data/edconvlstm_nd/pred2340.15i
     1.0            IONOSPHERE MAPS     GNSS                IONEX VERSION / TYPE
pyspatialgeodesy        IME             05-JAN-18 20:20     PGM / RUN BY / DATE 
Map Name                                                    COMMENT             
Predicted global ionosphere maps (GIM).                     DESCRIPTION         
  2015     8    22     0     0     0                        EPOCH OF FIRST MAP  
  2015     8    23     0     0     0                        EPOCH OF LAST MAP   
  7200                                                      INTERVAL            
    13                                                      # OF MAPS IN FILE   
  NONE                                                      MAPPING FUNCTION    
10.0                                                        ELEVATION CUTOFF    
One-way carrier phase leveled to code                       OBSERVABLES USED    
  6371.0                                                    BASE RADIUS         
 2                                                          MAP DIMENSION       
   450.0 450.0   0.0                                        HGT1 / HGT2 / DHGT  
    87.5 -87.5  -2.5                                        LAT1 / LAT2 / DLAT  
  -180.0 180.0   5.0                                        LON1 / LON2 / DLON  
    -1                                                      EXPONENT            
                                                            END OF HEADER       
[from data line 858]
     3                                                      START OF TEC MAP    
  2015     8    22     4     0     0                        EPOCH OF CURRENT MAP
    87.5-180.0 180.0   5.0 450.0                            LAT/LON1/LON2/DLON/H
  101  105  104  109  109  108  106  104  104  105  105  105  105  105  105  105
  104  103  103  102  101  100   99   97   96   95   94   93   92   91   90   89
   89   88   88   88   87   87   87   87   87   87   87   88   88   88   89   89
   90   90   91   91   91   92   92   92   92   93   93   93   93   93   93   94
   96   97   95   96  100  106  110  100  101                                   
    85.0-180.0 180.0   5.0 450.0                            LAT/LON1/LON2/DLON/H
   99  114  105  111  114  114  114  114  114  115  115  115  115  115  115  114
  113  113  112  110  109  108  106  105  103  102  100   99   97   96   95   94
   94   93   93   92   92   92   92   92   92   92   93   93   94   94   95   96
   97   97   98   99   99  100  100  101  101  101  102  102  102  102  102  103
  104  106  103  105  104  107  112  103   99                                   
    82.5-180.0 180.0   5.0 450.0                            LAT/LON1/LON2/DLON/H
  106  111  119  114  114  117  118  119  120  120  120  120  120  120  120  119
  118  117  115  114  112  110  108  106  103  101   99   98   96   95   93   92
   92   91   91   90   90   90   90   91   91   92   92   93   94   95   96   98
   99  100  101  102  103  104  105  106  106  106  106  107  107  106  106  107
  107  107  105  105  112  105  103   99  106                                   
    80.0-180.0 180.0   5.0 450.0                            LAT/LON1/LON2/DLON/H
  112  113  110  108  111  113  117  117  119  119  118  118  118  117  117  116
  115  113  112  110  108  105  103  100   97   94   92   90   88   86   85   84
   84   84   83   83   83   84   84   84   85   86   87   88   90   92   93   95
   97   99  101  102  103  105  106  106  107  107  107  107  107  107  106  106
  106  104  103  104  113  110  111  101  112                                   
    77.5-180.0 180.0   5.0 450.0                            LAT/LON1/LON2/DLON/H
  111  112  107  108  107  112  116  118  119  118  116  117  116  115  114  113
  112  110  109  107  104  102   99   96   92   89   86   84   82   80   79   78
   78   78   78   79   79   80   80   81   82   83   85   87   89   92   95   97
  100  103  105  107  109  111  112  113  113  114  114  113  113  112  111  110
  109  108  104  107  110  104  104  101  111                                   
    75.0-180.0 180.0   5.0 450.0                            LAT/LON1/LON2/DLON/H
  103  107  101  103  102  108  110  111  111  110  107  107  105  103  102  101
  100   99   98   96   94   91   88   85   81   78   75   72   70   69   68   68
   68   68   69   69   70   70   71   72   73   75   77   80   83   86   90   93
   96  100  102  105  107  109  110  111  112  113  113  113  112  111  110  109
  107  105  103   99  103  100  100   98  103                                   
    72.5-180.0 180.0   5.0 450.0                            LAT/LON1/LON2/DLON/H
   99  105  101  101  102  107  110  111  110  108  104  102   99   97   96   94
   94   93   92   91   90   88   85   81   78   74   71   68   66   65   65   65
   65   66   66   67   68   69   69   71   72   75   78   81   85   89   94   98
  101  105  107  110  112  113  115  116  117  118  118  119  118  117  117  116
  114  112  110  108  108  103  100   99   99                                   
    70.0-180.0 180.0   5.0 450.0                            LAT/LON1/LON2/DLON/H
  102  105  102  100  101  104  106  106  105  102   97   95   91   88   86   84
   84   84   84   83   82   80   77   74   71   67   64   62   61   60   59   60
   60   61   61   62   63   63   64   66   68   71   75   79   84   90   94   99
  103  106  108  110  111  113  114  115  117  118  119  120  120  120  120  120
  118  116  115  113  112  107  106  102  102                                   
    67.5-180.0 180.0   5.0 450.0                            LAT/LON1/LON2/DLON/H
  101  103  100   98   97  100  101  101   99   95   89   86   81   77   75   73
   73   73   73   73   72   71   68   65   62   59   57   55   54   53   53   53
   53   53   54   54   54   55   56   58   61   65   70   76   82   88   93   97
  101  103  104  105  106  106  107  109  110  112  113  115  116  116  117  118
  117  116  116  115  115  111  108  105  101                                   
    65.0-180.0 180.0   5.0 450.0                            LAT/LON1/LON2/DLON/H
  103  104   99   97   95   97   98   97   95   91   85   81   75   71   68   66
   65   65   65   65   64   63   61   58   56   54   52   51   50   50   49   49
   49   49   48   48   49   49   51   53   57   62   69   76   83   90   95   99
  102  103  103  103  102  102  103  104  106  108  110  112  113  115  116  118
  118  118  119  118  119  116  114  111  103                                   
    62.5-180.0 180.0   5.0 450.0                            LAT/LON1/LON2/DLON/H
  107  107  101   98   95   96   97   96   93   89   83   78   73   68   65   62
   60   59   59   58   57   55   53   52   50   49   48   48   48   48   47   47
   46   45   44   44   44   45   47   51   56   62   70   78   87   94  100  103
  105  104  103  102  101  101  101  102  104  106  108  111  113  114  116  118
  119  120  122  122  124  122  121  118  107                                   
    60.0-180.0 180.0   5.0 450.0                            LAT/LON1/LON2/DLON/H
  112  110  104   99   95   95   96   94   91   87   81   77   71   66   62   59
   57   55   53   51   49   47   45   44   44   44   44   45   46   46   45   44
   43   42   40   40   40   42   44   49   55   63   72   81   91   98  104  107
  107  106  104  103  101  101  101  102  104  106  108  110  112  114  116  118
  120  121  123  125  127  127  126  123  112                                   
    57.5-180.0 180.0   5.0 450.0                            LAT/LON1/LON2/DLON/H
  119  115  109  103   98   97   97   94   91   86   81   77   71   67   62   58
   55   52   48   45   42   40   38   38   38   39   41   42   44   45   44   43
   42   40   39   38   39   41   45   50   57   65   76   86   96  104  110  112
  112  111  109  107  106  106  106  107  108  110  112  114  115  117  118  120
  122  123  126  128  131  131  132  129  119                                   
    55.0-180.0 180.0   5.0 450.0                            LAT/LON1/LON2/DLON/H
  126  122  115  109  103  101  100   96   92   87   81   77   72   67   63   58
   54   49   45   41   37   34   33   33   34   35   38   40   42   44   44   43
   41   40   39   39   40   43   47   53   60   69   80   91  102  110  115  118
  118  116  115  114  113  114  114  115  116  117  118  119  121  122  123  124
  125  126  129  130  135  136  137  135  126                                   
    52.5-180.0 180.0   5.0 450.0                            LAT/LON1/LON2/DLON/H
  134  130  124  118  111  108  106  101   96   89   82   78   73   68   63   59
   54   49   44   39   35   32   31   31   32   34   37   40   42   43   44   43
   43   42   42   42   44   47   52   57   65   74   85   97  107  116  121  124
  124  123  123  123  124  125  126  126  126  126  126  127  128  128  129  130
  130  130  132  134  139  140  141  139  134                                   
    50.0-180.0 180.0   5.0 450.0                            LAT/LON1/LON2/DLON/H
  142  140  134  128  122  118  115  108  102   94   86   81   75   70   65   60
   55   50   45   40   36   33   33   33   35   37   39   41   43   45   46   46
   46   46   47   49   51   54   58   64   71   80   91  102  113  121  127  130
  132  132  133  134  136  138  138  138  136  135  134  134  135  135  136  137
  137  136  138  139  143  145  146  144  142                                   
    47.5-180.0 180.0   5.0 450.0                            LAT/LON1/LON2/DLON/H
  148  148  143  138  133  130  125  118  110  101   92   85   78   72   67   63
   58   54   49   45   41   39   39   39   41   42   43   44   46   47   49   50
   51   52   54   56   59   62   65   70   77   85   95  106  117  126  133  137
  140  141  144  146  149  150  150  148  145  142  140  140  140  141  143  144
  144  143  144  145  149  149  150  147  148                                   
    45.0-180.0 180.0   5.0 450.0                            LAT/LON1/LON2/DLON/H
  153  155  151  147  144  141  136  128  120  109   99   92   84   77   71   66
   62   59   55   52   49   48   48   49   50   50   49   49   50   51   53   56
   58   60   62   65   67   69   72   76   81   89   99  110  121  130  138  143
  147  151  154  157  160  161  160  157  152  148  145  144  145  146  148  150
  151  151  151  152  155  155  155  151  153                                   
    42.5-180.0 180.0   5.0 450.0                            LAT/LON1/LON2/DLON/H
  157  160  155  153  152  150  146  138  129  119  108  100   91   82   76   71
   67   65   63   61   59   59   59   60   61   59   57   56   56   57   59   62
   65   67   70   72   74   75   77   80   85   93  102  113  124  134  143  150
  155  159  162  166  169  169  168  164  158  153  150  149  149  150  152  155
  157  158  159  159  162  161  160  155  157                                   
    40.0-180.0 180.0   5.0 450.0                            LAT/LON1/LON2/DLON/H
  159  162  157  156  156  155  153  146  138  128  117  109   99   89   82   76
   73   71   70   69   68   69   70   71   71   69   66   63   62   64   66   69
   72   74   76   78   78   79   80   83   88   96  105  116  127  138  147  155
  161  165  169  173  175  176  174  170  165  160  157  155  155  156  157  161
  163  166  168  168  170  168  166  160  159                                   
    37.5-180.0 180.0   5.0 450.0                            LAT/LON1/LON2/DLON/H
  163  164  158  156  158  158  156  152  145  135  126  117  107   96   88   81
   78   76   76   75   76   77   79   80   80   77   74   71   70   71   73   76
   78   80   81   82   81   81   81   84   90   98  108  119  130  141  151  159
  166  171  175  178  182  183  182  180  176  172  169  167  166  165  166  168
  171  174  177  178  180  176  174  166  163                                   
    35.0-180.0 180.0   5.0 450.0                            LAT/LON1/LON2/DLON/H
  169  167  159  156  158  158  158  155  150  141  132  124  113  103   93   86
   82   80   80   80   80   82   84   86   86   84   81   78   77   79   81   83
   84   85   85   84   83   81   82   85   91  100  110  121  132  143  153  162
  169  175  179  184  188  192  193  193  191  189  188  186  183  180  179  180
  182  185  188  189  190  186  183  175  169                                   
    32.5-180.0 180.0   5.0 450.0                            LAT/LON1/LON2/DLON/H
  180  173  164  159  159  159  160  157  153  145  137  129  119  108   98   90
   85   82   82   82   83   85   88   90   91   90   87   85   85   86   88   89
   89   89   88   86   83   81   81   84   91  100  111  121  132  143  154  164
  172  178  184  190  197  203  208  211  212  213  213  211  208  202  198  196
  196  198  200  201  203  199  196  188  180                                   
    30.0-180.0 180.0   5.0 450.0                            LAT/LON1/LON2/DLON/H
  195  186  176  168  166  165  165  162  157  149  140  132  122  112  101   93
   87   83   82   82   84   87   90   94   95   95   93   92   92   93   94   94
   93   91   89   86   83   80   80   83   90  100  110  120  131  142  154  164
  174  182  189  198  208  218  227  233  238  242  244  242  238  230  222  217
  214  214  215  215  217  214  212  205  195                                   
    27.5-180.0 180.0   5.0 450.0                            LAT/LON1/LON2/DLON/H
  216  206  196  185  181  178  176  171  164  154  144  135  125  114  104   95
   88   83   82   83   85   89   94   98  100  100   99   99   99   99   99   97
   95   92   89   86   82   79   78   81   88   97  108  118  128  140  152  164
  176  186  196  208  222  236  249  259  268  273  277  276  271  261  251  242
  236  233  232  231  233  231  231  225  216                                   
    25.0-180.0 180.0   5.0 450.0                            LAT/LON1/LON2/DLON/H
  242  233  223  210  205  199  194  185  175  162  149  138  128  117  106   96
   88   84   82   84   88   93   99  103  105  106  105  104  103  102  101   98
   95   91   88   84   80   77   76   78   84   93  103  114  125  137  151  165
  178  191  205  220  238  255  272  286  297  305  309  309  304  294  282  271
  262  256  253  250  251  251  252  249  242                                   
    22.5-180.0 180.0   5.0 450.0                            LAT/LON1/LON2/DLON/H
  271  264  255  242  235  227  218  206  192  175  158  145  132  120  109   98
   90   85   84   87   93   99  106  110  112  111  110  108  106  103  100   96
   92   89   85   81   78   74   73   74   80   88   99  110  122  135  150  166
  182  198  215  233  254  274  294  310  323  332  337  338  334  325  314  302
  290  281  276  271  272  273  276  274  271                                   
    20.0-180.0 180.0   5.0 450.0                            LAT/LON1/LON2/DLON/H
  301  297  289  277  270  259  247  231  213  191  171  154  139  125  113  102
   93   88   88   92   99  107  114  119  119  117  113  110  106  101   97   92
   88   85   82   78   75   72   69   70   75   83   95  108  121  136  152  169
  187  206  225  246  268  291  312  329  343  353  358  361  359  353  343  332
  319  309  302  295  295  296  299  300  301                                   
    17.5-180.0 180.0   5.0 450.0                            LAT/LON1/LON2/DLON/H
  330  329  323  312  304  292  275  256  235  210  187  166  149  134  121  109
  100   95   95   99  107  116  123  126  125  121  115  109  104   98   92   87
   84   81   78   75   72   68   66   66   70   80   93  107  123  138  155  174
  194  214  235  257  279  302  324  343  357  367  374  378  379  376  369  360
  348  338  330  321  319  319  323  326  330                                   
    15.0-180.0 180.0   5.0 450.0                            LAT/LON1/LON2/DLON/H
  356  357  353  343  335  320  300  279  255  228  202  180  161  145  131  119
  110  105  105  109  116  124  129  131  128  122  115  107  100   93   87   83
   80   77   75   72   68   65   62   62   67   78   93  110  126  143  161  180
  200  221  243  264  287  309  331  350  366  377  384  390  393  394  391  385
  375  365  358  348  344  342  347  350  356                                   
    12.5-180.0 180.0   5.0 450.0                            LAT/LON1/LON2/DLON/H
  378  380  377  367  358  342  319  296  270  243  216  193  173  157  144  133
  123  118  117  120  125  130  133  132  127  120  112  104   96   89   84   80
   77   74   71   68   65   62   59   60   66   78   95  113  131  149  166  185
  206  227  248  269  290  312  334  355  372  384  392  399  405  409  409  406
  398  390  383  374  369  364  368  373  378                                   
    10.0-180.0 180.0   5.0 450.0                            LAT/LON1/LON2/DLON/H
  396  398  394  384  375  357  332  307  280  252  226  204  185  169  157  147
  139  133  131  131  132  133  132  129  123  116  107   99   92   86   81   78
   76   72   69   65   61   58   57   59   66   79   97  117  136  153  170  189
  209  231  251  271  291  313  336  358  377  390  399  407  414  420  423  421
  415  409  404  396  390  383  387  394  396                                   
     7.5-180.0 180.0   5.0 450.0                            LAT/LON1/LON2/DLON/H
  410  410  406  394  385  367  341  314  286  258  233  211  193  180  169  161
  154  149  145  141  137  133  129  123  117  110  102   94   88   84   81   78
