data/edconvlstm_nd/pred3640.15i
     1.0            IONOSPHERE MAPS     GNSS                IONEX VERSION / TYPE
pyspatialgeodesy        IME             05-JAN-18 20:20     PGM / RUN BY / DATE 
Map Name                                                    COMMENT             
Predicted global ionosphere maps (GIM).                     DESCRIPTION         
  2015    12    30     0     0     0                        EPOCH OF FIRST MAP  
  2015    12    31     0     0     0                        EPOCH OF LAST MAP   
  7200                                                      INTERVAL            
    13                                                      # OF MAPS IN FILE   
  NONE                                                      MAPPING FUNCTION    
10.0                                                        ELEVATION CUTOFF    
One-way carrier phase leveled to code                       OBSERVABLES USED    
  6371.0                                                    BASE RADIUS         
 2                                                          MAP DIMENSION       
   450.0 450.0   0.0                                        HGT1 / HGT2 / DHGT  
    87.5 -87.5  -2.5                                        LAT1 / LAT2 / DLAT  
  -180.0 180.0   5.0                                        LON1 / LON2 / DLON  
    -1                                                      EXPONENT            
                                                            END OF HEADER       
[from data line 3432]
     9                                                      START OF TEC MAP    
  2015    12    30    16     0     0                        EPOCH OF CURRENT MAP
    87.5-180.0 180.0   5.0 450.0                            LAT/LON1/LON2/DLON/H
   54   63   66   68   71   69   69   64   64   66   65   66   65   65   65   64
   64   63   62   61   60   59   58   57   56   55   54   53   53   52   52   51
   51   51   51   51   51   51   51   52   52   53   54   55   56   57   58   59
   60   61   62   63   64   64   65   65   66   66   66   66   66   66   66   66
   66   66   62   58   61   63   77   79   54                                   
    85.0-180.0 180.0   5.0 450.0                            LAT/LON1/LON2/DLON/H
   60   72   87   68   69   72   71   71   70   72   71   71   71   71   70   70
   70   69   69   68   67   66   65   64   63   62   61   60   59   58   58   57
   56   56   56   56   56   56   56   57   57   58   59   60   61   62   63   65
   66   67   68   69   70   71   72   73   73   74   74   74   75   75   75   74
   75   74   69   65   68   70   77   70   60                                   
    82.5-180.0 180.0   5.0 450.0                            LAT/LON1/LON2/DLON/H
   49   60   69   59   61   62   63   63   63   64   64   64   64   64   64   63
   63   62   61   61   60   58   57   56   55   53   52   51   50   49   48   47
   47   46   46   46   46   46   46   46   46   47   48   49   50   52   53   54
   56   57   59   60   62   63   64   65   65   66   66   67   67   67   67   66
   67   65   61   58   64   74   72   67   49                                   
    80.0-180.0 180.0   5.0 450.0                            LAT/LON1/LON2/DLON/H
   36   46   59   51   55   54   57   56   58   59   60   61   61   62   62   61
   61   60   59   58   57   55   53   52   50   48   47   45   44   43   42   41
   40   40   39   38   38   38   37   38   38   39   39   41   42   44   46   48
   50   51   53   55   57   58   59   60   61   61   62   62   62   61   61   60
   60   60   58   56   56   64   62   64   36                                   
    77.5-180.0 180.0   5.0 450.0                            LAT/LON1/LON2/DLON/H
   44   46   47   41   44   44   47   48   50   51   52   54   56   57   58   59
   60   60   59   58   57   55   53   51   48   46   44   42   40   38   36   35
   34   32   31   29   28   27   26   26   26   26   26   28   29   31   34   36
   39   41   44   46   48   50   51   52   53   53   53   53   53   52   51   50
   50   49   46   45   44   48   52   54   44                                   
    75.0-180.0 180.0   5.0 450.0                            LAT/LON1/LON2/DLON/H
   27   34   35   34   38   39   41   42   45   47   49   52   54   56   58   60
   62   63   63   62   61   59   57   54   51   49   46   44   41   39   38   36
   34   32   30   28   26   24   23   22   21   21   21   22   24   26   28   31
   34   37   39   42   43   45   46   47   47   47   47   47   47   46   46   45
   44   44   42   40   40   40   40   35   27                                   
    72.5-180.0 180.0   5.0 450.0                            LAT/LON1/LON2/DLON/H
   30   33   32   32   34   34   37   38   39   41   43   46   49   52   56   59
   62   64   65   65   65   63   61   59   56   52   49   46   44   41   39   37
   34   32   29   26   23   20   18   16   15   14   14   14   15   17   19   22
   25   27   30   31   33   34   35   35   36   36   36   37   37   37   36   36
   35   35   33   31   32   33   35   34   30                                   
    70.0-180.0 180.0   5.0 450.0                            LAT/LON1/LON2/DLON/H
   26   30   32   32   34   34   35   36   39   41   43   46   50   54   59   64
   68   72   75   77   77   77   75   73   69   66   62   58   55   52   49   46
   43   39   35   31   27   23   20   18   16   15   14   14   15   17   19   21
   23   25   27   28   29   29   30   30   31   32   33   34   35   35   36   36
   35   35   34   33   33   34   38   37   26                                   
    67.5-180.0 180.0   5.0 450.0                            LAT/LON1/LON2/DLON/H
   28   32   32   33   36   35   37   38   39   40   42   46   50   55   61   67
   72   78   82   85   87   88   87   85   82   78   73   69   65   61   58   54
   50   46   41   36   30   26   22   19   17   16   15   15   15   17   18   20
   22   23   23   23   23   23   24   24   25   26   28   30   32   33   34   35
   35   35   33   31   31   32   33   33   28                                   
    65.0-180.0 180.0   5.0 450.0                            LAT/LON1/LON2/DLON/H
   26   32   32   34   36   36   37   37   38   39   41   44   49   54   61   68
   75   82   88   93   97   99   99   97   94   90   85   80   76   72   68   63
   58   53   46   40   34   29   24   21   19   18   17   17   17   18   19   20
   20   20   20   19   19   18   18   19   20   23   25   28   31   33   35   36
   37   37   36   34   34   35   35   36   26                                   
    62.5-180.0 180.0   5.0 450.0                            LAT/LON1/LON2/DLON/H
   27   32   32   35   38   37   37   37   38   38   39   43   47   54   61   69
   77   85   92   99  104  107  108  107  104  100   95   90   86   81   77   72
   66   59   52   44   37   31   27   24   22   21   21   20   20   21   21   21
   20   19   18   16   15   14   14   16   18   21   24   27   31   33   35   37
   37   38   37   35   34   34   34   34   27                                   
    60.0-180.0 180.0   5.0 450.0                            LAT/LON1/LON2/DLON/H
   27   31   31   35   36   35   35   34   35   35   36   39   44   51   59   67
   76   85   93  100  106  110  112  111  109  105  101   97   93   89   85   80
   73   65   56   48   40   34   30   27   25   25   24   24   24   23   23   21
   20   18   15   13   12   11   11   13   16   19   23   27   30   33   35   36
   36   36   36   34   34   34   34   34   27                                   
    57.5-180.0 180.0   5.0 450.0                            LAT/LON1/LON2/DLON/H
   27   31   31   34   36   34   35   34   34   34   35   39   44   51   59   68
   77   86   95  102  108  113  115  115  114  111  108  105  102   99   96   91
   83   75   65   55   47   41   37   34   34   33   33   32   31   30   28   26
   23   20   17   14   13   12   13   15   18   23   27   31   33   35   36   37
   37   36   37   35   35   35   35   34   27                                   
    55.0-180.0 180.0   5.0 450.0                            LAT/LON1/LON2/DLON/H
   30   33   33   36   36   35   35   34   34   35   36   40   45   52   60   69
   78   87   96  103  109  114  117  117  117  115  114  112  111  110  107  102
   95   85   75   64   56   50   46   44   44   43   43   42   40   38   36   33
   29   25   21   18   16   16   17   20   24   29   33   36   38   39   39   38
   37   37   38   37   37   36   36   36   30                                   
    52.5-180.0 180.0   5.0 450.0                            LAT/LON1/LON2/DLON/H
   35   36   36   39   39   38   37   36   36   37   39   44   49   55   63   71
   80   89   97  104  110  115  118  119  119  119  119  120  120  120  118  113
  106   96   85   75   67   61   58   57   56   55   54   52   50   48   45   42
   38   33   29   26   24   24   26   30   34   39   42   45   45   44   43   42
   40   40   41   41   41   41   41   40   35                                   
    50.0-180.0 180.0   5.0 450.0                            LAT/LON1/LON2/DLON/H
   42   42   42   44   44   43   42   41   42   43   46   51   56   62   68   76
   84   92  100  107  113  117  120  122  123  124  126  127  128  128  126  122
  114  105   94   85   78   73   71   70   69   67   65   63   60   57   55   51
   48   44   40   36   35   36   38   42   47   51   53   54   53   51   48   47
   45   45   47   47   47   47   47   46   42                                   
    47.5-180.0 180.0   5.0 450.0                            LAT/LON1/LON2/DLON/H
   51   50   49   52   50   50   48   48   49   52   56   61   65   70   76   82
   90   98  105  112  117  121  124  126  128  130  132  134  134  134  131  126
  119  110  101   93   88   84   83   81   80   77   75   72   69   66   63   61
   58   54   51   48   47   48   52   56   60   62   63   62   60   57   54   53
   51   51   53   54   55   55   55   54   51                                   
    45.0-180.0 180.0   5.0 450.0                            LAT/LON1/LON2/DLON/H
   60   58   56   60   58   57   55   56   59   63   68   73   77   81   85   90
   97  104  111  118  123  126  130  132  135  137  139  139  138  136  131  126
  118  111  104   99   95   94   92   91   88   85   81   77   74   72   70   68
   66   64   61   59   58   60   63   67   70   71   70   68   65   62   60   59
   58   58   60   61   62   63   63   61   60                                   
    42.5-180.0 180.0   5.0 450.0                            LAT/LON1/LON2/DLON/H
   65   63   61   65   63   62   61   64   68   75   81   87   91   93   96  100
  106  112  119  125  130  134  137  140  143  145  146  144  140  135  129  122
  116  110  106  103  102  101  101   98   94   90   85   81   78   76   75   73
   72   70   68   66   66   68   71   74   75   75   73   70   68   65   64   64
   63   64   65   65   66   68   68   66   65                                   
    40.0-180.0 180.0   5.0 450.0                            LAT/LON1/LON2/DLON/H
   66   64   61   67   65   65   64   68   75   84   93  100  104  106  108  110
  115  121  127  133  138  141  145  148  151  153  152  148  142  134  126  120
  115  112  111  110  110  111  109  105  100   94   88   84   81   79   77   76
   75   74   72   71   70   72   74   76   76   75   73   70   68   67   67   67
   67   66   67   66   66   68   67   67   66                                   
    37.5-180.0 180.0   5.0 450.0                            LAT/LON1/LON2/DLON/H
   63   60   58   64   64   64   64   70   79   91  102  111  116  118  119  122
  125  130  136  141  146  150  154  157  160  161  158  153  145  136  129  125
  123  123  124  125  125  124  121  115  108  100   93   88   85   82   80   79
   78   76   74   73   72   72   74   75   74   73   70   67   66   66   67   68
   68   67   66   64   62   63   62   63   63                                   
    35.0-180.0 180.0   5.0 450.0                            LAT/LON1/LON2/DLON/H
   57   54   52   59   59   60   62   69   80   95  109  120  127  130  132  133
  136  140  144  149  154  158  162  165  167  168  165  160  152  146  143  143
  145  148  150  151  150  147  140  131  121  111  102   96   92   88   85   83
   81   80   77   75   74   73   73   73   72   69   67   65   64   65   67   68
   67   64   63   59   56   56   54   58   57                                   
    32.5-180.0 180.0   5.0 450.0                            LAT/LON1/LON2/DLON/H
   49   47   46   52   53   54   58   67   80   96  113  127  136  141  143  145
  147  149  153  157  162  165  168  171  173  174  173  170  167  167  170  176
  184  190  192  191  186  178  167  154  141  128  118  110  104   99   95   92
   89   87   84   81   79   77   75   74   72   69   65   64   63   64   66   67
   65   62   59   55   51   49   47   52   49                                   
    30.0-180.0 180.0   5.0 450.0                            LAT/LON1/LON2/DLON/H
   44   43   42   47   49   50   54   63   78   95  114  131  143  150  154  156
  157  159  161  165  168  171  173  175  178  180  183  185  190  198  210  224
  237  246  247  241  231  217  202  185  168  153  140  130  122  115  110  105
  103  100   97   94   90   86   83   80   76   72   68   66   66   66   67   67
   65   61   57   53   49   46   43   49   44                                   
    27.5-180.0 180.0   5.0 450.0                            LAT/LON1/LON2/DLON/H
   43   42   41   46   47   48   53   61   76   94  114  132  147  157  163  165
  167  167  168  171  173  175  176  178  181  186  194  205  219  238  260  282
  300  309  308  297  280  260  240  220  200  182  167  155  145  136  130  125
  122  120  117  113  108  102   97   91   86   80   76   73   72   71   71   70
   67   62   59   54   51   47   45   49   43                                   
    25.0-180.0 180.0   5.0 450.0                            LAT/LON1/LON2/DLON/H
   47   46   45   48   49   50   54   62   76   93  113  132  149  161  169  173
  174  174  175  176  177  177  177  178  183  192  207  227  253  282  313  342
  364  373  367  350  326  301  277  255  233  214  197  182  170  160  153  148
  146  144  142  138  131  124  116  108  100   93   88   84   82   80   78   76
   72   67   64   60   58   53   51   53   47                                   
    22.5-180.0 180.0   5.0 450.0                            LAT/LON1/LON2/DLON/H
   54   53   51   53   54   55   59   66   78   94  113  132  149  163  173  178
  181  180  180  180  179  179  178  179  186  200  222  251  286  324  362  396
  419  425  415  392  363  334  308  285  264  243  225  208  195  183  176  171
  170  169  168  163  157  148  138  128  118  109  102   97   93   90   88   84
   79   75   71   68   67   63   60   59   54                                   
    20.0-180.0 180.0   5.0 450.0                            LAT/LON1/LON2/DLON/H
   63   61   57   59   61   62   65   72   83   98  115  133  150  165  176  183
  186  186  185  184  182  181  180  183  192  211  239  275  316  360  401  435
  455  457  442  415  383  354  329  307  287  267  248  230  215  203  195  191
  190  190  189  185  178  169  157  145  134  123  115  109  105  101   97   93
   87   84   79   76   77   73   69   66   63                                   
    17.5-180.0 180.0   5.0 450.0                            LAT/LON1/LON2/DLON/H
   70   67   61   64   66   68   73   80   91  105  121  138  154  169  180  188
  192  193  192  189  187  185  185  190  202  225  257  297  341  385  425  454
  468  465  445  417  386  360  339  321  303  284  264  245  229  216  208  204
  203  204  203  199  191  181  169  157  144  134  125  119  114  110  105  101
   95   91   86   83   84   81   76   72   70                                   
    15.0-180.0 180.0   5.0 450.0                            LAT/LON1/LON2/DLON/H
   73   69   62   66   69   72   79   88  100  115  130  146  162  177  188  197
  202  203  202  199  195  194  195  202  218  243  277  317  360  400  433  454
  460  451  430  403  377  356  340  327  313  295  276  256  238  224  215  210
  209  208  206  201  193  183  172  160  149  139  131  125  121  116  111  107
  100   96   90   87   88   84   80   75   73                                   
    12.5-180.0 180.0   5.0 450.0                            LAT/LON1/LON2/DLON/H
   72   66   60   65   69   73   84   95  110  126  143  160  175  190  202  211
  217  218  217  213  209  208  212  221  239  265  299  335  372  404  427  439
  438  426  405  383  363  349  340  331  320  304  285  263  244  228  217  211
  207  204  201  194  186  177  167  158  149  141  134  129  125  121  116  111
  103   98   91   88   88   84   79   75   72                                   
    10.0-180.0 180.0   5.0 450.0                            LAT/LON1/LON2/DLON/H
   67   61   56   62   67   73   87  101  119  139  158  176  193  208  221  231
  237  240  238  234  230  230  235  247  266  291  320  351  379  401  414  418
  412  399  382  366  353  347  343  339  330  315  295  272  251  233  219  210
  203  198  192  185  177  169  162  156  150  144  139  134  130  126  121  115
  107  101   93   87   86   82   76   74   67                                   
     7.5-180.0 180.0   5.0 450.0                            LAT/LON1/LON2/DLON/H
   63   56   53   59   65   73   90  107  129  151  174  195  214  230  244  255
  263  266  265  261  257  257  264  277  296  318  342  364  382  395  400  398
