data/edconvlstm_nd/pred3020.15i
     1.0            IONOSPHERE MAPS     GNSS                IONEX VERSION / TYPE
pyspatialgeodesy        IME             05-JAN-18 20:20     PGM / RUN BY / DATE 
Map Name                                                    COMMENT             
Predicted global ionosphere maps (GIM).                     DESCRIPTION         
  2015    10    29     0     0     0                        EPOCH OF FIRST MAP  
  2015    10    30     0     0     0                        EPOCH OF LAST MAP   
  7200                                                      INTERVAL            
    13                                                      # OF MAPS IN FILE   
  NONE                                                      MAPPING FUNCTION    
10.0                                                        ELEVATION CUTOFF    
One-way carrier phase leveled to code                       OBSERVABLES USED    
  6371.0                                                    BASE RADIUS         
 2                                                          MAP DIMENSION       
   450.0 450.0   0.0                                        HGT1 / HGT2 / DHGT  
    87.5 -87.5  -2.5                                        LAT1 / LAT2 / DLAT  
  -180.0 180.0   5.0                                        LON1 / LON2 / DLON  
    -1                                                      EXPONENT            
                                                            END OF HEADER       
[from data line 2574]
     7                                                      START OF TEC MAP    
  2015    10    29    12     0     0                        EPOCH OF CURRENT MAP
    87.5-180.0 180.0   5.0 450.0                            LAT/LON1/LON2/DLON/H
   43   51   50   54   58   57   57   55   56   59   59   61   62   62   63   64
   64   64   65   65   65   65   65   65   65   64   64   64   64   63   63   62
   62   61   60   59   58   57   56   55   54   52   51   50   49   48   47   46
   45   44   44   43   43   42   42   42   42   42   42   42   42   42   42   43
   44   45   43   41   45   46   60   67   43                                   
    85.0-180.0 180.0   5.0 450.0                            LAT/LON1/LON2/DLON/H
   36   54   62   54   56   60   61   62   64   66   67   68   69   69   70   70
   71   71   71   71   71   71   71   71   71   71   71   71   71   71   71   70
   70   69   68   67   66   65   64   62   60   59   57   55   54   52   51   49
   48   47   46   46   45   45   45   45   45   45   46   46   47   47   48   48
   50   51   47   45   48   51   56   55   36                                   
    82.5-180.0 180.0   5.0 450.0                            LAT/LON1/LON2/DLON/H
   21   41   50   46   47   50   52   54   56   58   59   61   62   63   64   64
   65   65   65   66   66   66   66   67   67   68   69   70   70   71   72   72
   73   73   73   72   72   71   69   68   66   63   61   59   56   54   52   50
   48   46   45   43   42   42   41   41   40   41   41   41   41   41   42   42
   43   44   41   40   45   49   44   44   21                                   
    80.0-180.0 180.0   5.0 450.0                            LAT/LON1/LON2/DLON/H
   18   31   42   40   42   43   45   47   51   53   55   58   59   60   61   61
   62   62   62   62   62   63   63   64   65   67   69   70   73   75   77   78
   80   81   82   83   83   82   81   79   77   75   72   69   66   62   59   56
   53   50   48   46   45   43   42   41   41   40   40   40   40   40   40   40
   41   40   39   38   41   45   42   45   18                                   
    77.5-180.0 180.0   5.0 450.0                            LAT/LON1/LON2/DLON/H
   26   33   36   34   35   37   40   42   46   49   51   54   56   58   59   60
   61   61   61   61   61   62   63   64   66   69   72   75   78   82   86   89
   93   96   98  100  101  102  101  100   98   95   92   88   84   80   76   72
   68   64   61   58   56   53   51   49   48   47   46   46   45   44   43   43
   42   40   39   38   38   35   36   42   26                                   
    75.0-180.0 180.0   5.0 450.0                            LAT/LON1/LON2/DLON/H
   19   27   26   29   30   33   34   37   41   44   47   50   53   55   56   58
   58   59   59   59   60   61   63   65   68   72   76   80   86   91   96  101
  106  111  115  118  121  123  123  123  122  120  117  113  109  104  100   95
   90   85   81   77   73   69   65   62   60   58   56   55   53   52   50   49
   47   44   42   39   40   34   33   31   19                                   
    72.5-180.0 180.0   5.0 450.0                            LAT/LON1/LON2/DLON/H
   19   24   22   24   24   28   30   32   36   39   42   46   48   51   53   55
   56   56   57   58   59   60   63   66   70   75   80   86   93  100  106  113
  120  126  131  136  141  144  146  147  147  146  143  140  136  131  126  120
  114  108  102   96   90   84   79   74   70   67   64   62   60   58   56   54
   51   48   46   42   42   36   34   35   19                                   
    70.0-180.0 180.0   5.0 450.0                            LAT/LON1/LON2/DLON/H
   20   22   21   25   24   26   27   30   33   37   39   43   46   48   50   52
   54   55   56   57   59   62   65   70   75   81   88   95  103  110  118  125
  133  140  146  152  157  162  165  167  168  167  166  163  158  153  148  141
  134  126  118  110  102   94   86   80   74   70   67   64   62   61   59   58
   55   52   50   45   44   39   40   40   20                                   
    67.5-180.0 180.0   5.0 450.0                            LAT/LON1/LON2/DLON/H
   22   24   24   27   26   28   29   31   33   36   38   41   44   46   49   50
   52   53   55   57   59   63   68   73   80   87   95  103  111  119  127  134
  142  149  156  162  167  172  176  179  180  180  178  176  171  166  159  152
  143  134  124  114  104   94   85   77   71   66   63   61   60   59   58   58
   56   54   53   47   47   43   43   41   22                                   
    65.0-180.0 180.0   5.0 450.0                            LAT/LON1/LON2/DLON/H
   25   29   28   32   30   32   32   33   34   36   38   40   42   44   46   48
   49   51   52   55   59   63   69   76   84   93  102  111  119  128  136  143
  151  157  164  170  175  180  184  186  188  188  187  184  179  173  165  156
  146  135  123  111   99   88   78   69   62   58   54   53   52   52   53   54
   54   53   53   49   50   48   48   48   25                                   
    62.5-180.0 180.0   5.0 450.0                            LAT/LON1/LON2/DLON/H
   30   34   33   36   35   36   35   35   35   36   37   39   40   42   43   45
   46   47   48   51   55   61   69   78   87   97  107  116  125  134  142  150
  157  164  169  175  179  183  186  189  190  190  188  185  180  173  164  153
  142  129  115  102   89   77   67   58   52   47   44   43   43   44   45   47
   48   48   50   48   50   49   50   51   30                                   
    60.0-180.0 180.0   5.0 450.0                            LAT/LON1/LON2/DLON/H
   35   39   38   41   39   39   37   37   36   36   36   37   37   38   39   40
   40   41   42   45   50   57   66   76   87   98  109  120  130  139  147  155
  162  169  174  178  182  185  187  188  189  188  186  183  177  169  159  148
  134  120  106   92   79   67   57   50   44   40   38   37   36   37   38   40
   41   42   45   45   49   49   50   51   35                                   
    57.5-180.0 180.0   5.0 450.0                            LAT/LON1/LON2/DLON/H
   40   44   43   45   43   43   41   39   38   37   36   36   36   36   36   36
   36   36   37   40   46   54   64   76   88  101  113  124  135  145  154  163
  171  177  182  186  188  190  191  192  192  191  189  185  179  170  160  147
  134  119  104   90   78   67   59   52   47   44   42   40   39   38   39   40
   40   41   45   45   50   50   51   53   40                                   
    55.0-180.0 180.0   5.0 450.0                            LAT/LON1/LON2/DLON/H
   47   50   49   50   48   47   45   43   41   40   38   37   36   36   35   34
   33   33   34   37   44   52   64   77   91  104  117  129  141  151  162  172
  180  187  192  196  198  198  198  198  198  197  194  191  185  176  166  153
  139  125  111   98   86   77   70   65   61   58   55   53   50   48   46   46
   45   46   49   49   54   54   55   55   47                                   
    52.5-180.0 180.0   5.0 450.0                            LAT/LON1/LON2/DLON/H
   55   57   55   56   54   54   52   49   47   45   43   41   39   38   36   35
   33   33   34   38   45   55   68   82   96  110  124  136  147  159  170  181
  191  199  204  208  210  210  209  209  208  207  205  201  195  187  177  165
  152  139  126  114  104   96   90   86   83   80   77   74   70   66   62   59
   57   56   58   59   62   62   62   61   55                                   
    50.0-180.0 180.0   5.0 450.0                            LAT/LON1/LON2/DLON/H
   65   65   63   63   62   63   61   58   56   53   50   48   45   43   41   39
   38   37   39   44   52   63   76   91  105  119  132  144  155  166  178  189
  200  209  216  221  223  223  223  223  222  220  218  214  208  201  191  181
  169  158  146  135  126  119  114  110  107  104  101   97   93   87   82   77
   74   72   73   72   75   75   74   70   65                                   
    47.5-180.0 180.0   5.0 450.0                            LAT/LON1/LON2/DLON/H
   74   74   71   72   71   73   71   69   67   64   60   57   54   51   49   47
   46   46   49   54   64   75   89  103  117  130  141  152  162  173  184  196
  207  217  226  232  236  238  238  238  237  235  232  228  222  214  205  195
  185  175  165  156  147  139  134  130  127  124  121  117  112  107  101   96
   91   89   88   87   90   89   88   83   74                                   
    45.0-180.0 180.0   5.0 450.0                            LAT/LON1/LON2/DLON/H
   81   82   78   80   79   82   81   79   78   75   72   68   65   62   59   58
   57   58   61   69   79   91  103  117  129  141  151  160  169  178  188  199
  211  222  233  241  248  251  253  254  253  250  246  240  232  224  214  205
  196  187  178  169  160  151  144  139  136  133  131  127  123  118  113  109
  105  102  101  100  102  103  102   96   81                                   
    42.5-180.0 180.0   5.0 450.0                            LAT/LON1/LON2/DLON/H
   84   86   83   86   85   88   88   88   87   86   82   79   76   73   71   69
   69   71   76   84   94  106  118  129  141  151  160  167  174  181  189  200
  212  225  238  249  258  265  269  270  269  265  259  251  241  230  219  209
  200  192  183  173  162  152  144  138  133  131  129  126  124  120  117  113
  110  108  108  106  109  111  110  104   84                                   
    40.0-180.0 180.0   5.0 450.0                            LAT/LON1/LON2/DLON/H
   82   85   83   87   87   90   91   92   93   93   90   88   86   83   81   80
   80   83   89   97  108  119  129  140  149  159  167  173  178  184  191  201
  213  228  243  258  270  279  285  287  286  282  274  263  250  236  223  212
  202  193  183  172  160  147  137  129  124  121  120  118  116  114  112  110
  108  106  106  104  107  109  109  105   82                                   
    37.5-180.0 180.0   5.0 450.0                            LAT/LON1/LON2/DLON/H
   75   80   78   83   84   87   89   92   94   96   95   95   93   92   90   89
   89   92   99  108  118  128  138  146  155  164  172  178  183  188  195  205
  218  234  252  270  285  297  305  309  308  303  294  281  266  249  233  219
  208  197  186  174  160  146  134  125  119  115  113  110  108  106  104  102
  100   98   98   96   98  100   99   97   75                                   
    35.0-180.0 180.0   5.0 450.0                            LAT/LON1/LON2/DLON/H
   67   72   71   75   76   79   82   87   91   95   97   98   98   98   97   96
   96   99  105  115  125  135  143  151  159  168  176  183  189  195  203  215
  230  248  268  288  306  321  331  336  337  332  323  310  293  274  256  240
  227  215  203  189  174  159  145  135  128  123  119  115  110  106  102   99
   95   91   89   86   87   86   86   86   67                                   
    32.5-180.0 180.0   5.0 450.0                            LAT/LON1/LON2/DLON/H
   60   66   64   67   67   70   73   78   85   91   95   99  101  101  101   99
   99  102  109  119  130  139  146  153  162  171  181  190  198  207  218  232
  250  271  293  315  334  351  363  370  373  371  364  351  335  316  296  279
  264  250  237  223  207  192  179  168  160  153  146  138  130  122  114  107
  100   92   88   81   80   76   76   76   60                                   
    30.0-180.0 180.0   5.0 450.0                            LAT/LON1/LON2/DLON/H
   58   62   59   60   60   61   64   69   77   84   91   97  100  102  102  100
  100  103  111  122  133  142  149  157  165  175  186  198  210  224  240  258
  279  302  325  348  369  387  401  411  416  418  414  405  391  373  354  336
  320  305  291  276  261  247  235  224  215  206  196  184  171  158  145  132
  119  107   98   86   82   74   74   71   58                                   
    27.5-180.0 180.0   5.0 450.0                            LAT/LON1/LON2/DLON/H
   62   64   58   58   57   57   59   63   70   77   85   92   97  100  100   99
   99  103  112  124  136  146  154  161  170  181  193  208  225  244  265  289
  314  339  364  387  408  426  441  453  463  469  470  466  457  442  425  408
  391  375  361  347  334  322  311  300  289  277  264  248  230  211  192  173
  154  137  122  105   97   84   80   74   62                                   
    25.0-180.0 180.0   5.0 450.0                            LAT/LON1/LON2/DLON/H
   73   71   62   62   61   59   59   61   66   72   79   86   91   95   96   95
   96  101  112  126  139  151  160  168  177  187  201  218  240  265  294  323
  352  380  405  428  447  464  480  494  507  518  526  529  525  516  503  487
  471  454  440  427  416  406  396  384  370  355  338  319  297  273  248  224
  200  180  158  136  124  105   97   85   73                                   
    22.5-180.0 180.0   5.0 450.0                            LAT/LON1/LON2/DLON/H
   91   86   73   72   70   67   66   64   66   70   74   80   84   88   89   89
   92   99  112  128  143  157  167  175  184  194  209  229  255  287  322  357
  389  418  443  463  480  495  510  526  542  558  572  582  585  582  573  560
  544  528  513  501  491  482  470  456  439  420  400  379  355  329  302  275
  248  226  199  176  159  136  121  106   91                                   
    20.0-180.0 180.0   5.0 450.0                            LAT/LON1/LON2/DLON/H
  114  106   90   87   84   79   77   72   71   71   72   75   78   80   81   83
   88   97  112  130  147  162  173  182  191  202  218  241  271  307  347  386
  420  449  471  488  502  515  528  545  564  584  602  617  625  626  621  609
  595  578  563  550  540  529  515  496  474  451  431  410  389  364  338  312
  287  267  239  217  196  170  150  133  114                                   
    17.5-180.0 180.0   5.0 450.0                            LAT/LON1/LON2/DLON/H
  138  128  110  104   99   93   90   83   77   74   72   72   72   74   75   78
   84   96  113  132  151  166  178  188  198  211  229  254  287  326  368  407
  441  468  487  501  511  521  534  551  571  592  613  630  640  643  638  628
  613  597  581  567  555  540  521  497  469  444  423  406  389  370  349  328
  308  292  268  250  228  201  179  162  138                                   
    15.0-180.0 180.0   5.0 450.0                            LAT/LON1/LON2/DLON/H
  157  148  130  122  113  106  102   92   84   78   73   71   70   70   71   75
   83   96  114  135  154  170  182  194  207  222  242  269  303  343  383  421
  453  476  492  502  510  519  531  548  568  589  608  623  632  634  629  619
  604  588  572  556  541  522  497  466  434  406  386  373  362  350  336  321
  308  299  281  268  248  223  202  186  157                                   
    12.5-180.0 180.0   5.0 450.0                            LAT/LON1/LON2/DLON/H
  170  162  147  137  127  117  112  101   90   81   75   72   69   69   70   74
   83   98  118  138  157  173  187  201  217  236  259  287  321  358  396  429
  456  476  489  497  505  513  526  542  560  579  594  606  611  610  604  594
  580  564  547  530  511  487  457  421  385  355  336  326  322  316  309  300
  292  289  280  272  256  234  216  200  170                                   
    10.0-180.0 180.0   5.0 450.0                            LAT/LON1/LON2/DLON/H
  176  170  158  147  137  126  120  108   95   86   79   75   72   70   71   76
   86  102  122  143  161  177  193  210  230  253  279  308  340  374  406  434
  456  472  484  492  499  509  522  538  555  570  581  588  589  586  578  568
  555  539  523  504  482  454  419  380  341  310  291  285  285  284  281  276
  272  273  269  265  254  236  220  205  176                                   
     7.5-180.0 180.0   5.0 450.0                            LAT/LON1/LON2/DLON/H
  179  175  165  152  144  132  126  113  100   91   84   79   76   74   75   80
   90  107  128  148  166  183  201  221  245  272  301  331  361  390  416  438
