data/edconvlstm_nd/pred2690.15i
     1.0            IONOSPHERE MAPS     GNSS                IONEX VERSION / TYPE
pyspatialgeodesy        IME             05-JAN-18 20:20     PGM / RUN BY / DATE 
Map Name                                                    COMMENT             
Predicted global ionosphere maps (GIM).                     DESCRIPTION         
  2015     9    26     0     0     0                        EPOCH OF FIRST MAP  
  2015     9    27     0     0     0                        EPOCH OF LAST MAP   
  7200                                                      INTERVAL            
    13                                                      # OF MAPS IN FILE   
  NONE                                                      MAPPING FUNCTION    
10.0                                                        ELEVATION CUTOFF    
One-way carrier phase leveled to code                       OBSERVABLES USED    
  6371.0                                                    BASE RADIUS         
 2                                                          MAP DIMENSION       
   450.0 450.0   0.0                                        HGT1 / HGT2 / DHGT  
    87.5 -87.5  -2.5                                        LAT1 / LAT2 / DLAT  
  -180.0 180.0   5.0                                        LON1 / LON2 / DLON  
    -1                                                      EXPONENT            
                                                            END OF HEADER       
[from data line 3432]
     9                                                      START OF TEC MAP    
  2015     9    26    16     0     0                        EPOCH OF CURRENT MAP
    87.5-180.0 180.0   5.0 450.0                            LAT/LON1/LON2/DLON/H
  112  121  118  125  129  130  130  128  129  132  132  133  134  135  135  136
  136  136  136  135  135  134  133  132  131  130  128  127  125  124  122  121
  119  118  116  115  113  112  111  110  109  108  108  108  108  108  108  109
  110  110  111  112  113  114  115  115  116  116  117  117  117  118  118  118
  118  118  116  114  120  117  129  123  112                                   
    85.0-180.0 180.0   5.0 450.0                            LAT/LON1/LON2/DLON/H
  115  117  129  118  119  125  126  129  130  133  133  135  136  137  137  138
  138  138  138  137  136  136  135  133  132  131  129  128  126  124  122  120
  118  116  114  112  110  109  107  106  105  104  103  103  103  103  104  104
  105  106  108  109  110  111  112  113  114  115  115  115  116  116  116  116
  116  116  112  108  108  108  114  115  115                                   
    82.5-180.0 180.0   5.0 450.0                            LAT/LON1/LON2/DLON/H
   98  103  108  103  106  113  117  120  122  126  127  130  131  133  134  134
  135  135  135  134  133  132  131  130  129  127  126  124  122  120  117  115
  112  109  107  104  101   98   96   94   92   90   89   88   88   88   89   90
   91   93   95   97   98  100  102  103  104  105  105  105  105  105  104  104
  104  102   98   97   97  104   98   96   98                                   
    80.0-180.0 180.0   5.0 450.0                            LAT/LON1/LON2/DLON/H
   76   77   87   85   88   91   98  104  108  113  116  120  122  124  126  127
  128  128  127  127  126  125  124  123  122  121  119  117  115  113  110  107
  104  100   97   93   89   86   82   79   76   74   72   71   70   71   72   73
   75   77   80   82   85   87   89   90   91   92   92   91   90   89   88   86
   85   84   81   80   76   79   78   80   76                                   
    77.5-180.0 180.0   5.0 450.0                            LAT/LON1/LON2/DLON/H
   67   64   69   69   73   79   86   93   99  104  108  114  117  120  123  124
  125  126  126  126  126  126  126  125  125  124  123  122  120  118  116  113
  109  105  100   95   90   85   80   75   70   67   64   62   61   60   61   63
   65   67   70   74   77   79   81   83   84   84   83   82   80   78   75   73
   71   68   66   65   65   63   62   68   67                                   
    75.0-180.0 180.0   5.0 450.0                            LAT/LON1/LON2/DLON/H
   53   53   55   58   63   70   76   84   91   98  103  109  113  117  120  122
  124  125  125  126  127  128  129  129  130  130  130  129  128  126  124  121
  117  113  108  103   97   90   84   79   73   68   65   62   60   59   59   61
   62   65   68   71   73   76   78   79   79   79   77   75   73   70   68   65
   62   60   59   55   55   52   51   49   53                                   
    72.5-180.0 180.0   5.0 450.0                            LAT/LON1/LON2/DLON/H
   49   48   49   55   58   65   73   80   86   94  100  107  112  116  120  122
  124  126  127  129  131  133  135  137  139  140  141  140  139  138  135  132
  128  124  118  112  105   98   91   84   77   71   67   63   60   58   58   58
   59   61   63   65   67   69   70   71   71   70   69   67   65   63   60   58
   55   53   52   49   49   48   47   49   49                                   
    70.0-180.0 180.0   5.0 450.0                            LAT/LON1/LON2/DLON/H
   49   48   49   54   56   61   68   76   83   91   98  105  111  116  119  122
  125  127  130  133  136  140  144  147  149  151  151  151  150  148  145  142
  138  133  127  121  114  106   99   91   84   78   73   69   66   63   61   60
   60   60   60   61   62   62   63   63   62   62   61   60   58   57   55   54
   52   50   51   49   49   48   49   52   49                                   
    67.5-180.0 180.0   5.0 450.0                            LAT/LON1/LON2/DLON/H
   52   52   51   57   59   64   70   78   85   93  100  108  114  119  123  126
  129  133  136  140  145  150  155  159  162  163  163  162  160  158  155  151
  147  142  136  129  121  113  105   98   91   85   80   76   72   69   66   64
   62   60   59   58   57   56   56   56   56   56   56   56   56   55   55   54
   53   53   53   52   51   51   50   51   52                                   
    65.0-180.0 180.0   5.0 450.0                            LAT/LON1/LON2/DLON/H
   53   54   52   58   59   63   69   76   83   92   99  107  114  119  123  127
  131  134  139  144  150  156  163  167  170  172  171  170  167  164  161  158
  153  148  141  134  125  117  109  102   96   91   87   83   79   75   71   67
   63   59   56   53   50   48   47   47   47   48   49   50   51   52   52   53
   52   53   54   54   54   54   54   55   53                                   
    62.5-180.0 180.0   5.0 450.0                            LAT/LON1/LON2/DLON/H
   52   52   51   56   57   62   67   74   82   90   97  106  113  119  123  127
  131  135  140  146  153  160  167  172  175  177  176  174  172  169  166  163
  158  152  145  137  128  119  111  104   99   95   91   88   84   80   75   69
   63   57   52   47   44   41   40   40   41   42   44   47   48   50   51   51
   51   51   52   52   52   52   52   53   52                                   
    60.0-180.0 180.0   5.0 450.0                            LAT/LON1/LON2/DLON/H
   47   47   46   52   53   57   63   70   77   85   93  101  109  115  120  124
  128  132  137  143  150  158  165  171  175  177  177  176  175  174  172  169
  165  159  151  141  131  121  113  106  101   98   95   92   88   83   77   70
   63   56   49   44   40   37   36   36   38   40   43   45   47   48   49   48
   47   46   47   46   47   47   48   49   47                                   
    57.5-180.0 180.0   5.0 450.0                            LAT/LON1/LON2/DLON/H
   39   41   41   46   48   53   59   66   74   81   89   97  105  112  117  122
  125  129  133  139  146  154  162  168  173  176  178  179  181  182  182  180
  177  170  161  150  139  128  119  112  108  105  102   99   95   90   83   75
   67   59   52   46   42   40   39   40   42   44   46   48   50   50   49   47
   45   43   42   41   42   42   42   44   39                                   
    55.0-180.0 180.0   5.0 450.0                            LAT/LON1/LON2/DLON/H
   33   36   37   42   45   51   58   65   72   79   86   94  101  108  114  119
  122  126  129  134  141  148  156  164  170  175  179  184  188  192  195  195
  192  185  175  163  150  139  130  123  118  115  112  108  104   97   90   81
   73   65   58   53   50   48   48   49   51   53   54   55   55   53   51   48
   44   41   39   37   38   37   38   40   33                                   
    52.5-180.0 180.0   5.0 450.0                            LAT/LON1/LON2/DLON/H
   31   34   36   42   45   52   60   67   74   80   86   93   99  106  112  117
  121  124  126  130  136  143  152  160  168  175  182  190  197  204  209  211
  208  201  190  178  165  154  144  137  132  128  125  120  115  107   99   91
   82   75   70   66   63   62   63   64   65   66   66   65   63   60   57   52
   47   43   41   39   39   38   38   40   31                                   
    50.0-180.0 180.0   5.0 450.0                            LAT/LON1/LON2/DLON/H
   34   38   40   46   49   58   66   74   81   86   91   96  101  107  113  118
  122  124  127  130  135  142  150  159  169  178  188  198  208  217  223  225
  223  216  205  193  181  170  161  154  149  144  140  134  127  119  110  102
   94   88   83   80   79   79   80   81   81   81   80   78   74   70   65   60
   55   51   49   46   46   45   44   45   34                                   
    47.5-180.0 180.0   5.0 450.0                            LAT/LON1/LON2/DLON/H
   44   47   48   54   58   68   77   85   92   97   99  103  106  112  117  122
  126  129  131  134  138  145  153  163  173  184  195  207  218  227  233  235
  233  226  217  207  197  187  180  173  167  161  155  148  139  130  121  112
  105  100   96   94   94   94   95   96   96   95   92   89   85   80   76   71
   66   63   62   60   59   57   56   56   44                                   
    45.0-180.0 180.0   5.0 450.0                            LAT/LON1/LON2/DLON/H
   57   60   60   66   70   80   89   99  105  110  111  113  116  120  125  130
  134  136  138  141  146  152  161  171  181  193  204  215  225  233  238  239
  237  232  225  218  211  204  197  190  183  176  168  160  150  140  130  121
  114  109  105  104  103  104  105  105  105  104  101   98   94   90   87   83
   80   78   78   77   76   74   72   70   57                                   
    42.5-180.0 180.0   5.0 450.0                            LAT/LON1/LON2/DLON/H
   72   73   72   78   82   92  101  111  118  123  125  126  127  131  135  140
  144  147  149  152  157  163  172  181  192  202  212  221  229  235  238  239
  238  236  232  229  225  220  214  207  198  189  180  170  159  148  137  127
  119  113  110  107  106  106  107  107  107  107  105  103  101   99   97   95
   93   93   94   93   92   90   88   84   72                                   
    40.0-180.0 180.0   5.0 450.0                            LAT/LON1/LON2/DLON/H
   83   83   82   87   91  100  109  120  128  135  137  139  141  143  148  152
  155  158  160  164  169  176  184  193  203  212  220  227  232  236  239  241
  243  245  246  245  244  240  233  223  212  201  189  178  166  154  142  132
  122  115  110  106  104  103  103  104  105  105  105  105  105  105  105  105
  104  104  105  105  104  102  100   95   83                                   
    37.5-180.0 180.0   5.0 450.0                            LAT/LON1/LON2/DLON/H
   88   88   86   91   95  103  113  125  135  144  148  151  154  157  161  164
  167  169  172  176  181  188  196  205  213  221  228  233  237  241  246  252
  259  266  271  273  272  266  256  243  228  213  199  186  173  161  149  137
  126  117  110  105  101   99   98   99  100  102  104  106  108  110  111  111
  111  110  111  111  109  107  105  100   88                                   
    35.0-180.0 180.0   5.0 450.0                            LAT/LON1/LON2/DLON/H
   87   87   85   90   94  102  112  125  138  149  156  162  167  171  174  177
  179  181  183  187  193  200  208  216  224  232  239  244  250  256  266  278
  291  304  313  316  312  302  286  267  247  228  212  197  184  171  158  146
  134  124  115  108  102   99   98   98  100  102  106  109  113  115  117  116
  114  112  112  109  107  105  103   99   87                                   
    32.5-180.0 180.0   5.0 450.0                            LAT/LON1/LON2/DLON/H
   83   83   82   86   90   97  108  122  137  151  162  171  179  184  189  191
  192  193  195  199  205  211  219  227  236  245  253  262  272  284  301  321
  342  361  372  373  364  346  323  297  272  249  230  214  200  188  175  163
  150  139  129  120  113  108  106  106  107  110  113  117  121  123  123  121
  116  112  109  105  101   99   97   94   83                                   
    30.0-180.0 180.0   5.0 450.0                            LAT/LON1/LON2/DLON/H
   77   79   79   82   86   92  104  118  135  151  166  178  189  197  203  205
  205  205  207  211  217  224  232  240  250  262  275  289  305  326  351  381
  410  433  445  441  424  397  365  332  302  276  255  238  224  212  200  188
  176  165  154  144  136  130  126  124  125  126  129  132  134  134  132  126
  118  111  106  100   95   92   90   89   77                                   
    27.5-180.0 180.0   5.0 450.0                            LAT/LON1/LON2/DLON/H
   75   77   79   80   84   90  102  117  134  152  169  184  198  209  216  219
  219  220  222  226  232  238  247  257  269  285  303  324  349  378  414  452
  488  513  522  512  484  447  407  369  336  308  286  268  254  243  232  222
  212  201  191  180  171  163  158  154  152  151  151  152  152  149  143  135
  123  114  106   98   92   88   86   85   75                                   
    25.0-180.0 180.0   5.0 450.0                            LAT/LON1/LON2/DLON/H
   78   80   82   81   85   91  104  118  136  154  172  189  206  219  228  232
  234  235  238  242  249  256  265  277  293  313  337  366  399  438  482  526
  565  589  591  571  534  489  443  403  370  343  320  302  288  277  268  260
  252  244  235  224  214  205  198  191  185  181  177  175  171  165  157  145
  131  120  110  101   94   89   86   85   78                                   
    22.5-180.0 180.0   5.0 450.0                            LAT/LON1/LON2/DLON/H
   85   87   88   86   89   96  110  123  140  158  176  194  212  227  239  245
  249  252  256  261  269  277  287  301  321  346  376  412  452  497  545  591
  627  644  637  607  563  514  469  431  401  376  354  336  321  310  303  297
  292  286  278  268  258  248  238  228  218  210  202  196  189  181  170  157
  142  130  118  109  101   95   90   87   85                                   
    20.0-180.0 180.0   5.0 450.0                            LAT/LON1/LON2/DLON/H
   94   95   94   91   95  103  117  131  147  164  181  199  217  234  248  257
  263  269  275  283  291  301  313  329  352  381  416  456  500  546  592  633
  660  667  651  616  570  523  482  450  425  404  384  365  349  337  329  325
  322  318  312  303  293  281  270  257  244  232  221  212  203  192  180  167
  152  141  129  120  111  103   96   92   94                                   
    17.5-180.0 180.0   5.0 450.0                            LAT/LON1/LON2/DLON/H
  103  101   98   96  100  109  125  139  155  171  186  204  223  241  257  269
  279  287  296  305  315  326  340  359  384  416  454  495  537  578  616  646
  661  659  637  600  557  517  485  461  443  426  406  386  367  353  344  340
  339  336  331  323  313  301  288  274  259  245  231  220  209  198  186  174
  161  151  138  130  121  111  102   97  103                                   
    15.0-180.0 180.0   5.0 450.0                            LAT/LON1/LON2/DLON/H
  107  103   99   97  102  113  131  146  163  179  193  210  229  248  266  281
  294  306  318  329  340  353  368  389  417  450  487  525  560  592  617  633
  637  627  603  570  534  503  481  467  455  441  421  398  376  358  348  343
  342  340  335  327  317  305  292  277  262  247  233  221  210  199  188  177
  166  157  145  137  126  116  104   99  107                                   
    12.5-180.0 180.0   5.0 450.0                            LAT/LON1/LON2/DLON/H
  105  100   94   94   99  113  133  150  169  185  200  217  236  256  276  294
  311  326  340  353  365  378  396  418  447  479  514  545  572  591  602  606
  600  586  563  536  510  490  478  471  464  451  430  404  378  357  344  338
  336  333  328  320  309  297  285  271  257  243  229  216  205  195  185  176
  166  158  146  138  127  115  102   98  105                                   
    10.0-180.0 180.0   5.0 450.0                            LAT/LON1/LON2/DLON/H
   98   92   86   87   93  108  130  151  172  191  207  225  245  266  288  309
  328  346  362  375  388  402  421  444  473  504  534  558  574  582  582  576
  565  549  530  511  495  485  481  479  473  459  436  406  376  353  337  330
  326  323  317  308  297  285  274  262  250  237  223  211  200  189  180  172
  162  155  143  134  122  110   97   93   98                                   
     7.5-180.0 180.0   5.0 450.0                            LAT/LON1/LON2/DLON/H
   89   83   77   79   85  101  125  148  173  195  215  234  256  278  301  324
  346  365  382  395  408  423  442  467  495  524  548  566  573  573  565  554
