data/edconvlstm_nd/pred2650.15i
     1.0            IONOSPHERE MAPS     GNSS                IONEX VERSION / TYPE
pyspatialgeodesy        IME             05-JAN-18 20:20     PGM / RUN BY / DATE 
Map Name                                                    COMMENT             
Predicted global ionosphere maps (GIM).                     DESCRIPTION         
  2015     9    22     0     0     0                        EPOCH OF FIRST MAP  
  2015     9    23     0     0     0                        EPOCH OF LAST MAP   
  7200                                                      INTERVAL            
    13                                                      # OF MAPS IN FILE   
  NONE                                                      MAPPING FUNCTION    
10.0                                                        ELEVATION CUTOFF    
One-way carrier phase leveled to code                       OBSERVABLES USED    
  6371.0                                                    BASE RADIUS         
 2                                                          MAP DIMENSION       
   450.0 450.0   0.0                                        HGT1 / HGT2 / DHGT  
    87.5 -87.5  -2.5                                        LAT1 / LAT2 / DLAT  
  -180.0 180.0   5.0                                        LON1 / LON2 / DLON  
    -1                                                      EXPONENT            
                                                            END OF HEADER       
[from data line 858]
     3                                                      START OF TEC MAP    
  2015     9    22     4     0     0                        EPOCH OF CURRENT MAP
    87.5-180.0 180.0   5.0 450.0                            LAT/LON1/LON2/DLON/H
   75   79   76   78   78   76   74   71   71   71   71   72   72   72   73   72
   72   72   71   71   70   69   68   68   67   66   65   64   64   63   63   63
   62   62   62   63   63   64   64   65   66   67   69   70   72   74   75   77
   79   80   82   83   84   85   85   86   86   86   86   86   85   84   83   83
   83   83   80   79   82   90   94   83   75                                   
    85.0-180.0 180.0   5.0 450.0                            LAT/LON1/LON2/DLON/H
   71   86   76   79   81   80   79   77   77   77   77   77   78   78   78   78
   77   77   76   75   74   72   71   70   69   67   66   65   65   64   64   64
   64   64   64   65   66   67   68   70   72   74   76   78   81   83   86   88
   91   93   95   97   99  100  101  102  103  103  103  102  102  101   99   99
   99   98   93   93   92   93   99   88   71                                   
    82.5-180.0 180.0   5.0 450.0                            LAT/LON1/LON2/DLON/H
   78   80   88   80   79   81   79   78   78   79   78   80   80   81   81   81
   80   79   78   76   74   72   70   68   66   64   62   61   60   60   59   59
   60   60   61   62   63   65   67   69   72   75   78   82   85   89   93   97
  101  104  107  110  113  115  117  118  119  119  119  119  118  116  114  113
  111  109  104  101  106   94   91   86   78                                   
    80.0-180.0 180.0   5.0 450.0                            LAT/LON1/LON2/DLON/H
   89   85   81   73   74   73   74   72   74   74   74   76   77   78   79   79
   79   78   76   74   71   68   66   63   60   58   57   55   55   54   54   55
   55   56   57   58   60   61   63   66   69   72   76   80   85   89   94   99
  104  108  112  115  118  121  123  125  126  127  127  126  126  124  122  120
  118  113  110  107  111  103  100   90   89                                   
    77.5-180.0 180.0   5.0 450.0                            LAT/LON1/LON2/DLON/H
   92   86   77   72   67   68   69   69   70   70   70   73   75   77   78   79
   79   78   77   74   71   68   64   61   58   56   54   53   52   53   53   54
   55   56   57   58   60   61   63   65   67   71   74   79   84   89   95  100
  105  110  115  118  122  125  127  129  130  131  132  132  131  130  128  126
  123  121  114  114  112  100   96   92   92                                   
    75.0-180.0 180.0   5.0 450.0                            LAT/LON1/LON2/DLON/H
   86   84   74   69   62   63   63   62   62   62   62   65   67   70   72   73
   73   73   71   68   65   61   57   54   51   49   48   47   48   49   50   51
   53   54   55   55   56   56   57   59   61   63   67   71   76   81   86   92
   97  102  106  109  113  115  118  120  122  123  124  125  126  125  125  124
  121  118  115  109  109  101   97   94   86                                   
    72.5-180.0 180.0   5.0 450.0                            LAT/LON1/LON2/DLON/H
   87   87   78   70   65   64   64   62   62   61   61   63   65   67   69   71
   71   71   69   66   63   59   56   52   50   48   47   48   49   51   53   55
   57   58   59   59   59   59   59   59   61   63   66   71   76   81   86   92
   96  101  104  107  109  111  113  115  117  119  121  123  125  126  126  127
  125  123  122  118  115  106  100   98   87                                   
    70.0-180.0 180.0   5.0 450.0                            LAT/LON1/LON2/DLON/H
   95   93   84   75   69   66   64   61   60   59   58   59   60   62   63   64
   65   64   63   61   58   54   51   48   46   45   46   47   49   52   55   57
   59   60   60   59   58   57   56   56   58   60   64   68   74   79   85   89
   94   97   99  101  103  104  105  107  109  112  115  118  121  123  125  126
  126  124  124  122  120  112  109  104   95                                   
    67.5-180.0 180.0   5.0 450.0                            LAT/LON1/LON2/DLON/H
   97   96   86   77   70   66   63   59   57   55   53   53   53   54   54   55
   55   55   54   52   50   47   45   42   41   41   42   43   46   49   51   53
   54   54   54   52   50   48   48   48   50   53   57   63   69   75   80   85
   89   91   93   93   94   94   94   96   98  102  106  110  114  117  119  121
  121  120  121  119  119  113  110  106   97                                   
    65.0-180.0 180.0   5.0 450.0                            LAT/LON1/LON2/DLON/H
   99   98   88   79   72   67   64   60   58   54   51   51   50   49   49   49
   49   49   48   47   45   43   41   39   38   39   40   42   44   46   48   49
   49   48   47   44   42   41   40   41   44   48   54   61   69   75   81   86
   89   91   92   92   91   91   91   92   94   98  103  108  112  116  118  120
  119  118  119  117  118  113  112  109   99                                   
    62.5-180.0 180.0   5.0 450.0                            LAT/LON1/LON2/DLON/H
  100   99   89   80   74   69   66   62   59   55   52   51   49   47   47   46
   46   46   45   44   42   41   39   38   38   38   40   41   43   45   46   45
   44   42   40   37   35   34   34   36   41   47   55   64   72   80   86   91
   94   96   96   96   95   94   94   94   96  100  105  110  115  119  120  122
  120  117  118  115  116  112  111  109  100                                   
    60.0-180.0 180.0   5.0 450.0                            LAT/LON1/LON2/DLON/H
   99   98   88   79   73   68   65   62   59   55   51   50   48   46   45   44
   44   43   43   42   40   39   37   37   37   38   39   41   42   42   42   41
   38   36   33   31   29   29   30   33   39   47   57   67   77   86   92   97
  100  102  103  103  102  102  101  101  102  105  109  114  119  122  123  123
  121  117  116  112  113  109  109  107   99                                   
    57.5-180.0 180.0   5.0 450.0                            LAT/LON1/LON2/DLON/H
  100   98   88   80   74   69   66   62   59   55   51   49   47   45   45   44
   44   43   42   41   39   38   36   36   36   37   39   40   41   41   40   38
   35   32   30   28   27   28   30   34   41   50   62   73   84   94  101  106
  110  113  114  116  116  115  114  112  112  114  117  121  125  128  129  128
  124  119  117  112  113  109  109  108  100                                   
    55.0-180.0 180.0   5.0 450.0                            LAT/LON1/LON2/DLON/H
  103  101   92   84   78   72   69   64   59   54   49   47   45   44   43   43
   43   42   41   39   38   36   35   34   35   37   39   40   41   40   39   36
   34   32   31   30   30   31   34   39   46   56   68   80   92  101  109  115
  120  124  128  131  132  132  129  126  124  123  124  127  130  133  133  132
  128  122  120  115  115  112  112  111  103                                   
    52.5-180.0 180.0   5.0 450.0                            LAT/LON1/LON2/DLON/H
  111  109  100   93   87   80   76   69   62   54   48   45   43   42   42   42
   42   41   40   38   36   34   33   33   34   36   38   40   41   41   39   38
   37   36   36   37   38   40   42   47   54   63   75   87   99  109  118  125
  131  137  143  148  151  150  147  142  136  132  130  131  133  135  136  136
  132  128  125  121  121  118  119  118  111                                   
    50.0-180.0 180.0   5.0 450.0                            LAT/LON1/LON2/DLON/H
  123  122  113  107  100   94   89   79   69   58   49   44   41   40   40   41
   41   40   38   36   34   33   32   32   34   37   39   41   42   43   42   42
   42   43   45   47   50   52   54   57   63   71   82   94  106  117  126  134
  143  151  159  166  170  170  165  157  148  140  135  133  134  137  138  139
  137  134  133  129  130  128  130  128  123                                   
    47.5-180.0 180.0   5.0 450.0                            LAT/LON1/LON2/DLON/H
  136  137  129  125  117  111  104   92   80   66   54   47   42   40   40   40
   39   38   37   35   34   33   33   34   36   38   41   43   45   45   46   46
   48   51   55   59   63   65   66   68   72   79   89  101  113  124  134  144
  155  165  176  184  189  189  182  171  158  146  138  134  135  137  139  141
  141  140  141  138  140  138  140  138  136                                   
    45.0-180.0 180.0   5.0 450.0                            LAT/LON1/LON2/DLON/H
  148  151  145  142  135  129  121  108   94   77   63   53   47   44   42   41
   40   38   37   36   36   36   36   37   40   42   44   46   47   48   49   50
   53   58   64   70   74   77   78   78   81   86   95  106  119  131  142  154
  166  179  191  201  206  205  197  184  168  153  142  137  135  137  140  143
  144  145  147  146  148  146  149  147  148                                   
    42.5-180.0 180.0   5.0 450.0                            LAT/LON1/LON2/DLON/H
  155  161  155  154  150  144  136  122  108   90   75   64   56   51   48   45
   43   41   41   41   41   42   43   44   45   47   49   49   50   50   51   53
   56   62   70   77   83   86   86   86   88   93  101  112  124  137  150  163
  177  191  204  214  220  219  211  197  179  162  149  142  140  140  142  146
  148  150  152  151  153  151  153  151  155                                   
    40.0-180.0 180.0   5.0 450.0                            LAT/LON1/LON2/DLON/H
  158  164  158  159  157  151  144  132  119  103   88   77   68   62   57   53
   50   48   48   49   50   51   51   52   53   54   54   53   52   52   52   54
   58   65   73   81   88   92   93   93   94   99  107  118  130  144  158  172
  187  201  214  225  231  231  224  211  193  176  162  153  149  148  149  151
  153  155  157  156  156  152  154  151  158                                   
    37.5-180.0 180.0   5.0 450.0                            LAT/LON1/LON2/DLON/H
  157  162  155  156  156  150  144  135  124  111   98   89   81   75   69   65
   61   59   59   60   61   62   62   62   61   61   59   57   55   54   54   55
   59   66   74   83   91   95   97   98  100  105  113  124  137  150  164  179
  194  209  222  232  240  242  238  227  212  195  181  172  166  163  161  161
  161  162  163  161  160  153  153  149  157                                   
    35.0-180.0 180.0   5.0 450.0                            LAT/LON1/LON2/DLON/H
  157  158  150  148  148  142  136  129  122  113  104   97   92   86   82   77
   73   72   72   73   74   73   72   71   69   68   65   62   59   57   56   58
   62   68   76   85   92   97  100  101  105  111  120  131  143  156  170  184
  199  213  226  238  247  253  254  247  235  221  208  197  190  184  179  177
  174  173  174  171  168  158  157  151  157                                   
    32.5-180.0 180.0   5.0 450.0                            LAT/LON1/LON2/DLON/H
  164  160  149  143  140  131  125  119  115  109  104  101   97   94   91   88
   85   84   85   85   85   83   80   78   76   74   71   67   64   62   62   63
   66   72   79   86   93   98  101  104  109  116  126  137  148  160  173  187
  201  215  228  241  254  265  271  270  262  251  239  229  220  212  204  199
  193  191  191  187  183  172  169  163  164                                   
    30.0-180.0 180.0   5.0 450.0                            LAT/LON1/LON2/DLON/H
  182  173  159  147  138  124  115  108  105  101   99   99   98   97   96   95
   94   94   94   94   91   87   83   81   80   79   77   74   72   70   70   71
   74   78   83   89   95   99  102  105  111  120  130  141  152  163  175  188
  201  214  228  243  260  277  289  293  290  282  272  262  253  244  234  226
  220  217  217  212  208  197  194  187  182                                   
    27.5-180.0 180.0   5.0 450.0                            LAT/LON1/LON2/DLON/H
  214  201  185  166  150  130  116  104   99   95   94   94   94   95   96   96
   97   98   98   96   92   86   82   81   82   84   84   82   81   81   81   83
   85   88   91   95   97   99  101  105  111  120  131  142  153  164  176  188
  201  214  228  245  266  288  306  316  318  313  305  296  287  277  267  259
  252  251  252  248  245  234  233  227  214                                   
    25.0-180.0 180.0   5.0 450.0                            LAT/LON1/LON2/DLON/H
  260  244  226  203  180  154  132  114  103   96   93   92   91   91   92   94
   96   97   96   92   86   81   78   80   85   89   92   92   93   93   95   97
   98  100  100  100  100   99   99  101  107  117  129  141  153  164  176  189
  202  215  230  249  273  300  323  338  343  341  335  328  320  311  302  295
  291  292  295  292  291  282  281  278  260                                   
    22.5-180.0 180.0   5.0 450.0                            LAT/LON1/LON2/DLON/H
  314  298  279  254  227  197  168  142  124  112  103   97   93   90   90   91
   92   92   90   84   78   74   74   80   89   96  102  104  106  107  110  111
  112  111  108  105  101   97   95   95  101  111  124  138  151  164  178  192
  206  220  236  257  283  312  339  357  366  366  363  358  351  344  338  334
  333  337  343  342  342  336  334  335  314                                   
    20.0-180.0 180.0   5.0 450.0                            LAT/LON1/LON2/DLON/H
  369  354  336  314  286  255  221  188  164  144  129  116  105   97   94   92
   91   88   84   77   71   69   73   83   96  106  113  117  119  120  122  122
  121  118  114  108  101   94   89   88   94  104  119  134  150  166  181  197
  212  228  246  268  295  325  353  373  384  388  387  384  381  377  373  374
  377  385  393  393  393  390  387  390  369                                   
    17.5-180.0 180.0   5.0 450.0                            LAT/LON1/LON2/DLON/H
  416  405  389  373  348  319  283  247  218  193  170  149  130  116  107  100
   95   89   82   75   70   70   78   92  107  120  127  130  131  131  131  129
  126  121  115  107   99   90   84   82   87   98  114  132  151  168  186  204
  221  239  258  281  309  339  366  387  399  405  408  409  408  407  408  412
  419  430  440  441  440  438  434  438  416                                   
    15.0-180.0 180.0   5.0 450.0                            LAT/LON1/LON2/DLON/H
  450  442  431  423  404  380  346  312  280  252  224  197  170  149  132  120
  109   99   90   82   77   80   91  107  123  135  141  142  141  139  137  133
  128  121  114  106   96   87   81   79   84   95  112  132  152  172  191  210
  230  250  271  296  323  352  377  396  410  419  425  430  433  436  440  447
  457  469  480  480  477  475  470  474  450                                   
    12.5-180.0 180.0   5.0 450.0                            LAT/LON1/LON2/DLON/H
  471  465  458  458  449  432  402  372  343  314  284  253  221  193  171  152
  136  121  109  100   96  100  112  128  144  153  156  154  150  146  141  134
  127  120  112  104   96   87   81   80   84   96  113  134  155  175  195  216
  237  259  283  308  335  361  384  402  416  427  437  446  453  460  466  476
  488  500  510  510  504  501  494  497  471                                   
    10.0-180.0 180.0   5.0 450.0                            LAT/LON1/LON2/DLON/H
  480  474  472  478  478  468  445  422  397  371  341  309  275  244  218  195
  175  156  142  132  128  131  142  155  166  172  170  165  159  152  144  135
  126  118  111  105   98   91   86   84   88   99  116  136  157  177  196  217
  240  264  289  315  341  365  386  402  416  430  444  456  468  477  485  496
  508  521  530  528  521  516  508  510  480                                   
     7.5-180.0 180.0   5.0 450.0                            LAT/LON1/LON2/DLON/H
  485  478  477  485  492  489  472  455  435  413  386  355  323  293  267  244
  221  201  185  174  169  169  175  183  189  189  184  176  168  159  149  138
