data/edconvlstm_nd/pred3540.15i
     1.0            IONOSPHERE MAPS     GNSS                IONEX VERSION / TYPE
pyspatialgeodesy        IME             05-JAN-18 20:20     PGM / RUN BY / DATE 
Map Name                                                    COMMENT             
Predicted global ionosphere maps (GIM).                     DESCRIPTION         
  2015    12    20     0     0     0                        EPOCH OF FIRST MAP  
  2015    12    21     0     0     0                        EPOCH OF LAST MAP   
  7200                                                      INTERVAL            
    13                                                      # OF MAPS IN FILE   
  NONE                                                      MAPPING FUNCTION    
10.0                                                        ELEVATION CUTOFF    
One-way carrier phase leveled to code                       OBSERVABLES USED    
  6371.0                                                    BASE RADIUS         
 2                                                          MAP DIMENSION       
   450.0 450.0   0.0                                        HGT1 / HGT2 / DHGT  
    87.5 -87.5  -2.5                                        LAT1 / LAT2 / DLAT  
  -180.0 180.0   5.0                                        LON1 / LON2 / DLON  
    -1                                                      EXPONENT            
                                                            END OF HEADER       
[from data line 3861]
    10                                                      START OF TEC MAP    
  2015    12    20    18     0     0                        EPOCH OF CURRENT MAP
    87.5-180.0 180.0   5.0 450.0                            LAT/LON1/LON2/DLON/H
   66   64   61   65   70   66   66   62   62   65   64   65   65   66   66   67
   68   68   68   69   69   70   70   70   71   71   72   72   72   73   73   73
   74   74   74   74   74   74   74   74   74   74   73   73   73   72   72   71
   71   70   70   69   69   68   68   67   67   66   66   65   65   64   64   63
   63   62   58   55   59   61   77   82   66                                   
    85.0-180.0 180.0   5.0 450.0                            LAT/LON1/LON2/DLON/H
   67   67   77   60   62   64   62   63   63   66   65   66   66   67   68   69
   69   70   71   71   72   73   73   74   74   75   76   76   77   78   78   79
   79   80   80   80   80   80   79   79   78   78   77   77   76   75   75   74
   73   72   72   71   71   70   69   69   68   68   67   67   66   66   65   65
   65   63   59   56   60   61   68   65   67                                   
    82.5-180.0 180.0   5.0 450.0                            LAT/LON1/LON2/DLON/H
   50   53   58   52   55   57   58   58   59   60   61   62   63   64   65   65
   66   67   67   67   68   68   69   69   70   71   72   73   74   75   76   77
   78   78   79   79   78   78   77   76   75   74   73   72   71   70   69   68
   67   66   65   64   64   63   62   62   61   61   60   60   59   59   58   58
   57   56   52   50   57   67   62   62   50                                   
    80.0-180.0 180.0   5.0 450.0                            LAT/LON1/LON2/DLON/H
   39   46   54   51   54   53   58   58   61   63   64   66   67   68   69   69
   69   69   69   69   69   69   69   69   69   70   71   72   73   74   76   77
   78   79   80   80   79   79   78   76   75   73   72   71   70   69   68   67
   66   65   65   64   64   64   63   63   62   62   62   61   61   60   59   59
   58   58   56   55   55   63   58   65   39                                   
    77.5-180.0 180.0   5.0 450.0                            LAT/LON1/LON2/DLON/H
   53   53   52   50   54   54   59   62   65   68   70   73   75   76   77   77
   77   77   77   76   75   74   74   73   72   72   73   73   75   76   78   79
   80   81   81   81   80   78   76   74   72   70   69   67   66   66   65   65
   65   65   65   65   65   65   65   65   65   65   64   64   63   62   62   60
   60   59   57   56   54   59   60   65   53                                   
    75.0-180.0 180.0   5.0 450.0                            LAT/LON1/LON2/DLON/H
   45   51   50   50   55   57   61   64   69   74   77   81   84   86   87   87
   87   86   85   84   83   81   79   77   75   73   72   72   73   73   75   76
   77   78   78   77   75   73   71   69   66   65   64   63   63   63   63   64
   65   65   66   66   67   67   67   68   68   68   68   68   68   67   66   66
   65   66   64   62   59   61   58   54   45                                   
    72.5-180.0 180.0   5.0 450.0                            LAT/LON1/LON2/DLON/H
   52   54   52   53   54   56   62   67   72   77   81   86   90   92   94   94
   94   94   93   91   90   87   84   81   77   73   71   69   68   67   68   68
   69   69   68   66   64   61   58   56   53   52   51   51   52   53   55   57
   58   59   60   61   61   62   63   63   64   65   65   65   65   64   64   63
   62   62   61   58   55   57   57   58   52                                   
    70.0-180.0 180.0   5.0 450.0                            LAT/LON1/LON2/DLON/H
   49   52   52   52   54   56   61   67   75   82   89   95   99  102  104  105
  106  106  107  106  105  102   98   93   88   82   77   73   69   67   66   66
   65   64   62   60   57   53   50   47   45   44   45   46   48   50   53   55
   57   58   59   60   60   61   61   62   63   64   65   65   65   65   65   64
   64   64   63   61   59   61   63   63   49                                   
    67.5-180.0 180.0   5.0 450.0                            LAT/LON1/LON2/DLON/H
   50   51   49   50   52   55   62   69   77   85   94  101  106  110  112  114
  116  118  119  120  120  117  113  107   99   91   84   77   72   68   65   63
   61   58   55   51   47   43   39   37   35   35   37   39   42   45   48   51
   53   53   54   54   54   54   55   56   57   58   59   60   60   60   60   60
   60   60   59   56   54   57   57   57   50                                   
    65.0-180.0 180.0   5.0 450.0                            LAT/LON1/LON2/DLON/H
   44   45   44   46   47   49   56   65   75   85   95  103  110  114  118  121
  124  128  131  134  135  133  129  122  113  103   93   84   77   71   66   62
   58   54   49   44   39   34   30   28   27   28   30   33   36   40   43   45
   46   46   45   45   44   44   45   46   47   49   50   51   52   52   52   53
   53   54   55   54   52   55   55   56   44                                   
    62.5-180.0 180.0   5.0 450.0                            LAT/LON1/LON2/DLON/H
   41   42   40   42   44   46   54   63   74   85   96  106  113  119  123  128
  133  138  143  148  150  149  144  136  126  115  104   94   85   78   72   66
   60   53   46   39   33   27   24   22   21   23   25   28   32   35   38   39
   39   38   37   36   35   35   36   37   38   40   41   43   44   44   45   46
   46   47   48   47   46   48   48   50   41                                   
    60.0-180.0 180.0   5.0 450.0                            LAT/LON1/LON2/DLON/H
   38   38   37   40   41   43   50   60   72   84   96  107  115  122  128  134
  140  147  154  159  162  160  156  148  138  126  115  105   96   88   80   72
   64   55   46   37   29   23   20   18   18   20   22   25   29   31   32   32
   31   29   27   26   26   26   27   28   30   32   33   35   36   37   38   39
   39   40   42   41   41   43   44   47   38                                   
    57.5-180.0 180.0   5.0 450.0                            LAT/LON1/LON2/DLON/H
   38   39   38   42   43   46   53   63   75   88  100  111  121  129  136  143
  151  159  166  171  173  171  166  158  148  138  128  118  110  102   93   84
   73   62   51   40   32   26   22   20   20   22   25   27   30   31   31   29
   27   25   23   22   22   23   24   26   28   30   31   33   34   34   36   37
   38   39   40   40   39   40   41   45   38                                   
    55.0-180.0 180.0   5.0 450.0                            LAT/LON1/LON2/DLON/H
   44   44   44   50   51   54   61   71   82   94  107  118  128  137  146  155
  164  172  178  182  182  179  173  165  156  147  139  132  124  117  108   97
   85   72   59   47   38   31   28   26   27   28   31   33   34   34   32   29
   26   24   22   22   23   25   27   30   32   33   35   35   36   37   38   40
   41   42   43   42   40   41   41   45   44                                   
    52.5-180.0 180.0   5.0 450.0                            LAT/LON1/LON2/DLON/H
   52   53   54   61   63   67   74   82   93  104  115  127  137  147  157  167
  176  184  190  191  189  184  177  169  162  155  149  143  138  131  122  110
   97   82   69   56   47   41   37   36   36   38   40   41   41   40   37   34
   31   28   27   28   30   33   37   39   41   42   43   43   43   43   45   47
   48   49   50   49   46   45   44   48   52                                   
    50.0-180.0 180.0   5.0 450.0                            LAT/LON1/LON2/DLON/H
   62   64   68   75   78   83   90   97  106  115  126  136  147  157  168  179
  189  196  200  199  195  188  180  173  167  162  158  154  148  141  132  120
  106   91   77   66   57   52   49   48   48   49   50   51   51   49   46   43
   40   38   38   40   43   48   51   54   56   55   54   53   52   53   54   56
   58   60   61   59   55   53   52   55   62                                   
    47.5-180.0 180.0   5.0 450.0                            LAT/LON1/LON2/DLON/H
   72   75   80   88   94  100  105  113  120  128  137  146  156  166  178  189
  199  206  209  206  200  192  184  178  173  170  166  161  155  147  137  124
  110   96   83   74   66   62   60   59   59   60   61   61   61   59   56   54
   51   51   52   55   60   64   68   71   71   69   67   64   63   62   64   66
   68   70   72   70   66   63   61   62   72                                   
    45.0-180.0 180.0   5.0 450.0                            LAT/LON1/LON2/DLON/H
   80   83   89   98  105  113  119  126  132  140  148  156  165  175  186  197
  207  214  216  212  205  198  190  185  181  176  171  165  157  147  136  123
  109   97   86   79   74   71   69   68   68   69   69   70   70   69   67   65
   64   64   66   70   74   79   83   84   84   81   77   74   71   70   71   73
   76   78   80   78   75   72   71   71   80                                   
    42.5-180.0 180.0   5.0 450.0                            LAT/LON1/LON2/DLON/H
   82   85   92  103  111  121  128  136  143  151  157  165  173  183  193  204
  213  219  221  218  212  205  199  194  189  183  175  166  155  143  130  117
  105   95   88   83   80   79   77   76   75   75   76   76   77   77   76   75
   75   75   77   80   84   88   91   92   91   88   83   79   76   75   75   77
   79   81   83   82   79   77   77   78   82                                   
    40.0-180.0 180.0   5.0 450.0                            LAT/LON1/LON2/DLON/H
   80   83   89  102  112  123  133  143  150  159  167  175  182  190  199  209
  217  223  226  224  220  214  209  203  197  188  177  164  151  137  124  113
  103   95   91   89   88   87   86   84   82   81   81   81   82   83   83   82
   82   81   82   84   87   90   93   93   92   88   84   80   77   75   76   77
   78   79   81   80   78   78   78   81   80                                   
    37.5-180.0 180.0   5.0 450.0                            LAT/LON1/LON2/DLON/H
   75   77   83   98  109  121  134  146  156  167  176  184  191  199  206  214
  221  227  230  230  228  224  218  211  203  192  178  163  148  135  124  114
  106  102  100  100  100   99   97   93   89   87   86   86   86   87   87   86
   85   84   82   83   84   86   88   89   88   85   81   77   75   74   74   74
   73   74   75   74   73   73   74   79   75                                   
    35.0-180.0 180.0   5.0 450.0                            LAT/LON1/LON2/DLON/H
   70   71   76   92  104  117  133  147  161  174  185  195  202  209  215  220
  226  231  235  236  235  232  226  217  207  194  179  165  152  142  133  127
  122  119  119  120  120  117  113  107  101   96   93   92   91   91   91   90
   87   84   81   79   79   80   82   83   82   79   76   74   72   72   71   71
   69   68   68   67   65   66   67   75   70                                   
    32.5-180.0 180.0   5.0 450.0                            LAT/LON1/LON2/DLON/H
   67   68   73   88  101  114  132  149  165  181  195  206  214  220  224  228
  232  235  239  241  241  236  229  219  208  196  184  173  165  160  157  154
  152  150  150  149  147  142  135  126  117  110  105  102  100   98   97   94
   91   86   81   77   76   76   78   79   78   77   74   73   72   71   71   70
   67   64   63   61   59   59   60   70   67                                   
    30.0-180.0 180.0   5.0 450.0                            LAT/LON1/LON2/DLON/H
   69   70   74   89  102  115  132  151  170  188  204  216  225  231  235  236
  237  239  242  243  242  236  228  217  208  199  193  190  190  192  195  196
  195  194  191  188  182  174  162  150  138  129  121  116  112  109  107  104
   99   93   86   81   79   79   81   82   81   79   77   75   75   75   76   74
   70   66   63   60   57   56   57   66   69                                   
    27.5-180.0 180.0   5.0 450.0                            LAT/LON1/LON2/DLON/H
   76   78   83   95  108  120  136  155  175  194  211  225  236  242  244  244
  243  242  242  242  239  232  222  213  208  206  209  216  226  236  244  249
  249  246  240  232  222  208  192  177  163  151  141  134  129  126  123  119
  114  107   99   93   91   91   92   93   92   89   85   83   83   84   84   83
   78   73   69   65   61   59   59   66   76                                   
    25.0-180.0 180.0   5.0 450.0                            LAT/LON1/LON2/DLON/H
   87   90   96  107  120  130  144  161  180  200  218  232  243  249  252  251
  247  244  241  237  232  224  215  210  211  219  233  250  269  286  300  307
  307  301  290  277  260  241  221  202  186  173  162  154  149  146  143  140
  135  128  120  114  111  111  112  112  110  105   99   96   95   95   96   95
   90   85   80   75   70   66   65   70   87                                   
    22.5-180.0 180.0   5.0 450.0                            LAT/LON1/LON2/DLON/H
  100  105  112  123  135  144  156  171  188  206  223  237  248  255  258  256
  251  244  238  232  225  216  210  211  221  239  263  290  316  338  355  362
  360  350  334  315  292  268  244  223  206  192  181  173  168  167  166  163
  159  153  146  140  137  137  137  136  131  124  116  110  107  107  108  108
  103   99   94   88   82   77   75   77  100                                   
    20.0-180.0 180.0   5.0 450.0                            LAT/LON1/LON2/DLON/H
  113  119  127  139  151  160  171  184  199  216  230  242  252  259  263  261
  255  246  237  228  220  214  213  220  239  266  298  331  360  384  400  405
  399  385  365  340  313  286  260  237  219  205  194  187  184  184  185  184
  181  176  171  166  163  162  162  159  152  142  131  122  118  117  117  117
  113  110  105  100   95   90   86   86  113                                   
    17.5-180.0 180.0   5.0 450.0                            LAT/LON1/LON2/DLON/H
  123  130  139  153  167  176  188  199  214  229  241  250  259  266  270  269
  262  251  240  230  223  221  225  241  267  300  336  369  397  417  428  428
  420  403  380  354  324  295  268  245  226  211  200  194  193  194  196  197
  196  192  188  184  182  180  179  175  167  155  142  132  125  122  122  121
  118  116  112  109  106  100   96   96  123                                   
    15.0-180.0 180.0   5.0 450.0                            LAT/LON1/LON2/DLON/H
  128  137  147  163  179  191  205  218  232  246  256  264  271  278  283  282
  276  264  252  243  238  240  251  273  304  339  374  401  421  432  436  432
  421  404  382  357  329  300  273  248  228  211  200  194  194  196  199  200
  200  198  195  192  190  188  186  181  174  162  148  137  129  125  123  121
  117  117  114  113  111  107  104  105  128                                   
    12.5-180.0 180.0   5.0 450.0                            LAT/LON1/LON2/DLON/H
  128  139  151  169  189  204  222  237  253  267  277  284  291  297  302  303
  298  288  276  269  267  274  290  315  347  380  406  424  431  432  428  420
  409  395  377  356  332  305  278  253  230  211  197  190  189  191  193  194
  194  193  192  190  187  185  183  180  173  163  151  139  131  125  122  118
  113  113  111  112  111  109  108  111  128                                   
    10.0-180.0 180.0   5.0 450.0                            LAT/LON1/LON2/DLON/H
  124  138  152  173  197  215  238  256  276  291  302  310  316  323  329  333
  330  322  313  308  310  321  340  365  393  418  432  436  431  422  412  403
  394  384  373  358  338  315  289  263  237  214  196  185  182  182  184  184
  184  184  183  182  180  177  176  174  170  162  152  142  133  127  121  115
  109  107  105  106  108  108  108  113  124                                   
     7.5-180.0 180.0   5.0 450.0                            LAT/LON1/LON2/DLON/H
  121  137  152  176  203  225  254  275  297  315  328  337  345  353  361  368
  369  364  359  358  363  376  396  418  438  450  450  440  426  411  399  390
