data/edconvlstm_nd/pred3200.15i
     1.0            IONOSPHERE MAPS     GNSS                IONEX VERSION / TYPE
pyspatialgeodesy        IME             05-JAN-18 20:20     PGM / RUN BY / DATE 
Map Name                                                    COMMENT             
Predicted global ionosphere maps (GIM).                     DESCRIPTION         
  2015    11    16     0     0     0                        EPOCH OF FIRST MAP  
  2015    11    17     0     0     0                        EPOCH OF LAST MAP   
  7200                                                      INTERVAL            
    13                                                      # OF MAPS IN FILE   
  NONE                                                      MAPPING FUNCTION    
10.0                                                        ELEVATION CUTOFF    
One-way carrier phase leveled to code                       OBSERVABLES USED    
  6371.0                                                    BASE RADIUS         
 2                                                          MAP DIMENSION       
   450.0 450.0   0.0                                        HGT1 / HGT2 / DHGT  
    87.5 -87.5  -2.5                                        LAT1 / LAT2 / DLAT  
  -180.0 180.0   5.0                                        LON1 / LON2 / DLON  
    -1                                                      EXPONENT            
                                                            END OF HEADER       
[from data line 4719]
    12                                                      START OF TEC MAP    
  2015    11    16    22     0     0                        EPOCH OF CURRENT MAP
    87.5-180.0 180.0   5.0 450.0                            LAT/LON1/LON2/DLON/H
  110  102   92   97  102   99   98   96   97   99   99  100  101  102  102  102
  102  102  101  100   99   98   96   94   92   91   89   87   85   84   82   81
   80   79   78   77   77   76   76   76   76   76   76   76   77   77   78   78
   79   79   80   81   81   82   83   83   83   84   84   84   84   84   84   84
   84   84   81   79   86   87  104  110  110                                   
    85.0-180.0 180.0   5.0 450.0                            LAT/LON1/LON2/DLON/H
  113  104  110   98   98  103  103  106  107  110  111  112  113  114  115  115
  115  114  113  112  110  108  106  104  101   99   96   94   91   89   87   85
   83   82   81   80   79   78   78   77   77   77   77   77   77   77   78   78
   79   80   81   82   82   83   84   85   86   86   87   87   87   87   87   87
   87   86   83   80   84   89   90   90  113                                   
    82.5-180.0 180.0   5.0 450.0                            LAT/LON1/LON2/DLON/H
   89   88   89   88   93   99  103  104  107  110  113  115  117  118  119  119
  118  117  115  113  110  107  104  100   96   93   89   86   83   80   77   75
   73   72   70   69   68   68   67   67   66   66   66   66   66   66   67   67
   68   69   71   72   74   75   77   78   79   80   81   81   81   80   79   78
   78   77   74   74   78   92   83   86   89                                   
    80.0-180.0 180.0   5.0 450.0                            LAT/LON1/LON2/DLON/H
   66   71   77   77   84   87   95  100  106  110  114  117  119  119  119  118
  117  114  111  107  104   99   95   91   86   82   77   73   70   67   64   62
   60   59   58   58   57   57   57   57   56   56   56   56   56   56   56   57
   58   60   62   64   66   68   70   72   73   74   75   75   74   73   71   69
   68   67   65   65   63   72   65   77   66                                   
    77.5-180.0 180.0   5.0 450.0                            LAT/LON1/LON2/DLON/H
   71   71   77   77   87   93  102  108  114  118  122  125  127  127  125  123
  120  115  111  106  102   97   92   87   82   77   73   69   66   63   60   59
   58   57   57   57   57   57   57   56   55   54   53   52   51   51   51   51
   53   54   57   60   63   66   69   72   74   75   75   75   73   71   69   66
   64   63   62   62   61   66   64   80   71                                   
    75.0-180.0 180.0   5.0 450.0                            LAT/LON1/LON2/DLON/H
   66   74   78   80   91   98  107  114  122  127  130  132  132  129  125  120
  115  109  103   98   93   88   84   80   76   72   68   65   62   60   58   57
   57   57   58   59   59   59   59   58   57   56   54   52   50   49   49   49
   50   51   53   56   60   63   66   69   72   73   73   72   71   68   65   63
   61   61   60   59   58   62   60   66   66                                   
    72.5-180.0 180.0   5.0 450.0                            LAT/LON1/LON2/DLON/H
   80   87   94  101  107  115  124  130  135  139  141  141  138  132  125  117
  108  100   93   87   82   78   75   71   68   65   62   59   57   55   55   55
   55   56   58   59   60   61   60   59   57   55   53   50   48   46   45   44
   44   45   47   50   53   57   60   64   66   68   68   67   65   62   59   56
   54   55   56   56   56   64   67   77   80                                   
    70.0-180.0 180.0   5.0 450.0                            LAT/LON1/LON2/DLON/H
   93  106  114  120  127  135  142  148  154  157  158  155  148  139  127  115
  104   94   86   80   76   73   71   69   67   65   63   60   58   57   57   57
   58   59   60   62   63   63   63   62   60   58   56   53   50   48   47   45
   45   45   46   48   51   54   57   60   63   64   64   63   61   58   56   54
   52   54   58   62   66   77   86   94   93                                   
    67.5-180.0 180.0   5.0 450.0                            LAT/LON1/LON2/DLON/H
  116  130  139  147  154  161  168  174  178  179  179  173  164  151  135  120
  105   93   84   78   74   72   71   69   67   65   63   60   58   57   56   56
   56   57   58   59   60   60   60   59   58   56   54   52   50   48   46   45
   44   44   45   46   48   50   53   56   58   60   60   59   56   54   52   51
   51   54   60   66   73   90   99  107  116                                   
    65.0-180.0 180.0   5.0 450.0                            LAT/LON1/LON2/DLON/H
  131  148  158  166  172  180  186  192  197  199  197  191  179  163  145  127
  111   97   88   81   78   76   74   72   70   67   64   61   58   55   54   52
   52   51   51   51   51   51   51   50   50   49   48   47   46   45   44   43
   42   41   41   41   42   44   46   49   51   52   52   51   49   47   46   46
   48   54   63   73   84  105  118  126  131                                   
    62.5-180.0 180.0   5.0 450.0                            LAT/LON1/LON2/DLON/H
  145  163  171  180  187  195  201  207  212  214  214  207  195  179  160  141
  124  110  100   93   88   84   81   77   73   69   64   60   56   52   49   47
   45   43   42   41   40   40   40   40   41   41   42   42   42   42   41   40
   39   38   37   37   37   38   40   42   44   45   45   45   43   42   42   43
   47   55   65   76   88  111  126  133  145                                   
    60.0-180.0 180.0   5.0 450.0                            LAT/LON1/LON2/DLON/H
  153  169  178  187  193  200  207  214  221  225  226  220  210  195  177  159
  143  129  119  110  104   97   91   84   77   71   64   59   54   50   46   43
   40   37   34   32   31   31   31   32   33   35   37   38   39   39   39   38
   36   35   33   33   32   33   34   36   38   39   39   39   39   38   40   43
   48   57   68   80   92  117  132  140  153                                   
    57.5-180.0 180.0   5.0 450.0                            LAT/LON1/LON2/DLON/H
  157  172  181  191  198  204  211  219  226  231  233  230  222  209  194  179
  164  152  141  131  122  112  101   91   82   73   66   60   54   50   46   42
   38   35   31   29   28   27   28   29   31   34   36   38   39   40   39   38
   36   34   33   32   31   32   33   34   36   37   37   37   38   39   42   47
   54   64   75   86   96  119  134  142  157                                   
    55.0-180.0 180.0   5.0 450.0                            LAT/LON1/LON2/DLON/H
  163  177  187  197  204  209  216  223  230  235  238  237  231  221  210  197
  185  174  163  151  138  125  111   98   86   76   69   63   58   54   50   46
   42   38   34   32   31   30   31   33   35   38   41   43   44   43   42   41
   39   37   36   35   34   35   36   37   38   39   39   40   41   44   49   56
   64   75   86   96  103  124  136  145  163                                   
    52.5-180.0 180.0   5.0 450.0                            LAT/LON1/LON2/DLON/H
  171  186  198  207  215  220  226  231  236  240  242  241  237  230  221  212
  202  192  180  166  151  134  118  104   91   82   74   69   65   62   58   54
   50   47   43   41   40   40   41   43   45   48   51   52   52   51   50   48
   46   44   43   42   43   43   45   45   46   46   45   46   48   52   59   68
   78   91  103  111  115  133  143  150  171                                   
    50.0-180.0 180.0   5.0 450.0                            LAT/LON1/LON2/DLON/H
  185  201  216  224  234  239  243  246  248  249  249  247  243  237  230  222
  214  204  191  177  160  143  126  111  100   91   84   79   76   72   69   66
   62   59   56   54   53   54   55   56   59   61   63   64   64   62   60   58
   56   55   55   55   55   56   57   58   57   56   54   54   57   62   71   83
   95  109  122  130  132  146  155  160  185                                   
    47.5-180.0 180.0   5.0 450.0                            LAT/LON1/LON2/DLON/H
  202  219  236  244  255  262  265  266  265  264  260  256  250  243  236  229
  220  210  198  183  167  150  135  122  112  104   97   92   87   83   79   76
   73   70   68   67   67   67   68   69   71   73   75   76   76   74   72   71
   70   69   69   70   71   72   73   72   70   67   64   63   66   72   83   97
  111  127  140  149  151  164  173  175  202                                   
    45.0-180.0 180.0   5.0 450.0                            LAT/LON1/LON2/DLON/H
  220  237  255  264  276  285  287  289  285  281  275  268  260  252  243  235
  225  214  202  188  174  160  147  136  127  119  111  104   97   91   86   82
   79   77   76   76   77   78   78   79   80   82   84   86   86   85   84   83
   83   83   84   85   86   87   88   86   83   78   74   72   74   81   94  109
  124  141  155  165  170  182  193  195  220                                   
    42.5-180.0 180.0   5.0 450.0                            LAT/LON1/LON2/DLON/H
  233  250  268  277  290  301  305  307  303  299  291  283  273  263  252  241
  230  218  207  195  184  173  163  153  144  134  124  113  102   94   87   83
   80   79   79   81   82   83   83   84   85   87   89   91   92   92   92   93
   94   95   97   98   99  100  100   98   93   87   82   79   81   89  102  117
  133  150  164  176  184  198  211  215  233                                   
    40.0-180.0 180.0   5.0 450.0                            LAT/LON1/LON2/DLON/H
  240  256  272  282  295  307  313  317  315  313  306  298  288  276  263  250
  237  226  216  207  198  189  181  171  160  146  131  116  102   91   84   80
   78   78   80   83   85   86   86   86   86   88   91   93   95   96   97   99
  101  103  104  105  107  107  107  104   99   93   87   85   87   95  107  123
  138  154  169  182  192  210  225  232  240                                   
    37.5-180.0 180.0   5.0 450.0                            LAT/LON1/LON2/DLON/H
  241  256  269  278  292  303  312  318  319  319  315  309  301  290  276  262
  248  238  229  223  216  208  198  186  171  153  134  115  100   89   82   79
   79   80   83   87   89   91   90   89   89   90   92   95   96   98   99  101
  103  105  106  107  109  110  110  107  102   96   90   88   91   99  112  127
  141  157  172  184  196  216  233  244  241                                   
    35.0-180.0 180.0   5.0 450.0                            LAT/LON1/LON2/DLON/H
  241  254  264  272  284  294  305  312  317  320  319  316  310  301  289  275
  262  252  246  241  234  225  212  195  176  155  134  115  101   92   89   88
   89   91   94   98  100  101  100   98   96   96   97   98   99   99  100  101
  102  103  104  105  107  108  109  107  102   97   92   91   95  104  117  132
  145  160  174  187  198  221  239  251  241                                   
    32.5-180.0 180.0   5.0 450.0                            LAT/LON1/LON2/DLON/H
  246  257  265  269  281  287  299  307  314  319  321  321  318  311  300  287
  276  268  263  258  250  237  219  198  177  156  137  122  112  108  109  111
  113  115  117  119  120  120  117  114  110  108  107  106  105  103  101  100
  100  100  100  101  104  106  107  106  102   97   94   94  100  110  124  139
  152  166  181  194  204  228  246  259  246                                   
    30.0-180.0 180.0   5.0 450.0                            LAT/LON1/LON2/DLON/H
  262  272  279  279  289  291  302  308  316  321  325  326  325  319  310  298
  288  282  277  270  259  242  220  198  177  160  148  140  138  141  146  150
  153  153  153  152  150  146  142  137  131  127  124  121  116  112  107  103
  100   98   97   99  101  105  107  106  102   99   97   99  106  118  133  149
  162  178  194  207  216  241  260  273  262                                   
    27.5-180.0 180.0   5.0 450.0                            LAT/LON1/LON2/DLON/H
  291  304  312  307  316  313  320  324  330  334  337  337  335  329  320  309
  299  292  286  276  261  241  218  198  183  175  172  175  182  191  200  206
  206  203  197  190  183  176  170  163  156  151  145  139  133  125  117  110
  104  100   98   99  102  106  108  107  104  101  101  105  114  127  144  162
  177  195  212  227  236  263  283  294  291                                   
    25.0-180.0 180.0   5.0 450.0                            LAT/LON1/LON2/DLON/H
  334  351  362  354  363  357  359  358  361  361  361  358  353  345  334  321
  310  300  290  277  259  238  219  206  201  204  213  226  241  256  266  270
  266  256  242  228  214  203  194  186  180  173  167  160  151  141  131  121
  112  105  102  102  105  109  111  110  107  105  106  111  122  137  156  176
  193  215  235  253  264  292  313  322  334                                   
    22.5-180.0 180.0   5.0 450.0                            LAT/LON1/LON2/DLON/H
  388  408  424  417  427  420  419  412  410  405  400  391  381  369  354  338
  323  309  295  278  259  241  230  227  234  249  268  289  309  325  333  331
  320  301  278  255  235  220  209  202  196  191  185  178  169  158  146  133
  122  114  109  108  110  113  114  113  110  108  110  117  129  145  166  188
  209  235  258  281  295  325  348  355  388                                   
    20.0-180.0 180.0   5.0 450.0                            LAT/LON1/LON2/DLON/H
  443  468  488  485  500  495  493  482  477  467  455  440  422  404  384  363
  343  323  304  285  268  257  256  265  284  308  333  357  376  386  386  374
  353  326  296  266  242  224  213  207  203  200  196  191  183  173  160  147
  134  123  117  114  115  117  117  114  110  109  112  120  134  151  173  197
  221  252  278  307  325  357  383  391  443                                   
    17.5-180.0 180.0   5.0 450.0                            LAT/LON1/LON2/DLON/H
  492  520  543  547  570  569  569  559  553  541  524  501  477  452  426  399
  373  348  324  305  293  291  300  321  347  375  399  417  426  424  410  387
  358  326  293  262  236  217  207  203  202  201  200  197  191  182  171  158
  144  133  125  121  120  119  118  114  109  108  112  122  137  156  178  203
  229  263  293  326  348  383  414  425  492                                   
    15.0-180.0 180.0   5.0 450.0                            LAT/LON1/LON2/DLON/H
  524  556  582  592  621  627  633  628  626  615  597  571  541  510  479  448
  416  386  361  343  336  343  362  389  418  441  455  458  449  429  401  369
  337  306  276  248  223  206  197  195  195  197  197  196  193  187  178  166
  153  142  133  127  124  122  118  113  108  107  112  123  139  159  182  207
  234  269  301  336  362  400  436  451  524                                   
    12.5-180.0 180.0   5.0 450.0                            LAT/LON1/LON2/DLON/H
  538  571  601  614  647  659  673  676  682  677  662  637  607  574  541  507
  472  439  413  397  396  410  435  463  485  495  490  471  442  405  365  330
  301  277  256  234  214  199  190  189  190  192  193  193  191  187  180  171
  159  148  139  133  128  124  118  112  106  105  111  124  142  162  186  210
  236  272  305  340  368  409  449  467  538                                   
    10.0-180.0 180.0   5.0 450.0                            LAT/LON1/LON2/DLON/H
  537  570  600  612  646  663  684  696  712  716  709  689  663  633  602  569
  535  503  478  465  468  485  510  531  539  528  499  457  410  361  319  286
  266  254  244  231  216  203  195  192  192  192  191  190  188  185  180  173
  163  154  145  138  132  126  119  112  105  104  110  124  144  166  190  214
  239  274  307  340  369  412  455  474  537                                   
     7.5-180.0 180.0   5.0 450.0                            LAT/LON1/LON2/DLON/H
  528  560  588  596  628  646  671  690  715  729  730  719  700  678  653  626
  596  567  546  537  542  558  576  584  572  536  484  425  367  317  278  255
