data/edconvlstm_nd/pred1020.15i
     1.0            IONOSPHERE MAPS     GNSS                IONEX VERSION / TYPE
pyspatialgeodesy        IME             05-JAN-18 20:20     PGM / RUN BY / DATE 
Map Name                                                    COMMENT             
Predicted global ionosphere maps (GIM).                     DESCRIPTION         
  2015     4    12     0     0     0                        EPOCH OF FIRST MAP  
  2015     4    13     0     0     0                        EPOCH OF LAST MAP   
  7200                                                      INTERVAL            
    13                                                      # OF MAPS IN FILE   
  NONE                                                      MAPPING FUNCTION    
10.0                                                        ELEVATION CUTOFF    
One-way carrier phase leveled to code                       OBSERVABLES USED    
  6371.0                                                    BASE RADIUS         
 2                                                          MAP DIMENSION       
   450.0 450.0   0.0                                        HGT1 / HGT2 / DHGT  
    87.5 -87.5  -2.5                                        LAT1 / LAT2 / DLAT  
  -180.0 180.0   5.0                                        LON1 / LON2 / DLON  
    -1                                                      EXPONENT            
                                                            END OF HEADER       
[from data line 1287]
     4                                                      START OF TEC MAP    
  2015     4    12     6     0     0                        EPOCH OF CURRENT MAP
    87.5-180.0 180.0   5.0 450.0                            LAT/LON1/LON2/DLON/H
   86   84   81   85   88   87   88   87   91   95   98  101  104  107  109  111
  112  113  113  113  113  112  111  110  108  107  106  104  103  102  102  101
  101  100  100  100  100  100  100  100  100  100   99   99   98   97   96   96
   95   94   92   91   90   89   88   87   86   85   84   82   81   80   78   77
   77   77   75   74   78   83   89   89   86                                   
    85.0-180.0 180.0   5.0 450.0                            LAT/LON1/LON2/DLON/H
   72   80   75   79   84   86   89   91   96  100  104  109  112  116  118  120
  122  123  123  123  122  120  119  117  115  113  111  110  108  107  106  106
  105  105  105  106  106  106  107  107  107  107  107  107  107  106  105  104
  103  102  101  100   99   98   97   95   94   93   91   90   88   86   84   82
   82   81   76   77   75   77   81   79   72                                   
    82.5-180.0 180.0   5.0 450.0                            LAT/LON1/LON2/DLON/H
   65   65   69   69   73   78   82   86   92   98  104  110  115  119  122  125
  126  127  126  125  123  121  118  115  111  108  106  103  101  100   99   98
   98   99  100  101  102  104  105  106  107  108  108  108  108  107  106  106
  105  104  103  102  101  100   99   98   97   96   95   93   91   88   85   83
   81   78   73   71   74   67   62   63   65                                   
    80.0-180.0 180.0   5.0 450.0                            LAT/LON1/LON2/DLON/H
   66   58   55   58   65   69   75   81   89   96  103  111  117  121  125  127
  128  128  127  124  121  117  112  107  103   98   94   91   89   88   87   88
   89   90   93   95   98  100  103  105  107  108  109  109  109  109  109  108
  107  107  106  106  106  106  106  106  106  106  106  104  103  100   97   94
   90   85   79   74   73   66   64   60   66                                   
    77.5-180.0 180.0   5.0 450.0                            LAT/LON1/LON2/DLON/H
   74   63   56   58   62   68   75   81   89   96  103  111  117  122  125  126
  126  125  123  119  114  109  103   97   91   86   82   79   77   76   76   78
   81   84   88   92   97  101  105  108  110  112  113  114  114  114  114  113
  113  113  113  114  115  117  119  121  123  125  127  128  128  126  123  120
  115  109   99   94   87   71   66   65   74                                   
    75.0-180.0 180.0   5.0 450.0                            LAT/LON1/LON2/DLON/H
   82   71   59   62   64   69   75   79   87   93   99  106  110  113  115  115
  114  111  108  104   98   92   86   80   75   70   66   64   63   63   65   68
   72   77   82   88   93   98  103  106  109  111  113  113  114  114  114  114
  114  115  116  118  121  124  128  132  137  142  146  149  152  152  151  149
  143  137  127  116  107   92   85   78   82                                   
    72.5-180.0 180.0   5.0 450.0                            LAT/LON1/LON2/DLON/H
   97   85   74   73   74   78   83   86   92   97  101  105  107  108  108  106
  103  100   96   92   87   82   77   71   67   63   60   59   59   61   64   68
   74   80   86   92   98  103  108  111  114  116  117  117  118  118  119  119
  120  121  124  126  130  135  140  146  153  160  166  172  176  179  179  179
  175  170  161  150  138  120  111  102   97                                   
    70.0-180.0 180.0   5.0 450.0                            LAT/LON1/LON2/DLON/H
  117  102   91   87   84   84   87   88   91   93   95   97   96   94   91   88
   84   81   78   74   71   68   64   60   57   54   53   53   55   58   62   68
   73   80   86   91   97  101  105  108  110  112  113  113  114  115  117  118
  120  123  126  129  134  139  145  152  160  168  176  183  189  193  195  196
  194  190  183  173  162  146  139  130  117                                   
    67.5-180.0 180.0   5.0 450.0                            LAT/LON1/LON2/DLON/H
  130  116  104   98   93   90   90   88   90   90   89   89   86   82   78   73
   69   66   63   62   60   59   57   55   53   52   52   53   56   60   64   69
   74   79   84   88   92   96   99  101  102  103  105  106  108  110  113  116
  119  123  126  130  135  140  146  153  161  169  177  185  191  196  199  201
  200  198  193  184  175  162  156  150  130                                   
    65.0-180.0 180.0   5.0 450.0                            LAT/LON1/LON2/DLON/H
  142  129  115  107  100   94   91   88   87   86   84   82   78   73   68   63
   59   57   55   55   55   55   55   55   54   54   55   57   60   64   68   72
   76   79   82   85   87   90   92   93   95   97   99  102  105  110  114  120
  125  129  134  138  142  146  151  157  164  171  179  186  191  196  198  201
  200  199  196  189  183  173  170  166  142                                   
    62.5-180.0 180.0   5.0 450.0                            LAT/LON1/LON2/DLON/H
  150  139  124  113  104   95   89   84   82   80   78   76   73   68   63   59
   56   54   53   54   55   56   57   57   57   58   59   62   65   69   72   74
   76   77   78   79   80   82   84   86   89   92   96  100  106  113  120  128
  135  141  146  150  153  157  161  166  171  177  182  188  192  195  197  198
  198  196  194  188  184  177  175  174  150                                   
    60.0-180.0 180.0   5.0 450.0                            LAT/LON1/LON2/DLON/H
  157  146  132  118  106   94   85   78   75   72   70   69   67   64   60   57
   55   54   54   55   56   57   58   58   58   59   61   63   66   69   71   71
   71   70   70   70   72   74   77   81   85   90   96  103  111  120  130  140
  149  156  162  166  170  172  175  179  183  187  191  195  198  199  199  199
  197  194  191  186  183  179  178  176  157                                   
    57.5-180.0 180.0   5.0 450.0                            LAT/LON1/LON2/DLON/H
  167  158  143  126  113   97   86   76   70   66   64   63   62   61   60   58
   57   56   56   57   57   57   57   56   56   56   58   61   64   66   67   66
   64   63   62   63   66   70   75   81   87   93  101  110  121  133  145  157
  168  177  183  188  192  195  197  200  203  206  209  211  213  212  211  209
  205  201  197  191  188  184  183  180  167                                   
    55.0-180.0 180.0   5.0 450.0                            LAT/LON1/LON2/DLON/H
  183  176  162  143  128  109   94   80   71   63   59   58   58   58   59   59
   58   58   57   56   55   53   52   50   50   50   52   55   58   60   60   59
   57   55   56   58   63   69   77   85   93  101  111  122  135  149  163  177
  189  199  207  213  218  221  224  226  229  231  233  234  234  233  231  227
  222  216  210  203  200  196  194  189  183                                   
    52.5-180.0 180.0   5.0 450.0                            LAT/LON1/LON2/DLON/H
  207  202  189  169  153  132  114   95   80   67   59   56   56   56   58   59
   59   58   56   54   51   47   44   42   42   42   44   48   51   53   53   52
   51   51   53   57   65   74   83   93  103  113  125  138  152  168  184  199
  212  224  233  240  245  249  252  255  258  259  260  261  260  258  255  251
  245  239  232  223  218  213  211  205  207                                   
    50.0-180.0 180.0   5.0 450.0                            LAT/LON1/LON2/DLON/H
  235  232  221  203  187  166  145  121  100   81   67   60   57   56   58   59
   59   57   54   50   45   40   37   34   34   35   38   41   45   47   49   49
   48   50   54   61   71   82   94  105  117  129  142  157  173  190  207  223
  237  248  258  266  273  278  282  285  287  288  288  287  285  282  279  275
  269  263  256  246  241  234  232  226  235                                   
    47.5-180.0 180.0   5.0 450.0                            LAT/LON1/LON2/DLON/H
  263  262  254  239  225  205  184  156  129  103   83   70   62   60   59   60
   59   56   51   46   40   35   31   28   28   30   33   38   42   45   47   48
   50   54   61   70   82   95  108  121  134  148  163  180  198  215  232  248
  262  274  284  293  300  306  311  314  315  314  312  308  305  301  297  294
  290  285  279  268  262  254  253  247  263                                   
    45.0-180.0 180.0   5.0 450.0                            LAT/LON1/LON2/DLON/H
  284  285  278  268  258  241  221  192  161  130  103   85   73   67   64   63
   60   57   52   45   39   33   29   27   27   29   33   38   42   46   49   52
   56   63   72   84   97  112  126  140  155  171  189  207  226  244  260  275
  288  300  311  321  329  336  340  342  341  338  333  326  319  313  309  306
  303  300  295  285  278  270  269  263  284                                   
    42.5-180.0 180.0   5.0 450.0                            LAT/LON1/LON2/DLON/H
  293  294  290  283  277  264  246  220  189  154  124  101   86   77   72   69
   66   62   57   51   45   39   34   31   31   33   37   42   46   51   55   59
   66   75   86  100  115  131  146  161  178  197  217  238  257  275  291  305
  318  329  341  352  361  368  371  371  368  362  353  342  332  323  317  314
  312  310  306  296  289  279  278  272  293                                   
    40.0-180.0 180.0   5.0 450.0                            LAT/LON1/LON2/DLON/H
  290  289  285  280  276  266  253  231  202  170  140  116   99   88   81   77
   74   71   68   63   58   53   48   44   42   43   46   50   54   58   63   69
   78   89  102  118  134  151  167  184  203  224  248  270  291  308  323  337
  349  361  373  385  395  402  405  403  398  389  378  365  351  338  330  326
  323  321  317  306  297  284  282  274  290                                   
    37.5-180.0 180.0   5.0 450.0                            LAT/LON1/LON2/DLON/H
  281  273  268  260  258  248  238  221  199  172  146  125  109   97   90   87
   85   84   84   83   80   75   69   63   60   59   60   62   64   68   73   80
   90  103  118  135  153  170  187  206  227  252  278  302  324  341  356  369
  382  395  408  421  432  439  442  441  436  427  415  400  384  368  356  349
  344  340  334  321  309  292  287  274  281                                   
    35.0-180.0 180.0   5.0 450.0                            LAT/LON1/LON2/DLON/H
  275  258  249  235  229  217  207  194  178  160  141  126  113  104   98   95
   96   99  103  106  105  101   95   87   81   77   75   76   77   79   84   92
  103  116  132  150  169  188  207  227  250  277  306  332  355  373  388  403
  417  431  445  459  471  481  487  488  486  479  469  455  438  420  405  394
  384  376  366  348  333  309  299  281  275                                   
    32.5-180.0 180.0   5.0 450.0                            LAT/LON1/LON2/DLON/H
  284  257  240  218  205  186  173  161  150  139  128  120  113  106  103  103
  107  114  122  128  131  127  120  110  102   96   93   91   91   93   97  104
  115  128  145  164  184  204  224  245  270  299  330  358  381  401  418  434
  451  467  482  498  514  528  539  546  549  548  543  532  517  498  480  464
  449  435  419  394  373  344  325  301  284                                   
    30.0-180.0 180.0   5.0 450.0                            LAT/LON1/LON2/DLON/H
  318  280  255  224  201  174  155  139  129  120  116  113  110  107  105  108
  115  126  138  147  151  148  141  131  123  116  111  109  108  108  111  117
  126  139  155  175  197  219  240  263  288  318  349  378  403  424  444  463
  482  500  518  536  555  574  592  606  617  624  627  623  612  596  576  556
  536  515  492  459  433  397  368  341  318                                   
    27.5-180.0 180.0   5.0 450.0                            LAT/LON1/LON2/DLON/H
  380  337  304  265  232  196  167  144  128  118  113  112  111  109  109  112
  122  135  149  160  165  163  157  150  142  136  132  128  126  125  127  131
  138  149  165  185  209  233  256  278  303  332  363  393  419  441  463  485
  507  527  546  565  587  610  634  656  675  692  704  709  706  695  679  658
  634  609  579  539  507  465  427  399  380                                   
    25.0-180.0 180.0   5.0 450.0                            LAT/LON1/LON2/DLON/H
  471  427  389  346  304  262  222  188  162  143  132  127  122  119  117  120
  129  143  156  167  172  173  170  166  161  157  153  150  147  144  143  144
  148  157  172  193  218  244  269  292  316  343  373  402  428  452  475  499
  523  544  563  583  606  632  660  688  715  741  762  777  784  781  771  752
  729  702  669  625  588  542  498  473  471                                   
    22.5-180.0 180.0   5.0 450.0                            LAT/LON1/LON2/DLON/H
  577  539  498  458  413  370  320  274  235  203  180  164  152  143  137  136
  142  152  163  171  176  180  182  183  182  179  176  172  167  163  160  157
  157  162  176  197  224  252  278  301  324  350  378  407  432  456  481  506
  530  551  570  590  614  642  673  706  740  772  802  824  839  845  841  828
  807  782  750  706  667  617  575  555  577                                   
    20.0-180.0 180.0   5.0 450.0                            LAT/LON1/LON2/DLON/H
  679  648  610  580  537  499  446  393  341  294  255  225  202  184  171  165
  165  169  174  178  182  187  194  200  203  201  196  191  186  179  172  165
  162  164  175  197  225  255  283  306  329  354  381  408  434  457  481  507
  532  554  574  594  619  649  683  719  756  793  827  854  874  885  887  879
  862  840  812  772  733  683  647  634  679                                   
    17.5-180.0 180.0   5.0 450.0                            LAT/LON1/LON2/DLON/H
  757  731  701  682  647  620  571  519  459  401  348  305  271  243  221  207
  199  195  192  190  192  199  209  219  223  220  213  205  197  189  179  169
  161  161  171  193  222  254  282  307  330  355  382  409  433  456  480  506
  533  557  578  600  627  659  694  732  770  808  843  871  891  905  910  904
  891  874  851  816  779  731  704  699  757                                   
    15.0-180.0 180.0   5.0 450.0                            LAT/LON1/LON2/DLON/H
  800  774  750  741  715  700  664  620  563  502  442  391  349  313  284  261
  244  231  219  211  209  216  228  239  242  234  223  211  201  191  179  167
  158  157  166  187  216  248  278  304  328  353  380  407  431  453  477  505
  533  560  584  609  638  672  708  746  783  818  849  873  891  903  908  906
  896  883  866  837  803  758  741  741  800                                   
    12.5-180.0 180.0   5.0 450.0                            LAT/LON1/LON2/DLON/H
  807  776  754  745  726  721  699  670  624  571  515  465  422  385  351  323
  298  276  256  240  234  239  251  259  256  242  225  210  198  188  177  165
  156  154  163  182  210  241  271  298  325  351  379  404  427  449  473  502
  532  561  589  618  650  685  721  756  789  819  843  860  873  882  888  888
  882  874  864  840  811  770  758  761  807                                   
    10.0-180.0 180.0   5.0 450.0                            LAT/LON1/LON2/DLON/H
  788  749  720  701  680  680  671  659  630  592  549  510  475  443  412  382
  354  326  299  277  266  267  274  275  264  243  221  205  194  185  176  165
  157  156  163  179  204  233  263  292  320  348  376  400  421  442  466  495
  527  559  590  622  655  691  725  758  787  811  828  838  846  852  858  860
  859  857  852  835  811  774  765  765  788                                   
     7.5-180.0 180.0   5.0 450.0                            LAT/LON1/LON2/DLON/H
  760  711  666  629  598  596  596  598  588  567  542  520  499  478  454  428
  401  372  342  315  299  293  291  283  264  239  215  200  191  185  178  170
