data/edconvlstm_nd/pred0120.15i
     1.0            IONOSPHERE MAPS     GNSS                IONEX VERSION / TYPE
pyspatialgeodesy        IME             05-JAN-18 20:20     PGM / RUN BY / DATE 
Map Name                                                    COMMENT             
Predicted global ionosphere maps (GIM).                     DESCRIPTION         
  2015     1    12     0     0     0                        EPOCH OF FIRST MAP  
  2015     1    13     0     0     0                        EPOCH OF LAST MAP   
  7200                                                      INTERVAL            
    13                                                      # OF MAPS IN FILE   
  NONE                                                      MAPPING FUNCTION    
10.0                                                        ELEVATION CUTOFF    
One-way carrier phase leveled to code                       OBSERVABLES USED    
  6371.0                                                    BASE RADIUS         
 2                                                          MAP DIMENSION       
   450.0 450.0   0.0                                        HGT1 / HGT2 / DHGT  
    87.5 -87.5  -2.5                                        LAT1 / LAT2 / DLAT  
  -180.0 180.0   5.0                                        LON1 / LON2 / DLON  
    -1                                                      EXPONENT            
                                                            END OF HEADER       
[from data line 3432]
     9                                                      START OF TEC MAP    
  2015     1    12    16     0     0                        EPOCH OF CURRENT MAP
    87.5-180.0 180.0   5.0 450.0                            LAT/LON1/LON2/DLON/H
  101  111  112  118  123  123  123  121  122  125  125  125  125  125  125  124
  123  122  121  119  117  115  113  110  108  105  103  101   99   97   95   94
   92   91   91   90   90   89   89   89   90   90   90   91   92   93   94   94
   95   96   97   98   99  100  101  102  103  104  105  106  107  107  108  109
  110  111  108  105  110  108  120  116  101                                   
    85.0-180.0 180.0   5.0 450.0                            LAT/LON1/LON2/DLON/H
  107  115  129  117  118  124  125  128  129  132  132  133  133  133  133  132
  131  130  128  126  123  120  117  114  111  108  105  102   99   96   94   92
   90   89   88   87   87   87   87   87   87   88   88   89   90   91   93   94
   95   96   97   99  100  102  103  104  106  107  108  110  111  112  113  114
  115  116  112  107  108  109  114  113  107                                   
    82.5-180.0 180.0   5.0 450.0                            LAT/LON1/LON2/DLON/H
   90  103  110  104  107  113  117  120  122  125  127  129  130  131  131  130
  129  128  125  123  119  115  111  107  102   98   94   89   86   82   79   77
   75   73   72   71   70   70   70   70   71   72   73   74   75   77   78   80
   82   83   85   87   89   91   92   94   96   98   99  101  102  104  105  106
  107  107  103  100  100  110  105  103   90                                   
    80.0-180.0 180.0   5.0 450.0                            LAT/LON1/LON2/DLON/H
   72   81   91   87   90   93   99  105  109  114  117  121  123  125  125  126
  125  124  121  118  115  110  105  100   95   89   83   78   73   69   66   63
   60   59   58   57   57   57   57   57   58   59   60   61   63   64   66   68
   70   72   74   76   78   80   82   84   86   87   89   90   92   93   94   94
   95   95   93   90   85   91   89   91   72                                   
    77.5-180.0 180.0   5.0 450.0                            LAT/LON1/LON2/DLON/H
   66   68   73   70   73   78   85   91   97  102  107  112  116  119  122  123
  124  124  123  121  118  114  110  104   98   91   84   77   71   66   61   58
   55   54   53   52   52   51   51   51   52   52   53   54   55   57   59   61
   63   66   68   70   72   73   75   77   78   80   81   83   84   85   86   86
   86   85   83   81   78   76   76   79   66                                   
    75.0-180.0 180.0   5.0 450.0                            LAT/LON1/LON2/DLON/H
   53   55   56   55   59   64   69   75   82   89   95  101  106  111  114  117
  120  123  124  126  126  125  122  118  112  105   97   89   82   75   70   65
   62   60   58   57   56   54   53   52   51   50   50   51   52   54   56   58
   60   62   63   65   67   68   70   71   72   74   76   77   79   80   81   81
   81   81   79   75   72   67   64   58   53                                   
    72.5-180.0 180.0   5.0 450.0                            LAT/LON1/LON2/DLON/H
   50   49   48   49   50   55   61   66   72   79   85   91   97  103  108  113
  118  124  130  136  140  143  144  141  137  129  120  111  101   93   86   80
   76   73   70   67   65   62   59   56   53   50   49   49   49   50   52   54
   56   58   59   61   62   63   64   65   66   68   70   71   73   75   76   77
   77   77   76   71   68   63   61   59   50                                   
    70.0-180.0 180.0   5.0 450.0                            LAT/LON1/LON2/DLON/H
   52   49   48   48   48   52   55   60   66   72   78   84   89   95  102  109
  117  128  139  150  161  169  175  176  173  167  157  146  135  124  115  107
  101   96   91   86   81   76   70   64   59   55   52   50   50   51   52   54
   56   57   58   58   59   60   60   61   63   65   66   69   71   73   75   77
   78   78   78   74   71   66   65   62   52                                   
    67.5-180.0 180.0   5.0 450.0                            LAT/LON1/LON2/DLON/H
   58   55   53   54   54   57   59   64   68   72   77   82   88   94  101  110
  122  136  153  170  186  200  210  215  214  207  197  184  171  158  146  136
  128  121  114  107   99   90   82   73   65   59   55   52   51   52   53   55
   56   57   57   57   57   57   58   59   61   63   65   67   69   71   74   76
   78   79   80   76   73   69   66   63   58                                   
    65.0-180.0 180.0   5.0 450.0                            LAT/LON1/LON2/DLON/H
   61   60   58   60   59   61   62   65   68   72   75   80   85   91   99  110
  125  143  165  188  211  230  244  251  252  246  236  222  207  192  179  167
  157  147  137  127  116  104   92   81   71   62   57   53   51   51   52   53
   53   53   52   52   51   52   53   54   56   58   61   63   65   67   70   73
   75   78   80   78   76   73   70   69   61                                   
    62.5-180.0 180.0   5.0 450.0                            LAT/LON1/LON2/DLON/H
   61   62   61   64   63   65   65   67   69   72   75   79   84   91  100  113
  131  153  178  206  232  254  270  280  281  275  265  250  235  220  206  193
  181  169  156  143  129  114   99   86   74   64   57   53   51   50   50   50
   49   48   46   45   44   45   47   49   52   54   56   58   59   60   63   65
   68   71   74   73   71   69   66   67   61                                   
    60.0-180.0 180.0   5.0 450.0                            LAT/LON1/LON2/DLON/H
   58   60   61   64   63   64   64   65   66   68   72   77   83   91  102  117
  137  161  190  219  248  271  289  298  300  294  284  270  256  242  228  215
  202  188  173  157  139  122  105   90   77   67   59   54   50   49   48   47
   45   42   40   38   37   38   41   44   47   50   51   52   52   53   54   56
   58   61   65   64   64   62   60   63   58                                   
    57.5-180.0 180.0   5.0 450.0                            LAT/LON1/LON2/DLON/H
   53   56   57   62   61   61   60   60   61   64   69   75   83   93  107  124
  146  172  201  231  259  282  299  307  309  303  294  282  270  259  247  235
  222  207  189  171  151  132  115   99   86   74   66   60   55   52   50   47
   44   40   37   34   34   36   39   43   47   49   50   50   48   47   47   48
   50   53   56   56   56   53   53   57   53                                   
    55.0-180.0 180.0   5.0 450.0                            LAT/LON1/LON2/DLON/H
   50   53   54   59   58   58   56   55   56   60   66   74   85   98  114  134
  158  184  213  241  266  287  301  308  309  304  296  288  279  271  262  252
  239  223  204  184  164  145  127  112   98   87   77   70   64   60   56   52
   48   43   39   36   35   37   42   46   50   52   52   50   47   44   43   43
   45   47   51   51   51   48   47   52   50                                   
    52.5-180.0 180.0   5.0 450.0                            LAT/LON1/LON2/DLON/H
   50   53   54   59   58   56   53   52   53   57   65   76   90  106  125  147
  172  198  224  249  271  288  299  304  304  300  294  289  284  279  273  264
  252  236  217  197  178  159  143  129  116  104   94   85   77   71   66   62
   57   51   46   43   43   45   49   54   58   59   57   54   49   45   43   43
   44   47   51   52   52   47   46   50   50                                   
    50.0-180.0 180.0   5.0 450.0                            LAT/LON1/LON2/DLON/H
   56   58   58   63   61   58   55   53   54   60   70   83  100  119  141  164
  189  214  237  258  276  288  296  299  298  295  292  288  286  283  279  271
  260  245  227  208  191  175  161  148  136  124  113  103   94   87   81   75
   70   65   60   56   55   57   61   65   68   68   65   60   55   50   48   48
   49   53   57   59   59   54   52   54   56                                   
    47.5-180.0 180.0   5.0 450.0                            LAT/LON1/LON2/DLON/H
   66   66   66   71   69   66   62   60   62   69   81   96  115  137  160  184
  208  231  252  269  282  291  297  298  297  294  291  289  287  284  279  272
  261  247  231  216  202  189  178  167  156  145  132  121  111  103   96   91
   86   80   75   72   71   72   75   77   78   77   73   67   61   57   55   55
   57   63   68   71   71   67   63   63   66                                   
    45.0-180.0 180.0   5.0 450.0                            LAT/LON1/LON2/DLON/H
   78   77   77   82   81   77   73   72   75   85   98  116  136  159  183  207
  230  250  268  282  292  299  302  303  301  298  294  290  286  281  274  265
  255  243  231  220  210  201  193  184  174  162  149  137  126  117  110  105
  100   95   90   86   85   85   87   88   87   83   79   73   68   64   62   63
   67   73   80   84   85   82   77   76   78                                   
    42.5-180.0 180.0   5.0 450.0                            LAT/LON1/LON2/DLON/H
   88   87   87   92   92   89   87   87   92  104  120  140  161  184  207  230
  251  270  285  297  305  310  312  312  310  306  300  292  284  275  266  256
  247  238  230  223  217  211  206  198  188  175  162  149  137  128  121  115
  110  104   99   95   94   94   94   93   91   87   82   77   73   70   69   70
   74   81   89   95   97   94   89   88   88                                   
    40.0-180.0 180.0   5.0 450.0                            LAT/LON1/LON2/DLON/H
   93   92   93   99  100   99   98  101  110  125  144  165  188  210  232  253
  272  289  302  312  319  324  326  325  322  316  306  295  283  271  260  252
  245  239  235  231  228  224  219  211  199  186  172  158  146  136  128  121
  115  108  102   99   97   96   96   94   91   86   82   78   76   74   74   75
   79   85   93  100  102  100   95   96   93                                   
    37.5-180.0 180.0   5.0 450.0                            LAT/LON1/LON2/DLON/H
   90   90   94  100  103  103  106  112  124  142  165  189  212  234  255  274
  292  307  318  327  334  338  340  339  334  326  314  300  286  274  266  260
  258  256  255  253  249  244  236  226  212  197  181  167  154  142  133  124
  116  108  102   97   95   95   95   93   89   85   81   80   79   78   78   79
   81   86   93   99  100   98   92   96   90                                   
    35.0-180.0 180.0   5.0 450.0                            LAT/LON1/LON2/DLON/H
   84   84   88   95  100  101  107  116  132  154  180  206  231  253  274  292
  308  322  332  340  346  350  351  349  344  335  324  311  299  291  288  289
  292  294  295  292  286  276  263  247  230  212  195  179  165  152  140  129
  118  109  101   96   94   95   95   93   89   85   83   83   84   85   85   85
   85   88   93   95   95   90   84   90   84                                   
    32.5-180.0 180.0   5.0 450.0                            LAT/LON1/LON2/DLON/H
   76   76   80   88   93   94  103  114  134  159  188  217  243  266  287  306
  321  334  343  351  356  359  359  357  352  345  337  330  325  326  331  341
  351  358  359  353  339  321  300  278  256  235  215  198  182  167  153  140
  127  115  106  101   99  100  100   98   95   91   90   92   94   95   96   95
   93   94   95   94   91   82   75   83   76                                   
    30.0-180.0 180.0   5.0 450.0                            LAT/LON1/LON2/DLON/H
   73   71   73   79   84   85   95  108  129  157  189  220  249  274  296  315
  331  343  352  358  363  365  364  362  359  357  356  359  366  378  396  417
  436  447  446  432  408  378  347  318  290  266  244  225  208  191  175  160
  145  132  122  117  115  116  116  113  109  105  104  106  109  111  112  110
  107  106  104   99   94   81   70   77   73                                   
    27.5-180.0 180.0   5.0 450.0                            LAT/LON1/LON2/DLON/H
   76   70   68   73   76   77   88  100  123  152  186  219  249  276  300  321
  338  350  358  364  367  369  369  368  369  374  383  399  420  449  482  516
  543  555  548  522  484  442  401  364  332  305  282  261  243  225  208  191
  176  162  153  147  146  146  145  140  134  128  125  126  128  130  131  130
  126  126  121  113  105   88   71   74   76                                   
    25.0-180.0 180.0   5.0 450.0                            LAT/LON1/LON2/DLON/H
   88   77   69   72   73   72   83   95  118  148  182  216  248  277  303  326
  343  356  365  370  372  374  375  378  385  398  419  448  486  532  580  625
  656  664  646  606  555  501  453  411  377  348  324  303  284  266  249  233
  219  207  198  193  191  189  185  177  167  157  150  148  149  150  151  151
  149  150  142  136  123  102   79   76   88                                   
    22.5-180.0 180.0   5.0 450.0                            LAT/LON1/LON2/DLON/H
  105   88   75   76   75   74   85   96  118  147  181  216  248  279  306  331
  350  364  372  377  380  383  387  394  408  431  463  506  558  616  673  720
  747  746  717  667  606  547  496  454  420  391  366  345  326  309  294  281
  269  260  253  248  245  240  232  219  203  188  176  170  168  168  170  170
  170  174  165  161  147  120   95   85  105                                   
    20.0-180.0 180.0   5.0 450.0                            LAT/LON1/LON2/DLON/H
  123  102   85   85   82   82   93  104  126  154  187  221  254  285  314  340
  361  375  383  389  393  399  407  421  442  473  514  566  625  687  743  783
  800  789  751  696  634  576  528  488  455  427  402  381  364  349  337  327
  320  314  309  304  298  289  277  259  237  217  200  190  185  183  184  186
  187  193  185  184  170  140  114   99  123                                   
    17.5-180.0 180.0   5.0 450.0                            LAT/LON1/LON2/DLON/H
  137  113   96   94   92   93  105  118  140  169  201  235  268  299  329  356
  377  392  401  407  414  424  438  458  485  522  568  622  679  734  779  807
  812  791  750  696  639  588  547  513  483  456  431  410  393  380  371  364
  361  358  354  348  339  327  310  289  265  240  220  206  198  195  195  196
  197  204  196  198  186  157  132  116  137                                   
    15.0-180.0 180.0   5.0 450.0                            LAT/LON1/LON2/DLON/H
  143  119  104  102  100  103  119  134  158  188  222  256  289  321  351  378
  400  416  426  434  444  458  477  502  534  573  618  666  713  754  782  794
  787  760  720  673  627  588  556  529  504  478  453  431  413  400  391  386
  384  383  379  372  361  346  328  306  280  255  233  217  207  202  201  200
  200  205  198  200  189  165  144  128  143                                   
    12.5-180.0 180.0   5.0 450.0                            LAT/LON1/LON2/DLON/H
  139  118  106  104  104  111  130  149  178  211  246  282  316  348  379  407
  430  447  459  469  481  499  521  549  582  619  659  696  726  747  756  752
  736  708  675  639  607  581  560  540  519  494  468  444  424  408  397  390
  387  385  382  374  362  347  329  309  285  260  238  221  210  203  200  197
  194  196  190  190  182  165  148  135  139                                   
    10.0-180.0 180.0   5.0 450.0                            LAT/LON1/LON2/DLON/H
  128  111  102  101  105  115  138  162  195  232  271  309  344  377  409  439
  463  482  495  507  521  540  565  593  625  657  686  707  719  721  713  697
  676  652  628  607  589  575  563  549  530  506  478  451  426  405  389  378
  372  369  365  358  347  334  319  301  281  258  238  221  209  201  195  189
  183  181  175  173  167  158  144  134  128                                   
     7.5-180.0 180.0   5.0 450.0                            LAT/LON1/LON2/DLON/H
  114  103   95   95  102  114  142  171  209  250  292  332  370  405  438  469
  495  515  530  544  559  578  602  629  657  681  698  704  700  686  668  646
