data/edconvlstm_nd/pred0750.15i
     1.0            IONOSPHERE MAPS     GNSS                IONEX VERSION / TYPE
pyspatialgeodesy        IME             05-JAN-18 20:20     PGM / RUN BY / DATE 
Map Name                                                    COMMENT             
Predicted global ionosphere maps (GIM).                     DESCRIPTION         
  2015     3    16     0     0     0                        EPOCH OF FIRST MAP  
  2015     3    17     0     0     0                        EPOCH OF LAST MAP   
  7200                                                      INTERVAL            
    13                                                      # OF MAPS IN FILE   
  NONE                                                      MAPPING FUNCTION    
10.0                                                        ELEVATION CUTOFF    
One-way carrier phase leveled to code                       OBSERVABLES USED    
  6371.0                                                    BASE RADIUS         
 2                                                          MAP DIMENSION       
   450.0 450.0   0.0                                        HGT1 / HGT2 / DHGT  
    87.5 -87.5  -2.5                                        LAT1 / LAT2 / DLAT  
  -180.0 180.0   5.0                                        LON1 / LON2 / DLON  
    -1                                                      EXPONENT            
                                                            END OF HEADER       
[from data line 3861]
    10                                                      START OF TEC MAP    
  2015     3    16    18     0     0                        EPOCH OF CURRENT MAP
    87.5-180.0 180.0   5.0 450.0                            LAT/LON1/LON2/DLON/H
  186  186  178  187  190  192  192  192  192  193  193  193  193  193  193  193
  192  192  191  190  189  188  186  185  183  181  179  177  175  172  170  168
  166  164  162  161  159  157  156  155  154  153  153  152  152  153  153  154
  155  156  157  159  160  162  164  165  167  169  170  172  173  174  175  176
  177  179  179  179  187  188  189  186  186                                   
    85.0-180.0 180.0   5.0 450.0                            LAT/LON1/LON2/DLON/H
  176  181  191  187  186  193  195  198  199  200  200  201  201  201  201  201
  201  200  200  199  197  196  194  192  189  187  184  181  179  176  173  170
  167  165  162  160  158  156  155  153  152  152  151  151  151  152  153  154
  155  157  159  161  163  165  167  169  170  172  174  175  176  178  179  180
  182  183  182  181  183  179  179  182  176                                   
    82.5-180.0 180.0   5.0 450.0                            LAT/LON1/LON2/DLON/H
  151  161  165  166  170  177  183  186  187  190  192  194  195  197  198  199
  199  199  199  198  197  195  193  191  187  184  180  175  171  167  162  158
  154  150  146  143  139  137  134  132  130  129  128  127  127  128  129  130
  132  134  137  140  142  145  147  150  152  154  155  157  158  158  159  159
  160  161  160  162  160  167  159  156  151                                   
    80.0-180.0 180.0   5.0 450.0                            LAT/LON1/LON2/DLON/H
  131  138  145  147  152  157  164  172  176  180  184  187  190  192  194  196
  197  197  198  197  196  194  192  188  184  179  174  169  163  157  151  145
  140  135  130  126  122  119  116  113  111  109  108  107  107  108  109  112
  114  118  121  125  129  132  135  138  140  142  143  144  144  144  144  144
  144  144  143  143  137  135  130  133  131                                   
    77.5-180.0 180.0   5.0 450.0                            LAT/LON1/LON2/DLON/H
  115  112  119  122  129  135  143  151  157  163  168  173  178  182  185  188
  191  193  195  195  195  195  193  189  185  180  174  167  160  153  146  140
  134  129  124  119  115  111  108  104  101   98   95   94   93   93   94   96
   99  103  107  111  115  118  121  123  125  126  126  126  125  123  122  121
  119  118  117  117  114  109  108  114  115                                   
    75.0-180.0 180.0   5.0 450.0                            LAT/LON1/LON2/DLON/H
   99  100  103  108  115  122  129  138  146  154  160  167  173  178  182  187
  191  194  197  199  201  201  200  198  194  189  183  176  168  160  153  146
  140  134  129  125  121  117  112  108  104  100   97   94   92   92   93   95
   97  101  105  109  112  115  117  119  119  119  118  116  114  112  110  108
  106  104  104  101   99   94   93   90   99                                   
    72.5-180.0 180.0   5.0 450.0                            LAT/LON1/LON2/DLON/H
   89   91   94  101  106  114  123  131  139  148  156  163  170  176  182  187
  192  197  201  206  209  211  211  210  206  201  194  187  178  170  162  155
  149  143  139  135  131  127  122  117  112  107  102   98   95   94   93   95
   97  100  104  107  110  112  113  113  112  110  107  105  102   99   97   95
   92   91   90   88   87   85   87   88   89                                   
    70.0-180.0 180.0   5.0 450.0                            LAT/LON1/LON2/DLON/H
   88   92   96  102  107  115  123  132  141  150  158  166  173  179  185  190
  195  201  207  213  218  221  223  223  220  216  209  202  194  185  177  170
  164  159  154  150  146  141  136  130  124  118  112  107  103  101  100  100
  102  104  106  109  110  111  110  109  107  104  100   97   94   92   90   89
   87   86   86   85   86   86   91   90   88                                   
    67.5-180.0 180.0   5.0 450.0                            LAT/LON1/LON2/DLON/H
   92   98  103  110  117  125  133  142  151  161  169  177  184  189  194  199
  204  209  216  222  228  233  236  237  235  231  225  218  210  203  195  188
  182  176  171  166  160  155  149  142  135  128  122  116  111  108  106  105
  106  107  109  110  111  110  109  106  103   99   96   93   91   89   88   88
   87   87   88   86   88   90   94   95   92                                   
    65.0-180.0 180.0   5.0 450.0                            LAT/LON1/LON2/DLON/H
   92  100  106  114  121  130  138  148  157  168  176  185  191  196  200  203
  208  213  219  226  233  239  243  245  244  241  237  231  225  219  213  206
  199  193  186  179  171  164  156  148  141  133  126  120  114  110  106  104
  103  103  104  104  103  102  100   97   93   90   86   84   82   81   81   82
   82   84   86   86   88   92   97  100   92                                   
    62.5-180.0 180.0   5.0 450.0                            LAT/LON1/LON2/DLON/H
   89   98  104  113  121  131  141  151  162  173  183  191  198  202  205  208
  211  216  221  228  234  240  244  246  247  246  244  241  238  234  230  224
  216  208  199  188  178  168  158  149  141  134  127  120  114  108  103   99
   96   95   94   93   92   90   88   85   82   79   77   75   75   75   75   77
   77   79   81   81   83   86   91   96   89                                   
    60.0-180.0 180.0   5.0 450.0                            LAT/LON1/LON2/DLON/H
   82   90   97  108  117  127  138  150  162  174  185  194  201  206  209  211
  213  216  220  225  230  235  239  241  243  245  247  248  249  249  247  243
  235  225  212  199  185  172  161  151  142  134  127  120  113  106   99   93
   89   85   83   81   80   78   76   74   72   70   69   69   69   69   70   71
   71   73   74   73   73   76   80   87   82                                   
    57.5-180.0 180.0   5.0 450.0                            LAT/LON1/LON2/DLON/H
   73   82   89  101  112  124  136  149  161  174  186  196  204  209  212  214
  215  216  218  221  224  227  230  233  237  242  248  255  261  265  266  262
  254  242  227  211  195  179  166  155  146  139  132  125  117  108   99   91
   84   79   75   73   72   70   69   68   67   67   67   68   68   68   69   69
   69   69   68   66   65   64   66   75   73                                   
    55.0-180.0 180.0   5.0 450.0                            LAT/LON1/LON2/DLON/H
   69   78   86   99  112  125  139  152  165  178  190  200  208  214  217  218
  218  218  218  218  218  220  222  226  232  240  251  262  273  281  284  282
  273  260  243  225  207  190  176  165  156  148  141  134  125  115  105   95
   86   80   75   73   71   70   69   69   70   71   72   73   74   74   74   73
   71   70   68   64   61   58   58   66   69                                   
    52.5-180.0 180.0   5.0 450.0                            LAT/LON1/LON2/DLON/H
   71   81   91  105  120  135  150  163  176  188  199  208  216  221  225  226
  225  222  220  217  216  216  218  223  231  243  257  272  286  296  300  298
  289  274  257  238  220  203  189  178  169  161  154  147  138  127  116  105
   96   89   84   81   79   78   77   78   79   81   83   85   86   86   85   84
   81   78   75   70   66   60   58   64   71                                   
    50.0-180.0 180.0   5.0 450.0                            LAT/LON1/LON2/DLON/H
   83   93  105  120  137  155  170  183  195  206  215  223  230  235  238  239
  236  232  226  221  218  218  221  228  238  252  269  285  300  309  312  308
  298  283  266  249  233  217  204  193  183  175  168  160  151  142  132  122
  113  106  101   97   95   93   91   91   92   95   98  100  101  102  101   99
   96   93   90   85   80   73   69   73   83                                   
    47.5-180.0 180.0   5.0 450.0                            LAT/LON1/LON2/DLON/H
  103  113  127  143  162  181  197  210  221  231  239  245  251  255  257  256
  252  245  238  231  228  228  233  241  253  268  284  299  311  318  318  311
  300  285  270  256  242  229  217  205  195  185  177  170  162  155  147  139
  132  126  121  117  113  109  106  105  105  107  110  113  115  116  116  115
  112  111  108  105  100   93   89   91  103                                   
    45.0-180.0 180.0   5.0 450.0                            LAT/LON1/LON2/DLON/H
  127  137  152  169  188  208  225  238  249  259  266  271  276  279  281  279
  273  263  254  246  243  245  251  262  274  288  301  312  319  321  316  307
  295  283  271  260  250  239  227  214  202  190  180  173  167  163  158  154
  149  144  139  134  128  122  117  113  113  114  117  121  124  127  128  129
  128  128  126  125  122  116  113  114  127                                   
    42.5-180.0 180.0   5.0 450.0                            LAT/LON1/LON2/DLON/H
  148  159  175  192  212  232  249  263  275  286  292  298  303  306  307  303
  296  284  273  265  263  266  275  286  298  309  317  323  323  320  312  302
  292  282  274  267  260  250  237  222  206  191  179  171  166  164  164  162
  159  155  149  142  134  126  119  114  112  113  117  121  126  130  134  137
  137  139  139  140  139  134  132  136  148                                   
    40.0-180.0 180.0   5.0 450.0                            LAT/LON1/LON2/DLON/H
  162  172  188  207  228  247  266  281  295  307  316  323  328  332  333  329
  320  307  295  287  286  291  300  311  320  327  330  330  326  321  314  306
  300  295  290  286  279  267  252  233  213  193  178  167  162  162  164  164
  162  157  149  140  130  121  113  107  105  107  110  116  122  128  133  137
  139  141  142  144  144  141  141  147  162                                   
    37.5-180.0 180.0   5.0 450.0                            LAT/LON1/LON2/DLON/H
  163  172  189  210  231  251  271  289  306  321  333  343  351  356  358  354
  344  331  319  312  311  316  324  332  338  340  340  337  335  332  331  330
  330  330  329  324  314  299  278  254  228  204  183  169  162  161  163  163
  160  153  143  132  121  112  105  100   99  101  104  110  116  122  128  133
  134  135  137  138  137  135  137  144  163                                   
    35.0-180.0 180.0   5.0 450.0                            LAT/LON1/LON2/DLON/H
  155  163  179  202  224  243  266  287  308  328  344  358  368  376  380  377
  368  356  345  338  337  341  346  349  351  351  350  351  355  362  371  382
  390  395  394  385  369  346  319  288  257  227  202  183  172  168  167  165
  159  148  136  124  114  106  102  100  100  102  106  110  115  120  125  128
  127  127  126  125  123  120  124  130  155                                   
    32.5-180.0 180.0   5.0 450.0                            LAT/LON1/LON2/DLON/H
  144  150  166  190  212  231  256  279  305  328  349  367  381  391  397  396
  389  379  370  364  363  364  364  364  363  363  367  377  393  415  439  463
  481  490  486  470  443  410  374  337  302  267  236  211  195  187  182  176
  165  151  136  124  116  112  111  112  115  118  121  123  126  128  129  129
  125  121  117  113  110  105  109  114  144                                   
    30.0-180.0 180.0   5.0 450.0                            LAT/LON1/LON2/DLON/H
  135  141  156  182  204  222  248  273  301  328  351  371  389  402  410  412
  408  401  394  390  387  385  381  377  376  381  395  419  451  491  533  571
  598  609  599  571  529  483  438  397  358  320  285  255  233  219  210  199
  184  167  151  139  134  134  137  141  146  149  151  150  149  146  143  138
  130  123  115  108  104   97   98  101  135                                   
    27.5-180.0 180.0   5.0 450.0                            LAT/LON1/LON2/DLON/H
  132  139  154  181  205  222  249  274  303  330  354  375  393  409  419  423
  422  419  415  412  409  403  396  392  394  408  435  476  528  586  645  696
  730  737  717  672  613  554  501  457  417  379  341  307  281  263  250  236
  218  199  183  173  171  175  182  188  193  195  194  190  182  174  165  155
  143  134  122  113  108   99   96   96  132                                   
    25.0-180.0 180.0   5.0 450.0                            LAT/LON1/LON2/DLON/H
  137  146  160  190  215  232  259  284  312  338  361  381  398  413  425  431
  433  432  432  431  427  420  412  410  420  446  489  547  617  691  762  819
  850  848  812  750  676  606  549  504  466  430  394  359  332  313  298  284
  266  247  233  226  227  234  242  249  253  253  248  238  224  208  192  177
  161  151  137  127  120  110  103  100  137                                   
    22.5-180.0 180.0   5.0 450.0                            LAT/LON1/LON2/DLON/H
  149  159  173  204  232  251  278  301  328  352  373  390  406  419  430  436
  440  442  445  446  442  436  431  435  455  495  554  627  708  789  861  912
  932  915  862  786  702  627  568  526  493  461  428  397  372  356  346  335
  320  305  294  290  293  300  307  311  311  307  298  283  263  241  219  199
  181  170  156  147  138  127  118  114  149                                   
    20.0-180.0 180.0   5.0 450.0                            LAT/LON1/LON2/DLON/H
  164  176  188  221  251  271  299  322  348  371  389  405  418  429  437  443
  447  451  456  458  457  454  454  468  500  553  624  705  787  861  920  954
  955  921  855  771  686  612  555  517  488  462  435  410  393  385  382  379
  372  363  355  353  355  358  360  357  351  342  328  309  285  259  234  213
  196  186  174  167  156  146  136  132  164                                   
    17.5-180.0 180.0   5.0 450.0                            LAT/LON1/LON2/DLON/H
  177  190  202  234  267  289  319  342  368  391  408  423  434  444  450  455
  458  463  469  473  475  477  485  509  553  615  690  767  836  891  927  937
  917  868  796  714  635  568  517  481  456  435  414  398  392  395  403  410
  412  409  405  403  401  398  391  380  366  351  333  311  286  259  235  214
  200  193  185  180  170  160  150  149  177                                   
    15.0-180.0 180.0   5.0 450.0                            LAT/LON1/LON2/DLON/H
  184  197  210  242  276  301  333  358  385  409  428  443  456  465  470  473
  476  480  487  493  499  507  524  557  608  673  743  804  849  875  883  869
  833  776  708  636  570  513  468  435  412  393  378  371  376  391  410  427
  437  440  438  434  427  416  399  379  358  337  316  294  270  246  224  207
  195  191  186  183  175  166  155  160  184                                   
    12.5-180.0 180.0   5.0 450.0                            LAT/LON1/LON2/DLON/H
  182  195  210  243  278  307  341  369  398  424  446  465  479  490  497  500
  502  506  513  522  531  545  569  607  660  720  774  810  825  823  806  776
  731  677  619  563  512  467  428  397  373  355  345  346  359  383  410  433
  448  454  453  447  434  414  389  361  334  311  289  269  247  227  210  195
  185  183  179  176  170  163  151  159  182                                   
    10.0-180.0 180.0   5.0 450.0                            LAT/LON1/LON2/DLON/H
  174  187  205  238  274  306  343  374  406  436  462  485  504  518  528  532
  536  540  547  557  570  587  614  654  702  750  782  790  779  756  725  687
  643  598  554  515  481  447  415  384  358  339  331  336  354  382  411  436
  451  457  455  445  428  402  372  340  310  285  263  243  225  208  194  182
  173  170  165  161  157  151  139  151  174                                   
     7.5-180.0 180.0   5.0 450.0                            LAT/LON1/LON2/DLON/H
  164  177  198  232  268  304  343  376  411  444  474  502  526  545  559  567
  572  578  586  597  611  631  658  694  733  763  772  760  732  697  662  626
