data/edconvlstm_nd/pred0880.15i
     1.0            IONOSPHERE MAPS     GNSS                IONEX VERSION / TYPE
pyspatialgeodesy        IME             05-JAN-18 20:20     PGM / RUN BY / DATE 
Map Name                                                    COMMENT             
Predicted global ionosphere maps (GIM).                     DESCRIPTION         
  2015     3    29     0     0     0                        EPOCH OF FIRST MAP  
  2015     3    30     0     0     0                        EPOCH OF LAST MAP   
  7200                                                      INTERVAL            
    13                                                      # OF MAPS IN FILE   
  NONE                                                      MAPPING FUNCTION    
10.0                                                        ELEVATION CUTOFF    
One-way carrier phase leveled to code                       OBSERVABLES USED    
  6371.0                                                    BASE RADIUS         
 2                                                          MAP DIMENSION       
   450.0 450.0   0.0                                        HGT1 / HGT2 / DHGT  
    87.5 -87.5  -2.5                                        LAT1 / LAT2 / DLAT  
  -180.0 180.0   5.0                                        LON1 / LON2 / DLON  
    -1                                                      EXPONENT            
                                                            END OF HEADER       
     1                                                      START OF TEC MAP    
  2015     3    29     0     0     0                        EPOCH OF CURRENT MAP
    87.5-180.0 180.0   5.0 450.0                            LAT/LON1/LON2/DLON/H
  153  156  163  152  149  148  145  144  144  143  143  143  143  143  143  143
  143  143  143  143  142  142  141  140  139  138  137  136  134  133  132  131
  130  129  128  127  127  127  128  128  129  131  132  134  136  138  140  143
  145  147  149  151  153  154  156  157  158  159  159  160  160  159  159  159
  158  158  158  157  154  151  158  181  153                                   
    85.0-180.0 180.0   5.0 450.0                            LAT/LON1/LON2/DLON/H
  162  158  148  148  150  150  146  145  145  144  145  145  145  146  146  146
  146  146  146  146  145  144  143  142  140  138  136  134  132  129  127  124
  122  120  118  117  116  116  117  118  119  121  124  127  130  133  137  140
  144  147  151  154  157  159  162  164  166  168  169  170  170  170  170  169
  169  168  168  169  159  162  169  185  162                                   
    82.5-180.0 180.0   5.0 450.0                            LAT/LON1/LON2/DLON/H
  158  153  154  151  151  150  146  146  147  146  147  148  149  150  151  152
  152  153  152  152  151  150  149  147  144  142  139  135  132  128  124  120
  116  113  110  108  106  106  106  107  109  111  115  118  123  127  132  137
  142  147  151  156  161  165  169  173  176  179  182  184  185  185  185  185
  184  182  181  178  172  161  170  178  158                                   
    80.0-180.0 180.0   5.0 450.0                            LAT/LON1/LON2/DLON/H
  161  159  154  151  150  150  151  152  154  154  156  159  161  163  165  166
  167  167  167  166  165  164  162  160  157  154  150  145  140  135  129  124
  119  114  110  107  105  104  103  104  106  109  113  117  122  127  133  138
  144  149  155  160  166  171  176  181  186  190  193  196  198  199  199  199
  197  195  192  187  186  175  186  197  161                                   
    77.5-180.0 180.0   5.0 450.0                            LAT/LON1/LON2/DLON/H
  173  167  162  162  156  156  159  162  165  166  170  174  178  181  183  184
  184  184  183  182  181  179  177  175  172  168  164  159  154  148  142  136
  130  125  120  116  113  111  111  111  112  115  118  122  126  131  136  141
  147  152  157  162  167  173  178  184  189  194  198  202  205  206  208  209
  208  207  203  199  197  193  199  217  173                                   
    75.0-180.0 180.0   5.0 450.0                            LAT/LON1/LON2/DLON/H
  194  187  181  180  173  172  173  176  180  183  188  193  197  199  200  200
  198  196  194  192  190  188  186  184  181  178  175  171  166  160  155  149
  144  139  134  130  127  125  123  122  123  125  127  131  134  138  142  146
  149  153  156  160  164  168  173  179  184  189  194  199  203  206  209  211
  211  212  212  205  205  208  215  234  194                                   
    72.5-180.0 180.0   5.0 450.0                            LAT/LON1/LON2/DLON/H
  208  212  208  204  196  193  194  197  202  205  210  216  219  220  218  215
  210  205  200  196  193  191  189  187  185  183  180  176  172  168  164  160
  155  151  147  143  139  136  133  132  131  132  134  136  139  141  144  145
  147  148  149  151  153  156  160  165  170  176  182  187  193  197  202  207
  209  213  216  215  216  221  232  251  208                                   
    70.0-180.0 180.0   5.0 450.0                            LAT/LON1/LON2/DLON/H
  233  240  236  233  224  220  219  221  226  230  235  240  242  241  236  228
  219  210  203  197  193  190  188  187  185  182  179  175  172  169  166  164
  161  158  155  151  147  143  139  137  135  135  136  138  140  141  142  142
  141  140  139  138  139  141  144  149  155  162  169  176  183  189  195  201
  206  212  220  223  230  240  251  267  233                                   
    67.5-180.0 180.0   5.0 450.0                            LAT/LON1/LON2/DLON/H
  258  270  265  261  252  246  243  244  248  252  258  263  263  259  250  239
  226  214  205  198  193  190  188  186  182  178  174  169  165  162  160  159
  157  155  152  148  144  139  135  131  130  129  130  131  133  133  133  131
  129  126  123  122  122  124  128  134  142  150  159  167  175  182  189  197
  204  212  222  229  240  254  265  281  258                                   
    65.0-180.0 180.0   5.0 450.0                            LAT/LON1/LON2/DLON/H
  278  291  286  282  274  266  260  260  264  268  274  279  279  273  262  248
  233  220  209  202  198  194  191  187  181  174  166  159  154  151  149  148
  148  146  143  139  133  128  123  119  118  117  118  119  120  120  119  117
  113  110  107  106  107  111  116  124  133  144  154  164  172  180  188  196
  204  213  225  233  246  263  275  290  278                                   
    62.5-180.0 180.0   5.0 450.0                            LAT/LON1/LON2/DLON/H
  293  306  301  297  289  279  270  268  272  276  282  287  287  282  271  257
  242  230  220  214  209  205  200  192  182  171  160  150  143  139  137  137
  136  134  131  126  120  114  109  105  104  104  105  106  107  106  105  102
   99   96   95   95   98  104  112  122  133  145  156  167  177  185  193  202
  209  218  230  239  251  268  280  295  293                                   
    60.0-180.0 180.0   5.0 450.0                            LAT/LON1/LON2/DLON/H
  302  316  312  306  300  288  276  272  274  276  282  287  288  284  276  265
  253  244  237  232  227  221  213  202  187  172  157  145  137  132  129  128
  127  124  120  114  108  102   97   94   93   93   94   95   95   95   93   90
   88   86   87   90   96  105  115  127  140  152  165  176  186  195  204  212
  219  228  239  246  256  271  281  298  302                                   
    57.5-180.0 180.0   5.0 450.0                            LAT/LON1/LON2/DLON/H
  312  326  323  316  311  298  284  276  275  275  278  282  283  282  277  271
  265  260  256  252  247  239  228  213  196  178  161  148  139  133  130  128
  125  121  116  110  103   98   93   91   90   90   91   91   91   90   87   85
   84   84   87   93  102  113  125  138  152  164  177  188  199  209  219  229
  236  244  255  260  267  277  286  303  312                                   
    55.0-180.0 180.0   5.0 450.0                            LAT/LON1/LON2/DLON/H
  325  340  337  332  329  316  300  288  281  276  275  276  277  277  277  276
  275  274  272  269  263  254  241  225  207  189  173  161  152  145  141  137
  132  126  119  113  106  101   97   95   94   94   95   95   94   92   90   88
   87   89   95  103  114  126  140  153  167  179  191  202  214  226  238  250
  259  268  278  281  286  292  297  315  325                                   
    52.5-180.0 180.0   5.0 450.0                            LAT/LON1/LON2/DLON/H
  342  361  359  357  356  343  327  310  298  286  278  275  274  274  277  280
  282  284  283  280  273  263  251  237  221  206  193  182  173  166  160  153
  145  136  128  121  116  111  108  106  105  105  105  104  103  101   99   98
   98  102  108  117  129  143  156  170  182  194  205  217  230  244  259  274
  287  298  308  309  312  316  318  335  342                                   
    50.0-180.0 180.0   5.0 450.0                            LAT/LON1/LON2/DLON/H
  365  387  389  390  391  381  365  345  326  307  292  282  277  276  279  284
  288  290  289  284  277  269  259  249  238  228  218  209  201  192  182  171
  159  148  139  132  127  124  122  121  119  119  118  117  116  114  113  113
  115  119  125  134  146  159  172  185  197  208  219  231  245  261  279  298
  315  330  342  343  346  348  350  363  365                                   
    47.5-180.0 180.0   5.0 450.0                            LAT/LON1/LON2/DLON/H
  389  417  422  428  429  423  411  389  365  338  315  298  289  285  287  290
  293  293  290  285  279  272  267  262  257  251  245  237  227  215  201  185
  169  155  146  140  137  136  136  134  133  132  131  130  130  131  132  133
  135  138  143  151  162  174  186  199  210  220  232  245  260  278  298  320
  340  360  375  378  384  386  388  395  389                                   
    45.0-180.0 180.0   5.0 450.0                            LAT/LON1/LON2/DLON/H
  412  444  453  460  462  461  453  434  408  377  347  324  310  303  301  301
  300  296  291  286  282  280  279  278  277  274  268  258  245  228  209  189
  170  156  148  145  145  146  147  146  145  143  143  144  146  149  151  154
  156  158  161  167  176  187  199  211  222  233  245  259  275  294  315  338
  361  384  403  411  420  423  426  425  412                                   
    42.5-180.0 180.0   5.0 450.0                            LAT/LON1/LON2/DLON/H
  431  464  472  479  481  484  483  469  446  414  382  356  338  327  321  316
  310  303  297  294  293  295  297  299  298  293  283  268  250  229  206  185
  166  154  148  148  152  156  158  157  156  154  154  157  161  166  171  174
  175  175  177  180  188  198  211  223  235  247  260  275  292  311  331  354
  378  402  424  438  450  454  458  451  431                                   
    40.0-180.0 180.0   5.0 450.0                            LAT/LON1/LON2/DLON/H
  447  475  479  481  484  489  492  485  468  441  413  388  369  356  346  336
  326  318  313  312  315  320  323  322  316  305  288  267  244  221  199  180
  165  156  154  158  164  169  172  171  169  167  167  170  176  182  188  191
  191  190  188  190  197  208  222  235  248  261  275  291  309  328  349  370
  392  416  440  457  471  478  482  470  447                                   
    37.5-180.0 180.0   5.0 450.0                            LAT/LON1/LON2/DLON/H
  462  481  478  473  475  480  484  482  473  454  433  414  398  385  374  361
  349  341  339  342  348  352  351  344  329  309  285  260  237  217  200  186
  177  172  174  179  187  192  194  192  189  185  184  186  191  198  203  205
  203  198  195  195  202  214  230  245  260  275  291  309  329  350  369  389
  409  431  454  472  486  495  500  488  462                                   
    35.0-180.0 180.0   5.0 450.0                            LAT/LON1/LON2/DLON/H
  483  494  484  468  467  468  469  470  468  458  445  433  423  413  401  389
  378  373  374  381  386  386  377  359  336  309  281  258  240  228  221  215
  211  210  213  218  224  227  227  224  218  211  207  206  209  213  215  214
  209  202  197  197  204  217  234  251  267  284  303  325  349  371  392  411
  429  449  471  486  503  514  517  510  483                                   
    32.5-180.0 180.0   5.0 450.0                            LAT/LON1/LON2/DLON/H
  521  526  510  485  478  471  466  465  465  460  454  449  444  437  428  418
  410  408  413  419  420  412  393  368  339  310  287  271  265  266  270  273
  273  273  273  274  276  275  272  265  256  246  237  231  228  228  226  221
  212  203  196  195  202  216  232  250  268  286  308  333  360  387  411  431
  449  469  489  502  524  538  539  540  521                                   
    30.0-180.0 180.0   5.0 450.0                            LAT/LON1/LON2/DLON/H
  583  586  566  536  520  506  492  484  480  474  470  467  464  460  453  446
  441  442  447  449  443  425  399  369  342  321  309  307  317  333  349  358
  359  354  347  341  336  331  323  313  300  285  270  258  249  243  236  226
  215  203  195  194  199  212  228  245  263  282  306  334  365  395  423  446
  467  488  507  519  549  571  572  581  583                                   
    27.5-180.0 180.0   5.0 450.0                            LAT/LON1/LON2/DLON/H
  666  670  651  621  598  578  554  535  522  510  501  495  489  484  478  472
  469  469  469  464  449  423  394  369  352  346  351  367  394  424  448  458
  454  440  423  408  396  385  374  361  345  324  303  285  270  258  246  232
  218  205  196  193  198  208  223  240  258  279  303  333  367  401  433  460
  486  510  530  543  579  613  621  639  666                                   
    25.0-180.0 180.0   5.0 450.0                            LAT/LON1/LON2/DLON/H
  764  767  754  731  702  677  647  617  592  570  552  536  523  513  503  496
  491  487  480  464  440  412  387  374  374  387  411  445  485  524  550  555
  540  514  486  462  443  428  414  399  380  356  330  306  287  270  254  237
  220  206  197  194  197  206  220  237  256  277  302  333  369  407  443  476
  507  536  559  577  619  666  686  715  764                                   
    22.5-180.0 180.0   5.0 450.0                            LAT/LON1/LON2/DLON/H
  858  858  855  844  812  786  754  717  682  649  619  591  568  548  533  521
  511  499  481  457  427  402  388  392  411  442  480  525  572  611  630  624
  596  559  522  491  467  449  433  416  396  370  342  316  294  275  257  238
  220  206  196  192  194  202  217  235  255  277  303  335  372  413  454  493
  531  564  594  620  664  721  757  798  858                                   
    20.0-180.0 180.0   5.0 450.0                            LAT/LON1/LON2/DLON/H
  922  926  935  937  908  885  855  816  775  735  694  656  621  592  568  550
  532  511  484  453  424  405  406  426  461  504  548  592  633  660  666  645
  606  560  518  484  458  438  422  406  386  362  336  311  291  272  253  234
  216  202  192  188  189  197  212  231  253  277  304  338  378  422  468  514
  557  594  631  666  711  766  815  866  922                                   
    17.5-180.0 180.0   5.0 450.0                            LAT/LON1/LON2/DLON/H
  947  962  984  994  974  958  933  899  857  813  767  721  677  640  609  583
  558  529  497  463  438  429  443  476  520  563  599  629  649  655  642  608
  560  511  470  439  416  398  383  369  353  333  312  292  276  260  244  226
  210  197  187  183  182  189  203  223  248  275  306  342  385  434  485  535
  583  622  664  707  748  795  848  905  947                                   
    15.0-180.0 180.0   5.0 450.0                            LAT/LON1/LON2/DLON/H
  938  966  999 1013 1004  997  981  953  917  875  828  779  732  689  654  622
  591  557  522  490  472  474  498  537  577  607  620  620  611  593  562  518
  470  426  394  372  356  342  330  319  306  292  277  264  253  243  231  216
  202  190  181  174  171  175  189  213  242  274  309  349  394  446  499  553
  604  644  689  734  771  809  856  910  938                                   
    12.5-180.0 180.0   5.0 450.0                            LAT/LON1/LON2/DLON/H
  910  943  984 1001 1000 1004  997  977  948  913  871  825  779  737  699  665
  631  595  561  535  525  536  564  597  621  623  602  567  528  489  447  404
  363  334  318  310  303  295  285  275  265  254  243  235  230  225  217  206
  193  182  171  162  157  160  175  203  237  274  313  356  402  455  509  564
  616  658  704  748  782  812  848  891  910                                   
    10.0-180.0 180.0   5.0 450.0                            LAT/LON1/LON2/DLON/H
  876  909  953  968  974  986  986  974  954  927  894  856  817  778  743  709
  675  641  611  592  590  604  627  643  638  604  547  483  424  376  336  303
  279  269  271  277  279  272  260  248  236  225  217  212  211  209  204  195
  184  173  161  151  144  148  167  198  236  276  316  358  405  459  515  570
  623  667  712  754  786  809  833  864  876                                   
     7.5-180.0 180.0   5.0 450.0                            LAT/LON1/LON2/DLON/H
  850  880  923  934  942  959  963  956  943  925  901  873  843  812  781  750
  719  689  666  654  655  665  671  661  622  556  473  393  330  288  261  246
