data/edconvlstm_nd/pred0780.15i
     1.0            IONOSPHERE MAPS     GNSS                IONEX VERSION / TYPE
pyspatialgeodesy        IME             05-JAN-18 20:20     PGM / RUN BY / DATE 
Map Name                                                    COMMENT             
Predicted global ionosphere maps (GIM).                     DESCRIPTION         
  2015     3    19     0     0     0                        EPOCH OF FIRST MAP  
  2015     3    20     0     0     0                        EPOCH OF LAST MAP   
  7200                                                      INTERVAL            
    13                                                      # OF MAPS IN FILE   
  NONE                                                      MAPPING FUNCTION    
10.0                                                        ELEVATION CUTOFF    
One-way carrier phase leveled to code                       OBSERVABLES USED    
  6371.0                                                    BASE RADIUS         
 2                                                          MAP DIMENSION       
   450.0 450.0   0.0                                        HGT1 / HGT2 / DHGT  
    87.5 -87.5  -2.5                                        LAT1 / LAT2 / DLAT  
  -180.0 180.0   5.0                                        LON1 / LON2 / DLON  
    -1                                                      EXPONENT            
                                                            END OF HEADER       
[from data line 429]
     2                                                      START OF TEC MAP    
  2015     3    19     2     0     0                        EPOCH OF CURRENT MAP
    87.5-180.0 180.0   5.0 450.0                            LAT/LON1/LON2/DLON/H
   75   67   66   70   72   68   64   63   63   64   64   64   65   65   65   65
   65   64   64   63   62   61   60   59   58   57   56   55   54   54   53   52
   52   52   51   51   52   52   53   53   54   56   57   58   60   62   63   65
   67   68   69   71   71   72   73   73   73   73   73   73   73   72   71   72
   72   72   71   67   67   73   74   74   75                                   
    85.0-180.0 180.0   5.0 450.0                            LAT/LON1/LON2/DLON/H
   67   76   65   72   75   71   69   68   69   69   69   70   71   72   73   73
   73   73   72   71   70   69   67   66   64   62   61   59   58   56   55   54
   53   53   52   52   53   53   54   55   57   59   60   62   64   66   69   71
   73   74   76   78   79   80   81   81   82   82   82   82   81   81   80   80
   81   82   78   80   76   74   78   68   67                                   
    82.5-180.0 180.0   5.0 450.0                            LAT/LON1/LON2/DLON/H
   60   64   72   74   75   74   71   70   72   72   73   75   77   78   79   80
   80   80   79   78   76   73   71   68   65   62   59   56   54   51   49   47
   46   45   45   45   46   47   49   51   54   56   59   62   65   68   71   74
   77   79   82   84   86   87   88   89   90   90   90   90   90   90   89   90
   90   90   87   83   88   75   74   76   60                                   
    80.0-180.0 180.0   5.0 450.0                            LAT/LON1/LON2/DLON/H
   74   75   71   73   75   72   71   71   73   74   76   79   81   84   85   86
   87   86   84   82   79   76   72   68   65   61   57   53   50   47   45   43
   41   40   40   41   42   44   46   48   51   54   57   60   63   66   69   72
   75   78   81   83   85   87   89   90   90   91   91   92   92   91   91   93
   93   92   91   88   97   91   93   92   74                                   
    77.5-180.0 180.0   5.0 450.0                            LAT/LON1/LON2/DLON/H
   90   93   83   85   82   79   80   80   81   82   85   88   91   94   96   96
   95   93   91   87   83   79   74   70   66   62   58   55   52   49   46   45
   44   43   43   44   46   48   50   53   56   58   61   63   66   68   71   74
   77   80   83   85   88   90   92   93   94   95   96   97   97   97   98  100
  100  102  100  100  106  103  108  107   90                                   
    75.0-180.0 180.0   5.0 450.0                            LAT/LON1/LON2/DLON/H
  104  106   98   99   94   89   87   86   87   88   89   93   95   97   98   97
   95   91   87   82   77   73   69   65   62   59   56   54   51   49   47   46
   45   45   45   46   48   50   53   55   57   58   59   61   62   64   65   68
   70   73   76   79   81   84   86   87   89   90   92   93   94   95   97  100
  101  104  106  101  109  113  119  124  104                                   
    72.5-180.0 180.0   5.0 450.0                            LAT/LON1/LON2/DLON/H
  117  125  119  118  111  103  101   98   97   97   97   99  101  101  100   96
   92   86   81   75   71   67   64   62   60   59   58   57   56   54   53   51
   51   50   51   52   54   56   58   60   61   62   62   62   62   63   64   66
   69   72   75   78   81   83   86   87   89   91   93   95   96   98  101  105
  107  111  116  114  119  124  132  140  117                                   
    70.0-180.0 180.0   5.0 450.0                            LAT/LON1/LON2/DLON/H
  137  147  142  141  131  120  116  111  109  106  106  106  105  103   99   93
   86   79   72   67   63   60   59   59   59   60   61   61   61   60   58   57
   56   55   55   57   58   60   62   64   64   63   62   61   61   61   62   65
   68   71   75   78   81   84   86   88   90   92   94   96   98  101  104  109
  112  116  123  125  132  138  148  155  137                                   
    67.5-180.0 180.0   5.0 450.0                            LAT/LON1/LON2/DLON/H
  153  167  161  160  149  134  127  120  116  111  109  107  105  100   94   86
   78   70   63   58   55   53   54   55   57   59   61   61   61   60   58   56
   54   53   53   54   55   57   59   60   60   59   57   55   54   54   56   59
   63   67   71   75   78   80   82   83   85   87   90   92   95   97  101  106
  110  115  122  125  136  144  153  161  153                                   
    65.0-180.0 180.0   5.0 450.0                            LAT/LON1/LON2/DLON/H
  166  181  174  175  165  148  138  129  123  117  113  110  105   99   91   83
   74   66   60   56   54   53   55   57   59   61   62   62   61   59   57   54
   51   50   49   49   50   52   54   55   55   54   52   51   50   50   53   57
   62   67   72   75   78   80   81   82   84   86   89   92   95   97  100  105
  109  113  121  125  136  145  155  162  166                                   
    62.5-180.0 180.0   5.0 450.0                            LAT/LON1/LON2/DLON/H
  173  186  181  186  179  160  149  138  131  123  117  113  107  100   91   83
   75   69   64   61   60   60   61   62   63   63   63   62   59   57   54   50
   47   44   43   43   44   46   49   50   51   50   49   47   47   48   51   56
   62   68   73   77   80   81   82   83   85   87   91   94   97  100  103  107
  109  113  119  123  133  141  150  157  173                                   
    60.0-180.0 180.0   5.0 450.0                            LAT/LON1/LON2/DLON/H
  173  184  181  189  187  170  158  147  138  129  121  114  107  100   92   85
   80   75   73   71   70   69   68   67   65   63   61   58   55   52   49   45
   42   39   37   36   38   40   43   46   47   48   47   46   45   47   51   57
   63   70   76   80   82   83   84   85   87   90   94   98  102  105  108  112
  113  115  120  122  130  134  142  148  173                                   
    57.5-180.0 180.0   5.0 450.0                            LAT/LON1/LON2/DLON/H
  171  179  178  190  195  180  169  157  147  135  125  116  108  100   94   89
   87   85   84   83   81   78   75   71   66   62   58   54   50   48   45   42
   39   36   34   33   34   36   40   43   46   47   47   47   47   49   53   59
   66   73   79   83   86   87   88   89   92   96  100  105  110  114  117  121
  122  123  126  126  130  131  137  142  171                                   
    55.0-180.0 180.0   5.0 450.0                            LAT/LON1/LON2/DLON/H
  170  175  177  194  204  193  184  172  160  144  130  118  108  100   95   93
   93   94   95   93   90   85   78   71   64   58   53   49   46   44   43   41
   38   36   34   33   33   35   39   43   46   49   50   50   51   53   57   63
   70   77   83   87   90   92   93   95   98  102  108  113  119  124  128  133
  134  136  139  136  137  133  137  141  170                                   
    52.5-180.0 180.0   5.0 450.0                            LAT/LON1/LON2/DLON/H
  173  178  181  203  218  211  206  193  177  157  138  121  108   99   96   96
   98  100  100   98   92   84   76   68   60   54   50   46   44   43   42   41
   40   38   36   34   34   36   40   44   48   52   54   55   57   59   63   68
   74   81   87   92   96   98  100  103  106  110  116  122  129  135  140  147
  149  153  156  152  151  142  144  148  173                                   
    50.0-180.0 180.0   5.0 450.0                            LAT/LON1/LON2/DLON/H
  182  186  192  219  237  235  233  220  202  177  151  128  111  101   97   98
  100  102  100   95   87   78   70   63   57   52   49   46   45   44   44   43
   42   40   38   36   36   38   41   46   51   55   59   61   63   65   68   72
   78   84   91   97  103  106  109  111  114  118  124  131  139  146  152  160
  165  171  176  172  170  158  158  162  182                                   
    47.5-180.0 180.0   5.0 450.0                            LAT/LON1/LON2/DLON/H
  195  201  209  239  258  261  263  251  231  201  170  141  120  106  101  100
  101  100   95   87   78   70   64   59   56   54   52   50   48   47   46   44
   42   39   37   36   37   39   42   47   52   58   62   66   67   69   71   74
   80   88   96  104  111  116  119  120  122  125  131  139  147  155  163  172
  178  187  195  192  191  179  177  182  195                                   
    45.0-180.0 180.0   5.0 450.0                            LAT/LON1/LON2/DLON/H
  212  219  229  259  276  283  291  280  261  229  194  161  135  118  110  107
  104   99   91   81   72   65   62   61   60   60   58   56   53   50   46   42
   39   36   34   34   36   39   42   47   52   58   64   68   70   71   72   76
   82   91  101  112  121  127  130  130  130  132  137  145  154  162  171  180
  187  198  208  209  211  201  200  204  212                                   
    42.5-180.0 180.0   5.0 450.0                            LAT/LON1/LON2/DLON/H
  230  236  246  272  287  297  308  303  286  256  220  185  157  138  127  120
  113  104   93   82   74   69   68   69   71   70   68   63   57   51   45   39
   35   33   33   34   37   40   43   47   53   59   65   70   72   72   73   77
   84   96  110  123  133  140  142  141  139  139  143  151  160  168  176  185
  192  203  216  221  226  222  223  226  230                                   
    40.0-180.0 180.0   5.0 450.0                            LAT/LON1/LON2/DLON/H
  249  252  258  277  289  298  313  313  302  276  244  211  183  163  150  141
  131  119  107   97   90   86   86   86   86   83   77   69   59   51   44   39
   37   37   38   41   44   46   48   51   56   62   68   72   74   73   74   79
   89  104  121  136  148  155  156  154  150  149  152  159  168  176  182  190
  196  207  222  230  240  242  246  248  249                                   
    37.5-180.0 180.0   5.0 450.0                            LAT/LON1/LON2/DLON/H
  269  267  267  276  284  292  306  310  305  286  259  232  208  190  178  168
  157  145  135  126  120  116  112  109  103   95   85   74   63   55   50   49
   49   51   54   57   58   59   59   59   63   68   73   76   77   76   77   83
   96  113  132  149  163  170  172  169  165  163  165  171  180  187  193  200
  205  216  231  242  255  263  272  272  269                                   
    35.0-180.0 180.0   5.0 450.0                            LAT/LON1/LON2/DLON/H
  293  286  279  277  282  285  295  301  300  287  266  245  227  214  205  197
  188  179  172  166  160  153  143  132  119  106   93   81   73   69   69   71
   74   78   80   82   81   79   76   73   74   77   80   82   81   79   80   88
  102  121  142  161  175  184  188  188  185  183  184  190  197  204  210  216
  222  233  250  262  277  290  303  301  293                                   
    32.5-180.0 180.0   5.0 450.0                            LAT/LON1/LON2/DLON/H
  324  315  301  289  288  284  288  292  292  282  267  252  240  232  226  222
  217  214  212  209  202  189  171  151  131  115  102   95   93   95  100  107
  112  115  116  115  111  105   97   91   88   88   89   88   85   82   82   90
  106  126  148  168  184  197  206  211  213  213  215  219  226  231  237  243
  250  263  280  293  309  325  340  338  324                                   
    30.0-180.0 180.0   5.0 450.0                            LAT/LON1/LON2/DLON/H
  368  359  337  316  309  298  292  290  288  279  267  256  248  243  241  239
  239  241  244  245  236  218  191  163  140  125  118  117  123  134  146  157
  163  164  161  154  145  134  121  110  103   99   97   94   88   83   82   90
  106  126  149  170  189  208  225  239  248  253  257  262  267  271  276  284
  293  309  328  339  356  371  385  383  368                                   
    27.5-180.0 180.0   5.0 450.0                            LAT/LON1/LON2/DLON/H
  427  420  391  363  349  332  316  306  297  286  274  264  258  254  250  248
  249  255  262  265  256  233  201  170  149  140  142  151  167  187  207  221
  226  221  209  195  179  162  144  128  117  109  104   98   90   83   80   87
  102  122  146  168  190  213  238  262  280  293  302  310  316  321  327  338
  352  374  395  404  419  430  439  438  427                                   
    25.0-180.0 180.0   5.0 450.0                            LAT/LON1/LON2/DLON/H
  500  499  465  432  412  390  365  345  328  311  296  285  277  269  261  254
  252  257  265  268  258  233  201  175  163  165  178  199  226  255  279  292
  290  274  252  228  205  183  161  142  128  118  110  101   91   82   78   83
   97  117  140  163  188  216  247  278  306  328  346  359  370  377  385  401
  423  451  476  485  495  502  503  501  500                                   
    22.5-180.0 180.0   5.0 450.0                            LAT/LON1/LON2/DLON/H
  579  589  556  522  495  470  437  407  381  359  340  325  312  297  280  263
  253  252  256  257  246  224  200  187  189  205  231  263  297  329  351  356
  341  312  279  247  219  194  171  151  135  124  115  105   94   82   76   80
   93  114  138  164  193  224  259  294  327  356  382  404  421  433  445  464
  493  528  557  566  571  575  572  569  579                                   
    20.0-180.0 180.0   5.0 450.0                            LAT/LON1/LON2/DLON/H
  652  678  653  621  589  561  523  486  454  427  404  386  366  341  311  281
  258  246  243  240  232  219  212  215  233  263  298  334  367  392  404  395
  367  327  286  250  221  195  173  153  139  129  120  111   99   86   78   79
   92  115  143  175  210  247  284  318  350  379  408  435  459  477  493  516
  550  589  621  631  633  637  636  631  652                                   
    17.5-180.0 180.0   5.0 450.0                            LAT/LON1/LON2/DLON/H
  708  749  736  711  676  649  609  570  536  509  486  465  440  405  361  314
  275  249  237  233  232  235  246  267  299  336  371  400  420  429  425  403
  365  320  277  242  213  190  170  153  141  133  127  118  106   92   81   80
   92  117  152  192  236  281  321  353  378  402  429  458  486  507  526  550
  585  626  659  672  671  676  682  677  708                                   
    15.0-180.0 180.0   5.0 450.0                            LAT/LON1/LON2/DLON/H
  743  792  790  773  743  720  683  647  616  593  574  555  528  485  429  366
  311  272  253  251  261  281  310  345  382  414  435  444  443  433  414  382
  341  296  257  226  202  182  165  152  143  138  133  127  115   99   86   82
   94  121  161  209  261  313  357  386  405  423  445  475  505  528  547  570
  602  641  673  686  686  691  704  703  743                                   
    12.5-180.0 180.0   5.0 450.0                            LAT/LON1/LON2/DLON/H
  762  808  813  803  783  768  737  707  683  667  656  643  619  574  511  438
  371  324  302  304  327  362  403  441  469  482  477  460  437  411  383  347
  307  268  236  212  193  178  164  153  146  143  141  135  123  106   90   85
   96  126  170  223  280  333  376  405  419  431  451  481  513  539  558  578
  605  639  668  682  683  688  706  711  762                                   
    10.0-180.0 180.0   5.0 450.0                            LAT/LON1/LON2/DLON/H
  770  809  817  810  800  794  771  748  731  724  721  717  700  660  597  522
  452  402  382  392  424  466  507  534  540  525  492  451  412  379  347  312
  276  245  222  206  194  181  169  159  152  149  147  141  128  110   92   86
   98  130  177  234  290  340  379  404  415  425  446  478  514  543  562  578
  601  628  654  668  670  677  698  710  770                                   
     7.5-180.0 180.0   5.0 450.0                            LAT/LON1/LON2/DLON/H
  777  809  815  807  805  807  791  774  764  762  766  770  760  727  672  604
  540  495  481  495  528  567  595  601  581  538  481  426  383  351  321  290
