data/edconvlstm_nd/pred1770.15i
     1.0            IONOSPHERE MAPS     GNSS                IONEX VERSION / TYPE
pyspatialgeodesy        IME             05-JAN-18 20:20     PGM / RUN BY / DATE 
Map Name                                                    COMMENT             
Predicted global ionosphere maps (GIM).                     DESCRIPTION         
  2015     6    26     0     0     0                        EPOCH OF FIRST MAP  
  2015     6    27     0     0     0                        EPOCH OF LAST MAP   
  7200                                                      INTERVAL            
    13                                                      # OF MAPS IN FILE   
  NONE                                                      MAPPING FUNCTION    
10.0                                                        ELEVATION CUTOFF    
One-way carrier phase leveled to code                       OBSERVABLES USED    
  6371.0                                                    BASE RADIUS         
 2                                                          MAP DIMENSION       
   450.0 450.0   0.0                                        HGT1 / HGT2 / DHGT  
    87.5 -87.5  -2.5                                        LAT1 / LAT2 / DLAT  
  -180.0 180.0   5.0                                        LON1 / LON2 / DLON  
    -1                                                      EXPONENT            
                                                            END OF HEADER       
[from data line 4290]
    11                                                      START OF TEC MAP    
  2015     6    26    20     0     0                        EPOCH OF CURRENT MAP
    87.5-180.0 180.0   5.0 450.0                            LAT/LON1/LON2/DLON/H
  126  119  107  113  115  113  113  112  112  114  114  115  115  116  117  118
  118  119  120  120  121  121  121  121  121  121  121  120  120  120  119  118
  118  117  116  115  115  114  113  112  111  110  110  109  108  107  107  106
  105  105  104  103  103  102  102  102  101  101  101  101  101  101  101  101
  101  102  102  102  113  110  124  126  126                                   
    85.0-180.0 180.0   5.0 450.0                            LAT/LON1/LON2/DLON/H
  125  121  125  115  115  119  118  120  121  123  123  124  125  126  127  128
  129  130  131  131  132  132  132  132  132  132  131  131  130  129  128  127
  126  125  124  123  122  121  120  119  117  116  115  114  113  112  112  111
  110  109  108  107  107  106  106  105  105  105  105  105  105  106  106  107
  108  108  107  106  111  108  112  112  125                                   
    82.5-180.0 180.0   5.0 450.0                            LAT/LON1/LON2/DLON/H
  105  109  111  106  107  111  114  115  115  117  118  120  122  124  125  127
  129  130  131  132  133  134  134  134  133  133  132  132  131  130  128  127
  126  124  123  122  120  119  117  116  115  113  112  111  110  109  108  107
  106  105  104  103  102  101  100   99   98   98   98   98   98   98   99   99
  100  100  100  103  107  115  108  106  105                                   
    80.0-180.0 180.0   5.0 450.0                            LAT/LON1/LON2/DLON/H
   96  102  108  104  104  104  109  112  114  117  118  121  124  126  129  131
  133  135  137  138  139  139  139  139  138  137  136  135  133  132  130  128
  126  125  123  121  120  118  117  115  114  113  111  110  109  108  107  106
  105  104  103  102  101   99   98   97   96   95   95   95   96   96   97   98
  100  101  101  103  103  105  102  107   96                                   
    77.5-180.0 180.0   5.0 450.0                            LAT/LON1/LON2/DLON/H
  104  104  110  105  107  108  111  114  115  117  119  123  126  129  133  136
  139  141  143  145  146  146  146  146  145  143  142  140  138  136  134  132
  130  128  126  125  123  122  120  119  117  116  115  115  114  113  113  112
  111  110  109  108  107  105  103  102  100   99   99   98   99   99  100  102
  103  104  105  108  111  108  110  117  104                                   
    75.0-180.0 180.0   5.0 450.0                            LAT/LON1/LON2/DLON/H
  105  108  109  105  107  109  110  112  115  119  121  126  129  134  137  141
  144  147  149  151  152  152  152  150  149  147  144  142  139  137  134  132
  130  129  127  126  125  123  122  121  120  119  118  117  117  117  117  117
  117  116  115  114  113  111  109  107  105  104  103  103  103  104  105  107
  109  111  112  111  113  110  111  107  105                                   
    72.5-180.0 180.0   5.0 450.0                            LAT/LON1/LON2/DLON/H
  107  108  109  109  108  110  112  113  115  118  121  126  130  135  139  144
  147  150  153  154  155  155  154  152  149  146  143  139  136  133  130  128
  126  125  124  123  122  121  119  118  117  116  115  114  114  115  115  116
  117  117  117  116  115  113  111  109  107  105  105  104  105  105  107  109
  110  111  113  111  112  111  113  114  107                                   
    70.0-180.0 180.0   5.0 450.0                            LAT/LON1/LON2/DLON/H
  107  108  107  106  104  106  107  110  113  117  121  126  131  136  141  146
  150  153  155  156  156  155  153  150  147  143  138  134  130  127  124  122
  121  120  119  119  118  117  116  114  113  111  110  109  108  109  110  111
  112  114  114  114  112  111  108  106  105  104  103  103  104  105  107  109
  110  111  113  112  114  112  115  115  107                                   
    67.5-180.0 180.0   5.0 450.0                            LAT/LON1/LON2/DLON/H
  109  109  108  108  107  107  110  113  116  120  124  131  136  142  147  152
  156  160  162  163  162  160  157  153  148  143  138  133  129  125  123  121
  120  119  119  118  117  116  115  113  110  108  106  104  103  104  105  106
  108  110  111  111  111  109  107  106  104  104  104  105  106  107  109  110
  111  112  113  111  111  110  111  113  109                                   
    65.0-180.0 180.0   5.0 450.0                            LAT/LON1/LON2/DLON/H
  107  107  107  106  105  105  108  111  115  121  125  132  138  144  150  155
  160  163  165  165  164  162  158  153  147  141  135  130  126  123  121  119
  119  118  117  117  116  115  113  110  107  104  100   98   96   95   96   97
   99  102  103  103  102  101   99   98   98   99  100  102  103  105  107  108
  108  108  110  109  110  110  112  115  107                                   
    62.5-180.0 180.0   5.0 450.0                            LAT/LON1/LON2/DLON/H
  107  108  107  107  106  107  109  113  116  122  127  134  140  147  153  159
  164  167  169  169  168  165  160  155  148  142  136  131  127  124  123  121
  121  120  119  118  116  115  112  109  106  101   97   93   89   88   87   88
   90   92   94   94   93   91   90   90   91   93   96   99  101  103  104  105
  104  104  105  104  105  106  109  112  107                                   
    60.0-180.0 180.0   5.0 450.0                            LAT/LON1/LON2/DLON/H
  108  109  110  109  108  109  111  114  118  123  128  135  141  148  155  161
  166  169  171  171  170  167  162  157  150  144  139  134  131  129  128  127
  126  124  122  120  118  116  114  111  107  102   96   91   86   82   81   81
   82   84   85   84   83   81   80   80   83   86   91   95   99  101  102  102
  101  101  101  100  102  104  109  112  108                                   
    57.5-180.0 180.0   5.0 450.0                            LAT/LON1/LON2/DLON/H
  109  112  113  113  112  113  114  117  120  125  129  135  142  148  155  160
  165  169  171  172  170  168  164  159  154  149  145  142  139  138  137  135
  133  131  128  125  122  120  118  115  111  105   99   92   86   81   78   77
   77   78   78   76   74   72   71   72   75   80   86   92   96   99  100  100
   99   98   98   97  100  103  109  112  109                                   
    55.0-180.0 180.0   5.0 450.0                            LAT/LON1/LON2/DLON/H
  112  116  119  118  118  119  119  121  123  127  131  136  141  147  153  159
  163  167  169  170  169  168  165  162  159  156  153  151  149  148  147  145
  142  138  134  130  127  124  122  120  116  111  104   97   89   83   79   76
   76   75   74   72   68   65   64   65   69   75   83   90   95   98   99   99
   98   97   97   96  100  104  111  114  112                                   
    52.5-180.0 180.0   5.0 450.0                            LAT/LON1/LON2/DLON/H
  116  121  124  124  123  125  125  126  127  130  132  136  140  145  150  155
  159  163  165  166  166  166  166  165  164  163  161  160  160  158  157  154
  150  144  139  134  130  128  127  125  122  117  111  103   95   87   82   79
   78   76   74   71   66   62   60   61   65   73   81   88   94   97   99   99
   98   98   98   97  101  106  113  117  116                                   
    50.0-180.0 180.0   5.0 450.0                            LAT/LON1/LON2/DLON/H
  120  125  128  129  129  131  131  132  132  133  134  137  140  144  148  152
  155  158  160  161  163  164  166  168  169  170  171  170  169  168  165  161
  156  149  143  138  134  132  131  130  127  123  117  110  102   94   88   85
   83   81   79   74   69   63   60   61   65   72   81   88   94   97  100  101
  100  100  101  100  104  109  117  120  120                                   
    47.5-180.0 180.0   5.0 450.0                            LAT/LON1/LON2/DLON/H
  123  129  131  133  134  136  137  137  137  138  138  139  141  144  146  149
  151  153  155  157  160  163  167  171  175  178  179  179  177  174  171  165
  159  153  146  141  138  136  135  134  132  128  123  116  109  102   96   93
   91   89   86   81   75   69   65   65   69   75   83   89   95   98  101  103
  103  104  106  105  109  113  120  123  123                                   
    45.0-180.0 180.0   5.0 450.0                            LAT/LON1/LON2/DLON/H
  126  131  133  136  137  141  142  143  143  143  143  144  145  146  147  148
  150  151  153  155  158  163  169  176  181  185  187  186  183  179  174  168
  162  155  149  145  142  140  139  138  135  132  127  122  116  110  105  103
  101  100   97   92   85   78   74   73   76   81   87   93   97  101  104  106
  108  110  112  111  114  117  124  126  126                                   
    42.5-180.0 180.0   5.0 450.0                            LAT/LON1/LON2/DLON/H
  128  132  134  137  140  144  146  148  149  150  150  151  151  150  150  150
  151  152  153  156  160  166  173  181  188  193  194  193  189  183  177  171
  164  159  153  150  147  146  144  142  139  135  131  127  123  118  115  113
  112  111  109  104   97   90   85   84   85   89   93   97  101  104  108  111
  113  116  118  117  119  122  128  130  128                                   
    40.0-180.0 180.0   5.0 450.0                            LAT/LON1/LON2/DLON/H
  129  133  134  139  142  147  151  154  156  158  159  159  159  158  156  155
  155  155  157  160  165  171  179  187  195  200  202  199  194  187  181  175
  169  164  160  157  155  154  151  148  144  139  136  133  130  127  125  124
  123  123  121  116  110  103   98   96   96   98  101  103  105  108  112  116
  119  122  125  124  126  127  132  134  129                                   
    37.5-180.0 180.0   5.0 450.0                            LAT/LON1/LON2/DLON/H
  132  136  137  142  146  151  156  161  164  167  168  169  169  167  164  162
  161  162  164  168  172  178  186  194  202  207  209  207  201  194  187  182
  178  174  170  168  166  163  160  155  150  145  141  139  137  136  135  134
  133  133  131  127  121  115  111  108  107  108  108  109  111  113  117  122
  125  129  132  131  132  133  139  140  132                                   
    35.0-180.0 180.0   5.0 450.0                            LAT/LON1/LON2/DLON/H
  137  141  143  148  152  158  164  169  173  177  180  181  180  178  175  172
  171  172  175  178  183  188  194  201  209  215  217  216  211  204  198  194
  190  187  184  181  178  175  170  164  158  152  148  146  145  144  143  142
  141  141  139  135  130  125  121  118  116  115  115  114  115  118  122  127
  131  135  138  138  140  141  147  148  137                                   
    32.5-180.0 180.0   5.0 450.0                            LAT/LON1/LON2/DLON/H
  145  150  153  157  162  169  175  180  185  189  192  194  193  191  187  184
  183  184  187  191  195  198  203  209  216  223  227  227  224  219  214  210
  207  204  200  196  192  187  181  174  167  160  156  153  152  151  150  148
  147  145  143  140  135  131  127  124  121  119  118  117  118  121  126  132
  136  141  145  146  148  150  157  157  145                                   
    30.0-180.0 180.0   5.0 450.0                            LAT/LON1/LON2/DLON/H
  155  160  165  168  175  182  189  195  200  204  207  209  209  206  202  199
  198  199  202  205  208  210  212  217  224  231  237  240  239  237  234  231
  228  223  218  211  205  199  192  184  176  168  163  160  158  156  154  151
  148  146  143  140  136  131  127  124  122  119  117  116  118  122  129  136
  141  147  152  154  157  160  169  169  155                                   
    27.5-180.0 180.0   5.0 450.0                            LAT/LON1/LON2/DLON/H
  166  172  179  181  189  198  206  212  218  222  225  227  227  224  221  217
  216  216  219  221  222  222  223  226  232  241  249  255  258  257  256  253
  249  243  235  226  217  209  201  192  183  176  170  166  162  159  155  151
  147  143  140  136  131  127  123  120  117  115  112  112  115  120  129  137
  144  151  158  161  166  170  181  181  166                                   
    25.0-180.0 180.0   5.0 450.0                            LAT/LON1/LON2/DLON/H
  178  184  191  194  203  215  224  231  237  242  246  248  249  247  243  240
  237  237  238  238  238  236  235  237  243  252  262  271  277  279  279  276
  270  262  251  238  227  217  208  199  190  181  174  169  164  159  153  148
  143  138  133  129  124  119  115  112  109  106  105  105  109  116  126  137
  145  155  163  168  174  180  192  192  178                                   
    22.5-180.0 180.0   5.0 450.0                            LAT/LON1/LON2/DLON/H
  188  195  201  205  215  229  240  249  257  263  268  271  273  272  269  266
  263  261  260  258  256  253  251  252  257  266  278  288  296  300  300  296
  289  278  264  249  235  224  214  204  194  185  177  171  165  158  151  144
  137  132  126  120  115  110  105  102   99   96   95   96  101  109  121  134
  145  156  166  173  181  187  201  202  188                                   
    20.0-180.0 180.0   5.0 450.0                            LAT/LON1/LON2/DLON/H
  196  204  209  214  224  240  253  264  274  283  289  294  298  299  298  296
  292  288  285  281  277  273  270  270  275  283  295  306  314  318  318  313
  304  291  274  258  243  230  219  208  198  188  180  172  165  157  148  140
  133  126  120  113  107  101   96   92   89   87   86   88   93  102  115  129
  142  156  168  176  184  192  206  209  196                                   
    17.5-180.0 180.0   5.0 450.0                            LAT/LON1/LON2/DLON/H
  202  210  214  220  231  247  262  275  288  299  307  314  320  325  326  325
  322  317  312  306  301  296  293  292  295  303  312  322  330  333  332  325
  315  300  282  265  249  236  224  213  202  191  182  174  166  158  148  139
  131  123  116  108  101   95   90   86   83   81   80   81   86   95  108  124
  138  154  168  176  186  195  209  212  202                                   
    15.0-180.0 180.0   5.0 450.0                            LAT/LON1/LON2/DLON/H
  205  215  218  224  235  251  267  281  296  309  320  329  338  345  350  352
  350  345  339  332  325  320  317  316  318  323  330  338  343  345  342  334
  322  306  289  271  256  242  230  218  206  195  186  178  170  161  151  142
  132  124  115  107   99   93   88   84   81   79   78   78   82   89  102  117
  133  150  165  174  184  195  210  213  205                                   
    12.5-180.0 180.0   5.0 450.0                            LAT/LON1/LON2/DLON/H
  207  220  223  229  239  253  268  283  299  313  325  337  348  358  367  372
  373  369  362  355  348  343  340  339  340  342  346  351  354  354  350  341
  327  311  294  277  263  249  236  223  211  200  192  184  177  167  157  147
  137  127  118  109  101   95   90   87   84   82   80   79   80   86   96  111
  126  144  161  171  182  194  210  214  207                                   
    10.0-180.0 180.0   5.0 450.0                            LAT/LON1/LON2/DLON/H
  211  227  231  236  245  255  269  283  298  313  325  338  350  363  374  383
  386  385  380  373  367  363  360  359  359  360  361  363  364  362  356  346
  332  316  299  283  269  256  242  229  215  205  197  191  184  175  164  153
  142  132  122  113  105  100   96   93   91   89   86   83   82   84   92  105
  119  137  154  166  178  193  210  215  211                                   
     7.5-180.0 180.0   5.0 450.0                            LAT/LON1/LON2/DLON/H
  218  237  243  247  255  262  273  284  298  311  322  334  346  359  373  384
  391  392  390  385  380  377  375  375  374  374  373  373  372  369  362  351
