data/edconvlstm_nd/pred2000.15i
     1.0            IONOSPHERE MAPS     GNSS                IONEX VERSION / TYPE
pyspatialgeodesy        IME             05-JAN-18 20:20     PGM / RUN BY / DATE 
Map Name                                                    COMMENT             
Predicted global ionosphere maps (GIM).                     DESCRIPTION         
  2015     7    19     0     0     0                        EPOCH OF FIRST MAP  
  2015     7    20     0     0     0                        EPOCH OF LAST MAP   
  7200                                                      INTERVAL            
    13                                                      # OF MAPS IN FILE   
  NONE                                                      MAPPING FUNCTION    
10.0                                                        ELEVATION CUTOFF    
One-way carrier phase leveled to code                       OBSERVABLES USED    
  6371.0                                                    BASE RADIUS         
 2                                                          MAP DIMENSION       
   450.0 450.0   0.0                                        HGT1 / HGT2 / DHGT  
    87.5 -87.5  -2.5                                        LAT1 / LAT2 / DLAT  
  -180.0 180.0   5.0                                        LON1 / LON2 / DLON  
    -1                                                      EXPONENT            
                                                            END OF HEADER       
[from data line 429]
     2                                                      START OF TEC MAP    
  2015     7    19     2     0     0                        EPOCH OF CURRENT MAP
    87.5-180.0 180.0   5.0 450.0                            LAT/LON1/LON2/DLON/H
  145  148  152  152  152  150  147  147  148  149  149  150  151  151  151  151
  151  150  150  149  148  147  146  145  143  142  141  139  138  137  135  134
  133  132  132  131  130  130  129  129  129  129  129  129  129  129  129  129
  130  130  130  131  131  131  131  132  132  132  132  133  133  133  133  134
  135  137  137  137  140  141  142  140  145                                   
    85.0-180.0 180.0   5.0 450.0                            LAT/LON1/LON2/DLON/H
  151  157  146  154  158  156  155  156  157  158  158  159  160  161  161  161
  161  160  159  158  157  156  155  153  151  150  148  146  145  143  142  140
  139  138  137  136  136  135  135  134  134  134  134  134  134  134  134  134
  134  135  135  135  136  136  136  136  137  137  137  138  138  138  139  140
  142  144  143  146  142  143  144  140  151                                   
    82.5-180.0 180.0   5.0 450.0                            LAT/LON1/LON2/DLON/H
  154  152  158  157  159  159  159  160  163  164  164  166  167  167  168  167
  167  166  165  164  162  160  158  155  153  151  148  146  144  142  140  138
  137  136  135  135  134  134  133  133  133  133  133  133  133  133  134  134
  134  135  135  135  136  136  137  137  138  138  139  139  140  140  141  142
  143  145  143  144  148  138  139  136  154                                   
    80.0-180.0 180.0   5.0 450.0                            LAT/LON1/LON2/DLON/H
  153  152  149  152  153  154  158  160  163  164  165  167  168  169  169  168
  168  166  165  162  160  157  154  151  148  144  141  138  136  134  132  130
  129  129  129  128  129  129  129  129  130  130  130  131  131  132  133  134
  134  135  135  136  136  136  137  137  137  138  138  138  139  139  140  141
  142  142  140  140  149  142  147  140  153                                   
    77.5-180.0 180.0   5.0 450.0                            LAT/LON1/LON2/DLON/H
  152  150  146  152  149  151  156  160  162  164  164  166  167  168  168  167
  166  164  161  158  155  152  148  144  140  137  133  130  127  125  124  123
  123  123  124  125  126  127  128  129  130  131  132  133  134  135  137  138
  139  140  141  141  142  142  142  142  142  142  142  142  142  142  142  143
  143  144  139  141  146  142  143  142  152                                   
    75.0-180.0 180.0   5.0 450.0                            LAT/LON1/LON2/DLON/H
  149  147  144  151  147  149  153  156  159  160  161  163  164  164  163  162
  160  157  154  151  147  143  139  134  130  126  122  119  116  114  114  114
  115  117  119  121  123  125  127  128  130  131  133  134  136  138  140  142
  144  145  146  146  146  146  145  145  144  144  143  143  143  142  143  144
  143  143  140  135  140  139  139  141  149                                   
    72.5-180.0 180.0   5.0 450.0                            LAT/LON1/LON2/DLON/H
  143  146  145  150  148  149  152  156  159  160  160  162  162  162  160  158
  156  153  149  145  141  137  133  128  124  120  116  112  110  109  109  111
  113  117  120  124  127  129  131  133  135  136  138  141  143  146  149  152
  154  155  156  156  155  154  153  152  151  150  149  148  148  147  147  148
  148  147  145  142  142  138  137  140  143                                   
    70.0-180.0 180.0   5.0 450.0                            LAT/LON1/LON2/DLON/H
  146  144  144  149  146  146  150  152  156  157  157  159  159  158  156  153
  150  146  142  139  135  131  127  122  118  113  109  106  104  103  104  107
  111  115  119  123  127  129  131  133  135  137  139  142  146  150  154  158
  160  161  162  161  160  158  156  154  153  152  151  150  150  149  149  150
  149  148  147  144  145  140  139  141  146                                   
    67.5-180.0 180.0   5.0 450.0                            LAT/LON1/LON2/DLON/H
  146  144  142  146  143  143  146  148  151  152  153  155  154  153  151  147
  144  140  136  132  129  126  122  118  114  109  105  101  100   99  101  104
  108  113  117  121  124  126  127  128  130  132  135  139  144  150  155  159
  161  163  162  161  159  156  154  152  150  149  149  149  148  147  147  148
  147  146  145  143  144  140  138  141  146                                   
    65.0-180.0 180.0   5.0 450.0                            LAT/LON1/LON2/DLON/H
  147  144  141  145  141  140  143  145  148  149  150  152  152  150  148  144
  140  136  133  130  127  125  122  118  114  109  105  102  100  100  101  104
  108  112  116  119  121  122  122  123  124  126  131  136  142  149  155  159
  162  163  162  160  157  155  152  150  149  149  148  148  148  148  147  148
  146  146  145  142  144  141  141  144  147                                   
    62.5-180.0 180.0   5.0 450.0                            LAT/LON1/LON2/DLON/H
  151  147  144  147  142  141  142  144  147  147  148  150  150  149  147  143
  139  136  132  130  128  127  124  121  118  113  109  106  105  105  106  108
  111  113  115  116  117  116  116  116  117  120  125  132  140  148  155  160
  162  163  162  160  157  154  152  151  150  150  151  151  151  150  149  149
  148  147  146  144  146  143  144  148  151                                   
    60.0-180.0 180.0   5.0 450.0                            LAT/LON1/LON2/DLON/H
  155  152  150  151  146  143  144  144  146  146  146  148  149  148  146  143
  139  136  133  132  131  130  128  125  122  118  115  112  111  111  112  112
  113  114  113  112  111  109  108  108  109  114  120  128  138  146  154  159
  162  163  162  159  157  155  154  153  154  154  155  155  155  153  152  151
  150  149  148  146  148  146  149  152  155                                   
    57.5-180.0 180.0   5.0 450.0                            LAT/LON1/LON2/DLON/H
  162  160  158  159  154  150  149  148  148  146  145  146  147  146  145  143
  140  137  135  134  134  133  132  130  127  124  121  119  118  118  118  118
  116  114  111  108  105  103  101  101  104  109  116  126  136  146  154  159
  162  163  163  162  160  160  159  160  161  162  163  163  161  159  157  155
  153  152  151  150  152  151  154  158  162                                   
    55.0-180.0 180.0   5.0 450.0                            LAT/LON1/LON2/DLON/H
  169  169  169  170  165  161  159  155  153  149  146  145  145  145  144  143
  141  139  138  137  136  136  135  133  130  128  126  125  125  125  124  122
  118  114  109  104  100   98   96   97  100  106  115  125  135  145  154  160
  163  165  166  166  167  167  168  170  171  172  172  171  169  166  162  160
  157  156  155  154  156  156  159  163  169                                   
    52.5-180.0 180.0   5.0 450.0                            LAT/LON1/LON2/DLON/H
  177  179  180  182  178  174  172  166  161  154  148  146  144  144  144  143
  143  142  141  140  139  138  137  134  132  130  130  130  131  131  129  125
  119  113  106  101   97   95   95   96  100  106  115  125  135  145  154  160
  165  169  171  173  175  177  179  181  182  183  182  180  176  172  168  165
  162  160  159  158  161  161  164  168  177                                   
    50.0-180.0 180.0   5.0 450.0                            LAT/LON1/LON2/DLON/H
  182  188  190  194  192  189  186  179  172  162  154  149  146  145  145  146
  146  146  146  145  143  141  138  136  133  132  132  134  135  135  133  127
  119  111  105  100   97   96   97   99  102  108  116  125  135  145  154  162
  168  173  178  182  185  188  191  192  193  192  190  186  182  177  172  169
  166  164  163  162  165  165  168  172  182                                   
    47.5-180.0 180.0   5.0 450.0                            LAT/LON1/LON2/DLON/H
  186  194  196  202  203  201  199  192  184  173  163  156  151  149  149  150
  151  152  151  150  147  144  141  137  135  134  135  137  138  138  134  127
  118  110  104  101  100  101  102  104  107  112  118  126  135  144  154  163
  171  178  185  190  194  198  200  201  201  199  195  191  186  180  176  173
  170  169  168  166  168  167  171  175  186                                   
    45.0-180.0 180.0   5.0 450.0                            LAT/LON1/LON2/DLON/H
  188  197  199  207  209  208  208  203  196  184  173  165  159  156  156  157
  159  159  158  156  152  148  143  140  137  137  138  139  140  138  133  125
  117  110  105  104  105  108  109  111  113  115  120  126  134  143  153  163
  174  183  191  197  201  204  206  207  206  203  199  194  188  184  180  178
  176  175  174  171  172  170  173  177  188                                   
    42.5-180.0 180.0   5.0 450.0                            LAT/LON1/LON2/DLON/H
  189  196  198  207  210  210  212  209  204  194  184  176  170  166  166  166
  168  168  166  162  157  151  146  143  141  141  141  142  141  138  132  124
  116  110  108  109  113  116  118  118  118  119  121  126  132  141  152  164
  176  186  194  200  204  207  209  209  208  205  201  196  192  188  186  185
  184  183  182  178  177  174  177  181  189                                   
    40.0-180.0 180.0   5.0 450.0                            LAT/LON1/LON2/DLON/H
  192  197  198  204  208  208  211  211  209  201  193  187  182  178  177  177
  177  176  173  167  161  154  150  147  146  146  146  146  143  137  130  122
  116  112  113  116  121  125  127  126  125  123  124  126  131  139  151  164
  177  188  195  201  204  207  208  209  208  206  203  200  197  195  194  196
  195  195  194  189  187  181  184  189  192                                   
    37.5-180.0 180.0   5.0 450.0                            LAT/LON1/LON2/DLON/H
  200  201  200  204  206  205  209  210  211  207  202  198  194  190  188  187
  186  184  179  172  164  158  154  152  153  153  153  150  145  138  130  122
  117  116  119  124  130  134  135  134  131  128  127  128  131  139  150  163
  176  187  194  198  201  204  207  209  210  210  209  207  206  205  207  210
  211  213  211  206  201  195  198  203  200                                   
    35.0-180.0 180.0   5.0 450.0                            LAT/LON1/LON2/DLON/H
  216  213  211  209  208  205  209  211  214  213  211  208  205  202  200  197
  194  190  183  175  167  161  158  158  160  161  160  155  148  139  131  125
  122  122  126  132  138  141  142  140  137  134  132  131  133  140  150  162
  174  183  189  193  197  201  205  210  213  216  217  217  218  219  223  228
  231  234  233  227  222  216  220  224  216                                   
    32.5-180.0 180.0   5.0 450.0                            LAT/LON1/LON2/DLON/H
  241  236  230  224  220  215  216  218  222  221  220  219  217  214  210  206
  202  195  187  178  170  165  164  165  168  169  167  161  152  142  134  129
  128  130  134  139  144  146  147  145  143  140  137  136  136  140  149  159
  170  177  182  187  192  198  206  213  220  224  227  230  232  235  241  248
  253  257  258  253  248  243  248  252  241                                   
    30.0-180.0 180.0   5.0 450.0                            LAT/LON1/LON2/DLON/H
  274  268  259  249  242  235  233  233  236  235  234  233  230  226  221  215
  209  201  191  182  174  170  170  173  176  177  174  166  157  147  140  136
  135  137  141  144  147  148  148  147  146  145  143  140  139  140  146  154
  162  169  174  180  188  198  209  220  229  235  240  244  248  252  258  267
  274  280  284  280  276  273  280  286  274                                   
    27.5-180.0 180.0   5.0 450.0                            LAT/LON1/LON2/DLON/H
  311  305  294  282  273  265  262  259  259  256  253  250  246  240  233  225
  216  207  196  187  180  177  178  181  184  184  180  171  162  152  146  143
  142  143  144  145  145  145  145  146  147  147  146  142  139  138  140  146
  153  159  165  174  185  200  215  228  239  247  253  258  262  267  275  284
  293  301  307  306  303  303  312  320  311                                   
    25.0-180.0 180.0   5.0 450.0                            LAT/LON1/LON2/DLON/H
  346  341  328  319  311  304  299  293  290  284  278  272  266  258  248  237
  226  214  203  193  187  185  187  190  192  190  184  175  165  157  151  148
  146  144  143  140  138  137  138  140  143  145  144  140  135  131  132  135
  141  149  158  170  186  204  222  238  249  258  264  270  275  280  288  298
  307  317  325  327  326  329  340  352  346                                   
    22.5-180.0 180.0   5.0 450.0                            LAT/LON1/LON2/DLON/H
  372  368  358  354  348  344  339  332  326  317  308  299  290  279  267  253
  238  224  211  201  195  194  195  197  197  193  186  176  166  158  151  147
  143  139  135  130  127  126  127  131  135  138  138  134  127  122  120  123
  130  139  152  169  189  211  231  247  258  267  273  279  285  291  299  309
  319  329  339  343  343  347  361  375  372                                   
    20.0-180.0 180.0   5.0 450.0                            LAT/LON1/LON2/DLON/H
  384  383  378  381  380  379  376  370  363  352  340  329  318  304  289  271
  253  236  221  210  204  202  202  202  200  193  184  173  162  153  146  140
  134  128  122  116  113  112  115  119  125  128  128  123  116  110  108  111
  119  131  148  169  194  218  239  254  265  273  280  286  293  300  308  318
  328  338  347  352  352  357  372  389  384                                   
    17.5-180.0 180.0   5.0 450.0                            LAT/LON1/LON2/DLON/H
  382  383  385  396  399  402  402  398  392  381  370  358  345  329  311  291
  270  249  232  218  211  208  206  204  198  189  177  165  153  143  135  127
  120  113  106  101   99  100  103  108  113  116  115  111  103   97   96  100
  110  126  147  172  199  225  245  260  269  277  285  292  301  309  319  328
  336  345  353  357  355  358  374  392  382                                   
    15.0-180.0 180.0   5.0 450.0                            LAT/LON1/LON2/DLON/H
  371  374  381  397  404  409  411  411  407  399  390  379  366  351  331  308
  284  261  240  224  215  210  206  201  192  180  166  153  140  130  120  112
  104   97   91   88   88   90   94   99  102  104  103   98   92   87   86   92
  104  122  146  175  204  230  249  263  272  281  290  299  310  321  331  340
  347  353  357  359  354  354  370  388  371                                   
    12.5-180.0 180.0   5.0 450.0                            LAT/LON1/LON2/DLON/H
  357  360  371  387  397  402  406  407  407  402  396  388  377  363  344  320
  294  268  245  227  214  207  201  192  180  166  151  137  125  115  105   97
   90   84   80   79   82   86   90   93   95   95   92   88   82   78   79   86
   99  120  146  176  206  231  250  264  274  284  295  308  322  335  346  355
  359  362  364  362  354  350  364  381  357                                   
    10.0-180.0 180.0   5.0 450.0                            LAT/LON1/LON2/DLON/H
  348  350  361  375  384  387  390  392  394  392  389  384  376  363  345  322
  296  269  244  224  209  199  189  178  164  149  134  121  110  101   93   86
   81   77   75   77   81   86   89   90   90   88   85   80   76   73   74   82
   96  117  145  175  204  229  248  263  276  289  303  319  335  350  363  371
  374  374  372  367  356  349  362  377  348                                   
     7.5-180.0 180.0   5.0 450.0                            LAT/LON1/LON2/DLON/H
  347  348  357  365  372  371  372  373  375  375  373  369  363  352  336  315
  289  262  237  216  199  186  173  160  145  130  116  106   97   90   85   80
