data/edconvlstm_nd/pred3130.15i
     1.0            IONOSPHERE MAPS     GNSS                IONEX VERSION / TYPE
pyspatialgeodesy        IME             05-JAN-18 20:20     PGM / RUN BY / DATE 
Map Name                                                    COMMENT             
Predicted global ionosphere maps (GIM).                     DESCRIPTION         
  2015    11     9     0     0     0                        EPOCH OF FIRST MAP  
  2015    11    10     0     0     0                        EPOCH OF LAST MAP   
  7200                                                      INTERVAL            
    13                                                      # OF MAPS IN FILE   
  NONE                                                      MAPPING FUNCTION    
10.0                                                        ELEVATION CUTOFF    
One-way carrier phase leveled to code                       OBSERVABLES USED    
  6371.0                                                    BASE RADIUS         
 2                                                          MAP DIMENSION       
   450.0 450.0   0.0                                        HGT1 / HGT2 / DHGT  
    87.5 -87.5  -2.5                                        LAT1 / LAT2 / DLAT  
  -180.0 180.0   5.0                                        LON1 / LON2 / DLON  
    -1                                                      EXPONENT            
                                                            END OF HEADER       
[from data line 3861]
    10                                                      START OF TEC MAP    
  2015    11     9    18     0     0                        EPOCH OF CURRENT MAP
    87.5-180.0 180.0   5.0 450.0                            LAT/LON1/LON2/DLON/H
   85   85   82   84   89   87   86   83   84   86   86   87   88   89   89   90
   90   90   90   90   90   90   89   88   87   86   85   84   83   82   81   80
   79   79   78   77   76   76   76   75   75   75   75   75   75   76   76   76
   77   77   78   78   79   79   80   80   80   81   81   81   81   81   81   81
   81   81   77   74   79   78   92   93   85                                   
    85.0-180.0 180.0   5.0 450.0                            LAT/LON1/LON2/DLON/H
   88   81   92   73   74   77   77   78   79   82   82   83   84   85   86   87
   88   88   89   89   88   88   87   86   85   84   83   82   81   80   79   78
   77   76   75   74   73   73   72   72   71   71   71   71   71   71   71   72
   72   72   73   73   74   74   74   75   75   75   76   76   76   76   76   76
   76   75   70   66   70   71   78   75   88                                   
    82.5-180.0 180.0   5.0 450.0                            LAT/LON1/LON2/DLON/H
   67   64   65   57   61   64   66   67   69   71   73   75   77   79   81   83
   84   85   85   85   84   83   82   81   79   78   76   74   73   71   70   68
   67   66   64   63   62   61   60   59   59   58   58   58   58   58   59   59
   60   61   61   62   63   64   64   65   65   66   66   66   66   65   65   64
   64   63   59   57   62   70   64   63   67                                   
    80.0-180.0 180.0   5.0 450.0                            LAT/LON1/LON2/DLON/H
   43   43   48   43   46   45   50   51   55   59   62   66   69   72   75   77
   79   80   80   79   78   77   75   72   70   68   65   63   61   59   58   56
   55   54   52   51   50   49   48   47   46   46   46   46   47   47   48   50
   51   52   53   54   55   55   56   56   57   57   57   57   56   56   55   54
   53   52   51   50   49   54   49   54   43                                   
    77.5-180.0 180.0   5.0 450.0                            LAT/LON1/LON2/DLON/H
   42   40   38   34   38   37   42   44   49   52   56   61   66   70   74   78
   80   82   83   82   81   79   76   73   70   67   64   61   59   57   55   53
   51   50   48   46   44   42   40   39   38   37   37   37   38   39   41   43
   45   46   48   50   51   52   52   53   53   53   53   53   52   52   51   50
   49   48   47   46   44   44   43   48   42                                   
    75.0-180.0 180.0   5.0 450.0                            LAT/LON1/LON2/DLON/H
   29   33   31   30   33   33   37   39   44   49   54   60   66   72   77   81
   84   87   88   87   85   82   79   75   70   66   62   59   56   54   53   51
   50   48   47   45   43   42   40   38   37   36   36   37   38   40   42   44
   47   49   51   52   53   53   54   54   54   54   53   53   53   52   52   51
   50   50   48   45   44   42   38   36   29                                   
    72.5-180.0 180.0   5.0 450.0                            LAT/LON1/LON2/DLON/H
   36   37   34   34   34   34   38   40   43   48   53   60   67   74   80   86
   91   94   95   95   93   89   84   78   73   67   62   58   54   52   50   49
   48   46   45   43   41   39   36   35   33   32   32   33   35   37   40   42
   45   47   49   50   50   50   50   50   49   49   49   49   49   49   50   49
   49   48   47   44   42   41   39   42   36                                   
    70.0-180.0 180.0   5.0 450.0                            LAT/LON1/LON2/DLON/H
   38   40   38   38   38   38   40   43   47   52   58   65   73   81   89   96
  102  106  109  109  107  103   97   90   82   75   68   63   59   56   54   52
   51   50   48   46   44   42   39   37   36   35   36   37   39   42   45   48
   50   52   53   53   52   51   50   50   49   49   49   50   50   51   52   52
   52   51   52   49   47   46   47   49   38                                   
    67.5-180.0 180.0   5.0 450.0                            LAT/LON1/LON2/DLON/H
   47   47   43   45   46   46   50   52   56   60   65   73   81   90   99  107
  114  120  124  125  123  119  112  103   94   85   76   69   64   60   57   54
   53   51   49   46   44   41   39   37   35   35   35   37   39   42   45   48
   51   52   52   52   50   49   47   46   46   46   47   48   49   50   52   53
   53   53   53   50   48   47   46   48   47                                   
    65.0-180.0 180.0   5.0 450.0                            LAT/LON1/LON2/DLON/H
   47   47   44   48   49   52   55   58   62   67   72   79   87   96  106  115
  124  131  136  139  138  134  127  117  106   96   86   77   71   65   61   58
   55   52   49   46   43   40   38   36   35   34   35   37   39   42   45   48
   50   50   50   48   46   44   42   41   41   42   43   45   46   48   49   50
   51   51   52   51   49   49   48   51   47                                   
    62.5-180.0 180.0   5.0 450.0                            LAT/LON1/LON2/DLON/H
   44   45   42   48   51   55   59   64   69   73   79   85   93  102  111  121
  131  140  147  151  151  147  140  130  119  107   96   87   79   73   67   63
   58   54   49   45   41   38   35   33   33   33   33   35   37   40   42   44
   45   44   43   41   39   36   35   34   35   36   38   40   41   43   44   44
   44   45   46   45   44   43   41   44   44                                   
    60.0-180.0 180.0   5.0 450.0                            LAT/LON1/LON2/DLON/H
   35   37   35   43   47   52   59   66   72   77   83   89   96  104  113  123
  133  143  152  157  159  156  149  140  128  116  106   96   89   82   76   69
   63   57   50   45   40   36   33   32   31   31   32   34   35   37   38   39
   39   37   36   33   31   29   28   28   30   32   34   35   36   36   36   36
   36   36   37   37   37   36   34   37   35                                   
    57.5-180.0 180.0   5.0 450.0                            LAT/LON1/LON2/DLON/H
   25   29   27   37   44   51   60   68   77   83   89   94  100  107  115  125
  135  146  155  162  165  163  157  148  138  127  117  109  102   96   89   81
   73   64   56   48   42   38   35   34   34   35   36   37   37   37   37   37
   35   34   32   29   27   26   26   27   29   32   33   35   34   33   32   31
   30   30   31   31   31   29   26   30   25                                   
    55.0-180.0 180.0   5.0 450.0                            LAT/LON1/LON2/DLON/H
   19   24   23   34   42   51   62   73   83   90   96  101  106  111  118  126
  136  147  156  164  168  167  162  155  146  137  130  123  118  112  105   96
   85   74   64   55   48   43   41   40   40   41   42   43   42   41   39   38
   36   34   32   30   29   28   29   31   34   36   38   38   37   34   32   30
   28   28   29   29   28   26   22   27   19                                   
    52.5-180.0 180.0   5.0 450.0                            LAT/LON1/LON2/DLON/H
   18   24   23   35   45   56   68   81   92  100  107  111  115  118  123  130
  139  148  158  165  170  170  167  161  154  148  143  139  135  129  122  111
   99   86   74   63   56   51   49   49   50   52   53   52   51   48   46   43
   41   39   37   36   36   36   38   41   44   46   47   46   44   40   37   34
   32   32   33   32   31   28   24   29   18                                   
    50.0-180.0 180.0   5.0 450.0                            LAT/LON1/LON2/DLON/H
   24   29   30   42   53   67   81   94  106  115  121  125  127  129  133  138
  144  152  161  168  173  174  173  168  164  160  156  154  150  145  136  124
  110   95   82   72   64   60   59   60   62   64   65   64   62   59   55   52
   50   48   48   47   48   49   52   55   58   59   60   58   54   50   46   43
   41   42   43   42   40   37   32   37   24                                   
    47.5-180.0 180.0   5.0 450.0                            LAT/LON1/LON2/DLON/H
   37   41   43   56   69   84   99  113  125  134  140  142  143  144  146  149
  154  160  167  174  179  181  181  178  175  172  170  167  163  156  145  131
  116  100   87   77   71   68   68   70   73   75   76   75   73   69   65   63
   61   60   61   61   62   64   66   69   72   73   72   70   66   61   58   56
   55   56   58   57   54   50   46   50   37                                   
    45.0-180.0 180.0   5.0 450.0                            LAT/LON1/LON2/DLON/H
   55   58   62   75   89  106  121  136  148  157  161  163  163  163  163  164
  167  171  177  183  188  191  192  191  188  186  183  178  171  161  147  131
  114   99   87   79   75   74   75   78   80   83   83   83   80   77   74   72
   71   72   73   74   75   77   79   81   83   84   83   80   77   73   70   69
   69   72   74   74   70   66   61   65   55                                   
    42.5-180.0 180.0   5.0 450.0                            LAT/LON1/LON2/DLON/H
   72   75   81   96  111  128  145  160  172  181  185  186  185  184  182  182
  184  186  191  196  202  206  207  206  203  200  194  187  176  161  144  126
  108   94   83   78   77   78   81   83   86   87   87   86   84   81   79   78
   78   79   80   81   82   84   86   88   89   90   89   87   85   82   81   81
   82   85   87   87   83   78   73   78   72                                   
    40.0-180.0 180.0   5.0 450.0                            LAT/LON1/LON2/DLON/H
   83   85   94  111  128  146  164  181  194  204  209  210  208  206  204  203
  203  205  208  214  219  223  224  223  219  213  205  194  179  161  140  121
  103   90   83   81   82   85   88   89   90   90   89   88   85   83   81   80
   81   82   82   83   83   84   86   89   91   92   92   90   89   88   87   88
   90   92   94   93   88   82   77   84   83                                   
    37.5-180.0 180.0   5.0 450.0                            LAT/LON1/LON2/DLON/H
   84   87   98  119  138  157  178  197  213  225  231  233  231  229  227  225
  224  225  228  234  239  242  243  240  234  227  217  203  185  165  144  124
  108   97   92   92   95   98  100  100   98   96   93   91   87   85   83   82
   81   81   81   80   80   81   84   87   89   91   91   91   90   90   91   91
   92   93   93   90   83   75   70   80   84                                   
    35.0-180.0 180.0   5.0 450.0                            LAT/LON1/LON2/DLON/H
   77   81   93  117  139  159  183  206  225  241  250  253  253  251  249  248
  247  247  251  256  260  263  261  257  250  242  232  218  200  181  161  144
  130  121  117  118  120  122  121  118  114  108  103   99   94   90   87   85
   83   81   79   77   76   78   81   85   88   90   91   91   91   91   91   91
   90   88   86   81   72   63   57   69   77                                   
    32.5-180.0 180.0   5.0 450.0                            LAT/LON1/LON2/DLON/H
   66   72   84  111  134  154  181  208  232  252  265  272  274  273  272  270
  269  270  273  278  282  283  280  274  267  260  252  242  229  214  199  185
  174  166  162  160  160  158  154  147  138  129  122  115  109  103   98   93
   89   84   80   77   76   78   82   87   91   93   94   94   94   93   93   91
   87   83   78   71   60   49   44   57   66                                   
    30.0-180.0 180.0   5.0 450.0                            LAT/LON1/LON2/DLON/H
   58   64   75  103  126  146  176  206  234  258  276  287  292  294  293  292
  291  292  296  300  302  302  297  291  285  282  280  277  272  265  257  249
  240  231  224  218  212  206  196  184  171  159  149  140  132  124  116  109
  101   94   87   83   82   85   90   95   99  101  101  100  100  100   98   95
   89   82   74   65   53   42   36   46   58                                   
    27.5-180.0 180.0   5.0 450.0                            LAT/LON1/LON2/DLON/H
   55   63   71   99  121  141  172  203  234  261  283  298  307  312  313  313
  312  313  316  319  321  318  313  308  307  310  317  325  330  333  333  330
  323  311  298  285  273  259  244  227  210  195  183  172  162  152  142  132
  121  111  103   98   97  101  106  111  113  113  112  111  110  110  108  105
   96   88   77   66   54   42   37   42   55                                   
    25.0-180.0 180.0   5.0 450.0                            LAT/LON1/LON2/DLON/H
   62   68   75  101  123  142  174  205  237  265  289  307  320  327  330  331
  330  331  333  335  335  332  329  327  332  344  362  381  399  412  421  422
  415  398  377  355  333  312  290  269  249  232  218  206  195  184  173  161
  148  136  126  120  120  123  128  131  131  129  126  123  122  122  121  118
  109  100   87   76   64   51   47   44   62                                   
    22.5-180.0 180.0   5.0 450.0                            LAT/LON1/LON2/DLON/H
   76   81   86  110  132  152  184  213  245  273  298  317  332  341  345  346
  345  344  344  345  345  344  343  348  360  382  411  442  471  493  508  512
  502  480  449  417  385  356  329  303  281  264  250  238  227  216  204  192
  178  164  153  147  146  149  152  152  150  144  138  135  133  134  134  132
  124  115  101   90   79   66   63   54   76                                   
    20.0-180.0 180.0   5.0 450.0                            LAT/LON1/LON2/DLON/H
   97   99  104  125  148  168  201  229  260  287  312  332  347  356  359  359
  356  353  351  351  351  353  358  370  391  423  462  502  537  565  582  585
  572  543  504  462  423  387  355  327  304  286  274  264  254  244  233  220
  206  192  181  174  172  172  173  171  165  156  148  142  141  143  145  144
  138  130  116  106   95   83   82   70   97                                   
    17.5-180.0 180.0   5.0 450.0                            LAT/LON1/LON2/DLON/H
  117  118  124  143  168  190  222  250  280  306  331  351  366  375  376  373
  366  360  355  354  355  361  373  394  424  463  508  553  591  618  633  632
  614  580  536  490  445  404  369  339  316  299  289  280  272  264  254  243
  229  216  204  195  191  189  187  182  173  161  150  145  144  147  151  152
  147  141  128  118  109   98  100   88  117                                   
    15.0-180.0 180.0   5.0 450.0                            LAT/LON1/LON2/DLON/H
  133  134  142  160  189  212  246  273  302  328  353  374  390  398  398  391
  380  369  360  357  361  372  391  419  456  500  548  592  626  648  656  650
  629  594  550  502  455  412  375  344  321  306  296  290  284  277  268  258
  246  232  219  208  202  197  192  183  171  158  147  141  142  146  152  155
  152  146  135  125  116  106  110  101  133                                   
    12.5-180.0 180.0   5.0 450.0                            LAT/LON1/LON2/DLON/H
  140  145  157  177  208  234  270  297  326  352  378  400  417  426  424  414
  398  383  371  366  371  386  412  446  488  534  579  618  645  658  659  648
  626  592  550  505  460  417  379  348  325  311  302  296  291  285  278  268
  255  241  226  213  203  196  188  177  164  150  139  134  136  142  149  152
  150  145  134  123  114  106  111  106  140                                   
    10.0-180.0 180.0   5.0 450.0                            LAT/LON1/LON2/DLON/H
  138  151  167  190  226  255  292  321  350  377  402  427  445  455  453  441
  423  404  389  382  388  407  438  476  520  565  605  635  653  658  651  636
  614  584  548  508  467  426  389  358  334  319  310  304  299  293  286  276
  262  245  227  211  198  188  178  167  154  141  131  127  130  136  142  145
  143  138  128  116  106   98  104  103  138                                   
     7.5-180.0 180.0   5.0 450.0                            LAT/LON1/LON2/DLON/H
  132  151  170  200  239  272  312  342  372  400  426  452  472  484  484  472
  453  433  416  409  416  437  470  510  553  593  626  648  657  654  642  625
