data/edconvlstm_nd/pred0870.15i
     1.0            IONOSPHERE MAPS     GNSS                IONEX VERSION / TYPE
pyspatialgeodesy        IME             05-JAN-18 20:20     PGM / RUN BY / DATE 
Map Name                                                    COMMENT             
Predicted global ionosphere maps (GIM).                     DESCRIPTION         
  2015     3    28     0     0     0                        EPOCH OF FIRST MAP  
  2015     3    29     0     0     0                        EPOCH OF LAST MAP   
  7200                                                      INTERVAL            
    13                                                      # OF MAPS IN FILE   
  NONE                                                      MAPPING FUNCTION    
10.0                                                        ELEVATION CUTOFF    
One-way carrier phase leveled to code                       OBSERVABLES USED    
  6371.0                                                    BASE RADIUS         
 2                                                          MAP DIMENSION       
   450.0 450.0   0.0                                        HGT1 / HGT2 / DHGT  
    87.5 -87.5  -2.5                                        LAT1 / LAT2 / DLAT  
  -180.0 180.0   5.0                                        LON1 / LON2 / DLON  
    -1                                                      EXPONENT            
                                                            END OF HEADER       
[from data line 3432]
     9                                                      START OF TEC MAP    
  2015     3    28    16     0     0                        EPOCH OF CURRENT MAP
    87.5-180.0 180.0   5.0 450.0                            LAT/LON1/LON2/DLON/H
  193  196  190  198  200  203  203  203  204  206  206  207  208  209  210  210
  211  212  213  214  214  215  215  215  215  215  215  215  214  213  212  211
  210  208  207  205  203  202  200  198  196  194  192  190  189  187  186  185
  184  183  182  182  181  181  181  181  181  182  182  183  184  185  185  186
  187  188  188  189  196  198  200  197  193                                   
    85.0-180.0 180.0   5.0 450.0                            LAT/LON1/LON2/DLON/H
  185  192  203  199  198  204  206  208  209  210  209  210  211  211  212  213
  214  214  215  216  217  218  219  220  220  220  220  219  219  218  217  216
  214  212  211  209  207  205  203  201  199  197  195  193  191  190  188  187
  186  185  184  184  184  184  184  184  184  185  185  186  187  187  188  189
  191  193  192  191  194  191  193  197  185                                   
    82.5-180.0 180.0   5.0 450.0                            LAT/LON1/LON2/DLON/H
  164  181  186  184  186  193  196  198  198  199  199  200  200  201  202  203
  205  206  209  211  213  215  217  219  220  221  221  221  221  220  219  217
  215  213  210  207  204  201  198  195  192  189  186  183  181  178  176  175
  173  172  171  171  170  170  170  170  171  171  172  172  173  173  174  175
  176  177  176  179  178  186  181  174  164                                   
    80.0-180.0 180.0   5.0 450.0                            LAT/LON1/LON2/DLON/H
  152  166  173  173  173  176  179  183  184  185  184  184  184  185  186  187
  189  192  194  197  200  203  206  209  211  212  213  214  213  212  211  209
  206  203  200  197  194  190  187  183  180  177  174  172  170  168  166  165
  165  164  164  164  165  165  166  166  167  167  168  168  169  169  169  170
  170  170  169  170  165  164  162  158  152                                   
    77.5-180.0 180.0   5.0 450.0                            LAT/LON1/LON2/DLON/H
  147  153  161  161  161  164  166  168  168  168  167  166  166  166  167  169
  172  176  180  184  189  193  198  202  205  208  210  211  211  211  210  208
  206  203  200  196  193  189  186  182  179  176  173  170  168  166  165  164
  164  164  164  165  166  166  167  167  168  168  167  167  166  166  165  164
  163  162  161  161  159  153  152  151  147                                   
    75.0-180.0 180.0   5.0 450.0                            LAT/LON1/LON2/DLON/H
  140  147  152  153  153  156  156  157  158  157  155  155  154  154  155  157
  161  165  171  176  183  189  194  199  203  206  208  209  210  210  209  207
  205  202  199  196  193  189  186  182  179  176  174  171  169  168  167  167
  167  167  168  169  170  171  172  172  172  172  171  170  169  167  165  164
  161  160  158  155  153  147  145  135  140                                   
    72.5-180.0 180.0   5.0 450.0                            LAT/LON1/LON2/DLON/H
  133  140  144  148  148  151  152  153  151  151  148  147  146  146  148  151
  155  161  168  176  184  192  199  204  209  212  213  214  214  213  212  211
  209  207  205  202  199  195  192  189  185  182  179  177  175  173  171  171
  170  171  171  172  172  173  173  172  172  171  169  167  165  162  160  157
  153  151  149  147  144  140  139  135  133                                   
    70.0-180.0 180.0   5.0 450.0                            LAT/LON1/LON2/DLON/H
  128  134  138  143  144  148  149  151  150  149  147  146  146  146  148  152
  157  165  173  182  192  201  209  215  220  222  223  222  221  219  218  216
  214  212  210  207  204  201  197  194  191  188  185  181  179  176  173  171
  170  169  168  168  168  167  166  165  164  162  160  157  154  151  148  145
  141  137  136  134  133  131  132  128  128                                   
    67.5-180.0 180.0   5.0 450.0                            LAT/LON1/LON2/DLON/H
  119  127  132  139  144  149  153  155  156  156  155  155  155  156  159  163
  169  177  186  197  208  218  227  234  238  239  239  237  234  231  229  227
  225  224  221  218  215  212  208  205  202  198  195  191  186  181  176  172
  168  165  162  160  158  157  155  153  150  148  146  143  141  137  134  131
  126  123  122  119  118  118  121  120  119                                   
    65.0-180.0 180.0   5.0 450.0                            LAT/LON1/LON2/DLON/H
  105  114  119  129  135  143  149  154  157  159  160  162  163  166  170  175
  181  190  199  210  222  233  242  250  254  255  253  250  246  243  240  238
  237  235  233  230  226  222  218  215  211  208  203  198  191  183  175  167
  160  154  149  145  141  138  135  132  130  127  125  122  120  117  113  110
  105  102  101   99  100  102  106  107  105                                   
    62.5-180.0 180.0   5.0 450.0                            LAT/LON1/LON2/DLON/H
   88   98  103  114  123  133  142  150  155  160  164  168  172  176  181  187
  194  202  211  222  233  244  254  262  266  267  265  261  257  254  252  250
  250  248  246  242  238  233  229  226  222  218  213  206  197  186  174  162
  152  143  136  130  125  121  117  114  111  108  106  104  102   99   95   91
   87   84   83   80   81   84   88   92   88                                   
    60.0-180.0 180.0   5.0 450.0                            LAT/LON1/LON2/DLON/H
   72   81   85   97  107  118  130  140  148  156  163  169  176  182  189  196
  203  210  218  227  238  248  258  266  271  273  271  268  265  263  263  263
  264  263  260  256  251  246  241  238  235  231  225  217  205  191  176  161
  148  137  129  122  117  112  108  104  101   99   97   95   92   89   85   81
   75   72   70   67   69   71   74   78   72                                   
    57.5-180.0 180.0   5.0 450.0                            LAT/LON1/LON2/DLON/H
   62   69   72   83   92  104  118  129  140  150  159  168  176  185  193  201
  208  214  221  228  237  246  256  264  270  273  274  273  272  272  274  277
  279  279  276  272  266  260  256  252  250  246  241  232  219  203  186  169
  154  143  133  126  120  115  111  107  104  102  100   98   96   92   88   83
   76   72   70   67   67   67   68   71   62                                   
    55.0-180.0 180.0   5.0 450.0                            LAT/LON1/LON2/DLON/H
   61   65   67   76   84   97  112  124  136  146  156  166  176  185  195  203
  211  217  222  227  233  241  250  259  267  272  275  277  279  282  287  291
  295  296  293  289  283  277  272  269  267  265  259  250  237  220  203  186
  171  159  150  142  136  131  127  123  120  118  116  115  112  108  103   97
   90   85   82   79   78   75   73   74   61                                   
    52.5-180.0 180.0   5.0 450.0                            LAT/LON1/LON2/DLON/H
   71   70   72   78   86  100  114  127  139  150  159  169  178  187  197  207
  215  221  225  228  232  238  247  256  266  273  279  283  288  294  300  307
  311  312  310  306  300  295  291  288  287  285  280  271  258  242  225  209
  195  184  175  167  160  155  150  147  145  143  141  140  137  133  128  122
  114  109  105  102  100   94   90   86   71                                   
    50.0-180.0 180.0   5.0 450.0                            LAT/LON1/LON2/DLON/H
   91   86   86   89   96  112  127  140  153  164  172  180  187  195  204  214
  223  230  233  235  237  242  250  261  272  282  289  296  302  309  316  323
  327  328  326  322  317  313  310  308  306  304  299  291  278  263  248  233
  221  210  201  193  185  179  174  171  169  168  168  166  164  161  156  150
  142  137  133  132  130  122  116  108   91                                   
    47.5-180.0 180.0   5.0 450.0                            LAT/LON1/LON2/DLON/H
  117  108  106  108  114  130  147  162  176  187  195  200  205  211  218  228
  238  245  249  250  252  256  264  276  288  299  308  315  321  327  333  338
  341  341  340  337  334  331  328  326  324  321  316  307  295  281  266  253
  241  231  221  211  202  194  189  186  186  186  186  186  185  182  179  173
  166  162  159  159  159  151  144  135  117                                   
    45.0-180.0 180.0   5.0 450.0                            LAT/LON1/LON2/DLON/H
  142  132  129  130  136  152  171  187  204  217  225  229  231  234  240  249
  258  267  271  273  274  279  287  299  312  324  333  339  343  346  348  350
  352  352  352  351  350  349  347  344  341  336  328  319  306  292  277  264
  252  241  229  217  206  196  190  188  189  191  192  193  193  192  190  186
  180  178  175  177  179  174  167  161  142                                   
    42.5-180.0 180.0   5.0 450.0                            LAT/LON1/LON2/DLON/H
  161  153  148  150  158  173  192  211  231  248  257  262  263  263  267  274
  284  292  298  300  302  307  315  328  342  353  360  364  364  363  361  361
  361  362  363  366  368  369  367  364  358  350  340  328  314  298  281  267
  253  240  227  212  198  187  181  180  181  184  187  188  190  190  189  187
  182  181  178  181  184  184  178  175  161                                   
    40.0-180.0 180.0   5.0 450.0                            LAT/LON1/LON2/DLON/H
  169  164  160  164  173  186  207  228  252  273  287  294  295  295  296  302
  311  319  325  327  330  335  344  357  370  380  385  385  382  377  373  372
  373  376  381  387  392  395  394  388  379  369  356  341  323  304  284  267
  251  236  221  204  189  177  171  169  171  173  176  178  179  181  181  180
  175  174  171  172  174  178  175  174  169                                   
    37.5-180.0 180.0   5.0 450.0                            LAT/LON1/LON2/DLON/H
  165  164  162  168  178  189  211  234  262  288  307  319  323  323  325  330
  337  344  349  352  355  361  370  381  393  401  404  402  397  391  388  388
  393  400  410  420  428  432  429  422  410  396  380  362  340  316  293  272
  254  238  222  206  191  178  171  168  168  170  171  172  173  174  175  174
  169  165  160  157  157  161  160  160  165                                   
    35.0-180.0 180.0   5.0 450.0                            LAT/LON1/LON2/DLON/H
  155  156  155  161  171  180  203  228  259  290  316  334  343  346  349  353
  359  365  370  373  376  382  390  400  410  417  419  417  412  409  409  415
  427  441  457  470  480  483  478  467  453  436  418  396  370  342  314  290
  271  256  241  227  212  200  191  186  183  182  181  180  180  180  180  178
  172  165  156  147  142  143  142  141  155                                   
    32.5-180.0 180.0   5.0 450.0                            LAT/LON1/LON2/DLON/H
  144  147  146  150  157  163  186  212  246  282  314  338  353  362  367  372
  378  383  387  390  394  399  406  414  422  428  432  432  432  434  442  458
  478  501  522  539  547  548  540  526  508  490  470  445  416  383  352  326
  308  295  284  273  261  250  239  230  222  217  213  209  206  205  204  200
  192  182  167  152  139  134  129  124  144                                   
    30.0-180.0 180.0   5.0 450.0                            LAT/LON1/LON2/DLON/H
  140  144  140  142  144  148  169  194  230  269  305  335  356  370  379  386
  392  397  401  405  410  415  421  427  433  440  446  451  458  470  489  516
  549  581  607  623  628  623  610  593  574  555  534  508  475  439  406  381
  365  357  352  347  339  329  316  302  289  277  268  261  256  251  248  242
  230  217  196  175  153  139  127  114  140                                   
    27.5-180.0 180.0   5.0 450.0                            LAT/LON1/LON2/DLON/H
  147  151  142  142  140  141  160  183  218  258  295  328  354  372  386  395
  403  409  415  421  427  433  437  441  446  453  463  476  493  516  549  590
  634  674  701  713  711  698  680  660  641  622  602  575  542  505  471  448
  437  435  438  441  440  432  417  397  377  359  345  334  324  316  309  299
  285  267  241  216  185  160  139  115  147                                   
    25.0-180.0 180.0   5.0 450.0                            LAT/LON1/LON2/DLON/H
  164  166  153  151  148  147  162  183  215  254  291  324  352  374  391  404
  413  422  430  439  447  454  457  459  462  470  485  507  535  571  617  670
  723  766  789  792  782  763  741  720  700  683  663  638  604  567  535  515
  508  513  523  534  539  534  518  495  469  447  429  414  402  390  379  365
  347  326  295  267  230  193  164  128  164                                   
    22.5-180.0 180.0   5.0 450.0                            LAT/LON1/LON2/DLON/H
  186  185  169  166  164  163  176  195  224  259  293  326  354  378  398  413
  426  437  449  461  471  478  481  480  483  493  513  544  582  630  686  747
  802  840  854  849  831  808  785  763  745  728  708  682  647  610  579  561
  557  564  578  593  602  601  586  563  537  514  496  481  467  453  440  424
  404  382  349  320  279  233  199  158  186                                   
    20.0-180.0 180.0   5.0 450.0                            LAT/LON1/LON2/DLON/H
  207  200  185  179  179  182  196  214  241  272  303  333  361  386  408  426
  442  457  472  486  499  506  507  506  507  520  546  584  631  687  748  808
  856  884  890  878  857  833  810  789  770  753  731  702  664  625  592  572
  567  573  586  601  613  615  605  586  564  544  529  516  503  489  475  459
  440  421  390  362  321  272  237  198  207                                   
    17.5-180.0 180.0   5.0 450.0                            LAT/LON1/LON2/DLON/H
  223  209  196  187  187  194  211  233  260  289  317  345  372  398  422  443
  462  480  497  514  528  535  535  533  536  552  582  626  679  736  792  842
  878  896  896  882  861  839  818  798  779  759  733  698  655  610  573  550
  539  539  547  561  574  582  579  568  553  540  529  519  506  492  478  462
  445  430  404  380  344  297  266  236  223                                   
    15.0-180.0 180.0   5.0 450.0                            LAT/LON1/LON2/DLON/H
  233  213  200  189  187  197  218  243  274  304  332  359  386  413  439  462
  484  505  525  543  556  563  564  564  569  588  623  670  721  770  813  848
  873  884  881  867  850  831  814  796  776  753  721  679  627  576  533  503
  486  478  480  491  507  521  528  527  522  517  510  501  487  471  455  437
  420  408  388  369  342  304  280  258  233                                   
    12.5-180.0 180.0   5.0 450.0                            LAT/LON1/LON2/DLON/H
  234  213  198  186  180  190  214  242  278  311  342  370  399  428  456  483
  507  530  552  570  584  591  594  597  606  630  666  710  751  786  814  837
  853  860  856  846  832  819  805  789  768  741  703  653  595  537  488  452
  428  414  410  419  437  457  474  485  490  491  487  476  459  438  418  397
  379  367  352  339  321  295  277  263  234                                   
    10.0-180.0 180.0   5.0 450.0                            LAT/LON1/LON2/DLON/H
  229  208  192  178  169  177  201  231  271  310  344  377  409  441  473  502
  529  554  576  595  609  618  625  633  648  674  706  740  768  789  806  821
  831  835  833  825  817  808  797  782  760  730  688  634  570  508  455  416
  387  369  362  369  389  415  439  458  470  474  470  455  432  405  380  356
  335  321  309  300  291  278  264  256  229                                   
     7.5-180.0 180.0   5.0 450.0                            LAT/LON1/LON2/DLON/H
  220  201  182  169  157  161  183  214  256  300  341  379  415  452  487  519
  548  573  597  616  631  645  657  672  690  713  736  758  775  788  798  807
