data/edconvlstm_nd/pred0400.15i
     1.0            IONOSPHERE MAPS     GNSS                IONEX VERSION / TYPE
pyspatialgeodesy        IME             05-JAN-18 20:20     PGM / RUN BY / DATE 
Map Name                                                    COMMENT             
Predicted global ionosphere maps (GIM).                     DESCRIPTION         
  2015     2     9     0     0     0                        EPOCH OF FIRST MAP  
  2015     2    10     0     0     0                        EPOCH OF LAST MAP   
  7200                                                      INTERVAL            
    13                                                      # OF MAPS IN FILE   
  NONE                                                      MAPPING FUNCTION    
10.0                                                        ELEVATION CUTOFF    
One-way carrier phase leveled to code                       OBSERVABLES USED    
  6371.0                                                    BASE RADIUS         
 2                                                          MAP DIMENSION       
   450.0 450.0   0.0                                        HGT1 / HGT2 / DHGT  
    87.5 -87.5  -2.5                                        LAT1 / LAT2 / DLAT  
  -180.0 180.0   5.0                                        LON1 / LON2 / DLON  
    -1                                                      EXPONENT            
                                                            END OF HEADER       
[from data line 3861]
    10                                                      START OF TEC MAP    
  2015     2     9    18     0     0                        EPOCH OF CURRENT MAP
    87.5-180.0 180.0   5.0 450.0                            LAT/LON1/LON2/DLON/H
  187  194  190  200  203  205  206  206  207  209  209  210  211  211  211  211
  210  209  207  206  204  202  200  198  196  194  192  190  188  187  185  184
  183  182  181  181  180  179  179  178  178  178  177  177  177  177  177  176
  176  176  176  176  176  176  177  177  177  178  178  179  180  181  182  182
  183  185  185  185  194  193  196  185  187                                   
    85.0-180.0 180.0   5.0 450.0                            LAT/LON1/LON2/DLON/H
  192  199  213  206  207  214  216  221  222  225  225  227  228  228  229  228
  227  226  224  222  220  217  214  211  208  205  203  200  198  197  195  194
  193  192  192  191  191  190  190  190  189  189  189  188  188  187  187  186
  186  186  185  185  184  184  184  184  184  185  185  186  186  187  188  189
  191  193  192  191  193  190  190  189  192                                   
    82.5-180.0 180.0   5.0 450.0                            LAT/LON1/LON2/DLON/H
  176  190  194  193  199  207  214  219  221  225  228  232  233  235  236  236
  235  233  230  226  221  216  211  206  200  195  191  187  184  181  180  178
  178  177  177  177  177  177  177  177  177  176  176  175  175  174  174  173
  172  172  171  170  169  169  168  168  168  168  169  169  170  171  172  173
  175  176  177  180  178  186  175  170  176                                   
    80.0-180.0 180.0   5.0 450.0                            LAT/LON1/LON2/DLON/H
  154  164  172  173  179  184  193  202  209  215  220  225  229  232  233  234
  233  230  226  221  214  206  198  189  181  173  167  161  157  154  152  151
  151  151  152  153  154  154  155  155  155  155  155  155  155  155  155  154
  154  154  153  153  152  152  152  151  151  151  151  151  152  152  153  154
  156  157  157  159  152  151  145  146  154                                   
    77.5-180.0 180.0   5.0 450.0                            LAT/LON1/LON2/DLON/H
  136  135  143  144  152  160  170  180  189  197  205  213  219  225  228  230
  230  228  224  217  208  198  186  174  162  151  141  133  128  124  122  122
  123  125  127  129  130  132  133  133  133  133  133  133  133  134  134  134
  135  135  136  136  136  136  136  136  136  136  135  135  135  135  135  135
  135  135  135  136  132  126  124  127  136                                   
    75.0-180.0 180.0   5.0 450.0                            LAT/LON1/LON2/DLON/H
  112  113  117  119  128  138  146  157  169  180  191  201  211  219  225  230
  232  232  228  222  212  200  186  171  156  141  129  119  111  107  105  105
  106  108  110  113  114  116  116  116  116  116  116  116  116  117  118  120
  121  123  124  126  127  128  129  129  129  129  128  128  127  126  125  125
  123  123  122  119  115  110  107  100  112                                   
    72.5-180.0 180.0   5.0 450.0                            LAT/LON1/LON2/DLON/H
   95   95   97  103  109  119  129  140  152  166  178  192  204  216  226  234
  239  242  241  237  228  215  199  181  162  144  128  115  106  100   97   96
   97   98  100  102  103  103  102  101  100   99   99   99   99  100  102  104
  107  110  113  116  119  122  123  125  125  125  125  124  122  120  119  117
  114  113  111  108  103   99   98   97   95                                   
    70.0-180.0 180.0   5.0 450.0                            LAT/LON1/LON2/DLON/H
   87   86   87   91   98  106  115  127  140  155  169  184  199  214  228  240
  250  257  261  260  254  243  227  208  187  166  147  131  119  111  106  104
  103  103  103  102  101   99   96   94   91   89   87   86   87   88   90   92
   96  100  104  108  112  116  119  122  123  124  123  122  119  117  115  113
  110  108  107  103   99   96   96   94   87                                   
    67.5-180.0 180.0   5.0 450.0                            LAT/LON1/LON2/DLON/H
   84   84   84   90   97  105  114  127  140  155  170  187  204  221  238  254
  269  281  290  293  291  283  268  249  226  203  182  163  148  138  130  126
  122  119  115  111  106  101   96   91   86   83   80   78   78   78   80   83
   86   90   95  101  106  111  116  119  122  122  122  121  118  116  113  111
  108  106  104  100   96   94   93   94   84                                   
    65.0-180.0 180.0   5.0 450.0                            LAT/LON1/LON2/DLON/H
   81   82   82   88   95  104  113  126  140  156  171  189  207  226  245  265
  284  301  315  325  328  323  311  293  271  247  224  203  187  174  164  156
  149  141  133  124  114  105   97   90   83   78   74   71   69   68   69   70
   72   75   80   85   91   97  103  108  111  112  112  111  108  106  103  101
   99   98   97   95   93   92   92   96   81                                   
    62.5-180.0 180.0   5.0 450.0                            LAT/LON1/LON2/DLON/H
   79   79   80   88   96  106  117  131  146  162  179  197  215  234  255  277
  300  321  340  354  361  360  351  334  312  288  265  244  227  213  202  191
  180  167  153  138  124  111   99   90   82   75   70   66   63   60   59   58
   59   60   64   69   75   81   88   93   97   99   99   98   95   93   90   88
   86   86   87   85   84   84   85   92   79                                   
    60.0-180.0 180.0   5.0 450.0                            LAT/LON1/LON2/DLON/H
   75   76   78   87   96  106  120  136  153  171  189  207  225  244  265  288
  312  336  358  375  385  387  380  365  345  322  300  281  265  251  239  226
  212  195  175  156  137  120  106   95   85   78   72   66   62   57   53   50
   49   48   50   54   59   66   73   78   82   84   85   83   81   78   76   74
   72   72   74   73   73   74   76   86   75                                   
    57.5-180.0 180.0   5.0 450.0                            LAT/LON1/LON2/DLON/H
   71   72   76   86   96  108  125  143  163  183  202  221  239  257  277  299
  323  348  370  389  400  403  397  384  366  346  327  310  296  285  273  260
  243  222  199  175  153  134  118  106   96   87   80   74   67   61   55   50
   46   44   44   46   51   56   63   68   72   74   75   73   71   69   67   65
   63   63   65   64   64   65   68   80   71                                   
    55.0-180.0 180.0   5.0 450.0                            LAT/LON1/LON2/DLON/H
   71   72   76   88   99  113  132  153  176  199  220  240  257  274  292  312
  335  358  379  395  406  408  403  392  377  360  345  331  321  311  301  288
  270  247  222  196  172  151  135  122  111  102   94   86   78   71   64   57
   52   48   47   47   51   55   60   65   69   71   71   70   69   67   65   64
   62   61   63   62   62   61   63   76   71                                   
    52.5-180.0 180.0   5.0 450.0                            LAT/LON1/LON2/DLON/H
   74   74   80   92  106  122  144  168  194  219  242  262  279  295  311  328
  348  367  385  398  406  407  403  394  381  368  356  346  338  330  321  308
  290  267  241  215  191  171  155  142  131  121  112  103   94   85   78   71
   65   61   58   58   60   63   67   70   73   74   75   74   74   73   73   72
   69   69   69   67   66   64   65   76   74                                   
    50.0-180.0 180.0   5.0 450.0                            LAT/LON1/LON2/DLON/H
   81   80   88  101  118  136  162  189  217  244  268  289  305  320  334  348
  364  379  392  401  406  405  401  394  385  375  365  357  349  341  331  318
  300  278  254  230  208  190  175  162  151  141  130  120  110  102   94   88
   83   79   77   75   76   77   80   82   83   84   84   85   86   86   87   87
   84   83   81   80   77   73   72   80   81                                   
    47.5-180.0 180.0   5.0 450.0                            LAT/LON1/LON2/DLON/H
   91   89   97  113  133  156  185  213  244  272  297  318  334  348  359  371
  383  394  402  407  408  407  403  397  391  382  374  364  354  344  331  316
  299  279  258  238  220  205  192  181  169  158  146  135  125  116  109  104
  100   97   95   94   93   94   95   95   96   96   96   98  100  102  104  104
  101  100   97   95   92   86   82   88   91                                   
    45.0-180.0 180.0   5.0 450.0                            LAT/LON1/LON2/DLON/H
  101   98  108  126  151  177  210  240  271  301  327  348  365  377  387  396
  405  412  416  417  416  413  410  406  400  392  382  369  354  338  322  305
  288  271  254  239  226  215  205  194  183  171  158  145  134  125  118  114
  111  109  107  106  105  105  106  106  106  106  106  109  112  116  119  119
  116  114  111  109  106   98   93   99  101                                   
    42.5-180.0 180.0   5.0 450.0                            LAT/LON1/LON2/DLON/H
  108  105  116  138  168  198  232  264  297  327  355  377  394  406  414  421
  427  431  433  432  429  426  423  419  413  403  389  371  350  329  309  292
  276  262  249  239  231  223  215  205  193  180  166  152  139  129  122  117
  114  111  110  108  108  108  109  109  109  110  111  115  119  124  127  127
  123  121  118  117  114  107  101  109  108                                   
    40.0-180.0 180.0   5.0 450.0                            LAT/LON1/LON2/DLON/H
  111  109  122  149  182  214  250  283  316  349  378  402  420  432  440  445
  449  451  451  449  446  443  439  435  427  414  395  372  347  323  302  285
  271  260  252  246  241  235  228  217  204  189  174  158  144  132  123  116
  111  107  104  103  102  103  105  107  108  109  111  114  119  124  126  126
  122  119  116  115  113  107  102  113  111                                   
    37.5-180.0 180.0   5.0 450.0                            LAT/LON1/LON2/DLON/H
  110  110  126  156  191  224  262  295  329  363  394  421  442  455  462  466
  468  469  468  467  464  461  456  449  439  422  401  376  350  326  307  292
  282  275  270  267  263  258  249  237  221  204  187  170  154  140  127  117
  109  103   98   96   95   97  100  103  105  106  108  111  115  118  120  118
  113  110  107  106  104  100   96  109  110                                   
    35.0-180.0 180.0   5.0 450.0                            LAT/LON1/LON2/DLON/H
  107  109  129  160  197  230  268  301  336  371  405  435  458  473  481  484
  484  484  483  482  480  476  469  459  446  428  407  384  362  343  329  320
  315  313  312  310  306  297  284  267  248  228  210  192  175  158  143  129
  117  107  100   96   95   98  102  105  107  107  107  108  111  113  113  110
  104  100   97   96   94   90   86  101  107                                   
    32.5-180.0 180.0   5.0 450.0                            LAT/LON1/LON2/DLON/H
  107  111  133  164  201  232  270  303  338  374  410  443  469  487  496  498
  497  495  494  493  490  484  476  464  449  433  416  400  387  378  374  374
  377  381  383  381  372  357  336  312  287  264  244  226  209  191  174  157
  142  128  118  112  110  112  116  119  120  118  115  114  114  114  113  110
  103   99   95   92   89   83   80   93  107                                   
    30.0-180.0 180.0   5.0 450.0                            LAT/LON1/LON2/DLON/H
  113  118  141  171  207  236  273  304  339  375  412  448  477  497  507  509
  507  503  500  498  494  487  476  463  450  438  429  425  426  432  443  457
  470  481  485  478  460  433  401  367  337  311  290  273  257  241  223  206
  188  172  158  149  146  147  149  150  147  142  136  131  128  127  125  122
  115  111  105   99   94   86   80   91  113                                   
    27.5-180.0 180.0   5.0 450.0                            LAT/LON1/LON2/DLON/H
  125  131  153  183  218  245  280  309  342  378  416  452  483  506  517  519
  515  509  504  500  494  485  473  461  451  446  449  461  481  507  538  566
  589  603  602  584  552  511  467  426  390  363  343  329  317  304  290  274
  256  239  223  211  204  202  200  197  189  179  169  160  154  151  150  147
  140  136  127  118  110   98   88   94  125                                   
    25.0-180.0 180.0   5.0 450.0                            LAT/LON1/LON2/DLON/H
  144  150  169  200  234  260  293  320  352  386  423  459  491  515  528  530
  525  516  509  502  494  483  471  460  456  461  479  509  552  600  646  684
  708  716  704  673  628  576  525  478  439  412  395  386  379  373  365  354
  340  324  307  292  281  274  266  256  241  224  208  194  185  181  179  177
  171  167  156  146  134  117  102  103  144                                   
    22.5-180.0 180.0   5.0 450.0                            LAT/LON1/LON2/DLON/H
  167  172  189  221  256  281  312  337  367  400  435  470  502  527  542  545
  539  529  519  509  498  486  474  467  470  488  521  572  634  696  747  782
  798  794  771  730  678  622  566  515  475  449  435  431  432  433  434  432
  424  412  396  379  365  351  336  318  294  270  246  228  215  209  207  205
  200  198  185  174  159  139  121  118  167                                   
    20.0-180.0 180.0   5.0 450.0                            LAT/LON1/LON2/DLON/H
  190  195  209  245  282  306  336  360  388  419  452  486  518  545  562  568
  563  553  540  526  513  499  488  486  499  529  579  644  714  775  819  841
  844  830  799  756  703  645  587  534  494  468  457  457  463  472  481  488
  489  483  470  453  435  416  394  368  337  306  277  254  239  231  229  227
  223  222  209  198  180  158  140  136  190                                   
    17.5-180.0 180.0   5.0 450.0                            LAT/LON1/LON2/DLON/H
  207  214  228  267  306  332  362  385  413  442  473  506  539  569  591  601
  599  590  576  560  543  527  518  521  543  585  645  714  777  824  851  859
  851  831  799  758  706  648  590  538  498  472  460  460  467  480  496  510
  520  521  513  498  478  455  428  396  361  325  293  268  252  243  240  238
  236  235  223  213  195  173  155  154  207                                   
    15.0-180.0 180.0   5.0 450.0                            LAT/LON1/LON2/DLON/H
  216  226  244  284  327  356  387  411  439  467  497  530  564  598  626  643
  647  641  628  610  590  573  564  572  601  650  709  767  812  840  850  847
  834  811  779  739  691  638  585  535  494  466  450  445  450  462  479  499
  514  522  520  507  488  463  433  399  363  327  294  270  254  245  242  239
  236  237  226  216  201  181  163  166  216                                   
    12.5-180.0 180.0   5.0 450.0                            LAT/LON1/LON2/DLON/H
  216  229  254  296  342  375  409  435  465  494  523  556  592  631  665  690
  701  701  692  675  654  634  624  634  665  710  758  798  822  833  833  822
  803  777  747  711  671  625  577  531  489  457  435  423  421  428  443  463
  482  494  495  486  467  443  414  381  347  314  285  262  248  239  235  231
  227  227  218  209  198  182  164  173  216                                   
    10.0-180.0 180.0   5.0 450.0                            LAT/LON1/LON2/DLON/H
  212  228  259  304  353  389  427  457  490  521  551  584  622  664  705  737
  756  763  760  746  725  702  691  698  724  758  789  809  819  818  808  791
  770  745  718  688  654  616  574  531  490  453  424  403  392  392  403  420
  439  452  455  447  430  408  381  353  323  295  271  252  239  230  225  219
  213  212  204  196  189  178  163  174  212                                   
     7.5-180.0 180.0   5.0 450.0                            LAT/LON1/LON2/DLON/H
  206  226  262  308  359  399  441  476  513  547  580  614  653  697  741  778
  804  818  821  812  793  770  755  755  770  789  805  813  811  802  788  769
