data/edconvlstm_nd/pred1280.15i
     1.0            IONOSPHERE MAPS     GNSS                IONEX VERSION / TYPE
pyspatialgeodesy        IME             05-JAN-18 20:20     PGM / RUN BY / DATE 
Map Name                                                    COMMENT             
Predicted global ionosphere maps (GIM).                     DESCRIPTION         
  2015     5     8     0     0     0                        EPOCH OF FIRST MAP  
  2015     5     9     0     0     0                        EPOCH OF LAST MAP   
  7200                                                      INTERVAL            
    13                                                      # OF MAPS IN FILE   
  NONE                                                      MAPPING FUNCTION    
10.0                                                        ELEVATION CUTOFF    
One-way carrier phase leveled to code                       OBSERVABLES USED    
  6371.0                                                    BASE RADIUS         
 2                                                          MAP DIMENSION       
   450.0 450.0   0.0                                        HGT1 / HGT2 / DHGT  
    87.5 -87.5  -2.5                                        LAT1 / LAT2 / DLAT  
  -180.0 180.0   5.0                                        LON1 / LON2 / DLON  
    -1                                                      EXPONENT            
                                                            END OF HEADER       
[from data line 858]
     3                                                      START OF TEC MAP    
  2015     5     8     4     0     0                        EPOCH OF CURRENT MAP
    87.5-180.0 180.0   5.0 450.0                            LAT/LON1/LON2/DLON/H
  145  142  143  148  151  148  146  145  146  147  147  148  148  148  148  148
  147  146  145  144  143  142  141  139  138  136  135  133  132  131  129  128
  127  126  125  124  123  123  122  122  122  122  122  122  122  123  123  124
  124  125  126  126  127  127  128  129  129  130  130  131  131  131  132  133
  134  136  136  136  141  141  140  130  145                                   
    85.0-180.0 180.0   5.0 450.0                            LAT/LON1/LON2/DLON/H
  148  151  143  149  154  152  154  154  155  157  157  158  159  159  159  159
  158  157  156  154  153  151  149  148  146  144  142  140  139  137  136  134
  133  132  132  131  130  130  129  129  129  129  130  130  131  131  132  133
  134  134  135  136  136  137  137  138  138  139  139  139  140  140  139  140
  142  144  141  145  142  142  141  132  148                                   
    82.5-180.0 180.0   5.0 450.0                            LAT/LON1/LON2/DLON/H
  152  150  152  150  153  155  157  158  161  163  164  166  167  167  167  166
  165  164  162  160  157  155  152  149  147  144  142  139  138  136  135  133
  132  132  131  130  130  130  130  130  130  131  132  133  134  135  136  138
  139  140  141  142  143  144  144  145  145  146  146  146  146  146  145  146
  146  147  144  146  151  143  139  130  152                                   
    80.0-180.0 180.0   5.0 450.0                            LAT/LON1/LON2/DLON/H
  154  150  144  145  150  153  158  161  164  166  168  170  171  171  170  169
  167  164  161  158  154  150  146  142  139  136  133  130  128  127  126  126
  125  125  125  125  125  125  126  126  127  128  129  130  132  134  136  139
  141  143  144  146  147  148  149  149  150  150  150  151  151  150  150  150
  149  148  146  148  154  149  152  135  154                                   
    77.5-180.0 180.0   5.0 450.0                            LAT/LON1/LON2/DLON/H
  155  152  146  150  152  157  164  167  171  173  174  176  176  175  174  172
  168  165  160  156  151  146  141  136  131  127  124  122  120  119  119  120
  121  122  123  124  124  125  125  126  127  128  130  132  135  138  142  145
  148  151  153  155  157  158  159  160  160  161  161  161  161  161  161  161
  160  160  155  157  160  154  154  146  155                                   
    75.0-180.0 180.0   5.0 450.0                            LAT/LON1/LON2/DLON/H
  155  153  145  151  154  160  166  170  174  176  177  177  177  174  171  168
  163  158  153  148  142  136  130  124  119  114  111  108  107  107  108  110
  112  114  116  118  119  120  121  121  122  123  125  128  132  136  140  145
  149  153  155  158  159  161  161  162  163  163  164  165  166  166  167  168
  167  167  164  160  161  158  158  154  155                                   
    72.5-180.0 180.0   5.0 450.0                            LAT/LON1/LON2/DLON/H
  157  159  152  157  162  168  176  180  184  185  185  184  182  178  173  168
  163  157  151  145  139  133  127  121  115  110  106  104  103  104  106  109
  113  117  120  122  124  125  125  125  126  127  129  132  137  142  147  152
  157  161  164  166  167  168  169  169  169  170  171  173  174  176  177  179
  180  181  179  176  174  167  165  163  157                                   
    70.0-180.0 180.0   5.0 450.0                            LAT/LON1/LON2/DLON/H
  164  162  156  160  165  170  178  183  187  188  187  185  181  176  170  163
  156  150  144  138  132  125  119  113  107  102   98   95   95   96   99  103
  108  112  117  120  122  123  123  123  124  125  127  131  136  141  147  153
  158  162  165  166  167  167  166  166  167  168  169  171  174  176  178  181
  183  184  185  183  182  176  175  171  164                                   
    67.5-180.0 180.0   5.0 450.0                            LAT/LON1/LON2/DLON/H
  165  163  157  160  165  171  178  183  188  188  187  185  180  173  166  158
  151  144  137  131  125  119  113  107  101   95   91   88   88   89   92   96
  101  106  111  114  116  118  118  119  119  121  123  127  132  138  144  150
  155  159  160  161  160  159  158  158  159  160  162  165  167  170  172  176
  178  181  183  183  182  177  176  174  165                                   
    65.0-180.0 180.0   5.0 450.0                            LAT/LON1/LON2/DLON/H
  166  163  156  159  163  168  176  181  186  187  186  183  179  172  165  157
  149  142  134  128  122  116  109  103   97   91   87   84   83   84   86   90
   94   99  103  107  110  112  113  114  115  118  121  126  131  138  144  149
  154  156  157  156  155  153  152  152  153  155  158  160  163  165  167  170
  172  175  178  179  181  178  178  177  166                                   
    62.5-180.0 180.0   5.0 450.0                            LAT/LON1/LON2/DLON/H
  168  165  157  158  162  166  173  177  181  182  182  181  178  173  167  159
  151  143  135  128  121  114  108  101   95   90   85   82   80   80   81   84
   87   91   95   98  101  104  107  109  113  116  121  127  133  139  144  149
  152  154  154  152  151  149  148  149  151  154  158  161  163  164  165  166
  167  169  172  175  178  178  179  178  168                                   
    60.0-180.0 180.0   5.0 450.0                            LAT/LON1/LON2/DLON/H
  171  168  161  160  162  164  169  171  174  174  175  175  175  172  168  162
  155  146  137  129  121  113  106  100   94   89   85   82   79   78   78   78
   80   82   85   88   92   96  100  105  110  116  122  128  134  140  145  149
  151  152  152  150  149  148  148  150  154  159  164  167  169  169  168  167
  165  166  169  172  177  178  181  180  171                                   
    57.5-180.0 180.0   5.0 450.0                            LAT/LON1/LON2/DLON/H
  180  177  170  167  168  166  168  167  167  165  166  168  170  170  169  165
  158  150  140  131  121  113  106   99   94   90   87   84   81   79   76   75
   75   76   78   81   85   90   96  103  110  118  126  132  138  143  147  150
  151  152  152  151  151  152  154  158  164  170  176  181  183  182  179  176
  172  170  172  174  179  182  186  185  180                                   
    55.0-180.0 180.0   5.0 450.0                            LAT/LON1/LON2/DLON/H
  193  191  185  181  180  175  173  167  163  158  157  159  163  166  167  165
  159  151  141  131  121  112  105   99   96   93   91   89   86   82   79   75
   73   73   74   77   82   88   95  103  112  121  130  137  143  147  150  152
  153  154  155  156  157  160  164  171  178  186  193  199  202  201  198  193
  186  183  182  183  187  190  195  194  193                                   
    52.5-180.0 180.0   5.0 450.0                            LAT/LON1/LON2/DLON/H
  210  210  205  201  199  191  185  174  165  155  151  152  156  160  163  162
  157  150  140  130  121  112  106  101   99   98   97   96   93   89   85   80
   77   76   76   79   83   90   98  107  116  126  135  142  147  151  153  155
  157  159  161  164  167  172  178  186  194  203  211  217  222  222  219  215
  207  203  199  197  200  202  206  206  210                                   
    50.0-180.0 180.0   5.0 450.0                            LAT/LON1/LON2/DLON/H
  229  230  227  223  221  212  204  189  174  160  152  150  153  156  157  156
  152  145  137  129  121  114  109  106  105  105  106  106  104   99   94   89
   86   84   84   87   91   97  104  112  122  131  140  147  152  155  158  161
  163  167  170  175  180  187  195  203  211  219  227  233  239  241  241  238
  232  227  222  217  217  216  220  221  229                                   
    47.5-180.0 180.0   5.0 450.0                            LAT/LON1/LON2/DLON/H
  246  248  245  244  242  234  225  207  190  172  160  155  154  154  153  150
  145  139  134  129  123  118  114  113  113  115  116  117  114  110  105  100
   97   96   97   99  103  107  113  120  129  137  146  152  158  162  165  169
  173  177  182  188  195  202  210  218  225  232  239  245  251  255  258  259
  255  251  245  239  234  230  233  234  246                                   
    45.0-180.0 180.0   5.0 450.0                            LAT/LON1/LON2/DLON/H
  257  258  257  258  257  251  243  226  208  189  175  167  161  157  151  145
  139  135  133  131  128  126  123  122  123  124  126  126  124  120  116  112
  110  110  111  113  116  120  124  129  137  145  153  160  165  170  175  180
  185  191  196  202  209  217  225  232  239  244  248  253  259  265  270  275
  274  272  267  259  251  243  244  245  257                                   
    42.5-180.0 180.0   5.0 450.0                            LAT/LON1/LON2/DLON/H
  263  260  259  260  262  258  254  240  225  207  193  183  174  165  154  144
  137  135  135  137  137  136  134  133  133  134  136  135  132  129  124  122
  121  122  124  127  129  131  134  139  145  153  161  168  175  181  187  193
  199  205  211  216  223  231  239  247  253  257  260  264  268  274  281  287
  290  290  285  276  264  253  253  252  263                                   
    40.0-180.0 180.0   5.0 450.0                            LAT/LON1/LON2/DLON/H
  263  255  251  251  254  253  253  246  235  222  210  201  190  177  162  149
  141  139  142  147  149  149  147  146  145  145  144  143  139  135  131  129
  129  131  133  136  138  139  142  146  153  161  170  178  185  192  199  206
  213  219  224  229  236  245  255  265  273  279  282  284  286  290  295  302
  305  306  302  292  278  264  263  260  263                                   
    37.5-180.0 180.0   5.0 450.0                            LAT/LON1/LON2/DLON/H
  263  249  241  237  238  238  242  240  237  229  223  216  206  192  175  160
  151  150  154  160  164  164  162  159  157  156  154  150  145  140  136  134
  134  136  138  139  141  142  145  150  159  168  178  187  195  202  209  217
  225  231  236  242  250  261  275  290  303  313  318  320  320  321  323  326
  328  327  323  311  295  280  278  273  263                                   
    35.0-180.0 180.0   5.0 450.0                            LAT/LON1/LON2/DLON/H
  271  251  236  226  223  221  225  227  230  228  228  225  219  206  190  174
  165  165  170  176  179  179  177  175  172  169  166  160  153  147  142  139
  138  138  138  138  139  140  145  152  162  174  186  195  202  209  216  225
  233  240  247  255  266  282  302  324  345  362  373  377  376  373  369  368
  365  361  354  341  323  308  305  298  271                                   
    32.5-180.0 180.0   5.0 450.0                            LAT/LON1/LON2/DLON/H
  295  270  246  228  218  210  212  214  219  222  225  228  226  217  203  190
  182  181  185  190  193  193  192  191  189  186  181  174  165  157  150  145
  141  139  136  134  134  136  142  152  165  178  191  200  207  213  221  230
  241  251  261  274  290  312  339  369  400  426  446  455  455  449  440  430
  421  412  401  384  364  352  346  339  295                                   
    30.0-180.0 180.0   5.0 450.0                            LAT/LON1/LON2/DLON/H
  338  310  277  252  231  216  210  209  212  215  220  225  227  222  212  202
  195  194  197  201  203  205  207  208  208  206  201  192  182  172  163  155
  148  141  135  130  129  132  139  150  165  181  194  203  209  215  224  236
  251  266  282  301  324  353  387  425  465  501  530  546  549  542  528  511
  494  479  465  443  421  410  402  396  338                                   
    27.5-180.0 180.0   5.0 450.0                            LAT/LON1/LON2/DLON/H
  403  374  331  299  268  245  230  221  217  216  218  223  226  224  218  210
  204  203  204  206  209  214  220  226  229  229  223  214  203  192  180  169
  157  146  135  127  125  127  135  148  164  180  194  204  211  219  231  247
  267  289  313  339  369  404  443  487  533  577  612  634  640  633  616  594
  573  554  538  514  489  480  470  464  403                                   
    25.0-180.0 180.0   5.0 450.0                            LAT/LON1/LON2/DLON/H
  484  458  407  369  329  299  273  254  240  230  226  226  227  226  221  214
  209  206  206  207  212  221  233  244  251  252  247  237  226  213  200  186
  169  152  136  125  120  122  130  143  159  178  194  206  215  226  243  265
  291  320  351  385  420  459  501  547  594  639  676  699  707  701  685  663
  641  623  609  585  559  552  543  537  484                                   
    22.5-180.0 180.0   5.0 450.0                            LAT/LON1/LON2/DLON/H
  570  549  494  455  407  373  338  309  284  263  248  241  237  232  226  218
  212  207  206  208  215  229  246  262  272  273  267  256  245  232  218  201
  181  158  138  123  116  116  122  134  152  172  191  207  221  238  259  287
  320  355  392  431  470  510  551  593  637  679  712  734  741  737  724  705
  688  674  665  646  622  617  614  606  570                                   
    20.0-180.0 180.0   5.0 450.0                            LAT/LON1/LON2/DLON/H
  645  630  578  542  490  457  416  380  345  313  287  270  258  248  237  227
  218  212  209  212  222  239  260  279  288  287  279  267  256  244  229  211
  187  162  138  121  111  109  113  124  141  164  187  209  230  252  279  312
  349  389  430  471  510  548  584  620  657  691  719  736  742  740  732  719
  708  700  698  688  669  665  672  663  645                                   
    17.5-180.0 180.0   5.0 450.0                            LAT/LON1/LON2/DLON/H
  699  687  642  613  564  534  492  454  413  373  338  312  292  274  258  244
  232  225  222  225  236  255  276  293  298  292  280  267  255  244  231  212
  188  161  137  118  107  103  104  113  131  156  184  212  238  266  298  335
  376  417  460  500  536  568  597  625  652  678  698  712  718  720  718  713
  709  707  711  709  697  694  710  702  699                                   
    15.0-180.0 180.0   5.0 450.0                            LAT/LON1/LON2/DLON/H
  727  715  680  658  617  592  553  515  473  431  392  360  334  311  290  272
  259  251  248  251  260  277  294  303  300  287  270  256  245  235  222  205
  182  156  133  115  104   98   97  104  122  148  181  214  246  278  314  353
  394  437  478  516  547  573  594  612  629  646  662  674  683  690  695  697
  700  703  710  716  710  707  729  723  727                                   
    12.5-180.0 180.0   5.0 450.0                            LAT/LON1/LON2/DLON/H
  735  722  696  678  646  625  588  553  515  475  436  404  376  350  327  308
  296  289  287  289  295  304  311  309  295  274  253  238  228  219  208  192
  171  148  128  112  101   94   93   98  115  143  177  214  250  285  322  362
  404  446  486  520  548  568  581  591  601  612  625  638  650  662  673  681
  689  695  705  714  715  712  735  732  735                                   
    10.0-180.0 180.0   5.0 450.0                            LAT/LON1/LON2/DLON/H
  734  722  701  684  656  635  599  567  532  496  462  433  407  384  364  348
  338  335  334  335  335  333  326  310  285  258  235  220  211  203  192  177
  158  139  121  108   99   93   91   96  111  139  174  212  249  285  323  363
  404  446  484  516  542  560  570  577  584  592  603  616  630  644  658  670
  681  688  699  712  716  716  736  736  734                                   
     7.5-180.0 180.0   5.0 450.0                            LAT/LON1/LON2/DLON/H
  736  726  708  687  658  633  595  563  530  498  468  443  422  405  391  381
  378  379  381  380  372  358  336  307  273  242  220  206  198  189  177  162
