data/edconvlstm_nd/pred3140.15i
     1.0            IONOSPHERE MAPS     GNSS                IONEX VERSION / TYPE
pyspatialgeodesy        IME             05-JAN-18 20:20     PGM / RUN BY / DATE 
Map Name                                                    COMMENT             
Predicted global ionosphere maps (GIM).                     DESCRIPTION         
  2015    11    10     0     0     0                        EPOCH OF FIRST MAP  
  2015    11    11     0     0     0                        EPOCH OF LAST MAP   
  7200                                                      INTERVAL            
    13                                                      # OF MAPS IN FILE   
  NONE                                                      MAPPING FUNCTION    
10.0                                                        ELEVATION CUTOFF    
One-way carrier phase leveled to code                       OBSERVABLES USED    
  6371.0                                                    BASE RADIUS         
 2                                                          MAP DIMENSION       
   450.0 450.0   0.0                                        HGT1 / HGT2 / DHGT  
    87.5 -87.5  -2.5                                        LAT1 / LAT2 / DLAT  
  -180.0 180.0   5.0                                        LON1 / LON2 / DLON  
    -1                                                      EXPONENT            
                                                            END OF HEADER       
[from data line 3003]
     8                                                      START OF TEC MAP    
  2015    11    10    14     0     0                        EPOCH OF CURRENT MAP
    87.5-180.0 180.0   5.0 450.0                            LAT/LON1/LON2/DLON/H
   58   70   73   76   79   79   79   75   76   79   79   80   81   82   82   83
   83   84   84   85   85   86   86   86   87   87   87   87   87   87   87   87
   86   86   85   84   83   82   81   80   80   79   78   78   77   77   77   77
   77   77   77   77   77   77   77   77   77   77   76   76   76   75   75   75
   75   75   71   68   71   72   85   84   58                                   
    85.0-180.0 180.0   5.0 450.0                            LAT/LON1/LON2/DLON/H
   62   75   89   73   75   78   78   79   80   83   82   83   84   85   85   86
   87   88   89   90   91   92   93   93   94   95   95   96   96   96   96   95
   95   94   93   92   91   90   88   87   86   85   84   83   83   82   82   82
   82   82   82   82   82   82   82   82   82   81   81   81   80   80   79   79
   79   78   73   69   71   73   82   79   62                                   
    82.5-180.0 180.0   5.0 450.0                            LAT/LON1/LON2/DLON/H
   54   62   72   62   65   68   69   70   71   73   74   75   75   76   76   77
   78   79   80   81   83   84   86   87   89   90   91   92   93   93   93   93
   93   92   90   89   87   85   83   81   80   78   76   75   74   73   73   73
   73   73   74   74   74   75   75   75   75   74   74   73   72   72   71   71
   71   69   65   61   65   72   70   68   54                                   
    80.0-180.0 180.0   5.0 450.0                            LAT/LON1/LON2/DLON/H
   41   45   58   50   54   52   55   55   58   59   59   61   61   61   61   62
   63   64   66   68   70   72   75   77   80   82   84   85   87   87   88   88
   87   86   84   83   80   78   75   73   70   68   66   64   63   63   63   63
   64   65   66   67   68   69   70   70   70   70   69   68   66   65   64   63
   62   61   59   56   56   62   60   62   41                                   
    77.5-180.0 180.0   5.0 450.0                            LAT/LON1/LON2/DLON/H
   46   44   45   38   41   40   42   42   44   45   44   45   45   46   46   46
   47   49   51   54   57   61   65   68   72   75   78   80   82   83   84   83
   83   82   80   78   75   72   68   65   61   58   56   54   53   53   53   55
   57   59   61   63   65   67   68   68   68   67   66   64   62   60   58   56
   55   53   51   48   46   46   49   51   46                                   
    75.0-180.0 180.0   5.0 450.0                            LAT/LON1/LON2/DLON/H
   33   36   34   32   34   34   35   35   37   38   37   37   37   36   36   37
   38   40   43   47   52   57   62   67   72   76   80   82   84   84   84   84
   83   81   79   77   73   70   66   62   58   54   51   49   48   48   49   51
   54   57   61   64   67   69   70   70   69   68   66   64   61   59   57   55
   53   52   51   47   48   45   45   39   33                                   
    72.5-180.0 180.0   5.0 450.0                            LAT/LON1/LON2/DLON/H
   40   40   37   36   36   37   38   37   37   36   35   34   33   32   31   31
   32   35   38   43   49   55   62   69   75   80   83   86   87   87   86   85
   84   82   80   77   74   71   67   62   58   54   50   48   46   46   48   50
   53   57   61   65   68   70   71   71   70   68   66   63   61   58   57   56
   55   54   54   50   50   48   48   47   40                                   
    70.0-180.0 180.0   5.0 450.0                            LAT/LON1/LON2/DLON/H
   43   45   43   42   42   43   42   43   43   42   40   39   36   35   33   33
   34   37   41   47   54   63   72   80   87   93   96   98   98   97   95   93
   91   89   87   85   82   79   75   70   65   60   56   53   51   51   51   54
   57   61   65   68   71   72   73   72   70   68   66   63   61   59   58   58
   57   58   59   57   57   57   60   57   43                                   
    67.5-180.0 180.0   5.0 450.0                            LAT/LON1/LON2/DLON/H
   49   51   49   49   49   51   51   52   51   50   47   45   42   40   38   37
   37   40   45   52   61   71   82   91   99  105  108  108  107  105  102   99
   97   95   93   92   90   87   83   79   74   69   64   60   57   55   55   56
   59   61   64   66   68   69   68   67   65   63   61   59   57   56   55   56
   57   58   61   59   59   61   62   58   49                                   
    65.0-180.0 180.0   5.0 450.0                            LAT/LON1/LON2/DLON/H
   49   52   49   52   53   56   57   58   58   57   55   53   50   47   44   43
   44   46   52   60   70   81   93  103  112  118  120  120  118  115  112  109
  107  105  103  102  101   98   95   91   86   81   75   69   65   61   59   58
   59   59   60   61   61   60   59   57   55   54   52   51   50   49   49   50
   52   55   58   58   61   63   65   62   49                                   
    62.5-180.0 180.0   5.0 450.0                            LAT/LON1/LON2/DLON/H
   46   49   46   49   52   56   57   60   60   60   59   58   56   54   51   50
   50   53   58   66   76   88  100  112  121  126  129  129  127  124  121  119
  117  116  115  114  112  110  107  103   97   91   84   78   71   66   61   58
   56   54   53   51   50   48   46   45   44   43   43   42   42   41   41   42
   44   46   50   51   54   56   58   56   46                                   
    60.0-180.0 180.0   5.0 450.0                            LAT/LON1/LON2/DLON/H
   38   41   38   42   45   48   51   53   55   56   57   57   57   56   55   54
   55   57   62   69   79   91  103  115  124  131  134  135  134  133  132  131
  130  129  128  127  125  122  118  113  107  100   92   84   75   67   61   55
   50   47   44   41   38   35   34   33   33   34   34   35   34   34   33   33
   34   35   39   39   43   45   47   47   38                                   
    57.5-180.0 180.0   5.0 450.0                            LAT/LON1/LON2/DLON/H
   29   32   29   34   37   39   42   45   47   49   51   54   55   57   57   58
   59   62   66   73   82   94  106  117  128  135  140  143  144  146  147  148
  148  148  147  145  141  137  132  126  119  111  102   92   82   72   63   56
   49   44   40   36   32   30   28   28   29   31   33   34   34   33   31   30
   29   28   31   32   36   36   38   38   29                                   
    55.0-180.0 180.0   5.0 450.0                            LAT/LON1/LON2/DLON/H
   24   26   24   29   31   32   34   36   38   40   43   47   51   54   57   60
   62   65   70   77   86   96  108  120  131  140  147  152  157  161  164  167
  169  169  168  164  159  153  147  139  131  123  113  102   90   79   69   60
   53   47   42   38   34   31   30   30   32   35   38   39   39   38   34   31
   28   27   29   29   33   32   33   34   24                                   
    52.5-180.0 180.0   5.0 450.0                            LAT/LON1/LON2/DLON/H
   24   27   24   29   30   30   30   30   31   33   36   40   45   51   55   60
   64   69   75   82   91  101  113  126  138  149  158  165  171  178  183  188
  190  190  188  183  176  169  161  152  143  134  123  112  100   88   78   69
   62   56   52   48   44   42   40   40   43   46   49   51   51   49   45   40
   36   33   34   33   37   35   35   36   24                                   
    50.0-180.0 180.0   5.0 450.0                            LAT/LON1/LON2/DLON/H
   32   34   31   35   35   34   32   29   28   29   31   36   41   47   53   60
   66   73   81   90   99  110  123  136  149  162  172  180  188  194  201  205
  208  207  204  198  191  182  173  164  155  145  134  123  112  101   91   83
   76   72   68   64   60   57   56   56   57   60   64   67   67   65   61   55
   50   46   46   45   48   46   45   46   32                                   
    47.5-180.0 180.0   5.0 450.0                            LAT/LON1/LON2/DLON/H
   47   48   45   48   46   46   41   35   32   30   31   35   39   45   52   60
   69   79   89  100  111  123  137  151  165  178  188  196  203  208  213  216
  218  217  214  208  201  193  184  175  165  155  145  134  124  114  105   98
   93   89   86   82   78   74   72   71   72   75   78   81   82   81   77   72
   67   63   63   62   64   64   63   61   47                                   
    45.0-180.0 180.0   5.0 450.0                            LAT/LON1/LON2/DLON/H
   64   65   63   66   64   63   56   49   43   39   38   39   42   48   55   64
   74   86   99  112  125  139  154  169  184  197  206  211  215  217  218  220
  220  219  217  213  208  202  194  185  175  164  154  144  135  126  119  113
  108  105  101   97   92   87   83   81   82   84   87   91   93   92   90   87
   82   80   80   79   82   83   83   79   64                                   
    42.5-180.0 180.0   5.0 450.0                            LAT/LON1/LON2/DLON/H
   79   81   80   83   82   82   75   67   60   55   51   50   52   55   61   70
   82   96  111  126  141  156  172  188  202  214  221  223  222  219  217  216
  215  216  216  216  215  212  205  196  185  173  163  153  144  136  129  123
  119  114  110  104   98   92   87   84   84   86   90   93   96   97   96   95
   92   91   91   91   95   99  100   95   79                                   
    40.0-180.0 180.0   5.0 450.0                            LAT/LON1/LON2/DLON/H
   86   90   90   94   95   96   91   85   78   74   69   66   66   68   73   81
   93  108  124  140  156  172  188  204  218  228  232  230  224  218  212  210
  210  212  217  222  226  226  220  210  197  184  171  160  151  143  136  129
  123  117  111  104   96   89   84   81   81   83   87   90   93   94   95   95
   94   94   94   95   99  104  106  103   86                                   
    37.5-180.0 180.0   5.0 450.0                            LAT/LON1/LON2/DLON/H
   84   89   90   95   98  101  100   97   93   90   86   84   82   83   88   96
  108  122  138  155  171  187  203  218  231  238  239  234  225  216  210  208
  211  217  227  238  246  249  243  231  215  198  183  170  159  150  141  132
  124  117  109  100   92   84   79   77   78   81   84   87   88   90   90   91
   90   90   90   90   94   98  101  100   84                                   
    35.0-180.0 180.0   5.0 450.0                            LAT/LON1/LON2/DLON/H
   73   79   81   86   92   96   99  100  100  100   99   98   97   99  105  113
  124  138  154  169  185  200  215  229  240  246  245  238  229  221  217  218
  225  237  252  268  279  283  276  260  240  219  201  185  172  161  149  138
  128  118  109  100   91   84   79   78   81   85   88   90   90   89   88   87
   86   84   83   80   83   85   88   90   73                                   
    32.5-180.0 180.0   5.0 450.0                            LAT/LON1/LON2/DLON/H
   59   65   66   71   76   81   88   92   97  101  103  105  108  113  121  131
  143  156  170  185  200  214  227  239  248  252  251  246  240  236  238  246
  258  275  295  314  326  329  319  299  273  249  227  210  194  180  166  153
  141  130  120  111  103   96   92   93   97  102  105  105  102   98   94   90
   86   82   79   73   74   73   74   79   59                                   
    30.0-180.0 180.0   5.0 450.0                            LAT/LON1/LON2/DLON/H
   47   52   52   54   58   62   71   77   84   91   97  103  111  121  134  147
  160  173  187  202  216  229  240  249  256  260  261  260  260  265  275  291
  309  331  353  373  385  384  369  344  315  288  264  245  227  211  195  180
  168  157  149  141  133  127  123  124  129  135  138  136  130  121  112  105
   96   90   84   75   73   68   67   71   47                                   
    27.5-180.0 180.0   5.0 450.0                            LAT/LON1/LON2/DLON/H
   42   47   43   43   44   46   53   60   68   76   84   94  107  124  142  160
  175  190  204  219  233  245  254  261  266  270  275  281  291  307  327  351
  376  401  424  442  449  443  423  395  363  335  311  291  273  255  238  223
  211  203  196  190  184  177  173  173  177  182  184  181  171  158  144  132
  120  110  101   89   83   75   69   70   42                                   
    25.0-180.0 180.0   5.0 450.0                            LAT/LON1/LON2/DLON/H
   48   50   43   40   37   36   42   46   53   60   69   81   98  121  145  168
  187  204  221  237  251  262  269  274  278  284  294  309  331  359  389  421
  451  477  499  512  513  500  476  446  415  388  366  346  328  310  293  280
  270  265  261  257  250  242  236  233  235  239  239  233  221  204  187  170
  154  143  131  118  107   95   84   77   48                                   
    22.5-180.0 180.0   5.0 450.0                            LAT/LON1/LON2/DLON/H
   64   64   51   45   39   36   39   40   44   50   57   69   89  115  144  172
  195  215  235  253  268  279  285  288  292  301  318  342  375  414  454  492
  525  550  567  573  566  549  522  493  465  442  424  407  389  372  356  345
  338  335  334  331  323  312  302  295  293  293  291  284  270  252  232  213
  195  183  168  156  140  123  108   93   64                                   
    20.0-180.0 180.0   5.0 450.0                            LAT/LON1/LON2/DLON/H
   88   84   68   57   48   43   44   42   43   47   52   64   84  112  144  174
  200  224  246  266  283  294  299  303  308  321  344  378  420  466  512  553
  585  606  616  614  602  582  557  532  511  494  480  465  450  433  419  409
  404  403  401  397  387  373  359  347  340  336  332  323  310  291  271  251
  232  221  205  196  178  157  138  115   88                                   
    17.5-180.0 180.0   5.0 450.0                            LAT/LON1/LON2/DLON/H
  114  107   89   73   62   55   55   51   50   52   55   66   86  114  146  178
  206  232  256  278  296  307  313  318  326  344  372  412  460  510  557  595
  623  638  641  634  619  600  580  562  548  537  528  515  501  485  471  461
  456  453  450  443  431  413  395  379  367  359  353  344  332  315  296  277
  260  251  236  231  212  189  168  141  114                                   
    15.0-180.0 180.0   5.0 450.0                            LAT/LON1/LON2/DLON/H
  136  126  107   88   74   69   69   64   63   63   66   76   95  122  154  185
  215  242  267  289  307  319  326  333  346  367  401  444  493  543  586  619
  639  647  644  634  621  606  593  583  576  571  563  552  536  520  505  494
  486  479  472  462  447  428  407  388  374  363  354  346  334  320  305  289
  274  267  256  253  235  213  192  165  136                                   
    12.5-180.0 180.0   5.0 450.0                            LAT/LON1/LON2/DLON/H
  150  138  121   99   84   80   81   77   76   78   82   93  111  137  168  198
  227  255  280  302  319  331  340  351  367  392  428  472  519  564  600  624
  636  638  633  623  613  605  600  598  597  594  587  573  556  538  522  507
  494  482  470  456  439  419  398  379  364  352  342  332  322  310  297  284
  272  268  259  258  243  225  204  181  150                                   
    10.0-180.0 180.0   5.0 450.0                            LAT/LON1/LON2/DLON/H
  153  141  127  105   90   86   89   87   88   91   98  111  131  156  186  215
  244  272  296  317  333  346  357  371  391  418  454  496  538  574  601  616
  622  621  616  610  606  605  608  611  614  610  600  584  564  543  524  505
  486  468  450  432  414  394  375  359  345  334  323  313  303  292  280  268
  258  255  249  248  236  222  203  184  153                                   
     7.5-180.0 180.0   5.0 450.0                            LAT/LON1/LON2/DLON/H
  146  135  126  106   91   88   91   92   95  101  111  127  149  175  205  235
  264  291  315  334  350  363  377  394  417  445  479  516  550  577  594  603
