data/edconvlstm_nd/pred0070.15i
     1.0            IONOSPHERE MAPS     GNSS                IONEX VERSION / TYPE
pyspatialgeodesy        IME             05-JAN-18 20:20     PGM / RUN BY / DATE 
Map Name                                                    COMMENT             
Predicted global ionosphere maps (GIM).                     DESCRIPTION         
  2015     1     7     0     0     0                        EPOCH OF FIRST MAP  
  2015     1     8     0     0     0                        EPOCH OF LAST MAP   
  7200                                                      INTERVAL            
    13                                                      # OF MAPS IN FILE   
  NONE                                                      MAPPING FUNCTION    
10.0                                                        ELEVATION CUTOFF    
One-way carrier phase leveled to code                       OBSERVABLES USED    
  6371.0                                                    BASE RADIUS         
 2                                                          MAP DIMENSION       
   450.0 450.0   0.0                                        HGT1 / HGT2 / DHGT  
    87.5 -87.5  -2.5                                        LAT1 / LAT2 / DLAT  
  -180.0 180.0   5.0                                        LON1 / LON2 / DLON  
    -1                                                      EXPONENT            
                                                            END OF HEADER       
[from data line 4290]
    11                                                      START OF TEC MAP    
  2015     1     7    20     0     0                        EPOCH OF CURRENT MAP
    87.5-180.0 180.0   5.0 450.0                            LAT/LON1/LON2/DLON/H
   92   90   85   88   93   90   89   85   86   88   88   89   89   90   91   92
   93   94   94   95   96   96   97   97   97   97   97   97   97   97   97   97
   96   96   96   95   95   94   94   94   93   93   93   93   93   93   93   93
   93   93   93   93   93   93   92   92   92   92   91   91   90   89   89   88
   87   86   82   79   85   84  100  102   92                                   
    85.0-180.0 180.0   5.0 450.0                            LAT/LON1/LON2/DLON/H
   98   93  102   85   85   89   88   88   89   91   91   92   92   93   94   95
   95   96   97   97   98   98   99   99   99  100  100  100  100  100   99   99
   98   98   97   96   96   95   95   95   94   94   94   94   94   94   94   95
   95   95   95   95   95   95   96   95   95   95   94   94   93   93   92   91
   91   89   84   79   82   84   89   87   98                                   
    82.5-180.0 180.0   5.0 450.0                            LAT/LON1/LON2/DLON/H
   78   79   82   76   79   83   86   85   86   87   89   90   91   91   92   93
   93   94   94   94   95   95   96   97   97   98   98   99   99   99   99   98
   97   97   96   95   94   93   93   92   91   91   91   91   91   92   92   93
   94   94   95   95   96   96   97   97   97   97   96   95   95   93   92   91
   90   87   83   79   82   92   86   85   78                                   
    80.0-180.0 180.0   5.0 450.0                            LAT/LON1/LON2/DLON/H
   64   67   74   70   71   71   78   79   83   85   88   90   91   92   92   92
   92   91   91   90   90   90   91   91   92   93   93   94   94   95   94   94
   93   92   91   89   88   87   86   86   85   85   85   86   87   88   89   90
   91   93   94   95   96   97   98   98   98   98   97   96   95   94   92   90
   88   86   83   80   75   81   73   82   64                                   
    77.5-180.0 180.0   5.0 450.0                            LAT/LON1/LON2/DLON/H
   72   69   72   70   74   76   83   87   91   94   98  101  104  105  105  105
  104  102  100   99   97   96   96   96   97   97   98   99   99  100  100   99
   98   97   96   94   93   91   90   89   89   89   89   90   91   93   95   97
   99  101  102  104  106  107  108  109  109  109  108  107  105  103  101   98
   95   93   90   87   82   79   75   84   72                                   
    75.0-180.0 180.0   5.0 450.0                            LAT/LON1/LON2/DLON/H
   69   68   70   69   74   77   84   90   96  103  108  113  116  118  117  116
  114  110  107  103  100   98   96   95   95   95   95   95   95   95   95   95
   94   92   91   90   88   87   86   85   85   86   87   88   90   92   94   96
   99  101  103  105  106  108  109  109  110  109  108  107  105  103  101   98
   95   94   91   86   80   74   67   67   69                                   
    72.5-180.0 180.0   5.0 450.0                            LAT/LON1/LON2/DLON/H
   76   73   75   81   83   88   98  105  111  119  125  132  136  138  138  136
  132  127  121  115  109  104  100   97   95   94   93   92   91   91   90   90
   89   88   87   86   84   83   83   82   83   84   85   87   89   91   94   96
   98  100  102  104  106  107  108  108  108  107  106  105  103  100   98   96
   92   91   88   82   76   71   68   72   76                                   
    70.0-180.0 180.0   5.0 450.0                            LAT/LON1/LON2/DLON/H
   79   78   82   89   93  100  109  119  129  139  147  155  160  163  162  160
  154  147  139  130  122  114  108  102   98   94   91   88   86   84   83   82
   81   80   79   78   77   76   76   76   77   79   81   83   86   88   90   92
   94   96   97   98  100  101  101  102  101  101   99   98   96   94   92   90
   87   86   85   82   77   73   73   76   79                                   
    67.5-180.0 180.0   5.0 450.0                            LAT/LON1/LON2/DLON/H
   86   86   92  103  111  121  133  144  154  165  175  184  191  195  195  192
  186  178  167  156  144  133  123  114  106   99   93   88   83   80   77   75
   74   73   73   72   71   71   71   72   73   75   77   79   81   83   85   86
   87   88   89   91   92   93   94   94   94   93   92   91   89   87   85   84
   82   81   80   77   73   73   72   76   86                                   
    65.0-180.0 180.0   5.0 450.0                            LAT/LON1/LON2/DLON/H
   86   89   98  112  122  134  147  160  172  185  196  207  216  222  224  223
  218  209  197  183  169  155  141  128  116  105   96   87   80   74   70   67
   65   64   63   62   61   61   61   61   63   64   67   69   70   71   72   72
   72   73   73   74   75   77   78   79   80   79   78   77   75   73   72   72
   71   71   72   71   70   73   75   81   86                                   
    62.5-180.0 180.0   5.0 450.0                            LAT/LON1/LON2/DLON/H
   87   94  104  120  134  149  163  178  190  204  216  229  240  248  253  254
  250  242  230  215  199  181  163  147  131  116  103   91   81   72   66   62
   59   57   55   54   53   53   52   52   53   55   56   58   58   58   57   56
   55   55   56   57   59   61   64   65   67   67   66   65   63   61   60   60
   59   60   62   62   62   67   70   78   87                                   
    60.0-180.0 180.0   5.0 450.0                            LAT/LON1/LON2/DLON/H
   85   95  109  127  142  159  175  191  204  219  233  246  259  270  278  282
  281  274  263  247  228  208  187  167  148  131  114   99   87   76   67   61
   57   54   52   50   49   47   46   46   46   47   48   48   48   46   44   42
   40   40   40   42   45   48   51   54   55   56   56   54   52   51   50   50
   50   51   53   53   54   61   65   77   85                                   
    57.5-180.0 180.0   5.0 450.0                            LAT/LON1/LON2/DLON/H
   85   98  114  134  153  171  190  206  220  234  248  262  275  288  298  305
  307  302  292  276  256  234  211  188  167  147  129  113   98   86   75   67
   62   58   55   53   50   48   46   45   45   45   45   44   43   40   36   33
   31   30   31   33   37   40   44   48   50   51   50   49   47   45   44   44
   44   46   48   49   49   56   61   74   85                                   
    55.0-180.0 180.0   5.0 450.0                            LAT/LON1/LON2/DLON/H
   88  104  122  144  166  186  207  224  239  252  264  277  290  303  314  323
  327  324  315  299  278  254  230  206  184  165  146  130  115  101   89   80
   73   67   64   60   57   55   52   50   49   48   47   46   44   40   36   32
   29   29   30   32   35   40   44   47   50   51   50   48   46   44   44   44
   44   46   48   49   49   54   59   74   88                                   
    52.5-180.0 180.0   5.0 450.0                            LAT/LON1/LON2/DLON/H
   94  113  134  157  182  205  228  246  260  272  283  293  303  314  325  335
  340  338  330  314  293  269  244  221  200  181  164  148  134  120  107   96
   88   81   76   72   69   66   63   60   58   57   56   54   51   47   42   38
   36   35   36   39   42   45   49   53   55   55   54   52   50   48   48   49
   50   52   55   55   54   58   62   76   94                                   
    50.0-180.0 180.0   5.0 450.0                            LAT/LON1/LON2/DLON/H
  106  127  150  175  203  229  254  273  287  297  305  311  318  326  335  343
  348  347  339  325  304  280  256  234  214  197  182  168  155  141  127  115
  105   97   91   86   83   79   76   74   72   71   70   68   65   60   56   52
   49   49   50   52   54   57   60   62   64   64   62   60   57   56   57   58
   60   63   65   66   64   68   71   83  106                                   
    47.5-180.0 180.0   5.0 450.0                            LAT/LON1/LON2/DLON/H
  121  143  169  194  226  255  282  303  317  325  330  332  335  339  344  350
  353  353  346  332  313  291  268  248  230  215  202  189  175  161  147  133
  121  111  104   99   95   93   90   89   87   87   86   85   82   78   73   69
   67   67   68   68   69   70   72   73   74   74   72   69   66   65   67   69
   71   75   78   79   78   80   84   95  121                                   
    45.0-180.0 180.0   5.0 450.0                            LAT/LON1/LON2/DLON/H
  137  160  187  214  249  282  311  333  347  355  357  356  355  354  355  358
  360  359  353  341  324  304  283  264  248  234  221  208  194  178  162  146
  132  121  113  108  105  103  102  101  100  100  100  100   98   94   90   87
   85   85   85   84   83   83   83   84   84   83   81   78   76   75   76   79
   81   85   88   91   91   94   99  110  137                                   
    42.5-180.0 180.0   5.0 450.0                            LAT/LON1/LON2/DLON/H
  152  176  205  233  270  304  335  359  373  382  383  381  376  371  369  369
  369  368  363  354  340  322  303  284  268  253  239  225  208  190  172  154
  139  127  118  113  110  109  109  109  108  109  110  110  109  106  103  100
   98   97   96   94   92   90   90   90   91   90   88   85   83   82   84   87
   89   92   95   98  100  105  114  126  152                                   
    40.0-180.0 180.0   5.0 450.0                            LAT/LON1/LON2/DLON/H
  164  190  219  248  286  321  353  377  393  403  405  403  397  391  386  383
  382  381  378  371  359  343  325  306  288  271  254  236  217  196  177  158
  142  130  121  115  113  113  113  113  113  114  115  116  115  112  108  105
  102  101   99   97   94   92   92   93   94   94   93   90   88   87   88   90
   91   94   97  100  104  112  123  139  164                                   
    37.5-180.0 180.0   5.0 450.0                            LAT/LON1/LON2/DLON/H
  173  202  232  261  298  332  364  388  404  415  420  419  415  409  404  400
  398  398  396  391  382  366  347  326  305  284  263  242  220  199  179  162
  147  134  126  121  119  118  118  118  117  117  117  118  116  112  107  103
  100   98   96   93   91   89   90   92   94   95   94   92   90   89   89   90
   90   92   94   97  102  113  128  147  173                                   
    35.0-180.0 180.0   5.0 450.0                            LAT/LON1/LON2/DLON/H
  180  215  245  273  308  340  370  392  408  420  427  430  429  425  420  416
  414  414  414  411  402  386  365  341  316  292  268  245  223  203  185  170
  157  147  139  134  131  130  128  126  124  122  121  119  116  111  104   99
   95   92   90   88   86   86   87   90   93   95   95   92   90   88   88   88
   87   88   90   93   97  111  129  151  180                                   
    32.5-180.0 180.0   5.0 450.0                            LAT/LON1/LON2/DLON/H
  191  230  262  288  319  348  375  394  409  421  430  436  438  437  433  430
  427  427  427  424  416  399  376  349  322  296  271  249  229  212  198  188
  179  171  164  158  154  151  147  142  137  132  129  125  120  112  104   97
   92   89   88   87   86   86   88   91   94   95   95   93   90   88   87   86
   84   85   88   91   96  112  131  155  191                                   
    30.0-180.0 180.0   5.0 450.0                            LAT/LON1/LON2/DLON/H
  206  251  285  307  336  362  386  402  415  425  434  441  446  446  443  439
  435  434  433  429  420  404  380  352  324  299  276  257  241  230  222  217
  213  208  201  195  189  183  175  167  158  150  144  138  130  121  111  103
   97   95   94   94   94   94   95   97   98   98   97   95   92   89   87   86
   84   87   90   94  100  118  140  163  206                                   
    27.5-180.0 180.0   5.0 450.0                            LAT/LON1/LON2/DLON/H
  229  278  314  333  362  384  407  419  430  438  445  451  455  455  451  445
  439  434  431  426  417  401  378  352  327  305  288  274  264  259  258  259
  259  257  251  243  234  224  212  200  187  175  166  158  149  139  128  119
  114  112  112  112  111  110  109  108  106  104  101   99   96   93   91   89
   88   93   98  105  112  133  155  176  229                                   
    25.0-180.0 180.0   5.0 450.0                            LAT/LON1/LON2/DLON/H
  257  308  347  365  395  417  439  449  458  464  468  471  472  469  462  452
  441  432  425  418  409  395  377  356  336  320  308  301  299  300  306  312
  315  314  308  298  285  270  254  237  220  206  195  186  176  165  154  146
  142  141  141  141  138  134  129  123  117  112  108  104  101   98   96   95
   96  103  110  121  131  153  177  195  257                                   
    22.5-180.0 180.0   5.0 450.0                            LAT/LON1/LON2/DLON/H
  289  340  381  400  433  457  481  492  501  505  506  505  501  493  481  465
  448  433  421  412  404  394  382  368  355  345  340  339  343  351  361  371
  375  374  365  351  334  314  294  273  253  237  225  216  207  197  187  180
  177  178  178  177  171  162  151  140  129  120  114  110  107  104  102  102
  104  114  124  139  152  176  203  218  289                                   
    20.0-180.0 180.0   5.0 450.0                            LAT/LON1/LON2/DLON/H
  319  369  411  434  473  501  530  544  555  559  557  551  542  529  512  491
  467  444  426  415  408  404  398  392  386  383  383  388  397  408  420  429
  431  426  413  395  373  350  326  303  281  264  252  244  236  228  221  216
  215  217  217  214  204  190  173  156  140  128  120  115  112  108  106  106
  111  124  137  156  172  199  228  243  319                                   
    17.5-180.0 180.0   5.0 450.0                            LAT/LON1/LON2/DLON/H
  345  394  436  465  510  542  578  598  614  620  618  609  596  579  558  532
  501  472  448  434  428  428  430  431  431  432  436  443  454  465  474  477
  473  461  443  422  398  373  348  324  302  285  274  267  261  256  250  248
  249  251  251  245  231  212  190  168  149  134  125  119  115  110  108  108
  114  130  146  167  187  217  249  268  345                                   
    15.0-180.0 180.0   5.0 450.0                            LAT/LON1/LON2/DLON/H
  363  412  453  487  539  576  618  645  668  679  680  671  657  640  617  588
  554  519  490  472  467  470  477  483  487  490  494  500  507  513  514  508
  495  477  455  431  408  384  359  336  315  299  288  282  278  274  270  269
  271  273  272  264  247  225  200  175  154  139  129  122  117  112  108  108
  114  131  148  171  195  229  265  288  363                                   
    12.5-180.0 180.0   5.0 450.0                            LAT/LON1/LON2/DLON/H
  372  422  463  501  556  596  644  677  708  726  733  729  718  704  684  657
  622  584  551  531  524  528  537  544  548  549  549  549  549  547  538  522
  500  475  451  428  406  384  362  341  321  306  295  289  285  281  278  277
  278  279  277  267  249  226  202  178  157  142  132  125  120  114  109  107
  111  128  145  169  196  234  274  300  372                                   
    10.0-180.0 180.0   5.0 450.0                            LAT/LON1/LON2/DLON/H
  373  424  466  504  559  602  652  691  728  753  768  771  767  760  748  728
  697  661  627  604  594  596  602  607  607  601  593  585  576  564  545  520
  491  463  438  417  398  380  361  342  323  308  296  288  282  277  273  271
  270  269  265  255  239  219  197  176  159  145  135  128  122  116  110  106
  108  122  139  162  192  234  276  304  373                                   
     7.5-180.0 180.0   5.0 450.0                            LAT/LON1/LON2/DLON/H
  368  422  462  499  551  594  645  684  725  756  777  789  795  798  797  788
  767  737  706  681  668  664  664  662  653  640  623  606  588  567  541  510
