data/edconvlstm_nd/pred0390.15i
     1.0            IONOSPHERE MAPS     GNSS                IONEX VERSION / TYPE
pyspatialgeodesy        IME             05-JAN-18 20:20     PGM / RUN BY / DATE 
Map Name                                                    COMMENT             
Predicted global ionosphere maps (GIM).                     DESCRIPTION         
  2015     2     8     0     0     0                        EPOCH OF FIRST MAP  
  2015     2     9     0     0     0                        EPOCH OF LAST MAP   
  7200                                                      INTERVAL            
    13                                                      # OF MAPS IN FILE   
  NONE                                                      MAPPING FUNCTION    
10.0                                                        ELEVATION CUTOFF    
One-way carrier phase leveled to code                       OBSERVABLES USED    
  6371.0                                                    BASE RADIUS         
 2                                                          MAP DIMENSION       
   450.0 450.0   0.0                                        HGT1 / HGT2 / DHGT  
    87.5 -87.5  -2.5                                        LAT1 / LAT2 / DLAT  
  -180.0 180.0   5.0                                        LON1 / LON2 / DLON  
    -1                                                      EXPONENT            
                                                            END OF HEADER       
[from data line 1716]
     5                                                      START OF TEC MAP    
  2015     2     8     8     0     0                        EPOCH OF CURRENT MAP
    87.5-180.0 180.0   5.0 450.0                            LAT/LON1/LON2/DLON/H
  117  123  122  127  128  129  129  128  131  134  135  136  137  138  138  138
  138  138  138  137  136  135  134  133  131  130  129  127  126  125  124  123
  122  121  121  120  120  120  120  120  120  120  121  121  121  121  121  120
  120  119  119  118  117  116  114  113  112  110  109  108  107  106  105  105
  106  108  107  107  112  114  123  122  117                                   
    85.0-180.0 180.0   5.0 450.0                            LAT/LON1/LON2/DLON/H
  113  129  132  132  133  138  140  142  145  148  149  151  152  152  153  153
  153  152  151  150  149  148  146  144  143  141  139  137  136  134  133  132
  131  131  131  131  131  132  133  134  135  137  138  139  139  140  140  140
  139  138  137  136  134  132  130  127  125  122  120  118  115  114  112  111
  112  114  110  111  111  116  118  120  113                                   
    82.5-180.0 180.0   5.0 450.0                            LAT/LON1/LON2/DLON/H
  108  119  125  121  121  127  131  134  138  141  143  145  146  147  148  148
  147  146  145  144  142  140  137  135  132  130  127  124  122  120  119  118
  117  118  119  120  123  125  129  132  136  140  143  146  149  151  153  154
  154  153  151  149  146  142  138  134  129  124  120  115  111  107  103  101
  100  100   97   98  102  105  103  101  108                                   
    80.0-180.0 180.0   5.0 450.0                            LAT/LON1/LON2/DLON/H
  105  109  112  110  113  117  122  126  130  133  136  139  140  141  142  141
  140  139  137  135  132  129  126  123  119  116  112  109  106  104  102  101
  101  102  104  108  113  118  125  132  139  147  154  161  167  172  176  178
  180  180  179  177  173  169  163  157  150  142  135  127  120  113  107  102
   98   95   91   91   93   95   98   93  105                                   
    77.5-180.0 180.0   5.0 450.0                            LAT/LON1/LON2/DLON/H
  102   99  103  102  101  107  112  116  120  123  126  129  130  131  132  131
  130  129  127  124  122  119  115  112  108  104  100   96   93   90   88   87
   87   89   93   99  107  116  127  138  150  163  174  186  196  204  212  217
  221  223  223  222  218  213  206  197  188  178  167  155  144  134  124  116
  108  102   95   94   95   87   89   89  102                                   
    75.0-180.0 180.0   5.0 450.0                            LAT/LON1/LON2/DLON/H
   97   94   93   93   92   97  100  102  105  108  110  112  113  114  114  114
  113  112  111  109  107  105  103  100   97   93   89   85   82   78   76   74
   75   77   82   90  100  112  126  142  159  176  193  209  223  236  246  255
  262  266  268  267  264  259  251  242  230  217  203  188  174  160  146  135
  124  115  107   99   98   90   92   88   97                                   
    72.5-180.0 180.0   5.0 450.0                            LAT/LON1/LON2/DLON/H
   96   91   89   88   85   90   93   94   96   97   98  100  101  101  101  101
  100  100  100   99   99   98   97   96   94   91   88   84   79   75   71   69
   69   71   77   85   98  113  131  151  172  193  214  234  252  268  281  292
  301  307  311  311  309  304  296  286  273  257  241  223  205  188  172  158
  144  132  123  114  109   99   99   99   96                                   
    70.0-180.0 180.0   5.0 450.0                            LAT/LON1/LON2/DLON/H
   99   89   87   84   81   83   85   85   86   87   87   88   88   88   88   88
   88   88   89   90   92   93   94   94   94   92   89   85   80   74   70   66
   65   66   72   81   94  112  133  156  181  206  230  253  273  292  307  321
  331  339  344  345  344  339  330  319  304  287  267  247  227  206  187  171
  155  141  131  120  114  104  107  109   99                                   
    67.5-180.0 180.0   5.0 450.0                            LAT/LON1/LON2/DLON/H
   94   84   82   80   77   80   81   81   82   82   83   84   83   83   82   82
   83   84   86   88   91   94   96   98   98   98   95   90   84   77   71   66
   64   65   70   80   94  113  136  162  189  217  243  268  290  309  326  340
  352  360  365  367  366  360  351  338  322  303  282  259  237  214  193  175
  158  143  131  118  112  102  104  110   94                                   
    65.0-180.0 180.0   5.0 450.0                            LAT/LON1/LON2/DLON/H
   90   78   75   74   71   75   77   79   80   81   82   83   82   82   81   81
   82   84   86   89   92   95   99  102  103  103  100   95   89   81   73   67
   65   65   71   82   97  118  143  170  199  228  255  281  304  324  341  355
  366  374  379  381  378  372  362  347  330  309  287  263  239  215  192  172
  153  137  124  109  103   94   97  106   90                                   
    62.5-180.0 180.0   5.0 450.0                            LAT/LON1/LON2/DLON/H
   82   68   66   65   64   68   71   74   77   79   81   82   83   82   82   83
   84   85   87   90   92   96   99  102  104  104  101   96   89   81   73   67
   64   66   73   85  103  125  151  179  209  238  265  291  314  333  349  362
  372  380  384  384  381  374  362  347  328  307  284  261  236  212  188  167
  146  128  113   97   89   78   83   95   82                                   
    60.0-180.0 180.0   5.0 450.0                            LAT/LON1/LON2/DLON/H
   75   58   54   55   54   58   63   67   71   74   77   80   81   82   82   83
   85   86   87   88   90   91   94   96   98   98   96   91   83   75   68   63
   62   66   76   90  110  134  160  189  218  246  273  298  319  338  352  364
  373  380  383  383  379  370  358  343  324  304  282  260  236  213  189  167
  144  123  107   88   79   64   68   81   75                                   
    57.5-180.0 180.0   5.0 450.0                            LAT/LON1/LON2/DLON/H
   72   52   47   47   47   50   55   59   64   69   73   76   78   79   81   83
   84   86   86   85   85   85   86   87   89   89   86   81   75   67   62   59
   61   68   81   99  121  146  173  201  229  256  281  304  324  341  355  366
  374  379  382  381  376  368  356  341  324  305  286  266  245  224  201  179
  155  132  114   92   80   59   61   73   72                                   
    55.0-180.0 180.0   5.0 450.0                            LAT/LON1/LON2/DLON/H
   77   54   47   45   45   46   49   53   57   62   66   70   72   74   77   79
   82   83   83   81   79   77   77   78   79   79   76   72   65   59   56   56
   62   73   90  111  136  162  188  215  240  265  288  309  328  344  357  367
  374  379  381  380  375  367  356  342  328  312  296  280  262  243  223  201
  178  153  134  109   94   68   65   74   77                                   
    52.5-180.0 180.0   5.0 450.0                            LAT/LON1/LON2/DLON/H
   92   67   57   52   50   49   50   51   54   58   61   64   67   69   72   75
   78   80   79   77   74   72   71   71   72   72   70   65   59   55   53   56
   66   82  103  128  154  180  206  229  252  274  295  315  332  347  360  370
  377  381  383  381  376  369  358  347  335  323  311  298  284  268  249  229
  206  183  162  136  119   89   82   85   92                                   
    50.0-180.0 180.0   5.0 450.0                            LAT/LON1/LON2/DLON/H
  113   89   78   69   65   60   58   56   57   58   60   62   64   66   69   72
   75   77   77   76   73   71   70   70   71   71   68   64   58   54   54   60
   73   93  118  146  174  200  223  245  265  284  303  321  337  352  365  375
  382  386  387  384  379  371  362  352  343  334  324  314  303  288  272  253
  232  210  190  164  147  117  107  106  113                                   
    47.5-180.0 180.0   5.0 450.0                            LAT/LON1/LON2/DLON/H
  137  117  105   95   89   81   74   68   66   64   64   65   65   66   68   72
   75   77   78   78   76   75   75   76   76   75   73   68   62   58   58   66
   81  104  132  163  192  217  240  259  277  294  311  328  344  359  372  382
  388  391  391  387  381  372  364  355  346  338  330  321  310  296  280  262
  243  224  205  183  169  142  132  129  137                                   
    45.0-180.0 180.0   5.0 450.0                            LAT/LON1/LON2/DLON/H
  156  141  133  123  117  106   97   87   81   77   75   73   72   72   73   75
   78   81   83   84   84   85   85   86   86   84   81   75   69   64   64   72
   88  113  143  175  206  232  254  272  289  304  320  337  353  368  381  390
  395  396  394  388  380  371  361  352  343  335  326  316  303  288  271  254
  235  219  203  186  176  156  148  146  156                                   
    42.5-180.0 180.0   5.0 450.0                            LAT/LON1/LON2/DLON/H
  166  156  154  147  141  131  121  109  101   94   90   88   85   83   83   83
   85   88   91   93   96   98   99   99   98   95   90   83   76   70   69   76
   93  118  150  183  214  242  264  283  299  315  331  348  364  380  392  401
  404  403  397  389  379  368  358  347  337  326  315  303  288  271  251  232
  214  199  185  172  167  152  148  149  166                                   
    40.0-180.0 180.0   5.0 450.0                            LAT/LON1/LON2/DLON/H
  163  157  159  156  154  146  137  127  118  111  107  104  101   98   96   95
   96   98  102  106  110  112  112  111  108  103   97   89   81   74   72   78
   94  120  152  186  219  248  272  292  310  326  343  361  378  394  407  414
  416  413  406  396  384  373  361  349  337  324  311  296  279  259  236  213
  192  175  161  150  146  134  135  139  163                                   
    37.5-180.0 180.0   5.0 450.0                            LAT/LON1/LON2/DLON/H
  151  145  149  149  151  146  141  134  128  123  119  118  115  113  110  109
  109  111  115  120  124  125  124  120  115  109  101   93   85   77   74   79
   94  120  152  188  223  253  279  301  320  339  357  376  395  413  426  434
  435  432  425  415  404  393  381  368  355  340  326  310  291  269  243  216
  189  167  150  135  129  114  118  122  151                                   
    35.0-180.0 180.0   5.0 450.0                            LAT/LON1/LON2/DLON/H
  137  129  131  130  135  132  132  129  127  125  124  125  125  124  122  121
  121  124  128  133  136  135  132  126  119  111  104   96   87   80   76   80
   95  120  153  190  226  259  287  312  333  353  374  396  417  436  451  461
  465  464  459  451  443  433  423  410  396  382  367  352  335  312  284  253
  221  191  169  145  134  111  113  112  137                                   
    32.5-180.0 180.0   5.0 450.0                            LAT/LON1/LON2/DLON/H
  133  119  115  112  115  113  114  115  116  118  120  124  127  129  129  129
  131  135  139  143  145  142  136  128  120  112  105   98   90   82   79   83
   97  122  156  194  232  267  297  324  348  371  394  419  444  466  485  498
  506  509  509  507  502  496  488  477  464  450  438  426  412  392  364  330
  291  254  224  190  172  137  132  122  133                                   
    30.0-180.0 180.0   5.0 450.0                            LAT/LON1/LON2/DLON/H
  148  127  114  104  102   97   99  100  103  106  111  117  123  127  130  133
  137  142  148  151  150  146  138  129  121  113  106  100   93   87   84   88
  102  128  163  202  242  278  311  339  366  391  418  447  476  502  525  544
  558  568  575  579  580  579  574  565  554  543  533  526  518  504  479  443
  399  354  315  269  244  196  181  160  148                                   
    27.5-180.0 180.0   5.0 450.0                            LAT/LON1/LON2/DLON/H
  186  160  136  116  107   97   94   93   95   97  102  108  115  122  127  132
  138  146  152  155  153  147  139  130  122  115  109  104  100   95   93   98
  113  139  175  215  255  293  327  357  386  414  445  478  511  543  572  596
  618  636  652  664  672  675  673  667  658  650  645  643  643  636  615  580
  533  482  434  378  345  286  257  228  186                                   
    25.0-180.0 180.0   5.0 450.0                            LAT/LON1/LON2/DLON/H
  251  221  186  155  136  118  108  103  100   99  101  105  111  117  123  130
  137  146  153  155  153  146  139  131  125  119  114  112  109  107  106  111
  127  154  191  232  273  310  345  376  407  439  473  510  548  585  619  651
  680  708  732  752  766  773  775  772  766  760  759  763  769  769  753  720
  672  620  566  505  463  396  352  318  251                                   
    22.5-180.0 180.0   5.0 450.0                            LAT/LON1/LON2/DLON/H
  341  307  265  220  191  165  147  135  126  119  114  114  116  119  123  129
  136  145  152  154  151  145  139  133  128  124  121  120  119  118  118  124
  141  171  209  252  292  329  363  396  428  462  500  541  583  625  664  702
  738  772  803  827  843  853  857  857  854  852  855  863  874  878  866  835
  790  742  687  627  577  510  459  420  341                                   
    20.0-180.0 180.0   5.0 450.0                            LAT/LON1/LON2/DLON/H
  445  408  361  307  266  235  209  190  174  160  147  138  134  132  131  133
  138  145  151  153  150  144  140  136  133  129  127  125  125  124  126  135
  156  189  229  272  312  348  382  415  448  485  525  569  614  659  702  743
  782  818  848  871  886  895  901  903  904  906  911  922  935  939  929  901
  861  820  772  718  665  605  560  518  445                                   
    17.5-180.0 180.0   5.0 450.0                            LAT/LON1/LON2/DLON/H
  543  504  460  404  353  318  286  263  240  218  196  179  166  156  148  144
  144  148  152  152  149  144  140  138  136  133  129  125  123  123  128  142
  169  205  247  290  329  364  398  432  467  504  546  592  639  685  728  767
  803  835  860  876  887  894  900  906  911  916  924  936  946  949  937  909
  873  839  802  756  710  661  628  594  543                                   
    15.0-180.0 180.0   5.0 450.0                            LAT/LON1/LON2/DLON/H
  610  574  539  489  436  401  367  341  314  286  257  231  209  190  174  162
  155  154  155  153  149  143  140  139  137  132  125  118  114  115  125  146
  177  217  261  303  342  377  412  446  481  520  563  609  656  701  740  773
  802  826  842  850  855  860  868  877  886  894  902  911  917  914  898  869
  834  804  776  739  705  668  647  631  610                                   
    12.5-180.0 180.0   5.0 450.0                            LAT/LON1/LON2/DLON/H
  635  603  580  542  494  464  434  409  382  352  318  286  257  230  205  185
  171  164  160  156  150  144  141  139  137  129  118  107  102  107  121  147
  183  226  270  313  351  387  422  456  492  531  574  620  665  706  739  764
  784  798  806  808  809  814  823  836  846  854  859  863  862  852  830  799
  765  736  713  684  661  636  624  626  635                                   
    10.0-180.0 180.0   5.0 450.0                            LAT/LON1/LON2/DLON/H
  622  594  579  553  516  492  469  450  427  399  366  333  300  268  237  209
  189  176  168  161  153  147  143  140  135  124  110   98   94  101  119  149
  187  232  277  319  357  392  427  461  497  535  577  622  665  702  729  747
  758  765  768  767  768  775  787  800  810  815  816  813  804  787  761  727
  694  665  642  617  601  583  576  591  622                                   
     7.5-180.0 180.0   5.0 450.0                            LAT/LON1/LON2/DLON/H
  587  558  546  528  501  484  468  456  441  419  391  361  330  298  265  233
  207  189  178  169  160  152  147  141  133  119  104   94   93  102  122  152
