data/edconvlstm_nd/pred0390.15i
     1.0            IONOSPHERE MAPS     GNSS                IONEX VERSION / TYPE
pyspatialgeodesy        IME             05-JAN-18 20:20     PGM / RUN BY / DATE 
Map Name                                                    COMMENT             
Predicted global ionosphere maps (GIM).                     DESCRIPTION         
  2015     2     8     0     0     0                        EPOCH OF FIRST MAP  
  2015     2     9     0     0     0                        EPOCH OF LAST MAP   
  7200                                                      INTERVAL            
    13                                                      # OF MAPS IN FILE   
  NONE                                                      MAPPING FUNCTION    
10.0                                                        ELEVATION CUTOFF    
One-way carrier phase leveled to code                       OBSERVABLES USED    
  6371.0                                                    BASE RADIUS         
 2                                                          MAP DIMENSION       
   450.0 450.0   0.0                                        HGT1 / HGT2 / DHGT  
    87.5 -87.5  -2.5                                        LAT1 / LAT2 / DLAT  
  -180.0 180.0   5.0                                        LON1 / LON2 / DLON  
    -1                                                      EXPONENT            
                                                            END OF HEADER       
[from data line 4719]
    12                                                      START OF TEC MAP    
  2015     2     8    22     0     0                        EPOCH OF CURRENT MAP
    87.5-180.0 180.0   5.0 450.0                            LAT/LON1/LON2/DLON/H
  174  161  147  156  159  157  158  157  156  158  157  157  157  157  156  155
  154  153  152  150  149  147  146  144  143  141  140  138  137  136  134  133
  132  131  130  129  128  127  126  125  125  125  124  124  125  125  126  127
  128  129  130  131  133  134  135  136  137  138  139  140  141  142  142  142
  143  143  143  143  154  153  159  163  174                                   
    85.0-180.0 180.0   5.0 450.0                            LAT/LON1/LON2/DLON/H
  170  164  169  164  163  167  169  171  171  173  172  172  171  171  169  168
  166  164  162  159  157  154  152  150  148  146  144  142  141  139  137  136
  134  133  131  130  128  127  126  125  124  124  123  124  124  125  126  128
  130  132  134  136  138  140  142  144  146  147  149  150  151  152  152  153
  154  154  154  152  155  151  150  156  170                                   
    82.5-180.0 180.0   5.0 450.0                            LAT/LON1/LON2/DLON/H
  154  154  158  160  165  170  177  179  179  182  182  183  182  181  178  175
  172  168  163  159  154  150  146  143  140  137  135  133  131  130  128  126
  125  123  121  119  117  115  113  111  109  108  107  107  107  108  110  112
  115  118  121  125  128  132  135  138  140  142  144  145  146  146  146  146
  147  146  145  149  150  158  147  150  154                                   
    80.0-180.0 180.0   5.0 450.0                            LAT/LON1/LON2/DLON/H
  148  153  162  164  170  174  184  192  196  200  202  203  202  199  195  190
  184  177  169  162  155  148  142  137  133  130  127  125  124  123  122  121
  120  118  116  114  111  108  105  102   99   97   96   95   96   98  100  104
  108  113  118  123  128  133  137  141  144  146  147  148  149  148  148  148
  147  147  146  148  144  143  137  149  148                                   
    77.5-180.0 180.0   5.0 450.0                            LAT/LON1/LON2/DLON/H
  155  153  166  169  181  190  202  211  218  224  228  230  229  226  220  212
  202  192  180  169  159  149  141  135  130  126  124  122  122  122  123  123
  123  122  121  119  116  112  107  103   99   95   93   91   91   93   95   99
  104  110  116  122  128  134  138  142  145  147  148  148  147  147  146  144
  143  143  143  145  145  142  143  161  155                                   
    75.0-180.0 180.0   5.0 450.0                            LAT/LON1/LON2/DLON/H
  160  161  172  176  189  201  213  225  236  245  251  254  253  249  241  230
  217  203  187  173  159  147  137  129  123  119  116  116  116  118  119  121
  122  123  122  121  118  113  109  103   98   94   90   88   88   89   92   96
  101  108  114  121  127  132  136  139  142  143  143  142  141  140  140  139
  138  139  141  141  141  138  140  147  160                                   
    72.5-180.0 180.0   5.0 450.0                            LAT/LON1/LON2/DLON/H
  168  170  182  193  204  219  234  247  259  270  278  282  282  277  268  254
  238  220  201  182  165  149  136  126  118  112  109  107  107  109  111  114
  116  118  118  118  115  112  108  103   98   93   89   87   86   87   89   93
   98  104  110  116  121  126  129  131  132  133  132  131  130  130  130  130
  130  133  136  139  140  141  147  162  168                                   
    70.0-180.0 180.0   5.0 450.0                            LAT/LON1/LON2/DLON/H
  181  184  196  204  216  231  245  261  275  288  298  303  303  298  287  272
  253  232  211  189  170  152  136  123  113  105  100   97   96   96   98  100
  102  104  105  105  104  102   99   95   92   88   85   83   82   83   85   88
   92   97  102  106  110  113  115  116  116  116  115  114  114  114  116  119
  121  126  133  140  145  150  159  172  181                                   
    67.5-180.0 180.0   5.0 450.0                            LAT/LON1/LON2/DLON/H
  198  202  215  224  237  254  269  286  300  315  326  333  334  329  318  302
  282  260  236  213  191  170  152  136  122  111  102   95   91   89   88   89
   90   91   92   92   92   92   90   89   87   86   84   83   82   83   84   86
   89   92   96   99  102  103  104  104  104  103  103  103  103  105  109  114
  119  127  136  145  153  162  174  189  198                                   
    65.0-180.0 180.0   5.0 450.0                            LAT/LON1/LON2/DLON/H
  206  214  227  236  249  265  280  297  313  330  343  351  354  349  339  323
  303  281  258  234  211  189  169  150  133  117  104   94   86   80   77   74
   73   72   72   72   72   72   73   74   75   75   75   76   76   76   76   77
   78   79   81   83   84   84   84   84   83   83   83   84   86   89   94  101
  109  120  133  146  157  172  188  205  206                                   
    62.5-180.0 180.0   5.0 450.0                            LAT/LON1/LON2/DLON/H
  214  225  238  247  261  277  293  310  327  345  358  368  372  369  361  347
  329  308  286  264  241  218  195  173  152  133  116  102   90   81   74   68
   64   60   58   56   56   57   58   61   64   67   69   70   70   69   68   68
   67   67   67   68   68   68   68   68   68   68   69   71   74   78   84   92
  101  114  129  143  157  176  195  212  214                                   
    60.0-180.0 180.0   5.0 450.0                            LAT/LON1/LON2/DLON/H
  218  233  247  256  271  285  302  319  336  353  368  378  383  382  376  365
  350  333  313  293  271  247  223  199  175  154  134  117  103   91   80   71
   64   57   52   48   47   47   49   53   57   61   64   66   66   64   62   60
   58   56   55   55   55   55   56   56   57   58   60   62   65   69   76   84
   94  108  124  139  153  177  199  217  218                                   
    57.5-180.0 180.0   5.0 450.0                            LAT/LON1/LON2/DLON/H
  224  243  258  267  283  297  314  329  345  361  374  383  388  389  385  378
  367  354  338  319  298  274  249  224  199  176  156  138  123  110   97   86
   75   65   57   51   48   47   49   52   57   61   65   66   66   63   60   56
   53   50   49   48   49   50   51   52   54   55   57   59   62   66   72   80
   90  105  121  137  152  179  202  219  224                                   
    55.0-180.0 180.0   5.0 450.0                            LAT/LON1/LON2/DLON/H
  237  260  277  286  303  316  333  346  359  371  381  387  391  392  391  387
  380  370  356  339  318  295  270  244  219  197  178  162  148  135  121  107
   94   82   71   64   59   57   58   60   65   69   72   73   71   67   62   58
   54   51   50   50   50   52   54   56   58   60   62   63   66   69   75   82
   92  107  125  142  157  187  212  227  237                                   
    52.5-180.0 180.0   5.0 450.0                            LAT/LON1/LON2/DLON/H
  260  286  305  313  333  345  361  370  379  385  390  391  392  392  392  390
  386  378  366  350  331  308  283  258  235  215  198  184  171  158  145  130
  115  101   90   82   76   74   74   75   79   82   84   85   82   77   71   65
   61   59   58   58   59   61   63   65   67   69   70   71   73   76   81   89
   99  116  136  156  172  204  230  243  260                                   
    50.0-180.0 180.0   5.0 450.0                            LAT/LON1/LON2/DLON/H
  292  321  343  350  371  385  399  405  409  408  405  401  397  395  393  392
  389  382  371  356  337  315  291  268  247  229  214  201  189  176  161  145
  130  117  106   99   95   93   93   94   96   99  100  100   97   91   85   79
   75   72   71   72   73   74   76   78   79   80   80   80   81   84   90   99
  111  131  154  176  196  229  258  268  292                                   
    47.5-180.0 180.0   5.0 450.0                            LAT/LON1/LON2/DLON/H
  329  359  383  390  414  430  443  445  444  437  427  415  406  400  397  394
  390  383  372  358  340  320  298  276  257  239  225  211  197  181  164  147
  132  120  113  110  108  109  109  110  112  114  116  116  113  107  101   95
   91   89   88   88   88   88   89   89   90   89   88   88   88   92   99  110
  124  147  173  201  225  260  290  299  329                                   
    45.0-180.0 180.0   5.0 450.0                            LAT/LON1/LON2/DLON/H
  364  393  419  427  453  471  484  485  480  468  451  434  419  409  403  398
  392  384  373  360  344  326  306  285  265  246  229  212  193  173  153  135
  120  112  109  110  114  117  120  122  124  126  128  129  126  122  116  110
  106  104  103  102  101  100   99   98   97   96   94   93   94   98  107  121
  138  163  192  223  252  288  320  331  364                                   
    42.5-180.0 180.0   5.0 450.0                            LAT/LON1/LON2/DLON/H
  389  418  444  452  479  499  513  514  508  494  474  453  435  422  413  405
  397  387  376  364  350  334  316  295  273  251  229  206  183  159  136  118
  105   99  101  107  114  121  125  128  131  134  137  138  137  132  127  122
  119  116  115  113  111  108  106  104  102   99   97   96   98  103  114  130
  149  176  206  239  270  308  342  356  389                                   
    40.0-180.0 180.0   5.0 450.0                            LAT/LON1/LON2/DLON/H
  400  428  453  461  488  509  523  525  521  508  489  468  449  435  424  414
  403  393  382  372  361  347  328  306  280  253  226  199  173  148  126  109
   99   96  100  109  118  126  130  133  136  139  142  144  143  139  134  129
  126  123  121  119  115  112  109  106  103  101   98   97  100  107  119  136
  156  183  212  244  275  315  350  369  400                                   
    37.5-180.0 180.0   5.0 450.0                            LAT/LON1/LON2/DLON/H
  400  426  449  456  481  499  514  518  517  508  493  475  459  446  434  423
  412  401  392  384  375  362  342  316  286  255  225  198  174  154  136  124
  117  116  120  127  134  139  141  141  142  144  146  147  146  141  136  131
  128  125  123  120  117  114  111  108  105  102  100   99  101  109  123  141
  161  186  213  242  270  310  346  367  400                                   
    35.0-180.0 180.0   5.0 450.0                            LAT/LON1/LON2/DLON/H
  396  418  438  442  464  478  493  497  500  496  487  475  463  453  443  432
  420  411  403  398  390  376  354  324  291  260  233  212  196  185  177  172
  168  167  167  168  168  165  161  157  154  152  152  151  148  143  137  132
  128  126  124  121  119  117  114  111  109  106  103  102  105  114  129  148
  167  189  213  238  262  301  337  357  396                                   
    32.5-180.0 180.0   5.0 450.0                            LAT/LON1/LON2/DLON/H
  396  414  430  430  448  456  469  474  480  481  477  471  464  457  449  438
  428  419  414  410  402  386  361  329  298  271  253  244  243  248  254  258
  258  253  245  234  221  207  192  180  172  166  162  158  152  145  138  133
  130  128  126  125  124  123  121  119  117  114  111  110  113  123  139  159
  177  198  219  240  260  297  333  349  396                                   
    30.0-180.0 180.0   5.0 450.0                            LAT/LON1/LON2/DLON/H
  408  424  436  431  445  447  457  461  469  472  473  471  467  462  454  443
  433  426  422  418  408  390  363  334  308  292  288  296  316  342  366  382
  385  374  351  321  289  258  232  211  195  185  176  168  160  151  144  139
  136  133  132  132  133  133  133  131  129  126  123  122  125  135  154  175
  194  215  233  251  270  306  341  354  408                                   
    27.5-180.0 180.0   5.0 450.0                            LAT/LON1/LON2/DLON/H
  436  452  462  454  465  461  467  469  476  480  481  480  477  471  461  449
  438  431  427  421  409  389  364  341  326  324  338  368  411  461  505  531
  533  510  467  414  360  311  272  242  221  206  194  183  172  162  155  151
  147  145  144  144  146  147  147  145  143  139  136  135  139  151  172  197
  218  240  257  276  295  330  367  376  436                                   
    25.0-180.0 180.0   5.0 450.0                            LAT/LON1/LON2/DLON/H
  481  499  508  500  512  506  508  506  510  511  510  506  499  490  475  460
  446  436  430  421  407  388  368  355  354  370  403  454  519  588  644  672
  666  626  562  487  414  351  303  269  245  228  214  201  189  180  173  168
  165  162  160  160  162  163  162  159  155  151  148  147  153  167  191  220
  245  271  291  312  332  369  408  415  481                                   
    22.5-180.0 180.0   5.0 450.0                            LAT/LON1/LON2/DLON/H
  537  561  571  568  584  579  579  573  573  568  561  551  538  522  500  478
  459  445  435  423  408  391  380  380  396  429  479  546  621  693  745  762
  742  687  608  519  436  368  319  286  263  247  234  221  210  202  196  191
  187  182  179  178  178  177  174  169  163  159  156  157  164  180  208  243
  274  306  330  355  379  418  460  466  537                                   
    20.0-180.0 180.0   5.0 450.0                            LAT/LON1/LON2/DLON/H
  595  628  643  647  671  670  670  662  657  647  633  616  595  569  539  508
  481  462  447  432  417  406  406  421  454  501  560  627  695  751  782  779
  742  676  590  500  420  359  318  291  275  263  253  243  234  227  222  217
  211  204  198  194  191  188  182  174  167  162  160  163  172  192  224  264
  302  340  371  400  427  469  516  522  595                                   
    17.5-180.0 180.0   5.0 450.0                            LAT/LON1/LON2/DLON/H
  644  689  709  721  754  760  763  755  750  736  717  693  664  630  590  550
  516  489  469  452  439  436  449  480  525  579  633  682  722  746  746  720
  667  595  514  438  376  332  305  290  281  276  271  265  258  253  248  242
  233  223  214  207  201  194  185  175  167  161  161  165  178  202  238  283
  327  371  407  441  470  514  564  572  644                                   
    15.0-180.0 180.0   5.0 450.0                            LAT/LON1/LON2/DLON/H
  677  731  759  777  819  833  840  836  831  817  797  771  738  698  652  604
  562  529  505  487  478  484  509  552  604  651  684  700  700  683  649  599
  537  470  408  358  323  302  291  287  287  288  286  283  279  275  269  261
  250  237  225  215  206  196  184  173  163  158  159  166  183  210  251  299
  347  395  435  470  500  546  597  607  677                                   
    12.5-180.0 180.0   5.0 450.0                            LAT/LON1/LON2/DLON/H
  692  751  786  808  857  878  890  889  888  876  859  836  805  765  716  664
  618  581  554  537  533  548  583  630  676  705  706  681  638  582  518  454
  394  345  311  292  285  285  288  292  297  299  300  298  294  289  282  271
  258  244  230  218  207  195  182  170  160  156  158  167  186  217  260  310
  359  409  450  485  515  562  611  623  692                                   
    10.0-180.0 180.0   5.0 450.0                            LAT/LON1/LON2/DLON/H
  692  753  791  815  868  893  909  910  913  907  895  878  853  818  773  724
  678  640  613  599  600  620  657  700  731  733  699  636  556  472  395  330
  284  258  251  259  275  291  303  310  312  312  310  306  301  294  285  272
  258  243  230  218  206  194  181  169  161  157  159  169  189  222  266  315
  363  413  453  487  515  562  610  624  692                                   
     7.5-180.0 180.0   5.0 450.0                            LAT/LON1/LON2/DLON/H
  684  743  783  805  858  885  901  903  909  908  904  895  880  854  817  774
  732  698  674  662  666  687  720  751  762  737  673  581  480  386  311  259
