data/edconvlstm_nd/pred1810.15i
     1.0            IONOSPHERE MAPS     GNSS                IONEX VERSION / TYPE
pyspatialgeodesy        IME             05-JAN-18 20:20     PGM / RUN BY / DATE 
Map Name                                                    COMMENT             
Predicted global ionosphere maps (GIM).                     DESCRIPTION         
  2015     6    30     0     0     0                        EPOCH OF FIRST MAP  
  2015     7     1     0     0     0                        EPOCH OF LAST MAP   
  7200                                                      INTERVAL            
    13                                                      # OF MAPS IN FILE   
  NONE                                                      MAPPING FUNCTION    
10.0                                                        ELEVATION CUTOFF    
One-way carrier phase leveled to code                       OBSERVABLES USED    
  6371.0                                                    BASE RADIUS         
 2                                                          MAP DIMENSION       
   450.0 450.0   0.0                                        HGT1 / HGT2 / DHGT  
    87.5 -87.5  -2.5                                        LAT1 / LAT2 / DLAT  
  -180.0 180.0   5.0                                        LON1 / LON2 / DLON  
    -1                                                      EXPONENT            
                                                            END OF HEADER       
[from data line 858]
     3                                                      START OF TEC MAP    
  2015     6    30     4     0     0                        EPOCH OF CURRENT MAP
    87.5-180.0 180.0   5.0 450.0                            LAT/LON1/LON2/DLON/H
  131  133  134  138  138  135  133  130  130  130  130  129  129  128  127  126
  125  124  123  122  121  119  118  117  115  114  113  112  111  111  110  110
  109  109  109  109  109  110  110  111  111  112  112  113  114  115  116  117
  119  120  121  122  123  124  124  125  126  126  127  127  127  127  127  128
  129  131  130  130  134  135  135  124  131                                   
    85.0-180.0 180.0   5.0 450.0                            LAT/LON1/LON2/DLON/H
  135  145  137  142  145  143  143  142  142  142  141  141  140  140  139  138
  136  135  133  132  130  128  126  124  123  121  120  119  118  117  117  116
  116  116  116  116  117  117  118  118  119  120  121  122  124  125  126  128
  129  131  132  134  135  136  137  138  139  140  140  140  141  141  140  141
  142  144  141  143  139  139  140  130  135                                   
    82.5-180.0 180.0   5.0 450.0                            LAT/LON1/LON2/DLON/H
  145  146  150  146  146  147  147  147  147  147  147  147  146  146  145  143
  142  140  138  135  133  131  128  126  123  121  120  118  117  116  116  115
  115  115  116  116  117  117  118  119  120  121  123  124  126  128  130  132
  134  136  138  140  142  143  144  145  146  147  148  148  148  148  148  148
  148  149  145  146  150  141  137  129  145                                   
    80.0-180.0 180.0   5.0 450.0                            LAT/LON1/LON2/DLON/H
  147  146  140  138  141  142  144  145  146  146  145  145  145  144  143  141
  139  137  134  131  128  125  121  118  115  113  111  109  108  108  108  108
  108  109  109  110  111  112  113  115  116  118  120  122  124  127  129  132
  134  137  139  141  143  144  146  147  148  148  149  149  149  149  148  149
  148  147  144  146  151  146  148  132  147                                   
    77.5-180.0 180.0   5.0 450.0                            LAT/LON1/LON2/DLON/H
  143  142  136  138  136  139  144  145  146  146  145  146  146  145  143  142
  139  137  134  130  126  122  118  114  111  108  106  104  103  103  104  105
  106  107  109  110  111  112  114  115  117  119  121  124  127  130  133  136
  139  141  143  145  147  149  150  151  151  152  152  152  152  151  151  151
  150  149  145  147  149  142  142  136  143                                   
    75.0-180.0 180.0   5.0 450.0                            LAT/LON1/LON2/DLON/H
  135  136  128  131  130  134  138  139  141  141  140  141  140  139  137  135
  132  129  126  122  117  113  108  103   99   96   94   93   93   93   95   97
   99  101  103  105  106  108  109  111  113  116  118  121  125  128  131  134
  137  139  141  142  143  144  145  146  146  146  146  147  147  146  146  147
  145  145  141  138  140  137  137  134  135                                   
    72.5-180.0 180.0   5.0 450.0                            LAT/LON1/LON2/DLON/H
  130  134  128  130  130  135  139  141  143  143  142  142  141  139  137  135
  132  129  125  121  117  112  106  101   97   94   91   91   91   93   96  100
  103  106  109  111  113  114  116  118  120  123  126  129  133  136  139  142
  144  145  146  146  147  147  147  147  147  147  147  148  148  148  148  150
  149  149  147  144  143  137  135  133  130                                   
    70.0-180.0 180.0   5.0 450.0                            LAT/LON1/LON2/DLON/H
  133  133  128  128  128  132  136  138  140  140  139  139  138  136  133  130
  127  124  121  117  112  107  102   96   91   88   86   85   87   90   94   99
  103  108  111  113  115  117  119  121  123  126  130  134  138  141  144  146
  147  147  146  145  144  143  142  141  141  142  142  143  144  145  146  148
  148  148  147  146  145  140  139  136  133                                   
    67.5-180.0 180.0   5.0 450.0                            LAT/LON1/LON2/DLON/H
  132  132  126  127  126  129  133  134  136  136  135  135  133  130  127  124
  121  118  115  111  106  101   96   90   85   81   79   79   81   85   90   96
  102  106  110  113  115  116  118  120  123  127  131  136  140  143  146  147
  146  145  142  140  137  135  134  133  133  134  135  136  138  139  141  143
  145  145  146  145  145  140  139  136  132                                   
    65.0-180.0 180.0   5.0 450.0                            LAT/LON1/LON2/DLON/H
  134  134  127  127  126  128  131  132  134  133  132  132  130  127  124  120
  117  114  110  107  102   97   92   86   81   77   75   75   78   83   88   95
  100  105  109  112  114  116  119  122  125  130  135  140  144  148  149  149
  148  144  140  136  133  130  128  128  128  130  131  133  135  136  138  141
  143  144  145  145  147  143  143  140  134                                   
    62.5-180.0 180.0   5.0 450.0                            LAT/LON1/LON2/DLON/H
  138  138  131  129  127  128  131  131  132  131  131  130  128  125  122  118
  114  110  107  103   99   94   89   83   78   74   73   73   76   81   87   93
   99  103  107  110  112  115  118  122  127  132  138  143  148  151  152  152
  149  144  139  134  129  127  125  125  126  128  130  132  134  135  137  140
  141  143  145  145  147  145  147  145  138                                   
    60.0-180.0 180.0   5.0 450.0                            LAT/LON1/LON2/DLON/H
  141  142  135  133  130  130  131  130  130  129  128  128  126  123  119  115
  111  107  103   99   95   91   86   81   76   73   72   73   76   80   85   90
   95   99  102  105  108  112  116  121  127  133  139  145  150  152  153  152
  148  143  137  132  127  125  124  125  127  130  132  134  135  136  137  139
  140  142  143  144  147  146  149  148  141                                   
    57.5-180.0 180.0   5.0 450.0                            LAT/LON1/LON2/DLON/H
  145  148  142  139  135  134  134  132  130  128  126  126  124  122  118  114
  109  104  100   96   92   88   84   80   77   75   74   75   77   80   84   88
   91   94   97  100  104  109  115  122  128  135  141  147  151  153  154  152
  148  143  137  132  129  127  127  129  132  135  137  139  140  139  139  140
  140  141  142  144  147  147  151  152  145                                   
    55.0-180.0 180.0   5.0 450.0                            LAT/LON1/LON2/DLON/H
  149  154  149  147  143  140  139  135  132  128  125  124  122  120  116  112
  107  102   97   93   89   86   84   82   80   79   79   80   81   83   85   86
   88   90   92   96  101  107  115  123  130  137  143  147  151  153  153  151
  148  143  139  135  132  132  133  136  139  142  144  145  145  143  142  142
  141  142  143  144  147  148  153  154  149                                   
    52.5-180.0 180.0   5.0 450.0                            LAT/LON1/LON2/DLON/H
  154  160  157  156  152  149  146  140  135  130  126  124  121  118  115  110
  106  101   96   92   88   86   85   85   86   87   87   87   87   87   87   87
   87   87   90   94   99  107  116  125  133  139  144  148  150  152  152  151
  148  145  142  140  139  139  142  145  148  150  152  152  150  148  146  145
  144  144  145  146  149  150  155  157  154                                   
    50.0-180.0 180.0   5.0 450.0                            LAT/LON1/LON2/DLON/H
  159  167  165  165  162  158  155  148  141  134  128  124  121  117  114  110
  105  100   96   92   89   89   89   92   95   97   98   98   97   94   92   89
   88   88   89   94  100  109  118  128  136  142  146  149  151  152  152  152
  151  149  148  147  148  149  152  155  157  159  159  158  155  152  150  149
  148  149  150  151  153  155  159  160  159                                   
    47.5-180.0 180.0   5.0 450.0                            LAT/LON1/LON2/DLON/H
  165  173  171  173  171  168  164  157  149  140  132  127  122  118  114  110
  105  101   97   94   92   93   96  100  105  109  111  110  107  103   98   94
   91   91   92   96  103  111  121  130  138  144  148  150  152  153  154  155
  155  155  156  157  158  160  163  165  166  167  165  163  159  156  154  154
  154  156  158  159  161  162  165  165  165                                   
    45.0-180.0 180.0   5.0 450.0                            LAT/LON1/LON2/DLON/H
  172  179  177  179  178  175  173  165  157  147  138  132  125  120  115  111
  107  104  100   98   97   98  103  109  116  122  124  123  119  112  106  101
   97   96   97  100  106  114  123  132  140  146  150  152  154  156  158  160
  162  163  165  167  170  172  175  176  176  174  171  168  164  160  158  160
  162  165  169  171  173  172  174  173  172                                   
    42.5-180.0 180.0   5.0 450.0                            LAT/LON1/LON2/DLON/H
  180  184  182  183  183  181  179  173  165  155  145  138  130  123  117  113
  109  107  104  102  102  104  110  118  127  134  136  135  129  122  114  108
  105  103  103  105  109  115  123  132  140  147  151  155  158  161  164  167
  170  173  176  179  182  185  187  187  186  183  179  175  170  166  165  168
  172  177  182  185  187  184  186  183  180                                   
    40.0-180.0 180.0   5.0 450.0                            LAT/LON1/LON2/DLON/H
  189  191  187  187  187  184  184  178  172  162  153  145  137  129  121  116
  112  110  108  106  106  109  116  125  135  143  146  144  138  130  122  117
  113  111  110  110  111  115  122  130  139  147  153  158  163  167  171  175
  179  183  187  191  195  198  200  200  199  195  191  186  181  177  176  179
  184  191  197  200  203  200  201  197  189                                   
    37.5-180.0 180.0   5.0 450.0                            LAT/LON1/LON2/DLON/H
  201  200  194  191  190  187  187  183  178  169  161  153  144  135  126  120
  115  113  111  109  109  113  120  130  141  150  153  151  145  137  130  125
  121  119  116  114  113  114  119  127  137  146  155  162  168  174  179  184
  188  192  197  203  208  212  215  216  215  212  208  203  197  192  191  194
  198  206  213  217  219  217  218  213  201                                   
    35.0-180.0 180.0   5.0 450.0                            LAT/LON1/LON2/DLON/H
  217  214  206  200  197  193  192  188  184  177  170  162  153  142  132  124
  118  114  112  110  111  115  123  134  146  155  158  156  150  143  136  132
  128  125  121  116  112  112  115  123  134  146  156  166  174  181  187  192
  196  201  207  214  221  227  232  234  234  233  230  225  219  214  211  212
  216  223  230  234  236  235  236  232  217                                   
    32.5-180.0 180.0   5.0 450.0                            LAT/LON1/LON2/DLON/H
  238  233  224  215  209  203  200  196  192  186  179  172  163  151  138  128
  120  115  112  110  111  116  125  137  149  158  162  160  154  147  141  137
  133  129  124  117  111  109  111  119  131  144  157  168  178  186  193  198
  204  209  216  225  234  243  249  254  256  256  255  252  247  240  235  234
  235  240  246  250  253  253  256  253  238                                   
    30.0-180.0 180.0   5.0 450.0                            LAT/LON1/LON2/DLON/H
  262  257  248  237  229  220  215  209  204  198  191  184  173  160  145  132
  122  115  111  109  111  118  129  141  153  161  165  163  157  150  144  139
  135  131  124  116  109  106  108  115  127  141  155  168  179  188  196  203
  209  216  225  235  247  258  267  273  278  280  281  279  275  269  262  258
  256  258  263  266  269  271  275  273  262                                   
    27.5-180.0 180.0   5.0 450.0                            LAT/LON1/LON2/DLON/H
  288  285  277  265  255  244  237  228  222  214  205  196  184  169  152  136
  123  114  109  108  112  120  133  146  158  165  167  164  158  151  145  139
  134  128  121  112  105  102  104  112  123  137  152  166  178  189  198  206
  214  222  233  245  259  271  282  291  297  301  303  304  301  296  288  282
  276  276  279  281  285  289  294  293  288                                   
    25.0-180.0 180.0   5.0 450.0                            LAT/LON1/LON2/DLON/H
  313  313  307  296  286  274  264  253  244  233  222  211  196  179  160  141
  125  114  108  108  113  124  139  152  163  168  168  164  157  149  142  135
  129  122  114  107  100   98  100  107  118  132  147  161  175  187  198  208
  217  228  240  254  269  283  294  304  311  316  320  323  322  318  311  304
  296  293  294  296  300  305  311  311  313                                   
    22.5-180.0 180.0   5.0 450.0                            LAT/LON1/LON2/DLON/H
  335  338  335  325  318  306  295  282  270  256  241  226  209  189  168  147
  128  115  108  109  117  130  145  159  167  169  167  161  153  144  135  127
  119  112  105   99   94   92   95  101  111  125  140  156  171  185  198  210
  221  233  246  261  276  290  302  312  320  326  331  335  337  336  331  324
  315  310  310  311  314  320  326  326  335                                   
    20.0-180.0 180.0   5.0 450.0                            LAT/LON1/LON2/DLON/H
  351  356  355  349  344  334  324  311  296  279  260  241  221  200  177  154
  134  119  112  113  122  137  152  164  170  168  163  154  145  135  125  116
  108  101   95   90   87   86   88   94  104  117  133  151  169  185  199  212
  225  238  252  267  282  295  306  316  324  331  337  343  347  349  347  342
  333  328  326  326  329  334  338  338  351                                   
    17.5-180.0 180.0   5.0 450.0                            LAT/LON1/LON2/DLON/H
  360  367  367  363  362  355  346  334  318  298  276  254  232  209  185  162
  141  126  118  119  129  143  158  167  169  164  154  144  133  122  112  103
   95   89   85   81   79   78   80   85   95  109  128  148  168  186  202  216
  230  244  258  272  285  298  308  318  326  334  341  348  354  359  361  358
  351  345  343  342  342  346  349  347  360                                   
    15.0-180.0 180.0   5.0 450.0                            LAT/LON1/LON2/DLON/H
  363  369  371  368  371  366  359  348  332  311  287  263  240  217  193  171
  150  135  127  128  136  149  161  167  164  154  142  130  119  108   99   90
   83   78   75   72   70   70   71   77   87  103  124  147  169  189  206  221
  235  249  263  276  289  300  311  321  330  338  346  353  362  369  373  373
  368  362  359  357  355  356  358  354  363                                   
    12.5-180.0 180.0   5.0 450.0                            LAT/LON1/LON2/DLON/H
  364  368  369  366  371  367  361  351  336  314  290  266  243  221  200  179
  160  145  137  137  144  153  161  161  154  141  127  114  103   94   86   79
   73   69   66   64   62   61   63   68   80   97  121  147  171  193  210  225
  240  254  268  281  292  303  314  325  336  346  354  362  371  380  386  388
  384  378  374  370  366  364  365  361  364                                   
    10.0-180.0 180.0   5.0 450.0                            LAT/LON1/LON2/DLON/H
  364  366  366  362  366  362  355  345  330  309  285  262  241  222  204  186
  169  156  148  146  149  154  156  152  141  126  111   99   90   83   76   71
   67   63   60   57   55   53   55   61   73   93  119  147  173  195  213  228
  243  258  272  285  296  307  319  332  345  357  366  374  383  392  399  401
  397  392  386  380  375  370  370  366  364                                   
     7.5-180.0 180.0   5.0 450.0                            LAT/LON1/LON2/DLON/H
  366  367  365  359  361  355  346  334  319  297  275  253  235  219  204  189
  176  164  156  153  152  151  147  139  125  109   96   86   79   74   70   66
