data/edconvlstm_nd/pred0510.15i
     1.0            IONOSPHERE MAPS     GNSS                IONEX VERSION / TYPE
pyspatialgeodesy        IME             05-JAN-18 20:20     PGM / RUN BY / DATE 
Map Name                                                    COMMENT             
Predicted global ionosphere maps (GIM).                     DESCRIPTION         
  2015     2    20     0     0     0                        EPOCH OF FIRST MAP  
  2015     2    21     0     0     0                        EPOCH OF LAST MAP   
  7200                                                      INTERVAL            
    13                                                      # OF MAPS IN FILE   
  NONE                                                      MAPPING FUNCTION    
10.0                                                        ELEVATION CUTOFF    
One-way carrier phase leveled to code                       OBSERVABLES USED    
  6371.0                                                    BASE RADIUS         
 2                                                          MAP DIMENSION       
   450.0 450.0   0.0                                        HGT1 / HGT2 / DHGT  
    87.5 -87.5  -2.5                                        LAT1 / LAT2 / DLAT  
  -180.0 180.0   5.0                                        LON1 / LON2 / DLON  
    -1                                                      EXPONENT            
                                                            END OF HEADER       
[from data line 1287]
     4                                                      START OF TEC MAP    
  2015     2    20     6     0     0                        EPOCH OF CURRENT MAP
    87.5-180.0 180.0   5.0 450.0                            LAT/LON1/LON2/DLON/H
   91   95   94   99   99  100   99   96   98  100  100  101  102  102  102  101
  101  100   99   97   96   95   93   92   91   89   88   87   86   85   85   84
   83   83   82   82   82   82   81   82   82   82   83   83   84   85   86   88
   89   90   91   91   92   93   93   93   93   92   92   92   91   90   89   89
   90   91   89   89   93   97  104   99   91                                   
    85.0-180.0 180.0   5.0 450.0                            LAT/LON1/LON2/DLON/H
   87  101   98  100  102  104  105  105  107  109  109  110  111  111  111  110
  110  108  107  105  103  101   99   98   96   94   93   91   90   89   89   88
   88   88   87   87   88   88   88   89   90   90   92   93   94   96   97   99
  100  102  103  105  106  106  107  107  107  107  106  105  104  103  101  101
  102  102   97   96   94   97  102   99   87                                   
    82.5-180.0 180.0   5.0 450.0                            LAT/LON1/LON2/DLON/H
   92   95  104   98   98  100  102  102  105  108  109  111  112  113  113  112
  111  109  107  104  101   98   94   91   88   85   83   81   80   79   78   78
   78   79   79   80   81   82   84   85   87   89   91   93   96   98  101  104
  107  110  113  116  118  119  121  121  121  121  120  119  117  114  112  110
  109  107  101   99  101   94   89   87   92                                   
    80.0-180.0 180.0   5.0 450.0                            LAT/LON1/LON2/DLON/H
   97   90   93   89   90   88   91   93   97   99  101  104  106  107  108  107
  106  104  100   97   92   88   83   79   75   71   69   67   66   65   66   67
   68   70   72   74   76   78   80   83   85   88   91   94   98  103  107  112
  117  122  126  131  134  137  140  141  142  141  140  138  135  132  128  124
  120  114  109  105  104   96   93   85   97                                   
    77.5-180.0 180.0   5.0 450.0                            LAT/LON1/LON2/DLON/H
   99   85   86   82   79   78   80   82   86   88   90   95   98  100  101  102
  101   98   95   91   85   80   74   69   65   61   59   57   57   58   59   62
   65   68   72   75   79   82   85   88   91   94   98  102  108  113  120  127
  135  142  149  156  162  167  171  174  175  175  174  171  167  162  157  151
  144  136  126  121  114   96   89   85   99                                   
    75.0-180.0 180.0   5.0 450.0                            LAT/LON1/LON2/DLON/H
  100   88   82   78   73   72   72   71   73   74   76   80   83   86   88   89
   89   88   85   81   77   71   66   61   57   54   52   51   52   53   56   60
   65   69   74   78   82   85   88   91   94   98  102  107  114  121  130  139
  149  159  169  178  187  194  199  203  205  206  204  202  198  192  185  179
  169  159  148  136  128  108   99   91  100                                   
    72.5-180.0 180.0   5.0 450.0                            LAT/LON1/LON2/DLON/H
  108   94   87   81   77   74   73   70   70   69   70   73   75   78   80   83
   84   84   82   80   76   72   68   63   60   57   56   56   57   60   63   68
   73   78   83   88   91   95   97  100  103  107  112  118  126  136  147  159
  171  184  196  206  216  224  230  234  237  237  236  233  228  222  215  207
  198  187  177  165  152  129  116  106  108                                   
    70.0-180.0 180.0   5.0 450.0                            LAT/LON1/LON2/DLON/H
  125  105   97   89   83   77   73   69   67   64   63   64   65   67   70   72
   74   76   76   76   75   72   70   67   65   64   63   64   65   68   72   76
   81   85   89   93   96   98  100  102  105  110  115  123  133  145  158  173
  188  202  216  229  239  248  254  258  260  260  258  254  249  242  235  227
  218  208  198  185  172  149  139  127  125                                   
    67.5-180.0 180.0   5.0 450.0                            LAT/LON1/LON2/DLON/H
  132  111  102   94   88   81   75   70   66   62   59   58   58   59   61   63
   66   69   71   73   74   74   73   73   72   72   73   74   75   77   79   82
   84   87   89   91   92   93   95   97  100  105  113  122  135  149  165  182
  199  215  231  244  255  264  270  273  273  272  268  263  257  249  241  233
  224  215  206  193  182  161  152  142  132                                   
    65.0-180.0 180.0   5.0 450.0                            LAT/LON1/LON2/DLON/H
  140  118  106   99   92   85   78   72   68   62   58   56   55   54   56   58
   60   64   67   71   74   76   78   80   81   82   84   85   86   86   86   86
   86   86   85   84   84   84   86   89   94  101  111  123  138  154  173  192
  211  229  245  259  270  278  283  285  284  280  275  268  260  252  243  235
  226  217  208  196  187  170  162  154  140                                   
    62.5-180.0 180.0   5.0 450.0                            LAT/LON1/LON2/DLON/H
  143  121  109  101   95   87   80   74   69   64   59   56   54   53   53   55
   57   61   65   69   73   76   80   83   86   89   91   92   92   91   89   86
   83   80   76   74   72   72   75   79   87   96  109  124  141  160  180  200
  221  239  256  270  282  289  293  294  291  285  278  269  260  251  241  233
  224  215  206  195  187  173  167  160  143                                   
    60.0-180.0 180.0   5.0 450.0                            LAT/LON1/LON2/DLON/H
  143  120  107   98   91   83   76   72   68   63   59   56   54   52   52   53
   55   58   61   65   69   73   77   81   85   89   91   93   92   90   86   81
   75   70   65   61   59   60   64   71   81   93  108  126  145  166  187  208
  228  247  264  279  290  298  301  300  296  289  280  270  260  250  240  231
  221  211  203  193  186  174  167  161  143                                   
    57.5-180.0 180.0   5.0 450.0                            LAT/LON1/LON2/DLON/H
  145  120  106   94   87   77   71   67   65   61   58   56   54   53   53   53
   55   57   59   61   64   67   70   74   78   82   85   87   87   84   80   74
   67   61   55   51   50   52   58   67   80   96  114  133  154  175  197  218
  238  257  274  288  300  307  311  309  304  296  287  277  266  256  245  236
  225  215  207  197  191  180  171  163  145                                   
    55.0-180.0 180.0   5.0 450.0                            LAT/LON1/LON2/DLON/H
  152  125  108   93   84   72   66   62   59   56   54   54   53   53   53   54
   56   57   57   58   58   60   62   65   68   72   75   77   77   75   71   66
   60   54   48   45   45   49   57   70   86  104  124  145  167  188  209  230
  249  268  284  299  311  319  323  322  316  308  299  289  279  269  258  248
  237  226  218  208  202  190  181  170  152                                   
    52.5-180.0 180.0   5.0 450.0                            LAT/LON1/LON2/DLON/H
  165  138  119   99   88   73   64   59   55   52   51   51   52   53   54   56
   57   58   57   56   55   54   55   56   58   61   64   66   66   65   63   59
   55   51   47   45   47   53   63   79   97  118  140  161  183  204  225  244
  263  280  297  312  324  333  337  337  332  324  315  305  296  286  276  266
  254  243  234  225  219  206  196  183  165                                   
    50.0-180.0 180.0   5.0 450.0                            LAT/LON1/LON2/DLON/H
  184  157  137  115  100   82   71   61   55   51   49   49   51   53   56   58
   60   60   59   57   54   53   52   52   53   54   55   57   58   58   57   56
   54   52   50   51   54   62   75   93  114  136  158  180  201  222  242  260
  278  295  311  326  339  348  353  353  348  341  332  323  314  304  294  284
  272  261  252  242  236  223  214  200  184                                   
    47.5-180.0 180.0   5.0 450.0                            LAT/LON1/LON2/DLON/H
  204  179  159  137  120  100   85   71   61   54   50   50   52   54   58   61
   63   63   62   60   58   56   55   54   53   52   52   53   53   53   53   54
   54   55   57   60   66   76   92  111  133  156  178  200  221  241  260  278
  295  310  326  340  353  363  367  367  362  354  346  337  328  319  309  298
  286  275  265  255  249  237  229  217  204                                   
    45.0-180.0 180.0   5.0 450.0                            LAT/LON1/LON2/DLON/H
  219  196  179  160  144  125  107   89   74   63   57   55   56   58   61   64
   66   67   67   66   66   65   64   62   59   57   55   54   53   52   52   53
   55   59   63   69   78   92  109  131  153  176  198  219  239  259  278  296
  312  327  341  354  366  374  378  377  371  363  354  345  337  327  316  305
  292  281  270  260  254  242  237  228  219                                   
    42.5-180.0 180.0   5.0 450.0                            LAT/LON1/LON2/DLON/H
  224  203  191  178  165  148  131  111   93   77   68   65   64   65   67   69
   71   73   74   76   77   78   78   75   71   67   63   59   56   54   52   53
   56   61   68   77   89  105  125  148  171  194  215  236  256  276  296  314
  329  342  354  366  376  383  386  384  377  368  359  350  340  330  318  306
  292  280  268  256  250  237  235  228  224                                   
    40.0-180.0 180.0   5.0 450.0                            LAT/LON1/LON2/DLON/H
  217  197  189  182  175  163  149  131  112   94   83   77   75   75   75   76
   78   80   83   87   91   94   94   91   86   80   74   69   64   59   55   54
   57   62   71   82   97  115  138  162  186  209  229  249  270  291  311  329
  344  356  367  377  386  393  395  392  384  375  364  354  344  332  319  305
  291  277  264  250  241  225  223  217  217                                   
    37.5-180.0 180.0   5.0 450.0                            LAT/LON1/LON2/DLON/H
  202  179  174  170  169  162  154  141  125  109   98   91   88   86   86   85
   86   89   93   99  106  110  110  107  101   94   87   81   74   67   61   57
   58   63   72   85  102  123  147  173  198  220  241  260  281  302  322  340
  355  366  376  387  397  404  407  405  397  387  377  366  355  342  327  313
  297  282  268  250  238  215  211  202  202                                   
    35.0-180.0 180.0   5.0 450.0                            LAT/LON1/LON2/DLON/H
  187  157  151  146  149  147  144  138  128  116  108  103  100   98   97   96
   96   99  104  112  119  123  124  119  113  107  101   94   87   77   68   62
   61   65   73   87  105  128  154  182  208  230  250  269  289  309  329  347
  361  374  385  398  411  422  427  427  421  411  401  391  379  366  351  337
  321  306  290  269  253  221  211  195  187                                   
    32.5-180.0 180.0   5.0 450.0                            LAT/LON1/LON2/DLON/H
  184  146  132  122  124  122  123  123  120  115  111  110  109  108  106  105
  106  109  115  122  129  133  133  129  123  117  113  108  100   89   78   69
   65   68   76   89  108  132  161  190  217  239  258  276  295  315  335  353
  369  383  398  415  433  448  458  460  456  448  439  430  419  407  394  381
  366  352  338  313  294  255  236  210  184                                   
    30.0-180.0 180.0   5.0 450.0                            LAT/LON1/LON2/DLON/H
  204  155  130  109  104   98   99  103  106  107  108  111  112  113  112  113
  115  118  124  130  136  139  138  135  130  127  125  122  115  104   91   80
   75   75   82   94  113  138  167  198  225  248  267  285  303  323  344  364
  383  401  421  443  466  487  501  506  504  497  490  483  475  466  456  446
  434  422  410  384  363  317  289  254  204                                   
    27.5-180.0 180.0   5.0 450.0                            LAT/LON1/LON2/DLON/H
  253  194  155  120  102   86   84   87   92   97  102  108  112  114  115  117
  120  124  129  135  139  141  142  140  139  139  140  139  134  124  111   99
   91   89   93  104  121  145  174  206  234  257  277  295  315  336  359  383
  406  430  456  483  512  537  555  563  563  558  553  548  544  540  535  529
  522  514  503  476  456  404  365  326  253                                   
    25.0-180.0 180.0   5.0 450.0                            LAT/LON1/LON2/DLON/H
  335  269  213  161  126   98   85   84   88   93   99  105  110  113  115  118
  123  127  132  136  140  143  146  148  151  154  158  160  157  148  135  123
  114  110  111  117  130  153  182  213  242  267  288  309  331  355  382  410
  439  469  499  532  564  594  616  627  629  626  623  621  621  622  622  622
  620  618  610  585  564  507  457  420  335                                   
    22.5-180.0 180.0   5.0 450.0                            LAT/LON1/LON2/DLON/H
  446  375  303  235  181  139  112  102  100  101  105  110  113  114  116  120
  124  129  132  136  141  148  155  162  169  176  181  184  181  173  161  149
  138  131  128  129  139  159  187  218  249  276  301  324  350  378  409  442
  476  511  545  581  617  650  676  691  695  694  693  694  697  702  707  711
  715  719  715  695  672  616  560  528  446                                   
    20.0-180.0 180.0   5.0 450.0                            LAT/LON1/LON2/DLON/H
  571  502  417  339  264  210  167  145  134  128  127  126  125  124  123  125
  128  131  135  139  147  158  171  184  195  203  207  207  202  193  180  167
  155  145  138  136  143  161  188  220  253  283  311  340  370  402  437  475
  513  550  587  625  663  699  727  744  751  753  754  757  762  769  777  784
  791  799  800  787  762  713  664  637  571                                   
    17.5-180.0 180.0   5.0 450.0                            LAT/LON1/LON2/DLON/H
  682  623  536  459  368  303  247  213  191  177  167  159  152  145  140  138
  139  140  143  149  160  176  194  212  225  232  232  227  217  203  188  172
  159  148  140  136  142  158  186  219  253  287  319  353  387  424  463  503
  543  582  620  658  697  732  762  781  790  795  798  803  809  816  824  830
  837  846  852  844  819  778  746  725  682                                   
    15.0-180.0 180.0   5.0 450.0                            LAT/LON1/LON2/DLON/H
  752  709  634  568  474  405  341  299  268  245  226  210  195  181  171  164
  160  159  161  168  181  201  224  245  258  260  254  241  223  203  184  168
  155  145  137  133  138  155  182  215  251  287  324  361  400  440  482  524
  565  605  643  679  715  750  778  798  810  816  821  827  834  840  844  847
  851  858  865  859  836  803  786  775  752                                   
    12.5-180.0 180.0   5.0 450.0                            LAT/LON1/LON2/DLON/H
  775  746  690  639  556  492  430  387  352  324  298  275  253  233  216  204
  196  191  191  198  213  235  259  279  288  285  271  249  223  198  176  160
  149  140  133  131  136  152  178  211  248  285  324  365  407  450  493  536
  578  618  653  686  719  750  777  797  810  818  825  832  838  842  842  840
  839  840  844  838  818  792  785  785  775                                   
    10.0-180.0 180.0   5.0 450.0                            LAT/LON1/LON2/DLON/H
  761  741  702  664  597  544  492  455  424  396  370  344  319  295  274  257
  244  236  234  239  253  274  295  310  313  303  281  251  220  193  171  156
  146  138  133  130  135  150  175  207  243  281  321  364  408  452  495  538
  580  617  650  679  708  735  760  780  794  805  815  823  828  830  827  820
  814  808  807  799  782  761  757  765  761                                   
     7.5-180.0 180.0   5.0 450.0                            LAT/LON1/LON2/DLON/H
  730  715  684  651  600  558  516  489  467  446  424  402  378  355  334  316
  301  290  286  288  299  313  326  332  326  308  281  249  218  192  172  158
