data/edconvlstm_nd/pred0070.15i
     1.0            IONOSPHERE MAPS     GNSS                IONEX VERSION / TYPE
pyspatialgeodesy        IME             05-JAN-18 20:20     PGM / RUN BY / DATE 
Map Name                                                    COMMENT             
Predicted global ionosphere maps (GIM).                     DESCRIPTION         
  2015     1     7     0     0     0                        EPOCH OF FIRST MAP  
  2015     1     8     0     0     0                        EPOCH OF LAST MAP   
  7200                                                      INTERVAL            
    13                                                      # OF MAPS IN FILE   
  NONE                                                      MAPPING FUNCTION    
10.0                                                        ELEVATION CUTOFF    
One-way carrier phase leveled to code                       OBSERVABLES USED    
  6371.0                                                    BASE RADIUS         
 2                                                          MAP DIMENSION       
   450.0 450.0   0.0                                        HGT1 / HGT2 / DHGT  
    87.5 -87.5  -2.5                                        LAT1 / LAT2 / DLAT  
  -180.0 180.0   5.0                                        LON1 / LON2 / DLON  
    -1                                                      EXPONENT            
                                                            END OF HEADER       
[from data line 3432]
     9                                                      START OF TEC MAP    
  2015     1     7    16     0     0                        EPOCH OF CURRENT MAP
    87.5-180.0 180.0   5.0 450.0                            LAT/LON1/LON2/DLON/H
   75   81   82   85   89   89   89   84   85   88   87   88   89   90   91   92
   94   95   97   98  100  101  103  105  106  107  109  110  111  112  113  113
  114  114  115  115  115  115  115  115  115  115  114  114  113  113  112  112
  111  110  109  108  107  105  104  102  101   99   98   96   95   93   92   91
   90   89   85   80   84   82   96   94   75                                   
    85.0-180.0 180.0   5.0 450.0                            LAT/LON1/LON2/DLON/H
   79   81   95   77   78   82   82   82   83   85   85   86   87   88   90   91
   93   96   98  100  103  105  107  110  112  114  116  117  119  120  121  122
  122  123  123  124  124  124  124  124  124  124  124  123  123  122  121  120
  118  117  115  113  111  109  107  104  102  100   97   95   93   92   90   89
   88   86   81   75   77   78   85   85   79                                   
    82.5-180.0 180.0   5.0 450.0                            LAT/LON1/LON2/DLON/H
   61   65   73   65   67   70   73   72   73   74   74   76   76   77   79   80
   83   85   88   91   95   98  101  105  108  110  113  115  117  118  119  120
  121  122  122  123  123  123  123  123  123  123  123  122  121  121  119  118
  116  114  112  110  107  104  101   98   94   91   88   86   83   81   79   78
   77   76   71   67   70   79   75   75   61                                   
    80.0-180.0 180.0   5.0 450.0                            LAT/LON1/LON2/DLON/H
   50   51   61   56   56   54   58   59   60   61   61   63   63   64   65   67
   70   73   77   81   85   90   94   99  103  106  109  111  112  114  114  114
  115  115  114  114  115  115  115  115  115  115  115  115  115  114  114  113
  111  110  108  105  102   98   94   90   86   83   79   76   73   71   69   67
   67   66   64   62   60   66   64   71   50                                   
    77.5-180.0 180.0   5.0 450.0                            LAT/LON1/LON2/DLON/H
   57   54   56   53   53   52   56   57   58   58   58   59   59   60   61   64
   67   70   75   81   87   93   99  104  109  112  115  116  117  117  116  115
  114  113  112  111  110  110  109  109  109  109  109  110  110  110  110  110
  110  109  108  106  103   99   95   91   86   82   78   75   72   70   68   67
   67   66   65   65   63   63   63   69   57                                   
    75.0-180.0 180.0   5.0 450.0                            LAT/LON1/LON2/DLON/H
   55   56   57   55   54   53   55   55   56   56   55   55   55   55   56   58
   62   67   73   81   89   97  105  111  116  120  121  122  120  118  115  111
  108  105  102   99   97   96   95   94   93   93   94   95   96   97   98  100
  101  101  101  100   98   95   91   87   83   79   75   72   69   68   67   67
   67   69   70   69   68   65   63   60   55                                   
    72.5-180.0 180.0   5.0 450.0                            LAT/LON1/LON2/DLON/H
   63   64   63   65   61   61   63   63   62   61   59   57   56   55   56   58
   63   69   78   88   99  109  119  126  131  134  135  133  130  126  120  114
  109  103   98   94   91   88   85   83   81   80   80   80   82   83   86   89
   91   93   95   95   94   92   89   86   82   78   75   72   70   69   69   70
   71   73   75   74   73   72   72   70   63                                   
    70.0-180.0 180.0   5.0 450.0                            LAT/LON1/LON2/DLON/H
   68   70   72   72   70   69   69   70   69   67   64   62   59   57   57   60
   66   75   87  101  115  128  139  147  152  155  154  151  146  139  132  124
  116  108  101   95   89   84   79   75   72   69   68   68   69   71   74   78
   81   85   87   89   89   88   86   84   81   77   74   72   70   70   71   73
   75   77   81   81   81   80   82   78   68                                   
    67.5-180.0 180.0   5.0 450.0                            LAT/LON1/LON2/DLON/H
   72   75   77   79   79   80   80   81   79   77   74   71   68   65   66   70
   77   89  104  121  138  153  165  173  178  179  178  174  167  159  150  141
  131  122  113  104   96   89   82   75   70   65   62   60   60   62   64   68
   72   76   79   82   83   84   83   82   80   77   75   73   71   71   72   74
   76   78   82   81   81   82   83   77   72                                   
    65.0-180.0 180.0   5.0 450.0                            LAT/LON1/LON2/DLON/H
   68   73   74   79   79   81   81   83   81   80   77   75   72   70   72   78
   89  104  123  143  161  177  189  197  201  202  200  195  189  180  171  160
  150  139  128  117  107   96   87   78   70   63   58   54   52   52   54   56
   60   63   66   69   71   73   73   73   72   70   68   67   66   65   66   67
   69   72   76   76   77   80   80   77   68                                   
    62.5-180.0 180.0   5.0 450.0                            LAT/LON1/LON2/DLON/H
   62   65   67   73   74   77   77   79   79   79   77   76   74   75   79   88
  103  122  143  165  184  200  210  217  220  220  217  213  208  200  191  181
  170  158  145  132  120  107   95   83   73   64   57   51   47   45   44   45
   47   49   52   55   57   59   61   61   62   61   60   59   58   57   56   57
   58   60   64   64   65   68   68   68   62                                   
    60.0-180.0 180.0   5.0 450.0                            LAT/LON1/LON2/DLON/H
   51   54   57   63   63   65   66   68   69   71   72   73   75   79   86   99
  117  139  163  185  203  217  225  229  231  231  229  227  223  217  210  200
  189  177  163  148  134  119  105   92   79   68   59   51   45   41   38   37
   37   37   39   40   43   45   47   49   50   51   51   50   48   47   46   45
   45   47   49   50   52   54   55   57   51                                   
    57.5-180.0 180.0   5.0 450.0                            LAT/LON1/LON2/DLON/H
   42   45   48   54   54   54   55   57   59   62   66   71   76   84   95  111
  133  157  182  203  219  229  234  236  236  236  236  236  234  231  226  218
  207  195  180  165  150  134  119  104   91   79   68   58   50   44   39   35
   33   31   31   32   34   36   39   41   44   45   45   45   44   42   40   39
   38   38   40   40   42   43   44   49   42                                   
    55.0-180.0 180.0   5.0 450.0                            LAT/LON1/LON2/DLON/H
   37   41   44   49   48   47   46   47   50   55   63   71   80   91  106  125
  149  175  200  219  231  237  238  236  236  236  238  241  242  241  237  231
  221  209  195  180  164  149  134  119  105   93   81   70   61   52   45   40
   35   32   30   30   31   33   36   39   42   44   45   45   44   42   40   38
   36   35   37   37   39   38   39   44   37                                   
    52.5-180.0 180.0   5.0 450.0                            LAT/LON1/LON2/DLON/H
   38   42   44   49   47   44   42   42   45   52   62   74   86  101  118  140
  166  192  215  231  240  241  238  234  232  234  238  243  246  246  244  238
  229  218  205  191  177  163  149  135  122  110   97   86   75   65   56   49
   44   40   37   36   36   38   41   44   47   49   50   50   50   48   46   44
   42   41   43   43   43   41   40   44   38                                   
    50.0-180.0 180.0   5.0 450.0                            LAT/LON1/LON2/DLON/H
   45   49   51   55   52   48   44   43   46   54   67   81   96  113  132  155
  181  207  229  242  247  244  237  232  231  233  239  244  248  248  245  239
  231  221  211  199  187  175  164  152  140  127  115  102   91   80   70   63
   57   52   49   47   47   49   52   55   58   60   61   61   60   59   58   56
   54   54   55   56   55   52   49   51   45                                   
    47.5-180.0 180.0   5.0 450.0                            LAT/LON1/LON2/DLON/H
   57   60   61   64   62   57   52   50   53   62   76   93  109  127  147  170
  196  222  242  253  254  249  240  234  233  237  243  248  249  247  243  236
  228  220  212  203  195  186  177  167  156  144  131  118  105   93   84   76
   71   67   64   62   62   63   65   68   71   72   73   73   72   71   71   70
   69   69   71   72   72   67   64   62   57                                   
    45.0-180.0 180.0   5.0 450.0                            LAT/LON1/LON2/DLON/H
   69   71   72   76   74   69   63   61   64   74   89  107  125  143  162  185
  211  235  254  264  264  257  249  243  243  247  251  253  251  245  237  229
  221  215  209  204  199  194  187  178  168  156  143  129  115  103   93   86
   82   78   76   75   74   75   78   80   83   84   84   83   83   82   82   82
   81   83   85   87   88   83   79   75   69                                   
    42.5-180.0 180.0   5.0 450.0                            LAT/LON1/LON2/DLON/H
   79   79   79   85   85   81   76   73   77   89  105  123  141  159  178  200
  225  249  268  277  277  271  263  258  258  261  263  260  252  241  230  220
  213  209  206  204  202  199  194  186  176  164  150  135  121  108   98   91
   87   85   83   82   81   82   85   88   91   92   92   91   90   90   89   89
   89   90   93   96   98   94   90   86   79                                   
    40.0-180.0 180.0   5.0 450.0                            LAT/LON1/LON2/DLON/H
   82   81   81   89   92   89   85   84   90  102  119  139  157  174  193  216
  240  264  283  293  294  288  282  278  277  277  275  267  254  239  226  216
  210  207  207  207  206  204  199  192  181  168  154  138  123  110  100   93
   89   86   84   82   82   82   85   89   93   95   95   94   93   92   91   91
   90   90   93   96   99   96   93   91   82                                   
    37.5-180.0 180.0   5.0 450.0                            LAT/LON1/LON2/DLON/H
   79   76   76   88   92   92   90   92   99  113  131  152  171  189  209  231
  256  280  298  309  312  308  302  297  295  292  286  275  259  243  229  221
  217  216  216  217  216  213  207  198  186  173  158  142  127  114  104   96
   90   87   83   80   78   78   80   85   90   93   95   94   92   91   90   88
   86   85   86   88   91   88   86   88   79                                   
    35.0-180.0 180.0   5.0 450.0                            LAT/LON1/LON2/DLON/H
   71   67   68   81   87   87   90   94  104  120  140  162  183  204  225  247
  272  295  314  326  330  327  321  315  310  305  296  284  269  256  246  241
  239  239  239  238  234  228  220  209  196  181  166  152  138  125  115  106
   99   93   87   81   77   75   76   80   86   91   93   93   91   89   87   84
   80   77   77   77   78   75   74   80   71                                   
    32.5-180.0 180.0   5.0 450.0                            LAT/LON1/LON2/DLON/H
   63   58   58   72   78   79   85   92  105  123  145  170  194  217  240  263
  287  310  328  340  345  342  336  328  321  314  307  298  289  282  279  279
  280  280  278  273  265  254  241  227  212  197  183  170  159  148  138  129
  120  111  101   92   84   78   77   81   86   92   95   95   94   91   88   84
   79   74   72   69   68   64   63   71   63                                   
    30.0-180.0 180.0   5.0 450.0                            LAT/LON1/LON2/DLON/H
   59   52   52   64   69   71   78   88  104  125  150  177  204  230  255  279
  301  322  339  351  356  354  346  337  329  324  321  320  320  323  328  334
  338  338  333  322  307  291  273  255  238  223  210  200  191  184  177  168
  157  145  131  117  104   94   89   90   94   99  102  103  101   99   96   92
   85   78   74   69   66   59   58   64   59                                   
    27.5-180.0 180.0   5.0 450.0                            LAT/LON1/LON2/DLON/H
   61   53   50   59   63   64   74   86  104  127  155  184  214  242  269  292
  313  331  347  358  363  361  353  344  338  337  341  350  362  376  392  404
  411  410  400  383  361  337  313  291  272  257  245  238  235  232  228  221
  210  195  178  159  141  125  115  111  112  114  116  117  116  114  111  107
   99   92   86   79   74   65   60   62   61                                   
    25.0-180.0 180.0   5.0 450.0                            LAT/LON1/LON2/DLON/H
   70   59   54   58   61   62   73   86  107  132  162  194  226  256  282  305
  323  338  351  361  366  365  358  351  349  355  369  389  413  440  465  484
  493  490  476  451  421  389  360  334  313  297  286  282  284  287  287  283
  272  256  236  214  191  170  154  144  139  138  138  138  136  134  132  128
  121  114  105   98   90   78   69   65   70                                   
    22.5-180.0 180.0   5.0 450.0                            LAT/LON1/LON2/DLON/H
   85   70   61   61   63   64   76   90  113  142  174  208  240  271  297  318
  333  345  355  363  368  368  364  361  366  380  403  434  470  507  540  563
  573  568  548  517  479  442  408  379  356  339  329  327  332  340  345  344
  334  318  297  273  248  223  201  184  174  168  164  161  159  156  154  151
  144  138  127  122  112   97   83   74   85                                   
    20.0-180.0 180.0   5.0 450.0                            LAT/LON1/LON2/DLON/H
  104   84   71   67   68   69   83   98  124  155  190  225  258  289  314  334
  347  356  363  368  372  373  373  377  389  412  444  483  527  570  606  631
  640  631  606  570  528  487  451  421  396  378  367  366  374  385  393  394
  386  371  351  328  302  274  248  227  211  199  191  185  180  176  174  170
  164  159  148  144  132  117   99   86  104                                   
    17.5-180.0 180.0   5.0 450.0                            LAT/LON1/LON2/DLON/H
  121   98   81   75   75   77   92  109  137  172  209  246  280  310  336  355
  367  373  377  381  383  385  389  399  419  449  487  531  578  620  655  676
  681  669  641  603  562  521  486  456  431  411  399  397  403  414  423  424
  417  404  386  366  342  315  288  263  243  227  214  205  198  192  188  183
  177  173  162  160  148  132  114   99  121                                   
    15.0-180.0 180.0   5.0 450.0                            LAT/LON1/LON2/DLON/H
  132  111   91   83   84   85  102  120  152  189  230  269  304  335  362  382
  395  401  403  404  404  405  412  427  453  488  529  573  615  651  678  693
  694  679  652  617  579  543  511  484  459  438  422  416  418  426  432  431
  424  412  398  381  361  337  312  287  265  247  232  220  210  202  196  188
  181  177  166  164  153  140  122  110  132                                   
    12.5-180.0 180.0   5.0 450.0                            LAT/LON1/LON2/DLON/H
  134  118   98   91   93   94  112  132  166  207  250  291  328  361  391  414
  431  439  441  439  436  436  443  461  490  527  566  604  636  661  678  686
  683  669  647  617  585  555  527  503  479  456  437  424  420  420  421  417
  408  397  385  373  357  339  317  295  275  257  241  228  217  208  199  187
  177  170  159  156  148  137  123  113  134                                   
    10.0-180.0 180.0   5.0 450.0                            LAT/LON1/LON2/DLON/H
  128  118  101   97  100  103  123  144  180  223  268  312  351  387  420  449
  471  484  488  484  478  475  481  499  528  562  594  621  640  653  660  663
  659  649  632  610  584  558  535  514  491  467  444  424  411  403  396  387
  377  366  357  348  337  324  309  292  275  259  245  232  221  210  198  184
  169  159  146  141  134  127  115  109  128                                   
     7.5-180.0 180.0   5.0 450.0                            LAT/LON1/LON2/DLON/H
  116  112   98   99  105  111  133  157  194  239  285  330  371  410  447  482
  511  530  537  534  525  519  522  538  563  591  613  626  632  635  636  636
