data/edconvlstm_nd/pred0770.15i
     1.0            IONOSPHERE MAPS     GNSS                IONEX VERSION / TYPE
pyspatialgeodesy        IME             05-JAN-18 20:20     PGM / RUN BY / DATE 
Map Name                                                    COMMENT             
Predicted global ionosphere maps (GIM).                     DESCRIPTION         
  2015     3    18     0     0     0                        EPOCH OF FIRST MAP  
  2015     3    19     0     0     0                        EPOCH OF LAST MAP   
  7200                                                      INTERVAL            
    13                                                      # OF MAPS IN FILE   
  NONE                                                      MAPPING FUNCTION    
10.0                                                        ELEVATION CUTOFF    
One-way carrier phase leveled to code                       OBSERVABLES USED    
  6371.0                                                    BASE RADIUS         
 2                                                          MAP DIMENSION       
   450.0 450.0   0.0                                        HGT1 / HGT2 / DHGT  
    87.5 -87.5  -2.5                                        LAT1 / LAT2 / DLAT  
  -180.0 180.0   5.0                                        LON1 / LON2 / DLON  
    -1                                                      EXPONENT            
                                                            END OF HEADER       
[from data line 3861]
    10                                                      START OF TEC MAP    
  2015     3    18    18     0     0                        EPOCH OF CURRENT MAP
    87.5-180.0 180.0   5.0 450.0                            LAT/LON1/LON2/DLON/H
  146  150  143  148  151  153  152  150  151  153  152  153  153  154  154  154
  154  154  153  153  152  151  150  149  148  146  145  143  141  140  138  137
  135  133  132  131  129  128  127  126  126  125  125  125  125  125  126  126
  127  128  129  130  131  132  133  134  135  136  137  137  138  139  139  140
  140  141  140  139  148  143  151  153  146                                   
    85.0-180.0 180.0   5.0 450.0                            LAT/LON1/LON2/DLON/H
  147  153  162  154  155  162  161  163  163  165  165  166  166  167  167  168
  168  168  167  167  166  165  164  163  161  159  158  156  154  152  149  147
  145  143  141  139  137  136  134  133  133  132  132  132  132  133  133  134
  135  136  137  138  140  141  143  144  145  146  147  148  149  150  150  151
  152  152  150  147  150  141  143  143  147                                   
    82.5-180.0 180.0   5.0 450.0                            LAT/LON1/LON2/DLON/H
  125  141  145  141  147  156  158  160  160  162  162  164  165  166  167  167
  168  168  168  167  167  166  165  164  163  161  159  158  155  153  150  147
  144  141  138  136  133  131  129  127  126  125  124  123  123  122  122  122
  122  123  124  126  128  129  131  133  135  136  137  138  138  139  139  139
  139  139  137  139  139  144  135  126  125                                   
    80.0-180.0 180.0   5.0 450.0                            LAT/LON1/LON2/DLON/H
  104  116  125  123  128  134  138  143  146  149  150  153  155  157  158  160
  161  162  162  162  162  162  162  161  160  159  158  156  154  152  149  145
  141  137  133  129  126  123  120  118  117  116  114  113  112  111  110  110
  110  110  111  113  115  118  120  123  124  126  126  126  125  124  123  122
  121  120  118  117  114  113  106  109  104                                   
    77.5-180.0 180.0   5.0 450.0                            LAT/LON1/LON2/DLON/H
   93   98  106  104  111  118  122  127  131  135  138  143  146  150  152  155
  157  159  161  162  163  164  164  164  164  164  164  163  162  160  158  155
  150  146  141  137  132  129  126  124  122  120  119  116  114  111  108  106
  104  103  103  104  106  109  112  115  117  117  117  115  112  109  106  102
  100   97   96   96   98   94   89  101   93                                   
    75.0-180.0 180.0   5.0 450.0                            LAT/LON1/LON2/DLON/H
   82   86   89   89   94  101  105  110  116  122  127  132  137  142  146  150
  153  157  159  162  164  165  167  167  168  168  169  169  169  168  166  163
  159  154  149  144  139  136  134  133  132  131  130  128  124  120  115  110
  105  102  101  101  103  106  109  112  113  114  112  109  105  100   95   90
   85   82   81   79   81   78   76   81   82                                   
    72.5-180.0 180.0   5.0 450.0                            LAT/LON1/LON2/DLON/H
   77   81   83   85   86   92   96  101  107  114  120  127  134  140  146  151
  156  161  166  169  172  174  175  175  174  173  173  172  172  172  170  168
  164  159  154  148  144  141  140  141  142  144  144  142  138  132  125  117
  110  105  102  101  102  105  108  111  113  114  112  108  102   95   89   83
   77   74   73   72   75   74   75   83   77                                   
    70.0-180.0 180.0   5.0 450.0                            LAT/LON1/LON2/DLON/H
   81   84   84   84   82   86   89   94  101  109  116  125  132  140  147  154
  161  167  174  179  182  184  184  181  178  174  171  169  168  168  167  166
  162  157  151  145  141  139  140  143  148  152  155  155  151  144  136  126
  116  109  104  101  102  105  108  112  114  115  113  109  103   96   89   83
   77   74   74   74   78   78   83   88   81                                   
    67.5-180.0 180.0   5.0 450.0                            LAT/LON1/LON2/DLON/H
   89   91   91   90   87   89   90   95  102  110  119  129  137  146  155  164
  173  181  190  196  200  201  198  192  183  174  166  160  157  156  156  156
  153  148  142  135  130  128  130  135  143  151  157  159  157  151  142  131
  121  112  106  103  103  106  110  114  117  119  117  114  109  102   96   91
   86   83   83   82   87   88   92   96   89                                   
    65.0-180.0 180.0   5.0 450.0                            LAT/LON1/LON2/DLON/H
   96   98   95   94   88   89   89   94  101  110  119  129  139  149  158  169
  180  191  201  210  215  215  209  199  185  169  155  146  140  140  141  142
  141  136  129  121  115  112  113  120  130  140  149  154  154  149  141  130
  119  109  103   99   99  101  105  110  113  115  115  112  108  104   99   95
   91   90   90   90   95   97  101  103   96                                   
    62.5-180.0 180.0   5.0 450.0                            LAT/LON1/LON2/DLON/H
   99   99   96   95   89   89   89   93  100  109  118  129  139  149  160  172
  185  199  211  222  228  228  220  206  186  165  145  132  125  124  127  130
  131  127  119  109  100   94   94  100  110  121  131  138  140  137  130  121
  112  104   97   94   94   95   99  103  106  108  109  108  105  102   99   97
   94   93   93   93   98   98  100  101   99                                   
    60.0-180.0 180.0   5.0 450.0                            LAT/LON1/LON2/DLON/H
   97   96   92   91   87   87   87   91   97  106  115  125  135  145  157  171
  185  200  215  227  234  235  228  212  190  165  143  126  119  119  124  130
  132  129  121  108   96   87   83   86   93  103  113  120  123  122  118  112
  105   98   94   90   89   90   92   95   98  100  100  100   98   97   95   94
   92   91   91   89   93   92   91   93   97                                   
    57.5-180.0 180.0   5.0 450.0                            LAT/LON1/LON2/DLON/H
   90   88   85   86   84   85   85   88   94  101  109  118  127  138  151  165
  181  197  213  226  235  239  234  221  200  176  153  137  130  132  139  147
  152  149  140  125  109   96   88   85   87   93   99  104  107  108  106  103
  100   96   93   90   89   88   88   90   91   92   92   92   91   90   89   89
   87   86   83   80   82   80   76   79   90                                   
    55.0-180.0 180.0   5.0 450.0                            LAT/LON1/LON2/DLON/H
   83   81   80   82   83   86   86   89   92   97  103  110  119  130  143  158
  174  190  206  220  232  239  240  233  218  199  181  167  163  166  176  185
  191  188  178  162  143  126  112  103   98   97   97   98   99  100  100  100
  100   99   97   94   92   90   88   87   87   87   87   86   85   84   84   83
   81   79   75   70   70   66   60   65   83                                   
    52.5-180.0 180.0   5.0 450.0                            LAT/LON1/LON2/DLON/H
   77   78   79   83   87   92   93   94   95   97   99  104  112  123  137  152
  167  182  197  211  225  237  246  249  245  236  225  217  216  221  231  240
  245  243  233  216  196  175  156  140  127  117  110  105  102  102  102  104
  105  105  104  102   98   95   91   89   88   87   86   84   82   81   80   79
   76   73   67   61   61   56   48   55   77                                   
    50.0-180.0 180.0   5.0 450.0                            LAT/LON1/LON2/DLON/H
   77   81   85   91   98  106  107  106  105  103  102  104  110  121  134  149
  163  175  188  202  218  236  254  269  278  282  283  282  285  291  299  306
  309  307  297  282  263  241  217  194  172  153  137  125  117  113  112  113
  114  115  114  111  107  102   98   95   93   91   89   87   84   81   79   77
   74   71   65   58   58   53   46   53   77                                   
    47.5-180.0 180.0   5.0 450.0                            LAT/LON1/LON2/DLON/H
   83   90   96  105  115  126  127  126  122  117  112  112  116  125  137  150
  161  171  181  194  213  237  265  293  316  334  346  353  359  364  369  373
  374  371  364  352  335  313  287  258  228  199  174  155  141  132  127  125
  125  124  122  119  114  109  105  102  100   99   97   93   89   84   81   79
   76   73   67   61   63   59   52   60   83                                   
    45.0-180.0 180.0   5.0 450.0                            LAT/LON1/LON2/DLON/H
   93  104  110  122  136  149  152  151  146  139  132  129  131  137  147  156
  164  170  178  190  212  243  280  319  355  384  405  419  427  432  434  435
  434  431  426  417  403  382  354  320  284  248  216  190  169  154  144  138
  134  131  127  123  118  114  110  108  107  107  105  101   96   90   86   84
   80   78   73   70   73   71   66   74   93                                   
    42.5-180.0 180.0   5.0 450.0                            LAT/LON1/LON2/DLON/H
  104  117  123  140  156  173  178  179  174  168  161  156  155  158  163  168
  172  176  181  194  219  255  299  347  392  428  454  471  482  487  490  490
  488  485  481  473  461  440  411  374  334  293  256  224  198  177  161  150
  141  134  129  124  120  116  113  112  112  112  112  109  104   97   92   89
   86   86   82   80   86   86   82   91  104                                   
    40.0-180.0 180.0   5.0 450.0                            LAT/LON1/LON2/DLON/H
  112  126  134  154  173  193  201  206  204  201  196  192  189  188  187  187
  187  189  194  209  236  276  325  376  424  462  490  509  522  531  536  539
  538  535  529  521  508  486  455  416  373  331  291  256  225  199  178  161
  147  137  130  125  121  118  115  114  114  115  116  115  110  103   98   95
   92   92   90   90   97   98   95  105  112                                   
    37.5-180.0 180.0   5.0 450.0                            LAT/LON1/LON2/DLON/H
  114  129  139  162  185  207  220  229  233  235  234  233  230  225  219  214
  211  211  219  236  266  307  356  407  452  488  514  535  551  566  577  584
  585  582  576  565  548  523  488  447  403  360  320  283  250  221  195  174
  157  144  135  130  126  122  119  116  115  117  118  118  115  109  103   99
   96   96   95   95  103  104  101  111  114                                   
    35.0-180.0 180.0   5.0 450.0                            LAT/LON1/LON2/DLON/H
  112  127  141  166  193  217  235  247  257  266  272  275  274  268  258  249
  244  246  257  277  308  349  395  440  479  510  533  554  575  596  615  628
  635  634  626  611  589  557  516  471  426  384  345  310  276  246  218  195
  175  160  150  143  138  133  127  122  119  119  121  122  119  114  109  104
  100   98   97   96  102  102   98  109  112                                   
    32.5-180.0 180.0   5.0 450.0                            LAT/LON1/LON2/DLON/H
  108  123  143  169  200  226  248  264  278  293  306  316  319  315  305  295
  290  293  306  329  361  399  440  478  510  533  552  572  598  627  656  679
  693  696  687  666  634  592  543  492  445  405  370  337  306  276  249  226
  206  189  176  167  160  152  143  134  128  126  127  128  126  121  116  110
  104  101   97   94   97   95   89  102  108                                   
    30.0-180.0 180.0   5.0 450.0                            LAT/LON1/LON2/DLON/H
  107  123  147  175  210  237  262  280  298  317  336  353  363  363  356  348
  345  350  365  388  418  454  490  522  545  561  575  595  625  663  703  738
  762  769  758  729  684  628  568  511  463  426  395  368  340  314  290  269
  249  231  215  202  191  180  167  154  144  138  138  138  137  132  126  119
  111  105   99   92   92   88   81   94  107                                   
    27.5-180.0 180.0   5.0 450.0                            LAT/LON1/LON2/DLON/H
  111  129  156  187  225  254  281  300  319  340  364  386  403  410  410  406
  405  412  426  448  477  509  541  568  586  596  606  625  658  705  758  805
  837  845  828  788  729  660  589  526  478  446  422  401  381  360  341  323
  304  284  264  246  231  216  200  182  167  158  154  153  151  146  140  131
  122  114  104   95   93   86   78   91  111                                   
    25.0-180.0 180.0   5.0 450.0                            LAT/LON1/LON2/DLON/H
  121  142  171  205  246  276  304  322  342  363  389  416  439  454  461  464
  467  474  488  507  532  561  590  614  629  637  645  662  698  751  813  867
  900  905  880  827  756  675  597  532  487  461  447  436  423  409  395  380
  362  340  315  292  272  255  237  216  197  182  174  170  167  161  154  145
  134  126  113  103   99   91   82   94  121                                   
    22.5-180.0 180.0   5.0 450.0                            LAT/LON1/LON2/DLON/H
  138  161  189  227  269  301  330  347  366  386  412  441  470  494  509  519
  526  534  545  561  582  608  634  657  673  682  689  706  740  793  854  906
  934  931  895  834  755  670  589  526  487  470  466  466  462  454  444  431
  412  386  356  328  306  289  271  251  229  209  196  188  182  174  166  157
  147  139  125  115  109  101   93  102  138                                   
    20.0-180.0 180.0   5.0 450.0                            LAT/LON1/LON2/DLON/H
  156  182  208  248  292  324  354  372  389  408  432  464  497  528  552  569
  580  589  599  612  628  649  672  695  713  725  734  749  777  819  868  909
  926  912  869  804  726  643  566  508  477  470  478  487  491  487  479  465
  443  411  377  346  324  309  296  278  255  233  216  204  194  184  175  166
  157  150  137  127  121  113  108  115  156                                   
    17.5-180.0 180.0   5.0 450.0                            LAT/LON1/LON2/DLON/H
  172  199  223  264  309  343  374  393  410  427  450  482  519  557  588  612
  628  640  649  658  669  686  706  728  748  763  773  782  797  821  850  872
  874  852  808  748  679  605  536  486  463  466  484  501  509  506  496  477
  450  415  377  345  325  315  308  295  274  251  230  214  201  190  180  171
  163  158  145  137  130  124  122  127  172                                   
    15.0-180.0 180.0   5.0 450.0                            LAT/LON1/LON2/DLON/H
  181  207  231  271  316  351  386  407  426  442  464  496  535  578  616  646
  668  683  692  699  707  718  736  756  777  792  800  801  798  799  803  804
  794  770  732  684  628  567  509  469  454  464  489  511  519  513  497  472
  440  401  362  332  316  313  312  305  286  262  238  219  204  191  181  172
  164  160  149  140  134  129  129  134  181                                   
    12.5-180.0 180.0   5.0 450.0                            LAT/LON1/LON2/DLON/H
  180  207  229  268  311  349  387  413  434  452  474  505  546  592  636  671
  698  717  728  735  740  748  761  780  798  812  815  805  784  763  746  731
  715  693  664  629  588  541  495  463  454  469  497  520  526  513  489  456
  419  379  343  317  306  309  314  311  294  268  241  219  202  189  179  169
  161  158  147  138  132  129  130  134  180                                   
    10.0-180.0 180.0   5.0 450.0                            LAT/LON1/LON2/DLON/H
  173  199  219  256  298  337  379  410  437  458  481  512  554  601  648  688
  719  741  756  764  769  774  784  799  814  823  819  798  764  728  698  676
  658  641  621  598  569  534  499  473  468  484  511  531  532  512  478  439
  399  360  328  308  304  311  320  318  300  271  241  216  199  185  175  165
  156  152  141  131  126  123  124  130  173                                   
     7.5-180.0 180.0   5.0 450.0                            LAT/LON1/LON2/DLON/H
  162  189  209  244  283  322  367  403  435  462  487  519  560  607  655  697
  731  757  776  787  793  798  805  815  825  828  816  787  746  704  671  650
