data/edconvlstm_nd/pred3550.15i
     1.0            IONOSPHERE MAPS     GNSS                IONEX VERSION / TYPE
pyspatialgeodesy        IME             05-JAN-18 20:20     PGM / RUN BY / DATE 
Map Name                                                    COMMENT             
Predicted global ionosphere maps (GIM).                     DESCRIPTION         
  2015    12    21     0     0     0                        EPOCH OF FIRST MAP  
  2015    12    22     0     0     0                        EPOCH OF LAST MAP   
  7200                                                      INTERVAL            
    13                                                      # OF MAPS IN FILE   
  NONE                                                      MAPPING FUNCTION    
10.0                                                        ELEVATION CUTOFF    
One-way carrier phase leveled to code                       OBSERVABLES USED    
  6371.0                                                    BASE RADIUS         
 2                                                          MAP DIMENSION       
   450.0 450.0   0.0                                        HGT1 / HGT2 / DHGT  
    87.5 -87.5  -2.5                                        LAT1 / LAT2 / DLAT  
  -180.0 180.0   5.0                                        LON1 / LON2 / DLON  
    -1                                                      EXPONENT            
                                                            END OF HEADER       
[from data line 3003]
     8                                                      START OF TEC MAP    
  2015    12    21    14     0     0                        EPOCH OF CURRENT MAP
    87.5-180.0 180.0   5.0 450.0                            LAT/LON1/LON2/DLON/H
   60   74   75   78   82   82   83   79   80   84   84   85   86   87   88   88
   89   90   90   91   91   91   92   92   92   92   92   92   91   91   91   91
   90   90   89   88   88   87   86   85   84   83   82   81   81   80   79   78
   78   77   76   76   75   75   75   74   74   74   73   73   73   72   72   72
   73   73   71   67   70   70   86   88   60                                   
    85.0-180.0 180.0   5.0 450.0                            LAT/LON1/LON2/DLON/H
   65   79   92   76   77   81   80   82   82   84   84   85   85   86   86   87
   88   88   89   90   91   92   93   94   94   95   95   95   95   95   95   95
   95   94   94   93   92   91   90   89   88   87   86   85   84   83   82   81
   80   80   79   79   78   78   77   77   77   76   76   76   76   76   76   76
   77   77   72   68   70   72   82   81   65                                   
    82.5-180.0 180.0   5.0 450.0                            LAT/LON1/LON2/DLON/H
   58   70   81   69   70   72   73   74   74   75   74   75   74   74   75   75
   76   77   78   79   80   81   82   84   85   86   86   87   88   88   89   89
   89   89   89   89   88   88   87   86   84   83   82   80   79   78   77   76
   76   75   75   74   74   74   73   73   72   72   71   71   71   70   70   70
   71   70   67   63   67   75   74   72   58                                   
    80.0-180.0 180.0   5.0 450.0                            LAT/LON1/LON2/DLON/H
   53   60   75   64   64   63   65   65   65   65   64   64   63   62   62   62
   63   64   65   67   69   71   72   74   76   77   78   79   80   81   82   83
   84   85   85   85   85   84   83   82   80   79   77   76   74   74   73   73
   73   73   73   74   74   74   74   74   73   72   71   71   70   69   68   68
   68   68   66   63   62   69   69   72   53                                   
    77.5-180.0 180.0   5.0 450.0                            LAT/LON1/LON2/DLON/H
   62   64   69   60   60   60   61   61   60   59   56   56   54   53   53   53
   53   55   56   59   62   64   67   69   71   73   74   75   76   78   79   81
   82   84   85   86   86   85   84   82   80   78   76   74   73   73   74   75
   76   78   80   81   83   84   84   84   84   83   82   80   79   77   76   74
   73   72   70   68   65   64   66   70   62                                   
    75.0-180.0 180.0   5.0 450.0                            LAT/LON1/LON2/DLON/H
   57   62   65   59   58   59   59   57   56   55   52   50   48   46   45   45
   45   47   50   53   57   61   64   67   70   71   72   72   73   74   75   77
   79   82   83   85   85   84   82   80   77   74   72   71   70   71   72   74
   77   80   84   87   89   91   92   93   93   92   90   89   87   84   82   80
   79   78   76   72   71   66   65   61   57                                   
    72.5-180.0 180.0   5.0 450.0                            LAT/LON1/LON2/DLON/H
   63   65   65   61   57   59   58   56   54   52   48   46   43   41   39   38
   39   41   44   49   54   60   65   68   71   72   72   71   71   71   72   73
   76   78   81   82   83   82   80   77   73   70   67   65   65   66   68   72
   76   81   85   89   92   95   97   98   98   97   95   94   91   88   86   83
   81   79   79   74   73   69   69   68   63                                   
    70.0-180.0 180.0   5.0 450.0                            LAT/LON1/LON2/DLON/H
   67   67   69   64   60   59   58   57   55   54   50   48   44   41   39   38
   38   40   45   51   58   66   72   77   79   79   78   76   74   73   73   74
   76   79   82   83   84   83   80   76   72   68   64   62   62   63   66   70
   75   79   84   88   91   94   96   97   98   98   97   95   93   90   88   85
   82   81   81   78   76   73   75   74   67                                   
    67.5-180.0 180.0   5.0 450.0                            LAT/LON1/LON2/DLON/H
   72   70   71   67   63   63   62   62   61   60   57   55   51   47   43   42
   42   45   50   58   67   76   84   89   91   91   88   85   81   78   77   77
   79   82   84   86   87   85   82   78   73   68   65   62   62   63   65   68
   72   76   80   83   86   88   90   92   93   94   93   92   90   88   85   83
   81   79   79   76   75   73   75   73   72                                   
    65.0-180.0 180.0   5.0 450.0                            LAT/LON1/LON2/DLON/H
   75   73   73   71   66   66   66   67   67   67   65   64   59   55   50   48
   47   50   56   65   76   86   95  101  103  102   99   95   90   86   84   83
   84   87   89   91   91   90   86   82   77   72   68   65   63   63   64   65
   67   69   71   73   75   77   79   80   82   83   84   84   82   80   79   77
   75   75   76   75   76   75   76   75   75                                   
    62.5-180.0 180.0   5.0 450.0                            LAT/LON1/LON2/DLON/H
   77   74   74   72   68   68   67   69   70   71   71   70   67   63   58   54
   54   57   63   73   84   95  104  110  113  112  109  104   99   95   92   91
   92   94   96   97   97   96   93   88   83   78   74   70   67   64   63   62
   61   60   60   60   60   62   63   66   68   69   71   71   70   69   67   66
   65   65   68   68   71   71   73   72   77                                   
    60.0-180.0 180.0   5.0 450.0                            LAT/LON1/LON2/DLON/H
   76   73   73   71   67   67   66   67   69   71   72   73   71   67   62   59
   58   61   67   76   87   98  107  113  116  117  114  111  107  103  100  100
  100  102  103  104  104  103  100   97   92   87   82   77   72   67   63   58
   55   51   49   47   47   48   49   52   54   56   57   58   57   56   55   54
   53   54   58   60   64   65   67   66   76                                   
    57.5-180.0 180.0   5.0 450.0                            LAT/LON1/LON2/DLON/H
   73   71   71   70   67   66   64   64   66   69   71   73   72   70   66   63
   62   65   71   79   89   99  107  113  117  119  119  117  115  113  112  111
  112  114  115  115  115  115  113  110  107  103   97   91   84   76   68   60
   54   48   44   42   41   41   43   45   47   49   50   50   50   48   47   46
   46   47   51   54   59   60   62   62   73                                   
    55.0-180.0 180.0   5.0 450.0                            LAT/LON1/LON2/DLON/H
   70   69   70   70   67   65   62   61   62   64   67   69   70   69   67   65
   65   68   73   80   89   97  105  111  115  119  121  121  122  122  122  123
  125  126  127  128  128  128  127  126  124  121  115  107   98   87   76   66
   57   51   46   44   42   43   44   45   47   49   49   49   48   46   44   43
   43   45   49   51   57   58   59   59   70                                   
    52.5-180.0 180.0   5.0 450.0                            LAT/LON1/LON2/DLON/H
   67   68   70   71   69   67   62   60   58   60   61   65   66   66   66   65
   66   70   75   82   89   96  102  108  114  118  122  125  128  130  132  134
  136  138  139  140  141  142  143  143  142  139  134  125  113  100   87   75
   66   59   55   53   52   52   53   54   55   55   55   54   52   50   48   47
   46   48   52   54   59   60   60   59   67                                   
    50.0-180.0 180.0   5.0 450.0                            LAT/LON1/LON2/DLON/H
   65   69   72   74   72   71   65   61   58   57   58   61   62   64   64   65
   67   71   77   84   91   97  103  109  114  120  125  130  133  136  139  142
  145  147  149  151  153  155  157  159  159  157  151  141  128  113   99   87
   78   72   68   67   66   65   65   66   66   66   65   64   61   58   56   55
   55   56   60   62   65   65   64   63   65                                   
    47.5-180.0 180.0   5.0 450.0                            LAT/LON1/LON2/DLON/H
   65   71   74   78   78   77   71   66   61   59   58   60   61   63   64   66
   69   74   81   88   95  102  108  114  120  126  132  136  139  141  144  147
  150  154  157  159  162  166  169  172  173  171  164  154  140  125  111   99
   90   85   82   81   80   78   77   76   76   76   75   73   71   69   67   66
   66   67   70   72   74   73   71   69   65                                   
    45.0-180.0 180.0   5.0 450.0                            LAT/LON1/LON2/DLON/H
   65   72   76   82   83   84   79   74   69   66   64   64   65   66   67   69
   73   79   87   96  104  112  120  126  133  139  143  145  146  146  147  149
  152  157  161  165  170  175  179  183  184  181  175  164  150  135  121  110
  102   97   94   91   88   85   83   81   80   80   80   79   78   77   76   76
   76   78   80   81   83   82   79   75   65                                   
    42.5-180.0 180.0   5.0 450.0                            LAT/LON1/LON2/DLON/H
   65   71   75   83   86   89   86   83   78   76   73   73   73   74   75   76
   80   87   96  106  117  128  137  145  152  157  159  158  155  151  149  149
  153  158  164  170  177  183  188  192  193  190  182  171  158  143  130  119
  111  105  100   95   90   85   80   78   77   78   78   79   79   80   81   82
   83   84   87   87   88   88   85   81   65                                   
    40.0-180.0 180.0   5.0 450.0                            LAT/LON1/LON2/DLON/H
   64   69   72   82   85   90   90   90   88   87   85   86   86   86   86   88
   92   99  109  121  134  148  160  170  177  180  179  174  166  158  153  152
  155  161  169  177  185  193  199  203  203  198  190  178  165  151  139  127
  118  110  103   94   86   78   72   69   69   71   73   74   76   78   80   82
   84   85   88   88   89   89   87   83   64                                   
    37.5-180.0 180.0   5.0 450.0                            LAT/LON1/LON2/DLON/H
   62   65   67   77   81   87   90   93   94   95   96   98   99  100  101  104
  108  115  125  139  155  171  186  197  204  206  202  193  182  170  161  159
  162  169  178  188  198  207  214  217  215  210  200  188  175  162  150  138
  127  116  105   94   82   73   66   63   63   65   67   69   70   72   75   79
   80   82   84   85   86   86   84   81   62                                   
    35.0-180.0 180.0   5.0 450.0                            LAT/LON1/LON2/DLON/H
   60   61   61   70   74   79   85   90   95   99  103  108  111  115  118  122
  127  134  146  161  178  196  213  224  231  231  226  215  201  187  177  174
  177  184  195  206  218  227  234  236  233  226  216  204  191  178  166  153
  141  128  115  101   88   77   69   66   66   67   68   68   68   69   72   75
   77   78   80   80   81   80   78   77   60                                   
    32.5-180.0 180.0   5.0 450.0                            LAT/LON1/LON2/DLON/H
   60   59   57   64   66   70   75   83   90   97  105  112  119  127  134  141
  148  157  168  184  202  221  238  249  255  254  248  237  224  211  201  198
  201  210  221  233  245  254  260  261  257  249  238  225  213  201  189  177
  164  150  136  122  109   98   91   87   86   85   83   80   76   74   75   77
   77   77   79   78   79   77   74   74   60                                   
    30.0-180.0 180.0   5.0 450.0                            LAT/LON1/LON2/DLON/H
   64   60   58   61   60   61   66   72   80   90   99  110  121  134  146  158
  169  179  192  207  226  244  260  270  274  272  267  259  248  239  232  231
  236  245  256  267  278  287  292  291  286  277  265  253  242  231  220  209
  197  185  172  161  151  142  135  130  126  122  116  107   98   92   89   89
   87   86   86   83   83   79   76   74   64                                   
    27.5-180.0 180.0   5.0 450.0                            LAT/LON1/LON2/DLON/H
   73   67   64   63   59   56   59   63   70   79   90  102  117  135  153  171
  186  200  214  230  247  265  278  286  288  286  282  277  273  270  269  271
  278  287  298  308  317  324  327  325  319  309  297  286  276  266  258  249
  240  231  223  216  210  204  198  192  185  177  165  150  136  124  117  113
  109  105  103   97   95   89   84   79   73                                   
    25.0-180.0 180.0   5.0 450.0                            LAT/LON1/LON2/DLON/H
   87   80   76   72   64   59   58   59   64   70   79   92  109  130  154  178
  198  216  233  249  266  282  292  296  296  293  292  293  296  300  306  315
  324  334  344  352  358  362  362  359  352  342  331  321  312  305  299  294
  288  284  281  280  279  276  271  263  254  241  224  204  184  167  155  148
  141  135  130  122  116  106   98   89   87                                   
    22.5-180.0 180.0   5.0 450.0                            LAT/LON1/LON2/DLON/H
  106   97   93   86   76   69   65   62   63   66   72   83  100  123  151  179
  205  228  247  266  282  295  303  303  300  297  297  304  315  328  343  357
  370  381  389  394  397  397  395  390  383  374  364  355  348  344  341  339
  337  337  339  343  346  345  339  330  318  302  281  257  233  212  197  186
  177  169  162  152  143  130  118  104  106                                   
    20.0-180.0 180.0   5.0 450.0                            LAT/LON1/LON2/DLON/H
  126  117  112  103   93   85   79   73   70   69   71   78   93  116  145  178
  209  236  259  279  296  307  311  308  301  297  300  312  330  353  375  395
  411  422  428  430  429  426  422  416  409  401  393  386  381  379  379  380
  380  382  386  391  394  393  385  374  360  344  323  299  273  250  233  220
  209  202  192  183  172  155  139  122  126                                   
    17.5-180.0 180.0   5.0 450.0                            LAT/LON1/LON2/DLON/H
  144  135  130  122  113  104   98   89   83   79   76   80   91  113  142  177
  211  243  269  292  308  318  318  311  302  298  303  319  343  372  400  424
  441  452  456  455  451  446  440  434  428  422  416  411  408  407  409  410
  410  411  412  413  412  407  397  384  371  357  340  319  296  274  256  243
  231  224  214  207  195  177  159  142  144                                   
    15.0-180.0 180.0   5.0 450.0                            LAT/LON1/LON2/DLON/H
  157  149  144  137  130  123  117  108  100   93   87   88   96  115  144  179
  217  252  282  306  322  329  326  316  305  301  308  327  355  387  417  442
  460  470  472  469  463  457  450  445  441  437  432  428  426  426  427  427
  424  418  412  406  398  387  374  361  351  342  332  318  300  281  265  252
  241  234  224  220  209  192  173  158  157                                   
    12.5-180.0 180.0   5.0 450.0                            LAT/LON1/LON2/DLON/H
  162  155  150  146  141  136  132  124  115  107  100   99  106  123  151  187
  227  265  298  323  338  342  336  324  313  310  319  339  368  399  428  451
  468  477  479  475  468  461  455  451  448  445  442  438  436  435  434  430
  422  408  393  377  362  346  330  318  312  309  307  300  290  276  262  250
  239  233  223  220  212  197  179  167  162                                   
    10.0-180.0 180.0   5.0 450.0                            LAT/LON1/LON2/DLON/H
  159  154  150  148  145  142  141  133  125  118  112  111  118  136  164  200
  242  282  316  341  355  356  348  336  326  325  336  356  382  410  435  456
  471  479  481  477  470  463  458  454  452  450  446  442  439  436  433  426
  411  390  366  341  319  299  282  272  269  273  277  277  273  264  253  242
  231  225  215  212  206  194  178  168  159                                   
     7.5-180.0 180.0   5.0 450.0                            LAT/LON1/LON2/DLON/H
  151  148  143  143  142  140  140  135  128  123  119  121  131  150  179  216
  258  300  335  360  372  371  362  351  344  346  357  376  398  422  443  461
