data/edconvlstm_nd/pred2960.15i
     1.0            IONOSPHERE MAPS     GNSS                IONEX VERSION / TYPE
pyspatialgeodesy        IME             05-JAN-18 20:20     PGM / RUN BY / DATE 
Map Name                                                    COMMENT             
Predicted global ionosphere maps (GIM).                     DESCRIPTION         
  2015    10    23     0     0     0                        EPOCH OF FIRST MAP  
  2015    10    24     0     0     0                        EPOCH OF LAST MAP   
  7200                                                      INTERVAL            
    13                                                      # OF MAPS IN FILE   
  NONE                                                      MAPPING FUNCTION    
10.0                                                        ELEVATION CUTOFF    
One-way carrier phase leveled to code                       OBSERVABLES USED    
  6371.0                                                    BASE RADIUS         
 2                                                          MAP DIMENSION       
   450.0 450.0   0.0                                        HGT1 / HGT2 / DHGT  
    87.5 -87.5  -2.5                                        LAT1 / LAT2 / DLAT  
  -180.0 180.0   5.0                                        LON1 / LON2 / DLON  
    -1                                                      EXPONENT            
                                                            END OF HEADER       
[from data line 5148]
    13                                                      START OF TEC MAP    
  2015    10    24     0     0     0                        EPOCH OF CURRENT MAP
    87.5-180.0 180.0   5.0 450.0                            LAT/LON1/LON2/DLON/H
  100   99   99   90   88   92   89   87   88   88   88   89   89   89   89   89
   89   88   87   87   86   85   84   83   82   80   79   78   76   75   74   73
   71   70   69   68   68   67   67   67   67   67   68   68   69   70   70   71
   72   73   74   75   75   76   77   77   77   78   78   78   78   78   78   79
   79   80   80   80   77   85   96  102  100                                   
    85.0-180.0 180.0   5.0 450.0                            LAT/LON1/LON2/DLON/H
  101  107   90   94   96  102   98   96   96   95   95   95   94   93   92   91
   90   89   88   86   84   82   81   78   76   74   72   70   68   66   64   63
   62   61   60   60   60   60   61   61   62   63   64   66   67   68   69   71
   72   73   74   76   77   78   79   80   80   81   82   83   83   83   84   85
   86   86   88   92   92  100  111  112  101                                   
    82.5-180.0 180.0   5.0 450.0                            LAT/LON1/LON2/DLON/H
  105  103  112  109  109  115  110  108  110  108  108  107  106  105  103  102
  100   98   96   93   90   87   84   80   77   73   69   66   63   60   58   57
   55   55   55   55   55   56   58   59   61   63   64   66   68   69   71   72
   74   75   77   79   80   82   83   85   86   88   89   90   91   92   93   95
   95   96   97   98  102   96  106  111  105                                   
    80.0-180.0 180.0   5.0 450.0                            LAT/LON1/LON2/DLON/H
  126  120  122  117  121  124  123  123  124  123  122  122  120  119  117  115
  113  110  107  104  100   96   91   86   82   77   73   69   65   62   60   59
   58   57   58   58   59   61   62   63   65   66   67   68   69   70   71   72
   73   74   76   77   79   81   83   85   87   89   91   93   94   96   98   99
  100  100  102  103  117  108  122  133  126                                   
    77.5-180.0 180.0   5.0 450.0                            LAT/LON1/LON2/DLON/H
  145  138  133  138  136  138  138  141  143  141  140  140  138  137  135  132
  130  127  125  121  117  113  108  102   97   91   85   80   76   73   70   68
   68   68   69   70   71   73   74   75   75   76   75   75   75   74   74   74
   74   75   76   77   78   80   83   85   88   91   93   96   98  100  102  105
  106  109  111  115  124  123  132  152  145                                   
    75.0-180.0 180.0   5.0 450.0                            LAT/LON1/LON2/DLON/H
  163  153  152  157  154  156  155  157  159  156  155  153  150  147  144  141
  138  135  133  130  128  124  120  114  108  103   97   92   87   84   81   80
   80   80   82   83   84   85   86   85   85   83   82   80   77   75   73   72
   71   70   71   71   73   75   78   81   84   87   91   94   97  100  103  107
  108  113  118  119  129  138  145  162  163                                   
    72.5-180.0 180.0   5.0 450.0                            LAT/LON1/LON2/DLON/H
  169  168  170  172  170  170  170  172  173  169  166  163  158  153  148  143
  139  136  134  133  132  130  127  124  119  113  107  102   98   94   92   90
   90   91   92   93   93   93   92   90   88   84   81   77   73   69   66   64
   62   61   61   62   64   67   70   73   77   81   85   89   92   96  101  106
  109  114  123  126  136  146  157  177  169                                   
    70.0-180.0 180.0   5.0 450.0                            LAT/LON1/LON2/DLON/H
  183  183  184  189  186  186  184  185  185  180  175  169  161  153  145  138
  132  129  127  127  127  127  126  123  120  115  110  105  100   97   95   94
   94   94   95   95   95   94   92   89   85   81   76   71   67   63   60   58
   56   56   56   57   60   63   66   70   75   79   83   88   92   96  102  108
  112  118  127  134  145  158  168  186  183                                   
    67.5-180.0 180.0   5.0 450.0                            LAT/LON1/LON2/DLON/H
  192  196  196  200  196  195  191  191  190  184  177  169  159  148  137  128
  121  116  115  115  116  117  117  115  112  108  103   98   94   90   88   87
   86   86   86   86   85   84   81   77   73   68   64   60   56   53   51   49
   48   48   49   50   53   56   61   66   71   76   81   86   91   96  102  109
  114  121  131  138  151  166  175  194  192                                   
    65.0-180.0 180.0   5.0 450.0                            LAT/LON1/LON2/DLON/H
  199  203  203  206  203  200  194  194  193  187  180  171  159  146  133  121
  113  108  105  105  106  107  107  105  102   98   93   89   84   81   78   76
   75   74   74   73   72   70   67   64   60   57   54   51   49   47   46   45
   45   45   46   47   50   53   58   63   70   76   82   88   94  100  107  114
  121  128  138  145  157  172  183  201  199                                   
    62.5-180.0 180.0   5.0 450.0                            LAT/LON1/LON2/DLON/H
  205  210  210  212  207  203  196  196  196  190  184  175  162  148  134  121
  112  106  103  102  102  101  100   97   93   88   83   78   74   71   68   66
   64   63   62   61   59   58   55   53   51   49   48   47   46   46   46   46
   46   46   46   47   49   52   57   63   71   79   87   94  102  110  118  126
  133  140  150  156  165  179  189  206  205                                   
    60.0-180.0 180.0   5.0 450.0                            LAT/LON1/LON2/DLON/H
  209  217  217  215  209  204  196  195  195  191  185  177  166  152  138  126
  117  111  106  104  101   98   94   89   84   78   73   69   66   63   60   58
   56   54   53   52   51   50   49   48   47   47   47   48   49   50   51   51
   50   49   48   48   49   52   56   64   73   83   93  103  113  122  132  142
  149  155  165  169  175  185  194  211  209                                   
    57.5-180.0 180.0   5.0 450.0                            LAT/LON1/LON2/DLON/H
  217  227  226  221  213  206  197  195  195  191  186  180  170  158  146  136
  127  120  115  109  104   97   90   83   77   71   67   63   61   59   57   55
   53   52   51   50   49   49   49   49   50   51   53   55   57   59   59   59
   57   55   52   50   50   52   58   66   77   89  102  114  126  138  150  161
  168  174  183  187  190  195  202  221  217                                   
    55.0-180.0 180.0   5.0 450.0                            LAT/LON1/LON2/DLON/H
  230  241  238  230  222  212  201  197  196  191  186  180  172  163  154  146
  139  132  125  116  107   97   88   80   73   68   65   64   62   61   60   59
   57   56   55   55   55   56   56   58   59   62   65   68   70   72   72   70
   67   63   59   55   54   57   63   73   85   99  113  127  140  154  168  180
  188  195  204  207  209  210  215  234  230                                   
    52.5-180.0 180.0   5.0 450.0                            LAT/LON1/LON2/DLON/H
  249  259  253  244  235  224  211  204  200  193  187  181  174  167  161  155
  149  141  132  121  109   98   88   80   74   71   70   70   70   70   69   67
   66   65   65   66   67   68   70   72   74   77   80   83   86   87   86   84
   79   74   68   64   63   66   73   83   96  110  125  139  153  168  183  197
  207  214  224  226  229  228  231  251  249                                   
    50.0-180.0 180.0   5.0 450.0                            LAT/LON1/LON2/DLON/H
  270  281  273  265  256  244  229  218  210  199  190  182  175  170  165  161
  155  147  136  124  111  100   91   85   81   79   79   80   81   81   80   78
   77   76   77   79   82   84   86   88   91   94   97  100  102  103  101   98
   93   88   82   78   77   80   88   98  111  124  137  150  164  179  195  210
  221  230  240  243  248  248  251  271  270                                   
    47.5-180.0 180.0   5.0 450.0                            LAT/LON1/LON2/DLON/H
  290  303  295  290  283  270  254  240  226  211  197  186  178  173  169  165
  158  149  137  124  113  103   97   93   91   91   92   93   93   92   89   87
   85   85   87   91   94   98  101  103  105  108  112  115  116  116  114  111
  107  102   98   95   95   99  107  117  128  139  149  160  172  186  202  217
  229  240  251  255  263  267  273  291  290                                   
    45.0-180.0 180.0   5.0 450.0                            LAT/LON1/LON2/DLON/H
  307  321  317  316  310  299  284  267  249  229  210  195  185  178  174  168
  160  149  137  125  116  109  105  104  103  104  104  103  101   97   93   89
   87   88   91   96  102  107  110  113  116  119  122  125  126  126  124  122
  119  116  113  113  115  120  128  137  146  154  161  170  180  192  206  221
  233  244  256  261  273  281  291  307  307                                   
    42.5-180.0 180.0   5.0 450.0                            LAT/LON1/LON2/DLON/H
  317  332  331  335  332  325  312  295  275  251  229  211  198  189  182  175
  165  152  139  129  122  118  117  117  117  115  112  108  102   95   88   83
   81   84   89   96  104  110  115  118  121  124  127  130  131  131  131  130
  129  128  128  130  134  141  149  158  164  169  174  180  188  198  210  223
  234  246  258  265  278  289  302  317  317                                   
    40.0-180.0 180.0   5.0 450.0                            LAT/LON1/LON2/DLON/H
  321  336  337  342  344  340  330  317  298  274  250  230  216  205  196  186
  174  160  147  138  134  132  131  130  127  121  114  105   96   86   79   74
   73   77   85   94  103  110  115  119  122  125  129  132  134  135  135  136
  137  139  140  144  149  157  166  175  180  184  186  190  197  206  217  228
  238  248  261  270  282  294  308  321  321                                   
    37.5-180.0 180.0   5.0 450.0                            LAT/LON1/LON2/DLON/H
  322  334  335  339  345  343  337  328  313  291  269  251  237  226  216  204
  189  174  162  154  150  148  144  139  130  120  109   98   87   78   71   68
   70   76   85   95  104  111  116  119  122  125  129  133  135  137  138  141
  143  145  147  151  157  167  177  187  192  195  197  201  208  217  227  238
  246  256  270  280  290  301  316  327  322                                   
    35.0-180.0 180.0   5.0 450.0                            LAT/LON1/LON2/DLON/H
  326  336  334  334  341  340  335  329  319  301  284  269  257  247  237  225
  210  195  183  174  168  162  153  141  127  114  102   92   84   78   74   74
   78   85   95  104  112  117  119  122  124  128  131  135  137  138  140  142
  144  145  147  150  156  167  180  191  199  203  206  211  219  231  243  254
  263  273  288  298  307  316  330  342  326                                   
    32.5-180.0 180.0   5.0 450.0                            LAT/LON1/LON2/DLON/H
  342  349  343  337  341  338  332  326  319  306  293  282  274  267  259  247
  232  217  205  194  183  170  154  137  121  109  100   95   92   91   91   94
  100  108  117  123  127  128  128  129  130  133  136  138  139  139  140  141
  141  140  139  140  147  159  175  189  200  206  212  220  232  247  263  278
  288  300  316  326  335  343  355  369  342                                   
    30.0-180.0 180.0   5.0 450.0                            LAT/LON1/LON2/DLON/H
  378  382  370  357  355  345  335  327  320  309  299  291  286  282  276  265
  252  237  222  207  190  170  149  130  117  111  110  113  117  121  126  132
  138  145  150  151  150  146  142  140  141  143  144  144  143  141  139  138
  135  132  127  127  133  147  165  184  198  207  216  228  244  265  286  306
  321  337  354  364  374  381  392  408  378                                   
    27.5-180.0 180.0   5.0 450.0                            LAT/LON1/LON2/DLON/H
  435  438  419  398  388  371  353  340  329  318  308  302  298  294  288  278
  264  248  230  209  186  162  141  127  123  126  136  148  159  169  177  183
  189  192  191  185  176  166  159  155  154  155  155  153  149  144  140  135
  130  123  117  114  120  135  157  178  195  208  219  234  255  280  307  333
  355  377  397  407  421  429  438  458  435                                   
    25.0-180.0 180.0   5.0 450.0                            LAT/LON1/LON2/DLON/H
  510  512  491  465  445  419  392  370  354  339  327  318  311  306  298  286
  270  250  227  202  176  153  138  134  142  158  179  200  218  231  239  243
  244  241  231  217  200  185  174  169  168  168  166  162  156  148  141  134
  126  117  109  105  111  128  151  175  195  209  222  239  262  291  323  355
  385  413  437  449  470  483  494  517  510                                   
    22.5-180.0 180.0   5.0 450.0                            LAT/LON1/LON2/DLON/H
  592  596  581  554  524  489  453  422  398  377  360  345  334  323  310  293
  271  246  219  191  166  150  146  157  179  208  238  265  284  296  300  298
  291  279  261  238  216  198  186  182  180  179  176  171  162  151  141  132
  123  113  104  100  106  124  149  174  196  211  226  243  268  299  335  373
  409  444  472  488  517  537  556  582  592                                   
    20.0-180.0 180.0   5.0 450.0                            LAT/LON1/LON2/DLON/H
  669  677  674  653  615  575  532  494  462  434  410  389  370  352  331  307
  278  246  214  186  167  162  173  199  235  273  307  333  347  352  347  334
  317  296  272  246  222  204  193  190  189  188  184  176  165  153  140  130
  120  110  101   98  104  123  148  175  197  213  228  247  273  306  345  387
  430  470  502  525  561  586  616  643  669                                   
    17.5-180.0 180.0   5.0 450.0                            LAT/LON1/LON2/DLON/H
  731  746  755  742  702  662  618  577  540  507  477  449  423  397  368  335
  298  260  225  199  189  197  223  263  307  346  375  391  393  383  365  341
  315  289  264  239  219  204  197  194  194  192  187  179  166  152  138  126
  117  108  101   98  106  124  150  176  198  215  231  250  277  311  352  397
  444  489  525  554  596  626  663  692  731                                   
    15.0-180.0 180.0   5.0 450.0                            LAT/LON1/LON2/DLON/H
  770  794  812  807  772  736  697  659  622  587  553  521  490  458  423  383
  340  296  260  238  237  257  296  344  387  417  430  426  409  381  349  317
  288  263  242  224  210  201  198  198  198  195  188  178  165  149  135  124
  115  108  103  101  109  127  152  177  199  216  233  253  281  317  359  405
  454  500  540  574  618  649  691  720  770                                   
    12.5-180.0 180.0   5.0 450.0                            LAT/LON1/LON2/DLON/H
  786  818  839  840  813  788  757  726  695  662  629  598  566  532  493  450
  402  357  321  304  311  342  387  432  462  471  458  428  388  346  306  272
  245  227  215  207  202  200  202  203  202  197  188  177  163  147  133  123
  116  110  105  105  113  130  154  178  199  217  235  257  286  323  366  412
  460  506  547  584  627  656  699  727  786                                   
    10.0-180.0 180.0   5.0 450.0                            LAT/LON1/LON2/DLON/H
  783  818  839  842  825  810  791  771  747  721  694  667  639  608  571  528
  481  437  404  393  406  439  479  509  515  493  449  393  337  289  251  222
  205  197  196  198  201  206  210  211  207  199  188  175  161  145  132  123
  116  112  108  108  115  132  155  179  199  218  238  263  294  332  375  420
  465  509  549  589  629  654  694  720  783                                   
     7.5-180.0 180.0   5.0 450.0                            LAT/LON1/LON2/DLON/H
  771  804  820  823  814  808  799  788  774  757  738  720  700  676  645  607
  564  525  497  489  503  529  553  556  529  473  402  331  273  231  204  188
