data/edconvlstm_nd/pred2970.15i
     1.0            IONOSPHERE MAPS     GNSS                IONEX VERSION / TYPE
pyspatialgeodesy        IME             05-JAN-18 20:20     PGM / RUN BY / DATE 
Map Name                                                    COMMENT             
Predicted global ionosphere maps (GIM).                     DESCRIPTION         
  2015    10    24     0     0     0                        EPOCH OF FIRST MAP  
  2015    10    25     0     0     0                        EPOCH OF LAST MAP   
  7200                                                      INTERVAL            
    13                                                      # OF MAPS IN FILE   
  NONE                                                      MAPPING FUNCTION    
10.0                                                        ELEVATION CUTOFF    
One-way carrier phase leveled to code                       OBSERVABLES USED    
  6371.0                                                    BASE RADIUS         
 2                                                          MAP DIMENSION       
   450.0 450.0   0.0                                        HGT1 / HGT2 / DHGT  
    87.5 -87.5  -2.5                                        LAT1 / LAT2 / DLAT  
  -180.0 180.0   5.0                                        LON1 / LON2 / DLON  
    -1                                                      EXPONENT            
                                                            END OF HEADER       
[from data line 4719]
    12                                                      START OF TEC MAP    
  2015    10    24    22     0     0                        EPOCH OF CURRENT MAP
    87.5-180.0 180.0   5.0 450.0                            LAT/LON1/LON2/DLON/H
  124  115  102  109  113  111  110  109  109  111  111  112  113  113  113  113
  113  113  112  111  110  108  106  105  103  101   99   97   95   93   91   90
   88   87   86   85   84   83   82   82   82   81   81   82   82   82   83   83
   84   84   85   85   86   87   87   88   88   89   89   90   90   91   91   91
   92   93   91   91  102  101  116  123  124                                   
    85.0-180.0 180.0   5.0 450.0                            LAT/LON1/LON2/DLON/H
  125  118  124  114  114  120  120  123  124  127  127  128  129  129  129  129
  128  127  126  124  122  119  117  114  111  108  105  102   99   97   94   92
   91   89   88   87   86   85   85   84   84   84   84   84   84   85   85   86
   86   87   88   89   90   91   92   92   93   94   95   95   96   96   97   97
   98   99   97   95  100  102  105  106  125                                   
    82.5-180.0 180.0   5.0 450.0                            LAT/LON1/LON2/DLON/H
  105  108  112  111  117  123  129  131  133  136  138  141  142  144  144  144
  144  142  140  138  135  131  127  123  118  114  109  105  101   97   94   91
   89   87   85   84   83   81   81   80   79   78   78   78   77   77   78   78
   79   80   80   82   83   84   85   86   87   87   88   89   89   89   89   89
   90   90   89   93   98  111  102  105  105                                   
    80.0-180.0 180.0   5.0 450.0                            LAT/LON1/LON2/DLON/H
   94  104  114  114  121  124  134  140  146  150  154  158  160  161  162  161
  160  158  155  151  147  142  136  130  124  117  111  105  100   95   91   88
   85   83   81   80   79   78   77   76   75   74   74   73   73   73   73   73
   74   75   77   78   80   81   83   84   85   86   87   87   87   87   87   87
   88   88   89   91   90   97   92  105   94                                   
    77.5-180.0 180.0   5.0 450.0                            LAT/LON1/LON2/DLON/H
  107  112  124  124  135  141  152  159  165  171  176  180  183  185  186  185
  184  182  178  174  170  164  158  151  144  136  129  121  115  109  105  101
   99   97   95   94   93   91   90   87   85   82   80   78   76   75   74   74
   74   75   77   78   80   82   83   84   85   86   86   86   86   86   86   86
   86   87   90   94   96  100  102  119  107                                   
    75.0-180.0 180.0   5.0 450.0                            LAT/LON1/LON2/DLON/H
  113  122  132  133  145  153  162  170  178  185  190  195  197  198  197  196
  193  190  186  182  178  173  167  160  152  144  136  128  121  115  110  107
  106  105  104  104  103  102  100   97   93   90   86   82   79   77   75   75
   74   75   76   77   79   80   82   83   83   84   84   84   83   83   84   85
   86   89   92   94   96  100  102  109  113                                   
    72.5-180.0 180.0   5.0 450.0                            LAT/LON1/LON2/DLON/H
  127  137  147  155  161  170  179  186  192  199  204  207  209  209  207  204
  201  197  194  190  186  182  176  169  161  152  143  134  126  120  115  113
  111  111  112  112  111  110  107  104   99   94   88   83   79   75   73   72
   71   71   72   73   74   75   76   76   76   76   76   76   76   76   78   79
   81   86   91   94   98  106  113  124  127                                   
    70.0-180.0 180.0   5.0 450.0                            LAT/LON1/LON2/DLON/H
  140  152  162  167  173  181  187  194  201  207  211  213  213  211  206  201
  196  192  188  185  182  179  174  168  159  150  140  130  121  114  110  108
  107  108  109  110  110  109  106  102   97   91   85   80   75   71   68   66
   65   65   65   66   67   67   67   67   66   66   66   66   67   68   71   75
   78   84   93   99  106  116  128  136  140                                   
    67.5-180.0 180.0   5.0 450.0                            LAT/LON1/LON2/DLON/H
  158  170  179  186  191  197  202  209  213  218  221  223  221  217  211  204
  197  192  189  187  185  182  177  170  161  150  138  126  116  109  104  102
  101  102  104  105  105  103  100   96   91   85   80   74   70   67   64   63
   62   62   62   62   62   62   61   60   59   59   59   60   61   64   69   74
   80   88   96  104  112  127  139  148  158                                   
    65.0-180.0 180.0   5.0 450.0                            LAT/LON1/LON2/DLON/H
  165  180  190  196  200  205  208  213  217  222  225  226  223  218  210  202
  195  189  186  184  183  180  175  167  156  142  129  116  106   98   93   90
   90   90   91   92   92   90   87   83   79   74   69   65   61   59   57   56
   55   55   54   54   53   52   51   50   49   48   48   50   53   57   64   71
   78   89   99  109  119  137  151  161  165                                   
    62.5-180.0 180.0   5.0 450.0                            LAT/LON1/LON2/DLON/H
  173  188  198  204  208  212  215  219  222  226  229  230  227  222  214  206
  199  193  191  189  187  183  176  166  152  137  122  108   97   89   84   82
   81   80   80   80   78   76   74   70   66   63   59   57   55   53   52   51
   51   50   49   48   47   45   44   42   41   41   42   44   49   55   63   72
   81   92  103  112  121  139  154  164  173                                   
    60.0-180.0 180.0   5.0 450.0                            LAT/LON1/LON2/DLON/H
  177  193  203  210  214  216  218  221  225  229  232  233  231  226  219  212
  206  202  199  197  194  188  179  166  150  133  117  104   94   87   82   79
   78   76   74   72   70   67   64   61   59   56   54   53   52   52   51   50
   49   48   46   45   43   41   39   38   37   37   39   42   48   56   65   76
   86   97  107  115  122  141  156  166  177                                   
    57.5-180.0 180.0   5.0 450.0                            LAT/LON1/LON2/DLON/H
  182  198  209  217  221  222  224  226  229  232  235  236  235  232  227  221
  217  213  210  207  202  194  182  167  150  133  118  106   97   92   88   85
   83   79   76   72   68   65   62   59   58   57   56   56   55   55   54   53
   51   49   47   45   43   42   40   39   39   39   41   46   52   61   73   84
   95  106  116  121  125  141  154  165  182                                   
    55.0-180.0 180.0   5.0 450.0                            LAT/LON1/LON2/DLON/H
  192  209  222  228  234  234  236  235  237  238  240  240  240  238  235  232
  229  226  223  218  211  200  186  170  152  136  123  114  108  104  102   98
   94   89   84   79   74   70   67   65   64   64   64   65   64   64   62   60
   58   55   52   50   48   47   47   46   47   47   50   54   62   72   84   97
  109  120  129  133  133  146  157  168  192                                   
    52.5-180.0 180.0   5.0 450.0                            LAT/LON1/LON2/DLON/H
  208  225  240  245  252  252  253  251  249  248  246  245  244  243  241  240
  238  236  232  226  216  204  189  173  157  143  133  127  123  121  119  115
  109  102   95   89   84   81   78   77   77   77   78   78   78   76   74   71
   68   64   61   59   58   58   58   59   59   60   62   67   74   84   98  112
  125  137  146  149  148  158  166  175  208                                   
    50.0-180.0 180.0   5.0 450.0                            LAT/LON1/LON2/DLON/H
  230  246  262  267  275  277  277  273  268  263  258  253  250  248  247  247
  246  243  238  230  220  207  193  178  165  154  146  142  140  138  134  128
  121  113  106  100   96   93   92   92   93   94   94   94   93   91   88   84
   80   77   74   72   72   72   73   75   75   76   77   81   88   98  112  127
  141  154  164  169  169  176  183  189  230                                   
    47.5-180.0 180.0   5.0 450.0                            LAT/LON1/LON2/DLON/H
  253  268  285  290  300  304  304  299  292  283  273  265  258  255  254  253
  251  248  242  233  222  210  197  185  175  166  160  156  153  148  142  134
  125  116  110  106  105  104  105  106  107  109  110  110  108  105  101   97
   94   91   88   87   87   88   90   92   92   92   92   94  100  110  124  140
  154  170  181  189  192  199  206  210  253                                   
    45.0-180.0 180.0   5.0 450.0                            LAT/LON1/LON2/DLON/H
  275  288  304  309  321  328  328  325  316  305  292  280  270  265  262  260
  257  252  245  236  226  215  204  195  186  178  171  165  157  148  138  128
  118  111  107  107  108  111  114  116  118  120  121  121  119  116  113  109
  107  105  103  102  103  104  106  108  108  106  105  106  111  120  134  150
  165  181  195  207  214  222  232  236  275                                   
    42.5-180.0 180.0   5.0 450.0                            LAT/LON1/LON2/DLON/H
  290  302  316  322  335  344  346  345  337  326  311  297  285  278  274  270
  266  259  251  242  233  223  214  205  196  187  177  165  153  139  125  113
  105  100  100  104  109  115  119  123  125  127  128  128  126  123  121  119
  117  116  115  115  116  118  120  121  120  118  116  116  120  129  142  158
  173  190  205  219  231  243  255  262  290                                   
    40.0-180.0 180.0   5.0 450.0                            LAT/LON1/LON2/DLON/H
  298  309  321  327  339  349  354  356  351  342  328  314  302  294  289  285
  279  271  263  253  244  235  225  215  204  191  176  159  142  125  110   99
   93   92   96  103  112  119  125  128  130  131  131  131  129  127  125  124
  124  124  124  124  126  128  129  130  128  125  122  122  127  136  150  165
  179  196  212  228  242  258  272  283  298                                   
    37.5-180.0 180.0   5.0 450.0                            LAT/LON1/LON2/DLON/H
  301  311  320  325  337  345  353  357  356  351  341  329  320  313  308  303
  297  289  279  270  260  249  237  223  207  189  170  150  131  115  102   95
   93   96  103  113  122  129  133  134  134  134  133  132  130  127  126  126
  127  128  128  129  130  132  134  134  132  128  125  126  132  142  156  171
  185  202  218  233  248  266  282  297  301                                   
    35.0-180.0 180.0   5.0 450.0                            LAT/LON1/LON2/DLON/H
  304  312  320  322  332  338  346  351  354  353  347  340  334  330  327  323
  317  309  299  289  277  262  245  226  206  185  164  146  130  118  112  110
  112  118  127  136  143  146  147  145  142  139  137  133  130  127  125  126
  126  127  127  128  129  132  135  135  132  128  126  128  135  148  163  179
  193  208  224  238  250  271  288  303  304                                   
    32.5-180.0 180.0   5.0 450.0                            LAT/LON1/LON2/DLON/H
  312  319  326  324  332  334  340  345  350  351  350  347  346  346  345  343
  338  330  319  307  291  272  249  226  203  182  165  153  146  143  145  150
  156  163  169  173  174  172  166  159  153  148  143  138  132  127  125  124
  124  124  123  123  125  129  133  133  131  127  126  129  139  154  172  189
  203  219  234  247  257  277  295  308  312                                   
    30.0-180.0 180.0   5.0 450.0                            LAT/LON1/LON2/DLON/H
  332  338  345  338  344  340  344  345  350  352  353  353  355  358  360  359
  354  346  335  320  300  276  249  223  202  187  178  178  183  193  204  215
  223  227  227  223  214  202  189  177  168  160  153  145  137  130  126  123
  121  119  117  117  119  125  130  131  130  126  125  130  142  160  181  201
  217  235  249  262  270  290  308  319  332                                   
    27.5-180.0 180.0   5.0 450.0                            LAT/LON1/LON2/DLON/H
  366  372  380  368  373  364  363  359  361  361  362  363  366  370  372  371
  366  357  344  326  303  275  248  224  209  203  208  222  243  266  287  301
  307  305  293  275  253  230  210  195  183  174  165  156  146  137  130  125
  120  115  111  110  114  120  127  130  128  125  125  131  144  165  189  213
  232  253  270  284  291  312  331  339  366                                   
    25.0-180.0 180.0   5.0 450.0                            LAT/LON1/LON2/DLON/H
  411  420  430  415  420  407  401  391  388  384  382  381  382  385  386  382
  375  364  348  328  303  275  250  234  229  236  256  286  321  356  383  398
  396  380  352  317  281  249  224  208  197  188  179  169  157  146  136  129
  121  114  108  106  109  117  125  129  128  124  124  130  145  167  195  223
  247  273  292  310  320  342  364  369  411                                   
    22.5-180.0 180.0   5.0 450.0                            LAT/LON1/LON2/DLON/H
  464  477  488  475  482  468  458  443  434  425  418  412  409  408  404  396
  385  370  352  330  305  281  264  257  265  285  319  361  408  449  476  481
  465  430  385  336  290  253  228  214  206  200  192  181  169  156  145  135
  125  115  107  104  106  114  123  127  126  123  122  128  144  167  197  229
  258  289  314  337  351  377  402  407  464                                   
    20.0-180.0 180.0   5.0 450.0                            LAT/LON1/LON2/DLON/H
  516  536  548  539  552  539  528  510  497  483  470  459  450  442  432  419
  402  383  362  339  317  300  292  298  317  348  390  439  487  524  538  526
  490  439  382  326  277  242  221  213  210  208  202  192  179  166  153  142
  131  119  109  105  107  114  122  126  125  121  120  126  142  166  197  232
  265  302  333  361  380  411  441  448  516                                   
    17.5-180.0 180.0   5.0 450.0                            LAT/LON1/LON2/DLON/H
  560  586  601  599  618  609  601  584  570  553  537  521  506  491  474  454
  431  407  384  362  344  335  338  355  382  418  459  503  540  558  550  516
  464  404  344  291  249  222  210  209  212  213  209  200  187  173  161  149
  138  126  115  109  110  116  122  126  124  120  119  125  140  165  197  232
  268  310  346  379  403  440  476  486  560                                   
    15.0-180.0 180.0   5.0 450.0                            LAT/LON1/LON2/DLON/H
  590  621  639  643  669  668  666  653  643  627  610  593  574  554  530  503
  475  447  422  402  389  388  401  424  453  484  514  538  550  542  510  459
  399  340  288  246  218  203  202  208  215  218  214  204  191  178  166  155
  144  133  122  115  115  119  124  126  123  119  118  125  141  166  198  233
  270  314  353  389  417  460  503  515  590                                   
    12.5-180.0 180.0   5.0 450.0                            LAT/LON1/LON2/DLON/H
  604  638  659  667  700  707  713  708  704  694  680  665  646  624  596  565
  533  503  477  459  451  457  475  499  521  536  541  536  518  484  434  375
  317  269  234  210  199  199  207  217  224  225  218  206  191  178  167  157
  148  138  128  122  120  123  126  126  123  120  119  127  144  170  202  235
  271  315  355  392  423  470  518  532  604                                   
    10.0-180.0 180.0   5.0 450.0                            LAT/LON1/LON2/DLON/H
  605  641  664  674  711  727  741  743  747  744  738  728  713  692  665  633
  600  569  545  529  525  533  551  568  574  562  536  499  455  404  347  291
  245  216  201  198  204  215  229  239  242  235  222  206  189  176  165  157
  149  140  132  126  124  125  127  127  124  121  122  131  150  177  208  240
  273  315  355  392  424  474  524  540  605                                   
     7.5-180.0 180.0   5.0 450.0                            LAT/LON1/LON2/DLON/H
  601  637  660  671  710  730  750  759  770  774  776  774  765  750  727  697
  666  637  615  602  599  605  616  618  601  559  503  441  382  326  273  230
