data/edconvlstm_nd/pred3640.15i
     1.0            IONOSPHERE MAPS     GNSS                IONEX VERSION / TYPE
pyspatialgeodesy        IME             05-JAN-18 20:20     PGM / RUN BY / DATE 
Map Name                                                    COMMENT             
Predicted global ionosphere maps (GIM).                     DESCRIPTION         
  2015    12    30     0     0     0                        EPOCH OF FIRST MAP  
  2015    12    31     0     0     0                        EPOCH OF LAST MAP   
  7200                                                      INTERVAL            
    13                                                      # OF MAPS IN FILE   
  NONE                                                      MAPPING FUNCTION    
10.0                                                        ELEVATION CUTOFF    
One-way carrier phase leveled to code                       OBSERVABLES USED    
  6371.0                                                    BASE RADIUS         
 2                                                          MAP DIMENSION       
   450.0 450.0   0.0                                        HGT1 / HGT2 / DHGT  
    87.5 -87.5  -2.5                                        LAT1 / LAT2 / DLAT  
  -180.0 180.0   5.0                                        LON1 / LON2 / DLON  
    -1                                                      EXPONENT            
                                                            END OF HEADER       
[from data line 2145]
     6                                                      START OF TEC MAP    
  2015    12    30    10     0     0                        EPOCH OF CURRENT MAP
    87.5-180.0 180.0   5.0 450.0                            LAT/LON1/LON2/DLON/H
   23   33   32   34   35   34   34   29   29   30   30   30   30   30   29   29
   28   28   27   27   26   26   25   24   24   23   23   22   21   21   20   20
   19   19   18   18   18   17   17   17   17   17   17   17   18   18   18   19
   19   20   20   21   21   22   22   23   23   23   24   24   24   24   25   25
   26   27   25   25   31   38   52   54   23                                   
    85.0-180.0 180.0   5.0 450.0                            LAT/LON1/LON2/DLON/H
   18   42   50   40   42   44   43   42   41   43   42   42   42   41   41   41
   40   40   40   39   39   38   38   38   37   37   36   36   35   35   34   33
   33   32   32   31   30   30   30   29   29   29   29   29   29   30   30   30
   31   32   32   33   34   34   35   36   37   37   38   38   39   39   39   40
   41   41   38   38   44   47   59   53   18                                   
    82.5-180.0 180.0   5.0 450.0                            LAT/LON1/LON2/DLON/H
   15   31   46   41   42   42   41   41   41   41   40   41   40   39   39   38
   38   38   37   37   36   36   36   35   35   35   34   34   34   33   33   32
   32   31   31   30   29   29   28   28   28   28   28   28   28   28   28   28
   29   29   30   30   31   32   32   33   34   34   35   36   36   36   37   37
   38   39   37   36   46   48   51   48   15                                   
    80.0-180.0 180.0   5.0 450.0                            LAT/LON1/LON2/DLON/H
   19   29   46   41   44   42   42   41   41   41   40   41   40   39   38   38
   37   37   36   36   35   35   35   35   34   34   34   34   34   34   34   34
   34   33   32   32   31   30   30   29   29   29   29   29   29   29   29   29
   29   30   30   30   31   31   32   32   33   34   34   35   35   36   36   36
   37   38   38   37   42   47   50   50   19                                   
    77.5-180.0 180.0   5.0 450.0                            LAT/LON1/LON2/DLON/H
   30   35   40   35   37   36   37   36   37   37   35   36   35   35   34   34
   34   34   33   33   33   32   32   32   32   32   32   32   32   32   32   32
   32   31   30   29   28   27   27   26   26   26   26   26   26   27   27   27
   28   28   28   29   29   29   30   30   30   31   31   31   31   31   31   31
   30   31   29   29   30   32   40   42   30                                   
    75.0-180.0 180.0   5.0 450.0                            LAT/LON1/LON2/DLON/H
   16   27   31   29   32   33   33   33   34   35   33   34   33   33   33   33
   34   34   34   33   33   32   32   32   31   31   32   32   32   33   33   33
   33   33   32   31   30   30   29   29   29   29   30   31   31   32   33   33
   33   33   33   32   32   32   31   31   31   31   31   31   31   30   30   29
   28   28   27   25   28   27   33   31   16                                   
    72.5-180.0 180.0   5.0 450.0                            LAT/LON1/LON2/DLON/H
   16   25   27   25   28   31   32   32   32   33   32   32   32   32   32   33
   33   33   33   33   33   32   31   30   30   30   30   30   31   32   33   33
   34   34   33   33   33   32   32   33   33   35   36   38   39   41   41   41
   41   40   38   37   35   33   32   31   30   30   30   29   29   28   28   27
   26   25   25   24   26   25   31   31   16                                   
    70.0-180.0 180.0   5.0 450.0                            LAT/LON1/LON2/DLON/H
   13   22   27   25   28   29   30   30   32   33   32   33   33   34   34   35
   36   37   37   36   35   34   33   32   31   30   30   31   31   32   34   35
   36   36   36   37   37   37   38   40   42   44   47   50   53   55   55   55
   54   51   48   45   41   38   35   33   32   31   31   31   30   30   29   29
   28   27   27   26   27   26   34   33   13                                   
    67.5-180.0 180.0   5.0 450.0                            LAT/LON1/LON2/DLON/H
   12   21   25   24   27   28   29   30   31   32   32   33   34   35   36   37
   38   38   38   38   36   35   33   31   29   28   28   28   29   31   32   34
   36   37   38   39   40   42   44   47   50   55   59   63   67   69   70   70
   67   63   58   53   47   42   37   34   32   31   31   31   31   31   30   30
   30   29   29   27   28   27   32   31   12                                   
    65.0-180.0 180.0   5.0 450.0                            LAT/LON1/LON2/DLON/H
   13   22   24   24   26   28   29   30   31   32   33   34   35   36   38   39
   40   40   40   39   37   35   32   30   28   26   26   26   27   29   31   34
   36   38   40   42   45   47   51   55   60   66   72   77   82   85   85   84
   80   75   68   60   53   46   40   36   34   32   32   32   33   33   32   32
   32   32   33   31   33   32   35   34   13                                   
    62.5-180.0 180.0   5.0 450.0                            LAT/LON1/LON2/DLON/H
   16   23   25   25   27   29   29   30   31   32   33   35   36   37   38   39
   40   40   39   38   36   33   31   28   26   25   24   25   26   29   32   35
   38   41   44   47   50   54   58   63   70   76   83   89   94   97   98   96
   91   85   76   67   58   50   43   38   36   34   34   34   34   34   34   34
   34   34   35   34   36   34   37   37   16                                   
    60.0-180.0 180.0   5.0 450.0                            LAT/LON1/LON2/DLON/H
   20   25   26   26   27   28   29   29   30   30   31   32   33   35   36   37
   37   36   35   33   31   29   27   24   22   21   21   22   25   28   32   36
   40   44   48   52   56   60   65   70   77   84   91   97  102  105  105  102
   98   91   82   72   62   53   46   41   37   36   35   35   35   34   33   33
   32   33   35   34   36   35   38   37   20                                   
    57.5-180.0 180.0   5.0 450.0                            LAT/LON1/LON2/DLON/H
   23   27   28   28   29   30   30   29   30   30   30   31   32   33   34   34
   34   32   31   29   27   26   24   22   21   21   21   23   26   30   35   40
   45   51   56   60   65   69   74   80   86   93   99  105  109  112  111  109
  104   98   89   80   70   61   54   48   45   43   41   40   39   37   35   34
   33   33   35   35   38   36   39   38   23                                   
    55.0-180.0 180.0   5.0 450.0                            LAT/LON1/LON2/DLON/H
   28   31   31   32   32   33   33   31   31   30   29   30   31   32   32   32
   31   29   27   25   24   24   23   22   21   21   23   25   29   34   39   46
   52   58   65   70   75   80   85   90   96  102  108  113  116  118  117  115
  111  105   98   90   82   73   66   60   56   53   51   49   46   42   38   35
   33   33   35   35   39   37   39   38   28                                   
    52.5-180.0 180.0   5.0 450.0                            LAT/LON1/LON2/DLON/H
   32   35   36   37   37   38   37   35   34   32   31   31   31   32   32   31
   29   27   25   24   24   24   24   24   24   25   26   29   33   39   45   53
   60   67   75   81   87   92   98  103  108  114  118  122  124  125  123  121
  118  114  109  103   96   88   81   75   71   67   64   60   56   50   44   40
   36   35   36   36   40   39   41   40   32                                   
    50.0-180.0 180.0   5.0 450.0                            LAT/LON1/LON2/DLON/H
   38   41   42   43   44   45   44   41   38   36   34   34   34   34   34   32
   30   27   26   25   26   27   28   28   29   29   31   34   39   45   52   59
   68   76   84   92   99  106  111  117  122  127  131  133  134  133  131  128
  126  123  120  116  110  104   98   92   87   82   78   73   67   60   53   47
   42   39   40   39   43   43   45   44   38                                   
    47.5-180.0 180.0   5.0 450.0                            LAT/LON1/LON2/DLON/H
   43   47   48   50   51   53   51   48   45   42   40   40   39   39   38   36
   33   31   29   29   30   32   34   34   35   35   36   39   44   50   57   65
   74   83   93  102  111  118  125  131  137  141  145  146  145  143  140  136
  133  132  130  127  124  118  112  106  100   94   89   84   78   70   62   56
   50   46   46   44   47   48   51   49   43                                   
    45.0-180.0 180.0   5.0 450.0                            LAT/LON1/LON2/DLON/H
   48   53   54   57   57   61   59   56   53   51   48   48   47   46   45   42
   39   37   35   36   38   40   42   42   41   41   42   44   49   55   61   69
   78   88   99  110  120  130  138  145  151  156  159  159  157  154  149  144
  141  139  138  136  134  129  122  115  108  102   96   90   84   78   71   64
   59   54   52   50   53   54   57   56   48                                   
    42.5-180.0 180.0   5.0 450.0                            LAT/LON1/LON2/DLON/H
   52   58   58   61   62   67   65   63   61   60   58   58   58   57   55   52
   48   45   44   46   48   50   51   50   48   46   46   49   53   58   64   71
   80   91  104  116  128  139  149  158  165  170  172  172  169  164  158  152
  148  145  144  143  140  135  128  120  111  104   98   92   87   81   76   71
   66   61   59   55   57   59   62   61   52                                   
    40.0-180.0 180.0   5.0 450.0                            LAT/LON1/LON2/DLON/H
   53   60   59   63   65   69   68   68   68   68   69   70   70   69   66   63
   59   56   55   56   59   60   60   57   53   51   50   53   57   61   67   74
   83   94  107  121  135  147  159  168  176  181  184  184  180  174  167  161
  156  152  150  148  145  139  131  122  112  104   96   90   86   81   77   74
   70   66   63   58   59   62   64   64   53                                   
    37.5-180.0 180.0   5.0 450.0                            LAT/LON1/LON2/DLON/H
   53   59   58   62   64   68   68   70   72   75   78   81   81   81   78   74
   70   67   66   67   68   69   67   62   57   54   54   57   61   66   71   77
   86   98  112  126  141  154  166  177  185  191  194  194  191  186  179  172
  167  163  160  157  152  145  136  126  115  105   97   90   84   80   77   75
   72   67   64   59   59   61   63   63   53                                   
    35.0-180.0 180.0   5.0 450.0                            LAT/LON1/LON2/DLON/H
   51   56   55   58   60   63   65   68   73   78   83   89   91   90   87   83
   79   76   74   75   75   74   71   66   61   58   59   63   68   73   78   85
   94  106  119  134  148  161  174  184  193  199  203  204  203  199  195  189
  184  180  176  172  167  159  149  138  126  115  105   96   88   83   79   76
   73   67   63   57   57   57   59   59   51                                   
    32.5-180.0 180.0   5.0 450.0                            LAT/LON1/LON2/DLON/H
   49   53   51   54   55   58   60   64   70   77   85   93   96   96   94   89
   85   82   80   80   79   77   73   68   64   62   65   71   77   83   89   96
  105  117  130  144  157  169  181  192  201  208  213  216  218  217  216  213
  210  207  203  199  192  184  174  163  151  138  125  113  102   94   87   82
   76   69   63   57   55   53   55   56   49                                   
    30.0-180.0 180.0   5.0 450.0                            LAT/LON1/LON2/DLON/H
   47   51   49   50   51   52   54   58   65   73   83   92   97   98   96   92
   88   85   83   82   81   79   75   70   67   68   73   80   88   95  102  110
  120  131  144  157  169  180  191  202  211  219  226  232  238  241  244  245
  245  244  241  236  230  222  213  202  190  176  161  146  130  116  105   96
   86   76   69   60   57   52   54   55   47                                   
    27.5-180.0 180.0   5.0 450.0                            LAT/LON1/LON2/DLON/H
   49   51   48   49   49   50   51   54   60   68   78   87   93   95   94   91
   88   85   83   82   81   78   75   72   72   74   81   90   99  107  115  124
  135  148  161  173  184  195  205  216  226  235  245  254  263  271  278  283
  286  287  286  282  277  270  262  253  242  228  211  192  171  152  134  120
  106   92   82   70   65   57   59   59   49                                   
    25.0-180.0 180.0   5.0 450.0                            LAT/LON1/LON2/DLON/H
   54   55   52   51   50   51   51   52   57   63   72   80   86   89   89   87
   85   83   82   80   79   78   76   75   76   81   88   98  108  117  127  138
  152  166  180  193  203  214  224  234  245  256  268  281  294  306  316  325
  331  334  334  332  328  323  317  310  300  286  268  246  221  196  173  154
  135  117  105   89   81   70   71   69   54                                   
    22.5-180.0 180.0   5.0 450.0                            LAT/LON1/LON2/DLON/H
   65   64   59   57   56   56   55   54   56   60   66   72   78   81   81   81
   80   79   78   77   77   76   77   78   80   86   94  104  114  124  136  150
  167  184  200  213  225  235  246  257  269  282  296  311  327  342  354  365
  373  378  380  380  378  376  372  366  357  343  324  300  273  244  216  192
  170  150  135  116  105   91   92   86   65                                   
    20.0-180.0 180.0   5.0 450.0                            LAT/LON1/LON2/DLON/H
   80   77   70   67   65   65   63   60   59   60   62   66   70   72   73   74
   75   75   74   74   74   75   77   80   84   90   98  107  118  129  143  160
  179  200  218  233  246  258  270  282  295  309  325  342  359  375  389  401
  410  416  420  422  422  421  418  413  404  391  371  346  317  286  256  230
  206  185  168  148  136  118  117  109   80                                   
    17.5-180.0 180.0   5.0 450.0                            LAT/LON1/LON2/DLON/H
   98   94   84   79   78   77   74   70   67   64   63   63   64   66   67   68
   70   71   71   71   72   75   78   81   86   92   99  108  119  132  147  167
  189  212  233  250  266  279  293  306  320  336  353  370  387  403  417  428
  437  444  447  450  450  450  448  443  433  419  400  375  347  316  287  261
  236  217  198  179  166  147  143  133   98                                   
    15.0-180.0 180.0   5.0 450.0                            LAT/LON1/LON2/DLON/H
  116  110  100   93   91   89   87   82   77   72   67   65   63   63   64   65
   67   68   69   70   72   75   79   83   87   93  100  109  121  134  152  173
  197  222  244  264  281  297  312  327  342  358  375  392  408  422  434  444
  452  456  459  460  459  458  455  449  439  426  407  385  359  331  303  279
  257  239  222  204  191  172  165  153  116                                   
    12.5-180.0 180.0   5.0 450.0                            LAT/LON1/LON2/DLON/H
  132  125  114  106  104  100   99   95   89   83   76   70   67   65   65   66
   68   69   69   70   72   76   80   84   89   94  102  112  124  139  157  179
  204  228  252  273  292  310  327  343  358  374  390  405  419  431  441  449
  454  456  456  455  452  450  445  438  429  415  399  379  356  331  307  286
  266  251  235  219  207  188  179  167  132                                   
    10.0-180.0 180.0   5.0 450.0                            LAT/LON1/LON2/DLON/H
  144  135  126  116  114  109  109  106  101   94   87   80   74   71   70   70
   71   72   72   73   75   78   82   87   92   98  107  118  131  147  165  186
  209  233  256  278  298  318  336  353  368  383  398  411  423  433  440  445
  448  448  446  442  439  435  430  422  412  400  384  367  346  325  304  285
  267  254  239  224  213  195  186  174  144                                   
     7.5-180.0 180.0   5.0 450.0                            LAT/LON1/LON2/DLON/H
  152  142  134  123  120  115  116  115  112  106   98   91   85   81   79   78
   77   77   77   77   79   82   86   91   97  104  115  128  142  158  175  194
