data/edconvlstm_nd/pred0670.15i
     1.0            IONOSPHERE MAPS     GNSS                IONEX VERSION / TYPE
pyspatialgeodesy        IME             05-JAN-18 20:20     PGM / RUN BY / DATE 
Map Name                                                    COMMENT             
Predicted global ionosphere maps (GIM).                     DESCRIPTION         
  2015     3     8     0     0     0                        EPOCH OF FIRST MAP  
  2015     3     9     0     0     0                        EPOCH OF LAST MAP   
  7200                                                      INTERVAL            
    13                                                      # OF MAPS IN FILE   
  NONE                                                      MAPPING FUNCTION    
10.0                                                        ELEVATION CUTOFF    
One-way carrier phase leveled to code                       OBSERVABLES USED    
  6371.0                                                    BASE RADIUS         
 2                                                          MAP DIMENSION       
   450.0 450.0   0.0                                        HGT1 / HGT2 / DHGT  
    87.5 -87.5  -2.5                                        LAT1 / LAT2 / DLAT  
  -180.0 180.0   5.0                                        LON1 / LON2 / DLON  
    -1                                                      EXPONENT            
                                                            END OF HEADER       
[from data line 1287]
     4                                                      START OF TEC MAP    
  2015     3     8     6     0     0                        EPOCH OF CURRENT MAP
    87.5-180.0 180.0   5.0 450.0                            LAT/LON1/LON2/DLON/H
  120  118  117  123  126  126  126  126  130  133  135  137  138  140  140  140
  140  140  139  139  138  136  135  134  132  131  130  129  128  126  126  125
  124  123  123  122  122  121  121  121  121  120  120  120  120  120  120  120
  120  120  120  119  119  118  117  116  115  113  112  110  108  107  105  104
  104  105  104  104  109  110  116  116  120                                   
    85.0-180.0 180.0   5.0 450.0                            LAT/LON1/LON2/DLON/H
  111  117  114  120  124  128  131  133  137  141  143  146  148  149  150  150
  150  150  149  148  146  145  143  141  140  138  136  134  133  132  131  130
  129  129  129  128  129  129  129  130  130  131  131  132  133  133  134  134
  135  135  135  135  134  133  132  131  129  127  124  121  119  116  113  111
  110  110  106  107  103  106  108  108  111                                   
    82.5-180.0 180.0   5.0 450.0                            LAT/LON1/LON2/DLON/H
  106  108  110  110  114  119  123  127  132  136  140  143  146  147  148  149
  149  148  147  145  143  140  138  135  132  129  126  124  122  120  119  118
  118  119  120  121  122  124  126  128  130  132  134  136  138  141  143  145
  147  149  151  152  153  152  152  150  148  145  141  136  132  126  121  117
  113  110  103  102  103   97   93   92  106                                   
    80.0-180.0 180.0   5.0 450.0                            LAT/LON1/LON2/DLON/H
  105  100   97  100  107  110  117  123  129  134  138  142  145  146  147  147
  146  145  143  141  138  134  131  127  122  118  115  111  109  107  106  106
  106  108  110  113  117  120  124  128  132  135  139  143  147  152  156  161
  165  170  174  177  180  181  182  181  178  175  170  164  157  149  141  135
  127  118  110  106  104   97   97   88  105                                   
    77.5-180.0 180.0   5.0 450.0                            LAT/LON1/LON2/DLON/H
  108   97   93   98  101  106  113  118  125  130  133  137  139  140  140  139
  138  136  135  132  130  127  123  119  114  110  105  101   98   96   96   96
   99  102  106  111  117  123  128  134  139  144  150  155  161  167  174  182
  189  197  205  212  218  222  225  225  224  221  216  209  200  190  180  170
  158  147  133  126  119  103   99   95  108                                   
    75.0-180.0 180.0   5.0 450.0                            LAT/LON1/LON2/DLON/H
  112  102   94   98  100  105  110  114  120  124  125  127  127  126  125  123
  121  119  118  117  116  114  112  109  105  101   96   92   88   86   86   87
   89   94  100  107  114  121  128  135  141  147  153  159  167  175  184  195
  206  218  230  241  251  258  263  266  266  264  259  252  242  232  220  208
  194  181  165  150  139  122  116  109  112                                   
    72.5-180.0 180.0   5.0 450.0                            LAT/LON1/LON2/DLON/H
  123  112  103  104  105  108  113  116  120  121  121  120  117  113  109  106
  104  103  103  104  106  107  107  106  104  101   96   92   88   86   85   86
   89   94  101  109  117  126  134  141  147  153  159  166  173  183  195  208
  224  240  256  270  283  294  301  306  307  305  300  293  283  272  260  248
  234  219  204  186  170  150  140  133  123                                   
    70.0-180.0 180.0   5.0 450.0                            LAT/LON1/LON2/DLON/H
  141  126  116  113  110  110  112  114  117  117  115  111  105   98   91   86
   84   84   86   90   95   99  103  105  105  103   99   95   90   87   85   85
   87   92   98  107  115  124  132  140  146  151  156  163  171  182  196  213
  232  253  273  291  307  320  329  334  335  333  328  320  311  300  287  276
  262  248  233  215  199  179  170  162  141                                   
    67.5-180.0 180.0   5.0 450.0                            LAT/LON1/LON2/DLON/H
  152  137  125  119  112  109  111  112  114  113  110  105   97   87   79   73
   70   71   75   81   89   96  103  107  109  108  105  101   95   90   87   85
   85   88   94  101  109  118  125  132  137  142  147  153  162  174  190  210
  233  257  280  301  319  333  342  347  348  345  339  332  322  311  299  288
  275  262  249  231  217  198  188  182  152                                   
    65.0-180.0 180.0   5.0 450.0                            LAT/LON1/LON2/DLON/H
  165  148  133  123  112  107  107  108  110  110  108  103   94   84   74   67
   64   65   70   77   86   96  104  110  113  114  111  107  101   94   89   85
   84   85   89   95  102  110  117  123  129  133  138  145  154  168  186  209
  234  261  286  309  328  341  350  353  353  350  344  336  327  316  304  293
  281  268  257  241  229  212  204  199  165                                   
    62.5-180.0 180.0   5.0 450.0                            LAT/LON1/LON2/DLON/H
  175  156  139  124  110  101  100  101  104  106  105  102   95   85   76   69
   66   66   71   78   86   96  104  110  114  115  113  109  103   96   89   83
   80   79   81   86   92   99  107  114  120  126  132  139  150  165  184  209
  236  264  291  314  332  345  352  355  355  351  345  338  329  319  307  296
  283  271  260  244  235  220  213  208  175                                   
    60.0-180.0 180.0   5.0 450.0                            LAT/LON1/LON2/DLON/H
  184  163  144  124  106   94   90   90   94   98  100  100   95   89   81   75
   72   72   75   80   86   93  100  105  109  110  108  105   99   92   85   78
   73   71   72   75   82   89   97  106  113  121  129  138  151  167  188  213
  241  270  296  319  337  349  356  358  357  355  350  344  336  326  315  303
  289  274  263  248  241  226  220  213  184                                   
    57.5-180.0 180.0   5.0 450.0                            LAT/LON1/LON2/DLON/H
  196  174  154  128  107   90   82   80   84   87   91   94   94   91   88   84
   82   81   81   83   86   90   93   97   99  100   99   97   92   86   79   73
   67   64   64   68   74   83   93  103  113  123  134  146  161  178  200  225
  253  281  307  329  346  358  364  367  367  365  363  359  352  343  332  318
  302  286  274  257  250  234  228  219  196                                   
    55.0-180.0 180.0   5.0 450.0                            LAT/LON1/LON2/DLON/H
  212  191  169  139  116   94   81   75   75   77   81   86   89   90   91   91
   91   90   88   86   85   85   85   87   88   89   89   87   84   80   74   68
   63   60   60   65   72   82   94  106  119  133  147  162  179  198  220  244
  271  298  322  344  360  371  378  381  382  383  382  380  376  368  356  342
  324  306  291  272  265  247  239  228  212                                   
    52.5-180.0 180.0   5.0 450.0                            LAT/LON1/LON2/DLON/H
  234  213  192  160  135  110   92   79   74   72   73   77   82   87   92   96
   98   97   93   89   84   81   80   80   80   81   81   80   78   75   71   66
   62   60   61   67   76   87  101  116  131  148  166  184  204  224  246  269
  294  318  342  362  377  388  395  399  401  403  404  404  402  396  385  370
  350  330  313  292  282  263  254  242  234                                   
    50.0-180.0 180.0   5.0 450.0                            LAT/LON1/LON2/DLON/H
  256  238  217  187  163  136  113   95   83   75   72   73   76   82   90   97
  101  101   97   91   85   81   79   79   79   79   79   78   77   75   72   68
   65   64   67   74   85   99  114  130  149  168  189  211  233  254  275  297
  319  341  362  381  395  405  412  415  417  420  422  423  423  418  408  394
  375  355  336  313  301  281  271  260  256                                   
    47.5-180.0 180.0   5.0 450.0                            LAT/LON1/LON2/DLON/H
  276  260  242  215  193  168  144  120  102   87   78   75   76   82   90   97
  102  103   99   94   89   86   86   86   86   86   84   83   81   79   76   73
   71   71   76   85   98  113  130  148  168  190  214  238  262  284  305  325
  344  363  381  397  410  418  424  426  426  427  428  429  428  424  416  404
  388  370  351  329  316  295  285  276  276                                   
    45.0-180.0 180.0   5.0 450.0                            LAT/LON1/LON2/DLON/H
  287  273  259  239  221  199  176  151  128  109   94   87   84   87   93  100
  105  105  102   99   97   97  100  102  102  100   96   92   88   85   82   79
   77   79   85   96  111  128  147  166  188  212  237  263  289  311  331  349
  365  380  395  408  419  426  429  429  427  424  422  421  419  414  407  397
  384  370  353  334  322  302  293  286  287                                   
    42.5-180.0 180.0   5.0 450.0                            LAT/LON1/LON2/DLON/H
  286  273  263  250  236  220  202  180  157  135  117  106  100  100  103  108
  110  110  109  108  110  114  119  123  123  119  112  105   98   93   89   85
   84   87   94  106  123  142  162  183  206  231  258  286  312  335  354  369
  382  394  405  416  425  430  431  429  424  418  413  409  404  398  390  381
  370  359  346  331  320  300  291  286  286                                   
    40.0-180.0 180.0   5.0 450.0                            LAT/LON1/LON2/DLON/H
  274  258  251  242  233  224  213  198  179  159  141  129  122  119  119  120
  121  120  120  122  126  133  140  145  145  139  129  118  109  102   96   92
   91   93  100  113  131  151  173  196  221  247  276  304  331  354  372  385
  396  405  414  424  432  437  438  435  428  421  414  407  400  393  383  373
  362  351  340  326  316  293  285  279  274                                   
    37.5-180.0 180.0   5.0 450.0                            LAT/LON1/LON2/DLON/H
  257  234  226  215  212  207  205  199  188  174  161  151  145  141  139  137
  136  135  135  138  144  152  160  164  163  156  144  131  120  111  104   99
   96   97  103  116  134  156  180  206  233  261  290  320  347  370  387  399
  408  416  425  436  446  453  456  455  450  443  436  430  423  414  402  390
  376  362  350  333  323  295  284  273  257                                   
    35.0-180.0 180.0   5.0 450.0                            LAT/LON1/LON2/DLON/H
  248  214  200  183  179  177  180  183  181  176  170  167  164  161  158  155
  152  151  153  157  162  169  175  178  176  169  157  144  131  120  111  104
  100   99  104  115  134  157  184  213  242  272  303  333  361  383  400  411
  420  430  441  455  470  482  490  494  494  491  487  484  478  469  456  440
  421  403  387  365  353  318  301  282  248                                   
    32.5-180.0 180.0   5.0 450.0                            LAT/LON1/LON2/DLON/H
  259  213  189  160  151  145  149  157  162  166  169  172  174  175  173  170
  168  168  170  174  177  180  183  185  184  179  169  156  142  130  119  111
  104  101  105  115  133  157  186  217  249  281  313  344  372  394  411  423
  433  446  463  483  505  524  540  551  558  562  566  568  567  560  545  525
  501  476  453  424  409  368  341  316  259                                   
    30.0-180.0 180.0   5.0 450.0                            LAT/LON1/LON2/DLON/H
  298  244  208  165  144  129  127  134  141  150  158  167  175  179  179  178
  178  180  184  187  187  186  187  189  191  189  182  170  156  143  131  121
  113  109  109  117  134  158  188  220  254  287  320  352  380  404  421  435
  449  467  490  519  549  578  603  624  640  653  665  675  681  679  666  644
  614  581  549  509  490  442  402  376  298                                   
    27.5-180.0 180.0   5.0 450.0                            LAT/LON1/LON2/DLON/H
  368  309  263  206  172  145  130  129  132  138  147  158  168  175  178  179
  181  186  191  193  192  189  190  194  200  202  198  188  175  162  150  139
  129  122  119  124  138  161  191  224  258  292  325  357  386  411  430  447
  466  490  522  560  600  639  676  707  734  757  778  796  808  811  801  779
  746  709  667  617  592  536  484  461  368                                   
    25.0-180.0 180.0   5.0 450.0                            LAT/LON1/LON2/DLON/H
  470  408  351  285  238  199  169  153  145  143  146  153  161  168  171  173
  177  184  191  194  192  191  195  204  215  221  219  210  198  186  174  162
  150  139  132  133  144  166  194  227  261  295  328  361  391  418  440  461
  485  517  557  603  653  702  748  790  826  858  886  910  926  932  924  903
  873  836  789  735  699  643  585  566  470                                   
    22.5-180.0 180.0   5.0 450.0                            LAT/LON1/LON2/DLON/H
  591  531  463  395  335  287  241  210  187  172  163  161  163  165  165  166
  171  179  187  191  193  197  207  221  235  244  242  233  221  210  198  183
  167  152  142  140  149  169  197  230  263  296  330  364  397  426  452  477
  507  545  592  645  700  754  806  854  896  932  963  989 1007 1014 1009  992
  967  937  894  841  797  745  696  681  591                                   
    20.0-180.0 180.0   5.0 450.0                            LAT/LON1/LON2/DLON/H
  711  656  586  522  452  396  337  292  254  224  201  187  178  173  169  166
  168  175  184  191  198  209  225  244  261  269  264  252  239  226  212  194
  175  157  145  142  150  169  197  229  263  296  331  367  403  436  466  497
  532  575  625  679  734  787  838  884  925  961  991 1015 1033 1042 1041 1030
 1013  993  961  917  870  826  796  785  711                                   
    17.5-180.0 180.0   5.0 450.0                            LAT/LON1/LON2/DLON/H
  805  759  698  642  568  510  444  388  338  295  258  231  211  197  185  177
  175  179  188  198  210  228  250  273  290  292  281  263  245  228  210  190
  170  153  141  138  147  166  194  226  260  295  332  371  411  448  483  518
  557  602  652  703  751  796  839  877  911  940  965  986 1003 1015 1019 1016
 1008  997  981  947  906  870  860  854  805                                   
    15.0-180.0 180.0   5.0 450.0                            LAT/LON1/LON2/DLON/H
  855  824  778  733  664  608  542  482  426  374  327  288  259  236  217  203
  195  196  203  215  231  253  280  304  316  310  289  262  237  215  195  176
  157  142  131  130  141  161  190  222  257  293  332  374  418  459  498  537
  578  623  669  712  750  784  813  839  861  880  898  915  931  945  955  960
  962  960  956  934  906  876  877  879  855                                   
    12.5-180.0 180.0   5.0 450.0                            LAT/LON1/LON2/DLON/H
  863  847  815  782  722  672  611  554  500  445  394  350  315  286  262  243
  230  227  231  243  261  285  311  332  336  319  287  252  220  195  175  158
  142  129  121  123  135  157  186  219  254  291  331  376  422  467  509  549
  591  634  674  708  734  755  772  786  797  805  815  827  843  861  876  889
  899  905  908  895  879  856  859  864  863                                   
    10.0-180.0 180.0   5.0 450.0                            LAT/LON1/LON2/DLON/H
  841  837  814  790  740  694  640  591  544  495  446  404  369  340  315  293
  277  270  271  280  296  318  340  352  345  318  279  237  202  177  160  145
  132  121  116  120  133  156  184  217  252  290  331  377  424  470  512  553
  594  634  669  695  713  725  734  741  743  744  747  757  774  794  814  831
  844  853  860  852  845  825  825  828  841                                   
     7.5-180.0 180.0   5.0 450.0                            LAT/LON1/LON2/DLON/H
  807  808  788  766  724  681  633  592  554  514  474  438  410  388  367  348
  332  322  320  324  334  348  359  360  343  309  266  224  190  167  152  140
