data/edconvlstm_nd/pred1510.15i
     1.0            IONOSPHERE MAPS     GNSS                IONEX VERSION / TYPE
pyspatialgeodesy        IME             05-JAN-18 20:20     PGM / RUN BY / DATE 
Map Name                                                    COMMENT             
Predicted global ionosphere maps (GIM).                     DESCRIPTION         
  2015     5    31     0     0     0                        EPOCH OF FIRST MAP  
  2015     6     1     0     0     0                        EPOCH OF LAST MAP   
  7200                                                      INTERVAL            
    13                                                      # OF MAPS IN FILE   
  NONE                                                      MAPPING FUNCTION    
10.0                                                        ELEVATION CUTOFF    
One-way carrier phase leveled to code                       OBSERVABLES USED    
  6371.0                                                    BASE RADIUS         
 2                                                          MAP DIMENSION       
   450.0 450.0   0.0                                        HGT1 / HGT2 / DHGT  
    87.5 -87.5  -2.5                                        LAT1 / LAT2 / DLAT  
  -180.0 180.0   5.0                                        LON1 / LON2 / DLON  
    -1                                                      EXPONENT            
                                                            END OF HEADER       
[from data line 3861]
    10                                                      START OF TEC MAP    
  2015     5    31    18     0     0                        EPOCH OF CURRENT MAP
    87.5-180.0 180.0   5.0 450.0                            LAT/LON1/LON2/DLON/H
  171  165  155  163  165  165  164  164  164  165  165  165  165  165  165  164
  164  163  163  162  161  160  159  158  157  156  155  154  154  153  152  151
  150  149  149  148  148  147  147  146  146  146  146  146  146  146  146  146
  146  147  147  147  147  148  148  148  149  149  149  150  150  151  151  152
  152  153  153  154  164  163  168  168  171                                   
    85.0-180.0 180.0   5.0 450.0                            LAT/LON1/LON2/DLON/H
  164  166  173  169  167  171  172  174  174  175  175  175  175  175  175  175
  174  173  173  172  170  169  168  166  165  164  162  161  159  158  157  156
  154  153  152  152  151  150  150  149  149  149  149  148  148  148  149  149
  149  149  150  150  151  151  152  152  153  153  154  155  155  156  157  157
  159  160  159  159  162  158  161  163  164                                   
    82.5-180.0 180.0   5.0 450.0                            LAT/LON1/LON2/DLON/H
  148  158  161  161  162  167  170  172  171  173  173  174  174  175  175  174
  174  173  172  171  169  167  166  164  162  160  158  156  154  152  150  148
  147  145  144  143  142  141  140  140  140  139  139  139  139  139  139  140
  140  140  141  141  142  142  143  144  144  145  145  146  146  147  147  147
  148  149  148  153  153  160  155  149  148                                   
    80.0-180.0 180.0   5.0 450.0                            LAT/LON1/LON2/DLON/H
  143  152  159  160  160  163  167  171  173  175  175  177  177  178  178  178
  177  176  175  174  172  170  168  165  163  160  158  155  152  150  147  145
  143  141  140  138  137  136  136  135  135  135  135  135  135  135  136  136
  136  137  137  138  138  139  140  140  141  141  141  142  142  142  143  143
  144  144  145  148  146  144  146  144  143                                   
    77.5-180.0 180.0   5.0 450.0                            LAT/LON1/LON2/DLON/H
  146  147  156  157  159  163  166  170  172  174  175  177  178  179  179  180
  180  179  178  177  176  174  172  169  166  164  161  158  155  152  149  147
  145  143  141  140  139  138  137  137  137  136  136  136  137  137  137  138
  138  138  139  139  139  140  140  140  140  140  140  140  140  139  139  139
  139  139  139  141  144  138  142  145  146                                   
    75.0-180.0 180.0   5.0 450.0                            LAT/LON1/LON2/DLON/H
  144  147  152  154  156  161  163  166  169  172  173  175  176  178  179  179
  180  180  180  180  179  177  176  173  171  168  165  162  159  156  153  150
  148  146  145  144  143  142  141  141  141  140  140  140  141  141  141  141
  141  141  142  142  142  142  142  141  141  141  141  141  140  140  140  140
  139  139  139  137  139  135  139  133  144                                   
    72.5-180.0 180.0   5.0 450.0                            LAT/LON1/LON2/DLON/H
  143  147  151  156  155  160  163  166  167  170  171  173  174  176  177  178
  180  181  181  182  182  181  180  178  175  172  169  165  162  159  157  154
  152  151  150  149  148  147  146  146  145  145  145  145  145  145  145  145
  145  145  145  145  144  144  143  143  142  142  142  141  141  141  140  140
  139  138  138  136  136  134  138  138  143                                   
    70.0-180.0 180.0   5.0 450.0                            LAT/LON1/LON2/DLON/H
  147  150  154  157  156  159  161  163  164  167  168  169  171  172  174  175
  177  179  180  182  182  182  181  180  177  174  170  167  164  161  159  157
  156  155  154  153  152  152  151  150  150  149  149  149  148  148  148  148
  147  147  146  145  144  143  142  141  141  141  141  141  142  142  143  143
  142  141  141  140  140  139  144  142  147                                   
    67.5-180.0 180.0   5.0 450.0                            LAT/LON1/LON2/DLON/H
  155  160  164  166  165  167  168  170  170  172  172  173  174  175  176  178
  180  182  184  186  188  188  187  185  182  179  175  171  168  166  165  164
  164  163  163  163  162  161  161  160  160  159  159  158  157  157  156  155
  155  154  152  151  149  147  145  143  143  142  143  144  146  147  149  150
  150  149  150  148  147  146  151  149  155                                   
    65.0-180.0 180.0   5.0 450.0                            LAT/LON1/LON2/DLON/H
  162  170  173  174  172  173  172  173  173  174  174  175  175  176  176  177
  179  181  183  186  187  188  187  185  182  178  174  171  168  167  167  167
  168  169  169  169  169  168  168  168  167  167  166  165  164  162  161  159
  158  156  154  152  149  145  142  140  139  139  140  142  145  148  151  153
  154  155  156  155  156  157  163  159  162                                   
    62.5-180.0 180.0   5.0 450.0                            LAT/LON1/LON2/DLON/H
  170  180  183  184  181  181  180  180  179  180  180  180  180  180  179  179
  180  182  184  185  187  187  186  184  181  177  173  170  168  168  169  171
  174  175  176  176  176  176  176  176  176  176  176  174  172  170  167  165
  162  160  156  153  149  144  140  136  134  134  135  138  142  147  151  155
  156  158  160  160  162  163  171  168  170                                   
    60.0-180.0 180.0   5.0 450.0                            LAT/LON1/LON2/DLON/H
  175  187  191  191  188  188  186  186  186  187  186  186  185  184  182  181
  180  180  181  182  183  183  182  180  177  174  171  169  168  169  172  175
  179  181  183  183  183  183  184  186  187  187  187  185  182  178  174  170
  166  162  158  153  147  141  136  131  128  127  129  132  137  142  147  152
  155  158  161  162  164  168  177  174  175                                   
    57.5-180.0 180.0   5.0 450.0                            LAT/LON1/LON2/DLON/H
  177  191  195  196  193  194  192  193  193  195  194  194  192  190  186  183
  181  180  179  178  178  178  177  175  173  171  169  169  170  172  176  181
  185  188  189  190  190  191  193  196  198  200  200  197  193  187  181  176
  170  165  159  153  147  140  133  127  123  122  123  126  131  136  142  147
  150  154  158  159  163  168  178  176  177                                   
    55.0-180.0 180.0   5.0 450.0                            LAT/LON1/LON2/DLON/H
  176  191  196  198  196  199  198  200  201  204  204  203  200  196  192  187
  183  179  176  174  172  171  171  170  170  169  169  170  173  177  182  187
  192  195  197  197  198  200  203  207  210  213  213  210  204  197  189  181
  174  167  161  154  147  139  132  126  122  120  120  122  126  131  136  140
  144  147  151  153  158  164  175  174  176                                   
    52.5-180.0 180.0   5.0 450.0                            LAT/LON1/LON2/DLON/H
  173  188  194  197  198  203  204  208  211  214  214  213  210  204  198  191
  185  180  175  170  167  166  166  166  168  170  172  174  178  183  189  194
  199  203  204  205  206  208  212  217  222  226  226  222  215  205  195  186
  177  170  163  156  149  142  135  128  124  121  120  121  124  127  131  134
  136  139  143  145  150  157  169  169  173                                   
    50.0-180.0 180.0   5.0 450.0                            LAT/LON1/LON2/DLON/H
  168  184  190  196  199  207  211  218  222  227  227  225  221  214  206  198
  190  183  176  170  166  164  164  166  169  173  177  181  185  191  197  203
  208  212  214  214  216  218  223  229  234  238  238  233  225  213  202  191
  181  174  167  160  154  147  141  135  131  127  126  125  125  126  128  130
  131  133  136  138  143  150  161  162  168                                   
    47.5-180.0 180.0   5.0 450.0                            LAT/LON1/LON2/DLON/H
  163  180  187  195  200  211  219  228  235  240  241  239  233  225  216  207
  198  189  181  174  169  166  167  170  174  180  185  189  195  200  207  213
  219  223  225  226  227  230  235  240  246  250  249  244  234  221  208  196
  186  178  172  166  161  156  151  146  141  138  135  133  131  130  129  129
  128  129  132  133  138  144  155  156  163                                   
    45.0-180.0 180.0   5.0 450.0                            LAT/LON1/LON2/DLON/H
  160  178  185  195  202  217  227  238  247  254  256  253  247  237  227  217
  208  199  191  183  177  175  176  179  184  189  195  200  205  211  218  225
  232  237  240  241  243  245  249  254  259  261  260  254  243  229  215  202
  192  184  179  174  170  166  163  159  155  151  148  144  140  137  134  131
  129  129  130  131  135  140  150  152  160                                   
    42.5-180.0 180.0   5.0 450.0                            LAT/LON1/LON2/DLON/H
  159  177  186  196  206  222  234  247  258  266  268  266  259  250  239  229
  220  212  204  197  192  190  190  193  198  203  207  212  218  224  232  240
  248  255  259  261  262  263  265  269  272  274  271  264  252  238  223  210
  200  192  187  183  180  178  175  172  169  165  161  156  151  145  141  137
  133  132  133  133  136  140  148  151  159                                   
    40.0-180.0 180.0   5.0 450.0                            LAT/LON1/LON2/DLON/H
  159  179  188  200  210  227  240  254  265  274  278  276  270  261  251  241
  234  227  221  216  212  209  209  212  215  219  223  227  233  240  249  259
  268  276  282  284  285  285  285  286  287  287  284  276  263  248  232  219
  208  200  195  192  190  189  187  184  180  176  172  167  161  154  148  143
  138  137  137  136  139  142  149  152  159                                   
    37.5-180.0 180.0   5.0 450.0                            LAT/LON1/LON2/DLON/H
  162  182  192  204  215  230  244  257  269  279  283  283  278  269  260  253
  247  243  240  237  235  233  233  234  236  238  241  245  251  259  270  281
  293  302  308  311  311  309  306  305  304  302  297  288  274  258  242  228
  216  208  203  200  198  197  195  192  188  184  179  174  169  162  155  150
  144  143  142  141  143  145  152  154  162                                   
    35.0-180.0 180.0   5.0 450.0                            LAT/LON1/LON2/DLON/H
  165  186  197  208  219  233  245  258  269  279  285  286  283  276  269  263
  260  259  259  260  259  259  259  259  259  260  263  267  274  283  295  308
  321  331  337  339  337  333  328  324  321  317  310  299  285  267  250  235
  223  214  207  204  202  201  199  195  191  186  182  178  173  167  160  155
  149  148  147  146  147  149  155  157  165                                   
    32.5-180.0 180.0   5.0 450.0                            LAT/LON1/LON2/DLON/H
  170  190  202  212  223  234  246  256  267  277  284  287  286  281  276  273
  273  275  278  282  284  286  286  286  286  286  289  294  301  312  325  338
  351  359  364  364  361  355  347  341  335  329  321  309  292  274  255  239
  225  215  208  204  202  201  198  195  190  185  181  178  174  169  163  158
  153  152  151  150  150  151  158  160  170                                   
    30.0-180.0 180.0   5.0 450.0                            LAT/LON1/LON2/DLON/H
  175  195  208  217  227  237  246  254  264  274  283  288  289  287  285  284
  286  291  297  304  309  312  313  313  314  316  319  325  334  345  357  370
  380  386  388  385  379  371  362  353  346  338  328  314  295  275  255  238
  223  212  204  199  197  196  194  191  186  182  179  177  174  169  164  159
  154  154  153  153  152  153  160  163  175                                   
    27.5-180.0 180.0   5.0 450.0                            LAT/LON1/LON2/DLON/H
  181  199  213  222  232  241  249  255  264  274  283  291  295  296  296  297
  301  308  317  325  332  337  340  342  344  348  353  360  369  379  390  399
  405  407  405  399  390  380  369  359  350  340  327  311  292  270  250  231
  216  204  195  191  190  189  188  185  181  177  175  174  172  168  163  158
  154  154  154  154  153  154  161  165  181                                   
    25.0-180.0 180.0   5.0 450.0                            LAT/LON1/LON2/DLON/H
  186  205  218  228  239  247  254  260  269  278  288  297  304  307  310  313
  319  327  337  347  355  361  366  370  376  382  389  397  404  412  418  423
  424  421  414  405  394  383  371  359  347  335  320  302  281  260  239  221
  205  193  185  180  180  181  181  180  177  174  173  172  170  166  161  156
  153  154  154  154  154  155  162  167  186                                   
    22.5-180.0 180.0   5.0 450.0                            LAT/LON1/LON2/DLON/H
  191  210  223  234  246  255  263  269  278  288  298  308  316  323  327  333
  339  349  359  370  378  385  391  398  406  414  423  429  434  437  439  438
  434  426  417  405  393  380  367  354  340  324  307  288  266  245  225  207
  193  181  173  170  170  172  174  174  173  171  171  170  168  163  158  154
  150  152  152  152  153  155  162  168  191                                   
    20.0-180.0 180.0   5.0 450.0                            LAT/LON1/LON2/DLON/H
  194  213  227  239  252  262  272  279  290  300  311  322  332  340  347  355
  363  372  383  393  401  408  414  423  432  442  450  454  455  453  449  443
  436  427  415  403  390  377  363  347  330  312  293  272  250  229  211  195
  182  171  163  160  161  165  168  170  170  169  169  169  166  161  155  150
  147  149  149  150  151  153  161  168  194                                   
    17.5-180.0 180.0   5.0 450.0                            LAT/LON1/LON2/DLON/H
  194  215  229  242  256  268  280  290  302  313  324  336  347  358  367  377
  386  397  407  416  423  428  435  443  453  463  468  468  464  457  449  441
  433  424  414  402  389  376  360  342  322  301  280  258  237  218  201  187
  175  164  157  154  156  160  164  167  167  168  168  167  163  157  151  146
  143  144  145  146  148  150  157  165  194                                   
    15.0-180.0 180.0   5.0 450.0                            LAT/LON1/LON2/DLON/H
  191  213  227  242  257  271  285  297  310  322  334  346  359  372  384  396
  407  419  429  437  442  446  451  458  466  473  475  471  462  452  443  435
  429  422  414  404  392  378  361  341  319  296  272  250  230  212  197  184
  173  163  156  153  154  158  163  165  166  166  165  164  159  153  146  141
  137  138  139  139  142  145  152  161  191                                   
    12.5-180.0 180.0   5.0 450.0                            LAT/LON1/LON2/DLON/H
  184  207  222  237  254  270  286  299  313  326  338  351  365  379  394  409
  423  435  446  452  455  457  460  465  470  473  471  463  452  442  434  429
  426  422  417  410  399  384  365  344  320  295  271  250  230  214  200  187
  176  166  159  156  157  160  163  165  164  163  161  158  153  146  140  134
  131  131  131  131  133  137  144  153  184                                   
    10.0-180.0 180.0   5.0 450.0                            LAT/LON1/LON2/DLON/H
  172  197  213  230  248  265  283  296  311  324  335  348  363  380  397  414
  430  444  454  460  462  462  462  464  466  466  461  451  440  431  426  424
  425  425  423  417  406  390  371  348  324  299  276  255  236  220  206  193
  181  171  164  161  161  163  165  164  161  158  154  150  145  138  132  127
  123  123  122  121  123  126  134  144  172                                   
     7.5-180.0 180.0   5.0 450.0                            LAT/LON1/LON2/DLON/H
  159  184  201  220  240  258  278  291  306  317  328  341  356  374  392  411
  428  443  454  459  460  459  457  457  456  453  447  439  430  425  423  425
