data/edconvlstm_nd/pred1370.15i
     1.0            IONOSPHERE MAPS     GNSS                IONEX VERSION / TYPE
pyspatialgeodesy        IME             05-JAN-18 20:20     PGM / RUN BY / DATE 
Map Name                                                    COMMENT             
Predicted global ionosphere maps (GIM).                     DESCRIPTION         
  2015     5    17     0     0     0                        EPOCH OF FIRST MAP  
  2015     5    18     0     0     0                        EPOCH OF LAST MAP   
  7200                                                      INTERVAL            
    13                                                      # OF MAPS IN FILE   
  NONE                                                      MAPPING FUNCTION    
10.0                                                        ELEVATION CUTOFF    
One-way carrier phase leveled to code                       OBSERVABLES USED    
  6371.0                                                    BASE RADIUS         
 2                                                          MAP DIMENSION       
   450.0 450.0   0.0                                        HGT1 / HGT2 / DHGT  
    87.5 -87.5  -2.5                                        LAT1 / LAT2 / DLAT  
  -180.0 180.0   5.0                                        LON1 / LON2 / DLON  
    -1                                                      EXPONENT            
                                                            END OF HEADER       
[from data line 429]
     2                                                      START OF TEC MAP    
  2015     5    17     2     0     0                        EPOCH OF CURRENT MAP
    87.5-180.0 180.0   5.0 450.0                            LAT/LON1/LON2/DLON/H
  204  207  210  209  209  208  205  205  206  207  207  208  209  209  209  209
  209  208  208  207  206  205  204  202  201  200  198  197  196  194  193  192
  192  191  191  190  190  190  191  191  191  192  193  194  194  195  196  196
  197  198  198  198  199  199  199  199  200  200  200  200  199  199  199  199
  200  202  202  203  204  202  197  202  204                                   
    85.0-180.0 180.0   5.0 450.0                            LAT/LON1/LON2/DLON/H
  213  212  203  209  215  213  212  212  214  215  215  216  217  217  217  217
  216  215  214  213  212  210  208  206  205  203  201  199  197  196  194  193
  193  192  192  192  192  193  193  194  195  196  198  199  200  201  203  204
  205  206  206  207  208  208  208  209  209  209  209  209  209  208  208  208
  209  210  209  212  206  204  200  201  213                                   
    82.5-180.0 180.0   5.0 450.0                            LAT/LON1/LON2/DLON/H
  214  211  211  212  215  214  214  216  219  220  221  222  223  223  223  222
  221  220  218  216  213  211  208  205  202  199  196  194  191  189  188  186
  185  185  185  185  186  187  188  190  192  194  196  198  200  201  203  205
  207  208  209  210  211  212  213  213  213  213  213  213  213  212  211  212
  211  212  210  211  212  201  200  193  214                                   
    80.0-180.0 180.0   5.0 450.0                            LAT/LON1/LON2/DLON/H
  212  214  209  211  214  216  219  223  227  228  230  232  233  233  233  231
  230  227  224  221  218  214  210  206  202  199  195  192  189  187  185  184
  183  183  184  185  186  188  190  192  195  198  200  203  205  208  210  212
  214  216  218  219  220  221  221  221  221  221  221  220  219  218  218  218
  217  216  213  213  217  207  209  196  212                                   
    77.5-180.0 180.0   5.0 450.0                            LAT/LON1/LON2/DLON/H
  217  214  212  215  216  218  224  228  233  236  238  240  242  241  240  238
  235  231  227  223  218  214  209  205  201  197  193  190  187  185  183  183
  183  184  185  187  189  192  195  197  201  204  207  210  212  215  218  220
  222  224  225  227  227  228  228  228  228  227  227  226  225  223  223  223
  222  221  217  216  220  213  210  203  217                                   
    75.0-180.0 180.0   5.0 450.0                            LAT/LON1/LON2/DLON/H
  222  219  215  218  219  223  229  233  238  242  244  247  248  247  244  240
  236  231  225  220  215  210  206  202  198  194  190  187  185  183  183  183
  183  185  187  190  193  196  200  203  206  209  213  216  219  221  224  226
  228  230  231  232  233  233  233  232  232  231  229  228  227  226  225  226
  225  225  221  216  218  215  213  212  222                                   
    72.5-180.0 180.0   5.0 450.0                            LAT/LON1/LON2/DLON/H
  220  221  219  221  222  225  231  235  241  245  248  251  251  249  245  239
  233  226  220  214  209  204  200  197  193  190  187  184  182  181  181  182
  184  187  190  193  196  200  203  206  209  213  216  219  222  225  228  230
  232  234  235  235  235  235  234  233  232  231  229  228  226  225  225  226
  225  226  225  222  222  217  217  219  220                                   
    70.0-180.0 180.0   5.0 450.0                            LAT/LON1/LON2/DLON/H
  224  223  222  224  224  226  231  237  243  248  251  254  254  251  245  237
  229  221  214  208  203  199  196  192  189  186  183  181  179  179  179  181
  183  186  189  192  196  199  201  204  207  211  214  218  221  225  228  231
  233  234  234  234  234  233  232  231  229  227  225  224  222  221  221  223
  224  226  226  225  227  224  225  228  224                                   
    67.5-180.0 180.0   5.0 450.0                            LAT/LON1/LON2/DLON/H
  227  226  225  226  224  225  230  235  242  247  252  255  256  252  246  237
  228  219  211  205  201  197  194  191  188  184  181  179  177  176  177  178
  180  183  185  188  190  192  195  197  200  203  207  211  216  221  224  227
  230  231  231  231  230  229  228  226  224  222  220  218  217  216  216  218
  220  223  225  225  228  227  229  235  227                                   
    65.0-180.0 180.0   5.0 450.0                            LAT/LON1/LON2/DLON/H
  228  227  225  226  222  222  225  229  237  243  249  254  256  253  247  238
  228  219  211  205  201  198  194  191  187  183  179  176  174  173  174  174
  176  177  179  180  181  182  183  185  187  191  196  202  208  213  218  222
  225  226  226  226  226  225  224  222  221  219  216  214  212  211  211  213
  216  220  223  225  229  229  233  239  228                                   
    62.5-180.0 180.0   5.0 450.0                            LAT/LON1/LON2/DLON/H
  231  229  228  227  223  219  220  223  230  236  243  250  253  253  248  241
  232  224  217  211  207  203  199  194  189  183  179  175  173  172  171  171
  171  171  171  171  170  170  170  172  174  179  185  192  200  207  213  218
  221  223  224  224  224  224  224  223  222  220  218  216  213  212  211  213
  215  219  223  226  230  232  235  240  231                                   
    60.0-180.0 180.0   5.0 450.0                            LAT/LON1/LON2/DLON/H
  234  234  232  230  225  218  216  217  222  227  235  242  248  249  248  243
  237  230  225  220  216  211  205  199  192  185  179  175  173  172  171  169
  168  166  164  162  160  159  158  159  162  167  175  184  193  202  209  215
  219  221  223  225  226  227  228  229  229  227  225  223  220  218  217  218
  219  223  226  229  233  234  237  240  234                                   
    57.5-180.0 180.0   5.0 450.0                            LAT/LON1/LON2/DLON/H
  242  242  240  237  232  222  217  214  216  218  224  232  238  243  244  243
  240  237  233  230  225  220  213  205  196  188  183  179  177  175  174  171
  168  164  159  156  152  150  150  150  153  159  167  178  189  199  208  214
  219  223  226  229  233  236  239  240  241  241  239  236  233  230  228  228
  228  231  234  236  239  239  240  242  242                                   
    55.0-180.0 180.0   5.0 450.0                            LAT/LON1/LON2/DLON/H
  252  254  252  249  244  233  225  218  215  213  215  221  227  233  237  239
  240  241  240  238  234  228  220  211  202  194  189  187  185  184  182  178
  172  166  160  154  150  148  146  147  149  155  164  175  187  198  208  216
  222  227  232  238  243  249  254  257  259  259  258  255  251  247  244  243
  243  244  247  247  249  247  247  248  252                                   
    52.5-180.0 180.0   5.0 450.0                            LAT/LON1/LON2/DLON/H
  266  268  267  265  261  250  240  228  220  213  210  212  216  221  227  233
  237  240  242  242  239  234  226  217  209  204  201  200  199  198  195  189
  181  172  165  158  153  150  148  148  150  154  163  174  187  200  211  220
  227  234  242  250  258  266  272  277  280  281  280  277  273  268  264  262
  261  262  264  262  262  259  257  260  266                                   
    50.0-180.0 180.0   5.0 450.0                            LAT/LON1/LON2/DLON/H
  281  284  284  283  279  270  260  246  234  221  212  208  209  212  218  225
  232  238  242  244  243  238  232  225  220  217  216  217  218  217  212  204
  193  183  174  166  161  158  155  153  154  157  164  175  189  202  215  225
  235  244  254  265  276  286  294  299  302  303  303  300  296  290  285  283
  282  283  285  281  280  275  274  278  281                                   
    47.5-180.0 180.0   5.0 450.0                            LAT/LON1/LON2/DLON/H
  298  299  300  301  298  292  283  268  253  236  222  212  208  209  213  220
  227  234  240  244  244  242  239  235  233  233  235  238  239  236  230  219
  206  194  184  177  172  168  165  162  160  161  167  177  191  205  219  232
  244  256  268  282  295  306  315  321  324  325  324  322  317  311  306  303
  303  305  307  304  302  295  295  302  298                                   
    45.0-180.0 180.0   5.0 450.0                            LAT/LON1/LON2/DLON/H
  318  314  315  317  314  310  303  290  275  255  238  224  215  212  214  219
  226  233  240  244  246  247  246  245  247  250  255  258  259  255  245  232
  218  205  195  188  184  180  176  171  167  166  170  180  194  209  225  240
  254  268  283  298  313  326  335  340  343  344  344  341  337  330  324  321
  322  327  330  328  326  319  320  329  318                                   
    42.5-180.0 180.0   5.0 450.0                            LAT/LON1/LON2/DLON/H
  338  329  328  330  326  324  319  308  295  276  258  242  230  224  223  225
  230  236  242  247  250  252  254  257  261  267  273  276  275  269  257  242
  227  213  204  198  194  191  185  179  173  171  174  183  197  214  232  249
  265  281  298  315  331  345  354  359  362  362  362  360  355  348  342  339
  341  347  352  353  353  346  349  360  338                                   
    40.0-180.0 180.0   5.0 450.0                            LAT/LON1/LON2/DLON/H
  361  345  341  340  333  331  327  320  310  294  277  262  250  242  239  238
  240  244  248  252  256  259  263  268  274  281  287  290  287  278  264  248
  233  220  211  206  203  199  194  186  179  176  178  186  201  219  239  258
  276  294  312  330  348  363  373  379  382  383  383  381  376  369  362  359
  361  369  375  379  381  378  382  392  361                                   
    37.5-180.0 180.0   5.0 450.0                            LAT/LON1/LON2/DLON/H
  387  367  357  352  342  336  331  326  319  307  294  282  272  264  259  256
  256  256  258  261  264  268  272  279  286  294  300  300  295  284  269  252
  237  225  217  212  210  206  200  193  185  181  182  190  204  223  244  266
  285  304  323  343  363  380  394  402  407  409  410  408  403  396  388  385
  387  394  402  407  412  414  418  427  387                                   
    35.0-180.0 180.0   5.0 450.0                            LAT/LON1/LON2/DLON/H
  421  400  383  371  356  346  337  332  327  318  308  300  292  286  281  276
  273  271  270  271  274  277  283  290  299  307  311  310  302  289  273  256
  240  229  221  217  215  212  206  199  191  187  188  194  208  226  248  270
  291  310  330  351  373  395  413  426  435  440  443  442  438  431  424  419
  421  427  435  441  448  456  459  465  421                                   
    32.5-180.0 180.0   5.0 450.0                            LAT/LON1/LON2/DLON/H
  466  448  426  406  386  369  355  347  339  331  323  317  312  307  301  295
  289  285  282  282  283  287  293  302  312  321  324  321  310  295  277  259
  244  232  224  220  218  215  210  204  197  193  193  198  209  226  247  270
  291  310  331  353  379  405  428  447  461  470  477  480  478  473  466  462
  465  470  477  482  491  504  505  508  466                                   
    30.0-180.0 180.0   5.0 450.0                            LAT/LON1/LON2/DLON/H
  520  511  489  465  440  417  394  379  367  355  346  339  334  328  321  313
  304  298  294  292  293  297  305  316  328  337  340  334  320  302  282  263
  248  235  227  222  219  217  213  207  202  198  197  200  208  222  242  264
  285  305  326  350  378  409  438  463  483  497  508  515  517  515  511  509
  513  519  526  528  541  556  555  556  520                                   
    27.5-180.0 180.0   5.0 450.0                            LAT/LON1/LON2/DLON/H
  582  584  570  548  520  493  463  439  419  400  385  374  364  355  343  331
  320  312  305  302  302  308  318  333  347  356  357  348  331  310  288  268
  252  238  228  222  218  215  212  207  203  200  198  198  203  214  231  253
  274  295  317  344  376  412  446  477  501  520  535  545  551  553  553  554
  561  569  575  576  591  607  605  606  582                                   
    25.0-180.0 180.0   5.0 450.0                            LAT/LON1/LON2/DLON/H
  646  657  658  646  621  595  560  528  498  469  445  425  408  391  373  355
  340  328  320  315  315  321  334  352  368  377  375  363  342  318  294  273
  255  239  227  219  214  211  207  203  199  197  194  193  195  203  217  237
  260  283  307  337  373  413  452  486  514  537  555  569  578  585  589  594
  604  614  619  621  638  652  652  657  646                                   
    22.5-180.0 180.0   5.0 450.0                            LAT/LON1/LON2/DLON/H
  704  722  739  742  724  705  672  637  599  562  527  497  470  442  414  389
  368  353  342  334  333  339  354  372  389  396  391  374  349  322  297  274
  255  238  224  215  209  204  199  195  191  189  187  185  184  189  201  220
  243  268  297  330  370  413  454  490  520  545  566  583  597  608  617  627
  640  650  655  659  676  685  692  703  704                                   
    20.0-180.0 180.0   5.0 450.0                            LAT/LON1/LON2/DLON/H
  753  772  803  819  810  803  778  747  708  665  623  583  545  507  468  434
  408  388  373  362  358  363  376  394  408  411  400  378  350  320  294  270
  250  233  219  209  201  194  188  183  180  178  177  174  172  174  184  201
  226  254  287  324  367  412  454  490  520  547  570  590  608  624  638  652
  667  678  683  689  704  707  722  741  753                                   
    17.5-180.0 180.0   5.0 450.0                            LAT/LON1/LON2/DLON/H
  786  804  843  866  865  872  859  837  803  762  718  673  627  579  532  491
  458  434  415  401  392  393  402  414  422  418  401  372  339  308  281  258
  240  224  211  201  192  184  176  170  167  166  166  164  161  161  168  185
  210  241  278  319  364  410  452  488  518  545  570  594  615  635  654  672
  689  700  705  712  724  720  742  766  786                                   
    15.0-180.0 180.0   5.0 450.0                            LAT/LON1/LON2/DLON/H
  804  818  856  877  884  900  901  890  866  832  792  748  700  649  597  552
  516  488  466  447  433  426  427  430  429  414  387  351  314  283  258  240
  225  212  201  191  181  172  164  158  155  155  156  154  151  150  155  170
  196  229  269  314  361  406  448  484  515  544  572  598  623  647  669  689
  706  716  721  729  737  729  755  779  804                                   
    12.5-180.0 180.0   5.0 450.0                            LAT/LON1/LON2/DLON/H
  811  819  848  860  868  890  899  897  884  861  829  791  748  699  649  605
  570  543  520  496  475  459  448  439  423  395  356  314  277  249  230  217
  208  198  189  179  170  160  152  146  144  145  147  146  143  141  144  158
  183  217  260  306  354  399  441  478  512  543  574  603  632  659  683  704
  721  730  736  744  748  740  766  786  811                                   
    10.0-180.0 180.0   5.0 450.0                            LAT/LON1/LON2/DLON/H
  816  819  833  832  835  853  863  866  859  844  822  793  758  716  673  636
  608  586  563  538  510  483  459  434  402  361  314  269  235  213  202  195
  191  185  177  169  159  149  141  135  134  136  138  138  136  133  135  147
  170  205  248  295  343  389  432  470  507  542  576  610  641  671  697  717
  733  741  749  758  761  756  780  796  816                                   
     7.5-180.0 180.0   5.0 450.0                            LAT/LON1/LON2/DLON/H
  828  829  827  810  802  812  814  813  806  793  777  756  729  696  663  635
  617  602  584  559  527  491  453  412  366  315  265  224  197  184  180  179
