data/edconvlstm_nd/pred2590.15i
     1.0            IONOSPHERE MAPS     GNSS                IONEX VERSION / TYPE
pyspatialgeodesy        IME             05-JAN-18 20:20     PGM / RUN BY / DATE 
Map Name                                                    COMMENT             
Predicted global ionosphere maps (GIM).                     DESCRIPTION         
  2015     9    16     0     0     0                        EPOCH OF FIRST MAP  
  2015     9    17     0     0     0                        EPOCH OF LAST MAP   
  7200                                                      INTERVAL            
    13                                                      # OF MAPS IN FILE   
  NONE                                                      MAPPING FUNCTION    
10.0                                                        ELEVATION CUTOFF    
One-way carrier phase leveled to code                       OBSERVABLES USED    
  6371.0                                                    BASE RADIUS         
 2                                                          MAP DIMENSION       
   450.0 450.0   0.0                                        HGT1 / HGT2 / DHGT  
    87.5 -87.5  -2.5                                        LAT1 / LAT2 / DLAT  
  -180.0 180.0   5.0                                        LON1 / LON2 / DLON  
    -1                                                      EXPONENT            
                                                            END OF HEADER       
[from data line 3861]
    10                                                      START OF TEC MAP    
  2015     9    16    18     0     0                        EPOCH OF CURRENT MAP
    87.5-180.0 180.0   5.0 450.0                            LAT/LON1/LON2/DLON/H
   98  101   97  101  105  104  103  100  101  104  103  104  105  106  106  107
  108  108  109  109  109  108  108  107  106  105  104  103  102  101  100   99
   98   97   96   96   95   95   95   95   95   95   95   96   96   97   97   98
   99   99  100  100  101  101  101  101  101  101  101  101  101  101  100  100
  100   99   96   93   98   95  109  108   98                                   
    85.0-180.0 180.0   5.0 450.0                            LAT/LON1/LON2/DLON/H
  103  100  110   95   96  101  100  102  103  105  105  107  108  109  111  112
  113  113  114  114  114  114  113  112  111  110  108  107  105  103  102  100
   99   98   97   96   95   95   94   94   94   95   95   96   97   98   99   99
  100  101  102  102  103  103  104  104  104  104  104  103  103  103  102  102
  102  100   96   91   92   92   97   96  103                                   
    82.5-180.0 180.0   5.0 450.0                            LAT/LON1/LON2/DLON/H
   85   87   89   83   86   91   94   95   96   99  100  103  105  107  109  111
  113  114  115  116  116  116  115  113  112  110  107  105  102  100   97   95
   93   91   89   88   87   86   85   85   86   86   87   88   89   91   92   94
   95   97   98   99  100  100  101  101  101  101  101  100   99   99   98   97
   96   94   89   87   88   96   89   87   85                                   
    80.0-180.0 180.0   5.0 450.0                            LAT/LON1/LON2/DLON/H
   67   68   74   70   72   73   78   82   85   89   91   96   99  102  105  108
  111  113  114  115  115  114  113  111  108  105  102   98   95   91   87   84
   81   78   76   74   72   71   70   70   70   71   73   74   76   78   80   83
   85   86   88   89   90   91   91   91   91   91   90   90   89   88   87   86
   85   84   80   78   74   78   74   79   67                                   
    77.5-180.0 180.0   5.0 450.0                            LAT/LON1/LON2/DLON/H
   68   63   64   62   65   67   72   75   79   83   86   91   95  100  105  109
  113  116  119  120  120  120  118  115  112  108  103   98   94   89   84   80
   76   73   69   66   64   62   61   60   61   61   63   65   67   70   72   75
   77   80   81   82   83   84   84   84   84   83   83   83   82   81   80   79
   78   77   74   72   70   69   67   73   68                                   
    75.0-180.0 180.0   5.0 450.0                            LAT/LON1/LON2/DLON/H
   59   57   55   56   59   63   66   70   75   79   83   89   94   99  104  110
  114  118  122  124  124  124  122  119  115  110  105  100   94   89   85   80
   76   72   68   65   62   59   57   56   56   56   57   59   61   64   67   69
   72   74   75   76   76   76   76   75   75   75   75   75   75   74   74   74
   73   73   71   67   65   62   59   57   59                                   
    72.5-180.0 180.0   5.0 450.0                            LAT/LON1/LON2/DLON/H
   58   55   53   57   58   62   66   69   72   76   80   85   90   96  102  108
  113  118  122  125  126  126  124  121  116  111  105   99   93   88   83   79
   75   70   67   63   59   56   53   51   49   49   49   51   53   55   58   61
   63   65   65   66   65   64   64   63   62   62   63   63   64   64   65   65
   65   65   64   60   57   56   55   57   58                                   
    70.0-180.0 180.0   5.0 450.0                            LAT/LON1/LON2/DLON/H
   56   54   53   56   58   61   64   67   71   75   79   84   89   94  100  106
  111  117  121  125  127  127  125  122  117  111  105   99   94   89   85   82
   78   74   70   66   62   58   54   51   49   47   47   48   49   51   54   56
   57   58   58   57   56   55   53   52   51   51   52   53   55   56   58   59
   60   60   60   57   56   55   57   58   56                                   
    67.5-180.0 180.0   5.0 450.0                            LAT/LON1/LON2/DLON/H
   56   55   54   59   62   64   68   71   74   77   80   85   89   94   99  105
  111  116  121  125  128  128  126  123  117  111  105   99   94   90   87   84
   81   78   74   70   66   61   57   53   50   47   46   46   47   48   50   52
   53   53   52   51   49   46   44   43   42   42   43   45   47   49   51   53
   54   55   54   52   51   52   52   53   56                                   
    65.0-180.0 180.0   5.0 450.0                            LAT/LON1/LON2/DLON/H
   53   54   54   59   62   65   68   71   75   78   81   85   89   93   98  103
  109  114  120  124  127  127  126  122  116  110  104   98   94   92   90   88
   86   83   80   76   71   66   61   57   53   50   48   47   47   47   49   49
   49   49   47   44   41   38   36   34   33   34   35   37   39   41   44   46
   48   49   50   49   49   51   52   54   53                                   
    62.5-180.0 180.0   5.0 450.0                            LAT/LON1/LON2/DLON/H
   50   52   53   58   62   66   69   72   75   78   82   86   90   94   98  103
  108  114  119  123  127  127  126  122  116  109  103   98   95   94   93   92
   90   88   85   81   76   71   66   61   57   53   51   49   48   48   48   48
   47   45   43   39   36   33   30   29   28   28   30   31   34   36   38   40
   41   42   43   42   43   46   48   49   50                                   
    60.0-180.0 180.0   5.0 450.0                            LAT/LON1/LON2/DLON/H
   46   50   51   57   60   63   67   70   74   77   81   86   90   95   99  104
  108  113  118  122  126  127  125  121  116  109  104  100   98   97   97   97
   96   94   91   86   82   77   72   68   63   59   56   54   52   51   50   49
   46   43   40   36   32   29   27   26   25   26   27   28   30   31   33   34
   35   36   36   36   38   42   45   47   46                                   
    57.5-180.0 180.0   5.0 450.0                            LAT/LON1/LON2/DLON/H
   43   48   50   56   60   63   67   70   73   77   81   87   92   97  102  106
  110  114  118  122  126  127  126  123  118  112  108  105  104  104  105  105
  104  102   98   94   90   86   81   77   73   69   65   62   60   58   56   53
   49   45   40   36   32   29   28   27   27   28   29   29   30   30   31   31
   32   32   33   33   35   39   42   45   43                                   
    55.0-180.0 180.0   5.0 450.0                            LAT/LON1/LON2/DLON/H
   43   49   52   59   62   66   70   72   75   77   82   88   94  100  105  108
  112  115  118  122  125  128  128  126  122  118  115  113  113  114  115  116
  114  111  107  103   99   96   92   88   84   80   76   73   69   66   63   58
   53   48   43   38   34   32   32   32   33   33   33   33   33   32   32   32
   31   32   33   32   35   38   42   45   43                                   
    52.5-180.0 180.0   5.0 450.0                            LAT/LON1/LON2/DLON/H
   46   53   58   65   69   73   76   78   79   81   85   91   98  104  108  111
  114  115  118  121  125  128  130  130  128  126  124  124  124  126  127  127
  125  121  118  114  110  108  105  101   97   92   88   84   80   76   72   66
   60   54   48   43   40   39   39   40   41   41   41   40   39   37   36   35
   35   35   36   36   38   41   44   47   46                                   
    50.0-180.0 180.0   5.0 450.0                            LAT/LON1/LON2/DLON/H
   53   61   68   76   81   86   89   90   89   90   93   98  104  109  113  115
  116  117  119  122  126  130  133  136  136  136  136  136  137  138  139  138
  135  132  128  125  123  120  117  114  109  104  100   95   91   87   82   76
   69   62   56   52   49   48   49   51   52   52   51   49   47   45   43   42
   42   43   44   44   45   47   49   51   53                                   
    47.5-180.0 180.0   5.0 450.0                            LAT/LON1/LON2/DLON/H
   63   72   81   91   97  103  106  107  105  105  106  109  114  118  120  121
  121  120  121  124  128  133  139  143  146  147  148  149  149  149  148  146
  143  140  138  136  135  133  130  125  120  114  109  105  101   97   92   86
   80   73   67   63   60   60   61   63   64   64   63   61   57   55   53   52
   52   53   54   54   54   55   56   58   63                                   
    45.0-180.0 180.0   5.0 450.0                            LAT/LON1/LON2/DLON/H
   74   85   94  106  113  121  125  127  125  124  124  125  128  130  130  129
  128  126  126  129  133  139  146  152  156  159  160  160  158  156  154  151
  149  147  146  146  145  144  140  135  128  122  117  113  110  106  102   97
   90   84   79   75   73   73   74   75   77   76   75   72   69   66   64   63
   63   64   66   65   65   65   65   66   74                                   
    42.5-180.0 180.0   5.0 450.0                            LAT/LON1/LON2/DLON/H
   84   95  106  119  128  138  143  147  146  146  145  145  146  145  144  141
  138  136  135  137  142  148  155  161  166  169  169  167  164  160  156  153
  152  151  152  154  155  154  149  142  134  127  122  119  117  114  110  106
  100   95   90   86   84   84   85   87   87   87   86   84   81   78   76   75
   74   75   76   76   74   73   72   73   84                                   
    40.0-180.0 180.0   5.0 450.0                            LAT/LON1/LON2/DLON/H
   91  102  113  128  138  149  157  163  165  167  167  167  166  164  160  155
  151  149  148  150  153  159  164  170  174  176  176  172  167  162  157  155
  154  156  159  163  164  163  157  149  140  132  127  124  122  120  117  113
  108  103   99   96   94   93   94   95   96   96   95   93   91   89   87   86
   84   84   84   83   80   78   77   78   91                                   
    37.5-180.0 180.0   5.0 450.0                            LAT/LON1/LON2/DLON/H
   94  105  115  131  142  154  165  175  181  186  188  189  187  183  178  172
  168  164  164  165  168  171  175  179  181  182  181  176  170  165  160  159
  160  164  169  173  175  173  166  156  145  137  132  129  127  124  121  117
  113  109  105  102  100   99   99  100  100  101  101  101  100   98   96   94
   91   90   89   86   82   80   78   81   94                                   
    35.0-180.0 180.0   5.0 450.0                            LAT/LON1/LON2/DLON/H
   93  103  113  128  140  153  166  180  190  199  205  208  207  203  197  191
  186  182  181  182  183  184  185  187  187  188  186  182  177  172  169  170
  173  178  183  188  189  186  177  165  153  144  138  135  131  128  124  119
  115  111  107  104  102  101  101  101  102  103  104  105  105  104  102   99
   95   92   90   86   82   79   77   80   93                                   
    32.5-180.0 180.0   5.0 450.0                            LAT/LON1/LON2/DLON/H
   90   99  109  122  134  147  162  179  194  207  217  223  224  221  215  209
  204  201  200  199  199  198  196  195  194  194  194  192  190  188  188  191
  195  200  205  208  208  202  191  178  164  154  147  141  136  131  125  119
  114  110  106  103  101  100   99  100  101  103  105  107  108  108  106  102
   97   93   90   85   81   77   76   79   90                                   
    30.0-180.0 180.0   5.0 450.0                            LAT/LON1/LON2/DLON/H
   87   96  105  116  127  139  156  174  193  210  225  234  238  236  232  227
  222  219  217  216  214  211  207  205  204  205  208  210  212  215  219  223
  228  232  234  234  231  222  209  194  179  167  157  150  142  133  125  118
  112  107  103  100   98   97   97   98  100  102  105  108  110  110  107  104
   98   93   90   85   80   77   75   79   87                                   
    27.5-180.0 180.0   5.0 450.0                            LAT/LON1/LON2/DLON/H
   86   94  103  112  122  133  150  169  190  210  228  240  247  249  247  243
  239  236  234  232  229  225  221  218  219  223  230  237  245  253  260  267
  272  273  271  266  258  246  230  212  195  181  169  158  147  136  125  117
  110  104  100   96   94   93   94   96   99  102  106  109  110  110  108  104
   98   94   90   86   82   78   76   81   86                                   
    25.0-180.0 180.0   5.0 450.0                            LAT/LON1/LON2/DLON/H
   88   97  105  112  121  131  148  166  188  210  229  245  255  259  260  258
  256  253  250  247  245  242  239  239  242  249  261  274  287  300  311  319
  321  318  310  299  285  269  250  230  211  194  179  166  152  139  127  117
  110  103   98   93   91   91   93   95   99  103  106  109  110  109  107  104
   99   96   93   90   86   83   80   85   88                                   
    22.5-180.0 180.0   5.0 450.0                            LAT/LON1/LON2/DLON/H
   95  103  111  117  126  135  150  168  189  211  231  249  262  270  274  274
  273  270  267  265  264  264  265  267  274  285  301  318  336  352  365  372
  371  361  346  328  310  290  269  246  224  204  187  172  156  142  130  121
  112  105   99   94   91   91   93   96  100  104  107  109  109  107  106  104
  100   99   97   95   93   89   86   91   95                                   
    20.0-180.0 180.0   5.0 450.0                            LAT/LON1/LON2/DLON/H
  105  113  121  126  135  143  159  174  194  215  236  255  270  281  288  292
  292  290  288  287  289  293  298  304  314  328  346  366  386  403  414  417
  411  396  374  351  329  306  282  258  233  212  193  176  161  147  136  127
  119  111  104   98   95   94   96   99  103  106  108  108  107  105  104  103
  102  103  102  102  100   96   92   98  105                                   
    17.5-180.0 180.0   5.0 450.0                            LAT/LON1/LON2/DLON/H
  116  123  132  137  147  156  171  186  205  224  244  264  281  295  306  312
  315  314  313  314  320  329  339  349  361  376  394  413  431  444  451  449
  438  417  392  366  341  317  292  266  240  217  196  180  165  154  145  137
  129  121  112  106  102  101  102  104  107  109  109  107  104  101  101  102
  103  106  107  107  106  101   97  105  116                                   
    15.0-180.0 180.0   5.0 450.0                            LAT/LON1/LON2/DLON/H
  124  132  143  149  160  171  187  201  219  237  257  277  295  312  326  335
  340  342  343  347  357  370  385  398  411  424  439  454  466  473  473  465
  449  426  399  373  348  324  299  272  245  221  200  184  172  163  156  149
  142  133  124  116  111  109  108  109  110  111  109  106  101   98   98  100
  103  108  109  110  109  104   99  109  124                                   
    12.5-180.0 180.0   5.0 450.0                            LAT/LON1/LON2/DLON/H
  129  138  150  160  172  185  204  219  236  254  272  292  312  330  346  359
  367  371  376  384  397  415  432  447  458  468  477  484  487  486  479  467
  448  425  399  375  353  330  305  278  250  226  206  191  181  174  169  163
  155  145  135  126  120  117  115  114  113  111  108  103   98   94   95   98
  102  108  110  110  108  102   98  110  129                                   
    10.0-180.0 180.0   5.0 450.0                            LAT/LON1/LON2/DLON/H
  129  140  154  166  182  198  220  236  255  272  290  309  329  348  366  381
  392  400  408  419  436  456  475  488  497  501  503  501  496  488  475  459
  439  418  396  375  356  335  311  285  258  233  214  201  192  187  182  176
  167  155  144  134  128  123  120  116  113  109  105   99   94   90   92   96
  101  107  108  107  104   98   94  107  129                                   
     7.5-180.0 180.0   5.0 450.0                            LAT/LON1/LON2/DLON/H
  126  138  153  169  188  208  233  253  273  291  308  326  345  364  382  398
  412  423  434  449  467  488  506  518  522  521  516  508  496  481  465  447
