data/edconvlstm_nd/pred1770.15i
     1.0            IONOSPHERE MAPS     GNSS                IONEX VERSION / TYPE
pyspatialgeodesy        IME             05-JAN-18 20:20     PGM / RUN BY / DATE 
Map Name                                                    COMMENT             
Predicted global ionosphere maps (GIM).                     DESCRIPTION         
  2015     6    26     0     0     0                        EPOCH OF FIRST MAP  
  2015     6    27     0     0     0                        EPOCH OF LAST MAP   
  7200                                                      INTERVAL            
    13                                                      # OF MAPS IN FILE   
  NONE                                                      MAPPING FUNCTION    
10.0                                                        ELEVATION CUTOFF    
One-way carrier phase leveled to code                       OBSERVABLES USED    
  6371.0                                                    BASE RADIUS         
 2                                                          MAP DIMENSION       
   450.0 450.0   0.0                                        HGT1 / HGT2 / DHGT  
    87.5 -87.5  -2.5                                        LAT1 / LAT2 / DLAT  
  -180.0 180.0   5.0                                        LON1 / LON2 / DLON  
    -1                                                      EXPONENT            
                                                            END OF HEADER       
[from data line 1716]
     5                                                      START OF TEC MAP    
  2015     6    26     8     0     0                        EPOCH OF CURRENT MAP
    87.5-180.0 180.0   5.0 450.0                            LAT/LON1/LON2/DLON/H
   97  100   98  102  103  103  101   98   99  101  102  103  103  104  105  105
  106  107  107  108  108  108  109  109  109  109  108  108  108  108  108  107
  107  106  106  106  105  105  105  104  104  104  103  103  103  103  103  103
  103  103  103  103  103  103  102  102  102  102  101  101  100   99   98   98
   98   99   97   95   99   99  107  106   97                                   
    85.0-180.0 180.0   5.0 450.0                            LAT/LON1/LON2/DLON/H
   95  105  109  106  108  109  110  110  111  113  113  114  115  116  117  117
  118  118  119  119  120  120  120  120  120  120  120  120  119  119  119  118
  118  117  117  116  116  115  115  114  114  114  113  113  113  113  113  113
  113  113  113  113  114  114  114  113  113  113  112  112  111  110  108  108
  108  109  103  102   98  100  106  106   95                                   
    82.5-180.0 180.0   5.0 450.0                            LAT/LON1/LON2/DLON/H
   99  107  113  108  108  111  112  112  114  116  116  118  118  119  119  120
  120  121  121  122  122  123  123  123  123  123  123  122  122  121  121  120
  120  119  119  119  118  118  118  118  117  117  117  117  116  117  117  117
  118  118  119  120  120  121  121  122  122  121  121  120  118  117  115  113
  112  111  106  105  104  103   98   94   99                                   
    80.0-180.0 180.0   5.0 450.0                            LAT/LON1/LON2/DLON/H
  105  108  110  110  111  112  113  115  116  117  117  118  118  118  118  118
  118  119  120  120  121  121  121  121  121  121  121  120  119  119  118  118
  118  118  118  118  119  119  119  119  119  119  119  119  119  120  120  121
  122  124  125  127  128  130  131  132  132  132  131  130  128  125  123  120
  118  115  111  110  107  108  108  100  105                                   
    77.5-180.0 180.0   5.0 450.0                            LAT/LON1/LON2/DLON/H
  112  113  114  116  115  118  119  120  122  121  120  120  118  117  116  116
  116  117  118  119  120  121  121  121  121  121  120  119  119  118  118  118
  119  120  121  123  124  125  126  127  127  128  128  128  129  130  131  132
  133  135  138  140  143  145  147  149  149  150  149  147  144  141  137  133
  129  125  118  117  114  109  108  107  112                                   
    75.0-180.0 180.0   5.0 450.0                            LAT/LON1/LON2/DLON/H
  112  116  113  116  117  122  122  122  122  121  118  116  114  111  110  109
  108  109  110  112  113  114  115  115  115  114  113  112  112  111  112  113
  115  117  120  123  125  128  130  131  132  133  134  134  135  136  137  138
  140  142  145  148  151  154  157  160  161  162  161  160  157  153  148  144
  138  132  125  119  117  113  113  109  112                                   
    72.5-180.0 180.0   5.0 450.0                            LAT/LON1/LON2/DLON/H
  114  120  117  120  122  126  127  127  126  124  119  116  112  108  105  104
  103  104  106  108  110  111  112  113  112  111  110  108  108  108  109  111
  115  119  123  128  132  136  139  141  143  144  145  146  147  148  149  150
  151  153  155  158  161  165  168  171  173  174  174  173  170  167  162  157
  151  145  138  131  125  122  118  116  114                                   
    70.0-180.0 180.0   5.0 450.0                            LAT/LON1/LON2/DLON/H
  119  123  121  122  122  125  125  124  124  121  116  112  106  102   98   96
   96   96   99  101  104  105  106  106  106  104  102  101  101  101  104  107
  112  118  124  131  136  141  145  148  151  153  154  155  156  156  157  157
  158  158  159  161  163  166  169  172  174  176  177  177  175  172  168  164
  158  152  145  139  133  129  129  125  119                                   
    67.5-180.0 180.0   5.0 450.0                            LAT/LON1/LON2/DLON/H
  119  125  121  121  120  121  121  120  119  116  111  107  101   97   93   91
   90   92   94   97   99  101  102  102  100   99   97   96   96   97  100  105
  112  119  127  134  141  146  151  154  157  160  162  163  164  164  164  163
  162  161  160  160  160  162  164  166  169  171  172  173  173  171  169  166
  162  157  151  145  139  137  134  130  119                                   
    65.0-180.0 180.0   5.0 450.0                            LAT/LON1/LON2/DLON/H
  122  128  122  120  117  116  115  114  113  111  107  104   99   95   92   90
   89   91   93   95   97   99   99   98   97   96   94   94   95   97  102  108
  116  124  133  141  148  154  159  163  166  169  172  173  175  175  173  171
  168  165  162  160  158  158  158  160  162  164  166  168  170  170  169  168
  166  162  158  153  149  148  145  139  122                                   
    62.5-180.0 180.0   5.0 450.0                            LAT/LON1/LON2/DLON/H
  125  131  123  118  112  109  106  105  104  103  101   99   96   93   91   90
   90   91   92   94   95   96   95   94   93   92   92   93   96  100  106  113
  122  131  141  149  156  162  166  170  174  177  180  182  184  184  182  178
  174  169  164  159  156  153  152  152  154  156  159  162  164  166  167  168
  167  166  163  160  157  157  154  149  125                                   
    60.0-180.0 180.0   5.0 450.0                            LAT/LON1/LON2/DLON/H
  130  134  124  116  106  101   96   93   93   93   92   92   91   90   89   88
   89   89   90   91   91   90   89   88   87   87   89   92   97  103  111  120
  129  139  149  157  163  168  172  176  179  183  186  189  190  190  188  184
  179  172  166  160  155  151  148  147  147  149  152  155  159  161  164  166
  167  167  166  165  164  165  163  156  130                                   
    57.5-180.0 180.0   5.0 450.0                            LAT/LON1/LON2/DLON/H
  137  139  128  117  104   96   88   84   82   82   82   84   85   86   86   87
   87   88   88   87   86   84   82   80   80   82   87   93  100  109  118  128
  139  149  158  166  172  176  179  182  186  189  193  195  197  197  194  190
  185  179  172  166  160  155  151  148  147  148  150  153  157  160  163  166
  168  169  170  170  171  174  172  165  137                                   
    55.0-180.0 180.0   5.0 450.0                            LAT/LON1/LON2/DLON/H
  146  146  134  120  105   94   84   76   73   72   72   75   77   79   81   82
   83   83   83   81   79   76   73   72   73   77   84   93  103  114  125  137
  148  158  168  175  180  184  187  190  192  196  199  201  202  202  200  196
  191  186  180  174  168  163  158  154  151  151  152  154  158  161  164  167
  169  171  172  174  176  180  179  173  146                                   
    52.5-180.0 180.0   5.0 450.0                            LAT/LON1/LON2/DLON/H
  155  154  143  128  111   97   84   74   68   64   64   66   68   71   73   75
   76   77   76   74   71   68   65   64   67   72   81   93  106  119  133  145
  157  168  177  185  190  194  196  199  201  204  206  208  208  207  205  202
  198  194  190  185  179  174  168  163  159  157  157  159  162  164  167  169
  171  172  174  176  179  185  184  179  155                                   
    50.0-180.0 180.0   5.0 450.0                            LAT/LON1/LON2/DLON/H
  164  162  152  139  122  106   90   77   67   61   58   59   60   63   65   67
   69   69   69   67   64   61   59   59   62   69   80   94  109  125  139  153
  166  177  187  195  201  205  208  210  213  215  216  216  215  213  211  209
  207  204  201  196  191  185  179  173  168  165  164  165  167  169  170  172
  173  174  176  178  181  188  188  184  164                                   
    47.5-180.0 180.0   5.0 450.0                            LAT/LON1/LON2/DLON/H
  170  170  162  150  134  117  100   84   71   62   56   55   55   56   58   60
   62   63   62   61   59   57   55   56   60   69   81   96  113  130  146  161
  174  186  196  205  212  217  221  224  227  229  229  227  225  222  220  218
  216  215  212  208  202  196  189  182  176  172  170  170  171  173  174  175
  176  176  177  179  183  189  189  187  170                                   
    45.0-180.0 180.0   5.0 450.0                            LAT/LON1/LON2/DLON/H
  172  174  168  159  145  128  110   93   79   67   59   55   53   53   54   55
   56   57   58   57   56   55   55   57   62   71   83   99  117  135  152  168
  182  195  206  215  223  230  236  240  244  246  245  242  238  234  232  230
  228  226  223  218  211  204  196  189  182  178  175  174  175  176  176  178
  179  179  180  180  183  189  189  187  172                                   
    42.5-180.0 180.0   5.0 450.0                            LAT/LON1/LON2/DLON/H
  171  174  170  163  152  136  119  102   87   74   64   59   56   54   53   53
   54   55   55   55   55   56   57   60   65   75   88  104  122  141  158  175
  190  203  215  225  234  243  250  257  262  264  263  259  254  250  247  245
  243  240  235  228  220  210  202  194  187  183  179  178  178  178  179  181
  182  182  183  182  184  189  189  187  171                                   
    40.0-180.0 180.0   5.0 450.0                            LAT/LON1/LON2/DLON/H
  168  171  168  163  153  139  124  108   94   82   72   66   61   58   56   56
   56   56   56   56   57   58   61   65   71   80   93  109  127  146  165  182
  197  210  222  234  244  254  264  273  280  283  282  278  273  268  265  262
  259  255  248  239  228  218  208  200  194  189  186  184  183  183  183  185
  187  187  188  186  187  190  190  186  168                                   
    37.5-180.0 180.0   5.0 450.0                            LAT/LON1/LON2/DLON/H
  165  168  164  158  151  138  125  111   99   88   79   73   69   65   63   61
   60   60   59   59   60   62   66   70   77   86   98  114  132  151  170  188
  203  217  229  241  253  264  276  286  295  299  299  296  292  288  285  282
  278  272  263  252  241  229  220  212  206  202  198  195  192  191  190  192
  194  195  194  192  191  193  192  187  165                                   
    35.0-180.0 180.0   5.0 450.0                            LAT/LON1/LON2/DLON/H
  164  165  160  153  146  134  123  112  102   93   86   81   77   74   71   69
   67   66   64   63   64   67   71   76   82   91  103  118  136  155  175  193
  208  222  235  247  259  271  284  296  306  312  313  312  310  307  305  302
  297  290  281  270  259  248  239  232  228  224  219  214  209  205  203  203
  204  204  203  200  197  197  196  190  164                                   
    32.5-180.0 180.0   5.0 450.0                            LAT/LON1/LON2/DLON/H
  168  165  159  150  143  132  122  112  105   97   91   88   85   82   80   78
   75   72   70   68   69   71   76   81   88   96  106  121  139  158  178  196
  212  226  238  251  263  276  289  301  312  319  323  324  324  324  323  320
  316  310  302  293  284  275  268  263  259  255  250  242  234  226  221  218
  217  216  214  210  206  204  203  196  168                                   
    30.0-180.0 180.0   5.0 450.0                            LAT/LON1/LON2/DLON/H
  178  171  164  152  144  133  125  116  109  102   97   95   92   90   88   86
   83   79   76   74   75   77   82   87   92  100  110  123  140  159  178  196
  212  227  240  252  264  277  289  302  313  322  328  332  334  336  337  336
  333  329  324  319  314  309  305  301  299  295  288  278  266  254  244  238
  233  231  226  221  216  214  212  205  178                                   
    27.5-180.0 180.0   5.0 450.0                            LAT/LON1/LON2/DLON/H
  192  182  174  162  152  141  133  124  117  110  105  103  100   98   96   93
   90   86   82   81   81   84   88   93   98  104  112  124  140  158  176  194
  210  224  238  251  263  276  287  299  311  320  329  335  340  344  347  348
  347  347  347  348  348  347  346  345  343  339  331  319  303  286  271  261
  252  246  240  233  228  224  223  217  192                                   
    25.0-180.0 180.0   5.0 450.0                            LAT/LON1/LON2/DLON/H
  210  197  190  177  167  156  148  138  130  122  116  112  109  107  104  100
   96   92   89   88   89   92   96  100  104  108  115  124  138  153  170  187
  203  219  233  247  261  273  285  296  307  318  328  337  344  350  354  357
  359  363  369  375  381  384  386  387  386  382  373  358  340  319  300  285
  272  263  254  246  240  236  235  230  210                                   
    22.5-180.0 180.0   5.0 450.0                            LAT/LON1/LON2/DLON/H
  226  214  209  197  187  176  168  156  147  137  130  125  121  117  112  108
  102   98   95   95   98  102  105  108  110  112  116  123  134  147  162  178
  194  210  227  243  257  271  283  295  306  318  329  339  348  355  361  365
  371  379  389  400  410  417  420  422  422  418  409  393  373  350  328  309
  293  280  270  259  253  249  247  243  226                                   
    20.0-180.0 180.0   5.0 450.0                            LAT/LON1/LON2/DLON/H
  240  228  225  217  208  197  189  177  166  155  146  139  134  128  122  116
  109  104  102  102  106  111  114  116  116  116  117  121  128  138  151  166
  183  201  219  237  254  270  284  297  309  322  333  344  354  361  368  374
  382  394  408  422  433  441  445  447  447  444  435  420  399  376  353  332
  313  299  287  275  267  262  259  255  240                                   
    17.5-180.0 180.0   5.0 450.0                            LAT/LON1/LON2/DLON/H
  249  240  238  232  223  213  205  194  183  171  161  153  147  140  133  125
  117  111  108  109  113  118  121  122  120  117  115  116  120  128  140  154
  172  191  211  232  252  271  287  302  316  330  342  352  362  370  377  385
  395  409  424  439  450  457  460  462  462  459  451  437  419  397  374  353
  334  318  305  292  283  276  272  266  249                                   
    15.0-180.0 180.0   5.0 450.0                            LAT/LON1/LON2/DLON/H
  256  247  246  240  232  221  213  203  193  182  172  164  158  151  143  134
  124  117  113  115  118  123  125  124  120  116  112  110  112  118  129  143
  162  182  205  228  251  273  292  310  326  340  352  363  372  381  389  398
  410  424  440  453  462  466  468  468  468  466  459  448  432  414  393  373
  354  338  325  311  301  291  286  276  256                                   
    12.5-180.0 180.0   5.0 450.0                            LAT/LON1/LON2/DLON/H
  262  254  251  242  233  220  211  202  193  184  176  169  164  158  150  141
  131  122  118  118  121  124  125  122  118  112  107  104  104  109  119  134
  153  175  199  224  250  274  296  317  335  350  363  373  383  392  402  413
  426  440  454  464  470  471  471  471  470  468  463  453  441  426  409  391
  372  357  345  330  319  308  301  287  262                                   
    10.0-180.0 180.0   5.0 450.0                            LAT/LON1/LON2/DLON/H
  271  262  256  242  230  213  202  193  186  179  172  167  163  159  153  145
  135  126  121  119  120  121  120  117  113  107  101   97   96  101  111  127
  147  169  194  220  247  273  298  321  340  356  369  379  390  400  413  426
  441  455  467  474  475  474  473  472  472  469  464  456  447  435  421  405
  388  374  363  348  337  324  315  299  271                                   
     7.5-180.0 180.0   5.0 450.0                            LAT/LON1/LON2/DLON/H
  283  274  265  244  228  206  192  181  175  169  163  159  157  155  151  145
  137  128  122  119  117  116  113  110  105  100   94   90   89   94  105  122
