data/edconvlstm_nd/pred2010.15i
     1.0            IONOSPHERE MAPS     GNSS                IONEX VERSION / TYPE
pyspatialgeodesy        IME             05-JAN-18 20:20     PGM / RUN BY / DATE 
Map Name                                                    COMMENT             
Predicted global ionosphere maps (GIM).                     DESCRIPTION         
  2015     7    20     0     0     0                        EPOCH OF FIRST MAP  
  2015     7    21     0     0     0                        EPOCH OF LAST MAP   
  7200                                                      INTERVAL            
    13                                                      # OF MAPS IN FILE   
  NONE                                                      MAPPING FUNCTION    
10.0                                                        ELEVATION CUTOFF    
One-way carrier phase leveled to code                       OBSERVABLES USED    
  6371.0                                                    BASE RADIUS         
 2                                                          MAP DIMENSION       
   450.0 450.0   0.0                                        HGT1 / HGT2 / DHGT  
    87.5 -87.5  -2.5                                        LAT1 / LAT2 / DLAT  
  -180.0 180.0   5.0                                        LON1 / LON2 / DLON  
    -1                                                      EXPONENT            
                                                            END OF HEADER       
[from data line 4290]
    11                                                      START OF TEC MAP    
  2015     7    20    20     0     0                        EPOCH OF CURRENT MAP
    87.5-180.0 180.0   5.0 450.0                            LAT/LON1/LON2/DLON/H
  165  155  143  150  152  150  150  149  148  149  148  148  148  148  148  148
  147  147  146  145  145  144  143  142  141  139  138  137  136  135  134  133
  132  131  131  130  130  129  129  129  129  129  129  129  130  130  130  131
  131  132  133  133  134  134  135  136  136  137  137  138  138  139  139  139
  140  141  140  141  153  151  158  159  165                                   
    85.0-180.0 180.0   5.0 450.0                            LAT/LON1/LON2/DLON/H
  162  159  164  158  155  159  159  160  160  161  160  160  160  160  160  160
  159  159  158  157  156  155  154  152  151  149  148  146  145  143  142  140
  139  137  136  135  135  134  133  133  133  133  133  133  134  134  135  136
  137  138  139  139  140  141  142  143  144  145  145  146  147  147  148  148
  150  150  150  149  153  148  150  152  162                                   
    82.5-180.0 180.0   5.0 450.0                            LAT/LON1/LON2/DLON/H
  147  151  153  151  151  155  158  158  157  158  158  159  159  159  159  159
  158  158  157  156  154  153  151  149  147  145  143  140  138  136  133  131
  129  127  126  124  123  122  122  121  121  121  121  122  123  124  125  126
  127  129  130  132  133  134  136  137  138  138  139  140  140  141  141  142
  142  142  142  146  148  154  147  144  147                                   
    80.0-180.0 180.0   5.0 450.0                            LAT/LON1/LON2/DLON/H
  142  147  153  151  151  151  155  159  160  161  162  163  163  163  164  164
  164  163  162  161  160  158  156  153  150  147  144  141  138  135  132  130
  127  125  123  121  120  119  118  117  117  117  117  118  119  121  122  124
  126  127  129  131  132  134  135  136  136  137  138  138  139  139  140  140
  141  141  142  144  142  140  139  142  142                                   
    77.5-180.0 180.0   5.0 450.0                            LAT/LON1/LON2/DLON/H
  147  143  151  150  152  154  157  160  161  163  163  165  165  166  167  167
  168  168  167  167  166  164  162  159  156  152  148  145  141  138  134  131
  129  127  125  123  121  120  119  118  117  117  118  119  120  122  124  126
  128  130  131  133  134  135  136  136  137  137  137  137  137  137  137  138
  138  138  138  140  143  136  140  146  147                                   
    75.0-180.0 180.0   5.0 450.0                            LAT/LON1/LON2/DLON/H
  146  144  147  146  149  152  154  157  159  162  163  164  166  167  168  169
  169  170  170  170  169  168  166  163  160  156  152  148  144  141  138  135
  133  131  130  128  126  125  123  122  121  120  120  121  122  124  126  128
  130  131  133  134  135  135  135  135  135  135  135  135  135  136  136  137
  137  137  138  137  138  132  135  131  146                                   
    72.5-180.0 180.0   5.0 450.0                            LAT/LON1/LON2/DLON/H
  144  142  145  149  148  151  155  157  158  161  161  163  164  165  166  167
  168  169  170  171  171  170  168  165  161  157  153  148  144  141  138  136
  135  133  132  131  129  127  125  124  122  121  121  121  122  124  126  128
  129  131  132  132  132  131  131  130  130  130  130  131  131  132  133  134
  134  135  136  134  134  129  132  135  144                                   
    70.0-180.0 180.0   5.0 450.0                            LAT/LON1/LON2/DLON/H
  146  143  144  146  145  148  150  153  155  158  158  160  161  162  163  164
  165  166  167  168  168  168  166  163  159  155  150  145  141  139  137  136
  136  135  135  134  133  130  128  126  123  122  121  121  122  123  125  126
  127  127  127  126  125  124  122  121  121  121  122  124  126  129  131  134
  134  135  137  136  136  131  135  136  146                                   
    67.5-180.0 180.0   5.0 450.0                            LAT/LON1/LON2/DLON/H
  151  148  150  153  152  154  156  159  160  163  164  165  166  166  166  167
  167  168  169  171  171  171  169  166  162  157  151  147  143  140  139  140
  140  141  141  141  140  137  134  131  129  127  126  126  126  127  128  129
  129  128  126  124  122  119  117  116  116  117  119  123  127  131  135  139
  141  142  143  142  140  136  139  140  151                                   
    65.0-180.0 180.0   5.0 450.0                            LAT/LON1/LON2/DLON/H
  155  153  155  156  154  156  158  160  162  165  166  167  167  167  166  166
  166  166  167  168  169  169  167  164  159  154  149  144  141  139  139  140
  142  144  145  144  143  140  137  134  131  128  127  126  127  127  127  127
  125  123  120  116  112  108  106  105  105  107  112  117  123  129  135  141
  144  146  149  148  148  144  148  148  155                                   
    62.5-180.0 180.0   5.0 450.0                            LAT/LON1/LON2/DLON/H
  161  161  163  163  161  163  165  167  169  171  172  173  173  172  170  169
  168  168  169  169  170  169  168  164  160  154  149  145  142  141  142  143
  146  147  148  148  147  144  141  137  134  131  130  129  129  128  127  126
  123  119  114  109  103   99   96   95   96  100  105  112  120  128  136  142
  147  151  154  153  154  150  154  154  161                                   
    60.0-180.0 180.0   5.0 450.0                            LAT/LON1/LON2/DLON/H
  167  168  170  170  168  170  171  173  175  177  178  179  178  176  174  172
  170  170  169  170  170  169  168  164  160  155  151  147  145  144  145  147
  150  152  152  152  150  148  144  141  138  135  134  132  131  130  128  124
  120  114  108  101   95   90   87   86   88   92   99  107  115  124  133  141
  147  151  156  156  158  156  161  161  167                                   
    57.5-180.0 180.0   5.0 450.0                            LAT/LON1/LON2/DLON/H
  171  174  176  177  176  178  179  181  182  184  184  185  183  181  179  176
  174  172  171  171  171  170  168  166  162  158  155  152  150  150  151  153
  155  156  157  156  155  153  150  146  143  141  139  137  135  132  128  123
  117  110  102   95   88   83   81   81   83   88   94  101  110  119  128  136
  143  149  155  156  159  159  166  166  171                                   
    55.0-180.0 180.0   5.0 450.0                            LAT/LON1/LON2/DLON/H
  175  179  182  184  184  187  188  190  191  192  191  190  189  186  183  180
  178  175  174  173  172  171  170  168  165  163  160  159  158  158  158  159
  160  161  162  161  160  159  156  154  150  147  144  141  138  134  129  122
  115  107   99   91   85   80   78   79   81   85   91   97  104  112  120  129
  136  144  151  153  158  161  168  168  175                                   
    52.5-180.0 180.0   5.0 450.0                            LAT/LON1/LON2/DLON/H
  177  182  186  189  191  196  197  199  199  200  197  196  193  190  187  184
  181  178  176  175  173  172  171  169  168  167  166  165  165  165  165  165
  165  165  166  166  166  166  165  162  158  154  149  145  139  134  128  121
  113  105   97   90   84   81   80   81   83   86   90   94   98  104  111  120
  128  137  145  149  156  161  169  169  177                                   
    50.0-180.0 180.0   5.0 450.0                            LAT/LON1/LON2/DLON/H
  178  185  190  195  198  204  207  209  209  208  205  202  199  195  192  189
  185  182  179  177  175  173  172  172  171  171  172  172  171  171  170  169
  169  169  170  172  174  175  174  172  167  161  154  147  140  134  127  120
  113  105   98   92   88   85   85   86   88   90   91   93   94   98  104  112
  120  130  141  146  154  161  170  170  178                                   
    47.5-180.0 180.0   5.0 450.0                            LAT/LON1/LON2/DLON/H
  179  187  193  199  204  211  215  219  219  218  214  210  206  202  198  194
  191  187  183  180  177  175  174  174  174  175  177  177  177  176  174  173
  172  173  175  178  182  184  184  181  175  167  158  149  140  133  126  120
  113  107  101   97   94   92   93   94   95   95   95   94   93   94   99  106
  115  127  138  145  154  163  172  172  179                                   
    45.0-180.0 180.0   5.0 450.0                            LAT/LON1/LON2/DLON/H
  180  190  196  202  209  218  223  228  229  228  224  220  215  210  206  202
  197  192  188  184  180  178  177  176  178  180  182  183  182  181  179  177
  177  178  181  186  191  194  195  192  184  173  161  150  141  133  127  122
  117  112  107  104  101  101  101  102  103  102  100   97   95   95   98  105
  115  127  140  148  157  167  176  176  180                                   
    42.5-180.0 180.0   5.0 450.0                            LAT/LON1/LON2/DLON/H
  183  193  199  206  214  223  229  235  238  238  235  231  227  222  217  211
  206  200  194  189  185  182  181  181  183  185  188  189  189  188  186  184
  184  186  190  195  201  205  206  202  192  179  165  152  142  135  130  126
  122  118  114  111  109  109  109  110  110  109  106  103  100   99  102  109
  118  131  144  153  163  173  182  182  183                                   
    40.0-180.0 180.0   5.0 450.0                            LAT/LON1/LON2/DLON/H
  186  198  204  210  218  226  234  241  245  248  247  244  240  235  230  223
  216  208  202  196  192  189  187  188  190  194  197  199  199  198  197  196
  197  199  202  207  212  216  216  211  200  185  170  156  146  140  135  132
  129  125  122  119  116  115  115  115  115  114  112  109  107  107  109  116
  125  137  150  159  169  179  189  189  186                                   
    37.5-180.0 180.0   5.0 450.0                            LAT/LON1/LON2/DLON/H
  191  204  210  214  222  229  237  245  252  256  258  257  255  251  245  237
  228  219  211  205  200  198  197  198  202  207  211  214  215  215  214  214
  215  216  218  221  225  227  226  219  207  192  176  162  152  146  142  139
  136  132  128  124  121  119  118  117  117  117  116  115  115  115  118  124
  132  143  156  165  174  186  196  197  191                                   
    35.0-180.0 180.0   5.0 450.0                            LAT/LON1/LON2/DLON/H
  198  212  218  220  227  232  240  248  256  263  268  270  270  267  261  253
  242  231  222  216  212  210  210  213  218  224  230  235  237  238  239  239
  240  239  238  238  238  237  234  226  213  198  182  169  160  153  149  145
  141  136  131  126  122  119  117  115  115  116  117  119  121  123  126  132
  138  148  159  168  178  191  203  204  198                                   
    32.5-180.0 180.0   5.0 450.0                            LAT/LON1/LON2/DLON/H
  206  221  228  228  233  237  244  251  261  270  277  282  285  284  279  270
  258  246  236  230  226  225  226  231  238  246  254  260  264  266  268  269
  268  265  260  255  250  245  239  230  217  202  188  175  166  160  154  149
  143  137  130  124  119  115  113  111  110  112  115  120  124  127  131  136
  141  150  160  169  179  193  208  210  206                                   
    30.0-180.0 180.0   5.0 450.0                            LAT/LON1/LON2/DLON/H
  215  230  238  237  242  245  249  256  266  276  286  294  300  301  297  288
  276  264  253  247  244  244  246  252  261  272  282  289  294  297  299  300
  298  291  281  270  259  249  240  230  217  203  190  179  170  162  155  148
  140  132  125  118  113  109  106  104  103  105  110  116  122  127  132  136
  140  148  158  166  178  193  211  214  215                                   
    27.5-180.0 180.0   5.0 450.0                            LAT/LON1/LON2/DLON/H
  224  239  248  248  252  255  259  264  274  285  296  306  314  318  317  309
  297  284  274  267  264  265  269  276  287  299  311  319  325  328  330  329
  324  313  297  279  262  248  236  224  212  200  188  178  169  160  151  142
  132  123  116  109  105  101   99   96   95   97  102  110  117  123  127  131
  135  144  153  163  176  192  212  217  224                                   
    25.0-180.0 180.0   5.0 450.0                            LAT/LON1/LON2/DLON/H
  231  247  256  259  264  268  271  276  285  296  307  319  330  336  337  331
  321  308  298  291  288  289  293  302  313  326  338  347  351  354  353  350
  341  326  305  281  259  240  225  212  201  191  182  172  163  152  141  130
  120  111  103   98   95   93   91   89   88   89   94  101  108  114  119  124
  129  138  149  159  174  191  213  218  231                                   
    22.5-180.0 180.0   5.0 450.0                            LAT/LON1/LON2/DLON/H
  236  253  262  268  275  280  284  289  298  309  321  334  346  355  359  356
  347  336  325  318  314  314  318  326  338  351  362  369  371  371  367  360
  347  327  301  274  248  227  210  197  187  179  171  163  153  141  128  116
  105   96   90   86   85   84   84   82   81   81   85   91   98  103  109  115
  121  133  146  157  173  190  212  220  236                                   
    20.0-180.0 180.0   5.0 450.0                            LAT/LON1/LON2/DLON/H
  238  255  265  273  283  291  297  303  312  323  335  349  363  374  381  381
  374  364  354  347  341  340  342  349  360  371  380  383  382  377  368  356
  339  316  288  259  233  211  193  181  172  165  159  151  141  128  114  101
   91   83   78   75   76   77   78   77   75   75   77   82   87   93   98  106
  115  129  144  157  173  190  212  221  238                                   
    17.5-180.0 180.0   5.0 450.0                            LAT/LON1/LON2/DLON/H
  236  254  265  275  286  297  305  313  324  335  348  362  377  391  401  404
  400  392  383  374  367  363  363  368  377  386  391  390  383  373  359  342
  322  297  269  241  216  195  179  167  159  154  148  141  131  117  103   90
   79   72   68   67   68   71   73   73   71   70   71   74   78   83   90   99
  110  127  144  158  174  191  211  221  236                                   
    15.0-180.0 180.0   5.0 450.0                            LAT/LON1/LON2/DLON/H
  231  251  262  272  284  297  308  318  330  343  356  371  388  404  416  422
  422  416  408  398  390  383  380  383  389  394  395  389  377  361  343  323
  300  275  249  224  202  184  169  158  151  146  142  135  124  110   96   83
   73   66   62   62   64   67   70   70   69   67   67   69   72   76   83   93
  107  125  144  158  174  191  211  221  231                                   
    12.5-180.0 180.0   5.0 450.0                            LAT/LON1/LON2/DLON/H
  225  247  259  268  279  292  305  316  330  344  359  375  392  409  423  432
  435  432  425  416  406  397  392  392  396  398  394  383  366  346  325  302
  279  255  231  211  193  177  164  154  147  143  139  133  123  109   94   82
   72   65   61   60   62   65   68   69   67   65   65   65   68   71   79   90
  104  123  142  157  173  190  209  219  225                                   
    10.0-180.0 180.0   5.0 450.0                            LAT/LON1/LON2/DLON/H
  219  244  256  263  274  284  298  310  325  340  355  371  388  406  421  433
  438  438  433  424  414  403  397  396  397  396  390  375  355  332  309  286
  262  239  219  202  187  175  163  154  147  144  141  135  125  112   98   85
   75   67   63   61   62   65   67   68   66   64   63   63   65   69   76   87
  101  120  139  153  169  188  207  217  219                                   
     7.5-180.0 180.0   5.0 450.0                            LAT/LON1/LON2/DLON/H
  217  244  257  262  271  279  292  303  318  333  347  362  378  395  411  423
  430  433  430  423  413  403  396  394  394  392  384  367  345  321  298  274
