data/edconvlstm_nd/pred3270.15i
     1.0            IONOSPHERE MAPS     GNSS                IONEX VERSION / TYPE
pyspatialgeodesy        IME             05-JAN-18 20:20     PGM / RUN BY / DATE 
Map Name                                                    COMMENT             
Predicted global ionosphere maps (GIM).                     DESCRIPTION         
  2015    11    23     0     0     0                        EPOCH OF FIRST MAP  
  2015    11    24     0     0     0                        EPOCH OF LAST MAP   
  7200                                                      INTERVAL            
    13                                                      # OF MAPS IN FILE   
  NONE                                                      MAPPING FUNCTION    
10.0                                                        ELEVATION CUTOFF    
One-way carrier phase leveled to code                       OBSERVABLES USED    
  6371.0                                                    BASE RADIUS         
 2                                                          MAP DIMENSION       
   450.0 450.0   0.0                                        HGT1 / HGT2 / DHGT  
    87.5 -87.5  -2.5                                        LAT1 / LAT2 / DLAT  
  -180.0 180.0   5.0                                        LON1 / LON2 / DLON  
    -1                                                      EXPONENT            
                                                            END OF HEADER       
[from data line 1287]
     4                                                      START OF TEC MAP    
  2015    11    23     6     0     0                        EPOCH OF CURRENT MAP
    87.5-180.0 180.0   5.0 450.0                            LAT/LON1/LON2/DLON/H
   36   44   40   43   44   44   43   39   40   41   41   42   42   42   41   41
   40   40   39   39   38   38   38   38   37   37   37   38   38   38   38   39
   39   39   40   40   40   41   41   41   41   41   41   42   42   42   42   42
   42   42   42   42   41   41   41   40   40   39   38   38   37   36   35   35
   36   36   34   34   40   50   59   55   36                                   
    85.0-180.0 180.0   5.0 450.0                            LAT/LON1/LON2/DLON/H
   25   52   49   49   52   54   54   54   54   55   55   55   55   55   54   53
   52   51   50   49   48   48   47   47   46   46   46   47   47   47   48   49
   49   50   51   51   52   53   53   53   54   54   54   54   54   54   54   54
   54   54   54   53   53   52   52   51   51   50   49   48   48   47   46   46
   47   47   43   45   49   52   63   53   25                                   
    82.5-180.0 180.0   5.0 450.0                            LAT/LON1/LON2/DLON/H
   26   41   54   51   52   55   56   56   57   58   58   59   58   57   56   54
   52   51   49   47   45   44   43   42   41   41   41   41   42   43   44   45
   46   48   49   50   51   52   54   55   55   56   57   57   57   57   57   57
   57   57   57   56   56   56   55   54   53   52   51   50   48   47   45   45
   45   44   41   41   51   45   47   44   26                                   
    80.0-180.0 180.0   5.0 450.0                            LAT/LON1/LON2/DLON/H
   37   44   53   49   55   55   58   58   61   62   61   62   61   59   57   55
   52   49   46   43   41   39   37   36   35   35   35   36   37   38   40   42
   44   46   49   51   53   55   56   58   59   60   61   61   61   62   62   62
   63   63   63   64   64   63   63   62   61   60   58   56   54   52   50   48
   47   45   44   43   50   46   46   44   37                                   
    77.5-180.0 180.0   5.0 450.0                            LAT/LON1/LON2/DLON/H
   46   47   49   46   48   51   55   56   59   60   60   61   60   58   55   52
   49   45   42   38   35   33   31   29   29   28   29   30   32   34   36   39
   43   46   49   51   54   56   58   59   60   61   62   63   63   65   66   67
   69   71   73   74   76   77   77   77   76   75   73   70   67   64   60   57
   54   51   47   46   45   35   37   37   46                                   
    75.0-180.0 180.0   5.0 450.0                            LAT/LON1/LON2/DLON/H
   40   43   43   42   43   47   50   52   54   56   55   56   55   53   51   48
   45   42   39   36   33   31   29   28   28   28   28   30   32   35   38   41
   44   47   50   52   54   56   57   58   59   60   61   63   65   67   70   74
   77   81   85   89   92   95   97   97   97   95   93   89   85   81   76   71
   66   61   57   50   49   39   39   37   40                                   
    72.5-180.0 180.0   5.0 450.0                            LAT/LON1/LON2/DLON/H
   43   42   41   39   40   45   49   50   52   54   53   54   53   52   50   48
   45   43   40   38   36   35   33   33   32   33   34   35   38   40   43   46
   49   51   53   54   55   56   56   57   58   60   62   65   68   73   78   84
   91   98  105  111  116  121  124  125  125  123  120  115  110  104   97   91
   85   78   75   67   62   49   46   45   43                                   
    70.0-180.0 180.0   5.0 450.0                            LAT/LON1/LON2/DLON/H
   51   44   45   42   40   43   46   47   49   49   49   50   49   48   47   45
   44   43   42   41   41   40   40   40   40   41   42   43   45   47   49   51
   52   53   53   52   52   51   51   52   53   56   59   64   70   76   85   94
  103  113  123  131  139  145  149  150  150  147  143  137  131  123  115  108
  100   93   89   80   74   61   60   57   51                                   
    67.5-180.0 180.0   5.0 450.0                            LAT/LON1/LON2/DLON/H
   54   47   44   41   38   40   42   42   43   43   43   43   42   41   41   41
   41   41   42   42   43   44   45   45   46   47   47   48   49   50   51   51
   50   49   47   45   43   41   41   42   44   48   53   60   68   77   88   99
  112  124  136  146  155  162  166  167  166  162  157  150  142  133  123  115
  107   99   96   87   81   69   66   65   54                                   
    65.0-180.0 180.0   5.0 450.0                            LAT/LON1/LON2/DLON/H
   60   51   46   42   37   38   40   40   40   39   38   39   37   37   37   37
   39   40   42   44   46   48   49   51   51   52   52   51   51   51   50   49
   47   44   41   37   35   33   33   35   38   44   51   60   71   82   95  109
  123  137  150  161  170  176  179  180  177  173  166  158  149  139  129  120
  111  103   99   91   86   76   73   74   60                                   
    62.5-180.0 180.0   5.0 450.0                            LAT/LON1/LON2/DLON/H
   64   54   48   42   38   38   39   38   38   37   36   36   34   34   34   36
   38   40   43   45   48   50   52   53   53   53   52   51   49   48   46   44
   42   39   35   32   29   28   28   32   37   45   55   65   78   91  105  120
  135  149  162  173  181  186  188  187  183  177  170  161  152  141  130  121
  111  103   99   91   87   77   75   78   64                                   
    60.0-180.0 180.0   5.0 450.0                            LAT/LON1/LON2/DLON/H
   67   56   48   42   37   37   37   36   36   35   33   33   32   32   32   34
   37   39   42   44   46   48   49   50   50   49   47   45   42   40   38   37
   35   33   30   27   25   25   27   32   39   49   61   73   87  100  115  129
  144  158  170  180  187  190  190  188  183  177  170  161  152  141  130  120
  110  100   96   89   85   75   73   76   67                                   
    57.5-180.0 180.0   5.0 450.0                            LAT/LON1/LON2/DLON/H
   71   57   49   43   38   37   36   35   35   34   32   32   31   31   33   35
   37   39   41   42   43   44   45   45   44   43   40   37   34   32   31   30
   30   30   29   27   27   28   31   38   47   59   72   86   99  113  127  141
  154  167  178  186  191  193  192  189  184  178  172  165  157  147  137  126
  114  102   97   89   86   74   72   74   71                                   
    55.0-180.0 180.0   5.0 450.0                            LAT/LON1/LON2/DLON/H
   75   60   52   45   40   38   37   35   34   33   32   32   31   32   34   36
   38   39   40   40   39   39   40   40   39   37   35   31   28   26   26   26
   28   30   31   32   33   35   40   48   59   72   86  100  113  127  139  152
  164  175  184  191  194  195  193  190  186  182  177  172  167  159  149  138
  125  111  104   95   90   76   72   73   75                                   
    52.5-180.0 180.0   5.0 450.0                            LAT/LON1/LON2/DLON/H
   82   65   56   50   45   43   41   38   36   34   32   32   32   34   36   38
   40   40   39   38   37   36   37   37   37   36   33   30   26   24   24   27
   31   35   39   41   44   47   53   62   73   87  101  115  128  141  152  164
  174  184  191  196  199  199  197  195  192  189  187  184  181  175  166  156
  142  127  117  105   98   81   77   76   82                                   
    50.0-180.0 180.0   5.0 450.0                            LAT/LON1/LON2/DLON/H
   91   73   64   59   54   51   48   44   41   38   35   35   35   37   39   41
   42   42   40   38   37   37   38   40   41   41   38   34   30   28   28   32
   38   44   50   55   58   62   68   77   89  103  117  131  143  155  165  175
  184  192  198  203  205  205  203  201  199  198  197  197  195  192  185  175
  161  145  133  119  110   91   86   83   91                                   
    47.5-180.0 180.0   5.0 450.0                            LAT/LON1/LON2/DLON/H
  101   84   76   72   67   65   60   54   48   44   40   39   39   40   42   44
   45   44   42   40   39   41   44   48   51   52   49   45   40   37   37   41
   48   56   63   69   73   77   83   92  104  118  132  145  157  168  178  186
  194  200  205  209  211  211  210  208  206  205  205  206  206  203  198  190
  176  161  148  132  121  103   97   94  101                                   
    45.0-180.0 180.0   5.0 450.0                            LAT/LON1/LON2/DLON/H
  109   95   87   86   83   82   75   67   59   52   47   45   44   44   46   47
   47   47   45   45   46   50   55   61   65   66   64   59   54   49   49   52
   59   67   75   81   86   90   96  105  117  131  145  159  170  181  190  197
  203  208  212  215  216  217  216  214  211  209  209  209  209  208  204  196
  185  170  157  141  130  112  107  104  109                                   
    42.5-180.0 180.0   5.0 450.0                            LAT/LON1/LON2/DLON/H
  111  100   95   97   97   97   90   81   72   63   57   53   51   50   51   51
   51   51   51   53   57   62   69   75   80   81   79   74   68   63   61   63
   68   76   84   90   94  100  106  117  129  144  158  172  183  193  201  207
  212  215  217  219  221  221  220  218  214  211  209  208  208  206  203  196
  185  172  158  143  132  115  110  109  111                                   
    40.0-180.0 180.0   5.0 450.0                            LAT/LON1/LON2/DLON/H
  106   98   94   99  102  104   99   92   83   74   66   62   59   58   57   56
   57   57   60   64   70   76   83   89   92   93   90   85   79   73   70   71
   75   82   88   94  100  106  114  126  140  156  171  185  196  205  213  217
  220  221  222  224  226  227  226  223  218  213  210  208  207  205  201  194
  182  168  154  140  128  111  106  107  106                                   
    37.5-180.0 180.0   5.0 450.0                            LAT/LON1/LON2/DLON/H
   94   86   83   90   95  100   98   93   87   80   74   71   68   66   65   64
   64   66   71   77   84   90   95   98   99   98   96   91   86   81   78   78
   81   85   91   96  102  110  121  135  151  168  184  198  209  218  224  228
  229  230  230  232  235  237  237  235  230  225  221  218  216  214  208  199
  185  167  152  136  123  104   98  100   94                                   
    35.0-180.0 180.0   5.0 450.0                            LAT/LON1/LON2/DLON/H
   81   70   66   72   78   84   86   85   83   79   77   76   75   74   73   72
   74   77   83   90   97  102  104  103  101   99   96   93   90   87   84   83
   84   88   92   97  104  113  126  143  162  181  197  211  222  231  237  241
  242  242  244  247  252  256  258  257  254  250  247  245  244  240  232  220
  201  179  159  140  124  101   93   93   81                                   
    32.5-180.0 180.0   5.0 450.0                            LAT/LON1/LON2/DLON/H
   72   53   47   52   57   63   67   70   71   72   74   77   79   80   80   81
   83   88   95  102  107  110  108  104   99   96   94   93   91   90   88   86
   87   89   92   97  105  116  132  152  173  193  210  224  236  245  252  256
  259  261  265  271  278  285  290  293  293  291  291  291  290  287  277  262
  238  210  185  160  141  110   98   94   72                                   
    30.0-180.0 180.0   5.0 450.0                            LAT/LON1/LON2/DLON/H
   73   44   33   35   37   42   47   52   56   61   66   72   78   82   84   87
   91   96  103  110  113  113  109  103   97   93   91   91   91   91   89   88
   88   89   92   98  106  120  138  161  184  205  223  237  250  260  269  276
  281  286  293  302  313  324  333  340  344  347  349  352  354  351  341  322
  294  261  230  199  175  137  121  110   73                                   
    27.5-180.0 180.0   5.0 450.0                            LAT/LON1/LON2/DLON/H
   90   49   31   26   24   26   31   36   43   49   56   65   72   79   84   89
   94  100  107  112  113  112  107  101   96   92   91   91   91   91   90   89
   89   90   93   98  108  123  144  168  193  215  234  250  264  277  289  299
  309  318  329  343  358  373  387  399  408  415  421  426  430  428  417  396
  364  327  291  254  227  182  163  144   90                                   
    25.0-180.0 180.0   5.0 450.0                            LAT/LON1/LON2/DLON/H
  127   76   49   34   25   22   24   28   34   41   48   57   65   73   80   86
   91   97  103  106  108  107  104  101   98   95   93   92   92   92   92   92
   92   92   94   99  109  125  148  174  200  223  243  261  278  295  311  326
  341  356  373  392  412  432  451  467  481  492  501  509  513  511  500  478
  443  403  363  321  292  242  221  197  127                                   
    22.5-180.0 180.0   5.0 450.0                            LAT/LON1/LON2/DLON/H
  184  128   92   65   47   35   32   32   35   40   46   53   59   66   73   78
   84   89   93   96   99  101  102  103  102  101   99   98   97   97   97   96
   94   92   93   97  108  126  149  177  204  229  251  272  292  314  335  356
  378  399  422  446  471  494  517  537  555  569  579  586  590  588  577  554
  520  480  438  393  363  313  289  265  184                                   
    20.0-180.0 180.0   5.0 450.0                            LAT/LON1/LON2/DLON/H
  256  200  158  123   94   74   61   55   52   51   52   55   59   63   67   71
   74   78   81   84   89   94  100  105  109  110  110  107  105  103  101   98
   94   90   89   93  104  123  149  177  206  233  258  283  308  334  361  388
  415  442  470  497  523  548  572  594  613  627  637  642  644  642  632  611
  580  543  503  460  429  384  359  340  256                                   
    17.5-180.0 180.0   5.0 450.0                            LAT/LON1/LON2/DLON/H
  332  281  238  201  164  137  115  100   88   79   73   69   67   66   67   67
   68   69   72   76   82   90  100  110  118  122  122  118  114  108  103   97
   91   85   83   87  100  121  148  178  208  237  266  294  324  354  385  416
  447  477  506  533  558  580  602  622  640  653  660  663  663  660  652  637
  612  582  549  512  482  447  425  411  332                                   
    15.0-180.0 180.0   5.0 450.0                            LAT/LON1/LON2/DLON/H
  397  356  318  284  244  215  186  164  142  123  106   94   86   79   75   71
   69   69   71   74   81   91  105  119  129  135  133  128  120  111  102   94
   86   79   77   82   96  119  148  179  211  243  275  307  340  373  406  438
  469  499  526  549  569  586  604  621  636  645  649  648  645  643  638  629
  613  593  569  543  517  492  475  466  397                                   
    12.5-180.0 180.0   5.0 450.0                            LAT/LON1/LON2/DLON/H
  442  412  381  351  315  288  258  233  204  176  150  130  114  103   94   86
   82   80   80   84   91  102  116  131  141  145  142  133  122  110   99   89
   81   75   74   80   96  120  150  182  216  250  285  320  355  389  421  451
  480  507  530  548  563  574  586  599  609  615  615  611  607  604  602  598
  590  581  567  551  533  515  504  495  442                                   
    10.0-180.0 180.0   5.0 450.0                            LAT/LON1/LON2/DLON/H
  464  441  416  389  360  338  312  289  259  226  195  169  149  134  122  112
  106  103  104  107  113  123  134  145  151  151  145  134  121  108   96   86
   79   74   75   83   99  123  153  186  221  257  294  332  368  400  430  457
  481  504  524  538  548  555  562  570  577  580  576  570  565  562  562  562
  560  558  554  546  535  522  512  503  464                                   
     7.5-180.0 180.0   5.0 450.0                            LAT/LON1/LON2/DLON/H
  468  447  424  397  376  358  337  319  293  261  230  204  184  168  155  145
  139  137  138  142  146  151  156  160  159  153  144  131  118  106   95   87
