data/edconvlstm_nd/pred2110.15i
     1.0            IONOSPHERE MAPS     GNSS                IONEX VERSION / TYPE
pyspatialgeodesy        IME             05-JAN-18 20:20     PGM / RUN BY / DATE 
Map Name                                                    COMMENT             
Predicted global ionosphere maps (GIM).                     DESCRIPTION         
  2015     7    30     0     0     0                        EPOCH OF FIRST MAP  
  2015     7    31     0     0     0                        EPOCH OF LAST MAP   
  7200                                                      INTERVAL            
    13                                                      # OF MAPS IN FILE   
  NONE                                                      MAPPING FUNCTION    
10.0                                                        ELEVATION CUTOFF    
One-way carrier phase leveled to code                       OBSERVABLES USED    
  6371.0                                                    BASE RADIUS         
 2                                                          MAP DIMENSION       
   450.0 450.0   0.0                                        HGT1 / HGT2 / DHGT  
    87.5 -87.5  -2.5                                        LAT1 / LAT2 / DLAT  
  -180.0 180.0   5.0                                        LON1 / LON2 / DLON  
    -1                                                      EXPONENT            
                                                            END OF HEADER       
[from data line 4290]
    11                                                      START OF TEC MAP    
  2015     7    30    20     0     0                        EPOCH OF CURRENT MAP
    87.5-180.0 180.0   5.0 450.0                            LAT/LON1/LON2/DLON/H
  154  146  135  143  144  143  143  141  141  143  142  142  143  143  143  143
  143  143  143  142  142  141  140  139  138  137  136  135  134  132  131  130
  129  129  128  127  126  126  125  125  125  125  125  125  125  125  125  126
  126  127  127  127  128  128  129  129  130  130  130  131  131  132  132  132
  132  133  132  133  144  142  151  150  154                                   
    85.0-180.0 180.0   5.0 450.0                            LAT/LON1/LON2/DLON/H
  153  150  155  147  145  149  149  151  151  153  152  153  154  154  155  155
  155  155  154  154  153  152  151  150  148  147  145  143  142  140  139  137
  136  135  134  133  132  131  131  130  130  130  130  130  130  130  131  131
  132  132  133  134  134  135  136  136  137  137  138  138  139  139  140  140
  141  141  140  139  142  138  140  141  153                                   
    82.5-180.0 180.0   5.0 450.0                            LAT/LON1/LON2/DLON/H
  136  138  139  137  137  141  145  145  145  147  147  149  149  151  151  152
  153  153  153  152  152  150  149  147  145  143  140  138  136  134  132  130
  128  127  125  124  123  122  122  121  121  121  121  121  121  121  122  123
  123  124  125  126  126  127  128  128  129  130  130  130  131  131  131  131
  132  131  130  134  135  141  133  131  136                                   
    80.0-180.0 180.0   5.0 450.0                            LAT/LON1/LON2/DLON/H
  128  130  135  133  133  133  138  142  143  145  146  149  150  151  153  154
  155  155  156  156  155  153  151  149  146  143  140  136  133  131  128  126
  124  122  121  120  119  118  117  117  117  116  117  117  117  118  119  119
  120  121  122  123  124  125  126  126  127  127  128  128  128  128  129  129
  129  129  129  131  128  125  122  126  128                                   
    77.5-180.0 180.0   5.0 450.0                            LAT/LON1/LON2/DLON/H
  130  123  129  128  130  132  136  139  140  141  142  145  146  148  150  152
  154  156  157  157  157  156  154  151  147  144  140  136  132  129  126  124
  122  121  120  119  118  118  117  117  116  116  116  116  116  117  118  119
  120  121  121  122  123  124  124  125  125  125  125  126  125  125  126  125
  125  125  125  126  127  120  121  129  130                                   
    75.0-180.0 180.0   5.0 450.0                            LAT/LON1/LON2/DLON/H
  127  122  125  124  126  129  132  134  136  139  140  142  144  146  149  151
  153  156  157  159  159  158  156  153  149  145  140  136  132  129  127  125
  124  123  122  122  121  121  120  120  119  118  118  118  118  118  118  119
  119  120  121  121  122  122  123  123  123  123  124  124  124  124  125  125
  125  125  126  124  123  117  116  114  127                                   
    72.5-180.0 180.0   5.0 450.0                            LAT/LON1/LON2/DLON/H
  125  120  122  127  125  128  132  134  134  136  137  139  140  143  145  148
  150  153  156  157  158  157  155  152  147  142  137  132  128  125  123  122
  121  121  121  121  121  120  120  119  118  117  116  115  114  114  114  114
  114  115  115  115  116  116  116  116  116  116  117  118  118  119  120  121
  121  122  122  120  118  114  115  118  125                                   
    70.0-180.0 180.0   5.0 450.0                            LAT/LON1/LON2/DLON/H
  127  122  123  125  124  126  128  131  132  135  135  137  138  140  142  145
  147  150  153  155  155  155  153  149  145  139  134  129  124  122  120  119
  120  120  121  121  121  120  119  118  116  114  113  111  110  109  108  108
  108  107  107  107  106  106  106  106  106  107  109  110  112  114  116  118
  120  121  123  122  121  118  120  121  127                                   
    67.5-180.0 180.0   5.0 450.0                            LAT/LON1/LON2/DLON/H
  132  128  130  132  132  133  136  139  140  142  142  144  145  146  148  150
  152  155  157  159  159  159  156  153  147  141  135  130  126  123  122  122
  123  124  124  124  123  122  121  119  117  115  113  111  109  108  107  106
  105  104  102  101  100  100   99  100  100  102  104  107  110  113  117  121
  123  125  127  126  125  123  124  125  132                                   
    65.0-180.0 180.0   5.0 450.0                            LAT/LON1/LON2/DLON/H
  136  133  134  136  135  136  139  142  143  146  146  148  149  150  151  153
  154  156  157  159  159  158  156  152  147  141  135  130  126  124  124  124
  125  125  125  125  123  122  119  117  115  112  110  108  106  104  102  100
   98   96   93   91   89   88   88   88   90   92   95   99  104  109  114  119
  123  127  130  131  131  131  133  133  136                                   
    62.5-180.0 180.0   5.0 450.0                            LAT/LON1/LON2/DLON/H
  141  139  141  142  141  143  145  147  149  151  152  155  156  157  158  159
  159  160  161  161  161  160  158  154  149  143  138  133  130  129  129  130
  130  130  129  127  125  122  119  117  114  112  110  107  105  103  100   97
   94   90   87   83   81   79   78   79   81   85   89   94  100  106  112  118
  123  128  133  134  135  135  138  137  141                                   
    60.0-180.0 180.0   5.0 450.0                            LAT/LON1/LON2/DLON/H
  145  145  147  147  146  147  148  150  152  154  156  159  161  163  163  163
  163  162  162  162  161  161  159  156  151  146  142  138  136  136  137  138
  138  137  134  131  128  124  121  119  116  114  112  109  107  104  100   96
   91   86   81   76   73   71   70   71   74   78   83   89   95  102  109  116
  121  127  133  135  137  140  144  143  145                                   
    57.5-180.0 180.0   5.0 450.0                            LAT/LON1/LON2/DLON/H
  149  150  152  153  151  152  153  154  154  156  158  161  164  166  167  167
  166  164  162  162  161  161  160  157  154  151  147  145  145  145  147  148
  148  146  142  138  134  130  127  124  121  119  116  114  111  107  103   97
   91   85   78   72   68   66   66   67   70   75   80   86   92   98  105  112
  118  125  131  134  138  142  147  146  149                                   
    55.0-180.0 180.0   5.0 450.0                            LAT/LON1/LON2/DLON/H
  154  156  159  160  158  158  158  157  156  158  159  162  165  167  169  168
  166  164  162  160  160  160  160  160  158  155  153  153  153  155  157  159
  158  156  152  147  142  138  135  131  129  126  123  120  116  112  106  100
   93   85   77   71   66   64   64   66   70   74   79   84   90   96  102  109
  115  122  129  133  137  143  150  150  154                                   
    52.5-180.0 180.0   5.0 450.0                            LAT/LON1/LON2/DLON/H
  158  163  167  168  166  166  164  163  160  159  159  161  164  167  168  168
  166  163  160  158  159  160  161  162  161  160  159  159  161  164  167  168
  168  166  162  158  153  148  144  140  137  133  129  125  121  116  110  103
   95   86   78   71   66   65   65   68   72   76   81   85   89   94   99  105
  111  119  126  131  137  144  153  153  158                                   
    50.0-180.0 180.0   5.0 450.0                            LAT/LON1/LON2/DLON/H
  163  171  176  178  176  176  174  171  167  164  162  163  165  167  168  168
  165  162  159  158  158  161  163  165  166  165  165  165  167  170  174  177
  177  176  173  169  165  160  155  150  144  139  134  129  124  119  113  106
   98   89   80   73   69   68   69   73   77   81   84   87   90   94   98  104
  110  117  126  131  138  147  158  158  163                                   
    47.5-180.0 180.0   5.0 450.0                            LAT/LON1/LON2/DLON/H
  170  180  187  189  188  188  186  183  177  173  169  168  169  170  170  169
  166  162  160  159  160  163  167  169  171  171  170  170  172  176  179  183
  185  185  184  181  177  171  165  158  150  143  137  131  127  122  116  109
  101   92   84   78   74   73   75   79   83   87   90   91   93   96  100  105
  111  119  128  134  142  153  165  165  170                                   
    45.0-180.0 180.0   5.0 450.0                            LAT/LON1/LON2/DLON/H
  176  189  197  199  199  200  199  196  190  185  180  178  177  176  175  173
  169  166  163  163  165  168  172  176  177  177  176  176  177  180  184  189
  192  194  194  193  188  182  174  165  155  147  139  134  129  125  120  114
  106   98   90   84   81   80   83   87   91   94   96   97   98  100  103  108
  114  123  132  140  148  160  173  173  176                                   
    42.5-180.0 180.0   5.0 450.0                            LAT/LON1/LON2/DLON/H
  183  198  205  208  209  211  211  208  203  199  194  191  188  186  184  180
  176  172  170  170  172  176  180  183  185  185  183  183  183  186  190  195
  200  204  206  204  200  192  182  171  160  150  143  138  133  130  125  120
  113  106   98   92   89   89   91   95   99  102  104  104  104  105  109  114
  120  128  138  146  155  169  183  183  183                                   
    40.0-180.0 180.0   5.0 450.0                            LAT/LON1/LON2/DLON/H
  188  204  212  214  216  218  219  218  215  212  208  205  202  199  195  191
  186  182  180  180  182  185  189  192  194  194  193  192  192  194  198  204
  210  215  218  217  212  202  190  177  166  156  150  145  141  138  134  129
  122  115  108  102   98   98   99  103  106  109  110  111  111  112  115  120
  126  134  145  153  162  177  192  192  188                                   
    37.5-180.0 180.0   5.0 450.0                            LAT/LON1/LON2/DLON/H
  193  210  216  217  220  222  223  224  224  223  221  218  216  212  208  203
  198  193  191  191  193  196  199  202  204  204  204  203  203  205  210  216
  223  229  232  230  223  212  199  185  174  165  160  156  153  149  145  140
  133  126  119  113  108  106  107  109  112  115  116  117  117  118  121  126
  131  140  150  158  168  184  199  199  193                                   
    35.0-180.0 180.0   5.0 450.0                            LAT/LON1/LON2/DLON/H
  196  214  220  220  222  223  226  228  229  231  231  231  229  225  221  216
  210  206  203  203  204  207  210  213  215  216  216  216  217  220  225  232
  239  244  246  243  234  221  207  193  183  177  174  171  168  163  157  151
  144  137  130  123  117  114  112  113  116  118  120  121  122  123  126  130
  135  143  152  161  171  188  204  205  196                                   
    32.5-180.0 180.0   5.0 450.0                            LAT/LON1/LON2/DLON/H
  200  218  224  223  225  226  228  231  234  238  240  242  241  239  235  229
  223  219  216  215  217  219  222  224  227  228  230  231  232  236  241  249
  256  261  261  255  244  229  214  201  193  190  188  186  182  176  168  160
  153  146  138  131  124  119  116  115  116  118  121  123  124  126  129  133
  137  144  153  162  173  190  208  209  200                                   
    30.0-180.0 180.0   5.0 450.0                            LAT/LON1/LON2/DLON/H
  205  223  230  229  231  231  233  236  241  246  250  253  254  252  249  244
  238  232  229  228  229  232  234  236  238  241  243  245  248  252  258  266
  272  275  272  263  249  233  217  206  200  199  199  198  192  184  174  165
  157  149  142  134  127  121  116  114  114  116  119  121  124  126  129  133
  136  144  153  162  173  191  210  212  205                                   
    27.5-180.0 180.0   5.0 450.0                            LAT/LON1/LON2/DLON/H
  211  231  239  238  241  242  244  247  252  258  263  267  268  268  265  260
  253  247  244  242  243  245  247  249  251  253  255  258  261  266  273  280
  286  286  279  266  249  231  215  205  201  202  203  201  195  185  173  163
  155  147  141  133  126  119  114  110  109  111  114  118  121  124  127  131
  135  143  152  162  173  191  211  214  211                                   
    25.0-180.0 180.0   5.0 450.0                            LAT/LON1/LON2/DLON/H
  219  240  250  251  256  259  261  264  269  275  280  284  286  286  284  279
  272  265  260  258  259  261  263  263  264  265  266  269  272  277  284  290
  294  290  279  262  242  222  207  198  195  197  198  196  188  177  165  154
  146  140  134  128  122  115  109  105  103  105  108  112  116  119  123  128
  133  142  152  162  174  192  212  217  219                                   
    22.5-180.0 180.0   5.0 450.0                            LAT/LON1/LON2/DLON/H
  226  248  261  265  272  278  282  286  291  296  301  305  308  308  306  300
  293  285  279  277  278  279  280  279  278  277  277  277  280  284  290  295
  295  288  273  252  230  209  194  185  182  183  184  181  173  162  151  141
  134  129  125  120  115  109  104  100   97   98  101  105  109  113  118  124
  130  141  153  164  177  193  214  219  226                                   
    20.0-180.0 180.0   5.0 450.0                            LAT/LON1/LON2/DLON/H
  232  256  270  276  287  296  303  308  314  320  325  329  331  332  330  324
  316  307  301  298  299  300  300  297  293  289  286  285  286  288  292  295
  292  281  262  239  215  194  179  169  165  165  164  161  155  145  136  128
  122  118  114  111  107  103   99   95   93   92   94   98  102  106  111  119
  127  140  154  166  179  195  215  221  232                                   
    17.5-180.0 180.0   5.0 450.0                            LAT/LON1/LON2/DLON/H
  235  259  275  284  297  309  319  327  335  341  347  351  354  355  354  349
  340  331  324  321  321  321  320  315  309  302  296  293  291  291  293  292
  286  272  251  226  202  182  167  157  151  148  146  143  138  131  124  118
  113  109  106  103  101   99   96   92   89   88   89   92   95   99  104  112
  123  138  154  167  181  197  216  222  235                                   
    15.0-180.0 180.0   5.0 450.0                            LAT/LON1/LON2/DLON/H
  235  260  275  285  300  314  327  336  347  356  363  368  372  374  374  370
  363  354  347  343  342  342  339  333  324  315  307  301  297  295  294  290
  281  265  243  218  195  177  162  151  143  137  134  131  128  123  119  114
  110  105  102   99   97   96   94   92   89   86   86   87   88   91   96  105
  116  133  151  166  180  197  216  223  235                                   
    12.5-180.0 180.0   5.0 450.0                            LAT/LON1/LON2/DLON/H
  233  257  272  282  296  310  324  336  349  360  369  376  382  386  388  386
  381  373  366  362  361  360  356  348  338  327  318  311  305  301  296  290
  278  261  239  216  196  180  167  155  144  137  132  129  127  125  123  118
  113  107  102   99   97   96   95   93   90   86   84   83   83   84   88   96
  107  125  145  161  177  194  214  222  233                                   
    10.0-180.0 180.0   5.0 450.0                            LAT/LON1/LON2/DLON/H
  230  254  268  276  289  301  314  326  340  354  365  375  383  390  394  394
  391  386  380  376  374  372  368  361  350  339  329  321  314  308  301  292
  278  261  240  221  204  192  180  169  157  147  141  138  137  136  134  129
  122  113  106  101   99   98   97   95   91   87   83   80   78   77   80   86
   96  114  134  152  170  190  212  221  230                                   
     7.5-180.0 180.0   5.0 450.0                            LAT/LON1/LON2/DLON/H
  229  254  266  273  282  291  302  312  326  340  353  365  375  384  391  394
  394  391  387  383  381  379  375  368  359  349  339  332  324  316  306  294
