data/edconvlstm_nd/pred1590.15i
     1.0            IONOSPHERE MAPS     GNSS                IONEX VERSION / TYPE
pyspatialgeodesy        IME             05-JAN-18 20:20     PGM / RUN BY / DATE 
Map Name                                                    COMMENT             
Predicted global ionosphere maps (GIM).                     DESCRIPTION         
  2015     6     8     0     0     0                        EPOCH OF FIRST MAP  
  2015     6     9     0     0     0                        EPOCH OF LAST MAP   
  7200                                                      INTERVAL            
    13                                                      # OF MAPS IN FILE   
  NONE                                                      MAPPING FUNCTION    
10.0                                                        ELEVATION CUTOFF    
One-way carrier phase leveled to code                       OBSERVABLES USED    
  6371.0                                                    BASE RADIUS         
 2                                                          MAP DIMENSION       
   450.0 450.0   0.0                                        HGT1 / HGT2 / DHGT  
    87.5 -87.5  -2.5                                        LAT1 / LAT2 / DLAT  
  -180.0 180.0   5.0                                        LON1 / LON2 / DLON  
    -1                                                      EXPONENT            
                                                            END OF HEADER       
[from data line 1287]
     4                                                      START OF TEC MAP    
  2015     6     8     6     0     0                        EPOCH OF CURRENT MAP
    87.5-180.0 180.0   5.0 450.0                            LAT/LON1/LON2/DLON/H
  205  198  195  196  198  196  194  192  192  192  192  192  191  191  191  190
  190  189  189  189  188  188  187  187  186  186  185  185  185  185  185  185
  185  185  186  186  187  187  187  188  188  188  188  188  188  188  188  188
  187  187  187  186  186  185  185  185  185  184  184  184  184  184  184  184
  185  188  187  189  193  193  192  195  205                                   
    85.0-180.0 180.0   5.0 450.0                            LAT/LON1/LON2/DLON/H
  205  202  204  204  207  206  206  205  206  206  205  205  205  205  204  204
  203  203  202  202  201  201  200  199  199  198  197  197  196  196  196  196
  196  196  197  198  198  199  200  200  201  201  201  201  201  201  201  200
  200  199  198  198  197  196  196  195  195  194  194  194  194  194  193  194
  195  198  195  198  195  195  198  201  205                                   
    82.5-180.0 180.0   5.0 450.0                            LAT/LON1/LON2/DLON/H
  207  212  212  208  210  210  211  210  211  211  211  211  211  211  210  209
  209  208  207  207  206  204  203  202  201  199  198  197  196  195  195  195
  195  196  197  198  200  201  203  204  206  206  207  208  208  208  207  207
  206  205  204  203  202  200  199  198  197  196  196  195  195  194  194  195
  195  196  194  198  200  200  202  193  207                                   
    80.0-180.0 180.0   5.0 450.0                            LAT/LON1/LON2/DLON/H
  208  214  210  209  211  211  213  213  214  213  213  212  212  211  210  209
  208  207  206  204  203  201  199  197  195  193  191  189  188  187  187  188
  189  191  194  197  200  203  206  209  212  214  215  217  217  218  218  217
  216  215  214  212  210  209  207  205  204  203  202  201  200  199  198  199
  198  199  196  199  201  201  209  195  208                                   
    77.5-180.0 180.0   5.0 450.0                            LAT/LON1/LON2/DLON/H
  209  212  212  212  213  213  215  214  215  213  212  211  210  208  207  206
  205  204  202  201  200  198  196  193  190  187  185  182  181  181  181  183
  186  190  195  200  205  211  216  220  224  227  230  232  233  234  235  234
  234  232  230  228  225  223  220  218  216  214  212  211  209  208  207  206
  205  205  200  202  205  204  206  200  209                                   
    75.0-180.0 180.0   5.0 450.0                            LAT/LON1/LON2/DLON/H
  207  211  209  210  212  212  213  212  212  210  208  206  203  201  199  198
  196  196  195  194  193  191  189  186  183  179  176  174  172  173  174  178
  183  189  196  204  212  219  226  232  237  241  244  247  249  251  251  251
  250  248  245  242  239  235  232  229  226  223  222  220  219  217  216  215
  213  211  207  203  204  205  206  203  207                                   
    72.5-180.0 180.0   5.0 450.0                            LAT/LON1/LON2/DLON/H
  205  211  209  210  211  211  213  211  210  206  203  199  196  193  190  189
  188  187  187  187  187  186  184  181  178  174  171  168  167  168  172  177
  184  192  202  212  222  230  238  245  251  256  259  263  265  267  268  268
  266  264  260  256  251  246  241  237  234  231  230  228  227  226  225  224
  221  219  215  211  208  207  208  205  205                                   
    70.0-180.0 180.0   5.0 450.0                            LAT/LON1/LON2/DLON/H
  208  209  208  208  209  208  209  207  205  200  196  191  187  182  179  177
  176  176  177  178  178  178  177  174  171  168  164  163  162  165  169  176
  186  196  208  220  231  240  249  256  262  267  271  274  277  279  280  280
  277  274  268  262  256  249  243  238  234  232  230  229  229  228  228  227
  225  223  218  215  212  210  212  210  208                                   
    67.5-180.0 180.0   5.0 450.0                            LAT/LON1/LON2/DLON/H
  208  210  208  207  208  207  207  204  202  197  191  186  180  175  171  168
  167  167  169  170  172  172  172  170  167  163  161  160  161  164  170  179
  190  202  215  227  239  249  257  264  270  275  279  283  286  288  289  288
  285  280  273  265  256  248  241  235  230  228  226  226  226  227  227  228
  226  225  220  217  214  213  214  213  208                                   
    65.0-180.0 180.0   5.0 450.0                            LAT/LON1/LON2/DLON/H
  210  211  209  208  208  206  207  203  200  195  189  183  177  171  167  163
  161  161  162  164  166  167  167  165  163  161  159  159  161  166  174  184
  196  209  223  235  247  256  264  271  277  282  286  291  294  297  298  296
  292  285  277  266  256  246  237  231  226  223  222  221  222  223  224  225
  225  225  222  219  217  218  221  220  210                                   
    62.5-180.0 180.0   5.0 450.0                            LAT/LON1/LON2/DLON/H
  215  216  213  211  210  208  208  204  201  195  190  184  177  171  165  160
  158  157  158  159  161  162  162  161  159  158  158  159  163  170  179  190
  202  216  229  241  252  262  270  276  282  288  293  298  302  305  306  304
  299  291  281  269  257  246  236  229  224  220  219  218  219  219  221  223
  223  224  223  222  221  224  228  228  215                                   
    60.0-180.0 180.0   5.0 450.0                            LAT/LON1/LON2/DLON/H
  222  221  219  215  214  211  210  206  202  196  191  185  178  171  164  159
  155  153  153  154  155  155  155  154  154  154  155  159  164  173  183  194
  207  219  232  244  255  264  273  280  287  293  299  305  310  314  315  312
  307  298  286  274  261  249  239  232  226  222  219  218  217  217  218  220
  221  223  224  225  226  231  236  236  222                                   
    57.5-180.0 180.0   5.0 450.0                            LAT/LON1/LON2/DLON/H
  231  230  227  223  221  217  214  209  204  198  191  185  178  170  163  157
  153  150  149  149  149  149  148  147  147  149  152  157  165  174  185  196
  208  221  233  244  255  265  275  283  291  298  306  312  318  323  324  322
  316  307  295  283  270  259  249  241  234  229  226  222  220  218  218  219
  221  224  226  229  232  239  245  246  231                                   
    55.0-180.0 180.0   5.0 450.0                            LAT/LON1/LON2/DLON/H
  241  241  238  233  231  225  221  214  207  199  192  184  176  167  160  154
  149  147  145  144  143  142  141  140  141  144  149  156  164  174  185  196
  207  219  231  243  255  266  276  286  295  304  312  320  327  332  334  333
  327  319  308  296  284  273  264  256  249  242  236  231  227  223  221  221
  223  227  230  235  239  248  254  255  241                                   
    52.5-180.0 180.0   5.0 450.0                            LAT/LON1/LON2/DLON/H
  253  253  251  246  243  237  231  222  213  202  192  182  172  163  155  149
  145  143  142  141  139  137  136  135  137  141  147  155  164  174  183  194
  204  216  228  241  254  266  278  289  300  309  319  327  334  340  344  344
  340  334  324  314  303  292  283  274  266  258  250  243  236  230  227  226
  228  232  236  241  247  256  262  262  253                                   
    50.0-180.0 180.0   5.0 450.0                            LAT/LON1/LON2/DLON/H
  265  266  264  260  258  251  244  233  221  208  194  182  169  158  149  144
  142  141  141  140  138  136  135  135  137  142  148  156  165  173  182  191
  201  213  226  240  254  268  281  293  305  315  325  333  342  349  354  356
  354  350  342  333  324  314  304  294  284  275  266  256  248  241  236  235
  236  240  244  250  255  265  269  269  265                                   
    47.5-180.0 180.0   5.0 450.0                            LAT/LON1/LON2/DLON/H
  277  279  278  275  273  266  259  246  233  216  200  183  168  155  145  140
  139  140  142  142  141  139  138  138  141  147  153  160  167  174  181  189
  200  212  226  241  257  271  285  298  310  321  330  339  348  356  363  367
  369  366  361  353  344  334  324  313  302  291  280  270  261  253  248  246
  247  250  254  259  264  273  276  276  277                                   
    45.0-180.0 180.0   5.0 450.0                            LAT/LON1/LON2/DLON/H
  287  290  290  288  287  281  274  261  246  227  208  189  170  155  144  139
  139  142  145  146  146  145  145  147  150  156  162  167  172  177  182  189
  200  213  229  245  261  277  291  304  316  326  335  344  353  362  371  378
  382  382  379  372  364  354  342  330  318  307  295  285  276  268  263  261
  260  263  266  269  273  281  284  283  287                                   
    42.5-180.0 180.0   5.0 450.0                            LAT/LON1/LON2/DLON/H
  298  301  301  298  298  292  286  274  259  240  219  198  177  159  147  142
  142  146  150  152  153  153  154  158  162  168  172  176  179  181  185  191
  202  216  233  250  267  283  297  310  322  332  340  348  358  368  379  388
  395  397  395  390  383  373  361  349  337  325  314  304  295  287  282  279
  278  280  281  283  285  293  294  292  298                                   
    40.0-180.0 180.0   5.0 450.0                            LAT/LON1/LON2/DLON/H
  311  312  311  306  306  300  295  283  270  251  231  210  188  168  154  148
  148  152  156  159  160  162  165  170  175  181  184  186  186  187  189  195
  206  221  239  257  274  289  303  316  327  337  345  352  361  372  385  397
  406  411  411  408  402  394  384  373  362  352  342  332  322  314  307  303
  300  300  300  300  301  308  309  306  311                                   
    37.5-180.0 180.0   5.0 450.0                            LAT/LON1/LON2/DLON/H
  327  326  323  315  313  306  300  289  278  261  243  222  200  180  165  157
  155  158  162  164  166  170  175  181  188  193  196  196  194  193  195  200
  211  227  244  262  279  294  308  321  332  341  348  355  364  376  389  403
  415  423  426  427  424  419  413  405  397  389  380  370  359  349  340  333
  328  326  324  322  322  328  328  325  327                                   
    35.0-180.0 180.0   5.0 450.0                            LAT/LON1/LON2/DLON/H
  350  346  340  328  322  312  304  293  282  268  252  234  213  193  176  166
  163  164  167  169  172  177  184  193  200  205  206  204  202  200  201  206
  216  231  248  266  282  296  310  323  335  344  351  357  365  377  392  408
  422  433  441  446  449  450  449  447  443  437  429  419  407  393  381  370
  362  357  353  350  349  354  354  350  350                                   
    32.5-180.0 180.0   5.0 450.0                            LAT/LON1/LON2/DLON/H
  379  374  363  348  337  323  311  298  287  274  260  244  225  205  188  176
  171  170  171  173  177  184  193  203  211  215  214  212  208  206  206  210
  219  232  248  265  281  295  309  323  335  344  350  356  364  376  392  410
  427  441  454  465  475  483  490  494  496  493  487  476  461  444  427  411
  399  392  387  383  380  385  384  380  379                                   
    30.0-180.0 180.0   5.0 450.0                            LAT/LON1/LON2/DLON/H
  414  408  394  377  361  343  325  309  294  281  268  254  236  216  198  185
  178  175  175  178  183  192  203  214  221  223  221  217  214  211  211  214
  220  230  244  260  275  289  304  318  331  341  347  353  361  374  391  410
  429  448  465  483  500  516  531  542  548  549  543  531  514  494  472  452
  437  427  422  418  413  418  415  413  414                                   
    27.5-180.0 180.0   5.0 450.0                            LAT/LON1/LON2/DLON/H
  452  448  431  414  395  373  350  328  309  292  278  264  246  226  208  193
  184  180  180  184  191  202  214  225  230  230  226  221  217  215  214  214
  217  224  235  249  264  279  295  310  323  334  341  347  356  370  388  409
  430  452  474  498  522  545  565  581  591  593  588  575  557  534  510  487
  469  459  454  450  443  448  445  443  452                                   
    25.0-180.0 180.0   5.0 450.0                            LAT/LON1/LON2/DLON/H
  486  487  470  457  433  411  383  356  332  311  293  276  258  237  218  202
  192  188  187  192  201  214  227  236  239  236  229  223  218  215  213  210
  210  213  221  234  249  265  281  297  312  323  332  340  351  366  385  407
  431  456  481  509  537  563  586  604  615  618  612  599  581  558  534  510
  492  482  478  475  468  471  470  467  486                                   
    22.5-180.0 180.0   5.0 450.0                            LAT/LON1/LON2/DLON/H
  511  518  505  496  472  450  419  390  361  335  313  293  273  251  231  214
  203  198  198  204  214  228  240  248  247  240  230  221  216  212  207  202
  198  198  204  216  232  249  266  282  297  310  322  333  346  363  384  407
  432  458  486  514  542  568  589  606  616  618  612  600  584  564  542  520
  503  494  492  491  483  485  485  481  511                                   
    20.0-180.0 180.0   5.0 450.0                            LAT/LON1/LON2/DLON/H
  521  534  527  523  501  481  452  422  391  362  336  313  290  268  247  231
  219  212  212  218  229  242  253  256  252  240  227  216  209  203  197  189
  182  179  184  196  212  230  248  266  282  297  312  326  342  362  384  408
  434  460  487  513  537  558  575  587  594  594  589  580  568  553  537  519
  504  496  495  495  487  489  490  484  521                                   
    17.5-180.0 180.0   5.0 450.0                            LAT/LON1/LON2/DLON/H
  517  533  531  530  512  496  470  443  414  384  357  333  309  287  268  251
  238  231  229  234  243  254  261  261  251  236  220  206  196  189  181  172
  164  160  164  176  193  213  232  250  269  286  304  321  341  363  386  411
  436  460  484  506  524  538  548  554  557  556  552  547  541  534  523  510
  498  492  491  490  484  485  486  478  517                                   
    15.0-180.0 180.0   5.0 450.0                            LAT/LON1/LON2/DLON/H
  502  517  516  513  499  486  466  445  420  394  369  347  326  306  289  273
  261  252  248  250  255  262  264  258  245  226  208  192  180  171  162  153
  145  141  145  158  176  196  216  237  257  277  298  319  341  365  389  414
  437  460  479  495  506  512  515  516  515  514  512  512  513  512  508  500
  491  486  484  483  477  477  477  466  502                                   
    12.5-180.0 180.0   5.0 450.0                            LAT/LON1/LON2/DLON/H
  482  492  489  478  465  452  437  422  405  386  367  350  335  320  307  294
  282  272  265  262  263  263  259  249  232  211  191  174  161  151  142  133
  126  124  129  141  159  180  202  224  247  270  294  318  342  367  391  415
  437  457  473  483  488  489  487  485  482  480  481  485  492  497  499  495
  488  482  479  476  472  470  468  455  482                                   
    10.0-180.0 180.0   5.0 450.0                            LAT/LON1/LON2/DLON/H
  464  468  458  435  420  404  390  380  371  360  349  340  332  324  317  308
  298  286  276  269  263  257  247  232  213  192  172  155  142  131  122  115
  110  109  114  126  144  166  189  213  238  264  290  316  341  366  390  414
  435  454  467  475  477  476  473  470  467  466  469  475  485  494  498  496
  490  484  479  475  471  467  463  448  464                                   
     7.5-180.0 180.0   5.0 450.0                            LAT/LON1/LON2/DLON/H
  454  451  433  398  377  355  339  331  326  321  318  317  316  316  314  310
  303  291  279  267  256  244  229  211  191  171  153  137  124  113  105   99
