data/edconvlstm_nd/pred2650.15i
     1.0            IONOSPHERE MAPS     GNSS                IONEX VERSION / TYPE
pyspatialgeodesy        IME             05-JAN-18 20:20     PGM / RUN BY / DATE 
Map Name                                                    COMMENT             
Predicted global ionosphere maps (GIM).                     DESCRIPTION         
  2015     9    22     0     0     0                        EPOCH OF FIRST MAP  
  2015     9    23     0     0     0                        EPOCH OF LAST MAP   
  7200                                                      INTERVAL            
    13                                                      # OF MAPS IN FILE   
  NONE                                                      MAPPING FUNCTION    
10.0                                                        ELEVATION CUTOFF    
One-way carrier phase leveled to code                       OBSERVABLES USED    
  6371.0                                                    BASE RADIUS         
 2                                                          MAP DIMENSION       
   450.0 450.0   0.0                                        HGT1 / HGT2 / DHGT  
    87.5 -87.5  -2.5                                        LAT1 / LAT2 / DLAT  
  -180.0 180.0   5.0                                        LON1 / LON2 / DLON  
    -1                                                      EXPONENT            
                                                            END OF HEADER       
[from data line 1716]
     5                                                      START OF TEC MAP    
  2015     9    22     8     0     0                        EPOCH OF CURRENT MAP
    87.5-180.0 180.0   5.0 450.0                            LAT/LON1/LON2/DLON/H
   63   68   65   68   69   69   68   64   66   68   68   69   70   71   72   72
   73   73   73   74   74   74   74   74   74   74   74   74   74   74   74   73
   73   73   73   73   72   72   72   72   72   72   72   72   72   72   73   73
   73   73   73   73   73   73   73   72   72   71   70   69   68   67   66   66
   66   66   64   63   68   71   81   78   63                                   
    85.0-180.0 180.0   5.0 450.0                            LAT/LON1/LON2/DLON/H
   57   71   72   68   70   72   72   71   72   74   74   76   77   78   79   79
   80   80   81   81   82   82   82   82   83   83   83   83   84   84   84   85
   85   85   85   85   84   84   84   84   84   83   83   83   83   84   84   84
   84   84   84   84   84   84   84   83   82   81   80   79   78   76   75   74
   74   73   68   67   67   70   80   78   57                                   
    82.5-180.0 180.0   5.0 450.0                            LAT/LON1/LON2/DLON/H
   56   62   71   65   65   67   67   67   69   71   71   73   74   75   76   76
   77   77   78   78   78   78   78   78   79   79   80   80   81   82   83   84
   85   86   87   87   88   88   88   88   88   89   89   89   90   90   91   92
   92   93   93   93   94   93   93   92   91   90   88   86   84   81   78   77
   75   74   68   66   69   67   64   64   56                                   
    80.0-180.0 180.0   5.0 450.0                            LAT/LON1/LON2/DLON/H
   57   55   61   58   61   59   60   60   62   63   63   65   66   67   68   69
   69   70   70   70   70   70   70   71   71   72   73   74   76   78   80   82
   84   86   88   89   90   91   91   92   92   93   93   94   95   96   97   98
   99  100  101  101  101  101  101  100   98   96   94   91   88   84   81   78
   75   71   68   64   65   65   66   62   57                                   
    77.5-180.0 180.0   5.0 450.0                            LAT/LON1/LON2/DLON/H
   57   54   54   53   52   53   54   54   56   56   56   58   59   60   61   62
   63   64   64   64   64   64   64   64   64   65   66   68   70   73   77   80
   84   87   90   93   95   96   97   97   98   99  100  101  103  104  106  108
  110  112  113  114  114  114  113  112  110  107  104  100   96   91   86   82
   77   72   66   64   60   54   55   57   57                                   
    75.0-180.0 180.0   5.0 450.0                            LAT/LON1/LON2/DLON/H
   47   47   45   45   45   47   47   47   47   48   47   49   49   50   52   53
   54   55   55   55   55   55   54   54   54   55   56   59   62   66   70   75
   80   85   89   93   96   98   99  100  101  102  104  106  109  111  114  117
  119  121  123  123  123  123  121  120  117  114  111  106  102   96   91   85
   79   73   67   59   57   51   52   51   47                                   
    72.5-180.0 180.0   5.0 450.0                            LAT/LON1/LON2/DLON/H
   45   45   43   42   43   46   46   46   45   45   44   46   46   47   48   50
   51   52   53   53   52   52   51   50   50   50   52   54   58   63   68   75
   81   87   93   98  101  104  106  107  109  111  114  117  121  125  128  132
  135  136  137  137  136  135  133  130  127  124  120  116  111  106  100   94
   87   81   75   66   61   54   52   53   45                                   
    70.0-180.0 180.0   5.0 450.0                            LAT/LON1/LON2/DLON/H
   47   44   43   42   42   43   43   42   42   42   41   42   42   43   45   46
   48   49   49   49   49   48   47   46   46   46   48   50   54   59   65   72
   80   87   94   99  104  108  110  113  115  118  122  127  132  137  141  145
  147  148  148  146  144  141  137  134  130  127  123  119  115  110  105  100
   93   86   80   71   64   57   57   58   47                                   
    67.5-180.0 180.0   5.0 450.0                            LAT/LON1/LON2/DLON/H
   45   42   40   39   40   40   40   40   40   40   39   40   40   41   43   44
   46   47   48   48   47   46   45   44   44   44   45   47   51   56   62   69
   76   84   91   98  103  108  111  115  119  123  128  134  140  146  151  154
  156  155  153  150  145  141  136  131  127  123  120  117  114  110  106  102
   96   89   84   75   67   59   57   57   45                                   
    65.0-180.0 180.0   5.0 450.0                            LAT/LON1/LON2/DLON/H
   45   41   37   37   37   37   37   38   38   39   38   39   40   41   42   44
   45   47   47   47   47   46   45   44   44   44   45   47   50   54   60   66
   74   82   90   97  104  110  115  120  126  132  139  146  153  159  163  166
  166  164  160  154  148  141  135  129  125  121  118  116  114  111  108  105
  101   95   89   80   72   65   61   61   45                                   
    62.5-180.0 180.0   5.0 450.0                            LAT/LON1/LON2/DLON/H
   45   40   34   34   34   34   35   35   37   38   38   39   40   41   42   43
   45   46   46   46   45   45   44   44   44   45   46   48   50   53   58   64
   72   80   88   97  104  112  119  126  133  141  149  157  164  170  174  175
  174  170  165  158  150  142  134  128  122  119  116  114  113  112  109  107
  104   99   94   85   77   68   64   64   45                                   
    60.0-180.0 180.0   5.0 450.0                            LAT/LON1/LON2/DLON/H
   46   39   33   31   30   30   31   32   33   35   36   37   38   39   40   41
   42   42   42   42   41   41   41   41   42   43   45   46   48   51   55   61
   68   76   85   95  104  113  122  131  139  149  158  166  174  179  181  181
  179  174  168  160  152  143  135  128  122  118  115  113  112  111  109  108
  105  101   97   88   81   72   67   66   46                                   
    57.5-180.0 180.0   5.0 450.0                            LAT/LON1/LON2/DLON/H
   50   42   35   32   30   29   29   30   31   33   34   36   37   37   38   39
   39   39   39   38   37   37   37   38   40   42   43   45   47   49   53   58
   66   74   84   95  106  117  127  138  148  158  168  176  183  187  189  188
  184  179  173  166  158  150  142  134  128  123  120  118  116  115  113  112
  109  105  102   94   87   79   74   71   50                                   
    55.0-180.0 180.0   5.0 450.0                            LAT/LON1/LON2/DLON/H
   59   51   42   38   35   32   31   30   30   31   32   33   34   35   35   35
   35   35   34   33   33   32   33   34   37   39   41   43   45   47   51   57
   65   74   85   97  110  122  134  146  157  167  177  185  191  195  195  193
  190  185  180  174  167  160  152  145  138  132  128  125  124  122  119  117
  114  110  108  101   94   88   82   79   59                                   
    52.5-180.0 180.0   5.0 450.0                            LAT/LON1/LON2/DLON/H
   73   66   57   52   46   41   37   33   32   31   30   31   31   32   32   32
   32   32   31   30   29   29   30   32   34   36   39   41   43   46   51   57
   66   76   89  102  116  129  142  154  166  176  186  194  199  201  201  199
  196  193  188  184  178  172  164  157  150  144  139  136  133  131  127  125
  121  118  115  109  104   98   94   90   73                                   
    50.0-180.0 180.0   5.0 450.0                            LAT/LON1/LON2/DLON/H
   91   86   78   72   64   57   49   42   37   33   30   30   30   30   30   30
   30   30   29   28   28   28   28   30   33   35   37   39   42   46   51   59
   68   80   94  108  123  137  150  162  174  185  194  201  206  208  208  206
  204  201  198  194  189  183  176  168  160  154  149  146  143  140  136  133
  130  126  124  118  114  110  107  103   91                                   
    47.5-180.0 180.0   5.0 450.0                            LAT/LON1/LON2/DLON/H
  109  107  100   96   87   78   67   54   45   38   33   31   30   30   30   30
   30   30   30   29   29   29   29   31   33   35   37   39   42   46   52   61
   72   85  100  115  130  145  158  170  182  192  201  208  212  215  215  214
  213  210  207  203  197  190  182  174  166  160  155  152  150  147  144  141
  137  133  131  126  123  121  119  114  109                                   
    45.0-180.0 180.0   5.0 450.0                            LAT/LON1/LON2/DLON/H
  121  123  118  116  108   99   85   70   56   45   38   35   33   32   32   33
   33   33   33   32   32   32   33   34   36   38   39   40   43   47   54   64
   76   90  106  122  137  152  165  177  188  198  207  214  219  222  223  223
  222  220  215  210  202  193  184  175  167  161  157  154  153  151  149  146
  143  139  137  132  129  127  126  122  121                                   
    42.5-180.0 180.0   5.0 450.0                            LAT/LON1/LON2/DLON/H
  125  128  125  126  122  113   99   83   68   55   46   41   38   38   37   37
   37   37   37   37   37   37   38   39   41   42   42   42   44   48   55   66
   79   94  110  127  144  158  171  183  194  204  213  220  225  229  232  233
  232  229  223  214  204  193  182  172  164  159  155  154  154  153  151  150
  147  144  141  135  131  129  128  124  125                                   
    40.0-180.0 180.0   5.0 450.0                            LAT/LON1/LON2/DLON/H
  119  122  120  123  122  116  104   91   77   64   54   49   47   46   45   45
   44   43   43   43   43   43   44   45   46   47   46   45   46   50   57   68
   81   97  115  132  149  164  177  189  200  210  220  227  233  238  241  243
  242  238  230  220  207  194  182  172  164  159  156  155  154  154  152  152
  150  147  143  137  131  126  124  120  119                                   
    37.5-180.0 180.0   5.0 450.0                            LAT/LON1/LON2/DLON/H
  107  106  103  107  109  105   98   90   80   70   62   58   56   56   56   55
   53   52   51   50   50   50   51   52   52   52   50   48   48   51   58   69
   83  100  118  137  155  170  184  196  207  218  227  236  242  248  252  254
  254  249  241  230  216  203  191  181  173  168  164  162  160  157  155  155
  153  150  146  138  129  121  117  112  107                                   
    35.0-180.0 180.0   5.0 450.0                            LAT/LON1/LON2/DLON/H
   93   87   81   84   87   85   84   80   77   71   67   66   66   67   67   66
   64   61   60   59   58   57   57   57   57   56   54   51   51   54   60   71
   86  103  123  142  161  177  190  203  215  227  237  246  253  259  264  268
  268  264  257  247  236  224  214  206  198  192  186  180  173  168  163  161
  159  156  151  142  130  118  111  105   93                                   
    32.5-180.0 180.0   5.0 450.0                            LAT/LON1/LON2/DLON/H
   84   73   65   64   65   65   66   68   69   69   69   72   74   77   78   76
   74   71   69   67   65   63   62   61   61   59   57   55   54   57   64   74
   89  108  128  148  167  183  198  211  224  237  248  258  265  272  278  283
  285  283  279  273  266  260  253  247  240  232  222  211  199  187  178  173
  170  167  161  150  136  120  111  104   84                                   
    30.0-180.0 180.0   5.0 450.0                            LAT/LON1/LON2/DLON/H
   89   72   60   55   51   50   53   56   61   65   69   74   79   83   85   85
   82   79   77   74   72   69   67   65   64   62   60   58   58   61   68   79
   94  113  134  155  174  191  205  219  234  248  260  270  278  286  293  299
  304  306  307  307  307  307  305  302  295  285  271  254  235  216  201  192
  187  183  177  165  150  132  122  113   89                                   
    27.5-180.0 180.0   5.0 450.0                            LAT/LON1/LON2/DLON/H
  109   88   74   61   51   46   47   51   56   62   67   74   80   86   89   90
   88   85   83   80   77   74   71   68   67   65   63   62   62   66   73   85
  100  119  140  162  181  198  212  227  242  257  271  282  292  301  310  319
  326  333  339  346  353  360  364  363  357  345  327  304  278  253  232  218
  210  205  199  186  172  153  145  136  109                                   
    25.0-180.0 180.0   5.0 450.0                            LAT/LON1/LON2/DLON/H
  147  124  108   87   69   58   53   52   56   62   67   74   80   86   90   91
   90   89   87   84   81   78   75   73   71   69   67   66   68   72   80   92
  108  127  148  168  187  203  218  233  249  265  280  293  305  316  328  340
  351  363  375  388  402  414  422  423  416  402  382  355  324  294  268  250
  239  233  227  214  203  184  178  169  147                                   
    22.5-180.0 180.0   5.0 450.0                            LAT/LON1/LON2/DLON/H
  198  176  159  132  106   86   73   65   64   67   71   75   80   85   89   91
   91   90   88   86   84   82   80   78   76   74   73   72   74   79   88  100
  115  134  154  174  192  208  223  238  254  271  288  303  318  332  348  363
  378  394  410  428  445  460  469  471  464  449  427  400  367  335  306  286
  272  265  258  246  237  221  216  210  198                                   
    20.0-180.0 180.0   5.0 450.0                            LAT/LON1/LON2/DLON/H
  253  235  218  189  158  129  106   89   82   80   80   81   83   87   90   91
   91   90   89   87   86   86   85   85   84   81   79   78   80   86   95  107
  122  139  158  178  195  211  226  242  258  277  295  313  331  350  368  387
  406  424  442  461  478  493  500  501  493  480  460  434  403  371  343  321
  307  298  291  279  272  259  255  251  253                                   
    17.5-180.0 180.0   5.0 450.0                            LAT/LON1/LON2/DLON/H
  299  286  271  246  213  178  146  121  106   99   95   92   91   91   93   94
   93   91   90   89   89   89   91   92   92   90   87   85   87   92  101  113
  127  144  161  180  197  214  230  246  264  283  303  324  345  367  389  410
  430  449  467  483  498  508  513  511  505  493  477  456  431  402  376  355
  340  331  322  310  304  293  289  286  299                                   
    15.0-180.0 180.0   5.0 450.0                            LAT/LON1/LON2/DLON/H
  328  320  308  290  260  223  186  155  135  123  115  108  103  101  100  100
   98   95   93   91   92   94   98  101  102   99   95   92   92   97  106  117
  131  147  164  182  200  217  234  252  271  291  313  336  359  383  407  430
  450  468  483  495  504  509  510  507  502  494  484  469  450  427  404  385
  371  361  350  337  330  319  313  312  328                                   
    12.5-180.0 180.0   5.0 450.0                            LAT/LON1/LON2/DLON/H
  336  330  323  313  290  256  218  187  163  149  138  129  121  115  112  110
  107  103   99   96   97  101  106  111  112  108  103   98   98  102  110  121
  135  149  166  184  203  222  241  259  279  301  324  348  372  397  421  444
  464  480  491  498  501  502  500  497  493  489  484  476  462  445  426  410
  397  387  375  360  350  336  328  326  336                                   
    10.0-180.0 180.0   5.0 450.0                            LAT/LON1/LON2/DLON/H
  328  320  319  316  303  274  241  212  189  175  163  152  142  134  129  124
  119  114  108  105  105  109  116  121  122  117  110  104  103  106  114  125
  138  153  170  188  208  229  249  268  289  311  334  358  382  406  429  451
  470  484  492  495  494  492  489  487  487  486  485  480  471  457  442  429
  417  407  396  379  365  346  335  332  328                                   
     7.5-180.0 180.0   5.0 450.0                            LAT/LON1/LON2/DLON/H
  315  303  305  307  303  282  255  232  212  199  187  176  164  155  148  142
  135  128  121  116  115  119  125  130  130  125  117  110  107  110  118  129
