data/edconvlstm_nd/pred3260.15i
     1.0            IONOSPHERE MAPS     GNSS                IONEX VERSION / TYPE
pyspatialgeodesy        IME             05-JAN-18 20:20     PGM / RUN BY / DATE 
Map Name                                                    COMMENT             
Predicted global ionosphere maps (GIM).                     DESCRIPTION         
  2015    11    22     0     0     0                        EPOCH OF FIRST MAP  
  2015    11    23     0     0     0                        EPOCH OF LAST MAP   
  7200                                                      INTERVAL            
    13                                                      # OF MAPS IN FILE   
  NONE                                                      MAPPING FUNCTION    
10.0                                                        ELEVATION CUTOFF    
One-way carrier phase leveled to code                       OBSERVABLES USED    
  6371.0                                                    BASE RADIUS         
 2                                                          MAP DIMENSION       
   450.0 450.0   0.0                                        HGT1 / HGT2 / DHGT  
    87.5 -87.5  -2.5                                        LAT1 / LAT2 / DLAT  
  -180.0 180.0   5.0                                        LON1 / LON2 / DLON  
    -1                                                      EXPONENT            
                                                            END OF HEADER       
[from data line 4719]
    12                                                      START OF TEC MAP    
  2015    11    22    22     0     0                        EPOCH OF CURRENT MAP
    87.5-180.0 180.0   5.0 450.0                            LAT/LON1/LON2/DLON/H
   82   73   60   60   64   59   58   55   56   59   58   60   61   62   63   64
   65   65   66   66   66   66   66   66   66   65   65   65   64   64   64   64
   63   63   63   63   63   63   63   63   63   63   64   64   65   65   66   66
   67   67   67   67   67   67   67   66   66   65   64   63   62   61   60   58
   57   56   52   49   55   56   77   89   82                                   
    85.0-180.0 180.0   5.0 450.0                            LAT/LON1/LON2/DLON/H
   81   71   75   58   57   59   58   60   60   63   63   65   66   67   69   70
   71   71   72   72   72   72   72   72   71   71   70   69   69   68   68   67
   66   66   65   65   65   65   65   65   65   66   66   67   67   68   68   69
   70   71   71   71   72   72   71   71   70   70   69   67   66   65   63   62
   61   59   54   51   55   59   64   62   81                                   
    82.5-180.0 180.0   5.0 450.0                            LAT/LON1/LON2/DLON/H
   59   56   57   48   51   53   55   56   58   60   62   65   67   69   71   73
   74   75   75   75   75   75   74   73   73   72   71   70   69   68   68   67
   66   65   64   63   63   62   62   61   61   62   62   63   63   64   66   67
   68   69   70   71   72   72   72   72   71   70   69   67   65   63   61   59
   58   54   50   49   55   65   59   61   59                                   
    80.0-180.0 180.0   5.0 450.0                            LAT/LON1/LON2/DLON/H
   36   40   48   40   44   43   49   52   56   60   64   68   71   74   76   77
   78   79   78   78   77   76   75   73   72   71   70   69   69   68   67   66
   64   63   62   60   59   58   57   56   56   57   57   58   60   61   63   65
   67   69   71   73   74   74   75   74   73   72   70   67   65   62   59   56
   53   51   48   47   47   53   47   57   36                                   
    77.5-180.0 180.0   5.0 450.0                            LAT/LON1/LON2/DLON/H
   50   49   51   45   51   51   57   61   66   71   75   81   86   89   91   92
   93   92   90   89   87   85   83   81   80   79   78   77   76   75   74   73
   72   70   67   65   62   60   58   56   55   54   54   55   56   58   61   63
   66   69   72   74   76   78   79   78   78   76   74   71   67   63   60   56
   53   51   50   49   50   53   52   65   50                                   
    75.0-180.0 180.0   5.0 450.0                            LAT/LON1/LON2/DLON/H
   51   55   57   53   61   65   70   75   82   89   95  101  105  108  108  108
  106  103   99   96   92   89   87   85   83   82   81   80   80   79   78   77
   75   73   70   67   64   60   58   55   54   53   53   54   55   57   60   63
   66   69   72   74   76   78   79   79   78   77   74   71   68   64   61   58
   56   56   56   54   55   57   56   59   51                                   
    72.5-180.0 180.0   5.0 450.0                            LAT/LON1/LON2/DLON/H
   73   76   78   80   82   87   94   98  103  110  116  121  125  126  125  122
  117  112  106  100   95   91   87   84   82   81   79   79   78   78   77   76
   74   72   68   64   60   56   52   49   47   45   45   46   47   49   51   54
   57   59   62   65   67   68   70   70   70   68   66   64   61   57   55   53
   52   53   54   53   55   63   66   74   73                                   
    70.0-180.0 180.0   5.0 450.0                            LAT/LON1/LON2/DLON/H
   86   93   98  100  104  110  115  122  129  136  143  147  149  148  144  138
  130  122  113  106   99   94   90   86   83   81   80   79   78   77   76   75
   72   69   65   60   55   51   47   44   42   41   41   42   44   45   47   49
   51   52   54   56   57   59   60   60   61   60   59   57   55   53   51   51
   51   54   59   62   67   77   86   94   86                                   
    67.5-180.0 180.0   5.0 450.0                            LAT/LON1/LON2/DLON/H
  108  117  121  126  130  135  141  147  153  159  165  168  169  165  159  150
  140  129  118  109  101   95   90   85   82   78   76   74   72   70   69   67
   64   60   56   51   46   41   38   35   34   34   35   36   38   39   40   41
   42   42   43   43   44   46   47   48   49   50   50   49   48   46   46   47
   49   53   58   63   70   85   93  101  108                                   
    65.0-180.0 180.0   5.0 450.0                            LAT/LON1/LON2/DLON/H
  117  129  136  143  147  153  159  165  173  179  184  187  186  181  173  162
  150  137  125  115  106   99   93   87   82   77   72   68   65   62   60   57
   53   49   44   39   34   31   28   27   27   28   29   31   33   34   34   34
   33   32   31   30   31   32   33   35   37   39   40   40   41   41   42   44
   47   54   61   69   77   96  107  116  117                                   
    62.5-180.0 180.0   5.0 450.0                            LAT/LON1/LON2/DLON/H
  127  140  147  155  160  166  172  178  185  191  196  198  197  191  183  172
  159  146  134  123  114  105   97   90   82   75   68   62   57   53   50   47
   43   38   34   29   25   22   21   21   22   24   26   29   30   31   30   29
   26   24   22   21   21   22   24   26   29   31   33   35   36   37   39   42
   46   54   62   70   78   97  107  117  127                                   
    60.0-180.0 180.0   5.0 450.0                            LAT/LON1/LON2/DLON/H
  131  143  151  161  167  172  178  184  191  197  203  204  203  198  190  180
  169  157  145  133  123  114  104   95   85   76   67   59   53   48   44   40
   36   31   27   22   19   18   17   18   21   24   27   29   31   31   29   26
   23   19   17   15   15   16   17   20   23   26   29   32   34   36   39   43
   48   56   64   72   80   99  110  120  131                                   
    57.5-180.0 180.0   5.0 450.0                            LAT/LON1/LON2/DLON/H
  134  146  154  164  171  176  182  188  194  199  203  205  204  201  195  187
  177  167  155  144  133  122  112  101   89   78   68   59   53   47   43   39
   35   31   27   23   20   19   20   22   25   28   32   34   35   34   32   28
   24   20   17   15   15   15   17   20   24   27   31   34   36   39   43   49
   55   63   71   78   84  101  111  121  134                                   
    55.0-180.0 180.0   5.0 450.0                            LAT/LON1/LON2/DLON/H
  141  151  161  170  178  182  187  192  196  199  202  203  203  201  198  193
  186  176  165  154  142  130  118  106   94   83   73   64   58   53   49   45
   42   37   33   30   28   27   28   30   34   37   41   43   43   42   38   35
   30   26   23   21   20   21   23   26   30   34   37   40   43   46   51   58
   65   74   83   89   93  107  116  126  141                                   
    52.5-180.0 180.0   5.0 450.0                            LAT/LON1/LON2/DLON/H
  152  161  171  180  188  192  196  199  201  201  201  201  200  200  199  197
  192  183  172  160  147  135  123  111  100   90   80   73   67   63   60   57
   53   49   45   42   40   40   41   43   46   50   52   54   54   52   49   45
   41   38   35   33   32   32   34   37   41   45   47   49   52   56   62   70
   79   90   99  105  107  119  126  134  152                                   
    50.0-180.0 180.0   5.0 450.0                            LAT/LON1/LON2/DLON/H
  167  175  187  195  203  208  211  212  211  208  204  202  200  200  201  200
  196  188  177  165  151  139  128  117  108   99   91   85   81   77   74   70
   67   63   59   57   55   55   56   58   60   63   64   65   65   64   61   58
   56   53   51   50   49   49   50   53   55   58   59   60   62   66   73   83
   94  107  118  125  126  136  142  148  167                                   
    47.5-180.0 180.0   5.0 450.0                            LAT/LON1/LON2/DLON/H
  184  192  205  211  220  226  228  229  224  219  212  206  203  203  204  203
  200  192  180  167  155  143  134  125  117  110  104   98   93   89   86   82
   77   74   71   69   69   69   70   71   72   73   75   76   76   75   74   72
   71   70   69   68   67   66   67   68   70   71   71   70   71   75   84   95
  108  123  135  144  146  155  162  165  184                                   
    45.0-180.0 180.0   5.0 450.0                            LAT/LON1/LON2/DLON/H
  200  207  220  226  236  243  245  245  240  233  223  215  210  209  209  207
  203  195  183  171  160  150  142  135  129  122  115  109  103   97   92   87
   82   79   77   77   78   78   79   79   79   80   82   84   85   86   85   85
   85   85   84   84   82   81   81   82   82   82   81   79   80   84   92  105
  119  135  149  159  163  173  180  183  200                                   
    42.5-180.0 180.0   5.0 450.0                            LAT/LON1/LON2/DLON/H
  209  216  229  235  245  253  256  258  252  245  235  226  220  217  216  213
  207  198  188  177  168  161  154  148  141  133  124  115  106   98   91   85
   80   78   78   79   82   83   84   83   83   84   86   89   92   94   94   94
   95   95   95   95   93   92   91   91   91   90   88   86   86   91  100  114
  128  144  157  168  174  185  194  198  209                                   
    40.0-180.0 180.0   5.0 450.0                            LAT/LON1/LON2/DLON/H
  211  218  229  236  246  254  259  262  258  253  244  236  230  227  224  219
  212  204  195  188  181  175  169  161  152  140  127  115  103   93   85   79
   75   75   76   80   84   86   87   86   85   87   90   94   98  100  101  101
  100  100  100   99   98   96   95   95   95   94   92   91   92   97  107  120
  134  149  162  172  179  191  200  208  211                                   
    37.5-180.0 180.0   5.0 450.0                            LAT/LON1/LON2/DLON/H
  208  214  223  230  240  247  254  257  257  254  248  243  239  236  232  226
  219  212  206  202  197  192  184  173  159  143  126  111   98   88   81   76
   74   76   79   84   89   92   92   91   90   91   95  100  104  106  105  103
  102  101  100   99   98   96   96   96   96   95   94   94   96  102  113  126
  139  152  164  172  179  192  201  211  208                                   
    35.0-180.0 180.0   5.0 450.0                            LAT/LON1/LON2/DLON/H
  206  210  217  224  232  237  244  248  250  249  247  246  244  243  239  233
  227  222  219  217  214  207  195  179  160  141  123  108   96   89   84   83
   84   87   92   97  102  104  103  101   99   99  102  107  110  111  108  105
  101   99   97   96   95   95   94   95   95   95   95   96   99  107  119  132
  145  156  166  174  179  192  200  212  206                                   
    32.5-180.0 180.0   5.0 450.0                            LAT/LON1/LON2/DLON/H
  211  214  220  224  230  230  236  239  242  244  245  246  248  248  245  240
  235  232  232  232  228  218  201  180  158  137  121  109  103  101  102  105
  110  114  118  122  124  124  121  116  112  111  113  116  117  116  112  106
  101   97   96   95   94   94   94   95   95   96   96   99  104  113  126  140
  152  163  172  179  182  195  203  215  211                                   
    30.0-180.0 180.0   5.0 450.0                            LAT/LON1/LON2/DLON/H
  228  233  237  237  241  236  238  239  241  243  245  249  252  253  251  247
  243  242  244  243  236  221  200  176  154  137  126  122  124  130  139  147
  153  157  158  157  154  149  143  135  129  126  126  126  125  122  116  109
  103   99   97   97   97   97   97   98   98   98   99  103  109  120  135  150
  163  175  184  192  194  207  216  225  228                                   
    27.5-180.0 180.0   5.0 450.0                            LAT/LON1/LON2/DLON/H
  262  269  274  269  269  259  257  254  253  253  254  257  260  261  259  255
  252  252  253  250  239  219  195  171  153  144  143  149  162  178  194  206
  213  212  206  197  186  175  164  154  146  140  138  136  133  128  121  114
  108  104  103  103  103  104  104  103  103  103  104  108  116  128  145  162
  176  191  202  212  215  229  241  247  262                                   
    25.0-180.0 180.0   5.0 450.0                            LAT/LON1/LON2/DLON/H
  309  319  326  317  317  303  297  288  284  278  276  275  276  274  271  266
  263  262  260  253  237  215  191  172  163  164  175  193  217  243  265  278
  281  272  255  234  214  195  179  166  157  150  146  143  139  133  127  121
  116  113  112  112  112  112  112  110  109  108  109  114  123  136  154  173
  190  209  225  238  245  262  276  278  309                                   
    22.5-180.0 180.0   5.0 450.0                            LAT/LON1/LON2/DLON/H
  365  378  388  377  378  364  355  342  333  322  313  306  301  296  289  283
  277  273  267  256  237  215  196  185  187  200  223  254  287  318  340  349
  342  322  292  259  229  203  183  169  159  153  149  145  141  137  132  128
  125  123  122  122  121  121  119  117  115  113  114  119  129  143  162  183
  204  228  248  266  278  298  317  317  365                                   
    20.0-180.0 180.0   5.0 450.0                            LAT/LON1/LON2/DLON/H
  421  436  448  439  444  433  424  409  397  381  364  349  337  326  315  305
  296  288  278  264  245  226  215  216  229  255  288  325  359  386  400  399
  381  349  309  266  228  198  176  162  154  149  146  143  141  138  136  134
  133  132  131  130  129  127  125  122  119  117  119  124  134  149  168  192
  216  245  270  293  309  333  356  357  421                                   
    17.5-180.0 180.0   5.0 450.0                            LAT/LON1/LON2/DLON/H
  467  486  499  494  505  498  494  481  468  449  426  403  382  364  348  334
  321  309  296  281  265  254  254  267  292  325  361  393  416  428  428  414
  386  347  302  256  215  183  162  150  144  141  140  139  138  138  139  139
  140  139  138  136  134  132  129  125  121  120  122  129  140  155  175  200
  226  259  288  315  334  362  388  392  467                                   
    15.0-180.0 180.0   5.0 450.0                            LAT/LON1/LON2/DLON/H
  498  520  535  533  551  549  552  544  536  516  490  461  433  409  388  369
  353  338  324  310  301  300  312  336  369  401  426  440  441  434  418  394
  361  321  277  234  196  167  148  138  135  134  135  135  136  138  141  143
  145  145  142  140  137  134  131  127  124  123  126  133  146  162  183  207
  235  269  301  329  351  381  410  419  498                                   
    12.5-180.0 180.0   5.0 450.0                            LAT/LON1/LON2/DLON/H
  512  536  552  552  574  579  590  590  588  572  547  516  485  457  432  410
  391  374  361  353  352  362  385  416  445  464  467  454  432  406  379  349
  317  283  247  212  181  158  143  135  134  134  135  136  138  141  144  148
  149  148  145  142  138  136  133  130  127  126  129  138  153  170  191  215
  242  277  309  337  359  390  421  433  512                                   
    10.0-180.0 180.0   5.0 450.0                            LAT/LON1/LON2/DLON/H
  511  535  551  551  575  584  603  611  618  609  588  559  529  501  476  453
  432  417  406  404  412  431  460  488  505  501  476  439  398  359  326  297
  272  249  226  203  182  165  154  148  146  145  145  145  146  148  151  153
  153  151  147  143  140  138  136  133  130  129  133  143  159  178  200  224
  250  283  313  339  360  392  423  437  511                                   
     7.5-180.0 180.0   5.0 450.0                            LAT/LON1/LON2/DLON/H
  503  524  539  537  559  570  594  609  624  623  608  586  561  537  514  493
  475  461  455  458  472  496  521  538  535  507  459  403  351  309  277  256
