data/edconvlstm_nd/pred3520.15i
     1.0            IONOSPHERE MAPS     GNSS                IONEX VERSION / TYPE
pyspatialgeodesy        IME             05-JAN-18 20:20     PGM / RUN BY / DATE 
Map Name                                                    COMMENT             
Predicted global ionosphere maps (GIM).                     DESCRIPTION         
  2015    12    18     0     0     0                        EPOCH OF FIRST MAP  
  2015    12    19     0     0     0                        EPOCH OF LAST MAP   
  7200                                                      INTERVAL            
    13                                                      # OF MAPS IN FILE   
  NONE                                                      MAPPING FUNCTION    
10.0                                                        ELEVATION CUTOFF    
One-way carrier phase leveled to code                       OBSERVABLES USED    
  6371.0                                                    BASE RADIUS         
 2                                                          MAP DIMENSION       
   450.0 450.0   0.0                                        HGT1 / HGT2 / DHGT  
    87.5 -87.5  -2.5                                        LAT1 / LAT2 / DLAT  
  -180.0 180.0   5.0                                        LON1 / LON2 / DLON  
    -1                                                      EXPONENT            
                                                            END OF HEADER       
[from data line 4719]
    12                                                      START OF TEC MAP    
  2015    12    18    22     0     0                        EPOCH OF CURRENT MAP
    87.5-180.0 180.0   5.0 450.0                            LAT/LON1/LON2/DLON/H
   71   65   56   56   60   55   55   50   52   54   54   56   57   58   59   59
   60   60   61   61   61   61   60   60   60   59   59   58   58   58   57   57
   57   56   56   56   56   56   57   57   57   57   58   58   59   59   60   60
   60   61   61   61   61   61   61   61   60   60   59   58   57   56   55   54
   53   52   47   44   48   51   73   84   71                                   
    85.0-180.0 180.0   5.0 450.0                            LAT/LON1/LON2/DLON/H
   74   69   75   55   54   56   55   55   56   59   59   60   61   62   63   63
   64   64   65   65   64   64   64   64   63   63   62   62   61   61   60   60
   59   59   59   59   59   59   59   60   60   61   61   62   63   64   65   66
   66   67   68   68   69   69   69   69   69   69   68   67   66   65   64   62
   61   59   54   50   55   59   65   57   74                                   
    82.5-180.0 180.0   5.0 450.0                            LAT/LON1/LON2/DLON/H
   49   51   52   42   46   48   49   49   52   54   57   59   61   63   64   65
   66   66   66   66   65   65   64   64   63   62   62   61   60   59   58   57
   57   56   55   55   55   55   55   55   55   56   57   58   59   60   61   62
   63   64   65   66   67   67   68   68   68   67   66   65   64   62   60   58
   56   52   47   45   51   62   58   56   49                                   
    80.0-180.0 180.0   5.0 450.0                            LAT/LON1/LON2/DLON/H
   20   29   37   30   35   35   41   43   48   52   57   61   64   67   68   69
   69   69   68   67   66   65   64   63   62   62   61   60   59   58   56   55
   54   53   52   51   51   50   50   51   51   52   53   54   55   56   58   59
   61   62   63   65   66   66   67   67   66   66   65   63   61   59   56   53
   51   48   43   42   42   49   42   48   20                                   
    77.5-180.0 180.0   5.0 450.0                            LAT/LON1/LON2/DLON/H
   28   29   28   25   31   32   39   44   51   56   62   69   73   76   78   78
   77   76   74   72   71   70   69   69   69   68   68   67   66   65   64   62
   60   58   57   55   54   52   52   51   51   51   51   52   53   54   55   57
   58   60   61   62   63   64   64   64   64   63   62   60   58   55   52   49
   46   42   38   35   35   38   37   45   28                                   
    75.0-180.0 180.0   5.0 450.0                            LAT/LON1/LON2/DLON/H
   18   23   25   22   31   35   42   49   59   68   76   83   87   89   89   87
   83   79   75   71   69   67   67   68   68   69   70   70   70   69   67   65
   63   61   59   57   55   53   52   51   51   50   51   51   51   52   53   55
   56   57   58   59   59   60   60   60   60   59   58   57   55   53   51   48
   45   44   41   37   36   35   31   32   18                                   
    72.5-180.0 180.0   5.0 450.0                            LAT/LON1/LON2/DLON/H
   36   35   35   38   41   45   55   63   72   81   90   97  101  102   98   93
   85   78   71   65   62   60   60   62   64   66   68   69   70   69   67   65
   62   60   57   54   52   50   48   47   46   45   44   44   44   45   45   46
   47   47   47   48   48   48   47   47   47   47   46   46   45   43   42   41
   39   38   35   31   30   33   33   39   36                                   
    70.0-180.0 180.0   5.0 450.0                            LAT/LON1/LON2/DLON/H
   43   46   47   50   54   62   71   81   94  105  115  122  124  122  115  105
   93   81   71   63   58   56   56   59   62   66   69   71   71   71   69   66
   63   60   57   54   51   49   47   46   45   44   44   43   43   44   44   44
   45   45   44   44   43   42   42   42   41   42   42   42   42   42   42   42
   41   42   42   41   42   46   50   56   43                                   
    67.5-180.0 180.0   5.0 450.0                            LAT/LON1/LON2/DLON/H
   65   66   66   71   76   83   94  104  116  126  137  143  145  140  130  116
  100   83   69   59   53   50   51   53   57   61   64   66   66   65   63   60
   57   53   50   47   44   42   41   40   39   39   38   38   39   39   40   40
   40   39   39   37   36   35   34   34   34   34   35   36   37   37   38   39
   40   42   42   42   44   53   54   62   65                                   
    65.0-180.0 180.0   5.0 450.0                            LAT/LON1/LON2/DLON/H
   76   81   83   90   94  102  111  122  135  146  157  163  164  158  145  128
  108   89   72   59   51   47   46   48   51   53   56   57   56   55   52   49
   45   42   38   36   33   32   31   31   31   31   32   33   33   34   35   35
   35   34   33   32   30   28   27   27   28   29   30   32   34   35   37   38
   40   44   47   50   54   65   70   78   76                                   
    62.5-180.0 180.0   5.0 450.0                            LAT/LON1/LON2/DLON/H
   90   97   99  107  112  120  129  139  151  162  173  180  181  175  162  144
  122  100   81   66   56   50   47   46   47   47   47   47   46   44   41   38
   35   31   28   26   24   23   23   24   24   26   27   28   30   31   31   32
   31   31   29   27   25   24   23   23   24   26   28   31   33   34   36   38
   39   43   47   51   55   69   74   82   90                                   
    60.0-180.0 180.0   5.0 450.0                            LAT/LON1/LON2/DLON/H
   96  106  111  119  124  132  141  150  162  173  184  191  193  188  177  159
  138  116   95   78   66   57   51   47   44   42   39   37   35   33   31   29
   26   23   20   18   17   16   17   18   19   21   23   25   26   27   28   28
   27   26   25   23   21   20   20   20   22   24   27   30   33   34   36   37
   38   42   46   51   57   73   80   89   96                                   
    57.5-180.0 180.0   5.0 450.0                            LAT/LON1/LON2/DLON/H
  100  112  120  129  137  144  152  161  171  181  192  199  202  199  190  175
  156  134  114   96   82   71   61   54   47   41   36   33   31   29   28   26
   24   21   19   17   16   16   16   18   20   22   25   26   27   28   28   27
   27   26   24   23   21   20   20   21   23   26   30   33   35   36   37   38
   40   43   47   52   58   74   82   91  100                                   
    55.0-180.0 180.0   5.0 450.0                            LAT/LON1/LON2/DLON/H
  105  120  130  140  149  156  164  171  180  188  197  203  207  205  199  187
  171  152  133  115  100   86   74   63   53   44   38   34   32   31   30   29
   27   25   23   21   20   20   21   23   25   28   30   31   32   31   30   29
   28   27   26   25   24   23   24   25   28   31   34   36   38   39   40   41
   42   46   51   56   62   77   85   94  105                                   
    52.5-180.0 180.0   5.0 450.0                            LAT/LON1/LON2/DLON/H
  112  128  141  153  163  171  179  184  190  196  202  206  209  208  203  194
  181  165  149  132  116  102   88   74   62   52   45   41   39   39   39   38
   36   34   32   31   30   30   31   33   36   38   40   41   40   38   36   35
   33   32   32   31   31   31   32   33   35   37   40   41   43   43   44   46
   48   53   59   65   70   85   93  101  112                                   
    50.0-180.0 180.0   5.0 450.0                            LAT/LON1/LON2/DLON/H
  123  140  156  168  181  190  197  202  205  207  210  211  210  208  204  197
  186  173  159  144  129  115  101   87   75   64   57   53   52   51   50   49
   47   45   44   43   43   43   44   46   49   51   52   52   51   48   46   44
   42   42   42   43   43   43   44   45   45   46   46   47   47   48   49   52
   55   62   71   78   84   98  106  113  123                                   
    47.5-180.0 180.0   5.0 450.0                            LAT/LON1/LON2/DLON/H
  138  155  172  185  199  209  216  221  222  222  221  218  214  209  203  196
  187  176  164  151  139  126  114  101   89   78   71   67   65   63   61   58
   56   54   53   54   55   56   57   59   61   62   64   64   62   60   57   55
   54   55   56   57   58   58   58   58   57   55   54   52   52   52   54   58
   64   74   85   95  102  116  124  129  138                                   
    45.0-180.0 180.0   5.0 450.0                            LAT/LON1/LON2/DLON/H
  154  169  187  200  215  226  234  239  240  240  235  229  221  213  205  197
  188  178  166  156  146  136  126  114  103   93   85   80   75   71   66   62
   58   57   58   60   62   64   66   68   69   71   72   73   72   70   68   68
   68   70   72   74   75   75   74   72   69   65   61   57   56   56   59   65
   73   85   99  111  120  134  144  147  154                                   
    42.5-180.0 180.0   5.0 450.0                            LAT/LON1/LON2/DLON/H
  167  180  197  210  225  237  246  253  256  256  251  243  232  221  211  201
  191  181  170  161  153  146  138  127  116  105   96   87   80   72   65   59
   55   55   57   61   65   68   71   72   73   75   77   78   79   79   79   79
   81   84   87   89   91   90   88   85   79   73   66   62   59   60   64   71
   81   95  110  123  135  149  161  164  167                                   
    40.0-180.0 180.0   5.0 450.0                            LAT/LON1/LON2/DLON/H
  175  186  201  213  228  240  250  260  265  268  265  257  246  234  222  211
  199  188  178  170  163  158  150  140  127  114  102   90   79   69   59   53
   50   51   55   60   66   70   72   73   74   76   78   81   84   85   87   88
   91   95   98  101  102  101   98   93   86   78   70   65   63   64   69   77
   87  102  117  131  143  159  172  176  175                                   
    37.5-180.0 180.0   5.0 450.0                            LAT/LON1/LON2/DLON/H
  178  187  199  211  224  236  247  259  268  274  275  270  260  249  237  225
  213  201  190  182  176  170  162  150  135  119  103   89   76   64   55   50
   49   51   57   63   69   73   75   75   75   77   80   84   87   90   92   94
   98  101  104  107  107  105  102   96   88   80   72   67   66   68   74   83
   93  106  121  133  145  163  176  183  178                                   
    35.0-180.0 180.0   5.0 450.0                            LAT/LON1/LON2/DLON/H
  178  185  195  205  217  227  239  251  263  273  278  277  272  263  252  241
  229  216  205  197  190  183  172  158  140  121  103   89   76   66   60   57
   59   63   69   75   79   81   82   81   80   81   84   87   91   94   96   98
  100  103  105  106  106  104  100   94   86   78   72   68   69   73   80   89
   98  110  122  133  143  162  175  185  178                                   
    32.5-180.0 180.0   5.0 450.0                            LAT/LON1/LON2/DLON/H
  178  185  194  201  212  218  230  241  255  268  277  280  278  272  264  254
  243  230  219  209  201  192  179  162  142  123  107   94   85   80   78   80
   85   90   95   97   97   97   95   93   91   91   92   95   97   99  100  100
  100  101  102  102  101   99   95   89   82   75   70   69   71   77   86   96
  105  114  124  133  140  160  173  186  178                                   
    30.0-180.0 180.0   5.0 450.0                            LAT/LON1/LON2/DLON/H
  183  192  200  205  214  216  225  235  249  262  273  278  280  277  271  262
  251  239  227  216  205  194  180  163  145  128  117  110  107  109  114  122
  128  133  132  129  123  118  114  110  107  105  105  106  106  106  104  101
   99   98   97   97   96   94   90   85   78   72   69   69   74   82   93  104
  112  121  129  135  140  161  175  190  183                                   
    27.5-180.0 180.0   5.0 450.0                            LAT/LON1/LON2/DLON/H
  197  208  218  220  228  226  232  238  249  260  271  277  279  278  272  265
  254  241  228  215  203  190  177  163  150  140  136  138  144  154  166  177
  184  185  177  165  152  142  135  130  126  123  120  119  117  114  110  104
   99   95   93   93   92   91   88   83   76   71   69   71   78   88  101  114
  123  132  139  144  148  169  184  201  197                                   
    25.0-180.0 180.0   5.0 450.0                            LAT/LON1/LON2/DLON/H
  221  235  248  247  255  251  253  255  261  268  276  281  283  280  274  265
  254  241  225  210  195  183  172  164  160  160  166  177  192  209  226  239
  244  237  220  197  177  161  153  147  143  139  135  132  128  123  116  108
  101   96   93   92   93   93   90   84   78   72   71   74   82   94  110  124
  135  146  154  160  164  186  203  220  221                                   
    22.5-180.0 180.0   5.0 450.0                            LAT/LON1/LON2/DLON/H
  254  270  286  284  294  290  289  286  288  290  294  296  295  290  282  271
  259  243  224  205  189  177  171  171  177  188  204  223  244  265  283  294
  293  276  249  216  189  170  161  157  153  150  146  142  137  131  122  113
  104   98   95   96   97   98   95   89   82   75   74   77   86  100  117  135
  148  162  172  181  188  210  229  245  254                                   
    20.0-180.0 180.0   5.0 450.0                            LAT/LON1/LON2/DLON/H
  292  308  326  327  340  338  337  331  329  327  326  325  320  312  302  289
  274  256  234  211  191  180  179  187  203  223  247  271  294  313  326  329
  318  292  255  217  186  167  159  156  155  153  150  146  142  136  127  117
  109  103  100  102  104  106  103   96   87   80   77   81   90  104  123  143
  160  178  190  203  214  237  258  274  292                                   
    17.5-180.0 180.0   5.0 450.0                            LAT/LON1/LON2/DLON/H
  328  344  364  369  388  390  392  385  381  377  374  370  362  351  338  324
  307  286  260  233  210  199  200  214  237  263  290  314  332  343  345  336
  315  281  240  200  170  154  148  149  150  149  148  145  142  137  129  121
  113  107  106  108  112  114  111  103   92   84   80   83   93  108  127  149
  169  191  206  223  237  262  285  302  328                                   
    15.0-180.0 180.0   5.0 450.0                            LAT/LON1/LON2/DLON/H
  356  373  395  406  431  439  446  443  441  437  434  428  419  407  392  377
  360  337  309  277  250  236  238  254  278  305  329  345  352  349  337  316
  286  249  210  175  151  139  137  139  142  142  141  140  138  135  129  122
  116  111  110  113  117  119  116  107   96   87   83   86   95  110  131  154
  176  199  217  237  254  280  306  324  356                                   
    12.5-180.0 180.0   5.0 450.0                            LAT/LON1/LON2/DLON/H
  374  392  417  433  465  480  494  496  499  499  499  495  487  474  461  447
  430  408  377  342  309  290  289  302  323  344  358  361  353  335  309  278
  244  210  178  153  137  131  132  135  137  137  136  135  134  131  128  122
  117  114  113  116  120  122  118  110   98   89   85   88   98  113  134  158
  180  205  224  244  264  290  318  338  374                                   
    10.0-180.0 180.0   5.0 450.0                            LAT/LON1/LON2/DLON/H
  383  402  429  449  486  508  530  539  549  555  560  560  555  545  535  524
  511  491  459  420  383  357  349  355  368  376  376  363  339  308  272  237
  205  178  157  144  139  139  141  142  141  138  135  133  132  130  127  123
  119  116  115  117  120  121  118  110   99   90   88   92  102  118  139  162
  184  209  229  247  267  294  322  343  383                                   
     7.5-180.0 180.0   5.0 450.0                            LAT/LON1/LON2/DLON/H
  385  405  435  456  496  524  552  567  585  598  608  614  614  609  603  598
  590  573  543  502  460  428  411  406  405  399  383  355  320  281  242  208
