data/edconvlstm_nd/pred1050.15i
     1.0            IONOSPHERE MAPS     GNSS                IONEX VERSION / TYPE
pyspatialgeodesy        IME             05-JAN-18 20:20     PGM / RUN BY / DATE 
Map Name                                                    COMMENT             
Predicted global ionosphere maps (GIM).                     DESCRIPTION         
  2015     4    15     0     0     0                        EPOCH OF FIRST MAP  
  2015     4    16     0     0     0                        EPOCH OF LAST MAP   
  7200                                                      INTERVAL            
    13                                                      # OF MAPS IN FILE   
  NONE                                                      MAPPING FUNCTION    
10.0                                                        ELEVATION CUTOFF    
One-way carrier phase leveled to code                       OBSERVABLES USED    
  6371.0                                                    BASE RADIUS         
 2                                                          MAP DIMENSION       
   450.0 450.0   0.0                                        HGT1 / HGT2 / DHGT  
    87.5 -87.5  -2.5                                        LAT1 / LAT2 / DLAT  
  -180.0 180.0   5.0                                        LON1 / LON2 / DLON  
    -1                                                      EXPONENT            
                                                            END OF HEADER       
[from data line 429]
     2                                                      START OF TEC MAP    
  2015     4    15     2     0     0                        EPOCH OF CURRENT MAP
    87.5-180.0 180.0   5.0 450.0                            LAT/LON1/LON2/DLON/H
  191  197  197  195  196  195  192  192  195  197  199  201  202  204  204  205
  205  205  204  203  202  201  199  198  196  194  192  191  189  188  187  186
  185  184  184  183  183  183  183  183  183  183  183  183  182  182  182  182
  181  181  180  180  179  179  178  178  178  177  177  177  177  177  176  177
  178  180  180  183  185  184  180  186  191                                   
    85.0-180.0 180.0   5.0 450.0                            LAT/LON1/LON2/DLON/H
  197  198  185  191  195  194  194  195  198  201  203  206  208  210  211  212
  211  211  210  208  206  204  201  198  195  193  190  188  186  184  182  181
  180  180  180  180  180  180  181  182  183  183  184  184  185  185  185  185
  185  184  184  183  183  182  182  181  181  181  181  180  180  180  180  181
  183  185  184  188  182  182  179  182  197                                   
    82.5-180.0 180.0   5.0 450.0                            LAT/LON1/LON2/DLON/H
  194  189  186  186  188  187  188  191  197  201  204  209  212  215  217  217
  216  215  212  209  205  201  196  192  187  183  179  175  172  169  167  165
  164  164  164  165  166  167  169  171  172  174  176  177  178  179  180  180
  181  181  180  180  180  180  179  179  179  179  179  180  180  180  180  182
  183  184  183  184  186  175  175  173  194                                   
    80.0-180.0 180.0   5.0 450.0                            LAT/LON1/LON2/DLON/H
  184  185  178  180  181  182  186  192  198  204  209  216  221  224  226  226
  224  221  216  211  205  198  192  185  179  173  168  163  159  156  153  152
  151  152  153  154  156  159  161  164  167  170  173  175  177  179  180  181
  182  183  183  183  183  183  183  183  183  183  184  184  185  185  186  189
  189  189  187  187  192  183  185  177  184                                   
    77.5-180.0 180.0   5.0 450.0                            LAT/LON1/LON2/DLON/H
  184  182  180  182  179  181  187  194  201  208  215  222  228  231  232  231
  227  221  214  206  198  190  183  175  168  162  156  151  147  144  141  140
  140  141  142  144  147  150  153  157  160  164  167  170  173  176  178  180
  182  183  184  185  186  186  186  187  188  188  189  191  192  193  195  198
  199  200  197  198  202  195  192  187  184                                   
    75.0-180.0 180.0   5.0 450.0                            LAT/LON1/LON2/DLON/H
  190  188  185  187  182  184  189  195  204  211  219  227  232  234  233  229
  222  213  204  194  185  177  169  162  155  149  144  139  136  133  131  130
  130  131  133  136  138  141  145  148  151  155  158  162  165  169  172  176
  179  182  184  186  188  189  190  192  193  194  195  197  199  201  204  208
  210  211  210  206  209  205  204  200  190                                   
    72.5-180.0 180.0   5.0 450.0                            LAT/LON1/LON2/DLON/H
  194  196  194  193  187  187  192  198  206  214  222  229  232  232  227  219
  209  198  187  177  168  160  153  148  143  138  134  131  128  125  124  123
  124  125  126  128  131  133  136  138  141  144  147  151  155  160  165  170
  176  181  185  189  192  194  196  198  199  201  202  204  206  208  211  215
  218  220  221  219  219  214  214  212  194                                   
    70.0-180.0 180.0   5.0 450.0                            LAT/LON1/LON2/DLON/H
  207  204  201  200  193  192  196  201  210  217  224  230  232  228  219  207
  194  181  169  159  151  145  141  137  134  130  127  124  121  119  118  117
  117  118  119  120  121  122  124  125  127  129  132  135  140  146  153  161
  170  177  184  190  195  199  202  204  206  207  208  210  211  212  215  219
  221  223  225  224  226  223  224  223  207                                   
    67.5-180.0 180.0   5.0 450.0                            LAT/LON1/LON2/DLON/H
  217  214  210  208  201  198  200  204  212  220  226  231  231  224  212  197
  181  167  155  147  141  137  135  133  130  128  124  121  118  116  114  113
  112  111  111  111  111  111  111  111  112  113  115  119  124  132  141  152
  163  174  183  192  198  204  207  210  212  214  215  215  215  215  215  217
  219  220  222  221  224  222  225  228  217                                   
    65.0-180.0 180.0   5.0 450.0                            LAT/LON1/LON2/DLON/H
  225  221  217  215  207  204  204  207  215  221  228  232  231  222  209  192
  175  161  150  144  140  138  136  135  132  129  125  120  117  114  111  109
  107  106  104  103  101  100  100   99   99   99  101  105  111  120  132  145
  158  172  184  194  202  208  213  217  219  221  221  221  219  217  215  215
  214  214  214  214  217  218  222  227  225                                   
    62.5-180.0 180.0   5.0 450.0                            LAT/LON1/LON2/DLON/H
  230  227  224  222  215  209  207  209  215  221  228  233  231  223  210  193
  177  164  156  151  148  147  145  142  138  132  126  121  116  113  110  107
  104  101   98   96   94   93   92   91   91   91   92   96  103  113  126  141
  157  172  185  197  206  213  219  223  226  228  228  227  225  221  218  215
  211  209  208  206  208  210  216  222  230                                   
    60.0-180.0 180.0   5.0 450.0                            LAT/LON1/LON2/DLON/H
  233  231  230  227  221  213  209  209  213  218  224  229  230  224  213  200
  186  176  169  165  163  161  157  151  143  135  127  120  115  112  109  106
  102   99   95   92   90   89   88   88   88   89   90   94  101  112  126  142
  158  174  188  199  208  216  222  227  231  233  235  234  232  228  223  219
  213  209  206  203  203  205  210  218  233                                   
    57.5-180.0 180.0   5.0 450.0                            LAT/LON1/LON2/DLON/H
  238  238  238  235  229  220  213  209  211  214  218  223  225  222  216  207
  199  192  188  184  181  176  168  158  146  135  126  119  115  112  110  107
  104   99   95   92   90   90   91   92   92   93   95   99  105  115  129  145
  161  177  190  201  209  217  223  229  234  238  241  242  240  237  233  229
  223  218  214  209  207  206  212  219  238                                   
    55.0-180.0 180.0   5.0 450.0                            LAT/LON1/LON2/DLON/H
  248  249  250  247  242  231  221  214  211  210  212  216  218  218  217  214
  211  208  205  202  196  188  176  162  147  134  125  119  117  116  115  113
  109  104  100   97   96   96   98  100  101  102  104  107  113  123  136  151
  166  181  193  203  211  218  224  231  238  244  248  251  251  250  248  245
  240  235  231  225  221  218  222  229  248                                   
    52.5-180.0 180.0   5.0 450.0                            LAT/LON1/LON2/DLON/H
  263  265  266  264  259  248  236  225  218  211  209  209  211  213  215  217
  218  219  217  213  205  193  178  162  146  134  126  123  123  125  125  123
  118  113  108  105  105  106  109  111  113  114  115  118  123  132  144  158
  173  186  197  206  213  220  227  235  243  250  257  261  264  265  266  265
  262  259  256  250  244  239  241  248  263                                   
    50.0-180.0 180.0   5.0 450.0                            LAT/LON1/LON2/DLON/H
  283  285  286  286  282  272  259  245  233  221  212  208  208  209  213  217
  221  223  221  215  206  192  177  162  148  138  134  133  136  138  139  136
  131  125  120  117  117  118  121  123  125  126  128  130  135  142  154  167
  181  194  204  212  219  226  233  241  250  259  267  274  279  283  285  288
  288  288  287  281  275  267  268  275  283                                   
    47.5-180.0 180.0   5.0 450.0                            LAT/LON1/LON2/DLON/H
  306  309  309  311  307  299  287  271  255  238  224  215  210  209  212  217
  220  221  218  211  200  188  175  163  154  148  147  149  152  154  154  150
  144  138  133  130  129  131  132  134  136  137  138  141  146  153  164  177
  191  203  213  222  229  236  243  252  261  271  280  288  295  300  305  310
  313  316  318  314  308  300  299  305  306                                   
    45.0-180.0 180.0   5.0 450.0                            LAT/LON1/LON2/DLON/H
  332  335  333  336  333  327  316  301  283  263  244  230  221  216  216  218
  219  217  212  204  194  185  176  170  166  164  165  168  170  170  167  162
  155  149  144  142  141  141  142  142  144  145  147  151  156  164  174  187
  200  213  225  234  242  249  257  266  275  285  295  304  311  317  323  329
  335  341  345  344  340  333  331  334  332                                   
    42.5-180.0 180.0   5.0 450.0                            LAT/LON1/LON2/DLON/H
  359  361  358  359  356  351  342  328  311  289  269  252  239  231  227  224
  221  216  209  200  193  187  183  182  182  184  185  186  185  182  176  170
  163  158  155  153  152  151  150  149  149  151  154  159  165  173  183  196
  210  224  236  247  257  266  274  283  292  302  311  321  329  335  340  347
  353  361  368  371  370  365  363  361  359                                   
    40.0-180.0 180.0   5.0 450.0                            LAT/LON1/LON2/DLON/H
  389  388  381  378  374  369  360  349  333  313  294  277  263  252  244  237
  230  221  213  205  199  197  197  199  202  204  204  201  196  189  182  175
  170  167  166  165  163  161  157  155  155  157  161  167  173  181  191  203
  217  232  247  261  273  284  293  302  311  320  330  340  348  355  360  366
  372  380  389  394  397  397  395  388  389                                   
    37.5-180.0 180.0   5.0 450.0                            LAT/LON1/LON2/DLON/H
  422  418  406  395  390  381  371  360  348  331  314  300  288  277  266  256
  245  235  226  219  215  215  217  219  221  221  218  212  204  196  189  183
  181  180  180  180  177  172  167  163  162  164  169  175  180  186  195  207
  221  238  255  272  287  301  312  322  331  341  351  362  372  380  386  391
  397  405  414  421  427  434  434  423  422                                   
    35.0-180.0 180.0   5.0 450.0                            LAT/LON1/LON2/DLON/H
  463  457  440  419  408  394  378  367  356  342  330  320  310  300  290  278
  266  254  246  240  237  237  238  238  237  234  229  221  213  206  201  199
  199  201  201  199  194  187  179  173  172  174  178  182  186  190  196  206
  221  239  258  278  297  314  329  341  351  362  374  388  401  412  420  427
  433  441  451  459  467  481  484  469  463                                   
    32.5-180.0 180.0   5.0 450.0                            LAT/LON1/LON2/DLON/H
  519  514  490  459  440  417  393  377  364  351  341  335  328  320  310  298
  286  275  267  262  260  258  256  254  250  245  240  234  229  226  225  227
  230  232  230  225  215  204  193  186  183  185  187  189  189  189  193  202
  216  235  256  278  300  321  340  355  369  382  398  415  434  450  463  474
  483  491  502  511  522  540  543  529  519                                   
    30.0-180.0 180.0   5.0 450.0                            LAT/LON1/LON2/DLON/H
  593  590  562  522  492  461  427  402  382  366  355  348  343  335  325  313
  300  290  284  279  275  272  268  264  260  258  256  256  258  260  265  270
  274  274  266  253  237  220  207  198  194  194  194  192  188  185  186  193
  207  227  250  274  299  323  344  364  381  398  418  442  468  492  513  530
  544  556  569  578  591  614  614  600  593                                   
    27.5-180.0 180.0   5.0 450.0                            LAT/LON1/LON2/DLON/H
  680  681  653  609  569  531  487  452  423  399  381  369  359  348  335  320
  306  296  288  283  279  275  273  272  273  277  284  292  301  311  321  328
  329  322  304  280  255  233  217  207  202  199  197  191  184  178  176  183
  197  217  242  268  295  322  347  369  390  411  437  467  501  534  564  589
  610  627  644  657  672  698  695  682  680                                   
    25.0-180.0 180.0   5.0 450.0                            LAT/LON1/LON2/DLON/H
  770  775  754  715  668  624  573  530  491  456  427  404  384  364  343  323
  304  290  280  273  269  269  273  281  292  307  323  341  358  373  385  389
  383  363  333  298  265  239  221  210  204  199  194  186  176  167  165  172
  187  209  235  263  292  322  349  375  399  423  452  488  528  570  610  644
  673  697  719  737  754  785  780  771  770                                   
    22.5-180.0 180.0   5.0 450.0                            LAT/LON1/LON2/DLON/H
  848  856  850  823  775  732  678  630  582  536  494  457  424  392  360  330
  304  283  267  258  256  262  276  296  320  346  373  398  419  434  441  437
  419  387  346  302  265  237  218  207  199  193  185  175  164  156  154  161
  178  202  230  260  291  322  353  381  408  435  467  506  551  599  645  687
  724  754  781  804  822  858  858  856  848                                   
    20.0-180.0 180.0   5.0 450.0                            LAT/LON1/LON2/DLON/H
  904  914  924  912  870  835  786  737  685  630  576  525  478  433  389  349
  314  284  262  250  250  263  288  320  356  392  424  451  468  475  471  456
  427  387  340  294  256  228  210  198  190  182  173  163  152  144  144  153
  172  198  228  260  292  326  359  390  420  450  484  523  570  620  670  717
  758  790  821  849  867  902  912  921  904                                   
    17.5-180.0 180.0   5.0 450.0                            LAT/LON1/LON2/DLON/H
  930  944  968  969  937  913  875  832  780  722  660  599  541  485  432  382
  339  302  274  258  259  277  311  352  396  435  465  483  488  482  465  440
  405  363  317  273  239  214  197  186  177  169  160  150  140  135  136  147
  168  197  229  262  297  332  368  402  435  469  504  544  589  638  688  734
  776  808  839  866  883  914  934  953  930                                   
    15.0-180.0 180.0   5.0 450.0                            LAT/LON1/LON2/DLON/H
  926  949  980  988  968  957  931  895  849  794  731  667  604  542  483  427
  377  335  302  283  284  305  343  389  432  464  481  482  470  449  423  392
  359  321  282  247  218  198  185  175  166  157  148  140  132  128  132  144
  167  197  231  266  302  340  379  417  454  491  528  569  612  657  703  745
  783  812  838  861  876  897  924  948  926                                   
    12.5-180.0 180.0   5.0 450.0                            LAT/LON1/LON2/DLON/H
  899  930  961  971  962  963  948  920  882  834  777  717  656  595  534  476
  424  379  343  323  323  344  381  422  454  469  464  444  415  385  356  328
  301  274  247  222  202  188  178  168  159  150  142  134  128  125  129  142
  166  197  231  268  306  346  388  430  471  512  553  594  635  677  716  753
  785  809  829  845  853  864  891  915  899                                   
    10.0-180.0 180.0   5.0 450.0                            LAT/LON1/LON2/DLON/H
  866  897  921  927  928  937  929  909  878  838  790  740  688  633  577  522
  472  428  393  373  371  388  417  444  455  443  413  375  338  307  284  266
  251  236  220  207  196  187  179  169  159  148  139  132  126  123  126  139
  161  192  227  264  303  345  389  434  480  525  570  614  655  694  729  760
  788  806  821  829  830  833  853  871  866                                   
     7.5-180.0 180.0   5.0 450.0                            LAT/LON1/LON2/DLON/H
  841  868  882  881  884  894  888  872  846  814  775  735  694  650  603  556
  512  474  444  425  421  430  443  447  429  389  339  292  258  239  229  224
