data/edconvlstm_nd/pred0290.15i
     1.0            IONOSPHERE MAPS     GNSS                IONEX VERSION / TYPE
pyspatialgeodesy        IME             05-JAN-18 20:20     PGM / RUN BY / DATE 
Map Name                                                    COMMENT             
Predicted global ionosphere maps (GIM).                     DESCRIPTION         
  2015     1    29     0     0     0                        EPOCH OF FIRST MAP  
  2015     1    30     0     0     0                        EPOCH OF LAST MAP   
  7200                                                      INTERVAL            
    13                                                      # OF MAPS IN FILE   
  NONE                                                      MAPPING FUNCTION    
10.0                                                        ELEVATION CUTOFF    
One-way carrier phase leveled to code                       OBSERVABLES USED    
  6371.0                                                    BASE RADIUS         
 2                                                          MAP DIMENSION       
   450.0 450.0   0.0                                        HGT1 / HGT2 / DHGT  
    87.5 -87.5  -2.5                                        LAT1 / LAT2 / DLAT  
  -180.0 180.0   5.0                                        LON1 / LON2 / DLON  
    -1                                                      EXPONENT            
                                                            END OF HEADER       
[from data line 4290]
    11                                                      START OF TEC MAP    
  2015     1    29    20     0     0                        EPOCH OF CURRENT MAP
    87.5-180.0 180.0   5.0 450.0                            LAT/LON1/LON2/DLON/H
   86   82   72   75   79   77   77   74   76   80   80   82   84   86   88   90
   91   92   93   94   94   94   94   94   94   93   93   92   91   90   89   88
   87   86   85   84   83   82   82   81   80   80   79   79   79   80   80   81
   81   82   83   83   84   84   85   85   85   85   84   84   83   81   80   78
   77   75   71   68   75   73   91   97   86                                   
    85.0-180.0 180.0   5.0 450.0                            LAT/LON1/LON2/DLON/H
   83   75   80   65   65   69   70   73   75   79   81   84   87   90   93   95
   97   99  100  101  101  101  101  100   99   98   97   96   95   94   92   91
   89   88   86   85   83   82   80   79   78   77   76   76   75   76   76   77
   78   79   80   81   82   83   84   84   84   84   84   83   82   81   79   77
   76   73   67   62   65   66   72   72   83                                   
    82.5-180.0 180.0   5.0 450.0                            LAT/LON1/LON2/DLON/H
   53   52   55   48   53   57   62   64   68   73   78   83   87   92   95   99
  101  103  104  105  105  105  104  103  102  101   99   98   96   95   93   91
   89   87   85   82   80   78   75   73   70   68   67   66   65   65   65   66
   67   69   71   73   75   76   78   79   80   80   80   79   78   76   74   71
   68   64   58   55   59   67   60   61   53                                   
    80.0-180.0 180.0   5.0 450.0                            LAT/LON1/LON2/DLON/H
   26   29   39   35   39   39   49   55   63   71   79   86   93   99  104  108
  111  112  113  112  111  109  107  105  103  100   98   96   94   92   90   88
   85   83   80   77   74   71   67   64   60   57   55   53   52   52   52   54
   56   58   61   64   68   71   73   75   76   77   77   76   74   71   68   64
   60   55   50   47   45   48   42   50   26                                   
    77.5-180.0 180.0   5.0 450.0                            LAT/LON1/LON2/DLON/H
   27   28   32   31   37   41   51   60   70   80   90  101  110  118  124  128
  130  131  130  128  125  121  118  114  110  107  104  102  100   98   97   95
   93   91   88   85   81   76   72   67   62   57   53   50   48   47   47   48
   51   54   58   62   67   71   75   78   80   81   81   80   77   74   71   66
   61   56   51   47   45   43   39   50   27                                   
    75.0-180.0 180.0   5.0 450.0                            LAT/LON1/LON2/DLON/H
   24   29   33   34   43   49   60   71   84   97  110  122  132  141  147  150
  151  150  147  142  137  131  124  118  113  108  104  101   99   97   95   94
   93   91   89   86   83   79   74   69   63   58   53   49   47   45   45   47
   49   53   57   62   67   71   75   78   80   81   81   81   79   76   73   69
   64   61   56   49   46   42   37   38   24                                   
    72.5-180.0 180.0   5.0 450.0                            LAT/LON1/LON2/DLON/H
   38   43   46   52   58   67   80   92  105  119  133  147  158  166  171  173
  172  169  164  156  148  139  130  121  114  107  101   97   94   92   91   90
   90   89   88   86   83   79   75   70   64   59   53   49   45   43   43   44
   46   50   54   58   63   67   70   73   74   75   76   76   75   73   71   69
   65   62   58   52   49   47   44   49   38                                   
    70.0-180.0 180.0   5.0 450.0                            LAT/LON1/LON2/DLON/H
   52   58   62   69   76   87   98  112  127  143  157  171  181  188  192  193
  191  186  179  170  160  148  137  126  115  106   98   92   88   85   83   82
   82   81   80   79   77   74   71   67   63   58   54   49   46   44   43   44
   45   48   52   55   58   61   63   65   66   66   67   68   68   68   68   67
   65   64   64   61   59   58   59   64   52                                   
    67.5-180.0 180.0   5.0 450.0                            LAT/LON1/LON2/DLON/H
   71   78   83   91  100  111  124  138  151  166  180  193  203  210  213  212
  209  203  195  185  173  160  146  132  119  107   97   89   83   79   76   74
   73   72   71   70   68   67   65   63   60   57   53   50   47   45   44   44
   45   47   49   52   53   55   55   56   56   57   58   60   61   63   65   66
   66   67   67   65   65   67   67   73   71                                   
    65.0-180.0 180.0   5.0 450.0                            LAT/LON1/LON2/DLON/H
   81   89   96  106  114  126  138  152  165  181  194  207  216  222  224  224
  221  215  207  198  186  172  157  141  125  110   98   88   81   75   70   67
   64   61   59   57   55   54   53   53   52   51   50   48   45   43   42   41
   42   42   43   44   44   44   44   43   43   45   47   49   53   56   59   61
   63   65   67   69   70   75   77   85   81                                   
    62.5-180.0 180.0   5.0 450.0                            LAT/LON1/LON2/DLON/H
   88   97  104  115  125  138  149  163  176  191  204  216  225  231  234  234
  232  228  221  213  202  187  171  153  134  118  104   92   83   76   71   65
   59   54   49   45   43   41   41   42   43   44   45   44   43   41   39   38
   37   37   37   36   35   34   33   33   33   35   38   42   46   50   54   57
   58   60   63   65   66   71   76   85   88                                   
    60.0-180.0 180.0   5.0 450.0                            LAT/LON1/LON2/DLON/H
   88   97  106  118  129  142  155  169  182  196  209  221  230  237  240  242
  241  239  235  228  217  203  186  166  147  129  114  103   94   86   79   71
   63   54   46   40   36   34   33   35   37   40   42   42   42   40   37   35
   33   32   31   30   28   27   26   25   27   29   33   38   43   48   51   53
   54   55   57   58   59   66   71   83   88                                   
    57.5-180.0 180.0   5.0 450.0                            LAT/LON1/LON2/DLON/H
   84   94  105  119  132  146  161  175  188  201  214  226  235  242  246  249
  251  250  247  242  232  218  200  180  160  143  129  119  111  104   96   86
   75   63   52   43   37   34   33   35   38   41   44   45   44   42   39   36
   33   31   29   28   26   25   24   24   26   30   35   41   46   50   52   53
   51   51   51   51   52   58   63   77   84                                   
    55.0-180.0 180.0   5.0 450.0                            LAT/LON1/LON2/DLON/H
   83   96  108  124  139  154  170  184  197  209  221  232  241  248  254  258
  260  261  259  253  244  230  212  192  173  158  146  139  133  127  119  107
   93   78   64   53   46   42   41   42   44   48   51   52   51   48   44   40
   37   34   32   31   29   28   28   30   33   38   43   49   53   56   57   55
   52   50   49   48   49   54   59   73   83                                   
    52.5-180.0 180.0   5.0 450.0                            LAT/LON1/LON2/DLON/H
   87  102  117  134  152  169  184  198  210  221  232  241  250  256  262  266
  268  269  267  261  252  238  221  202  185  172  164  160  156  151  142  128
  111   94   79   68   61   56   54   54   56   59   62   63   62   59   54   50
   46   44   42   40   39   39   40   42   46   51   56   61   64   65   64   61
   56   53   52   51   51   56   61   75   87                                   
    50.0-180.0 180.0   5.0 450.0                            LAT/LON1/LON2/DLON/H
   99  116  134  152  173  190  205  218  229  238  247  255  262  268  272  276
  277  277  273  267  257  244  228  212  197  187  182  179  177  171  159  143
  124  107   93   83   76   73   71   70   71   73   75   76   76   73   68   64
   61   58   57   56   55   55   56   59   63   68   72   75   77   76   73   69
   63   60   59   59   60   66   71   84   99                                   
    47.5-180.0 180.0   5.0 450.0                            LAT/LON1/LON2/DLON/H
  117  136  156  175  197  215  230  241  250  259  265  272  277  281  284  286
  286  283  279  272  262  250  236  222  210  202  198  195  191  182  167  147
  127  110   99   92   89   87   85   84   83   84   86   88   88   86   83   80
   78   77   76   75   75   75   76   79   82   86   88   89   89   86   82   78
   72   70   69   71   74   81   88   99  117                                   
    45.0-180.0 180.0   5.0 450.0                            LAT/LON1/LON2/DLON/H
  137  157  178  197  220  239  252  263  272  279  285  290  293  296  297  297
  295  290  284  276  268  258  246  234  224  217  212  207  198  184  164  141
  120  105   97   95   95   96   95   93   91   91   93   95   97   97   96   95
   95   95   95   95   94   95   96   98  100  102  102  101   98   94   90   85
   80   79   80   84   90   99  108  119  137                                   
    42.5-180.0 180.0   5.0 450.0                            LAT/LON1/LON2/DLON/H
  155  175  196  215  237  256  269  280  288  296  302  306  309  310  310  308
  304  298  290  283  276  268  259  249  240  232  224  214  199  178  154  129
  109   97   93   95   99  101  101   97   94   93   94   98  101  103  105  106
  108  109  111  111  111  110  111  112  114  113  112  109  105  100   96   92
   87   87   90   95  103  113  125  138  155                                   
    40.0-180.0 180.0   5.0 450.0                            LAT/LON1/LON2/DLON/H
  166  185  206  225  246  264  277  289  298  308  315  320  322  323  322  319
  313  306  299  293  288  283  276  266  256  246  233  218  198  172  146  122
  104   96   95  100  106  109  107  102   97   94   94   98  102  105  108  111
  114  117  120  120  120  120  121  122  122  121  118  114  110  105  101   96
   92   92   95  101  110  122  135  150  166                                   
    37.5-180.0 180.0   5.0 450.0                            LAT/LON1/LON2/DLON/H
  169  189  209  227  247  263  277  290  302  313  322  329  332  333  332  328
  322  316  310  306  303  299  293  283  271  258  242  223  201  176  152  132
  119  115  117  122  126  126  121  112  103   98   97   99  102  106  108  112
  115  119  122  123  123  124  124  125  125  124  121  117  113  109  104  100
   95   94   96  101  109  122  136  154  169                                   
    35.0-180.0 180.0   5.0 450.0                            LAT/LON1/LON2/DLON/H
  169  188  208  224  243  258  273  286  300  314  326  334  339  340  339  336
  331  325  322  320  319  316  308  297  283  269  253  236  217  198  182  170
  164  163  165  167  165  158  146  132  118  109  105  105  106  107  108  110
  113  117  119  121  122  123  124  124  124  123  122  119  116  112  108  102
   96   94   94   98  104  117  131  151  169                                   
    32.5-180.0 180.0   5.0 450.0                            LAT/LON1/LON2/DLON/H
  168  188  209  222  240  252  268  281  297  314  327  337  342  344  344  342
  338  335  333  333  332  328  320  307  294  281  270  260  252  245  241  241
  243  244  242  235  223  206  185  163  143  130  121  117  115  113  112  111
  112  114  116  117  119  120  122  122  122  122  122  121  119  116  111  105
   97   93   92   95  100  112  126  147  168                                   
    30.0-180.0 180.0   5.0 450.0                            LAT/LON1/LON2/DLON/H
  173  195  217  227  244  254  268  280  297  314  328  338  344  347  347  346
  344  342  342  343  342  337  326  314  304  298  297  301  307  317  330  342
  350  350  340  320  294  264  233  202  177  158  145  137  131  125  120  117
  115  114  115  116  118  119  121  121  121  121  122  123  122  119  114  108
   99   95   92   94   99  112  127  148  173                                   
    27.5-180.0 180.0   5.0 450.0                            LAT/LON1/LON2/DLON/H
  187  211  234  241  258  265  276  287  302  317  331  340  346  348  349  349
  348  348  350  350  348  340  329  320  317  322  336  357  382  410  438  461
  473  468  446  410  367  323  281  244  213  189  173  161  151  142  134  128
  123  120  119  119  121  122  123  123  121  121  122  125  125  122  117  111
  102   99   96   99  106  121  137  158  187                                   
    25.0-180.0 180.0   5.0 450.0                            LAT/LON1/LON2/DLON/H
  210  236  260  267  283  288  296  302  314  327  337  345  349  351  352  353
  353  354  356  356  351  343  333  329  336  356  387  425  468  512  553  583
  593  578  540  487  427  370  319  277  243  217  198  184  172  162  152  144
  137  132  129  128  129  130  129  126  123  121  123  125  126  124  119  113
  106  105  104  109  119  136  155  176  210                                   
    22.5-180.0 180.0   5.0 450.0                            LAT/LON1/LON2/DLON/H
  239  267  291  300  318  321  325  328  336  344  350  354  356  357  358  359
  360  362  363  362  356  347  342  346  366  401  447  501  556  610  655  683
  684  656  602  532  459  393  338  293  259  233  214  200  189  180  171  162
  155  149  144  142  141  140  137  131  125  122  122  125  125  123  118  114
  109  112  113  122  135  157  179  201  239                                   
    20.0-180.0 180.0   5.0 450.0                            LAT/LON1/LON2/DLON/H
  270  300  323  338  357  360  362  362  365  369  371  372  371  370  371  372
  373  374  374  372  366  360  360  374  407  455  514  575  634  686  724  740
  727  682  613  533  454  385  331  289  257  234  217  206  198  192  186  181
  174  168  162  158  155  151  145  136  127  121  121  122  122  119  115  113
  111  118  122  135  151  177  202  227  270                                   
    17.5-180.0 180.0   5.0 450.0                            LAT/LON1/LON2/DLON/H
  297  328  352  372  395  398  401  400  401  402  401  398  395  393  393  394
  394  395  393  390  385  382  390  415  459  517  580  640  690  727  747  744
  712  653  574  490  413  350  302  266  240  222  209  201  198  197  197  196
  192  186  179  173  167  161  152  140  129  121  118  119  118  115  112  110
  111  121  127  143  163  193  221  250  297                                   
    15.0-180.0 180.0   5.0 450.0                            LAT/LON1/LON2/DLON/H
  314  346  372  397  423  430  435  436  438  439  436  433  429  427  426  427
  427  426  423  419  415  418  434  468  519  580  638  684  715  729  725  699
  650  580  499  420  353  301  263  236  217  203  195  192  193  197  202  205
  204  199  192  184  176  168  157  143  130  121  117  116  114  111  108  107
  110  121  129  146  168  201  233  265  314                                   
    12.5-180.0 180.0   5.0 450.0                            LAT/LON1/LON2/DLON/H
  319  352  382  409  439  450  460  465  472  476  476  474  471  470  471  471
  471  469  465  460  458  465  487  528  582  637  681  705  708  696  668  623
  561  487  413  347  294  255  229  211  199  191  185  184  188  195  204  210
  211  207  199  190  181  171  160  146  133  124  118  116  113  110  107  106
  109  120  128  144  167  203  236  270  319                                   
    10.0-180.0 180.0   5.0 450.0                            LAT/LON1/LON2/DLON/H
  316  352  384  411  444  460  476  487  500  510  515  517  518  520  523  525
  524  521  515  510  509  519  546  587  637  680  703  701  679  643  597  540
  473  405  343  292  255  230  215  205  198  193  189  188  191  197  206  212
  214  210  201  192  182  173  162  150  139  129  123  120  116  112  110  108
  110  119  127  141  164  201  235  269  316                                   
     7.5-180.0 180.0   5.0 450.0                            LAT/LON1/LON2/DLON/H
  311  350  385  412  447  466  489  505  524  540  551  558  564  570  576  581
  581  577  571  564  563  574  600  639  678  704  706  681  640  590  534  474
