data/edconvlstm_nd/pred2500.15i
     1.0            IONOSPHERE MAPS     GNSS                IONEX VERSION / TYPE
pyspatialgeodesy        IME             05-JAN-18 20:20     PGM / RUN BY / DATE 
Map Name                                                    COMMENT             
Predicted global ionosphere maps (GIM).                     DESCRIPTION         
  2015     9     7     0     0     0                        EPOCH OF FIRST MAP  
  2015     9     8     0     0     0                        EPOCH OF LAST MAP   
  7200                                                      INTERVAL            
    13                                                      # OF MAPS IN FILE   
  NONE                                                      MAPPING FUNCTION    
10.0                                                        ELEVATION CUTOFF    
One-way carrier phase leveled to code                       OBSERVABLES USED    
  6371.0                                                    BASE RADIUS         
 2                                                          MAP DIMENSION       
   450.0 450.0   0.0                                        HGT1 / HGT2 / DHGT  
    87.5 -87.5  -2.5                                        LAT1 / LAT2 / DLAT  
  -180.0 180.0   5.0                                        LON1 / LON2 / DLON  
    -1                                                      EXPONENT            
                                                            END OF HEADER       
[from data line 3432]
     9                                                      START OF TEC MAP    
  2015     9     7    16     0     0                        EPOCH OF CURRENT MAP
    87.5-180.0 180.0   5.0 450.0                            LAT/LON1/LON2/DLON/H
  101  106  103  108  112  112  112  110  111  114  114  115  116  117  117  118
  118  118  118  118  118  118  118  117  117  116  115  114  113  112  111  110
  109  107  107  106  105  104  103  103  103  103  103  103  103  103  104  104
  105  105  106  106  106  107  107  107  107  107  107  106  106  106  105  105
  105  105  102   99  105  101  114  112  101                                   
    85.0-180.0 180.0   5.0 450.0                            LAT/LON1/LON2/DLON/H
  102  102  113  102  103  109  109  112  114  117  117  119  119  121  122  122
  123  123  124  124  124  124  123  123  122  121  120  119  118  116  115  114
  112  111  110  108  107  106  106  105  104  104  104  104  104  105  105  105
  106  106  107  107  108  108  108  108  108  107  107  106  105  105  104  103
  104  103   98   94   94   94   99  100  102                                   
    82.5-180.0 180.0   5.0 450.0                            LAT/LON1/LON2/DLON/H
   82   87   91   86   90   96  100  103  105  108  110  113  115  116  118  119
  120  121  122  122  122  122  122  122  121  120  119  118  116  115  113  111
  109  108  106  104  103  101  100   99   98   98   98   98   98   98   99   99
  100  101  102  102  102  102  102  102  101  100   99   98   96   95   93   91
   91   89   84   82   82   89   82   82   82                                   
    80.0-180.0 180.0   5.0 450.0                            LAT/LON1/LON2/DLON/H
   63   64   73   72   74   77   84   89   94   98  101  104  107  109  111  113
  114  115  116  117  117  117  118  117  117  116  114  113  111  109  107  104
  102  100   97   95   93   91   89   88   87   86   86   86   86   87   88   89
   90   91   92   93   94   94   94   93   92   91   89   87   84   82   80   78
   76   74   71   68   65   67   65   70   63                                   
    77.5-180.0 180.0   5.0 450.0                            LAT/LON1/LON2/DLON/H
   58   56   59   59   64   69   74   80   85   89   92   97  100  103  105  107
  109  111  112  113  115  116  116  117  117  116  115  113  111  109  107  104
  101   99   96   93   91   88   86   83   81   80   79   79   79   79   80   82
   83   85   86   87   88   88   88   87   86   84   81   79   76   73   70   67
   65   62   59   58   56   54   53   60   58                                   
    75.0-180.0 180.0   5.0 450.0                            LAT/LON1/LON2/DLON/H
   49   49   49   52   58   63   68   73   79   84   88   92   95   98  100  102
  104  106  108  110  112  114  115  117  117  117  117  115  114  112  109  107
  104  102   99   96   93   90   87   84   82   79   78   76   76   76   77   78
   80   82   83   84   84   84   84   82   81   79   76   74   71   68   66   63
   61   59   57   53   52   49   47   45   49                                   
    72.5-180.0 180.0   5.0 450.0                            LAT/LON1/LON2/DLON/H
   47   46   45   50   54   59   65   69   74   78   81   86   88   91   93   95
   97   99  102  105  108  111  114  116  118  118  118  116  115  113  111  108
  106  104  102   99   96   93   89   85   81   78   75   73   72   72   73   74
   75   76   77   78   78   77   76   74   72   70   68   66   64   62   60   58
   56   54   53   49   48   47   46   48   47                                   
    70.0-180.0 180.0   5.0 450.0                            LAT/LON1/LON2/DLON/H
   49   47   47   50   53   57   60   65   70   75   78   81   84   86   88   89
   91   94   97  101  105  109  113  116  118  119  119  118  116  114  113  111
  110  108  107  105  102   99   95   90   86   82   78   76   74   73   73   73
   74   74   74   73   72   71   69   67   64   63   61   60   59   58   57   56
   55   54   54   51   51   50   52   53   49                                   
    67.5-180.0 180.0   5.0 450.0                            LAT/LON1/LON2/DLON/H
   51   51   50   53   55   58   62   67   71   75   78   82   84   86   87   88
   90   93   96  100  105  110  114  118  120  120  120  118  116  114  113  112
  111  110  109  108  105  102   98   94   89   85   81   78   76   75   74   74
   74   73   72   70   68   65   63   60   58   57   56   56   56   56   56   57
   57   56   56   53   53   53   54   54   51                                   
    65.0-180.0 180.0   5.0 450.0                            LAT/LON1/LON2/DLON/H
   53   53   51   54   55   58   61   66   71   75   78   82   85   86   88   89
   90   93   96  100  106  111  116  119  121  121  119  117  115  114  113  113
  113  113  113  112  110  107  104  100   95   91   88   85   83   81   80   79
   77   75   72   69   65   61   57   54   52   51   51   52   53   54   55   56
   57   57   58   56   57   58   60   59   53                                   
    62.5-180.0 180.0   5.0 450.0                            LAT/LON1/LON2/DLON/H
   52   53   51   53   54   57   60   65   70   75   79   84   87   89   91   92
   94   96   99  103  107  112  117  120  121  120  118  115  113  112  112  112
  113  114  114  113  112  109  107  103  100   97   94   92   90   89   87   85
   82   79   74   69   63   58   54   51   49   49   49   50   52   53   55   56
   56   57   57   55   56   57   59   58   52                                   
    60.0-180.0 180.0   5.0 450.0                            LAT/LON1/LON2/DLON/H
   49   50   49   50   51   54   57   62   68   74   79   84   88   92   94   96
   98   99  102  105  109  113  116  118  119  117  115  113  111  111  112  113
  115  115  116  115  114  112  110  108  106  104  103  101  100   98   96   93
   89   83   77   71   64   58   53   50   49   48   49   51   52   53   54   54
   54   54   54   52   53   55   57   56   49                                   
    57.5-180.0 180.0   5.0 450.0                            LAT/LON1/LON2/DLON/H
   45   47   45   47   48   51   55   60   66   72   78   84   90   95   98  101
  103  105  106  108  111  113  116  117  117  115  113  112  112  113  115  118
  120  121  120  120  118  117  116  115  115  115  114  114  113  111  108  104
   98   91   84   76   68   62   57   55   53   54   54   55   56   56   55   55
   54   53   52   50   51   51   54   53   45                                   
    55.0-180.0 180.0   5.0 450.0                            LAT/LON1/LON2/DLON/H
   43   45   44   46   47   50   55   60   66   71   77   84   90   96  101  106
  108  110  111  111  112  114  115  115  115  113  112  112  114  117  121  125
  127  128  127  126  125  124  124  125  126  126  127  127  126  123  119  114
  108  100   92   83   75   69   65   62   62   62   62   63   62   60   59   57
   55   53   51   48   49   50   52   51   43                                   
    52.5-180.0 180.0   5.0 450.0                            LAT/LON1/LON2/DLON/H
   44   46   44   47   49   53   57   62   67   72   77   83   90   97  104  109
  113  115  115  115  114  114  114  114  113  112  112  114  118  124  130  134
  137  138  137  135  134  134  135  137  138  140  140  140  138  135  130  124
  117  109  100   92   85   79   75   73   73   73   73   72   70   67   64   61
   58   56   54   51   52   52   54   52   44                                   
    50.0-180.0 180.0   5.0 450.0                            LAT/LON1/LON2/DLON/H
   49   51   49   52   54   59   63   68   72   76   80   85   91   98  106  113
  118  121  121  120  118  117  115  114  113  113  114  118  124  132  139  145
  148  148  147  146  146  147  149  151  152  153  153  152  149  146  140  134
  127  118  110  102   96   91   88   86   86   86   85   83   79   75   71   68
   65   63   61   58   58   59   61   58   49                                   
    47.5-180.0 180.0   5.0 450.0                            LAT/LON1/LON2/DLON/H
   59   59   57   60   62   68   72   78   81   84   86   90   95  102  111  119
  125  129  129  127  124  122  120  118  117  117  119  124  131  140  148  154
  158  159  159  159  160  162  164  166  167  166  165  162  159  155  150  143
  136  128  121  113  108  103  101   99   99   98   96   93   89   84   80   77
   74   73   72   69   69   69   71   68   59                                   
    45.0-180.0 180.0   5.0 450.0                            LAT/LON1/LON2/DLON/H
   69   69   66   70   72   78   83   89   92   95   96   99  103  110  119  128
  135  139  139  137  134  130  127  125  123  123  126  131  139  148  156  163
  167  169  171  173  176  179  182  183  182  180  176  173  169  165  159  153
  146  139  132  125  119  115  113  111  110  109  106  102   97   92   88   86
   85   85   85   82   82   81   83   79   69                                   
    42.5-180.0 180.0   5.0 450.0                            LAT/LON1/LON2/DLON/H
   77   77   74   78   80   87   92  100  104  109  110  113  117  123  132  141
  148  152  152  150  146  141  138  135  133  132  135  140  147  156  164  171
  176  181  185  190  195  200  202  202  199  194  190  185  181  176  171  165
  158  151  143  136  131  126  123  121  119  117  113  109  103   98   95   94
   94   95   96   93   92   92   93   89   77                                   
    40.0-180.0 180.0   5.0 450.0                            LAT/LON1/LON2/DLON/H
   81   80   78   83   85   92  100  109  116  122  126  130  134  140  148  157
  163  166  166  163  159  154  150  147  144  144  146  150  157  165  173  181
  188  196  204  212  220  224  226  223  218  212  206  201  196  191  186  179
  172  163  155  147  141  135  131  128  125  122  118  113  108  103  101  100
  101  102  103  101   98   97   97   94   81                                   
    37.5-180.0 180.0   5.0 450.0                            LAT/LON1/LON2/DLON/H
   79   78   76   82   85   93  103  115  126  135  141  147  153  160  167  174
  179  181  180  177  172  167  163  160  158  158  159  163  169  177  185  195
  206  218  230  241  249  253  253  248  241  233  226  221  216  211  204  196
  186  176  165  156  148  142  137  132  128  124  120  115  111  107  105  105
  105  106  106  102   98   97   96   93   79                                   
    35.0-180.0 180.0   5.0 450.0                            LAT/LON1/LON2/DLON/H
   73   72   71   76   81   90  103  118  132  145  155  164  172  179  186  191
  195  195  193  189  184  180  176  173  172  173  175  180  186  194  204  217
  232  248  264  277  284  286  282  275  266  258  251  246  240  233  224  212
  200  187  174  163  154  146  140  134  129  125  120  116  113  110  108  108
  107  106  105  100   94   91   90   88   73                                   
    32.5-180.0 180.0   5.0 450.0                            LAT/LON1/LON2/DLON/H
   65   65   64   69   75   84  100  117  135  151  166  178  188  196  202  206
  207  206  203  199  194  191  188  187  188  190  194  200  207  217  229  246
  266  286  304  317  322  321  313  304  294  286  280  274  267  257  244  228
  211  195  180  167  157  148  141  135  129  125  121  118  116  114  112  111
  109  106  102   96   89   85   83   80   65                                   
    30.0-180.0 180.0   5.0 450.0                            LAT/LON1/LON2/DLON/H
   61   60   59   63   69   78   95  114  135  154  172  187  199  208  214  217
  216  214  210  206  203  202  201  202  204  209  216  224  233  245  261  281
  305  329  348  359  360  354  343  331  321  314  309  302  293  279  261  241
  220  201  184  169  158  149  141  135  129  125  122  121  120  120  119  117
  113  108  102   94   85   80   78   74   61                                   
    27.5-180.0 180.0   5.0 450.0                            LAT/LON1/LON2/DLON/H
   60   59   57   60   66   76   93  112  133  154  173  190  205  215  221  223
  222  219  215  213  212  212  214  218  223  231  241  251  263  277  296  319
  346  371  390  397  394  382  368  355  345  340  336  329  317  299  276  251
  226  204  185  170  158  149  141  135  130  127  125  126  127  128  129  127
  121  114  106   96   87   80   79   73   60                                   
    25.0-180.0 180.0   5.0 450.0                            LAT/LON1/LON2/DLON/H
   66   62   59   61   67   78   94  112  132  153  172  190  205  217  224  226
  225  222  220  219  221  225  229  236  244  255  267  280  294  310  331  356
  384  409  424  427  418  402  385  372  365  361  358  351  336  313  286  257
  229  205  186  170  159  150  143  138  133  131  130  132  136  139  141  140
  134  126  116  105   95   87   86   78   66                                   
    22.5-180.0 180.0   5.0 450.0                            LAT/LON1/LON2/DLON/H
   78   71   65   66   72   84   98  114  134  152  170  187  203  215  223  227
  228  227  226  228  233  239  247  256  267  280  294  309  324  341  362  387
  414  436  447  444  431  412  394  383  378  377  375  367  350  324  293  262
  232  208  188  173  162  154  148  143  139  137  137  140  145  150  154  155
  150  143  132  120  109   98   98   88   78                                   
    20.0-180.0 180.0   5.0 450.0                            LAT/LON1/LON2/DLON/H
   92   82   73   74   80   92  105  120  137  153  169  184  199  212  222  228
  231  233  235  240  247  256  266  278  291  305  321  336  351  367  386  409
  432  450  455  448  432  413  397  388  387  388  387  378  359  332  299  266
  237  213  194  179  168  160  155  151  148  146  145  148  154  161  167  170
  166  160  149  136  125  113  112  101   92                                   
    17.5-180.0 180.0   5.0 450.0                            LAT/LON1/LON2/DLON/H
  106   94   81   83   88  100  112  125  141  155  168  182  197  211  223  231
  237  242  248  254  263  274  287  301  315  330  345  360  374  388  403  422
  439  450  451  441  425  408  396  392  393  396  395  386  366  337  304  272
  244  221  203  189  177  170  165  161  158  156  155  157  162  169  176  181
  179  174  165  151  138  125  124  113  106                                   
    15.0-180.0 180.0   5.0 450.0                            LAT/LON1/LON2/DLON/H
  114  102   87   90   94  104  116  129  144  157  169  182  196  211  225  237
  247  255  262  271  281  293  307  322  338  353  368  381  392  403  414  426
  437  443  440  429  416  404  397  396  400  403  402  392  371  343  310  279
  253  232  214  200  188  180  175  172  170  166  164  164  168  174  182  187
  187  182  174  160  147  133  130  120  114                                   
    12.5-180.0 180.0   5.0 450.0                            LAT/LON1/LON2/DLON/H
  115  103   89   91   94  103  116  130  144  157  169  182  198  214  230  245
  258  269  278  288  298  311  326  342  358  374  387  399  408  415  421  428
  432  433  428  419  410  404  402  405  409  412  409  397  376  348  316  287
  262  242  226  211  199  191  186  183  180  176  172  170  172  176  182  187
  186  183  174  160  147  133  128  120  115                                   
    10.0-180.0 180.0   5.0 450.0                            LAT/LON1/LON2/DLON/H
  109   98   86   88   90   98  112  126  143  157  170  184  201  219  237  254
  269  283  294  303  313  325  341  358  375  391  404  414  421  425  428  429
  429  426  420  415  411  411  414  418  421  421  415  401  379  351  321  293
  270  251  235  220  208  199  193  191  187  183  177  173  172  175  179  182
  180  175  166  153  140  126  120  114  109                                   
     7.5-180.0 180.0   5.0 450.0                            LAT/LON1/LON2/DLON/H
   99   89   79   81   84   91  106  121  139  155  170  187  205  224  244  263
  280  294  306  316  325  336  352  370  388  404  417  427  433  436  437  435
