data/edconvlstm_nd/pred1990.15i
     1.0            IONOSPHERE MAPS     GNSS                IONEX VERSION / TYPE
pyspatialgeodesy        IME             05-JAN-18 20:20     PGM / RUN BY / DATE 
Map Name                                                    COMMENT             
Predicted global ionosphere maps (GIM).                     DESCRIPTION         
  2015     7    18     0     0     0                        EPOCH OF FIRST MAP  
  2015     7    19     0     0     0                        EPOCH OF LAST MAP   
  7200                                                      INTERVAL            
    13                                                      # OF MAPS IN FILE   
  NONE                                                      MAPPING FUNCTION    
10.0                                                        ELEVATION CUTOFF    
One-way carrier phase leveled to code                       OBSERVABLES USED    
  6371.0                                                    BASE RADIUS         
 2                                                          MAP DIMENSION       
   450.0 450.0   0.0                                        HGT1 / HGT2 / DHGT  
    87.5 -87.5  -2.5                                        LAT1 / LAT2 / DLAT  
  -180.0 180.0   5.0                                        LON1 / LON2 / DLON  
    -1                                                      EXPONENT            
                                                            END OF HEADER       
[from data line 3003]
     8                                                      START OF TEC MAP    
  2015     7    18    14     0     0                        EPOCH OF CURRENT MAP
    87.5-180.0 180.0   5.0 450.0                            LAT/LON1/LON2/DLON/H
  145  146  142  148  151  151  150  149  150  151  151  151  151  151  151  151
  152  152  151  151  151  151  151  150  150  150  149  149  149  148  148  148
  147  147  147  146  146  146  145  145  145  145  144  144  144  144  144  144
  143  143  143  142  142  142  141  141  140  140  140  140  140  140  140  140
  140  141  141  140  147  143  151  147  145                                   
    85.0-180.0 180.0   5.0 450.0                            LAT/LON1/LON2/DLON/H
  141  145  156  150  151  155  155  157  157  158  158  158  158  158  158  158
  158  158  158  158  158  158  158  157  157  157  156  156  156  155  155  155
  154  154  153  153  152  152  151  151  151  150  150  150  150  149  149  149
  149  148  148  147  147  146  146  145  144  144  143  143  143  143  143  143
  144  146  143  141  142  139  144  145  141                                   
    82.5-180.0 180.0   5.0 450.0                            LAT/LON1/LON2/DLON/H
  128  142  145  143  144  149  150  152  152  153  152  153  153  153  153  153
  153  153  154  154  154  154  154  154  155  155  155  155  154  154  154  154
  153  153  152  152  151  151  150  150  149  149  148  148  148  148  147  147
  147  146  146  145  144  143  142  141  140  138  137  136  135  135  134  134
  135  135  133  135  134  140  136  129  128                                   
    80.0-180.0 180.0   5.0 450.0                            LAT/LON1/LON2/DLON/H
  122  132  138  138  138  140  141  145  145  146  146  146  146  146  146  146
  147  147  147  148  148  149  149  149  149  150  150  150  150  150  150  150
  150  149  148  148  147  146  145  145  144  144  144  144  144  144  144  144
  144  144  143  142  141  140  138  136  134  132  130  129  127  126  125  124
  125  125  124  126  123  126  129  123  122                                   
    77.5-180.0 180.0   5.0 450.0                            LAT/LON1/LON2/DLON/H
  124  128  132  133  133  135  136  138  139  139  137  138  137  138  138  138
  139  140  141  142  143  144  145  145  146  147  147  148  149  150  150  150
  150  150  150  149  148  148  147  146  146  146  146  146  147  147  148  149
  149  149  149  148  147  145  143  140  137  134  131  128  125  123  121  119
  119  118  117  119  121  119  122  121  124                                   
    75.0-180.0 180.0   5.0 450.0                            LAT/LON1/LON2/DLON/H
  117  123  124  126  127  130  130  131  132  132  130  130  130  130  130  131
  132  134  135  137  138  139  140  141  142  144  145  146  148  149  151  152
  152  152  152  152  151  150  149  149  148  148  148  149  149  150  151  152
  153  153  153  153  151  150  147  144  141  137  133  129  126  123  120  118
  117  116  115  113  116  115  120  111  117                                   
    72.5-180.0 180.0   5.0 450.0                            LAT/LON1/LON2/DLON/H
  111  117  118  122  121  125  126  127  126  126  124  123  123  123  123  125
  126  128  131  132  134  135  136  137  138  140  141  143  145  147  150  152
  153  154  154  154  154  153  153  152  152  152  152  153  153  154  155  156
  157  158  158  158  157  155  153  150  146  142  138  134  130  126  123  121
  118  116  114  112  113  113  117  113  111                                   
    70.0-180.0 180.0   5.0 450.0                            LAT/LON1/LON2/DLON/H
  108  112  113  116  116  119  120  121  121  121  119  118  117  117  118  120
  122  124  126  129  130  131  132  133  133  134  136  138  141  144  147  150
  152  154  155  155  155  155  155  155  154  155  155  155  155  156  156  157
  157  158  158  157  157  155  153  151  148  145  142  138  135  131  128  125
  122  119  117  114  113  113  118  114  108                                   
    67.5-180.0 180.0   5.0 450.0                            LAT/LON1/LON2/DLON/H
  103  109  110  113  114  117  120  121  121  121  119  118  118  118  118  120
  122  125  128  129  131  132  132  131  131  131  132  134  137  140  144  148
  151  154  155  156  157  157  157  157  158  158  158  158  158  157  157  157
  157  157  157  157  156  156  154  153  151  150  148  146  143  140  137  134
  131  127  123  118  115  114  117  113  103                                   
    65.0-180.0 180.0   5.0 450.0                            LAT/LON1/LON2/DLON/H
  100  104  105  109  109  113  116  119  120  121  120  119  118  118  119  121
  123  126  128  130  130  130  130  129  128  128  128  130  133  136  141  145
  150  153  155  157  158  159  159  160  161  161  161  160  159  158  156  155
  154  154  154  153  153  153  153  152  152  152  152  151  150  149  146  144
  140  135  130  124  120  118  120  116  100                                   
    62.5-180.0 180.0   5.0 450.0                            LAT/LON1/LON2/DLON/H
   96   99   99  103  103  109  113  117  120  121  120  120  120  120  121  123
  125  127  129  130  130  130  129  127  126  125  125  127  129  133  138  143
  148  151  154  156  158  159  161  162  163  164  164  162  160  158  155  152
  151  150  150  150  151  151  151  152  153  154  155  157  157  156  155  152
  147  142  136  129  123  117  118  115   96                                   
    60.0-180.0 180.0   5.0 450.0                            LAT/LON1/LON2/DLON/H
   92   93   92   95   96  102  108  113  116  119  119  120  120  121  122  124
  126  128  129  129  128  127  126  125  124  123  123  125  127  131  136  142
  147  151  154  156  158  160  162  164  166  167  166  165  162  158  154  151
  149  148  149  149  150  151  152  153  154  156  158  161  162  162  160  157
  152  146  139  131  123  116  116  113   92                                   
    57.5-180.0 180.0   5.0 450.0                            LAT/LON1/LON2/DLON/H
   90   87   85   89   89   96  102  108  112  115  117  118  119  121  123  124
  126  127  127  126  125  124  124  123  123  123  124  126  128  132  137  143
  148  153  156  159  161  163  165  168  170  171  171  169  166  161  157  153
  151  151  152  153  155  156  157  157  159  160  163  165  166  166  164  161
  155  148  140  131  122  113  113  110   90                                   
    55.0-180.0 180.0   5.0 450.0                            LAT/LON1/LON2/DLON/H
   89   83   80   83   83   90   96  102  106  110  113  115  117  119  121  123
  125  125  124  123  122  121  122  123  124  126  127  129  131  135  141  146
  152  157  160  163  166  168  170  172  174  176  176  174  171  166  162  158
  157  157  159  161  163  164  165  165  165  166  168  169  170  169  166  162
  155  147  138  129  120  110  109  106   89                                   
    52.5-180.0 180.0   5.0 450.0                            LAT/LON1/LON2/DLON/H
   91   82   79   80   80   86   91   97  101  106  108  111  113  116  119  121
  123  123  121  120  118  119  121  124  127  130  132  134  136  140  145  151
  157  162  166  169  172  174  176  178  179  181  182  180  178  173  169  166
  165  165  168  171  174  175  175  174  173  173  173  173  172  170  167  161
  154  145  136  126  118  108  107  104   91                                   
    50.0-180.0 180.0   5.0 450.0                            LAT/LON1/LON2/DLON/H
   94   84   80   82   80   85   90   94   99  103  105  109  111  114  117  120
  121  121  120  118  117  119  122  127  132  135  138  140  142  146  151  156
  162  168  173  177  179  182  183  185  186  188  189  188  186  182  178  175
  174  175  177  181  184  185  185  184  182  180  179  177  175  172  167  161
  153  144  135  125  117  108  107  104   94                                   
    47.5-180.0 180.0   5.0 450.0                            LAT/LON1/LON2/DLON/H
   98   89   86   87   84   89   92   96   99  103  106  109  112  114  117  119
  121  121  120  119  119  122  127  133  138  142  145  147  149  152  156  162
  168  174  180  185  189  191  193  194  195  196  198  198  197  193  189  185
  182  183  185  188  191  193  193  191  189  187  185  182  179  175  169  162
  153  144  135  126  118  110  110  106   98                                   
    45.0-180.0 180.0   5.0 450.0                            LAT/LON1/LON2/DLON/H
  102   96   93   94   92   95   97  100  103  107  110  113  115  117  119  121
  122  123  123  123  125  129  135  141  147  150  152  153  155  157  161  167
  173  181  188  195  201  204  206  206  207  208  210  211  211  207  201  195
  191  189  190  193  195  197  197  196  194  192  190  188  184  179  173  165
  156  147  138  129  121  115  114  111  102                                   
    42.5-180.0 180.0   5.0 450.0                            LAT/LON1/LON2/DLON/H
  106  104  100  102  100  103  104  106  109  113  117  120  122  123  123  124
  126  127  128  130  133  138  145  151  156  159  160  160  160  162  166  172
  179  188  198  208  215  220  223  223  224  225  228  229  229  224  216  207
  200  195  194  194  196  197  198  198  197  197  196  194  191  185  179  171
  161  152  144  135  126  121  120  116  106                                   
    40.0-180.0 180.0   5.0 450.0                            LAT/LON1/LON2/DLON/H
  108  109  106  108  107  109  110  112  115  120  124  128  130  130  130  130
  131  133  136  139  144  150  156  161  165  167  167  166  166  168  172  179
  188  199  211  223  234  241  244  245  246  248  251  253  251  246  235  223
  211  203  198  197  197  197  198  199  200  201  202  201  198  193  186  178
  168  159  150  141  132  127  125  120  108                                   
    37.5-180.0 180.0   5.0 450.0                            LAT/LON1/LON2/DLON/H
  109  112  109  111  110  113  114  116  120  125  130  135  137  138  137  136
  137  140  144  150  156  162  167  171  173  174  174  173  174  177  181  189
  199  213  228  243  257  266  271  273  274  276  279  281  279  272  259  243
  228  216  208  204  202  201  202  203  204  207  209  209  207  202  195  186
  176  166  157  148  139  132  130  123  109                                   
    35.0-180.0 180.0   5.0 450.0                            LAT/LON1/LON2/DLON/H
  110  113  109  110  110  112  114  116  120  127  133  140  143  144  144  143
  145  149  154  161  167  173  177  180  181  181  181  182  184  188  194  203
  216  231  249  268  283  295  301  303  305  307  311  313  311  302  288  270
  252  237  227  220  216  213  211  211  212  214  217  217  216  211  203  194
  183  173  164  155  144  137  134  126  110                                   
    32.5-180.0 180.0   5.0 450.0                            LAT/LON1/LON2/DLON/H
  112  114  108  108  107  108  110  112  117  124  132  140  146  149  150  151
  153  158  164  172  178  183  186  187  188  188  189  192  196  202  211  222
  237  255  276  296  313  325  332  335  337  340  344  346  344  335  320  301
  283  268  256  247  240  234  229  225  224  225  225  226  223  218  210  200
  189  179  169  160  150  142  139  129  112                                   
    30.0-180.0 180.0   5.0 450.0                            LAT/LON1/LON2/DLON/H
  116  115  108  105  103  104  105  106  110  118  127  137  146  152  156  158
  162  167  174  182  188  191  193  194  194  196  199  204  211  220  231  245
  263  283  305  325  342  354  361  364  367  370  374  377  376  368  354  337
  320  305  294  284  274  264  254  246  240  237  235  232  229  222  214  204
  193  183  173  164  154  146  144  134  116                                   
    27.5-180.0 180.0   5.0 450.0                            LAT/LON1/LON2/DLON/H
  121  119  109  103  100  100  100  100  104  110  120  132  144  153  160  165
  170  177  184  191  196  199  199  200  201  205  211  219  229  240  255  272
  292  313  335  354  369  379  385  388  390  394  399  403  403  397  386  372
  359  347  337  327  314  300  284  271  259  250  243  237  231  224  215  206
  194  185  176  167  159  151  150  139  121                                   
    25.0-180.0 180.0   5.0 450.0                            LAT/LON1/LON2/DLON/H
  129  125  113  105  100   99   99   97   99  104  113  126  140  153  164  172
  179  186  193  199  203  205  205  206  210  216  225  236  248  263  280  300
  321  342  361  377  389  396  400  403  406  411  416  421  423  420  412  403
  394  387  379  369  354  335  315  295  277  261  249  239  230  222  214  205
  195  186  177  170  162  157  156  146  129                                   
    22.5-180.0 180.0   5.0 450.0                            LAT/LON1/LON2/DLON/H
  137  133  119  110  104  102  101   98   98  101  109  122  137  153  167  178
  186  194  200  206  209  211  211  214  219  229  240  254  269  286  305  325
  346  365  380  392  400  404  407  410  414  420  426  431  435  434  431  425
  421  417  412  403  386  364  339  315  291  270  252  238  227  219  211  203
  194  186  178  171  165  161  161  153  137                                   
    20.0-180.0 180.0   5.0 450.0                            LAT/LON1/LON2/DLON/H
  144  143  128  118  111  109  107  103  102  103  109  120  136  154  170  182
  192  200  207  212  215  216  218  222  231  242  257  272  289  307  326  346
  365  380  391  399  403  406  408  411  416  422  429  435  439  440  439  437
  436  435  431  422  405  381  354  327  300  275  253  236  223  214  207  200
  192  186  178  171  166  163  164  157  144                                   
    17.5-180.0 180.0   5.0 450.0                            LAT/LON1/LON2/DLON/H
  147  150  136  127  120  116  115  111  109  109  112  122  137  154  171  185
  196  204  211  216  219  222  225  232  242  257  273  290  307  325  343  362
  377  389  397  400  402  403  405  409  415  422  428  433  437  439  438  438
  438  438  435  425  408  385  358  331  304  278  253  234  219  209  203  197
  190  184  177  170  164  162  163  157  147                                   
    15.0-180.0 180.0   5.0 450.0                            LAT/LON1/LON2/DLON/H
  146  153  141  133  127  123  123  120  118  117  118  126  139  155  172  186
  198  207  214  219  223  227  232  241  254  270  288  305  323  340  358  373
  386  395  399  400  400  400  403  408  414  420  425  429  431  431  431  430
  429  428  425  415  399  377  353  328  303  278  253  232  217  206  200  195
  188  182  174  167  160  158  158  153  146                                   
    12.5-180.0 180.0   5.0 450.0                            LAT/LON1/LON2/DLON/H
  141  150  140  135  130  127  127  125  125  123  124  129  140  155  171  185
  198  208  216  222  227  232  239  250  265  282  301  320  338  355  371  385
  395  401  403  402  400  401  404  409  415  420  422  423  423  421  418  416
  413  411  407  397  381  362  341  321  299  276  253  232  216  205  198  192
  185  179  171  162  155  151  151  144  141                                   
    10.0-180.0 180.0   5.0 450.0                            LAT/LON1/LON2/DLON/H
  132  142  134  131  128  125  127  126  127  126  126  131  140  153  168  183
  196  208  217  224  230  237  245  258  274  293  314  334  353  370  385  397
  405  408  408  406  404  405  408  413  418  420  420  417  414  409  404  399
  395  391  385  375  361  344  327  311  294  274  253  232  216  204  197  190
  182  175  166  157  149  143  142  135  132                                   
     7.5-180.0 180.0   5.0 450.0                            LAT/LON1/LON2/DLON/H
  123  132  125  123  121  119  121  121  123  124  124  129  137  150  164  180
  194  207  218  227  234  242  251  265  282  304  326  348  368  386  400  410
