data/edconvlstm_nd/pred0450.15i
     1.0            IONOSPHERE MAPS     GNSS                IONEX VERSION / TYPE
pyspatialgeodesy        IME             05-JAN-18 20:20     PGM / RUN BY / DATE 
Map Name                                                    COMMENT             
Predicted global ionosphere maps (GIM).                     DESCRIPTION         
  2015     2    14     0     0     0                        EPOCH OF FIRST MAP  
  2015     2    15     0     0     0                        EPOCH OF LAST MAP   
  7200                                                      INTERVAL            
    13                                                      # OF MAPS IN FILE   
  NONE                                                      MAPPING FUNCTION    
10.0                                                        ELEVATION CUTOFF    
One-way carrier phase leveled to code                       OBSERVABLES USED    
  6371.0                                                    BASE RADIUS         
 2                                                          MAP DIMENSION       
   450.0 450.0   0.0                                        HGT1 / HGT2 / DHGT  
    87.5 -87.5  -2.5                                        LAT1 / LAT2 / DLAT  
  -180.0 180.0   5.0                                        LON1 / LON2 / DLON  
    -1                                                      EXPONENT            
                                                            END OF HEADER       
[from data line 3003]
     8                                                      START OF TEC MAP    
  2015     2    14    14     0     0                        EPOCH OF CURRENT MAP
    87.5-180.0 180.0   5.0 450.0                            LAT/LON1/LON2/DLON/H
  111  115  116  129  135  136  137  138  140  144  144  146  146  147  147  147
  147  146  145  144  143  142  140  139  137  136  134  132  130  129  127  125
  123  121  118  116  113  111  108  105  103  100   98   96   94   92   90   89
   87   86   86   85   85   86   86   87   87   88   89   91   92   94   95   97
   99  102  103  103  110  114  123  124  111                                   
    85.0-180.0 180.0   5.0 450.0                            LAT/LON1/LON2/DLON/H
  104  118  132  130  133  140  143  147  150  153  154  156  156  156  157  156
  156  155  154  153  152  150  149  147  146  144  142  140  139  137  134  132
  129  127  124  121  117  114  110  107  103  100   97   94   91   89   87   85
   84   83   82   82   83   84   85   86   87   89   90   92   94   96   98  100
  103  106  105  105  109  117  119  120  104                                   
    82.5-180.0 180.0   5.0 450.0                            LAT/LON1/LON2/DLON/H
   83  105  112  115  119  127  133  138  142  146  148  150  151  152  152  152
  151  150  149  148  147  145  144  143  141  140  139  138  136  135  133  131
  128  125  122  118  114  109  104  100   95   90   85   81   77   74   71   69
   67   66   65   65   65   66   67   68   70   71   73   75   76   78   79   80
   83   85   85   87   92  108  104  106   83                                   
    80.0-180.0 180.0   5.0 450.0                            LAT/LON1/LON2/DLON/H
   72   90   97  101  107  113  120  127  133  137  139  142  143  144  144  143
  142  141  140  139  137  136  135  135  134  134  134  134  134  134  133  132
  130  127  124  120  115  109  104   98   92   86   80   75   70   66   63   60
   58   57   57   57   58   59   61   63   64   66   68   69   70   71   71   72
   73   74   75   75   77   88   89   94   72                                   
    77.5-180.0 180.0   5.0 450.0                            LAT/LON1/LON2/DLON/H
   70   79   82   85   91   99  105  112  118  122  125  128  129  130  130  130
  129  129  128  128  128  128  128  129  130  131  133  135  137  139  140  141
  141  139  137  133  128  122  116  109  102   95   88   82   76   71   67   64
   62   61   61   61   62   64   66   68   70   71   72   73   73   72   71   70
   70   69   67   68   68   71   74   80   70                                   
    75.0-180.0 180.0   5.0 450.0                            LAT/LON1/LON2/DLON/H
   59   66   66   71   77   83   88   93   99  103  106  109  110  112  113  114
  115  116  118  119  121  124  127  130  133  137  141  145  150  154  157  160
  161  161  159  155  151  145  138  131  124  116  109  102   96   90   85   81
   78   76   75   75   76   77   78   80   81   82   82   82   81   79   77   75
   72   70   67   64   64   62   63   58   59                                   
    72.5-180.0 180.0   5.0 450.0                            LAT/LON1/LON2/DLON/H
   54   58   56   62   65   72   76   80   84   87   90   93   96   98  101  104
  107  111  115  119  124  129  134  139  145  151  156  162  168  174  179  183
  185  186  185  182  178  172  165  158  151  143  135  128  121  114  108  103
   98   95   93   92   92   92   92   93   93   93   92   91   89   87   84   81
   77   74   71   66   64   61   60   59   54                                   
    70.0-180.0 180.0   5.0 450.0                            LAT/LON1/LON2/DLON/H
   52   54   53   58   61   65   66   69   72   75   77   80   83   87   91   96
  101  108  115  123  131  139  147  155  163  170  177  184  191  198  204  209
  212  213  212  209  204  198  191  184  177  170  162  155  147  139  132  125
  118  113  108  105  102  100   99   97   96   94   93   91   90   88   86   84
   81   77   75   69   67   64   64   60   52                                   
    67.5-180.0 180.0   5.0 450.0                            LAT/LON1/LON2/DLON/H
   52   55   54   59   62   65   66   68   69   70   72   75   78   83   88   95
  103  112  122  133  144  155  165  175  183  191  198  205  212  218  224  229
  232  233  232  228  223  216  210  203  196  189  182  175  167  158  149  139
  131  122  115  108  103   98   94   91   88   86   83   82   81   80   80   81
   80   79   77   72   70   68   66   62   52                                   
    65.0-180.0 180.0   5.0 450.0                            LAT/LON1/LON2/DLON/H
   50   55   53   59   61   63   63   64   64   64   65   68   72   77   84   93
  103  114  127  141  154  168  180  191  200  208  215  221  228  235  241  246
  249  249  247  242  236  229  222  215  209  203  196  189  180  170  159  147
  135  123  112  102   93   86   79   74   69   66   63   62   61   62   64   67
   69   71   73   71   71   71   70   67   50                                   
    62.5-180.0 180.0   5.0 450.0                            LAT/LON1/LON2/DLON/H
   46   52   51   56   59   61   61   60   60   60   61   63   67   73   81   91
  102  115  130  145  161  176  189  200  209  217  223  229  236  243  249  255
  257  258  254  249  242  234  226  220  214  208  202  195  186  174  161  147
  132  117  103   90   78   69   60   54   48   44   41   40   40   42   45   50
   54   59   64   63   66   67   68   66   46                                   
    60.0-180.0 180.0   5.0 450.0                            LAT/LON1/LON2/DLON/H
   42   48   46   52   54   56   55   55   54   54   54   57   61   67   75   86
   98  113  128  145  161  176  190  202  211  218  224  230  237  245  253  259
  262  262  259  252  244  236  228  222  216  211  205  198  188  176  162  146
  129  111   95   80   67   56   47   40   34   29   26   25   25   27   30   35
   41   46   52   54   59   60   62   62   42                                   
    57.5-180.0 180.0   5.0 450.0                            LAT/LON1/LON2/DLON/H
   40   43   42   47   49   50   50   50   49   49   49   51   55   61   69   80
   93  108  124  141  157  173  186  198  207  215  221  228  237  246  255  263
  267  268  264  258  249  241  233  227  222  218  212  204  194  182  167  150
  132  114   97   81   67   56   47   40   34   30   27   25   24   25   27   30
   35   40   47   49   55   55   57   59   40                                   
    55.0-180.0 180.0   5.0 450.0                            LAT/LON1/LON2/DLON/H
   42   43   41   45   46   48   48   47   47   47   47   48   51   56   64   75
   89  104  121  137  153  168  181  193  203  211  218  227  236  247  258  267
  273  274  271  265  257  249  243  237  233  228  222  215  205  192  177  161
  143  125  108   93   80   69   60   54   49   46   43   40   38   36   36   37
   40   44   49   51   56   56   56   58   42                                   
    52.5-180.0 180.0   5.0 450.0                            LAT/LON1/LON2/DLON/H
   52   48   46   49   49   51   51   50   50   50   50   50   51   55   62   73
   88  104  120  136  152  166  179  191  201  210  219  229  240  252  264  274
  280  282  280  275  268  261  256  252  248  243  238  230  220  208  194  178
  161  145  128  114  101   91   84   78   75   73   71   68   65   61   58   56
   55   57   61   62   66   64   62   61   52                                   
    50.0-180.0 180.0   5.0 450.0                            LAT/LON1/LON2/DLON/H
   67   61   57   59   59   60   60   60   60   60   60   58   58   59   65   77
   92  109  126  142  156  170  183  195  206  216  226  237  248  260  272  281
  287  290  288  284  280  276  272  270  266  262  256  248  238  226  213  198
  182  167  151  137  125  115  108  104  103  103  102  101   98   93   87   83
   78   77   78   79   83   79   76   72   67                                   
    47.5-180.0 180.0   5.0 450.0                            LAT/LON1/LON2/DLON/H
   86   79   74   75   75   75   75   75   76   77   76   73   70   70   75   86
  102  121  138  154  168  180  193  205  216  227  238  248  259  269  278  286
  291  293  293  291  290  289  288  287  285  280  273  264  253  242  229  215
  200  184  169  155  142  132  125  121  121  123  125  126  124  120  114  107
  101   98   97   97  101   99   94   87   86                                   
    45.0-180.0 180.0   5.0 450.0                            LAT/LON1/LON2/DLON/H
  104   98   93   93   93   93   93   93   95   97   96   93   88   85   89  101
  119  138  156  171  184  195  207  218  230  241  251  260  268  275  281  286
  289  292  293  294  297  299  302  302  299  293  285  275  264  252  238  224
  208  192  176  161  147  135  125  121  120  124  128  132  133  131  127  121
  115  111  109  110  116  116  112  104  104                                   
    42.5-180.0 180.0   5.0 450.0                            LAT/LON1/LON2/DLON/H
  115  114  109  110  111  110  109  110  114  117  117  114  108  104  108  120
  138  158  176  190  201  212  222  233  243  253  262  268  273  276  279  281
  284  288  292  297  303  309  313  314  310  303  292  280  268  255  241  225
  208  191  174  157  140  125  112  105  103  107  112  118  123  124  123  120
  116  113  111  113  121  124  122  116  115                                   
    40.0-180.0 180.0   5.0 450.0                            LAT/LON1/LON2/DLON/H
  116  120  118  121  123  121  121  123  127  133  134  132  126  123  127  140
  159  178  195  208  217  226  234  244  253  261  267  271  273  273  275  277
  282  288  296  305  314  322  326  326  321  311  299  285  272  257  242  224
  206  187  169  151  132  114   98   87   82   83   89   95  100  104  107  107
  105  103  102  104  114  120  120  117  116                                   
    37.5-180.0 180.0   5.0 450.0                            LAT/LON1/LON2/DLON/H
  108  116  117  122  126  124  125  127  133  140  144  144  141  139  145  158
  177  196  211  221  229  236  243  251  258  264  268  270  271  272  274  280
  289  300  313  325  336  344  348  346  338  326  311  296  281  266  249  231
  212  194  176  158  138  117   97   82   74   72   74   78   82   86   89   92
   91   90   89   90   98  105  108  108  108                                   
    35.0-180.0 180.0   5.0 450.0                            LAT/LON1/LON2/DLON/H
   93  104  108  114  120  117  119  122  129  137  144  148  148  151  159  173
  192  210  223  231  238  243  248  254  259  263  267  269  272  276  283  296
  312  330  348  364  375  382  383  377  366  352  336  320  305  289  273  256
  238  222  207  191  172  150  127  108   95   88   85   83   83   83   85   87
   86   84   82   78   84   88   91   93   93                                   
    32.5-180.0 180.0   5.0 450.0                            LAT/LON1/LON2/DLON/H
   79   91   96  102  106  104  107  109  117  126  136  143  149  156  168  185
  204  220  232  239  244  249  253  256  260  264  268  272  279  290  306  328
  354  381  404  423  434  437  434  424  410  394  377  362  347  333  318  304
  290  279  268  256  240  219  195  173  156  143  132  123  115  109  106  105
  101   95   89   80   80   78   79   81   79                                   
    30.0-180.0 180.0   5.0 450.0                            LAT/LON1/LON2/DLON/H
   71   82   85   89   92   89   93   94  101  110  122  133  144  156  173  192
  212  228  240  247  252  255  258  261  263  267  273  283  297  317  344  377
  414  450  479  499  508  508  501  487  470  453  437  422  410  399  388  377
  369  364  360  353  341  322  299  275  254  235  217  198  181  166  157  150
  140  130  117  101   93   83   78   75   71                                   
    27.5-180.0 180.0   5.0 450.0                            LAT/LON1/LON2/DLON/H
   75   82   81   83   83   79   82   82   87   95  106  120  135  152  173  196
  218  235  247  255  261  264  267  268  271  276  286  302  325  356  395  440
  487  530  564  584  591  587  575  559  541  524  509  497  489  481  476  472
  470  472  474  473  465  449  427  403  379  354  328  301  274  250  233  218
  202  187  166  143  126  105   90   78   75                                   
    25.0-180.0 180.0   5.0 450.0                            LAT/LON1/LON2/DLON/H
   91   93   85   85   82   77   80   77   79   84   93  107  125  146  171  198
  222  241  255  265  272  276  279  280  284  292  307  331  364  405  454  509
  563  612  647  665  667  658  643  625  608  594  582  575  571  569  569  572
  578  586  593  595  588  574  553  530  505  477  445  411  376  344  318  296
  273  253  225  200  173  141  115   92   91                                   
    22.5-180.0 180.0   5.0 450.0                            LAT/LON1/LON2/DLON/H
  118  114   98   94   89   83   86   81   79   81   87   99  117  141  168  197
  224  246  263  276  285  290  293  295  300  313  335  367  409  459  515  575
  633  682  715  726  721  706  689  673  659  648  641  639  640  645  651  660
  671  681  688  687  677  661  641  620  597  570  536  499  460  424  394  366
  338  315  281  257  225  186  152  118  118                                   
    20.0-180.0 180.0   5.0 450.0                            LAT/LON1/LON2/DLON/H
  150  139  118  108  100   95   96   91   86   84   86   96  113  137  166  197
  226  251  271  287  298  304  307  310  320  338  368  408  456  511  570  631
  688  732  756  758  745  727  710  697  687  681  679  682  688  697  708  720
  731  737  737  726  707  684  664  645  626  602  572  538  502  469  439  411
  384  361  327  305  272  231  193  154  150                                   
    17.5-180.0 180.0   5.0 450.0                            LAT/LON1/LON2/DLON/H
  179  163  140  125  111  107  109  103   96   91   90   97  112  135  165  197
  229  257  280  297  310  316  320  326  340  366  402  448  500  557  614  671
  720  753  765  758  742  724  711  703  698  696  698  703  711  723  734  744
  749  745  729  702  669  637  613  595  580  562  540  516  490  466  444  422
  400  381  353  334  304  266  230  190  179                                   
    15.0-180.0 180.0   5.0 450.0                            LAT/LON1/LON2/DLON/H
  199  179  158  139  121  117  118  113  106   99   96  101  114  136  165  199
  233  263  288  308  320  327  332  341  361  393  436  485  538  591  642  688
  723  743  745  735  721  709  702  700  700  700  703  708  716  725  732  734
  727  707  672  626  577  535  506  487  474  462  451  440  430  420  411  398
  384  372  352  339  315  283  251  217  199                                   
    12.5-180.0 180.0   5.0 450.0                            LAT/LON1/LON2/DLON/H
  208  186  168  148  126  121  123  119  113  106  102  105  117  138  167  202
  237  270  297  317  330  337  344  358  383  421  468  518  567  612  651  683
  704  713  711  703  694  690  691  694  697  699  701  704  708  711  710  701
  679  640  586  523  462  413  379  359  347  340  338  341  348  355  359  356
  350  343  330  321  305  280  254  226  208                                   
    10.0-180.0 180.0   5.0 450.0                            LAT/LON1/LON2/DLON/H
  207  187  169  151  128  121  123  120  116  110  107  110  121  142  171  206
  243  277  306  326  339  348  358  377  408  451  499  547  588  621  647  665
  676  679  677  674  674  678  686  694  699  700  698  697  695  691  680  659
  622  569  502  429  363  311  277  256  244  241  246  260  280  301  316  320
  317  312  301  295  284  265  244  221  207                                   
     7.5-180.0 180.0   5.0 450.0                            LAT/LON1/LON2/DLON/H
  202  184  167  151  129  118  120  118  115  111  110  114  126  147  177  213
  251  286  315  336  350  361  375  400  436  482  530  571  602  623  638  647
