data/edconvlstm_nd/pred3140.15i
     1.0            IONOSPHERE MAPS     GNSS                IONEX VERSION / TYPE
pyspatialgeodesy        IME             05-JAN-18 20:20     PGM / RUN BY / DATE 
Map Name                                                    COMMENT             
Predicted global ionosphere maps (GIM).                     DESCRIPTION         
  2015    11    10     0     0     0                        EPOCH OF FIRST MAP  
  2015    11    11     0     0     0                        EPOCH OF LAST MAP   
  7200                                                      INTERVAL            
    13                                                      # OF MAPS IN FILE   
  NONE                                                      MAPPING FUNCTION    
10.0                                                        ELEVATION CUTOFF    
One-way carrier phase leveled to code                       OBSERVABLES USED    
  6371.0                                                    BASE RADIUS         
 2                                                          MAP DIMENSION       
   450.0 450.0   0.0                                        HGT1 / HGT2 / DHGT  
    87.5 -87.5  -2.5                                        LAT1 / LAT2 / DLAT  
  -180.0 180.0   5.0                                        LON1 / LON2 / DLON  
    -1                                                      EXPONENT            
                                                            END OF HEADER       
[from data line 2574]
     7                                                      START OF TEC MAP    
  2015    11    10    12     0     0                        EPOCH OF CURRENT MAP
    87.5-180.0 180.0   5.0 450.0                            LAT/LON1/LON2/DLON/H
   48   63   66   69   72   71   72   68   69   71   71   72   72   72   72   72
   72   72   72   72   72   72   72   72   73   73   73   73   74   74   74   73
   73   72   72   71   70   68   67   66   65   64   63   62   61   61   60   60
   60   60   61   61   61   62   62   62   63   63   63   63   63   63   63   63
   64   64   61   59   63   67   80   80   48                                   
    85.0-180.0 180.0   5.0 450.0                            LAT/LON1/LON2/DLON/H
   52   74   88   74   75   79   79   79   80   82   81   81   81   81   81   80
   80   80   80   81   81   81   82   83   83   84   85   85   86   86   86   86
   86   85   84   83   81   80   78   76   74   72   71   70   69   68   67   67
   67   68   68   69   70   70   71   72   72   73   73   73   74   74   74   74
   75   74   70   67   70   74   84   80   52                                   
    82.5-180.0 180.0   5.0 450.0                            LAT/LON1/LON2/DLON/H
   48   64   78   68   71   73   74   74   75   76   76   76   75   74   73   72
   71   71   71   71   71   72   73   74   76   77   79   81   82   83   84   85
   85   84   83   82   80   77   75   72   69   66   63   61   59   58   57   57
   57   58   59   60   62   63   65   66   67   68   68   68   68   68   68   68
   68   67   63   60   66   74   74   71   48                                   
    80.0-180.0 180.0   5.0 450.0                            LAT/LON1/LON2/DLON/H
   42   54   69   61   65   64   66   66   68   68   67   67   65   63   61   59
   58   57   57   57   58   59   61   63   66   68   71   74   77   79   81   83
   84   84   83   81   79   76   72   68   63   59   55   52   50   48   47   47
   48   49   51   54   57   59   62   64   65   66   67   67   66   65   64   63
   63   61   60   57   59   66   67   67   42                                   
    77.5-180.0 180.0   5.0 450.0                            LAT/LON1/LON2/DLON/H
   49   54   57   50   53   54   55   55   57   56   54   53   51   48   46   44
   42   41   41   41   42   44   47   50   54   58   62   66   71   74   77   80
   82   82   82   81   78   74   69   64   59   53   48   43   40   38   37   38
   40   42   46   50   54   58   61   64   66   67   67   67   65   63   61   58
   56   54   50   48   47   48   53   54   49                                   
    75.0-180.0 180.0   5.0 450.0                            LAT/LON1/LON2/DLON/H
   36   44   45   43   46   47   47   47   47   47   44   43   40   38   35   33
   32   31   31   32   33   36   39   43   48   53   58   64   69   73   77   81
   83   84   84   83   81   77   72   66   60   53   47   42   38   36   36   37
   39   43   47   52   57   61   65   68   70   70   70   68   66   63   60   57
   53   50   48   43   45   43   46   41   36                                   
    72.5-180.0 180.0   5.0 450.0                            LAT/LON1/LON2/DLON/H
   39   45   45   43   45   47   47   46   45   43   40   38   35   32   30   27
   26   25   25   26   28   31   35   40   46   51   57   63   68   73   78   82
   85   87   88   88   87   84   79   73   67   60   54   48   44   42   41   42
   45   49   54   59   63   67   71   72   73   73   72   70   67   64   61   58
   54   51   49   44   45   43   45   44   39                                   
    70.0-180.0 180.0   5.0 450.0                            LAT/LON1/LON2/DLON/H
   41   47   48   47   48   49   47   46   45   44   41   38   36   33   31   28
   27   26   26   28   30   34   39   45   51   57   64   69   74   79   83   87
   91   94   97   98   97   95   91   86   80   74   68   62   57   55   54   54
   57   60   64   68   71   73   75   75   74   72   70   68   66   63   61   59
   56   53   52   48   49   49   53   52   41                                   
    67.5-180.0 180.0   5.0 450.0                            LAT/LON1/LON2/DLON/H
   44   51   51   50   51   52   51   50   48   46   43   41   38   36   34   32
   31   30   30   32   35   39   44   51   57   64   69   74   79   83   87   91
   95  100  103  106  107  106  104  100   95   89   84   78   73   70   68   68
   69   71   73   74   75   74   73   70   68   65   62   60   59   58   57   56
   55   54   54   50   51   52   55   53   44                                   
    65.0-180.0 180.0   5.0 450.0                            LAT/LON1/LON2/DLON/H
   45   52   51   51   52   53   52   51   50   49   46   45   44   42   41   39
   38   37   37   38   41   46   52   59   66   72   77   81   85   88   92   97
  102  107  112  116  119  119  118  116  112  107  102   97   92   87   84   82
   81   81   80   78   75   71   67   61   57   53   50   49   48   49   50   51
   52   52   53   51   54   56   59   58   45                                   
    62.5-180.0 180.0   5.0 450.0                            LAT/LON1/LON2/DLON/H
   43   49   48   49   50   52   51   51   50   49   48   48   48   47   47   45
   44   43   42   44   46   51   58   65   71   77   82   86   89   93   97  103
  109  116  122  127  131  132  132  130  127  123  118  113  107  102   97   93
   89   86   83   78   72   65   57   50   44   40   37   37   38   39   41   44
   46   47   49   47   50   53   56   55   43                                   
    60.0-180.0 180.0   5.0 450.0                            LAT/LON1/LON2/DLON/H
   38   44   41   42   43   44   44   45   45   45   46   47   48   49   49   48
   47   45   44   45   47   52   58   65   72   78   83   87   91   96  102  109
  117  126  133  138  142  143  143  142  139  135  130  124  118  111  104   98
   93   88   82   75   67   58   48   40   33   29   27   27   29   31   34   36
   38   39   41   40   44   45   48   48   38                                   
    57.5-180.0 180.0   5.0 450.0                            LAT/LON1/LON2/DLON/H
   32   36   34   35   36   37   38   39   40   41   42   45   47   48   49   49
   48   46   44   44   46   51   57   64   72   78   84   89   95  101  109  119
  129  139  147  153  156  157  156  155  152  148  143  136  128  120  112  105
   98   91   85   77   68   58   48   39   33   28   27   27   29   31   33   35
   36   36   37   36   39   39   41   42   32                                   
    55.0-180.0 180.0   5.0 450.0                            LAT/LON1/LON2/DLON/H
   29   32   29   30   31   31   32   33   35   36   38   40   43   45   47   47
   46   44   42   42   44   49   55   63   71   78   85   92   99  108  119  131
  143  154  162  167  169  169  168  166  163  159  154  146  138  128  120  111
  104   98   91   83   74   65   56   48   41   38   36   36   37   38   38   39
   38   36   37   35   38   35   36   38   29                                   
    52.5-180.0 180.0   5.0 450.0                            LAT/LON1/LON2/DLON/H
   31   33   29   30   30   30   30   30   31   32   33   36   38   41   42   43
   42   41   40   40   43   48   54   63   71   80   88   97  106  117  130  144
  157  168  176  180  181  181  180  178  175  171  165  157  148  138  129  121
  114  108  102   95   88   79   71   64   59   55   54   53   53   52   51   49
   46   43   43   39   41   38   38   40   31                                   
    50.0-180.0 180.0   5.0 450.0                            LAT/LON1/LON2/DLON/H
   38   39   35   36   35   35   33   32   31   31   31   32   34   36   38   39
   38   38   38   39   43   49   56   65   74   84   94  104  116  128  141  155
  168  179  186  190  191  190  189  188  186  182  177  169  160  150  141  133
  127  122  117  111  104   97   90   84   80   77   76   75   73   71   68   65
   60   55   54   49   51   48   48   48   38                                   
    47.5-180.0 180.0   5.0 450.0                            LAT/LON1/LON2/DLON/H
   51   51   47   48   45   45   42   39   36   34   33   32   33   34   35   36
   36   36   37   40   45   52   60   70   80   91  103  114  126  139  151  164
  175  185  191  194  196  197  198  198  197  194  189  181  172  163  154  147
  142  137  132  127  120  113  106  101   97   95   94   93   92   89   85   81
   75   71   68   64   65   63   63   63   51                                   
    45.0-180.0 180.0   5.0 450.0                            LAT/LON1/LON2/DLON/H
   66   67   63   63   60   60   55   50   46   42   39   37   35   35   35   35
   35   36   38   42   49   57   66   77   88  101  113  125  137  148  158  168
  177  185  191  195  199  203  206  208  209  206  200  193  184  176  168  161
  156  151  145  138  131  123  115  109  105  104  103  103  102  100   97   93
   88   84   82   78   80   81   81   80   66                                   
    42.5-180.0 180.0   5.0 450.0                            LAT/LON1/LON2/DLON/H
   79   81   79   79   76   76   71   65   59   55   50   47   43   41   39   38
   37   38   41   46   53   62   72   84   97  111  124  137  147  155  162  168
  174  181  188  195  202  210  216  220  221  218  211  203  195  187  179  173
  167  160  153  144  134  123  114  107  103  101  101  102  103  102  101   98
   95   92   90   87   91   95   96   94   79                                   
    40.0-180.0 180.0   5.0 450.0                            LAT/LON1/LON2/DLON/H
   85   90   89   90   88   89   85   79   74   70   65   61   56   52   48   45
   43   42   45   51   59   68   79   91  105  120  135  147  155  160  164  167
  172  178  187  198  209  220  229  234  234  229  221  212  203  195  188  182
  174  166  156  144  131  118  107   98   93   92   93   95   97   98   97   97
   95   93   92   90   94   99  102  101   85                                   
    37.5-180.0 180.0   5.0 450.0                            LAT/LON1/LON2/DLON/H
   82   89   90   92   92   94   92   89   86   85   81   78   72   67   61   55
   51   50   51   57   64   74   85   98  114  131  146  158  164  167  168  170
  174  183  195  210  225  239  249  253  251  243  233  222  212  204  197  189
  181  170  158  144  129  114  101   90   85   84   86   89   91   93   93   93
   92   89   89   85   89   94   98   99   82                                   
    35.0-180.0 180.0   5.0 450.0                            LAT/LON1/LON2/DLON/H
   71   79   81   84   87   90   91   91   92   94   94   92   88   82   75   68
   62   59   59   64   71   81   93  107  125  143  159  170  176  177  178  180
  187  199  216  235  253  268  277  279  272  261  248  235  225  217  210  201
  191  180  166  152  136  120  106   95   89   88   90   93   95   96   95   94
   90   86   84   79   81   83   86   89   71                                   
    32.5-180.0 180.0   5.0 450.0                            LAT/LON1/LON2/DLON/H
   57   65   66   70   73   77   82   86   91   97  100  101   99   94   87   80
   73   69   69   73   81   92  105  120  139  158  174  185  191  193  196  202
  213  230  251  273  293  307  313  310  300  285  269  256  245  238  230  222
  212  200  187  174  160  144  130  119  112  111  113  116  116  114  110  105
   97   90   84   75   75   72   73   78   57                                   
    30.0-180.0 180.0   5.0 450.0                            LAT/LON1/LON2/DLON/H
   45   52   52   55   58   62   69   75   83   92   98  102  102  100   95   88
   82   78   79   85   94  106  121  138  157  176  192  203  210  215  222  234
  252  274  299  323  342  354  355  348  333  315  299  286  276  269  263  255
  245  235  225  215  203  190  177  165  159  158  159  160  158  152  142  131
  117  105   95   81   76   70   67   71   45                                   
    27.5-180.0 180.0   5.0 450.0                            LAT/LON1/LON2/DLON/H
   41   46   43   45   46   49   56   63   72   81   89   94   97   98   96   93
   89   87   91   99  111  126  142  160  179  197  212  223  232  242  255  275
  299  327  356  380  397  404  400  388  371  353  337  326  318  313  307  301
  293  286  280  273  265  255  243  232  225  223  223  222  216  205  190  172
  152  134  118  100   90   79   70   70   41                                   
    25.0-180.0 180.0   5.0 450.0                            LAT/LON1/LON2/DLON/H
   48   50   44   42   41   42   48   54   61   70   76   82   86   90   91   92
   92   94  101  113  129  147  165  184  202  218  232  244  256  272  293  320
  352  385  415  438  451  452  444  429  412  396  383  375  370  367  363  358
  353  350  347  345  340  331  320  309  301  297  295  292  283  267  246  223
  197  175  153  133  117  101   86   79   48                                   
    22.5-180.0 180.0   5.0 450.0                            LAT/LON1/LON2/DLON/H
   67   65   54   48   44   43   47   50   55   60   64   68   73   78   83   87
   91   99  111  127  147  167  187  205  221  236  249  263  280  302  331  366
  404  440  470  490  497  494  482  467  453  441  434  430  429  427  425  422
  420  419  419  419  415  407  395  382  371  365  361  355  343  325  301  273
  244  220  195  176  155  133  113   97   67                                   
    20.0-180.0 180.0   5.0 450.0                            LAT/LON1/LON2/DLON/H
   96   91   76   63   56   51   53   53   54   56   56   58   62   67   74   80
   89  101  117  137  160  183  203  221  236  249  262  279  301  330  366  407
  448  485  513  528  530  523  511  499  490  485  484  486  487  487  485  484
  483  483  484  483  478  468  454  437  422  412  405  397  385  366  342  314
  285  261  235  219  196  172  146  125   96                                   
    17.5-180.0 180.0   5.0 450.0                            LAT/LON1/LON2/DLON/H
  132  124  106   86   73   65   64   61   58   56   53   53   55   61   67   76
   87  101  121  144  169  192  213  230  245  258  272  292  319  354  395  439
  481  515  538  549  547  540  530  523  521  524  529  534  536  537  535  534
  532  531  530  526  518  504  485  464  444  429  418  410  399  383  363  338
  311  291  266  255  233  209  182  158  132                                   
    15.0-180.0 180.0   5.0 450.0                            LAT/LON1/LON2/DLON/H
  166  157  139  113   94   83   80   73   67   62   57   54   55   60   67   75
   87  103  124  148  172  195  216  233  248  262  279  303  335  375  418  462
  500  530  548  554  551  544  540  540  545  554  564  570  572  570  567  564
  561  558  553  545  533  514  489  462  436  417  404  395  386  375  360  341
  320  304  284  277  259  238  211  189  166                                   
    12.5-180.0 180.0   5.0 450.0                            LAT/LON1/LON2/DLON/H
  192  185  170  139  115  102   96   87   79   71   64   61   61   65   71   79
   91  107  128  150  173  195  214  232  249  266  287  315  351  392  435  475
  508  531  544  548  546  543  544  551  563  577  587  592  591  586  581  576
  571  565  557  545  527  502  472  439  409  386  370  361  354  347  338  326
  311  301  286  282  268  253  229  211  192                                   
    10.0-180.0 180.0   5.0 450.0                            LAT/LON1/LON2/DLON/H
  206  201  192  161  135  118  110  101   90   82   74   71   71   74   79   86
   97  113  133  153  174  193  213  232  251  272  296  328  366  408  447  481
  507  525  535  538  539  541  549  563  579  593  601  602  596  588  580  574
  567  559  547  530  507  478  444  409  376  350  333  322  316  312  308  301
  291  284  273  272  261  251  232  218  206                                   
     7.5-180.0 180.0   5.0 450.0                            LAT/LON1/LON2/DLON/H
  207  205  202  174  149  131  122  111  101   92   85   82   82   84   88   94
  105  121  139  158  177  195  215  236  258  282  311  344  382  421  455  483
