data/edconvlstm_nd/pred1210.15i
     1.0            IONOSPHERE MAPS     GNSS                IONEX VERSION / TYPE
pyspatialgeodesy        IME             05-JAN-18 20:20     PGM / RUN BY / DATE 
Map Name                                                    COMMENT             
Predicted global ionosphere maps (GIM).                     DESCRIPTION         
  2015     5     1     0     0     0                        EPOCH OF FIRST MAP  
  2015     5     2     0     0     0                        EPOCH OF LAST MAP   
  7200                                                      INTERVAL            
    13                                                      # OF MAPS IN FILE   
  NONE                                                      MAPPING FUNCTION    
10.0                                                        ELEVATION CUTOFF    
One-way carrier phase leveled to code                       OBSERVABLES USED    
  6371.0                                                    BASE RADIUS         
 2                                                          MAP DIMENSION       
   450.0 450.0   0.0                                        HGT1 / HGT2 / DHGT  
    87.5 -87.5  -2.5                                        LAT1 / LAT2 / DLAT  
  -180.0 180.0   5.0                                        LON1 / LON2 / DLON  
    -1                                                      EXPONENT            
                                                            END OF HEADER       
[from data line 4290]
    11                                                      START OF TEC MAP    
  2015     5     1    20     0     0                        EPOCH OF CURRENT MAP
    87.5-180.0 180.0   5.0 450.0                            LAT/LON1/LON2/DLON/H
  208  201  190  198  200  200  201  201  202  204  205  206  208  209  210  211
  212  213  213  212  212  211  210  208  207  205  203  200  198  196  194  192
  190  188  186  185  184  183  182  182  182  181  182  182  182  183  184  184
  185  186  187  188  189  189  190  191  191  192  193  193  194  194  194  194
  194  194  193  194  204  205  203  200  208                                   
    85.0-180.0 180.0   5.0 450.0                            LAT/LON1/LON2/DLON/H
  203  205  210  204  202  206  208  210  212  214  216  218  220  222  224  226
  227  228  229  229  228  227  226  224  221  219  216  213  210  207  203  200
  198  195  193  191  190  189  188  188  188  188  189  190  191  192  193  194
  195  196  198  199  200  201  202  203  204  204  205  205  206  206  206  206
  207  206  205  204  206  198  197  200  203                                   
    82.5-180.0 180.0   5.0 450.0                            LAT/LON1/LON2/DLON/H
  185  191  190  188  189  194  198  201  202  206  210  214  218  222  226  229
  232  234  235  235  235  233  231  228  224  220  216  211  206  202  197  192
  188  185  181  179  177  176  175  175  175  176  177  179  180  182  184  185
  187  189  190  192  193  195  196  197  198  199  200  201  201  201  201  200
  200  198  197  199  196  200  190  183  185                                   
    80.0-180.0 180.0   5.0 450.0                            LAT/LON1/LON2/DLON/H
  174  176  177  175  175  177  182  188  192  198  203  210  216  222  228  233
  237  240  241  242  241  239  236  231  226  221  215  208  202  195  189  183
  178  173  169  166  164  163  163  163  164  166  168  170  172  174  177  179
  181  183  184  186  188  189  191  192  194  195  196  197  197  197  197  197
  196  194  192  192  185  177  171  170  174                                   
    77.5-180.0 180.0   5.0 450.0                            LAT/LON1/LON2/DLON/H
  171  162  164  162  163  165  169  174  180  186  193  201  210  218  225  232
  237  241  243  244  243  241  237  232  226  220  213  206  198  191  184  178
  172  167  163  160  158  157  157  157  159  161  163  165  167  169  171  173
  174  176  177  177  178  180  181  182  184  186  187  188  189  189  189  189
  187  185  183  183  181  168  166  169  171                                   
    75.0-180.0 180.0   5.0 450.0                            LAT/LON1/LON2/DLON/H
  168  162  160  157  157  160  161  166  173  180  187  197  206  215  223  230
  236  240  242  242  241  238  234  229  224  217  210  203  196  189  182  176
  170  165  161  158  156  155  155  156  157  159  161  163  165  166  167  167
  168  167  167  167  167  168  169  170  172  174  176  177  179  180  181  182
  180  180  179  176  174  163  162  156  168                                   
    72.5-180.0 180.0   5.0 450.0                            LAT/LON1/LON2/DLON/H
  169  165  164  164  161  164  165  168  173  180  187  196  205  214  223  230
  235  239  241  241  240  237  233  228  222  216  210  203  197  190  184  179
  173  169  165  162  159  158  157  158  159  160  161  162  163  163  162  161
  159  158  156  154  153  153  153  155  156  159  162  164  167  169  171  173
  172  173  173  171  171  164  166  168  169                                   
    70.0-180.0 180.0   5.0 450.0                            LAT/LON1/LON2/DLON/H
  176  176  175  174  171  173  173  176  180  186  192  200  208  216  223  229
  233  236  237  236  234  231  227  223  218  213  208  203  198  193  189  184
  180  175  171  167  164  162  160  160  160  160  160  159  158  157  154  151
  148  145  142  139  137  136  136  138  140  143  146  150  153  157  160  163
  164  166  168  168  171  169  175  175  176                                   
    67.5-180.0 180.0   5.0 450.0                            LAT/LON1/LON2/DLON/H
  188  192  193  194  192  194  194  196  199  204  209  215  221  227  233  237
  240  241  242  240  238  235  231  227  223  219  216  212  209  206  202  199
  195  190  185  181  176  173  170  168  166  165  163  161  158  155  151  146
  142  137  133  130  128  126  126  128  130  134  138  142  146  151  155  160
  162  165  168  168  172  174  182  185  188                                   
    65.0-180.0 180.0   5.0 450.0                            LAT/LON1/LON2/DLON/H
  194  202  204  207  206  209  209  211  213  217  220  225  229  233  237  239
  241  241  241  239  237  234  231  228  225  222  220  218  216  215  213  210
  206  202  196  189  183  178  173  169  166  163  159  155  151  145  140  135
  129  125  120  117  114  113  113  115  117  121  125  130  135  140  145  151
  154  159  164  165  172  176  186  189  194                                   
    62.5-180.0 180.0   5.0 450.0                            LAT/LON1/LON2/DLON/H
  198  208  212  217  218  221  222  224  226  229  231  235  237  240  242  243
  244  244  244  242  241  239  236  234  232  230  229  228  228  227  226  224
  220  214  206  198  190  182  176  171  166  161  156  150  144  137  131  125
  120  115  111  108  106  105  105  107  110  113  117  122  127  132  138  144
  149  154  159  161  168  173  183  187  198                                   
    60.0-180.0 180.0   5.0 450.0                            LAT/LON1/LON2/DLON/H
  197  207  212  219  221  226  227  229  231  234  236  238  239  241  242  243
  244  244  244  244  243  242  241  240  239  239  238  239  239  239  239  236
  231  224  215  205  195  186  178  172  166  160  154  146  138  130  123  117
  112  108  105  103  101  100  101  103  105  108  112  116  121  127  133  139
  145  150  155  157  163  170  178  182  197                                   
    57.5-180.0 180.0   5.0 450.0                            LAT/LON1/LON2/DLON/H
  194  204  210  216  221  226  228  230  232  234  235  236  237  238  239  240
  242  243  244  245  246  247  247  248  248  249  249  250  251  252  251  248
  243  234  223  211  200  190  182  175  169  162  154  145  136  128  120  114
  110  107  104  102  101  101  102  104  106  109  112  115  119  124  131  138
  144  150  155  157  161  166  174  177  194                                   
    55.0-180.0 180.0   5.0 450.0                            LAT/LON1/LON2/DLON/H
  193  202  209  214  219  225  227  229  230  232  231  231  231  232  233  235
  238  241  243  246  248  250  253  255  257  259  261  262  263  264  263  260
  253  243  231  218  206  196  188  181  175  167  158  149  138  129  122  116
  112  110  108  106  105  105  107  109  112  114  116  118  121  126  133  141
  148  155  161  162  165  169  175  177  193                                   
    52.5-180.0 180.0   5.0 450.0                            LAT/LON1/LON2/DLON/H
  197  205  211  216  221  227  228  229  230  229  228  226  225  226  227  230
  234  238  241  245  248  252  257  261  265  268  271  273  275  275  273  269
  261  250  238  225  214  204  196  189  182  174  165  154  143  134  127  122
  119  117  115  113  112  112  114  117  120  122  123  124  126  131  138  147
  156  165  171  173  176  179  184  185  197                                   
    50.0-180.0 180.0   5.0 450.0                            LAT/LON1/LON2/DLON/H
  207  215  220  224  229  235  235  235  234  232  228  226  224  223  225  228
  232  236  240  244  249  255  261  267  273  278  281  284  285  284  282  276
  268  257  245  233  222  213  205  198  191  182  171  160  150  141  135  131
  129  127  125  122  121  121  123  127  130  133  133  133  134  138  145  156
  166  177  186  189  193  196  202  204  207                                   
    47.5-180.0 180.0   5.0 450.0                            LAT/LON1/LON2/DLON/H
  223  231  236  239  243  249  248  247  245  242  236  232  228  227  229  231
  235  239  242  246  252  258  266  274  281  287  291  293  294  292  288  281
  272  261  250  240  230  222  214  206  197  187  176  165  156  148  143  141
  139  137  134  131  129  129  132  136  141  143  143  142  142  145  153  164
  176  190  201  208  214  219  227  230  223                                   
    45.0-180.0 180.0   5.0 450.0                            LAT/LON1/LON2/DLON/H
  242  252  256  260  262  267  266  266  262  258  252  246  242  240  240  241
  244  246  249  252  258  265  273  282  289  295  299  301  301  298  293  285
  275  265  256  247  239  231  223  213  202  190  178  168  159  154  151  149
  148  146  143  139  136  136  139  144  149  152  152  150  149  151  158  170
  184  200  214  224  233  242  253  259  242                                   
    42.5-180.0 180.0   5.0 450.0                            LAT/LON1/LON2/DLON/H
  262  275  278  282  284  289  288  288  285  281  274  269  264  261  259  259
  258  259  260  264  269  276  284  292  298  303  307  309  307  304  297  289
  280  271  264  257  250  242  231  219  205  191  178  168  161  157  156  155
  155  153  150  146  142  142  145  150  155  158  157  155  153  154  161  173
  187  205  222  235  248  261  276  284  262                                   
    40.0-180.0 180.0   5.0 450.0                            LAT/LON1/LON2/DLON/H
  281  295  299  302  307  310  312  311  310  307  302  297  292  288  285  282
  279  278  278  281  286  293  299  304  309  313  315  317  315  311  305  297
  289  282  276  271  265  255  242  226  209  192  179  169  163  160  160  160
  161  159  156  152  149  149  151  155  159  161  159  156  153  154  160  171
  185  204  223  239  254  272  290  300  281                                   
    37.5-180.0 180.0   5.0 450.0                            LAT/LON1/LON2/DLON/H
  295  311  316  319  326  330  334  334  335  335  331  328  324  320  315  309
  304  301  301  304  309  313  317  319  321  323  326  327  327  324  318  311
  305  300  296  292  285  273  257  237  216  197  183  173  168  165  165  166
  166  165  163  160  158  157  159  161  163  162  159  154  151  151  157  167
  180  200  219  237  253  275  297  306  295                                   
    35.0-180.0 180.0   5.0 450.0                            LAT/LON1/LON2/DLON/H
  307  323  331  333  343  346  353  355  360  362  362  360  357  353  347  339
  332  327  327  330  334  337  337  336  335  337  340  343  345  344  340  336
  331  327  324  319  310  295  275  252  228  208  192  182  176  174  173  173
  174  174  173  172  171  170  171  170  168  164  159  153  150  150  155  164
  176  195  214  233  250  274  297  306  307                                   
    32.5-180.0 180.0   5.0 450.0                            LAT/LON1/LON2/DLON/H
  319  334  344  346  357  361  370  375  382  388  391  392  390  386  378  369
  360  355  354  357  361  361  358  354  352  354  359  366  371  373  372  370
  367  363  359  351  338  320  296  270  245  224  208  197  191  187  185  184
  185  187  188  189  189  189  187  184  178  170  163  156  152  152  157  165
  176  194  212  231  248  271  297  304  319                                   
    30.0-180.0 180.0   5.0 450.0                            LAT/LON1/LON2/DLON/H
  333  347  358  361  375  378  389  395  406  414  420  423  422  418  410  400
  390  383  382  384  386  384  379  373  371  375  384  395  404  410  412  411
  409  405  397  384  365  342  315  288  263  243  228  217  210  205  202  200
  201  204  208  211  213  213  210  203  193  182  172  165  161  161  166  173
  183  200  216  234  250  273  299  305  333                                   
    27.5-180.0 180.0   5.0 450.0                            LAT/LON1/LON2/DLON/H
  348  362  374  381  397  401  413  420  432  442  449  454  454  450  442  431
  420  413  411  411  410  406  399  392  392  400  414  430  443  452  456  457
  454  447  433  412  385  356  326  300  277  260  247  238  231  226  222  220
  222  226  232  237  241  241  236  227  214  200  188  180  176  176  181  188
  197  212  227  243  258  279  304  312  348                                   
    25.0-180.0 180.0   5.0 450.0                            LAT/LON1/LON2/DLON/H
  365  379  392  406  425  431  443  451  464  475  482  487  488  484  476  465
  454  445  441  438  434  427  419  414  416  429  448  468  484  494  499  499
  493  481  458  427  391  356  325  301  282  269  261  255  251  247  244  243
  245  250  258  265  269  269  263  252  237  221  208  200  196  196  199  206
  214  229  243  258  270  289  313  323  365                                   
    22.5-180.0 180.0   5.0 450.0                            LAT/LON1/LON2/DLON/H
  380  396  410  431  455  463  477  486  500  511  519  522  522  519  512  502
  491  482  474  467  460  450  441  438  444  461  484  507  523  531  533  530
  520  500  468  426  381  341  310  288  275  268  265  264  265  265  265  266
  269  275  283  290  294  293  286  274  259  243  230  221  216  214  217  222
  231  246  259  273  282  299  322  338  380                                   
    20.0-180.0 180.0   5.0 450.0                            LAT/LON1/LON2/DLON/H
  390  408  424  452  481  492  508  521  536  548  555  558  558  555  549  542
  532  522  512  501  490  478  469  467  477  496  520  541  553  557  554  546
  530  501  459  408  357  314  284  266  258  256  259  265  272  279  283  287
  291  298  304  309  310  307  299  288  273  259  246  237  231  228  229  233
  241  256  270  283  290  305  328  349  390                                   
    17.5-180.0 180.0   5.0 450.0                            LAT/LON1/LON2/DLON/H
  392  411  430  461  494  509  529  546  564  577  585  589  591  590  587  583
  576  567  555  541  527  513  504  502  512  530  551  566  571  567  558  544
  521  486  437  381  327  284  255  241  236  239  248  260  275  288  298  305
  310  315  318  319  315  309  300  289  277  265  254  245  239  234  233  234
  241  257  272  285  291  306  327  355  392                                   
    15.0-180.0 180.0   5.0 450.0                            LAT/LON1/LON2/DLON/H
  384  402  424  457  492  511  535  555  576  592  603  611  616  619  620  621
  619  612  601  586  570  554  544  541  547  560  573  579  576  565  549  529
  502  462  411  354  301  261  236  224  221  226  238  255  275  294  309  318
  323  325  324  319  310  300  289  279  270  260  251  243  236  231  227  226
  232  247  262  276  284  300  319  351  384                                   
    12.5-180.0 180.0   5.0 450.0                            LAT/LON1/LON2/DLON/H
  367  385  411  443  480  502  528  550  573  592  608  620  630  638  645  652
  656  653  645  631  615  599  587  580  580  584  586  583  573  556  535  511
  480  440  390  338  292  257  236  225  222  226  237  256  279  301  319  328
  331  329  322  311  297  283  271  261  253  246  238  231  224  218  213  209
  213  227  242  257  269  288  306  340  367                                   
    10.0-180.0 180.0   5.0 450.0                            LAT/LON1/LON2/DLON/H
  348  367  396  427  464  488  515  537  561  581  600  617  632  645  658  671
  681  684  680  669  656  641  627  616  607  601  594  584  568  548  525  498
  466  428  384  341  304  277  260  249  243  242  250  266  288  311  327  335
  334  326  314  298  280  263  249  240  233  226  219  212  205  198  192  188
  189  202  216  232  250  272  290  326  348                                   
     7.5-180.0 180.0   5.0 450.0                            LAT/LON1/LON2/DLON/H
  332  356  388  418  454  478  503  523  546  567  587  607  625  642  659  676
  691  699  701  695  686  673  659  644  628  614  600  585  568  547  523  496
