data/edconvlstm_nd/pred2240.15i
     1.0            IONOSPHERE MAPS     GNSS                IONEX VERSION / TYPE
pyspatialgeodesy        IME             05-JAN-18 20:20     PGM / RUN BY / DATE 
Map Name                                                    COMMENT             
Predicted global ionosphere maps (GIM).                     DESCRIPTION         
  2015     8    12     0     0     0                        EPOCH OF FIRST MAP  
  2015     8    13     0     0     0                        EPOCH OF LAST MAP   
  7200                                                      INTERVAL            
    13                                                      # OF MAPS IN FILE   
  NONE                                                      MAPPING FUNCTION    
10.0                                                        ELEVATION CUTOFF    
One-way carrier phase leveled to code                       OBSERVABLES USED    
  6371.0                                                    BASE RADIUS         
 2                                                          MAP DIMENSION       
   450.0 450.0   0.0                                        HGT1 / HGT2 / DHGT  
    87.5 -87.5  -2.5                                        LAT1 / LAT2 / DLAT  
  -180.0 180.0   5.0                                        LON1 / LON2 / DLON  
    -1                                                      EXPONENT            
                                                            END OF HEADER       
[from data line 1716]
     5                                                      START OF TEC MAP    
  2015     8    12     8     0     0                        EPOCH OF CURRENT MAP
    87.5-180.0 180.0   5.0 450.0                            LAT/LON1/LON2/DLON/H
   99   99   97  101  103  102  101   98   99  101  101  102  102  103  103  103
  103  102  102  102  101  101  100   99   99   98   97   97   96   96   95   95
   95   95   94   94   94   94   94   94   94   94   95   95   95   96   96   97
   97   98   98   98   98   98   98   98   98   97   97   97   96   96   95   95
   95   96   95   94   99   99  106  105   99                                   
    85.0-180.0 180.0   5.0 450.0                            LAT/LON1/LON2/DLON/H
   96  102  105  102  105  106  106  106  108  109  109  111  111  112  112  112
  112  112  111  111  110  109  109  108  107  107  106  105  105  105  104  104
  104  103  103  103  102  102  102  102  102  103  103  104  104  105  106  107
  107  108  108  109  109  109  109  109  108  108  107  106  106  105  104  104
  104  105  101  100   97   99  105  105   96                                   
    82.5-180.0 180.0   5.0 450.0                            LAT/LON1/LON2/DLON/H
   96  102  106  103  103  106  106  107  109  111  111  113  114  114  115  114
  114  113  113  112  111  110  109  108  107  106  106  105  105  105  105  105
  105  105  105  104  104  104  104  105  105  106  107  108  109  111  112  114
  115  116  117  118  118  118  118  117  116  115  114  113  111  110  108  107
  107  107  102  102  102  103   98   95   96                                   
    80.0-180.0 180.0   5.0 450.0                            LAT/LON1/LON2/DLON/H
   99  100  100  101  101  102  103  105  107  109  110  112  113  113  113  113
  112  111  110  108  107  105  104  102  101  101  100  100  101  101  102  102
  103  103  103  103  103  104  104  104  105  107  109  111  113  116  118  121
  123  125  127  128  128  128  128  127  126  124  122  120  118  115  113  112
  110  108  105  104  103  106  108   99   99                                   
    77.5-180.0 180.0   5.0 450.0                            LAT/LON1/LON2/DLON/H
  102  101   99  101   99  101  103  105  107  109  110  112  112  112  112  111
  110  109  107  105  103  101   99   97   96   95   95   96   97   99  100  102
  104  105  106  107  107  107  108  109  111  113  116  119  123  127  131  135
  139  141  144  145  146  146  145  143  141  139  136  133  130  127  124  122
  119  117  112  111  109  106  107  105  102                                   
    75.0-180.0 180.0   5.0 450.0                            LAT/LON1/LON2/DLON/H
   97   98   91   94   92   96   96   98  100  102  103  105  105  105  104  103
  102   99   97   95   92   89   87   85   83   83   83   85   87   90   93   96
   99  102  103  105  106  106  107  109  111  114  118  123  128  133  139  144
  148  151  154  155  155  155  154  152  150  147  144  141  137  134  131  129
  126  123  118  112  111  109  109  104   97                                   
    72.5-180.0 180.0   5.0 450.0                            LAT/LON1/LON2/DLON/H
   95   95   88   89   88   91   93   94   96   98   99  100  100  100   99   98
   96   94   91   88   85   82   79   76   75   74   75   78   81   85   90   95
   99  103  106  108  110  111  113  115  118  122  127  133  139  145  151  156
  160  163  165  166  166  165  163  161  158  155  152  149  146  144  141  139
  137  134  129  124  119  115  112  109   95                                   
    70.0-180.0 180.0   5.0 450.0                            LAT/LON1/LON2/DLON/H
   97   92   84   83   81   81   82   83   86   88   88   90   90   90   89   87
   85   82   80   77   73   70   67   64   63   63   64   67   72   77   84   90
   96  101  105  109  111  113  115  118  121  126  132  139  146  152  158  162
  165  167  167  167  165  163  161  158  156  153  151  149  147  145  144  143
  142  139  135  130  124  120  117  114   97                                   
    67.5-180.0 180.0   5.0 450.0                            LAT/LON1/LON2/DLON/H
   94   89   80   78   74   73   72   73   75   77   78   80   80   80   79   77
   75   73   70   67   64   61   58   55   54   54   56   59   64   71   78   86
   93   99  104  108  111  113  116  120  124  130  137  145  152  158  162  165
  166  166  164  162  159  156  153  150  148  146  144  144  143  143  143  144
  144  142  139  135  128  124  119  115   94                                   
    65.0-180.0 180.0   5.0 450.0                            LAT/LON1/LON2/DLON/H
   96   89   79   76   69   67   65   65   67   68   69   71   71   71   70   69
   67   64   62   60   57   54   52   50   48   49   51   55   61   68   76   84
   92   99  104  109  112  116  120  124  130  137  145  153  160  165  169  169
  168  165  161  157  153  149  145  142  140  139  139  139  140  142  143  145
  146  145  143  139  134  131  126  121   96                                   
    62.5-180.0 180.0   5.0 450.0                            LAT/LON1/LON2/DLON/H
  100   94   83   77   69   64   61   59   60   61   61   63   63   63   63   61
   59   57   55   53   51   49   47   46   45   47   49   54   60   68   76   84
   91   98  104  109  113  118  123  129  136  144  153  161  168  173  174  173
  169  164  158  153  148  143  140  137  135  135  135  137  138  140  142  144
  146  145  145  142  138  136  132  127  100                                   
    60.0-180.0 180.0   5.0 450.0                            LAT/LON1/LON2/DLON/H
  107  102   90   82   72   66   60   56   55   54   54   55   56   56   55   53
   52   50   48   46   45   44   43   43   44   45   49   54   61   68   76   83
   90   96  102  108  113  119  125  133  141  150  160  169  175  179  179  176
  171  164  158  152  147  142  139  136  135  134  135  137  139  140  142  143
  144  144  144  143  141  141  138  132  107                                   
    57.5-180.0 180.0   5.0 450.0                            LAT/LON1/LON2/DLON/H
  118  114  104   94   82   73   65   58   54   51   49   50   50   49   49   47
   46   44   42   41   40   40   40   41   43   46   50   56   63   70   77   84
   90   96  102  108  115  122  129  138  147  157  167  176  183  186  185  182
  176  170  163  158  153  149  146  144  142  141  141  143  144  145  145  145
  145  144  144  144  144  145  144  139  118                                   
    55.0-180.0 180.0   5.0 450.0                            LAT/LON1/LON2/DLON/H
  131  129  120  109   97   85   74   63   56   51   47   46   45   44   44   42
   40   39   37   36   36   37   38   40   43   47   52   58   65   72   79   85
   91   97  103  110  117  125  134  143  153  163  174  183  189  193  192  189
  184  179  173  169  165  162  159  156  153  152  151  152  152  152  150  149
  147  145  144  144  146  149  149  145  131                                   
    52.5-180.0 180.0   5.0 450.0                            LAT/LON1/LON2/DLON/H
  144  145  138  127  114  101   87   73   63   54   48   45   43   41   40   39
   37   36   34   33   34   35   37   40   43   48   54   60   67   74   81   87
   92   98  105  113  121  130  140  149  159  169  180  189  196  200  200  198
  195  191  187  184  181  178  175  171  167  164  163  162  162  160  157  154
  151  148  147  147  148  153  154  150  144                                   
    50.0-180.0 180.0   5.0 450.0                            LAT/LON1/LON2/DLON/H
  155  159  153  144  132  118  102   86   73   61   52   47   43   41   40   38
   37   35   34   34   34   36   38   41   45   50   56   63   70   77   84   90
   95  102  109  118  127  137  147  156  166  175  185  194  202  207  209  209
  207  204  202  200  197  193  189  183  178  175  173  172  171  169  166  162
  158  154  152  151  152  156  157  153  155                                   
    47.5-180.0 180.0   5.0 450.0                            LAT/LON1/LON2/DLON/H
  162  167  164  156  146  132  117  100   85   72   61   54   48   44   42   40
   39   38   37   37   38   39   42   44   48   53   59   65   73   80   87   93
  100  107  115  125  135  145  155  164  172  181  191  200  208  214  218  219
  219  217  216  213  209  204  198  192  186  181  179  178  177  176  173  170
  166  162  159  157  157  159  159  156  162                                   
    45.0-180.0 180.0   5.0 450.0                            LAT/LON1/LON2/DLON/H
  163  170  167  162  154  142  128  112   98   84   73   64   57   52   48   46
   45   45   45   45   46   47   48   51   53   57   62   69   76   84   91   98
  105  113  122  132  143  153  163  171  179  188  197  206  215  222  227  229
  230  229  227  223  217  210  202  195  188  184  182  181  182  182  181  179
  177  173  170  166  163  161  160  157  163                                   
    42.5-180.0 180.0   5.0 450.0                            LAT/LON1/LON2/DLON/H
  161  166  164  161  155  145  134  121  109   97   86   77   69   62   58   55
   54   54   55   55   56   57   58   59   61   63   68   74   81   89   96  104
  112  120  130  140  151  161  170  179  187  195  204  213  222  230  236  239
  240  239  235  229  222  213  204  195  189  185  184  184  186  187  188  189
  188  186  183  177  170  165  161  157  161                                   
    40.0-180.0 180.0   5.0 450.0                            LAT/LON1/LON2/DLON/H
  155  158  156  154  149  142  135  126  118  108   99   91   82   75   69   66
   65   65   66   66   67   67   68   68   69   71   74   80   87   95  103  111
  119  127  137  147  157  168  177  186  194  202  211  221  230  238  245  249
  250  249  244  236  227  217  207  199  194  191  190  191  192  194  196  199
  201  201  197  189  179  169  163  157  155                                   
    37.5-180.0 180.0   5.0 450.0                            LAT/LON1/LON2/DLON/H
  151  150  147  143  139  134  130  125  122  116  110  104   95   87   81   77
   76   75   76   76   76   77   77   77   77   79   82   87   94  102  110  118
  126  134  143  152  163  173  183  192  201  210  220  230  239  248  255  260
  262  261  256  248  238  228  219  212  207  205  204  204  204  205  208  212
  215  216  212  203  190  175  166  160  151                                   
    35.0-180.0 180.0   5.0 450.0                            LAT/LON1/LON2/DLON/H
  150  145  139  134  128  124  123  121  122  120  117  113  106   98   91   87
   84   83   83   83   83   84   85   85   86   88   91   96  102  109  117  125
  132  140  148  157  167  177  187  197  208  219  229  240  250  259  267  274
  277  277  273  267  259  251  243  237  233  231  229  227  224  223  224  228
  231  232  228  217  202  183  173  166  150                                   
    32.5-180.0 180.0   5.0 450.0                            LAT/LON1/LON2/DLON/H
  156  146  138  128  121  116  115  115  118  120  120  118  113  106   99   94
   91   88   87   86   87   89   91   93   95   97  100  105  110  116  124  131
  137  144  151  160  170  181  192  203  215  228  240  252  262  273  282  290
  296  299  298  295  291  285  280  276  272  268  264  259  253  248  246  247
  249  249  243  232  215  194  184  175  156                                   
    30.0-180.0 180.0   5.0 450.0                            LAT/LON1/LON2/DLON/H
  169  154  143  130  119  112  110  110  113  116  118  118  115  110  104   99
   94   90   88   87   89   92   97  101  104  107  110  113  117  122  129  135
  141  147  154  163  173  184  197  210  224  238  252  265  277  288  300  311
  320  326  330  331  331  330  328  324  320  314  307  298  287  278  272  270
  268  266  259  246  230  208  197  188  169                                   
    27.5-180.0 180.0   5.0 450.0                            LAT/LON1/LON2/DLON/H
  187  169  156  139  125  115  110  108  109  111  114  116  115  111  107  102
   96   91   88   87   90   95  102  109  114  116  118  120  122  126  131  137
  143  149  156  166  177  189  203  218  234  250  265  280  293  306  320  333
  346  356  365  372  377  380  380  377  371  363  352  339  325  312  301  295
  290  284  276  261  246  224  213  204  187                                   
    25.0-180.0 180.0   5.0 450.0                            LAT/LON1/LON2/DLON/H
  209  188  173  154  138  124  116  110  108  108  110  112  112  111  108  103
   97   91   87   87   91  100  109  118  123  125  124  123  124  126  131  137
  143  150  158  169  182  196  211  227  244  262  279  295  310  325  340  356
  372  387  400  411  421  427  428  425  417  406  393  377  361  345  331  321
  312  303  292  277  262  241  230  222  209                                   
    22.5-180.0 180.0   5.0 450.0                            LAT/LON1/LON2/DLON/H
  229  208  192  173  155  138  127  118  112  108  108  110  111  111  109  105
   99   92   88   89   95  105  117  127  131  131  128  123  121  122  126  133
  141  149  159  173  188  204  220  237  255  274  293  311  327  343  361  379
  397  414  430  445  457  464  466  461  451  438  423  407  391  374  359  347
  335  324  311  294  278  258  246  238  229                                   
    20.0-180.0 180.0   5.0 450.0                            LAT/LON1/LON2/DLON/H
  246  226  210  192  174  155  142  130  121  113  110  111  112  113  111  107
  102   95   91   92  100  113  126  135  138  134  127  119  114  114  119  127
  137  148  161  177  195  213  231  248  266  286  306  325  342  360  378  398
  417  436  453  468  481  488  488  482  470  456  441  427  413  399  385  372
  358  345  330  312  296  274  262  254  246                                   
    17.5-180.0 180.0   5.0 450.0                            LAT/LON1/LON2/DLON/H
  257  238  224  208  191  172  159  145  133  123  118  117  117  117  116  112
  106  100   96   98  107  120  133  141  141  133  122  111  104  104  110  120
  133  147  164  183  203  223  241  259  277  297  317  337  355  373  392  412
  432  450  467  481  492  497  496  488  475  462  449  438  428  418  406  394
  380  366  351  332  313  291  277  267  257                                   
    15.0-180.0 180.0   5.0 450.0                            LAT/LON1/LON2/DLON/H
  263  245  233  220  204  187  174  161  148  137  130  127  126  125  123  119
  114  107  103  105  114  127  138  143  140  129  114  100   92   93  101  114
  129  147  167  189  211  232  251  268  286  306  326  345  363  381  400  420
  440  457  472  484  492  495  492  484  473  461  451  444  438  432  424  414
  401  388  373  352  332  307  292  278  263                                   
    12.5-180.0 180.0   5.0 450.0                            LAT/LON1/LON2/DLON/H
  268  251  241  227  214  198  187  175  164  153  145  141  139  137  133  129
  123  116  112  113  121  131  140  141  134  120  103   89   82   84   94  109
  128  148  170  194  218  240  258  275  293  311  330  348  366  383  402  422
  441  458  471  481  487  488  485  478  468  460  453  449  447  443  438  430
  419  407  393  372  350  323  306  289  268                                   
    10.0-180.0 180.0   5.0 450.0                            LAT/LON1/LON2/DLON/H
  274  257  248  234  223  207  198  187  177  168  161  157  153  149  145  140
  133  127  122  121  125  132  137  135  125  110   93   80   74   78   90  107
  127  149  173  198  223  244  262  278  295  312  329  345  362  379  397  418
  437  455  467  476  480  481  479  474  468  463  459  457  455  453  448  442
  432  422  409  390  368  339  320  302  274                                   
     7.5-180.0 180.0   5.0 450.0                            LAT/LON1/LON2/DLON/H
  284  268  259  243  231  216  206  197  188  180  175  171  167  162  156  151
  144  137  131  127  128  130  131  126  115   99   84   74   71   76   90  108
