data/edconvlstm_nd/pred0500.15i
     1.0            IONOSPHERE MAPS     GNSS                IONEX VERSION / TYPE
pyspatialgeodesy        IME             05-JAN-18 20:20     PGM / RUN BY / DATE 
Map Name                                                    COMMENT             
Predicted global ionosphere maps (GIM).                     DESCRIPTION         
  2015     2    19     0     0     0                        EPOCH OF FIRST MAP  
  2015     2    20     0     0     0                        EPOCH OF LAST MAP   
  7200                                                      INTERVAL            
    13                                                      # OF MAPS IN FILE   
  NONE                                                      MAPPING FUNCTION    
10.0                                                        ELEVATION CUTOFF    
One-way carrier phase leveled to code                       OBSERVABLES USED    
  6371.0                                                    BASE RADIUS         
 2                                                          MAP DIMENSION       
   450.0 450.0   0.0                                        HGT1 / HGT2 / DHGT  
    87.5 -87.5  -2.5                                        LAT1 / LAT2 / DLAT  
  -180.0 180.0   5.0                                        LON1 / LON2 / DLON  
    -1                                                      EXPONENT            
                                                            END OF HEADER       
[from data line 4290]
    11                                                      START OF TEC MAP    
  2015     2    19    20     0     0                        EPOCH OF CURRENT MAP
    87.5-180.0 180.0   5.0 450.0                            LAT/LON1/LON2/DLON/H
  128  126  118  124  130  130  130  129  131  134  135  137  139  140  142  143
  144  145  145  145  145  144  143  142  140  139  137  134  132  130  128  125
  123  121  119  117  116  114  113  112  112  111  111  111  112  112  113  114
  115  116  117  117  118  119  120  120  121  121  121  121  121  121  121  120
  120  120  118  116  125  121  132  130  128                                   
    85.0-180.0 180.0   5.0 450.0                            LAT/LON1/LON2/DLON/H
  127  121  127  118  120  127  129  133  135  139  142  145  148  150  152  154
  156  157  157  157  156  155  154  152  150  148  145  142  139  136  133  130
  127  124  122  120  118  116  115  114  113  113  112  113  113  114  115  116
  117  118  119  121  122  123  124  124  125  125  125  125  125  125  124  123
  123  122  118  114  116  114  114  115  127                                   
    82.5-180.0 180.0   5.0 450.0                            LAT/LON1/LON2/DLON/H
  100   97   97   96  102  109  115  118  123  128  134  139  143  148  151  154
  156  157  157  157  156  155  153  150  147  144  141  137  133  129  125  121
  118  114  111  109  106  105  103  102  101  101  100  101  101  102  103  105
  106  108  110  112  113  114  116  116  117  117  117  116  116  114  113  111
  110  108  104  103  103  110   98   98  100                                   
    80.0-180.0 180.0   5.0 450.0                            LAT/LON1/LON2/DLON/H
   76   72   76   76   82   87   97  105  114  123  132  140  147  153  157  161
  162  163  162  161  158  155  152  148  144  140  135  131  125  120  115  111
  106  102   99   96   93   91   90   88   88   87   87   88   89   90   92   94
   96   99  101  103  106  107  109  110  110  110  109  108  107  105  103  100
   98   95   91   89   83   83   73   83   76                                   
    77.5-180.0 180.0   5.0 450.0                            LAT/LON1/LON2/DLON/H
   71   62   64   64   72   79   90  100  111  122  133  144  153  160  165  168
  169  168  165  162  158  154  150  146  142  137  133  128  123  117  112  108
  104  100   97   95   93   91   90   89   87   87   86   86   86   87   88   90
   93   96   99  101  103  105  106  107  106  106  104  103  100   98   95   92
   89   86   83   81   77   72   68   81   71                                   
    75.0-180.0 180.0   5.0 450.0                            LAT/LON1/LON2/DLON/H
   65   61   61   62   69   79   89  101  116  130  144  156  166  173  177  179
  177  173  169  163  157  152  147  142  138  134  129  124  119  113  108  103
   99   96   94   93   92   91   91   90   89   88   87   86   85   86   87   89
   91   94   97   99  101  102  103  103  102  101   99   97   95   92   90   88
   85   83   81   77   73   68   65   67   65                                   
    72.5-180.0 180.0   5.0 450.0                            LAT/LON1/LON2/DLON/H
   74   71   71   76   79   89  101  115  129  145  161  174  185  191  194  193
  188  181  173  165  157  150  145  140  135  131  126  121  115  109  103   98
   94   92   91   91   92   92   93   92   91   89   87   85   84   84   84   86
   88   91   94   96   97   98   98   97   95   94   92   90   87   85   84   82
   80   80   79   76   73   72   74   80   74                                   
    70.0-180.0 180.0   5.0 450.0                            LAT/LON1/LON2/DLON/H
   88   89   90   94   98  107  117  133  149  167  184  197  207  212  212  208
  200  190  179  168  158  150  143  138  133  129  123  118  111  104   97   91
   87   85   84   85   87   89   91   91   90   88   86   83   81   80   80   81
   83   86   88   90   91   91   90   89   87   85   84   82   81   80   80   80
   79   79   81   82   82   83   91   95   88                                   
    67.5-180.0 180.0   5.0 450.0                            LAT/LON1/LON2/DLON/H
  109  112  116  121  127  136  149  164  181  199  215  229  239  242  240  233
  223  209  196  182  170  160  152  146  140  134  128  120  112  103   94   87
   82   80   79   81   84   87   89   89   88   86   82   79   76   75   75   76
   78   80   83   84   85   84   84   82   81   80   80   80   80   80   80   81
   81   83   86   87   88   94  103  107  109                                   
    65.0-180.0 180.0   5.0 450.0                            LAT/LON1/LON2/DLON/H
  122  130  135  143  150  160  173  189  206  225  242  255  264  267  263  255
  243  228  212  197  184  172  162  153  145  137  128  119  109   99   89   81
   75   71   71   72   75   78   80   81   79   77   73   69   66   64   63   64
   66   68   70   71   71   71   70   70   69   70   71   73   75   76   77   79
   79   82   85   88   92  101  113  119  122                                   
    62.5-180.0 180.0   5.0 450.0                            LAT/LON1/LON2/DLON/H
  131  141  149  160  171  183  198  214  232  251  268  281  290  292  289  280
  268  254  238  222  207  192  179  166  154  143  132  122  111  100   89   80
   73   68   66   66   68   70   71   71   69   66   62   58   54   52   51   52
   53   55   56   57   58   58   58   58   60   63   66   70   73   75   77   78
   77   78   81   83   88   98  110  118  131                                   
    60.0-180.0 180.0   5.0 450.0                            LAT/LON1/LON2/DLON/H
  130  143  154  168  182  197  214  233  252  271  287  301  310  313  311  304
  293  280  266  249  232  214  196  178  162  148  136  125  115  105   95   86
   78   72   68   66   66   66   65   64   62   58   54   50   47   44   43   43
   43   44   45   45   46   46   47   49   52   57   62   68   73   76   77   77
   74   74   74   75   80   90  103  112  130                                   
    57.5-180.0 180.0   5.0 450.0                            LAT/LON1/LON2/DLON/H
  125  139  153  170  189  207  228  248  268  287  303  316  326  330  330  326
  318  308  294  277  258  235  212  189  169  153  141  131  124  117  109  101
   93   86   80   75   72   69   67   64   61   57   53   50   46   43   42   41
   40   40   40   40   40   40   42   45   50   57   64   71   77   80   81   79
   75   72   70   69   72   81   93  104  125                                   
    55.0-180.0 180.0   5.0 450.0                            LAT/LON1/LON2/DLON/H
  121  137  154  173  196  217  241  262  283  302  318  330  339  345  347  346
  341  333  321  303  280  253  224  197  174  157  146  141  137  134  130  125
  117  108  100   92   86   80   76   72   68   64   61   57   54   51   48   46
   44   43   42   41   41   42   45   49   55   62   71   79   85   89   89   86
   80   75   70   67   69   76   88   98  121                                   
    52.5-180.0 180.0   5.0 450.0                            LAT/LON1/LON2/DLON/H
  122  140  160  179  205  229  255  278  299  316  331  343  352  358  362  363
  361  354  342  322  296  265  231  201  177  161  154  152  154  155  155  151
  144  134  124  114  105   97   91   86   82   78   76   73   70   67   64   60
   57   55   53   53   53   54   56   60   66   73   82   90   97  101  101   97
   90   84   78   73   74   80   91  101  122                                   
    50.0-180.0 180.0   5.0 450.0                            LAT/LON1/LON2/DLON/H
  133  151  173  192  220  247  274  297  317  334  347  358  366  372  377  379
  378  372  359  337  307  272  236  204  180  167  163  166  171  176  177  174
  166  156  144  133  123  115  108  103   99   97   95   93   91   88   85   81
   78   75   73   72   72   73   75   78   83   89   96  104  110  114  114  111
  104   98   93   88   89   94  105  113  133                                   
    47.5-180.0 180.0   5.0 450.0                            LAT/LON1/LON2/DLON/H
  151  170  193  211  239  267  295  318  338  354  365  374  381  387  392  395
  394  386  371  347  315  278  241  209  187  176  175  180  187  191  191  186
  177  166  155  145  136  129  123  119  116  114  114  113  112  110  107  104
  102  100   99   98   98   98   98  100  102  106  111  117  122  125  126  124
  119  115  111  108  110  115  127  135  151                                   
    45.0-180.0 180.0   5.0 450.0                            LAT/LON1/LON2/DLON/H
  174  193  216  232  260  288  316  339  358  373  384  392  399  404  408  410
  407  398  381  356  323  285  249  219  199  190  190  194  198  198  194  186
  175  164  154  146  141  137  134  132  130  129  128  129  129  128  127  125
  124  124  124  125  124  124  122  121  121  122  124  128  131  134  136  135
  131  129  128  129  133  140  153  162  174                                   
    42.5-180.0 180.0   5.0 450.0                            LAT/LON1/LON2/DLON/H
  196  216  238  253  279  306  332  355  374  390  400  409  415  421  425  425
  420  409  390  364  332  296  262  234  216  207  205  205  204  198  188  176
  164  153  146  142  141  142  142  141  139  138  138  138  139  139  139  139
  140  142  144  146  146  145  142  139  136  134  134  135  137  140  141  141
  139  139  140  144  151  161  175  188  196                                   
    40.0-180.0 180.0   5.0 450.0                            LAT/LON1/LON2/DLON/H
  212  233  253  268  292  316  342  364  383  400  412  422  430  436  439  438
  432  419  400  375  346  313  281  255  238  227  221  216  207  196  182  167
  154  145  141  141  145  149  151  151  148  146  144  144  145  145  146  147
  149  152  156  159  160  158  154  149  145  141  139  138  140  141  142  143
  141  142  144  150  158  171  187  204  212                                   
    37.5-180.0 180.0   5.0 450.0                            LAT/LON1/LON2/DLON/H
  218  241  261  275  298  319  344  365  386  404  419  432  442  449  452  450
  442  429  411  389  363  334  305  280  261  248  237  226  214  200  185  172
  161  154  153  156  162  167  169  167  161  156  152  150  149  149  149  149
  151  154  158  161  163  162  158  152  147  142  139  138  138  139  139  139
  136  137  140  146  154  169  186  207  218                                   
    35.0-180.0 180.0   5.0 450.0                            LAT/LON1/LON2/DLON/H
  217  241  263  276  298  316  340  361  383  404  422  438  450  459  463  460
  452  440  424  405  383  357  330  305  284  268  255  242  231  220  210  202
  196  192  192  195  200  202  200  192  181  171  164  159  157  155  152  150
  150  151  153  156  158  157  154  149  144  140  137  135  135  135  134  132
  128  127  129  135  142  158  176  198  217                                   
    32.5-180.0 180.0   5.0 450.0                            LAT/LON1/LON2/DLON/H
  214  239  263  275  296  311  336  357  381  404  425  443  458  468  472  469
  461  450  436  420  401  378  352  327  306  289  277  269  264  264  265  267
  266  265  263  262  260  255  244  227  210  194  182  174  169  165  159  154
  149  146  146  148  149  149  147  143  139  136  134  132  132  131  129  126
  121  119  119  123  130  144  165  186  214                                   
    30.0-180.0 180.0   5.0 450.0                            LAT/LON1/LON2/DLON/H
  215  241  267  278  300  313  338  358  384  408  431  451  466  477  481  479
  471  460  448  434  416  393  368  344  325  312  306  309  319  335  352  365
  371  370  363  352  338  319  296  269  243  221  206  196  189  181  172  162
  152  145  141  141  142  142  141  139  136  134  132  131  130  128  127  123
  117  114  112  116  124  138  160  180  215                                   
    27.5-180.0 180.0   5.0 450.0                            LAT/LON1/LON2/DLON/H
  224  251  279  291  314  326  351  372  398  422  445  465  480  490  493  491
  482  472  459  445  426  403  379  358  344  340  346  365  395  431  466  491
  502  496  477  450  419  383  346  308  276  251  233  222  214  205  192  177
  162  150  142  139  139  140  139  138  136  134  132  131  129  127  126  123
  117  115  113  118  128  143  166  185  224                                   
    25.0-180.0 180.0   5.0 450.0                            LAT/LON1/LON2/DLON/H
  244  270  299  314  340  354  379  399  425  449  470  488  501  509  511  507
  498  486  471  454  433  410  388  373  367  375  398  436  487  543  593  627
  636  618  581  533  482  430  381  337  301  276  260  250  242  231  217  198
  179  162  151  146  145  145  144  141  139  136  134  132  129  127  126  124
  120  120  120  128  142  159  184  202  244                                   
    22.5-180.0 180.0   5.0 450.0                            LAT/LON1/LON2/DLON/H
  271  298  326  347  377  393  420  440  466  488  507  522  532  537  537  531
  519  504  486  464  440  417  399  391  398  421  460  516  585  655  713  745
  743  707  647  579  511  448  393  347  314  292  280  274  268  258  244  223
  201  182  169  162  159  157  154  150  145  141  137  134  130  128  127  126
  125  129  132  144  162  183  212  230  271                                   
    20.0-180.0 180.0   5.0 450.0                            LAT/LON1/LON2/DLON/H
  303  329  357  385  421  441  469  491  517  538  554  566  573  575  572  563
  549  529  506  479  452  429  417  420  440  477  531  599  675  747  800  820
  799  741  661  577  499  432  378  338  312  299  293  292  289  282  269  249
  227  207  193  184  178  173  167  160  152  146  140  135  131  129  128  129
  130  138  145  162  183  209  242  264  303                                   
    17.5-180.0 180.0   5.0 450.0                            LAT/LON1/LON2/DLON/H
  330  358  388  422  464  489  520  546  572  593  607  617  621  622  617  605
  588  564  535  503  473  452  447  461  494  542  603  671  742  802  838  837
  794  715  621  528  450  388  344  315  302  299  301  304  305  301  290  273
  252  233  218  207  198  189  179  168  158  149  141  135  131  128  128  129
  132  144  155  174  199  231  269  295  330                                   
    15.0-180.0 180.0   5.0 450.0                            LAT/LON1/LON2/DLON/H
  348  379  413  452  500  530  565  593  622  644  659  668  673  672  667  655
  635  608  574  538  506  488  490  514  556  609  666  724  776  814  826  800
  735  640  539  450  381  334  305  292  293  300  309  316  318  315  306  292
  274  256  240  227  215  203  189  174  161  150  141  134  129  126  126  127
  132  144  159  179  206  243  285  315  348                                   
    12.5-180.0 180.0   5.0 450.0                            LAT/LON1/LON2/DLON/H
  354  389  427  469  522  557  596  629  661  685  702  713  719  721  717  705
  686  658  622  583  551  535  543  573  619  669  714  751  778  789  774  726
  643  543  447  371  320  291  280  284  297  312  325  331  333  330  322  308
  291  274  258  242  227  211  194  176  161  149  140  133  128  124  124  124
  128  140  156  176  205  246  289  322  354                                   
    10.0-180.0 180.0   5.0 450.0                            LAT/LON1/LON2/DLON/H
  351  390  432  475  531  571  614  650  685  713  733  747  755  759  758  750
  734  708  673  635  603  590  600  632  675  716  743  756  756  742  705  640
  551  455  374  319  289  278  284  300  322  341  352  356  354  348  338  323
  305  287  269  251  233  213  194  175  160  148  140  133  128  123  121  120
  122  133  147  166  197  241  283  317  351                                   
     7.5-180.0 180.0   5.0 450.0                            LAT/LON1/LON2/DLON/H
  343  387  432  476  533  576  622  660  698  728  750  766  777  783  786  782
  771  750  720  685  656  643  654  683  720  748  756  747  726  692  642  571
