data/edconvlstm_nd/pred2710.15i
     1.0            IONOSPHERE MAPS     GNSS                IONEX VERSION / TYPE
pyspatialgeodesy        IME             05-JAN-18 20:20     PGM / RUN BY / DATE 
Map Name                                                    COMMENT             
Predicted global ionosphere maps (GIM).                     DESCRIPTION         
  2015     9    28     0     0     0                        EPOCH OF FIRST MAP  
  2015     9    29     0     0     0                        EPOCH OF LAST MAP   
  7200                                                      INTERVAL            
    13                                                      # OF MAPS IN FILE   
  NONE                                                      MAPPING FUNCTION    
10.0                                                        ELEVATION CUTOFF    
One-way carrier phase leveled to code                       OBSERVABLES USED    
  6371.0                                                    BASE RADIUS         
 2                                                          MAP DIMENSION       
   450.0 450.0   0.0                                        HGT1 / HGT2 / DHGT  
    87.5 -87.5  -2.5                                        LAT1 / LAT2 / DLAT  
  -180.0 180.0   5.0                                        LON1 / LON2 / DLON  
    -1                                                      EXPONENT            
                                                            END OF HEADER       
[from data line 2145]
     6                                                      START OF TEC MAP    
  2015     9    28    10     0     0                        EPOCH OF CURRENT MAP
    87.5-180.0 180.0   5.0 450.0                            LAT/LON1/LON2/DLON/H
   82   88   87   92   94   95   93   89   90   92   91   91   91   91   91   91
   91   91   91   91   91   92   92   93   94   94   95   96   97   98   99  100
  101  102  102  103  103  104  104  104  104  104  104  104  103  103  102  101
  101  100   98   97   96   95   93   92   91   89   88   87   86   86   85   85
   85   86   84   83   88   88   99   99   82                                   
    85.0-180.0 180.0   5.0 450.0                            LAT/LON1/LON2/DLON/H
   80   90   97   90   90   95   94   94   94   96   95   95   95   95   95   95
   95   95   95   96   96   97   98   99  101  102  104  105  107  108  110  111
  112  113  114  115  116  117  117  117  117  117  116  116  115  114  113  112
  111  109  108  106  104  103  101   99   97   95   94   92   91   89   88   88
   88   89   84   82   81   84   93   96   80                                   
    82.5-180.0 180.0   5.0 450.0                            LAT/LON1/LON2/DLON/H
   76   84   91   86   84   88   89   89   89   90   89   89   88   87   86   86
   85   85   85   86   87   88   89   91   93   95   97  100  102  105  108  110
  113  116  118  120  122  123  125  126  126  127  127  127  127  126  125  124
  122  120  118  116  113  111  108  105  102   99   96   93   91   88   86   85
   85   84   80   78   79   83   80   80   76                                   
    80.0-180.0 180.0   5.0 450.0                            LAT/LON1/LON2/DLON/H
   75   74   82   79   78   78   79   80   81   81   80   80   78   77   76   75
   74   74   74   75   76   77   79   81   83   86   89   93   97  100  104  108
  112  115  119  122  124  127  129  130  132  133  134  134  134  134  133  133
  131  130  128  125  122  119  115  112  107  103   99   95   91   87   83   81
   79   76   74   73   71   75   78   76   75                                   
    77.5-180.0 180.0   5.0 450.0                            LAT/LON1/LON2/DLON/H
   76   71   74   73   70   73   74   76   77   76   74   74   72   71   69   68
   68   68   68   68   70   71   73   76   79   82   85   90   94   99  104  109
  114  118  123  126  130  133  136  138  140  142  144  145  147  147  148  148
  148  147  146  144  141  137  133  128  123  118  112  106  100   94   89   84
   80   77   72   71   69   65   67   71   76                                   
    75.0-180.0 180.0   5.0 450.0                            LAT/LON1/LON2/DLON/H
   66   64   64   64   63   66   67   67   68   67   65   65   63   62   60   60
   59   59   60   61   63   65   67   70   73   77   81   85   90   96  101  107
  112  117  122  127  131  134  138  141  144  147  150  152  155  157  159  161
  162  162  162  160  158  155  151  145  140  133  127  120  112  106   99   93
   86   80   75   68   67   62   62   62   66                                   
    72.5-180.0 180.0   5.0 450.0                            LAT/LON1/LON2/DLON/H
   61   59   58   59   59   62   64   64   64   63   61   60   58   57   57   56
   56   57   59   60   62   64   67   69   72   76   80   85   90   95  101  107
  113  119  124  129  134  138  142  146  149  153  157  161  165  169  172  175
  177  178  179  178  176  173  169  164  158  151  144  136  129  121  114  106
   99   91   85   77   71   64   61   63   61                                   
    70.0-180.0 180.0   5.0 450.0                            LAT/LON1/LON2/DLON/H
   58   54   54   55   54   56   56   57   57   56   54   54   52   52   51   52
   53   55   57   59   61   64   66   69   72   75   79   84   89   94  100  106
  112  117  123  128  132  137  141  146  150  155  160  165  170  175  179  182
  185  187  187  187  185  182  177  172  166  159  153  146  138  131  124  116
  108   99   92   82   73   65   63   65   58                                   
    67.5-180.0 180.0   5.0 450.0                            LAT/LON1/LON2/DLON/H
   52   49   49   50   50   52   53   54   53   53   51   51   50   50   51   52
   53   56   58   61   64   66   68   70   72   75   79   83   87   92   98  103
  109  114  119  124  129  133  138  143  149  154  160  166  171  176  180  184
  186  187  188  187  184  181  176  171  165  159  153  147  141  135  129  122
  115  106   98   86   76   66   61   62   52                                   
    65.0-180.0 180.0   5.0 450.0                            LAT/LON1/LON2/DLON/H
   49   46   45   47   46   48   49   50   49   49   49   49   49   49   50   51
   54   56   59   62   65   67   69   70   72   75   78   82   86   91   97  102
  107  112  117  122  127  132  138  144  150  156  163  168  174  178  182  184
  186  186  186  183  180  176  171  166  160  155  149  145  140  135  130  125
  118  110  102   90   79   69   64   65   49                                   
    62.5-180.0 180.0   5.0 450.0                            LAT/LON1/LON2/DLON/H
   48   44   43   44   43   45   46   46   46   46   46   47   47   48   49   51
   53   55   58   61   63   64   66   67   69   72   75   80   84   90   95  100
  105  110  115  121  126  132  139  145  152  159  165  171  175  179  182  183
  183  182  180  177  172  167  162  156  151  146  141  138  134  130  126  122
  116  109  102   91   80   70   65   67   48                                   
    60.0-180.0 180.0   5.0 450.0                            LAT/LON1/LON2/DLON/H
   51   44   42   43   40   41   42   42   42   42   43   44   45   46   47   48
   50   51   53   55   57   58   59   61   64   67   71   76   82   88   93   99
  105  110  116  122  128  135  142  149  156  163  169  174  178  180  182  182
  181  179  175  171  166  160  154  148  142  137  133  130  127  124  120  116
  111  105   99   89   80   71   66   68   51                                   
    57.5-180.0 180.0   5.0 450.0                            LAT/LON1/LON2/DLON/H
   57   49   46   44   41   40   40   39   39   40   40   42   43   43   44   45
   46   47   47   48   50   51   52   55   58   62   68   74   81   88   95  101
  108  115  121  128  135  142  149  157  164  171  176  180  183  185  186  185
  183  180  176  172  166  160  153  147  141  136  132  129  126  122  118  115
  110  104   99   91   83   75   71   72   57                                   
    55.0-180.0 180.0   5.0 450.0                            LAT/LON1/LON2/DLON/H
   68   59   53   51   45   43   41   39   38   38   39   40   41   41   41   41
   41   41   41   42   43   44   46   49   54   60   66   74   82   90   98  106
  114  122  130  138  145  153  160  167  174  180  185  189  191  192  192  191
  189  187  183  178  173  166  160  153  147  142  138  134  130  126  121  117
  112  106  102   95   90   83   78   78   68                                   
    52.5-180.0 180.0   5.0 450.0                            LAT/LON1/LON2/DLON/H
   81   73   66   62   54   51   46   43   41   40   40   40   40   40   40   39
   38   37   37   38   39   41   44   48   53   60   68   76   85   93  102  112
  122  132  141  150  159  166  173  180  186  191  195  197  199  200  200  200
  199  197  194  190  185  179  172  166  159  153  148  144  140  135  130  125
  119  113  110  104  100   93   90   87   81                                   
    50.0-180.0 180.0   5.0 450.0                            LAT/LON1/LON2/DLON/H
   95   88   82   76   68   63   57   52   48   45   44   43   42   41   39   38
   37   36   36   37   39   41   45   50   57   64   73   81   90   99  108  119
  130  142  154  164  173  181  187  193  198  202  205  206  207  208  208  208
  209  208  206  204  199  193  187  180  173  166  161  157  153  148  142  137
  130  124  121  115  111  106  103   99   95                                   
    47.5-180.0 180.0   5.0 450.0                            LAT/LON1/LON2/DLON/H
  107  103   97   92   84   78   71   64   59   55   52   50   47   45   42   39
   38   37   38   40   43   47   52   58   64   72   80   88   96  104  113  125
  138  152  165  177  187  194  200  206  210  212  214  215  215  215  215  216
  217  217  216  214  210  204  198  190  183  177  172  168  165  161  155  149
  143  136  131  126  122  118  116  111  107                                   
    45.0-180.0 180.0   5.0 450.0                            LAT/LON1/LON2/DLON/H
  114  112  108  104   97   92   86   79   73   68   63   60   56   52   48   44
   42   42   44   47   51   57   62   68   75   82   88   95  101  108  117  129
  144  159  175  188  199  207  213  217  221  223  223  223  222  221  221  222
  223  223  222  220  215  209  202  194  187  182  178  175  173  171  166  161
  154  146  141  134  130  126  125  120  114                                   
    42.5-180.0 180.0   5.0 450.0                            LAT/LON1/LON2/DLON/H
  114  115  113  111  106  103   98   92   86   81   77   72   67   62   57   53
   50   50   53   57   63   69   74   79   84   90   96  101  105  111  120  132
  148  165  182  197  208  217  224  229  232  234  234  232  230  228  227  227
  227  226  224  221  215  209  201  193  186  181  179  178  178  177  174  169
  162  154  146  138  133  129  128  124  114                                   
    40.0-180.0 180.0   5.0 450.0                            LAT/LON1/LON2/DLON/H
  108  110  110  111  108  107  104  100   97   93   89   85   80   75   69   64
   62   62   65   70   75   80   84   88   92   96  100  104  108  114  122  135
  151  170  188  204  217  227  235  240  244  246  246  243  240  237  235  234
  233  231  227  222  215  208  199  191  184  180  178  179  180  181  179  175
  168  159  149  138  131  125  124  121  108                                   
    37.5-180.0 180.0   5.0 450.0                            LAT/LON1/LON2/DLON/H
   98   99  101  102  102  104  104  103  102  100   98   97   93   88   83   78
   75   74   77   82   87   90   92   94   96   98  102  106  110  117  126  140
  157  175  194  211  225  237  246  253  258  260  260  258  255  251  249  248
  246  243  237  231  223  215  206  198  191  186  184  184  186  186  184  180
  173  162  150  137  127  118  117  114   98                                   
    35.0-180.0 180.0   5.0 450.0                            LAT/LON1/LON2/DLON/H
   87   87   88   89   90   93   96   98  100  102  103  104  104  101   97   92
   88   87   89   92   96   97   97   96   96   98  102  108  114  122  133  147
  165  184  203  220  236  249  259  268  274  278  278  277  275  273  272  271
  270  266  261  254  246  238  229  220  212  207  203  201  200  198  195  189
  180  167  152  136  124  111  109  106   87                                   
    32.5-180.0 180.0   5.0 450.0                            LAT/LON1/LON2/DLON/H
   82   77   75   75   76   79   84   88   93   97  102  107  110  111  109  105
  101   99   99  101  103  102   99   97   96   98  103  110  118  129  142  158
  176  195  214  232  249  263  275  285  292  297  300  300  300  301  303  305
  306  304  301  295  288  280  272  263  254  246  239  233  227  221  214  206
  193  178  161  142  127  110  106  101   82                                   
    30.0-180.0 180.0   5.0 450.0                            LAT/LON1/LON2/DLON/H
   85   74   67   64   64   66   71   76   82   89   97  105  112  117  117  115
  111  108  108  108  108  105  101   97   96   98  105  114  125  138  153  171
  190  210  229  247  264  279  292  303  312  319  323  327  330  335  342  348
  353  355  354  351  347  341  334  325  314  303  292  280  268  256  244  231
  215  197  178  157  139  119  114  105   85                                   
    27.5-180.0 180.0   5.0 450.0                            LAT/LON1/LON2/DLON/H
   98   81   68   61   59   59   63   66   72   79   89  100  110  118  121  120
  117  114  113  112  111  108  103   99   98  102  109  119  132  148  166  186
  207  227  246  265  282  297  311  323  332  341  348  355  363  373  384  397
  407  414  418  419  418  416  411  401  389  374  357  339  320  301  283  265
  246  226  205  182  163  139  132  120   98                                   
    25.0-180.0 180.0   5.0 450.0                            LAT/LON1/LON2/DLON/H
  121   99   81   70   65   61   62   64   68   73   82   93  104  114  120  121
  119  116  114  113  112  109  106  104  104  108  115  126  140  158  179  201
  223  244  264  282  299  315  329  341  352  361  371  382  395  410  427  445
  461  473  482  489  493  494  490  481  466  447  425  402  376  350  326  304
  281  259  238  214  195  170  161  145  121                                   
    22.5-180.0 180.0   5.0 450.0                            LAT/LON1/LON2/DLON/H
  152  128  105   90   81   74   72   70   70   73   78   87   98  107  114  116
  116  114  112  111  111  110  109  109  111  116  123  134  148  168  190  215
  239  260  279  297  314  330  344  356  368  380  392  407  424  444  466  488
  508  524  537  547  555  558  556  546  529  507  483  455  425  395  366  340
  316  293  271  248  231  207  196  178  152                                   
    20.0-180.0 180.0   5.0 450.0                            LAT/LON1/LON2/DLON/H
  186  164  139  120  108   96   91   84   81   78   79   84   92  100  106  109
  109  108  107  107  107  108  110  114  119  125  132  142  156  176  200  226
  249  270  290  308  326  342  356  369  382  395  410  428  448  471  496  520
  541  558  571  582  591  594  590  579  562  540  516  488  458  426  395  368
  343  321  300  279  263  243  231  213  186                                   
    17.5-180.0 180.0   5.0 450.0                            LAT/LON1/LON2/DLON/H
  219  201  177  156  140  125  116  106   97   90   85   86   89   94   99  101
  101  100  100  100  101  104  110  117  126  134  141  150  164  183  206  231
  254  276  296  315  334  350  365  378  393  408  425  445  467  491  515  536
  554  568  579  588  594  596  591  580  563  544  522  498  470  440  410  382
  357  337  319  301  287  272  261  243  219                                   
    15.0-180.0 180.0   5.0 450.0                            LAT/LON1/LON2/DLON/H
  245  234  213  192  174  155  143  130  117  105   96   91   90   92   94   94
   94   94   93   93   94   99  107  118  131  141  149  158  170  187  209  232
  255  278  299  320  340  356  371  386  401  418  437  457  479  501  521  537
  548  556  562  567  570  571  566  556  542  526  508  488  464  437  409  382
  358  340  324  311  299  290  281  264  245                                   
    12.5-180.0 180.0   5.0 450.0                            LAT/LON1/LON2/DLON/H
  262  258  243  222  202  182  168  153  137  122  109  100   95   93   93   92
   91   90   88   87   87   92  103  118  133  147  156  165  175  191  211  233
  256  280  303  325  345  362  377  392  409  426  445  465  485  503  518  527
  530  531  531  533  535  535  531  523  512  499  484  468  448  425  399  373
  350  332  319  309  302  296  292  275  262                                   
    10.0-180.0 180.0   5.0 450.0                            LAT/LON1/LON2/DLON/H
  273  274  264  241  222  201  186  170  153  137  122  111  103   99   97   95
   93   90   87   84   83   88   99  116  135  151  163  172  183  197  216  237
  260  285  308  331  350  366  381  397  414  432  450  468  485  499  509  511
  508  503  500  500  502  504  502  496  487  476  464  450  432  411  387  362
  338  321  309  302  298  296  294  279  273                                   
     7.5-180.0 180.0   5.0 450.0                            LAT/LON1/LON2/DLON/H
  279  284  276  252  234  211  196  180  163  147  132  121  113  108  105  102
   99   95   90   85   82   86   97  115  137  156  171  182  193  208  225  246
