data/edconvlstm_nd/pred3360.15i
     1.0            IONOSPHERE MAPS     GNSS                IONEX VERSION / TYPE
pyspatialgeodesy        IME             05-JAN-18 20:20     PGM / RUN BY / DATE 
Map Name                                                    COMMENT             
Predicted global ionosphere maps (GIM).                     DESCRIPTION         
  2015    12     2     0     0     0                        EPOCH OF FIRST MAP  
  2015    12     3     0     0     0                        EPOCH OF LAST MAP   
  7200                                                      INTERVAL            
    13                                                      # OF MAPS IN FILE   
  NONE                                                      MAPPING FUNCTION    
10.0                                                        ELEVATION CUTOFF    
One-way carrier phase leveled to code                       OBSERVABLES USED    
  6371.0                                                    BASE RADIUS         
 2                                                          MAP DIMENSION       
   450.0 450.0   0.0                                        HGT1 / HGT2 / DHGT  
    87.5 -87.5  -2.5                                        LAT1 / LAT2 / DLAT  
  -180.0 180.0   5.0                                        LON1 / LON2 / DLON  
    -1                                                      EXPONENT            
                                                            END OF HEADER       
     1                                                      START OF TEC MAP    
  2015    12     2     0     0     0                        EPOCH OF CURRENT MAP
    87.5-180.0 180.0   5.0 450.0                            LAT/LON1/LON2/DLON/H
   83   77   62   53   52   60   56   54   55   54   54   55   55   55   55   54
   54   53   52   52   51   50   48   47   46   45   44   43   42   42   41   40
   40   39   39   39   39   39   39   39   39   39   40   40   41   41   42   43
   43   44   45   45   46   46   47   47   47   47   48   48   48   48   48   48
   48   48   48   49   40   61   63   59   83                                   
    85.0-180.0 180.0   5.0 450.0                            LAT/LON1/LON2/DLON/H
   72   77   58   58   60   70   66   64   64   63   63   63   63   63   62   61
   60   59   58   57   55   54   52   51   49   48   46   45   44   43   42   42
   41   41   41   41   41   42   42   43   44   45   46   47   48   49   50   51
   52   53   54   55   56   56   57   57   58   58   58   58   58   58   58   58
   59   59   60   64   67   74   83   70   72                                   
    82.5-180.0 180.0   5.0 450.0                            LAT/LON1/LON2/DLON/H
   61   52   61   57   59   69   64   61   63   62   63   63   63   62   61   60
   58   56   53   51   48   44   41   38   35   33   31   29   27   26   26   25
   25   26   26   27   28   29   30   32   33   35   37   38   40   42   44   45
   47   48   49   51   52   52   53   53   54   54   54   54   54   54   54   54
   54   54   54   53   61   59   69   70   61                                   
    80.0-180.0 180.0   5.0 450.0                            LAT/LON1/LON2/DLON/H
   72   65   68   59   65   68   65   63   67   66   67   68   68   67   66   64
   62   59   55   52   48   44   40   37   34   31   29   27   26   25   25   25
   25   25   26   27   28   29   30   31   32   34   36   37   39   41   43   45
   47   49   51   52   53   54   55   55   55   55   55   55   54   54   54   54
   54   53   54   53   70   65   76   88   72                                   
    77.5-180.0 180.0   5.0 450.0                            LAT/LON1/LON2/DLON/H
   82   79   68   67   69   72   68   69   73   72   74   75   75   75   73   71
   68   64   60   56   51   46   42   38   34   31   29   27   26   26   26   26
   27   28   28   29   30   31   31   32   33   35   36   38   40   42   44   46
   48   50   52   53   55   56   56   56   56   56   55   55   54   53   53   53
   53   54   55   56   65   68   73   88   82                                   
    75.0-180.0 180.0   5.0 450.0                            LAT/LON1/LON2/DLON/H
   90   79   78   77   76   81   75   76   80   80   81   82   82   80   77   74
   69   64   59   54   49   44   40   36   33   31   29   29   29   29   30   31
   33   33   34   34   35   35   35   35   35   36   38   39   41   43   45   47
   49   51   52   54   55   56   57   57   57   56   55   55   54   53   53   53
   52   54   57   55   64   77   77   88   90                                   
    72.5-180.0 180.0   5.0 450.0                            LAT/LON1/LON2/DLON/H
   92   84   82   80   81   80   77   78   82   82   83   83   82   79   75   70
   65   59   54   49   45   41   38   35   33   32   31   32   32   33   35   36
   37   37   37   36   35   34   33   33   32   33   33   35   36   38   39   41
   43   44   45   47   48   49   50   50   50   50   49   49   48   48   48   48
   48   50   57   58   66   78   83   97   92                                   
    70.0-180.0 180.0   5.0 450.0                            LAT/LON1/LON2/DLON/H
  101   92   90   92   91   91   86   87   91   91   91   90   87   82   75   68
   61   55   49   45   42   39   38   36   36   36   36   37   39   41   42   44
   44   44   42   41   39   36   35   33   33   33   33   35   36   38   39   40
   41   43   43   44   45   47   48   48   49   49   50   49   49   49   50   51
   51   53   61   63   72   86   90  101  101                                   
    67.5-180.0 180.0   5.0 450.0                            LAT/LON1/LON2/DLON/H
  108  101   99   99   97   95   90   91   95   95   95   92   87   80   71   62
   54   47   41   38   36   35   35   35   35   36   37   39   41   43   44   44
   44   42   39   36   33   30   28   27   26   27   28   29   30   32   33   34
   34   35   35   36   37   38   39   40   42   43   44   45   46   47   48   50
   50   53   62   65   76   90   93  105  108                                   
    65.0-180.0 180.0   5.0 450.0                            LAT/LON1/LON2/DLON/H
  115  106  104  105  103   99   95   97  101  101  101   98   91   82   71   60
   50   42   38   35   34   34   35   35   36   37   38   40   41   43   43   42
   40   37   34   30   26   23   21   21   21   23   25   27   29   30   31   31
   30   30   30   30   30   31   33   35   37   40   42   45   47   49   51   53
   54   57   66   69   81   95   99  112  115                                   
    62.5-180.0 180.0   5.0 450.0                            LAT/LON1/LON2/DLON/H
  120  112  110  111  108  105  100  103  108  109  109  106   98   87   75   62
   52   44   39   37   36   36   36   36   36   37   38   39   41   41   41   39
   36   32   27   24   20   18   17   18   20   23   27   30   32   33   33   32
   31   30   29   29   29   29   31   33   36   40   44   48   52   55   58   60
   61   64   73   75   86  100  105  118  120                                   
    60.0-180.0 180.0   5.0 450.0                            LAT/LON1/LON2/DLON/H
  124  117  116  116  113  108  104  107  114  115  116  113  105   94   81   69
   58   50   45   42   40   38   37   35   34   34   35   36   38   38   36   34
   30   25   21   18   16   15   16   18   22   27   31   35   37   38   37   35
   33   32   31   30   29   29   31   33   37   41   47   52   58   62   66   69
   70   73   81   83   91  104  109  123  124                                   
    57.5-180.0 180.0   5.0 450.0                            LAT/LON1/LON2/DLON/H
  131  125  124  124  120  115  110  113  119  120  121  119  112  102   90   78
   67   59   52   47   43   39   35   32   31   30   31   33   34   34   33   29
   26   22   19   17   16   17   19   23   28   34   39   43   45   44   43   40
   38   37   35   34   34   34   34   36   40   45   52   58   65   70   75   79
   80   83   91   92  100  110  115  130  131                                   
    55.0-180.0 180.0   5.0 450.0                            LAT/LON1/LON2/DLON/H
  141  137  137  136  132  125  119  121  125  125  125  122  117  108   98   88
   78   69   60   52   45   38   33   29   27   26   28   31   33   33   31   28
   25   22   21   20   21   23   27   31   37   43   49   52   54   53   50   48
   45   44   44   43   43   42   42   43   46   51   57   65   72   78   84   89
   91   94  102  104  111  120  125  141  141                                   
    52.5-180.0 180.0   5.0 450.0                            LAT/LON1/LON2/DLON/H
  157  155  154  154  149  141  134  132  133  130  127  124  120  113  105   97
   88   78   67   56   47   38   31   27   25   25   28   31   34   35   33   31
   28   27   27   28   30   34   38   43   48   54   59   62   63   61   58   56
   55   55   56   56   56   55   54   53   54   58   63   70   78   85   92   97
  100  105  114  117  125  132  137  154  157                                   
    50.0-180.0 180.0   5.0 450.0                            LAT/LON1/LON2/DLON/H
  177  179  176  177  172  163  153  148  143  136  131  126  121  116  111  104
   95   84   72   60   49   39   32   28   26   28   32   36   39   39   38   36
   34   34   36   39   43   47   51   55   60   65   69   71   71   69   67   66
   67   69   72   73   73   71   68   65   64   66   70   76   83   89   97  103
  107  114  125  130  140  148  153  169  177                                   
    47.5-180.0 180.0   5.0 450.0                            LAT/LON1/LON2/DLON/H
  198  204  200  202  198  188  176  167  157  145  135  128  123  119  114  108
   99   88   75   63   52   43   36   32   32   34   39   43   46   46   44   42
   42   43   46   51   55   59   62   66   69   73   77   79   79   77   76   77
   80   85   89   91   90   87   82   78   75   75   77   81   87   93  100  107
  113  121  133  141  153  164  168  184  198                                   
    45.0-180.0 180.0   5.0 450.0                            LAT/LON1/LON2/DLON/H
  215  225  220  224  221  211  199  186  172  155  142  132  125  121  117  111
  101   90   77   66   56   49   43   41   41   45   49   51   52   51   49   47
   47   50   54   60   65   68   70   72   74   78   81   84   85   85   85   88
   93   99  103  105  104  100   94   88   84   83   84   86   91   96  102  109
  116  125  140  149  164  177  182  195  215                                   
    42.5-180.0 180.0   5.0 450.0                            LAT/LON1/LON2/DLON/H
  225  237  231  237  237  228  216  203  186  167  150  138  130  125  120  113
  103   91   79   70   63   58   55   54   55   57   59   59   57   53   50   49
   50   53   59   65   69   72   73   74   76   79   84   87   90   91   93   97
  103  109  113  114  111  106  101   95   91   90   90   92   95   99  105  112
  119  129  144  155  171  185  190  201  225                                   
    40.0-180.0 180.0   5.0 450.0                            LAT/LON1/LON2/DLON/H
  224  236  230  237  240  233  222  211  196  176  159  147  138  132  125  116
  105   93   83   77   73   71   71   70   70   68   66   63   58   53   49   48
   50   54   60   66   70   72   72   73   75   79   84   89   93   96   99  103
  108  113  116  115  112  107  102   98   96   95   95   98  101  105  110  117
  123  133  148  158  173  188  192  202  224                                   
    37.5-180.0 180.0   5.0 450.0                            LAT/LON1/LON2/DLON/H
  215  225  219  225  229  225  216  209  198  181  166  155  147  140  132  122
  111  100   93   89   89   90   90   87   83   77   70   63   57   51   48   47
   50   55   60   65   69   70   71   72   74   79   85   92   96   99  102  105
  109  112  113  111  107  103  100   98   97   98  101  104  108  113  119  126
  131  139  153  162  175  188  192  202  215                                   
    35.0-180.0 180.0   5.0 450.0                            LAT/LON1/LON2/DLON/H
  205  210  203  206  209  207  201  198  192  180  170  162  155  149  141  131
  120  111  107  106  108  109  106   99   89   79   70   63   57   52   50   51
   54   59   63   67   69   71   71   73   75   81   88   94   99  102  103  105
  107  108  107  104  100   97   95   95   97  101  105  111  117  124  132  139
  144  150  162  170  180  191  196  206  205                                   
    32.5-180.0 180.0   5.0 450.0                            LAT/LON1/LON2/DLON/H
  201  202  194  191  191  189  184  184  184  176  170  166  162  157  150  141
  131  125  122  123  123  121  114  102   89   78   70   65   61   58   58   61
   65   69   71   73   74   75   76   77   80   85   92   98  102  103  103  103
  103  102   99   95   92   90   90   92   96  102  109  118  127  137  147  156
  161  166  177  184  193  202  208  219  201                                   
    30.0-180.0 180.0   5.0 450.0                            LAT/LON1/LON2/DLON/H
  210  209  199  190  186  181  176  176  178  174  170  168  166  163  157  149
  142  137  135  134  131  123  111   97   84   77   73   73   73   74   76   80
   84   86   87   86   85   85   86   87   89   93   98  102  104  104  103  100
   98   95   91   88   85   84   85   89   95  104  114  125  137  150  164  175
  181  187  198  203  214  223  230  244  210                                   
    27.5-180.0 180.0   5.0 450.0                            LAT/LON1/LON2/DLON/H
  239  238  225  210  202  194  186  183  183  178  174  172  170  167  162  156
  151  147  143  138  129  117  102   89   81   79   83   89   95  100  105  109
  112  112  109  105  101  100   99   99   99  101  104  107  107  105  101   98
   94   90   86   83   81   82   85   90   98  109  122  136  150  165  181  195
  204  212  223  228  242  255  263  278  239                                   
    25.0-180.0 180.0   5.0 450.0                            LAT/LON1/LON2/DLON/H
  287  291  273  254  244  232  219  211  204  194  186  180  175  170  165  160
  156  151  144  134  120  105   92   84   83   90  102  115  128  137  143  147
  147  143  136  127  121  117  114  112  110  110  110  111  109  106  101   95
   91   87   85   83   84   87   91   98  107  119  134  150  167  183  200  216
  228  239  251  257  276  294  304  321  287                                   
    22.5-180.0 180.0   5.0 450.0                            LAT/LON1/LON2/DLON/H
  353  363  341  321  311  296  277  260  244  226  210  196  184  175  167  161
  156  150  138  123  107   94   87   88   97  112  132  151  167  178  184  185
  181  173  160  148  138  131  127  123  119  117  115  114  112  107  101   95
   90   88   87   88   92   96  103  110  121  134  151  169  186  203  220  239
  254  268  282  289  314  337  350  370  353                                   
    20.0-180.0 180.0   5.0 450.0                            LAT/LON1/LON2/DLON/H
  425  444  425  407  399  382  359  333  306  277  248  223  202  185  172  163
  155  144  129  112   98   91   94  105  123  146  170  191  207  216  218  215
  206  192  176  160  148  140  134  129  124  121  119  117  114  109  102   96
   92   90   91   94  100  106  114  123  135  151  169  188  206  223  241  261
  279  297  313  322  351  379  397  418  425                                   
    17.5-180.0 180.0   5.0 450.0                            LAT/LON1/LON2/DLON/H
  488  519  510  498  493  478  453  421  385  344  303  264  230  203  183  168
  156  141  124  108  100  102  117  138  163  188  211  228  238  240  236  227
  214  198  179  163  150  142  136  131  126  123  121  119  116  111  104   97
   93   92   94   98  105  113  122  133  147  165  185  204  222  239  258  280
  302  324  343  354  384  415  438  461  488                                   
    15.0-180.0 180.0   5.0 450.0                            LAT/LON1/LON2/DLON/H
  531  572  576  573  572  563  541  509  469  421  368  317  270  231  202  180
  163  145  128  117  116  130  155  185  212  233  247  253  251  245  234  221
  206  189  172  157  146  139  135  130  126  124  123  122  119  114  106  100
   95   93   95   99  106  116  126  139  154  172  193  213  231  249  270  295
  321  347  368  382  410  440  467  490  531                                   
    12.5-180.0 180.0   5.0 450.0                            LAT/LON1/LON2/DLON/H
  547  596  610  616  620  618  604  580  544  495  437  376  319  270  231  201
  178  159  144  139  148  174  208  240  262  270  268  258  244  229  214  200
  186  172  159  149  142  138  134  130  127  125  126  125  123  117  109  102
   97   94   95   99  106  116  127  140  154  172  193  213  232  252  276  304
  335  364  387  402  427  452  480  503  547                                   
    10.0-180.0 180.0   5.0 450.0                            LAT/LON1/LON2/DLON/H
  541  592  611  622  631  635  632  619  594  552  497  435  373  316  269  232
  204  184  173  175  196  230  268  295  302  291  269  243  219  200  184  173
  164  156  150  146  144  141  137  133  130  129  130  130  127  121  113  105
  100   96   96   98  105  115  126  137  150  166  185  206  227  250  278  310
  345  377  401  416  435  455  481  503  541                                   
     7.5-180.0 180.0   5.0 450.0                            LAT/LON1/LON2/DLON/H
  523  570  588  600  612  621  626  626  614  584  540  484  424  366  315  273
  241  221  215  226  255  293  326  337  324  292  252  215  187  168  158  153
