data/edconvlstm_nd/pred3290.15i
     1.0            IONOSPHERE MAPS     GNSS                IONEX VERSION / TYPE
pyspatialgeodesy        IME             05-JAN-18 20:20     PGM / RUN BY / DATE 
Map Name                                                    COMMENT             
Predicted global ionosphere maps (GIM).                     DESCRIPTION         
  2015    11    25     0     0     0                        EPOCH OF FIRST MAP  
  2015    11    26     0     0     0                        EPOCH OF LAST MAP   
  7200                                                      INTERVAL            
    13                                                      # OF MAPS IN FILE   
  NONE                                                      MAPPING FUNCTION    
10.0                                                        ELEVATION CUTOFF    
One-way carrier phase leveled to code                       OBSERVABLES USED    
  6371.0                                                    BASE RADIUS         
 2                                                          MAP DIMENSION       
   450.0 450.0   0.0                                        HGT1 / HGT2 / DHGT  
    87.5 -87.5  -2.5                                        LAT1 / LAT2 / DLAT  
  -180.0 180.0   5.0                                        LON1 / LON2 / DLON  
    -1                                                      EXPONENT            
                                                            END OF HEADER       
[from data line 3432]
     9                                                      START OF TEC MAP    
  2015    11    25    16     0     0                        EPOCH OF CURRENT MAP
    87.5-180.0 180.0   5.0 450.0                            LAT/LON1/LON2/DLON/H
   58   67   69   71   74   73   73   68   69   70   70   71   71   71   71   72
   72   72   72   72   72   72   71   71   71   70   70   69   69   68   68   68
   67   67   66   66   65   65   64   64   64   64   64   64   64   65   65   66
   67   67   68   69   69   70   70   71   71   71   71   71   71   71   71   71
   71   70   66   62   64   65   78   81   58                                   
    85.0-180.0 180.0   5.0 450.0                            LAT/LON1/LON2/DLON/H
   65   72   87   68   69   71   71   71   71   73   72   72   72   73   73   73
   74   74   75   75   75   75   75   75   75   75   74   74   74   73   72   72
   71   70   70   69   68   68   67   67   66   66   66   67   67   67   68   69
   70   70   71   72   73   73   74   74   75   75   75   75   75   75   75   75
   75   74   69   64   67   69   77   69   65                                   
    82.5-180.0 180.0   5.0 450.0                            LAT/LON1/LON2/DLON/H
   53   60   69   57   60   62   63   63   63   64   64   65   65   66   66   67
   67   68   68   68   68   68   68   68   68   68   68   67   67   67   66   65
   64   63   62   61   59   58   57   56   55   55   54   55   55   56   57   58
   59   60   61   62   63   64   65   66   67   67   68   68   68   68   68   67
   68   66   62   58   63   71   69   63   53                                   
    80.0-180.0 180.0   5.0 450.0                            LAT/LON1/LON2/DLON/H
   35   43   54   45   49   47   50   50   52   53   54   55   56   57   58   60
   61   62   63   63   63   63   63   63   63   63   63   62   62   62   61   60
   59   57   55   53   51   49   46   45   43   43   42   42   43   44   45   47
   49   50   52   54   55   57   58   59   59   60   60   60   60   59   59   58
   58   57   55   52   52   59   55   57   35                                   
    77.5-180.0 180.0   5.0 450.0                            LAT/LON1/LON2/DLON/H
   37   39   39   32   35   34   37   37   40   41   42   45   47   50   53   56
   58   61   63   64   65   66   66   66   65   65   64   64   64   63   62   61
   59   57   54   50   47   43   39   35   33   31   30   29   30   31   33   35
   37   40   42   45   46   48   49   50   51   51   51   51   50   50   49   48
   47   45   43   41   39   41   42   45   37                                   
    75.0-180.0 180.0   5.0 450.0                            LAT/LON1/LON2/DLON/H
   16   24   24   22   25   25   26   27   30   33   35   39   43   48   52   57
   62   66   69   71   73   74   74   73   73   72   71   70   69   68   67   66
   63   61   57   53   48   42   37   32   29   26   24   24   25   26   28   30
   33   36   38   40   42   43   44   44   45   45   45   45   44   43   43   41
   40   39   37   35   35   32   30   27   16                                   
    72.5-180.0 180.0   5.0 450.0                            LAT/LON1/LON2/DLON/H
   18   22   21   22   21   21   24   24   26   29   32   37   42   49   56   63
   70   76   80   84   86   87   87   86   84   82   80   78   76   75   73   71
   69   65   61   55   49   42   36   30   25   21   19   18   19   20   22   25
   28   30   33   34   35   36   36   36   36   37   37   37   37   37   37   36
   35   33   32   29   28   26   26   26   18                                   
    70.0-180.0 180.0   5.0 450.0                            LAT/LON1/LON2/DLON/H
   15   20   21   23   22   21   22   24   27   31   35   41   48   57   66   76
   85   93   99  104  107  109  108  107  104  100   96   93   90   87   85   83
   80   76   70   64   56   48   40   33   28   24   21   20   21   23   25   27
   30   31   33   33   34   33   33   32   32   32   33   34   35   36   37   37
   36   34   34   31   31   28   30   30   15                                   
    67.5-180.0 180.0   5.0 450.0                            LAT/LON1/LON2/DLON/H
   20   25   24   26   27   26   28   29   31   34   39   46   55   65   77   89
   99  109  117  123  127  128  128  125  121  115  110  104  100   97   94   91
   87   82   76   68   60   51   42   35   29   25   23   23   24   25   27   29
   30   31   32   31   30   29   28   27   27   28   29   31   33   35   37   38
   38   37   36   33   31   29   28   28   20                                   
    65.0-180.0 180.0   5.0 450.0                            LAT/LON1/LON2/DLON/H
   23   28   27   31   31   30   31   32   34   38   43   51   61   74   87  100
  112  123  132  138  143  145  144  141  135  129  122  115  110  105  102   98
   94   88   81   72   63   53   44   37   32   29   27   27   27   29   30   31
   31   30   29   28   26   24   22   21   22   23   24   27   30   33   36   38
   39   39   39   37   36   35   34   34   23                                   
    62.5-180.0 180.0   5.0 450.0                            LAT/LON1/LON2/DLON/H
   29   32   32   36   36   36   36   37   39   42   47   56   67   81   95  109
  122  133  142  149  153  155  154  151  145  137  130  123  117  112  108  104
   99   92   84   74   63   53   44   38   33   31   30   30   31   31   31   31
   30   28   26   24   21   19   17   17   17   18   21   24   27   30   34   36
   38   39   40   39   38   37   36   37   29                                   
    60.0-180.0 180.0   5.0 450.0                            LAT/LON1/LON2/DLON/H
   33   36   36   40   40   39   39   39   41   44   50   59   71   85  100  114
  126  137  145  152  156  158  158  154  149  142  134  127  122  118  114  109
  104   96   86   75   63   53   44   38   34   33   33   33   33   32   31   29
   27   24   22   19   17   15   13   13   13   14   17   20   23   26   30   32
   35   36   38   38   39   39   39   39   33                                   
    57.5-180.0 180.0   5.0 450.0                            LAT/LON1/LON2/DLON/H
   36   39   40   44   44   44   44   44   45   49   54   64   76   90  105  118
  130  139  147  152  156  158  158  156  151  146  140  134  130  127  124  119
  112  103   92   79   67   56   48   43   40   39   39   39   38   36   33   30
   28   25   22   20   17   15   14   14   14   15   17   20   22   25   28   31
   33   35   38   39   41   42   42   43   36                                   
    55.0-180.0 180.0   5.0 450.0                            LAT/LON1/LON2/DLON/H
   42   45   46   50   50   50   50   50   51   54   60   69   81   95  109  122
  132  140  147  151  155  157  158  156  154  150  146  143  140  138  135  131
  123  113  100   87   74   63   55   50   48   48   47   46   44   41   37   34
   31   28   26   24   22   20   19   19   19   20   21   23   25   26   29   31
   33   36   40   42   44   45   46   48   42                                   
    52.5-180.0 180.0   5.0 450.0                            LAT/LON1/LON2/DLON/H
   50   52   54   58   58   58   57   57   59   62   67   76   88  101  114  126
  135  142  147  151  154  156  158  158  157  156  155  154  153  152  149  143
  135  124  111   97   84   74   66   62   60   59   58   56   53   49   44   41
   38   36   35   34   32   31   30   29   29   30   30   31   31   32   33   35
   38   41   46   49   51   53   53   55   50                                   
    50.0-180.0 180.0   5.0 450.0                            LAT/LON1/LON2/DLON/H
   59   62   64   67   67   68   67   67   69   72   77   85   96  108  120  131
  140  146  150  153  156  158  161  163  164  165  165  166  166  165  161  155
  145  134  121  109   97   87   80   75   73   72   70   67   63   58   54   51
   49   48   48   47   46   45   43   43   43   43   42   42   41   41   41   43
   46   50   56   59   61   63   64   65   59                                   
    47.5-180.0 180.0   5.0 450.0                            LAT/LON1/LON2/DLON/H
   70   72   73   77   76   78   77   79   80   84   89   97  106  117  128  138
  146  152  155  158  161  164  167  170  173  175  177  178  178  175  169  161
  151  140  129  118  109  100   93   89   86   84   82   78   74   69   65   63
   62   62   62   61   60   58   57   57   56   56   55   54   52   51   51   53
   56   61   67   71   74   75   76   74   70                                   
    45.0-180.0 180.0   5.0 450.0                            LAT/LON1/LON2/DLON/H
   79   80   81   85   85   87   86   90   92   98  103  110  118  127  137  146
  153  159  163  166  169  173  177  180  184  186  188  188  185  179  171  161
  151  142  133  126  119  112  106  101   97   94   91   87   83   79   76   74
   74   75   75   73   70   68   67   66   66   66   65   63   62   61   61   63
   66   71   77   82   85   86   86   83   79                                   
    42.5-180.0 180.0   5.0 450.0                            LAT/LON1/LON2/DLON/H
   84   84   84   89   89   92   93   98  103  110  116  124  131  139  147  155
  162  167  172  176  180  184  188  191  194  196  195  193  187  177  167  156
  147  140  136  132  127  122  116  111  106  102   98   94   90   87   84   84
   84   84   82   79   74   71   69   69   70   70   70   69   68   68   69   71
   74   79   85   89   91   92   92   89   84                                   
    40.0-180.0 180.0   5.0 450.0                            LAT/LON1/LON2/DLON/H
   84   83   81   88   90   93   96  103  111  121  129  137  144  151  158  165
  171  176  181  186  191  195  199  202  203  203  200  194  184  172  160  151
  144  142  141  140  138  133  127  120  114  108  104  100   96   93   91   91
   91   89   85   79   73   68   66   67   68   69   69   69   69   70   72   75
   79   83   87   90   91   92   90   88   84                                   
    37.5-180.0 180.0   5.0 450.0                            LAT/LON1/LON2/DLON/H
   77   76   74   82   84   88   94  104  114  128  139  149  157  164  170  176
  181  186  191  196  201  206  209  210  210  207  201  193  181  169  159  153
  151  153  156  157  155  149  141  132  123  116  110  106  102   99   98   98
   97   94   87   78   69   63   61   62   64   66   66   66   67   69   72   76
   79   82   85   87   86   85   82   82   77                                   
    35.0-180.0 180.0   5.0 450.0                            LAT/LON1/LON2/DLON/H
   67   66   64   72   75   79   87   99  114  131  146  159  169  176  182  187
  191  196  200  206  211  215  217  216  214  209  202  193  183  174  169  169
  173  180  186  187  183  174  163  150  139  129  121  115  110  107  106  106
  105  100   91   80   69   62   60   61   63   65   65   65   66   68   72   76
   78   80   82   81   78   75   70   73   67                                   
    32.5-180.0 180.0   5.0 450.0                            LAT/LON1/LON2/DLON/H
   57   56   55   61   64   67   77   91  110  130  150  166  179  188  194  198
  202  205  209  214  219  222  222  220  216  211  205  199  194  192  195  203
  215  226  233  232  224  210  193  177  161  148  138  129  124  121  120  121
  119  114  104   91   78   70   67   67   69   70   69   68   68   71   74   78
   79   80   80   78   72   67   61   65   57                                   
    30.0-180.0 180.0   5.0 450.0                            LAT/LON1/LON2/DLON/H
   50   50   49   53   55   57   67   82  103  126  150  170  186  197  204  209
  211  214  217  222  225  226  225  221  217  214  213  213  216  223  237  255
  274  289  295  290  276  255  233  212  193  176  162  151  144  141  141  143
  142  138  128  114  100   90   85   85   85   84   82   79   78   80   83   86
   86   86   85   80   73   64   56   62   50                                   
    27.5-180.0 180.0   5.0 450.0                            LAT/LON1/LON2/DLON/H
   50   50   48   49   50   50   59   74   96  121  146  170  189  203  212  217
  220  222  225  227  229  228  225  222  220  221  225  234  247  266  291  319
  346  363  367  356  334  306  279  254  231  211  193  179  170  167  169  173
  175  172  162  149  134  123  116  112  110  107  103   99   97   97   99  101
  101  100   97   90   81   70   59   63   50                                   
    25.0-180.0 180.0   5.0 450.0                            LAT/LON1/LON2/DLON/H
   56   56   51   50   50   50   57   71   92  116  143  167  189  205  216  223
  226  229  230  231  231  229  225  222  223  230  243  262  286  317  353  390
  423  441  441  422  391  357  325  297  272  249  228  211  201  198  201  207
  212  212  205  192  177  163  153  147  141  135  129  124  121  121  122  124
  122  121  116  108   97   83   69   69   56                                   
    22.5-180.0 180.0   5.0 450.0                            LAT/LON1/LON2/DLON/H
   69   65   58   55   54   54   62   74   93  116  141  165  187  204  217  225
  230  232  233  233  231  228  225  224  229  243  264  293  329  370  415  459
  493  509  501  474  436  398  364  335  310  286  263  244  232  229  233  242
  249  251  246  234  219  204  190  180  171  163  155  150  147  146  148  149
  147  145  139  131  118  100   83   79   69                                   
    20.0-180.0 180.0   5.0 450.0                            LAT/LON1/LON2/DLON/H
   85   76   65   62   61   62   70   82  101  122  144  166  187  204  217  226
  232  234  235  234  231  228  226  228  238  259  288  327  371  420  469  513
  543  552  536  503  462  423  391  364  340  317  293  272  259  255  259  268
  276  280  277  267  251  234  218  204  192  183  175  170  168  168  169  170
  168  167  159  152  139  117   98   91   85                                   
    17.5-180.0 180.0   5.0 450.0                            LAT/LON1/LON2/DLON/H
   99   86   72   69   68   70   81   94  113  134  154  173  192  207  220  228
  234  237  237  236  234  231  231  237  252  278  316  361  410  459  505  542
  563  563  542  507  468  433  405  382  362  339  315  293  277  271  273  280
  287  291  289  280  266  248  230  214  201  192  185  182  181  182  184  184
  182  181  172  166  152  129  109  101   99                                   
    15.0-180.0 180.0   5.0 450.0                            LAT/LON1/LON2/DLON/H
  106   90   75   73   72   77   91  107  128  149  169  187  203  216  227  235
  241  243  244  242  240  239  242  251  271  303  346  393  440  484  521  545
  555  547  524  492  459  430  409  392  375  354  330  306  287  276  273  275
  279  282  280  274  261  245  228  213  201  193  188  187  187  188  189  190
  187  185  175  169  155  133  114  107  106                                   
    12.5-180.0 180.0   5.0 450.0                            LAT/LON1/LON2/DLON/H
  106   89   75   74   74   81   99  118  142  166  187  205  220  233  242  249
  254  256  257  256  255  255  260  273  298  333  376  420  461  494  517  528
  528  516  495  470  445  426  412  400  386  366  341  314  290  273  263  259
  257  257  256  251  243  230  217  205  196  191  188  187  187  188  189  188
  183  180  169  162  149  129  111  106  106                                   
    10.0-180.0 180.0   5.0 450.0                            LAT/LON1/LON2/DLON/H
   99   83   71   73   75   84  105  127  155  183  207  227  243  255  265  271
  275  278  278  278  278  280  288  304  331  366  406  443  473  492  502  503
  497  485  469  452  438  428  420  412  399  379  352  321  292  268  250  237
  230  226  225  223  219  213  205  198  193  191  190  188  187  186  185  182
  176  170  159  150  138  120  104  101   99                                   
     7.5-180.0 180.0   5.0 450.0                            LAT/LON1/LON2/DLON/H
   91   76   67   71   75   85  109  134  166  198  226  249  268  282  292  299
  304  307  308  308  310  314  325  342  368  400  432  460  477  485  486  481
