data/edconvlstm_nd/pred0470.15i
     1.0            IONOSPHERE MAPS     GNSS                IONEX VERSION / TYPE
pyspatialgeodesy        IME             05-JAN-18 20:20     PGM / RUN BY / DATE 
Map Name                                                    COMMENT             
Predicted global ionosphere maps (GIM).                     DESCRIPTION         
  2015     2    16     0     0     0                        EPOCH OF FIRST MAP  
  2015     2    17     0     0     0                        EPOCH OF LAST MAP   
  7200                                                      INTERVAL            
    13                                                      # OF MAPS IN FILE   
  NONE                                                      MAPPING FUNCTION    
10.0                                                        ELEVATION CUTOFF    
One-way carrier phase leveled to code                       OBSERVABLES USED    
  6371.0                                                    BASE RADIUS         
 2                                                          MAP DIMENSION       
   450.0 450.0   0.0                                        HGT1 / HGT2 / DHGT  
    87.5 -87.5  -2.5                                        LAT1 / LAT2 / DLAT  
  -180.0 180.0   5.0                                        LON1 / LON2 / DLON  
    -1                                                      EXPONENT            
                                                            END OF HEADER       
[from data line 3861]
    10                                                      START OF TEC MAP    
  2015     2    16    18     0     0                        EPOCH OF CURRENT MAP
    87.5-180.0 180.0   5.0 450.0                            LAT/LON1/LON2/DLON/H
  150  147  136  143  146  148  147  146  146  147  146  147  146  147  147  147
  147  147  148  148  148  148  148  148  148  148  149  149  149  149  150  150
  150  150  151  151  151  151  151  151  151  151  151  151  151  151  151  150
  150  150  150  150  150  149  149  149  149  149  149  148  148  148  148  147
  146  147  145  144  151  148  152  154  150                                   
    85.0-180.0 180.0   5.0 450.0                            LAT/LON1/LON2/DLON/H
  141  136  142  137  137  144  145  147  147  149  148  149  149  149  150  150
  150  151  151  151  152  152  152  152  152  152  152  152  152  152  152  152
  153  153  153  153  154  154  154  154  154  154  154  154  153  153  153  152
  152  151  151  150  150  149  149  149  148  148  147  147  146  146  146  145
  146  145  143  141  141  135  135  139  141                                   
    82.5-180.0 180.0   5.0 450.0                            LAT/LON1/LON2/DLON/H
  114  114  116  115  118  125  130  132  133  135  136  137  137  138  139  140
  141  141  142  142  142  142  142  141  141  140  139  139  139  139  139  139
  139  139  139  139  139  139  139  139  139  139  138  138  137  136  136  135
  134  134  133  132  132  131  130  130  129  129  128  127  127  126  125  124
  123  122  120  123  120  124  114  114  114                                   
    80.0-180.0 180.0   5.0 450.0                            LAT/LON1/LON2/DLON/H
   98   97  103  103  106  109  115  120  122  124  124  126  127  128  129  130
  131  132  133  133  133  132  131  130  129  127  126  124  123  123  122  122
  122  122  122  122  123  123  123  123  123  123  123  122  122  122  122  121
  121  121  121  121  121  121  121  120  120  120  119  118  117  115  114  112
  111  110  108  108  101   96   89   99   98                                   
    77.5-180.0 180.0   5.0 450.0                            LAT/LON1/LON2/DLON/H
   94   87   93   94   98  103  108  113  115  117  119  122  124  126  128  131
  133  135  136  137  137  136  134  131  129  126  123  120  118  116  114  113
  112  112  111  111  111  111  110  110  109  109  108  108  107  107  107  107
  107  107  108  108  109  110  111  111  112  111  111  110  108  106  104  101
   99   97   96   95   93   85   82   95   94                                   
    75.0-180.0 180.0   5.0 450.0                            LAT/LON1/LON2/DLON/H
   92   89   91   93   97  102  105  110  114  118  120  124  127  131  135  140
  144  148  151  153  154  153  151  147  143  138  133  128  123  119  116  113
  111  109  107  106  105  104  103  102  102  101  101  100  100   99   99  100
  100  102  103  105  106  108  110  112  113  113  113  112  111  108  106  103
  100   97   97   93   90   82   79   82   92                                   
    72.5-180.0 180.0   5.0 450.0                            LAT/LON1/LON2/DLON/H
   92   88   90   96   98  104  109  113  117  121  125  131  136  142  149  156
  163  170  176  180  181  181  178  173  167  159  152  145  138  131  126  121
  116  112  108  105  102   99   97   95   94   93   92   91   90   90   90   90
   91   92   94   97   99  102  105  108  110  112  112  112  110  108  105  102
   98   95   94   91   88   83   82   87   92                                   
    70.0-180.0 180.0   5.0 450.0                            LAT/LON1/LON2/DLON/H
   95   92   92   99  102  107  111  117  122  128  134  141  149  157  167  177
  187  197  206  213  217  218  215  210  203  194  184  174  165  156  148  140
  132  125  118  111  105  100   96   93   91   89   88   87   86   85   84   84
   84   86   88   90   94   97  101  105  108  110  112  112  111  110  108  105
  101   98   97   93   90   85   86   88   95                                   
    67.5-180.0 180.0   5.0 450.0                            LAT/LON1/LON2/DLON/H
   97   94   94  103  109  116  122  130  136  143  151  160  169  179  191  203
  216  228  239  248  254  256  254  249  241  231  221  210  199  188  178  167
  157  146  135  125  116  108  101   97   93   90   88   86   84   83   81   80
   79   80   82   84   88   92   96  100  104  108  110  111  111  110  108  106
  103  101  100   96   91   87   86   88   97                                   
    65.0-180.0 180.0   5.0 450.0                            LAT/LON1/LON2/DLON/H
   91   89   89  100  107  116  125  135  144  155  165  176  187  199  212  226
  241  255  268  278  286  289  289  284  277  267  256  245  233  222  210  197
  184  170  155  140  127  116  107  100   95   91   88   85   82   78   75   72
   70   70   70   72   75   79   83   87   92   95   98  100  100  100   99   98
   96   96   96   93   89   86   83   86   91                                   
    62.5-180.0 180.0   5.0 450.0                            LAT/LON1/LON2/DLON/H
   80   78   78   91  101  113  125  139  152  167  180  193  206  219  233  247
  262  277  290  301  309  313  313  308  301  292  282  271  261  250  239  225
  210  193  175  156  140  125  113  105   98   94   89   85   80   75   70   65
   62   60   59   60   62   65   69   73   77   81   83   85   85   85   85   85
   84   85   86   84   81   77   74   78   80                                   
    60.0-180.0 180.0   5.0 450.0                            LAT/LON1/LON2/DLON/H
   67   64   65   79   91  105  122  140  158  176  193  209  223  237  251  265
  279  293  305  316  323  326  326  322  315  307  299  291  283  275  265  252
  236  217  196  175  155  137  124  113  106  100   94   88   81   74   67   60
   56   52   51   51   52   54   57   60   64   67   69   70   71   70   70   70
   71   73   75   74   71   68   64   69   67                                   
    57.5-180.0 180.0   5.0 450.0                            LAT/LON1/LON2/DLON/H
   56   54   56   70   84  101  121  143  166  187  207  224  239  253  266  279
  292  304  315  323  329  331  330  326  320  314  308  303  299  294  287  276
  260  240  218  195  173  154  139  127  118  111  103   96   87   78   69   61
   55   51   49   48   49   50   52   54   57   60   62   62   62   61   61   61
   62   64   67   67   65   61   58   64   56                                   
    55.0-180.0 180.0   5.0 450.0                            LAT/LON1/LON2/DLON/H
   53   51   55   69   85  104  127  152  178  202  223  241  256  269  281  292
  304  314  322  328  331  331  329  325  320  315  312  311  311  310  305  296
  281  262  239  215  192  172  156  144  134  125  116  107   97   86   77   68
   62   58   56   54   54   54   55   57   59   61   62   63   62   60   60   60
   61   65   68   68   66   62   59   65   53                                   
    52.5-180.0 180.0   5.0 450.0                            LAT/LON1/LON2/DLON/H
   60   58   63   78   95  116  142  170  196  221  242  258  272  284  294  305
  314  322  328  330  331  329  326  322  318  315  315  317  319  321  319  312
  298  279  257  234  211  192  175  162  151  142  132  122  111  100   90   82
   77   73   70   68   66   65   65   66   68   70   71   71   70   68   68   68
   70   74   78   79   77   72   70   73   60                                   
    50.0-180.0 180.0   5.0 450.0                            LAT/LON1/LON2/DLON/H
   75   74   81   96  116  140  167  195  222  245  264  278  290  299  308  318
  326  332  334  334  332  329  326  322  319  318  319  323  327  330  329  321
  308  291  270  248  227  208  192  179  168  158  147  137  126  116  107  100
   96   92   90   87   84   81   79   79   80   82   83   83   83   82   82   83
   85   90   95   97   95   90   88   88   75                                   
    47.5-180.0 180.0   5.0 450.0                            LAT/LON1/LON2/DLON/H
   96   96  104  120  142  169  197  225  250  272  288  300  308  315  323  331
  338  342  343  341  337  333  330  327  326  325  327  331  334  336  333  325
  311  294  275  256  238  221  206  193  181  171  161  150  140  131  124  118
  114  111  107  103   98   94   91   90   91   93   95   96   96   96   98  100
  103  109  114  117  116  111  109  107   96                                   
    45.0-180.0 180.0   5.0 450.0                            LAT/LON1/LON2/DLON/H
  117  117  127  146  170  198  226  254  278  298  312  321  326  331  337  344
  350  353  352  349  344  341  339  337  337  337  338  340  340  338  332  321
  307  291  275  259  244  229  215  202  190  180  169  160  151  143  137  132
  127  123  118  112  105  100   96   95   96   99  101  104  106  108  111  115
  119  125  130  134  134  129  128  125  117                                   
    42.5-180.0 180.0   5.0 450.0                            LAT/LON1/LON2/DLON/H
  132  133  145  166  192  221  250  277  300  319  332  340  344  347  352  358
  362  364  362  358  354  351  350  350  351  350  349  347  344  337  328  315
  301  286  273  261  249  236  223  209  197  185  175  166  158  151  144  138
  132  125  118  110  102   95   92   91   93   97  101  105  109  114  119  125
  129  135  140  144  143  140  138  138  132                                   
    40.0-180.0 180.0   5.0 450.0                            LAT/LON1/LON2/DLON/H
  136  139  152  177  206  235  264  290  314  334  348  357  360  363  367  371
  374  375  372  367  364  362  362  363  363  362  358  353  346  337  325  312
  299  288  278  269  259  248  234  218  204  190  179  170  162  155  147  139
  130  120  110  101   92   86   83   83   86   90   95  100  106  112  120  127
  132  137  142  144  142  138  137  140  136                                   
    37.5-180.0 180.0   5.0 450.0                            LAT/LON1/LON2/DLON/H
  131  134  149  177  208  236  267  293  319  341  359  370  376  379  382  385
  386  385  381  377  373  372  373  373  372  369  364  358  349  340  329  319
  310  303  297  292  283  270  253  234  216  200  187  176  167  159  149  138
  126  114  102   92   84   79   77   79   82   87   90   95  100  107  115  123
  128  132  135  135  131  127  124  130  131                                   
    35.0-180.0 180.0   5.0 450.0                            LAT/LON1/LON2/DLON/H
  120  123  139  168  200  227  259  287  315  342  364  380  390  395  398  399
  399  396  391  387  383  381  380  379  377  373  369  363  357  351  344  339
  337  336  336  333  323  307  284  259  236  216  200  188  177  167  156  143
  129  115  103   94   88   85   85   87   90   93   95   96   99  104  112  119
  123  125  126  123  116  110  107  114  120                                   
    32.5-180.0 180.0   5.0 450.0                            LAT/LON1/LON2/DLON/H
  110  112  128  157  187  213  245  274  306  337  365  388  403  411  415  415
  412  408  402  397  393  389  385  382  379  376  374  373  372  372  374  378
  384  392  397  395  383  360  329  296  266  241  222  208  196  185  173  159
  145  132  121  115  112  111  112  114  116  116  114  111  110  111  116  121
  123  123  121  115  106   96   93  100  110                                   
    30.0-180.0 180.0   5.0 450.0                            LAT/LON1/LON2/DLON/H
  107  108  123  150  179  201  233  262  295  330  364  393  414  426  431  431
  426  420  414  409  403  396  390  385  381  381  384  388  396  406  419  435
  453  470  480  478  459  426  385  343  305  275  253  237  226  216  205  192
  180  170  163  161  161  162  163  163  162  157  150  142  135  131  131  133
  132  131  126  117  105   93   89   93  107                                   
    27.5-180.0 180.0   5.0 450.0                            LAT/LON1/LON2/DLON/H
  113  114  127  153  180  200  229  256  290  326  363  397  422  439  446  445
  440  434  428  421  414  405  395  389  387  391  399  413  431  454  481  511
  541  566  578  570  542  498  445  394  349  315  291  276  266  259  251  243
  235  230  230  233  236  237  235  231  224  213  200  186  172  163  158  156
  153  149  141  130  116  101   96   94  113                                   
    25.0-180.0 180.0   5.0 450.0                            LAT/LON1/LON2/DLON/H
  127  129  141  166  192  211  237  261  292  328  365  401  429  449  458  459
  454  447  441  434  425  414  404  397  398  407  424  448  480  516  557  599
  637  663  671  654  615  559  497  438  390  355  332  318  312  309  307  306
  305  308  315  323  328  327  319  306  291  274  255  235  215  200  190  185
  179  174  164  152  137  118  111  106  127                                   
    22.5-180.0 180.0   5.0 450.0                            LAT/LON1/LON2/DLON/H
  147  148  159  186  213  231  256  277  304  336  372  406  436  457  469  471
  467  461  454  448  438  426  415  410  416  432  460  497  539  587  637  682
  717  737  736  709  661  598  530  467  418  384  365  356  355  358  363  369
  378  390  404  415  418  411  394  371  347  324  300  276  252  233  220  212
  205  201  190  178  160  140  131  125  147                                   
    20.0-180.0 180.0   5.0 450.0                            LAT/LON1/LON2/DLON/H
  165  168  179  207  237  257  281  299  323  351  382  414  443  466  479  483
  480  475  469  462  452  440  430  429  442  469  507  554  605  657  704  740
  763  771  759  727  675  609  538  475  428  399  384  381  385  394  406  420
  437  456  474  484  482  466  439  407  376  348  323  298  275  254  239  231
  225  223  212  201  181  160  151  146  165                                   
    17.5-180.0 180.0   5.0 450.0                            LAT/LON1/LON2/DLON/H
  178  183  195  224  259  281  307  324  345  369  395  424  452  475  490  497
  497  493  487  480  469  458  451  456  477  514  561  614  665  710  743  762
  769  764  747  713  661  596  527  467  425  400  391  391  399  412  428  446
  468  489  507  513  503  478  443  405  371  343  320  299  278  259  246  238
  233  234  225  215  194  174  165  164  178                                   
    15.0-180.0 180.0   5.0 450.0                            LAT/LON1/LON2/DLON/H
  180  190  205  236  274  301  330  348  368  387  409  435  461  486  504  514
  516  514  509  501  490  480  477  489  519  563  615  666  709  737  750  750
  743  731  711  678  629  569  507  454  417  398  391  393  401  412  427  445
  466  485  497  496  479  449  410  371  338  313  295  281  266  251  239  233
  229  232  226  217  196  177  169  172  180                                   
    12.5-180.0 180.0   5.0 450.0                            LAT/LON1/LON2/DLON/H
  175  188  207  241  283  314  348  369  389  407  425  448  473  499  520  534
  539  539  535  527  516  508  509  527  563  611  662  704  730  738  734  721
  705  687  665  636  595  545  492  447  416  400  393  392  395  400  409  422
  437  450  455  447  426  394  358  322  294  274  262  253  244  234  225  219
  216  219  214  206  187  171  162  168  175                                   
    10.0-180.0 180.0   5.0 450.0                            LAT/LON1/LON2/DLON/H
  165  180  204  240  285  322  360  385  408  427  445  465  490  516  540  557
  566  568  564  557  547  541  546  568  605  652  695  723  733  727  712  691
  668  647  627  603  572  533  492  455  429  412  402  394  388  384  383  387
  395  401  400  389  368  340  309  280  258  243  235  229  223  216  208  202
  199  200  196  188  172  158  149  157  165                                   
     7.5-180.0 180.0   5.0 450.0                            LAT/LON1/LON2/DLON/H
  155  173  200  238  284  325  367  398  425  448  466  487  512  539  564  583
  595  599  597  591  583  579  586  608  644  684  715  729  727  713  692  667
