data/edconvlstm_nd/pred1190.15i
     1.0            IONOSPHERE MAPS     GNSS                IONEX VERSION / TYPE
pyspatialgeodesy        IME             05-JAN-18 20:20     PGM / RUN BY / DATE 
Map Name                                                    COMMENT             
Predicted global ionosphere maps (GIM).                     DESCRIPTION         
  2015     4    29     0     0     0                        EPOCH OF FIRST MAP  
  2015     4    30     0     0     0                        EPOCH OF LAST MAP   
  7200                                                      INTERVAL            
    13                                                      # OF MAPS IN FILE   
  NONE                                                      MAPPING FUNCTION    
10.0                                                        ELEVATION CUTOFF    
One-way carrier phase leveled to code                       OBSERVABLES USED    
  6371.0                                                    BASE RADIUS         
 2                                                          MAP DIMENSION       
   450.0 450.0   0.0                                        HGT1 / HGT2 / DHGT  
    87.5 -87.5  -2.5                                        LAT1 / LAT2 / DLAT  
  -180.0 180.0   5.0                                        LON1 / LON2 / DLON  
    -1                                                      EXPONENT            
                                                            END OF HEADER       
[from data line 858]
     3                                                      START OF TEC MAP    
  2015     4    29     4     0     0                        EPOCH OF CURRENT MAP
    87.5-180.0 180.0   5.0 450.0                            LAT/LON1/LON2/DLON/H
  183  168  168  170  176  171  169  168  168  168  168  168  168  168  167  167
  166  165  163  162  160  159  157  155  153  151  149  148  146  145  144  144
  144  144  144  144  145  146  147  149  150  152  153  155  156  157  159  160
  161  162  163  164  165  165  166  166  167  167  167  168  168  168  167  168
  168  170  170  170  172  167  164  165  183                                   
    85.0-180.0 180.0   5.0 450.0                            LAT/LON1/LON2/DLON/H
  184  179  179  183  188  182  182  182  182  183  183  183  183  183  183  183
  182  181  179  178  175  173  170  168  165  162  159  156  154  152  151  149
  149  148  148  149  150  151  152  154  156  158  160  161  163  165  167  168
  169  171  172  173  174  175  175  176  177  178  178  179  179  180  180  181
  182  185  182  186  178  170  171  165  184                                   
    82.5-180.0 180.0   5.0 450.0                            LAT/LON1/LON2/DLON/H
  184  190  186  187  191  187  187  186  186  186  187  187  188  188  188  188
  187  186  184  182  179  175  171  167  162  158  153  149  146  143  141  139
  138  138  139  140  141  143  146  148  151  153  156  159  161  164  166  168
  170  172  173  174  176  177  178  180  181  182  183  185  186  187  188  190
  191  193  191  195  195  181  177  164  184                                   
    80.0-180.0 180.0   5.0 450.0                            LAT/LON1/LON2/DLON/H
  185  188  178  179  180  176  176  175  175  175  175  176  177  178  179  179
  179  178  177  174  170  166  161  155  149  143  137  132  128  125  123  122
  122  123  124  127  130  133  136  140  144  148  151  155  158  161  163  166
  168  170  171  173  174  175  177  178  179  181  182  184  185  187  188  191
  192  194  192  195  195  186  188  166  185                                   
    77.5-180.0 180.0   5.0 450.0                            LAT/LON1/LON2/DLON/H
  188  189  178  177  175  169  169  167  166  164  164  165  166  168  170  171
  172  172  171  169  165  160  154  147  140  132  126  120  116  114  112  113
  114  117  120  124  129  133  138  142  147  151  155  159  162  165  168  170
  172  174  175  177  178  179  180  181  183  184  186  188  190  191  194  197
  198  201  198  201  202  194  192  178  188                                   
    75.0-180.0 180.0   5.0 450.0                            LAT/LON1/LON2/DLON/H
  189  189  177  174  170  163  161  156  154  151  149  149  150  151  153  155
  157  159  159  158  155  150  144  136  128  120  113  107  103  101  101  103
  106  110  115  121  126  132  137  142  147  152  156  160  163  167  169  172
  174  175  177  178  179  180  181  182  183  185  186  188  190  192  195  198
  200  204  202  201  201  196  196  189  189                                   
    72.5-180.0 180.0   5.0 450.0                            LAT/LON1/LON2/DLON/H
  191  194  184  179  174  166  162  156  152  146  143  141  140  139  140  142
  144  147  149  149  148  144  139  131  123  115  108  103  100   99  100  104
  109  115  121  127  134  139  145  150  155  159  163  168  171  175  178  181
  183  184  186  187  188  189  190  190  191  192  193  194  196  197  200  204
  206  209  210  210  206  201  202  198  191                                   
    70.0-180.0 180.0   5.0 450.0                            LAT/LON1/LON2/DLON/H
  197  199  190  184  177  168  163  155  149  142  136  132  128  125  123  124
  126  129  132  135  136  134  130  124  117  110  103   99   97   98  100  105
  111  117  124  131  137  142  147  152  156  161  165  170  174  178  182  185
  188  190  192  193  194  195  195  195  195  195  195  196  197  198  200  203
  205  209  210  212  211  207  209  207  197                                   
    67.5-180.0 180.0   5.0 450.0                            LAT/LON1/LON2/DLON/H
  201  204  196  190  182  172  167  158  151  143  135  128  121  115  111  109
  109  112  117  121  124  125  123  119  113  107  102   98   98   99  103  108
  113  119  125  131  136  140  145  149  153  158  163  169  174  179  184  188
  191  193  195  197  198  198  199  198  198  197  197  196  196  196  196  199
  201  204  206  209  209  206  210  210  201                                   
    65.0-180.0 180.0   5.0 450.0                            LAT/LON1/LON2/DLON/H
  203  205  198  192  185  175  169  161  154  146  137  128  119  110  102   97
   96   98  103  108  113  116  116  114  109  105  101   99  100  102  106  110
  115  120  124  128  132  135  139  143  148  153  160  167  174  180  185  190
  193  196  198  199  200  201  202  202  201  200  199  198  196  195  194  195
  196  198  200  203  205  204  209  210  203                                   
    62.5-180.0 180.0   5.0 450.0                            LAT/LON1/LON2/DLON/H
  205  205  199  193  186  175  170  163  157  149  141  132  121  110  100   93
   89   89   93   98  104  108  109  109  106  103  101  101  103  106  109  112
  115  118  120  123  125  128  132  137  143  150  158  166  175  182  188  193
  196  198  200  201  203  204  206  207  207  206  205  203  201  199  197  196
  195  196  197  200  201  201  206  207  205                                   
    60.0-180.0 180.0   5.0 450.0                            LAT/LON1/LON2/DLON/H
  208  206  200  192  186  174  169  162  157  151  144  136  126  114  102   92
   86   84   86   91   96  100  103  103  102  101  102  103  106  109  112  113
  114  115  115  117  119  122  127  133  140  149  159  169  178  186  192  196
  199  200  201  203  205  209  212  215  216  217  216  214  211  208  205  203
  200  200  200  201  202  202  207  207  208                                   
    57.5-180.0 180.0   5.0 450.0                            LAT/LON1/LON2/DLON/H
  217  211  205  195  188  175  168  160  155  150  144  138  130  119  107   96
   87   83   83   86   90   94   97   99  100  101  103  107  111  114  115  115
  114  112  112  113  115  120  126  133  142  153  164  175  185  193  199  203
  204  204  205  206  210  215  221  226  230  231  231  229  227  223  220  218
  215  213  212  211  211  210  214  214  217                                   
    55.0-180.0 180.0   5.0 450.0                            LAT/LON1/LON2/DLON/H
  232  224  218  206  197  182  172  161  155  148  143  139  132  123  112  101
   91   85   82   83   86   90   94   97   99  102  107  112  117  120  121  119
  115  112  111  112  116  121  129  138  148  160  172  184  195  203  209  211
  211  211  210  212  217  224  233  240  246  249  250  248  246  243  241  239
  236  235  233  231  229  227  230  230  232                                   
    52.5-180.0 180.0   5.0 450.0                            LAT/LON1/LON2/DLON/H
  254  245  238  226  216  199  185  170  159  149  143  138  133  126  116  106
   95   88   83   83   86   90   94   98  103  108  114  121  127  130  129  125
  120  116  114  116  120  127  136  146  157  170  183  196  207  215  221  223
  222  220  219  221  227  236  247  257  264  269  270  269  267  265  263  263
  262  262  261  258  255  252  253  256  254                                   
    50.0-180.0 180.0   5.0 450.0                            LAT/LON1/LON2/DLON/H
  280  271  264  254  242  225  208  188  172  157  147  141  135  128  120  110
  100   92   87   86   88   93   99  105  111  118  126  133  139  142  140  135
  129  124  122  124  129  136  145  156  168  181  194  207  219  229  235  237
  236  233  232  233  240  251  263  275  284  289  290  288  286  285  285  287
  289  292  292  289  285  281  282  287  280                                   
    47.5-180.0 180.0   5.0 450.0                            LAT/LON1/LON2/DLON/H
  308  299  292  286  274  258  239  215  193  173  158  147  140  132  124  115
  105   96   91   91   94  101  108  116  124  132  140  148  153  155  152  147
  140  135  133  135  140  146  155  165  177  190  204  219  232  243  250  253
  253  250  248  249  256  267  281  294  303  308  308  305  303  302  303  307
  312  319  322  320  315  311  311  319  308                                   
    45.0-180.0 180.0   5.0 450.0                            LAT/LON1/LON2/DLON/H
  332  324  319  317  306  292  272  247  221  195  174  159  148  139  130  120
  110  102   97   98  103  112  121  131  140  148  155  162  167  168  165  160
  154  149  146  147  150  156  163  172  184  198  213  229  244  256  265  271
  271  269  266  267  274  285  299  312  321  325  323  320  317  316  318  324
  332  341  348  348  343  339  339  347  332                                   
    42.5-180.0 180.0   5.0 450.0                            LAT/LON1/LON2/DLON/H
  351  343  339  342  333  321  302  277  249  220  195  175  161  149  138  127
  117  109  105  107  114  125  136  147  156  163  169  174  178  179  177  173
  168  163  160  159  161  164  169  178  190  205  222  239  255  270  281  288
  291  290  287  287  293  305  318  331  339  341  339  335  332  331  334  341
  349  360  369  371  367  363  363  369  351                                   
    40.0-180.0 180.0   5.0 450.0                            LAT/LON1/LON2/DLON/H
  365  354  350  354  348  338  322  300  273  243  215  193  176  162  149  137
  126  118  116  119  128  140  152  162  170  176  180  184  187  188  188  186
  182  178  174  171  170  171  174  182  195  212  230  249  267  283  297  306
  310  310  309  309  315  326  339  351  358  361  359  356  354  354  357  363
  371  380  389  392  388  384  384  386  365                                   
    37.5-180.0 180.0   5.0 450.0                            LAT/LON1/LON2/DLON/H
  379  363  355  355  352  343  329  310  286  259  233  210  192  176  162  149
  138  131  130  134  144  155  167  175  181  185  188  191  194  197  199  198
  196  192  187  182  178  177  180  188  201  220  240  261  280  297  311  323
  329  331  331  332  339  350  363  375  383  387  387  386  387  389  392  397
  402  409  415  415  411  410  408  404  379                                   
    35.0-180.0 180.0   5.0 450.0                            LAT/LON1/LON2/DLON/H
  400  379  365  356  352  341  326  310  290  267  244  224  206  190  175  162
  152  146  146  151  160  170  179  186  190  193  195  198  202  205  209  210
  209  206  200  193  187  184  186  194  209  229  251  272  292  309  325  338
  347  351  353  357  365  378  393  406  415  421  425  429  433  439  444  448
  450  453  454  450  445  446  440  432  400                                   
    32.5-180.0 180.0   5.0 450.0                            LAT/LON1/LON2/DLON/H
  437  415  392  370  361  344  323  305  287  267  249  233  217  202  188  176
  167  162  163  168  176  183  190  195  198  201  204  208  212  216  221  224
  224  220  214  205  198  193  194  202  218  239  261  283  303  320  336  351
  362  369  375  382  393  409  426  442  455  464  473  483  494  504  512  516
  517  515  511  501  495  498  487  476  437                                   
    30.0-180.0 180.0   5.0 450.0                            LAT/LON1/LON2/DLON/H
  497  479  444  411  393  369  337  313  290  270  253  239  226  213  200  189
  181  178  180  184  190  195  200  204  209  214  219  223  227  232  237  240
  241  237  229  218  209  203  203  210  226  247  270  292  311  328  345  360
  374  385  395  406  421  441  462  481  497  511  526  543  561  579  592  598
  598  594  586  570  563  567  550  539  497                                   
    27.5-180.0 180.0   5.0 450.0                            LAT/LON1/LON2/DLON/H
  582  571  526  486  460  429  386  349  316  288  266  251  237  224  212  201
  195  193  194  198  202  207  211  218  226  233  240  244  248  252  257  260
  260  254  243  230  219  212  210  216  230  251  274  297  316  333  349  366
  382  397  411  428  448  472  497  520  540  560  580  603  629  653  672  682
  684  679  668  651  642  650  631  620  582                                   
    25.0-180.0 180.0   5.0 450.0                            LAT/LON1/LON2/DLON/H
  682  684  637  597  564  529  474  422  374  333  300  276  257  240  226  215
  207  205  207  210  214  219  227  237  249  260  268  273  275  276  278  279
  276  267  254  239  226  216  213  216  229  249  273  296  316  333  350  369
  387  406  425  447  472  499  528  555  579  603  627  655  686  716  741  754
  759  756  746  730  723  733  722  713  682                                   
    22.5-180.0 180.0   5.0 450.0                            LAT/LON1/LON2/DLON/H
  782  794  757  728  693  658  595  530  466  409  360  322  293  268  248  233
  223  218  219  222  227  236  249  264  281  295  302  303  300  297  294  291
  284  272  256  240  226  215  208  209  219  239  264  289  311  330  348  369
  391  413  437  463  491  522  552  581  608  634  661  692  724  757  785  803
  812  812  805  795  790  803  808  802  782                                   
    20.0-180.0 180.0   5.0 450.0                            LAT/LON1/LON2/DLON/H
  863  881  862  851  821  793  732  660  584  510  444  390  347  311  282  259
  244  236  234  238  246  259  277  298  318  331  335  329  319  308  299  291
  280  266  249  233  218  205  196  194  203  222  249  277  302  323  345  368
  394  421  448  477  508  539  570  600  627  654  681  711  742  774  802  822
  834  838  836  831  832  843  867  865  863                                   
    17.5-180.0 180.0   5.0 450.0                            LAT/LON1/LON2/DLON/H
  907  928  933  941  922  908  858  789  707  623  543  474  416  368  329  297
  275  262  258  261  272  290  313  337  356  364  359  343  323  304  289  277
  264  250  235  219  204  190  179  174  182  202  231  262  290  315  340  367
  396  427  458  489  521  552  583  612  639  666  692  718  745  771  796  815
  829  835  837  837  842  848  884  888  907                                   
    15.0-180.0 180.0   5.0 450.0                            LAT/LON1/LON2/DLON/H
  903  923  949  976  976  980  945  886  809  722  635  558  491  435  386  347
  317  299  292  295  308  329  353  375  387  384  367  340  311  287  268  254
  241  229  215  202  188  174  161  155  162  182  213  246  277  306  334  365
  398  431  464  497  529  560  590  619  646  671  695  717  737  756  774  790
  803  810  815  818  823  824  863  870  903                                   
    12.5-180.0 180.0   5.0 450.0                            LAT/LON1/LON2/DLON/H
  857  870  906  947  968  988  971  927  861  781  698  622  556  498  447  404
  369  347  337  339  352  372  392  406  405  387  357  322  288  261  242  228
  217  207  197  187  174  160  146  140  146  166  197  232  265  296  328  362
  398  433  467  500  531  562  591  619  646  670  692  709  723  735  746  757
  768  775  781  785  787  783  817  827  857                                   
    10.0-180.0 180.0   5.0 450.0                            LAT/LON1/LON2/DLON/H
  789  788  821  865  899  928  927  901  852  787  718  654  597  547  501  460
  426  402  391  391  400  413  422  421  404  373  334  295  261  235  218  206
  198  191  183  175  164  150  138  131  137  157  186  220  253  285  320  356
  394  431  465  498  528  558  586  613  639  663  683  699  709  715  721  727
  736  743  749  751  750  742  767  777  789                                   
     7.5-180.0 180.0   5.0 450.0                            LAT/LON1/LON2/DLON/H
  722  703  724  756  788  817  824  814  785  742  693  647  607  572  538  506
  478  456  444  440  441  442  435  417  386  345  303  265  235  214  201  192
