data/edconvlstm_nd/pred0200.15i
     1.0            IONOSPHERE MAPS     GNSS                IONEX VERSION / TYPE
pyspatialgeodesy        IME             05-JAN-18 20:20     PGM / RUN BY / DATE 
Map Name                                                    COMMENT             
Predicted global ionosphere maps (GIM).                     DESCRIPTION         
  2015     1    20     0     0     0                        EPOCH OF FIRST MAP  
  2015     1    21     0     0     0                        EPOCH OF LAST MAP   
  7200                                                      INTERVAL            
    13                                                      # OF MAPS IN FILE   
  NONE                                                      MAPPING FUNCTION    
10.0                                                        ELEVATION CUTOFF    
One-way carrier phase leveled to code                       OBSERVABLES USED    
  6371.0                                                    BASE RADIUS         
 2                                                          MAP DIMENSION       
   450.0 450.0   0.0                                        HGT1 / HGT2 / DHGT  
    87.5 -87.5  -2.5                                        LAT1 / LAT2 / DLAT  
  -180.0 180.0   5.0                                        LON1 / LON2 / DLON  
    -1                                                      EXPONENT            
                                                            END OF HEADER       
[from data line 3861]
    10                                                      START OF TEC MAP    
  2015     1    20    18     0     0                        EPOCH OF CURRENT MAP
    87.5-180.0 180.0   5.0 450.0                            LAT/LON1/LON2/DLON/H
  105  110  109  115  120  119  118  115  115  117  116  116  116  116  115  114
  113  112  111  109  107  105  103  101   99   96   94   92   89   87   86   84
   82   81   80   80   79   79   79   79   79   79   80   81   82   83   84   85
   86   88   89   90   92   93   95   96   97   99  100  101  102  103  104  105
  106  107  104  101  106  105  116  113  105                                   
    85.0-180.0 180.0   5.0 450.0                            LAT/LON1/LON2/DLON/H
  114  115  127  115  116  122  121  123  123  125  124  125  124  124  124  123
  122  121  119  117  115  113  110  107  104  101   98   95   93   90   88   85
   84   82   81   80   80   79   79   79   80   80   81   82   83   84   85   86
   88   89   90   92   94   95   97   98  100  101  102  104  105  106  107  108
  110  111  108  104  106  109  109  107  114                                   
    82.5-180.0 180.0   5.0 450.0                            LAT/LON1/LON2/DLON/H
   98  103  106  104  107  112  115  116  117  118  119  121  121  121  121  121
  120  118  116  114  111  107  103   99   95   90   86   82   78   75   71   69
   66   64   63   62   61   61   61   61   61   62   63   64   65   66   68   69
   71   73   75   77   79   81   83   85   86   88   90   91   93   94   96   97
   99   99   97   95   97  109  100  100   98                                   
    80.0-180.0 180.0   5.0 450.0                            LAT/LON1/LON2/DLON/H
   81   84   89   88   92   94   99  102  106  108  111  113  115  116  117  118
  117  116  114  111  107  103   98   92   87   81   75   70   66   61   58   54
   52   50   48   47   47   46   47   47   48   49   50   52   53   55   56   58
   60   62   64   66   68   70   72   74   76   78   79   81   82   83   83   84
   86   87   86   85   81   88   81   89   81                                   
    77.5-180.0 180.0   5.0 450.0                            LAT/LON1/LON2/DLON/H
   77   73   72   72   77   80   85   90   94   97  101  106  109  113  116  118
  119  119  117  114  110  105   98   91   84   77   70   64   58   53   49   45
   42   39   37   35   34   34   34   34   35   36   37   39   41   42   44   46
   48   51   53   56   58   60   62   64   66   68   69   70   70   70   71   71
   71   72   72   72   69   70   67   76   77                                   
    75.0-180.0 180.0   5.0 450.0                            LAT/LON1/LON2/DLON/H
   59   56   55   56   60   64   68   73   79   85   90   97  103  109  114  118
  121  123  123  120  116  111  104   96   88   80   72   66   60   54   49   45
   41   38   35   33   32   31   30   30   31   32   33   35   36   38   40   41
   43   45   47   49   51   53   55   56   58   59   59   59   59   59   59   59
   59   60   60   59   57   55   51   51   59                                   
    72.5-180.0 180.0   5.0 450.0                            LAT/LON1/LON2/DLON/H
   51   47   45   49   50   53   59   64   70   76   84   92  101  109  117  124
  129  132  133  132  128  122  115  106   97   88   79   72   65   60   54   50
   45   41   37   34   31   29   27   27   27   28   29   30   32   33   34   35
   36   37   39   41   42   44   45   47   48   48   49   49   48   48   47   47
   46   47   47   46   44   44   43   48   51                                   
    70.0-180.0 180.0   5.0 450.0                            LAT/LON1/LON2/DLON/H
   43   41   41   44   45   47   51   58   66   74   83   94  104  115  125  134
  142  147  150  150  147  142  134  125  116  106   97   90   83   77   71   66
   60   54   49   43   38   35   32   31   31   31   32   33   34   35   35   35
   36   36   37   39   40   41   42   44   44   45   45   45   44   43   43   42
   41   41   43   42   42   42   45   49   43                                   
    67.5-180.0 180.0   5.0 450.0                            LAT/LON1/LON2/DLON/H
   42   41   41   45   47   49   55   62   70   79   90  102  114  127  139  149
  159  166  170  171  169  163  156  146  136  125  116  108  101   95   89   83
   75   68   60   52   45   40   36   34   33   33   34   35   36   36   35   35
   35   35   35   36   37   38   40   41   42   43   43   43   42   41   41   40
   39   39   40   39   39   41   43   46   42                                   
    65.0-180.0 180.0   5.0 450.0                            LAT/LON1/LON2/DLON/H
   39   41   40   45   47   50   56   65   74   85   97  110  124  137  150  163
  173  182  188  190  189  184  177  167  157  146  137  128  121  114  108  100
   91   81   70   60   50   42   37   34   33   33   34   35   35   35   34   33
   32   31   31   31   32   34   35   37   38   39   40   40   39   39   38   37
   37   37   39   39   40   44   46   50   39                                   
    62.5-180.0 180.0   5.0 450.0                            LAT/LON1/LON2/DLON/H
   38   40   39   45   48   53   61   71   82   95  108  122  136  150  163  176
  188  197  204  207  206  202  194  184  174  163  153  144  136  129  122  113
  103   90   77   63   51   42   36   32   31   32   33   33   34   33   32   30
   28   27   27   27   28   29   31   33   35   36   37   38   38   37   36   36
   35   35   37   37   38   42   45   49   38                                   
    60.0-180.0 180.0   5.0 450.0                            LAT/LON1/LON2/DLON/H
   36   38   37   45   48   54   64   76   89  103  117  132  145  159  173  186
  198  208  215  219  218  214  207  197  186  175  165  156  148  140  132  123
  111   97   81   66   52   41   34   30   30   30   32   33   33   32   30   28
   26   24   23   23   24   26   28   30   32   33   34   35   35   35   34   34
   33   33   34   35   36   41   43   48   36                                   
    57.5-180.0 180.0   5.0 450.0                            LAT/LON1/LON2/DLON/H
   34   35   35   44   48   56   69   83   98  114  128  142  155  168  181  193
  205  215  222  226  226  222  215  205  195  184  174  165  157  149  141  131
  119  104   87   70   55   44   37   34   34   35   36   37   37   36   34   31
   29   27   25   24   25   26   28   30   32   34   35   36   36   36   36   35
   34   34   35   35   36   40   41   47   34                                   
    55.0-180.0 180.0   5.0 450.0                            LAT/LON1/LON2/DLON/H
   35   36   35   45   51   61   75   92  109  125  140  153  165  176  187  198
  209  219  226  229  229  225  218  210  200  190  180  171  163  155  147  138
  126  111   94   77   62   52   45   42   42   43   44   45   45   43   42   39
   36   34   31   30   29   30   32   34   36   38   39   40   40   40   39   39
   37   37   38   38   38   40   41   47   35                                   
    52.5-180.0 180.0   5.0 450.0                            LAT/LON1/LON2/DLON/H
   38   38   38   49   56   68   84  103  121  138  152  164  174  182  192  201
  211  220  226  229  228  225  220  213  204  195  186  177  168  161  153  143
  132  118  102   87   74   64   59   56   56   57   57   57   56   55   54   51
   49   46   43   40   39   39   41   43   45   46   47   47   47   47   47   46
   45   44   45   45   44   44   43   50   38                                   
    50.0-180.0 180.0   5.0 450.0                            LAT/LON1/LON2/DLON/H
   45   45   46   57   66   79   97  117  136  152  166  176  183  190  197  204
  212  220  225  227  227  225  221  216  210  202  193  184  175  166  157  148
  137  125  111   98   87   80   75   73   73   72   72   71   70   69   68   67
   64   61   58   55   53   52   53   55   57   58   58   57   56   56   56   55
   54   54   55   55   53   52   50   55   45                                   
    47.5-180.0 180.0   5.0 450.0                            LAT/LON1/LON2/DLON/H
   55   55   57   68   79   93  112  133  152  168  180  189  194  198  203  209
  215  221  225  227  227  227  225  222  217  211  202  192  181  171  161  150
  140  129  118  108  100   95   92   90   89   87   85   83   82   82   82   81
   80   77   73   70   67   66   67   68   70   70   69   68   66   65   65   65
   64   65   66   66   64   62   60   63   55                                   
    45.0-180.0 180.0   5.0 450.0                            LAT/LON1/LON2/DLON/H
   67   66   69   82   94  110  129  149  167  183  194  202  206  209  212  215
  220  224  227  229  230  230  231  230  227  222  213  201  188  174  162  150
  140  130  122  115  110  108  106  104  101   98   94   92   90   90   91   92
   92   90   86   82   79   78   78   80   81   81   79   77   75   74   74   73
   73   74   75   76   74   73   71   73   67                                   
    42.5-180.0 180.0   5.0 450.0                            LAT/LON1/LON2/DLON/H
   76   75   80   94  108  125  144  164  181  197  207  214  218  220  222  225
  229  231  233  235  236  237  239  239  238  233  223  210  193  177  161  148
  137  129  123  119  117  116  115  113  109  104   99   96   94   95   97   98
   98   97   93   89   86   85   85   87   88   88   86   84   82   80   79   79
   78   78   80   81   81   80   80   82   76                                   
    40.0-180.0 180.0   5.0 450.0                            LAT/LON1/LON2/DLON/H
   82   81   88  104  120  138  157  176  192  207  217  225  229  232  235  238
  240  241  242  243  244  246  248  249  247  242  231  216  197  178  160  146
  135  128  124  123  123  123  122  119  114  108  102   98   96   97   98  100
  100   99   96   92   89   87   88   89   91   91   89   87   85   83   82   81
   79   78   79   80   81   82   82   87   82                                   
    37.5-180.0 180.0   5.0 450.0                            LAT/LON1/LON2/DLON/H
   83   83   91  110  128  147  165  183  199  214  225  233  239  244  248  251
  252  253  253  253  254  255  256  256  254  248  237  221  201  181  163  149
  139  133  131  131  132  132  131  127  121  113  107  102  100  100  100  101
  101   99   96   93   90   88   88   90   91   91   90   88   86   84   82   79
   76   74   75   75   75   77   78   86   83                                   
    35.0-180.0 180.0   5.0 450.0                            LAT/LON1/LON2/DLON/H
   80   81   92  113  133  153  172  189  204  219  230  240  248  254  259  263
  265  264  263  262  262  262  261  260  256  250  240  225  207  189  173  160
  152  148  147  147  148  147  144  139  132  124  117  112  109  108  106  106
  104  102   99   96   92   90   90   90   90   90   89   87   86   84   82   78
   73   70   69   68   67   68   69   80   80                                   
    32.5-180.0 180.0   5.0 450.0                            LAT/LON1/LON2/DLON/H
   76   78   91  114  137  157  177  195  210  224  236  246  254  262  268  273
  275  274  271  269  267  266  263  260  255  249  241  231  218  204  192  183
  178  176  175  175  174  171  166  159  151  143  136  131  127  123  120  117
  114  111  108  104  101   98   96   94   93   91   90   89   88   87   84   80
   73   68   65   63   61   60   60   74   76                                   
    30.0-180.0 180.0   5.0 450.0                            LAT/LON1/LON2/DLON/H
   74   78   93  118  143  164  185  202  218  231  243  252  261  268  275  280
  281  279  276  272  269  265  260  255  251  247  244  240  234  228  222  218
  216  216  215  213  209  203  195  187  178  170  164  158  153  147  142  136
  132  128  125  121  117  113  109  105  101   97   95   94   94   93   90   85
   78   72   68   64   60   58   56   69   74                                   
    27.5-180.0 180.0   5.0 450.0                            LAT/LON1/LON2/DLON/H
   76   82   99  124  152  174  197  215  230  243  253  261  268  274  280  284
  284  281  277  272  267  261  254  248  245  246  249  254  257  260  261  263
  265  265  263  257  249  240  229  219  210  203  196  191  184  177  169  163
  157  153  150  146  142  137  130  123  115  109  105  104  103  103  101   96
   87   82   76   72   66   62   58   68   76                                   
    25.0-180.0 180.0   5.0 450.0                            LAT/LON1/LON2/DLON/H
   83   91  110  135  165  189  213  232  247  259  268  273  276  280  283  285
  285  281  275  269  262  255  247  242  242  248  260  273  287  298  308  315
  319  319  313  303  290  276  263  251  242  235  229  223  215  207  198  191
  185  182  179  177  173  166  157  146  135  126  119  117  116  115  113  109
  102   96   91   86   78   72   66   72   83                                   
    22.5-180.0 180.0   5.0 450.0                            LAT/LON1/LON2/DLON/H
   95  103  123  149  182  208  233  252  269  281  287  289  288  287  288  287
  285  280  273  266  259  251  244  241  245  258  277  300  322  342  359  370
  374  371  360  344  326  307  290  277  268  261  255  248  240  230  221  215
  210  208  208  206  203  196  186  172  157  144  135  131  129  128  126  123
  117  113  107  103   94   85   78   80   95                                   
    20.0-180.0 180.0   5.0 450.0                            LAT/LON1/LON2/DLON/H
  108  116  136  163  199  227  255  275  292  305  310  310  305  300  296  293
  289  283  276  269  261  254  249  249  258  277  303  333  362  388  408  421
  422  414  397  375  351  327  308  293  283  276  269  261  251  241  233  227
  225  225  227  228  226  220  209  194  177  162  150  143  139  137  136  133
  129  127  121  119  109   99   90   90  108                                   
    17.5-180.0 180.0   5.0 450.0                            LAT/LON1/LON2/DLON/H
  120  127  146  176  214  245  275  296  315  329  335  334  326  318  311  305
  301  295  288  282  275  269  265  268  281  305  336  370  403  431  451  461
  458  445  422  394  365  337  314  297  286  277  268  258  247  237  230  226
  226  229  233  236  236  232  222  208  191  174  161  152  146  143  141  139
  136  136  131  129  119  108   99  101  120                                   
    15.0-180.0 180.0   5.0 450.0                            LAT/LON1/LON2/DLON/H
  127  134  152  185  225  258  290  314  335  352  360  360  352  342  334  327
  323  318  313  308  302  297  294  299  315  341  375  409  441  466  482  488
  481  462  436  404  370  339  313  293  279  267  256  245  232  222  215  213
  214  219  224  229  232  230  224  212  196  181  167  157  149  144  142  140
  137  139  133  131  122  113  104  109  127                                   
    12.5-180.0 180.0   5.0 450.0                            LAT/LON1/LON2/DLON/H
  129  137  155  190  233  267  302  327  351  371  383  386  381  372  364  359
  356  354  352  349  344  339  337  342  358  385  416  447  473  491  501  502
  491  471  442  408  373  339  310  287  269  255  241  227  214  202  196  194
  196  201  207  213  217  218  215  206  194  181  168  158  149  143  139  136
  133  134  128  126  118  110  102  111  129                                   
    10.0-180.0 180.0   5.0 450.0                            LAT/LON1/LON2/DLON/H
  126  136  156  193  237  273  309  336  363  387  404  412  411  406  401  398
  398  400  402  401  398  393  390  394  408  432  457  481  497  507  510  507
  494  474  446  413  378  343  312  285  264  247  230  215  200  188  181  179
  180  184  189  195  199  202  201  195  187  177  166  156  147  140  135  131
  126  126  119  115  109  103   96  109  126                                   
     7.5-180.0 180.0   5.0 450.0                            LAT/LON1/LON2/DLON/H
  121  134  156  195  240  276  314  342  372  399  421  435  440  440  439  441
  445  452  458  461  459  454  449  451  461  478  495  509  515  517  514  508
