data/edconvlstm_nd/pred0610.15i
     1.0            IONOSPHERE MAPS     GNSS                IONEX VERSION / TYPE
pyspatialgeodesy        IME             05-JAN-18 20:20     PGM / RUN BY / DATE 
Map Name                                                    COMMENT             
Predicted global ionosphere maps (GIM).                     DESCRIPTION         
  2015     3     2     0     0     0                        EPOCH OF FIRST MAP  
  2015     3     3     0     0     0                        EPOCH OF LAST MAP   
  7200                                                      INTERVAL            
    13                                                      # OF MAPS IN FILE   
  NONE                                                      MAPPING FUNCTION    
10.0                                                        ELEVATION CUTOFF    
One-way carrier phase leveled to code                       OBSERVABLES USED    
  6371.0                                                    BASE RADIUS         
 2                                                          MAP DIMENSION       
   450.0 450.0   0.0                                        HGT1 / HGT2 / DHGT  
    87.5 -87.5  -2.5                                        LAT1 / LAT2 / DLAT  
  -180.0 180.0   5.0                                        LON1 / LON2 / DLON  
    -1                                                      EXPONENT            
                                                            END OF HEADER       
[from data line 2145]
     6                                                      START OF TEC MAP    
  2015     3     2    10     0     0                        EPOCH OF CURRENT MAP
    87.5-180.0 180.0   5.0 450.0                            LAT/LON1/LON2/DLON/H
  106  107  103  107  110  110  108  107  109  110  110  111  111  111  110  110
  109  109  108  108  107  107  106  106  106  105  105  105  105  105  106  106
  106  106  106  106  106  106  105  104  104  103  101  100   98   97   95   93
   91   89   88   86   84   83   82   81   80   80   80   81   81   82   83   84
   86   89   90   90   94   95  106  113  106                                   
    85.0-180.0 180.0   5.0 450.0                            LAT/LON1/LON2/DLON/H
   96  104  110  107  107  111  111  112  114  115  114  115  114  114  113  113
  112  111  111  110  110  110  110  110  110  110  111  111  112  113  114  116
  117  118  119  120  120  121  121  121  120  119  117  116  113  111  108  105
  102   99   96   93   90   88   86   84   83   82   82   83   83   84   85   87
   90   93   91   91   90   94   98  103   96                                   
    82.5-180.0 180.0   5.0 450.0                            LAT/LON1/LON2/DLON/H
   87  101  101   97   97  101  102  104  106  106  106  106  104  103  102  100
   99   97   96   95   95   94   94   95   95   96   97   99  101  103  106  109
  112  116  119  122  125  127  128  129  130  129  128  126  123  120  116  112
  107  102   97   92   88   84   81   78   76   75   74   74   74   75   76   78
   81   83   82   84   86   91   86   85   87                                   
    80.0-180.0 180.0   5.0 450.0                            LAT/LON1/LON2/DLON/H
   87   96   98   95   95   95   97  100  102  101  100   99   96   93   90   87
   85   83   81   80   79   78   79   79   80   81   83   85   88   92   97  102
  107  113  119  125  131  135  139  142  144  145  145  144  141  137  133  128
  122  116  110  103   97   92   87   83   80   78   77   77   77   78   79   81
   83   84   83   84   84   88   89   86   87                                   
    77.5-180.0 180.0   5.0 450.0                            LAT/LON1/LON2/DLON/H
   92   94   95   93   92   94   95   96   98   96   93   90   86   82   77   73
   70   67   66   65   64   65   65   66   67   69   72   75   79   84   90   98
  106  115  125  134  143  151  158  163  167  170  171  171  170  167  164  159
  153  147  140  132  125  119  112  107  103  100   98   97   97   97   97   98
   98   96   94   94   93   89   89   88   92                                   
    75.0-180.0 180.0   5.0 450.0                            LAT/LON1/LON2/DLON/H
   89   94   90   90   90   93   93   94   94   91   87   82   76   70   64   59
   55   53   52   52   53   54   56   57   59   61   64   67   71   77   84   93
  103  115  127  139  150  161  170  178  185  189  193  195  196  195  193  190
  186  180  174  167  160  152  145  139  133  129  126  124  123  122  122  121
  119  116  112  105  102   95   93   86   89                                   
    72.5-180.0 180.0   5.0 450.0                            LAT/LON1/LON2/DLON/H
   85   88   86   87   87   91   94   93   93   89   82   76   68   61   54   48
   45   43   43   44   47   50   53   56   58   61   63   66   70   75   83   92
  103  116  130  144  158  170  182  191  200  207  212  217  220  223  224  224
  223  220  216  210  203  195  187  179  172  165  160  156  153  150  148  145
  141  135  129  119  111  102   98   93   85                                   
    70.0-180.0 180.0   5.0 450.0                            LAT/LON1/LON2/DLON/H
   83   84   84   85   86   91   94   95   94   89   82   74   65   56   48   43
   39   39   40   44   48   53   58   63   66   68   70   72   75   79   86   95
  107  120  134  149  163  177  190  201  211  220  227  235  241  247  252  256
  258  259  257  253  246  238  228  218  208  198  190  183  177  172  167  162
  156  148  140  127  116  105  103   98   83                                   
    67.5-180.0 180.0   5.0 450.0                            LAT/LON1/LON2/DLON/H
   77   80   81   84   87   94   99  100   99   94   87   78   68   59   51   45
   42   43   46   51   58   65   71   76   80   81   82   83   85   88   93  102
  112  124  138  152  166  180  193  204  215  225  235  244  254  262  271  278
  283  286  286  283  277  268  257  244  231  219  207  198  189  181  174  167
  159  149  140  126  114  103  101   99   77                                   
    65.0-180.0 180.0   5.0 450.0                            LAT/LON1/LON2/DLON/H
   75   78   80   84   87   96  102  105  104  100   93   85   75   65   58   52
   50   51   55   61   70   78   86   91   95   96   96   96   96   98  103  110
  120  131  144  157  171  184  197  209  221  233  244  255  267  278  289  298
  305  310  311  309  303  293  280  265  249  234  220  207  195  185  174  165
  155  145  135  121  111  101   99  100   75                                   
    62.5-180.0 180.0   5.0 450.0                            LAT/LON1/LON2/DLON/H
   74   76   78   82   85   96  102  105  106  103   97   90   82   74   67   62
   60   61   65   72   81   89   96  102  104  105  105  104  104  105  109  116
  125  136  148  161  173  186  199  212  225  238  251  264  277  290  301  311
  319  324  326  324  318  307  294  278  260  243  227  212  198  185  171  159
  147  135  126  113  104   95   94   98   74                                   
    60.0-180.0 180.0   5.0 450.0                            LAT/LON1/LON2/DLON/H
   77   75   76   79   81   90   97  100  102  101   97   93   86   80   75   71
   69   71   74   80   87   94  100  104  106  106  105  104  105  107  112  119
  129  139  151  163  176  189  203  217  232  247  262  276  290  303  314  324
  331  336  338  336  331  321  308  292  275  257  241  224  208  192  175  159
  143  129  120  108  101   92   92   97   77                                   
    57.5-180.0 180.0   5.0 450.0                            LAT/LON1/LON2/DLON/H
   84   78   77   76   77   84   89   92   94   94   93   91   88   85   81   79
   77   78   80   84   88   93   97   99  100   99   99   99  101  105  112  121
  132  143  156  169  182  197  212  228  245  262  279  295  310  322  333  341
  347  350  352  351  347  339  327  313  297  281  265  249  232  214  193  173
  153  136  126  114  108   96   96  100   84                                   
    55.0-180.0 180.0   5.0 450.0                            LAT/LON1/LON2/DLON/H
   96   84   80   76   74   78   82   83   85   86   87   88   87   87   85   84
   83   82   83   84   85   87   88   89   89   89   89   91   95  101  111  122
  135  149  163  178  193  209  226  244  263  283  302  319  334  346  355  361
  365  368  369  368  366  359  350  338  324  311  298  284  268  249  226  201
  177  157  144  131  125  111  109  111   96                                   
    52.5-180.0 180.0   5.0 450.0                            LAT/LON1/LON2/DLON/H
  112   95   88   80   76   78   79   78   78   80   82   84   86   88   88   87
   86   84   83   82   81   80   80   79   79   79   80   84   90  100  112  126
  142  159  175  191  208  226  245  265  286  308  328  347  362  374  380  384
  385  386  386  386  385  380  373  363  353  343  333  322  308  289  265  238
  210  187  171  157  150  134  129  127  112                                   
    50.0-180.0 180.0   5.0 450.0                            LAT/LON1/LON2/DLON/H
  129  110  101   90   84   83   82   79   78   79   81   85   88   90   90   90
   88   86   83   80   78   75   73   72   72   73   76   81   90  102  118  136
  155  174  192  210  229  248  268  289  311  334  356  375  390  400  405  405
  404  403  402  402  401  397  391  383  375  368  361  354  342  325  300  272
  242  217  199  184  177  161  153  148  129                                   
    47.5-180.0 180.0   5.0 450.0                            LAT/LON1/LON2/DLON/H
  146  126  117  105   98   94   92   87   84   85   86   90   93   95   95   94
   91   88   84   80   77   74   72   71   71   73   78   85   97  111  129  150
  172  193  214  233  253  272  292  314  336  359  380  399  414  422  425  423
  419  415  413  412  410  405  399  390  383  377  372  367  358  343  320  293
  263  238  218  204  196  182  173  167  146                                   
    45.0-180.0 180.0   5.0 450.0                            LAT/LON1/LON2/DLON/H
  156  140  134  122  114  110  106  100   96   96   97  100  102  103  102  100
   96   92   88   84   80   77   75   74   75   79   85   95  108  125  146  169
  192  216  238  258  278  297  317  337  358  379  400  418  431  437  438  433
  427  421  417  414  409  402  393  382  373  366  362  358  350  337  317  293
  266  242  223  210  203  193  183  180  156                                   
    42.5-180.0 180.0   5.0 450.0                            LAT/LON1/LON2/DLON/H
  158  148  146  138  131  126  122  116  111  110  111  113  114  114  113  109
  105  100   95   90   87   84   82   81   83   88   96  107  123  142  164  189
  214  238  261  282  302  320  339  358  377  397  415  431  441  446  444  437
  429  422  416  410  402  391  378  364  352  343  337  332  324  312  295  274
  251  231  213  201  196  189  181  181  158                                   
    40.0-180.0 180.0   5.0 450.0                            LAT/LON1/LON2/DLON/H
  151  148  152  147  143  138  135  129  125  124  124  126  127  127  125  121
  116  111  105  100   95   92   90   89   91   97  106  120  138  158  182  208
  234  259  282  304  323  341  359  377  395  412  428  441  449  450  447  439
  431  424  417  409  398  383  366  349  334  323  313  305  294  281  265  247
  227  210  193  182  177  171  166  168  151                                   
    37.5-180.0 180.0   5.0 450.0                            LAT/LON1/LON2/DLON/H
  138  141  148  146  145  143  141  137  134  134  134  136  138  138  137  134
  129  123  116  110  105  100   97   96   97  104  115  131  150  173  198  224
  250  276  301  323  343  361  379  397  414  430  443  453  458  458  454  447
  440  434  428  420  408  391  372  353  337  323  310  296  280  262  244  227
  210  193  177  163  155  147  143  146  138                                   
    35.0-180.0 180.0   5.0 450.0                            LAT/LON1/LON2/DLON/H
  125  130  139  137  139  137  138  136  135  136  137  141  143  146  147  146
  142  135  128  120  113  108  103  100  101  108  120  139  160  185  210  237
  264  291  317  340  362  382  401  419  437  452  464  472  476  474  470  465
  462  459  457  450  439  423  405  387  371  357  340  321  298  274  251  232
  214  196  176  156  142  127  123  124  125                                   
    32.5-180.0 180.0   5.0 450.0                            LAT/LON1/LON2/DLON/H
  118  122  128  125  126  125  127  127  128  130  133  138  143  148  153  154
  152  146  137  129  120  113  107  103  103  110  124  144  168  194  221  248
  276  304  332  357  381  403  425  446  465  481  494  501  504  502  500  499
  500  503  505  502  494  482  467  453  441  427  408  384  354  323  295  271
  250  228  203  175  151  124  113  109  118                                   
    30.0-180.0 180.0   5.0 450.0                            LAT/LON1/LON2/DLON/H
  124  121  122  116  115  113  114  115  116  119  123  128  136  144  152  157
  157  152  143  134  125  117  110  105  105  113  128  150  176  203  230  258
  287  317  347  376  403  428  453  477  499  518  531  540  543  544  545  548
  555  565  573  576  574  567  558  550  542  530  511  482  446  408  374  345
  319  293  261  223  189  147  125  112  124                                   
    27.5-180.0 180.0   5.0 450.0                            LAT/LON1/LON2/DLON/H
  144  134  126  116  112  107  107  106  106  108  111  116  124  135  146  154
  156  152  145  136  127  120  113  109  109  117  133  157  184  212  240  268
  299  331  364  396  426  455  484  511  537  558  575  587  593  597  603  612
  627  644  659  669  672  672  670  670  667  658  639  607  565  520  480  446
  415  382  343  297  253  196  159  136  144                                   
    25.0-180.0 180.0   5.0 450.0                            LAT/LON1/LON2/DLON/H
  182  163  147  131  123  114  110  106  104  103  104  107  113  124  136  145
  149  147  141  134  127  122  117  114  115  124  141  166  194  223  251  280
  312  346  382  417  451  483  514  544  573  599  621  637  648  658  669  685
  707  731  752  767  775  780  785  791  795  790  772  738  693  644  599  559
  522  485  437  385  333  267  214  184  182                                   
    22.5-180.0 180.0   5.0 450.0                            LAT/LON1/LON2/DLON/H
  236  210  186  165  150  137  127  119  112  108  104  103  107  115  125  134
  138  137  133  129  125  122  120  119  122  133  152  178  208  236  264  293
  326  363  401  438  474  507  540  573  605  635  662  683  701  716  733  755
  782  809  833  849  858  864  873  883  892  891  876  845  802  753  706  662
  622  582  530  475  418  348  284  251  236                                   
    20.0-180.0 180.0   5.0 450.0                            LAT/LON1/LON2/DLON/H
  299  269  241  215  191  173  157  143  131  122  113  108  107  111  118  125
  128  128  125  123  122  123  123  125  130  143  165  193  222  251  279  308
  342  379  419  457  493  527  561  595  629  662  693  721  743  764  786  810
  837  862  882  894  900  904  910  920  929  931  921  895  858  814  771  729
  690  652  603  551  493  428  363  331  299                                   
    17.5-180.0 180.0   5.0 450.0                            LAT/LON1/LON2/DLON/H
  360  332  303  275  241  218  194  175  157  144  130  119  113  113  117  120
  122  121  120  120  121  123  126  130  138  154  177  207  237  266  294  323
  357  395  433  471  506  540  574  609  644  680  714  746  773  796  819  842
  863  882  895  900  900  897  896  900  905  906  898  878  848  813  778  742
  707  676  637  593  543  489  435  409  360                                   
    15.0-180.0 180.0   5.0 450.0                            LAT/LON1/LON2/DLON/H
  409  387  362  333  292  264  233  208  185  167  149  135  125  121  121  121
  121  120  120  120  122  125  128  134  144  162  189  220  251  280  308  337
  371  407  444  480  515  548  582  617  653  690  726  759  787  811  832  849
  864  873  876  874  866  856  847  841  837  834  826  810  787  759  732  703
  674  650  624  593  558  521  485  467  409                                   
    12.5-180.0 180.0   5.0 450.0                            LAT/LON1/LON2/DLON/H
  441  428  410  380  335  303  266  237  210  189  168  151  138  132  129  128
  126  125  125  126  127  129  132  137  149  170  198  231  263  293  322  351
  383  418  453  486  519  552  586  622  658  695  731  763  790  811  828  839
  845  845  840  829  816  800  784  770  758  749  739  725  706  684  662  637
  612  593  578  559  542  524  507  498  441                                   
    10.0-180.0 180.0   5.0 450.0                            LAT/LON1/LON2/DLON/H
  456  454  441  410  367  330  289  256  227  205  183  165  151  144  140  137
  136  135  135  136  136  136  136  141  153  175  206  242  276  307  336  365
  396  428  460  491  521  554  588  624  661  698  732  761  784  802  813  819
  818  812  800  786  770  753  734  716  699  685  671  657  640  620  599  575
  550  532  522  513  512  511  507  502  456                                   
     7.5-180.0 180.0   5.0 450.0                            LAT/LON1/LON2/DLON/H
  457  465  456  425  384  346  302  267  236  213  192  174  161  154  150  148
  146  147  148  149  147  144  142  145  157  181  215  254  290  322  351  379
