data/edconvlstm_nd/pred0080.15i
     1.0            IONOSPHERE MAPS     GNSS                IONEX VERSION / TYPE
pyspatialgeodesy        IME             05-JAN-18 20:20     PGM / RUN BY / DATE 
Map Name                                                    COMMENT             
Predicted global ionosphere maps (GIM).                     DESCRIPTION         
  2015     1     8     0     0     0                        EPOCH OF FIRST MAP  
  2015     1     9     0     0     0                        EPOCH OF LAST MAP   
  7200                                                      INTERVAL            
    13                                                      # OF MAPS IN FILE   
  NONE                                                      MAPPING FUNCTION    
10.0                                                        ELEVATION CUTOFF    
One-way carrier phase leveled to code                       OBSERVABLES USED    
  6371.0                                                    BASE RADIUS         
 2                                                          MAP DIMENSION       
   450.0 450.0   0.0                                        HGT1 / HGT2 / DHGT  
    87.5 -87.5  -2.5                                        LAT1 / LAT2 / DLAT  
  -180.0 180.0   5.0                                        LON1 / LON2 / DLON  
    -1                                                      EXPONENT            
                                                            END OF HEADER       
[from data line 2574]
     7                                                      START OF TEC MAP    
  2015     1     8    12     0     0                        EPOCH OF CURRENT MAP
    87.5-180.0 180.0   5.0 450.0                            LAT/LON1/LON2/DLON/H
   78   94   96   98  100  101  102   99  101  105  106  109  111  113  114  116
  117  119  120  120  121  122  122  122  122  122  122  122  122  122  122  122
  122  122  123  123  123  124  124  125  125  126  127  127  128  128  128  129
  129  129  128  128  128  127  126  125  124  122  121  119  117  115  113  111
  110  109  104   99  100   98  109  103   78                                   
    85.0-180.0 180.0   5.0 450.0                            LAT/LON1/LON2/DLON/H
   87   99  112   95   95   99  100  102  104  108  110  113  115  118  120  122
  124  126  127  128  129  129  129  129  129  128  128  128  127  127  126  126
  126  127  127  128  129  130  132  134  136  138  139  141  143  144  146  147
  147  148  148  148  147  146  145  143  141  139  137  134  131  129  125  123
  121  117  109  101   98   97  106  105   87                                   
    82.5-180.0 180.0   5.0 450.0                            LAT/LON1/LON2/DLON/H
   83   88   97   83   83   86   89   91   95  100  103  108  111  115  118  120
  123  124  126  126  127  127  126  126  125  124  122  121  120  119  118  118
  117  118  118  119  121  123  126  129  133  136  140  144  147  150  153  155
  157  158  158  159  158  158  156  155  152  150  147  143  140  135  131  127
  123  118  109   99   96   97   93   89   83                                   
    80.0-180.0 180.0   5.0 450.0                            LAT/LON1/LON2/DLON/H
   74   71   81   70   68   66   70   74   79   84   88   94   98  102  106  109
  112  114  116  117  117  117  116  115  113  112  110  108  106  104  103  101
  101  100  100  101  103  106  109  113  118  124  130  136  141  146  151  155
  158  160  162  163  164  164  164  162  161  158  155  152  147  142  137  131
  126  119  110  101   91   89   86   85   74                                   
    77.5-180.0 180.0   5.0 450.0                            LAT/LON1/LON2/DLON/H
   75   67   68   60   56   55   58   62   67   71   75   82   87   92   97  101
  104  107  108  110  110  111  110  110  108  107  105  103  101   99   97   95
   94   93   92   92   93   95   98  102  108  114  121  129  136  143  149  154
  159  163  166  169  171  173  174  175  174  173  171  168  164  159  153  146
  138  130  120  110   98   86   81   79   75                                   
    75.0-180.0 180.0   5.0 450.0                            LAT/LON1/LON2/DLON/H
   69   65   63   57   53   53   53   55   58   62   65   71   75   80   85   89
   93   96   98  100  102  103  104  105  105  104  104  103  102  101   99   98
   96   94   92   90   89   89   90   93   98  104  111  119  127  134  141  147
  153  157  162  166  170  173  176  179  181  182  181  179  176  172  166  159
  152  143  133  119  109   95   88   77   69                                   
    72.5-180.0 180.0   5.0 450.0                            LAT/LON1/LON2/DLON/H
   78   76   71   66   60   60   59   58   58   60   61   65   69   73   77   81
   85   88   91   95   98  101  104  107  109  111  112  114  115  116  117  118
  117  115  111  107  102   98   96   96   98  102  107  114  120  127  132  138
  142  147  151  156  161  166  171  176  181  184  185  186  184  181  176  171
  164  156  148  135  123  112  103   95   78                                   
    70.0-180.0 180.0   5.0 450.0                            LAT/LON1/LON2/DLON/H
   91   90   87   82   75   72   68   66   64   63   62   63   65   68   71   74
   77   81   85   90   95  101  107  113  118  122  127  132  137  143  148  152
  154  153  149  143  134  125  118  113  111  111  113  117  121  125  128  130
  132  135  138  142  147  153  160  167  174  179  182  184  184  182  179  174
  169  162  156  145  136  127  123  113   91                                   
    67.5-180.0 180.0   5.0 450.0                            LAT/LON1/LON2/DLON/H
  102  106  104   99   93   91   86   81   76   72   68   68   67   68   70   72
   75   79   83   90   97  105  114  122  130  138  146  155  165  176  187  196
  203  206  204  196  184  171  157  146  138  133  131  130  131  130  129  127
  125  123  123  126  130  136  144  152  160  166  171  174  174  173  171  169
  165  160  155  146  139  135  130  120  102                                   
    65.0-180.0 180.0   5.0 450.0                            LAT/LON1/LON2/DLON/H
  109  116  116  115  109  109  104   99   92   86   80   77   74   74   74   75
   77   80   85   91  100  111  121  132  142  152  163  176  192  208  226  242
  255  263  265  259  247  230  211  194  179  169  162  156  152  147  140  133
  125  118  114  113  115  120  126  134  142  148  153  156  157  156  155  153
  151  147  145  138  135  135  131  124  109                                   
    62.5-180.0 180.0   5.0 450.0                            LAT/LON1/LON2/DLON/H
  109  118  120  122  121  123  120  115  107   99   92   87   84   82   81   81
   82   84   88   94  103  114  126  137  148  160  173  190  210  233  257  280
  300  314  321  319  309  291  269  247  227  211  199  188  179  168  156  143
  130  117  108  102  100  102  106  112  118  124  128  131  132  132  131  130
  128  126  125  120  119  119  118  114  109                                   
    60.0-180.0 180.0   5.0 450.0                            LAT/LON1/LON2/DLON/H
  100  111  115  120  122  127  126  123  116  109  101   96   92   90   89   88
   87   88   90   95  103  114  125  135  146  158  173  193  219  248  279  309
  336  356  369  371  363  347  324  299  276  255  238  223  209  194  177  158
  140  122  108   97   91   88   88   91   94   98  102  104  105  105  104  104
  103  101  102   98   98   98   98   96  100                                   
    57.5-180.0 180.0   5.0 450.0                            LAT/LON1/LON2/DLON/H
   87   99  104  111  116  124  125  125  120  114  107  103  100   98   97   96
   94   93   93   96  103  111  121  130  138  149  166  189  221  257  295  332
  364  390  407  414  410  395  373  347  321  298  277  259  241  223  203  181
  158  137  117  102   91   83   78   77   77   79   81   83   84   85   85   85
   85   84   85   82   82   78   78   78   87                                   
    55.0-180.0 180.0   5.0 450.0                            LAT/LON1/LON2/DLON/H
   75   86   92   99  105  114  117  119  116  112  108  105  104  103  103  102
   99   96   95   96  101  107  114  120  127  137  154  181  218  261  306  348
  386  415  436  446  444  431  411  385  358  333  310  290  271  251  229  205
  181  157  135  115   99   87   77   71   68   67   68   70   72   73   74   76
   77   77   79   75   74   67   66   65   75                                   
    52.5-180.0 180.0   5.0 450.0                            LAT/LON1/LON2/DLON/H
   67   76   80   86   93  101  105  107  107  106  104  103  103  104  105  104
  101   98   95   95   97  102  106  110  115  125  144  174  216  265  314  360
  400  432  454  465  465  455  436  411  384  359  335  314  294  274  253  230
  205  181  158  136  117  100   86   75   69   66   66   68   70   71   74   77
   80   82   86   82   80   70   65   62   67                                   
    50.0-180.0 180.0   5.0 450.0                            LAT/LON1/LON2/DLON/H
   67   73   73   76   81   87   90   94   95   96   96   97   99  101  102  102
  100   97   94   93   94   97  100  102  107  117  139  173  219  270  322  368
  408  438  459  471  472  464  448  425  400  374  351  330  310  291  272  251
  229  207  185  162  140  120  102   88   78   73   72   73   75   78   81   86
   91   97  102  100   96   85   77   69   67                                   
    47.5-180.0 180.0   5.0 450.0                            LAT/LON1/LON2/DLON/H
   75   78   73   71   72   75   76   80   83   86   88   91   93   95   97   98
   96   94   92   92   92   94   96   99  105  118  143  181  229  280  329  372
  407  434  453  464  467  461  448  429  406  382  359  339  320  303  286  268
  250  231  210  189  166  143  121  104   92   86   83   83   84   87   91   99
  107  116  124  123  120  109   98   86   75                                   
    45.0-180.0 180.0   5.0 450.0                            LAT/LON1/LON2/DLON/H
   89   88   78   71   67   66   65   68   73   78   82   85   88   90   91   92
   92   91   90   90   92   94   96  101  109  127  156  197  245  294  337  373
  401  422  437  447  451  450  441  426  406  385  364  344  327  311  295  280
  265  249  231  210  187  163  140  121  107   98   94   92   92   94   99  109
  120  133  143  146  145  137  124  109   89                                   
    42.5-180.0 180.0   5.0 450.0                            LAT/LON1/LON2/DLON/H
  104  100   86   76   67   62   59   62   67   73   79   83   85   86   87   87
   87   88   89   90   93   96  100  107  120  143  177  219  265  309  344  372
  391  405  417  427  434  436  432  422  406  388  369  350  333  316  301  287
  274  260  244  224  202  177  153  133  117  107  100   96   95   96  102  114
  128  144  157  162  162  157  144  129  104                                   
    40.0-180.0 180.0   5.0 450.0                            LAT/LON1/LON2/DLON/H
  114  109   94   82   70   62   58   60   66   74   80   85   86   86   85   84
   85   86   88   91   95  100  106  117  135  163  201  244  287  323  351  369
  382  392  402  412  422  428  429  423  411  397  380  362  343  325  308  292
  278  264  249  230  208  184  160  140  123  112  103   97   94   95  102  116
  132  149  163  167  169  165  153  140  114                                   
    37.5-180.0 180.0   5.0 450.0                            LAT/LON1/LON2/DLON/H
  117  112   98   86   74   65   61   63   70   79   86   91   92   90   87   85
   84   86   89   93   98  105  114  129  152  186  226  268  306  336  357  370
  379  387  398  411  423  432  436  434  427  416  401  383  361  339  318  299
  282  267  250  232  210  187  165  145  128  116  106   99   96   97  106  120
  138  154  166  167  165  160  149  139  117                                   
    35.0-180.0 180.0   5.0 450.0                            LAT/LON1/LON2/DLON/H
  113  108   96   86   75   68   67   69   77   86   95  100  100   97   92   88
   86   87   91   96  102  111  124  143  172  209  251  290  323  348  364  375
  384  396  410  425  440  451  457  458  455  447  435  416  391  363  336  311
  290  272  254  235  214  192  171  152  137  125  115  109  106  110  120  136
  152  166  173  167  159  148  139  131  113                                   
    32.5-180.0 180.0   5.0 450.0                            LAT/LON1/LON2/DLON/H
  106  102   92   84   77   72   73   77   85   95  104  109  109  105   98   92
   89   89   93   99  107  118  135  159  193  234  275  312  340  361  375  387
  401  418  437  456  473  485  492  495  495  492  481  461  432  398  364  333
  306  284  265  245  225  205  186  169  155  145  137  132  133  139  152  169
  183  192  193  177  160  140  129  120  106                                   
    30.0-180.0 180.0   5.0 450.0                            LAT/LON1/LON2/DLON/H
  102   98   89   82   79   77   81   85   92  102  111  116  116  111  103   95
   91   91   95  102  112  126  148  179  218  260  300  334  359  377  391  408
  428  452  477  500  517  529  536  542  545  545  536  515  482  443  402  365
  334  309  288  268  249  231  214  200  188  180  175  175  179  190  205  221
  232  235  227  201  172  142  127  114  102                                   
    27.5-180.0 180.0   5.0 450.0                            LAT/LON1/LON2/DLON/H
  105  100   90   84   84   84   89   92   98  106  114  118  118  113  105   97
   92   92   97  105  118  137  166  203  246  290  328  358  380  396  413  435
  464  496  526  550  567  578  585  592  599  602  594  573  538  494  448  408
  375  348  327  308  291  275  260  247  238  232  231  235  244  259  275  290
  295  291  273  238  199  158  137  115  105                                   
    25.0-180.0 180.0   5.0 450.0                            LAT/LON1/LON2/DLON/H
  118  111   98   91   92   93   97   98  102  107  112  115  114  109  102   95
   91   92   98  110  127  152  187  230  277  321  357  385  404  420  439  467
  503  542  575  599  614  623  630  639  648  654  649  628  592  547  501  460
  427  401  381  364  349  334  321  309  301  298  299  307  321  337  353  364
  363  352  324  285  237  187  158  126  118                                   
    22.5-180.0 180.0   5.0 450.0                            LAT/LON1/LON2/DLON/H
  141  132  114  105  104  104  106  105  104  106  108  108  106  101   95   90
   89   93  102  116  139  170  212  260  308  352  387  412  430  446  468  500
  540  582  615  638  650  657  665  675  687  695  691  673  639  597  554  516
  485  461  443  429  415  402  389  378  371  368  371  381  395  411  424  428
  420  404  369  331  278  222  187  148  141                                   
    20.0-180.0 180.0   5.0 450.0                            LAT/LON1/LON2/DLON/H
  171  159  135  123  120  118  117  112  108  106  103  100   96   91   87   85
   87   95  107  127  155  192  238  289  338  381  415  439  456  472  494  527
  568  608  639  659  669  676  684  696  709  719  718  703  673  637  601  569
  542  520  503  490  478  465  453  442  434  431  433  441  453  464  470  467
  452  433  397  363  313  258  220  177  171                                   
    17.5-180.0 180.0   5.0 450.0                            LAT/LON1/LON2/DLON/H
  201  188  159  144  138  133  129  120  113  107  100   94   88   83   81   82
   88  100  117  141  174  216  265  316  364  405  438  461  479  494  516  547
  583  618  645  661  670  678  688  701  716  726  727  715  693  666  637  611
  588  568  552  538  526  513  500  488  480  475  474  477  482  484  482  470
  451  433  400  374  331  284  250  208  201                                   
    15.0-180.0 180.0   5.0 450.0                            LAT/LON1/LON2/DLON/H
  224  211  182  166  155  147  140  129  119  111  101   92   84   79   79   83
   93  109  131  160  196  240  289  339  384  423  454  477  495  511  530  556
  586  614  635  649  660  670  681  695  709  720  722  715  700  680  660  639
  619  601  585  570  556  541  526  513  502  494  488  483  478  470  458  439
  417  401  376  359  328  293  266  228  224                                   
    12.5-180.0 180.0   5.0 450.0                            LAT/LON1/LON2/DLON/H
  234  223  198  182  170  159  150  139  128  118  106   94   85   81   82   89
  102  121  147  180  219  263  311  357  398  433  463  487  505  521  537  558
  580  600  617  631  645  658  671  684  697  706  709  706  696  684  669  654
  637  620  602  585  567  549  531  515  502  489  477  464  449  431  410  385
  361  346  331  322  303  283  265  234  234                                   
    10.0-180.0 180.0   5.0 450.0                            LAT/LON1/LON2/DLON/H
  229  220  204  190  179  166  157  146  136  125  113  100   91   87   90   98
  113  135  164  199  240  284  327  369  405  438  466  490  509  524  538  554
  570  585  600  617  634  651  665  676  686  693  696  694  689  680  671  659
  645  627  608  587  565  542  520  501  485  469  450  429  406  380  353  324
  299  286  277  275  266  258  247  223  229                                   
     7.5-180.0 180.0   5.0 450.0                            LAT/LON1/LON2/DLON/H
  212  207  199  189  181  167  159  150  141  131  119  108   99   96  100  109
  124  147  177  215  257  299  339  375  407  437  464  488  508  523  536  548
