data/edconvlstm_nd/pred1560.15i
     1.0            IONOSPHERE MAPS     GNSS                IONEX VERSION / TYPE
pyspatialgeodesy        IME             05-JAN-18 20:20     PGM / RUN BY / DATE 
Map Name                                                    COMMENT             
Predicted global ionosphere maps (GIM).                     DESCRIPTION         
  2015     6     5     0     0     0                        EPOCH OF FIRST MAP  
  2015     6     6     0     0     0                        EPOCH OF LAST MAP   
  7200                                                      INTERVAL            
    13                                                      # OF MAPS IN FILE   
  NONE                                                      MAPPING FUNCTION    
10.0                                                        ELEVATION CUTOFF    
One-way carrier phase leveled to code                       OBSERVABLES USED    
  6371.0                                                    BASE RADIUS         
 2                                                          MAP DIMENSION       
   450.0 450.0   0.0                                        HGT1 / HGT2 / DHGT  
    87.5 -87.5  -2.5                                        LAT1 / LAT2 / DLAT  
  -180.0 180.0   5.0                                        LON1 / LON2 / DLON  
    -1                                                      EXPONENT            
                                                            END OF HEADER       
[from data line 2574]
     7                                                      START OF TEC MAP    
  2015     6     5    12     0     0                        EPOCH OF CURRENT MAP
    87.5-180.0 180.0   5.0 450.0                            LAT/LON1/LON2/DLON/H
  180  175  168  174  175  174  173  172  173  174  174  175  175  175  176  176
  176  176  176  177  177  177  177  177  176  176  176  176  176  176  176  176
  175  175  175  175  175  175  175  175  176  176  176  177  177  178  179  180
  181  182  182  183  184  184  185  185  185  185  185  185  184  184  183  182
  181  181  178  177  181  180  184  183  180                                   
    85.0-180.0 180.0   5.0 450.0                            LAT/LON1/LON2/DLON/H
  167  167  174  171  170  172  173  174  175  176  176  176  177  178  178  179
  179  179  180  180  180  180  180  181  181  181  181  181  181  181  181  180
  180  180  180  179  179  179  179  179  179  179  180  180  181  182  183  185
  186  187  189  190  191  192  193  194  194  194  194  194  193  192  191  189
  189  188  182  181  178  177  180  185  167                                   
    82.5-180.0 180.0   5.0 450.0                            LAT/LON1/LON2/DLON/H
  152  161  162  158  157  161  162  163  164  166  167  168  169  170  171  172
  173  173  174  174  174  174  175  175  175  175  175  176  176  176  176  176
  175  175  174  174  173  172  172  171  171  171  172  173  174  176  177  179
  182  184  186  188  190  192  193  194  195  195  194  194  192  191  189  186
  184  181  175  175  171  176  176  168  152                                   
    80.0-180.0 180.0   5.0 450.0                            LAT/LON1/LON2/DLON/H
  150  156  157  157  156  157  159  163  165  168  169  171  173  174  175  176
  177  178  178  178  178  178  178  178  179  179  179  179  180  180  180  179
  179  178  177  176  174  173  172  171  170  170  171  172  173  175  178  181
  183  186  189  192  195  197  199  200  201  201  201  200  198  196  193  191
  188  184  177  176  170  170  174  164  150                                   
    77.5-180.0 180.0   5.0 450.0                            LAT/LON1/LON2/DLON/H
  154  153  155  156  154  157  159  163  166  169  170  173  175  177  179  180
  181  181  182  182  182  182  182  182  182  182  183  184  184  185  186  186
  185  184  183  181  179  177  175  173  172  171  172  173  175  177  180  183
  186  190  193  196  199  201  204  205  206  206  206  205  203  201  198  194
  190  186  179  176  174  169  170  166  154                                   
    75.0-180.0 180.0   5.0 450.0                            LAT/LON1/LON2/DLON/H
  153  154  152  155  154  158  160  164  168  171  173  176  179  181  183  184
  185  186  186  186  186  185  185  185  185  186  187  188  190  191  192  193
  193  192  191  188  186  182  180  177  175  175  175  176  177  180  183  185
  189  192  195  197  200  202  204  206  207  208  208  208  206  205  202  199
  195  191  184  178  176  173  173  164  153                                   
    72.5-180.0 180.0   5.0 450.0                            LAT/LON1/LON2/DLON/H
  154  155  152  155  154  157  161  164  168  171  173  176  179  181  183  184
  185  186  186  186  186  185  185  185  185  186  187  189  191  194  196  198
  199  199  197  194  191  187  184  181  179  178  178  179  181  183  185  187
  189  191  193  194  196  197  199  201  202  203  205  205  205  205  204  202
  199  195  190  185  180  178  177  172  154                                   
    70.0-180.0 180.0   5.0 450.0                            LAT/LON1/LON2/DLON/H
  160  157  154  155  153  155  158  161  165  168  170  173  176  178  180  181
  182  183  184  183  183  182  182  181  182  182  184  187  190  194  197  200
  202  202  201  198  194  190  186  183  181  181  181  183  184  186  187  188
  188  188  188  188  188  188  189  190  192  194  196  199  201  202  204  204
  203  200  196  192  187  186  187  181  160                                   
    67.5-180.0 180.0   5.0 450.0                            LAT/LON1/LON2/DLON/H
  165  162  158  158  155  156  157  160  163  166  168  171  174  176  178  180
  181  182  182  182  182  181  181  180  180  181  183  186  190  195  199  203
  206  206  205  202  199  194  191  188  187  187  188  190  192  193  193  193
  191  189  186  183  181  180  180  181  183  186  190  194  198  202  205  208
  209  209  206  202  196  196  195  190  165                                   
    65.0-180.0 180.0   5.0 450.0                            LAT/LON1/LON2/DLON/H
  170  166  160  158  152  152  152  153  156  159  161  165  168  171  173  175
  177  178  178  178  178  177  177  176  177  178  180  184  189  194  200  204
  207  209  208  205  202  198  195  193  193  194  196  198  200  201  200  198
  194  189  184  180  176  174  173  174  176  179  184  189  195  201  207  212
  215  216  215  212  207  207  207  200  170                                   
    62.5-180.0 180.0   5.0 450.0                            LAT/LON1/LON2/DLON/H
  173  168  160  156  148  146  144  145  147  150  153  157  161  164  167  169
  171  172  173  173  173  173  173  173  174  175  178  183  188  194  201  206
  209  211  210  208  205  202  199  199  199  202  205  207  209  209  207  203
  198  192  186  180  176  172  171  171  173  177  182  188  194  201  208  214
  219  222  221  219  214  214  213  207  173                                   
    60.0-180.0 180.0   5.0 450.0                            LAT/LON1/LON2/DLON/H
  174  167  158  152  142  138  134  134  135  138  141  146  150  155  159  162
  164  165  166  166  166  167  167  169  171  173  177  183  189  196  202  208
  212  213  213  211  209  206  205  205  207  210  213  216  217  217  214  209
  203  196  190  184  179  176  174  174  176  179  184  189  195  202  209  215
  220  223  223  221  217  216  215  209  174                                   
    57.5-180.0 180.0   5.0 450.0                            LAT/LON1/LON2/DLON/H
  172  164  154  147  135  130  125  123  124  126  129  134  140  145  150  154
  157  159  159  160  160  161  163  165  169  173  178  185  192  199  206  212
  216  218  218  217  215  214  214  215  217  220  223  225  225  224  220  215
  209  203  197  191  187  184  183  183  184  186  190  194  199  204  210  215
  219  221  221  220  215  213  213  206  172                                   
    55.0-180.0 180.0   5.0 450.0                            LAT/LON1/LON2/DLON/H
  169  159  150  142  130  124  118  115  114  116  119  123  129  135  141  146
  150  152  154  154  155  157  159  163  168  174  181  188  196  204  211  217
  221  223  224  224  224  224  225  226  229  231  232  233  232  229  224  219
  214  209  204  200  197  195  194  194  195  196  198  200  203  206  210  214
  216  217  216  214  209  206  205  199  169                                   
    52.5-180.0 180.0   5.0 450.0                            LAT/LON1/LON2/DLON/H
  166  156  147  140  128  121  115  111  109  109  111  115  120  126  132  139
  144  148  150  151  152  154  157  162  168  175  183  192  201  209  216  222
  226  230  232  234  236  238  239  241  242  243  243  241  237  233  228  223
  218  214  211  209  207  206  205  205  205  205  205  206  207  208  210  212
  212  212  210  207  202  198  196  190  166                                   
    50.0-180.0 180.0   5.0 450.0                            LAT/LON1/LON2/DLON/H
  162  153  146  140  129  123  117  112  109  108  108  110  113  119  126  133
  140  146  149  152  153  155  159  164  170  178  187  196  204  213  220  227
  232  237  242  246  250  253  256  258  258  257  254  250  244  237  231  226
  222  219  216  215  214  213  212  212  212  211  211  210  210  210  211  211
  211  209  206  201  195  190  188  181  162                                   
    47.5-180.0 180.0   5.0 450.0                            LAT/LON1/LON2/DLON/H
  160  152  147  142  133  128  123  118  114  111  109  109  111  115  122  130
  139  146  152  156  158  160  164  168  174  181  190  198  207  215  223  230
  237  244  252  259  265  271  275  278  277  274  269  261  253  244  236  230
  226  223  220  218  217  216  215  215  215  214  214  213  213  213  213  213
  212  210  205  200  192  187  184  176  160                                   
    45.0-180.0 180.0   5.0 450.0                            LAT/LON1/LON2/DLON/H
  158  152  149  145  139  134  131  126  123  119  115  113  113  115  120  129
  140  149  157  163  166  169  172  175  180  186  193  200  208  216  224  233
  242  252  262  272  282  290  296  299  299  295  287  277  266  255  246  238
  233  228  224  220  217  215  214  214  214  214  215  215  216  217  218  219
  218  216  210  203  194  187  183  174  158                                   
    42.5-180.0 180.0   5.0 450.0                            LAT/LON1/LON2/DLON/H
  156  153  150  147  143  140  139  135  132  128  124  120  117  118  122  131
  142  154  164  172  177  180  182  184  187  191  196  202  209  216  225  236
  247  260  274  287  299  310  319  324  324  320  311  299  286  273  261  252
  244  237  230  224  219  215  213  213  214  216  217  219  221  223  226  229
  228  226  220  211  200  192  187  177  156                                   
    40.0-180.0 180.0   5.0 450.0                            LAT/LON1/LON2/DLON/H
  156  153  150  147  145  144  144  142  140  138  134  129  125  123  125  133
  145  159  171  181  187  191  193  194  195  197  200  204  210  217  227  239
  254  270  287  303  318  332  343  350  352  348  339  326  312  297  283  271
  261  251  242  233  225  220  218  218  219  221  224  227  230  234  238  242
  242  239  232  222  210  200  193  182  156                                   
    37.5-180.0 180.0   5.0 450.0                            LAT/LON1/LON2/DLON/H
  156  154  149  145  144  144  145  145  146  145  142  138  132  129  130  137
  148  162  176  188  196  201  203  203  203  203  204  207  213  221  232  246
  263  282  301  320  338  354  368  377  382  380  371  358  342  326  311  297
  285  273  261  250  240  234  231  231  232  235  238  241  245  249  254  258
  257  254  246  234  220  208  200  188  156                                   
    35.0-180.0 180.0   5.0 450.0                            LAT/LON1/LON2/DLON/H
  158  155  149  143  142  142  144  145  147  148  148  144  139  135  134  139
  150  164  179  192  202  208  211  211  210  209  210  212  218  227  239  256
  276  297  318  339  357  375  391  404  412  412  405  392  376  359  343  329
  315  302  289  277  267  259  256  255  256  258  260  262  265  269  272  275
  273  268  258  245  229  217  208  195  158                                   
    32.5-180.0 180.0   5.0 450.0                            LAT/LON1/LON2/DLON/H
  163  159  151  143  141  140  143  143  146  149  150  148  144  139  138  141
  150  163  178  193  204  212  215  216  215  214  215  219  226  236  250  269
  291  314  336  357  376  395  413  428  438  441  435  424  408  392  377  363
  351  338  326  314  304  297  292  290  290  289  289  289  290  290  291  290
  285  278  266  252  236  223  214  201  163                                   
    30.0-180.0 180.0   5.0 450.0                            LAT/LON1/LON2/DLON/H
  171  167  157  148  144  142  143  142  145  147  149  149  146  142  139  141
  148  160  175  190  203  211  216  217  217  218  220  226  235  247  264  284
  308  331  354  374  392  411  430  446  458  463  459  449  435  422  409  398
  388  379  369  359  350  343  338  334  330  326  322  318  314  311  307  302
  293  283  269  254  238  226  218  207  171                                   
    27.5-180.0 180.0   5.0 450.0                            LAT/LON1/LON2/DLON/H
  181  177  166  157  152  149  148  145  145  146  148  148  146  142  139  139
  144  155  169  184  198  208  214  216  217  219  224  233  245  259  278  300
  324  347  368  387  404  421  440  457  469  475  473  465  454  444  436  429
  424  419  413  406  399  392  385  377  369  361  352  343  334  325  316  307
  294  282  266  251  237  227  220  211  181                                   
    25.0-180.0 180.0   5.0 450.0                            LAT/LON1/LON2/DLON/H
  192  190  180  169  164  160  157  151  148  147  147  147  145  140  137  136
  140  149  162  177  191  202  208  212  214  219  227  238  253  271  291  313
  337  359  379  395  411  427  443  459  471  477  476  471  464  458  454  453
  453  452  450  446  440  433  424  413  400  387  373  359  345  331  318  304
  289  275  259  245  232  225  221  215  192                                   
    22.5-180.0 180.0   5.0 450.0                            LAT/LON1/LON2/DLON/H
  201  202  193  184  178  174  169  162  155  150  148  146  143  138  134  132
  135  143  155  169  183  194  202  206  210  217  227  242  260  279  301  323
  346  367  385  400  413  427  442  456  466  471  471  468  465  463  464  467
  471  474  475  473  467  459  447  433  416  398  380  362  345  327  311  295
  279  264  248  236  225  221  220  216  201                                   
    20.0-180.0 180.0   5.0 450.0                            LAT/LON1/LON2/DLON/H
  206  210  204  195  190  186  181  173  164  156  150  146  141  136  131  128
  130  137  149  162  176  187  195  200  206  214  227  244  264  286  308  331
  352  372  388  401  413  425  438  449  457  461  461  460  460  463  467  473
  479  483  485  483  477  467  453  436  416  396  375  355  335  316  297  281
  265  251  237  226  218  216  217  214  206                                   
    17.5-180.0 180.0   5.0 450.0                            LAT/LON1/LON2/DLON/H
  205  212  208  201  196  193  189  181  172  162  154  147  141  135  129  125
  126  133  143  156  169  180  189  196  203  213  227  245  267  290  314  336
  357  376  391  403  414  424  434  443  449  451  452  453  455  460  466  472
  478  481  482  478  471  459  444  425  404  382  360  339  318  298  280  265
  250  239  227  217  210  209  212  209  205                                   
    15.0-180.0 180.0   5.0 450.0                            LAT/LON1/LON2/DLON/H
  199  207  205  198  194  191  190  184  175  166  156  149  142  134  128  124
  124  129  139  151  163  175  184  193  202  213  228  247  270  295  320  343
  363  381  395  407  416  426  434  440  444  446  447  448  452  458  463  467
  470  471  468  462  453  440  424  404  383  361  340  318  298  279  262  249
  237  228  218  210  203  202  205  201  199                                   
    12.5-180.0 180.0   5.0 450.0                            LAT/LON1/LON2/DLON/H
  189  197  195  187  184  181  182  179  173  165  156  149  142  134  127  123
  122  127  136  147  159  170  182  192  203  215  231  252  276  302  327  351
  371  388  402  413  422  431  438  444  446  447  447  450  454  457  460  461
  459  455  450  441  430  417  401  382  362  341  319  298  278  261  246  236
  227  220  212  204  196  194  196  191  189                                   
    10.0-180.0 180.0   5.0 450.0                            LAT/LON1/LON2/DLON/H
  177  183  181  171  168  165  168  167  164  158  152  146  140  133  126  122
  121  125  133  143  155  167  180  193  206  221  238  259  284  310  336  360
  380  397  410  422  431  440  447  452  453  454  454  456  458  459  457  453
  446  439  430  420  408  395  381  364  345  325  304  283  263  247  235  227
  220  216  208  200  191  187  187  180  177                                   
     7.5-180.0 180.0   5.0 450.0                            LAT/LON1/LON2/DLON/H
  166  170  166  155  151  148  151  151  150  147  143  140  135  130  124  120
  119  123  130  140  152  165  179  195  211  228  247  268  293  320  346  370
