data/edconvlstm_nd/pred0410.15i
     1.0            IONOSPHERE MAPS     GNSS                IONEX VERSION / TYPE
pyspatialgeodesy        IME             05-JAN-18 20:20     PGM / RUN BY / DATE 
Map Name                                                    COMMENT             
Predicted global ionosphere maps (GIM).                     DESCRIPTION         
  2015     2    10     0     0     0                        EPOCH OF FIRST MAP  
  2015     2    11     0     0     0                        EPOCH OF LAST MAP   
  7200                                                      INTERVAL            
    13                                                      # OF MAPS IN FILE   
  NONE                                                      MAPPING FUNCTION    
10.0                                                        ELEVATION CUTOFF    
One-way carrier phase leveled to code                       OBSERVABLES USED    
  6371.0                                                    BASE RADIUS         
 2                                                          MAP DIMENSION       
   450.0 450.0   0.0                                        HGT1 / HGT2 / DHGT  
    87.5 -87.5  -2.5                                        LAT1 / LAT2 / DLAT  
  -180.0 180.0   5.0                                        LON1 / LON2 / DLON  
    -1                                                      EXPONENT            
                                                            END OF HEADER       
[from data line 858]
     3                                                      START OF TEC MAP    
  2015     2    10     4     0     0                        EPOCH OF CURRENT MAP
    87.5-180.0 180.0   5.0 450.0                            LAT/LON1/LON2/DLON/H
  118  116  111  112  115  112  109  108  110  112  114  115  117  118  119  119
  119  119  118  118  116  115  113  112  110  108  106  104  103  101  100   99
   98   98   97   97   96   96   96   96   96   96   96   96   97   97   98   98
   99  100  101  102  102  103  104  104  104  105  105  105  105  104  103  104
  104  105  104  104  105  110  113  112  118                                   
    85.0-180.0 180.0   5.0 450.0                            LAT/LON1/LON2/DLON/H
  114  121  108  111  114  112  110  109  111  112  113  114  116  117  118  119
  119  119  118  117  116  114  112  110  108  105  103  102  100   99   98   97
   96   96   96   97   97   98   98   99  100  100  101  102  103  104  105  106
  107  108  110  111  112  114  115  116  117  117  118  118  118  117  117  117
  118  119  116  118  112  112  114  110  114                                   
    82.5-180.0 180.0   5.0 450.0                            LAT/LON1/LON2/DLON/H
  121  116  112  106  108  106  104  102  104  105  106  108  110  112  113  114
  114  114  113  112  110  107  104  101   97   94   91   89   87   85   84   84
   84   85   86   87   88   90   92   93   95   96   98   99  100  102  103  105
  107  110  112  115  118  120  123  125  127  129  130  130  130  130  129  129
  129  129  125  125  126  114  108  105  121                                   
    80.0-180.0 180.0   5.0 450.0                            LAT/LON1/LON2/DLON/H
  127  118  104   97   98   94   93   91   92   92   93   95   98  100  103  105
  106  106  105  104  101   98   94   90   86   82   78   75   73   72   71   72
   73   75   77   80   83   86   89   91   94   96   97   99  100  102  103  106
  109  112  116  121  125  130  135  139  142  145  147  148  148  148  147  146
  145  141  138  135  138  126  123  112  127                                   
    77.5-180.0 180.0   5.0 450.0                            LAT/LON1/LON2/DLON/H
  140  128  113  104  101   96   95   91   91   89   89   92   95   98  101  103
  105  106  105  103  101   97   92   87   82   78   74   71   68   68   68   69
   71   75   78   83   87   91   95   98  101  103  104  105  106  107  109  111
  115  120  127  134  142  150  157  164  170  175  178  179  180  179  178  177
  174  171  165  163  162  146  140  128  140                                   
    75.0-180.0 180.0   5.0 450.0                            LAT/LON1/LON2/DLON/H
  156  145  127  118  111  105  101   95   92   89   87   88   90   92   95   97
   99  100  100   99   97   93   89   85   80   75   71   68   66   66   66   68
   71   75   80   84   89   94   98  101  104  105  105  105  105  105  107  110
  115  122  131  142  153  165  176  186  194  200  204  207  207  207  205  204
  200  196  191  184  183  170  164  148  156                                   
    72.5-180.0 180.0   5.0 450.0                            LAT/LON1/LON2/DLON/H
  173  163  147  136  129  120  114  106  101   95   90   89   88   88   89   90
   91   92   93   93   92   90   87   83   80   76   73   71   70   70   71   73
   76   80   84   89   94   98  102  105  106  106  106  105  104  104  106  110
  117  127  139  154  170  185  199  212  222  229  233  235  235  233  230  228
  224  220  216  210  206  192  184  170  173                                   
    70.0-180.0 180.0   5.0 450.0                            LAT/LON1/LON2/DLON/H
  197  183  168  157  148  137  129  120  113  104   96   90   85   81   79   78
   78   78   79   81   81   82   81   80   78   76   74   73   72   72   73   75
   77   80   83   87   91   94   97   99   99   99   97   96   94   95   98  104
  113  127  144  163  183  203  220  235  246  253  257  257  256  252  248  245
  240  235  232  227  224  212  206  193  197                                   
    67.5-180.0 180.0   5.0 450.0                            LAT/LON1/LON2/DLON/H
  213  200  185  173  164  152  143  133  124  112  101   91   81   74   68   65
   64   64   65   67   70   72   74   74   74   74   74   73   73   73   73   73
   74   75   77   79   81   83   84   85   85   84   83   81   81   82   87   95
  108  126  148  172  196  219  239  255  267  274  276  275  271  265  259  254
  248  243  240  234  232  222  218  209  213                                   
    65.0-180.0 180.0   5.0 450.0                            LAT/LON1/LON2/DLON/H
  228  214  200  187  178  166  156  147  137  123  109   95   82   70   62   56
   53   53   54   57   61   65   68   71   72   73   73   74   73   73   72   71
   71   70   70   70   70   71   71   71   71   71   70   69   70   73   80   91
  108  129  155  184  212  237  259  276  287  293  294  291  286  278  270  264
  256  251  247  241  240  231  230  223  228                                   
    62.5-180.0 180.0   5.0 450.0                            LAT/LON1/LON2/DLON/H
  239  226  212  197  187  175  165  156  146  132  117  101   85   71   60   52
   48   47   49   52   56   60   64   67   69   70   71   72   71   70   69   67
   65   63   61   60   59   59   59   59   60   60   60   61   63   68   77   91
  111  136  165  196  226  253  275  292  303  308  309  305  299  291  282  275
  267  260  256  249  249  241  241  235  239                                   
    60.0-180.0 180.0   5.0 450.0                            LAT/LON1/LON2/DLON/H
  249  237  221  202  191  177  165  156  147  134  119  103   87   72   61   53
   49   47   48   50   53   57   60   62   63   65   65   66   65   65   63   61
   58   55   53   51   51   50   51   51   52   53   54   57   61   67   78   94
  116  144  175  208  239  266  288  304  315  320  320  317  312  304  296  288
  280  273  269  262  262  254  254  247  249                                   
    57.5-180.0 180.0   5.0 450.0                            LAT/LON1/LON2/DLON/H
  263  252  235  210  196  177  163  151  141  129  115  102   88   75   65   58
   54   52   52   52   54   55   56   56   57   57   57   58   58   58   57   55
   53   51   49   48   48   48   49   50   51   52   55   58   64   72   85  103
  127  156  188  221  251  278  299  315  325  330  332  330  326  320  314  307
  300  293  289  282  283  274  273  264  263                                   
    55.0-180.0 180.0   5.0 450.0                            LAT/LON1/LON2/DLON/H
  284  273  254  223  204  180  160  145  132  118  106   95   84   76   69   65
   62   60   59   57   56   54   52   51   50   50   50   51   51   52   52   52
   52   51   51   52   53   54   54   55   56   58   61   65   72   82   97  116
  141  170  202  234  264  289  310  325  334  340  343  343  341  338  333  329
  322  316  314  306  308  297  295  285  284                                   
    52.5-180.0 180.0   5.0 450.0                            LAT/LON1/LON2/DLON/H
  311  300  279  244  221  191  165  143  125  108   95   86   79   75   73   72
   71   69   67   63   59   55   51   48   46   46   46   47   48   50   52   53
   55   57   59   62   64   66   66   67   67   68   71   76   84   96  112  133
  159  188  219  250  278  302  320  334  344  349  353  355  355  354  352  349
  344  339  337  330  332  320  317  307  311                                   
    50.0-180.0 180.0   5.0 450.0                            LAT/LON1/LON2/DLON/H
  339  329  306  271  246  212  179  150  125  104   89   80   75   74   76   78
   79   77   74   68   63   58   53   50   48   47   47   49   51   53   56   59
   63   67   72   76   80   82   83   82   81   81   84   89   99  112  130  153
  179  208  238  267  293  314  331  344  352  358  362  364  366  366  365  364
  360  357  356  349  351  338  334  327  339                                   
    47.5-180.0 180.0   5.0 450.0                            LAT/LON1/LON2/DLON/H
  361  352  330  299  274  240  202  167  136  110   91   80   76   76   79   83
   84   83   79   74   69   64   61   58   56   55   55   56   58   60   63   67
   72   78   85   92   97  100  100   98   96   95   97  103  113  129  149  173
  200  229  257  283  307  326  341  351  359  363  367  369  370  371  369  368
  366  364  363  358  358  347  343  339  361                                   
    45.0-180.0 180.0   5.0 450.0                            LAT/LON1/LON2/DLON/H
  371  362  344  321  300  268  230  192  157  126  103   89   83   82   85   88
   89   87   84   80   77   75   73   72   71   69   68   68   68   69   71   75
   81   89   97  105  111  115  114  112  109  107  109  115  127  144  167  193
  220  248  274  297  318  334  347  356  362  365  368  368  368  366  364  362
  360  359  358  354  354  342  339  338  371                                   
    42.5-180.0 180.0   5.0 450.0                            LAT/LON1/LON2/DLON/H
  366  356  345  329  315  288  255  220  183  149  122  106   97   94   94   94
   94   92   91   90   90   91   91   91   89   87   84   81   78   77   78   82
   88   97  106  115  122  125  125  122  119  117  119  126  140  159  183  210
  238  264  287  308  326  340  351  358  363  366  366  366  364  360  357  354
  352  350  349  344  342  330  327  325  366                                   
    40.0-180.0 180.0   5.0 450.0                            LAT/LON1/LON2/DLON/H
  350  337  330  320  312  292  267  240  207  174  146  127  116  110  107  104
  101  100  101  104  108  111  112  111  108  104   98   93   88   85   85   88
   94  102  112  121  128  132  132  130  127  126  129  137  152  173  199  226
  253  277  298  317  332  345  354  361  366  368  368  366  364  361  358  355
  353  351  349  342  337  321  316  310  350                                   
    37.5-180.0 180.0   5.0 450.0                            LAT/LON1/LON2/DLON/H
  331  313  307  295  292  278  261  244  220  192  166  147  136  128  122  116
  112  112  117  124  130  133  133  129  123  116  110  103   98   94   93   96
  101  108  116  124  131  135  136  135  134  134  138  148  164  186  213  240
  266  288  308  325  339  351  361  368  373  375  376  375  375  375  376  376
  375  373  370  361  353  332  322  307  331                                   
    35.0-180.0 180.0   5.0 450.0                            LAT/LON1/LON2/DLON/H
  322  299  288  269  264  252  241  233  218  197  176  162  151  144  136  129
  126  129  137  147  154  155  150  142  133  125  119  114  109  106  104  105
  109  114  121  127  132  136  138  139  139  141  147  158  175  199  226  253
  277  299  317  334  349  362  373  381  387  390  393  397  402  408  415  421
  423  422  419  407  397  374  355  329  322                                   
    32.5-180.0 180.0   5.0 450.0                            LAT/LON1/LON2/DLON/H
  337  309  288  256  243  227  216  212  204  190  175  166  159  153  146  140
  139  146  159  171  176  172  161  149  139  133  130  127  124  121  120  120
  122  125  129  133  137  140  142  143  144  147  154  167  185  210  237  264
  289  309  328  345  361  376  388  398  405  412  419  429  443  460  476  490
  496  496  494  479  469  444  417  381  337                                   
    30.0-180.0 180.0   5.0 450.0                            LAT/LON1/LON2/DLON/H
  387  356  320  272  244  217  201  194  187  176  165  160  157  155  150  147
  150  161  177  189  191  181  166  153  146  144  145  145  145  144  143  144
  145  146  147  147  147  147  147  147  147  151  158  172  192  218  247  274
  299  319  337  355  373  390  405  418  428  438  451  471  497  527  556  579
  591  594  591  574  565  538  499  459  387                                   
    27.5-180.0 180.0   5.0 450.0                            LAT/LON1/LON2/DLON/H
  476  443  390  325  279  238  208  191  178  164  154  150  150  150  148  147
  154  169  186  197  195  182  168  158  157  162  168  173  176  178  179  181
  181  178  173  167  161  156  152  149  148  150  158  172  195  223  253  282
  307  328  348  367  388  407  425  440  453  468  489  520  559  604  648  683
  702  709  706  688  678  648  596  558  476                                   
    25.0-180.0 180.0   5.0 450.0                            LAT/LON1/LON2/DLON/H
  596  564  495  417  353  298  249  216  190  168  151  145  144  144  143  144
  152  168  184  192  188  178  169  169  178  191  204  214  220  224  228  228
  225  217  205  191  178  166  156  148  143  144  151  168  193  224  258  290
  317  340  363  385  409  432  453  470  487  507  535  575  627  685  742  788
  816  828  826  810  798  769  709  674  596                                   
    22.5-180.0 180.0   5.0 450.0                            LAT/LON1/LON2/DLON/H
  728  700  626  543  464  397  328  276  232  196  169  154  148  144  141  141
  148  161  174  180  177  174  177  191  212  236  255  267  273  277  278  276
  268  254  235  213  191  172  155  142  134  133  141  160  189  225  263  299
  330  358  384  411  438  464  488  510  530  554  588  634  694  760  825  877
  911  928  931  919  902  880  828  796  728                                   
    20.0-180.0 180.0   5.0 450.0                            LAT/LON1/LON2/DLON/H
  850  825  760  687  600  524  439  368  307  255  214  187  171  160  151  146
  147  155  163  167  169  177  196  226  264  297  317  325  324  322  318  312
  299  278  252  223  194  169  147  131  120  119  128  151  185  227  270  311
  346  379  409  440  470  499  526  551  576  603  640  690  751  819  884  936
  971  989  996  990  970  955  925  904  850                                   
    17.5-180.0 180.0   5.0 450.0                            LAT/LON1/LON2/DLON/H
  941  918  873  819  735  659  566  482  408  343  290  250  222  200  181  166
  160  159  162  165  173  193  230  281  332  368  380  374  361  348  338  324
  305  279  249  216  185  158  135  117  107  106  118  144  184  231  279  324
  364  401  436  469  502  532  561  588  615  646  684  733  792  855  913  958
  987 1001 1009 1007  986  975  972  969  941                                   
    15.0-180.0 180.0   5.0 450.0                            LAT/LON1/LON2/DLON/H
  987  970  947  915  846  777  686  600  521  452  391  342  302  267  236  211
  193  183  178  180  195  230  286  354  412  437  430  404  376  353  332  311
  286  257  226  196  169  145  124  107   97   98  113  143  186  236  288  336
  380  421  459  494  527  557  586  614  643  675  713  760  813  867  913  945
  963  968  974  973  953  946  962  979  987                                   
    12.5-180.0 180.0   5.0 450.0                            LAT/LON1/LON2/DLON/H
  987  978  975  963  914  858  777  698  626  562  503  451  404  361  319  282
  253  232  221  222  243  292  363  438  485  489  458  413  371  336  306  278
  250  222  197  175  155  138  120  105   96   98  114  146  191  243  296  346
  392  435  474  509  541  570  598  627  657  691  728  771  817  860  892  909
  914  910  911  908  891  887  913  942  987                                   
    10.0-180.0 180.0   5.0 450.0                            LAT/LON1/LON2/DLON/H
  950  947  958  961  932  892  826  759  702  651  604  558  513  467  421  378
  340  311  294  295  322  379  454  516  537  513  461  401  347  303  267  237
  211  191  176  165  154  141  126  112  104  106  123  155  199  249  301  350
  397  440  480  514  544  572  600  630  662  696  733  773  812  845  864  869
  863  851  848  844  830  827  853  883  950                                   
     7.5-180.0 180.0   5.0 450.0                            LAT/LON1/LON2/DLON/H
  898  897  911  921  907  881  829  778  737  705  674  641  604  565  524  484
  447  416  397  398  427  479  536  568  558  508  439  369  310  265  231  207
