data/edconvlstm_nd/pred1320.15i
     1.0            IONOSPHERE MAPS     GNSS                IONEX VERSION / TYPE
pyspatialgeodesy        IME             05-JAN-18 20:20     PGM / RUN BY / DATE 
Map Name                                                    COMMENT             
Predicted global ionosphere maps (GIM).                     DESCRIPTION         
  2015     5    12     0     0     0                        EPOCH OF FIRST MAP  
  2015     5    13     0     0     0                        EPOCH OF LAST MAP   
  7200                                                      INTERVAL            
    13                                                      # OF MAPS IN FILE   
  NONE                                                      MAPPING FUNCTION    
10.0                                                        ELEVATION CUTOFF    
One-way carrier phase leveled to code                       OBSERVABLES USED    
  6371.0                                                    BASE RADIUS         
 2                                                          MAP DIMENSION       
   450.0 450.0   0.0                                        HGT1 / HGT2 / DHGT  
    87.5 -87.5  -2.5                                        LAT1 / LAT2 / DLAT  
  -180.0 180.0   5.0                                        LON1 / LON2 / DLON  
    -1                                                      EXPONENT            
                                                            END OF HEADER       
[from data line 3003]
     8                                                      START OF TEC MAP    
  2015     5    12    14     0     0                        EPOCH OF CURRENT MAP
    87.5-180.0 180.0   5.0 450.0                            LAT/LON1/LON2/DLON/H
  182  180  175  180  186  187  187  187  189  190  191  192  192  193  194  194
  194  194  194  194  194  194  193  192  191  190  189  188  186  185  183  181
  179  176  174  172  170  168  166  164  162  161  160  160  160  159  160  160
  160  161  161  162  162  163  164  164  165  165  166  166  167  167  168  168
  169  170  170  169  177  175  177  176  182                                   
    85.0-180.0 180.0   5.0 450.0                            LAT/LON1/LON2/DLON/H
  176  180  189  185  187  192  193  196  197  198  199  200  201  201  202  202
  202  202  202  202  202  201  201  200  199  198  197  195  193  191  189  186
  183  180  177  174  171  168  165  163  161  160  159  159  159  159  160  161
  162  164  165  166  167  169  170  171  172  172  173  174  174  175  175  176
  177  178  175  175  176  170  173  175  176                                   
    82.5-180.0 180.0   5.0 450.0                            LAT/LON1/LON2/DLON/H
  156  175  175  174  179  186  188  191  192  194  195  196  197  198  198  199
  199  200  200  200  200  200  200  199  199  198  197  195  193  191  188  185
  181  177  172  168  163  159  155  151  149  147  146  146  147  148  150  152
  154  156  159  161  163  164  166  167  168  169  169  170  170  170  169  169
  169  168  165  167  166  169  165  151  156                                   
    80.0-180.0 180.0   5.0 450.0                            LAT/LON1/LON2/DLON/H
  147  160  161  164  167  171  174  178  181  182  183  185  186  186  187  188
  189  190  190  191  191  192  192  192  191  191  190  189  187  185  182  179
  174  169  164  158  152  146  141  137  134  132  132  132  134  137  140  144
  148  152  155  158  161  163  164  166  166  167  167  167  166  165  164  163
  162  160  156  154  150  148  149  137  147                                   
    77.5-180.0 180.0   5.0 450.0                            LAT/LON1/LON2/DLON/H
  146  152  152  155  159  164  165  169  171  172  173  174  174  175  176  178
  179  180  182  183  185  186  186  187  188  188  188  188  188  186  185  182
  178  173  168  161  154  148  142  137  133  132  132  134  137  141  146  152
  157  161  165  168  170  172  173  174  174  174  173  172  171  168  166  163
  160  156  150  147  146  139  137  131  146                                   
    75.0-180.0 180.0   5.0 450.0                            LAT/LON1/LON2/DLON/H
  137  143  140  145  150  155  156  158  160  161  160  160  161  161  162  164
  166  168  170  172  174  176  178  179  181  182  183  184  185  185  185  184
  181  178  172  166  159  152  146  141  137  136  136  139  144  149  155  161
  167  171  175  177  178  179  179  179  178  178  177  175  173  171  168  164
  159  154  147  140  137  131  130  117  137                                   
    72.5-180.0 180.0   5.0 450.0                            LAT/LON1/LON2/DLON/H
  132  137  134  141  145  151  153  154  154  153  151  150  150  150  151  153
  155  158  161  164  167  169  171  173  175  176  178  180  182  184  186  187
  186  184  181  176  169  163  156  151  148  147  149  153  159  165  171  177
  182  186  187  188  187  186  185  183  182  181  180  179  177  175  171  167
  161  155  146  138  133  126  125  117  132                                   
    70.0-180.0 180.0   5.0 450.0                            LAT/LON1/LON2/DLON/H
  127  132  131  138  143  149  150  151  150  148  145  143  142  142  143  144
  147  150  153  156  160  163  165  167  168  170  171  174  177  180  184  187
  189  189  188  185  180  174  168  163  161  161  163  168  174  180  186  191
  194  195  194  193  190  187  184  181  179  178  178  177  176  175  172  168
  162  155  146  136  130  123  125  117  127                                   
    67.5-180.0 180.0   5.0 450.0                            LAT/LON1/LON2/DLON/H
  123  130  129  139  145  152  153  153  151  149  145  143  142  141  142  143
  145  148  151  155  158  161  163  164  165  166  167  169  172  176  181  186
  190  193  194  193  190  185  180  177  175  176  179  185  191  197  201  204
  204  203  200  196  191  186  181  178  176  175  175  175  176  175  173  170
  164  156  147  135  129  121  122  115  123                                   
    65.0-180.0 180.0   5.0 450.0                            LAT/LON1/LON2/DLON/H
  116  126  125  136  143  151  153  153  152  150  146  144  143  142  143  144
  145  147  150  153  156  159  161  162  162  162  162  163  166  171  177  184
  190  196  199  200  198  195  192  190  189  191  195  201  206  211  213  213
  211  207  201  195  189  183  177  174  172  171  171  172  172  172  170  167
  162  155  145  134  128  121  122  115  116                                   
    62.5-180.0 180.0   5.0 450.0                            LAT/LON1/LON2/DLON/H
  108  120  119  130  138  147  150  151  151  150  149  148  147  147  147  147
  148  149  150  153  155  158  159  160  160  159  159  159  162  167  174  182
  190  197  203  205  206  204  202  201  202  205  210  215  220  222  222  219
  215  209  202  195  189  183  178  174  172  171  171  171  171  170  167  164
  158  151  143  131  124  117  118  112  108                                   
    60.0-180.0 180.0   5.0 450.0                            LAT/LON1/LON2/DLON/H
  100  112  110  121  128  138  142  145  147  148  148  149  150  150  150  150
  149  149  150  151  153  155  157  158  158  157  157  158  161  166  173  182
  192  200  207  211  213  213  212  212  214  219  224  229  232  232  230  225
  219  212  206  200  195  190  186  183  181  179  178  176  174  170  166  161
  155  148  139  129  122  114  115  108  100                                   
    57.5-180.0 180.0   5.0 450.0                            LAT/LON1/LON2/DLON/H
   95  104  102  110  117  127  132  136  140  143  145  148  150  151  151  150
  149  148  148  149  150  153  154  156  156  157  157  159  163  169  177  187
  197  206  214  219  222  223  223  225  228  232  238  242  244  243  239  233
  226  221  216  212  209  207  204  201  199  196  193  188  182  175  168  161
  154  147  139  129  122  113  113  107   95                                   
    55.0-180.0 180.0   5.0 450.0                            LAT/LON1/LON2/DLON/H
   94   99   97  102  106  116  121  126  131  136  140  144  147  148  149  149
  148  147  147  147  149  151  153  155  156  158  160  163  169  176  185  195
  206  216  225  231  235  236  237  238  242  246  252  255  256  254  249  243
  238  235  233  232  232  231  229  227  224  220  214  206  197  185  174  165
  156  149  143  134  127  117  117  111   94                                   
    52.5-180.0 180.0   5.0 450.0                            LAT/LON1/LON2/DLON/H
  100   99   97   98  100  109  114  118  124  129  134  139  142  144  145  146
  147  147  147  148  149  151  153  155  158  160  164  170  177  186  196  207
  218  230  239  246  251  253  253  254  257  261  266  269  269  266  262  257
  254  254  255  257  258  258  257  254  250  245  237  227  214  199  185  173
  163  157  151  144  138  128  128  121  100                                   
    50.0-180.0 180.0   5.0 450.0                            LAT/LON1/LON2/DLON/H
  113  107  103  101  100  107  111  116  121  127  131  135  138  140  142  144
  147  150  152  153  154  155  157  159  161  165  170  177  186  196  208  220
  233  245  256  265  270  272  273  273  274  277  281  283  282  280  276  274
  274  276  279  282  284  283  281  277  272  266  257  246  231  213  197  183
  173  168  163  158  154  145  145  138  113                                   
    47.5-180.0 180.0   5.0 450.0                            LAT/LON1/LON2/DLON/H
  130  122  115  111  107  112  115  119  124  130  133  136  137  139  142  146
  152  158  162  164  164  164  165  166  168  171  177  185  195  206  219  233
  247  262  275  286  292  295  295  294  294  295  297  298  297  294  292  292
  294  298  302  304  304  301  296  290  285  278  270  258  243  225  208  194
  184  180  177  174  172  165  165  159  130                                   
    45.0-180.0 180.0   5.0 450.0                            LAT/LON1/LON2/DLON/H
  149  141  131  126  119  123  124  128  133  138  141  143  143  144  147  154
  163  172  178  180  179  177  176  175  176  179  184  192  202  214  228  243
  260  278  294  308  317  321  321  319  317  316  315  314  312  310  310  311
  315  319  321  320  316  308  300  292  286  280  273  263  249  233  217  204
  194  190  188  187  187  183  183  179  149                                   
    42.5-180.0 180.0   5.0 450.0                            LAT/LON1/LON2/DLON/H
  166  159  146  141  134  135  136  139  145  151  154  156  155  156  161  170
  181  192  198  199  196  192  189  187  187  189  193  199  209  221  236  253
  273  294  315  332  344  350  350  347  344  341  338  334  331  328  328  331
  334  337  336  330  320  308  296  287  280  274  269  262  251  238  224  211
  202  198  195  194  196  194  196  191  166                                   
    40.0-180.0 180.0   5.0 450.0                            LAT/LON1/LON2/DLON/H
  175  172  158  154  146  145  147  151  158  166  171  174  174  176  182  193
  205  216  220  219  213  207  202  200  200  202  204  209  217  229  245  265
  289  314  338  359  375  383  384  382  377  372  366  360  354  350  349  352
  354  354  348  337  323  307  292  281  274  269  265  260  253  242  230  218
  208  203  199  196  197  198  201  195  175                                   
    37.5-180.0 180.0   5.0 450.0                            LAT/LON1/LON2/DLON/H
  177  178  164  160  154  151  154  159  168  180  188  194  197  201  209  221
  234  242  244  238  229  220  216  214  215  217  219  222  229  241  259  282
  309  338  366  391  410  421  424  423  418  412  403  392  382  376  374  375
  376  373  364  349  331  313  297  285  277  272  268  264  258  249  239  227
  216  208  200  195  194  196  199  190  177                                   
    35.0-180.0 180.0   5.0 450.0                            LAT/LON1/LON2/DLON/H
  172  176  163  160  155  151  155  161  174  189  202  213  221  229  239  252
  263  269  266  256  243  233  228  229  233  236  238  241  248  261  281  307
  337  369  400  429  451  465  471  472  467  459  446  432  418  408  404  404
  404  398  387  370  352  334  318  305  295  288  283  279  273  264  254  241
  227  216  204  194  190  191  192  180  172                                   
    32.5-180.0 180.0   5.0 450.0                            LAT/LON1/LON2/DLON/H
  164  171  159  156  152  147  152  158  172  191  210  228  242  255  268  281
  291  293  286  272  256  245  242  246  253  259  263  267  275  289  312  341
  374  409  443  474  498  515  524  526  521  512  496  477  459  446  441  440
  439  433  422  406  389  373  358  344  331  321  312  305  298  289  277  262
  246  230  215  201  192  189  187  172  164                                   
    30.0-180.0 180.0   5.0 450.0                            LAT/LON1/LON2/DLON/H
  158  166  155  152  149  143  147  153  167  188  211  235  257  275  292  306
  315  314  304  287  269  259  258  266  277  287  293  299  309  327  352  385
  421  458  493  525  551  568  578  580  576  565  547  524  503  488  482  482
  482  478  468  455  441  427  413  398  382  366  353  343  333  322  310  292
  273  255  235  218  202  195  188  170  158                                   
    27.5-180.0 180.0   5.0 450.0                            LAT/LON1/LON2/DLON/H
  159  167  154  152  148  143  146  150  162  182  207  235  263  288  309  324
  333  332  320  302  285  276  279  290  305  318  327  337  351  372  402  438
  476  514  549  579  603  619  627  628  623  612  593  570  548  533  528  530
  532  531  524  513  502  490  476  458  437  416  399  386  375  362  348  329
  309  289  267  247  225  212  198  176  159                                   
    25.0-180.0 180.0   5.0 450.0                            LAT/LON1/LON2/DLON/H
  169  174  160  157  154  148  150  151  159  177  201  231  262  292  316  335
  345  345  336  320  305  299  304  318  336  352  365  379  397  424  458  495
  534  570  602  629  648  659  664  664  659  648  631  610  590  578  576  580
  585  586  581  571  561  548  531  509  484  459  439  425  413  400  386  367
  348  330  309  287  259  239  218  192  169                                   
    22.5-180.0 180.0   5.0 450.0                            LAT/LON1/LON2/DLON/H
  186  189  172  168  164  159  159  158  162  174  195  224  257  289  317  338
  351  355  350  339  329  326  334  350  370  388  404  422  445  475  511  549
  585  618  645  665  678  685  687  685  681  673  659  642  627  620  621  628
  635  637  630  618  604  586  565  538  509  483  462  448  437  426  415  398
  383  370  352  331  298  273  247  218  186                                   
    20.0-180.0 180.0   5.0 450.0                            LAT/LON1/LON2/DLON/H
  209  208  190  182  176  172  170  167  167  175  191  217  249  282  312  336
  353  362  364  359  355  356  366  384  404  424  442  463  489  521  556  592
  624  651  671  685  693  695  696  695  693  687  679  668  659  656  661  670
  677  675  663  644  621  596  567  537  506  480  462  450  442  434  427  416
  407  400  387  369  337  307  279  251  209                                   
    17.5-180.0 180.0   5.0 450.0                            LAT/LON1/LON2/DLON/H
  234  227  208  195  186  183  180  176  173  177  188  210  241  274  305  331
  352  367  376  379  381  387  399  417  437  456  477  499  526  557  589  620
  647  668  682  691  695  696  697  698  698  696  693  689  686  688  695  702
  705  696  675  645  611  576  542  509  479  457  442  434  430  426  423  418
  414  414  408  394  366  334  308  281  234                                   
    15.0-180.0 180.0   5.0 450.0                            LAT/LON1/LON2/DLON/H
  254  242  222  205  192  188  185  181  177  178  185  204  232  265  296  325
  350  371  386  397  405  414  428  446  466  486  507  530  556  585  612  638
  658  674  683  688  691  694  697  700  703  705  707  708  710  715  721  724
  720  701  669  626  581  537  499  467  441  424  415  412  410  410  410  408
  409  412  411  402  380  349  327  302  254                                   
    12.5-180.0 180.0   5.0 450.0                            LAT/LON1/LON2/DLON/H
  267  252  231  210  193  187  184  181  178  177  182  199  226  257  289  320
  348  373  395  411  424  437  453  472  492  513  535  559  584  609  631  650
  664  675  681  686  690  697  703  709  714  718  723  727  732  737  739  737
  723  694  651  598  544  496  457  428  409  397  393  393  394  394  394  393
  395  399  400  393  378  351  332  310  267                                   
    10.0-180.0 180.0   5.0 450.0                            LAT/LON1/LON2/DLON/H
  273  256  234  210  190  181  179  177  174  174  179  195  221  253  285  317
  347  376  401  422  439  455  474  495  517  540  564  588  612  632  649  662
  672  679  684  689  697  707  717  725  731  736  741  747  751  753  751  741
  718  681  629  570  514  466  432  409  396  389  388  388  387  384  382  379
  377  380  379  373  362  340  325  305  273                                   
     7.5-180.0 180.0   5.0 450.0                            LAT/LON1/LON2/DLON/H
  271  256  234  208  187  173  171  169  169  169  175  192  219  251  285  317
  349  379  407  430  450  470  491  516  541  568  594  619  641  659  671  679
