data/edconvlstm_nd/pred2650.15i
     1.0            IONOSPHERE MAPS     GNSS                IONEX VERSION / TYPE
pyspatialgeodesy        IME             05-JAN-18 20:20     PGM / RUN BY / DATE 
Map Name                                                    COMMENT             
Predicted global ionosphere maps (GIM).                     DESCRIPTION         
  2015     9    22     0     0     0                        EPOCH OF FIRST MAP  
  2015     9    23     0     0     0                        EPOCH OF LAST MAP   
  7200                                                      INTERVAL            
    13                                                      # OF MAPS IN FILE   
  NONE                                                      MAPPING FUNCTION    
10.0                                                        ELEVATION CUTOFF    
One-way carrier phase leveled to code                       OBSERVABLES USED    
  6371.0                                                    BASE RADIUS         
 2                                                          MAP DIMENSION       
   450.0 450.0   0.0                                        HGT1 / HGT2 / DHGT  
    87.5 -87.5  -2.5                                        LAT1 / LAT2 / DLAT  
  -180.0 180.0   5.0                                        LON1 / LON2 / DLON  
    -1                                                      EXPONENT            
                                                            END OF HEADER       
     1                                                      START OF TEC MAP    
  2015     9    22     0     0     0                        EPOCH OF CURRENT MAP
    87.5-180.0 180.0   5.0 450.0                            LAT/LON1/LON2/DLON/H
   95   91   88   80   79   83   80   79   79   79   80   81   81   82   82   82
   82   82   81   80   80   79   78   76   75   74   72   71   70   69   67   66
   66   65   64   64   63   63   63   64   64   65   66   67   68   69   70   72
   73   74   75   76   77   78   78   79   79   79   79   79   79   78   78   78
   78   78   77   76   71   81   89   88   95                                   
    85.0-180.0 180.0   5.0 450.0                            LAT/LON1/LON2/DLON/H
   93   97   78   82   85   91   87   85   86   85   86   86   87   87   87   87
   86   86   85   84   82   80   79   77   75   73   71   68   67   65   63   62
   61   61   60   60   60   61   61   62   63   65   66   68   70   72   73   75
   77   79   80   82   83   84   85   86   87   88   88   88   88   88   88   88
   88   87   87   90   89   96  104   98   93                                   
    82.5-180.0 180.0   5.0 450.0                            LAT/LON1/LON2/DLON/H
   89   82   91   88   88   95   91   90   92   92   93   94   94   95   95   94
   94   92   91   89   86   83   80   76   73   69   66   62   59   57   55   53
   52   51   51   51   51   52   54   55   57   59   62   64   67   70   72   75
   77   80   82   84   86   88   90   91   93   93   94   95   95   94   94   95
   94   92   91   89   93   86   93   95   89                                   
    80.0-180.0 180.0   5.0 450.0                            LAT/LON1/LON2/DLON/H
  100   91   91   85   89   92   91   92   95   95   97   98  100  100  101  100
  100   98   96   94   90   86   82   77   72   67   63   59   55   52   50   48
   46   45   45   44   45   45   46   47   49   51   53   56   58   61   64   67
   70   73   75   78   80   83   85   87   88   90   91   92   92   92   92   93
   92   90   88   86  100   92  103  111  100                                   
    77.5-180.0 180.0   5.0 450.0                            LAT/LON1/LON2/DLON/H
  108  100   91   94   92   94   95   98  101  102  104  107  108  110  110  110
  110  109  106  103   99   95   89   84   78   72   67   62   58   54   52   50
   48   47   46   46   45   46   46   47   48   50   52   54   56   58   61   63
   66   68   71   74   76   79   81   84   86   87   89   90   91   92   93   93
   92   93   91   91   98   98  103  118  108                                   
    75.0-180.0 180.0   5.0 450.0                            LAT/LON1/LON2/DLON/H
  112   99   96   99   96   99   96   99  103  104  106  108  110  111  111  111
  111  110  107  104  101   96   90   84   78   72   66   62   58   56   53   52
   51   50   49   48   47   47   47   47   47   48   49   51   52   53   55   57
   58   60   62   64   67   69   72   75   77   80   82   84   86   88   89   90
   89   91   92   87   94  103  105  117  112                                   
    72.5-180.0 180.0   5.0 450.0                            LAT/LON1/LON2/DLON/H
  106  100  100  100   96   96   94   97  101  101  103  105  106  106  106  106
  105  104  103  100   97   93   88   82   77   71   66   62   60   58   56   55
   55   54   53   51   50   48   47   47   46   46   46   47   47   47   46   46
   47   47   48   50   52   54   57   60   64   67   71   74   77   80   82   85
   85   87   91   89   92  102  108  123  106                                   
    70.0-180.0 180.0   5.0 450.0                            LAT/LON1/LON2/DLON/H
  110  105  105  107  102  102   99  101  105  104  105  105  105  104  102  101
  100   99   98   96   93   90   86   81   76   71   67   64   62   61   61   61
   61   60   58   57   54   52   50   49   48   47   47   47   46   45   44   43
   41   41   41   42   44   47   50   55   59   64   68   73   77   80   84   88
   89   90   95   96   99  108  111  124  110                                   
    67.5-180.0 180.0   5.0 450.0                            LAT/LON1/LON2/DLON/H
  113  111  110  111  105  103   98   99  102  100  101  100   98   96   93   91
   89   88   87   87   85   82   79   74   70   65   62   60   59   59   59   60
   60   59   57   54   51   48   45   43   42   42   42   42   41   39   37   35
   33   32   31   32   33   36   41   46   51   57   62   68   73   78   83   88
   89   91   96   97  102  111  113  126  113                                   
    65.0-180.0 180.0   5.0 450.0                            LAT/LON1/LON2/DLON/H
  116  113  112  112  106  103   96   98  100   98   98   96   93   90   86   83
   82   81   81   80   79   77   74   69   65   61   58   56   56   56   57   57
   56   55   52   48   45   41   39   37   37   37   38   38   38   36   34   31
   28   26   26   26   28   31   36   42   48   55   62   68   74   80   86   91
   92   94  100  100  105  114  117  130  116                                   
    62.5-180.0 180.0   5.0 450.0                            LAT/LON1/LON2/DLON/H
  119  116  115  114  108  103   96   96   99   97   96   95   91   87   84   81
   79   79   79   79   78   76   72   67   63   59   56   54   54   54   54   54
   53   50   47   43   39   35   33   32   33   35   37   38   38   37   34   30
   27   25   24   25   28   32   37   43   50   57   65   72   79   85   92   97
   98  100  104  103  107  117  118  132  119                                   
    60.0-180.0 180.0   5.0 450.0                            LAT/LON1/LON2/DLON/H
  122  118  116  115  108  101   94   94   96   95   94   93   90   87   83   81
   81   81   81   81   79   76   71   66   61   57   54   52   52   52   51   50
   48   45   41   37   33   31   29   30   32   35   38   40   40   39   35   32
   28   26   25   26   29   34   40   47   54   61   68   76   83   89   96  101
  103  103  107  105  108  117  118  132  122                                   
    57.5-180.0 180.0   5.0 450.0                            LAT/LON1/LON2/DLON/H
  127  122  119  117  110  101   93   93   95   94   93   92   90   87   86   85
   85   86   86   85   81   76   71   65   60   56   54   52   51   51   50   48
   45   42   38   35   32   30   30   31   34   38   41   44   44   42   39   35
   31   29   28   30   33   38   45   52   59   66   73   79   86   92   99  104
  106  107  110  108  110  118  119  133  127                                   
    55.0-180.0 180.0   5.0 450.0                            LAT/LON1/LON2/DLON/H
  133  128  125  123  115  104   96   95   96   94   93   92   90   89   89   89
   90   91   90   88   83   76   70   64   60   57   55   54   53   52   50   47
   44   41   38   36   35   34   35   37   41   44   48   50   50   48   44   40
   36   34   33   35   39   45   52   60   67   72   77   82   87   93  100  106
  108  110  114  111  114  121  121  136  133                                   
    52.5-180.0 180.0   5.0 450.0                            LAT/LON1/LON2/DLON/H
  143  137  134  132  123  112  104  101  101   97   95   93   92   91   91   93
   94   95   93   89   82   75   69   64   60   59   58   57   56   54   52   49
   46   44   43   42   43   44   46   48   51   54   57   58   57   54   50   46
   42   40   40   43   47   54   62   69   75   80   83   85   88   92   99  105
  109  112  118  115  119  126  126  141  143                                   
    50.0-180.0 180.0   5.0 450.0                            LAT/LON1/LON2/DLON/H
  154  148  145  145  135  124  117  113  110  104  100   97   95   94   94   96
   97   96   93   88   81   74   69   65   63   63   62   62   61   58   56   53
   51   50   50   52   54   57   59   62   64   66   67   66   64   61   57   53
   51   49   50   52   58   65   73   81   87   90   91   90   91   93   98  105
  110  115  123  122  127  134  134  149  154                                   
    47.5-180.0 180.0   5.0 450.0                            LAT/LON1/LON2/DLON/H
  164  160  157  158  149  139  133  128  124  116  109  104  100   98   98   98
   98   96   92   86   80   74   71   69   68   69   69   68   66   63   60   57
   56   56   58   62   66   70   74   76   77   77   76   75   72   68   65   62
   61   60   61   64   70   77   86   94   99  102  101   98   96   96  100  107
  112  119  128  129  136  144  143  157  164                                   
    45.0-180.0 180.0   5.0 450.0                            LAT/LON1/LON2/DLON/H
  171  168  166  169  162  154  150  145  140  130  121  114  108  105  103  102
  100   96   92   86   81   77   75   75   76   76   76   73   70   66   62   60
   59   61   64   70   76   82   86   87   87   86   85   82   79   76   74   72
   72   72   73   76   82   89   98  107  113  115  113  110  106  104  105  111
  116  124  135  136  144  153  151  164  171                                   
    42.5-180.0 180.0   5.0 450.0                            LAT/LON1/LON2/DLON/H
  174  172  169  175  171  166  164  160  155  144  135  126  120  115  111  108
  104   99   94   90   87   85   84   85   86   85   82   77   72   67   62   60
   60   63   68   75   83   89   93   95   95   93   91   88   86   84   82   82
   82   83   84   87   92   99  109  118  124  128  127  123  118  114  114  118
  122  130  141  143  151  159  157  170  174                                   
    40.0-180.0 180.0   5.0 450.0                            LAT/LON1/LON2/DLON/H
  172  170  167  175  176  174  172  170  166  157  148  140  133  128  122  117
  111  106  102   99   97   97   97   97   96   93   87   79   71   64   60   58
   59   63   70   78   86   93   97   98   98   97   95   94   92   90   90   90
   91   91   92   93   98  105  115  125  134  139  139  137  132  128  126  127
  130  136  146  148  155  162  161  173  172                                   
    37.5-180.0 180.0   5.0 450.0                            LAT/LON1/LON2/DLON/H
  170  167  164  172  177  176  175  175  173  166  159  153  147  142  136  129
  122  116  113  112  112  111  110  108  104   98   89   78   69   61   57   56
   59   64   72   80   88   94   98   99   99   99   99   98   97   96   95   95
   95   95   94   95   99  107  118  130  140  147  150  150  147  143  140  138
  138  142  151  152  158  165  164  177  170                                   
    35.0-180.0 180.0   5.0 450.0                            LAT/LON1/LON2/DLON/H
  172  167  164  171  176  176  175  176  176  171  167  163  160  155  149  141
  134  129  127  126  126  124  120  115  108   99   88   76   66   60   57   58
   62   69   77   85   91   96   98   99  100  101  101  101  101   99   98   97
   96   94   92   92   96  105  118  132  144  153  158  161  160  157  154  151
  148  149  156  157  163  170  170  185  172                                   
    32.5-180.0 180.0   5.0 450.0                            LAT/LON1/LON2/DLON/H
  182  175  172  175  179  177  176  176  177  174  172  172  170  166  161  153
  147  142  140  139  136  131  123  115  106   96   86   75   67   62   62   65
   71   78   86   92   97  100  100  100  101  103  104  105  104  101   98   95
   92   88   85   85   90  100  115  130  144  155  163  168  170  170  168  164
  159  158  164  165  173  181  184  201  182                                   
    30.0-180.0 180.0   5.0 450.0                            LAT/LON1/LON2/DLON/H
  204  197  191  190  190  186  182  181  181  179  179  179  178  175  170  163
  157  152  149  145  139  129  118  109  100   92   85   77   72   70   73   79
   86   94  100  104  106  106  105  104  104  106  108  108  105  101   96   91
   86   81   77   76   81   93  109  126  141  153  163  171  178  181  181  177
  172  170  176  178  188  201  207  226  204                                   
    27.5-180.0 180.0   5.0 450.0                            LAT/LON1/LON2/DLON/H
  239  231  222  217  213  204  198  193  192  189  189  189  188  184  179  172
  166  160  153  145  134  121  108   99   94   90   87   85   84   86   92  100
  109  115  119  119  117  114  111  109  108  110  111  110  106  100   93   86
   80   74   70   69   75   86  103  120  136  149  161  173  183  191  193  192
  188  187  194  197  212  230  240  262  239                                   
    25.0-180.0 180.0   5.0 450.0                            LAT/LON1/LON2/DLON/H
  284  275  263  255  246  234  224  215  212  208  206  204  201  197  191  183
  175  165  154  141  125  110   98   92   91   94   96   99  102  109  117  127
  135  138  137  133  128  122  118  114  113  114  114  111  106   98   90   83
   76   70   66   66   71   83   99  117  133  147  161  176  190  201  207  209
  208  210  219  225  243  266  281  306  284                                   
    22.5-180.0 180.0   5.0 450.0                            LAT/LON1/LON2/DLON/H
  333  321  310  301  287  273  260  248  241  235  231  227  222  216  208  199
  188  173  156  137  118  103   94   93   97  105  113  120  127  136  146  155
  160  158  151  143  134  128  122  119  117  117  115  112  105   97   89   81
   75   69   65   65   70   82   98  116  133  148  165  182  200  214  224  229
  232  239  251  260  282  308  327  354  333                                   
    20.0-180.0 180.0   5.0 450.0                            LAT/LON1/LON2/DLON/H
  379  366  356  350  332  318  303  289  280  272  266  260  253  245  236  225
  208  188  165  141  121  107  102  106  114  125  135  144  153  162  171  177
  176  168  156  144  135  128  124  122  120  119  116  112  105   97   89   82
   76   71   67   66   70   82   98  117  136  154  173  193  213  230  243  253
  261  273  290  302  325  351  374  401  379                                   
    17.5-180.0 180.0   5.0 450.0                            LAT/LON1/LON2/DLON/H
  417  405  398  395  376  363  349  336  326  317  310  303  295  287  277  262
  241  214  185  158  138  127  126  132  142  153  162  169  175  182  188  189
  182  169  153  139  130  125  124  123  123  121  117  112  105   97   90   84
   78   73   68   67   71   81   99  119  140  161  183  206  229  249  265  279
  292  310  331  346  370  394  417  443  417                                   
    15.0-180.0 180.0   5.0 450.0                            LAT/LON1/LON2/DLON/H
  446  438  434  435  417  406  395  384  375  367  361  354  348  340  330  313
  287  254  220  191  172  164  165  172  179  185  188  189  191  194  196  193
  181  164  145  131  123  121  122  124  125  123  119  113  106   99   92   86
   80   74   69   67   71   81   99  121  144  167  192  218  244  267  286  304
  323  346  371  389  411  431  454  477  446                                   
    12.5-180.0 180.0   5.0 450.0                            LAT/LON1/LON2/DLON/H
  466  466  465  469  454  446  438  430  424  418  415  412  408  404  394  376
  347  310  272  242  224  218  218  221  220  216  210  203  200  199  198  192
  178  158  138  124  118  119  123  127  128  125  120  114  108  101   94   87
   80   73   68   65   69   80   97  120  145  170  197  226  255  281  304  327
  350  378  406  426  444  460  482  501  466                                   
    10.0-180.0 180.0   5.0 450.0                            LAT/LON1/LON2/DLON/H
  482  490  491  496  487  482  476  471  467  465  465  467  470  470  463  446
  416  377  338  309  291  283  278  270  258  242  226  212  204  201  198  191
  176  156  136  123  119  122  128  132  131  128  122  116  109  102   94   87
   78   71   64   62   66   76   95  119  144  170  198  229  260  290  317  343
  371  402  432  452  469  481  503  519  482                                   
     7.5-180.0 180.0   5.0 450.0                            LAT/LON1/LON2/DLON/H
  499  513  516  521  516  513  508  504  501  500  504  511  520  526  524  510
  482  445  408  379  360  346  331  311  286  259  235  217  208  205  202  195
