data/edconvlstm_nd/pred2960.15i
     1.0            IONOSPHERE MAPS     GNSS                IONEX VERSION / TYPE
pyspatialgeodesy        IME             05-JAN-18 20:20     PGM / RUN BY / DATE 
Map Name                                                    COMMENT             
Predicted global ionosphere maps (GIM).                     DESCRIPTION         
  2015    10    23     0     0     0                        EPOCH OF FIRST MAP  
  2015    10    24     0     0     0                        EPOCH OF LAST MAP   
  7200                                                      INTERVAL            
    13                                                      # OF MAPS IN FILE   
  NONE                                                      MAPPING FUNCTION    
10.0                                                        ELEVATION CUTOFF    
One-way carrier phase leveled to code                       OBSERVABLES USED    
  6371.0                                                    BASE RADIUS         
 2                                                          MAP DIMENSION       
   450.0 450.0   0.0                                        HGT1 / HGT2 / DHGT  
    87.5 -87.5  -2.5                                        LAT1 / LAT2 / DLAT  
  -180.0 180.0   5.0                                        LON1 / LON2 / DLON  
    -1                                                      EXPONENT            
                                                            END OF HEADER       
[from data line 1287]
     4                                                      START OF TEC MAP    
  2015    10    23     6     0     0                        EPOCH OF CURRENT MAP
    87.5-180.0 180.0   5.0 450.0                            LAT/LON1/LON2/DLON/H
   70   73   71   74   75   75   74   71   73   75   76   77   78   78   79   79
   79   78   78   78   77   77   77   77   77   76   76   76   77   77   77   77
   78   78   78   79   79   80   80   81   81   82   82   83   83   83   84   84
   83   83   82   82   81   80   78   77   76   74   73   71   70   68   67   66
   67   67   65   65   69   75   83   81   70                                   
    85.0-180.0 180.0   5.0 450.0                            LAT/LON1/LON2/DLON/H
   61   79   73   75   77   79   80   80   81   83   83   85   85   85   85   85
   85   84   84   83   83   82   82   82   81   81   81   82   82   82   83   84
   84   85   86   87   88   90   91   92   93   94   95   96   97   98   98   98
   98   97   97   96   94   93   91   89   87   85   83   82   80   78   76   75
   75   75   71   72   72   75   81   77   61                                   
    82.5-180.0 180.0   5.0 450.0                            LAT/LON1/LON2/DLON/H
   63   69   75   70   70   73   74   74   76   78   79   81   81   81   81   80
   79   77   76   75   74   73   72   71   71   71   71   71   72   73   75   76
   78   80   82   85   87   90   93   96   99  101  104  106  108  110  111  112
  112  112  112  110  109  107  105  102   99   96   93   90   87   84   81   79
   77   76   72   71   76   71   67   66   63                                   
    80.0-180.0 180.0   5.0 450.0                            LAT/LON1/LON2/DLON/H
   72   69   69   64   66   67   69   69   71   73   74   76   76   76   75   73
   71   69   67   65   63   61   60   59   59   59   59   60   61   63   65   67
   70   73   77   81   85   89   93   98  102  107  111  115  118  121  124  126
  127  128  128  127  126  124  122  119  115  112  108  103   99   95   90   87
   84   80   78   76   79   74   72   67   72                                   
    77.5-180.0 180.0   5.0 450.0                            LAT/LON1/LON2/DLON/H
   82   73   69   64   61   63   65   66   69   70   72   74   75   74   73   71
   68   65   61   58   56   54   52   51   51   51   52   53   55   57   59   62
   66   70   74   79   84   90   96  102  108  114  120  125  131  135  140  144
  147  149  150  151  151  150  148  145  142  137  132  127  122  116  111  106
  101   97   91   90   87   74   71   70   82                                   
    75.0-180.0 180.0   5.0 450.0                            LAT/LON1/LON2/DLON/H
   85   77   69   63   58   60   60   60   62   64   65   67   67   67   65   62
   58   55   51   48   46   44   43   43   43   44   45   47   49   52   54   57
   60   64   68   73   78   84   90   97  104  111  119  126  133  140  146  152
  158  162  166  169  171  171  170  168  165  161  156  150  144  138  132  127
  120  115  109  103  100   86   81   77   85                                   
    72.5-180.0 180.0   5.0 450.0                            LAT/LON1/LON2/DLON/H
   92   83   73   66   60   61   61   60   61   63   63   66   66   64   62   59
   55   51   48   45   43   42   42   43   44   45   47   49   52   54   56   59
   62   65   68   72   77   83   89   97  105  113  122  131  140  149  158  166
  174  181  188  193  197  198  199  197  194  189  184  177  171  164  157  151
  145  139  134  128  122  106   97   92   92                                   
    70.0-180.0 180.0   5.0 450.0                            LAT/LON1/LON2/DLON/H
  103   90   80   70   63   61   59   58   59   59   60   61   61   59   57   53
   50   46   43   42   41   41   42   44   46   49   51   54   56   58   60   61
   63   64   66   69   73   77   84   91  100  109  119  129  140  151  162  173
  183  193  202  210  216  219  220  219  215  210  204  196  188  180  173  167
  160  154  150  144  137  123  116  109  103                                   
    67.5-180.0 180.0   5.0 450.0                            LAT/LON1/LON2/DLON/H
  105   91   81   71   63   61   58   57   57   57   57   58   58   56   53   50
   47   44   42   41   41   42   45   48   51   54   57   59   61   62   62   62
   62   61   61   62   65   69   75   82   91  101  111  123  135  147  160  174
  187  200  211  221  228  233  234  233  228  222  214  205  196  187  178  171
  164  158  154  148  143  131  124  118  105                                   
    65.0-180.0 180.0   5.0 450.0                            LAT/LON1/LON2/DLON/H
  107   92   81   72   63   60   58   57   57   57   57   58   56   55   52   49
   46   44   43   43   44   46   50   54   57   61   64   65   66   66   65   64
   62   60   58   58   60   63   69   77   86   97  109  121  134  148  163  178
  193  208  222  233  242  247  248  246  241  233  224  214  203  192  182  173
  166  158  154  148  144  134  128  124  107                                   
    62.5-180.0 180.0   5.0 450.0                            LAT/LON1/LON2/DLON/H
  105   90   79   70   62   59   58   57   57   56   56   57   56   54   52   50
   47   46   45   45   47   50   53   58   61   65   67   68   68   67   65   63
   60   57   55   55   56   60   66   74   85   97  110  123  138  152  168  184
  201  218  233  245  254  259  260  257  251  243  233  222  211  199  187  177
  167  157  152  145  141  132  127  124  105                                   
    60.0-180.0 180.0   5.0 450.0                            LAT/LON1/LON2/DLON/H
  104   86   75   66   59   56   55   54   54   54   54   55   54   53   52   50
   49   47   46   47   48   51   54   58   61   63   65   65   65   63   61   59
   56   54   52   52   54   59   66   76   87  101  115  129  144  159  176  193
  210  228  243  256  266  271  271  267  261  252  242  232  221  209  196  184
  172  160  152  144  139  129  123  119  104                                   
    57.5-180.0 180.0   5.0 450.0                            LAT/LON1/LON2/DLON/H
  105   84   73   63   57   54   53   52   52   52   52   53   53   53   53   52
   51   49   48   48   48   50   52   55   57   59   60   60   59   57   56   54
   53   52   52   54   57   63   71   82   96  110  125  141  156  172  188  205
  223  241  257  270  279  284  284  280  273  265  256  248  238  227  214  201
  187  172  163  152  146  132  124  119  105                                   
    55.0-180.0 180.0   5.0 450.0                            LAT/LON1/LON2/DLON/H
  110   87   74   63   57   54   53   51   50   49   48   50   51   52   53   53
   52   51   50   48   47   48   49   51   53   54   55   54   53   52   51   50
   51   52   55   58   63   71   81   93  107  123  139  156  172  188  204  221
  238  255  271  284  293  297  297  293  287  279  273  266  259  249  238  225
  209  193  182  169  161  143  132  124  110                                   
    52.5-180.0 180.0   5.0 450.0                            LAT/LON1/LON2/DLON/H
  121   95   81   69   63   59   56   53   50   48   46   47   49   51   53   54
   54   53   51   48   46   46   46   48   50   52   52   52   51   50   49   50
   52   55   60   66   73   82   93  107  122  138  156  173  189  205  221  237
  254  270  285  298  307  311  310  306  300  294  288  284  279  272  263  251
  235  219  206  191  181  160  147  135  121                                   
    50.0-180.0 180.0   5.0 450.0                            LAT/LON1/LON2/DLON/H
  136  108   93   81   75   70   66   60   54   50   47   47   48   50   53   55
   55   54   51   49   46   46   47   49   52   54   56   55   54   52   51   52
   56   61   68   76   85   96  108  122  137  155  172  190  207  223  238  254
  269  284  298  310  319  322  321  317  311  305  301  298  295  290  283  273
  258  242  229  213  203  180  166  153  136                                   
    47.5-180.0 180.0   5.0 450.0                            LAT/LON1/LON2/DLON/H
  151  124  109   98   91   85   79   70   62   55   50   49   49   52   54   56
   57   55   53   50   49   49   52   56   60   63   65   64   62   59   57   58
   61   67   76   86   98  110  123  137  153  170  188  206  223  239  254  269
  282  296  309  319  327  330  329  324  317  311  307  304  302  299  293  284
  271  258  245  229  219  197  185  171  151                                   
    45.0-180.0 180.0   5.0 450.0                            LAT/LON1/LON2/DLON/H
  164  138  124  116  109  103   95   84   73   64   57   55   54   55   57   58
   59   57   56   54   55   57   61   67   72   76   78   76   73   68   65   64
   67   73   83   95  109  123  137  152  168  185  203  221  238  254  268  281
  293  304  315  324  331  333  332  326  319  312  306  303  300  297  291  283
  272  261  249  235  226  207  197  186  164                                   
    42.5-180.0 180.0   5.0 450.0                            LAT/LON1/LON2/DLON/H
  170  147  136  129  123  117  109   98   86   75   67   63   61   61   62   63
   62   62   61   62   64   69   75   81   87   91   92   89   84   78   72   70
   71   78   88  102  118  134  149  165  182  199  217  235  251  266  279  289
  299  308  317  325  331  333  331  326  318  310  304  299  294  288  281  273
  263  253  243  231  223  206  199  191  170                                   
    40.0-180.0 180.0   5.0 450.0                            LAT/LON1/LON2/DLON/H
  169  146  138  134  130  125  118  107   96   86   78   74   71   70   70   69
   69   69   71   73   78   83   89   95  100  102  102   98   92   85   78   75
   75   81   92  107  124  142  160  177  194  212  229  246  262  275  286  295
  303  310  318  325  332  335  334  330  323  315  307  299  291  282  272  262
  252  242  232  220  212  195  191  185  169                                   
    37.5-180.0 180.0   5.0 450.0                            LAT/LON1/LON2/DLON/H
  160  138  131  129  126  123  117  110  101   93   87   84   81   80   79   78
   78   80   83   87   92   98  102  106  108  108  107  103   97   90   83   79
   78   83   93  109  128  148  168  187  205  223  240  256  270  283  293  301
  308  315  323  332  340  346  347  345  339  332  324  315  304  291  276  263
  250  238  226  212  201  181  177  173  160                                   
    35.0-180.0 180.0   5.0 450.0                            LAT/LON1/LON2/DLON/H
  150  125  118  114  113  111  108  104  100   95   92   91   90   89   88   88
   90   92   97  102  107  110  112  111  110  109  106  103   99   93   87   82
   81   84   94  110  130  152  174  195  215  233  250  265  278  289  299  308
  317  326  336  348  360  369  374  375  373  368  361  351  338  321  303  286
  268  252  236  217  202  175  169  163  150                                   
    32.5-180.0 180.0   5.0 450.0                            LAT/LON1/LON2/DLON/H
  146  115  105   98   96   93   93   92   91   90   90   92   94   95   96   98
  101  105  110  115  119  119  116  112  108  106  104  102   99   96   91   86
   83   85   94  110  131  155  179  202  223  241  258  273  285  297  308  319
  332  345  360  377  393  407  417  422  423  421  417  409  396  378  357  335
  313  291  269  244  223  187  175  164  146                                   
    30.0-180.0 180.0   5.0 450.0                            LAT/LON1/LON2/DLON/H
  155  117  101   88   83   78   77   78   80   82   85   89   93   97  101  105
  110  115  121  125  125  122  117  110  105  103  102  102  101  100   97   92
   88   88   96  111  132  157  183  207  229  248  265  280  293  306  320  336
  353  373  394  416  438  458  473  483  488  490  490  485  474  457  434  410
  382  355  327  294  267  221  202  185  155                                   
    27.5-180.0 180.0   5.0 450.0                            LAT/LON1/LON2/DLON/H
  182  137  114   92   82   72   70   70   71   74   78   83   89   95  102  108
  114  120  125  127  126  121  114  109  105  104  104  106  107  107  105  101
   96   95  100  113  134  160  186  211  233  254  272  287  302  318  336  358
  382  409  437  465  493  519  539  554  564  570  573  572  565  550  529  503
  472  440  404  365  331  278  250  227  182                                   
    25.0-180.0 180.0   5.0 450.0                            LAT/LON1/LON2/DLON/H
  227  180  146  116   98   83   76   72   71   72   74   79   84   91   98  106
  112  118  121  122  120  116  112  110  110  112  114  117  119  120  119  114
  108  103  106  117  137  161  187  212  236  257  277  295  313  333  356  384
  416  450  484  519  553  583  609  627  641  650  657  659  656  646  628  602
  570  535  496  451  411  351  315  289  227                                   
    22.5-180.0 180.0   5.0 450.0                            LAT/LON1/LON2/DLON/H
  290  242  200  162  136  115  100   92   86   82   79   80   83   88   95  101
  106  110  112  112  111  111  112  116  122  128  132  135  137  138  135  129
  119  111  111  120  138  161  187  212  236  260  282  304  326  350  379  413
  452  491  531  570  606  639  666  687  703  714  723  728  728  723  710  689
  661  628  589  543  498  434  391  368  290                                   
    20.0-180.0 180.0   5.0 450.0                            LAT/LON1/LON2/DLON/H
  363  319  271  229  196  168  146  130  117  106   97   92   90   91   94   98
  101  102  103  103  104  109  117  129  141  152  158  160  160  157  150  139
  126  116  113  120  136  159  184  210  236  262  288  313  340  368  402  441
  484  527  569  608  643  674  700  720  736  748  757  764  767  766  760  746
  726  701  669  626  579  516  473  455  363                                   
    17.5-180.0 180.0   5.0 450.0                            LAT/LON1/LON2/DLON/H
  440  402  354  313  272  240  209  186  165  147  130  117  109  104  102  101
  100   99   97   98  103  112  127  146  166  180  187  186  180  170  158  142
  126  114  110  116  132  155  180  207  235  264  294  324  354  386  423  465
  509  553  593  629  659  685  706  724  738  749  757  764  769  772  772  765
  754  739  719  686  641  585  551  537  440                                   
    15.0-180.0 180.0   5.0 450.0                            LAT/LON1/LON2/DLON/H
  512  481  440  403  358  324  286  257  228  202  177  157  140  128  120  114
  108  104  101  102  109  122  143  169  193  209  213  206  192  175  157  137
  120  107  104  111  127  150  176  205  235  267  300  333  366  401  440  482
  526  567  603  633  657  675  690  703  714  724  731  738  744  749  752  751
  746  739  731  711  674  629  608  600  512                                   
    12.5-180.0 180.0   5.0 450.0                            LAT/LON1/LON2/DLON/H
  569  547  515  485  440  407  366  333  298  266  235  208  185  166  151  139
  129  121  117  117  124  140  165  194  219  232  230  216  195  171  148  126
  109   98   97  106  124  148  175  204  235  270  305  341  376  412  451  492
  533  570  600  623  640  652  661  671  679  687  695  701  708  715  719  719
  716  713  712  702  677  648  638  633  569                                   
    10.0-180.0 180.0   5.0 450.0                            LAT/LON1/LON2/DLON/H
  607  591  569  546  504  475  435  401  365  330  295  265  237  213  193  176
  162  152  145  144  151  166  191  217  238  245  236  215  188  160  135  114
   99   91   92  104  123  148  175  204  237  272  309  345  381  417  455  493
  531  563  588  605  616  624  631  639  647  655  663  671  679  687  690  688
  683  678  679  676  663  647  644  642  607                                   
     7.5-180.0 180.0   5.0 450.0                            LAT/LON1/LON2/DLON/H
  624  611  596  579  543  518  481  450  416  382  349  319  290  264  241  221
  205  193  185  181  185  196  214  233  246  245  231  206  176  148  124  105
