data/edconvlstm_nd/pred0600.15i
     1.0            IONOSPHERE MAPS     GNSS                IONEX VERSION / TYPE
pyspatialgeodesy        IME             05-JAN-18 20:20     PGM / RUN BY / DATE 
Map Name                                                    COMMENT             
Predicted global ionosphere maps (GIM).                     DESCRIPTION         
  2015     3     1     0     0     0                        EPOCH OF FIRST MAP  
  2015     3     2     0     0     0                        EPOCH OF LAST MAP   
  7200                                                      INTERVAL            
    13                                                      # OF MAPS IN FILE   
  NONE                                                      MAPPING FUNCTION    
10.0                                                        ELEVATION CUTOFF    
One-way carrier phase leveled to code                       OBSERVABLES USED    
  6371.0                                                    BASE RADIUS         
 2                                                          MAP DIMENSION       
   450.0 450.0   0.0                                        HGT1 / HGT2 / DHGT  
    87.5 -87.5  -2.5                                        LAT1 / LAT2 / DLAT  
  -180.0 180.0   5.0                                        LON1 / LON2 / DLON  
    -1                                                      EXPONENT            
                                                            END OF HEADER       
[from data line 2574]
     7                                                      START OF TEC MAP    
  2015     3     1    12     0     0                        EPOCH OF CURRENT MAP
    87.5-180.0 180.0   5.0 450.0                            LAT/LON1/LON2/DLON/H
  135  142  139  148  149  151  151  150  152  154  154  155  155  156  156  157
  157  158  158  159  160  160  161  162  163  164  164  165  165  165  165  165
  164  163  162  160  158  156  153  151  148  145  142  139  137  134  131  129
  126  124  122  121  119  118  117  117  116  116  117  117  118  119  120  122
  123  126  127  128  134  136  146  143  135                                   
    85.0-180.0 180.0   5.0 450.0                            LAT/LON1/LON2/DLON/H
  127  139  149  146  144  151  152  154  155  157  157  158  158  158  158  159
  159  160  161  163  164  166  168  170  171  173  174  176  177  177  178  178
  177  176  174  172  170  166  163  159  155  151  147  143  139  135  131  127
  124  121  119  116  115  113  112  112  111  112  112  113  114  116  118  120
  123  126  125  126  128  133  137  141  127                                   
    82.5-180.0 180.0   5.0 450.0                            LAT/LON1/LON2/DLON/H
  115  127  133  130  129  133  136  138  138  139  139  139  138  138  138  139
  139  141  143  145  148  151  154  158  162  165  168  171  174  177  178  180
  180  180  179  177  174  170  166  161  155  149  143  137  131  125  120  115
  110  106  102   99   96   94   92   91   90   90   91   91   93   94   96   99
  102  105  105  108  112  122  122  120  115                                   
    80.0-180.0 180.0   5.0 450.0                            LAT/LON1/LON2/DLON/H
  111  119  125  124  124  126  129  131  132  132  130  129  127  126  125  125
  126  127  130  133  137  141  146  151  156  162  167  172  176  180  184  187
  189  190  190  188  185  182  177  171  164  157  150  143  137  130  124  119
  114  109  105  101   98   95   93   91   90   90   90   90   91   93   94   97
   99  101  102  105  106  112  115  112  111                                   
    77.5-180.0 180.0   5.0 450.0                            LAT/LON1/LON2/DLON/H
  110  111  115  115  115  118  119  120  120  118  115  112  109  106  105  104
  104  106  110  114  120  126  133  140  147  155  162  169  176  183  189  195
  199  203  205  206  205  202  197  192  185  177  170  162  155  148  142  137
  131  127  122  118  114  110  107  104  102  101  100   99   99  100  101  102
  103  104  104  105  108  108  110  107  110                                   
    75.0-180.0 180.0   5.0 450.0                            LAT/LON1/LON2/DLON/H
  102  106  107  108  108  112  111  111  109  106  101   97   92   88   86   85
   86   89   93  100  107  115  124  133  142  150  159  168  177  186  194  202
  210  216  221  224  225  224  221  216  210  204  197  190  184  178  172  168
  163  158  153  148  143  138  134  129  125  122  120  118  117  116  116  116
  115  115  114  111  112  111  111  100  102                                   
    72.5-180.0 180.0   5.0 450.0                            LAT/LON1/LON2/DLON/H
   94   98   98  100   99  104  104  103  100   96   90   84   78   73   70   69
   70   75   81   89   99  109  119  129  138  147  157  166  175  185  195  206
  216  225  233  239  243  245  244  241  237  231  226  220  215  210  206  202
  198  193  187  181  174  167  159  152  146  140  136  133  130  128  127  126
  124  122  121  117  116  114  113  107   94                                   
    70.0-180.0 180.0   5.0 450.0                            LAT/LON1/LON2/DLON/H
   89   92   93   94   94   99   99   99   96   91   83   76   69   64   60   60
   62   68   76   85   97  108  119  130  139  148  157  165  175  185  196  207
  219  231  242  250  257  261  262  261  258  254  250  246  243  240  237  233
  229  224  217  208  199  188  178  168  158  150  144  138  135  132  130  129
  127  125  123  118  115  113  114  110   89                                   
    67.5-180.0 180.0   5.0 450.0                            LAT/LON1/LON2/DLON/H
   81   86   88   91   93  100  102  102  100   95   87   80   72   67   63   63
   66   72   81   91  103  115  126  136  144  152  159  167  175  185  196  208
  222  235  247  258  267  273  276  277  275  273  271  268  266  264  262  259
  254  247  238  227  215  201  188  174  162  152  143  136  131  128  126  125
  123  121  121  115  112  111  110  108   81                                   
    65.0-180.0 180.0   5.0 450.0                            LAT/LON1/LON2/DLON/H
   73   80   81   85   88   97  101  103  101   97   90   84   77   71   69   69
   72   79   87   98  109  120  131  140  148  155  161  167  175  184  195  208
  222  236  250  262  272  279  284  286  286  285  284  283  282  281  278  274
  267  258  247  233  218  201  185  169  155  142  132  124  118  114  111  110
  109  108  109  105  104  104  104  104   73                                   
    62.5-180.0 180.0   5.0 450.0                            LAT/LON1/LON2/DLON/H
   64   71   72   77   80   89   95   99   99   97   92   87   81   77   76   77
   80   86   93  102  112  122  131  140  147  153  159  166  173  182  193  206
  220  235  249  262  273  281  286  289  291  291  291  291  290  288  285  279
  270  259  244  228  211  193  175  158  143  130  119  110  103   97   93   91
   90   90   92   90   90   90   91   93   64                                   
    60.0-180.0 180.0   5.0 450.0                            LAT/LON1/LON2/DLON/H
   58   62   62   67   69   78   84   88   90   90   88   85   82   80   80   81
   85   89   95  102  109  117  125  133  141  148  154  161  170  179  191  204
  219  234  249  262  272  281  286  290  292  294  294  295  294  291  286  278
  267  253  236  219  200  182  165  149  135  123  112  102   93   86   80   76
   73   72   75   74   76   75   77   80   58                                   
    57.5-180.0 180.0   5.0 450.0                            LAT/LON1/LON2/DLON/H
   55   56   55   58   60   66   71   75   78   79   79   79   79   79   80   83
   86   89   93   97  102  109  116  124  132  141  149  158  168  179  192  206
  222  237  252  265  275  283  289  293  295  297  298  299  298  294  287  277
  264  248  231  213  196  180  164  151  139  128  117  107   97   87   78   72
   67   64   66   65   68   66   68   71   55                                   
    55.0-180.0 180.0   5.0 450.0                            LAT/LON1/LON2/DLON/H
   57   56   54   54   54   58   61   63   66   67   69   70   72   74   77   80
   83   86   88   90   94   99  106  115  124  134  145  156  168  181  196  212
  228  244  259  272  282  289  294  298  300  302  304  304  303  298  290  279
  264  248  232  215  200  186  174  163  153  144  135  125  114  102   91   81
   73   68   68   66   69   65   65   66   57                                   
    52.5-180.0 180.0   5.0 450.0                            LAT/LON1/LON2/DLON/H
   66   62   58   57   55   56   56   56   57   58   60   62   65   69   72   76
   79   82   83   85   88   93  100  110  121  132  144  157  171  186  203  220
  237  254  270  283  292  300  304  307  308  310  311  312  311  306  297  285
  271  255  240  226  213  202  192  183  175  168  160  151  140  127  114  102
   91   83   80   77   79   74   72   70   66                                   
    50.0-180.0 180.0   5.0 450.0                            LAT/LON1/LON2/DLON/H
   80   75   71   67   63   63   60   56   55   55   56   59   62   65   69   73
   77   80   82   84   87   93  101  111  123  136  149  163  177  194  211  230
  248  266  283  296  306  313  317  319  320  321  322  322  321  316  308  296
  283  269  255  243  232  222  213  205  197  190  183  175  165  153  141  128
  115  106  100   95   96   90   86   82   80                                   
    47.5-180.0 180.0   5.0 450.0                            LAT/LON1/LON2/DLON/H
   96   93   89   84   79   77   71   65   62   60   60   61   63   66   69   74
   78   82   85   88   93  100  109  120  132  145  158  171  186  202  219  239
  258  278  295  310  321  329  332  333  333  333  333  333  332  328  320  310
  298  285  273  261  250  239  229  218  209  201  194  187  179  170  160  149
  137  127  119  114  113  109  105  100   96                                   
    45.0-180.0 180.0   5.0 450.0                            LAT/LON1/LON2/DLON/H
  111  111  110  106  100   96   89   80   75   72   71   71   71   72   75   78
   83   88   93   98  104  112  122  134  146  158  170  182  195  209  226  244
  265  285  305  322  335  344  348  349  348  346  345  344  342  338  331  322
  311  299  287  274  261  247  232  218  205  195  187  181  175  169  163  156
  147  139  131  126  126  124  121  118  111                                   
    42.5-180.0 180.0   5.0 450.0                            LAT/LON1/LON2/DLON/H
  119  124  126  125  121  117  109  100   93   89   86   85   84   83   85   88
   92   98  104  110  117  127  137  149  161  172  183  192  202  214  229  247
  267  289  311  330  347  358  364  366  364  360  357  354  351  347  340  331
  321  309  296  280  263  244  224  205  189  176  166  160  155  152  150  147
  142  136  131  126  128  129  129  128  119                                   
    40.0-180.0 180.0   5.0 450.0                            LAT/LON1/LON2/DLON/H
  119  129  134  137  136  133  127  118  111  106  103  102   99   98   98  100
  104  109  115  122  130  140  151  163  174  185  193  201  209  218  231  248
  269  292  315  338  358  372  381  383  381  376  370  365  360  355  348  339
  329  316  301  283  262  239  215  192  172  156  144  135  130  128  127  127
  125  122  119  115  118  122  126  127  119                                   
    37.5-180.0 180.0   5.0 450.0                            LAT/LON1/LON2/DLON/H
  112  125  131  137  140  139  136  129  124  120  117  116  114  112  111  112
  115  120  125  132  140  149  160  172  184  194  203  209  216  223  235  251
  272  296  322  348  371  388  400  403  401  395  388  380  373  365  358  350
  340  328  313  293  270  244  217  192  171  152  137  125  116  111  108  108
  107  105  103  100  103  108  115  117  112                                   
    35.0-180.0 180.0   5.0 450.0                            LAT/LON1/LON2/DLON/H
  102  115  120  127  132  133  133  130  127  125  125  125  124  123  123  123
  125  128  132  138  146  155  166  178  190  201  211  218  225  232  243  259
  281  306  335  363  389  410  423  429  428  421  412  402  392  384  376  370
  362  352  337  318  295  269  244  220  198  179  161  144  129  117  109  105
  101   98   95   90   92   97  105  105  102                                   
    32.5-180.0 180.0   5.0 450.0                            LAT/LON1/LON2/DLON/H
   95  105  108  114  119  119  121  121  120  121  123  125  127  129  130  130
  131  132  136  141  149  158  169  181  195  208  220  229  237  246  257  275
  297  325  355  385  414  437  453  461  461  455  445  433  422  412  406  402
  398  391  380  364  343  321  298  277  258  240  220  199  176  156  140  129
  119  111  105   96   95   96  103   98   95                                   
    30.0-180.0 180.0   5.0 450.0                            LAT/LON1/LON2/DLON/H
   95  102  100  103  106  104  107  107  108  110  114  119  124  128  131  133
  133  134  137  143  151  161  173  186  201  216  230  242  253  264  278  298
  323  352  384  416  446  471  489  499  501  496  486  474  462  453  449  448
  449  448  442  431  415  397  380  364  349  332  312  287  258  229  205  185
  168  154  140  125  118  112  115  101   95                                   
    27.5-180.0 180.0   5.0 450.0                            LAT/LON1/LON2/DLON/H
  105  109  101  100  101   96   97   96   97   99  102  108  115  122  127  130
  132  133  137  144  154  166  179  193  209  225  241  256  270  285  303  327
  356  388  422  455  484  510  529  541  545  542  534  523  512  505  504  509
  516  522  523  518  508  498  487  476  464  450  429  402  369  333  300  271
  245  224  202  179  163  147  140  117  105                                   
    25.0-180.0 180.0   5.0 450.0                            LAT/LON1/LON2/DLON/H
  128  129  114  108  105   97   97   93   92   93   95   99  106  114  120  125
  127  130  135  145  159  174  189  203  219  235  252  270  288  308  332  360
  393  429  464  497  526  550  568  581  587  588  583  576  568  565  569  579
  594  607  615  617  615  612  608  601  592  578  557  529  493  452  412  374
  340  312  280  250  223  197  180  147  128                                   
    22.5-180.0 180.0   5.0 450.0                            LAT/LON1/LON2/DLON/H
  163  162  139  128  121  109  106  101   97   95   94   96  100  107  113  118
  121  125  134  147  165  183  200  214  229  245  263  283  305  330  360  394
  431  470  507  539  565  585  602  615  624  628  628  626  624  626  635  652
  671  689  702  709  713  714  713  708  698  683  662  633  597  556  514  473
  434  403  363  327  290  257  231  189  163                                   
    20.0-180.0 180.0   5.0 450.0                            LAT/LON1/LON2/DLON/H
  205  202  174  156  143  129  123  116  111  106  101   99  100  104  108  112
  115  121  132  150  171  192  210  225  239  254  272  295  321  351  385  424
  466  507  544  573  595  611  625  638  649  657  663  667  672  680  694  713
  734  752  765  772  774  774  770  761  746  727  704  678  648  613  578  541
  506  477  436  398  355  317  287  239  205                                   
    17.5-180.0 180.0   5.0 450.0                            LAT/LON1/LON2/DLON/H
  248  242  213  188  168  152  144  136  129  122  114  108  105  105  106  109
  112  119  132  152  176  200  219  234  247  262  281  306  335  369  407  450
  494  535  570  595  612  625  638  651  665  677  688  698  708  721  736  754
  770  783  790  791  788  780  768  749  725  699  675  654  633  612  590  567
  542  520  485  450  407  368  338  288  248                                   
    15.0-180.0 180.0   5.0 450.0                            LAT/LON1/LON2/DLON/H
  283  276  249  219  193  175  165  156  148  139  128  119  112  109  108  108
  111  118  132  154  180  204  225  240  253  269  290  316  348  385  425  468
  511  550  581  603  618  630  643  658  675  690  705  719  733  747  761  772
  780  783  781  773  761  744  721  690  655  621  594  576  566  560  556  549
  539  527  503  475  438  401  372  328  283                                   
    12.5-180.0 180.0   5.0 450.0                            LAT/LON1/LON2/DLON/H
  304  298  275  244  214  192  181  172  163  154  142  131  122  116  112  111
  113  119  134  156  182  207  227  244  258  276  299  328  362  399  438  479
  519  554  582  603  618  631  647  665  684  701  718  734  749  762  770  774
  771  764  751  734  713  689  657  617  573  532  501  484  480  485  496  504
  507  504  491  471  443  412  385  349  304                                   
    10.0-180.0 180.0   5.0 450.0                            LAT/LON1/LON2/DLON/H
  312  308  288  256  225  201  188  179  171  163  152  141  130  123  119  117
  118  124  137  158  184  208  229  247  264  285  311  343  377  413  450  487
  522  554  579  599  616  632  652  673  695  714  731  747  760  769  772  767
  756  739  718  694  669  640  604  560  510  464  429  411  409  419  437  453
  464  468  462  449  429  404  380  352  312                                   
     7.5-180.0 180.0   5.0 450.0                            LAT/LON1/LON2/DLON/H
  310  308  288  257  227  200  186  177  170  164  155  146  137  130  126  124
  125  131  144  163  188  212  233  252  273  297  327  361  396  430  463  495
