data/edconvlstm_nd/pred2140.15i
     1.0            IONOSPHERE MAPS     GNSS                IONEX VERSION / TYPE
pyspatialgeodesy        IME             05-JAN-18 20:20     PGM / RUN BY / DATE 
Map Name                                                    COMMENT             
Predicted global ionosphere maps (GIM).                     DESCRIPTION         
  2015     8     2     0     0     0                        EPOCH OF FIRST MAP  
  2015     8     3     0     0     0                        EPOCH OF LAST MAP   
  7200                                                      INTERVAL            
    13                                                      # OF MAPS IN FILE   
  NONE                                                      MAPPING FUNCTION    
10.0                                                        ELEVATION CUTOFF    
One-way carrier phase leveled to code                       OBSERVABLES USED    
  6371.0                                                    BASE RADIUS         
 2                                                          MAP DIMENSION       
   450.0 450.0   0.0                                        HGT1 / HGT2 / DHGT  
    87.5 -87.5  -2.5                                        LAT1 / LAT2 / DLAT  
  -180.0 180.0   5.0                                        LON1 / LON2 / DLON  
    -1                                                      EXPONENT            
                                                            END OF HEADER       
     1                                                      START OF TEC MAP    
  2015     8     2     0     0     0                        EPOCH OF CURRENT MAP
    87.5-180.0 180.0   5.0 450.0                            LAT/LON1/LON2/DLON/H
  125  125  132  126  124  125  123  122  122  121  121  122  121  121  121  120
  119  119  118  117  115  114  113  111  110  108  107  105  103  102  100   99
   97   96   95   94   94   94   93   93   94   94   95   95   96   97   98   99
  100  101  102  103  104  105  105  106  107  107  108  109  109  110  111  112
  113  114  114  114  111  114  121  119  125                                   
    85.0-180.0 180.0   5.0 450.0                            LAT/LON1/LON2/DLON/H
  134  133  117  124  129  131  129  128  128  128  128  128  128  127  127  126
  125  124  123  121  119  117  115  113  111  108  105  103  100   97   95   93
   91   89   87   86   85   85   85   85   86   87   88   89   90   92   93   94
   96   97   98  100  101  102  103  104  105  107  108  109  110  111  112  114
  116  117  118  121  118  125  129  129  134                                   
    82.5-180.0 180.0   5.0 450.0                            LAT/LON1/LON2/DLON/H
  135  126  135  134  135  139  137  137  139  138  138  139  139  138  138  137
  136  134  133  131  129  126  123  120  116  112  108  104  100   96   92   89
   86   83   81   80   79   79   79   79   80   82   83   85   87   89   91   93
   95   97   99  100  102  103  105  106  108  109  111  112  114  115  117  120
  121  122  123  122  125  116  120  124  135                                   
    80.0-180.0 180.0   5.0 450.0                            LAT/LON1/LON2/DLON/H
  145  135  131  130  135  139  142  143  145  145  146  147  147  147  146  145
  144  143  142  140  137  134  131  127  122  118  113  107  102   97   92   87
   83   80   77   75   74   74   75   76   77   80   82   85   88   91   94   96
   99  101  103  105  106  108  109  110  112  113  115  116  118  120  121  123
  125  125  125  124  138  128  135  141  145                                   
    77.5-180.0 180.0   5.0 450.0                            LAT/LON1/LON2/DLON/H
  156  145  137  143  140  143  149  152  155  155  156  157  157  157  156  156
  155  153  152  150  148  145  142  138  134  129  123  117  111  105   99   94
   90   86   83   81   80   80   81   83   85   88   91   95   98  102  105  108
  111  113  115  117  118  119  120  121  121  123  124  126  127  129  131  133
  134  136  135  135  143  142  142  153  156                                   
    75.0-180.0 180.0   5.0 450.0                            LAT/LON1/LON2/DLON/H
  161  143  139  147  143  146  149  152  156  156  157  158  158  157  156  155
  154  153  151  150  148  146  143  140  135  130  125  119  113  107  102   97
   92   89   86   84   84   84   85   87   90   93   97  101  105  109  112  116
  118  121  122  123  124  124  124  124  125  125  126  128  130  132  134  136
  136  139  139  132  139  144  142  153  161                                   
    72.5-180.0 180.0   5.0 450.0                            LAT/LON1/LON2/DLON/H
  149  139  138  143  140  142  146  150  155  155  156  156  156  154  153  151
  149  147  146  144  143  141  138  135  131  127  122  116  111  106  101   97
   93   90   87   86   85   86   87   89   92   95   98  102  106  110  114  117
  120  122  123  124  123  123  122  122  122  122  123  125  127  130  133  135
  136  137  139  134  134  138  142  156  149                                   
    70.0-180.0 180.0   5.0 450.0                            LAT/LON1/LON2/DLON/H
  149  136  137  144  142  144  148  152  157  158  159  159  158  156  153  150
  147  145  143  141  139  137  135  132  128  124  119  115  110  106  102   99
   96   94   91   90   89   89   90   91   93   96   99  102  106  110  113  117
  119  121  123  123  122  121  120  120  120  120  122  124  127  130  134  137
  138  139  141  137  137  140  143  155  149                                   
    67.5-180.0 180.0   5.0 450.0                            LAT/LON1/LON2/DLON/H
  150  139  139  146  143  145  149  153  158  158  159  160  158  156  152  149
  145  141  138  136  133  131  128  124  121  116  112  108  105  102   99   97
   95   93   91   89   88   87   86   87   88   90   92   95   98  101  104  107
  110  112  114  114  114  113  113  112  113  114  116  119  123  126  131  135
  136  138  141  137  138  140  143  156  150                                   
    65.0-180.0 180.0   5.0 450.0                            LAT/LON1/LON2/DLON/H
  154  143  144  150  148  148  151  155  160  160  161  161  160  157  154  150
  145  141  137  133  130  127  123  119  115  111  107  103  101   99   98   96
   95   92   90   87   85   83   82   82   82   83   84   86   88   90   93   96
   99  101  103  104  104  105  105  105  107  109  112  116  120  124  129  133
  135  138  142  138  141  144  147  160  154                                   
    62.5-180.0 180.0   5.0 450.0                            LAT/LON1/LON2/DLON/H
  162  151  152  157  155  154  156  159  163  163  163  164  163  161  157  153
  149  144  139  135  131  127  122  118  113  109  105  103  101  100  100   98
   96   93   90   86   83   80   78   77   77   77   78   79   80   81   83   85
   87   90   92   94   95   97   98  101  103  107  111  115  120  124  129  133
  136  140  144  142  145  150  153  165  162                                   
    60.0-180.0 180.0   5.0 450.0                            LAT/LON1/LON2/DLON/H
  170  162  163  167  163  161  161  162  164  163  163  164  163  162  159  156
  152  147  142  138  134  129  125  120  115  111  108  106  105  105  104  102
   99   95   90   85   81   77   75   74   73   73   74   74   74   74   74   75
   77   80   82   85   87   90   94   98  102  107  112  117  121  125  130  134
  138  142  147  146  150  156  159  170  170                                   
    57.5-180.0 180.0   5.0 450.0                            LAT/LON1/LON2/DLON/H
  180  174  175  177  173  169  167  166  167  164  162  162  162  161  159  157
  154  150  146  142  139  135  131  126  122  119  116  115  115  114  113  110
  105   99   93   87   81   77   75   74   74   74   74   74   72   71   70   70
   71   73   75   78   82   87   92   98  105  112  117  122  126  129  133  137
  141  146  152  152  157  163  166  177  180                                   
    55.0-180.0 180.0   5.0 450.0                            LAT/LON1/LON2/DLON/H
  189  186  187  188  184  179  175  172  170  165  161  159  158  157  157  155
  154  152  149  147  145  143  140  137  134  132  130  130  129  128  125  120
  114  106   98   91   85   81   79   78   79   80   80   79   77   74   72   70
   70   71   73   76   81   87   94  103  112  120  127  131  134  136  139  143
  147  152  160  161  166  171  175  185  189                                   
    52.5-180.0 180.0   5.0 450.0                            LAT/LON1/LON2/DLON/H
  198  197  198  198  194  189  185  180  175  167  161  157  155  153  153  152
  152  152  151  151  152  152  152  151  150  149  148  148  147  145  140  133
  124  114  105   97   92   88   87   87   88   89   89   88   85   82   78   75
   73   74   75   78   83   91  100  111  122  131  139  143  145  146  148  152
  156  163  170  172  176  181  184  194  198                                   
    50.0-180.0 180.0   5.0 450.0                            LAT/LON1/LON2/DLON/H
  205  205  207  207  203  198  196  189  183  173  164  158  153  150  149  149
  150  151  153  155  158  161  164  165  166  167  167  168  167  163  156  147
  136  124  115  107  101   98   97   97   99  100  100   99   96   92   88   84
   81   80   81   84   89   98  109  121  134  145  153  157  158  158  160  165
  170  177  185  186  190  192  195  204  205                                   
    47.5-180.0 180.0   5.0 450.0                            LAT/LON1/LON2/DLON/H
  210  212  213  213  209  207  206  200  193  181  171  161  155  150  148  147
  149  151  155  159  165  170  175  178  181  183  185  186  184  180  171  159
  147  135  125  117  112  110  108  108  109  111  111  111  108  104   99   94
   91   89   89   92   97  107  119  133  147  159  167  171  172  172  175  180
  186  195  203  203  205  206  207  216  210                                   
    45.0-180.0 180.0   5.0 450.0                            LAT/LON1/LON2/DLON/H
  215  216  217  217  214  213  214  210  204  192  180  169  160  153  150  149
  150  153  158  164  171  177  183  188  193  196  199  200  198  193  183  170
  156  144  134  127  123  120  118  118  118  119  120  121  119  115  111  106
  102   99   98  100  106  116  129  144  159  171  179  184  185  187  191  198
  205  215  223  223  223  222  222  230  215                                   
    42.5-180.0 180.0   5.0 450.0                            LAT/LON1/LON2/DLON/H
  220  220  221  220  217  218  221  219  215  203  191  180  169  161  156  155
  155  158  163  169  176  183  190  195  200  204  207  209  208  202  191  177
  163  151  142  136  132  129  127  125  125  126  127  128  127  125  121  116
  112  108  107  108  114  124  138  153  168  180  189  194  197  200  206  215
  225  236  245  244  243  239  238  244  220                                   
    40.0-180.0 180.0   5.0 450.0                            LAT/LON1/LON2/DLON/H
  227  226  226  224  221  222  227  227  224  214  204  193  182  174  168  165
  165  168  172  177  183  189  195  200  204  209  213  215  214  207  196  182
  168  157  149  143  139  136  132  130  129  130  132  134  134  133  130  125
  121  116  114  115  120  130  144  160  175  187  196  202  207  212  220  232
  244  256  266  265  262  256  255  260  227                                   
    37.5-180.0 180.0   5.0 450.0                            LAT/LON1/LON2/DLON/H
  239  237  235  232  228  228  232  233  233  225  216  207  197  189  183  180
  180  181  184  187  191  196  200  204  208  213  217  220  218  211  199  185
  172  161  154  149  145  141  137  133  132  133  136  139  140  139  136  132
  127  122  119  119  124  135  149  165  180  192  201  209  215  223  233  246
  260  274  285  285  280  275  273  277  239                                   
    35.0-180.0 180.0   5.0 450.0                            LAT/LON1/LON2/DLON/H
  256  255  251  246  240  238  240  241  242  236  229  221  214  207  202  199
  198  199  199  200  202  204  207  211  215  219  223  225  223  215  203  188
  175  165  159  154  150  145  140  137  136  137  140  143  145  144  141  137
  131  125  121  120  125  136  152  168  184  196  205  214  222  232  244  258
  273  288  300  301  298  293  293  295  256                                   
    32.5-180.0 180.0   5.0 450.0                            LAT/LON1/LON2/DLON/H
  280  279  274  267  260  255  254  254  254  249  244  237  231  226  222  220
  219  218  217  215  215  216  218  222  226  230  233  233  229  220  206  191
  178  169  163  159  153  148  143  140  140  142  145  147  148  147  143  138
  132  125  120  118  123  134  151  168  184  197  207  217  228  239  253  269
  284  299  312  315  313  311  313  315  280                                   
    30.0-180.0 180.0   5.0 450.0                            LAT/LON1/LON2/DLON/H
  308  310  304  295  286  279  275  272  271  267  262  257  252  248  245  244
  243  240  237  233  230  231  234  238  242  244  245  243  236  224  209  194
  182  173  167  162  155  149  145  143  144  146  149  150  150  147  142  137
  130  122  115  113  117  128  146  165  182  196  207  219  232  246  261  277
  293  309  323  327  328  329  333  336  308                                   
    27.5-180.0 180.0   5.0 450.0                            LAT/LON1/LON2/DLON/H
  338  343  337  328  319  310  304  298  295  290  285  281  276  273  271  270
  269  265  259  252  249  249  253  257  261  262  260  254  243  228  211  195
  183  175  168  162  155  149  145  144  146  149  151  150  148  143  138  131
  124  116  108  105  108  119  137  158  177  192  206  219  235  252  269  287
  303  319  334  340  344  347  354  357  338                                   
    25.0-180.0 180.0   5.0 450.0                            LAT/LON1/LON2/DLON/H
  366  374  370  363  355  346  338  331  327  321  316  311  307  304  302  301
  298  292  283  275  270  270  275  279  281  278  272  261  246  228  210  193
  181  173  165  157  149  144  142  143  145  147  148  146  141  135  128  122
  115  107   99   94   96  108  127  150  171  189  205  221  240  259  279  297
  315  332  348  355  361  365  374  378  366                                   
    22.5-180.0 180.0   5.0 450.0                            LAT/LON1/LON2/DLON/H
  388  399  398  395  389  382  375  367  363  358  353  348  344  341  339  337
  333  324  312  301  294  294  297  299  298  291  279  262  243  223  203  186
  174  164  155  146  139  135  135  137  139  140  139  135  128  121  114  109
  103   97   89   83   84   95  116  141  166  187  206  226  247  269  291  311
  329  348  364  371  379  383  393  397  388                                   
    20.0-180.0 180.0   5.0 450.0                            LAT/LON1/LON2/DLON/H
  402  415  418  419  416  412  407  402  400  397  394  390  386  383  381  379
  373  361  346  331  321  318  318  316  309  296  277  256  233  210  189  173
  160  150  141  133  127  125  125  127  129  128  125  119  111  103   97   93
   90   85   78   73   73   84  105  132  160  186  209  231  255  280  304  327
  347  366  382  390  397  400  410  414  402                                   
    17.5-180.0 180.0   5.0 450.0                            LAT/LON1/LON2/DLON/H
  406  420  426  432  431  430  430  430  432  433  434  432  430  428  427  424
  416  402  383  364  350  341  335  327  312  291  267  241  215  192  171  155
  144  135  128  120  115  113  114  115  115  113  108  102   94   87   82   79
   77   74   69   64   64   75   96  125  156  184  210  236  264  292  319  344
  365  385  401  409  414  415  424  427  406                                   
    15.0-180.0 180.0   5.0 450.0                            LAT/LON1/LON2/DLON/H
  405  418  426  434  434  436  440  445  453  460  465  469  470  471  471  468
  460  444  421  398  377  361  347  330  306  278  248  219  193  171  152  138
  130  123  116  110  105  103  104  104  102   99   93   87   80   74   70   68
   67   66   62   59   60   70   90  119  151  182  211  240  270  301  331  358
  382  402  418  425  429  428  437  438  405                                   
    12.5-180.0 180.0   5.0 450.0                            LAT/LON1/LON2/DLON/H
  403  414  422  429  429  432  438  448  461  473  484  493  499  503  505  504
  496  479  455  426  399  375  352  324  293  258  224  195  170  151  136  126
  121  116  110  104  100   98   98   97   94   89   84   78   72   67   63   61
   60   60   58   56   58   68   88  116  147  179  209  240  274  308  340  369
  394  415  431  438  441  438  447  447  403                                   
    10.0-180.0 180.0   5.0 450.0                            LAT/LON1/LON2/DLON/H
  404  415  420  423  422  424  430  441  457  473  488  501  511  519  523  524
  517  502  476  445  412  380  347  312  273  234  199  172  151  136  126  121
  118  115  110  105  101   99   98   96   92   87   82   77   72   66   61   57
   56   56   56   56   59   69   87  113  144  175  206  239  275  311  345  375
  399  421  437  445  449  447  457  456  404                                   
     7.5-180.0 180.0   5.0 450.0                            LAT/LON1/LON2/DLON/H
  412  422  424  422  418  417  421  430  446  462  479  494  506  515  521  523
  518  505  480  448  411  373  333  292  249  210  177  154  139  129  125  123
