data/edconvlstm_nd/pred0200.15i
     1.0            IONOSPHERE MAPS     GNSS                IONEX VERSION / TYPE
pyspatialgeodesy        IME             05-JAN-18 20:20     PGM / RUN BY / DATE 
Map Name                                                    COMMENT             
Predicted global ionosphere maps (GIM).                     DESCRIPTION         
  2015     1    20     0     0     0                        EPOCH OF FIRST MAP  
  2015     1    21     0     0     0                        EPOCH OF LAST MAP   
  7200                                                      INTERVAL            
    13                                                      # OF MAPS IN FILE   
  NONE                                                      MAPPING FUNCTION    
10.0                                                        ELEVATION CUTOFF    
One-way carrier phase leveled to code                       OBSERVABLES USED    
  6371.0                                                    BASE RADIUS         
 2                                                          MAP DIMENSION       
   450.0 450.0   0.0                                        HGT1 / HGT2 / DHGT  
    87.5 -87.5  -2.5                                        LAT1 / LAT2 / DLAT  
  -180.0 180.0   5.0                                        LON1 / LON2 / DLON  
    -1                                                      EXPONENT            
                                                            END OF HEADER       
[from data line 4719]
    12                                                      START OF TEC MAP    
  2015     1    20    22     0     0                        EPOCH OF CURRENT MAP
    87.5-180.0 180.0   5.0 450.0                            LAT/LON1/LON2/DLON/H
  130  122  114  120  126  124  124  122  123  126  126  127  128  128  128  128
  127  126  125  123  122  120  118  116  114  112  111  109  107  106  104  103
  102  101  100  100   99   99   98   98   98   98   98   98   98   98   99   99
   99  100  100  100  101  101  102  102  102  102  102  102  102  102  102  102
  102  102   99   97  105  105  119  122  130                                   
    85.0-180.0 180.0   5.0 450.0                            LAT/LON1/LON2/DLON/H
  136  126  135  124  125  131  132  136  138  141  142  143  144  144  144  143
  142  141  139  137  135  132  130  127  125  122  120  118  116  114  112  111
  109  108  107  106  105  104  104  103  103  102  102  102  102  103  103  103
  104  104  105  105  105  106  106  106  106  106  106  106  106  105  105  105
  105  105  102   99  102  106  105  107  136                                   
    82.5-180.0 180.0   5.0 450.0                            LAT/LON1/LON2/DLON/H
  116  112  115  117  124  131  137  141  145  148  151  154  155  155  154  152
  150  147  143  139  135  130  126  122  119  115  112  109  107  105  103  101
  100   98   97   96   95   94   94   93   93   92   92   92   92   93   93   94
   95   96   97   97   98   99  100  100  100  100  100   99   99   98   97   96
   96   94   92   91   94  106   96  100  116                                   
    80.0-180.0 180.0   5.0 450.0                            LAT/LON1/LON2/DLON/H
   93   94  104  107  117  122  135  142  149  154  159  162  162  161  159  155
  150  145  138  132  125  119  113  108  104  100   97   94   93   91   90   90
   89   89   88   88   87   87   86   86   86   85   85   85   86   86   87   88
   89   90   91   93   94   95   95   95   95   95   94   93   91   89   87   85
   84   83   81   80   77   84   76   89   93                                   
    77.5-180.0 180.0   5.0 450.0                            LAT/LON1/LON2/DLON/H
   93   91  100  105  120  130  144  153  162  168  173  176  176  173  168  162
  153  144  135  125  116  107  100   94   89   85   83   82   81   81   81   82
   83   83   83   83   83   82   82   81   80   80   79   79   79   80   81   82
   83   85   86   88   89   91   92   92   92   92   91   89   87   84   82   79
   77   75   73   74   71   74   72   88   93                                   
    75.0-180.0 180.0   5.0 450.0                            LAT/LON1/LON2/DLON/H
   83   88   97  104  121  134  149  160  172  179  184  186  184  179  171  161
  149  137  124  112  101   91   83   77   73   70   69   70   71   73   75   78
   80   81   82   83   83   83   82   81   80   79   78   78   77   77   78   79
   80   81   83   84   85   86   87   87   87   86   85   83   81   78   76   73
   70   70   68   67   63   66   64   71   83                                   
    72.5-180.0 180.0   5.0 450.0                            LAT/LON1/LON2/DLON/H
   89   96  107  120  133  149  166  178  189  196  200  201  197  189  177  163
  147  131  115  100   86   75   67   60   56   55   55   57   60   63   67   71
   74   76   78   79   79   79   78   77   75   74   72   71   70   70   69   70
   70   71   72   73   74   75   75   76   75   75   74   73   71   69   67   65
   62   62   61   58   57   63   66   76   89                                   
    70.0-180.0 180.0   5.0 450.0                            LAT/LON1/LON2/DLON/H
   95  108  122  134  150  166  182  195  207  214  218  216  210  199  184  167
  147  128  110   94   80   68   59   53   50   49   50   52   56   61   66   70
   74   76   78   79   78   78   77   76   74   73   71   70   69   68   67   67
   67   67   67   67   67   67   67   67   67   67   66   65   64   63   62   61
   60   60   61   62   63   71   79   88   95                                   
    67.5-180.0 180.0   5.0 450.0                            LAT/LON1/LON2/DLON/H
  113  129  143  159  175  192  208  221  231  237  240  237  229  216  198  178
  156  134  114   96   81   69   59   52   48   46   46   48   52   57   61   65
   68   70   71   71   70   70   69   68   67   66   65   64   63   62   61   60
   60   59   58   58   57   57   57   57   57   57   57   57   57   56   57   57
   57   59   61   63   66   79   87   96  113                                   
    65.0-180.0 180.0   5.0 450.0                            LAT/LON1/LON2/DLON/H
  127  147  163  179  195  211  225  238  247  253  256  253  244  229  210  188
  166  144  124  106   91   78   67   59   53   49   47   48   50   53   57   59
   60   60   60   58   57   57   56   56   56   56   56   55   55   54   53   52
   51   49   48   47   46   45   44   44   44   45   46   46   47   48   49   51
   53   57   62   67   73   91  102  112  127                                   
    62.5-180.0 180.0   5.0 450.0                            LAT/LON1/LON2/DLON/H
  144  165  182  197  213  229  241  253  261  267  269  266  258  243  225  204
  182  160  141  124  109   95   82   71   62   55   50   48   48   49   50   51
   50   48   46   44   43   42   42   43   45   46   47   47   47   47   46   45
   43   41   39   38   36   35   34   34   35   36   37   39   40   41   43   46
   49   55   62   69   77   97  110  120  144                                   
    60.0-180.0 180.0   5.0 450.0                            LAT/LON1/LON2/DLON/H
  156  179  196  211  225  238  249  259  267  273  276  274  267  254  238  219
  199  179  162  146  131  116  102   88   75   64   56   51   48   47   46   45
   42   39   35   33   31   31   32   34   36   39   41   42   43   43   42   40
   38   36   33   31   29   28   27   27   29   30   32   33   35   36   39   42
   46   53   61   71   80  104  119  130  156                                   
    57.5-180.0 180.0   5.0 450.0                            LAT/LON1/LON2/DLON/H
  166  190  206  220  233  244  253  261  268  274  277  276  271  261  247  231
  214  198  182  167  153  138  122  105   89   75   64   56   51   49   46   43
   39   35   31   28   26   27   28   31   34   38   41   43   44   44   43   41
   38   35   32   29   27   26   26   27   28   30   32   34   35   37   39   42
   46   54   64   75   85  110  126  138  166                                   
    55.0-180.0 180.0   5.0 450.0                            LAT/LON1/LON2/DLON/H
  176  201  218  229  240  247  254  260  266  271  275  275  272  264  253  241
  227  212  198  185  171  156  139  121  103   87   73   64   58   55   51   48
   43   38   33   31   30   30   33   36   40   44   47   49   50   50   49   46
   43   40   36   33   31   30   31   32   34   36   38   39   40   41   43   46
   51   60   72   83   94  119  135  146  176                                   
    52.5-180.0 180.0   5.0 450.0                            LAT/LON1/LON2/DLON/H
  186  211  228  237  246  251  256  260  264  267  271  271  268  263  255  245
  233  220  208  195  182  168  152  135  116   99   85   75   69   65   61   57
   52   47   43   41   41   43   46   49   53   57   60   62   62   62   60   57
   53   49   45   42   40   40   41   42   44   46   48   49   50   50   52   55
   61   71   84   97  107  131  147  157  186                                   
    50.0-180.0 180.0   5.0 450.0                            LAT/LON1/LON2/DLON/H
  197  222  240  247  255  258  261  262  264  266  268  267  265  260  254  246
  236  224  212  200  188  176  162  146  129  113   99   89   83   78   74   70
   65   60   57   56   57   60   64   67   71   74   76   77   77   76   74   70
   66   62   58   55   54   53   54   56   58   59   60   61   61   61   63   67
   74   86  100  114  124  147  162  169  197                                   
    47.5-180.0 180.0   5.0 450.0                            LAT/LON1/LON2/DLON/H
  207  232  250  256  264  267  269  269  269  269  268  265  262  257  252  245
  236  225  213  201  191  181  170  157  143  128  115  105   98   92   87   81
   76   73   71   72   75   79   83   86   89   91   93   93   92   90   88   84
   81   77   73   70   68   68   69   70   72   72   72   72   71   72   74   79
   87  101  117  132  142  163  178  183  207                                   
    45.0-180.0 180.0   5.0 450.0                            LAT/LON1/LON2/DLON/H
  216  238  257  263  273  277  279  279  277  275  271  266  261  257  252  246
  237  226  214  203  195  187  179  170  158  144  131  120  110  102   95   88
   83   81   81   84   88   93   98  101  104  105  106  106  104  102  100   97
   93   90   86   84   82   82   82   83   84   83   82   81   81   81   84   90
  100  115  132  147  158  178  193  197  216                                   
    42.5-180.0 180.0   5.0 450.0                            LAT/LON1/LON2/DLON/H
  220  239  257  265  277  284  288  289  286  283  277  270  264  259  255  250
  242  231  220  210  202  197  191  183  172  158  144  130  118  107   97   89
   84   82   84   89   96  102  107  111  113  114  114  114  112  110  108  106
  103  100   97   94   93   92   92   92   92   91   89   88   87   88   92   99
  109  125  143  159  171  190  205  209  220                                   
    40.0-180.0 180.0   5.0 450.0                            LAT/LON1/LON2/DLON/H
  220  236  252  262  277  287  293  295  293  289  282  275  269  264  261  257
  251  241  231  222  216  211  205  196  183  168  151  135  120  107   96   87
   82   81   85   91   99  106  111  115  117  118  119  118  117  115  113  111
  109  106  103  101   99   98   98   98   97   95   93   92   92   93   97  105
  115  132  150  166  179  198  213  219  220                                   
    37.5-180.0 180.0   5.0 450.0                            LAT/LON1/LON2/DLON/H
  219  230  244  256  272  284  293  297  296  293  286  279  273  270  269  267
  263  256  247  240  234  228  220  208  192  173  154  136  120  107   96   88
   84   84   88   94  102  108  113  117  119  121  122  122  120  118  116  114
  111  109  106  103  102  101  101  100   99   97   95   94   94   96  101  109
  120  136  154  170  183  204  219  227  219                                   
    35.0-180.0 180.0   5.0 450.0                            LAT/LON1/LON2/DLON/H
  221  228  239  250  266  278  289  294  295  293  287  281  277  275  276  277
  276  272  266  260  254  245  233  216  195  174  154  137  123  112  104   98
   95   96   99  104  109  114  118  121  123  125  126  126  124  122  119  116
  113  110  106  104  102  102  102  101   99   97   96   96   97   99  105  114
  125  142  160  177  189  211  226  236  221                                   
    32.5-180.0 180.0   5.0 450.0                            LAT/LON1/LON2/DLON/H
  232  236  243  250  265  275  286  291  293  291  286  281  278  279  282  285
  286  285  283  279  271  260  242  220  196  173  155  141  133  128  125  123
  122  121  122  123  124  126  128  130  132  133  134  133  131  128  124  120
  115  111  106  103  102  102  101  100   99   97   96   97   99  103  111  121
  134  152  171  188  201  225  242  253  232                                   
    30.0-180.0 180.0   5.0 450.0                            LAT/LON1/LON2/DLON/H
  255  258  261  262  273  279  288  292  294  291  286  282  279  280  284  288
  291  293  293  291  282  267  246  220  195  175  161  155  155  158  163  165
  164  161  156  151  147  145  144  144  144  145  145  144  142  137  132  126
  119  113  107  104  102  102  102  101   99   97   97   99  103  108  118  131
  146  167  189  208  223  251  271  280  255                                   
    27.5-180.0 180.0   5.0 450.0                            LAT/LON1/LON2/DLON/H
  292  296  296  288  295  295  301  302  302  298  292  286  283  282  284  288
  292  295  296  294  285  268  245  219  197  182  176  180  190  203  214  219
  218  209  196  183  173  166  162  160  160  160  159  157  154  149  142  134
  125  116  109  105  104  104  103  101   99   98   98  101  106  114  126  143
  162  188  213  236  253  287  312  318  292                                   
    25.0-180.0 180.0   5.0 450.0                            LAT/LON1/LON2/DLON/H
  340  347  346  329  331  326  327  324  321  315  307  298  291  287  286  287
  289  291  293  290  281  264  243  222  207  200  204  216  235  256  272  279
  273  257  235  213  196  184  178  175  174  173  172  170  166  160  152  142
  131  121  113  108  107  107  105  103   99   98   98  102  108  119  135  157
  181  212  241  268  289  329  360  365  340                                   
    22.5-180.0 180.0   5.0 450.0                            LAT/LON1/LON2/DLON/H
  394  404  402  380  378  369  366  359  354  345  333  320  308  299  293  289
  287  287  287  284  274  260  244  232  227  230  242  262  287  311  328  332
  319  294  262  232  209  195  188  184  183  182  180  178  175  169  160  149
  137  125  117  112  111  110  108  103   98   96   96  100  108  121  142  169
  199  236  270  301  326  370  407  412  394                                   
    20.0-180.0 180.0   5.0 450.0                            LAT/LON1/LON2/DLON/H
  445  459  458  435  431  420  414  405  398  386  371  354  336  321  308  299
  292  288  285  280  272  262  255  253  259  272  290  313  337  359  371  368
  346  312  272  237  211  196  189  187  186  184  183  181  179  173  165  154
  141  129  121  116  114  112  108  102   95   92   92   96  105  121  146  179
  216  258  296  329  356  403  446  453  445                                   
    17.5-180.0 180.0   5.0 450.0                            LAT/LON1/LON2/DLON/H
  484  504  504  484  483  472  466  457  449  437  419  398  376  354  336  321
  309  300  293  286  279  275  277  287  302  321  341  360  378  391  393  379
  348  306  264  228  203  189  184  183  182  181  180  179  177  173  165  155
  143  132  123  119  117  114  108   99   91   86   86   90  101  119  149  187
  228  276  315  350  378  426  472  484  484                                   
    15.0-180.0 180.0   5.0 450.0                            LAT/LON1/LON2/DLON/H
  509  532  536  522  526  517  514  507  502  490  473  449  424  399  376  357
  341  328  316  306  300  301  312  331  353  373  388  397  402  400  389  364
  326  282  241  209  188  179  176  176  176  175  174  173  172  169  163  154
  143  132  125  120  118  113  106   96   87   81   81   86   97  118  151  193
  238  287  327  361  389  436  485  500  509                                   
    12.5-180.0 180.0   5.0 450.0                            LAT/LON1/LON2/DLON/H
  517  544  552  545  554  550  552  549  548  540  525  503  477  451  428  407
  388  371  356  343  337  342  358  382  406  422  426  420  407  388  363  329
  289  248  214  190  177  172  172  172  171  169  168  167  166  164  159  151
  141  132  125  121  117  112  104   93   83   78   78   83   96  119  154  198
  244  292  331  363  390  437  484  501  517                                   
    10.0-180.0 180.0   5.0 450.0                            LAT/LON1/LON2/DLON/H
  514  541  554  552  567  568  576  578  583  580  570  552  529  506  485  466
  447  429  411  396  389  395  414  438  458  464  452  428  396  362  326  288
  251  219  196  182  177  176  176  175  173  169  166  164  163  161  156  149
  140  132  125  120  116  110  102   92   83   78   78   84   99  123  160  203
  248  294  331  360  386  430  475  493  514                                   
     7.5-180.0 180.0   5.0 450.0                            LAT/LON1/LON2/DLON/H
  505  533  548  548  567  573  586  593  605  609  604  593  576  559  543  528
  512  494  475  458  450  456  472  491  502  494  465  423  377  332  292  257
