data/edconvlstm_nd/pred3590.15i
     1.0            IONOSPHERE MAPS     GNSS                IONEX VERSION / TYPE
pyspatialgeodesy        IME             05-JAN-18 20:20     PGM / RUN BY / DATE 
Map Name                                                    COMMENT             
Predicted global ionosphere maps (GIM).                     DESCRIPTION         
  2015    12    25     0     0     0                        EPOCH OF FIRST MAP  
  2015    12    26     0     0     0                        EPOCH OF LAST MAP   
  7200                                                      INTERVAL            
    13                                                      # OF MAPS IN FILE   
  NONE                                                      MAPPING FUNCTION    
10.0                                                        ELEVATION CUTOFF    
One-way carrier phase leveled to code                       OBSERVABLES USED    
  6371.0                                                    BASE RADIUS         
 2                                                          MAP DIMENSION       
   450.0 450.0   0.0                                        HGT1 / HGT2 / DHGT  
    87.5 -87.5  -2.5                                        LAT1 / LAT2 / DLAT  
  -180.0 180.0   5.0                                        LON1 / LON2 / DLON  
    -1                                                      EXPONENT            
                                                            END OF HEADER       
[from data line 858]
     3                                                      START OF TEC MAP    
  2015    12    25     4     0     0                        EPOCH OF CURRENT MAP
    87.5-180.0 180.0   5.0 450.0                            LAT/LON1/LON2/DLON/H
   40   49   42   45   43   44   42   38   38   38   38   38   38   37   37   36
   36   35   35   34   34   34   33   33   33   33   33   32   32   32   33   33
   33   33   33   34   34   34   34   35   35   36   36   37   37   37   38   38
   39   39   39   39   39   39   39   39   39   39   39   39   38   38   38   38
   39   39   37   38   42   57   64   54   40                                   
    85.0-180.0 180.0   5.0 450.0                            LAT/LON1/LON2/DLON/H
   31   52   44   46   48   50   49   48   48   48   48   48   48   47   47   46
   45   44   43   42   41   40   39   38   38   37   37   36   36   36   36   37
   37   38   38   39   40   40   41   42   42   43   44   44   45   45   45   46
   46   45   45   45   45   44   44   44   43   43   43   43   42   42   42   42
   44   44   42   46   52   54   67   54   31                                   
    82.5-180.0 180.0   5.0 450.0                            LAT/LON1/LON2/DLON/H
   35   41   56   49   49   52   51   50   52   52   52   52   52   52   51   49
   48   46   44   42   40   38   37   35   34   33   32   32   32   32   32   32
   33   34   35   36   38   39   40   42   43   44   45   46   46   47   47   47
   46   46   45   45   44   44   43   42   42   41   41   41   40   40   40   40
   41   42   41   41   55   46   51   48   35                                   
    80.0-180.0 180.0   5.0 450.0                            LAT/LON1/LON2/DLON/H
   48   51   58   49   53   52   55   54   57   58   58   59   59   59   57   56
   54   51   49   46   44   41   39   36   34   33   32   31   31   31   31   32
   33   34   36   38   39   41   43   45   47   48   49   50   50   50   50   49
   48   47   46   45   43   42   41   40   40   39   39   38   38   38   38   39
   40   40   42   43   56   49   49   49   48                                   
    77.5-180.0 180.0   5.0 450.0                            LAT/LON1/LON2/DLON/H
   53   55   54   46   46   49   53   54   58   59   59   60   61   60   59   57
   55   52   49   46   43   40   37   35   32   30   29   28   27   27   28   29
   31   32   34   36   39   41   43   45   47   48   49   50   51   50   50   49
   47   46   44   42   41   39   38   37   36   35   35   35   34   34   34   35
   35   36   37   40   45   35   38   40   53                                   
    75.0-180.0 180.0   5.0 450.0                            LAT/LON1/LON2/DLON/H
   46   52   52   45   42   46   50   52   55   56   56   58   59   59   58   56
   55   52   50   47   44   42   39   36   34   32   31   30   29   30   30   31
   32   34   36   38   40   42   43   45   47   48   49   50   50   49   48   47
   46   44   42   40   39   38   37   37   36   36   37   37   37   37   38   38
   38   39   40   40   45   38   39   39   46                                   
    72.5-180.0 180.0   5.0 450.0                            LAT/LON1/LON2/DLON/H
   49   52   52   43   42   47   51   53   55   57   57   59   59   59   58   56
   55   53   51   49   47   45   43   41   39   38   36   35   35   35   36   36
   38   39   40   42   43   44   46   47   48   49   50   50   50   50   49   48
   46   45   43   42   42   41   42   42   43   44   45   46   47   47   48   49
   49   50   52   53   55   46   45   46   49                                   
    70.0-180.0 180.0   5.0 450.0                            LAT/LON1/LON2/DLON/H
   56   56   57   47   44   47   50   51   54   55   55   57   56   56   55   54
   52   51   50   49   49   48   47   46   45   44   43   42   42   41   42   42
   43   43   44   44   45   45   46   46   47   48   48   49   49   48   48   47
   46   45   45   45   45   47   49   52   54   57   59   61   62   63   64   65
   64   64   67   66   67   58   57   54   56                                   
    67.5-180.0 180.0   5.0 450.0                            LAT/LON1/LON2/DLON/H
   60   58   56   47   42   43   45   46   48   49   49   50   49   48   47   46
   45   44   44   44   44   45   45   44   44   43   42   42   41   41   41   41
   41   40   40   40   39   39   39   39   39   40   41   41   41   42   42   41
   41   42   43   44   47   51   55   60   65   69   72   75   76   77   77   77
   76   75   78   76   77   68   65   61   60                                   
    65.0-180.0 180.0   5.0 450.0                            LAT/LON1/LON2/DLON/H
   66   61   57   48   41   41   42   43   44   44   44   45   44   43   41   40
   40   40   40   40   41   42   42   42   42   41   41   40   40   39   39   39
   38   37   36   35   34   33   33   33   33   34   34   35   36   36   37   38
   39   41   43   47   52   58   65   73   79   85   90   93   94   94   93   92
   91   88   90   87   87   78   75   72   66                                   
    62.5-180.0 180.0   5.0 450.0                            LAT/LON1/LON2/DLON/H
   73   65   60   50   42   41   41   41   42   42   41   42   41   40   39   38
   37   37   38   38   39   40   40   40   40   39   38   38   37   37   37   36
   35   34   32   31   30   29   29   29   30   30   31   32   33   34   35   37
   39   43   47   54   61   70   80   89   97  104  110  113  114  113  111  109
  105  102  102   98   97   88   84   81   73                                   
    60.0-180.0 180.0   5.0 450.0                            LAT/LON1/LON2/DLON/H
   80   70   64   52   44   40   39   39   38   38   37   38   37   36   36   35
   35   35   36   36   36   36   36   35   34   34   33   33   32   33   32   32
   31   30   29   27   26   26   26   26   27   28   29   30   31   32   34   36
   40   45   52   61   72   83   94  105  114  121  127  129  130  128  125  121
  116  111  110  106  104   94   90   87   80                                   
    57.5-180.0 180.0   5.0 450.0                            LAT/LON1/LON2/DLON/H
   87   76   69   56   47   42   40   38   36   35   34   35   34   34   35   35
   35   35   35   35   34   33   32   31   29   28   28   28   28   29   29   29
   29   28   27   26   25   25   26   27   28   29   30   31   32   33   36   39
   44   51   61   72   84   97  110  121  130  137  141  144  143  141  136  132
  126  119  118  113  111  100   96   93   87                                   
    55.0-180.0 180.0   5.0 450.0                            LAT/LON1/LON2/DLON/H
   96   84   77   63   53   47   43   38   35   32   31   32   32   33   34   35
   36   36   35   34   32   30   28   27   25   24   24   25   26   27   28   28
   28   28   27   27   27   27   28   29   31   32   33   34   35   37   40   44
   51   60   71   84   98  112  125  135  143  149  153  154  153  150  145  140
  133  126  124  119  118  106  102   99   96                                   
    52.5-180.0 180.0   5.0 450.0                            LAT/LON1/LON2/DLON/H
  107   95   87   73   63   56   49   42   37   32   29   29   30   32   34   35
   36   36   35   33   31   28   27   25   24   24   24   25   27   28   29   30
   31   30   30   30   31   32   33   34   36   37   38   39   41   43   47   52
   60   71   84   98  113  127  139  149  155  159  161  162  160  157  152  147
  139  132  131  126  124  112  108  105  107                                   
    50.0-180.0 180.0   5.0 450.0                            LAT/LON1/LON2/DLON/H
  118  108   99   87   76   68   60   50   42   34   30   29   30   31   33   35
   36   36   35   32   30   28   27   26   26   27   28   29   31   33   34   35
   36   36   36   36   37   39   40   42   43   44   46   47   49   52   57   64
   73   84   98  114  129  143  154  161  165  167  168  167  165  162  157  152
  145  138  137  133  132  119  116  113  118                                   
    47.5-180.0 180.0   5.0 450.0                            LAT/LON1/LON2/DLON/H
  128  120  111  101   90   83   73   61   50   40   33   31   31   32   33   35
   36   35   34   32   31   30   30   31   32   34   35   37   39   40   41   41
   42   42   43   44   45   46   48   49   51   52   54   56   59   63   69   77
   87   99  114  129  145  158  167  172  174  174  173  171  169  166  161  156
  150  144  142  139  138  126  124  121  128                                   
    45.0-180.0 180.0   5.0 450.0                            LAT/LON1/LON2/DLON/H
  134  127  119  112  103   97   87   74   61   49   40   36   34   33   34   35
   34   34   33   32   32   34   36   38   40   42   44   46   47   47   47   47
   46   47   48   50   52   54   55   56   58   60   62   65   69   75   82   91
  101  114  128  143  158  170  177  181  181  180  178  175  172  169  164  159
  153  148  146  143  143  132  130  128  134                                   
    42.5-180.0 180.0   5.0 450.0                            LAT/LON1/LON2/DLON/H
  134  128  120  116  109  106   98   86   73   60   49   43   39   37   36   35
   34   33   33   34   37   40   44   47   50   51   52   53   53   52   50   49
   48   49   51   54   57   59   61   62   64   66   69   74   79   86   95  104
  115  127  140  154  168  179  186  188  188  186  183  180  177  172  168  163
  156  150  148  146  146  135  133  131  134                                   
    40.0-180.0 180.0   5.0 450.0                            LAT/LON1/LON2/DLON/H
  128  122  114  111  107  105  101   93   82   70   59   52   46   43   40   38
   36   36   36   39   44   49   53   56   58   59   58   57   55   53   50   48
   48   49   52   56   60   62   65   67   69   72   76   82   89   98  108  118
  128  138  150  162  175  185  192  195  195  194  191  188  184  179  174  168
  161  154  151  148  147  137  134  132  128                                   
    37.5-180.0 180.0   5.0 450.0                            LAT/LON1/LON2/DLON/H
  120  111  101   98   95   95   94   91   85   76   66   60   55   50   47   44
   42   41   44   48   54   59   63   64   64   63   60   58   55   51   48   46
   45   47   51   56   61   65   67   70   73   78   83   90   98  109  120  130
  139  148  158  168  180  190  198  203  205  205  203  201  197  192  186  179
  171  162  157  153  151  139  135  132  120                                   
    35.0-180.0 180.0   5.0 450.0                            LAT/LON1/LON2/DLON/H
  114  101   88   82   78   79   81   82   81   76   70   65   61   58   55   52
   50   51   55   60   66   70   72   71   68   65   61   57   54   50   47   45
   44   46   51   57   63   67   70   73   77   82   89   97  107  119  131  141
  150  157  165  174  184  195  205  212  217  220  220  219  216  211  205  199
  189  178  171  164  160  147  142  136  114                                   
    32.5-180.0 180.0   5.0 450.0                            LAT/LON1/LON2/DLON/H
  116   97   81   70   63   62   65   69   71   70   67   66   65   63   62   60
   60   62   67   73   78   80   79   75   71   66   61   58   55   52   48   46
   45   47   52   59   65   69   73   76   80   86   93  103  114  127  140  151
  160  166  172  180  190  202  214  224  232  238  240  241  240  237  233  228
  217  205  195  185  179  164  159  150  116                                   
    30.0-180.0 180.0   5.0 450.0                            LAT/LON1/LON2/DLON/H
  133  108   87   69   56   51   52   56   60   60   60   62   63   65   66   67
   68   72   78   84   87   87   83   78   73   68   64   61   59   57   53   50
   49   51   56   63   68   72   75   78   82   89   97  107  120  135  149  162
  170  176  182  189  200  213  227  240  251  259  265  268  270  270  269  265
  256  242  230  217  210  193  188  175  133                                   
    27.5-180.0 180.0   5.0 450.0                            LAT/LON1/LON2/DLON/H
  166  139  112   85   64   52   48   48   50   51   52   55   58   62   66   69
   73   79   85   89   91   89   86   81   77   74   71   70   68   66   62   59
   57   58   63   68   73   75   77   79   83   90   98  110  125  142  158  172
  183  190  196  204  215  230  245  261  275  286  295  301  306  310  312  312
  303  289  275  258  249  233  228  214  166                                   
    25.0-180.0 180.0   5.0 450.0                            LAT/LON1/LON2/DLON/H
  217  191  159  123   94   70   57   50   47   45   45   47   51   57   63   68
   73   79   85   88   89   88   86   85   84   84   83   83   82   80   76   72
   69   69   72   75   77   78   77   79   82   89   98  112  129  148  168  185
  198  207  215  225  238  254  272  289  305  318  330  340  348  357  363  365
  357  343  327  306  296  280  276  262  217                                   
    22.5-180.0 180.0   5.0 450.0                            LAT/LON1/LON2/DLON/H
  281  259  224  183  146  110   83   65   55   47   43   43   46   51   58   63
   69   74   79   82   84   85   87   90   94   97   99   99   99   97   93   88
   84   82   82   82   81   79   77   77   80   86   97  113  132  155  177  198
  215  228  240  253  268  285  304  321  339  354  368  381  394  406  417  423
  417  402  384  359  346  331  326  314  281                                   
    20.0-180.0 180.0   5.0 450.0                            LAT/LON1/LON2/DLON/H
  348  334  297  257  214  168  128   97   76   60   50   46   46   50   55   59
   64   68   71   75   78   83   90   99  108  115  118  119  118  115  111  105
   98   93   89   86   83   79   75   74   77   84   96  113  136  161  187  212
  233  250  267  283  300  318  337  354  372  388  403  418  433  449  465  475
  472  459  439  411  394  381  374  365  348                                   
    17.5-180.0 180.0   5.0 450.0                            LAT/LON1/LON2/DLON/H
  407  402  369  333  288  235  184  142  110   86   69   60   56   56   58   60
   63   65   67   71   77   85   98  112  125  134  138  138  136  132  126  118
  108   99   92   87   82   77   73   72   74   82   95  115  140  168  197  224
  249  271  292  311  330  349  367  383  400  415  429  442  458  477  497  510
  512  501  482  454  433  421  414  407  407                                   
    15.0-180.0 180.0   5.0 450.0                            LAT/LON1/LON2/DLON/H
  450  454  427  399  353  299  241  193  153  123  100   85   76   73   72   71
   71   71   73   77   85   97  113  130  145  155  157  155  150  144  135  124
  112  101   93   86   81   76   73   71   74   82   97  118  144  174  204  234
  262  288  312  334  355  373  390  405  419  432  444  455  470  489  510  526
  529  522  507  482  459  447  442  436  450                                   
    12.5-180.0 180.0   5.0 450.0                            LAT/LON1/LON2/DLON/H
  474  481  464  442  400  349  291  241  199  165  138  119  107  100   96   93
   91   90   91   95  105  118  136  154  168  174  172  166  157  148  137  125
  113  101   92   86   81   77   74   74   77   85  100  122  149  179  210  241
  271  300  326  350  371  389  404  418  430  441  450  460  472  489  509  523
  528  523  512  492  470  458  455  449  474                                   
    10.0-180.0 180.0   5.0 450.0                            LAT/LON1/LON2/DLON/H
  479  485  476  457  423  378  326  280  240  206  179  160  146  137  132  127
  124  122  123  127  137  151  166  181  189  188  181  170  158  147  135  123
  111  101   93   88   84   81   79   79   83   91  107  129  155  184  214  245
  276  306  334  359  379  395  409  422  434  444  451  459  468  483  499  511
  515  512  504  490  472  459  457  451  479                                   
     7.5-180.0 180.0   5.0 450.0                            LAT/LON1/LON2/DLON/H
  473  473  467  449  423  387  344  306  271  242  217  199  187  178  173  169
  165  164  165  170  179  190  200  207  206  197  183  168  155  142  131  121
