data/edconvlstm_nd/pred2810.15i
     1.0            IONOSPHERE MAPS     GNSS                IONEX VERSION / TYPE
pyspatialgeodesy        IME             05-JAN-18 20:20     PGM / RUN BY / DATE 
Map Name                                                    COMMENT             
Predicted global ionosphere maps (GIM).                     DESCRIPTION         
  2015    10     8     0     0     0                        EPOCH OF FIRST MAP  
  2015    10     9     0     0     0                        EPOCH OF LAST MAP   
  7200                                                      INTERVAL            
    13                                                      # OF MAPS IN FILE   
  NONE                                                      MAPPING FUNCTION    
10.0                                                        ELEVATION CUTOFF    
One-way carrier phase leveled to code                       OBSERVABLES USED    
  6371.0                                                    BASE RADIUS         
 2                                                          MAP DIMENSION       
   450.0 450.0   0.0                                        HGT1 / HGT2 / DHGT  
    87.5 -87.5  -2.5                                        LAT1 / LAT2 / DLAT  
  -180.0 180.0   5.0                                        LON1 / LON2 / DLON  
    -1                                                      EXPONENT            
                                                            END OF HEADER       
[from data line 3003]
     8                                                      START OF TEC MAP    
  2015    10     8    14     0     0                        EPOCH OF CURRENT MAP
    87.5-180.0 180.0   5.0 450.0                            LAT/LON1/LON2/DLON/H
   55   66   67   70   73   73   73   68   69   72   71   72   72   73   74   74
   75   75   76   76   76   76   76   76   76   76   76   76   76   75   75   74
   74   73   73   72   71   71   70   70   69   69   69   68   68   68   69   69
   69   69   70   70   70   71   71   71   71   71   71   71   71   70   70   70
   70   70   67   63   66   65   79   81   55                                   
    85.0-180.0 180.0   5.0 450.0                            LAT/LON1/LON2/DLON/H
   58   68   82   66   68   71   70   71   71   74   73   74   74   75   76   76
   77   78   79   80   80   81   81   82   82   83   83   83   83   83   82   82
   81   80   80   79   78   77   76   75   75   74   74   74   73   74   74   74
   75   75   76   76   77   77   78   78   78   78   78   77   77   77   76   76
   76   75   70   65   66   67   75   74   58                                   
    82.5-180.0 180.0   5.0 450.0                            LAT/LON1/LON2/DLON/H
   46   56   67   58   60   63   64   65   65   67   68   70   70   71   72   74
   75   76   77   78   79   80   81   81   82   82   83   83   83   83   83   82
   82   81   79   78   77   75   74   73   72   71   71   71   71   71   71   72
   73   74   75   75   76   77   77   77   77   77   77   76   75   74   73   72
   72   70   65   61   63   71   67   65   46                                   
    80.0-180.0 180.0   5.0 450.0                            LAT/LON1/LON2/DLON/H
   38   43   57   50   52   51   53   55   57   59   60   62   63   65   66   68
   70   71   73   74   75   77   78   79   80   81   81   82   82   83   82   82
   80   79   77   75   73   71   69   68   66   65   65   65   65   66   67   68
   70   71   73   74   76   77   77   78   78   77   77   76   74   73   71   69
   68   66   62   58   57   62   61   64   38                                   
    77.5-180.0 180.0   5.0 450.0                            LAT/LON1/LON2/DLON/H
   46   44   47   42   43   44   46   48   50   52   53   56   58   60   62   64
   67   69   71   73   75   76   77   79   80   81   82   83   83   83   83   82
   81   79   77   74   71   68   65   62   60   58   58   57   58   59   61   63
   66   68   71   73   75   77   78   79   79   79   78   77   75   73   71   68
   66   63   59   56   52   51   52   58   46                                   
    75.0-180.0 180.0   5.0 450.0                            LAT/LON1/LON2/DLON/H
   38   38   38   36   38   39   40   42   44   47   48   51   53   55   58   60
   63   66   69   71   74   76   78   80   81   83   84   85   86   86   86   85
   83   81   78   74   71   67   63   60   57   55   54   54   54   56   58   61
   64   67   70   72   74   76   77   78   78   78   77   76   74   72   70   67
   65   62   60   54   53   48   47   44   38                                   
    72.5-180.0 180.0   5.0 450.0                            LAT/LON1/LON2/DLON/H
   40   38   36   35   35   36   38   39   40   42   43   46   48   51   54   57
   61   64   67   70   73   76   78   80   81   83   84   85   86   86   86   85
   83   81   77   73   69   65   61   57   54   52   50   50   51   52   55   57
   60   63   65   67   69   70   71   72   72   72   71   70   69   67   66   64
   63   60   58   54   51   47   46   47   40                                   
    70.0-180.0 180.0   5.0 450.0                            LAT/LON1/LON2/DLON/H
   41   38   37   35   35   35   36   37   39   41   42   45   47   49   53   56
   60   64   68   72   75   79   81   83   85   86   87   88   89   89   89   88
   86   83   80   76   71   67   63   59   56   54   53   53   54   55   57   59
   60   62   63   64   64   64   64   64   64   64   64   63   63   62   62   62
   61   60   59   55   54   49   52   51   41                                   
    67.5-180.0 180.0   5.0 450.0                            LAT/LON1/LON2/DLON/H
   42   40   39   38   38   38   40   41   42   43   44   46   48   51   54   58
   62   66   71   75   78   81   84   85   86   87   88   88   88   88   88   86
   84   81   78   74   70   66   63   60   58   57   57   57   58   59   60   60
   60   59   58   57   56   55   54   53   53   53   54   54   55   55   56   57
   58   58   58   54   53   51   51   49   42                                   
    65.0-180.0 180.0   5.0 450.0                            LAT/LON1/LON2/DLON/H
   43   42   40   41   40   41   43   44   45   46   47   49   51   54   57   61
   65   70   74   78   82   85   87   88   89   89   89   88   88   88   87   85
   83   80   77   73   70   67   65   64   63   63   64   65   66   66   66   65
   63   59   56   52   48   45   44   43   43   43   44   45   47   48   50   52
   53   55   56   55   55   54   55   53   43                                   
    62.5-180.0 180.0   5.0 450.0                            LAT/LON1/LON2/DLON/H
   43   43   42   43   43   45   46   47   48   49   50   52   54   58   61   65
   69   73   77   81   84   87   88   89   89   88   87   87   86   85   84   82
   79   77   74   71   69   67   66   66   67   69   71   73   74   74   72   69
   65   59   52   46   40   36   34   33   34   35   36   38   39   41   43   45
   47   49   52   51   52   53   54   53   43                                   
    60.0-180.0 180.0   5.0 450.0                            LAT/LON1/LON2/DLON/H
   44   44   43   44   44   46   46   47   48   49   50   53   56   60   64   68
   72   75   78   81   83   85   86   87   86   86   84   84   83   82   81   79
   76   74   71   68   67   66   67   68   71   74   77   80   81   81   78   74
   67   58   49   41   35   30   28   27   28   30   32   33   34   35   37   39
   41   43   45   45   48   49   51   50   44                                   
    57.5-180.0 180.0   5.0 450.0                            LAT/LON1/LON2/DLON/H
   45   45   45   46   46   47   47   47   48   48   49   53   57   61   66   70
   74   76   78   80   82   83   84   85   84   84   83   82   82   82   81   79
   77   74   71   70   69   69   70   73   76   80   85   88   90   90   87   81
   72   62   51   42   35   30   28   29   31   33   35   36   36   36   37   37
   38   40   42   42   45   46   47   48   45                                   
    55.0-180.0 180.0   5.0 450.0                            LAT/LON1/LON2/DLON/H
   47   47   48   48   47   47   47   46   46   46   47   50   55   60   66   70
   73   75   76   77   78   80   81   82   82   82   82   82   83   83   83   82
   80   77   75   73   73   73   75   78   82   86   91   96   98   98   95   88
   78   67   56   46   39   35   35   36   39   42   44   44   44   42   41   40
   40   40   41   41   44   43   45   46   47                                   
    52.5-180.0 180.0   5.0 450.0                            LAT/LON1/LON2/DLON/H
   49   50   51   50   48   49   47   45   43   43   43   47   51   58   63   68
   71   73   73   74   75   77   79   81   82   82   83   84   86   87   88   87
   86   83   81   80   79   80   82   84   88   92   98  103  106  107  103   96
   86   75   64   55   48   46   46   49   53   56   58   58   56   53   51   48
   46   45   45   44   45   44   45   45   49                                   
    50.0-180.0 180.0   5.0 450.0                            LAT/LON1/LON2/DLON/H
   53   54   55   54   51   51   48   45   42   41   40   43   48   54   60   65
   68   70   71   72   74   76   79   81   83   85   86   88   90   92   93   93
   92   91   89   88   88   89   90   92   95   99  104  110  113  114  112  105
   96   85   74   66   60   58   60   64   69   73   75   74   71   67   63   60
   56   54   53   50   51   47   48   47   53                                   
    47.5-180.0 180.0   5.0 450.0                            LAT/LON1/LON2/DLON/H
   57   58   59   58   54   54   51   48   44   42   40   42   46   51   57   62
   66   68   70   72   75   78   82   85   88   90   92   94   96   98   99  100
   99   98   97   97   98   98   99  100  102  106  111  116  121  122  120  114
  105   95   85   77   72   71   73   78   83   88   89   88   85   81   76   73
   69   66   64   60   59   55   54   52   57                                   
    45.0-180.0 180.0   5.0 450.0                            LAT/LON1/LON2/DLON/H
   60   62   62   61   56   57   54   52   48   46   44   44   47   51   57   62
   67   70   73   76   80   85   89   92   96   98  100  102  103  105  105  105
  105  105  105  106  107  108  108  108  110  113  118  124  128  130  128  122
  113  104   94   87   82   81   83   88   93   97   99   98   95   91   87   84
   80   77   75   71   69   64   63   59   60                                   
    42.5-180.0 180.0   5.0 450.0                            LAT/LON1/LON2/DLON/H
   62   65   63   63   59   60   58   57   55   53   51   51   52   56   61   67
   72   76   80   85   90   95   99  103  106  108  110  111  112  111  111  110
  109  110  111  114  116  118  118  118  119  121  126  132  136  138  135  129
  121  111  102   94   88   86   87   91   97  101  102  102   99   96   93   91
   89   87   85   81   79   74   71   66   62                                   
    40.0-180.0 180.0   5.0 450.0                            LAT/LON1/LON2/DLON/H
   63   66   64   64   60   62   61   61   61   61   60   61   62   66   71   77
   82   88   93   99  104  109  112  115  118  120  122  122  121  118  116  114
  113  114  117  121  126  129  129  129  129  131  135  141  145  146  143  137
  128  118  107   98   91   87   87   91   95   99  100  100   98   96   94   93
   92   92   90   88   86   82   78   73   63                                   
    37.5-180.0 180.0   5.0 450.0                            LAT/LON1/LON2/DLON/H
   64   67   65   65   61   62   62   64   66   69   70   72   74   79   85   91
   98  104  110  116  121  125  127  128  130  132  134  133  131  127  123  120
  119  120  125  131  137  141  143  142  142  143  146  151  154  155  151  145
  136  125  113  102   93   88   86   88   92   95   96   96   95   93   93   93
   93   93   93   91   91   87   82   78   64                                   
    35.0-180.0 180.0   5.0 450.0                            LAT/LON1/LON2/DLON/H
   65   68   66   66   61   62   62   65   69   74   77   82   87   93  101  108
  116  123  130  136  140  141  141  141  142  145  146  146  143  138  133  129
  128  131  137  145  153  158  160  159  157  157  159  162  165  165  162  155
  146  135  122  110   99   91   88   88   91   93   95   95   94   92   92   92
   92   92   93   92   92   89   84   81   65                                   
    32.5-180.0 180.0   5.0 450.0                            LAT/LON1/LON2/DLON/H
   69   70   68   67   61   60   60   63   68   74   80   88   96  106  116  125
  134  142  149  155  158  158  156  154  155  157  160  161  158  153  148  144
  144  148  155  165  174  180  181  179  176  174  174  176  177  178  175  170
  161  150  137  123  111  101   96   95   96   98  100  100   99   97   95   94
   93   93   94   93   94   90   85   83   69                                   
    30.0-180.0 180.0   5.0 450.0                            LAT/LON1/LON2/DLON/H
   76   74   73   70   63   59   58   59   63   70   78   88  101  114  128  139
  149  158  166  172  174  173  170  168  169  172  175  177  176  173  169  166
  167  172  181  192  201  207  207  203  198  194  192  192  193  194  193  190
  183  173  160  146  132  121  114  111  111  113  114  114  112  109  106  103
  100   98   98   97   97   92   88   86   76                                   
    27.5-180.0 180.0   5.0 450.0                            LAT/LON1/LON2/DLON/H
   86   81   80   75   66   61   57   55   58   63   72   84  100  117  134  148
  159  169  178  184  188  187  185  183  184  188  193  196  198  197  195  194
  197  204  214  225  234  238  236  231  224  217  213  212  213  215  217  216
  211  203  191  176  162  150  141  137  136  136  137  137  135  131  126  121
  115  111  108  105  104   97   94   91   86                                   
    25.0-180.0 180.0   5.0 450.0                            LAT/LON1/LON2/DLON/H
   97   89   89   82   72   65   59   54   54   58   65   78   95  115  134  150
  163  174  185  193  199  200  200  199  201  206  212  218  222  224  226  229
  235  243  253  263  270  272  269  261  252  244  239  236  238  241  245  248
  246  240  229  214  199  186  176  170  167  167  167  167  165  160  153  146
  137  130  125  119  116  106  102   97   97                                   
    22.5-180.0 180.0   5.0 450.0                            LAT/LON1/LON2/DLON/H
  109   97   97   89   80   73   66   59   55   56   61   73   91  111  132  149
  163  176  188  199  208  213  216  218  221  227  234  241  248  255  261  268
  277  286  295  302  307  307  302  293  283  273  267  265  267  272  279  283
  284  280  270  256  240  226  215  207  201  199  198  198  196  191  183  174
  163  154  146  137  130  119  112  105  109                                   
    20.0-180.0 180.0   5.0 450.0                            LAT/LON1/LON2/DLON/H
  119  105  104   96   87   82   75   67   62   60   63   72   89  109  129  147
  163  177  191  205  217  226  232  237  243  249  257  266  276  287  298  309
  318  326  333  338  341  339  333  323  313  304  298  296  299  306  314  320
  322  318  309  295  280  265  251  240  233  228  226  225  223  218  210  201
  189  179  168  157  146  132  123  115  119                                   
    17.5-180.0 180.0   5.0 450.0                            LAT/LON1/LON2/DLON/H
  124  112  108  101   93   90   85   78   72   69   69   77   91  110  130  148
  165  180  196  212  227  239  250  258  265  273  282  293  305  319  333  345
  354  360  364  367  368  366  360  351  342  334  330  329  333  340  348  355
  356  351  342  328  312  295  280  267  257  250  247  245  242  237  230  221
  210  201  187  174  160  144  132  124  124                                   
    15.0-180.0 180.0   5.0 450.0                            LAT/LON1/LON2/DLON/H
  126  116  109  103   96   94   93   89   84   81   80   85   97  115  134  153
  171  189  206  223  240  254  268  279  289  298  308  320  334  349  362  373
  380  384  386  388  389  387  382  375  369  363  360  360  364  371  378  382
  381  375  363  349  333  316  299  284  272  263  258  255  252  246  239  232
  223  215  201  186  169  151  138  130  126                                   
    12.5-180.0 180.0   5.0 450.0                            LAT/LON1/LON2/DLON/H
  125  117  108  102   95   94   97   96   93   91   91   95  107  123  142  162
  182  201  220  238  254  270  285  299  312  323  335  347  361  374  386  395
  399  402  404  405  406  404  401  397  393  390  388  388  391  396  400  400
  396  386  373  358  342  325  308  292  278  267  260  256  252  246  239  233
  226  220  207  192  173  154  141  132  125                                   
    10.0-180.0 180.0   5.0 450.0                            LAT/LON1/LON2/DLON/H
  122  117  104   98   92   91   96   98   98   98   99  105  116  133  153  174
  196  217  237  254  269  285  301  318  334  348  361  373  385  397  407  413
  416  418  420  421  421  419  417  415  413  411  409  409  410  411  411  408
  399  387  373  358  342  326  309  293  278  266  258  251  245  238  232  226
  221  218  206  191  171  152  140  131  122                                   
     7.5-180.0 180.0   5.0 450.0                            LAT/LON1/LON2/DLON/H
  120  117  102   94   88   85   91   94   96   98  102  110  124  142  164  187
  211  234  254  270  284  299  316  335  354  371  384  396  407  417  426  431
