data/edconvlstm_nd/pred1430.15i
     1.0            IONOSPHERE MAPS     GNSS                IONEX VERSION / TYPE
pyspatialgeodesy        IME             05-JAN-18 20:20     PGM / RUN BY / DATE 
Map Name                                                    COMMENT             
Predicted global ionosphere maps (GIM).                     DESCRIPTION         
  2015     5    23     0     0     0                        EPOCH OF FIRST MAP  
  2015     5    24     0     0     0                        EPOCH OF LAST MAP   
  7200                                                      INTERVAL            
    13                                                      # OF MAPS IN FILE   
  NONE                                                      MAPPING FUNCTION    
10.0                                                        ELEVATION CUTOFF    
One-way carrier phase leveled to code                       OBSERVABLES USED    
  6371.0                                                    BASE RADIUS         
 2                                                          MAP DIMENSION       
   450.0 450.0   0.0                                        HGT1 / HGT2 / DHGT  
    87.5 -87.5  -2.5                                        LAT1 / LAT2 / DLAT  
  -180.0 180.0   5.0                                        LON1 / LON2 / DLON  
    -1                                                      EXPONENT            
                                                            END OF HEADER       
[from data line 1716]
     5                                                      START OF TEC MAP    
  2015     5    23     8     0     0                        EPOCH OF CURRENT MAP
    87.5-180.0 180.0   5.0 450.0                            LAT/LON1/LON2/DLON/H
  168  163  158  161  163  163  161  160  162  163  164  166  167  168  169  170
  170  171  171  172  172  172  172  171  171  170  170  169  168  168  167  166
  165  165  164  163  162  161  160  159  159  158  157  157  156  156  156  155
  155  155  155  155  154  154  154  154  154  153  153  153  153  152  152  152
  152  154  153  153  158  157  161  162  168                                   
    85.0-180.0 180.0   5.0 450.0                            LAT/LON1/LON2/DLON/H
  162  160  163  163  164  165  166  167  169  171  172  173  175  176  178  179
  180  181  182  182  183  183  183  182  182  181  180  180  179  178  177  177
  176  175  174  173  171  170  169  168  167  166  165  164  164  163  163  163
  163  163  163  163  163  163  163  162  162  162  161  161  161  160  160  160
  161  162  158  159  155  156  160  164  162                                   
    82.5-180.0 180.0   5.0 450.0                            LAT/LON1/LON2/DLON/H
  156  161  161  157  157  159  160  161  164  166  167  170  172  174  176  178
  180  181  182  182  182  182  182  181  180  179  178  178  177  176  176  175
  174  173  172  171  170  168  167  165  164  163  162  161  161  160  161  161
  161  162  162  163  163  163  163  163  162  162  161  160  160  159  158  157
  157  157  153  155  155  157  157  150  156                                   
    80.0-180.0 180.0   5.0 450.0                            LAT/LON1/LON2/DLON/H
  155  158  156  155  155  155  156  158  161  163  164  167  170  173  175  178
  180  181  182  182  182  181  180  179  177  176  174  174  173  173  173  173
  173  173  172  171  170  168  166  165  164  162  162  162  162  163  164  165
  167  168  169  170  171  171  171  171  170  170  169  168  166  165  163  162
  161  160  156  157  156  158  163  151  155                                   
    77.5-180.0 180.0   5.0 450.0                            LAT/LON1/LON2/DLON/H
  157  157  157  156  154  154  154  155  157  158  159  162  165  168  172  174
  177  179  180  180  179  178  176  173  171  169  168  167  168  169  170  172
  173  174  175  175  174  172  171  169  168  167  167  167  169  171  173  176
  178  181  183  184  185  185  185  184  183  182  181  179  177  175  173  172
  169  167  161  162  163  162  163  159  157                                   
    75.0-180.0 180.0   5.0 450.0                            LAT/LON1/LON2/DLON/H
  156  158  154  155  152  152  151  150  151  152  152  155  158  161  165  168
  171  173  174  174  173  170  167  164  160  158  157  157  158  161  164  168
  172  175  177  178  178  177  175  173  172  172  173  174  177  180  184  188
  191  194  196  198  198  198  197  196  194  193  191  189  188  186  184  182
  179  177  171  167  167  167  168  163  156                                   
    72.5-180.0 180.0   5.0 450.0                            LAT/LON1/LON2/DLON/H
  157  161  157  156  153  151  150  147  146  146  146  148  150  153  157  161
  164  166  168  167  166  162  158  154  150  147  146  147  150  154  160  166
  172  178  181  183  184  183  182  181  180  180  182  185  189  194  198  203
  206  209  210  210  209  208  205  203  200  198  197  196  195  194  193  192
  189  187  182  178  175  174  174  170  157                                   
    70.0-180.0 180.0   5.0 450.0                            LAT/LON1/LON2/DLON/H
  163  163  160  157  153  148  145  142  140  137  136  138  139  142  146  149
  153  155  157  156  154  150  146  141  136  133  132  134  139  145  153  162
  170  178  183  186  188  187  186  185  185  187  190  195  200  206  211  215
  218  219  218  216  212  208  203  199  196  194  193  193  193  194  194  195
  194  192  187  184  180  180  182  178  163                                   
    67.5-180.0 180.0   5.0 450.0                            LAT/LON1/LON2/DLON/H
  164  166  163  159  155  149  144  139  135  132  130  130  131  133  136  139
  142  145  146  145  143  139  134  129  125  122  122  125  131  139  149  159
  169  178  184  188  190  190  190  190  191  194  199  205  212  218  224  227
  228  226  222  216  209  202  195  189  185  182  182  183  186  188  191  194
  195  194  190  187  183  183  184  181  164                                   
    65.0-180.0 180.0   5.0 450.0                            LAT/LON1/LON2/DLON/H
  167  170  166  162  157  150  144  137  132  127  125  124  124  125  127  129
  131  133  134  134  132  128  124  119  116  114  116  120  127  136  147  159
  170  179  187  191  194  195  195  196  199  204  211  219  227  234  238  240
  238  233  225  216  205  195  185  177  172  169  169  172  176  181  185  190
  193  193  191  188  185  187  188  185  167                                   
    62.5-180.0 180.0   5.0 450.0                            LAT/LON1/LON2/DLON/H
  169  174  170  165  160  152  144  135  130  124  120  119  118  118  118  119
  120  121  122  121  120  117  114  111  109  109  112  118  126  136  148  160
  171  181  189  194  197  199  201  204  208  216  224  234  243  249  253  252
  247  239  228  216  202  189  177  168  162  158  158  161  166  172  178  184
  188  190  189  188  185  187  189  187  169                                   
    60.0-180.0 180.0   5.0 450.0                            LAT/LON1/LON2/DLON/H
  173  179  174  169  163  154  144  134  127  120  115  113  111  110  109  108
  108  109  109  108  107  105  103  102  102  105  110  117  127  138  149  161
  172  182  190  196  200  203  207  212  219  228  239  249  259  265  266  264
  257  246  233  219  203  189  176  166  158  154  153  155  160  165  171  178
  183  186  186  185  184  187  190  187  173                                   
    57.5-180.0 180.0   5.0 450.0                            LAT/LON1/LON2/DLON/H
  178  185  181  175  168  157  146  133  125  117  111  108  105  102  100   99
   98   97   97   97   96   95   94   95   97  102  110  119  130  141  152  164
  174  184  193  200  206  211  216  223  232  243  254  266  275  280  281  277
  269  257  243  228  213  198  185  174  165  160  157  158  160  164  169  175
  179  183  184  184  185  188  192  188  178                                   
    55.0-180.0 180.0   5.0 450.0                            LAT/LON1/LON2/DLON/H
  186  192  189  182  174  162  149  134  123  114  107  103   99   96   93   91
   89   89   89   88   87   87   87   89   94  101  111  122  133  145  156  167
  177  188  197  206  214  221  228  236  246  258  270  282  290  295  295  290
  282  270  257  243  228  214  201  190  181  175  171  169  168  169  172  176
  179  182  184  185  187  191  195  191  186                                   
    52.5-180.0 180.0   5.0 450.0                            LAT/LON1/LON2/DLON/H
  195  200  198  190  182  169  154  138  125  113  105  100   96   92   88   86
   85   85   85   84   83   83   84   87   93  102  113  125  137  149  159  170
  181  192  203  214  224  233  242  251  262  274  286  297  305  309  309  304
  296  286  274  261  248  235  223  212  202  195  189  185  182  179  179  180
  182  185  186  189  191  197  201  196  195                                   
    50.0-180.0 180.0   5.0 450.0                            LAT/LON1/LON2/DLON/H
  204  208  207  199  190  177  161  143  128  116  107  101   95   91   88   86
   85   86   86   86   85   84   85   89   95  105  117  130  142  153  163  173
  185  197  211  223  235  247  257  268  279  290  301  311  318  322  322  318
  312  303  292  280  268  255  243  232  222  214  208  202  196  192  189  188
  188  191  192  195  198  205  209  203  204                                   
    47.5-180.0 180.0   5.0 450.0                            LAT/LON1/LON2/DLON/H
  211  214  213  205  197  184  169  150  135  121  111  105   99   94   91   89
   90   91   92   92   91   90   91   95  102  111  123  135  146  156  166  177
  189  203  218  232  246  260  272  283  295  305  315  324  330  334  335  333
  327  319  309  298  285  271  258  247  237  229  222  215  210  204  199  197
  196  198  200  203  207  214  217  211  211                                   
    45.0-180.0 180.0   5.0 450.0                            LAT/LON1/LON2/DLON/H
  215  216  215  207  201  189  174  157  142  129  119  112  106  101   97   96
   97  100  101  102  101  100  101  104  111  120  130  141  150  159  169  180
  192  207  223  239  255  270  284  297  309  319  328  336  342  346  348  347
  342  335  324  312  297  282  267  254  244  236  230  225  220  214  209  207
  205  207  208  211  215  222  225  218  215                                   
    42.5-180.0 180.0   5.0 450.0                            LAT/LON1/LON2/DLON/H
  214  213  211  204  198  188  176  161  148  137  128  122  116  110  106  105
  106  109  111  112  112  111  113  117  123  131  139  147  155  162  171  182
  195  210  226  242  259  276  292  307  320  331  340  347  354  359  362  362
  358  350  339  324  307  290  274  260  249  241  236  232  228  223  219  217
  215  217  217  219  222  229  231  224  214                                   
    40.0-180.0 180.0   5.0 450.0                            LAT/LON1/LON2/DLON/H
  210  207  203  194  190  181  172  161  151  143  137  132  126  120  116  114
  115  118  120  121  121  122  125  130  136  142  148  154  159  165  173  183
  196  210  225  242  259  277  296  313  328  340  350  358  366  373  377  378
  375  367  354  339  321  303  285  270  258  250  245  241  238  234  231  228
  226  227  226  227  229  234  235  227  210                                   
    37.5-180.0 180.0   5.0 450.0                            LAT/LON1/LON2/DLON/H
  205  199  193  182  178  169  163  156  150  146  143  141  136  129  124  122
  122  124  126  128  129  132  137  143  149  154  158  161  164  169  176  185
  196  209  223  238  255  275  296  316  333  347  359  369  378  387  393  396
  393  386  375  361  345  328  311  295  282  272  264  259  254  250  246  243
  240  239  236  236  236  240  240  230  205                                   
    35.0-180.0 180.0   5.0 450.0                            LAT/LON1/LON2/DLON/H
  204  194  185  170  164  155  151  147  145  145  146  146  143  137  131  127
  127  128  130  132  135  140  147  155  161  165  167  168  169  172  178  186
  196  207  219  233  250  271  294  317  337  353  366  378  389  400  409  413
  413  409  401  392  381  369  354  339  324  311  299  290  281  274  268  263
  258  254  250  248  246  248  246  234  204                                   
    32.5-180.0 180.0   5.0 450.0                            LAT/LON1/LON2/DLON/H
  210  195  183  164  155  144  140  137  138  141  145  148  147  142  136  132
  130  130  132  135  140  148  157  166  172  175  175  174  174  176  181  188
  196  205  215  228  245  267  292  317  339  357  371  385  398  411  423  431
  434  435  434  433  431  426  417  404  388  370  353  336  321  308  298  289
  281  275  268  263  260  260  257  243  210                                   
    30.0-180.0 180.0   5.0 450.0                            LAT/LON1/LON2/DLON/H
  224  206  190  167  154  141  135  131  133  137  143  148  149  145  140  135
  133  133  135  139  146  155  166  176  182  183  182  179  178  179  183  189
  195  203  212  225  243  266  292  318  340  359  374  389  404  419  434  446
  454  462  470  480  489  495  494  485  468  446  421  396  373  353  336  322
  310  301  291  285  280  278  273  258  224                                   
    27.5-180.0 180.0   5.0 450.0                            LAT/LON1/LON2/DLON/H
  247  225  206  181  164  148  139  132  132  136  142  149  151  148  144  140
  137  137  139  144  152  164  176  185  190  189  186  183  181  181  185  189
  195  202  212  225  244  268  294  319  342  360  375  390  407  424  441  457
  472  487  505  527  548  566  574  569  553  527  496  462  431  403  380  360
  344  332  321  312  306  302  295  279  247                                   
    25.0-180.0 180.0   5.0 450.0                            LAT/LON1/LON2/DLON/H
  274  250  228  203  184  165  153  143  140  141  146  151  154  153  149  146
  143  143  145  150  160  173  185  193  196  193  188  183  181  181  184  188
  194  202  213  229  250  274  299  322  343  360  375  390  407  425  444  464
  484  507  534  566  598  625  640  640  625  597  562  523  485  452  424  401
  381  368  355  345  336  331  321  304  274                                   
    22.5-180.0 180.0   5.0 450.0                            LAT/LON1/LON2/DLON/H
  302  276  253  230  210  191  176  164  156  153  155  159  161  160  157  154
  151  150  152  158  169  182  193  199  199  194  186  180  177  178  180  185
  191  201  216  235  258  282  305  326  344  360  374  389  406  425  446  468
  492  519  553  591  629  660  679  681  667  641  606  566  528  494  464  440
  420  405  393  381  370  362  348  332  302                                   
    20.0-180.0 180.0   5.0 450.0                            LAT/LON1/LON2/DLON/H
  327  299  275  256  237  219  203  190  179  172  170  171  171  170  167  164
  161  159  160  166  176  189  199  203  199  190  180  173  169  170  173  178
  187  201  220  242  267  290  312  331  347  361  376  391  407  426  447  470
  496  526  560  599  637  667  684  687  675  653  622  589  555  525  498  475
  457  443  431  417  403  392  375  358  327                                   
    17.5-180.0 180.0   5.0 450.0                            LAT/LON1/LON2/DLON/H
  346  316  293  277  259  245  230  219  206  196  189  186  184  182  179  175
  171  167  167  172  181  193  201  202  194  182  169  160  157  158  163  171
  183  201  223  248  274  297  318  335  350  365  380  395  412  431  452  475
  500  528  559  593  625  649  662  664  655  638  617  593  568  545  524  505
  489  478  466  450  434  418  399  380  346                                   
    15.0-180.0 180.0   5.0 450.0                            LAT/LON1/LON2/DLON/H
  358  328  305  290  275  263  252  243  230  219  209  203  198  194  190  185
  179  174  172  175  183  192  198  196  185  170  155  145  142  145  152  164
  179  200  225  252  278  301  321  338  354  370  387  404  421  440  461  483
  506  530  555  580  602  619  626  626  620  610  598  585  570  556  542  528
  516  506  495  477  459  438  417  397  358                                   
    12.5-180.0 180.0   5.0 450.0                            LAT/LON1/LON2/DLON/H
  367  337  314  298  284  273  265  259  248  237  226  217  210  204  198  192
  185  178  173  174  180  188  191  186  172  154  139  130  128  133  144  158
  177  200  226  253  279  301  321  339  358  376  395  414  432  451  473  495
  516  535  552  567  580  588  591  589  585  581  577  574  569  562  554  544
  534  525  515  496  475  451  429  408  367                                   
    10.0-180.0 180.0   5.0 450.0                            LAT/LON1/LON2/DLON/H
  375  347  324  303  288  277  271  267  259  248  236  226  217  209  202  196
  187  179  172  171  175  179  179  172  157  139  124  116  116  124  137  154
  175  199  225  250  275  297  318  338  359  381  402  423  442  463  486  508
  528  543  555  563  569  571  570  566  563  562  565  567  568  566  561  553
  543  535  524  505  484  456  436  415  375                                   
     7.5-180.0 180.0   5.0 450.0                            LAT/LON1/LON2/DLON/H
  386  362  337  311  295  282  274  271  263  253  241  229  218  209  202  195
  186  177  169  166  167  168  165  156  141  124  111  105  107  117  132  152
