data/edconvlstm_nd/pred0480.15i
     1.0            IONOSPHERE MAPS     GNSS                IONEX VERSION / TYPE
pyspatialgeodesy        IME             05-JAN-18 20:20     PGM / RUN BY / DATE 
Map Name                                                    COMMENT             
Predicted global ionosphere maps (GIM).                     DESCRIPTION         
  2015     2    17     0     0     0                        EPOCH OF FIRST MAP  
  2015     2    18     0     0     0                        EPOCH OF LAST MAP   
  7200                                                      INTERVAL            
    13                                                      # OF MAPS IN FILE   
  NONE                                                      MAPPING FUNCTION    
10.0                                                        ELEVATION CUTOFF    
One-way carrier phase leveled to code                       OBSERVABLES USED    
  6371.0                                                    BASE RADIUS         
 2                                                          MAP DIMENSION       
   450.0 450.0   0.0                                        HGT1 / HGT2 / DHGT  
    87.5 -87.5  -2.5                                        LAT1 / LAT2 / DLAT  
  -180.0 180.0   5.0                                        LON1 / LON2 / DLON  
    -1                                                      EXPONENT            
                                                            END OF HEADER       
[from data line 2574]
     7                                                      START OF TEC MAP    
  2015     2    17    12     0     0                        EPOCH OF CURRENT MAP
    87.5-180.0 180.0   5.0 450.0                            LAT/LON1/LON2/DLON/H
   99   96   93   99  105  105  104  103  106  108  108  109  110  110  110  110
  110  110  110  110  110  110  110  111  111  112  113  113  114  115  116  117
  118  118  119  119  119  118  118  117  116  115  114  112  111  109  107  106
  104  102  100   98   96   94   92   90   89   87   86   85   84   84   83   83
   84   86   85   85   92   90  101  103   99                                   
    85.0-180.0 180.0   5.0 450.0                            LAT/LON1/LON2/DLON/H
   89   88   96   91   94   98   99  102  104  106  106  108  108  109  109  109
  109  109  110  110  110  111  111  112  113  115  116  118  119  121  122  124
  125  126  127  128  128  128  128  127  126  124  122  120  118  116  113  111
  108  105  102   99   96   94   91   89   86   85   83   82   81   80   79   79
   80   82   79   78   79   82   89   92   89                                   
    82.5-180.0 180.0   5.0 450.0                            LAT/LON1/LON2/DLON/H
   69   77   80   79   81   86   89   92   94   96   97   98   98   98   98   97
   97   97   97   97   97   98   99  100  102  104  107  110  113  116  119  123
  126  128  131  132  134  134  134  134  132  131  128  126  123  120  116  112
  109  104  100   96   92   88   84   80   77   74   71   69   67   66   64   64
   65   65   63   65   68   75   71   71   69                                   
    80.0-180.0 180.0   5.0 450.0                            LAT/LON1/LON2/DLON/H
   63   64   69   72   73   75   80   84   86   88   88   89   88   87   86   85
   84   84   83   83   84   84   86   88   90   93   96  101  105  110  115  120
  125  129  133  136  138  139  139  139  138  136  134  131  128  124  121  116
  112  107  102   97   92   87   82   77   72   68   65   62   59   57   55   55
   55   54   54   55   56   63   65   65   63                                   
    77.5-180.0 180.0   5.0 450.0                            LAT/LON1/LON2/DLON/H
   66   64   67   70   71   75   80   84   86   87   86   86   84   82   80   79
   78   77   76   76   77   78   79   82   84   88   92   98  103  110  116  123
  130  136  141  145  148  150  151  151  150  148  146  144  141  138  135  131
  127  123  118  112  106  100   94   88   82   77   72   67   64   61   58   57
   56   55   53   54   56   56   60   63   66                                   
    75.0-180.0 180.0   5.0 450.0                            LAT/LON1/LON2/DLON/H
   62   64   63   68   70   76   79   82   84   84   82   81   79   76   74   73
   72   71   72   73   74   76   78   80   84   88   93   99  105  113  120  128
  136  143  149  154  158  160  161  161  160  159  158  157  155  154  152  149
  146  142  137  132  126  119  112  105   97   91   85   79   75   71   69   67
   65   62   61   57   59   58   59   57   62                                   
    72.5-180.0 180.0   5.0 450.0                            LAT/LON1/LON2/DLON/H
   61   64   62   68   72   78   82   85   86   85   83   81   78   75   73   72
   72   73   74   76   79   82   85   88   92   96  101  108  115  122  131  140
  148  156  163  168  171  173  174  173  173  172  172  172  172  172  172  171
  170  167  163  157  151  143  134  126  117  109  101   95   90   85   82   80
   78   75   73   68   67   64   63   64   61                                   
    70.0-180.0 180.0   5.0 450.0                            LAT/LON1/LON2/DLON/H
   60   64   63   68   72   77   81   84   85   83   81   78   74   71   70   70
   71   74   77   81   86   90   95   99  104  109  114  121  128  136  145  154
  163  170  177  181  184  185  185  184  183  183  184  185  187  189  190  191
  190  188  183  177  169  160  150  139  128  118  110  102   97   93   90   88
   86   84   82   76   73   69   70   69   60                                   
    67.5-180.0 180.0   5.0 450.0                            LAT/LON1/LON2/DLON/H
   57   62   63   68   73   79   83   86   86   85   82   79   75   73   72   73
   75   79   84   90   96  102  108  113  118  124  130  136  144  152  161  170
  178  186  191  195  196  195  193  192  190  190  191  194  197  200  203  204
  203  200  195  188  179  168  155  143  130  118  108  101   95   91   90   89
   89   87   87   81   77   73   72   71   57                                   
    65.0-180.0 180.0   5.0 450.0                            LAT/LON1/LON2/DLON/H
   53   60   60   65   69   75   79   82   83   82   79   76   72   70   70   72
   76   81   87   94  101  108  115  122  129  135  142  150  158  166  175  185
  193  200  205  208  208  206  203  200  198  198  200  204  208  211  214  214
  212  208  201  192  180  167  152  137  123  109   98   89   83   80   79   80
   82   82   84   79   78   76   75   74   53                                   
    62.5-180.0 180.0   5.0 450.0                            LAT/LON1/LON2/DLON/H
   49   56   56   61   65   70   74   77   79   78   75   72   70   68   68   70
   74   80   86   93  100  108  116  124  132  141  149  158  167  177  187  197
  206  213  217  219  217  214  210  206  204  205  207  211  215  218  220  219
  215  208  199  188  174  159  143  126  110   95   83   73   67   64   63   65
   68   70   74   71   72   72   73   74   49                                   
    60.0-180.0 180.0   5.0 450.0                            LAT/LON1/LON2/DLON/H
   47   52   52   57   58   63   67   70   71   71   69   67   65   64   64   66
   70   75   80   86   93  100  109  118  129  139  150  161  172  183  194  205
  214  222  227  228  226  222  218  214  212  212  215  219  223  225  224  221
  215  206  195  182  168  152  135  117  100   85   72   62   55   51   50   51
   54   57   62   62   66   67   70   72   47                                   
    57.5-180.0 180.0   5.0 450.0                            LAT/LON1/LON2/DLON/H
   49   52   51   54   54   57   61   63   65   65   64   63   61   61   61   63
   66   69   73   77   83   90   99  110  122  135  148  161  174  187  199  211
  222  231  236  238  237  234  229  225  223  224  227  230  233  234  232  226
  217  207  195  181  166  151  134  118  101   86   73   62   54   49   46   47
   48   51   56   57   63   66   69   72   49                                   
    55.0-180.0 180.0   5.0 450.0                            LAT/LON1/LON2/DLON/H
   58   57   55   55   54   56   58   59   61   61   61   60   59   59   60   61
   62   64   67   70   74   80   90  102  116  131  147  161  176  189  203  216
  228  238  246  249  250  247  244  240  239  239  242  245  246  245  241  233
  223  211  199  186  172  158  143  128  112   98   86   76   67   61   56   54
   53   55   59   60   67   70   74   76   58                                   
    52.5-180.0 180.0   5.0 450.0                            LAT/LON1/LON2/DLON/H
   71   69   65   63   59   60   61   60   61   61   61   61   61   60   60   61
   62   63   64   66   70   76   86   99  115  132  148  163  178  192  206  220
  233  245  255  261  264  264  262  259  258  258  260  261  261  258  252  243
  232  220  209  197  185  172  158  145  131  119  109   99   92   85   79   74
   71   70   71   72   78   81   84   84   71                                   
    50.0-180.0 180.0   5.0 450.0                            LAT/LON1/LON2/DLON/H
   89   86   81   76   71   71   70   68   67   66   66   66   66   65   65   65
   66   67   68   70   73   80   90  104  121  138  154  169  182  195  208  222
  236  250  263  273  279  282  282  281  279  279  278  278  275  270  263  253
  243  232  221  210  199  187  175  162  151  141  133  126  120  113  107  101
   96   92   91   91   96   98   99   97   89                                   
    47.5-180.0 180.0   5.0 450.0                            LAT/LON1/LON2/DLON/H
  107  105  100   93   89   87   84   80   78   76   75   75   74   73   72   72
   73   75   76   79   83   91  102  116  132  149  164  177  188  198  210  222
  237  253  268  282  293  300  303  303  301  298  296  292  287  280  272  262
  252  242  232  221  210  198  185  173  163  155  149  145  142  138  133  127
  120  116  112  111  114  115  115  110  107                                   
    45.0-180.0 180.0   5.0 450.0                            LAT/LON1/LON2/DLON/H
  120  121  117  111  108  105  102   96   92   89   87   86   85   83   82   82
   83   86   89   93   99  107  118  132  148  163  176  186  194  200  209  220
  234  252  270  289  304  315  321  322  320  315  310  303  296  287  278  268
  258  248  238  226  213  199  185  172  162  155  152  150  150  149  146  142
  137  132  127  125  127  128  127  122  120                                   
    42.5-180.0 180.0   5.0 450.0                            LAT/LON1/LON2/DLON/H
  125  131  129  126  125  122  118  111  106  102  100   99   97   95   93   93
   95   99  104  109  116  124  135  149  163  177  187  194  197  200  206  216
  230  249  271  293  313  328  336  338  336  329  321  312  302  292  282  272
  262  251  239  226  210  193  176  161  150  143  140  141  143  145  145  143
  140  137  132  129  131  132  130  126  125                                   
    40.0-180.0 180.0   5.0 450.0                            LAT/LON1/LON2/DLON/H
  122  132  133  134  136  134  131  124  118  114  111  110  108  106  104  104
  107  112  118  124  131  139  149  162  175  187  195  199  199  200  204  213
  228  248  273  298  321  339  350  353  350  343  333  322  310  299  288  278
  267  256  242  225  206  186  166  149  136  128  125  125  128  130  132  133
  132  130  126  122  123  124  123  121  122                                   
    37.5-180.0 180.0   5.0 450.0                            LAT/LON1/LON2/DLON/H
  111  124  129  133  139  138  136  131  126  122  120  119  118  115  114  114
  117  123  129  135  142  149  158  169  181  192  199  202  202  202  205  215
  231  253  279  306  332  352  364  368  366  359  349  337  324  312  302  291
  280  268  252  234  213  191  170  151  136  125  119  117  117  117  119  121
  120  119  115  110  110  110  109  109  111                                   
    35.0-180.0 180.0   5.0 450.0                            LAT/LON1/LON2/DLON/H
   99  112  119  125  132  133  133  130  127  125  124  125  124  123  121  122
  125  131  137  143  148  154  162  171  182  193  200  204  205  207  212  222
  240  264  292  321  348  368  382  387  387  381  371  360  348  336  326  316
  306  294  278  260  239  218  197  177  161  148  138  131  125  122  120  119
  117  115  110  102   98   95   95   95   99                                   
    32.5-180.0 180.0   5.0 450.0                            LAT/LON1/LON2/DLON/H
   92  102  108  113  120  121  123  122  121  121  123  126  127  127  126  127
  130  136  142  147  152  157  163  171  181  192  201  207  211  215  223  237
  257  283  312  343  370  391  405  412  413  410  402  393  382  372  363  355
  347  336  323  307  289  271  252  234  217  202  188  176  164  153  146  140
  135  129  120  107   99   90   88   86   92                                   
    30.0-180.0 180.0   5.0 450.0                            LAT/LON1/LON2/DLON/H
   94  100  101  104  107  107  110  110  111  114  118  123  126  127  127  128
  132  137  144  150  155  159  164  170  180  192  203  212  220  228  240  257
  281  310  341  372  398  419  433  442  445  445  441  435  427  420  414  409
  404  397  388  377  365  352  337  322  305  288  270  252  234  217  202  190
  178  167  154  135  119  102   95   87   94                                   
    27.5-180.0 180.0   5.0 450.0                            LAT/LON1/LON2/DLON/H
  108  108  103  100  100   97  100   99  102  105  111  116  121  123  124  126
  130  136  143  151  157  162  167  173  181  193  206  219  231  245  262  285
  313  344  377  407  432  452  466  476  483  486  486  484  480  476  475  475
  475  474  472  468  464  457  448  436  419  400  379  356  332  307  285  265
  247  231  211  186  162  135  118  101  108                                   
    25.0-180.0 180.0   5.0 450.0                            LAT/LON1/LON2/DLON/H
  136  130  115  106  101   94   96   94   96   99  104  110  113  115  117  119
  124  131  141  151  161  168  173  178  186  197  212  229  246  266  289  317
  349  383  416  446  469  488  501  512  522  529  534  536  537  539  542  548
  554  560  565  570  573  573  570  560  544  523  498  471  443  413  385  358
  333  312  285  257  224  185  157  130  136                                   
    22.5-180.0 180.0   5.0 450.0                            LAT/LON1/LON2/DLON/H
  174  163  139  121  111  100   99   96   96   98  101  105  107  108  109  111
  116  124  136  151  165  176  182  187  193  204  221  241  264  290  319  352
  387  422  455  483  505  521  535  547  559  570  579  586  592  599  608  618
  629  640  650  659  666  671  670  662  646  624  598  570  540  509  480  449
  421  397  365  334  294  247  208  173  174                                   
    20.0-180.0 180.0   5.0 450.0                            LAT/LON1/LON2/DLON/H
  216  204  173  147  129  115  110  105  102  102  103  104  104  103  103  104
  109  118  133  151  169  183  192  196  202  213  232  256  284  315  349  386
  423  458  489  515  534  549  562  576  590  605  617  628  638  648  660  673
  685  696  706  714  721  725  723  713  696  672  645  618  591  565  540  513
  487  465  433  403  358  309  266  224  216                                   
    17.5-180.0 180.0   5.0 450.0                            LAT/LON1/LON2/DLON/H
  257  245  213  179  154  135  126  118  112  110  107  106  104  101  100  101
  106  115  131  152  173  191  201  206  212  224  245  273  305  340  377  415
  452  485  514  537  555  569  583  598  614  630  645  657  669  680  692  703
  713  722  728  732  733  731  724  708  685  657  628  603  581  563  547  529
  511  497  472  446  403  359  318  274  257                                   
    15.0-180.0 180.0   5.0 450.0                            LAT/LON1/LON2/DLON/H
  288  279  252  214  181  159  145  134  124  119  114  110  107  103  102  102
  107  116  132  154  177  196  208  215  223  237  261  291  326  363  400  437
  471  501  526  548  565  580  596  612  629  645  660  672  683  693  703  712
  718  722  722  719  713  702  685  660  629  594  562  536  519  508  503  497
  490  486  472  455  421  385  352  311  288                                   
    12.5-180.0 180.0   5.0 450.0                            LAT/LON1/LON2/DLON/H
  306  303  283  245  209  183  165  150  137  128  121  116  112  108  107  108
  112  121  136  157  181  202  216  225  236  253  280  312  347  383  417  451
  481  507  530  550  567  585  602  620  637  652  664  675  684  692  699  704
  706  705  700  689  674  654  628  594  553  511  473  446  431  426  429  432
  435  442  440  432  411  388  364  328  306                                   
    10.0-180.0 180.0   5.0 450.0                            LAT/LON1/LON2/DLON/H
  312  316  303  266  231  203  183  166  150  139  129  123  118  116  115  116
  120  128  143  163  187  209  225  237  252  273  303  336  369  400  431  459
  485  508  529  548  567  586  606  626  642  655  665  673  680  686  690  692
  692  687  676  659  637  610  578  538  491  442  399  369  352  348  353  360
  371  384  390  392  383  373  356  327  312                                   
     7.5-180.0 180.0   5.0 450.0                            LAT/LON1/LON2/DLON/H
  310  319  310  277  244  216  195  177  161  148  137  130  126  124  124  126
  130  138  152  172  195  217  235  251  271  297  329  361  390  417  443  467
