data/edconvlstm_nd/pred2980.15i
     1.0            IONOSPHERE MAPS     GNSS                IONEX VERSION / TYPE
pyspatialgeodesy        IME             05-JAN-18 20:20     PGM / RUN BY / DATE 
Map Name                                                    COMMENT             
Predicted global ionosphere maps (GIM).                     DESCRIPTION         
  2015    10    25     0     0     0                        EPOCH OF FIRST MAP  
  2015    10    26     0     0     0                        EPOCH OF LAST MAP   
  7200                                                      INTERVAL            
    13                                                      # OF MAPS IN FILE   
  NONE                                                      MAPPING FUNCTION    
10.0                                                        ELEVATION CUTOFF    
One-way carrier phase leveled to code                       OBSERVABLES USED    
  6371.0                                                    BASE RADIUS         
 2                                                          MAP DIMENSION       
   450.0 450.0   0.0                                        HGT1 / HGT2 / DHGT  
    87.5 -87.5  -2.5                                        LAT1 / LAT2 / DLAT  
  -180.0 180.0   5.0                                        LON1 / LON2 / DLON  
    -1                                                      EXPONENT            
                                                            END OF HEADER       
[from data line 5148]
    13                                                      START OF TEC MAP    
  2015    10    26     0     0     0                        EPOCH OF CURRENT MAP
    87.5-180.0 180.0   5.0 450.0                            LAT/LON1/LON2/DLON/H
  111  110  115  107  103  104  102  100   99   98   97   97   96   94   93   91
   90   88   86   84   83   81   79   78   76   75   73   72   71   70   69   68
   68   67   67   67   67   68   68   69   71   72   74   76   78   80   82   84
   86   88   89   91   92   93   95   95   96   97   97   98   98   98   99  100
  100  101  101  101   97  101  113  115  111                                   
    85.0-180.0 180.0   5.0 450.0                            LAT/LON1/LON2/DLON/H
  115  116   99  107  108  111  108  107  107  105  105  104  102  101   99   97
   95   93   91   88   86   83   81   78   76   73   71   69   67   65   64   62
   62   61   61   61   62   63   65   67   69   72   75   78   81   84   87   90
   92   95   97   99  101  102  103  104  105  106  106  107  107  107  107  108
  109  109  110  113  111  118  126  128  115                                   
    82.5-180.0 180.0   5.0 450.0                            LAT/LON1/LON2/DLON/H
  116  109  121  118  116  120  117  117  119  117  117  117  116  115  113  111
  108  105  102   98   94   89   85   80   76   72   68   64   61   58   56   54
   53   52   52   53   55   57   59   63   66   70   75   79   83   88   92   96
   99  102  105  108  110  112  113  114  115  116  117  118  118  119  119  120
  120  120  120  119  121  111  119  124  116                                   
    80.0-180.0 180.0   5.0 450.0                            LAT/LON1/LON2/DLON/H
  132  120  120  116  117  119  121  123  126  126  126  127  127  127  125  123
  120  116  111  106  100   94   87   81   75   70   65   60   56   54   52   50
   49   49   49   50   52   54   56   60   64   68   73   78   83   88   92   97
  100  104  107  109  111  113  114  116  117  118  119  119  120  120  121  122
  122  120  121  121  133  122  135  143  132                                   
    77.5-180.0 180.0   5.0 450.0                            LAT/LON1/LON2/DLON/H
  147  134  128  133  125  126  131  135  139  140  142  144  145  144  143  140
  136  131  125  118  111  103   96   89   82   76   70   66   62   60   58   56
   56   55   56   56   58   59   62   65   69   73   77   82   86   90   94   98
  101  103  106  108  109  111  112  113  114  116  117  119  120  121  123  125
  126  128  129  131  137  136  143  162  147                                   
    75.0-180.0 180.0   5.0 450.0                            LAT/LON1/LON2/DLON/H
  161  146  142  146  138  140  141  144  149  150  152  155  156  155  153  150
  145  139  131  123  115  107   99   92   86   81   76   73   70   69   68   67
   67   66   66   66   67   67   69   71   74   77   80   83   86   89   92   94
   95   96   97   98   99  100  101  103  104  106  108  110  113  116  119  122
  124  128  133  131  139  147  152  172  161                                   
    72.5-180.0 180.0   5.0 450.0                            LAT/LON1/LON2/DLON/H
  165  160  160  160  153  152  152  155  160  161  163  165  166  164  162  157
  151  144  136  127  119  111  104   98   93   89   86   84   83   82   82   82
   81   80   79   77   76   75   75   75   76   77   79   81   82   84   84   85
   85   84   84   84   84   85   86   88   90   92   95   98  102  106  111  117
  121  127  136  138  145  154  164  187  165                                   
    70.0-180.0 180.0   5.0 450.0                            LAT/LON1/LON2/DLON/H
  181  178  177  178  170  169  167  169  172  172  173  174  174  171  166  160
  152  144  135  127  119  111  105   99   96   93   92   92   92   93   94   94
   93   91   88   85   82   79   77   76   76   76   77   77   78   78   77   76
   75   74   73   73   73   74   76   78   81   84   88   93   98  104  111  118
  124  131  142  148  157  169  179  200  181                                   
    67.5-180.0 180.0   5.0 450.0                            LAT/LON1/LON2/DLON/H
  195  198  195  195  186  183  178  178  180  179  179  178  176  171  164  156
  148  138  130  121  114  107  101   97   93   92   91   92   93   95   96   96
   94   91   87   82   77   73   70   68   67   67   67   67   67   66   65   63
   61   60   59   58   59   61   63   67   72   77   83   89   96  103  111  120
  128  136  148  155  168  181  191  213  195                                   
    65.0-180.0 180.0   5.0 450.0                            LAT/LON1/LON2/DLON/H
  207  211  207  206  198  193  186  184  185  183  182  180  176  170  162  153
  143  134  125  118  111  104   99   94   91   89   88   89   90   91   92   91
   89   85   79   73   67   63   60   58   57   57   58   59   58   57   55   53
   51   48   47   47   48   50   55   61   68   75   83   92  100  109  119  128
  136  145  157  165  178  191  203  225  207                                   
    62.5-180.0 180.0   5.0 450.0                            LAT/LON1/LON2/DLON/H
  217  221  218  214  206  199  190  187  187  185  183  180  175  168  160  151
  142  133  125  118  111  104   98   93   88   85   83   83   84   85   85   83
   80   75   68   62   57   53   50   49   49   51   52   53   53   52   50   47
   44   41   39   39   41   45   51   59   69   79   90  101  111  122  132  143
  150  158  170  177  187  200  211  234  217                                   
    60.0-180.0 180.0   5.0 450.0                            LAT/LON1/LON2/DLON/H
  224  229  225  219  210  201  191  188  187  183  181  177  172  166  158  150
  142  135  128  121  113  106   98   91   84   80   77   76   76   76   75   73
   69   64   58   53   48   45   44   44   45   48   50   51   52   50   48   44
   40   37   35   35   37   43   50   61   73   86   99  112  125  137  149  159
  167  174  184  190  198  207  217  240  224                                   
    57.5-180.0 180.0   5.0 450.0                            LAT/LON1/LON2/DLON/H
  234  238  233  225  215  205  193  189  187  182  178  174  169  163  157  151
  145  139  133  125  117  107   98   89   82   76   73   71   71   70   69   66
   62   57   53   48   45   44   43   45   47   50   53   55   56   54   51   46
   42   38   36   36   39   45   55   68   82   97  112  126  140  153  166  177
  185  192  202  206  212  216  225  249  234                                   
    55.0-180.0 180.0   5.0 450.0                            LAT/LON1/LON2/DLON/H
  247  252  245  235  224  213  200  194  190  183  177  172  166  161  157  153
  149  144  138  130  120  109   98   89   82   76   73   71   70   69   67   64
   60   56   53   50   49   49   50   53   56   59   63   65   65   63   59   54
   49   45   43   43   47   54   65   79   95  110  125  140  154  168  181  194
  203  210  220  224  229  230  237  260  247                                   
    52.5-180.0 180.0   5.0 450.0                            LAT/LON1/LON2/DLON/H
  266  271  261  251  241  228  214  205  198  188  180  172  166  161  158  156
  154  149  142  132  121  110  100   91   85   81   78   76   75   73   70   67
   63   60   58   57   58   60   63   66   70   73   76   78   78   76   73   68
   63   58   56   57   61   69   81   95  109  124  138  152  165  179  194  208
  218  227  238  243  248  249  254  276  266                                   
    50.0-180.0 180.0   5.0 450.0                            LAT/LON1/LON2/DLON/H
  289  296  284  274  265  251  237  225  214  200  188  177  169  164  162  160
  158  152  144  133  122  112  103   96   92   89   86   85   83   80   77   73
   69   67   66   68   71   75   78   82   86   89   92   94   94   93   90   85
   81   78   76   78   82   90  101  113  126  138  150  162  174  187  202  217
  229  241  254  260  268  271  276  295  289                                   
    47.5-180.0 180.0   5.0 450.0                            LAT/LON1/LON2/DLON/H
  313  323  312  304  295  282  267  252  237  219  202  187  177  171  168  165
  161  154  144  132  122  114  108  104  101  100   98   95   92   88   83   77
   73   72   73   77   82   88   93   97  100  104  106  109  110  110  108  105
  102  101  100  102  106  113  122  132  142  152  161  170  180  192  206  221
  235  249  263  271  284  291  298  315  313                                   
    45.0-180.0 180.0   5.0 450.0                            LAT/LON1/LON2/DLON/H
  331  345  338  333  325  314  301  285  267  244  222  203  190  182  177  172
  165  155  143  132  124  118  116  115  114  112  109  104   97   90   83   76
   72   72   75   81   89   96  102  107  111  114  118  121  123  124  124  123
  122  122  123  125  130  135  142  150  158  165  171  178  186  196  208  222
  236  251  267  277  293  304  315  329  331                                   
    42.5-180.0 180.0   5.0 450.0                            LAT/LON1/LON2/DLON/H
  340  358  354  352  347  339  329  315  297  272  246  225  208  197  189  181
  170  157  145  135  130  128  128  128  126  122  115  106   95   85   76   69
   66   68   73   81   90   99  106  112  116  120  125  129  132  134  135  136
  137  139  141  145  149  154  160  166  171  176  181  186  193  201  211  223
  235  250  266  278  294  308  323  336  340                                   
    40.0-180.0 180.0   5.0 450.0                            LAT/LON1/LON2/DLON/H
  340  358  357  357  356  351  344  334  319  295  270  248  230  216  205  192
  178  164  152  144  141  141  142  140  135  126  114  100   86   74   65   60
   59   63   70   80   90  100  108  114  118  123  128  133  137  140  142  144
  146  149  152  156  161  166  171  177  182  186  190  194  200  207  216  226
  236  249  264  276  291  306  322  335  340                                   
    37.5-180.0 180.0   5.0 450.0                            LAT/LON1/LON2/DLON/H
  334  351  350  350  351  348  344  338  328  309  288  268  251  237  223  207
  190  175  165  159  158  158  155  148  136  121  105   88   74   64   58   55
   58   64   72   83   93  102  110  115  120  125  130  136  140  143  145  146
  148  151  155  159  164  169  175  182  187  192  197  202  209  217  226  236
  244  254  267  278  288  301  318  332  334                                   
    35.0-180.0 180.0   5.0 450.0                            LAT/LON1/LON2/DLON/H
  330  344  341  337  339  337  332  330  325  313  298  284  270  256  241  224
  206  192  183  179  177  172  162  147  130  112   94   79   69   62   59   61
   66   74   84   93  102  110  116  120  124  128  133  138  142  143  144  144
  144  145  148  151  157  164  172  180  188  195  202  211  221  232  243  253
  261  268  279  286  293  302  319  335  330                                   
    32.5-180.0 180.0   5.0 450.0                            LAT/LON1/LON2/DLON/H
  337  349  343  333  332  327  320  319  318  312  304  294  284  272  258  240
  224  211  204  199  192  179  161  140  119  102   89   80   74   73   75   81
   89   98  106  114  120  124  128  130  132  134  138  141  143  142  140  137
  135  134  134  137  143  152  162  173  184  195  206  219  234  250  265  279
  288  295  304  308  311  317  333  351  337                                   
    30.0-180.0 180.0   5.0 450.0                            LAT/LON1/LON2/DLON/H
  363  375  364  347  341  331  320  317  317  313  308  302  295  285  271  255
  240  229  222  213  198  176  151  129  112  102   96   95   96  101  108  117
  127  135  141  145  146  146  145  144  143  144  145  146  145  142  137  131
  125  121  119  121  126  136  149  163  178  192  208  225  246  268  290  309
  322  332  341  342  346  350  362  383  363                                   
    27.5-180.0 180.0   5.0 450.0                            LAT/LON1/LON2/DLON/H
  412  425  410  387  375  359  342  333  329  324  319  313  305  295  282  267
  253  242  231  216  192  164  139  121  114  114  119  127  136  147  159  169
  178  183  184  182  177  171  164  160  156  155  154  153  149  143  136  127
  118  111  107  106  111  122  137  154  171  189  208  230  255  283  311  338
  359  375  386  388  395  399  407  430  412                                   
    25.0-180.0 180.0   5.0 450.0                            LAT/LON1/LON2/DLON/H
  482  499  481  453  437  415  391  374  362  351  340  330  318  305  290  275
  261  247  230  207  178  150  130  123  128  141  158  176  193  208  220  229
  233  233  227  217  205  192  182  174  169  166  163  160  154  146  136  126
  115  105   98   96  101  112  128  148  168  189  210  234  262  294  329  362
  392  415  432  437  453  462  469  492  482                                   
    22.5-180.0 180.0   5.0 450.0                            LAT/LON1/LON2/DLON/H
  563  587  574  545  524  497  466  439  417  396  376  356  336  317  298  281
  263  244  220  191  162  140  131  137  157  184  212  237  257  270  279  282
  280  272  258  241  222  206  193  184  178  175  171  166  159  149  138  126
  113  102   93   90   94  106  124  146  169  192  216  242  271  306  345  385
  421  452  473  484  508  527  540  562  563                                   
    20.0-180.0 180.0   5.0 450.0                            LAT/LON1/LON2/DLON/H
  642  674  671  647  624  596  560  524  490  457  424  392  362  334  310  287
  264  238  208  178  153  140  145  167  202  239  273  298  313  319  320  315
  304  288  268  246  225  207  195  187  183  181  177  171  162  151  138  125
  112  100   91   87   91  103  123  147  173  199  225  252  283  319  361  405
  447  482  508  525  556  583  606  628  642                                   
    17.5-180.0 180.0   5.0 450.0                            LAT/LON1/LON2/DLON/H
  705  745  751  737  716  693  657  616  573  528  482  437  395  358  327  297
  268  236  203  174  157  157  178  216  260  300  329  343  346  342  332  318
  300  278  255  233  213  199  190  186  185  184  181  174  163  150  137  124
  111  100   92   88   92  105  126  152  180  207  235  263  295  332  375  421
  466  504  532  554  588  620  652  675  705                                   
    15.0-180.0 180.0   5.0 450.0                            LAT/LON1/LON2/DLON/H
  740  784  799  796  783  767  738  697  650  597  542  486  434  389  350  315
  279  243  209  185  179  194  231  279  324  354  366  363  351  334  314  292
  268  244  224  207  194  186  183  184  186  187  184  176  163  149  135  123
  112  102   95   92   97  110  132  158  187  216  245  274  306  343  385  431
  476  514  544  567  601  633  671  696  740                                   
    12.5-180.0 180.0   5.0 450.0                            LAT/LON1/LON2/DLON/H
  743  787  809  818  815  809  788  753  707  653  593  532  475  425  381  341
  301  261  229  213  219  250  297  347  380  390  379  356  327  298  271  244
  220  201  188  181  178  177  180  185  190  191  188  178  164  148  134  122
  112  104   98   96  102  117  139  166  194  223  252  281  313  349  391  434
  477  513  542  567  597  626  666  693  743                                   
    10.0-180.0 180.0   5.0 450.0                            LAT/LON1/LON2/DLON/H
  724  763  791  807  813  816  803  776  737  688  631  571  515  464  419  376
  334  294  266  258  276  317  367  406  419  404  369  325  283  246  216  192
  176  167  165  167  172  179  186  192  197  198  192  180  164  147  132  121
  112  105   99   99  107  123  145  172  200  227  255  284  316  352  391  432
  470  503  530  555  582  607  647  675  724                                   
     7.5-180.0 180.0   5.0 450.0                            LAT/LON1/LON2/DLON/H
  697  729  758  778  790  798  790  771  741  700  651  600  550  505  462  420
  378  340  316  316  341  383  425  446  435  395  338  278  228  192  169  157
