data/edconvlstm_nd/pred1470.15i
     1.0            IONOSPHERE MAPS     GNSS                IONEX VERSION / TYPE
pyspatialgeodesy        IME             05-JAN-18 20:20     PGM / RUN BY / DATE 
Map Name                                                    COMMENT             
Predicted global ionosphere maps (GIM).                     DESCRIPTION         
  2015     5    27     0     0     0                        EPOCH OF FIRST MAP  
  2015     5    28     0     0     0                        EPOCH OF LAST MAP   
  7200                                                      INTERVAL            
    13                                                      # OF MAPS IN FILE   
  NONE                                                      MAPPING FUNCTION    
10.0                                                        ELEVATION CUTOFF    
One-way carrier phase leveled to code                       OBSERVABLES USED    
  6371.0                                                    BASE RADIUS         
 2                                                          MAP DIMENSION       
   450.0 450.0   0.0                                        HGT1 / HGT2 / DHGT  
    87.5 -87.5  -2.5                                        LAT1 / LAT2 / DLAT  
  -180.0 180.0   5.0                                        LON1 / LON2 / DLON  
    -1                                                      EXPONENT            
                                                            END OF HEADER       
[from data line 3003]
     8                                                      START OF TEC MAP    
  2015     5    27    14     0     0                        EPOCH OF CURRENT MAP
    87.5-180.0 180.0   5.0 450.0                            LAT/LON1/LON2/DLON/H
  172  170  163  168  169  169  168  166  166  166  165  165  165  164  164  163
  163  163  163  163  163  163  164  164  164  165  165  166  166  166  167  167
  167  167  167  167  166  166  166  166  165  165  165  165  165  166  166  166
  167  167  168  168  168  169  169  169  170  170  170  170  170  170  170  170
  169  170  168  167  173  171  174  172  172                                   
    85.0-180.0 180.0   5.0 450.0                            LAT/LON1/LON2/DLON/H
  165  167  175  169  168  171  171  171  171  170  169  169  168  167  167  167
  166  166  166  166  167  167  167  168  169  169  170  171  172  172  172  173
  173  172  172  172  171  170  170  169  169  168  168  168  168  169  169  170
  170  171  172  173  174  174  175  176  176  177  177  177  177  177  177  177
  177  177  174  172  171  166  170  172  165                                   
    82.5-180.0 180.0   5.0 450.0                            LAT/LON1/LON2/DLON/H
  151  164  165  160  160  164  164  164  163  163  162  161  160  159  159  158
  158  158  158  159  159  160  162  163  164  166  167  169  170  171  172  172
  172  171  171  169  168  167  165  164  162  161  161  161  161  161  162  163
  164  165  167  168  169  171  172  173  174  174  174  175  175  174  174  173
  172  171  167  168  165  168  165  154  151                                   
    80.0-180.0 180.0   5.0 450.0                            LAT/LON1/LON2/DLON/H
  146  156  159  158  157  159  159  161  161  160  159  158  157  155  154  154
  153  153  154  154  155  157  158  160  162  164  167  169  170  172  173  173
  173  172  170  168  166  164  161  159  157  156  155  155  155  156  157  159
  160  162  164  166  168  170  171  172  173  174  174  174  173  173  171  171
  170  168  164  163  158  156  158  148  146                                   
    77.5-180.0 180.0   5.0 450.0                            LAT/LON1/LON2/DLON/H
  148  151  155  155  156  159  159  160  160  159  157  156  154  152  151  150
  150  150  151  153  154  156  159  161  164  167  170  173  176  178  180  180
  180  179  177  174  171  167  163  160  157  155  154  154  154  155  157  159
  162  164  167  169  171  173  174  175  176  176  176  175  174  173  171  169
  167  164  159  158  157  150  151  148  148                                   
    75.0-180.0 180.0   5.0 450.0                            LAT/LON1/LON2/DLON/H
  142  147  148  152  153  158  159  161  162  161  159  157  155  153  152  151
  151  152  153  155  157  159  162  165  168  171  175  179  182  185  187  188
  188  187  185  181  177  172  167  163  159  157  156  155  156  158  160  162
  165  168  170  172  174  175  176  177  177  178  178  177  176  175  173  171
  167  164  159  153  152  147  148  138  142                                   
    72.5-180.0 180.0   5.0 450.0                            LAT/LON1/LON2/DLON/H
  136  142  143  149  151  157  160  162  163  162  160  158  155  153  152  152
  152  153  155  157  160  162  165  167  170  174  178  182  186  189  193  194
  195  194  191  187  182  177  171  166  162  159  158  158  159  161  164  166
  169  171  172  174  175  175  176  176  177  177  177  177  176  175  174  171
  168  164  158  152  148  143  144  140  136                                   
    70.0-180.0 180.0   5.0 450.0                            LAT/LON1/LON2/DLON/H
  133  137  139  145  147  154  158  161  163  163  160  158  156  154  153  153
  154  156  158  161  163  165  167  169  172  175  179  183  187  192  196  198
  199  199  196  192  186  180  174  169  165  163  162  162  164  166  168  170
  172  172  173  173  172  172  172  172  172  173  174  175  176  176  175  174
  170  166  160  153  148  143  145  140  133                                   
    67.5-180.0 180.0   5.0 450.0                            LAT/LON1/LON2/DLON/H
  132  136  138  144  147  155  159  163  165  165  163  161  159  157  157  157
  159  161  164  167  169  170  172  173  175  177  181  185  190  194  199  202
  203  203  201  197  191  185  179  174  171  169  169  170  172  174  176  177
  177  176  175  173  171  170  169  169  170  171  173  176  178  179  180  180
  177  173  167  159  152  145  145  141  132                                   
    65.0-180.0 180.0   5.0 450.0                            LAT/LON1/LON2/DLON/H
  132  135  135  142  144  152  157  161  163  164  163  161  159  158  158  159
  162  164  167  170  171  172  173  174  175  178  181  186  191  196  200  204
  205  205  203  199  194  188  183  179  176  176  177  179  181  182  183  183
  181  178  175  171  168  166  165  165  166  169  172  176  179  182  184  185
  183  180  174  167  159  152  151  147  132                                   
    62.5-180.0 180.0   5.0 450.0                            LAT/LON1/LON2/DLON/H
  133  135  134  140  141  149  153  157  160  161  160  159  158  158  159  160
  163  166  169  171  172  172  172  173  175  178  182  187  192  198  202  205
  207  207  205  201  196  191  187  184  182  183  185  188  190  191  190  188
  185  180  175  171  167  164  163  163  165  169  173  178  182  186  188  190
  189  186  181  174  165  157  156  151  133                                   
    60.0-180.0 180.0   5.0 450.0                            LAT/LON1/LON2/DLON/H
  135  135  134  137  138  144  148  152  154  155  155  154  154  155  157  159
  162  165  167  169  169  169  169  171  174  178  183  190  196  201  205  208
  209  208  206  202  198  194  191  189  189  191  194  196  198  199  197  193
  188  182  176  171  167  164  164  165  168  172  176  181  186  189  191  192
  191  189  184  178  170  162  161  156  135                                   
    57.5-180.0 180.0   5.0 450.0                            LAT/LON1/LON2/DLON/H
  138  136  134  136  135  141  143  146  148  148  148  149  149  151  153  157
  160  163  165  165  165  165  165  168  173  179  187  195  202  207  211  212
  212  211  209  205  202  199  196  195  196  199  203  206  207  207  204  199
  193  186  180  175  171  169  169  171  175  179  183  188  191  193  193  193
  191  189  185  179  173  164  164  159  138                                   
    55.0-180.0 180.0   5.0 450.0                            LAT/LON1/LON2/DLON/H
  141  137  135  136  134  139  140  141  142  142  142  143  144  146  150  154
  158  161  162  162  161  160  162  166  173  182  192  202  209  215  218  218
  217  215  213  210  207  205  203  203  205  208  211  214  215  214  210  205
  198  192  186  181  178  177  178  181  185  189  193  195  196  196  194  192
  189  186  182  177  171  165  165  160  141                                   
    52.5-180.0 180.0   5.0 450.0                            LAT/LON1/LON2/DLON/H
  143  140  138  139  135  139  139  139  139  139  138  138  139  142  147  152
  157  160  161  160  159  159  161  167  176  187  199  209  218  223  225  225
  223  221  219  217  215  213  212  212  214  217  220  223  223  221  217  211
  205  200  195  191  188  187  189  192  196  200  202  203  202  199  195  191
  185  181  177  173  168  163  163  159  143                                   
    50.0-180.0 180.0   5.0 450.0                            LAT/LON1/LON2/DLON/H
  145  143  141  142  139  142  141  141  140  139  137  137  138  141  146  152
  158  162  163  162  161  161  164  170  180  192  205  217  225  231  232  232
  230  228  227  226  225  224  223  223  224  227  230  231  231  228  224  219
  214  209  205  202  199  198  200  203  206  209  211  210  207  202  196  190
  183  178  173  168  164  160  161  157  145                                   
    47.5-180.0 180.0   5.0 450.0                            LAT/LON1/LON2/DLON/H
  146  145  144  146  143  146  145  144  144  142  141  140  140  142  148  155
  162  167  169  169  168  168  171  177  187  199  212  223  231  237  238  238
  237  236  236  237  237  237  236  236  237  238  240  241  240  237  233  229
  225  221  217  213  210  208  209  211  214  216  217  215  211  205  198  191
  183  176  171  166  162  158  159  155  146                                   
    45.0-180.0 180.0   5.0 450.0                            LAT/LON1/LON2/DLON/H
  146  147  146  149  147  149  149  149  149  149  147  146  145  148  153  161
  169  175  179  180  179  179  182  187  195  206  217  227  235  241  243  244
  244  245  247  250  252  253  252  252  252  253  254  254  252  248  244  241
  237  234  230  225  220  217  215  216  218  219  219  217  213  207  201  194
  186  179  173  167  162  158  158  154  146                                   
    42.5-180.0 180.0   5.0 450.0                            LAT/LON1/LON2/DLON/H
  145  147  146  149  147  150  151  153  155  156  156  155  154  155  160  168
  177  185  190  192  193  193  195  199  205  213  222  231  239  244  248  250
  253  256  260  265  269  271  271  270  270  270  270  270  267  263  259  255
  252  249  244  238  231  224  220  219  219  220  219  218  214  210  205  200
  193  186  179  172  165  160  159  153  145                                   
    40.0-180.0 180.0   5.0 450.0                            LAT/LON1/LON2/DLON/H
  143  146  144  146  145  147  150  153  158  162  164  164  163  164  169  177
  186  195  201  205  206  207  208  211  215  221  228  235  242  249  254  258
  263  268  275  282  287  290  292  291  291  291  291  289  286  281  277  273
  270  266  260  252  242  233  226  222  221  220  219  217  215  213  211  208
  202  196  188  180  172  165  162  154  143                                   
    37.5-180.0 180.0   5.0 450.0                            LAT/LON1/LON2/DLON/H
  142  145  141  140  139  140  144  149  158  165  170  172  172  173  177  184
  193  203  210  215  218  219  220  222  225  229  235  241  248  255  262  268
  275  283  291  300  307  312  314  315  315  315  315  313  309  303  298  294
  290  286  279  268  257  245  235  229  225  222  220  218  216  216  216  216
  212  207  199  190  180  171  167  158  142                                   
    35.0-180.0 180.0   5.0 450.0                            LAT/LON1/LON2/DLON/H
  143  144  139  135  131  131  135  142  153  164  172  176  178  179  183  190
  199  207  215  221  225  228  230  232  235  239  244  251  258  266  273  281
  290  299  309  319  328  335  338  340  341  342  341  339  334  327  321  317
  313  308  300  289  276  262  250  241  233  228  223  220  219  219  221  223
  221  217  209  200  189  180  174  163  143                                   
    32.5-180.0 180.0   5.0 450.0                            LAT/LON1/LON2/DLON/H
  147  146  139  132  126  124  127  134  146  159  170  177  181  184  188  194
  201  209  217  223  228  232  236  240  245  250  257  264  271  280  288  297
  306  317  328  339  349  357  362  365  367  369  368  365  360  352  346  341
  338  333  325  314  300  285  271  259  248  239  231  226  223  223  226  229
  228  225  218  209  198  189  183  171  147                                   
    30.0-180.0 180.0   5.0 450.0                            LAT/LON1/LON2/DLON/H
  153  152  142  133  124  121  122  128  140  153  166  175  181  185  190  195
  202  209  216  222  228  235  241  248  255  264  272  280  288  296  305  314
  324  335  347  359  370  379  385  389  391  393  393  390  384  377  371  366
  363  359  353  342  329  314  298  282  268  255  244  235  229  228  230  232
  232  231  224  216  206  198  193  182  153                                   
    27.5-180.0 180.0   5.0 450.0                            LAT/LON1/LON2/DLON/H
  163  161  150  139  129  124  124  126  136  148  160  171  179  185  190  196
  201  207  213  220  227  235  245  255  267  279  289  299  307  315  323  332
  342  354  366  378  389  398  404  409  412  414  414  410  405  398  393  390
  388  385  380  372  359  344  327  309  291  274  259  246  237  232  232  234
  234  234  229  222  213  207  203  193  163                                   
    25.0-180.0 180.0   5.0 450.0                            LAT/LON1/LON2/DLON/H
  174  173  160  150  139  134  131  130  136  145  156  166  175  183  190  196
  201  206  212  218  226  236  249  264  280  295  307  317  325  332  340  349
  359  370  382  394  404  413  419  424  427  429  428  425  420  415  412  411
  410  409  405  398  387  373  354  333  312  291  273  256  244  236  233  233
  233  234  230  226  218  214  211  204  174                                   
    22.5-180.0 180.0   5.0 450.0                            LAT/LON1/LON2/DLON/H
  184  186  172  164  153  148  143  139  140  145  152  162  172  181  189  196
  202  207  212  218  227  239  255  273  293  310  325  335  342  348  355  363
  373  384  396  407  417  425  431  435  437  438  437  434  430  427  426  426
  427  426  424  418  408  393  374  351  327  304  282  264  248  237  232  229
  229  231  230  227  220  218  217  212  184                                   
    20.0-180.0 180.0   5.0 450.0                            LAT/LON1/LON2/DLON/H
  190  195  182  176  166  162  156  149  146  146  151  159  169  179  188  197
  204  209  215  221  230  244  262  284  306  325  339  349  355  360  366  374
  384  396  407  418  428  434  439  442  443  443  442  439  435  433  434  435
  437  437  434  428  418  403  383  359  333  308  286  265  248  236  228  225
  224  227  227  225  220  219  218  214  190                                   
    17.5-180.0 180.0   5.0 450.0                            LAT/LON1/LON2/DLON/H
  192  198  186  183  176  172  167  158  151  148  150  156  166  177  188  198
  207  214  220  226  236  251  271  295  318  338  352  360  366  371  376  384
  394  405  417  428  437  443  446  447  447  446  443  440  437  435  436  438
  440  439  435  428  417  401  380  355  329  304  282  261  244  231  223  219
  218  221  222  221  216  214  214  210  192                                   
    15.0-180.0 180.0   5.0 450.0                            LAT/LON1/LON2/DLON/H
  187  194  183  182  178  175  171  162  154  149  149  154  163  174  187  199
  210  219  227  234  243  259  280  305  329  348  361  369  375  380  386  394
  404  415  427  438  446  450  452  452  450  447  443  439  435  433  434  435
  435  433  428  419  406  388  367  342  317  293  271  252  236  224  217  213
  212  215  216  214  209  206  205  200  187                                   
    12.5-180.0 180.0   5.0 450.0                            LAT/LON1/LON2/DLON/H
  177  184  173  173  171  169  167  159  151  146  145  151  160  171  185  200
  214  226  235  242  252  267  289  314  337  356  368  377  383  390  397  405
  415  425  437  447  454  458  458  456  453  448  443  437  432  428  426  426
  425  421  414  403  388  369  347  323  299  276  256  239  225  215  210  207
  207  209  209  206  200  195  193  185  177                                   
    10.0-180.0 180.0   5.0 450.0                            LAT/LON1/LON2/DLON/H
  164  170  159  159  157  155  154  148  143  139  139  145  155  168  183  200
  218  232  243  251  260  275  296  321  344  362  375  384  393  402  410  418
  427  436  446  454  460  463  461  458  454  448  441  433  425  419  414  412
  409  404  395  382  366  346  324  301  279  258  239  224  212  205  203  202
  202  203  202  197  191  183  179  170  164                                   
     7.5-180.0 180.0   5.0 450.0                            LAT/LON1/LON2/DLON/H
  153  156  145  143  141  137  137  132  129  127  130  138  149  164  181  201
  221  238  250  259  269  283  303  327  349  367  381  393  404  416  425  433
