data/edconvlstm_nd/pred3410.15i
     1.0            IONOSPHERE MAPS     GNSS                IONEX VERSION / TYPE
pyspatialgeodesy        IME             05-JAN-18 20:20     PGM / RUN BY / DATE 
Map Name                                                    COMMENT             
Predicted global ionosphere maps (GIM).                     DESCRIPTION         
  2015    12     7     0     0     0                        EPOCH OF FIRST MAP  
  2015    12     8     0     0     0                        EPOCH OF LAST MAP   
  7200                                                      INTERVAL            
    13                                                      # OF MAPS IN FILE   
  NONE                                                      MAPPING FUNCTION    
10.0                                                        ELEVATION CUTOFF    
One-way carrier phase leveled to code                       OBSERVABLES USED    
  6371.0                                                    BASE RADIUS         
 2                                                          MAP DIMENSION       
   450.0 450.0   0.0                                        HGT1 / HGT2 / DHGT  
    87.5 -87.5  -2.5                                        LAT1 / LAT2 / DLAT  
  -180.0 180.0   5.0                                        LON1 / LON2 / DLON  
    -1                                                      EXPONENT            
                                                            END OF HEADER       
[from data line 4719]
    12                                                      START OF TEC MAP    
  2015    12     7    22     0     0                        EPOCH OF CURRENT MAP
    87.5-180.0 180.0   5.0 450.0                            LAT/LON1/LON2/DLON/H
   76   69   59   59   63   58   57   52   53   55   54   55   55   55   55   55
   54   54   53   52   51   50   49   48   47   46   45   44   44   43   43   42
   42   42   42   42   43   43   44   45   45   46   47   48   50   51   52   53
   54   55   56   56   57   57   58   58   58   58   58   58   58   57   57   56
   56   55   51   48   53   55   77   87   76                                   
    85.0-180.0 180.0   5.0 450.0                            LAT/LON1/LON2/DLON/H
   79   73   78   59   58   60   58   59   59   61   60   61   61   61   61   61
   60   59   58   57   56   55   54   52   51   50   49   48   47   46   46   45
   45   45   45   45   46   46   47   48   49   51   52   53   55   56   57   59
   60   61   62   63   64   64   65   65   65   65   65   65   64   64   63   62
   62   61   56   53   58   62   68   62   79                                   
    82.5-180.0 180.0   5.0 450.0                            LAT/LON1/LON2/DLON/H
   55   58   58   49   52   54   55   54   56   58   59   61   62   62   63   62
   62   60   59   57   55   53   51   49   47   46   44   43   42   41   40   40
   39   39   39   39   40   41   42   43   44   46   47   49   51   52   54   56
   57   59   60   61   62   63   63   64   64   64   63   63   62   61   60   58
   58   55   51   50   57   69   64   63   55                                   
    80.0-180.0 180.0   5.0 450.0                            LAT/LON1/LON2/DLON/H
   31   41   48   40   44   42   48   49   53   57   60   63   65   66   66   65
   64   62   59   56   53   50   47   44   42   40   38   37   36   35   34   34
   33   33   33   34   34   35   36   38   39   41   44   46   48   51   53   56
   58   60   61   63   64   65   65   65   65   65   64   63   61   60   58   56
   55   53   50   49   49   57   51   59   31                                   
    77.5-180.0 180.0   5.0 450.0                            LAT/LON1/LON2/DLON/H
   40   42   43   37   42   41   48   50   56   60   65   70   73   76   76   75
   73   70   65   61   57   52   49   45   43   41   39   38   37   37   36   36
   35   35   35   34   34   35   35   36   38   39   42   44   47   50   53   55
   58   60   62   63   65   65   66   66   66   65   64   63   61   59   57   54
   53   51   49   48   47   51   49   60   40                                   
    75.0-180.0 180.0   5.0 450.0                            LAT/LON1/LON2/DLON/H
   34   39   39   34   40   42   48   53   61   68   74   81   85   88   88   86
   82   77   71   65   60   55   51   48   46   45   44   44   44   45   45   45
   44   44   43   42   41   41   41   41   42   44   46   48   51   54   56   58
   60   62   63   64   65   65   65   65   65   64   63   62   60   58   56   55
   53   53   52   50   48   49   45   47   34                                   
    72.5-180.0 180.0   5.0 450.0                            LAT/LON1/LON2/DLON/H
   46   46   46   44   44   45   52   56   63   70   78   85   90   93   92   89
   83   76   69   61   55   50   46   44   43   43   43   45   46   47   48   49
   48   47   46   44   41   40   38   37   38   39   40   42   45   47   49   51
   52   53   53   53   53   54   54   54   54   54   53   52   51   49   47   46
   45   45   44   41   41   45   45   51   46                                   
    70.0-180.0 180.0   5.0 450.0                            LAT/LON1/LON2/DLON/H
   52   54   53   50   50   52   57   62   72   81   90   98  103  104  102   97
   90   81   72   64   57   52   49   47   47   49   51   53   56   58   59   60
   59   57   55   51   48   45   42   40   40   41   42   44   46   48   49   50
   50   50   49   49   48   48   49   50   50   51   51   51   49   48   47   46
   45   46   47   47   49   54   58   64   52                                   
    67.5-180.0 180.0   5.0 450.0                            LAT/LON1/LON2/DLON/H
   66   67   65   62   61   61   66   71   79   87   97  104  109  109  106  100
   91   81   71   62   55   50   47   46   46   48   51   54   57   60   61   61
   60   58   54   49   45   41   37   35   35   35   37   38   40   42   42   42
   42   41   39   38   38   38   39   41   43   45   46   46   46   44   43   42
   42   43   44   45   48   56   58   66   66                                   
    65.0-180.0 180.0   5.0 450.0                            LAT/LON1/LON2/DLON/H
   73   76   75   73   70   70   74   78   87   96  105  112  116  116  111  104
   95   85   75   66   59   54   50   48   48   49   52   55   57   59   60   60
   58   54   50   45   40   35   32   30   29   30   32   34   35   36   36   36
   34   32   30   29   29   30   32   35   38   41   43   45   45   43   42   42
   41   44   47   50   55   65   69   78   73                                   
    62.5-180.0 180.0   5.0 450.0                            LAT/LON1/LON2/DLON/H
   82   86   85   83   81   80   82   86   93  101  110  116  120  119  115  108
  100   91   81   73   65   58   53   49   47   47   48   50   52   53   53   52
   49   45   41   36   31   27   24   23   23   24   26   28   29   30   30   28
   26   24   22   21   21   22   25   29   33   38   41   43   44   43   42   41
   40   42   45   49   54   66   71   79   82                                   
    60.0-180.0 180.0   5.0 450.0                            LAT/LON1/LON2/DLON/H
   88   94   95   94   90   88   90   93  100  107  114  120  123  123  120  115
  109  101   93   85   76   68   60   53   47   44   43   44   44   45   44   43
   40   36   31   27   23   20   19   18   18   20   22   24   26   26   25   22
   20   18   16   15   16   17   21   25   30   36   40   43   44   44   43   42
   41   44   47   51   57   69   76   85   88                                   
    57.5-180.0 180.0   5.0 450.0                            LAT/LON1/LON2/DLON/H
   94  101  104  105  102  101  102  104  109  114  120  124  127  128  127  125
  121  116  109  101   91   80   68   58   49   43   40   39   38   38   37   35
   33   29   26   23   21   19   18   18   19   21   24   26   26   26   24   21
   18   16   15   14   14   16   19   24   30   36   41   44   46   46   46   45
   45   48   51   55   60   72   80   89   94                                   
    55.0-180.0 180.0   5.0 450.0                            LAT/LON1/LON2/DLON/H
  102  111  117  119  118  117  118  119  122  124  128  131  133  134  135  136
  135  132  127  118  106   92   78   63   52   43   38   36   36   35   34   32
   30   28   26   25   23   22   22   23   25   27   30   31   31   29   27   24
   21   19   17   17   17   18   21   26   31   37   42   46   48   48   49   50
   51   55   59   63   67   79   86   95  102                                   
    52.5-180.0 180.0   5.0 450.0                            LAT/LON1/LON2/DLON/H
  113  123  132  136  137  138  139  139  139  139  139  139  140  142  144  147
  149  148  142  133  120  104   87   70   57   47   41   38   38   38   37   35
   34   33   32   33   33   33   34   35   37   39   41   41   40   37   34   31
   28   27   26   25   24   25   27   30   35   40   44   48   50   51   53   57
   60   66   72   76   79   89   96  105  113                                   
    50.0-180.0 180.0   5.0 450.0                            LAT/LON1/LON2/DLON/H
  127  138  151  156  160  162  164  164  162  159  155  152  150  152  155  159
  161  160  155  145  131  114   96   79   64   54   48   46   45   45   45   44
   43   43   44   46   48   49   50   52   53   54   55   54   52   48   44   42
   40   39   38   37   35   35   35   37   40   44   47   49   51   54   58   64
   71   80   88   93   95  104  110  118  127                                   
    47.5-180.0 180.0   5.0 450.0                            LAT/LON1/LON2/DLON/H
  143  155  169  176  182  187  190  190  186  181  174  168  164  164  166  169
  171  169  163  153  139  124  107   90   76   65   59   57   56   56   55   54
   54   55   58   62   65   67   68   69   69   69   69   67   64   60   56   54
   53   53   53   52   49   47   46   46   47   49   50   51   53   57   63   72
   82   95  106  112  114  122  127  134  143                                   
    45.0-180.0 180.0   5.0 450.0                            LAT/LON1/LON2/DLON/H
  159  170  185  193  202  209  213  214  209  203  194  186  180  178  178  180
  179  175  168  158  146  133  118  104   90   80   73   69   68   67   65   64
   64   67   71   75   79   82   82   82   82   82   80   78   74   71   68   67
   67   68   68   66   63   60   57   55   55   55   54   54   56   60   68   80
   93  109  122  131  133  141  146  152  159                                   
    42.5-180.0 180.0   5.0 450.0                            LAT/LON1/LON2/DLON/H
  171  182  197  205  214  223  228  231  227  222  212  204  197  193  191  190
  186  180  172  163  154  144  132  119  106   94   86   81   77   75   72   71
   71   74   79   85   89   91   91   91   90   89   88   86   82   79   77   77
   78   80   80   79   75   71   68   65   63   61   59   58   59   64   74   87
  102  120  136  146  149  158  163  169  171                                   
    40.0-180.0 180.0   5.0 450.0                            LAT/LON1/LON2/DLON/H
  180  189  202  209  219  227  234  238  237  234  226  219  213  209  205  201
  194  186  178  171  165  158  148  136  121  107   96   88   82   78   75   74
   74   78   83   89   93   95   95   94   93   92   92   90   87   85   83   84
   86   87   88   86   83   79   75   72   69   67   64   63   64   69   80   94
  111  129  145  156  161  171  177  183  180                                   
    37.5-180.0 180.0   5.0 450.0                            LAT/LON1/LON2/DLON/H
  185  192  201  208  216  223  231  237  238  239  235  231  227  224  219  213
  205  196  189  184  180  174  165  150  133  116  101   91   84   79   76   75
   76   80   86   91   95   96   95   94   93   93   93   92   90   88   87   87
   89   90   90   89   86   83   80   77   74   71   68   67   68   74   86  101
  117  135  151  163  167  180  186  193  185                                   
    35.0-180.0 180.0   5.0 450.0                            LAT/LON1/LON2/DLON/H
  189  194  200  204  210  215  223  229  234  237  238  239  238  236  232  226
  218  210  204  200  197  190  178  160  139  119  103   91   85   81   80   80
   82   86   91   95   97   97   96   94   94   94   95   94   92   90   89   88
   89   89   88   87   85   82   81   78   76   73   70   69   72   79   92  107
  123  141  156  166  171  185  193  200  189                                   
    32.5-180.0 180.0   5.0 450.0                            LAT/LON1/LON2/DLON/H
  195  200  203  205  208  208  215  221  227  233  239  243  246  246  244  239
  232  226  221  217  212  202  185  163  139  118  103   93   89   89   90   92
   95   99  102  105  105  103  100   98   97   98   99   98   96   93   90   89
   87   86   84   83   81   80   79   78   75   73   70   71   74   83   97  113
  129  146  160  171  175  191  200  207  195                                   
    30.0-180.0 180.0   5.0 450.0                            LAT/LON1/LON2/DLON/H
  209  214  216  214  214  210  214  218  225  232  240  247  252  254  253  249
  244  240  236  232  223  207  185  159  135  116  105  101  103  107  112  116
  119  122  123  122  119  114  110  107  105  106  106  104  101   98   93   90
   86   83   80   79   78   78   78   76   73   71   69   70   76   86  102  119
  136  153  167  177  182  199  211  217  209                                   
    27.5-180.0 180.0   5.0 450.0                            LAT/LON1/LON2/DLON/H
  230  238  240  236  234  226  226  226  231  237  245  252  258  260  259  256
  253  250  247  240  226  205  178  152  131  118  114  118  127  136  145  151
  153  154  151  146  139  131  124  120  118  117  116  114  110  104   98   93
   87   82   79   77   77   77   77   75   71   68   67   69   76   89  106  126
  144  162  177  188  194  213  227  233  230                                   
    25.0-180.0 180.0   5.0 450.0                            LAT/LON1/LON2/DLON/H
  259  271  276  270  268  259  254  249  249  251  257  262  266  266  264  260
  257  255  251  241  223  197  169  146  131  127  133  146  161  176  187  193
  194  191  184  174  163  151  142  136  132  130  128  125  120  113  105   98
   91   85   81   79   79   79   78   75   71   67   66   69   77   91  111  132
  152  173  190  203  210  232  248  252  259                                   
    22.5-180.0 180.0   5.0 450.0                            LAT/LON1/LON2/DLON/H
  293  309  318  312  313  305  297  287  281  277  278  278  278  274  269  263
  259  255  249  236  215  189  163  146  140  147  162  183  203  221  232  237
  235  227  215  201  185  171  160  152  147  144  140  136  130  122  114  105
   97   90   86   84   84   85   83   79   73   68   67   70   79   94  115  139
  161  185  205  220  230  253  271  275  293                                   
    20.0-180.0 180.0   5.0 450.0                            LAT/LON1/LON2/DLON/H
  328  347  360  356  362  358  349  336  324  314  307  301  294  285  275  266
  259  253  245  230  209  185  167  158  163  178  201  225  247  263  272  273
  267  255  239  221  203  187  174  165  159  155  151  145  139  130  121  112
  104   97   92   91   91   91   89   84   77   72   70   73   82   98  119  145
  170  197  219  237  249  274  294  297  328                                   
    17.5-180.0 180.0   5.0 450.0                            LAT/LON1/LON2/DLON/H
  357  378  395  395  408  409  402  387  372  356  343  330  317  302  286  273
  262  253  242  228  210  193  184  186  199  221  245  267  284  294  298  294
  284  269  251  232  214  198  185  175  168  162  157  151  145  137  128  118
  110  103   99   97   98   98   96   91   83   77   74   77   86  102  124  150
  177  206  231  251  265  291  313  317  357                                   
    15.0-180.0 180.0   5.0 450.0                            LAT/LON1/LON2/DLON/H
  378  400  420  423  443  449  447  433  417  399  381  363  344  324  304  286
  272  260  248  235  223  216  217  228  247  269  289  302  308  309  306  297
  285  270  253  235  219  205  192  182  174  167  161  154  148  140  132  123
  115  108  104  103  103  104  102   97   90   83   80   83   92  107  129  155
  183  214  240  262  277  303  326  332  378                                   
    12.5-180.0 180.0   5.0 450.0                            LAT/LON1/LON2/DLON/H
  389  411  432  439  463  474  477  467  453  436  417  396  375  352  329  308
  290  276  264  255  251  253  264  282  303  319  326  324  317  308  298  287
  275  262  249  236  223  212  200  189  179  170  162  155  149  142  134  126
  118  112  108  106  107  108  107  103   96   89   86   89   98  113  134  160
  188  219  246  268  283  310  333  342  389                                   
    10.0-180.0 180.0   5.0 450.0                            LAT/LON1/LON2/DLON/H
  392  414  435  442  469  482  491  485  475  461  444  425  405  382  359  337
  318  303  292  288  291  302  320  341  357  361  351  333  313  295  282  271
  262  254  246  239  231  222  211  199  186  173  163  155  149  143  136  129
  122  115  111  109  109  110  110  106  100   94   91   94  103  119  140  165
  192  223  249  271  286  312  336  346  392                                   
     7.5-180.0 180.0   5.0 450.0                            LAT/LON1/LON2/DLON/H
  392  412  431  437  464  477  489  487  483  473  461  447  430  412  392  371
  353  339  331  331  339  356  377  395  401  389  362  331  302  282  269  261
