data/edconvlstm_nd/pred0530.15i
     1.0            IONOSPHERE MAPS     GNSS                IONEX VERSION / TYPE
pyspatialgeodesy        IME             05-JAN-18 20:20     PGM / RUN BY / DATE 
Map Name                                                    COMMENT             
Predicted global ionosphere maps (GIM).                     DESCRIPTION         
  2015     2    22     0     0     0                        EPOCH OF FIRST MAP  
  2015     2    23     0     0     0                        EPOCH OF LAST MAP   
  7200                                                      INTERVAL            
    13                                                      # OF MAPS IN FILE   
  NONE                                                      MAPPING FUNCTION    
10.0                                                        ELEVATION CUTOFF    
One-way carrier phase leveled to code                       OBSERVABLES USED    
  6371.0                                                    BASE RADIUS         
 2                                                          MAP DIMENSION       
   450.0 450.0   0.0                                        HGT1 / HGT2 / DHGT  
    87.5 -87.5  -2.5                                        LAT1 / LAT2 / DLAT  
  -180.0 180.0   5.0                                        LON1 / LON2 / DLON  
    -1                                                      EXPONENT            
                                                            END OF HEADER       
[from data line 1287]
     4                                                      START OF TEC MAP    
  2015     2    22     6     0     0                        EPOCH OF CURRENT MAP
    87.5-180.0 180.0   5.0 450.0                            LAT/LON1/LON2/DLON/H
   77   77   74   79   80   79   79   76   78   80   81   82   83   84   84   84
   84   84   83   83   82   81   81   80   80   79   79   79   80   80   81   82
   83   84   85   86   87   88   89   90   91   92   93   93   94   94   94   94
   94   93   93   92   91   91   90   89   88   86   85   84   83   81   80   79
   79   79   76   75   78   81   87   84   77                                   
    85.0-180.0 180.0   5.0 450.0                            LAT/LON1/LON2/DLON/H
   69   80   75   77   80   81   82   82   83   86   86   88   89   89   89   89
   89   88   87   86   85   84   83   82   82   81   81   82   82   83   84   86
   87   89   90   92   94   96   98   99  101  103  104  105  106  107  107  108
  108  108  107  107  106  105  103  102  101   99   97   95   94   92   89   88
   88   88   82   81   79   80   85   81   69                                   
    82.5-180.0 180.0   5.0 450.0                            LAT/LON1/LON2/DLON/H
   70   72   77   73   74   77   78   78   81   83   84   86   87   87   87   86
   85   83   81   79   76   74   72   71   69   68   68   68   68   69   71   72
   74   77   80   83   87   90   94   97  100  103  106  109  111  113  115  116
  117  118  118  118  118  117  116  115  113  111  109  106  104  101   98   96
   94   92   86   83   84   76   71   70   70                                   
    80.0-180.0 180.0   5.0 450.0                            LAT/LON1/LON2/DLON/H
   79   71   68   66   69   69   71   73   76   78   79   82   82   82   81   80
   77   75   72   68   65   62   59   57   55   54   54   54   55   56   58   60
   64   67   72   76   81   86   91   96  101  105  109  114  117  121  124  127
  130  132  134  135  135  135  135  133  132  130  127  124  121  117  113  110
  106  100   95   91   90   82   78   72   79                                   
    77.5-180.0 180.0   5.0 450.0                            LAT/LON1/LON2/DLON/H
   90   75   69   67   64   66   68   70   73   75   76   78   79   78   77   75
   73   69   66   62   58   55   51   49   47   46   45   46   47   48   51   54
   59   64   69   75   82   88   94  100  106  112  117  123  129  134  140  145
  150  154  158  161  163  164  165  164  163  161  159  155  151  147  142  137
  131  125  117  112  105   88   82   79   90                                   
    75.0-180.0 180.0   5.0 450.0                            LAT/LON1/LON2/DLON/H
   96   81   70   67   62   63   65   65   67   68   69   70   70   70   69   67
   64   61   58   55   52   49   46   44   42   41   41   41   43   45   48   51
   56   61   67   73   79   86   92   98  105  111  118  126  133  141  149  157
  164  171  178  183  187  190  192  193  192  191  188  185  181  177  172  167
  160  153  144  133  125  107   99   94   96                                   
    72.5-180.0 180.0   5.0 450.0                            LAT/LON1/LON2/DLON/H
  109   91   80   75   69   69   70   69   70   70   69   70   69   68   67   65
   64   62   59   57   55   53   51   49   48   47   47   47   49   51   53   57
   61   66   71   77   82   88   94  101  108  115  124  133  143  153  164  175
  185  195  204  212  218  222  224  225  225  223  220  217  213  209  205  201
  195  188  180  169  157  136  124  118  109                                   
    70.0-180.0 180.0   5.0 450.0                            LAT/LON1/LON2/DLON/H
  126  103   92   84   75   72   72   71   71   69   67   66   65   63   61   60
   59   58   58   57   57   56   56   56   55   55   56   56   57   59   61   63
   66   69   72   76   80   85   90   96  104  112  122  133  146  159  173  187
  201  213  225  234  241  246  249  249  248  245  242  238  234  229  225  222
  217  212  206  195  184  162  153  145  126                                   
    67.5-180.0 180.0   5.0 450.0                            LAT/LON1/LON2/DLON/H
  133  108   96   88   78   74   73   71   70   67   64   63   60   58   57   56
   55   56   56   58   59   61   62   63   64   65   66   66   66   67   68   68
   69   70   70   72   74   77   81   88   96  106  117  131  146  162  179  196
  212  227  240  250  258  262  264  263  259  255  250  245  240  235  230  228
  224  220  216  207  197  177  167  160  133                                   
    65.0-180.0 180.0   5.0 450.0                            LAT/LON1/LON2/DLON/H
  138  111   97   88   78   74   73   72   70   68   65   63   60   57   55   55
   55   56   57   60   63   66   69   71   73   74   75   75   75   75   74   73
   71   69   68   67   67   69   73   80   89  101  116  132  150  169  189  208
  226  242  256  266  273  276  275  272  267  261  254  247  240  235  230  226
  223  219  217  209  202  184  176  169  138                                   
    62.5-180.0 180.0   5.0 450.0                            LAT/LON1/LON2/DLON/H
  138  108   94   83   76   71   70   70   70   68   65   63   60   57   56   55
   55   56   58   61   64   68   71   73   75   77   78   78   78   77   75   72
   69   66   62   60   59   60   65   73   84   99  116  136  157  178  199  220
  238  255  268  277  283  284  282  277  270  262  254  246  238  231  225  221
  216  212  210  203  198  182  174  169  138                                   
    60.0-180.0 180.0   5.0 450.0                            LAT/LON1/LON2/DLON/H
  135  103   88   74   68   63   63   64   65   64   62   61   59   58   57   56
   56   57   58   60   63   65   68   69   71   72   72   73   73   72   70   67
   64   59   55   52   50   52   58   68   82  100  120  142  164  187  209  230
  249  264  277  285  289  290  286  280  272  263  255  246  238  230  223  217
  211  205  203  196  192  177  169  163  135                                   
    57.5-180.0 180.0   5.0 450.0                            LAT/LON1/LON2/DLON/H
  135  101   84   68   62   56   55   57   58   59   59   59   59   59   59   59
   58   58   58   59   60   61   61   62   62   62   63   63   64   64   63   60
   57   53   50   47   46   49   57   69   86  106  129  152  176  199  221  241
  259  274  286  293  297  297  293  287  279  271  263  255  248  240  231  224
  215  207  203  195  192  176  167  160  135                                   
    55.0-180.0 180.0   5.0 450.0                            LAT/LON1/LON2/DLON/H
  142  106   87   68   60   52   49   50   51   52   53   55   57   59   60   61
   60   60   59   58   57   56   55   53   52   52   52   53   54   55   55   55
   53   50   48   46   47   52   61   76   95  117  141  165  189  212  233  253
  270  284  295  302  306  307  304  299  293  286  279  273  266  259  250  241
  230  219  212  203  199  182  173  164  142                                   
    52.5-180.0 180.0   5.0 450.0                            LAT/LON1/LON2/DLON/H
  156  121  100   78   67   56   49   47   46   46   48   51   55   58   61   62
   62   61   59   57   55   53   51   48   46   45   45   46   48   50   52   53
   52   52   51   51   53   60   71   88  108  132  156  180  203  225  246  264
  281  295  306  314  319  321  319  316  311  306  301  296  291  284  276  266
  253  240  230  218  213  196  186  176  156                                   
    50.0-180.0 180.0   5.0 450.0                            LAT/LON1/LON2/DLON/H
  178  146  123   99   84   69   58   50   46   44   45   48   53   57   61   63
   63   62   60   59   57   55   52   49   47   45   45   46   49   51   54   56
   57   57   58   60   64   72   85  103  125  149  173  196  218  239  258  277
  293  307  318  327  334  337  338  336  333  329  325  321  317  311  302  292
  277  263  250  236  230  213  204  194  178                                   
    47.5-180.0 180.0   5.0 450.0                            LAT/LON1/LON2/DLON/H
  201  174  152  130  111   92   76   62   53   47   46   48   52   57   61   63
   64   63   62   62   62   61   60   57   55   53   53   54   56   58   60   62
   64   66   68   71   77   87  102  121  143  166  189  211  232  252  271  289
  305  319  332  342  350  355  357  356  353  349  345  341  336  330  322  311
  296  281  267  251  243  227  220  213  201                                   
    45.0-180.0 180.0   5.0 450.0                            LAT/LON1/LON2/DLON/H
  219  198  180  162  142  121  101   82   67   57   52   52   55   58   61   63
   64   64   65   68   70   72   73   71   69   67   66   66   67   68   69   70
   72   74   78   83   91  102  118  138  161  183  205  225  245  264  283  301
  317  331  344  355  363  370  373  372  368  363  357  352  346  339  330  319
  304  289  274  257  249  233  228  224  219                                   
    42.5-180.0 180.0   5.0 450.0                            LAT/LON1/LON2/DLON/H
  226  209  198  185  168  148  127  105   86   72   63   61   61   62   64   65
   66   67   70   76   81   86   88   87   85   83   81   80   80   79   78   78
   79   82   86   93  102  115  132  154  176  199  219  239  257  276  294  311
  327  340  353  364  374  380  384  383  378  371  363  355  347  339  328  316
  302  287  271  254  244  227  224  222  226                                   
    40.0-180.0 180.0   5.0 450.0                            LAT/LON1/LON2/DLON/H
  219  204  200  191  178  162  144  124  105   88   77   72   70   69   69   69
   70   73   78   86   94  100  103  102  100   97   95   93   91   89   87   86
   86   88   93  100  110  125  143  166  189  212  232  251  268  286  304  320
  335  348  360  371  381  389  393  392  387  378  369  359  348  338  326  313
  298  282  266  247  234  213  210  209  219                                   
    37.5-180.0 180.0   5.0 450.0                            LAT/LON1/LON2/DLON/H
  201  182  182  175  169  158  146  132  116  101   90   84   81   78   77   76
   78   82   89   97  106  112  114  113  110  107  104  102  100   98   95   92
   92   93   97  104  115  131  151  175  200  223  243  262  279  296  313  328
  342  354  366  378  390  399  405  405  401  393  383  372  361  349  335  321
  305  288  270  249  232  202  196  192  201                                   
    35.0-180.0 180.0   5.0 450.0                            LAT/LON1/LON2/DLON/H
  181  154  153  145  144  137  132  125  116  106   98   93   90   88   87   86
   89   94  101  109  116  120  121  119  115  112  111  110  108  106  102   98
   96   96   99  106  117  134  156  182  208  232  253  271  288  305  321  336
  349  362  375  389  404  417  426  430  428  423  415  405  394  382  369  354
  336  318  298  272  250  210  197  184  181                                   
    32.5-180.0 180.0   5.0 450.0                            LAT/LON1/LON2/DLON/H
  170  131  124  111  111  107  107  107  104  100   97   97   96   95   95   96
  100  106  113  120  124  125  123  120  117  116  116  116  115  113  108  103
  100   98  100  106  118  135  159  187  215  240  262  280  297  314  330  345
  359  372  388  407  426  445  459  468  472  470  466  460  452  442  429  415
  397  377  356  324  298  246  223  200  170                                   
    30.0-180.0 180.0   5.0 450.0                            LAT/LON1/LON2/DLON/H
  181  128  109   89   84   79   80   84   87   89   91   93   96   97  100  104
  109  116  123  127  128  126  123  120  119  119  121  123  123  120  116  110
  105  103  103  108  119  137  162  191  220  247  269  288  306  323  340  355
  371  387  407  431  458  483  504  520  529  534  535  534  531  525  516  502
  484  464  441  404  374  314  278  246  181                                   
    27.5-180.0 180.0   5.0 450.0                            LAT/LON1/LON2/DLON/H
  220  155  123   91   77   65   63   67   71   76   81   87   91   95  100  106
  114  121  127  129  127  124  121  120  122  126  129  132  132  131  127  121
  115  111  109  112  122  140  165  194  225  252  275  296  315  333  351  368
  387  408  433  463  496  529  558  581  597  608  616  622  626  626  620  610
  593  574  549  508  475  405  355  321  220                                   
    25.0-180.0 180.0   5.0 450.0                            LAT/LON1/LON2/DLON/H
  290  215  169  126   99   78   67   65   66   70   75   81   86   91   97  105
  113  120  125  126  123  121  121  124  130  137  142  145  146  145  142  135
  127  120  116  117  126  142  167  197  227  256  281  304  324  345  364  385
  407  433  464  501  541  581  617  646  669  686  700  712  723  729  730  723
  711  695  671  629  590  513  451  421  290                                   
    22.5-180.0 180.0   5.0 450.0                            LAT/LON1/LON2/DLON/H
  385  303  243  193  151  122   98   87   80   79   80   83   86   90   95  101
  108  114  118  119  118  119  124  132  142  151  157  160  161  160  156  148
  137  127  121  120  127  143  168  197  229  259  286  311  335  358  381  405
  431  463  499  540  584  628  669  703  732  754  773  791  807  819  825  823
  816  805  784  746  702  626  562  539  385                                   
    20.0-180.0 180.0   5.0 450.0                            LAT/LON1/LON2/DLON/H
  489  408  339  285  229  191  156  135  119  109  103   99   97   96   96   99
  104  108  111  113  115  121  131  144  157  168  174  175  174  171  164  154
  141  130  122  120  126  142  166  196  228  260  291  320  348  374  400  427
  458  493  532  575  619  663  704  741  771  796  818  839  859  875  885  888
  885  881  867  835  788  724  674  657  489                                   
    17.5-180.0 180.0   5.0 450.0                            LAT/LON1/LON2/DLON/H
  582  512  442  390  320  276  233  203  179  161  146  133  122  113  108  105
  105  106  108  112  118  128  142  158  174  184  187  185  180  173  164  151
  138  126  118  116  122  138  163  194  228  262  296  329  361  391  420  450
  483  520  559  601  642  683  720  754  782  806  827  848  869  888  901  906
  906  906  901  878  834  785  758  748  582                                   
    15.0-180.0 180.0   5.0 450.0                            LAT/LON1/LON2/DLON/H
  650  597  536  486  411  364  316  281  252  228  205  184  164  146  131  121
  115  113  114  119  127  140  156  174  188  196  195  189  179  168  156  142
  129  118  111  110  117  134  160  193  228  264  301  338  373  407  438  470
  504  541  579  616  652  686  718  746  769  789  806  825  844  862  875  881
  882  883  884  869  835  801  794  789  650                                   
    12.5-180.0 180.0   5.0 450.0                            LAT/LON1/LON2/DLON/H
  688  655  606  561  489  442  393  357  326  300  274  246  218  192  169  151
  139  132  131  135  144  157  174  190  200  203  197  187  173  159  145  131
  118  109  104  105  114  133  160  193  230  267  306  346  384  419  451  483
  518  553  588  621  650  676  701  723  742  757  770  785  800  815  826  830
  830  829  832  822  801  779  782  780  688                                   
    10.0-180.0 180.0   5.0 450.0                            LAT/LON1/LON2/DLON/H
  701  686  649  609  549  505  458  422  393  368  341  312  279  247  218  194
  175  163  158  160  168  180  193  204  209  205  196  183  167  151  136  122
  112  105  103  106  117  136  162  195  232  270  311  351  390  425  457  489
  523  556  588  615  638  659  678  696  711  724  735  746  758  769  776  777
  775  772  772  765  753  739  742  740  701                                   
     7.5-180.0 180.0   5.0 450.0                            LAT/LON1/LON2/DLON/H
  697  694  665  633  588  548  504  470  445  424  400  372  338  304  272  244
  221  204  195  193  198  206  213  216  214  206  195  180  164  148  134  121
