data/edconvlstm_nd/pred0980.15i
     1.0            IONOSPHERE MAPS     GNSS                IONEX VERSION / TYPE
pyspatialgeodesy        IME             05-JAN-18 20:20     PGM / RUN BY / DATE 
Map Name                                                    COMMENT             
Predicted global ionosphere maps (GIM).                     DESCRIPTION         
  2015     4     8     0     0     0                        EPOCH OF FIRST MAP  
  2015     4     9     0     0     0                        EPOCH OF LAST MAP   
  7200                                                      INTERVAL            
    13                                                      # OF MAPS IN FILE   
  NONE                                                      MAPPING FUNCTION    
10.0                                                        ELEVATION CUTOFF    
One-way carrier phase leveled to code                       OBSERVABLES USED    
  6371.0                                                    BASE RADIUS         
 2                                                          MAP DIMENSION       
   450.0 450.0   0.0                                        HGT1 / HGT2 / DHGT  
    87.5 -87.5  -2.5                                        LAT1 / LAT2 / DLAT  
  -180.0 180.0   5.0                                        LON1 / LON2 / DLON  
    -1                                                      EXPONENT            
                                                            END OF HEADER       
[from data line 858]
     3                                                      START OF TEC MAP    
  2015     4     8     4     0     0                        EPOCH OF CURRENT MAP
    87.5-180.0 180.0   5.0 450.0                            LAT/LON1/LON2/DLON/H
  205  204  202  204  204  202  201  200  203  205  207  209  212  214  216  217
  218  219  220  220  219  218  217  216  214  212  210  208  206  205  203  202
  201  200  199  199  199  199  199  200  200  201  202  203  203  204  205  205
  206  207  207  208  208  208  209  209  209  208  208  207  207  206  204  204
  203  204  202  203  205  203  200  201  205                                   
    85.0-180.0 180.0   5.0 450.0                            LAT/LON1/LON2/DLON/H
  207  206  199  201  204  202  203  204  206  209  211  214  217  220  222  225
  226  228  228  228  228  227  225  223  220  218  215  212  209  207  204  203
  201  200  200  200  200  201  202  203  204  205  207  208  209  211  212  213
  214  215  216  217  218  219  220  221  221  221  221  220  219  218  216  215
  215  215  211  213  206  205  204  203  207                                   
    82.5-180.0 180.0   5.0 450.0                            LAT/LON1/LON2/DLON/H
  206  203  198  194  195  194  194  196  200  203  206  210  215  219  222  225
  228  229  230  229  228  225  222  218  214  209  205  200  196  192  189  187
  185  184  184  184  185  187  188  190  193  195  197  199  201  203  205  208
  210  212  215  217  220  222  224  225  227  227  228  227  226  225  223  222
  220  219  213  214  213  205  203  193  206                                   
    80.0-180.0 180.0   5.0 450.0                            LAT/LON1/LON2/DLON/H
  199  197  187  182  182  182  184  187  191  194  199  205  211  216  221  225
  228  230  230  229  227  223  218  212  206  199  192  186  180  175  172  169
  167  167  168  169  171  174  177  179  182  185  188  191  194  197  200  204
  207  211  216  220  224  228  232  235  238  239  240  241  240  238  236  235
  232  228  221  220  217  210  212  194  199                                   
    77.5-180.0 180.0   5.0 450.0                            LAT/LON1/LON2/DLON/H
  197  192  183  177  173  173  174  176  180  184  189  195  202  208  214  218
  222  224  224  223  220  215  208  201  192  183  175  167  161  156  152  150
  149  150  152  155  158  162  166  170  173  176  179  183  186  189  194  198
  204  210  216  223  230  237  243  248  252  255  257  258  258  256  254  252
  249  245  236  232  229  219  214  204  197                                   
    75.0-180.0 180.0   5.0 450.0                            LAT/LON1/LON2/DLON/H
  200  196  184  177  171  168  168  168  170  173  177  183  189  195  200  204
  208  210  210  209  206  200  193  185  176  166  157  149  142  137  134  132
  133  135  138  142  147  151  156  160  163  166  169  172  176  180  185  192
  199  208  217  227  237  247  256  263  269  273  276  277  277  275  273  272
  268  264  256  247  241  233  228  221  200                                   
    72.5-180.0 180.0   5.0 450.0                            LAT/LON1/LON2/DLON/H
  207  206  194  183  175  169  166  165  165  166  168  172  175  179  182  185
  188  189  190  190  187  183  177  169  160  151  142  134  128  123  121  120
  122  125  129  134  139  144  148  151  154  157  160  163  167  172  179  187
  197  209  221  234  247  259  270  279  286  290  293  294  293  291  290  288
  285  281  276  269  260  249  243  239  207                                   
    70.0-180.0 180.0   5.0 450.0                            LAT/LON1/LON2/DLON/H
  223  217  205  191  180  171  166  162  161  159  158  159  159  159  159  160
  162  163  165  166  165  162  158  152  145  137  129  122  116  112  110  110
  112  115  119  124  129  133  137  140  142  145  148  151  156  163  172  183
  195  210  226  241  257  271  282  292  298  302  304  303  302  300  298  296
  294  291  287  282  275  264  261  258  223                                   
    67.5-180.0 180.0   5.0 450.0                            LAT/LON1/LON2/DLON/H
  233  227  214  198  186  174  167  161  158  154  150  148  144  141  138  137
  137  138  141  143  144  144  142  138  132  126  119  113  108  104  102  102
  103  106  109  113  117  120  123  125  128  131  134  139  146  155  166  179
  195  212  230  248  265  279  291  299  304  307  307  305  302  299  296  294
  292  290  288  285  279  270  268  267  233                                   
    65.0-180.0 180.0   5.0 450.0                            LAT/LON1/LON2/DLON/H
  241  234  219  202  190  177  168  161  157  151  145  140  133  127  121  118
  117  118  121  124  127  128  128  125  122  117  112  107  103   99   97   96
   96   97   99  101  104  107  109  112  115  119  124  131  140  152  166  182
  200  219  239  257  274  287  298  305  308  309  307  304  300  295  290  287
  284  282  281  279  276  269  269  269  241                                   
    62.5-180.0 180.0   5.0 450.0                            LAT/LON1/LON2/DLON/H
  247  237  223  205  192  178  169  161  155  149  142  135  127  118  111  107
  105  106  108  112  115  117  117  116  113  110  106  102   98   95   92   90
   89   89   89   91   92   94   97  100  105  111  118  128  140  154  171  189
  209  229  249  267  283  295  304  309  311  310  308  303  298  292  286  281
  276  273  271  269  267  262  264  264  247                                   
    60.0-180.0 180.0   5.0 450.0                            LAT/LON1/LON2/DLON/H
  251  238  225  205  193  178  167  159  153  146  139  131  123  115  107  103
  101  101  103  105  107  108  108  107  105  102  100   97   94   91   88   85
   83   82   81   81   83   85   88   93   99  107  117  130  145  161  180  199
  220  241  260  278  292  303  310  314  315  314  311  307  301  294  287  280
  272  267  264  261  259  254  257  257  251                                   
    57.5-180.0 180.0   5.0 450.0                            LAT/LON1/LON2/DLON/H
  257  243  229  209  196  180  168  158  151  142  135  129  121  114  108  104
  103  103  103  104  104  103  101   99   97   96   95   94   92   89   86   83
   80   77   76   77   78   81   85   91   99  109  122  137  154  172  192  212
  233  254  272  289  302  312  318  321  322  321  319  316  311  305  297  288
  279  271  265  260  257  252  254  254  257                                   
    55.0-180.0 180.0   5.0 450.0                            LAT/LON1/LON2/DLON/H
  267  252  239  218  205  187  174  161  151  141  133  127  121  116  112  110
  108  108  107  105  103   99   96   94   93   92   93   93   92   90   87   83
   80   77   76   77   79   82   87   94  104  116  130  147  165  185  205  226
  246  266  284  300  312  321  327  330  331  332  332  330  327  322  315  306
  295  286  277  269  265  259  260  259  267                                   
    52.5-180.0 180.0   5.0 450.0                            LAT/LON1/LON2/DLON/H
  283  268  254  235  220  202  186  170  157  144  134  127  122  119  117  116
  115  114  112  108  104   99   95   93   93   94   96   97   97   95   92   88
   84   82   81   82   85   89   94  102  112  125  140  158  178  198  218  238
  258  277  295  310  323  331  337  340  342  344  346  347  346  343  337  329
  318  308  298  287  281  273  273  273  283                                   
    50.0-180.0 180.0   5.0 450.0                            LAT/LON1/LON2/DLON/H
  300  289  275  258  242  223  206  187  170  153  141  132  127  124  123  122
  121  119  116  112  107  102   99   98   99  102  105  107  107  105  101   97
   93   91   90   92   94   99  104  112  122  135  151  169  189  209  230  250
  269  288  305  321  333  342  347  350  353  356  359  362  363  362  358  352
  343  333  323  312  303  294  292  293  300                                   
    47.5-180.0 180.0   5.0 450.0                            LAT/LON1/LON2/DLON/H
  318  311  297  283  266  248  231  210  190  170  154  144  137  133  130  128
  126  123  120  117  113  110  108  109  112  115  119  121  121  118  114  109
  105  102  102  103  106  110  115  122  131  144  160  179  199  220  240  260
  279  298  315  330  343  351  356  359  361  363  366  369  371  372  370  367
  362  355  347  336  326  317  314  316  318                                   
    45.0-180.0 180.0   5.0 450.0                            LAT/LON1/LON2/DLON/H
  332  328  316  305  289  273  256  236  215  193  174  161  152  145  140  135
  131  127  124  123  121  121  122  124  128  133  137  138  136  132  127  122
  117  114  113  114  116  119  123  129  138  151  168  187  208  229  250  270
  289  307  324  339  351  360  364  365  365  365  366  368  369  370  371  371
  371  369  364  356  345  337  334  334  332                                   
    42.5-180.0 180.0   5.0 450.0                            LAT/LON1/LON2/DLON/H
  343  339  327  318  304  291  277  259  239  216  197  182  171  161  153  144
  137  133  131  131  133  135  138  142  147  151  154  153  150  145  139  133
  128  125  123  123  124  126  129  134  143  156  173  194  215  237  258  279
  298  315  332  346  358  367  371  370  368  365  363  362  362  362  364  367
  370  373  373  368  359  351  349  345  343                                   
    40.0-180.0 180.0   5.0 450.0                            LAT/LON1/LON2/DLON/H
  350  341  328  318  307  297  287  274  257  236  217  203  191  179  168  156
  147  142  141  144  148  152  156  160  163  166  167  165  160  154  148  142
  137  133  131  129  129  130  132  136  145  159  177  199  221  244  266  286
  305  321  337  351  363  372  376  376  373  368  364  361  359  359  361  365
  370  375  378  375  369  364  361  351  350                                   
    37.5-180.0 180.0   5.0 450.0                            LAT/LON1/LON2/DLON/H
  359  341  325  308  300  291  284  276  263  246  231  218  208  196  183  170
  160  155  156  160  165  169  172  174  175  177  176  173  167  161  154  149
  144  140  136  134  132  131  133  137  146  161  181  203  227  249  271  291
  309  325  339  352  365  376  383  386  384  380  376  373  372  372  375  379
  384  389  392  390  385  382  378  361  359                                   
    35.0-180.0 180.0   5.0 450.0                            LAT/LON1/LON2/DLON/H
  378  350  329  304  294  282  274  268  259  246  234  226  218  208  196  183
  174  170  172  178  182  184  184  183  182  183  182  178  173  167  161  156
  151  146  141  137  134  133  134  138  148  163  184  207  230  253  274  293
  310  325  338  352  367  381  393  401  404  403  403  403  406  409  413  418
  423  427  428  423  419  419  410  387  378                                   
    32.5-180.0 180.0   5.0 450.0                            LAT/LON1/LON2/DLON/H
  418  385  354  319  302  283  269  259  249  238  230  225  221  214  204  194
  187  185  189  193  195  193  190  187  186  187  188  186  182  176  170  164
  158  152  146  141  138  136  136  140  149  165  186  209  232  253  274  292
  309  323  336  351  369  389  408  423  432  437  442  449  457  466  475  483
  489  491  490  480  476  478  461  435  418                                   
    30.0-180.0 180.0   5.0 450.0                            LAT/LON1/LON2/DLON/H
  489  453  410  366  338  310  284  265  247  232  223  220  218  214  208  201
  196  197  200  203  201  196  191  189  191  196  200  200  196  190  183  176
  168  160  153  147  143  140  140  142  151  165  186  208  231  251  270  288
  305  319  333  351  373  399  426  449  466  478  490  505  522  539  555  567
  575  577  573  559  553  557  531  504  489                                   
    27.5-180.0 180.0   5.0 450.0                            LAT/LON1/LON2/DLON/H
  588  554  498  448  408  370  329  295  265  241  226  219  217  214  209  205
  202  203  205  205  200  194  191  193  202  212  221  223  219  211  202  192
  182  172  162  155  149  146  144  144  151  164  183  205  227  247  265  283
  300  316  332  353  379  413  448  480  506  526  546  568  593  618  641  659
  670  673  668  650  644  649  614  590  588                                   
    25.0-180.0 180.0   5.0 450.0                            LAT/LON1/LON2/DLON/H
  701  675  613  562  509  462  405  356  311  274  248  233  226  220  215  209
  206  205  204  201  195  192  195  206  223  240  252  256  250  239  226  213
  199  185  172  163  156  150  146  144  148  160  179  201  222  242  260  278
  297  316  336  360  392  433  476  516  549  577  603  632  663  694  721  743
  758  763  759  742  734  741  706  684  701                                   
    22.5-180.0 180.0   5.0 450.0                            LAT/LON1/LON2/DLON/H
  803  793  735  691  627  573  505  443  385  335  296  270  253  241  230  221
  213  208  202  196  193  196  209  231  257  280  294  296  287  271  253  234
  214  196  180  168  159  152  145  141  143  154  173  195  218  238  257  278
  300  323  348  377  415  460  508  554  592  624  654  686  720  753  783  807
  825  833  832  819  810  817  792  777  803                                   
    20.0-180.0 180.0   5.0 450.0                            LAT/LON1/LON2/DLON/H
  872  880  840  808  740  685  613  546  481  421  371  334  306  283  263  245
  230  217  206  199  199  211  235  268  303  329  342  339  323  301  275  249
  223  200  181  167  156  147  139  133  134  145  165  190  215  238  260  284
  310  338  369  404  445  492  542  589  627  660  691  724  757  789  819  844
  864  876  879  872  862  865  857  852  872                                   
    17.5-180.0 180.0   5.0 450.0                            LAT/LON1/LON2/DLON/H
  899  925  909  891  827  777  711  647  583  522  467  421  382  349  318  288
  262  240  223  215  220  241  276  318  357  382  388  375  350  319  285  252
  222  195  174  159  148  138  129  122  122  134  156  185  214  240  266  294
  325  360  396  434  477  524  573  617  653  684  713  742  772  801  829  854
  876  889  898  895  885  881  891  896  899                                   
    15.0-180.0 180.0   5.0 450.0                            LAT/LON1/LON2/DLON/H
  891  930  934  926  872  833  778  724  669  615  564  517  475  434  393  352
  314  282  260  251  260  288  330  377  412  428  421  396  360  320  280  244
  211  184  164  149  138  127  117  110  111  123  148  180  213  243  273  305
  341  380  420  460  503  548  593  634  667  695  720  745  769  794  818  842
  864  878  889  891  880  869  891  902  891                                   
    12.5-180.0 180.0   5.0 450.0                            LAT/LON1/LON2/DLON/H
  860  902  916  912  872  845  803  761  718  677  636  599  562  523  479  432
  386  346  319  310  322  353  396  437  460  459  435  396  351  305  264  228
  197  172  153  139  128  118  107  100  101  114  140  174  210  244  276  311
  350  392  434  475  516  559  600  638  668  693  716  737  757  776  795  816
  836  850  861  863  852  836  861  875  860                                   
    10.0-180.0 180.0   5.0 450.0                            LAT/LON1/LON2/DLON/H
  818  850  862  858  833  816  786  753  722  692  666  644  621  593  556  513
  467  426  398  389  400  428  462  486  488  466  425  375  326  281  242  210
  183  161  144  131  121  111  101   93   94  106  132  167  204  239  273  309
  349  392  434  475  515  556  596  631  661  686  707  727  744  759  774  791
  807  817  826  826  813  795  819  831  818                                   
     7.5-180.0 180.0   5.0 450.0                            LAT/LON1/LON2/DLON/H
  775  790  794  786  771  762  738  712  687  666  651  643  636  625  605  574
  538  505  481  472  479  495  509  510  488  447  395  341  293  254  221  194
