data/edconvlstm_nd/pred0970.15i
     1.0            IONOSPHERE MAPS     GNSS                IONEX VERSION / TYPE
pyspatialgeodesy        IME             05-JAN-18 20:20     PGM / RUN BY / DATE 
Map Name                                                    COMMENT             
Predicted global ionosphere maps (GIM).                     DESCRIPTION         
  2015     4     7     0     0     0                        EPOCH OF FIRST MAP  
  2015     4     8     0     0     0                        EPOCH OF LAST MAP   
  7200                                                      INTERVAL            
    13                                                      # OF MAPS IN FILE   
  NONE                                                      MAPPING FUNCTION    
10.0                                                        ELEVATION CUTOFF    
One-way carrier phase leveled to code                       OBSERVABLES USED    
  6371.0                                                    BASE RADIUS         
 2                                                          MAP DIMENSION       
   450.0 450.0   0.0                                        HGT1 / HGT2 / DHGT  
    87.5 -87.5  -2.5                                        LAT1 / LAT2 / DLAT  
  -180.0 180.0   5.0                                        LON1 / LON2 / DLON  
    -1                                                      EXPONENT            
                                                            END OF HEADER       
[from data line 429]
     2                                                      START OF TEC MAP    
  2015     4     7     2     0     0                        EPOCH OF CURRENT MAP
    87.5-180.0 180.0   5.0 450.0                            LAT/LON1/LON2/DLON/H
  192  196  196  193  194  193  190  190  192  193  194  196  197  198  199  199
  199  199  199  198  196  195  193  190  188  186  183  180  178  176  174  173
  171  170  170  169  169  169  169  169  170  171  171  172  173  174  175  176
  177  178  179  179  180  181  182  183  183  184  184  185  185  185  185  185
  186  188  187  188  189  188  187  196  192                                   
    85.0-180.0 180.0   5.0 450.0                            LAT/LON1/LON2/DLON/H
  199  203  193  197  202  199  198  198  199  201  202  203  205  206  207  207
  207  207  206  205  203  200  197  194  190  186  182  178  175  172  169  167
  166  164  164  164  164  164  165  166  167  169  170  172  173  174  176  177
  178  180  181  182  184  185  187  188  189  191  192  193  194  195  195  196
  198  200  199  202  195  194  194  197  199                                   
    82.5-180.0 180.0   5.0 450.0                            LAT/LON1/LON2/DLON/H
  204  206  204  204  206  204  203  204  206  207  208  210  211  212  213  213
  213  212  210  208  204  200  195  190  184  179  173  167  162  158  154  151
  149  148  147  147  148  149  151  153  155  157  159  162  164  165  167  169
  171  173  175  176  179  181  183  185  188  190  193  195  197  199  201  204
  206  207  206  208  208  199  200  193  204                                   
    80.0-180.0 180.0   5.0 450.0                            LAT/LON1/LON2/DLON/H
  206  214  207  207  208  207  209  211  214  215  216  218  220  220  221  221
  220  218  216  212  208  202  196  189  182  174  167  160  153  147  143  139
  136  135  135  136  137  139  142  145  148  151  153  156  158  160  162  164
  166  168  170  173  175  178  182  185  189  193  196  200  204  207  210  214
  217  218  216  217  220  213  216  201  206                                   
    77.5-180.0 180.0   5.0 450.0                            LAT/LON1/LON2/DLON/H
  216  219  214  215  213  212  215  218  220  221  222  223  224  224  223  222
  220  217  213  209  204  198  191  184  176  167  159  151  144  137  132  128
  125  124  124  126  128  131  134  138  142  145  148  150  152  154  155  157
  159  161  164  167  170  174  178  183  188  193  199  204  209  214  219  225
  228  231  229  231  233  228  226  214  216                                   
    75.0-180.0 180.0   5.0 450.0                            LAT/LON1/LON2/DLON/H
  229  230  222  222  220  219  221  223  225  225  225  225  224  221  218  215
  211  207  203  198  194  189  183  176  169  161  153  145  137  130  124  120
  117  116  116  118  121  124  128  132  135  138  140  142  144  145  146  147
  149  152  155  159  164  169  174  180  187  193  200  207  213  220  227  234
  239  243  243  241  243  241  240  232  229                                   
    72.5-180.0 180.0   5.0 450.0                            LAT/LON1/LON2/DLON/H
  236  238  231  228  226  224  225  226  228  227  225  223  219  213  207  200
  194  189  184  181  177  174  171  166  161  154  147  139  131  124  118  114
  111  110  110  112  115  118  122  125  128  131  132  133  134  135  136  138
  141  145  150  155  161  168  175  182  189  196  203  210  218  225  233  241
  247  253  255  255  255  252  252  246  236                                   
    70.0-180.0 180.0   5.0 450.0                            LAT/LON1/LON2/DLON/H
  248  245  238  232  230  227  226  227  229  227  224  220  213  204  193  183
  174  167  162  159  157  156  154  152  149  144  138  131  124  118  112  107
  105  103  103  105  107  110  112  115  117  119  119  120  120  121  123  126
  131  137  144  152  161  169  177  185  192  199  206  213  221  228  236  245
  251  257  261  263  264  262  264  260  248                                   
    67.5-180.0 180.0   5.0 450.0                            LAT/LON1/LON2/DLON/H
  255  252  243  235  231  227  226  226  228  226  222  216  207  195  181  168
  156  147  141  138  138  138  139  139  137  134  129  123  116  110  105  101
   98   96   95   95   96   98  100  102  103  103  103  104  104  106  109  114
  122  131  141  152  164  174  184  193  200  206  212  218  224  230  237  245
  252  258  262  265  266  266  269  269  255                                   
    65.0-180.0 180.0   5.0 450.0                            LAT/LON1/LON2/DLON/H
  259  255  245  236  230  225  222  223  224  223  220  214  203  189  173  157
  143  133  126  123  123  124  126  126  125  122  118  113  108  103   98   94
   91   88   87   86   86   87   88   89   89   89   89   90   91   93   98  106
  116  129  142  157  171  184  195  204  211  217  221  226  230  234  239  246
  251  256  260  263  265  265  270  274  259                                   
    62.5-180.0 180.0   5.0 450.0                            LAT/LON1/LON2/DLON/H
  261  257  248  237  230  222  218  218  220  219  217  212  202  188  171  154
  140  128  121  117  116  117  117  117  115  112  108  104   99   95   91   88
   85   82   79   78   77   78   78   79   79   79   80   80   82   86   93  103
  116  131  148  165  182  197  210  219  227  232  236  238  241  243  246  250
  254  257  260  262  263  264  270  276  261                                   
    60.0-180.0 180.0   5.0 450.0                            LAT/LON1/LON2/DLON/H
  263  260  251  240  230  220  214  213  214  214  214  211  203  191  176  160
  145  133  124  119  116  114  113  111  108  104  100   95   92   89   86   83
   80   77   74   72   72   72   73   74   75   75   76   77   79   85   93  105
  120  137  156  176  195  211  225  236  244  250  253  255  256  257  259  261
  262  263  265  265  264  265  269  276  263                                   
    57.5-180.0 180.0   5.0 450.0                            LAT/LON1/LON2/DLON/H
  270  269  259  247  236  223  215  211  211  211  211  210  205  196  185  171
  157  145  135  127  121  117  112  108  103   98   94   91   88   85   83   80
   78   75   72   71   71   72   74   76   77   77   78   79   82   88   98  111
  127  146  166  187  207  225  240  252  262  268  272  275  276  276  276  278
  277  276  276  275  272  270  274  280  270                                   
    55.0-180.0 180.0   5.0 450.0                            LAT/LON1/LON2/DLON/H
  283  284  273  261  250  235  224  217  214  211  210  210  207  202  194  184
  172  160  149  138  129  121  114  108  103   98   94   91   89   87   85   82
   80   77   75   75   76   78   80   83   84   84   85   86   89   96  106  120
  137  156  176  197  217  236  253  267  279  287  292  295  297  297  298  298
  296  295  293  290  286  282  285  288  283                                   
    52.5-180.0 180.0   5.0 450.0                            LAT/LON1/LON2/DLON/H
  304  305  293  283  272  256  244  232  224  217  213  211  210  208  203  196
  186  174  162  149  138  128  120  113  108  105  102   99   97   95   92   89
   86   84   83   83   85   88   91   93   94   94   94   95   99  106  116  130
  147  166  185  206  226  246  264  280  293  303  310  314  317  318  318  319
  317  315  314  309  303  299  300  302  304                                   
    50.0-180.0 180.0   5.0 450.0                            LAT/LON1/LON2/DLON/H
  328  330  318  310  301  287  272  257  244  231  222  216  214  213  210  205
  197  185  172  158  146  136  129  124  120  118  116  114  111  108  104  100
   96   94   93   94   97  100  103  105  105  105  104  105  109  116  127  141
  158  176  194  214  234  254  273  290  305  316  325  330  333  334  335  336
  335  335  334  328  323  319  321  320  328                                   
    47.5-180.0 180.0   5.0 450.0                            LAT/LON1/LON2/DLON/H
  353  355  345  340  333  321  307  289  272  253  237  227  222  219  216  211
  203  191  178  165  155  147  141  139  138  138  137  134  129  123  117  111
  107  105  105  106  109  112  114  116  115  114  113  114  118  125  137  151
  168  185  203  221  240  260  279  298  313  325  334  340  343  344  345  347
  349  350  351  347  343  340  343  342  353                                   
    45.0-180.0 180.0   5.0 450.0                            LAT/LON1/LON2/DLON/H
  376  378  371  367  363  355  342  324  303  279  258  242  233  227  222  215
  205  193  181  171  164  159  157  157  158  159  158  153  146  136  127  120
  116  114  115  117  120  122  124  124  123  121  120  121  125  133  146  161
  178  194  211  228  247  266  285  303  318  330  339  344  347  348  350  353
  356  361  364  363  362  360  364  364  376                                   
    42.5-180.0 180.0   5.0 450.0                            LAT/LON1/LON2/DLON/H
  396  397  391  389  387  381  370  353  332  305  280  261  248  238  230  219
  207  195  185  178  175  174  174  176  178  179  176  168  157  145  135  127
  124  123  124  126  128  130  131  131  129  127  126  127  131  140  153  169
  186  203  220  236  253  271  290  307  321  333  341  346  349  350  352  355
  361  368  374  376  377  378  382  382  396                                   
    40.0-180.0 180.0   5.0 450.0                            LAT/LON1/LON2/DLON/H
  413  413  407  403  402  397  388  373  352  326  300  280  264  252  240  226
  211  198  190  187  188  190  192  193  194  192  186  177  164  150  140  134
  131  132  133  135  137  138  139  138  136  134  133  134  138  146  159  175
  193  210  227  243  259  275  293  309  322  333  341  346  350  352  355  359
  366  375  383  388  391  394  398  399  413                                   
    37.5-180.0 180.0   5.0 450.0                            LAT/LON1/LON2/DLON/H
  430  430  420  413  411  405  395  382  363  338  314  295  281  267  252  234
  217  205  200  200  203  206  207  205  203  198  190  179  167  155  146  142
  141  142  144  145  146  147  148  147  146  145  144  144  147  154  165  180
  198  216  233  248  263  278  294  309  322  332  340  347  352  357  361  368
  376  386  396  403  406  413  418  418  430                                   
    35.0-180.0 180.0   5.0 450.0                            LAT/LON1/LON2/DLON/H
  453  452  439  427  421  411  398  384  366  343  322  307  294  281  265  245
  227  215  212  214  218  220  217  212  205  198  190  181  171  162  157  155
  156  157  158  158  159  159  160  160  160  160  159  158  159  163  171  184
  202  220  237  251  265  279  294  308  320  331  340  348  357  365  373  383
  393  404  415  423  428  439  445  444  453                                   
    32.5-180.0 180.0   5.0 450.0                            LAT/LON1/LON2/DLON/H
  488  488  470  453  442  427  408  391  370  347  328  315  305  293  276  256
  238  228  226  229  231  229  222  213  204  197  192  187  181  177  174  175
  176  178  178  176  175  175  176  178  178  178  177  175  173  173  177  188
  205  223  240  253  265  278  291  306  319  331  342  354  367  381  395  409
  422  435  446  454  460  476  483  481  488                                   
    30.0-180.0 180.0   5.0 450.0                            LAT/LON1/LON2/DLON/H
  539  542  520  499  483  463  437  413  387  360  339  325  315  303  286  266
  249  239  238  239  239  233  223  213  206  203  202  202  201  200  201  203
  205  205  202  198  194  193  195  197  198  199  197  192  186  182  183  191
  206  224  241  253  263  274  287  302  318  333  349  367  387  408  430  450
  468  481  491  499  507  528  534  531  539                                   
    27.5-180.0 180.0   5.0 450.0                            LAT/LON1/LON2/DLON/H
  603  612  592  570  551  526  492  461  426  392  364  345  330  315  297  276
  259  249  246  244  240  233  224  218  216  219  224  229  232  234  237  239
  240  237  230  222  215  213  213  214  215  214  210  203  194  187  185  192
  207  225  241  252  261  271  285  302  321  341  362  386  415  446  477  505
  528  544  554  560  569  593  597  592  603                                   
    25.0-180.0 180.0   5.0 450.0                            LAT/LON1/LON2/DLON/H
  676  692  682  665  644  617  577  538  495  450  411  381  357  335  311  288
  270  258  251  245  238  232  229  231  238  248  259  268  274  278  280  280
  277  269  257  244  234  229  226  225  223  219  213  205  194  186  184  191
  206  224  241  253  262  274  290  311  335  360  386  416  451  489  527  563
  593  613  625  632  643  668  670  663  676                                   
    22.5-180.0 180.0   5.0 450.0                            LAT/LON1/LON2/DLON/H
  747  771  781  772  753  727  684  641  591  537  484  439  401  367  336  308
  286  270  258  247  238  236  242  255  272  289  304  315  321  323  321  316
  308  295  278  260  247  238  231  226  221  214  207  198  189  182  181  189
  205  224  242  256  268  284  305  331  360  390  421  455  492  533  574  613
  649  673  689  701  715  741  742  736  747                                   
    20.0-180.0 180.0   5.0 450.0                            LAT/LON1/LON2/DLON/H
  808  837  868  871  857  836  795  754  703  643  579  519  465  417  376  342
  314  292  273  257  249  252  269  293  318  339  354  362  363  358  350  339
  325  308  288  268  252  239  228  219  211  203  196  189  182  177  178  187
  204  226  246  264  280  300  327  359  394  428  461  496  534  574  614  653
  689  716  736  755  771  795  802  802  808                                   
    17.5-180.0 180.0   5.0 450.0                            LAT/LON1/LON2/DLON/H
  851  880  925  939  931  919  887  854  808  751  682  612  546  487  436  394
  360  330  304  283  275  284  309  341  371  391  401  399  390  375  358  342
  325  306  286  266  248  232  219  207  197  189  184  179  175  172  174  185
  204  228  252  274  296  322  355  392  430  465  499  533  569  606  643  679
  715  743  767  790  806  827  842  850  851                                   
    15.0-180.0 180.0   5.0 450.0                            LAT/LON1/LON2/DLON/H
  873  896  945  962  961  960  942  920  885  836  772  702  632  568  513  465
  425  389  356  330  321  334  364  399  426  437  433  416  393  368  346  326
  309  292  273  255  237  221  206  193  182  176  172  169  167  166  169  180
  200  227  255  282  311  343  381  422  462  497  529  561  594  628  662  695
  729  758  784  809  823  838  861  877  873                                   
    12.5-180.0 180.0   5.0 450.0                            LAT/LON1/LON2/DLON/H
  876  891  932  946  949  958  954  943  922  885  832  770  707  648  595  548
  506  467  429  400  389  401  430  459  473  466  441  408  375  345  320  301
  284  270  256  241  226  210  195  182  172  166  164  162  160  159  162  172
  192  221  252  285  319  357  400  444  484  519  550  580  611  642  671  701
  733  763  791  817  827  837  864  885  876                                   
    10.0-180.0 180.0   5.0 450.0                            LAT/LON1/LON2/DLON/H
  868  877  902  906  909  923  928  928  918  893  852  804  755  708  665  626
  589  552  516  487  474  480  498  509  499  468  425  382  346  316  292  274
  261  250  240  229  217  203  189  176  168  163  161  159  156  153  154  163
  181  210  244  281  319  361  406  452  493  527  559  590  622  652  678  704
  733  762  792  818  826  833  861  883  868                                   
     7.5-180.0 180.0   5.0 450.0                            LAT/LON1/LON2/DLON/H
  865  868  874  865  861  871  878  882  880  864  835  800  766  735  706  680
  654  627  600  575  560  555  551  533  495  444  392  350  317  292  272  257
