data/edconvlstm_nd/pred0310.15i
     1.0            IONOSPHERE MAPS     GNSS                IONEX VERSION / TYPE
pyspatialgeodesy        IME             05-JAN-18 20:20     PGM / RUN BY / DATE 
Map Name                                                    COMMENT             
Predicted global ionosphere maps (GIM).                     DESCRIPTION         
  2015     1    31     0     0     0                        EPOCH OF FIRST MAP  
  2015     2     1     0     0     0                        EPOCH OF LAST MAP   
  7200                                                      INTERVAL            
    13                                                      # OF MAPS IN FILE   
  NONE                                                      MAPPING FUNCTION    
10.0                                                        ELEVATION CUTOFF    
One-way carrier phase leveled to code                       OBSERVABLES USED    
  6371.0                                                    BASE RADIUS         
 2                                                          MAP DIMENSION       
   450.0 450.0   0.0                                        HGT1 / HGT2 / DHGT  
    87.5 -87.5  -2.5                                        LAT1 / LAT2 / DLAT  
  -180.0 180.0   5.0                                        LON1 / LON2 / DLON  
    -1                                                      EXPONENT            
                                                            END OF HEADER       
[from data line 1287]
     4                                                      START OF TEC MAP    
  2015     1    31     6     0     0                        EPOCH OF CURRENT MAP
    87.5-180.0 180.0   5.0 450.0                            LAT/LON1/LON2/DLON/H
   66   72   69   73   74   75   74   71   73   75   77   78   79   80   80   80
   80   80   79   78   77   76   74   73   72   71   70   70   69   68   68   67
   67   66   66   65   65   65   65   65   65   65   66   66   67   67   68   69
   69   70   70   71   71   71   71   71   71   71   70   70   69   68   67   67
   68   68   65   65   70   78   84   78   66                                   
    85.0-180.0 180.0   5.0 450.0                            LAT/LON1/LON2/DLON/H
   62   80   76   75   79   81   82   82   84   86   87   89   90   91   91   90
   90   88   87   85   83   81   79   77   75   74   73   72   71   71   70   70
   70   69   69   70   70   71   71   72   73   74   75   76   78   79   80   82
   83   84   85   86   87   87   88   88   88   87   87   86   85   84   82   82
   82   82   77   78   78   80   87   81   62                                   
    82.5-180.0 180.0   5.0 450.0                            LAT/LON1/LON2/DLON/H
   69   71   82   75   77   80   81   82   86   89   90   93   94   95   95   94
   92   89   86   82   78   74   71   67   65   62   61   59   58   58   57   57
   58   58   59   60   62   63   65   67   69   71   73   76   78   81   83   86
   88   91   93   95   96   97   98   99   99   99   98   97   96   94   92   90
   89   87   83   80   84   76   71   69   69                                   
    80.0-180.0 180.0   5.0 450.0                            LAT/LON1/LON2/DLON/H
   76   70   73   67   72   71   75   77   82   86   88   92   94   94   94   92
   90   86   81   76   70   65   60   56   53   50   48   46   46   46   46   48
   49   51   53   55   57   59   62   64   66   69   72   75   79   83   87   91
   95   98  102  105  107  110  111  113  113  113  112  111  109  106  103  100
   97   93   90   86   86   79   73   67   76                                   
    77.5-180.0 180.0   5.0 450.0                            LAT/LON1/LON2/DLON/H
   79   68   66   61   60   63   68   71   77   82   85   90   93   95   95   93
   90   86   80   74   67   61   55   49   45   42   40   39   39   40   43   45
   49   52   55   58   61   63   65   67   70   72   75   79   84   89   94   99
  105  111  116  121  125  129  132  135  136  136  136  134  131  127  123  118
  113  107  100   96   90   73   66   64   79                                   
    75.0-180.0 180.0   5.0 450.0                            LAT/LON1/LON2/DLON/H
   74   65   59   55   51   55   59   63   69   74   79   85   88   90   91   89
   86   81   76   69   62   56   49   44   40   37   36   36   37   40   43   47
   52   56   60   63   65   66   67   68   70   72   75   79   84   91   98  105
  113  120  127  134  141  146  151  155  157  158  158  156  153  148  142  137
  129  121  113  103   97   80   72   68   74                                   
    72.5-180.0 180.0   5.0 450.0                            LAT/LON1/LON2/DLON/H
   79   67   60   54   51   55   60   63   69   74   79   85   88   90   91   89
   86   82   76   70   64   57   51   46   42   40   39   40   42   46   51   56
   62   67   71   74   75   76   75   75   76   78   81   86   93  101  110  119
  129  138  147  156  163  170  176  181  185  187  187  185  181  176  169  162
  154  145  136  126  116   97   85   82   79                                   
    70.0-180.0 180.0   5.0 450.0                            LAT/LON1/LON2/DLON/H
   91   74   66   59   53   55   58   62   67   72   77   82   85   86   85   84
   81   77   73   68   63   58   53   50   47   45   45   46   49   54   59   65
   70   75   78   80   80   79   77   76   76   78   83   89   98  108  119  131
  143  154  164  174  183  191  198  204  208  211  211  209  205  199  192  184
  175  164  156  146  134  115  107  101   91                                   
    67.5-180.0 180.0   5.0 450.0                            LAT/LON1/LON2/DLON/H
   99   80   70   62   55   55   57   59   63   68   71   75   77   78   77   75
   73   70   68   65   61   58   55   53   51   51   51   53   55   59   64   69
   73   77   79   79   78   75   73   72   72   75   81   89  100  113  127  141
  155  167  179  190  199  208  215  221  226  228  228  226  221  214  206  198
  188  177  168  158  147  129  120  114   99                                   
    65.0-180.0 180.0   5.0 450.0                            LAT/LON1/LON2/DLON/H
  109   88   75   67   57   56   57   60   63   67   69   73   73   73   71   70
   68   66   65   64   63   62   60   59   59   59   59   60   62   64   67   70
   73   75   75   75   72   70   67   66   68   73   81   93  107  123  140  156
  171  185  198  209  218  227  234  240  244  246  245  242  236  228  218  209
  198  186  178  167  158  141  132  127  109                                   
    62.5-180.0 180.0   5.0 450.0                            LAT/LON1/LON2/DLON/H
  116   94   80   70   60   58   57   59   62   65   67   70   69   68   67   65
   64   63   63   64   64   64   64   64   65   65   65   66   66   66   67   67
   68   68   68   66   64   61   60   60   64   71   83   98  116  135  154  172
  188  203  216  228  237  245  251  255  258  259  257  253  246  237  226  215
  203  191  182  171  163  147  139  134  116                                   
    60.0-180.0 180.0   5.0 450.0                            LAT/LON1/LON2/DLON/H
  121   97   82   71   60   56   55   56   59   61   63   65   65   63   62   60
   60   60   61   63   64   64   65   65   66   66   66   66   65   63   62   60
   59   58   57   55   53   52   52   55   61   72   87  105  125  146  167  187
  204  220  233  244  253  259  264  267  268  268  265  260  252  242  231  219
  206  193  184  173  166  150  140  135  121                                   
    57.5-180.0 180.0   5.0 450.0                            LAT/LON1/LON2/DLON/H
  127  101   86   73   61   55   53   54   56   58   59   61   61   60   59   58
   58   59   61   62   63   63   63   63   63   64   64   64   62   59   56   53
   51   50   49   48   47   47   49   55   64   78   95  116  138  161  182  203
  221  237  250  261  268  273  276  278  278  276  273  267  259  249  238  226
  213  200  191  180  173  155  145  138  127                                   
    55.0-180.0 180.0   5.0 450.0                            LAT/LON1/LON2/DLON/H
  136  110   94   78   66   58   54   52   53   54   55   57   57   57   56   57
   58   59   60   61   60   59   57   57   57   58   59   59   58   56   52   49
   46   45   45   45   46   48   52   60   72   88  107  129  152  175  197  217
  236  252  265  275  282  285  287  286  285  282  279  273  266  257  246  236
  224  212  203  192  185  166  155  146  136                                   
    52.5-180.0 180.0   5.0 450.0                            LAT/LON1/LON2/DLON/H
  150  124  109   91   78   67   60   56   53   52   52   53   54   54   55   57
   58   60   61   60   58   55   52   50   50   52   54   56   56   54   51   49
   47   46   47   49   51   54   60   70   84  101  122  144  167  189  211  231
  250  267  280  289  295  297  296  294  291  288  284  279  272  265  257  248
  238  228  221  209  202  182  170  160  150                                   
    50.0-180.0 180.0   5.0 450.0                            LAT/LON1/LON2/DLON/H
  166  142  128  110   96   84   74   65   59   55   53   53   53   54   55   57
   60   61   61   59   56   51   47   45   46   48   52   55   57   57   55   53
   52   53   55   58   61   65   73   84   99  117  138  160  182  203  224  244
  263  280  293  302  306  306  304  300  296  292  287  283  278  272  266  260
  253  246  240  228  221  201  190  178  166                                   
    47.5-180.0 180.0   5.0 450.0                            LAT/LON1/LON2/DLON/H
  183  160  148  132  120  107   94   82   72   63   58   56   55   55   57   59
   61   62   62   60   56   51   47   45   46   49   54   59   62   63   62   60
   60   62   65   69   73   78   87   99  115  134  155  175  196  216  236  256
  276  292  305  312  315  313  309  303  298  293  289  284  280  276  272  269
  265  261  256  245  239  220  209  198  183                                   
    45.0-180.0 180.0   5.0 450.0                            LAT/LON1/LON2/DLON/H
  194  173  164  151  142  131  118  104   89   77   68   64   61   60   60   61
   62   63   64   63   60   57   53   52   53   57   62   67   70   70   69   68
   68   71   74   79   84   90   99  113  130  150  170  189  209  228  248  267
  286  302  313  319  320  316  310  303  297  292  287  283  280  277  274  273
  272  270  266  257  252  233  223  213  194                                   
    42.5-180.0 180.0   5.0 450.0                            LAT/LON1/LON2/DLON/H
  197  177  170  162  157  149  138  124  109   94   83   76   71   68   67   66
   66   67   69   70   70   69   67   66   67   70   74   78   79   78   76   74
   74   77   81   86   92   99  110  125  143  164  184  202  220  239  258  277
  294  308  317  321  320  316  309  302  295  289  284  280  277  274  272  273
  273  272  269  262  256  238  228  219  197                                   
    40.0-180.0 180.0   5.0 450.0                            LAT/LON1/LON2/DLON/H
  190  169  163  160  159  155  148  138  125  110   99   91   85   80   77   74
   74   75   79   83   86   87   86   85   85   86   88   89   88   85   82   79
   78   80   85   90   96  105  117  134  155  176  196  214  231  249  267  284
  299  311  318  321  320  316  310  303  296  290  284  279  275  272  270  271
  271  271  268  261  254  234  223  214  190                                   
    37.5-180.0 180.0   5.0 450.0                            LAT/LON1/LON2/DLON/H
  179  155  147  145  147  147  145  141  132  121  111  105   99   94   89   86
   85   87   93  101  107  110  109  106  104  103  103  101   98   93   88   83
   81   82   86   91   99  109  124  143  166  189  209  226  242  258  275  290
  303  313  319  323  324  323  319  314  307  300  293  287  281  277  275  276
  275  274  270  261  253  230  217  205  179                                   
    35.0-180.0 180.0   5.0 450.0                            LAT/LON1/LON2/DLON/H
  172  142  130  124  126  127  130  131  128  123  117  113  109  106  102   98
   98  102  110  120  128  131  129  125  121  118  116  113  108  102   94   88
   84   84   87   92  101  113  130  152  177  201  221  238  253  268  283  297
  308  317  325  332  339  343  343  340  334  326  317  309  302  297  294  294
  294  291  286  275  265  239  221  203  172                                   
    32.5-180.0 180.0   5.0 450.0                            LAT/LON1/LON2/DLON/H
  177  141  122  108  105  105  109  114  117  116  116  116  115  113  111  110
  111  117  127  138  145  147  143  137  131  128  127  124  118  111  102   94
   88   86   89   95  104  117  137  162  189  214  234  250  265  279  294  307
  318  328  340  354  367  378  384  384  378  369  357  347  338  333  332  332
  331  328  323  309  300  271  247  222  177                                   
    30.0-180.0 180.0   5.0 450.0                            LAT/LON1/LON2/DLON/H
  206  166  137  110   97   91   93   97  103  106  109  112  114  115  116  117
  121  128  139  149  154  153  147  140  136  135  135  133  128  121  111  102
   96   93   95  100  110  125  146  173  202  228  248  263  278  292  307  321
  333  347  365  387  411  430  442  445  439  428  414  401  391  387  387  389
  389  387  382  367  358  328  299  268  206                                   
    27.5-180.0 180.0   5.0 450.0                            LAT/LON1/LON2/DLON/H
  263  223  185  140  114   95   91   91   95   99  102  107  110  113  117  120
  125  133  143  151  153  149  142  136  135  138  141  142  140  134  125  116
  109  105  105  109  119  134  156  185  215  241  261  278  293  309  325  341
  356  376  401  433  467  495  514  519  514  500  483  468  458  455  458  463
  466  465  462  445  437  406  373  339  263                                   
    25.0-180.0 180.0   5.0 450.0                            LAT/LON1/LON2/DLON/H
  348  313  266  204  161  128  111  103  102  101  102  105  107  111  115  120
  125  132  139  143  142  137  131  130  134  142  150  154  154  150  143  134
  125  119  116  119  127  142  165  194  225  253  275  293  310  329  348  367
  387  412  446  488  531  567  590  598  593  578  559  543  533  533  539  549
  556  559  557  540  533  500  460  428  348                                   
    22.5-180.0 180.0   5.0 450.0                            LAT/LON1/LON2/DLON/H
  452  427  371  296  239  192  160  140  128  120  115  112  111  112  115  119
  123  127  130  131  127  123  121  126  137  151  163  170  172  169  162  152
  140  130  125  126  132  147  170  200  233  262  287  308  330  352  376  399
  424  455  496  544  592  632  657  668  665  652  634  619  612  614  625  638
  650  658  658  644  635  603  557  528  452                                   
    20.0-180.0 180.0   5.0 450.0                            LAT/LON1/LON2/DLON/H
  561  547  485  407  339  283  236  203  178  160  145  134  127  124  123  124
  124  124  123  120  117  115  118  130  149  168  183  191  191  186  177  164
  150  138  130  128  133  146  169  201  236  269  298  325  351  379  407  434
  464  500  545  595  643  682  707  719  720  712  699  688  685  691  704  720
  735  747  751  743  729  700  655  627  561                                   
    17.5-180.0 180.0   5.0 450.0                            LAT/LON1/LON2/DLON/H
  655  651  591  517  445  387  329  286  249  219  193  174  159  149  144  139
  135  130  124  119  116  118  129  148  173  195  209  213  208  198  185  169
  153  139  129  125  128  141  164  198  236  273  308  340  373  406  438  469
  502  540  586  634  678  712  735  749  754  753  747  742  742  750  764  780
  797  812  820  817  800  774  738  711  655                                   
    15.0-180.0 180.0   5.0 450.0                            LAT/LON1/LON2/DLON/H
  718  720  667  605  536  484  423  375  330  291  256  228  206  190  179  169
  158  148  139  133  131  138  155  180  209  230  239  233  220  203  185  169
  152  137  125  119  121  134  159  194  236  277  317  355  393  431  466  500
  534  572  614  656  692  719  739  754  765  770  772  773  776  785  797  812
  827  842  853  853  834  810  787  764  718                                   
    12.5-180.0 180.0   5.0 450.0                            LAT/LON1/LON2/DLON/H
  744  745  702  655  595  553  498  452  405  362  323  291  264  244  227  212
  196  182  170  163  163  173  195  224  252  268  267  251  228  203  183  165
  149  134  121  113  115  129  156  194  237  282  325  367  409  449  487  521
  554  590  626  660  686  705  721  736  751  763  771  777  783  791  801  812
  824  836  847  848  828  807  794  777  744                                   
    10.0-180.0 180.0   5.0 450.0                            LAT/LON1/LON2/DLON/H
  735  730  696  662  614  583  539  501  459  418  381  350  324  303  284  265
  247  229  216  208  209  221  244  271  294  302  291  264  232  203  181  164
  149  134  121  113  116  132  160  198  243  288  333  377  420  461  498  531
  562  593  623  647  663  675  688  704  722  738  751  760  769  776  783  788
  795  803  812  811  793  774  764  755  735                                   
     7.5-180.0 180.0   5.0 450.0                            LAT/LON1/LON2/DLON/H
  701  688  660  634  597  575  542  513  479  446  417  393  374  357  340  322
  303  285  271  263  263  273  292  313  327  326  305  272  235  206  185  170
