data/edconvlstm_nd/pred3110.15i
     1.0            IONOSPHERE MAPS     GNSS                IONEX VERSION / TYPE
pyspatialgeodesy        IME             05-JAN-18 20:20     PGM / RUN BY / DATE 
Map Name                                                    COMMENT             
Predicted global ionosphere maps (GIM).                     DESCRIPTION         
  2015    11     7     0     0     0                        EPOCH OF FIRST MAP  
  2015    11     8     0     0     0                        EPOCH OF LAST MAP   
  7200                                                      INTERVAL            
    13                                                      # OF MAPS IN FILE   
  NONE                                                      MAPPING FUNCTION    
10.0                                                        ELEVATION CUTOFF    
One-way carrier phase leveled to code                       OBSERVABLES USED    
  6371.0                                                    BASE RADIUS         
 2                                                          MAP DIMENSION       
   450.0 450.0   0.0                                        HGT1 / HGT2 / DHGT  
    87.5 -87.5  -2.5                                        LAT1 / LAT2 / DLAT  
  -180.0 180.0   5.0                                        LON1 / LON2 / DLON  
    -1                                                      EXPONENT            
                                                            END OF HEADER       
     1                                                      START OF TEC MAP    
  2015    11     7     0     0     0                        EPOCH OF CURRENT MAP
    87.5-180.0 180.0   5.0 450.0                            LAT/LON1/LON2/DLON/H
   91   86   70   60   59   67   62   60   60   60   60   60   60   60   60   60
   60   59   59   58   57   56   55   54   53   52   51   49   48   47   46   45
   44   43   42   42   41   41   41   41   41   41   42   42   43   43   44   45
   46   47   48   48   49   50   51   51   52   53   53   54   54   54   55   55
   55   55   55   56   48   67   67   64   91                                   
    85.0-180.0 180.0   5.0 450.0                            LAT/LON1/LON2/DLON/H
   80   84   61   60   61   70   65   63   63   62   63   63   63   63   63   63
   63   62   62   61   60   58   57   55   54   52   50   49   47   46   44   43
   42   42   41   41   41   42   42   43   44   46   47   48   50   51   52   53
   55   56   57   58   58   59   60   60   61   61   61   61   62   62   62   62
   62   62   63   68   70   76   84   74   80                                   
    82.5-180.0 180.0   5.0 450.0                            LAT/LON1/LON2/DLON/H
   71   57   62   55   55   64   58   54   57   57   58   59   60   61   61   61
   60   60   58   57   55   52   49   47   44   41   38   36   33   31   30   28
   27   27   26   27   27   29   30   32   34   36   39   41   43   46   47   49
   50   51   52   52   53   53   53   53   53   53   53   54   54   54   54   55
   54   54   54   55   62   58   69   73   71                                   
    80.0-180.0 180.0   5.0 450.0                            LAT/LON1/LON2/DLON/H
   80   67   68   56   60   64   60   56   60   59   61   62   63   64   64   64
   63   62   61   59   56   53   50   47   43   40   37   34   31   29   27   26
   25   25   25   26   27   29   31   34   36   39   42   45   47   49   51   52
   53   54   55   55   55   55   55   55   55   55   55   55   56   56   57   57
   57   56   57   57   72   64   77   95   80                                   
    77.5-180.0 180.0   5.0 450.0                            LAT/LON1/LON2/DLON/H
   91   82   72   67   67   69   64   63   66   65   67   68   69   70   70   70
   69   68   66   64   62   58   55   51   47   43   40   36   34   31   29   28
   27   27   28   29   31   33   36   38   41   44   47   50   53   55   56   58
   58   59   59   59   58   58   58   58   58   58   59   59   60   61   62   62
   63   64   64   66   73   74   82  103   91                                   
    75.0-180.0 180.0   5.0 450.0                            LAT/LON1/LON2/DLON/H
  101   88   87   83   79   81   74   73   76   74   75   75   75   74   72   71
   69   68   66   64   61   58   55   52   48   45   42   39   36   35   33   32
   32   32   33   34   36   38   41   44   47   51   54   56   58   60   61   61
   61   61   60   60   59   59   59   60   61   61   62   64   65   66   67   69
   69   71   73   71   78   89   96  109  101                                   
    72.5-180.0 180.0   5.0 450.0                            LAT/LON1/LON2/DLON/H
  105  100  101   97   95   94   89   88   90   88   86   85   81   78   74   71
   68   66   64   62   61   59   57   55   53   50   48   46   44   43   42   41
   40   40   41   41   42   44   46   48   51   53   56   57   59   60   60   60
   59   58   57   56   56   56   57   58   60   61   63   64   65   67   69   70
   71   73   78   79   87   98  108  122  105                                   
    70.0-180.0 180.0   5.0 450.0                            LAT/LON1/LON2/DLON/H
  117  115  117  117  115  115  111  111  112  108  104   99   92   85   78   71
   66   63   60   59   58   57   56   55   55   54   53   52   51   51   50   50
   49   48   48   48   48   49   50   52   54   56   58   59   60   60   60   59
   58   57   56   56   56   57   58   60   63   66   68   70   71   72   74   76
   77   78   84   87   95  109  115  125  117                                   
    67.5-180.0 180.0   5.0 450.0                            LAT/LON1/LON2/DLON/H
  126  129  131  134  133  134  131  132  133  127  121  113  102   91   79   70
   62   57   54   53   52   52   53   53   53   53   54   54   54   55   54   53
   52   50   49   47   46   46   46   47   49   50   51   52   53   53   52   51
   50   49   49   49   50   51   54   57   61   65   68   71   72   73   74   75
   76   77   84   87   97  112  117  125  126                                   
    65.0-180.0 180.0   5.0 450.0                            LAT/LON1/LON2/DLON/H
  133  138  140  145  147  150  149  152  154  148  141  130  116  100   85   73
   63   57   53   52   51   51   51   51   52   53   54   55   55   56   55   54
   51   48   46   43   41   40   40   41   42   44   45   46   46   46   45   44
   44   43   43   43   45   47   51   55   61   66   70   73   75   75   76   76
   76   78   85   88   98  113  118  126  133                                   
    62.5-180.0 180.0   5.0 450.0                            LAT/LON1/LON2/DLON/H
  140  145  148  153  158  162  162  168  172  168  161  149  132  114   96   81
   70   63   58   55   54   52   52   51   51   51   52   53   54   54   53   51
   48   44   40   37   35   34   34   35   37   39   40   41   41   41   40   40
   39   39   39   39   41   44   48   54   61   68   74   77   79   80   80   80
   79   81   88   91  100  114  119  128  140                                   
    60.0-180.0 180.0   5.0 450.0                            LAT/LON1/LON2/DLON/H
  146  152  155  158  162  167  168  175  182  180  174  163  146  128  109   93
   82   73   67   63   59   56   52   50   48   47   47   48   48   48   47   45
   41   37   34   31   29   28   29   30   33   35   37   38   38   38   37   36
   36   35   35   36   37   40   45   52   60   68   75   80   83   85   86   86
   86   87   96   99  107  118  122  132  146                                   
    57.5-180.0 180.0   5.0 450.0                            LAT/LON1/LON2/DLON/H
  157  163  164  163  167  170  170  177  185  185  181  172  158  141  123  108
   97   87   80   73   66   60   54   49   45   43   42   42   42   42   41   38
   35   32   29   27   26   26   27   29   32   35   37   38   38   38   37   36
   35   35   34   35   36   38   43   50   59   68   76   82   87   90   94   97
   97  101  110  114  122  128  134  143  157                                   
    55.0-180.0 180.0   5.0 450.0                            LAT/LON1/LON2/DLON/H
  174  179  178  174  175  175  173  178  185  185  182  175  164  150  136  123
  112  102   92   83   73   63   55   48   43   40   38   37   37   37   36   35
   32   30   29   28   28   29   30   33   36   39   41   42   42   41   40   39
   38   37   36   36   36   38   43   49   58   67   75   83   90   96  103  109
  113  120  131  137  145  148  153  162  174                                   
    52.5-180.0 180.0   5.0 450.0                            LAT/LON1/LON2/DLON/H
  197  203  199  192  190  186  181  182  185  183  180  175  166  156  145  135
  125  114  102   90   78   67   57   49   44   40   38   37   36   36   36   35
   34   33   33   33   34   36   38   41   44   46   48   49   48   47   45   44
   43   43   42   41   41   42   45   51   58   67   75   84   92  102  112  123
  132  141  155  163  172  175  179  188  197                                   
    50.0-180.0 180.0   5.0 450.0                            LAT/LON1/LON2/DLON/H
  223  232  225  217  213  205  197  193  191  185  180  174  167  159  151  143
  133  121  108   94   81   70   60   53   48   44   42   41   40   40   40   40
   40   40   42   43   45   47   49   51   53   55   56   57   56   55   53   52
   52   51   50   49   49   50   53   57   63   70   78   87   97  109  123  138
  151  164  179  189  201  206  208  216  223                                   
    47.5-180.0 180.0   5.0 450.0                            LAT/LON1/LON2/DLON/H
  248  262  253  246  240  231  220  211  203  193  184  176  169  162  155  147
  136  124  110   96   83   73   66   60   56   53   50   48   47   46   46   46
   47   49   51   54   56   58   59   60   61   63   64   64   64   63   62   62
   62   62   62   61   61   62   64   68   73   78   85   93  104  118  135  153
  169  184  200  211  226  234  236  240  248                                   
    45.0-180.0 180.0   5.0 450.0                            LAT/LON1/LON2/DLON/H
  264  283  276  272  266  257  245  233  220  205  192  182  174  166  159  149
  137  124  110   97   86   78   73   69   66   63   60   57   55   53   53   53
   54   56   59   62   65   67   67   67   67   68   69   70   71   71   71   71
   72   73   74   74   75   76   79   83   86   91   96  104  115  129  147  167
  184  200  215  226  241  252  254  255  264                                   
    42.5-180.0 180.0   5.0 450.0                            LAT/LON1/LON2/DLON/H
  270  291  286  286  282  275  265  252  237  220  205  193  183  174  164  153
  139  125  111   99   91   85   82   80   78   75   70   66   62   58   57   56
   57   60   63   66   69   71   71   70   70   71   72   74   76   77   78   79
   81   83   85   86   88   90   94   98  102  105  109  116  127  141  159  177
  193  208  222  232  245  257  259  257  270                                   
    40.0-180.0 180.0   5.0 450.0                            LAT/LON1/LON2/DLON/H
  265  285  281  284  284  279  271  261  248  231  217  205  194  183  172  158
  143  128  114  104   98   94   93   91   88   83   77   70   64   60   57   56
   57   59   62   66   69   71   71   70   70   71   74   76   79   81   82   84
   87   89   92   94   97  102  107  112  116  119  123  129  139  152  168  184
  198  210  222  231  240  251  253  252  265                                   
    37.5-180.0 180.0   5.0 450.0                            LAT/LON1/LON2/DLON/H
  256  272  267  269  272  270  263  257  248  235  223  214  204  194  182  166
  150  134  122  113  107  104  102   99   94   87   79   71   64   59   56   55
   56   58   60   64   67   69   70   69   70   72   75   78   81   83   84   86
   89   92   94   97  101  107  115  122  127  131  136  142  151  163  178  192
  203  212  224  230  236  245  248  249  256                                   
    35.0-180.0 180.0   5.0 450.0                            LAT/LON1/LON2/DLON/H
  252  263  256  253  256  253  247  244  239  230  222  217  211  203  192  177
  161  146  134  125  118  113  108  101   93   85   77   69   63   59   57   57
   58   59   61   63   66   69   70   71   72   74   77   80   82   83   84   86
   88   90   92   95  100  107  116  126  134  140  146  154  164  176  191  204
  214  223  234  239  245  251  256  259  252                                   
    32.5-180.0 180.0   5.0 450.0                            LAT/LON1/LON2/DLON/H
  266  275  264  251  249  243  235  230  228  221  217  215  213  208  199  187
  173  160  149  139  129  119  109   98   89   81   74   69   66   64   63   64
   65   66   67   68   70   73   75   76   77   79   82   84   84   84   83   83
   84   85   86   88   93  102  113  125  136  146  155  166  179  193  209  224
  235  245  258  264  271  277  285  289  266                                   
    30.0-180.0 180.0   5.0 450.0                            LAT/LON1/LON2/DLON/H
  308  319  302  276  267  255  240  231  225  217  213  213  212  210  204  195
  184  173  162  149  135  119  104   91   83   78   76   75   75   76   77   80
   81   81   80   79   80   82   84   85   87   88   88   89   87   85   82   81
   80   79   79   80   85   94  107  122  137  151  164  179  195  213  232  251
  265  279  295  303  315  324  334  338  308                                   
    27.5-180.0 180.0   5.0 450.0                            LAT/LON1/LON2/DLON/H
  380  399  373  335  321  301  277  258  243  228  219  214  212  209  205  198
  190  180  168  152  133  113   96   85   80   80   84   88   92   95   99  102
  103  102   98   95   94   95   97   98   98   98   97   95   92   88   83   80
   78   75   73   73   77   87  102  120  138  156  174  192  212  234  258  282
  303  324  344  355  375  391  400  405  380                                   
    25.0-180.0 180.0   5.0 450.0                            LAT/LON1/LON2/DLON/H
  478  509  477  431  412  384  349  317  288  261  240  226  217  210  203  197
  189  179  165  145  124  104   89   83   85   92  101  110  117  121  125  127
  128  125  119  114  111  111  112  112  111  109  105  102   97   91   86   81
   78   74   71   70   74   85  101  121  142  164  185  207  231  257  285  316
  344  372  396  413  444  470  480  484  478                                   
    22.5-180.0 180.0   5.0 450.0                            LAT/LON1/LON2/DLON/H
  586  628  602  554  532  498  453  407  363  320  283  254  232  215  202  193
  183  171  154  134  113   97   90   91  100  114  128  140  147  150  152  153
  152  147  139  132  127  126  126  125  122  118  113  108  102   96   90   85
   80   76   73   72   76   87  105  126  150  174  199  224  251  280  313  349
  385  418  446  469  509  547  563  565  586                                   
    20.0-180.0 180.0   5.0 450.0                            LAT/LON1/LON2/DLON/H
  681  737  728  688  662  626  574  517  459  401  346  299  260  229  207  190
  177  162  144  125  110  101  102  111  127  145  161  172  176  175  174  172
  169  163  155  146  140  138  137  135  130  125  119  113  107  101   95   90
   85   81   77   77   82   94  112  135  160  187  214  242  271  304  340  381
  421  458  489  516  561  606  631  634  681                                   
    17.5-180.0 180.0   5.0 450.0                            LAT/LON1/LON2/DLON/H
  747  815  823  799  776  743  692  630  564  493  423  357  300  255  221  196
  177  160  142  127  119  119  128  145  165  183  195  201  200  195  189  185
  180  173  165  156  149  146  144  141  136  130  124  118  112  106  100   95
   90   86   83   84   89  102  121  145  171  199  228  257  289  323  362  405
  448  485  516  545  590  635  669  675  747                                   
    15.0-180.0 180.0   5.0 450.0                            LAT/LON1/LON2/DLON/H
  766  840  861  856  844  822  781  724  657  581  501  422  350  290  244  211
  188  169  153  144  143  152  170  190  208  220  226  224  217  207  199  192
  186  178  170  161  155  151  149  146  141  135  129  123  117  111  105  100
   95   91   88   89   96  110  130  154  180  208  238  268  300  335  374  417
  458  494  524  552  590  630  671  680  766                                   
    12.5-180.0 180.0   5.0 450.0                            LAT/LON1/LON2/DLON/H
  735  803  831  843  844  840  817  776  719  648  567  482  401  331  277  237
  210  191  179  175  183  200  222  241  251  253  248  238  226  214  204  196
  188  180  172  164  159  155  152  150  145  140  133  127  120  114  107  102
   98   94   92   94  102  116  137  160  186  213  242  272  303  338  375  415
  453  484  510  536  566  597  640  654  735                                   
    10.0-180.0 180.0   5.0 450.0                            LAT/LON1/LON2/DLON/H
  669  718  748  769  780  790  788  770  733  679  609  529  449  376  317  274
  245  226  218  221  235  257  277  289  288  276  260  244  230  219  209  199
  191  183  175  169  164  160  157  154  150  145  138  130  122  114  108  102
   98   95   93   96  104  119  140  163  187  212  238  267  298  331  366  401
  433  460  482  504  528  552  591  610  669                                   
     7.5-180.0 180.0   5.0 450.0                            LAT/LON1/LON2/DLON/H
  594  619  641  661  675  692  705  708  697  666  617  554  485  420  364  321
  292  276  271  278  295  314  328  327  312  287  263  244  232  224  216  208
