data/edconvlstm_nd/pred0490.15i
     1.0            IONOSPHERE MAPS     GNSS                IONEX VERSION / TYPE
pyspatialgeodesy        IME             05-JAN-18 20:20     PGM / RUN BY / DATE 
Map Name                                                    COMMENT             
Predicted global ionosphere maps (GIM).                     DESCRIPTION         
  2015     2    18     0     0     0                        EPOCH OF FIRST MAP  
  2015     2    19     0     0     0                        EPOCH OF LAST MAP   
  7200                                                      INTERVAL            
    13                                                      # OF MAPS IN FILE   
  NONE                                                      MAPPING FUNCTION    
10.0                                                        ELEVATION CUTOFF    
One-way carrier phase leveled to code                       OBSERVABLES USED    
  6371.0                                                    BASE RADIUS         
 2                                                          MAP DIMENSION       
   450.0 450.0   0.0                                        HGT1 / HGT2 / DHGT  
    87.5 -87.5  -2.5                                        LAT1 / LAT2 / DLAT  
  -180.0 180.0   5.0                                        LON1 / LON2 / DLON  
    -1                                                      EXPONENT            
                                                            END OF HEADER       
[from data line 1287]
     4                                                      START OF TEC MAP    
  2015     2    18     6     0     0                        EPOCH OF CURRENT MAP
    87.5-180.0 180.0   5.0 450.0                            LAT/LON1/LON2/DLON/H
   80   80   77   80   82   82   81   79   82   85   86   89   90   91   92   92
   92   92   91   90   89   87   86   84   83   81   79   78   77   76   75   74
   73   72   72   71   71   71   70   70   70   70   70   71   71   71   72   73
   73   74   75   76   77   77   78   78   78   78   78   78   77   77   75   75
   75   76   74   73   77   81   88   88   80                                   
    85.0-180.0 180.0   5.0 450.0                            LAT/LON1/LON2/DLON/H
   68   82   77   78   83   84   85   86   89   92   94   97   98  100  101  101
  101  100   99   97   95   93   91   89   86   84   82   81   79   78   77   76
   76   75   75   75   75   76   76   76   77   77   78   79   80   81   82   83
   85   87   88   90   91   92   93   94   94   94   94   93   92   91   89   88
   88   88   82   82   79   81   85   82   68                                   
    82.5-180.0 180.0   5.0 450.0                            LAT/LON1/LON2/DLON/H
   65   70   74   70   73   76   77   79   84   88   91   95   97   99  101  101
  100   99   97   94   91   88   84   81   78   75   72   70   68   67   66   65
   65   66   66   67   68   69   70   71   73   74   76   77   79   81   84   87
   90   93   96   99  102  104  106  108  109  109  108  107  106  104  101   99
   96   94   88   85   85   76   69   65   65                                   
    80.0-180.0 180.0   5.0 450.0                            LAT/LON1/LON2/DLON/H
   69   64   61   59   63   64   67   70   75   80   84   89   93   95   96   96
   95   93   90   86   81   77   72   68   64   60   58   55   54   53   53   54
   55   56   58   60   62   64   67   69   71   73   75   78   81   85   89   93
   98  104  109  114  120  124  128  130  132  133  133  131  129  126  122  118
  113  107  101   95   91   81   75   65   69                                   
    77.5-180.0 180.0   5.0 450.0                            LAT/LON1/LON2/DLON/H
   76   63   58   56   53   55   60   63   69   73   78   84   87   89   90   90
   88   85   82   77   73   68   63   58   54   51   48   46   46   46   47   49
   51   54   58   61   65   69   72   75   78   81   84   88   92   97  103  110
  117  126  134  143  151  158  163  168  171  172  172  171  168  164  159  153
  146  138  127  119  108   87   79   75   76                                   
    75.0-180.0 180.0   5.0 450.0                            LAT/LON1/LON2/DLON/H
   82   66   55   53   46   49   53   56   61   66   71   76   79   81   81   81
   79   76   73   69   65   60   56   52   48   45   43   42   41   42   44   47
   50   54   59   63   68   72   76   79   83   86   90   94   99  106  114  123
  133  145  156  168  179  189  197  203  207  209  210  209  206  202  197  191
  182  173  160  144  131  109  100   94   82                                   
    72.5-180.0 180.0   5.0 450.0                            LAT/LON1/LON2/DLON/H
   97   74   62   57   47   50   54   57   61   66   69   73   75   76   76   74
   73   70   68   65   62   59   56   53   50   48   46   45   45   46   48   52
   56   60   65   70   76   80   85   89   93   97  101  106  113  121  131  143
  156  170  185  200  213  225  234  241  246  248  248  248  245  242  237  232
  224  215  204  186  169  140  127  124   97                                   
    70.0-180.0 180.0   5.0 450.0                            LAT/LON1/LON2/DLON/H
  122   88   74   65   52   50   53   55   59   62   64   67   67   66   65   64
   62   61   60   59   58   57   56   55   53   52   51   50   51   52   54   57
   60   64   69   74   79   83   88   92   97  101  106  112  120  130  142  157
  173  191  209  226  241  254  264  270  274  276  276  275  273  270  266  263
  257  249  239  221  205  176  165  161  122                                   
    67.5-180.0 180.0   5.0 450.0                            LAT/LON1/LON2/DLON/H
  141  103   88   75   60   55   54   55   58   59   60   60   59   57   55   53
   52   52   53   54   55   57   58   58   58   58   57   57   57   58   59   61
   64   67   70   74   77   82   86   91   96  101  107  115  124  136  150  167
  185  205  225  243  259  272  281  287  290  290  289  287  285  282  280  278
  273  267  260  244  231  203  191  189  141                                   
    65.0-180.0 180.0   5.0 450.0                            LAT/LON1/LON2/DLON/H
  162  122  104   87   71   62   60   60   61   61   60   58   55   51   49   48
   48   49   51   54   57   60   63   65   66   66   67   67   67   67   67   68
   68   69   71   73   75   79   83   89   95  102  110  119  130  144  160  178
  199  220  241  261  276  289  296  300  301  300  297  294  291  289  286  285
  281  277  271  258  248  224  213  211  162                                   
    62.5-180.0 180.0   5.0 450.0                            LAT/LON1/LON2/DLON/H
  176  137  119   98   81   69   64   64   64   63   61   58   54   50   47   46
   47   50   53   57   62   65   68   70   72   73   74   74   74   73   73   72
   71   70   69   70   71   74   79   85   93  102  113  124  137  152  170  190
  211  234  255  274  289  300  307  309  308  305  301  297  294  291  288  285
  282  276  271  259  252  232  223  221  176                                   
    60.0-180.0 180.0   5.0 450.0                            LAT/LON1/LON2/DLON/H
  184  149  132  106   88   74   66   65   64   63   61   58   54   50   48   48
   50   53   58   62   66   68   70   72   73   75   76   77   77   76   75   73
   71   69   67   66   66   69   74   82   92  104  117  130  146  162  181  202
  224  247  268  286  301  310  315  316  314  310  306  301  298  294  290  286
  280  272  266  254  249  231  222  219  184                                   
    57.5-180.0 180.0   5.0 450.0                            LAT/LON1/LON2/DLON/H
  191  160  144  115   97   79   68   65   64   62   61   59   56   53   53   54
   57   61   65   68   70   70   70   71   72   73   75   76   77   77   76   74
   72   69   66   64   64   67   74   83   96  110  126  142  159  178  198  219
  241  263  284  301  314  323  327  327  324  320  316  312  308  304  299  292
  283  272  263  250  244  226  218  215  191                                   
    55.0-180.0 180.0   5.0 450.0                            LAT/LON1/LON2/DLON/H
  200  174  158  127  108   86   72   66   63   60   59   58   57   58   59   63
   67   71   74   75   74   72   69   68   69   70   72   74   76   76   76   74
   72   70   68   66   67   71   79   90  105  122  140  159  178  198  218  240
  261  282  301  317  329  337  340  340  337  334  330  327  324  320  313  305
  292  278  266  250  243  224  216  211  200                                   
    52.5-180.0 180.0   5.0 450.0                            LAT/LON1/LON2/DLON/H
  213  191  175  145  125  101   82   71   64   60   58   59   60   63   68   73
   79   83   84   83   79   74   70   68   68   70   72   75   76   76   76   75
   75   74   73   73   75   80   90  103  121  140  160  180  201  222  243  264
  284  303  320  334  345  352  355  355  352  349  346  343  341  337  330  320
  306  289  274  256  247  226  218  212  213                                   
    50.0-180.0 180.0   5.0 450.0                            LAT/LON1/LON2/DLON/H
  230  211  196  169  148  122  100   83   71   63   60   61   64   69   76   84
   90   94   95   91   86   80   76   74   74   75   77   78   79   78   78   78
   78   79   81   83   87   95  106  122  141  162  183  205  226  248  269  289
  308  325  340  352  362  368  370  368  365  362  359  356  354  350  344  334
  319  303  286  267  255  233  225  220  230                                   
    47.5-180.0 180.0   5.0 450.0                            LAT/LON1/LON2/DLON/H
  247  231  218  196  175  149  124  101   83   71   66   66   70   77   85   94
  100  104  104  100   96   90   87   85   85   86   87   86   85   83   81   81
   83   86   90   95  102  112  126  143  164  186  208  230  252  273  294  313
  330  345  357  368  375  379  380  377  373  368  364  362  359  355  349  340
  328  313  297  278  265  242  235  231  247                                   
    45.0-180.0 180.0   5.0 450.0                            LAT/LON1/LON2/DLON/H
  259  245  236  220  202  177  152  125  102   85   76   74   78   85   94  101
  107  110  111  109  107  104  102  101  102  102  101   97   93   89   86   86
   88   93   99  107  116  129  145  165  187  210  232  254  276  297  317  334
  349  361  370  378  383  385  384  380  373  367  362  358  355  351  345  337
  327  316  302  285  273  250  243  240  259                                   
    42.5-180.0 180.0   5.0 450.0                            LAT/LON1/LON2/DLON/H
  261  248  244  234  220  200  177  150  124  103   90   87   89   95  102  108
  112  116  117  119  119  119  120  120  120  119  116  109  102   96   92   91
   94  100  107  117  129  144  163  184  208  231  253  274  295  316  335  350
  362  371  377  382  385  386  383  377  369  361  356  351  346  340  333  326
  319  310  301  286  275  252  245  242  261                                   
    40.0-180.0 180.0   5.0 450.0                            LAT/LON1/LON2/DLON/H
  253  238  238  231  224  210  192  170  144  121  107  102  103  106  110  114
  117  120  124  128  131  134  136  138  137  134  129  121  112  104   99   98
  100  106  114  124  138  155  176  199  224  247  269  290  310  329  346  360
  369  374  378  381  384  384  381  375  367  359  353  348  341  333  324  316
  309  303  295  283  273  248  240  236  253                                   
    37.5-180.0 180.0   5.0 450.0                            LAT/LON1/LON2/DLON/H
  237  217  218  211  211  203  193  177  156  135  122  117  116  118  119  121
  123  126  132  137  143  147  149  150  149  145  138  130  121  113  108  106
  107  111  118  129  143  161  184  210  235  259  281  300  319  337  353  364
  371  375  378  382  386  388  386  381  375  369  364  359  352  341  328  317
  309  302  296  284  273  245  235  227  237                                   
    35.0-180.0 180.0   5.0 450.0                            LAT/LON1/LON2/DLON/H
  222  195  192  182  185  181  178  170  156  141  131  128  127  128  128  128
  130  134  141  147  152  155  156  155  153  149  144  137  130  124  120  117
  116  118  123  132  146  165  189  217  244  268  289  308  325  341  355  365
  371  375  380  387  395  401  403  401  398  396  394  392  384  372  356  341
  329  320  313  299  287  254  239  225  222                                   
    32.5-180.0 180.0   5.0 450.0                            LAT/LON1/LON2/DLON/H
  218  182  172  154  155  152  153  152  145  138  133  133  134  135  135  136
  139  144  151  156  159  159  156  154  152  150  147  144  141  137  134  130
  128  127  129  136  149  169  194  222  250  275  295  313  328  343  356  366
  373  380  389  401  415  427  435  438  440  443  446  447  442  429  410  391
  375  364  354  336  322  283  261  239  218                                   
    30.0-180.0 180.0   5.0 450.0                            LAT/LON1/LON2/DLON/H
  236  190  169  140  133  126  127  129  128  127  128  132  136  139  140  143
  148  154  160  163  162  157  152  148  148  149  151  153  153  153  151  148
  144  141  140  144  155  174  199  228  256  281  300  317  331  346  359  371
  381  393  408  427  449  469  484  495  503  511  520  526  525  513  493  470
  449  433  420  397  380  336  306  278  236                                   
    27.5-180.0 180.0   5.0 450.0                            LAT/LON1/LON2/DLON/H
  279  224  189  148  128  114  110  111  112  115  120  127  133  138  142  147
  154  162  167  167  161  153  145  143  145  152  159  165  170  173  173  171
  166  160  156  156  164  180  204  233  261  286  305  321  336  351  366  381
  397  416  439  466  496  525  549  568  584  600  615  627  630  620  600  574
  549  529  510  481  460  410  371  343  279                                   
    25.0-180.0 180.0   5.0 450.0                            LAT/LON1/LON2/DLON/H
  349  286  236  183  148  123  110  106  106  109  115  123  129  135  141  148
  157  165  168  166  158  148  142  142  150  161  173  183  191  197  200  197
  190  180  172  168  173  186  209  237  265  289  309  326  342  359  377  398
  421  448  479  515  553  591  625  653  677  699  720  736  743  737  718  691
  663  640  617  584  556  501  454  430  349                                   
    22.5-180.0 180.0   5.0 450.0                            LAT/LON1/LON2/DLON/H
  438  371  307  244  191  157  132  121  116  116  120  125  129  134  140  147
  156  163  166  163  155  147  145  150  164  180  196  208  216  222  223  219
  208  195  183  176  178  189  210  238  266  291  312  331  349  370  394  421
  452  487  526  569  614  658  697  731  760  787  811  831  840  838  822  797
  771  749  725  691  658  600  552  534  438                                   
    20.0-180.0 180.0   5.0 450.0                            LAT/LON1/LON2/DLON/H
  533  466  394  327  257  213  177  158  146  141  138  138  138  139  142  148
  155  160  162  160  156  154  158  170  188  208  224  234  239  239  235  226
  213  197  184  176  177  187  208  235  264  291  314  335  358  384  413  447
  485  527  572  619  666  710  749  782  812  839  863  884  896  897  888  869
  848  830  812  782  745  690  652  640  533                                   
    17.5-180.0 180.0   5.0 450.0                            LAT/LON1/LON2/DLON/H
  615  555  485  418  335  284  238  212  194  183  174  167  160  155  154  155
  158  160  161  162  165  170  181  198  220  241  253  256  251  243  232  218
  203  188  176  169  170  181  202  230  260  288  314  339  366  397  433  473
  516  563  610  657  701  739  772  800  824  846  867  886  899  904  902  891
  878  867  858  835  799  751  729  724  615                                   
    15.0-180.0 180.0   5.0 450.0                            LAT/LON1/LON2/DLON/H
  671  623  562  502  415  359  309  278  255  238  224  210  196  184  176  172
  169  167  168  173  182  194  211  232  254  271  276  268  252  233  215  198
  183  171  162  159  162  175  197  226  256  285  313  341  372  407  448  492
  539  587  633  675  712  742  767  786  802  818  833  847  859  868  871  868
  862  858  857  842  812  774  766  765  671                                   
    12.5-180.0 180.0   5.0 450.0                            LAT/LON1/LON2/DLON/H
  697  662  614  563  481  427  376  344  320  301  283  264  244  226  211  200
  191  185  185  192  206  223  243  264  283  293  289  271  244  217  195  177
  164  156  151  151  157  171  194  223  253  283  311  341  375  413  456  502
  550  596  637  672  701  724  740  753  763  773  782  792  802  811  818  820
  820  819  823  814  793  765  764  762  697                                   
    10.0-180.0 180.0   5.0 450.0                            LAT/LON1/LON2/DLON/H
  698  675  637  595  527  477  431  401  378  360  342  321  298  276  256  238
  223  213  211  219  234  252  271  288  302  305  293  266  233  202  179  163
  153  148  146  149  156  171  194  222  252  281  310  340  375  414  457  503
  548  590  626  655  678  696  709  719  726  733  740  747  755  764  771  775
  776  776  779  773  759  739  736  732  698                                   
     7.5-180.0 180.0   5.0 450.0                            LAT/LON1/LON2/DLON/H
  686  670  638  603  551  508  466  441  422  407  391  372  350  326  303  282
  263  249  245  251  264  279  293  304  311  306  288  257  223  194  173  159
