data/edconvlstm_nd/pred2350.15i
     1.0            IONOSPHERE MAPS     GNSS                IONEX VERSION / TYPE
pyspatialgeodesy        IME             05-JAN-18 20:20     PGM / RUN BY / DATE 
Map Name                                                    COMMENT             
Predicted global ionosphere maps (GIM).                     DESCRIPTION         
  2015     8    23     0     0     0                        EPOCH OF FIRST MAP  
  2015     8    24     0     0     0                        EPOCH OF LAST MAP   
  7200                                                      INTERVAL            
    13                                                      # OF MAPS IN FILE   
  NONE                                                      MAPPING FUNCTION    
10.0                                                        ELEVATION CUTOFF    
One-way carrier phase leveled to code                       OBSERVABLES USED    
  6371.0                                                    BASE RADIUS         
 2                                                          MAP DIMENSION       
   450.0 450.0   0.0                                        HGT1 / HGT2 / DHGT  
    87.5 -87.5  -2.5                                        LAT1 / LAT2 / DLAT  
  -180.0 180.0   5.0                                        LON1 / LON2 / DLON  
    -1                                                      EXPONENT            
                                                            END OF HEADER       
[from data line 1716]
     5                                                      START OF TEC MAP    
  2015     8    23     8     0     0                        EPOCH OF CURRENT MAP
    87.5-180.0 180.0   5.0 450.0                            LAT/LON1/LON2/DLON/H
   96  100   99  104  105  105  103  100  101  103  103  104  104  104  104  104
  104  103  103  102  102  101  101  100   99   99   98   98   97   97   97   96
   96   96   96   96   95   95   95   95   95   95   95   95   95   95   95   96
   96   96   96   96   95   95   95   94   94   94   93   93   93   92   92   92
   93   94   93   92   97   99  107  106   96                                   
    85.0-180.0 180.0   5.0 450.0                            LAT/LON1/LON2/DLON/H
   94  105  109  107  108  111  111  111  112  114  114  115  115  115  115  115
  115  115  114  114  113  112  112  111  110  110  109  109  109  108  108  108
  107  107  107  107  106  106  106  105  105  105  105  106  106  106  106  106
  107  107  107  107  107  106  106  106  105  104  104  103  103  102  102  102
  103  104   99   98   97  101  107  108   94                                   
    82.5-180.0 180.0   5.0 450.0                            LAT/LON1/LON2/DLON/H
   95  103  109  105  104  108  109  110  112  114  114  116  116  116  116  116
  115  115  114  113  112  111  110  109  108  108  107  107  107  107  107  107
  108  108  107  107  107  107  107  107  107  107  108  108  109  110  110  111
  112  112  112  112  112  112  111  111  110  109  108  106  105  104  102  102
  102  102   98   96   98  101   98   97   95                                   
    80.0-180.0 180.0   5.0 450.0                            LAT/LON1/LON2/DLON/H
   95   96  100   99  100  102  103  105  108  110  110  112  112  113  113  112
  112  111  109  108  106  105  104  102  102  101  101  101  102  103  104  104
  105  106  106  106  106  106  107  107  107  108  109  111  112  114  115  117
  118  119  120  120  120  119  118  117  116  114  112  110  108  106  104  102
  101   99   96   95   95   99  103   97   95                                   
    77.5-180.0 180.0   5.0 450.0                            LAT/LON1/LON2/DLON/H
   93   91   93   94   92   97   99  101  104  106  106  108  109  109  109  109
  108  107  105  103  101   99   97   96   95   94   95   95   97   98  100  102
  104  105  106  107  108  108  109  110  111  113  115  117  120  124  127  129
  132  133  135  135  135  134  133  131  129  126  123  120  117  114  111  108
  105  102   97   96   94   92   93   95   93                                   
    75.0-180.0 180.0   5.0 450.0                            LAT/LON1/LON2/DLON/H
   84   84   81   83   82   88   89   90   93   95   95   98   98   99  100   99
   98   97   95   93   91   88   86   84   83   82   83   84   86   89   92   95
   98  101  102  104  105  106  107  109  111  114  118  122  126  131  135  139
  142  144  145  146  145  144  142  140  137  134  131  128  124  120  117  113
  109  105   99   93   92   90   90   88   84                                   
    72.5-180.0 180.0   5.0 450.0                            LAT/LON1/LON2/DLON/H
   80   79   75   76   76   81   82   83   85   87   88   90   91   93   93   94
   93   92   90   88   85   82   79   76   75   74   75   77   80   83   87   92
   95   99  101  103  105  107  109  112  115  120  125  131  137  143  148  152
  156  158  159  158  157  155  153  150  147  143  140  137  134  130  127  124
  119  114  109  102   97   93   90   89   80                                   
    70.0-180.0 180.0   5.0 450.0                            LAT/LON1/LON2/DLON/H
   82   76   72   71   68   70   70   71   72   74   75   78   80   82   83   84
   84   83   82   79   76   73   69   67   65   64   65   67   71   75   80   85
   90   93   96   99  101  104  107  111  116  122  129  136  144  150  156  160
  163  164  164  162  160  157  153  150  147  144  141  139  137  135  132  130
  126  121  116  109  102   97   95   93   82                                   
    67.5-180.0 180.0   5.0 450.0                            LAT/LON1/LON2/DLON/H
   80   74   70   67   63   63   62   61   62   63   64   68   70   73   75   76
   77   77   75   73   70   66   62   59   57   57   58   60   64   69   74   79
   83   87   90   93   95   98  102  108  114  122  131  140  148  155  161  164
  165  165  163  159  156  151  147  144  141  138  137  137  136  136  135  134
  132  127  122  115  108  102   97   94   80                                   
    65.0-180.0 180.0   5.0 450.0                            LAT/LON1/LON2/DLON/H
   84   78   71   67   61   59   56   54   54   55   56   60   62   66   68   70
   71   71   70   68   65   61   57   55   53   53   54   57   61   66   71   76
   80   83   86   89   92   96  101  108  116  126  136  146  155  162  166  168
  167  165  160  155  150  145  140  136  134  133  133  134  135  137  137  138
  137  134  130  124  116  111  105  102   84                                   
    62.5-180.0 180.0   5.0 450.0                            LAT/LON1/LON2/DLON/H
   89   83   76   70   62   58   53   50   49   49   50   53   56   59   62   64
   65   65   64   62   59   56   52   50   49   50   52   56   60   65   70   74
   78   81   83   86   89   94  100  108  119  130  141  152  160  166  169  169
  166  162  156  150  143  137  132  129  127  127  128  130  133  136  138  140
  140  138  135  130  123  118  113  110   89                                   
    60.0-180.0 180.0   5.0 450.0                            LAT/LON1/LON2/DLON/H
   96   90   82   75   65   60   53   48   45   44   44   47   50   53   55   57
   58   58   56   54   52   49   46   45   45   47   50   55   60   65   70   73
   76   78   80   83   87   92  100  109  121  133  145  156  163  168  169  167
  163  157  151  144  137  131  127  123  122  123  125  128  131  133  136  138
  139  138  136  132  127  124  119  115   96                                   
    57.5-180.0 180.0   5.0 450.0                            LAT/LON1/LON2/DLON/H
  104   98   91   83   72   65   56   49   45   42   42   44   45   47   49   50
   51   50   49   47   45   42   41   40   41   44   48   54   60   66   71   74
   76   78   80   83   88   94  103  113  125  138  150  160  167  170  170  167
  162  156  150  144  138  132  128  125  124  125  127  130  132  134  135  137
  138  137  136  133  130  128  125  121  104                                   
    55.0-180.0 180.0   5.0 450.0                            LAT/LON1/LON2/DLON/H
  111  107  100   92   80   72   62   53   47   43   40   41   41   43   44   44
   44   43   42   40   38   36   35   36   38   41   47   53   60   67   71   75
   77   79   81   85   91   98  107  118  131  143  155  164  170  172  171  168
  164  159  154  149  143  138  134  132  132  133  134  136  137  137  136  136
  136  135  135  133  131  130  128  125  111                                   
    52.5-180.0 180.0   5.0 450.0                            LAT/LON1/LON2/DLON/H
  118  115  109  101   90   81   70   60   52   46   42   41   40   40   40   39
   39   38   37   35   34   32   32   33   35   39   45   53   60   67   72   75
   78   80   84   89   96  104  114  125  137  149  159  168  173  175  174  172
  169  166  162  158  153  149  145  143  143  143  145  145  144  142  140  138
  136  135  135  133  132  131  129  127  118                                   
    50.0-180.0 180.0   5.0 450.0                            LAT/LON1/LON2/DLON/H
  122  121  117  110  100   91   80   68   59   51   45   43   40   39   38   37
   36   35   34   33   32   31   31   32   34   39   45   52   60   66   71   75
   78   82   87   94  103  112  122  132  143  154  163  171  176  179  179  178
  177  175  173  170  166  161  157  155  154  155  156  155  153  149  145  141
  139  136  136  135  133  133  131  128  122                                   
    47.5-180.0 180.0   5.0 450.0                            LAT/LON1/LON2/DLON/H
  125  125  122  116  107   99   88   77   67   58   51   47   43   40   38   37
   36   35   35   34   34   33   34   34   36   40   45   52   59   65   70   74
   78   84   91  100  109  120  130  140  149  159  168  175  180  184  186  187
  187  186  185  181  177  171  167  164  164  165  165  164  161  156  151  146
  143  140  140  138  136  135  132  129  125                                   
    45.0-180.0 180.0   5.0 450.0                            LAT/LON1/LON2/DLON/H
  126  127  124  120  111  105   95   85   75   67   59   53   48   44   41   39
   38   38   38   38   39   39   40   41   42   44   48   53   58   64   68   73
   78   85   94  104  116  126  137  146  155  163  172  179  185  190  194  196
  197  197  195  191  185  178  173  170  170  171  172  171  168  163  157  153
  149  147  146  143  141  138  134  131  126                                   
    42.5-180.0 180.0   5.0 450.0                            LAT/LON1/LON2/DLON/H
  125  126  123  120  112  107   99   90   82   74   67   61   55   51   47   45
   44   44   44   46   47   48   49   49   50   50   52   55   59   63   68   72
   78   86   97  108  121  132  142  151  160  168  177  185  192  198  203  207
  208  208  204  198  190  182  176  174  174  176  177  177  174  169  164  160
  158  155  153  150  147  143  138  134  125                                   
    40.0-180.0 180.0   5.0 450.0                            LAT/LON1/LON2/DLON/H
  125  124  120  117  110  105   99   92   86   80   74   69   64   59   55   52
   51   51   52   54   56   58   59   59   58   57   57   58   60   64   68   73
   80   89  100  112  124  136  146  156  165  174  183  192  201  208  214  218
  220  218  213  205  195  187  180  178  179  182  183  182  180  176  172  169
  167  165  163  159  155  149  144  139  125                                   
    37.5-180.0 180.0   5.0 450.0                            LAT/LON1/LON2/DLON/H
  125  121  116  112  105  101   96   92   88   84   80   76   72   67   63   60
   59   59   60   62   64   66   68   67   66   64   62   62   63   67   71   77
   84   93  104  116  128  139  150  160  170  180  191  201  211  220  227  231
  232  229  223  214  204  196  190  189  190  192  193  192  189  185  181  179
  178  176  173  169  164  157  152  146  125                                   
    35.0-180.0 180.0   5.0 450.0                            LAT/LON1/LON2/DLON/H
  128  121  114  108  100   96   93   90   88   85   83   81   78   74   71   68
   66   65   66   68   70   72   73   73   71   68   67   66   68   71   76   82
   90   99  109  120  131  142  153  164  176  188  200  212  223  233  241  245
  246  243  238  230  221  214  210  209  210  211  210  207  202  198  194  192
  190  188  185  180  175  168  162  155  128                                   
    32.5-180.0 180.0   5.0 450.0                            LAT/LON1/LON2/DLON/H
  134  122  114  105   96   92   89   87   86   85   84   84   82   80   77   74
   71   70   70   71   73   74   75   75   73   71   70   70   73   77   83   90
   98  106  115  125  135  146  157  170  183  196  210  223  236  247  256  262
  264  262  259  254  249  245  242  241  241  240  236  230  223  216  211  208
  205  202  198  193  188  180  174  166  134                                   
    30.0-180.0 180.0   5.0 450.0                            LAT/LON1/LON2/DLON/H
  144  128  117  106   96   91   88   86   85   84   84   85   84   83   80   77
   75   73   73   73   74   75   75   75   74   73   72   74   77   83   90   98
  106  114  123  131  140  151  163  176  191  206  221  235  249  262  272  280
  284  287  287  287  286  286  285  284  281  277  270  260  250  241  233  228
  223  219  214  209  204  195  189  179  144                                   
    27.5-180.0 180.0   5.0 450.0                            LAT/LON1/LON2/DLON/H
  158  137  125  112  101   94   91   88   86   84   84   85   84   84   82   79
   77   75   74   74   74   75   74   74   73   73   74   77   81   88   96  105
  114  122  130  138  147  157  170  185  201  217  232  247  262  276  289  299
  308  315  321  326  331  333  333  331  327  319  308  295  282  270  260  252
  245  239  233  227  222  213  205  194  158                                   
    25.0-180.0 180.0   5.0 450.0                            LAT/LON1/LON2/DLON/H
  175  150  137  122  111  102   98   93   90   87   85   85   85   84   83   81
   79   77   76   76   76   75   75   74   74   74   76   79   84   91  101  111
  120  129  137  145  154  165  179  194  211  228  244  259  275  291  306  320
  333  345  357  368  376  381  382  379  371  361  347  332  317  303  290  281
  271  263  256  248  243  232  223  210  175                                   
    22.5-180.0 180.0   5.0 450.0                            LAT/LON1/LON2/DLON/H
  193  166  152  137  125  115  109  104   99   93   90   88   87   86   84   82
   81   80   79   79   79   78   77   76   76   76   77   80   85   93  102  113
  124  133  142  152  162  175  189  205  223  239  256  271  288  305  323  340
  357  374  390  405  417  423  424  419  409  396  382  366  350  336  323  311
  300  291  283  272  266  253  242  227  193                                   
    20.0-180.0 180.0   5.0 450.0                            LAT/LON1/LON2/DLON/H
  211  183  169  153  141  129  123  117  110  103   98   94   91   89   88   86
   84   84   84   84   84   83   82   81   80   80   80   82   85   92  101  112
  124  135  146  158  171  185  200  217  235  252  268  284  302  320  340  360
  380  399  419  435  448  453  452  446  436  423  409  394  381  367  355  343
  332  321  312  299  289  274  260  244  211                                   
    17.5-180.0 180.0   5.0 450.0                            LAT/LON1/LON2/DLON/H
  226  199  185  169  157  144  136  130  124  116  109  104  100   96   94   92
   90   90   89   90   90   89   88   86   85   84   83   82   84   90   98  110
  122  135  149  164  179  195  212  229  247  265  281  298  317  336  357  378
  399  419  438  454  465  468  466  459  449  438  427  416  406  395  385  374
  363  352  341  325  313  293  277  260  226                                   
    15.0-180.0 180.0   5.0 450.0                            LAT/LON1/LON2/DLON/H
  240  215  201  184  171  156  148  142  136  129  122  116  111  107  104  101
   99   97   96   96   95   94   93   92   91   89   86   83   83   87   95  107
  120  135  152  170  188  206  223  241  259  278  296  314  333  353  374  394
  414  433  450  462  469  470  467  460  452  444  436  430  424  418  410  401
  391  380  368  350  334  310  291  273  240                                   
    12.5-180.0 180.0   5.0 450.0                            LAT/LON1/LON2/DLON/H
  252  229  215  198  182  166  157  151  147  141  135  129  124  120  116  113
  109  106  104  101   99   98   97   96   95   92   88   84   82   85   93  105
  119  136  155  175  196  215  233  251  270  290  310  330  350  370  390  409
  426  441  454  462  465  463  459  454  448  443  440  438  436  433  428  422
  413  402  390  369  350  323  302  284  252                                   
    10.0-180.0 180.0   5.0 450.0                            LAT/LON1/LON2/DLON/H
  263  242  229  209  193  174  164  158  155  151  147  143  138  134  130  126
  121  116  111  106  101   99   98   97   97   94   90   84   82   84   92  105
  120  138  159  180  202  222  240  259  279  301  324  346  367  386  404  421
  435  446  454  457  457  454  450  446  443  441  440  440  441  440  438  433
  425  416  403  381  360  330  310  292  263                                   
     7.5-180.0 180.0   5.0 450.0                            LAT/LON1/LON2/DLON/H
  273  256  243  221  203  182  170  164  161  159  157  154  151  148  145  140
  134  127  118  109  102   97   96   96   96   95   90   85   82   85   94  107
