data/edconvlstm_nd/pred0060.15i
     1.0            IONOSPHERE MAPS     GNSS                IONEX VERSION / TYPE
pyspatialgeodesy        IME             05-JAN-18 20:20     PGM / RUN BY / DATE 
Map Name                                                    COMMENT             
Predicted global ionosphere maps (GIM).                     DESCRIPTION         
  2015     1     6     0     0     0                        EPOCH OF FIRST MAP  
  2015     1     7     0     0     0                        EPOCH OF LAST MAP   
  7200                                                      INTERVAL            
    13                                                      # OF MAPS IN FILE   
  NONE                                                      MAPPING FUNCTION    
10.0                                                        ELEVATION CUTOFF    
One-way carrier phase leveled to code                       OBSERVABLES USED    
  6371.0                                                    BASE RADIUS         
 2                                                          MAP DIMENSION       
   450.0 450.0   0.0                                        HGT1 / HGT2 / DHGT  
    87.5 -87.5  -2.5                                        LAT1 / LAT2 / DLAT  
  -180.0 180.0   5.0                                        LON1 / LON2 / DLON  
    -1                                                      EXPONENT            
                                                            END OF HEADER       
[from data line 4719]
    12                                                      START OF TEC MAP    
  2015     1     6    22     0     0                        EPOCH OF CURRENT MAP
    87.5-180.0 180.0   5.0 450.0                            LAT/LON1/LON2/DLON/H
   78   73   63   63   67   63   63   59   61   64   65   67   69   72   74   76
   79   81   83   85   86   88   89   91   92   93   94   94   95   95   95   95
   95   96   96   95   95   95   95   95   94   94   93   92   91   90   89   88
   87   86   84   83   81   80   78   77   75   73   71   70   68   66   64   63
   61   60   55   51   56   57   78   91   78                                   
    85.0-180.0 180.0   5.0 450.0                            LAT/LON1/LON2/DLON/H
   79   75   81   62   62   65   64   66   67   70   70   73   76   79   82   85
   88   91   94   96   99  102  104  106  108  109  110  111  112  113  113  113
  114  114  114  114  114  114  114  114  113  113  112  111  110  109  107  106
  104  102  100   98   95   93   91   88   86   84   81   79   76   74   72   70
   68   66   60   56   61   65   69   64   79                                   
    82.5-180.0 180.0   5.0 450.0                            LAT/LON1/LON2/DLON/H
   54   58   59   48   53   55   57   57   60   63   66   70   73   77   80   84
   88   92   96   99  103  106  109  112  114  116  118  119  120  120  121  121
  121  121  121  121  121  121  121  121  121  121  120  119  118  116  114  112
  109  107  104  102   99   96   93   91   88   85   82   79   76   73   70   67
   64   60   55   52   57   69   64   62   54                                   
    80.0-180.0 180.0   5.0 450.0                            LAT/LON1/LON2/DLON/H
   27   38   46   38   42   40   47   49   55   59   64   69   72   76   80   84
   88   91   95   99  103  107  111  115  117  120  121  123  123  123  123  123
  122  122  122  122  123  123  124  125  125  125  124  123  122  120  118  115
  113  110  107  104  101   98   95   91   88   85   82   78   75   71   68   64
   61   57   52   50   48   55   46   55   27                                   
    77.5-180.0 180.0   5.0 450.0                            LAT/LON1/LON2/DLON/H
   40   43   45   39   44   44   51   55   61   66   71   77   80   84   86   88
   91   93   96  100  104  108  112  117  120  123  125  126  127  126  126  125
  124  124  124  125  126  127  128  129  130  131  131  130  128  126  124  121
  118  115  112  109  106  103  100   97   95   92   89   86   82   79   75   71
   67   63   59   55   52   52   49   61   40                                   
    75.0-180.0 180.0   5.0 450.0                            LAT/LON1/LON2/DLON/H
   39   45   48   44   52   56   64   71   81   89   94   98  100  100   99   98
   97   96   97   99  102  107  112  116  121  125  127  128  128  127  126  124
  123  122  122  123  124  126  128  129  131  132  132  131  129  127  125  122
  119  115  112  109  107  104  102  100   98   95   93   91   88   85   82   78
   75   73   70   64   60   56   52   54   39                                   
    72.5-180.0 180.0   5.0 450.0                            LAT/LON1/LON2/DLON/H
   65   67   71   73   76   83   96  105  113  122  127  130  129  125  118  111
  104   99   96   95   97  101  107  112  117  122  124  125  125  124  121  119
  116  115  115  115  117  120  122  125  127  128  128  127  125  123  120  117
  114  111  108  105  103  101  100   99   98   97   96   95   93   91   88   86
   83   81   78   72   68   66   65   70   65                                   
    70.0-180.0 180.0   5.0 450.0                            LAT/LON1/LON2/DLON/H
   80   85   91   94  101  113  127  142  156  167  173  174  169  160  147  132
  119  107  100   96   96  100  105  111  116  121  123  124  123  120  117  113
  109  107  105  106  108  110  113  116  118  120  120  119  117  115  112  109
  106  104  101   99   98   97   97   97   97   97   97   96   95   93   92   90
   88   88   89   87   86   85   87   90   80                                   
    67.5-180.0 180.0   5.0 450.0                            LAT/LON1/LON2/DLON/H
  105  109  114  121  131  146  164  181  196  208  216  216  209  194  175  154
  133  116  104   97   96   98  102  107  112  115  117  117  115  112  107  102
   98   94   92   92   94   96  100  103  105  107  107  106  104  101   99   96
   94   91   89   88   87   87   88   89   91   92   92   92   91   90   89   88
   87   88   89   89   90   95   95  100  105                                   
    65.0-180.0 180.0   5.0 450.0                            LAT/LON1/LON2/DLON/H
  115  122  128  138  151  169  189  211  230  246  255  256  248  231  208  182
  156  133  117  107  102  102  104  106  108  110  109  108  105  101   96   90
   84   80   77   76   76   79   82   85   87   88   88   87   85   83   81   79
   77   75   74   73   73   74   75   77   80   82   83   83   82   81   79   78
   78   82   86   91   96  106  111  117  115                                   
    62.5-180.0 180.0   5.0 450.0                            LAT/LON1/LON2/DLON/H
  126  133  140  150  167  187  208  231  252  270  281  284  277  261  237  208
  179  154  134  121  113  109  107  105  103  101   98   95   92   89   84   78
   71   66   62   60   60   62   65   67   69   70   70   69   67   65   63   62
   60   59   58   58   58   60   62   64   67   70   72   72   71   69   67   66
   66   70   77   83   90  105  113  120  126                                   
    60.0-180.0 180.0   5.0 450.0                            LAT/LON1/LON2/DLON/H
  128  139  147  159  177  196  219  243  266  285  298  304  300  286  264  236
  208  182  160  144  133  124  116  107   99   92   86   83   80   77   73   68
   62   56   51   48   48   49   51   53   54   55   54   53   52   50   49   47
   46   45   44   44   45   46   49   52   55   58   60   61   60   58   56   54
   55   60   68   77   87  107  118  128  128                                   
    57.5-180.0 180.0   5.0 450.0                            LAT/LON1/LON2/DLON/H
  132  147  158  170  188  207  229  251  272  290  304  311  310  300  283  260
  235  210  189  171  156  142  127  111   96   84   76   71   70   69   68   64
   58   52   47   44   43   43   44   45   46   46   45   44   42   41   40   39
   37   36   36   35   36   37   40   43   46   49   52   52   51   49   48   47
   49   55   65   75   87  110  124  135  132                                   
    55.0-180.0 180.0   5.0 450.0                            LAT/LON1/LON2/DLON/H
  143  163  177  188  206  222  242  260  277  292  305  312  314  309  297  280
  260  239  219  201  183  163  142  119   97   80   70   65   66   67   68   65
   60   54   49   46   45   45   45   45   45   44   43   41   40   39   38   37
   35   34   33   32   32   34   36   39   42   45   47   48   48   47   46   47
   50   58   70   83   95  121  138  149  143                                   
    52.5-180.0 180.0   5.0 450.0                            LAT/LON1/LON2/DLON/H
  163  188  205  215  232  245  261  274  285  295  304  310  313  311  305  294
  279  263  245  227  207  184  157  128  102   81   69   66   68   71   73   71
   67   61   57   54   53   53   53   52   50   48   47   46   45   44   43   41
   40   38   36   35   35   36   38   41   43   46   48   50   50   51   52   55
   60   71   86  101  114  141  160  171  163                                   
    50.0-180.0 180.0   5.0 450.0                            LAT/LON1/LON2/DLON/H
  192  221  242  250  266  278  289  296  300  304  307  310  312  312  309  303
  293  280  265  248  228  203  174  141  111   89   76   73   76   80   82   81
   76   71   68   66   66   66   65   63   60   58   56   55   54   54   53   52
   50   48   46   44   44   45   46   48   50   52   54   56   58   61   64   69
   77   91  109  127  141  169  189  199  192                                   
    47.5-180.0 180.0   5.0 450.0                            LAT/LON1/LON2/DLON/H
  226  257  279  285  302  313  321  323  322  319  316  315  314  314  313  309
  301  291  278  262  244  220  191  158  126  103   90   86   89   91   92   88
   84   79   77   78   78   79   77   75   71   69   67   67   67   67   67   66
   64   62   59   58   57   58   59   60   61   62   64   66   70   74   79   87
   97  115  135  155  172  199  221  228  226                                   
    45.0-180.0 180.0   5.0 450.0                            LAT/LON1/LON2/DLON/H
  257  286  308  315  333  345  352  352  346  339  332  326  322  320  318  314
  306  296  285  272  256  236  208  177  146  122  108  103  102  101   97   91
   86   83   83   85   88   89   87   85   81   79   78   79   80   81   81   80
   79   76   74   73   73   73   74   74   74   74   76   78   82   88   95  105
  117  137  159  181  199  227  249  255  257                                   
    42.5-180.0 180.0   5.0 450.0                            LAT/LON1/LON2/DLON/H
  279  303  324  332  351  366  374  374  369  361  351  343  336  331  326  320
  311  300  289  279  267  250  226  197  167  143  127  118  112  105   97   89
   83   82   84   89   93   95   93   91   88   87   87   88   90   91   92   92
   90   89   87   86   86   87   87   87   86   86   87   89   94  100  108  120
  133  153  177  200  220  246  268  275  279                                   
    40.0-180.0 180.0   5.0 450.0                            LAT/LON1/LON2/DLON/H
  287  306  324  333  354  371  382  386  383  377  369  361  353  346  338  328
  316  304  294  286  277  264  243  216  187  161  142  128  117  105   94   84
   80   80   85   91   96   98   96   94   92   91   93   95   97   98   99   99
   98   97   96   95   95   96   96   96   95   95   95   98  103  109  118  129
  143  164  188  211  231  258  279  289  287                                   
    37.5-180.0 180.0   5.0 450.0                            LAT/LON1/LON2/DLON/H
  284  298  313  322  344  362  376  383  386  385  381  376  369  362  352  339
  325  311  301  295  288  277  258  231  201  173  151  133  118  105   92   85
   82   85   92   98  101  102   99   96   95   95   97   99  101  102  102  102
  101  100   99   99   99  100  101  101  100  100  101  104  109  115  124  135
  150  171  195  217  236  263  284  296  284                                   
    35.0-180.0 180.0   5.0 450.0                            LAT/LON1/LON2/DLON/H
  279  289  301  309  330  346  362  372  379  383  384  383  380  374  364  350
  335  321  312  306  300  288  267  238  207  178  155  137  122  110  101   97
   98  104  110  114  114  110  105  101   99  100  102  104  105  104  103  102
  101  101  100   99  100  101  101  101  101  102  104  107  112  118  128  140
  155  178  203  224  241  268  288  303  279                                   
    32.5-180.0 180.0   5.0 450.0                            LAT/LON1/LON2/DLON/H
  281  290  301  305  324  336  351  360  369  375  381  384  384  380  372  359
  344  331  323  317  310  295  270  239  207  179  158  144  133  127  124  127
  134  141  145  143  136  126  117  111  108  108  109  110  110  108  106  104
  102  101  100   99   99   99  100  100  100  102  104  108  114  121  132  147
  164  189  216  237  251  279  301  316  281                                   
    30.0-180.0 180.0   5.0 450.0                            LAT/LON1/LON2/DLON/H
  300  311  322  321  337  344  355  359  365  370  376  381  383  381  374  363
  350  339  332  325  315  296  268  235  204  181  166  158  156  159  166  178
  190  197  195  184  168  150  136  127  122  120  120  120  118  115  112  108
  105  103  101  100   99   99   99   99   99  101  104  109  116  125  139  158
  179  209  238  259  272  303  327  343  300                                   
    27.5-180.0 180.0   5.0 450.0                            LAT/LON1/LON2/DLON/H
  340  357  370  364  377  379  384  380  378  376  378  380  381  379  373  363
  352  343  335  328  315  293  263  232  205  188  182  184  193  207  226  246
  262  267  256  233  205  179  159  146  139  136  135  133  131  127  122  117
  113  109  106  104  102  101  100   99   99  100  104  110  119  131  150  173
  201  236  268  292  304  339  368  383  340                                   
    25.0-180.0 180.0   5.0 450.0                            LAT/LON1/LON2/DLON/H
  399  424  441  432  444  442  440  426  414  402  393  388  385  380  372  361
  351  342  335  326  310  287  259  232  213  205  209  222  241  267  297  324
  340  339  317  281  241  207  183  167  159  154  152  150  146  141  135  129
  123  118  114  110  108  105  103  101   99  100  104  111  122  138  162  192
  226  268  304  331  345  386  421  434  399                                   
    22.5-180.0 180.0   5.0 450.0                            LAT/LON1/LON2/DLON/H
  469  503  523  516  532  529  522  500  476  450  428  412  399  388  376  363
  350  340  331  321  305  283  259  240  231  234  248  270  298  332  368  397
  409  397  363  316  268  230  203  187  177  172  169  166  163  158  151  143
  136  129  123  118  114  111  107  104  101  101  104  112  125  144  173  210
  251  300  341  373  389  434  477  488  469                                   
    20.0-180.0 180.0   5.0 450.0                            LAT/LON1/LON2/DLON/H
  537  580  606  606  628  628  620  593  560  522  485  455  430  409  390  371
  355  342  330  318  302  284  268  259  262  276  298  326  357  392  424  447
  450  428  385  332  281  243  217  202  193  187  184  182  178  173  165  156
  147  138  131  125  120  116  111  107  103  101  104  112  126  148  182  224
  272  326  371  407  427  477  527  537  537                                   
    17.5-180.0 180.0   5.0 450.0                            LAT/LON1/LON2/DLON/H
  593  643  674  684  716  723  719  693  657  610  562  517  479  447  419  393
  371  352  337  322  307  294  287  291  306  329  356  383  408  432  453  463
  455  426  379  327  280  246  225  213  205  200  196  194  190  184  175  165
  154  144  136  129  124  119  114  109  104  102  104  111  126  151  188  234
  284  342  390  429  453  507  563  574  593                                   
    15.0-180.0 180.0   5.0 450.0                            LAT/LON1/LON2/DLON/H
  627  681  718  736  780  796  799  782  751  703  649  595  546  503  465  431
  402  377  357  339  325  317  320  336  362  391  415  431  441  447  450  445
  428  395  352  307  269  244  229  221  215  210  207  203  198  190  179  168
  156  145  137  130  125  120  115  109  105  102  103  110  126  152  191  239
  290  348  396  436  464  520  579  591  627                                   
    12.5-180.0 180.0   5.0 450.0                            LAT/LON1/LON2/DLON/H
  637  691  730  755  808  833  847  841  821  782  732  677  623  573  529  489
  453  422  396  375  361  357  369  394  426  452  466  464  452  436  420  403
  380  350  315  282  257  242  235  230  226  221  216  210  201  191  178  165
  153  142  134  128  123  118  114  109  105  102  103  110  126  154  194  241
  291  346  392  431  460  518  576  590  637                                   
    10.0-180.0 180.0   5.0 450.0                            LAT/LON1/LON2/DLON/H
  626  674  713  740  799  830  853  860  856  833  795  748  697  649  604  562
  524  489  458  433  417  416  432  459  488  505  501  478  444  409  379  354
  330  306  283  264  252  247  245  244  241  235  226  216  203  189  174  159
  147  137  129  124  120  116  113  109  106  104  104  112  128  157  197  243
  289  341  383  419  448  504  559  575  626                                   
     7.5-180.0 180.0   5.0 450.0                            LAT/LON1/LON2/DLON/H
  601  640  676  699  757  792  822  840  853  848  828  796  756  716  678  640
  604  569  536  508  490  487  499  521  539  542  520  478  427  380  343  316
