data/edconvlstm_nd/pred2560.15i
     1.0            IONOSPHERE MAPS     GNSS                IONEX VERSION / TYPE
pyspatialgeodesy        IME             05-JAN-18 20:20     PGM / RUN BY / DATE 
Map Name                                                    COMMENT             
Predicted global ionosphere maps (GIM).                     DESCRIPTION         
  2015     9    13     0     0     0                        EPOCH OF FIRST MAP  
  2015     9    14     0     0     0                        EPOCH OF LAST MAP   
  7200                                                      INTERVAL            
    13                                                      # OF MAPS IN FILE   
  NONE                                                      MAPPING FUNCTION    
10.0                                                        ELEVATION CUTOFF    
One-way carrier phase leveled to code                       OBSERVABLES USED    
  6371.0                                                    BASE RADIUS         
 2                                                          MAP DIMENSION       
   450.0 450.0   0.0                                        HGT1 / HGT2 / DHGT  
    87.5 -87.5  -2.5                                        LAT1 / LAT2 / DLAT  
  -180.0 180.0   5.0                                        LON1 / LON2 / DLON  
    -1                                                      EXPONENT            
                                                            END OF HEADER       
[from data line 3432]
     9                                                      START OF TEC MAP    
  2015     9    13    16     0     0                        EPOCH OF CURRENT MAP
    87.5-180.0 180.0   5.0 450.0                            LAT/LON1/LON2/DLON/H
   89   96   94   99  103  102  102   99  100  102  102  103  103  103  104  104
  104  105  105  105  105  105  104  104  104  103  102  102  101  100  100   99
   98   98   97   96   96   95   95   94   94   94   93   93   93   93   93   93
   93   93   93   93   93   93   93   93   94   94   94   94   94   94   94   94
   94   94   92   89   95   92  105  103   89                                   
    85.0-180.0 180.0   5.0 450.0                            LAT/LON1/LON2/DLON/H
   94   97  109   95   95  101  100  102  103  105  104  105  105  106  106  107
  107  107  108  108  108  108  107  107  107  106  105  104  104  103  102  101
  100   99   98   98   97   96   96   95   95   94   94   94   94   94   94   94
   94   94   94   95   95   95   95   95   95   95   95   95   95   95   95   95
   96   96   92   87   89   89   95   95   94                                   
    82.5-180.0 180.0   5.0 450.0                            LAT/LON1/LON2/DLON/H
   80   88   93   86   88   93   95   96   97   99   99  101  101  102  102  103
  104  105  105  106  106  106  106  106  105  105  104  103  102  101  100   98
   97   96   95   94   93   92   91   90   89   89   88   88   88   88   88   88
   88   88   89   89   89   89   89   89   89   89   89   89   88   88   88   87
   88   87   84   82   83   92   86   83   80                                   
    80.0-180.0 180.0   5.0 450.0                            LAT/LON1/LON2/DLON/H
   68   73   82   79   79   80   85   87   89   91   91   93   93   94   95   96
   97   99  100  100  101  102  102  102  101  100   99   98   96   95   93   92
   90   89   87   86   85   84   83   82   81   80   79   79   78   78   78   78
   79   79   79   80   80   80   80   80   80   79   79   79   78   78   78   78
   78   78   76   75   72   77   77   79   68                                   
    77.5-180.0 180.0   5.0 450.0                            LAT/LON1/LON2/DLON/H
   70   70   73   72   75   78   81   84   85   87   87   89   89   90   92   93
   95   96   98  100  102  103  104  104  104  103  101  100   98   96   94   92
   90   88   87   85   84   83   81   80   79   77   76   75   74   74   73   73
   73   74   74   74   74   74   74   73   73   72   71   71   70   70   69   69
   70   69   69   69   69   69   70   74   70                                   
    75.0-180.0 180.0   5.0 450.0                            LAT/LON1/LON2/DLON/H
   61   63   63   66   70   74   77   79   81   83   83   85   85   86   87   89
   91   93   96   99  101  103  105  106  106  105  103  101   99   97   95   93
   91   89   88   86   85   84   82   81   79   77   75   73   72   71   70   69
   69   69   69   70   69   69   68   68   67   66   65   64   64   63   64   64
   64   65   65   63   64   63   63   59   61                                   
    72.5-180.0 180.0   5.0 450.0                            LAT/LON1/LON2/DLON/H
   56   57   56   61   64   69   73   76   77   79   79   80   81   82   83   85
   87   90   94   97  101  104  106  107  107  106  104  102  100   97   95   92
   91   89   88   87   86   84   83   81   79   76   73   70   68   66   64   63
   63   62   62   62   62   61   60   58   57   56   55   54   53   53   54   54
   55   56   57   55   55   56   57   57   56                                   
    70.0-180.0 180.0   5.0 450.0                            LAT/LON1/LON2/DLON/H
   50   50   50   54   58   62   66   70   73   75   76   78   78   79   80   82
   85   89   93   98  102  106  109  110  110  109  107  104  102   99   97   95
   93   92   91   90   89   88   87   84   81   78   74   70   66   63   61   59
   58   58   57   57   56   55   53   51   50   48   47   46   46   46   47   48
   49   50   51   50   51   51   55   55   50                                   
    67.5-180.0 180.0   5.0 450.0                            LAT/LON1/LON2/DLON/H
   45   45   45   50   54   59   64   69   72   75   77   79   80   81   83   85
   88   92   97  102  107  110  113  114  114  112  109  107  104  101   99   97
   96   95   94   94   93   92   90   87   84   79   74   69   65   61   58   56
   55   54   53   52   51   49   47   45   44   42   41   40   40   40   41   43
   44   45   45   44   44   45   47   47   45                                   
    65.0-180.0 180.0   5.0 450.0                            LAT/LON1/LON2/DLON/H
   38   39   39   44   49   53   59   64   69   74   76   80   82   84   86   88
   91   95  100  106  110  114  117  117  116  114  112  109  106  104  102  101
  100   99   98   98   97   96   94   91   87   82   76   70   65   61   57   55
   53   52   50   49   47   45   42   40   39   37   36   36   36   36   37   38
   39   40   41   40   41   43   44   45   38                                   
    62.5-180.0 180.0   5.0 450.0                            LAT/LON1/LON2/DLON/H
   32   35   35   39   44   48   54   60   67   72   76   81   85   88   90   93
   96  100  105  110  114  118  120  120  118  116  113  110  108  106  105  104
  103  102  101  101   99   98   96   93   89   83   77   71   66   61   57   54
   52   50   48   46   43   41   38   36   35   34   34   33   33   33   33   34
   35   35   36   36   37   37   38   39   32                                   
    60.0-180.0 180.0   5.0 450.0                            LAT/LON1/LON2/DLON/H
   28   31   31   36   40   43   49   55   62   69   75   81   86   91   94   97
  100  104  108  112  116  119  120  120  118  115  113  111  110  109  109  108
  107  106  105  103  102  100   98   95   91   86   80   74   68   63   59   56
   53   51   48   44   41   37   35   33   33   33   32   32   31   31   30   31
   31   31   31   31   33   34   35   35   28                                   
    57.5-180.0 180.0   5.0 450.0                            LAT/LON1/LON2/DLON/H
   25   29   30   34   38   41   46   52   59   66   73   81   87   93   98  101
  104  108  111  115  118  120  121  120  118  116  114  113  114  114  115  114
  113  112  110  108  106  104  102   99   95   91   85   79   74   69   65   61
   58   54   50   46   41   37   35   34   34   34   35   35   34   32   31   30
   29   28   29   29   30   31   33   33   25                                   
    55.0-180.0 180.0   5.0 450.0                            LAT/LON1/LON2/DLON/H
   26   31   31   35   38   41   45   50   57   63   71   79   87   94   99  103
  107  109  112  115  118  120  120  120  118  117  116  117  118  119  121  121
  120  117  115  112  110  109  107  104  101   97   92   87   82   77   73   69
   65   60   54   48   43   38   36   36   37   38   39   39   37   35   33   31
   29   28   28   28   30   31   33   33   26                                   
    52.5-180.0 180.0   5.0 450.0                            LAT/LON1/LON2/DLON/H
   28   33   33   38   40   43   47   51   56   62   68   77   85   92   99  103
  107  110  112  115  117  119  120  120  119  119  119  120  122  125  126  127
  125  123  120  118  116  115  113  112  109  106  102   97   92   87   83   78
   73   67   60   53   46   41   39   39   41   44   45   45   43   40   36   34
   32   30   30   29   31   33   35   35   28                                   
    50.0-180.0 180.0   5.0 450.0                            LAT/LON1/LON2/DLON/H
   33   38   38   42   44   47   50   54   58   62   68   75   82   90   97  102
  106  110  113  115  118  119  121  121  121  122  123  125  127  130  131  131
  130  128  126  124  123  122  122  120  118  115  112  108  103   98   93   88
   82   75   67   59   51   46   44   45   47   51   52   52   50   46   42   39
   37   35   35   33   35   37   40   40   33                                   
    47.5-180.0 180.0   5.0 450.0                            LAT/LON1/LON2/DLON/H
   38   43   42   47   48   52   56   59   62   65   69   74   81   88   95  101
  106  110  114  117  120  122  124  125  126  127  128  130  132  134  135  134
  133  132  130  130  130  131  131  130  128  125  122  118  113  108  102   97
   90   82   74   65   57   52   50   52   55   59   61   60   58   54   50   46
   44   42   42   40   41   43   46   45   38                                   
    45.0-180.0 180.0   5.0 450.0                            LAT/LON1/LON2/DLON/H
   42   47   46   50   52   57   62   66   69   71   73   77   81   87   94  101
  107  112  117  121  124  127  129  131  133  134  135  136  137  137  137  136
  135  134  135  136  138  140  140  139  137  134  130  126  121  116  110  104
   97   89   81   72   64   59   58   60   63   67   69   69   66   62   58   55
   53   51   50   48   48   49   52   51   42                                   
    42.5-180.0 180.0   5.0 450.0                            LAT/LON1/LON2/DLON/H
   46   49   48   53   55   62   68   74   78   80   82   83   86   90   96  103
  110  117  122  127  131  135  138  140  142  143  144  143  142  141  139  138
  137  138  140  142  146  148  149  148  145  141  137  133  128  122  116  109
  102   94   86   78   71   67   66   68   72   75   77   77   74   71   67   64
   62   60   59   56   55   56   57   56   46                                   
    40.0-180.0 180.0   5.0 450.0                            LAT/LON1/LON2/DLON/H
   48   51   49   54   57   65   74   82   88   92   93   94   95   97  102  109
  117  124  130  136  140  144  147  151  153  154  154  152  149  146  143  142
  142  144  147  151  155  158  158  156  153  148  143  138  133  126  120  113
  106   98   91   83   77   74   73   75   79   83   84   84   82   79   76   74
   71   69   67   63   62   61   62   60   48                                   
    37.5-180.0 180.0   5.0 450.0                            LAT/LON1/LON2/DLON/H
   50   52   49   55   58   67   79   90   99  105  107  108  108  109  113  119
  127  134  140  146  150  154  158  162  165  166  166  163  159  155  152  152
  153  156  159  163  167  170  170  167  161  156  150  144  138  131  124  116
  109  102   94   88   82   80   80   82   85   88   90   90   88   86   84   82
   80   77   75   70   67   65   65   63   50                                   
    35.0-180.0 180.0   5.0 450.0                            LAT/LON1/LON2/DLON/H
   53   53   51   57   60   70   83   97  109  118  122  124  124  125  128  133
  139  145  151  156  160  164  168  172  176  179  179  177  173  169  168  169
  172  175  179  182  185  186  185  180  174  166  160  153  146  138  130  122
  113  106   98   91   87   85   85   88   90   93   94   94   93   92   90   89
   86   83   80   76   71   69   67   65   53                                   
    32.5-180.0 180.0   5.0 450.0                            LAT/LON1/LON2/DLON/H
   58   57   54   60   64   73   87  103  117  129  137  141  142  143  145  149
  154  158  162  166  169  173  178  183  188  192  194  193  191  190  192  196
  201  205  208  209  210  209  206  199  191  183  175  167  159  150  140  130
  120  111  102   95   91   89   90   91   93   95   96   97   97   96   95   94
   92   88   85   80   75   72   70   68   58                                   
    30.0-180.0 180.0   5.0 450.0                            LAT/LON1/LON2/DLON/H
   66   63   61   65   69   78   91  107  124  139  149  156  159  161  164  166
  169  172  174  176  179  182  187  193  200  207  211  213  215  218  224  232
  239  244  245  244  242  239  233  226  216  206  197  187  178  167  155  143
  130  119  108  100   95   93   93   94   95   96   96   97   98   99   99   98
   96   93   90   85   80   76   75   71   66                                   
    27.5-180.0 180.0   5.0 450.0                            LAT/LON1/LON2/DLON/H
   75   72   68   72   75   83   95  111  129  145  158  168  174  179  182  184
  185  186  187  188  190  193  198  204  213  222  230  236  242  251  262  274
  284  289  289  286  281  275  268  259  248  237  226  214  202  189  174  159
  144  130  117  107  100   98   97   97   97   96   96   97   99  100  101  102
  100   98   95   90   85   80   80   75   75                                   
    25.0-180.0 180.0   5.0 450.0                            LAT/LON1/LON2/DLON/H
   84   80   76   80   82   89   99  114  131  148  164  176  186  193  197  200
  201  201  201  201  203  206  211  218  228  239  250  261  273  286  303  319
  332  338  337  330  323  315  306  296  285  273  260  246  232  215  197  179
  161  144  128  116  108  105  104  103  100   98   97   97   99  101  103  105
  104  102  100   95   91   86   87   80   84                                   
    22.5-180.0 180.0   5.0 450.0                            LAT/LON1/LON2/DLON/H
   93   88   83   86   88   94  103  115  132  149  165  180  193  203  210  215
  217  218  218  218  220  223  227  234  245  258  272  287  303  322  343  363
  378  384  382  374  364  354  345  335  323  310  295  279  261  242  221  200
  180  160  143  129  121  117  115  112  107  102   99   99  100  102  105  107
  107  107  106  101   97   91   93   85   93                                   
    20.0-180.0 180.0   5.0 450.0                            LAT/LON1/LON2/DLON/H
   97   92   86   90   92   97  105  116  131  148  165  181  196  210  221  228
  233  235  237  238  240  243  247  254  264  278  295  313  333  355  379  402
  418  424  420  411  399  389  380  370  358  344  327  308  288  266  243  221
  200  179  161  147  138  133  130  126  119  111  105  103  103  104  107  109
  110  111  110  105  102   96   98   90   97                                   
    17.5-180.0 180.0   5.0 450.0                            LAT/LON1/LON2/DLON/H
   97   92   86   90   94   98  106  116  130  146  163  180  198  214  228  240
  248  254  258  261  264  267  270  276  286  301  319  339  361  385  410  432
  447  452  448  437  426  415  406  397  385  370  351  330  308  284  261  240
  219  200  183  169  160  155  151  145  135  124  115  109  107  107  109  111
  112  113  113  108  104   99  101   93   97                                   
    15.0-180.0 180.0   5.0 450.0                            LAT/LON1/LON2/DLON/H
   93   88   82   87   91   96  105  115  130  145  161  179  198  217  235  251
  263  273  280  285  289  291  295  300  310  324  342  363  385  409  432  453
  465  469  463  453  441  431  423  413  402  386  366  344  320  297  275  255
  238  221  205  193  184  179  174  166  154  140  127  119  114  111  111  112
  112  113  112  108  104  100  100   92   93                                   
    12.5-180.0 180.0   5.0 450.0                            LAT/LON1/LON2/DLON/H
   85   81   75   81   86   91  102  114  129  144  161  179  199  219  240  260
  277  291  301  308  313  316  319  324  334  348  366  386  406  428  448  464
  473  474  468  457  446  437  430  421  409  393  372  350  326  304  285  268
  253  239  226  214  205  200  194  185  172  156  140  129  121  116  113  112
  111  111  110  106  102   98   97   90   85                                   
    10.0-180.0 180.0   5.0 450.0                            LAT/LON1/LON2/DLON/H
   77   73   67   73   79   85   99  112  129  145  162  180  200  222  245  268
  288  306  319  328  333  337  341  347  357  371  387  406  424  441  456  467
  473  471  464  454  444  436  429  420  408  392  371  349  327  307  290  276
  264  251  239  228  219  214  208  199  186  169  152  138  128  120  115  111
  108  107  105  101   98   95   93   87   77                                   
     7.5-180.0 180.0   5.0 450.0                            LAT/LON1/LON2/DLON/H
   70   67   61   66   72   79   95  110  129  147  164  183  204  226  250  274
  297  316  332  342  349  354  360  367  377  391  407  422  437  450  459  465
