data/edconvlstm_nd/pred2170.15i
     1.0            IONOSPHERE MAPS     GNSS                IONEX VERSION / TYPE
pyspatialgeodesy        IME             05-JAN-18 20:20     PGM / RUN BY / DATE 
Map Name                                                    COMMENT             
Predicted global ionosphere maps (GIM).                     DESCRIPTION         
  2015     8     5     0     0     0                        EPOCH OF FIRST MAP  
  2015     8     6     0     0     0                        EPOCH OF LAST MAP   
  7200                                                      INTERVAL            
    13                                                      # OF MAPS IN FILE   
  NONE                                                      MAPPING FUNCTION    
10.0                                                        ELEVATION CUTOFF    
One-way carrier phase leveled to code                       OBSERVABLES USED    
  6371.0                                                    BASE RADIUS         
 2                                                          MAP DIMENSION       
   450.0 450.0   0.0                                        HGT1 / HGT2 / DHGT  
    87.5 -87.5  -2.5                                        LAT1 / LAT2 / DLAT  
  -180.0 180.0   5.0                                        LON1 / LON2 / DLON  
    -1                                                      EXPONENT            
                                                            END OF HEADER       
[from data line 1287]
     4                                                      START OF TEC MAP    
  2015     8     5     6     0     0                        EPOCH OF CURRENT MAP
    87.5-180.0 180.0   5.0 450.0                            LAT/LON1/LON2/DLON/H
  138  139  138  142  142  141  138  136  136  137  137  137  137  137  137  137
  136  136  135  135  134  134  133  132  132  131  130  130  129  129  128  128
  128  128  128  128  128  128  129  129  129  130  131  131  132  132  133  134
  134  135  135  135  136  136  136  136  136  135  135  135  135  134  134  134
  134  136  134  134  138  137  141  136  138                                   
    85.0-180.0 180.0   5.0 450.0                            LAT/LON1/LON2/DLON/H
  140  149  147  149  150  150  150  149  149  149  149  149  149  149  149  149
  148  148  147  146  146  145  144  143  141  140  139  139  138  137  137  137
  137  137  137  138  138  139  139  140  141  142  143  144  145  146  147  147
  148  149  150  150  151  151  152  152  152  152  151  151  151  150  150  150
  151  152  147  148  143  144  145  142  140                                   
    82.5-180.0 180.0   5.0 450.0                            LAT/LON1/LON2/DLON/H
  150  155  157  152  151  152  151  150  150  150  150  150  150  150  150  149
  149  148  147  146  145  143  141  140  138  137  135  134  133  133  133  133
  133  134  135  136  137  138  139  141  142  144  145  147  148  150  151  152
  154  155  156  157  158  159  159  160  160  160  159  159  158  158  157  157
  156  156  152  153  153  148  145  138  150                                   
    80.0-180.0 180.0   5.0 450.0                            LAT/LON1/LON2/DLON/H
  155  158  154  152  153  152  151  151  150  150  149  149  149  149  149  148
  148  147  146  144  142  140  138  135  132  130  128  127  126  125  125  126
  127  129  131  133  135  137  139  141  144  146  148  150  152  154  157  159
  160  162  164  165  166  167  168  168  169  168  168  167  167  165  164  164
  163  161  158  159  159  157  159  144  155                                   
    77.5-180.0 180.0   5.0 450.0                            LAT/LON1/LON2/DLON/H
  158  158  156  155  152  153  152  150  150  148  146  147  146  146  146  146
  146  146  144  143  140  138  135  131  128  125  123  121  120  120  121  122
  124  127  130  134  137  140  143  146  149  152  155  158  161  164  166  169
  171  174  175  177  178  179  180  181  181  181  180  179  178  176  174  173
  171  170  164  166  166  160  158  152  158                                   
    75.0-180.0 180.0   5.0 450.0                            LAT/LON1/LON2/DLON/H
  155  158  152  153  150  150  148  145  143  141  138  138  137  137  138  138
  138  138  137  136  133  130  126  122  118  115  112  110  109  109  111  114
  117  121  126  130  134  138  142  146  150  153  157  161  164  168  172  175
  178  180  182  183  185  186  186  187  187  186  186  185  183  182  180  178
  176  174  169  165  164  162  161  155  155                                   
    72.5-180.0 180.0   5.0 450.0                            LAT/LON1/LON2/DLON/H
  153  159  154  153  151  149  147  142  139  135  132  131  130  130  130  131
  132  133  132  131  129  126  122  117  113  109  106  104  103  104  107  111
  116  121  126  132  137  142  146  150  154  159  163  168  173  177  181  185
  188  190  191  192  193  193  194  194  194  193  193  192  190  188  186  185
  182  180  176  172  169  165  163  159  153                                   
    70.0-180.0 180.0   5.0 450.0                            LAT/LON1/LON2/DLON/H
  157  159  154  152  148  145  141  135  131  125  121  119  117  117  118  119
  120  121  121  120  118  115  112  107  103   99   96   95   95   96  100  104
  110  116  123  129  134  139  144  148  153  158  164  170  176  181  186  190
  192  194  195  195  195  194  194  194  193  193  193  192  191  189  187  186
  183  181  177  174  171  169  169  164  157                                   
    67.5-180.0 180.0   5.0 450.0                            LAT/LON1/LON2/DLON/H
  155  159  153  150  146  141  136  129  123  116  110  107  105  104  105  106
  107  108  109  108  107  104  101   97   94   90   88   87   87   89   93   98
  105  111  118  124  130  135  139  144  149  155  162  169  176  183  188  192
  194  195  195  194  193  192  191  191  190  190  190  189  188  186  184  183
  181  179  175  173  170  169  168  165  155                                   
    65.0-180.0 180.0   5.0 450.0                            LAT/LON1/LON2/DLON/H
  157  160  154  150  146  140  133  125  118  110  103   99   96   94   94   95
   96   96   97   96   95   94   91   89   86   84   83   82   83   86   90   96
  102  109  115  121  127  131  136  141  147  155  163  172  180  187  193  197
  198  198  197  195  194  192  191  190  190  190  190  189  188  186  184  183
  181  178  175  173  172  171  172  168  157                                   
    62.5-180.0 180.0   5.0 450.0                            LAT/LON1/LON2/DLON/H
  159  163  157  152  148  141  133  124  115  106   98   93   89   87   86   85
   85   85   85   85   84   83   82   81   80   80   80   80   82   85   89   94
  100  106  113  118  123  128  133  139  146  155  164  175  184  192  198  201
  202  202  200  198  196  194  193  193  193  192  192  191  190  188  185  183
  181  178  175  174  173  173  174  172  159                                   
    60.0-180.0 180.0   5.0 450.0                            LAT/LON1/LON2/DLON/H
  162  166  160  155  150  143  135  124  115  105   96   90   85   81   79   77
   76   75   74   73   72   72   73   74   75   77   78   80   82   85   88   93
   98  104  110  115  120  125  131  138  146  156  167  178  188  196  202  205
  206  205  203  201  200  199  198  198  198  198  197  196  194  191  188  185
  182  179  176  175  174  174  176  174  162                                   
    57.5-180.0 180.0   5.0 450.0                            LAT/LON1/LON2/DLON/H
  167  171  166  161  156  148  139  128  117  106   96   88   82   78   74   72
   69   67   65   63   63   64   66   69   73   76   79   82   84   86   89   93
   97  102  108  114  119  125  132  139  149  160  171  183  193  201  206  209
  210  209  208  208  207  207  207  207  207  207  206  204  202  198  193  190
  185  182  179  177  177  177  179  177  167                                   
    55.0-180.0 180.0   5.0 450.0                            LAT/LON1/LON2/DLON/H
  174  177  173  169  164  155  146  134  122  109   97   88   81   75   71   67
   64   61   58   56   56   58   62   67   72   78   82   85   87   89   91   93
   97  102  107  113  119  126  134  143  153  165  177  188  198  205  210  213
  214  215  215  216  217  217  218  219  218  217  216  213  210  205  200  195
  190  186  182  181  180  180  182  180  174                                   
    52.5-180.0 180.0   5.0 450.0                            LAT/LON1/LON2/DLON/H
  181  184  181  177  172  164  155  141  128  113   99   89   80   74   69   65
   61   57   54   53   53   56   61   68   75   81   86   90   91   92   93   94
   97  101  107  114  121  129  138  148  159  171  182  193  202  209  214  217
  219  220  222  224  227  228  229  230  229  227  224  221  217  211  206  200
  195  191  187  185  184  184  186  184  181                                   
    50.0-180.0 180.0   5.0 450.0                            LAT/LON1/LON2/DLON/H
  188  190  188  186  181  173  165  150  135  118  103   91   81   74   68   64
   60   57   54   53   55   59   65   73   81   87   92   95   96   95   95   96
   98  102  108  116  125  134  144  154  166  177  188  198  206  212  217  220
  224  227  230  234  237  239  239  238  236  233  229  225  221  216  210  205
  200  196  192  190  189  189  190  188  188                                   
    47.5-180.0 180.0   5.0 450.0                            LAT/LON1/LON2/DLON/H
  193  196  195  193  189  181  173  158  143  124  108   94   83   75   69   65
   62   59   58   58   60   65   72   80   88   95   99  100  100   99   97   97
   99  104  110  119  129  139  150  161  173  184  194  203  210  216  221  225
  230  234  238  242  246  247  247  244  241  236  231  227  222  218  213  209
  205  201  198  196  194  194  195  193  193                                   
    45.0-180.0 180.0   5.0 450.0                            LAT/LON1/LON2/DLON/H
  197  199  199  197  194  187  180  165  149  130  113   98   87   78   73   69
   66   65   64   66   69   74   82   90   97  102  105  106  104  102  100   99
  101  106  113  122  133  144  156  168  180  191  200  208  215  221  226  232
  237  243  248  252  254  255  253  249  244  238  233  227  223  219  216  213
  210  208  205  204  202  201  201  199  197                                   
    42.5-180.0 180.0   5.0 450.0                            LAT/LON1/LON2/DLON/H
  200  202  201  199  197  190  183  169  154  135  118  104   92   84   78   75
   73   72   73   75   79   85   92   99  106  110  111  111  108  105  103  102
  104  109  117  126  137  149  162  174  187  197  206  214  220  227  234  241
  247  253  258  262  265  265  262  258  251  244  238  232  227  224  222  221
  219  218  216  214  212  210  210  206  200                                   
    40.0-180.0 180.0   5.0 450.0                            LAT/LON1/LON2/DLON/H
  204  204  203  199  197  190  184  171  157  139  123  110  100   91   86   82
   80   80   81   84   88   94  101  108  114  117  117  115  112  109  107  106
  108  113  121  130  141  153  167  180  193  204  213  220  227  235  243  251
  259  266  272  276  279  280  278  274  267  260  252  244  239  235  234  234
  233  233  231  229  226  223  222  216  204                                   
    37.5-180.0 180.0   5.0 450.0                            LAT/LON1/LON2/DLON/H
  211  209  207  200  197  189  182  170  158  142  128  117  107  100   94   90
   88   88   89   92   96  102  109  116  120  123  122  120  117  114  112  111
  113  118  125  134  145  157  171  185  199  210  220  227  235  244  254  264
  274  282  289  295  300  303  304  301  295  287  278  269  262  257  254  254
  254  254  252  249  245  241  239  231  211                                   
    35.0-180.0 180.0   5.0 450.0                            LAT/LON1/LON2/DLON/H
  224  220  215  204  199  188  180  169  158  145  133  123  115  108  103   98
   95   94   95   97  102  108  115  122  127  129  128  126  123  120  118  117
  119  123  129  137  147  159  174  189  204  216  226  235  244  254  266  278
  290  300  310  320  329  336  340  340  335  327  317  306  296  289  285  284
  283  282  280  275  270  265  262  251  224                                   
    32.5-180.0 180.0   5.0 450.0                            LAT/LON1/LON2/DLON/H
  244  239  231  216  207  193  181  169  158  146  136  128  121  115  109  104
  100   98   98  100  105  111  120  127  133  135  134  132  129  126  124  123
  124  127  133  140  149  161  175  191  207  221  232  241  251  263  277  292
  307  320  334  348  363  375  384  387  385  377  365  352  339  329  323  320
  318  316  313  306  300  293  288  276  244                                   
    30.0-180.0 180.0   5.0 450.0                            LAT/LON1/LON2/DLON/H
  273  267  256  236  224  204  188  173  161  149  140  132  126  119  113  107
  102   99   99  101  106  114  124  133  140  143  141  138  135  132  129  128
  128  130  134  141  149  160  175  191  208  223  235  246  257  271  287  305
  322  340  359  379  399  418  431  438  437  430  417  402  387  374  366  361
  357  353  349  340  333  323  318  305  273                                   
    27.5-180.0 180.0   5.0 450.0                            LAT/LON1/LON2/DLON/H
  307  303  288  267  249  224  203  184  168  155  144  136  128  121  114  107
  102   98   98  100  107  116  128  140  148  150  149  145  140  136  133  131
  129  130  133  139  147  158  172  189  206  222  236  248  261  277  295  315
  336  358  381  407  433  456  474  483  484  477  464  447  431  417  407  401
  395  390  385  374  364  353  346  335  307                                   
    25.0-180.0 180.0   5.0 450.0                            LAT/LON1/LON2/DLON/H
  344  341  326  303  281  252  225  201  182  164  150  140  131  122  114  106
  100   97   96  100  107  119  133  147  156  158  155  149  143  138  134  130
  127  127  129  134  143  154  169  185  203  219  234  248  263  280  301  324
  347  372  399  428  458  484  504  515  516  508  495  480  464  451  442  435
  428  422  416  403  392  380  372  362  344                                   
    22.5-180.0 180.0   5.0 450.0                            LAT/LON1/LON2/DLON/H
  377  377  362  339  314  282  252  223  200  179  161  147  135  125  115  106
  100   96   96  100  109  122  139  154  163  164  158  150  143  136  130  125
  121  119  121  127  136  149  163  180  198  215  232  247  264  283  305  330
  356  383  411  441  470  496  515  524  525  518  508  495  483  473  465  459
  453  447  440  426  413  401  393  384  377                                   
    20.0-180.0 180.0   5.0 450.0                            LAT/LON1/LON2/DLON/H
  400  403  390  369  342  309  277  246  221  196  174  157  143  130  119  110
  102   99   98  102  112  126  144  159  167  166  158  148  138  129  122  115
  110  108  111  118  129  143  158  175  193  211  229  247  266  286  309  335
  361  388  416  443  469  490  504  511  512  507  500  492  486  480  476  472
  467  461  454  441  426  414  407  398  400                                   
    17.5-180.0 180.0   5.0 450.0                            LAT/LON1/LON2/DLON/H
  411  415  404  384  358  326  295  265  239  213  190  170  154  140  128  118
  110  105  105  108  117  131  147  162  168  164  154  141  129  119  111  104
   98   96   99  108  121  137  153  171  189  209  228  248  269  290  314  339
  365  390  414  436  455  469  478  482  482  480  478  477  477  477  477  476
  472  467  460  447  433  420  414  406  411                                   
    15.0-180.0 180.0   5.0 450.0                            LAT/LON1/LON2/DLON/H
  409  411  402  382  359  329  301  274  251  227  204  184  168  154  142  131
  123  117  115  117  123  135  149  161  164  157  144  130  117  107   99   92
   86   85   89   99  114  131  150  168  187  208  229  251  273  295  318  342
  366  389  408  424  436  442  445  446  446  448  452  457  464  469  472  473
  470  466  460  448  435  422  416  407  409                                   
    12.5-180.0 180.0   5.0 450.0                            LAT/LON1/LON2/DLON/H
  399  397  388  367  346  320  296  274  254  234  214  197  182  169  158  148
  140  133  129  128  131  139  149  156  155  146  132  117  105   96   89   82
   77   76   80   91  107  127  147  167  187  208  231  254  277  299  321  343
  365  385  401  412  417  417  415  414  415  419  428  439  451  460  465  467
  465  462  456  446  434  421  415  406  399                                   
    10.0-180.0 180.0   5.0 450.0                            LAT/LON1/LON2/DLON/H
  386  379  367  344  326  302  282  264  250  234  218  205  194  184  175  166
  158  151  145  141  139  142  145  147  143  132  118  105   95   87   81   75
   71   69   73   85  102  123  145  166  187  209  233  257  280  302  322  343
  364  382  396  403  404  401  397  395  396  403  415  430  444  455  460  462
  460  457  452  443  433  420  414  403  386                                   
     7.5-180.0 180.0   5.0 450.0                            LAT/LON1/LON2/DLON/H
  375  364  348  323  306  284  266  251  240  228  217  208  201  195  189  183
  176  169  161  153  146  142  140  136  129  118  106   95   87   82   77   72
