data/edconvlstm_nd/pred0240.15i
     1.0            IONOSPHERE MAPS     GNSS                IONEX VERSION / TYPE
pyspatialgeodesy        IME             05-JAN-18 20:20     PGM / RUN BY / DATE 
Map Name                                                    COMMENT             
Predicted global ionosphere maps (GIM).                     DESCRIPTION         
  2015     1    24     0     0     0                        EPOCH OF FIRST MAP  
  2015     1    25     0     0     0                        EPOCH OF LAST MAP   
  7200                                                      INTERVAL            
    13                                                      # OF MAPS IN FILE   
  NONE                                                      MAPPING FUNCTION    
10.0                                                        ELEVATION CUTOFF    
One-way carrier phase leveled to code                       OBSERVABLES USED    
  6371.0                                                    BASE RADIUS         
 2                                                          MAP DIMENSION       
   450.0 450.0   0.0                                        HGT1 / HGT2 / DHGT  
    87.5 -87.5  -2.5                                        LAT1 / LAT2 / DLAT  
  -180.0 180.0   5.0                                        LON1 / LON2 / DLON  
    -1                                                      EXPONENT            
                                                            END OF HEADER       
[from data line 4290]
    11                                                      START OF TEC MAP    
  2015     1    24    20     0     0                        EPOCH OF CURRENT MAP
    87.5-180.0 180.0   5.0 450.0                            LAT/LON1/LON2/DLON/H
   72   68   60   61   64   61   61   57   59   62   62   64   65   67   69   71
   72   74   75   76   77   78   79   79   79   80   80   80   80   80   80   79
   79   79   79   79   79   79   78   78   78   77   77   76   76   75   75   74
   73   72   72   71   70   69   68   67   66   65   64   63   62   61   60   58
   58   57   53   50   56   56   76   84   72                                   
    85.0-180.0 180.0   5.0 450.0                            LAT/LON1/LON2/DLON/H
   73   67   74   54   54   56   56   57   58   61   61   63   65   67   69   72
   74   75   77   78   80   81   81   82   82   83   83   83   83   83   83   83
   83   83   83   83   83   83   82   82   82   81   80   79   79   78   77   76
   75   74   73   72   71   70   69   68   67   66   65   64   62   61   60   59
   58   56   51   48   53   55   64   59   73                                   
    82.5-180.0 180.0   5.0 450.0                            LAT/LON1/LON2/DLON/H
   50   52   54   44   48   50   52   52   53   56   58   61   64   67   70   73
   75   78   80   81   83   84   85   85   86   86   86   86   86   86   85   85
   85   85   85   85   85   84   84   83   82   81   80   79   78   77   75   74
   73   72   71   70   70   68   67   66   65   64   62   61   59   58   56   55
   54   51   47   46   52   61   57   55   50                                   
    80.0-180.0 180.0   5.0 450.0                            LAT/LON1/LON2/DLON/H
   30   35   43   36   38   37   42   44   48   52   55   59   63   67   70   74
   77   79   81   83   84   85   85   85   85   84   84   83   82   82   82   82
   81   82   82   82   81   81   80   79   78   77   75   74   72   71   69   68
   67   66   66   65   64   63   62   61   60   59   57   55   54   52   50   48
   47   45   43   43   44   49   45   51   30                                   
    77.5-180.0 180.0   5.0 450.0                            LAT/LON1/LON2/DLON/H
   41   42   42   38   42   43   48   51   55   58   62   68   73   77   81   85
   88   90   92   93   94   94   93   92   91   89   88   86   85   84   83   83
   83   83   83   83   83   82   81   80   78   75   73   71   69   67   66   65
   64   64   64   64   64   64   64   63   62   61   59   57   55   53   52   50
   48   46   45   45   46   47   46   54   41                                   
    75.0-180.0 180.0   5.0 450.0                            LAT/LON1/LON2/DLON/H
   38   43   45   43   49   52   56   61   66   72   76   82   87   92   96   99
  101  102  103  103  102  100   98   96   93   90   87   84   81   79   78   77
   77   77   77   78   78   78   77   75   73   71   68   65   63   61   60   60
   60   61   62   63   63   64   64   64   63   62   61   59   58   56   55   54
   52   53   52   49   50   49   48   46   38                                   
    72.5-180.0 180.0   5.0 450.0                            LAT/LON1/LON2/DLON/H
   55   57   58   62   64   70   76   80   84   91   96  102  107  111  114  117
  118  118  116  114  112  108  104   99   94   88   83   79   75   71   69   67
   67   67   68   68   69   69   68   67   64   62   58   55   53   51   50   51
   52   53   55   57   59   60   61   61   61   60   59   58   56   55   54   54
   53   53   53   50   51   52   52   56   55                                   
    70.0-180.0 180.0   5.0 450.0                            LAT/LON1/LON2/DLON/H
   60   65   68   73   78   85   90   98  104  112  118  124  129  133  135  136
  136  134  131  128  123  117  111  104   97   90   84   77   71   66   62   59
   58   57   58   58   59   59   59   58   55   53   50   47   44   43   43   43
   45   47   50   52   55   56   58   58   58   58   57   56   55   54   54   54
   53   54   56   55   57   59   63   68   60                                   
    67.5-180.0 180.0   5.0 450.0                            LAT/LON1/LON2/DLON/H
   73   77   80   87   95  103  111  119  126  134  141  147  152  155  157  157
  155  153  148  143  136  129  120  112  103   94   86   77   69   62   56   52
   48   47   46   47   48   48   48   47   45   43   40   38   36   35   35   36
   38   40   43   46   49   51   53   54   54   54   54   53   52   52   51   51
   51   52   53   53   54   59   61   68   73                                   
    65.0-180.0 180.0   5.0 450.0                            LAT/LON1/LON2/DLON/H
   73   79   84   95  103  114  123  133  142  151  159  165  170  173  174  174
  173  169  165  158  150  142  132  122  113  103   93   83   73   64   56   48
   43   39   37   37   37   37   38   37   36   35   33   31   30   29   29   31
   33   35   38   41   44   46   48   49   49   50   50   50   50   49   49   48
   48   49   51   52   54   60   65   74   73                                   
    62.5-180.0 180.0   5.0 450.0                            LAT/LON1/LON2/DLON/H
   76   83   88  100  112  124  135  147  157  166  174  181  186  189  191  191
  191  188  183  176  167  157  147  136  125  115  105   94   83   71   60   50
   42   35   31   29   29   29   30   30   30   30   29   29   28   27   28   28
   30   32   35   37   40   42   43   44   45   46   46   47   47   46   46   45
   44   45   46   46   47   54   59   69   76                                   
    60.0-180.0 180.0   5.0 450.0                            LAT/LON1/LON2/DLON/H
   74   82   90  104  117  131  144  157  168  178  186  192  197  200  203  205
  205  203  199  192  182  171  160  149  139  129  119  108   96   83   70   57
   46   37   31   27   25   25   26   27   29   30   30   31   31   30   30   30
   31   32   34   36   37   39   40   41   42   43   45   45   46   46   45   44
   43   42   42   41   42   49   55   67   74                                   
    57.5-180.0 180.0   5.0 450.0                            LAT/LON1/LON2/DLON/H
   74   84   94  110  125  140  155  169  180  189  196  202  206  209  213  216
  218  217  214  206  196  184  172  161  151  143  134  125  113  100   85   70
   56   44   36   31   28   28   29   31   34   36   38   39   39   39   38   37
   37   37   37   38   39   40   41   42   43   44   46   47   48   48   48   47
   45   43   42   40   40   45   50   63   74                                   
    55.0-180.0 180.0   5.0 450.0                            LAT/LON1/LON2/DLON/H
   78   91  102  120  137  153  169  183  193  202  208  211  214  217  221  225
  229  229  225  217  206  193  180  169  161  154  148  140  130  117  102   85
   70   56   46   40   37   36   38   40   43   46   49   51   52   51   50   48
   46   45   45   45   45   45   45   46   47   48   50   51   53   53   53   52
   49   47   46   43   41   45   49   62   78                                   
    52.5-180.0 180.0   5.0 450.0                            LAT/LON1/LON2/DLON/H
   87  101  115  134  153  170  186  199  209  215  219  221  223  225  228  233
  236  237  233  224  212  199  186  176  169  164  160  154  145  133  117  100
   84   70   60   53   50   49   50   53   56   60   63   66   67   66   64   62
   60   58   56   56   55   54   54   54   54   55   56   58   59   60   60   59
   57   55   53   50   48   50   52   65   87                                   
    50.0-180.0 180.0   5.0 450.0                            LAT/LON1/LON2/DLON/H
  100  115  132  152  172  190  205  218  226  232  234  234  233  234  237  240
  243  243  238  230  218  205  193  184  178  174  171  165  157  145  130  113
   97   84   74   68   64   63   64   66   69   73   76   79   81   81   79   77
   75   73   71   70   69   67   66   65   64   64   65   66   67   68   68   67
   65   64   63   60   58   59   60   72  100                                   
    47.5-180.0 180.0   5.0 450.0                            LAT/LON1/LON2/DLON/H
  115  130  150  169  190  209  224  236  244  249  250  248  246  245  246  248
  249  248  243  234  223  212  203  195  190  185  181  175  165  152  136  120
  105   93   85   79   77   75   75   77   79   82   86   89   91   92   92   91
   90   88   86   85   83   81   79   77   75   74   74   74   75   75   74   73
   71   71   70   70   69   70   72   82  115                                   
    45.0-180.0 180.0   5.0 450.0                            LAT/LON1/LON2/DLON/H
  128  143  164  184  205  224  239  251  259  265  266  264  261  259  258  257
  256  253  247  239  231  223  216  210  204  198  191  181  169  153  136  120
  106   97   91   87   86   84   84   84   85   87   90   93   96   99  100  101
  101  101  100   98   96   94   91   88   86   83   82   81   81   80   79   77
   75   74   75   77   78   80   86   95  128                                   
    42.5-180.0 180.0   5.0 450.0                            LAT/LON1/LON2/DLON/H
  137  152  172  192  213  232  248  261  270  278  281  281  278  274  271  268
  264  259  253  247  241  237  232  227  220  211  199  185  168  149  130  114
  103   96   93   92   91   90   89   87   87   88   90   93   97  101  104  107
  108  109  109  108  106  103  100   97   93   90   88   86   84   82   80   77
   74   74   75   78   83   89   97  108  137                                   
    40.0-180.0 180.0   5.0 450.0                            LAT/LON1/LON2/DLON/H
  140  156  176  195  216  235  251  265  277  287  293  295  293  290  285  280
  274  267  261  257  254  253  251  246  236  223  206  186  164  142  122  107
   98   95   95   96   96   95   93   90   88   87   89   91   95   99  104  108
  111  113  113  112  110  108  105  102   98   95   92   89   86   83   79   75
   71   69   71   76   83   93  105  118  140                                   
    37.5-180.0 180.0   5.0 450.0                            LAT/LON1/LON2/DLON/H
  140  157  176  195  216  234  251  266  279  292  301  306  306  303  298  292
  284  276  271  268  269  270  268  262  249  232  211  187  162  138  118  105
   98   98  101  104  105  103   99   94   91   89   89   91   94   98  103  107
  111  113  113  112  111  109  106  103  100   96   93   90   87   83   78   72
   66   64   66   70   79   93  107  124  140                                   
    35.0-180.0 180.0   5.0 450.0                            LAT/LON1/LON2/DLON/H
  139  157  178  196  217  234  251  267  281  296  307  314  316  314  309  302
  294  286  281  280  282  283  281  273  258  238  215  190  165  142  124  112
  109  112  117  121  120  116  110  104   99   96   94   95   96   99  103  107
  110  112  112  111  109  107  105  103  100   96   93   90   86   81   76   69
   62   59   60   65   74   91  107  127  139                                   
    32.5-180.0 180.0   5.0 450.0                            LAT/LON1/LON2/DLON/H
  140  162  184  202  223  239  257  271  286  300  312  320  323  321  317  310
  302  295  291  290  291  291  286  276  260  242  221  200  178  158  143  134
  134  139  145  148  145  138  128  120  113  108  106  105  105  106  107  110
  112  113  112  110  108  106  105  103  100   96   93   89   86   81   75   68
   61   57   58   62   71   89  107  130  140                                   
    30.0-180.0 180.0   5.0 450.0                            LAT/LON1/LON2/DLON/H
  146  172  198  215  238  253  270  283  297  309  319  326  328  327  322  316
  309  303  299  297  295  291  284  273  260  246  233  219  204  189  177  172
  173  179  185  185  178  166  153  141  132  127  123  121  119  117  116  117
  117  117  116  114  111  109  107  105  101   97   93   90   86   82   77   71
   64   61   61   65   73   91  110  135  146                                   
    27.5-180.0 180.0   5.0 450.0                            LAT/LON1/LON2/DLON/H
  159  190  219  236  262  276  294  304  315  325  332  336  336  333  328  321
  315  309  304  299  294  286  276  267  259  255  252  248  242  233  225  221
  223  229  232  228  216  198  180  165  154  148  144  140  136  132  129  128
  128  127  126  123  120  116  113  110  105  100   95   91   88   84   80   76
   70   69   69   73   81  100  117  144  159                                   
    25.0-180.0 180.0   5.0 450.0                            LAT/LON1/LON2/DLON/H
  180  214  247  264  293  308  325  333  342  348  351  351  348  343  336  330
  323  317  310  301  290  279  269  264  265  271  280  288  290  286  280  277
  278  281  281  271  252  228  205  186  174  167  162  158  153  148  144  142
  141  141  140  137  133  129  124  118  111  104   98   93   90   86   84   82
   79   80   81   87   95  113  130  157  180                                   
    22.5-180.0 180.0   5.0 450.0                            LAT/LON1/LON2/DLON/H
  205  240  275  295  327  344  362  368  375  378  377  374  368  360  352  344
  337  329  319  306  291  278  269  270  280  298  319  336  344  343  337  331
  329  328  322  307  281  251  224  202  188  179  174  170  165  160  156  155
  156  158  158  155  150  143  136  127  118  109  101   95   91   88   87   86
   86   91   94  102  112  130  147  172  205                                   
    20.0-180.0 180.0   5.0 450.0                            LAT/LON1/LON2/DLON/H
  229  265  302  324  360  379  399  405  411  412  410  404  396  387  378  368
  359  349  336  320  303  289  284  291  311  338  368  390  401  398  388  377
  369  362  350  328  298  265  234  210  194  184  178  174  169  166  164  165
  168  172  174  172  165  157  147  136  124  112  103   96   91   87   87   89
   91   99  104  115  128  146  165  190  229                                   
    17.5-180.0 180.0   5.0 450.0                            LAT/LON1/LON2/DLON/H
  250  285  322  348  387  409  431  439  446  447  446  441  433  424  414  404
  393  381  366  348  330  318  317  330  357  391  423  446  452  444  427  409
  393  378  359  334  302  268  236  211  194  182  174  169  166  164  165  169
  175  181  185  183  176  166  154  141  127  114  103   95   89   86   86   88
   92  103  110  124  140  160  182  208  250                                   
    15.0-180.0 180.0   5.0 450.0                            LAT/LON1/LON2/DLON/H
  263  299  336  365  406  431  455  466  476  481  482  481  476  469  460  450
  438  425  409  391  375  366  369  387  417  452  481  495  493  476  451  423
  398  376  353  327  297  265  235  210  191  177  167  161  158  158  162  168
  177  184  189  187  179  169  156  142  128  114  103   94   88   85   85   87
   91  103  112  129  147  170  198  225  263                                   
    12.5-180.0 180.0   5.0 450.0                            LAT/LON1/LON2/DLON/H
  270  306  344  374  416  443  470  485  499  509  515  519  520  517  511  502
  491  478  463  448  435  430  437  457  485  513  530  532  517  491  458  423
  391  363  338  314  288  261  235  212  192  175  162  153  150  151  157  165
  174  182  185  183  176  165  153  141  127  114  102   94   88   84   84   86
   90  102  113  130  152  179  210  238  270                                   
    10.0-180.0 180.0   5.0 450.0                            LAT/LON1/LON2/DLON/H
  271  310  347  377  418  447  476  494  513  528  541  552  560  563  561  555
  546  536  524  513  504  503  511  529  549  564  565  551  525  492  454  415
  379  348  323  302  282  261  241  220  199  180  163  152  147  148  154  162
  170  176  178  174  167  158  148  137  125  114  103   95   89   86   85   87
   90  102  114  132  156  187  220  247  271                                   
     7.5-180.0 180.0   5.0 450.0                            LAT/LON1/LON2/DLON/H
  272  313  349  377  416  446  476  496  519  539  558  576  591  601  604  602
  597  591  585  578  574  575  582  592  600  598  582  555  522  486  447  408
