data/edconvlstm_nd/pred0440.15i
     1.0            IONOSPHERE MAPS     GNSS                IONEX VERSION / TYPE
pyspatialgeodesy        IME             05-JAN-18 20:20     PGM / RUN BY / DATE 
Map Name                                                    COMMENT             
Predicted global ionosphere maps (GIM).                     DESCRIPTION         
  2015     2    13     0     0     0                        EPOCH OF FIRST MAP  
  2015     2    14     0     0     0                        EPOCH OF LAST MAP   
  7200                                                      INTERVAL            
    13                                                      # OF MAPS IN FILE   
  NONE                                                      MAPPING FUNCTION    
10.0                                                        ELEVATION CUTOFF    
One-way carrier phase leveled to code                       OBSERVABLES USED    
  6371.0                                                    BASE RADIUS         
 2                                                          MAP DIMENSION       
   450.0 450.0   0.0                                        HGT1 / HGT2 / DHGT  
    87.5 -87.5  -2.5                                        LAT1 / LAT2 / DLAT  
  -180.0 180.0   5.0                                        LON1 / LON2 / DLON  
    -1                                                      EXPONENT            
                                                            END OF HEADER       
[from data line 3432]
     9                                                      START OF TEC MAP    
  2015     2    13    16     0     0                        EPOCH OF CURRENT MAP
    87.5-180.0 180.0   5.0 450.0                            LAT/LON1/LON2/DLON/H
  156  169  171  179  183  186  187  187  189  192  192  193  194  194  195  195
  195  194  193  192  191  190  188  186  184  181  178  176  173  170  167  165
  162  160  157  155  153  151  149  148  147  146  145  145  145  145  145  145
  146  147  147  148  149  150  151  152  153  154  155  156  157  158  159  160
  162  164  163  162  169  169  173  163  156                                   
    85.0-180.0 180.0   5.0 450.0                            LAT/LON1/LON2/DLON/H
  164  176  192  184  185  194  197  200  203  205  206  208  209  210  211  211
  211  211  210  209  208  206  203  201  198  194  191  187  183  179  176  172
  169  165  162  160  157  155  154  152  151  151  150  150  151  151  152  153
  154  155  156  157  158  159  160  161  162  163  164  164  165  166  167  167
  169  170  168  166  168  167  166  164  164                                   
    82.5-180.0 180.0   5.0 450.0                            LAT/LON1/LON2/DLON/H
  145  164  169  168  173  183  190  194  197  201  204  206  208  210  211  212
  213  213  213  212  210  208  205  201  197  192  186  181  175  169  163  158
  153  148  144  141  138  136  134  132  131  131  131  131  132  133  134  136
  138  140  141  143  145  147  148  149  150  151  151  151  151  151  150  150
  151  151  149  149  148  159  150  144  145                                   
    80.0-180.0 180.0   5.0 450.0                            LAT/LON1/LON2/DLON/H
  122  134  141  143  150  157  165  172  177  182  186  189  192  195  197  200
  202  203  204  203  202  200  197  192  187  181  174  166  159  151  143  136
  130  124  119  114  111  108  106  104  104  103  104  105  106  109  111  114
  117  120  124  127  130  132  134  136  137  137  137  136  135  134  132  130
  129  128  125  123  117  121  117  119  122                                   
    77.5-180.0 180.0   5.0 450.0                            LAT/LON1/LON2/DLON/H
  106  110  113  116  125  134  141  149  155  159  163  168  172  176  180  185
  189  193  196  198  198  198  196  192  187  180  172  163  154  145  136  127
  119  112  106  101   97   93   91   89   87   87   87   87   89   91   95   98
  103  107  112  116  120  123  126  128  129  129  128  127  125  122  118  115
  111  107  103  101   96   94   93   97  106                                   
    75.0-180.0 180.0   5.0 450.0                            LAT/LON1/LON2/DLON/H
   86   91   92   98  105  114  118  124  130  134  138  143  148  153  160  167
  174  181  188  193  198  200  200  198  194  189  181  172  163  152  142  133
  124  115  108  102   97   92   88   85   83   81   80   80   82   84   87   91
   96  101  106  111  116  119  122  125  126  126  126  124  122  118  114  109
  103   97   93   87   83   79   76   72   86                                   
    72.5-180.0 180.0   5.0 450.0                            LAT/LON1/LON2/DLON/H
   77   82   82   90   94  102  106  110  113  116  120  124  130  137  145  155
  166  177  188  198  207  213  217  218  216  212  205  197  187  177  166  155
  145  135  127  119  112  105  100   95   90   86   83   82   81   82   84   88
   92   97  103  108  112  116  120  122  124  124  124  123  121  118  113  108
  101   94   89   82   78   74   73   73   77                                   
    70.0-180.0 180.0   5.0 450.0                            LAT/LON1/LON2/DLON/H
   76   82   83   89   92   97   98  100  102  103  106  109  115  123  133  145
  160  175  190  205  218  229  237  242  243  242  237  230  221  211  200  189
  178  166  156  145  136  127  119  111  104   97   92   88   85   84   84   86
   89   93   98  102  106  109  112  115  116  118  119  119  119  117  114  110
  104   97   91   84   80   77   78   75   76                                   
    67.5-180.0 180.0   5.0 450.0                            LAT/LON1/LON2/DLON/H
   80   87   87   93   97  100  100  101  101  101  102  106  112  121  132  147
  164  182  201  220  237  252  263  271  275  276  273  268  260  251  240  229
  217  204  191  178  165  153  142  131  121  112  103   96   91   87   85   85
   86   89   91   94   97   99  101  103  105  108  110  113  115  115  115  113
  108  102   97   89   85   82   82   79   80                                   
    65.0-180.0 180.0   5.0 450.0                            LAT/LON1/LON2/DLON/H
   80   88   88   94   96   98   97   97   96   97   99  103  110  119  132  149
  167  188  210  231  250  268  282  292  298  301  301  297  292  284  275  264
  251  237  222  206  191  175  161  148  135  123  113  103   95   88   83   80
   78   78   78   78   79   80   81   82   84   87   91   95   99  103  105  106
  104  100   97   90   87   85   85   83   80                                   
    62.5-180.0 180.0   5.0 450.0                            LAT/LON1/LON2/DLON/H
   77   83   83   88   90   92   91   91   92   94   98  104  112  124  138  156
  175  197  219  241  261  279  294  305  312  316  317  315  312  307  299  290
  277  262  245  226  208  190  173  158  144  131  119  107   97   88   80   74
   69   65   62   60   59   58   59   60   62   65   70   75   81   87   91   94
   94   92   90   85   82   80   81   80   77                                   
    60.0-180.0 180.0   5.0 450.0                            LAT/LON1/LON2/DLON/H
   69   73   71   76   77   78   78   80   84   89   96  104  115  129  145  163
  183  205  226  247  266  283  297  308  315  319  321  322  321  318  314  306
  295  279  260  239  219  199  181  166  151  138  125  113  101   89   79   69
   61   54   49   45   42   41   41   42   44   47   52   58   64   70   75   79
   80   80   79   75   74   72   73   74   69                                   
    57.5-180.0 180.0   5.0 450.0                            LAT/LON1/LON2/DLON/H
   61   61   58   62   62   62   64   68   75   84   94  106  119  135  153  172
  193  213  233  252  269  283  295  305  311  315  318  321  323  324  322  317
  307  291  271  249  227  207  189  174  161  148  136  123  110   97   84   72
   61   51   44   38   35   33   34   35   37   41   45   50   55   60   65   68
   69   70   70   67   66   64   66   69   61                                   
    55.0-180.0 180.0   5.0 450.0                            LAT/LON1/LON2/DLON/H
   57   54   49   52   51   51   54   60   69   81   94  109  125  142  161  182
  203  223  241  257  271  283  293  300  306  310  313  317  322  326  327  324
  315  299  279  256  234  214  198  184  173  162  150  138  125  110   96   82
   69   57   49   43   39   38   39   41   44   47   50   54   58   61   64   66
   67   67   67   65   65   63   64   67   57                                   
    52.5-180.0 180.0   5.0 450.0                            LAT/LON1/LON2/DLON/H
   60   54   49   50   47   47   51   58   70   84   99  115  132  150  170  191
  213  232  249  263  274  284  292  298  303  307  311  316  322  327  331  329
  320  305  284  262  241  222  208  196  187  177  167  156  142  128  113   98
   84   72   63   57   55   54   56   59   62   65   67   70   72   73   74   74
   73   73   74   72   73   71   72   72   60                                   
    50.0-180.0 180.0   5.0 450.0                            LAT/LON1/LON2/DLON/H
   72   65   59   58   55   55   59   67   79   95  110  126  143  161  181  202
  224  243  259  271  280  288  295  301  306  310  315  320  325  331  334  332
  323  308  288  267  247  231  218  209  200  192  183  172  159  145  131  116
  103   92   83   78   75   76   78   82   86   89   92   93   93   93   92   90
   88   87   88   87   89   87   87   84   72                                   
    47.5-180.0 180.0   5.0 450.0                            LAT/LON1/LON2/DLON/H
   91   84   77   75   72   72   76   84   97  113  128  143  158  175  194  215
  236  254  269  279  287  295  302  309  315  320  325  329  332  335  336  332
  322  307  289  270  253  239  228  219  211  202  193  182  170  157  144  131
  119  109  101   96   93   94   96  100  105  109  112  114  114  113  111  109
  105  105  105  107  109  108  108  101   91                                   
    45.0-180.0 180.0   5.0 450.0                            LAT/LON1/LON2/DLON/H
  111  105   99   98   96   95   99  107  120  136  151  165  178  192  209  228
  248  265  278  287  294  302  310  320  328  334  338  340  340  339  335  328
  317  302  286  271  257  246  236  227  217  207  196  185  173  161  150  138
  128  119  112  106  102  100  101  105  110  116  121  125  127  127  125  123
  120  119  120  123  127  128  127  119  111                                   
    42.5-180.0 180.0   5.0 450.0                            LAT/LON1/LON2/DLON/H
  126  123  119  120  119  118  122  129  143  160  175  188  199  211  226  243
  260  275  286  293  300  307  317  329  340  348  351  350  345  338  330  320
  309  297  286  275  265  255  245  234  221  208  195  182  171  159  149  139
  130  122  114  106   99   94   92   94  100  107  115  121  126  129  129  128
  126  127  128  132  137  138  137  131  126                                   
    40.0-180.0 180.0   5.0 450.0                            LAT/LON1/LON2/DLON/H
  131  132  129  134  136  135  138  146  160  178  195  209  220  231  244  258
  273  285  292  297  302  310  321  335  347  355  357  353  345  335  325  315
  307  300  293  288  282  274  262  248  230  213  197  182  170  158  148  138
  130  121  112  102   91   81   76   76   81   89   99  108  116  121  124  125
  124  124  126  129  134  135  134  130  131                                   
    37.5-180.0 180.0   5.0 450.0                            LAT/LON1/LON2/DLON/H
  126  128  128  137  141  140  144  152  168  189  208  226  239  250  262  274
  286  294  298  301  304  311  322  335  348  355  357  352  343  333  324  319
  317  317  318  318  315  307  294  275  253  230  210  193  179  166  155  145
  136  126  115  102   87   73   64   61   65   73   84   95  104  110  115  116
  116  115  116  117  120  120  120  118  126                                   
    35.0-180.0 180.0   5.0 450.0                            LAT/LON1/LON2/DLON/H
  114  116  117  128  134  132  137  147  165  190  214  237  254  267  279  290
  299  304  305  305  306  311  320  332  343  350  351  348  342  337  335  339
  346  356  365  370  369  361  344  321  294  267  243  223  206  191  178  166
  156  145  133  116   98   81   69   64   66   73   83   93  101  107  111  112
  110  108  106  104  104  100  102  102  114                                   
    32.5-180.0 180.0   5.0 450.0                            LAT/LON1/LON2/DLON/H
  102  101  102  113  119  116  123  134  155  183  213  241  263  281  294  305
  312  315  314  313  312  314  320  328  336  342  346  347  348  352  362  378
  398  419  437  446  446  436  416  388  357  326  299  275  255  237  221  208
  196  184  170  153  132  113   99   93   93   98  105  112  117  120  120  119
  115  110  104   98   95   88   90   88  102                                   
    30.0-180.0 180.0   5.0 450.0                            LAT/LON1/LON2/DLON/H
   95   90   89   99  103  100  107  119  142  173  207  240  268  289  305  317
  324  327  326  324  322  322  323  327  332  338  345  353  364  382  407  439
  475  508  533  544  542  528  505  475  441  407  376  349  325  303  284  268
  256  244  231  213  193  174  160  152  151  153  156  157  156  152  148  143
  135  126  117  106  101   90   90   83   95                                   
    27.5-180.0 180.0   5.0 450.0                            LAT/LON1/LON2/DLON/H
   97   88   82   91   93   89   97  109  132  164  200  237  268  293  312  325
  334  338  340  339  337  334  332  331  334  340  352  370  395  430  473  522
  572  616  645  655  647  628  602  570  536  501  467  437  408  383  360  343
  331  321  310  296  279  263  249  241  237  235  232  226  216  203  191  181
  168  157  143  129  121  107  104   91   97                                   
    25.0-180.0 180.0   5.0 450.0                            LAT/LON1/LON2/DLON/H
  108   96   85   91   92   89   97  108  131  161  197  233  266  293  314  330
  341  348  353  354  353  349  345  341  343  352  371  401  442  494  554  618
  678  725  752  755  741  717  690  660  628  594  559  526  494  464  439  421
  410  404  398  390  379  366  355  345  338  331  322  308  289  267  246  229
  211  196  178  162  151  136  130  110  108                                   
    22.5-180.0 180.0   5.0 450.0                            LAT/LON1/LON2/DLON/H
  126  112   95   99  100   97  106  117  138  166  199  233  264  292  315  332
  346  357  364  369  369  365  360  356  359  375  404  447  503  569  640  708
  768  811  830  825  804  777  752  726  699  668  634  599  563  530  504  486
  477  474  473  471  464  455  445  435  425  414  401  381  356  327  300  277
  256  239  217  200  185  170  162  137  126                                   
    20.0-180.0 180.0   5.0 450.0                            LAT/LON1/LON2/DLON/H
  146  133  111  111  113  111  122  133  153  178  206  236  265  292  315  335
  351  365  375  381  383  380  375  375  385  409  449  504  571  642  711  773
  823  855  863  850  825  799  778  758  737  710  677  641  603  567  539  520
  512  511  513  513  509  502  493  482  470  458  443  423  396  365  336  311
  289  273  251  234  217  201  193  165  146                                   
    17.5-180.0 180.0   5.0 450.0                            LAT/LON1/LON2/DLON/H
  162  152  129  124  126  125  138  151  170  193  217  243  269  295  318  340
  358  374  386  394  396  394  392  398  417  451  502  565  633  698  754  801
  836  854  852  833  808  786  770  757  741  717  686  648  608  569  538  518
  509  507  508  507  502  495  485  474  462  451  438  422  399  371  345  321
  301  287  268  253  236  221  213  187  162                                   
    15.0-180.0 180.0   5.0 450.0                            LAT/LON1/LON2/DLON/H
  167  162  142  135  135  136  151  166  186  208  230  253  277  301  326  349
  370  387  400  408  410  410  413  426  453  498  555  619  678  726  764  793
  812  819  810  789  766  749  740  733  721  700  668  628  585  543  509  485
  472  466  462  458  451  442  432  421  410  401  394  384  370  350  329  308
  292  280  265  252  238  223  215  194  167                                   
    12.5-180.0 180.0   5.0 450.0                            LAT/LON1/LON2/DLON/H
  162  161  146  138  137  140  157  175  199  222  244  266  288  313  338  363
  386  406  420  427  429  430  437  457  492  543  600  655  698  728  747  761
  768  767  754  735  717  706  702  700  691  670  637  596  549  504  465  436
  417  405  396  387  378  367  356  345  336  332  331  330  325  313  299  283
  269  259  248  235  224  210  201  183  162                                   
    10.0-180.0 180.0   5.0 450.0                            LAT/LON1/LON2/DLON/H
  149  149  140  134  133  136  157  179  206  234  258  281  304  330  357  384
  410  431  446  453  455  457  467  491  531  582  632  673  699  713  719  721
  720  714  703  689  677  672  672  672  664  643  610  566  517  467  423  389
  365  347  333  321  310  299  289  280  275  276  281  286  286  280  270  256
  244  234  223  211  201  188  178  160  149                                   
     7.5-180.0 180.0   5.0 450.0                            LAT/LON1/LON2/DLON/H
  134  134  127  124  123  128  151  177  210  243  272  299  324  352  381  411
  438  461  476  484  486  489  502  528  567  612  652  680  693  695  690  685
