data/edconvlstm_nd/pred1420.15i
     1.0            IONOSPHERE MAPS     GNSS                IONEX VERSION / TYPE
pyspatialgeodesy        IME             05-JAN-18 20:20     PGM / RUN BY / DATE 
Map Name                                                    COMMENT             
Predicted global ionosphere maps (GIM).                     DESCRIPTION         
  2015     5    22     0     0     0                        EPOCH OF FIRST MAP  
  2015     5    23     0     0     0                        EPOCH OF LAST MAP   
  7200                                                      INTERVAL            
    13                                                      # OF MAPS IN FILE   
  NONE                                                      MAPPING FUNCTION    
10.0                                                        ELEVATION CUTOFF    
One-way carrier phase leveled to code                       OBSERVABLES USED    
  6371.0                                                    BASE RADIUS         
 2                                                          MAP DIMENSION       
   450.0 450.0   0.0                                        HGT1 / HGT2 / DHGT  
    87.5 -87.5  -2.5                                        LAT1 / LAT2 / DLAT  
  -180.0 180.0   5.0                                        LON1 / LON2 / DLON  
    -1                                                      EXPONENT            
                                                            END OF HEADER       
[from data line 1716]
     5                                                      START OF TEC MAP    
  2015     5    22     8     0     0                        EPOCH OF CURRENT MAP
    87.5-180.0 180.0   5.0 450.0                            LAT/LON1/LON2/DLON/H
  164  160  155  159  160  159  158  156  157  159  159  159  160  160  160  160
  160  159  159  158  158  157  157  156  156  155  155  155  155  155  155  155
  155  156  156  156  157  157  157  157  157  157  157  157  157  157  157  157
  157  156  156  156  155  155  154  154  153  153  152  152  151  151  150  150
  150  152  151  151  154  154  158  160  164                                   
    85.0-180.0 180.0   5.0 450.0                            LAT/LON1/LON2/DLON/H
  157  157  160  160  161  163  163  164  165  166  167  168  168  168  168  168
  168  168  167  167  166  165  164  164  163  163  163  163  163  164  164  165
  166  166  167  168  168  169  169  169  169  170  169  169  169  169  168  168
  167  167  166  166  165  164  164  163  162  161  160  160  159  158  158  158
  159  160  155  156  152  153  157  162  157                                   
    82.5-180.0 180.0   5.0 450.0                            LAT/LON1/LON2/DLON/H
  154  159  159  155  155  157  158  159  161  163  164  165  166  167  167  167
  167  166  165  164  163  162  161  160  159  159  159  159  160  161  162  163
  165  167  168  170  171  172  173  173  174  174  174  173  173  172  172  171
  171  170  169  168  167  166  165  164  163  162  161  159  158  157  156  155
  155  155  151  152  151  153  154  149  154                                   
    80.0-180.0 180.0   5.0 450.0                            LAT/LON1/LON2/DLON/H
  154  158  157  156  156  156  157  159  161  163  164  166  167  167  168  168
  167  166  164  163  161  159  157  155  154  154  153  154  155  156  158  161
  163  166  169  171  174  176  177  178  179  179  179  179  179  179  178  178
  178  177  176  176  175  174  173  171  170  168  167  165  164  162  161  160
  159  158  154  155  154  156  162  151  154                                   
    77.5-180.0 180.0   5.0 450.0                            LAT/LON1/LON2/DLON/H
  159  158  159  159  157  157  157  158  160  162  162  164  166  167  167  167
  167  165  164  161  159  156  153  151  150  149  149  149  151  153  157  161
  165  169  174  178  181  184  186  188  189  190  190  191  191  191  191  191
  191  190  190  189  189  188  186  185  183  181  180  178  176  174  172  170
  168  166  161  161  162  161  162  158  159                                   
    75.0-180.0 180.0   5.0 450.0                            LAT/LON1/LON2/DLON/H
  160  163  159  160  158  158  157  156  158  158  159  160  162  163  164  164
  164  162  160  158  155  151  148  146  143  142  142  143  145  148  152  158
  164  170  175  181  185  189  192  194  196  197  198  199  199  200  201  201
  201  202  201  201  200  199  198  196  195  193  191  190  188  186  184  183
  180  178  172  168  169  169  170  163  160                                   
    72.5-180.0 180.0   5.0 450.0                            LAT/LON1/LON2/DLON/H
  163  168  164  163  160  159  157  155  154  154  153  154  156  157  158  159
  159  158  156  154  152  148  145  142  140  139  138  140  142  146  152  158
  166  173  181  187  193  197  201  203  205  207  209  210  212  213  214  215
  215  215  215  214  212  211  209  207  205  203  202  201  199  198  197  196
  193  191  186  182  179  179  178  174  163                                   
    70.0-180.0 180.0   5.0 450.0                            LAT/LON1/LON2/DLON/H
  170  171  169  165  161  157  153  150  148  145  144  144  145  146  147  148
  148  148  148  146  144  142  139  137  135  134  134  136  139  143  150  158
  166  175  183  191  197  202  205  208  211  213  216  218  221  223  224  225
  225  224  223  220  218  215  212  209  207  205  204  204  204  203  203  203
  201  199  194  190  188  189  190  185  170                                   
    67.5-180.0 180.0   5.0 450.0                            LAT/LON1/LON2/DLON/H
  173  176  173  169  164  158  152  146  142  138  135  134  134  134  135  136
  137  138  138  137  137  135  134  133  132  132  133  135  139  144  151  160
  169  178  187  194  201  206  210  213  217  220  224  227  231  234  235  236
  235  232  229  225  220  216  211  208  205  203  202  202  203  204  205  206
  205  204  200  196  193  195  195  191  173                                   
    65.0-180.0 180.0   5.0 450.0                            LAT/LON1/LON2/DLON/H
  178  181  178  172  167  159  151  143  137  130  126  124  123  122  123  123
  124  124  125  126  126  127  127  128  129  131  133  137  142  148  156  164
  174  183  192  200  206  211  216  220  224  229  234  239  243  247  248  247
  245  241  235  229  222  216  210  205  202  200  199  199  201  202  204  206
  207  206  203  200  198  201  203  198  178                                   
    62.5-180.0 180.0   5.0 450.0                            LAT/LON1/LON2/DLON/H
  182  186  183  176  170  160  151  140  132  124  118  114  112  110  110  109
  109  110  110  111  113  115  117  120  124  129  134  139  146  153  161  170
  179  189  198  205  212  217  222  227  233  239  246  252  257  261  261  260
  255  249  242  234  226  218  211  205  201  198  196  196  198  199  202  204
  206  206  204  202  201  204  206  202  182                                   
    60.0-180.0 180.0   5.0 450.0                            LAT/LON1/LON2/DLON/H
  186  191  186  178  172  162  150  138  128  118  111  106  102   99   97   95
   95   94   95   96   97  100  104  110  116  124  132  141  149  157  166  175
  185  194  203  211  217  223  229  235  242  250  258  266  272  275  275  272
  267  259  250  241  232  224  216  210  204  200  197  196  196  197  199  202
  203  205  204  203  202  205  207  203  186                                   
    57.5-180.0 180.0   5.0 450.0                            LAT/LON1/LON2/DLON/H
  191  196  191  182  176  164  152  138  126  115  106   99   94   90   87   84
   83   82   81   82   83   86   91   99  108  119  130  141  152  162  172  181
  191  201  210  218  226  232  239  247  255  264  273  281  287  291  290  287
  280  272  263  254  245  236  228  221  214  209  204  201  200  199  199  201
  203  205  205  205  204  206  208  204  191                                   
    55.0-180.0 180.0   5.0 450.0                            LAT/LON1/LON2/DLON/H
  197  201  196  187  180  167  154  139  126  113  103   95   88   83   79   77
   75   74   73   73   73   76   81   89  100  113  127  141  154  166  177  187
  198  208  217  227  236  244  252  261  270  280  289  298  304  307  306  302
  296  288  279  270  261  253  245  237  230  223  217  212  207  204  202  203
  205  207  208  208  208  209  210  205  197                                   
    52.5-180.0 180.0   5.0 450.0                            LAT/LON1/LON2/DLON/H
  204  207  202  193  185  171  157  141  127  113  102   93   86   80   77   74
   73   72   71   70   69   70   75   83   94  109  126  142  157  171  183  194
  205  216  227  237  248  258  268  277  287  297  306  314  320  323  323  319
  314  306  297  288  280  271  263  255  248  240  232  224  218  212  208  208
  209  211  213  214  213  213  214  209  204                                   
    50.0-180.0 180.0   5.0 450.0                            LAT/LON1/LON2/DLON/H
  211  213  208  199  189  176  162  145  131  116  104   95   87   81   78   76
   76   77   76   75   73   72   75   82   94  109  127  145  162  177  190  202
  213  225  237  249  262  274  285  296  306  316  324  331  336  339  340  338
  332  325  317  307  298  288  280  272  264  255  246  237  228  221  216  214
  214  217  219  221  221  220  220  215  211                                   
    47.5-180.0 180.0   5.0 450.0                            LAT/LON1/LON2/DLON/H
  216  217  212  204  193  179  166  149  135  121  109   99   91   85   83   83
   84   86   86   85   83   81   82   87   98  114  132  151  168  184  198  210
  222  235  248  262  276  290  303  315  325  334  341  347  352  356  357  356
  352  344  334  323  312  301  292  283  275  266  257  247  237  229  223  221
  221  224  226  228  228  227  227  223  216                                   
    45.0-180.0 180.0   5.0 450.0                            LAT/LON1/LON2/DLON/H
  220  220  215  207  195  182  170  154  141  126  115  105   97   92   90   91
   94   97   99   99   96   94   94   98  108  122  140  159  176  192  206  219
  231  244  258  273  290  306  321  334  344  352  358  363  368  372  375  374
  370  362  350  337  323  310  299  289  281  272  263  254  244  236  230  227
  227  230  233  234  234  233  234  230  220                                   
    42.5-180.0 180.0   5.0 450.0                            LAT/LON1/LON2/DLON/H
  222  219  214  206  195  182  172  158  146  133  122  113  105  101   99  101
  105  109  112  113  111  109  108  112  121  134  151  168  185  201  214  227
  239  252  266  283  300  319  335  349  360  368  373  378  383  388  392  392
  388  379  365  349  333  318  305  294  286  277  268  260  251  243  237  235
  234  236  238  238  238  238  240  236  222                                   
    40.0-180.0 180.0   5.0 450.0                            LAT/LON1/LON2/DLON/H
  222  217  211  202  191  179  171  159  150  139  129  121  114  110  108  110
  114  119  123  124  124  123  123  127  135  147  162  178  194  209  222  234
  245  258  272  288  307  327  345  361  372  380  386  391  397  403  408  410
  406  397  383  365  347  331  318  307  297  288  279  270  262  254  249  245
  244  244  244  243  242  242  244  240  222                                   
    37.5-180.0 180.0   5.0 450.0                            LAT/LON1/LON2/DLON/H
  222  214  207  196  185  173  167  158  151  143  135  129  123  119  117  118
  121  125  129  132  133  134  137  141  149  160  173  188  202  216  228  239
  249  260  273  289  308  329  350  367  380  389  395  401  409  416  423  427
  425  418  405  390  373  358  345  334  323  313  302  291  281  273  266  262
  258  256  254  249  247  246  249  243  222                                   
    35.0-180.0 180.0   5.0 450.0                            LAT/LON1/LON2/DLON/H
  224  214  205  191  180  168  162  156  151  145  140  136  131  127  124  124
  126  129  132  136  139  143  148  154  162  172  183  196  209  221  232  242
  251  260  271  286  304  326  348  367  382  393  400  408  417  427  437  444
  446  442  435  424  414  403  392  381  369  355  340  326  314  303  294  287
  280  275  269  260  255  252  255  247  224                                   
    32.5-180.0 180.0   5.0 450.0                            LAT/LON1/LON2/DLON/H
  230  217  206  189  178  164  159  153  150  146  144  141  138  134  131  129
  129  130  133  137  143  150  158  166  174  183  192  203  214  225  234  243
  250  257  266  279  297  319  342  363  379  392  401  411  422  435  448  459
  466  470  470  469  467  463  457  447  433  415  396  377  361  346  334  323
  312  303  293  280  271  264  265  254  230                                   
    30.0-180.0 180.0   5.0 450.0                            LAT/LON1/LON2/DLON/H
  241  226  213  194  181  165  159  153  150  148  147  146  145  142  138  135
  132  132  134  139  147  157  167  177  185  192  200  208  217  225  233  240
  245  251  259  271  289  311  334  356  373  387  399  410  424  440  457  473
  487  499  510  520  528  534  533  526  510  489  464  440  419  401  384  369
  355  342  328  310  295  284  280  267  241                                   
    27.5-180.0 180.0   5.0 450.0                            LAT/LON1/LON2/DLON/H
  258  241  227  205  190  172  164  157  155  152  152  152  152  149  146  141
  137  135  136  142  152  164  177  188  195  201  205  211  217  224  230  235
  240  245  253  265  283  305  327  349  367  382  394  408  424  443  464  485
  506  527  549  571  591  605  611  605  589  564  535  507  482  460  440  421
  404  389  373  351  330  312  303  286  258                                   
    25.0-180.0 180.0   5.0 450.0                            LAT/LON1/LON2/DLON/H
  281  262  246  222  205  186  176  168  164  161  160  160  160  158  155  150
  144  141  142  148  159  173  187  198  204  207  209  211  215  219  224  229
  234  240  249  263  281  302  324  345  363  378  392  407  425  447  471  497
  524  553  583  614  643  664  675  671  654  628  597  567  540  516  494  474
  456  441  424  397  371  347  332  311  281                                   
    22.5-180.0 180.0   5.0 450.0                            LAT/LON1/LON2/DLON/H
  308  287  269  244  224  204  193  183  178  174  172  172  171  169  165  160
  154  151  151  157  169  183  197  207  211  212  210  208  209  213  217  222
  228  236  248  264  284  305  326  346  363  379  394  410  430  454  480  509
  540  572  608  643  675  699  711  709  693  668  639  610  584  561  541  522
  505  491  474  446  415  385  363  339  308                                   
    20.0-180.0 180.0   5.0 450.0                            LAT/LON1/LON2/DLON/H
  333  312  292  268  244  224  211  201  195  190  186  185  184  181  177  171
  165  161  162  167  178  192  205  213  215  211  206  202  201  203  207  214
  223  234  250  269  290  312  333  351  368  384  401  419  440  465  493  522
  553  586  620  653  683  705  715  714  702  682  658  634  612  593  575  559
  545  533  518  489  455  420  394  367  333                                   
    17.5-180.0 180.0   5.0 450.0                            LAT/LON1/LON2/DLON/H
  356  334  314  290  263  243  229  220  212  206  202  200  197  194  189  183
  177  173  172  176  185  197  208  214  213  206  197  190  187  190  196  205
  218  233  252  274  298  320  341  360  377  394  412  432  454  480  507  536
  564  593  620  647  669  685  693  693  686  673  657  641  626  612  598  585
  574  565  551  522  487  448  420  390  356                                   
    15.0-180.0 180.0   5.0 450.0                            LAT/LON1/LON2/DLON/H
  374  350  331  308  281  260  245  235  227  221  216  213  210  206  200  194
  188  183  181  183  189  198  205  208  204  193  181  173  171  175  184  197
  213  233  255  279  304  327  348  368  387  406  425  446  469  495  522  548
  573  594  613  630  642  651  656  658  657  652  645  637  629  620  611  601
  592  584  571  543  508  467  440  409  374                                   
    12.5-180.0 180.0   5.0 450.0                            LAT/LON1/LON2/DLON/H
  388  364  345  324  297  275  259  248  239  232  227  223  219  214  209  203
  197  191  187  187  189  194  197  196  189  176  162  154  152  159  172  189
  209  232  256  281  306  329  352  373  394  415  436  458  482  508  534  558
  578  593  604  611  615  618  621  624  628  630  631  630  628  624  617  609
  600  592  578  550  517  476  451  422  388                                   
    10.0-180.0 180.0   5.0 450.0                            LAT/LON1/LON2/DLON/H
  399  377  359  338  313  289  271  258  247  239  232  228  223  218  213  208
  202  196  191  187  185  185  185  180  170  155  142  134  134  143  160  181
  205  230  255  280  304  327  350  373  396  419  442  465  489  515  540  563
  581  593  599  600  598  598  599  604  611  618  624  627  628  625  619  610
  600  589  573  547  516  476  456  430  399                                   
     7.5-180.0 180.0   5.0 450.0                            LAT/LON1/LON2/DLON/H
  410  391  373  352  330  305  283  267  253  242  234  228  222  217  212  208
  203  198  191  185  179  175  170  162  149  135  122  116  117  128  148  173
