data/edconvlstm_nd/pred3590.15i
     1.0            IONOSPHERE MAPS     GNSS                IONEX VERSION / TYPE
pyspatialgeodesy        IME             05-JAN-18 20:20     PGM / RUN BY / DATE 
Map Name                                                    COMMENT             
Predicted global ionosphere maps (GIM).                     DESCRIPTION         
  2015    12    25     0     0     0                        EPOCH OF FIRST MAP  
  2015    12    26     0     0     0                        EPOCH OF LAST MAP   
  7200                                                      INTERVAL            
    13                                                      # OF MAPS IN FILE   
  NONE                                                      MAPPING FUNCTION    
10.0                                                        ELEVATION CUTOFF    
One-way carrier phase leveled to code                       OBSERVABLES USED    
  6371.0                                                    BASE RADIUS         
 2                                                          MAP DIMENSION       
   450.0 450.0   0.0                                        HGT1 / HGT2 / DHGT  
    87.5 -87.5  -2.5                                        LAT1 / LAT2 / DLAT  
  -180.0 180.0   5.0                                        LON1 / LON2 / DLON  
    -1                                                      EXPONENT            
                                                            END OF HEADER       
     1                                                      START OF TEC MAP    
  2015    12    25     0     0     0                        EPOCH OF CURRENT MAP
    87.5-180.0 180.0   5.0 450.0                            LAT/LON1/LON2/DLON/H
   75   68   52   43   39   48   43   40   41   40   40   40   40   40   40   40
   40   40   40   40   40   40   40   40   40   40   39   39   39   39   38   38
   38   37   37   37   37   37   37   37   37   37   38   38   39   40   40   41
   42   43   44   44   45   45   46   46   46   46   46   46   45   45   44   44
   43   42   41   42   33   53   56   55   75                                   
    85.0-180.0 180.0   5.0 450.0                            LAT/LON1/LON2/DLON/H
   61   66   47   47   47   57   53   50   50   50   50   50   50   50   50   50
   50   49   49   49   48   48   47   46   46   45   44   44   43   42   42   41
   41   41   40   40   40   40   41   41   41   42   43   44   45   46   47   48
   49   50   51   51   52   53   53   53   53   53   53   52   52   51   50   50
   49   48   49   53   56   63   75   63   61                                   
    82.5-180.0 180.0   5.0 450.0                            LAT/LON1/LON2/DLON/H
   49   39   49   44   42   52   47   44   46   45   46   47   47   47   46   46
   45   44   43   41   40   38   36   34   33   31   30   28   27   27   26   26
   25   25   25   26   26   27   27   28   30   31   33   34   36   38   40   41
   43   44   45   46   47   47   47   47   46   46   45   44   43   42   41   40
   39   38   38   38   46   44   57   59   49                                   
    80.0-180.0 180.0   5.0 450.0                            LAT/LON1/LON2/DLON/H
   56   49   53   44   46   49   47   45   49   48   50   51   52   52   51   51
   50   49   48   46   44   42   40   38   36   35   33   32   31   30   29   29
   29   28   28   29   29   29   30   30   31   33   34   36   37   39   41   43
   45   46   47   48   48   48   48   48   47   46   45   44   42   41   40   39
   37   36   36   36   50   44   58   73   56                                   
    77.5-180.0 180.0   5.0 450.0                            LAT/LON1/LON2/DLON/H
   63   59   51   50   48   51   49   50   54   53   55   57   58   58   58   58
   57   56   54   52   50   48   46   44   42   40   38   37   36   35   34   34
   34   34   34   34   33   33   33   34   34   35   36   38   40   42   44   46
   48   50   51   51   52   52   51   50   49   48   46   44   42   41   39   38
   36   36   36   38   42   45   52   72   63                                   
    75.0-180.0 180.0   5.0 450.0                            LAT/LON1/LON2/DLON/H
   68   57   61   60   56   61   58   59   65   65   66   68   68   68   67   66
   64   63   61   59   57   55   52   50   48   46   45   44   43   42   42   42
   42   42   42   41   40   39   39   38   38   39   39   41   43   45   47   49
   51   52   53   53   53   52   51   50   49   47   46   44   42   41   40   38
   36   36   38   36   40   52   59   72   68                                   
    72.5-180.0 180.0   5.0 450.0                            LAT/LON1/LON2/DLON/H
   71   63   68   66   65   67   66   69   74   74   75   76   75   74   72   70
   68   66   64   62   61   59   57   56   54   53   51   51   50   50   49   49
   49   48   47   46   44   42   41   40   39   39   39   40   42   44   46   48
   49   50   51   51   50   50   49   48   46   45   44   42   41   40   40   39
   38   38   43   43   47   59   67   83   71                                   
    70.0-180.0 180.0   5.0 450.0                            LAT/LON1/LON2/DLON/H
   81   74   79   80   78   81   80   82   88   87   88   87   85   81   77   73
   69   67   64   63   62   61   59   58   57   56   55   54   54   54   53   53
   52   51   49   47   45   43   41   40   39   39   39   40   42   44   46   47
   48   49   49   49   48   48   47   46   45   44   43   43   42   42   43   44
   43   44   50   51   56   71   76   88   81                                   
    67.5-180.0 180.0   5.0 450.0                            LAT/LON1/LON2/DLON/H
   91   86   91   92   88   91   89   91   96   95   94   92   88   82   76   70
   65   61   58   57   56   55   55   54   53   52   51   50   49   48   48   47
   45   43   41   38   36   34   32   31   31   32   33   34   36   37   39   40
   40   40   40   40   40   39   39   38   38   38   38   39   40   41   43   45
   46   48   55   58   66   81   85   96   91                                   
    65.0-180.0 180.0   5.0 450.0                            LAT/LON1/LON2/DLON/H
  101   96  100  101   98   99   96   99  103  102  101   97   92   84   76   69
   62   57   54   52   51   50   50   49   48   46   45   43   42   40   39   37
   34   32   29   27   25   24   23   23   24   26   28   29   31   32   33   33
   33   33   33   33   32   32   32   32   33   33   35   37   39   42   45   49
   51   55   64   67   77   91   95  106  101                                   
    62.5-180.0 180.0   5.0 450.0                            LAT/LON1/LON2/DLON/H
  111  106  109  110  106  106  103  106  110  108  107  103   97   88   79   71
   63   57   53   51   49   48   47   45   43   41   39   37   34   32   30   28
   25   22   20   17   16   16   16   18   20   23   26   28   30   31   31   30
   30   29   28   28   27   27   28   29   30   33   36   40   43   48   53   57
   61   65   74   78   88  101  105  117  111                                   
    60.0-180.0 180.0   5.0 450.0                            LAT/LON1/LON2/DLON/H
  119  115  117  117  112  110  106  108  112  110  109  106  100   92   83   74
   66   60   55   52   49   47   44   41   38   35   33   30   28   26   23   21
   18   15   12   11   10   11   13   16   19   23   27   30   31   31   30   29
   27   25   24   24   24   24   25   27   30   34   39   45   50   56   62   68
   71   76   85   89   97  109  114  125  119                                   
    57.5-180.0 180.0   5.0 450.0                            LAT/LON1/LON2/DLON/H
  127  124  126  124  117  115  109  110  113  111  110  107  102   95   88   80
   72   65   59   55   50   46   42   38   34   31   28   27   25   23   21   18
   15   12   11   10   10   11   14   18   22   27   31   34   35   34   32   29
   27   25   23   23   23   24   26   29   34   39   46   53   60   67   74   80
   84   88   98  101  108  117  123  134  127                                   
    55.0-180.0 180.0   5.0 450.0                            LAT/LON1/LON2/DLON/H
  136  134  136  133  125  121  114  114  115  112  110  107  103   98   92   85
   78   71   64   58   52   46   41   36   32   29   27   26   26   25   23   20
   18   15   14   14   15   17   20   24   29   34   38   40   41   39   37   33
   30   27   26   25   26   28   30   34   40   46   54   62   71   79   86   93
   96  101  111  114  121  126  132  145  136                                   
    52.5-180.0 180.0   5.0 450.0                            LAT/LON1/LON2/DLON/H
  148  148  148  144  136  131  123  120  118  113  110  107  104  100   95   90
   83   76   68   60   53   46   41   36   32   30   30   30   31   30   29   27
   25   23   23   23   25   27   30   34   38   43   47   49   49   47   43   39
   36   33   32   31   32   34   37   41   46   53   61   70   80   88   97  103
  108  113  123  128  134  137  143  156  148                                   
    50.0-180.0 180.0   5.0 450.0                            LAT/LON1/LON2/DLON/H
  162  163  163  159  151  144  135  130  125  118  112  108  105  101   98   94
   87   79   71   62   55   48   42   38   36   35   36   37   38   39   38   36
   34   33   34   35   37   40   42   45   49   52   56   58   58   56   53   49
   46   43   42   41   42   43   46   49   54   60   68   77   87   96  105  112
  117  124  135  140  147  150  155  168  162                                   
    47.5-180.0 180.0   5.0 450.0                            LAT/LON1/LON2/DLON/H
  176  180  178  176  169  161  151  143  136  125  117  111  106  103  100   96
   89   81   72   63   56   51   46   43   42   42   43   45   47   47   46   44
   42   42   44   47   50   52   54   55   58   61   64   66   66   65   63   61
   58   56   55   54   54   55   56   58   61   67   74   83   93  103  112  120
  126  133  145  152  161  164  169  181  176                                   
    45.0-180.0 180.0   5.0 450.0                            LAT/LON1/LON2/DLON/H
  188  194  191  192  186  178  167  158  148  135  124  115  109  105  102   97
   90   81   72   65   59   55   52   50   49   49   50   51   52   51   49   46
   45   47   50   55   58   61   62   62   64   66   70   72   74   75   74   73
   72   71   69   68   68   67   67   67   69   73   80   89   99  108  118  126
  133  142  154  163  172  177  181  192  188                                   
    42.5-180.0 180.0   5.0 450.0                            LAT/LON1/LON2/DLON/H
  196  204  200  203  198  190  179  170  160  145  133  122  114  109  104   98
   90   81   73   67   63   61   60   58   57   56   55   54   52   49   45   42
   42   45   51   57   62   64   66   66   67   70   74   77   81   83   84   85
   85   85   83   82   79   77   76   75   76   80   86   95  105  114  123  132
  140  150  163  172  181  187  190  199  196                                   
    40.0-180.0 180.0   5.0 450.0                            LAT/LON1/LON2/DLON/H
  198  207  203  206  202  195  184  177  169  154  142  130  121  114  108  101
   92   83   76   71   69   69   69   67   63   59   55   51   47   42   37   35
   35   40   47   55   61   65   67   68   69   73   77   82   86   89   92   95
   96   96   94   91   88   85   82   81   82   86   92  101  111  120  130  139
  147  157  171  179  187  192  196  203  198                                   
    37.5-180.0 180.0   5.0 450.0                            LAT/LON1/LON2/DLON/H
  198  205  200  202  198  191  181  176  171  159  148  138  129  121  114  106
   97   88   81   78   78   79   78   74   67   60   52   45   39   34   29   28
   30   35   44   53   61   65   68   70   72   76   81   86   90   94   98  100
  102  101   99   96   92   89   86   86   87   92   99  108  118  128  138  148
  156  166  178  186  191  195  199  207  198                                   
    35.0-180.0 180.0   5.0 450.0                            LAT/LON1/LON2/DLON/H
  198  205  199  196  190  183  173  170  168  160  151  143  135  128  121  114
  105   96   90   88   89   89   85   78   68   58   48   41   35   30   27   27
   30   37   46   56   64   69   72   74   77   81   85   90   94   97  100  102
  103  102   99   95   92   89   88   88   92   97  106  116  127  137  149  159
  168  177  188  193  196  199  204  214  198                                   
    32.5-180.0 180.0   5.0 450.0                            LAT/LON1/LON2/DLON/H
  205  212  203  195  186  177  167  165  164  158  152  146  140  134  129  122
  114  107  102  101  100   97   90   79   67   56   47   41   37   35   34   35
   39   47   56   66   74   78   80   82   84   87   91   94   96   98   99   99
   99   98   95   92   89   87   87   90   95  103  113  124  137  150  163  175
  184  192  202  205  205  207  215  227  205                                   
    30.0-180.0 180.0   5.0 450.0                            LAT/LON1/LON2/DLON/H
  224  232  221  207  196  184  172  167  166  160  154  148  143  139  136  131
  125  119  115  112  108  102   91   79   67   58   52   50   49   50   52   56
   61   68   77   85   90   92   92   92   93   95   97   98   98   97   96   95
   94   92   90   87   86   85   87   91   98  108  120  134  149  164  180  194
  204  212  220  221  221  224  234  249  224                                   
    27.5-180.0 180.0   5.0 450.0                            LAT/LON1/LON2/DLON/H
  259  271  255  237  225  210  194  185  179  170  161  154  148  145  142  139
  135  130  125  120  113  103   91   80   71   66   66   69   73   79   84   89
   94  100  106  110  111  109  106  103  102  103  103  102   99   96   93   91
   89   88   86   85   84   85   88   94  104  116  131  147  163  181  199  216
  228  235  242  242  245  251  262  280  259                                   
    25.0-180.0 180.0   5.0 450.0                            LAT/LON1/LON2/DLON/H
  309  326  307  288  277  260  239  223  209  192  178  166  157  152  149  146
  142  137  131  123  113  102   92   84   81   83   89   99  109  119  127  132
  136  139  140  137  132  125  118  112  109  108  107  105  101   96   91   89
   87   86   86   86   86   88   92  100  111  126  143  161  180  200  221  241
  254  263  269  268  276  286  298  319  309                                   
    22.5-180.0 180.0   5.0 450.0                            LAT/LON1/LON2/DLON/H
  370  393  375  360  352  334  307  281  256  229  206  186  172  163  158  154
  149  142  133  123  112  103   96   95   99  109  122  138  153  165  174  179
  179  176  169  159  148  136  125  118  113  112  110  107  102   96   92   88
   87   87   87   87   88   90   95  104  117  135  154  175  197  220  244  266
  282  293  299  298  311  329  342  364  370                                   
    20.0-180.0 180.0   5.0 450.0                            LAT/LON1/LON2/DLON/H
  430  461  451  445  442  424  393  356  318  279  245  216  195  180  170  163
  155  146  135  124  114  108  108  114  127  144  163  181  198  210  216  216
  211  201  187  171  154  139  127  119  114  113  111  109  104   98   93   90
   88   88   87   87   87   89   94  104  120  140  162  186  211  237  265  291
  311  323  330  331  349  373  388  410  430                                   
    17.5-180.0 180.0   5.0 450.0                            LAT/LON1/LON2/DLON/H
  480  520  525  531  533  519  484  439  389  339  293  255  225  203  187  175
  163  151  139  128  122  121  128  143  162  184  204  221  234  241  242  236
  225  208  190  171  153  137  125  118  114  113  112  110  105   99   94   91
   89   87   86   84   83   85   91  103  121  143  168  195  223  253  284  314
  336  350  359  364  384  414  431  452  480                                   
    15.0-180.0 180.0   5.0 450.0                            LAT/LON1/LON2/DLON/H
  513  562  580  598  607  598  565  516  459  399  345  298  261  232  210  192
  177  162  149  140  137  143  158  180  203  224  240  249  253  252  246  235
  219  200  181  163  147  133  123  117  114  114  113  111  107  101   96   92
   89   86   83   80   79   82   90  104  124  148  174  202  232  265  300  332
  356  372  384  392  414  445  465  484  513                                   
    12.5-180.0 180.0   5.0 450.0                            LAT/LON1/LON2/DLON/H
  529  583  609  633  648  646  618  571  513  451  394  343  300  265  238  215
  196  179  166  159  162  175  196  222  244  259  265  263  255  245  233  218
  202  184  168  154  142  132  125  120  118  117  117  114  109  103   97   93
   89   86   82   79   78   81   91  107  128  153  179  208  239  273  310  343
  368  387  402  414  436  465  487  503  529                                   
    10.0-180.0 180.0   5.0 450.0                            LAT/LON1/LON2/DLON/H
  530  583  609  634  653  657  636  595  543  485  431  381  337  300  269  243
  221  204  191  188  195  214  239  264  280  285  277  262  244  227  212  198
  183  171  160  152  145  139  134  129  126  125  123  119  113  106  100   96
   93   89   85   82   81   85   97  114  136  159  184  211  242  276  312  345
  371  392  409  425  446  473  497  512  530                                   
     7.5-180.0 180.0   5.0 450.0                            LAT/LON1/LON2/DLON/H
  523  568  591  611  631  638  622  590  547  498  451  408  368  332  300  274
  251  233  223  223  234  256  281  300  307  298  278  252  228  209  195  183
