data/edconvlstm_nd/pred3340.15i
     1.0            IONOSPHERE MAPS     GNSS                IONEX VERSION / TYPE
pyspatialgeodesy        IME             05-JAN-18 20:20     PGM / RUN BY / DATE 
Map Name                                                    COMMENT             
Predicted global ionosphere maps (GIM).                     DESCRIPTION         
  2015    11    30     0     0     0                        EPOCH OF FIRST MAP  
  2015    12     1     0     0     0                        EPOCH OF LAST MAP   
  7200                                                      INTERVAL            
    13                                                      # OF MAPS IN FILE   
  NONE                                                      MAPPING FUNCTION    
10.0                                                        ELEVATION CUTOFF    
One-way carrier phase leveled to code                       OBSERVABLES USED    
  6371.0                                                    BASE RADIUS         
 2                                                          MAP DIMENSION       
   450.0 450.0   0.0                                        HGT1 / HGT2 / DHGT  
    87.5 -87.5  -2.5                                        LAT1 / LAT2 / DLAT  
  -180.0 180.0   5.0                                        LON1 / LON2 / DLON  
    -1                                                      EXPONENT            
                                                            END OF HEADER       
[from data line 4290]
    11                                                      START OF TEC MAP    
  2015    11    30    20     0     0                        EPOCH OF CURRENT MAP
    87.5-180.0 180.0   5.0 450.0                            LAT/LON1/LON2/DLON/H
   65   64   57   60   65   62   63   60   62   66   66   68   70   72   73   74
   75   76   76   76   76   75   75   74   73   72   71   70   69   68   68   67
   66   65   65   64   63   63   62   61   61   60   59   59   58   58   58   57
   57   57   56   56   56   55   55   55   54   54   54   53   53   52   52   51
   51   50   47   44   50   52   72   82   65                                   
    85.0-180.0 180.0   5.0 450.0                            LAT/LON1/LON2/DLON/H
   67   67   75   57   59   63   63   65   67   71   72   75   78   80   82   84
   85   86   86   86   85   84   83   81   80   78   76   75   73   72   70   69
   68   66   65   64   62   61   60   59   58   58   57   56   56   56   55   55
   55   55   55   55   55   55   56   56   56   56   56   55   55   55   55   54
   54   53   49   45   51   55   63   57   67                                   
    82.5-180.0 180.0   5.0 450.0                            LAT/LON1/LON2/DLON/H
   43   51   54   46   51   55   59   61   64   69   73   78   82   86   89   92
   94   95   95   94   92   91   88   86   84   81   79   77   76   74   72   71
   69   68   66   65   63   61   60   59   57   56   55   55   54   54   54   54
   54   54   55   55   55   55   55   55   55   55   55   55   54   53   53   51
   51   48   44   43   50   61   57   55   43                                   
    80.0-180.0 180.0   5.0 450.0                            LAT/LON1/LON2/DLON/H
   24   35   44   38   43   43   52   57   64   71   78   86   93   98  103  107
  109  109  108  106  103  100   96   92   88   84   81   79   77   75   73   72
   70   68   66   64   62   60   57   55   54   52   51   51   50   50   51   51
   51   52   52   53   54   54   55   55   55   55   55   55   54   53   52   50
   49   47   44   43   43   50   46   52   24                                   
    77.5-180.0 180.0   5.0 450.0                            LAT/LON1/LON2/DLON/H
   33   35   37   32   39   42   51   58   67   76   86   97  106  115  121  126
  128  129  127  124  119  113  107  102   96   92   88   86   84   83   82   81
   80   78   76   73   70   67   64   61   58   57   55   55   54   55   55   56
   57   58   58   59   60   60   61   62   62   62   62   61   60   59   57   55
   52   50   47   44   43   45   44   52   33                                   
    75.0-180.0 180.0   5.0 450.0                            LAT/LON1/LON2/DLON/H
   29   31   33   31   38   42   51   59   70   82   94  107  118  129  136  142
  144  144  140  135  128  120  112  104   97   92   89   87   86   86   87   87
   86   85   83   80   77   73   69   65   63   61   60   59   60   60   61   62
   64   64   65   66   67   67   68   68   69   69   69   69   68   67   66   64
   61   60   56   51   48   45   41   41   29                                   
    72.5-180.0 180.0   5.0 450.0                            LAT/LON1/LON2/DLON/H
   40   38   38   40   42   46   56   63   74   86   99  113  126  138  146  152
  153  152  147  140  131  120  110  101   93   87   84   82   83   84   86   88
   88   88   86   82   78   73   68   64   61   59   58   59   60   61   63   64
   65   66   66   66   66   67   67   68   68   69   69   69   69   68   67   65
   62   60   56   50   46   45   42   47   40                                   
    70.0-180.0 180.0   5.0 450.0                            LAT/LON1/LON2/DLON/H
   46   44   44   46   48   52   60   69   81   94  108  123  136  148  156  162
  163  161  155  147  136  123  111  100   91   85   82   80   81   84   86   89
   90   89   87   82   77   71   66   62   59   57   58   59   61   63   65   66
   67   67   66   66   65   65   66   66   67   68   69   70   70   70   69   68
   66   64   62   58   55   53   53   57   46                                   
    67.5-180.0 180.0   5.0 450.0                            LAT/LON1/LON2/DLON/H
   57   54   54   57   60   63   72   80   91  103  117  131  144  155  163  168
  169  166  160  150  138  125  111   99   89   82   77   76   77   79   82   85
   86   85   82   77   71   64   59   54   52   52   53   56   59   61   63   64
   65   64   63   61   60   59   59   60   61   63   64   65   66   66   66   65
   64   62   60   56   53   54   52   57   57                                   
    65.0-180.0 180.0   5.0 450.0                            LAT/LON1/LON2/DLON/H
   62   62   63   67   69   74   81   90  101  113  126  139  151  161  169  173
  175  172  166  156  144  130  115  102   90   82   76   73   73   74   76   78
   78   76   72   66   59   53   47   44   42   43   46   50   53   56   58   59
   58   57   55   53   51   51   51   52   53   55   57   59   60   61   61   61
   60   59   59   57   56   58   59   64   62                                   
    62.5-180.0 180.0   5.0 450.0                            LAT/LON1/LON2/DLON/H
   68   70   72   78   81   87   94  103  114  125  137  149  160  169  176  180
  181  179  173  164  151  137  122  107   94   84   76   71   68   68   68   68
   67   64   60   54   47   41   36   33   33   36   39   44   48   51   53   53
   51   49   46   44   43   42   42   44   46   48   51   53   54   55   55   55
   53   53   53   51   51   55   56   62   68                                   
    60.0-180.0 180.0   5.0 450.0                            LAT/LON1/LON2/DLON/H
   71   76   80   87   92   98  106  116  127  138  150  160  169  177  183  187
  189  187  182  172  160  146  130  115  101   89   79   71   66   63   61   60
   58   54   49   43   37   31   28   27   28   31   35   40   44   46   47   46
   44   41   38   36   35   35   36   38   40   43   46   48   50   50   50   50
   48   47   46   45   46   52   55   62   71                                   
    57.5-180.0 180.0   5.0 450.0                            LAT/LON1/LON2/DLON/H
   74   82   89   97  104  112  121  132  143  154  164  173  181  187  192  196
  198  196  191  181  169  155  140  125  110   97   85   75   68   63   59   56
   53   49   44   38   33   29   27   27   29   33   37   41   44   45   45   43
   40   37   35   34   33   34   35   38   41   44   47   49   50   50   49   48
   45   44   42   41   42   48   53   61   74                                   
    55.0-180.0 180.0   5.0 450.0                            LAT/LON1/LON2/DLON/H
   80   91  100  110  118  127  137  149  160  170  179  187  193  198  202  205
  206  204  198  188  176  162  148  134  120  106   94   83   74   67   61   57
   53   49   45   40   36   34   33   33   36   39   43   47   48   48   46   43
   40   38   37   36   37   38   40   43   46   49   51   53   53   53   51   49
   46   43   41   39   40   47   52   61   80                                   
    52.5-180.0 180.0   5.0 450.0                            LAT/LON1/LON2/DLON/H
   87  101  113  124  134  144  155  166  177  186  194  199  203  207  210  213
  212  209  202  191  179  166  154  142  130  118  106   94   84   75   68   63
   58   55   51   48   46   44   44   46   48   51   54   56   55   54   51   48
   45   44   44   45   46   48   50   52   55   58   60   61   60   59   56   53
   49   46   44   42   42   49   54   64   87                                   
    50.0-180.0 180.0   5.0 450.0                            LAT/LON1/LON2/DLON/H
   98  114  128  140  151  162  173  185  194  202  208  211  213  215  217  218
  217  212  203  192  180  169  159  150  141  131  120  108   97   87   79   72
   68   64   62   60   59   59   59   60   62   64   66   67   65   63   59   57
   55   55   56   58   60   61   63   65   67   69   71   70   69   66   63   60
   55   52   50   48   48   54   60   71   98                                   
    47.5-180.0 180.0   5.0 450.0                            LAT/LON1/LON2/DLON/H
  110  127  144  156  168  180  191  202  210  217  219  220  220  221  221  221
  219  212  202  191  181  172  165  159  153  145  135  124  112  100   90   83
   77   74   72   71   72   73   74   75   76   77   78   77   75   73   70   68
   68   69   71   74   75   76   77   79   80   81   81   80   78   74   71   66
   61   58   56   56   57   63   70   81  110                                   
    45.0-180.0 180.0   5.0 450.0                            LAT/LON1/LON2/DLON/H
  120  138  157  170  182  194  205  216  223  228  229  228  225  224  224  223
  219  212  202  192  183  177  173  170  166  159  149  137  124  111   99   90
   84   81   79   80   82   83   84   85   86   86   86   86   84   83   81   80
   81   83   86   88   90   90   90   90   90   91   91   89   86   81   77   72
   67   64   63   64   65   73   81   92  120                                   
    42.5-180.0 180.0   5.0 450.0                            LAT/LON1/LON2/DLON/H
  126  145  164  178  191  204  215  226  232  237  235  232  229  226  225  223
  219  212  203  195  189  186  185  183  179  172  161  147  132  117  104   94
   87   84   83   85   88   90   91   91   91   91   91   91   91   90   90   90
   92   95   97   99  100   99   98   97   97   97   97   95   92   87   82   76
   71   68   68   70   73   82   91  103  126                                   
    40.0-180.0 180.0   5.0 450.0                            LAT/LON1/LON2/DLON/H
  127  147  165  180  194  207  219  231  237  241  239  235  230  227  226  224
  220  214  208  203  200  200  199  197  192  182  169  152  135  118  104   94
   88   85   85   88   91   94   95   94   93   93   93   94   95   96   96   97
   99  101  103  104  104  102  100   99   99   99   99   98   95   90   85   79
   73   70   71   74   78   89   98  110  127                                   
    37.5-180.0 180.0   5.0 450.0                            LAT/LON1/LON2/DLON/H
  124  143  161  176  192  205  219  231  238  242  240  236  231  228  227  225
  222  219  216  215  215  216  215  211  202  189  172  153  134  116  103   94
   89   87   89   93   97   99   99   97   95   94   94   96   97   98   99  100
  101  102  103  102  101  100   98   97   97   98   99   98   96   91   86   80
   74   71   72   75   80   92  102  115  124                                   
    35.0-180.0 180.0   5.0 450.0                            LAT/LON1/LON2/DLON/H
  120  137  154  170  186  200  215  228  237  242  241  237  233  230  229  228
  227  226  227  229  231  232  229  221  207  190  171  150  131  115  104   98
   95   96   99  103  107  107  106  102   99   97   97   98   99  100  100  100
   99   98   97   96   95   94   93   92   93   95   96   96   95   91   86   80
   74   71   72   76   80   93  103  117  120                                   
    32.5-180.0 180.0   5.0 450.0                            LAT/LON1/LON2/DLON/H
  116  133  148  164  181  194  210  224  235  241  243  240  236  234  232  232
  232  234  237  242  245  244  237  224  208  188  168  149  132  120  113  111
  111  114  118  121  123  122  117  111  106  103  102  102  103  102  101   99
   96   93   91   89   88   88   88   89   90   92   93   94   93   91   86   81
   74   71   72   76   81   94  104  119  116                                   
    30.0-180.0 180.0   5.0 450.0                            LAT/LON1/LON2/DLON/H
  117  134  149  163  179  191  207  222  235  243  246  245  243  240  238  237
  238  241  246  251  253  249  238  222  204  185  168  153  141  134  132  134
  139  143  146  147  146  141  133  125  118  113  111  110  109  107  104   99
   95   90   86   84   84   85   86   88   89   91   92   93   92   90   87   81
   75   72   74   79   83   96  108  123  117                                   
    27.5-180.0 180.0   5.0 450.0                            LAT/LON1/LON2/DLON/H
  125  142  158  170  185  196  210  224  237  247  253  254  252  250  247  244
  244  246  251  255  254  246  232  216  200  186  175  166  160  159  163  170
  176  180  181  178  172  162  151  140  132  126  123  121  118  114  110  104
   98   91   86   84   84   86   89   91   92   93   93   92   91   90   87   82
   77   75   77   83   89  102  115  130  125                                   
    25.0-180.0 180.0   5.0 450.0                            LAT/LON1/LON2/DLON/H
  141  159  176  186  201  209  222  233  246  256  263  266  266  263  259  254
  251  251  253  254  249  239  225  211  201  195  191  190  192  197  205  215
  221  222  217  208  195  181  167  155  146  141  137  134  130  125  119  112
  105   97   92   89   89   92   95   97   98   97   95   93   91   89   87   84
   79   79   82   91   98  112  127  141  141                                   
    22.5-180.0 180.0   5.0 450.0                            LAT/LON1/LON2/DLON/H
  162  182  201  209  225  231  242  251  262  272  280  284  285  282  275  268
  261  257  255  252  244  233  222  214  212  216  221  227  235  244  254  263
  265  259  247  230  211  193  177  165  157  153  151  148  144  138  132  124
  116  108  101   97   97  100  103  105  104  102   98   95   92   89   87   84
   81   83   88   99  109  125  141  155  162                                   
    20.0-180.0 180.0   5.0 450.0                            LAT/LON1/LON2/DLON/H
  187  207  228  237  254  261  270  278  288  297  304  309  310  306  297  287
  276  268  262  254  245  235  229  230  237  250  263  275  285  294  302  304
  299  284  262  238  215  194  178  168  164  163  163  161  157  151  145  137
  129  119  111  106  105  107  109  111  110  106  101   96   91   88   85   83
   82   86   94  107  120  138  157  171  187                                   
    17.5-180.0 180.0   5.0 450.0                            LAT/LON1/LON2/DLON/H
  209  230  254  265  284  292  304  311  320  329  337  342  342  337  327  313
  299  286  276  266  257  251  251  260  277  297  315  328  336  339  339  331
  315  290  261  232  207  187  173  166  166  168  171  171  168  162  156  149
  139  129  120  113  111  112  113  114  112  108  102   96   90   86   83   81
   81   88   98  114  130  150  171  186  209                                   
    15.0-180.0 180.0   5.0 450.0                            LAT/LON1/LON2/DLON/H
  225  248  273  288  311  322  337  346  357  366  375  380  381  375  363  347
  330  314  301  290  283  282  289  306  329  352  369  378  378  371  359  339
  312  280  247  216  192  175  165  162  165  171  176  177  175  170  164  157
  147  136  125  118  114  113  114  114  112  108  102   95   89   84   81   79
   80   89  101  119  137  158  181  199  225                                   
    12.5-180.0 180.0   5.0 450.0                            LAT/LON1/LON2/DLON/H
  233  258  286  303  330  347  367  379  392  404  414  421  423  418  405  388
  369  352  338  328  324  327  341  362  386  407  419  417  406  387  363  333
  299  262  228  199  178  165  160  161  167  175  180  182  181  176  170  161
  151  139  128  119  114  112  112  112  111  107  102   95   89   84   80   79
   79   90  103  122  141  164  187  207  233                                   
    10.0-180.0 180.0   5.0 450.0                            LAT/LON1/LON2/DLON/H
  237  263  292  312  343  365  390  406  424  439  452  461  465  462  450  433
  415  397  384  376  375  383  400  421  442  455  455  442  419  390  356  320
  282  245  213  189  173  165  163  167  174  181  186  188  185  181  174  165
  154  142  130  121  115  112  111  110  110  107  102   96   91   86   82   80
   81   92  107  125  144  167  190  210  237                                   
     7.5-180.0 180.0   5.0 450.0                            LAT/LON1/LON2/DLON/H
  237  266  295  317  350  376  406  427  449  467  483  495  502  502  493  479
  462  447  436  430  432  442  458  475  487  488  476  452  421  386  349  310
