data/edconvlstm_nd/pred1310.15i
     1.0            IONOSPHERE MAPS     GNSS                IONEX VERSION / TYPE
pyspatialgeodesy        IME             05-JAN-18 20:20     PGM / RUN BY / DATE 
Map Name                                                    COMMENT             
Predicted global ionosphere maps (GIM).                     DESCRIPTION         
  2015     5    11     0     0     0                        EPOCH OF FIRST MAP  
  2015     5    12     0     0     0                        EPOCH OF LAST MAP   
  7200                                                      INTERVAL            
    13                                                      # OF MAPS IN FILE   
  NONE                                                      MAPPING FUNCTION    
10.0                                                        ELEVATION CUTOFF    
One-way carrier phase leveled to code                       OBSERVABLES USED    
  6371.0                                                    BASE RADIUS         
 2                                                          MAP DIMENSION       
   450.0 450.0   0.0                                        HGT1 / HGT2 / DHGT  
    87.5 -87.5  -2.5                                        LAT1 / LAT2 / DLAT  
  -180.0 180.0   5.0                                        LON1 / LON2 / DLON  
    -1                                                      EXPONENT            
                                                            END OF HEADER       
[from data line 3003]
     8                                                      START OF TEC MAP    
  2015     5    11    14     0     0                        EPOCH OF CURRENT MAP
    87.5-180.0 180.0   5.0 450.0                            LAT/LON1/LON2/DLON/H
  197  189  179  185  190  192  192  192  194  196  197  198  199  200  201  202
  203  203  204  204  205  205  205  205  205  204  204  203  203  202  201  200
  199  198  197  195  194  192  191  189  188  187  185  184  183  182  181  180
  179  179  178  177  177  176  176  175  175  175  175  175  175  175  175  175
  175  176  176  177  183  183  184  188  197                                   
    85.0-180.0 180.0   5.0 450.0                            LAT/LON1/LON2/DLON/H
  178  173  179  178  180  185  186  188  190  192  193  195  196  197  199  200
  201  202  203  204  205  205  205  206  206  206  206  205  205  204  203  202
  201  200  198  197  195  193  192  190  188  187  185  184  183  182  181  180
  179  179  178  178  177  177  176  176  175  175  174  174  174  174  173  173
  174  175  172  173  173  168  172  180  178                                   
    82.5-180.0 180.0   5.0 450.0                            LAT/LON1/LON2/DLON/H
  155  162  161  161  164  171  172  175  177  179  181  183  185  187  189  191
  193  195  196  198  199  200  201  202  202  203  203  203  203  203  202  202
  201  199  198  196  194  191  189  187  185  183  181  179  178  177  176  175
  175  174  174  173  173  172  172  171  171  170  169  168  167  166  165  164
  164  163  160  163  161  163  160  150  155                                   
    80.0-180.0 180.0   5.0 450.0                            LAT/LON1/LON2/DLON/H
  147  149  149  152  153  156  158  162  166  168  170  173  175  178  181  183
  185  188  190  191  193  194  195  196  197  198  199  200  200  200  200  200
  199  198  196  194  191  189  186  183  181  179  177  175  174  173  172  172
  172  172  172  172  171  171  171  170  169  168  167  165  164  162  161  159
  158  156  152  154  150  144  144  136  147                                   
    77.5-180.0 180.0   5.0 450.0                            LAT/LON1/LON2/DLON/H
  150  145  145  147  147  150  150  153  156  158  159  162  165  168  171  174
  177  180  182  185  186  188  190  192  193  195  197  199  201  202  203  204
  204  204  203  201  199  196  193  190  188  185  183  182  181  181  181  181
  182  182  183  183  183  182  182  180  179  178  176  173  171  168  166  163
  160  158  153  153  152  141  138  136  150                                   
    75.0-180.0 180.0   5.0 450.0                            LAT/LON1/LON2/DLON/H
  151  148  144  147  146  149  148  149  152  153  154  156  159  162  165  169
  172  175  178  181  183  186  188  190  193  196  199  202  204  207  209  211
  213  213  212  211  209  206  203  200  197  195  193  192  191  192  192  193
  194  195  196  196  196  195  194  192  190  188  185  182  179  176  173  169
  166  162  158  154  152  144  141  133  151                                   
    72.5-180.0 180.0   5.0 450.0                            LAT/LON1/LON2/DLON/H
  154  153  149  153  150  152  151  150  150  150  150  152  154  157  160  164
  168  171  175  178  181  184  187  190  194  198  202  206  210  214  217  220
  223  224  224  223  221  218  215  212  209  207  205  204  205  205  207  208
  209  210  211  211  210  208  206  203  200  197  193  190  186  182  178  174
  170  166  162  158  155  148  146  142  154                                   
    70.0-180.0 180.0   5.0 450.0                            LAT/LON1/LON2/DLON/H
  159  160  157  160  157  158  156  155  154  152  151  151  153  155  159  162
  166  170  174  178  181  185  189  193  198  202  207  212  217  222  227  230
  233  235  236  235  233  230  226  223  220  218  216  216  217  218  220  221
  222  223  223  222  220  217  214  210  206  201  197  192  188  184  180  176
  172  169  165  161  158  154  155  151  159                                   
    67.5-180.0 180.0   5.0 450.0                            LAT/LON1/LON2/DLON/H
  160  166  165  170  167  169  166  164  161  159  157  157  158  160  163  166
  170  174  177  181  185  189  194  199  204  210  216  221  227  232  237  242
  245  247  248  247  244  241  237  234  231  230  229  230  231  232  233  234
  234  234  233  231  228  224  219  214  208  203  198  193  188  183  179  176
  172  169  165  162  159  156  157  155  160                                   
    65.0-180.0 180.0   5.0 450.0                            LAT/LON1/LON2/DLON/H
  158  167  167  173  171  174  172  169  167  165  162  162  163  164  167  169
  173  176  179  182  186  191  196  202  208  215  222  228  235  240  246  250
  254  256  256  255  252  249  245  242  240  239  239  240  241  242  242  242
  241  240  237  234  229  224  219  213  207  201  195  190  185  179  175  171
  167  165  161  159  158  157  159  157  158                                   
    62.5-180.0 180.0   5.0 450.0                            LAT/LON1/LON2/DLON/H
  150  161  163  169  169  173  172  171  170  168  167  167  168  169  171  173
  175  177  179  182  185  189  195  201  209  217  225  232  239  245  251  256
  260  262  262  261  258  254  251  249  247  248  248  249  250  250  249  247
  245  242  238  234  229  223  218  211  205  200  194  188  182  177  172  167
  162  159  156  153  152  151  153  151  150                                   
    60.0-180.0 180.0   5.0 450.0                            LAT/LON1/LON2/DLON/H
  138  149  152  158  159  164  166  166  167  167  167  169  170  172  173  174
  175  175  176  177  179  183  188  196  204  214  223  232  240  247  253  259
  263  266  267  265  262  259  256  255  255  256  257  258  258  256  254  250
  247  243  239  235  230  224  219  213  208  203  197  192  186  179  173  167
  161  156  152  149  146  144  145  143  138                                   
    57.5-180.0 180.0   5.0 450.0                            LAT/LON1/LON2/DLON/H
  127  135  139  144  145  151  154  156  158  161  163  166  169  171  172  173
  172  172  171  170  171  174  179  187  196  208  219  229  239  247  255  262
  267  271  272  271  269  265  263  263  264  266  268  269  267  264  260  255
  251  246  242  238  234  230  225  221  217  213  208  202  196  188  180  173
  165  160  154  149  144  140  138  135  127                                   
    55.0-180.0 180.0   5.0 450.0                            LAT/LON1/LON2/DLON/H
  119  123  127  130  131  138  141  144  148  151  156  160  164  167  169  169
  168  167  165  163  163  164  169  177  188  200  213  226  237  247  257  265
  273  278  281  280  278  275  274  275  277  280  282  282  279  274  268  262
  258  254  250  247  243  240  237  234  231  228  224  219  212  203  195  186
  177  170  163  156  149  141  137  133  119                                   
    52.5-180.0 180.0   5.0 450.0                            LAT/LON1/LON2/DLON/H
  119  118  120  121  121  127  131  133  138  142  148  153  158  161  163  164
  164  163  161  159  158  159  162  170  181  195  210  225  238  250  261  272
  282  290  294  295  293  290  290  291  294  297  298  297  292  286  279  273
  268  265  262  259  256  254  251  249  247  245  242  237  230  221  212  203
  193  186  178  171  161  150  143  139  119                                   
    50.0-180.0 180.0   5.0 450.0                            LAT/LON1/LON2/DLON/H
  125  120  121  119  118  123  126  128  132  137  142  148  153  156  158  160
  161  161  161  160  159  159  162  169  181  196  212  228  243  257  271  284
  296  306  312  314  313  312  311  312  315  317  317  314  307  299  292  286
  282  279  276  274  270  267  264  262  261  259  256  252  245  236  228  219
  210  204  196  190  179  167  157  152  125                                   
    47.5-180.0 180.0   5.0 450.0                            LAT/LON1/LON2/DLON/H
  138  131  129  126  122  126  127  128  131  136  142  148  152  155  157  159
  162  164  166  166  166  165  168  175  187  202  220  238  254  269  285  300
  315  327  336  339  340  338  338  339  341  341  338  332  323  314  306  300
  297  294  290  286  282  277  273  270  268  265  263  258  252  245  237  230
  223  219  213  208  198  187  176  171  138                                   
    45.0-180.0 180.0   5.0 450.0                            LAT/LON1/LON2/DLON/H
  153  148  144  139  134  135  135  134  137  141  147  152  156  159  161  163
  167  172  176  178  178  178  180  186  198  215  233  252  270  286  303  320
  337  351  362  369  371  370  370  370  370  367  361  351  339  329  321  315
  311  307  302  295  288  281  275  270  266  263  260  256  251  244  239  234
  229  227  224  221  213  205  195  189  153                                   
    42.5-180.0 180.0   5.0 450.0                            LAT/LON1/LON2/DLON/H
  167  165  160  155  148  148  146  144  146  151  157  163  166  168  170  173
  178  184  189  192  193  193  195  202  214  230  250  270  288  306  323  342
  360  378  392  401  406  407  407  406  403  396  385  371  357  345  336  330
  325  319  311  301  290  280  272  265  260  256  252  249  244  239  235  232
  229  229  227  227  221  217  208  202  167                                   
    40.0-180.0 180.0   5.0 450.0                            LAT/LON1/LON2/DLON/H
  176  179  173  168  162  159  157  155  157  163  169  176  181  183  184  188
  193  199  205  208  209  210  211  218  230  247  268  288  308  326  345  365
  386  406  424  437  445  449  449  447  441  430  414  395  377  363  353  346
  339  330  319  305  292  280  269  261  255  250  247  244  240  237  234  230
  227  227  225  225  221  220  215  207  176                                   
    37.5-180.0 180.0   5.0 450.0                            LAT/LON1/LON2/DLON/H
  179  187  181  176  171  166  165  163  166  174  183  192  197  200  203  206
  210  216  221  224  225  225  226  233  245  264  285  307  328  348  369  391
  414  438  460  477  489  495  496  492  483  467  446  423  402  386  374  366
  357  345  330  314  298  285  274  265  259  254  251  249  247  244  241  237
  232  229  224  222  217  218  214  203  179                                   
    35.0-180.0 180.0   5.0 450.0                            LAT/LON1/LON2/DLON/H
  180  191  184  178  173  168  167  167  172  182  193  205  213  218  222  225
  230  234  238  240  239  239  240  247  260  279  302  326  349  372  395  420
  447  475  501  523  539  546  547  542  529  510  484  457  433  415  402  392
  381  367  349  332  316  303  292  284  278  273  271  271  270  268  265  258
  249  240  230  223  215  214  211  197  180                                   
    32.5-180.0 180.0   5.0 450.0                            LAT/LON1/LON2/DLON/H
  182  193  185  178  172  166  166  167  174  186  200  214  225  233  239  244
  249  253  255  256  254  253  255  262  275  295  319  346  372  399  426  455
  486  517  547  572  590  599  600  593  577  555  526  497  471  452  438  427
  415  399  381  363  348  336  328  320  315  311  311  312  313  312  307  297
  282  266  248  234  220  215  210  192  182                                   
    30.0-180.0 180.0   5.0 450.0                            LAT/LON1/LON2/DLON/H
  188  197  185  178  172  165  166  167  174  186  202  218  232  243  253  260
  267  271  273  273  271  270  272  279  292  313  339  368  399  430  462  495
  529  563  594  620  638  647  648  639  623  599  570  540  514  495  483  472
  459  444  426  409  396  387  380  374  369  366  368  371  374  373  366  352
  331  308  281  259  238  225  216  194  188                                   
    27.5-180.0 180.0   5.0 450.0                            LAT/LON1/LON2/DLON/H
  201  206  190  182  176  169  170  170  176  187  201  218  234  248  262  273
  282  289  292  293  291  291  293  299  313  334  362  394  430  466  502  538
  574  607  637  661  677  685  685  676  660  637  610  582  559  543  532  523
  512  498  482  467  455  447  441  436  431  430  433  438  443  442  435  417
  390  361  327  297  268  247  231  205  201                                   
    25.0-180.0 180.0   5.0 450.0                            LAT/LON1/LON2/DLON/H
  219  221  200  190  185  179  179  177  181  189  200  215  232  249  266  282
  295  305  311  314  315  315  317  324  338  360  390  426  465  505  544  582
  615  645  670  690  702  708  707  699  685  666  643  621  603  590  583  576
  567  554  540  526  514  506  499  493  487  486  490  497  504  504  497  478
  449  416  377  342  306  277  256  227  219                                   
    22.5-180.0 180.0   5.0 450.0                            LAT/LON1/LON2/DLON/H
  242  242  216  204  198  193  192  189  189  193  200  212  228  247  267  287
  305  319  330  336  339  342  345  353  368  391  423  461  503  545  585  620
  649  673  691  705  712  715  713  707  697  683  667  652  640  633  628  624
  617  605  590  575  561  549  538  529  521  518  521  529  538  540  535  517
  489  459  421  385  345  310  286  257  242                                   
    20.0-180.0 180.0   5.0 450.0                            LAT/LON1/LON2/DLON/H
  265  265  237  221  214  208  206  202  198  197  200  209  224  244  266  290
  312  331  346  357  364  368  374  383  400  426  460  500  542  583  620  650
  672  689  701  708  711  710  708  703  697  689  681  673  668  666  664  661
  654  642  625  605  585  567  551  536  525  518  519  526  535  539  536  523
  500  476  445  412  374  338  315  288  265                                   
    17.5-180.0 180.0   5.0 450.0                            LAT/LON1/LON2/DLON/H
  281  284  257  238  229  223  220  214  207  201  200  207  221  241  266  291
  317  340  360  375  385  393  401  413  433  462  497  537  576  612  643  667
  684  695  702  704  702  700  697  694  692  689  688  687  688  689  689  685
  677  661  639  613  586  561  538  518  501  491  488  492  498  503  502  494
  479  463  443  416  385  353  334  311  281                                   
    15.0-180.0 180.0   5.0 450.0                            LAT/LON1/LON2/DLON/H
  287  292  269  249  239  232  229  221  212  204  200  206  220  241  266  293
  321  347  370  388  402  412  423  439  463  494  530  566  599  629  654  674
  687  695  698  697  693  690  687  686  687  689  692  696  700  702  701  695
  683  663  636  603  569  537  508  483  463  448  441  441  443  446  446  441
  433  426  415  398  376  351  339  318  287                                   
    12.5-180.0 180.0   5.0 450.0                            LAT/LON1/LON2/DLON/H
  280  287  269  250  240  232  230  223  213  204  200  206  222  244  269  295
  324  351  377  397  413  426  440  460  487  519  552  583  611  636  658  675
  687  693  694  691  688  685  684  685  688  692  697  703  707  708  703  693
  677  652  620  582  543  506  474  446  423  406  394  388  386  384  383  380
  375  374  371  363  351  335  328  309  280                                   
    10.0-180.0 180.0   5.0 450.0                            LAT/LON1/LON2/DLON/H
  265  272  257  240  230  222  223  217  209  201  198  207  224  247  273  299
  326  354  380  402  420  435  451  473  501  533  565  593  618  640  660  676
  686  691  692  690  688  688  690  694  698  702  706  709  710  707  698  683
  661  633  597  558  517  479  447  419  396  376  361  350  342  335  330  324
  321  322  323  321  317  308  306  287  265                                   
     7.5-180.0 180.0   5.0 450.0                            LAT/LON1/LON2/DLON/H
  245  251  238  222  213  206  209  206  200  194  194  206  226  252  277  303
  329  356  382  405  424  440  458  481  510  542  574  602  625  645  663  677
