data/edconvlstm_nd/pred3180.15i
     1.0            IONOSPHERE MAPS     GNSS                IONEX VERSION / TYPE
pyspatialgeodesy        IME             05-JAN-18 20:20     PGM / RUN BY / DATE 
Map Name                                                    COMMENT             
Predicted global ionosphere maps (GIM).                     DESCRIPTION         
  2015    11    14     0     0     0                        EPOCH OF FIRST MAP  
  2015    11    15     0     0     0                        EPOCH OF LAST MAP   
  7200                                                      INTERVAL            
    13                                                      # OF MAPS IN FILE   
  NONE                                                      MAPPING FUNCTION    
10.0                                                        ELEVATION CUTOFF    
One-way carrier phase leveled to code                       OBSERVABLES USED    
  6371.0                                                    BASE RADIUS         
 2                                                          MAP DIMENSION       
   450.0 450.0   0.0                                        HGT1 / HGT2 / DHGT  
    87.5 -87.5  -2.5                                        LAT1 / LAT2 / DLAT  
  -180.0 180.0   5.0                                        LON1 / LON2 / DLON  
    -1                                                      EXPONENT            
                                                            END OF HEADER       
[from data line 858]
     3                                                      START OF TEC MAP    
  2015    11    14     4     0     0                        EPOCH OF CURRENT MAP
    87.5-180.0 180.0   5.0 450.0                            LAT/LON1/LON2/DLON/H
   56   61   55   57   56   56   54   51   52   53   53   53   53   53   53   53
   53   52   52   51   51   50   50   49   49   48   48   48   47   47   47   47
   47   47   47   46   46   46   46   47   47   47   48   48   49   49   50   51
   51   52   53   54   54   55   55   56   56   56   56   56   56   55   55   55
   56   55   53   53   56   69   73   61   56                                   
    85.0-180.0 180.0   5.0 450.0                            LAT/LON1/LON2/DLON/H
   45   58   47   50   51   52   51   50   50   50   50   50   51   51   51   50
   50   49   49   48   48   47   46   46   45   45   45   45   45   45   45   45
   45   46   46   47   47   48   48   49   49   50   51   52   52   53   54   55
   56   57   58   59   60   61   61   62   62   62   62   62   62   61   60   60
   61   60   57   58   63   63   74   63   45                                   
    82.5-180.0 180.0   5.0 450.0                            LAT/LON1/LON2/DLON/H
   46   43   53   46   45   46   45   44   45   46   46   47   48   48   48   48
   47   47   46   45   44   43   41   41   40   39   39   38   38   39   39   40
   40   41   42   43   44   45   46   47   48   49   50   51   52   53   54   56
   57   58   60   61   63   64   65   66   67   67   67   67   67   66   65   64
   63   62   59   56   68   57   60   60   46                                   
    80.0-180.0 180.0   5.0 450.0                            LAT/LON1/LON2/DLON/H
   57   49   51   41   43   40   41   41   42   43   43   45   46   46   47   46
   46   45   44   42   40   39   37   36   35   34   34   34   34   35   36   37
   38   39   41   42   43   45   46   47   48   49   49   50   51   52   54   55
   57   59   62   64   66   69   71   72   74   75   75   75   75   74   73   72
   71   68   67   65   75   65   63   62   57                                   
    77.5-180.0 180.0   5.0 450.0                            LAT/LON1/LON2/DLON/H
   67   55   50   41   38   36   37   38   39   40   41   44   45   47   48   48
   48   47   45   43   40   38   36   34   32   31   30   30   30   31   32   33
   35   37   38   40   41   43   44   44   45   45   46   46   47   48   50   52
   55   58   61   65   69   72   76   79   81   83   84   85   85   84   83   82
   80   78   75   74   76   61   60   60   67                                   
    75.0-180.0 180.0   5.0 450.0                            LAT/LON1/LON2/DLON/H
   67   58   53   44   38   38   38   38   39   40   41   44   46   48   50   50
   50   48   46   44   41   38   35   33   31   30   30   30   31   32   33   34
   36   38   39   40   41   42   42   42   42   42   42   42   42   43   45   47
   51   55   60   65   70   76   81   85   88   91   93   94   94   93   92   91
   88   86   85   80   82   70   66   65   67                                   
    72.5-180.0 180.0   5.0 450.0                            LAT/LON1/LON2/DLON/H
   75   63   58   47   43   43   43   43   43   43   44   47   49   51   52   53
   52   51   49   46   43   40   37   35   34   33   33   34   35   36   37   38
   40   41   42   43   43   43   43   42   42   41   41   40   41   42   44   47
   52   57   64   71   78   85   92   97  102  105  107  108  108  107  105  104
  102  100  100   96   96   82   77   76   75                                   
    70.0-180.0 180.0   5.0 450.0                            LAT/LON1/LON2/DLON/H
   87   72   68   58   50   49   48   47   47   47   47   49   50   52   53   53
   52   50   48   45   42   39   37   36   36   36   37   38   39   41   41   42
   43   43   43   43   43   42   42   41   40   39   39   39   39   41   44   48
   54   61   69   78   87   96  104  111  117  120  122  122  121  119  117  115
  112  110  110  107  106   94   91   87   87                                   
    67.5-180.0 180.0   5.0 450.0                            LAT/LON1/LON2/DLON/H
   90   76   70   61   52   50   49   48   47   46   44   46   46   47   47   47
   46   44   41   39   36   34   33   33   34   35   37   38   39   40   40   40
   40   39   38   37   36   35   35   34   33   33   33   33   34   37   41   46
   53   62   71   81   92  102  112  120  126  129  131  130  128  125  122  119
  116  112  113  110  109  100   96   94   90                                   
    65.0-180.0 180.0   5.0 450.0                            LAT/LON1/LON2/DLON/H
   94   79   72   63   53   51   50   49   48   46   44   44   43   43   43   42
   41   39   37   35   32   31   30   31   33   35   37   39   40   40   39   38
   37   35   34   32   31   29   29   28   28   29   30   31   34   37   42   48
   56   66   77   88  100  112  122  131  137  140  141  141  138  134  130  126
  121  117  117  113  113  105  102  102   94                                   
    62.5-180.0 180.0   5.0 450.0                            LAT/LON1/LON2/DLON/H
   97   81   73   63   54   52   51   50   49   46   44   43   42   41   40   40
   39   37   35   33   31   30   30   31   33   36   38   40   40   40   39   37
   35   33   31   29   27   26   25   26   26   28   30   33   37   41   47   54
   63   74   85   98  110  122  133  141  148  151  153  152  150  146  141  136
  131  125  123  119  119  111  108  107   97                                   
    60.0-180.0 180.0   5.0 450.0                            LAT/LON1/LON2/DLON/H
  100   83   74   61   52   49   48   47   46   44   41   41   39   38   38   37
   37   36   35   33   31   30   30   31   33   35   37   39   39   38   36   34
   32   30   28   26   25   24   24   24   26   28   32   36   41   46   53   60
   70   81   93  105  118  129  140  148  155  159  161  162  161  157  153  148
  141  133  132  127  126  117  113  110  100                                   
    57.5-180.0 180.0   5.0 450.0                            LAT/LON1/LON2/DLON/H
  106   87   76   60   51   46   44   44   43   41   39   38   37   37   37   37
   38   38   37   35   33   31   31   31   33   35   37   37   37   35   33   32
   30   29   28   27   26   25   25   26   28   31   35   41   46   52   60   68
   78   89  101  113  125  136  146  155  161  167  170  172  173  171  167  162
  155  147  144  139  138  127  121  116  106                                   
    55.0-180.0 180.0   5.0 450.0                            LAT/LON1/LON2/DLON/H
  116   96   82   63   52   45   42   40   39   37   35   35   35   35   37   38
   40   40   40   38   35   33   32   33   34   36   36   36   35   34   32   31
   31   31   31   31   30   30   30   30   33   36   41   46   52   59   67   76
   87   98  110  122  133  144  153  161  168  174  178  182  184  184  182  178
  170  162  159  153  153  139  133  125  116                                   
    52.5-180.0 180.0   5.0 450.0                            LAT/LON1/LON2/DLON/H
  131  110   94   72   59   49   44   40   37   35   33   33   34   35   37   40
   42   43   43   41   38   36   35   36   37   38   38   38   36   35   33   33
   34   35   37   38   38   38   37   38   40   43   47   53   60   67   76   86
   97  109  121  133  144  154  162  169  176  181  187  192  195  196  195  191
  184  176  173  167  167  153  147  138  131                                   
    50.0-180.0 180.0   5.0 450.0                            LAT/LON1/LON2/DLON/H
  149  130  111   90   74   62   53   45   40   36   34   34   35   36   39   42
   44   45   45   43   41   40   39   40   41   43   43   42   41   39   37   38
   40   43   46   49   49   49   48   47   48   51   55   61   68   77   87   98
  110  123  136  147  158  167  174  180  185  190  195  200  203  205  205  202
  195  187  183  178  178  166  162  152  149                                   
    47.5-180.0 180.0   5.0 450.0                            LAT/LON1/LON2/DLON/H
  166  150  131  113   96   82   70   57   49   42   38   38   38   39   41   43
   45   46   45   45   44   43   44   46   48   50   50   49   47   45   44   44
   47   52   56   59   61   60   59   58   58   60   64   70   78   87   99  113
  126  140  153  164  174  182  188  193  196  199  203  206  209  210  209  206
  200  193  188  183  183  174  172  164  166                                   
    45.0-180.0 180.0   5.0 450.0                            LAT/LON1/LON2/DLON/H
  177  167  150  138  120  106   92   76   63   53   47   45   44   45   45   46
   46   46   46   46   47   48   50   53   56   58   58   57   55   52   50   51
   54   59   64   69   71   70   69   67   67   69   73   79   88  100  114  129
  144  158  171  182  191  198  203  206  207  208  209  210  211  210  208  205
  199  192  187  181  182  174  175  169  177                                   
    42.5-180.0 180.0   5.0 450.0                            LAT/LON1/LON2/DLON/H
  180  173  161  155  141  127  113   95   80   67   59   56   54   53   51   50
   48   48   48   49   51   54   57   61   64   65   66   64   61   58   55   55
   58   63   69   74   77   77   76   75   75   77   82   89  100  113  128  145
  161  176  188  199  207  214  217  219  218  216  215  213  212  209  206  202
  196  189  183  176  175  168  168  165  180                                   
    40.0-180.0 180.0   5.0 450.0                            LAT/LON1/LON2/DLON/H
  173  168  159  159  150  139  126  110   94   80   72   69   66   64   60   57
   54   53   54   56   60   63   66   69   71   72   72   69   66   62   58   57
   59   64   70   76   80   81   80   80   82   85   91   99  111  126  143  160
  177  190  202  212  220  226  230  230  228  225  221  218  215  211  207  203
  197  189  181  172  168  159  157  154  173                                   
    37.5-180.0 180.0   5.0 450.0                            LAT/LON1/LON2/DLON/H
  160  153  145  147  144  137  127  114  100   89   82   80   78   76   72   67
   64   64   65   68   72   75   77   77   78   77   75   72   68   64   61   59
   61   65   71   76   80   82   83   84   86   91   98  108  121  137  155  172
  188  201  212  221  230  237  241  242  239  236  232  229  226  222  219  216
  211  201  193  181  172  156  151  145  160                                   
    35.0-180.0 180.0   5.0 450.0                            LAT/LON1/LON2/DLON/H
  148  133  123  124  125  121  115  106   97   89   85   86   87   85   83   79
   78   78   81   84   87   88   88   86   83   80   78   74   71   67   64   63
   64   67   72   77   80   82   84   86   90   96  104  116  130  146  164  181
  195  207  217  227  237  246  252  254  254  252  250  248  247  247  246  246
  242  233  224  208  195  170  158  146  148                                   
    32.5-180.0 180.0   5.0 450.0                            LAT/LON1/LON2/DLON/H
  144  119  103  100  101   97   93   88   84   80   81   85   89   91   91   91
   91   94   97  100  101  100   97   93   88   84   80   78   75   72   70   70
   70   72   75   78   80   82   84   86   91   99  109  121  136  152  170  186
  199  210  220  232  244  256  266  272  274  275  276  278  281  284  288  292
  291  284  276  257  239  204  186  166  144                                   
    30.0-180.0 180.0   5.0 450.0                            LAT/LON1/LON2/DLON/H
  157  119   95   83   80   73   69   67   66   66   71   78   85   91   95   98
  102  106  110  112  111  107  102   97   92   88   85   83   82   81   80   79
   79   80   80   81   81   82   83   86   91  100  111  125  139  156  172  188
  200  212  224  239  255  272  286  295  301  306  310  317  324  333  341  349
  352  349  343  321  302  258  235  206  157                                   
    27.5-180.0 180.0   5.0 450.0                            LAT/LON1/LON2/DLON/H
  191  142  108   85   72   59   52   49   49   52   58   67   76   85   92   99
  105  111  114  114  111  107  103   99   96   94   93   92   91   91   91   91
   91   90   88   86   84   82   82   84   90  100  112  126  141  157  173  188
  202  215  231  250  273  294  313  327  336  344  353  363  374  387  400  413
  421  422  418  394  376  327  299  265  191                                   
    25.0-180.0 180.0   5.0 450.0                            LAT/LON1/LON2/DLON/H
  247  189  143  110   87   64   50   43   41   42   47   56   65   75   85   94
  101  106  107  105  102   98   98   99  101  103  103  103  103  104  105  105
  104  102   97   92   86   82   81   82   88   98  111  126  141  158  174  190
  206  223  244  269  297  324  347  364  377  388  399  412  426  442  459  476
  488  496  495  472  455  405  372  340  247                                   
    22.5-180.0 180.0   5.0 450.0                            LAT/LON1/LON2/DLON/H
  320  256  196  156  123   91   68   54   47   45   46   50   57   66   76   85
   91   93   92   88   85   85   90   98  107  113  116  117  117  118  119  120
  118  113  105   96   88   82   79   80   86   96  110  126  142  160  177  195
  215  238  264  295  328  358  384  405  420  433  446  460  475  492  510  531
  548  562  565  547  530  487  452  426  320                                   
    20.0-180.0 180.0   5.0 450.0                            LAT/LON1/LON2/DLON/H
  402  334  264  220  176  137  105   84   70   62   57   56   58   63   70   77
   80   79   74   70   68   73   84  100  115  126  131  132  132  132  133  133
  129  121  110   98   89   81   77   78   83   94  109  127  145  164  184  206
  231  259  291  325  360  392  420  442  459  473  486  499  514  530  548  569
  590  608  616  605  587  558  530  509  402                                   
    17.5-180.0 180.0   5.0 450.0                            LAT/LON1/LON2/DLON/H
  475  413  341  298  243  198  159  130  111   95   83   74   71   71   74   76
   75   69   63   58   59   68   85  106  126  141  148  149  148  146  144  141
  133  122  110   97   87   80   76   75   81   93  110  130  151  172  195  221
  251  284  319  355  390  421  448  469  486  500  512  524  537  550  566  585
  605  624  636  632  615  602  587  571  475                                   
    15.0-180.0 180.0   5.0 450.0                            LAT/LON1/LON2/DLON/H
  524  475  415  377  316  267  222  189  164  142  122  106   97   92   91   88
   81   73   65   61   64   76   96  120  143  159  166  166  161  156  150  142
  132  119  106   95   86   80   75   75   80   93  111  134  158  182  209  239
  272  308  345  380  413  441  465  483  499  512  523  533  541  550  561  575
  591  609  622  624  612  611  608  599  524                                   
    12.5-180.0 180.0   5.0 450.0                            LAT/LON1/LON2/DLON/H
  543  507  466  436  380  332  286  251  223  196  170  149  135  126  120  114
  104   93   85   82   87  101  121  145  166  179  183  180  171  161  150  138
  126  114  103   94   87   82   77   76   81   94  114  139  166  194  223  256
  292  329  365  398  427  451  469  485  497  508  517  524  530  534  539  548
  560  574  586  592  586  593  596  593  543                                   
    10.0-180.0 180.0   5.0 450.0                            LAT/LON1/LON2/DLON/H
  541  517  494  468  425  381  339  307  279  250  222  199  181  170  162  153
  142  132  125  125  132  145  162  180  194  200  198  189  176  161  147  134
  122  111  103   97   91   86   81   79   83   96  118  144  174  204  236  271
  308  345  379  409  433  451  464  475  484  492  499  506  509  511  513  518
  526  537  547  554  555  565  567  567  541                                   
     7.5-180.0 180.0   5.0 450.0                            LAT/LON1/LON2/DLON/H
  530  517  506  481  451  413  375  347  322  296  270  247  230  219  211  201
  191  184  181  185  193  204  214  220  222  218  208  194  177  160  145  131
