data/edconvlstm_nd/pred1470.15i
     1.0            IONOSPHERE MAPS     GNSS                IONEX VERSION / TYPE
pyspatialgeodesy        IME             05-JAN-18 20:20     PGM / RUN BY / DATE 
Map Name                                                    COMMENT             
Predicted global ionosphere maps (GIM).                     DESCRIPTION         
  2015     5    27     0     0     0                        EPOCH OF FIRST MAP  
  2015     5    28     0     0     0                        EPOCH OF LAST MAP   
  7200                                                      INTERVAL            
    13                                                      # OF MAPS IN FILE   
  NONE                                                      MAPPING FUNCTION    
10.0                                                        ELEVATION CUTOFF    
One-way carrier phase leveled to code                       OBSERVABLES USED    
  6371.0                                                    BASE RADIUS         
 2                                                          MAP DIMENSION       
   450.0 450.0   0.0                                        HGT1 / HGT2 / DHGT  
    87.5 -87.5  -2.5                                        LAT1 / LAT2 / DLAT  
  -180.0 180.0   5.0                                        LON1 / LON2 / DLON  
    -1                                                      EXPONENT            
                                                            END OF HEADER       
[from data line 2574]
     7                                                      START OF TEC MAP    
  2015     5    27    12     0     0                        EPOCH OF CURRENT MAP
    87.5-180.0 180.0   5.0 450.0                            LAT/LON1/LON2/DLON/H
  165  164  160  164  166  166  165  164  165  166  165  166  165  165  165  165
  165  164  164  164  165  165  165  165  166  166  166  167  167  168  168  168
  168  169  169  169  169  168  168  168  168  167  167  167  167  166  166  166
  165  165  164  164  164  163  163  162  161  161  160  160  159  159  158  158
  158  159  157  156  161  160  165  165  165                                   
    85.0-180.0 180.0   5.0 450.0                            LAT/LON1/LON2/DLON/H
  158  162  171  167  167  171  171  172  173  174  173  174  173  173  173  172
  172  172  172  172  172  173  173  174  174  175  175  176  176  177  177  178
  178  178  178  178  178  178  177  177  177  176  176  175  175  174  173  173
  172  172  171  171  170  169  169  168  167  167  166  165  164  164  163  163
  163  164  160  159  157  155  160  164  158                                   
    82.5-180.0 180.0   5.0 450.0                            LAT/LON1/LON2/DLON/H
  147  161  164  160  161  166  168  169  170  171  170  170  170  169  168  168
  168  167  168  168  169  170  171  172  173  174  176  177  178  179  179  180
  180  181  181  181  180  180  179  179  178  177  176  175  175  174  173  173
  172  171  171  170  169  168  167  166  165  164  162  161  160  158  157  156
  155  154  150  152  150  155  154  145  147                                   
    80.0-180.0 180.0   5.0 450.0                            LAT/LON1/LON2/DLON/H
  145  155  159  159  160  163  165  168  170  170  169  168  167  166  164  163
  163  163  163  164  165  166  168  170  171  173  175  176  178  179  180  181
  182  182  182  182  181  181  180  180  179  178  177  177  176  175  175  175
  174  174  174  173  172  172  171  169  168  166  164  162  160  158  156  154
  152  151  147  147  144  145  149  140  145                                   
    77.5-180.0 180.0   5.0 450.0                            LAT/LON1/LON2/DLON/H
  147  151  156  157  159  163  164  167  168  167  165  164  162  159  158  156
  155  156  157  158  161  163  166  169  172  174  177  179  181  183  184  186
  187  187  188  188  187  187  186  185  184  183  182  181  181  181  181  181
  181  182  182  182  181  181  180  178  177  175  172  170  166  163  160  157
  153  151  145  145  145  141  143  141  147                                   
    75.0-180.0 180.0   5.0 450.0                            LAT/LON1/LON2/DLON/H
  142  148  148  152  154  159  161  163  164  163  161  158  155  152  149  148
  147  148  150  153  156  160  164  168  171  175  178  180  183  185  187  189
  190  191  192  192  192  191  190  189  187  186  186  185  185  185  186  187
  187  188  189  189  189  189  188  187  185  183  181  178  175  171  167  164
  159  155  150  145  144  141  143  136  142                                   
    72.5-180.0 180.0   5.0 450.0                            LAT/LON1/LON2/DLON/H
  138  143  143  147  148  152  155  157  157  156  152  149  145  142  139  137
  138  139  142  147  152  157  162  167  171  175  178  181  183  186  188  190
  192  194  195  195  195  194  192  191  189  188  187  187  187  188  189  190
  191  192  193  194  194  194  193  193  192  190  188  186  183  180  176  172
  167  162  156  150  146  142  142  140  138                                   
    70.0-180.0 180.0   5.0 450.0                            LAT/LON1/LON2/DLON/H
  136  138  137  140  139  143  145  147  147  146  142  139  135  131  128  127
  128  131  135  141  148  154  160  165  170  174  177  179  182  185  187  190
  192  194  195  196  195  194  193  191  189  188  187  187  187  188  189  190
  192  192  193  193  193  193  193  193  192  192  191  190  189  186  183  180
  175  170  163  157  151  147  148  144  136                                   
    67.5-180.0 180.0   5.0 450.0                            LAT/LON1/LON2/DLON/H
  135  137  135  136  133  136  137  138  139  137  134  131  127  124  122  121
  123  127  133  140  147  154  161  166  171  174  177  180  182  185  188  191
  193  195  196  197  197  195  194  191  190  188  188  188  189  190  191  192
  192  193  192  192  191  191  191  191  192  192  193  194  194  193  191  189
  185  180  174  166  159  154  153  149  135                                   
    65.0-180.0 180.0   5.0 450.0                            LAT/LON1/LON2/DLON/H
  138  137  133  132  127  127  128  128  129  128  126  123  120  118  116  117
  120  125  131  139  147  154  161  167  171  175  178  181  183  186  189  192
  195  197  198  198  198  196  195  192  191  190  190  190  191  193  193  194
  193  192  190  189  187  187  187  188  189  191  194  196  197  198  198  197
  194  190  184  177  171  165  164  160  138                                   
    62.5-180.0 180.0   5.0 450.0                            LAT/LON1/LON2/DLON/H
  142  140  134  129  122  120  119  119  119  119  117  116  114  113  113  115
  118  124  131  138  146  154  160  166  171  175  178  182  185  189  192  194
  197  198  199  199  198  197  195  193  192  192  193  194  196  197  197  196
  194  192  189  186  184  183  184  185  188  191  194  198  200  202  203  203
  201  198  193  187  181  175  174  169  142                                   
    60.0-180.0 180.0   5.0 450.0                            LAT/LON1/LON2/DLON/H
  148  144  136  129  118  114  111  110  109  109  108  108  108  108  109  112
  117  123  130  137  144  151  157  163  169  174  179  183  188  192  195  198
  200  200  201  200  199  198  196  195  194  195  197  199  202  203  203  201
  197  193  189  185  183  182  183  185  188  192  197  200  203  205  206  206
  205  203  198  193  188  184  184  177  148                                   
    57.5-180.0 180.0   5.0 450.0                            LAT/LON1/LON2/DLON/H
  156  150  141  131  119  112  107  104  103  102  101  101  101  103  106  111
  116  123  129  136  142  148  154  161  167  174  180  187  192  197  201  203
  204  204  203  202  201  200  198  198  198  200  203  207  210  211  210  208
  203  197  192  188  185  185  186  189  194  198  202  206  208  210  210  209
  207  205  202  197  194  190  190  184  156                                   
    55.0-180.0 180.0   5.0 450.0                            LAT/LON1/LON2/DLON/H
  163  157  147  137  122  115  108  102   99   97   95   94   95   97  102  108
  115  122  129  134  140  145  151  158  166  174  182  190  197  203  207  208
  208  207  206  204  203  202  202  202  203  206  210  215  219  220  219  215
  210  203  198  193  191  191  193  197  201  206  210  213  215  215  213  212
  209  206  202  198  195  193  193  188  163                                   
    52.5-180.0 180.0   5.0 450.0                            LAT/LON1/LON2/DLON/H
  169  163  154  144  130  121  113  105  100   95   92   90   90   92   98  105
  114  122  129  134  139  144  151  158  167  176  185  194  202  208  212  213
  212  210  209  207  207  206  206  207  209  213  218  223  228  229  228  224
  217  211  205  200  198  199  201  206  211  215  219  221  222  220  218  215
  210  206  202  198  195  193  194  188  169                                   
    50.0-180.0 180.0   5.0 450.0                            LAT/LON1/LON2/DLON/H
  173  168  161  153  140  131  122  113  106   99   93   88   87   88   94  103
  114  123  131  137  142  147  154  162  171  180  189  198  206  212  215  216
  215  213  211  211  211  212  213  214  217  221  227  233  237  238  237  232
  226  219  213  209  206  207  210  214  219  223  227  228  228  225  222  218
  212  208  202  197  194  192  192  186  173                                   
    47.5-180.0 180.0   5.0 450.0                            LAT/LON1/LON2/DLON/H
  174  171  166  161  150  143  134  125  116  107   98   91   87   87   93  103
  115  126  135  142  148  154  161  169  178  186  194  201  208  213  216  217
  216  215  215  216  218  221  223  224  227  232  237  243  247  248  246  241
  235  228  222  217  215  215  217  221  225  229  231  232  232  229  226  221
  216  210  204  197  193  190  189  184  174                                   
    45.0-180.0 180.0   5.0 450.0                            LAT/LON1/LON2/DLON/H
  172  171  169  166  159  154  146  137  128  118  107   98   91   90   94  105
  118  131  141  150  157  164  172  179  186  192  198  203  208  212  215  216
  216  217  220  224  228  233  236  238  241  245  251  256  260  260  257  252
  245  239  232  227  223  222  223  226  229  232  234  234  233  231  228  225
  219  214  207  200  193  189  187  181  172                                   
    42.5-180.0 180.0   5.0 450.0                            LAT/LON1/LON2/DLON/H
  167  169  167  167  163  160  155  148  140  130  119  108   99   96   99  109
  122  136  149  159  168  176  184  191  196  199  201  204  207  210  213  216
  218  221  227  234  242  248  253  256  259  263  268  273  276  275  272  266
  259  252  245  239  234  232  231  232  234  235  236  235  234  233  231  228
  224  219  212  204  196  190  186  178  167                                   
    40.0-180.0 180.0   5.0 450.0                            LAT/LON1/LON2/DLON/H
  162  164  163  163  162  161  159  154  149  141  130  119  109  104  105  114
  127  142  156  168  178  187  195  201  204  205  204  204  206  209  213  217
  222  228  237  247  258  267  273  277  280  284  290  294  296  295  291  285
  278  271  264  256  250  246  244  243  243  242  241  239  237  235  233  231
  228  224  217  209  200  193  188  178  162                                   
    37.5-180.0 180.0   5.0 450.0                            LAT/LON1/LON2/DLON/H
  158  159  157  156  155  156  156  154  151  147  139  130  120  113  113  119
  131  146  160  174  186  196  204  209  211  210  207  206  207  210  216  222
  229  238  250  263  276  287  295  300  304  309  315  319  321  319  315  309
  302  296  288  280  273  268  264  262  260  256  252  247  242  239  237  235
  232  229  223  215  206  198  192  181  158                                   
    35.0-180.0 180.0   5.0 450.0                            LAT/LON1/LON2/DLON/H
  157  156  152  148  147  147  148  148  148  147  144  137  128  121  119  123
  134  147  162  176  189  200  209  214  215  213  210  209  211  215  223  231
  241  252  265  281  296  308  318  324  330  336  342  347  349  347  343  338
  332  326  319  312  304  298  294  291  286  280  271  262  254  247  243  240
  237  235  229  222  214  205  199  187  157                                   
    32.5-180.0 180.0   5.0 450.0                            LAT/LON1/LON2/DLON/H
  160  156  150  143  139  138  139  139  142  144  144  140  134  127  123  125
  133  145  160  174  188  201  210  215  217  216  214  215  218  225  234  244
  255  268  283  299  315  328  338  346  353  361  369  375  378  377  374  370
  366  361  355  349  343  338  334  329  323  313  300  286  272  261  253  248
  244  241  236  230  222  214  208  196  160                                   
    30.0-180.0 180.0   5.0 450.0                            LAT/LON1/LON2/DLON/H
  168  162  152  143  136  133  132  132  135  139  141  140  136  129  125  125
  130  141  154  169  184  197  207  214  217  219  220  223  229  238  249  260
  273  285  300  316  331  345  356  365  374  384  393  400  404  405  404  402
  400  397  394  389  385  382  379  374  365  352  334  315  296  280  268  259
  252  249  244  238  231  224  219  208  168                                   
    27.5-180.0 180.0   5.0 450.0                            LAT/LON1/LON2/DLON/H
  180  172  160  149  138  134  131  129  131  135  138  139  135  129  124  122
  126  135  148  162  178  191  202  211  217  222  227  234  242  253  265  278
  290  302  316  330  345  358  369  379  390  401  411  420  426  428  430  430
  431  431  430  428  426  425  424  419  408  392  371  347  323  302  285  272
  263  258  253  247  240  235  231  223  180                                   
    25.0-180.0 180.0   5.0 450.0                            LAT/LON1/LON2/DLON/H
  194  187  173  161  148  142  138  133  133  135  137  137  134  128  122  119
  121  128  140  155  170  184  197  207  217  226  235  245  256  269  282  294
  306  318  330  342  355  367  378  389  400  412  424  433  440  445  449  452
  455  458  459  460  461  462  461  456  444  425  401  374  347  322  302  285
  274  267  262  256  247  244  241  236  194                                   
    22.5-180.0 180.0   5.0 450.0                            LAT/LON1/LON2/DLON/H
  208  203  189  178  163  157  150  143  140  139  139  138  134  127  121  117
  117  123  134  148  163  178  191  205  218  231  244  256  270  283  296  309
  320  330  341  352  364  374  385  396  407  419  430  440  448  455  461  466
  471  475  478  481  484  486  486  480  466  446  421  392  364  337  315  296
  282  275  268  262  253  250  248  246  208                                   
    20.0-180.0 180.0   5.0 450.0                            LAT/LON1/LON2/DLON/H
  217  217  204  195  180  174  166  158  151  147  143  140  135  127  120  115
  115  120  130  143  157  172  187  203  220  236  252  266  281  295  308  320
  331  341  351  361  372  381  391  401  412  423  434  443  451  458  465  471
  477  481  485  489  493  496  494  487  472  452  426  399  371  344  321  301
  287  278  272  265  255  251  251  249  217                                   
    17.5-180.0 180.0   5.0 450.0                            LAT/LON1/LON2/DLON/H
  221  225  215  208  195  189  182  173  164  157  150  144  137  129  121  116
  114  119  127  139  153  167  184  202  222  241  259  275  290  304  318  330
  341  351  361  371  381  390  399  408  418  427  436  444  451  458  464  470
  475  479  483  486  490  492  489  480  465  444  420  394  367  342  319  300
  286  277  270  263  252  248  248  246  221                                   
    15.0-180.0 180.0   5.0 450.0                            LAT/LON1/LON2/DLON/H
  219  227  219  213  203  197  192  183  174  165  157  149  140  131  122  117
  115  118  126  137  150  164  182  202  224  246  265  282  298  313  328  341
  352  363  374  384  394  402  410  418  425  433  440  445  451  455  460  463
  467  470  473  476  478  478  474  463  448  428  405  380  355  331  310  292
  279  270  264  256  246  240  240  236  219                                   
    12.5-180.0 180.0   5.0 450.0                            LAT/LON1/LON2/DLON/H
  212  222  216  210  203  197  193  187  179  170  161  152  142  132  124  118
  116  119  126  136  148  162  181  203  227  251  271  289  306  323  339  353
  366  377  388  399  409  416  423  429  435  440  444  448  450  452  453  454
  456  457  459  461  462  461  455  444  429  410  387  363  339  316  296  279
  266  259  253  246  237  230  229  222  212                                   
    10.0-180.0 180.0   5.0 450.0                            LAT/LON1/LON2/DLON/H
  202  212  207  201  195  188  186  181  176  168  161  152  143  132  124  118
  116  119  126  135  147  162  181  205  230  255  277  297  315  334  352  368
  381  393  405  415  424  431  436  440  444  447  449  449  449  447  445  443
  443  443  445  446  447  444  438  428  413  394  372  347  322  298  279  263
  251  245  239  234  226  218  216  207  202                                   
     7.5-180.0 180.0   5.0 450.0                            LAT/LON1/LON2/DLON/H
  192  201  196  188  182  175  173  169  166  160  154  147  139  129  121  116
  115  119  126  135  147  162  182  207  234  260  284  305  326  347  367  384
