data/edconvlstm_nd/pred0970.15i
     1.0            IONOSPHERE MAPS     GNSS                IONEX VERSION / TYPE
pyspatialgeodesy        IME             05-JAN-18 20:20     PGM / RUN BY / DATE 
Map Name                                                    COMMENT             
Predicted global ionosphere maps (GIM).                     DESCRIPTION         
  2015     4     7     0     0     0                        EPOCH OF FIRST MAP  
  2015     4     8     0     0     0                        EPOCH OF LAST MAP   
  7200                                                      INTERVAL            
    13                                                      # OF MAPS IN FILE   
  NONE                                                      MAPPING FUNCTION    
10.0                                                        ELEVATION CUTOFF    
One-way carrier phase leveled to code                       OBSERVABLES USED    
  6371.0                                                    BASE RADIUS         
 2                                                          MAP DIMENSION       
   450.0 450.0   0.0                                        HGT1 / HGT2 / DHGT  
    87.5 -87.5  -2.5                                        LAT1 / LAT2 / DLAT  
  -180.0 180.0   5.0                                        LON1 / LON2 / DLON  
    -1                                                      EXPONENT            
                                                            END OF HEADER       
[from data line 3003]
     8                                                      START OF TEC MAP    
  2015     4     7    14     0     0                        EPOCH OF CURRENT MAP
    87.5-180.0 180.0   5.0 450.0                            LAT/LON1/LON2/DLON/H
  176  174  169  177  182  185  186  188  191  194  196  199  200  202  204  205
  206  207  207  207  208  208  207  207  207  206  206  205  205  204  204  203
  202  201  200  199  197  196  194  193  191  189  187  186  184  183  181  180
  179  178  176  175  174  173  172  171  170  169  168  167  166  165  165  164
  164  164  163  164  170  171  175  180  176                                   
    85.0-180.0 180.0   5.0 450.0                            LAT/LON1/LON2/DLON/H
  159  167  178  178  181  188  191  195  198  201  203  205  207  209  210  211
  212  213  213  213  213  213  213  212  212  212  211  211  211  211  210  210
  209  208  207  205  204  202  200  198  196  193  191  189  187  185  184  182
  181  179  178  177  176  175  173  172  171  170  168  167  166  165  164  164
  164  165  163  163  165  164  169  175  159                                   
    82.5-180.0 180.0   5.0 450.0                            LAT/LON1/LON2/DLON/H
  135  158  165  167  173  183  189  194  198  202  205  208  210  212  213  213
  214  214  213  213  213  212  212  212  212  212  213  214  215  215  216  216
  216  215  214  212  210  207  204  200  197  193  189  186  183  180  178  176
  174  173  172  170  169  168  166  164  162  159  157  155  153  151  149  148
  147  147  145  148  149  158  158  150  135                                   
    80.0-180.0 180.0   5.0 450.0                            LAT/LON1/LON2/DLON/H
  122  144  154  159  163  172  179  188  194  199  203  206  208  210  211  211
  211  210  210  209  208  207  207  207  208  209  210  212  214  217  218  220
  221  221  220  218  216  213  209  205  200  196  191  187  184  181  179  178
  177  176  175  174  173  172  170  167  164  160  157  153  149  145  142  140
  138  136  134  135  134  138  142  137  122                                   
    77.5-180.0 180.0   5.0 450.0                            LAT/LON1/LON2/DLON/H
  119  135  144  148  153  162  169  178  184  190  193  197  199  201  202  202
  201  200  199  198  197  197  197  198  200  202  205  209  212  216  220  224
  226  228  229  228  226  223  219  214  209  204  199  194  191  189  187  187
  187  187  187  187  186  184  182  178  174  169  163  157  152  146  141  137
  133  130  127  128  129  129  132  132  119                                   
    75.0-180.0 180.0   5.0 450.0                            LAT/LON1/LON2/DLON/H
  111  126  130  135  140  149  156  164  171  177  181  185  187  189  190  190
  190  190  189  189  189  189  190  192  195  199  203  208  213  218  223  228
  232  235  237  237  236  234  230  225  220  214  209  205  202  200  200  200
  201  202  202  202  201  199  196  191  185  179  171  164  157  150  144  138
  134  130  127  124  124  124  126  119  111                                   
    72.5-180.0 180.0   5.0 450.0                            LAT/LON1/LON2/DLON/H
  105  117  119  124  127  135  142  149  155  161  165  169  171  174  176  177
  178  179  180  181  183  185  188  191  195  199  204  209  214  220  225  230
  235  239  242  244  244  243  240  235  230  225  221  217  215  214  214  215
  216  217  218  217  215  212  207  201  193  185  176  168  159  152  145  140
  134  131  127  124  122  122  124  119  105                                   
    70.0-180.0 180.0   5.0 450.0                            LAT/LON1/LON2/DLON/H
  101  109  109  112  114  121  127  133  139  144  148  152  155  158  161  164
  167  170  174  177  181  185  190  195  199  204  209  213  218  222  226  231
  236  240  244  246  248  247  245  242  238  234  230  227  226  226  226  227
  228  228  227  225  221  216  209  200  191  182  172  164  155  148  143  138
  134  130  128  125  123  122  124  119  101                                   
    67.5-180.0 180.0   5.0 450.0                            LAT/LON1/LON2/DLON/H
   96  102  101  103  104  110  115  120  126  131  134  139  142  147  151  156
  161  167  173  179  185  191  198  204  209  214  218  221  224  226  229  232
  235  239  243  246  249  250  249  247  245  242  240  238  237  237  238  238
  238  236  233  228  221  213  204  194  184  174  165  156  149  143  139  136
  133  131  129  126  123  122  123  118   96                                   
    65.0-180.0 180.0   5.0 450.0                            LAT/LON1/LON2/DLON/H
   89   93   90   91   92   97  101  106  111  116  120  125  129  134  140  147
  154  162  170  178  187  195  203  210  216  221  225  227  228  228  229  230
  232  235  239  243  246  248  249  249  248  247  246  245  245  245  245  243
  240  235  228  220  211  200  190  179  168  159  150  143  137  132  129  127
  125  125  124  122  120  120  121  116   89                                   
    62.5-180.0 180.0   5.0 450.0                            LAT/LON1/LON2/DLON/H
   80   82   78   79   80   85   89   94  100  105  109  114  119  125  133  141
  150  158  167  176  186  195  204  212  219  225  228  230  230  229  229  229
  230  232  236  240  244  247  249  250  250  251  251  252  252  251  249  245
  239  231  220  209  198  186  174  164  154  146  139  133  129  125  122  120
  118  118  117  115  114  113  113  109   80                                   
    60.0-180.0 180.0   5.0 450.0                            LAT/LON1/LON2/DLON/H
   74   73   68   69   69   75   80   85   91   96  101  107  112  119  127  136
  145  154  162  171  179  188  198  207  215  222  227  230  231  231  230  230
  231  233  236  240  244  248  250  253  254  256  258  259  259  258  254  247
  238  227  214  201  188  176  165  156  148  141  136  132  129  125  122  119
  116  113  111  108  106  105  104  101   74                                   
    57.5-180.0 180.0   5.0 450.0                            LAT/LON1/LON2/DLON/H
   72   69   64   64   64   70   75   80   87   92   98  103  109  116  124  133
  142  150  157  164  170  178  187  197  207  216  224  229  233  235  236  237
  238  240  243  246  250  254  257  260  262  265  267  269  269  267  262  253
  242  229  215  202  189  177  168  160  154  149  146  143  141  138  133  128
  122  116  111  107  103  100   98   95   72                                   
    55.0-180.0 180.0   5.0 450.0                            LAT/LON1/LON2/DLON/H
   79   72   67   67   66   71   76   81   87   93   98  104  109  116  124  134
  142  149  155  158  163  169  177  188  200  212  222  231  238  243  246  249
  251  253  255  258  261  265  268  270  273  276  279  281  281  279  273  264
  253  239  226  213  201  191  182  176  171  168  166  165  163  160  154  147
  137  127  120  113  107  102   99   95   79                                   
    52.5-180.0 180.0   5.0 450.0                            LAT/LON1/LON2/DLON/H
   94   86   80   78   77   80   84   88   94   99  104  108  114  120  128  138
  146  153  156  158  160  165  173  185  199  214  227  238  248  256  261  266
  268  270  272  274  276  279  281  284  287  290  293  296  296  294  289  280
  269  257  244  232  222  212  204  198  193  191  190  189  189  185  179  170
  158  146  135  126  119  113  109  103   94                                   
    50.0-180.0 180.0   5.0 450.0                            LAT/LON1/LON2/DLON/H
  118  108  102   98   95   96   98  100  105  109  113  117  121  127  136  146
  155  162  165  166  167  172  180  193  209  225  239  252  263  272  279  284
  287  288  289  291  292  294  296  299  301  305  308  310  311  310  305  298
  289  278  267  257  246  236  227  219  213  209  208  209  209  207  202  193
  180  167  154  145  138  132  128  119  118                                   
    47.5-180.0 180.0   5.0 450.0                            LAT/LON1/LON2/DLON/H
  144  136  129  124  119  117  116  116  118  122  125  128  132  137  146  157
  168  177  181  182  184  189  199  213  229  245  260  272  282  291  297  301
  303  304  304  305  307  309  311  313  315  318  321  323  325  324  321  315
  307  298  289  278  267  254  242  230  221  216  215  216  218  219  216  209
  197  185  173  165  160  155  152  141  144                                   
    45.0-180.0 180.0   5.0 450.0                            LAT/LON1/LON2/DLON/H
  168  164  156  150  144  140  135  132  133  136  139  141  145  150  159  172
  185  196  202  206  209  215  226  241  257  273  285  295  302  307  311  314
  315  316  316  318  320  323  325  327  328  330  332  334  335  335  332  328
  321  313  304  292  278  262  244  228  216  208  206  208  212  216  218  215
  207  197  187  181  179  177  175  163  168                                   
    42.5-180.0 180.0   5.0 450.0                            LAT/LON1/LON2/DLON/H
  184  186  178  172  166  159  152  147  146  149  152  155  159  164  175  189
  204  218  227  232  237  245  258  273  289  302  311  316  319  321  323  324
  325  327  329  332  337  340  343  344  344  343  343  344  344  344  341  337
  331  323  312  298  280  260  237  217  201  191  188  190  195  202  208  210
  206  201  193  189  190  191  191  180  184                                   
    40.0-180.0 180.0   5.0 450.0                            LAT/LON1/LON2/DLON/H
  189  196  189  185  180  171  163  156  155  158  163  168  173  180  191  207
  224  240  251  259  266  275  288  303  317  327  332  334  333  333  334  336
  339  343  349  356  363  368  370  369  366  363  360  358  357  355  352  347
  340  331  318  302  282  257  232  209  191  179  174  175  179  185  193  198
  199  198  192  190  192  196  196  186  189                                   
    37.5-180.0 180.0   5.0 450.0                            LAT/LON1/LON2/DLON/H
  182  193  190  187  185  175  168  160  160  164  171  178  186  195  208  225
  243  260  273  282  291  301  313  327  339  346  348  348  346  347  350  356
  363  373  384  396  405  411  412  408  402  395  389  384  380  376  371  364
  356  345  332  314  293  267  241  217  200  188  181  178  178  180  186  191
  192  193  189  187  188  192  192  182  182                                   
    35.0-180.0 180.0   5.0 450.0                            LAT/LON1/LON2/DLON/H
  170  182  183  180  181  171  166  158  159  164  174  185  196  208  223  241
  261  278  292  302  311  321  332  344  353  358  360  361  363  368  377  390
  405  422  440  456  468  473  471  464  454  443  434  426  419  412  405  396
  386  374  361  344  323  299  275  254  239  228  220  212  204  198  197  197
  196  196  191  187  184  185  182  171  170                                   
    32.5-180.0 180.0   5.0 450.0                            LAT/LON1/LON2/DLON/H
  157  169  171  169  171  163  159  152  153  160  173  187  202  217  235  254
  274  293  307  318  326  335  345  354  362  367  371  377  386  400  418  440
  465  491  517  538  551  554  549  537  524  510  498  487  478  468  458  447
  435  423  411  396  379  359  339  323  312  304  294  280  262  245  233  225
  218  213  204  195  186  181  173  160  157                                   
    30.0-180.0 180.0   5.0 450.0                            LAT/LON1/LON2/DLON/H
  151  160  162  160  160  153  152  145  146  154  167  185  203  222  243  264
  284  303  318  330  339  347  355  363  370  377  386  399  419  444  474  507
  542  578  610  633  644  644  635  621  606  591  577  564  551  539  527  514
  502  491  481  471  460  446  433  423  417  412  401  379  349  319  294  275
  259  247  232  217  199  186  172  154  151                                   
    27.5-180.0 180.0   5.0 450.0                            LAT/LON1/LON2/DLON/H
  155  159  157  154  153  147  146  139  139  145  158  178  200  222  245  268
  290  309  326  340  350  359  367  374  382  392  408  431  463  500  542  586
  630  670  703  723  731  727  715  700  685  671  657  643  629  615  602  589
  578  568  562  557  553  546  540  538  539  537  525  497  456  412  374  343
  318  297  274  253  226  201  181  157  155                                   
    25.0-180.0 180.0   5.0 450.0                            LAT/LON1/LON2/DLON/H
  169  167  159  155  151  145  144  136  132  136  148  168  191  217  243  268
  291  312  332  348  362  373  381  389  400  415  439  472  515  564  616  667
  713  750  777  791  793  786  774  760  748  736  724  712  698  685  673  661
  650  642  637  636  636  634  633  636  643  647  637  606  559  505  456  416
  382  355  326  299  264  229  202  169  169                                   
    22.5-180.0 180.0   5.0 450.0                            LAT/LON1/LON2/DLON/H
  190  181  168  162  155  148  145  136  129  129  137  156  180  208  236  263
  289  313  336  357  375  389  400  411  425  446  477  520  572  629  685  735
  775  805  822  828  825  817  805  795  787  779  771  762  751  740  729  718
  707  697  690  687  685  681  679  683  693  702  699  674  628  573  521  475
  437  407  375  346  306  263  232  192  190                                   
    20.0-180.0 180.0   5.0 450.0                            LAT/LON1/LON2/DLON/H
  213  197  180  171  162  155  150  139  128  124  129  144  168  197  227  257
  285  313  341  366  389  407  422  436  455  482  519  569  625  683  736  779
  809  827  834  833  827  819  811  806  803  801  797  791  784  775  766  755
  741  725  711  699  688  676  665  663  672  686  692  677  643  596  550  508
  472  443  412  383  344  297  265  222  213                                   
    17.5-180.0 180.0   5.0 450.0                            LAT/LON1/LON2/DLON/H
  231  209  191  181  169  163  157  145  132  124  124  136  158  187  218  250
  282  314  345  375  402  424  443  462  486  518  561  612  667  719  762  793
  811  818  817  812  805  800  797  798  801  805  805  802  796  789  780  767
  747  722  696  671  646  620  598  586  590  605  620  620  602  572  539  508
  479  457  431  404  369  323  292  250  231                                   
    15.0-180.0 180.0   5.0 450.0                            LAT/LON1/LON2/DLON/H
  242  217  198  187  173  168  163  152  139  128  125  133  152  180  212  246
  280  316  351  384  413  439  461  486  514  551  595  642  689  731  763  782
  790  789  783  776  771  771  775  782  790  797  799  797  791  783  772  755
  728  693  653  613  573  533  498  477  475  490  511  523  523  511  495  478
  461  448  430  407  377  335  306  269  242                                   
    12.5-180.0 180.0   5.0 450.0                            LAT/LON1/LON2/DLON/H
  245  218  199  188  174  170  167  158  146  136  132  137  153  179  210  245
  282  320  358  392  423  449  475  504  537  575  616  657  694  726  748  759
  760  754  746  741  741  747  756  768  778  785  786  782  774  764  750  728
  695  649  597  544  492  443  400  373  366  379  401  422  433  436  434  429
  422  418  408  391  368  331  305  272  245                                   
    10.0-180.0 180.0   5.0 450.0                            LAT/LON1/LON2/DLON/H
  239  214  195  185  173  168  168  161  153  146  142  146  160  184  214  250
  289  328  366  400  430  457  485  517  552  590  626  660  690  714  729  735
  734  728  723  722  727  738  751  764  774  777  775  767  756  742  724  699
  660  608  549  489  431  378  333  303  292  301  321  342  358  368  375  377
  376  378  373  362  345  316  292  261  239                                   
     7.5-180.0 180.0   5.0 450.0                            LAT/LON1/LON2/DLON/H
  229  207  188  180  171  165  166  163  158  155  153  158  171  193  224  260
  300  339  375  407  436  463  492  526  561  597  630  660  685  704  717  723
