data/edconvlstm_nd/pred2160.15i
     1.0            IONOSPHERE MAPS     GNSS                IONEX VERSION / TYPE
pyspatialgeodesy        IME             05-JAN-18 20:20     PGM / RUN BY / DATE 
Map Name                                                    COMMENT             
Predicted global ionosphere maps (GIM).                     DESCRIPTION         
  2015     8     4     0     0     0                        EPOCH OF FIRST MAP  
  2015     8     5     0     0     0                        EPOCH OF LAST MAP   
  7200                                                      INTERVAL            
    13                                                      # OF MAPS IN FILE   
  NONE                                                      MAPPING FUNCTION    
10.0                                                        ELEVATION CUTOFF    
One-way carrier phase leveled to code                       OBSERVABLES USED    
  6371.0                                                    BASE RADIUS         
 2                                                          MAP DIMENSION       
   450.0 450.0   0.0                                        HGT1 / HGT2 / DHGT  
    87.5 -87.5  -2.5                                        LAT1 / LAT2 / DLAT  
  -180.0 180.0   5.0                                        LON1 / LON2 / DLON  
    -1                                                      EXPONENT            
                                                            END OF HEADER       
[from data line 1716]
     5                                                      START OF TEC MAP    
  2015     8     4     8     0     0                        EPOCH OF CURRENT MAP
    87.5-180.0 180.0   5.0 450.0                            LAT/LON1/LON2/DLON/H
  127  128  125  130  131  129  127  124  125  125  125  125  125  125  125  125
  125  125  124  124  124  123  123  122  122  121  121  120  120  120  120  120
  120  120  120  121  121  122  123  123  124  125  126  127  127  128  129  130
  131  131  131  132  132  132  132  132  132  132  131  131  131  130  130  130
  130  131  129  128  132  130  136  131  127                                   
    85.0-180.0 180.0   5.0 450.0                            LAT/LON1/LON2/DLON/H
  128  133  136  134  134  135  134  134  134  134  134  134  134  134  134  134
  134  133  133  133  132  131  131  130  130  129  129  128  128  128  128  128
  128  129  129  130  130  131  132  133  134  135  136  137  138  139  141  142
  142  143  144  144  145  145  145  145  145  144  144  144  143  143  142  142
  143  143  138  137  133  134  138  138  128                                   
    82.5-180.0 180.0   5.0 450.0                            LAT/LON1/LON2/DLON/H
  132  138  140  134  132  133  132  132  132  132  132  133  133  133  133  132
  132  131  131  130  129  128  127  126  125  125  125  125  125  125  126  126
  127  128  129  130  131  132  134  135  137  138  140  142  144  145  147  149
  150  151  152  153  153  153  153  153  153  152  152  151  150  149  148  147
  147  147  142  141  140  140  138  132  132                                   
    80.0-180.0 180.0   5.0 450.0                            LAT/LON1/LON2/DLON/H
  138  138  137  134  132  131  130  130  131  131  131  132  132  132  132  131
  131  130  129  127  126  124  123  121  120  119  119  119  120  121  122  124
  125  127  129  130  132  134  136  138  140  142  145  147  150  153  155  158
  160  162  163  164  165  165  165  164  164  163  161  160  159  157  156  155
  154  153  149  149  146  149  152  139  138                                   
    77.5-180.0 180.0   5.0 450.0                            LAT/LON1/LON2/DLON/H
  144  141  139  137  132  132  131  130  131  131  131  132  132  133  133  132
  131  130  128  126  124  122  120  118  116  116  116  116  118  120  123  125
  128  131  134  137  139  141  144  146  149  152  155  159  163  166  170  173
  176  179  181  182  183  183  183  182  181  179  177  176  174  172  170  168
  166  165  159  160  159  155  155  150  144                                   
    75.0-180.0 180.0   5.0 450.0                            LAT/LON1/LON2/DLON/H
  142  142  135  134  129  128  126  125  125  126  126  127  128  129  129  128
  128  126  124  121  118  115  112  110  108  107  108  109  111  115  119  123
  127  131  135  138  141  144  147  150  153  157  161  166  170  175  180  184
  187  190  192  193  194  194  194  192  191  189  187  185  183  181  179  178
  175  173  169  164  163  162  161  154  142                                   
    72.5-180.0 180.0   5.0 450.0                            LAT/LON1/LON2/DLON/H
  142  142  134  132  127  125  123  121  121  121  122  123  124  125  126  126
  125  123  121  118  115  111  108  105  103  102  103  105  109  113  118  124
  130  135  140  144  148  151  154  157  161  165  170  175  180  186  190  195
  198  201  202  203  203  203  202  201  199  197  196  194  192  190  189  188
  186  184  180  176  171  169  165  161  142                                   
    70.0-180.0 180.0   5.0 450.0                            LAT/LON1/LON2/DLON/H
  146  141  132  127  120  116  112  110  110  110  110  113  114  115  116  117
  116  115  112  110  106  103   99   96   94   94   95   98  102  108  115  122
  129  135  140  145  148  152  155  158  162  167  172  178  184  189  194  198
  201  202  203  203  202  201  199  198  196  195  194  193  192  191  190  190
  189  187  184  180  175  173  171  167  146                                   
    67.5-180.0 180.0   5.0 450.0                            LAT/LON1/LON2/DLON/H
  144  139  130  124  116  110  105  101  100  100  100  102  104  106  107  107
  107  105  104  101   98   95   92   89   88   88   90   93   98  105  113  120
  128  134  140  145  148  152  155  158  163  168  174  180  186  191  195  198
  199  200  199  197  195  193  191  190  188  188  187  187  188  188  188  189
  189  187  185  181  177  175  171  167  144                                   
    65.0-180.0 180.0   5.0 450.0                            LAT/LON1/LON2/DLON/H
  147  141  130  123  113  105   99   94   92   90   90   92   94   95   97   97
   97   95   94   92   90   88   86   84   84   84   87   92   98  105  113  121
  129  136  141  146  150  153  156  160  165  171  177  184  190  194  197  199
  199  198  195  192  189  186  184  182  181  181  181  183  184  185  187  188
  189  188  186  183  180  179  176  172  147                                   
    62.5-180.0 180.0   5.0 450.0                            LAT/LON1/LON2/DLON/H
  151  146  135  127  115  105   97   89   85   82   81   82   84   85   86   86
   86   84   83   82   80   80   79   79   80   82   86   91   98  106  114  122
  130  137  142  147  151  154  158  163  168  174  181  188  193  197  200  200
  199  196  193  189  185  181  178  176  175  175  177  179  181  183  185  187
  188  188  186  184  182  181  179  176  151                                   
    60.0-180.0 180.0   5.0 450.0                            LAT/LON1/LON2/DLON/H
  158  154  143  133  120  109   98   88   81   75   73   73   73   75   75   75
   74   72   71   70   70   70   72   74   76   80   85   92   99  107  115  123
  131  137  143  148  152  156  160  165  171  178  185  192  197  201  202  202
  200  197  193  189  185  181  177  175  174  174  176  178  181  183  184  186
  187  187  186  185  184  185  184  180  158                                   
    57.5-180.0 180.0   5.0 450.0                            LAT/LON1/LON2/DLON/H
  168  166  157  146  132  118  104   91   80   72   67   65   65   66   66   65
   63   61   60   59   60   62   65   69   74   79   86   93  101  110  118  126
  133  140  146  151  156  160  165  170  177  184  191  198  203  206  208  208
  206  204  201  197  193  188  184  181  179  179  180  182  184  186  187  188
  188  188  188  187  187  189  189  186  168                                   
    55.0-180.0 180.0   5.0 450.0                            LAT/LON1/LON2/DLON/H
  180  180  173  161  146  131  115   97   83   71   63   60   58   58   58   57
   55   52   51   50   52   55   60   65   71   78   86   94  103  112  120  128
  136  143  149  155  161  166  171  177  183  190  197  204  209  213  215  215
  215  214  213  210  206  201  196  192  189  188  189  190  191  191  191  191
  190  190  190  191  192  195  196  193  180                                   
    52.5-180.0 180.0   5.0 450.0                            LAT/LON1/LON2/DLON/H
  192  195  189  177  163  146  127  107   89   73   63   57   54   54   53   52
   49   47   45   45   47   51   57   63   70   78   87   96  105  114  123  131
  139  147  154  161  168  173  178  184  190  197  204  211  216  220  223  225
  227  228  227  226  222  217  211  206  202  199  198  198  198  197  196  195
  194  194  194  195  197  201  202  199  192                                   
    50.0-180.0 180.0   5.0 450.0                            LAT/LON1/LON2/DLON/H
  202  206  202  191  177  160  140  118   97   79   65   58   54   52   52   50
   48   46   44   44   46   51   57   64   71   79   88   97  107  116  125  134
  143  152  161  169  176  181  187  192  197  204  211  217  223  227  232  235
  239  241  242  241  237  232  225  218  212  209  207  206  205  203  201  200
  199  199  200  201  203  207  208  205  202                                   
    47.5-180.0 180.0   5.0 450.0                            LAT/LON1/LON2/DLON/H
  208  213  209  200  188  171  151  128  106   86   71   62   57   55   54   53
   51   49   47   48   50   55   61   67   74   82   90   99  109  118  128  137
  147  157  167  176  184  190  195  199  204  210  216  223  229  235  240  245
  250  253  255  253  249  242  233  226  219  215  212  211  209  207  204  204
  204  205  206  208  209  212  212  208  208                                   
    45.0-180.0 180.0   5.0 450.0                            LAT/LON1/LON2/DLON/H
  207  212  209  201  192  176  157  135  114   94   78   68   63   60   59   58
   57   55   55   55   58   62   67   73   79   85   93  101  110  119  129  139
  150  161  172  182  191  197  202  206  211  216  222  228  235  241  248  254
  259  263  263  260  254  246  237  229  222  218  215  213  211  209  208  209
  211  213  215  216  216  217  215  210  207                                   
    42.5-180.0 180.0   5.0 450.0                            LAT/LON1/LON2/DLON/H
  202  206  202  195  187  173  158  138  120  102   87   77   71   68   66   66
   65   65   65   66   68   72   77   81   85   90   96  103  112  121  130  141
  152  164  176  188  197  203  208  212  216  221  227  234  241  249  256  263
  268  270  269  264  257  248  238  230  224  220  218  216  214  213  213  217
  221  225  228  227  225  222  218  210  202                                   
    40.0-180.0 180.0   5.0 450.0                            LAT/LON1/LON2/DLON/H
  196  196  190  183  177  164  152  137  123  108   96   87   80   76   75   74
   74   75   76   77   80   83   86   89   92   96  100  106  113  122  131  142
  153  166  179  191  201  208  213  217  221  226  233  240  248  257  265  272
  277  278  275  269  261  252  243  235  230  227  225  223  221  221  224  230
  237  243  246  243  237  229  222  210  196                                   
    37.5-180.0 180.0   5.0 450.0                            LAT/LON1/LON2/DLON/H
  192  186  178  169  162  152  143  132  123  113  104   97   90   86   83   82
   83   84   86   88   90   92   95   97   99  101  104  109  116  124  133  143
  154  167  180  193  203  211  217  221  226  232  239  247  257  267  277  285
  289  290  287  281  273  264  257  250  246  243  241  238  237  238  242  251
  261  268  271  265  255  241  231  213  192                                   
    35.0-180.0 180.0   5.0 450.0                            LAT/LON1/LON2/DLON/H
  193  182  171  159  150  139  132  125  121  115  110  105  100   94   91   90
   90   92   94   96   98  100  102  104  105  107  109  113  119  127  135  144
  155  167  180  193  204  213  219  225  231  238  246  256  267  279  291  301
  307  308  307  303  297  290  284  279  275  272  268  264  262  263  270  281
  292  301  303  293  278  258  245  223  193                                   
    32.5-180.0 180.0   5.0 450.0                            LAT/LON1/LON2/DLON/H
  204  187  172  155  143  131  125  120  119  117  115  113  108  102   98   96
   96   98  100  101  103  105  107  109  111  112  115  118  123  130  137  145
  155  166  179  192  204  214  222  229  236  245  254  266  279  294  308  320
  329  334  336  336  334  330  326  322  317  312  307  301  297  298  305  317
  331  340  341  327  308  282  265  241  204                                   
    30.0-180.0 180.0   5.0 450.0                            LAT/LON1/LON2/DLON/H
  225  202  184  163  146  132  125  120  119  119  119  118  114  108  103  101
  100  102  103  104  106  108  111  114  117  119  121  124  128  133  140  146
  155  165  177  190  203  214  224  233  242  253  264  278  293  310  328  343
  356  366  373  378  382  382  380  376  370  363  354  345  339  338  345  358
  372  381  381  364  342  311  290  266  225                                   
    27.5-180.0 180.0   5.0 450.0                            LAT/LON1/LON2/DLON/H
  254  227  206  182  161  144  135  126  123  122  123  123  119  113  108  105
  104  104  105  106  107  110  114  119  123  125  127  129  132  136  142  148
  154  164  175  189  203  216  227  238  250  262  276  291  309  328  348  367
  384  399  413  425  434  439  439  434  426  416  404  392  383  380  385  398
  411  421  420  399  376  342  317  295  254                                   
    25.0-180.0 180.0   5.0 450.0                            LAT/LON1/LON2/DLON/H
  286  257  235  209  186  166  153  140  133  130  129  128  124  118  112  108
  107  107  107  107  109  113  118  124  129  131  132  132  134  138  143  148
  154  163  175  189  204  219  232  245  259  273  289  306  325  346  368  390
  411  431  451  469  483  491  492  487  477  463  448  433  422  417  420  431
  443  452  451  429  405  369  342  324  286                                   
    22.5-180.0 180.0   5.0 450.0                            LAT/LON1/LON2/DLON/H
  315  287  264  239  215  194  177  161  149  141  137  134  130  124  118  113
  110  110  109  109  111  115  122  130  135  137  136  134  134  137  141  147
  154  162  175  190  207  224  239  254  270  286  303  322  342  363  386  409
  432  456  479  502  519  529  529  523  511  496  479  463  450  443  445  454
  465  473  470  449  424  388  362  348  315                                   
    20.0-180.0 180.0   5.0 450.0                            LAT/LON1/LON2/DLON/H
  335  309  287  265  242  222  203  184  167  154  147  142  137  131  124  119
  116  114  112  112  114  119  127  135  139  140  136  132  130  132  137  144
  152  162  176  194  213  231  248  265  282  301  319  338  358  380  402  424
  446  470  494  517  534  543  543  536  524  509  493  478  465  458  458  464
  473  480  477  457  432  398  373  364  335                                   
    17.5-180.0 180.0   5.0 450.0                            LAT/LON1/LON2/DLON/H
  342  319  299  281  262  244  226  205  185  169  158  152  146  139  132  126
  123  120  117  116  118  123  131  138  142  140  134  127  123  125  131  139
  150  162  179  199  220  240  259  277  295  315  335  355  375  394  414  433
  453  473  494  514  528  535  534  528  518  506  493  480  469  462  460  465
  471  476  472  454  430  397  376  369  342                                   
    15.0-180.0 180.0   5.0 450.0                            LAT/LON1/LON2/DLON/H
  337  317  301  286  272  257  240  221  200  182  170  162  156  149  141  135
  131  127  124  122  122  127  133  139  141  136  128  119  114  115  123  134
  147  163  183  205  228  249  269  288  308  328  349  370  389  407  424  439
  454  469  485  499  509  513  512  508  502  494  485  475  466  459  457  458
  462  464  460  443  420  389  370  365  337                                   
    12.5-180.0 180.0   5.0 450.0                            LAT/LON1/LON2/DLON/H
  325  307  294  281  271  259  245  228  209  192  179  172  165  158  151  145
  140  136  132  128  127  129  133  137  136  129  119  109  104  106  115  129
  146  165  187  211  235  257  277  297  317  339  361  382  401  418  432  444
  454  463  473  481  487  490  490  488  486  482  477  470  463  456  451  450
  450  450  445  429  408  378  360  354  325                                   
    10.0-180.0 180.0   5.0 450.0                            LAT/LON1/LON2/DLON/H
  312  294  283  270  263  253  241  228  211  196  185  178  173  167  160  154
  150  145  139  134  130  129  130  131  128  120  109  100   95   99  110  126
  145  166  190  216  240  263  283  302  323  345  367  389  409  426  439  449
  456  462  467  471  474  475  476  477  478  477  475  469  462  455  448  444
  441  438  431  415  396  366  350  341  312                                   
     7.5-180.0 180.0   5.0 450.0                            LAT/LON1/LON2/DLON/H
  302  284  274  259  253  243  232  221  207  195  186  182  177  172  167  162
  157  152  145  138  131  127  125  123  118  110  100   92   90   94  106  124
