data/edconvlstm_nd/pred1840.15i
     1.0            IONOSPHERE MAPS     GNSS                IONEX VERSION / TYPE
pyspatialgeodesy        IME             05-JAN-18 20:20     PGM / RUN BY / DATE 
Map Name                                                    COMMENT             
Predicted global ionosphere maps (GIM).                     DESCRIPTION         
  2015     7     3     0     0     0                        EPOCH OF FIRST MAP  
  2015     7     4     0     0     0                        EPOCH OF LAST MAP   
  7200                                                      INTERVAL            
    13                                                      # OF MAPS IN FILE   
  NONE                                                      MAPPING FUNCTION    
10.0                                                        ELEVATION CUTOFF    
One-way carrier phase leveled to code                       OBSERVABLES USED    
  6371.0                                                    BASE RADIUS         
 2                                                          MAP DIMENSION       
   450.0 450.0   0.0                                        HGT1 / HGT2 / DHGT  
    87.5 -87.5  -2.5                                        LAT1 / LAT2 / DLAT  
  -180.0 180.0   5.0                                        LON1 / LON2 / DLON  
    -1                                                      EXPONENT            
                                                            END OF HEADER       
[from data line 3861]
    10                                                      START OF TEC MAP    
  2015     7     3    18     0     0                        EPOCH OF CURRENT MAP
    87.5-180.0 180.0   5.0 450.0                            LAT/LON1/LON2/DLON/H
  172  165  156  164  166  166  166  166  166  168  167  168  168  168  168  168
  167  167  166  166  165  164  163  162  161  160  159  157  156  155  154  153
  152  151  150  149  149  148  148  147  147  147  147  147  147  147  147  147
  147  147  148  148  148  148  149  149  149  150  150  150  151  151  152  152
  152  153  153  154  165  164  169  168  172                                   
    85.0-180.0 180.0   5.0 450.0                            LAT/LON1/LON2/DLON/H
  166  168  175  171  169  174  175  177  177  178  178  179  179  179  179  179
  178  178  177  176  175  174  173  172  170  169  167  165  164  162  161  159
  158  156  155  154  153  153  152  152  151  151  151  151  151  151  151  151
  151  151  152  152  152  152  153  153  154  154  154  155  156  156  157  158
  159  160  160  160  163  159  162  164  166                                   
    82.5-180.0 180.0   5.0 450.0                            LAT/LON1/LON2/DLON/H
  151  161  165  165  166  171  175  176  176  178  178  179  179  180  179  179
  179  178  177  176  175  174  172  170  168  166  164  161  159  157  154  152
  150  148  147  145  144  144  143  143  142  142  142  142  143  143  143  143
  144  144  145  145  145  146  146  146  147  147  148  148  148  149  149  150
  151  151  151  155  156  163  158  152  151                                   
    80.0-180.0 180.0   5.0 450.0                            LAT/LON1/LON2/DLON/H
  148  159  166  167  167  170  174  179  180  182  183  184  184  185  185  184
  184  183  182  181  180  178  177  175  172  170  167  164  161  158  155  152
  149  147  145  144  143  142  142  141  141  142  142  142  143  143  143  144
  145  145  146  146  147  147  147  147  147  147  147  147  147  148  148  149
  150  150  151  154  151  150  152  150  148                                   
    77.5-180.0 180.0   5.0 450.0                            LAT/LON1/LON2/DLON/H
  153  156  165  166  168  173  176  180  181  183  183  185  185  186  186  186
  185  185  185  184  183  182  180  178  176  173  170  167  163  160  157  154
  151  148  147  145  144  144  144  144  144  144  145  145  146  146  147  148
  149  149  150  151  151  151  151  151  151  150  150  150  149  149  149  149
  149  149  150  152  154  148  153  156  153                                   
    75.0-180.0 180.0   5.0 450.0                            LAT/LON1/LON2/DLON/H
  153  158  163  165  167  172  174  178  180  182  182  183  184  184  184  184
  184  184  184  184  184  184  183  181  179  177  174  171  167  164  160  157
  155  152  151  149  149  148  148  149  149  149  150  150  150  151  151  152
  153  154  154  155  155  155  155  154  153  153  152  152  151  151  151  152
  152  152  153  151  153  148  153  146  153                                   
    72.5-180.0 180.0   5.0 450.0                            LAT/LON1/LON2/DLON/H
  153  158  163  169  168  173  176  178  178  180  179  180  180  180  180  180
  180  181  181  182  183  183  183  182  180  178  175  172  168  165  161  159
  156  154  152  151  151  151  151  151  152  152  152  151  151  152  152  153
  154  155  156  156  157  156  156  155  154  153  153  153  153  153  153  154
  153  154  154  153  152  149  154  154  153                                   
    70.0-180.0 180.0   5.0 450.0                            LAT/LON1/LON2/DLON/H
  158  162  166  170  168  171  173  175  175  176  175  176  175  175  174  174
  174  175  176  177  179  179  180  179  178  176  173  170  167  164  161  159
  156  154  153  152  152  152  152  152  152  152  151  151  150  150  150  150
  151  152  153  154  154  153  152  151  150  149  149  150  151  152  154  156
  156  156  157  157  156  154  159  158  158                                   
    67.5-180.0 180.0   5.0 450.0                            LAT/LON1/LON2/DLON/H
  167  171  176  179  177  179  180  181  180  180  179  179  178  177  176  176
  176  176  177  179  180  181  182  181  180  178  176  173  170  167  165  163
  160  159  157  156  156  156  157  157  157  156  155  153  152  151  151  151
  152  153  154  155  154  153  152  150  149  149  150  152  154  157  160  162
  163  164  166  164  163  161  165  164  167                                   
    65.0-180.0 180.0   5.0 450.0                            LAT/LON1/LON2/DLON/H
  174  179  183  185  182  183  182  182  181  181  180  180  179  177  176  175
  174  174  175  176  177  178  179  178  177  176  174  172  169  168  166  164
  162  160  158  157  157  157  157  157  157  156  154  152  150  148  147  147
  148  149  150  150  149  147  145  144  143  143  145  148  151  155  160  163
  165  167  170  170  170  169  174  173  174                                   
    62.5-180.0 180.0   5.0 450.0                            LAT/LON1/LON2/DLON/H
  181  188  192  193  190  190  188  187  186  186  184  184  183  182  180  178
  177  175  175  175  176  177  177  177  176  175  173  172  171  170  169  167
  165  163  161  160  159  159  159  159  159  158  156  153  149  147  146  145
  146  147  147  146  145  142  140  138  137  138  140  144  149  154  159  163
  166  169  172  173  174  174  180  179  181                                   
    60.0-180.0 180.0   5.0 450.0                            LAT/LON1/LON2/DLON/H
  186  194  198  200  196  196  194  192  190  190  189  189  188  187  185  182
  179  177  175  174  174  174  174  174  174  173  172  172  172  172  172  171
  170  168  165  163  162  162  162  162  162  161  158  155  151  148  146  145
  145  145  144  143  140  137  134  132  131  132  135  139  144  149  154  159
  162  165  169  171  174  176  184  183  186                                   
    57.5-180.0 180.0   5.0 450.0                            LAT/LON1/LON2/DLON/H
  187  197  203  205  202  203  200  199  197  197  196  196  195  193  190  187
  183  179  176  174  173  173  172  173  172  173  173  174  175  177  178  178
  176  174  171  169  167  167  167  168  168  167  164  160  156  152  149  147
  146  145  144  141  138  134  130  128  127  128  131  135  140  144  148  152
  155  158  162  165  170  173  183  184  187                                   
    55.0-180.0 180.0   5.0 450.0                            LAT/LON1/LON2/DLON/H
  185  198  205  209  208  211  209  208  206  206  205  204  203  200  196  192
  187  182  177  174  172  171  171  171  172  173  175  177  180  182  184  185
  184  181  179  176  174  174  175  176  177  176  173  168  163  158  154  152
  150  148  145  141  137  132  129  126  126  127  130  133  136  139  141  144
  145  148  153  156  162  168  179  180  185                                   
    52.5-180.0 180.0   5.0 450.0                            LAT/LON1/LON2/DLON/H
  181  197  206  213  215  220  221  221  219  218  216  214  211  207  202  197
  190  184  179  175  172  171  170  171  173  175  178  181  184  187  190  191
  191  189  186  184  183  183  185  186  187  186  183  178  172  167  162  158
  155  151  148  143  138  133  130  128  128  129  131  132  134  134  135  135
  135  138  142  146  153  161  173  175  181                                   
    50.0-180.0 180.0   5.0 450.0                            LAT/LON1/LON2/DLON/H
  177  196  207  217  222  231  235  237  236  235  231  227  222  216  209  202
  195  188  182  177  173  172  171  172  175  178  181  185  188  192  195  196
  197  196  194  193  193  194  196  198  199  198  194  189  183  177  171  166
  161  157  152  147  141  137  134  132  133  134  135  135  134  132  130  129
  127  129  133  137  144  153  165  168  177                                   
    47.5-180.0 180.0   5.0 450.0                            LAT/LON1/LON2/DLON/H
  173  195  208  221  231  244  251  256  256  255  249  243  235  227  218  209
  200  193  186  180  176  174  174  175  178  181  185  189  193  196  199  201
  202  202  202  203  204  206  209  212  212  211  207  202  195  188  181  174
  168  163  157  151  146  142  140  140  141  141  142  140  137  133  129  126
  123  124  127  131  137  147  159  162  173                                   
    45.0-180.0 180.0   5.0 450.0                            LAT/LON1/LON2/DLON/H
  171  194  209  226  240  257  268  275  277  276  270  262  251  240  228  218
  208  199  192  186  181  179  178  180  183  186  191  194  198  201  203  206
  208  210  212  214  217  221  225  227  228  226  221  215  207  199  191  183
  176  169  163  158  153  150  149  149  150  151  150  147  143  137  132  128
  124  124  126  128  134  142  153  157  171                                   
    42.5-180.0 180.0   5.0 450.0                            LAT/LON1/LON2/DLON/H
  170  194  210  229  246  267  282  293  297  297  291  282  269  255  241  228
  217  207  199  193  189  186  185  186  189  194  198  202  205  207  210  213
  216  220  224  228  233  239  243  246  246  243  238  230  221  211  201  192
  184  176  171  166  162  160  159  159  160  160  159  155  150  144  139  134
  129  127  128  129  133  140  150  153  170                                   
    40.0-180.0 180.0   5.0 450.0                            LAT/LON1/LON2/DLON/H
  169  193  210  230  250  273  291  305  312  315  311  301  288  272  255  240
  227  217  209  202  198  195  193  195  198  204  209  213  216  219  221  225
  230  235  240  246  253  259  264  267  266  262  256  247  236  224  212  201
  191  184  178  174  171  170  169  169  169  169  166  163  158  152  147  142
  137  134  133  133  134  139  147  151  169                                   
    37.5-180.0 180.0   5.0 450.0                            LAT/LON1/LON2/DLON/H
  168  191  208  228  249  273  293  309  321  327  325  318  305  288  271  254
  240  228  220  213  208  205  204  206  211  217  223  229  233  236  239  244
  249  255  261  269  276  283  288  290  289  284  276  264  251  236  222  209
  199  191  186  183  180  179  178  177  176  174  172  168  164  159  155  151
  146  142  139  137  136  139  146  150  168                                   
    35.0-180.0 180.0   5.0 450.0                            LAT/LON1/LON2/DLON/H
  167  189  206  223  244  267  288  306  321  331  334  330  320  305  287  269
  253  240  231  225  221  218  218  220  226  234  242  250  255  259  263  269
  275  281  288  295  302  309  313  314  312  305  295  282  266  248  231  217
  206  198  193  190  188  186  185  183  180  177  174  170  167  164  162  159
  153  148  144  139  137  139  145  149  167                                   
    32.5-180.0 180.0   5.0 450.0                            LAT/LON1/LON2/DLON/H
  165  186  202  218  237  258  279  297  315  329  337  338  332  319  302  284
  267  253  244  238  234  233  233  237  244  254  265  275  282  288  293  299
  305  312  317  323  329  334  336  336  332  324  312  296  277  257  238  222
  210  202  197  194  193  190  188  184  180  175  172  169  167  166  165  163
  157  152  146  140  137  138  144  148  165                                   
    30.0-180.0 180.0   5.0 450.0                            LAT/LON1/LON2/DLON/H
  163  183  198  211  229  248  267  285  305  322  335  342  341  332  317  299
  281  267  257  252  249  249  251  256  265  277  291  303  313  320  326  332
  338  343  347  350  352  354  355  352  346  336  322  304  282  260  240  223
  211  203  198  195  193  190  186  181  175  170  166  164  163  163  164  162
  157  152  145  139  136  136  143  147  163                                   
    27.5-180.0 180.0   5.0 450.0                            LAT/LON1/LON2/DLON/H
  161  181  195  206  222  239  256  274  294  313  331  343  347  342  331  314
  297  282  272  267  266  267  270  276  287  301  317  331  343  351  358  364
  369  371  371  370  369  367  364  359  351  339  323  303  280  257  237  220
  208  200  195  192  189  185  180  174  167  161  157  155  155  156  157  157
  153  149  143  136  134  134  141  146  161                                   
    25.0-180.0 180.0   5.0 450.0                            LAT/LON1/LON2/DLON/H
  161  180  193  203  218  233  249  265  285  306  326  342  351  351  343  329
  313  298  288  284  283  286  290  298  310  325  341  357  369  378  385  389
  391  390  386  381  375  370  363  355  345  331  313  292  270  248  228  213
  202  194  188  184  180  176  171  164  157  151  146  144  144  145  147  148
  146  143  138  133  131  132  139  145  161                                   
    22.5-180.0 180.0   5.0 450.0                            LAT/LON1/LON2/DLON/H
  161  179  192  202  216  231  247  261  281  302  323  342  354  359  355  344
  330  316  306  301  302  305  311  319  331  346  362  377  389  397  403  405
  404  398  390  380  371  363  354  343  330  314  295  274  253  233  216  203
  193  185  178  172  168  164  159  153  146  139  134  132  131  132  134  136
  135  135  132  129  129  130  137  145  161                                   
    20.0-180.0 180.0   5.0 450.0                            LAT/LON1/LON2/DLON/H
  161  178  190  202  217  233  249  263  281  302  322  342  356  364  365  358
  346  334  324  320  320  324  330  338  349  363  377  391  401  408  411  410
  405  396  384  372  360  350  339  326  310  292  273  253  234  217  203  193
  184  175  167  160  155  151  146  141  135  129  124  120  119  119  121  123
  124  126  125  124  126  128  134  143  161                                   
    17.5-180.0 180.0   5.0 450.0                            LAT/LON1/LON2/DLON/H
  159  176  188  201  219  236  254  268  285  303  322  341  356  367  371  369
  361  351  342  338  338  341  347  355  364  376  388  398  407  411  411  407
  399  386  372  359  347  336  324  309  291  272  252  233  216  203  192  184
  175  166  157  148  143  139  135  131  126  120  115  111  108  107  108  110
  113  117  119  120  123  125  130  139  159                                   
    15.0-180.0 180.0   5.0 450.0                            LAT/LON1/LON2/DLON/H
  155  172  184  200  219  239  258  273  289  305  322  338  353  366  374  376
  372  365  357  353  352  355  361  368  376  385  394  402  408  410  408  401
  390  376  361  347  336  325  313  297  278  257  237  219  205  194  186  178
  169  159  148  139  133  129  126  123  119  114  109  104  100   98   98  100
  103  108  111  114  118  121  125  134  155                                   
    12.5-180.0 180.0   5.0 450.0                            LAT/LON1/LON2/DLON/H
  147  164  177  195  217  239  260  275  290  305  319  333  347  360  371  377
  378  373  367  363  362  365  371  377  384  391  399  404  408  408  404  395
  383  368  353  340  330  321  309  293  273  251  231  214  201  192  184  176
  166  154  142  132  125  121  119  117  114  110  105  100   95   92   91   93
   95  100  104  107  112  115  118  127  147                                   
    10.0-180.0 180.0   5.0 450.0                            LAT/LON1/LON2/DLON/H
  137  155  169  188  212  235  257  274  289  302  313  325  337  350  363  372
  376  375  371  368  367  370  376  383  390  397  402  407  409  408  403  393
  380  365  350  338  330  323  312  296  276  254  234  217  205  195  186  176
  164  150  136  126  119  116  115  113  111  107  103   98   94   90   89   89
   90   94   97  100  104  107  109  120  137                                   
     7.5-180.0 180.0   5.0 450.0                            LAT/LON1/LON2/DLON/H
  127  145  161  181  205  229  252  269  285  297  306  316  326  338  351  362
  369  370  369  367  367  371  378  386  394  401  407  411  412  410  405  395
