data/edconvlstm_nd/pred1230.15i
     1.0            IONOSPHERE MAPS     GNSS                IONEX VERSION / TYPE
pyspatialgeodesy        IME             05-JAN-18 20:20     PGM / RUN BY / DATE 
Map Name                                                    COMMENT             
Predicted global ionosphere maps (GIM).                     DESCRIPTION         
  2015     5     3     0     0     0                        EPOCH OF FIRST MAP  
  2015     5     4     0     0     0                        EPOCH OF LAST MAP   
  7200                                                      INTERVAL            
    13                                                      # OF MAPS IN FILE   
  NONE                                                      MAPPING FUNCTION    
10.0                                                        ELEVATION CUTOFF    
One-way carrier phase leveled to code                       OBSERVABLES USED    
  6371.0                                                    BASE RADIUS         
 2                                                          MAP DIMENSION       
   450.0 450.0   0.0                                        HGT1 / HGT2 / DHGT  
    87.5 -87.5  -2.5                                        LAT1 / LAT2 / DLAT  
  -180.0 180.0   5.0                                        LON1 / LON2 / DLON  
    -1                                                      EXPONENT            
                                                            END OF HEADER       
[from data line 2574]
     7                                                      START OF TEC MAP    
  2015     5     3    12     0     0                        EPOCH OF CURRENT MAP
    87.5-180.0 180.0   5.0 450.0                            LAT/LON1/LON2/DLON/H
  150  149  146  154  158  160  162  162  166  169  171  173  174  176  177  178
  179  180  180  180  181  181  181  181  180  180  180  179  178  178  177  176
  175  174  173  171  170  168  167  165  163  162  160  159  158  156  155  154
  153  151  150  149  147  146  145  144  142  141  140  139  138  138  137  136
  136  138  137  136  143  143  150  152  150                                   
    85.0-180.0 180.0   5.0 450.0                            LAT/LON1/LON2/DLON/H
  139  144  154  154  156  162  166  170  173  177  179  181  183  185  186  188
  188  189  189  190  190  190  190  190  190  190  189  189  189  188  188  187
  186  185  183  182  180  178  176  174  172  170  168  167  165  164  162  161
  160  158  157  155  154  152  150  149  147  146  144  142  141  140  139  138
  138  139  136  135  136  137  142  147  139                                   
    82.5-180.0 180.0   5.0 450.0                            LAT/LON1/LON2/DLON/H
  118  134  139  140  143  151  157  162  167  171  175  178  181  183  185  186
  187  188  188  188  189  189  189  190  190  191  191  192  193  193  194  193
  193  192  190  189  187  184  182  179  177  175  173  171  169  168  166  165
  163  162  160  158  156  154  151  149  146  143  141  138  135  132  129  127
  126  124  120  121  122  131  131  126  118                                   
    80.0-180.0 180.0   5.0 450.0                            LAT/LON1/LON2/DLON/H
  110  121  127  132  135  141  149  157  163  169  173  177  180  183  185  186
  186  186  186  186  185  185  185  186  186  187  189  190  192  194  195  196
  196  196  194  193  191  188  186  183  181  179  178  177  176  175  174  174
  173  172  171  170  168  166  163  160  157  153  149  145  141  136  132  128
  125  121  116  115  112  116  122  116  110                                   
    77.5-180.0 180.0   5.0 450.0                            LAT/LON1/LON2/DLON/H
  110  113  119  124  127  134  142  150  157  163  168  172  176  179  180  181
  181  181  180  179  178  178  178  179  180  182  185  189  192  196  199  202
  204  205  205  204  203  201  199  197  195  194  193  194  194  195  196  197
  197  198  197  196  195  193  190  187  183  179  174  168  162  155  149  142
  135  129  120  118  115  112  116  115  110                                   
    75.0-180.0 180.0   5.0 450.0                            LAT/LON1/LON2/DLON/H
  107  110  110  116  120  127  133  140  148  154  159  164  167  170  171  172
  172  171  170  169  168  167  168  169  171  174  178  183  189  195  200  205
  209  211  212  212  211  210  208  206  206  206  207  208  210  213  215  217
  219  220  221  220  220  218  216  213  209  205  199  193  186  179  170  162
  153  144  134  125  120  115  117  109  107                                   
    72.5-180.0 180.0   5.0 450.0                            LAT/LON1/LON2/DLON/H
  106  107  106  111  114  120  126  132  139  144  149  153  157  159  161  162
  162  161  160  160  159  159  160  161  164  168  173  179  187  194  202  209
  215  219  221  222  222  220  219  218  219  220  222  225  228  232  236  238
  240  242  242  242  242  240  238  235  232  228  223  218  211  203  195  185
  175  164  152  141  131  124  123  118  106                                   
    70.0-180.0 180.0   5.0 450.0                            LAT/LON1/LON2/DLON/H
  111  107  106  108  109  112  117  122  127  132  136  140  143  146  148  149
  150  150  150  150  150  151  152  154  157  161  167  174  183  192  201  210
  217  222  226  227  227  226  226  225  226  228  231  235  239  243  246  249
  250  251  251  250  248  247  245  243  240  237  233  229  224  217  210  202
  191  180  167  155  143  134  133  127  111                                   
    67.5-180.0 180.0   5.0 450.0                            LAT/LON1/LON2/DLON/H
  113  110  108  108  107  109  112  115  118  122  125  130  133  136  139  141
  143  144  145  147  148  149  151  154  157  161  166  173  181  191  201  211
  219  225  229  231  232  231  231  231  232  235  238  242  246  250  252  253
  253  252  250  248  245  243  241  239  237  236  233  231  228  223  218  211
  202  192  179  166  153  143  140  134  113                                   
    65.0-180.0 180.0   5.0 450.0                            LAT/LON1/LON2/DLON/H
  117  113  109  108  104  104  104  105  108  111  114  118  122  125  129  132
  135  138  141  143  146  149  151  154  157  161  165  171  180  189  200  210
  219  227  231  234  235  235  235  236  237  240  243  247  250  251  252  250
  248  244  241  237  233  230  228  226  225  225  224  223  221  219  215  211
  204  196  185  174  161  152  148  143  117                                   
    62.5-180.0 180.0   5.0 450.0                            LAT/LON1/LON2/DLON/H
  119  115  110  107  101   99   97   97   98  100  102  107  111  116  121  125
  129  134  137  141  145  149  153  156  158  161  165  170  177  187  197  208
  218  226  232  235  237  238  238  240  242  245  248  250  251  251  248  245
  240  234  228  223  219  215  213  212  211  211  211  212  211  210  208  205
  199  193  185  175  164  155  151  147  119                                   
    60.0-180.0 180.0   5.0 450.0                            LAT/LON1/LON2/DLON/H
  122  116  110  105   97   93   90   88   88   89   91   95  100  106  112  118
  123  128  133  138  143  147  152  155  158  160  162  166  173  182  193  204
  215  224  231  236  239  241  244  246  249  252  254  254  254  251  246  241
  234  227  220  214  209  205  203  202  202  203  203  204  203  202  200  198
  193  188  181  173  164  156  152  146  122                                   
    57.5-180.0 180.0   5.0 450.0                            LAT/LON1/LON2/DLON/H
  126  118  111  105   95   90   86   82   81   81   82   86   91   97  104  111
  118  124  130  135  140  145  149  153  156  158  159  163  169  178  189  201
  213  223  231  238  243  248  253  257  260  263  264  263  260  256  250  243
  235  227  220  214  209  205  204  203  203  204  205  205  204  202  199  196
  191  186  179  172  164  156  152  146  126                                   
    55.0-180.0 180.0   5.0 450.0                            LAT/LON1/LON2/DLON/H
  133  122  115  107   97   91   86   81   78   76   76   79   83   89   97  106
  114  121  127  132  136  141  146  150  153  155  156  160  165  174  186  199
  211  222  233  242  250  258  265  271  275  277  278  276  272  266  259  252
  245  237  230  224  219  216  214  214  215  216  216  216  214  210  206  201
  195  189  182  175  167  159  154  148  133                                   
    52.5-180.0 180.0   5.0 450.0                            LAT/LON1/LON2/DLON/H
  144  130  123  115  105   98   92   86   81   78   76   76   79   84   93  103
  113  121  127  131  135  139  143  148  151  153  155  158  163  172  184  197
  211  223  236  247  259  270  280  287  292  295  294  291  286  280  274  267
  261  254  248  241  236  233  231  231  233  234  234  233  230  225  219  212
  205  198  190  183  175  166  160  154  144                                   
    50.0-180.0 180.0   5.0 450.0                            LAT/LON1/LON2/DLON/H
  156  142  135  127  118  112  105   98   92   86   81   78   79   83   92  103
  114  124  130  134  136  139  144  148  152  154  155  158  163  172  184  198
  212  226  240  255  270  284  296  305  311  313  312  308  303  297  291  286
  281  275  268  262  256  252  250  250  251  253  253  251  248  242  234  226
  217  209  200  193  184  175  170  163  156                                   
    47.5-180.0 180.0   5.0 450.0                            LAT/LON1/LON2/DLON/H
  167  154  149  143  135  130  124  115  107   99   92   86   84   86   94  106
  119  131  138  141  142  144  147  151  155  157  158  160  165  174  186  199
  214  229  245  263  281  299  313  324  330  331  329  325  319  314  309  304
  300  294  287  279  272  266  263  263  264  265  266  264  260  254  246  237
  227  219  209  201  193  185  179  172  167                                   
    45.0-180.0 180.0   5.0 450.0                            LAT/LON1/LON2/DLON/H
  173  165  161  158  152  148  143  135  126  117  107   99   93   93  100  113
  127  140  148  151  151  151  154  157  161  163  163  164  169  177  188  202
  217  234  252  273  294  314  331  343  349  350  347  342  336  330  326  321
  316  310  301  291  281  274  269  268  268  269  269  267  263  257  249  241
  232  223  213  205  197  191  186  179  173                                   
    42.5-180.0 180.0   5.0 450.0                            LAT/LON1/LON2/DLON/H
  172  170  169  168  165  164  160  153  144  135  124  114  106  103  109  121
  137  151  160  163  162  161  162  165  168  169  169  169  172  180  191  206
  222  241  262  286  310  333  351  363  369  370  367  361  355  348  343  337
  331  323  312  300  288  278  271  268  267  266  264  261  256  250  244  237
  228  220  210  202  195  190  186  180  172                                   
    40.0-180.0 180.0   5.0 450.0                            LAT/LON1/LON2/DLON/H
  165  169  169  171  171  171  170  165  158  150  141  130  121  116  119  131
  147  161  171  173  172  170  170  173  175  176  174  174  176  183  195  211
  230  251  276  303  330  355  374  386  393  394  391  385  378  370  363  357
  349  339  327  312  298  287  278  272  268  264  259  253  247  241  235  229
  221  213  202  194  187  183  180  174  165                                   
    37.5-180.0 180.0   5.0 450.0                            LAT/LON1/LON2/DLON/H
  153  161  163  166  169  170  171  168  165  160  153  145  135  129  130  140
  155  170  179  182  180  177  177  178  180  180  179  178  181  189  202  220
  242  267  296  326  356  382  402  415  422  425  423  417  409  401  392  385
  376  365  352  337  323  309  298  289  281  272  263  254  244  236  230  224
  216  208  196  185  177  172  171  163  153                                   
    35.0-180.0 180.0   5.0 450.0                            LAT/LON1/LON2/DLON/H
  141  152  153  155  159  161  164  164  164  164  161  156  148  141  141  148
  161  175  185  188  186  183  182  182  184  184  183  183  187  197  213  234
  260  290  322  356  388  415  436  450  459  463  463  458  451  442  433  425
  417  407  395  382  368  354  341  328  314  299  284  269  256  245  238  231
  222  212  197  183  172  165  163  152  141                                   
    32.5-180.0 180.0   5.0 450.0                            LAT/LON1/LON2/DLON/H
  136  145  144  144  148  149  153  154  157  160  163  162  157  151  149  154
  165  179  189  193  192  188  186  186  187  188  189  191  198  210  230  255
  285  319  355  391  425  453  474  490  500  507  510  508  502  494  486  480
  474  468  460  450  438  424  408  390  370  348  326  306  288  273  264  255
  245  232  214  196  180  167  162  148  136                                   
    30.0-180.0 180.0   5.0 450.0                            LAT/LON1/LON2/DLON/H
  141  145  140  138  139  139  143  143  147  153  160  164  162  158  155  158
  167  180  191  197  197  195  192  191  193  195  198  204  214  230  254  283
  318  355  393  431  464  492  513  530  543  554  561  563  560  554  550  547
  546  546  543  538  529  515  497  473  446  418  390  363  340  322  309  298
  286  271  249  225  203  184  174  155  141                                   
    27.5-180.0 180.0   5.0 450.0                            LAT/LON1/LON2/DLON/H
  157  156  145  141  139  137  139  138  140  147  155  162  164  161  158  159
  167  180  193  201  204  203  200  200  201  205  212  222  236  257  285  318
  355  394  432  468  500  526  547  564  580  595  606  613  615  615  615  618
  624  630  635  636  630  617  595  565  532  497  464  433  407  384  368  354
  340  323  299  271  243  217  200  177  157                                   
    25.0-180.0 180.0   5.0 450.0                            LAT/LON1/LON2/DLON/H
  185  179  162  154  150  145  144  140  139  144  151  158  162  160  158  158
  166  179  194  205  211  212  210  210  213  220  231  245  265  290  321  356
  393  430  465  498  526  549  569  587  605  624  640  652  659  664  670  680
  693  706  717  722  719  705  679  645  605  566  530  498  470  446  427  412
  397  381  356  326  293  261  238  211  185                                   
    22.5-180.0 180.0   5.0 450.0                            LAT/LON1/LON2/DLON/H
  220  211  190  179  171  164  158  150  145  145  149  155  158  157  155  156
  164  178  194  208  217  220  221  222  227  238  253  273  297  325  357  391
  425  457  487  514  538  559  577  596  616  637  657  673  684  694  705  719
  736  754  769  776  774  759  731  691  647  606  570  539  512  488  470  455
  442  430  408  379  344  310  283  254  220                                   
    20.0-180.0 180.0   5.0 450.0                            LAT/LON1/LON2/DLON/H
  257  248  225  211  199  189  179  168  157  152  151  153  154  153  151  152
  160  175  193  209  220  226  229  233  241  256  276  300  327  357  387  418
  447  473  497  519  539  557  574  593  614  636  657  674  688  700  713  728
  746  765  780  788  786  771  741  700  654  612  577  549  524  503  486  473
  464  458  445  420  387  353  327  298  257                                   
    17.5-180.0 180.0   5.0 450.0                            LAT/LON1/LON2/DLON/H
  287  281  260  244  228  216  203  187  172  161  154  151  150  148  147  149
  157  171  189  207  220  228  234  241  254  272  296  324  353  382  410  436
  459  480  499  516  532  549  566  585  605  626  645  662  675  686  697  710
  725  741  754  762  760  745  717  677  633  592  559  533  512  492  477  466
  460  462  458  440  413  384  362  333  287                                   
    15.0-180.0 180.0   5.0 450.0                            LAT/LON1/LON2/DLON/H
  307  304  287  269  251  237  222  205  186  170  158  151  147  144  143  145
  153  166  184  201  214  224  233  245  262  285  312  342  371  399  424  447
  466  483  497  512  526  542  560  578  596  614  630  643  653  660  667  674
  684  694  704  709  708  697  673  638  598  560  529  505  484  464  448  437
  434  441  447  439  420  397  381  354  307                                   
    12.5-180.0 180.0   5.0 450.0                            LAT/LON1/LON2/DLON/H
  314  315  302  283  264  249  233  216  196  178  162  152  145  142  140  142
  149  161  177  192  205  217  229  245  266  293  324  355  384  411  435  455
  472  486  499  511  526  542  559  576  592  606  618  626  631  633  633  633
  636  640  646  650  650  643  626  598  563  529  500  475  452  430  410  396
  394  404  417  418  409  394  382  359  314                                   
    10.0-180.0 180.0   5.0 450.0                            LAT/LON1/LON2/DLON/H
  312  315  304  285  265  249  234  218  200  182  165  153  145  141  139  141
  146  156  169  182  195  207  223  243  269  300  333  366  395  421  444  464
  480  493  505  518  532  549  566  583  596  606  613  617  616  613  606  600
  596  596  598  602  604  603  593  573  545  514  484  457  430  401  375  356
  351  361  377  386  385  377  370  349  312                                   
     7.5-180.0 180.0   5.0 450.0                            LAT/LON1/LON2/DLON/H
  304  308  297  276  256  239  226  212  197  181  166  155  147  142  140  140
  144  152  162  173  185  199  218  242  272  307  342  376  405  430  453  472
