data/edconvlstm_nd/pred2390.15i
     1.0            IONOSPHERE MAPS     GNSS                IONEX VERSION / TYPE
pyspatialgeodesy        IME             05-JAN-18 20:20     PGM / RUN BY / DATE 
Map Name                                                    COMMENT             
Predicted global ionosphere maps (GIM).                     DESCRIPTION         
  2015     8    27     0     0     0                        EPOCH OF FIRST MAP  
  2015     8    28     0     0     0                        EPOCH OF LAST MAP   
  7200                                                      INTERVAL            
    13                                                      # OF MAPS IN FILE   
  NONE                                                      MAPPING FUNCTION    
10.0                                                        ELEVATION CUTOFF    
One-way carrier phase leveled to code                       OBSERVABLES USED    
  6371.0                                                    BASE RADIUS         
 2                                                          MAP DIMENSION       
   450.0 450.0   0.0                                        HGT1 / HGT2 / DHGT  
    87.5 -87.5  -2.5                                        LAT1 / LAT2 / DLAT  
  -180.0 180.0   5.0                                        LON1 / LON2 / DLON  
    -1                                                      EXPONENT            
                                                            END OF HEADER       
[from data line 2145]
     6                                                      START OF TEC MAP    
  2015     8    27    10     0     0                        EPOCH OF CURRENT MAP
    87.5-180.0 180.0   5.0 450.0                            LAT/LON1/LON2/DLON/H
   94  104  105  110  113  115  115  112  115  117  118  119  119  120  120  120
  120  119  119  118  117  117  116  115  114  113  112  111  110  109  108  107
  106  105  104  103  103  102  102  101  101  100  100  100  100  100   99   99
   98   98   97   96   96   95   94   93   92   91   90   89   89   88   88   88
   89   91   90   89   96   96  107  105   94                                   
    85.0-180.0 180.0   5.0 450.0                            LAT/LON1/LON2/DLON/H
   96  109  120  114  116  121  122  124  126  128  128  130  130  130  130  130
  129  129  128  127  126  125  125  124  122  121  120  119  118  117  116  115
  114  114  113  112  112  111  111  110  110  110  110  110  110  110  109  109
  108  107  106  105  104  102  101   99   98   96   95   94   93   92   92   92
   94   96   92   91   91   95  103  104   96                                   
    82.5-180.0 180.0   5.0 450.0                            LAT/LON1/LON2/DLON/H
   92  107  116  111  113  118  121  123  125  128  128  129  129  128  127  126
  125  124  123  122  121  120  119  118  117  116  115  114  114  113  112  112
  111  111  110  110  110  110  110  111  111  112  113  114  114  115  115  115
  114  114  112  111  109  107  104  102   99   96   94   92   90   88   87   86
   87   88   85   85   87   93   90   88   92                                   
    80.0-180.0 180.0   5.0 450.0                            LAT/LON1/LON2/DLON/H
   88   96  106  106  108  111  114  117  120  121  120  121  119  118  116  114
  112  111  109  108  107  106  105  104  104  103  103  103  102  102  102  102
  102  102  102  102  103  104  105  107  108  110  113  115  117  118  119  120
  120  119  118  116  114  111  107  104  100   96   92   89   86   83   81   80
   80   79   78   78   78   85   89   85   88                                   
    77.5-180.0 180.0   5.0 450.0                            LAT/LON1/LON2/DLON/H
   87   91   97   99  101  106  109  112  114  114  111  111  108  105  102   99
   97   95   93   92   91   91   91   91   91   91   91   92   92   93   93   94
   94   95   96   97   98  100  103  105  109  113  116  120  124  127  130  132
  133  133  132  130  127  124  119  115  110  105  100   95   91   87   84   81
   79   78   75   76   76   76   78   82   87                                   
    75.0-180.0 180.0   5.0 450.0                            LAT/LON1/LON2/DLON/H
   78   84   85   89   91   98   99  101  102  102   98   95   91   87   83   80
   77   75   74   74   74   74   75   76   77   78   78   79   81   82   83   85
   86   87   89   91   93   95   99  103  108  113  119  125  130  135  139  142
  143  144  143  141  138  134  130  125  119  114  109  104   99   95   91   88
   84   81   78   73   74   73   76   74   78                                   
    72.5-180.0 180.0   5.0 450.0                            LAT/LON1/LON2/DLON/H
   74   78   78   82   84   91   93   94   93   92   87   84   79   74   70   66
   63   62   62   62   63   64   66   67   68   70   71   72   74   76   78   80
   83   85   87   90   92   96  100  106  112  119  126  134  141  147  151  155
  157  157  157  155  152  148  143  138  132  127  121  116  112  108  104  100
   97   92   88   83   79   77   76   77   74                                   
    70.0-180.0 180.0   5.0 450.0                            LAT/LON1/LON2/DLON/H
   75   74   75   76   77   81   82   83   83   80   76   72   66   62   57   54
   52   51   52   53   55   57   59   61   62   63   65   66   68   71   74   77
   80   84   87   90   93   97  102  108  116  124  133  141  149  155  160  163
  165  165  163  161  158  154  149  144  138  133  128  124  121  117  114  112
  108  103   99   92   86   82   82   82   75                                   
    67.5-180.0 180.0   5.0 450.0                            LAT/LON1/LON2/DLON/H
   74   72   72   73   72   75   76   76   75   73   69   65   60   56   52   50
   48   49   50   52   55   57   59   60   61   61   62   63   65   68   71   75
   80   84   88   91   95   99  105  112  120  129  138  147  154  160  164  166
  167  166  165  162  159  155  150  145  140  136  132  129  127  125  123  122
  120  115  110  102   95   89   86   84   74                                   
    65.0-180.0 180.0   5.0 450.0                            LAT/LON1/LON2/DLON/H
   77   73   71   71   68   71   71   71   70   68   64   62   58   55   52   50
   50   51   53   55   58   60   62   62   62   62   61   62   64   67   71   76
   82   87   92   96  100  105  111  118  127  136  146  155  162  167  169  170
  169  168  165  162  159  155  151  146  141  137  134  132  131  131  130  131
  129  126  122  114  106   99   95   92   77                                   
    62.5-180.0 180.0   5.0 450.0                            LAT/LON1/LON2/DLON/H
   79   74   70   69   66   67   67   66   65   63   61   60   57   55   54   53
   54   55   57   59   61   63   64   64   63   62   61   61   63   66   71   77
   84   90   96  101  106  111  117  125  134  144  153  161  167  171  172  171
  169  167  164  162  159  155  151  146  142  138  135  133  133  133  134  135
  135  132  129  122  113  105  100   97   79                                   
    60.0-180.0 180.0   5.0 450.0                            LAT/LON1/LON2/DLON/H
   83   76   71   68   63   63   62   61   59   58   56   56   56   55   55   56
   56   57   58   60   61   62   63   62   61   60   59   59   61   64   70   77
   84   92   99  105  110  116  123  131  140  150  159  167  171  174  173  171
  169  167  165  163  161  158  154  149  144  140  136  134  134  134  134  135
  136  134  132  125  117  110  104  100   83                                   
    57.5-180.0 180.0   5.0 450.0                            LAT/LON1/LON2/DLON/H
   87   78   72   69   63   62   60   57   55   53   52   53   53   55   56   56
   57   57   58   58   59   60   60   59   58   57   57   57   60   64   70   77
   86   94  102  109  116  122  130  138  147  157  166  173  177  178  177  175
  173  171  171  170  169  167  163  158  153  147  143  140  139  138  138  138
  138  136  133  127  120  113  107  103   87                                   
    55.0-180.0 180.0   5.0 450.0                            LAT/LON1/LON2/DLON/H
   92   82   75   71   65   63   59   55   51   49   47   48   50   51   53   54
   54   54   54   54   54   54   54   55   55   55   56   57   60   64   71   79
   88   97  106  114  122  129  136  145  154  164  173  180  183  184  183  181
  180  180  180  181  181  179  176  170  165  159  154  150  147  145  143  142
  141  137  135  129  122  115  109  105   92                                   
    52.5-180.0 180.0   5.0 450.0                            LAT/LON1/LON2/DLON/H
   97   87   80   76   69   66   61   55   51   47   44   45   46   47   49   50
   50   49   48   48   48   48   50   51   53   55   57   60   63   68   74   82
   91  100  110  120  128  136  144  153  162  172  180  186  190  191  191  190
  190  191  193  194  195  193  189  184  178  172  167  163  159  156  153  150
  146  142  138  132  125  118  112  107   97                                   
    50.0-180.0 180.0   5.0 450.0                            LAT/LON1/LON2/DLON/H
  103   93   86   83   75   72   66   60   54   48   44   44   43   44   45   46
   45   45   44   43   43   44   47   50   54   58   62   65   69   74   79   87
   95  105  116  126  136  144  153  162  171  180  188  194  198  199  200  200
  201  203  206  207  206  204  200  194  189  184  179  175  172  168  164  160
  155  149  144  136  130  122  116  111  103                                   
    47.5-180.0 180.0   5.0 450.0                            LAT/LON1/LON2/DLON/H
  108   99   92   90   83   80   74   68   61   54   49   46   44   44   43   43
   43   42   40   40   40   43   47   52   59   65   70   74   78   82   87   93
  102  112  123  134  144  154  163  171  180  189  196  202  206  208  210  211
  213  215  216  216  214  210  205  200  195  191  188  185  183  180  175  170
  164  157  151  142  134  127  121  116  108                                   
    45.0-180.0 180.0   5.0 450.0                            LAT/LON1/LON2/DLON/H
  111  103   98   96   90   88   84   78   71   65   58   54   50   47   45   44
   42   41   40   40   41   44   50   58   66   73   79   83   87   90   95  101
  109  119  130  142  154  164  174  182  191  199  206  211  215  218  220  222
  224  225  224  221  216  210  204  199  195  193  192  191  190  188  184  180
  173  165  157  147  139  132  126  121  111                                   
    42.5-180.0 180.0   5.0 450.0                            LAT/LON1/LON2/DLON/H
  112  106  101  100   96   95   92   89   84   77   71   65   60   55   51   48
   46   44   43   43   44   49   56   65   74   82   88   92   95   99  103  108
  116  126  138  151  164  175  185  194  202  209  216  221  225  228  231  234
  235  234  231  224  216  208  201  196  193  193  194  194  194  193  190  186
  179  171  162  151  142  135  129  125  112                                   
    40.0-180.0 180.0   5.0 450.0                            LAT/LON1/LON2/DLON/H
  111  106  102  101   97   98   98   97   94   90   85   79   73   66   61   56
   53   50   48   48   50   55   63   72   81   89   94   98  101  105  109  115
  123  133  146  159  173  185  196  205  213  220  227  232  236  240  243  246
  247  244  238  230  219  209  201  196  194  195  196  197  198  197  194  190
  184  174  164  152  143  135  130  127  111                                   
    37.5-180.0 180.0   5.0 450.0                            LAT/LON1/LON2/DLON/H
  108  105  101   99   96   97  100  101  102  100   97   92   86   79   72   67
   62   58   56   55   57   62   69   78   86   93   98  101  104  108  113  119
  128  139  152  167  182  195  207  216  225  232  238  244  249  253  257  261
  261  259  252  242  231  220  211  207  205  205  206  206  205  203  200  195
  188  177  166  153  142  134  130  126  108                                   
    35.0-180.0 180.0   5.0 450.0                            LAT/LON1/LON2/DLON/H
  105  103   98   95   91   93   97  100  104  105  104  102   97   90   84   77
   72   67   64   62   63   67   74   81   88   93   98  101  105  110  116  123
  133  144  158  174  190  204  217  227  236  244  251  257  263  269  275  279
  281  279  274  266  256  246  238  233  230  229  227  224  220  215  210  204
  194  182  168  154  141  132  128  125  105                                   
    32.5-180.0 180.0   5.0 450.0                            LAT/LON1/LON2/DLON/H
  104  102   96   91   86   87   91   95  101  104  106  106  103   99   93   87
   81   75   71   68   69   72   77   82   88   92   96  100  105  111  118  127
  137  150  164  181  198  213  227  238  248  256  264  272  280  288  295  302
  306  308  307  302  296  289  282  276  272  267  262  255  247  238  229  220
  207  192  176  158  144  132  128  125  104                                   
    30.0-180.0 180.0   5.0 450.0                            LAT/LON1/LON2/DLON/H
  107  103   97   89   83   83   85   89   94   99  103  105  105  103  100   94
   88   82   77   74   73   75   79   84   88   91   95   99  105  113  121  131
  142  155  171  188  205  222  237  249  260  270  280  290  299  309  319  328
  336  343  347  349  348  344  339  332  326  318  309  298  285  272  259  245
  229  210  190  168  151  136  132  128  107                                   
    27.5-180.0 180.0   5.0 450.0                            LAT/LON1/LON2/DLON/H
  114  109  103   93   84   82   82   84   88   93   97  101  104  104  103   99
   94   88   82   79   78   80   83   86   89   92   95  101  108  117  127  137
  149  162  178  196  215  232  248  261  274  285  297  309  321  333  345  357
  369  381  392  400  405  405  401  394  385  375  363  348  332  315  297  279
  259  236  212  186  166  146  140  135  114                                   
    25.0-180.0 180.0   5.0 450.0                            LAT/LON1/LON2/DLON/H
  127  120  113  102   92   88   86   84   86   88   92   96  100  102  103  101
   97   92   87   84   84   85   88   90   92   95   98  105  113  123  134  146
  158  172  188  206  226  244  261  275  289  303  316  330  343  357  371  386
  402  419  435  450  459  462  459  452  441  429  415  399  381  361  340  319
  295  270  242  212  188  163  154  148  127                                   
    22.5-180.0 180.0   5.0 450.0                            LAT/LON1/LON2/DLON/H
  143  134  129  117  106  100   96   91   90   89   90   93   97  100  102  102
   99   95   92   90   90   92   95   96   97  100  104  111  121  132  144  156
  169  183  200  219  239  258  275  291  306  321  337  351  366  381  396  413
  431  451  472  490  502  506  503  494  483  471  458  442  424  404  382  359
  334  306  276  243  215  186  173  165  143                                   
    20.0-180.0 180.0   5.0 450.0                            LAT/LON1/LON2/DLON/H
  161  152  147  136  125  117  111  105  100   96   94   94   96   99  101  102
  100   98   96   95   97   99  101  102  103  106  110  119  130  142  155  168
  181  196  214  234  254  274  292  308  325  341  357  373  388  403  418  435
  454  475  496  515  527  530  525  516  505  495  484  472  456  437  416  394
  369  341  311  276  245  212  195  186  161                                   
    17.5-180.0 180.0   5.0 450.0                            LAT/LON1/LON2/DLON/H
  179  170  167  156  145  137  130  122  115  108  102   99   98  100  101  102
  101  100   99   99  102  104  107  108  108  111  117  126  138  152  166  180
  194  210  229  250  270  290  308  325  342  360  376  392  407  421  435  450
  468  488  508  524  532  532  525  516  508  501  494  485  473  456  438  418
  395  370  341  307  274  238  219  209  179                                   
    15.0-180.0 180.0   5.0 450.0                            LAT/LON1/LON2/DLON/H
  197  188  186  175  164  155  149  140  132  122  113  107  103  102  102  102
  101  101  101  102  105  107  109  110  111  115  122  132  146  161  176  192
  207  225  244  265  285  305  322  340  358  376  392  407  421  433  445  459
  474  491  507  518  522  518  510  502  497  494  491  486  476  462  447  430
  411  389  363  331  299  262  241  231  197                                   
    12.5-180.0 180.0   5.0 450.0                            LAT/LON1/LON2/DLON/H
  213  204  201  191  180  171  164  155  147  136  125  116  109  105  103  102
  101  101  102  103  105  107  109  110  112  116  125  137  152  169  185  202
  219  238  258  278  298  316  334  351  369  387  403  416  427  438  448  460
  473  486  498  504  504  499  491  485  483  483  483  479  470  458  444  430
  415  397  375  347  317  282  261  250  213                                   
    10.0-180.0 180.0   5.0 450.0                            LAT/LON1/LON2/DLON/H
  227  218  214  202  191  181  174  166  158  147  135  124  115  108  104  101
  100  100  101  102  103  104  105  107  111  117  127  141  158  175  193  211
  229  249  269  288  307  323  339  356  374  391  406  417  426  434  443  453
  465  476  485  489  487  481  476  473  474  476  476  471  460  447  434  421
  408  395  377  354  327  295  276  266  227                                   
     7.5-180.0 180.0   5.0 450.0                            LAT/LON1/LON2/DLON/H
  240  230  224  211  199  187  179  172  164  153  141  129  119  110  104  101
   99   99   99   99   99   99  100  103  109  117  130  145  163  181  200  218
