data/edconvlstm_nd/pred2630.15i
     1.0            IONOSPHERE MAPS     GNSS                IONEX VERSION / TYPE
pyspatialgeodesy        IME             05-JAN-18 20:20     PGM / RUN BY / DATE 
Map Name                                                    COMMENT             
Predicted global ionosphere maps (GIM).                     DESCRIPTION         
  2015     9    20     0     0     0                        EPOCH OF FIRST MAP  
  2015     9    21     0     0     0                        EPOCH OF LAST MAP   
  7200                                                      INTERVAL            
    13                                                      # OF MAPS IN FILE   
  NONE                                                      MAPPING FUNCTION    
10.0                                                        ELEVATION CUTOFF    
One-way carrier phase leveled to code                       OBSERVABLES USED    
  6371.0                                                    BASE RADIUS         
 2                                                          MAP DIMENSION       
   450.0 450.0   0.0                                        HGT1 / HGT2 / DHGT  
    87.5 -87.5  -2.5                                        LAT1 / LAT2 / DLAT  
  -180.0 180.0   5.0                                        LON1 / LON2 / DLON  
    -1                                                      EXPONENT            
                                                            END OF HEADER       
[from data line 3003]
     8                                                      START OF TEC MAP    
  2015     9    20    14     0     0                        EPOCH OF CURRENT MAP
    87.5-180.0 180.0   5.0 450.0                            LAT/LON1/LON2/DLON/H
   83   92   91   96   99   98   97   93   93   95   94   94   94   94   94   94
   94   94   94   94   94   93   93   93   93   93   92   92   91   91   90   89
   88   87   86   85   84   84   83   82   81   81   80   80   80   80   80   80
   80   81   81   82   83   83   84   85   86   86   87   88   89   90   90   91
   92   93   91   89   94   92  105  103   83                                   
    85.0-180.0 180.0   5.0 450.0                            LAT/LON1/LON2/DLON/H
   87   93  106   93   92   96   95   96   95   97   95   96   96   96   96   96
   96   97   97   97   97   97   97   97   97   97   97   97   97   96   96   95
   94   93   92   90   89   88   86   85   84   83   82   82   81   81   81   81
   81   81   82   83   83   84   85   86   87   88   89   90   91   92   93   94
   96   96   92   88   89   91   99  100   87                                   
    82.5-180.0 180.0   5.0 450.0                            LAT/LON1/LON2/DLON/H
   76   85   92   84   83   87   87   87   87   88   87   88   88   88   89   89
   90   90   91   91   92   92   93   94   94   95   95   95   95   95   95   94
   93   92   90   89   87   86   84   82   81   79   78   77   76   76   75   75
   76   76   77   78   79   80   81   82   83   84   85   86   87   88   89   90
   91   92   88   85   86   95   91   89   76                                   
    80.0-180.0 180.0   5.0 450.0                            LAT/LON1/LON2/DLON/H
   66   69   78   73   70   69   71   72   73   74   74   75   75   76   77   78
   79   80   80   81   82   83   85   86   87   88   89   90   91   91   91   91
   90   89   87   85   83   81   79   77   75   73   71   70   69   68   67   67
   67   67   68   68   69   70   71   72   73   74   75   76   76   77   78   79
   80   80   79   77   76   81   83   84   66                                   
    77.5-180.0 180.0   5.0 450.0                            LAT/LON1/LON2/DLON/H
   67   64   66   62   59   59   60   61   62   62   62   64   65   67   68   70
   71   73   74   75   76   78   80   81   83   85   87   89   90   91   92   91
   91   90   88   86   84   81   79   77   74   72   70   68   67   65   65   64
   63   63   63   64   64   64   65   65   66   66   66   67   67   67   67   68
   68   68   67   67   67   67   71   73   67                                   
    75.0-180.0 180.0   5.0 450.0                            LAT/LON1/LON2/DLON/H
   57   56   54   53   52   51   51   51   52   54   54   57   58   60   62   64
   65   67   68   69   71   73   75   77   80   82   85   88   90   91   93   93
   93   92   91   89   87   85   83   81   79   77   75   73   71   69   68   67
   66   65   64   64   63   63   62   62   61   61   61   61   61   60   60   61
   61   61   61   58   60   59   61   57   57                                   
    72.5-180.0 180.0   5.0 450.0                            LAT/LON1/LON2/DLON/H
   54   52   50   50   48   48   49   48   49   50   51   53   55   58   60   62
   64   65   66   68   69   70   72   75   78   81   84   87   89   92   93   94
   94   94   93   92   91   90   88   87   85   84   82   80   78   77   75   73
   71   69   67   65   63   62   60   58   57   56   55   54   54   54   53   53
   53   53   53   51   53   53   56   56   54                                   
    70.0-180.0 180.0   5.0 450.0                            LAT/LON1/LON2/DLON/H
   53   51   50   50   48   46   46   46   47   49   50   53   55   58   61   63
   65   66   67   68   69   70   72   75   78   81   84   87   90   93   94   96
   96   97   96   96   95   95   95   94   94   93   92   90   88   86   84   82
   79   76   73   69   66   62   60   57   55   53   52   51   51   50   50   50
   50   49   50   48   50   51   56   56   53                                   
    67.5-180.0 180.0   5.0 450.0                            LAT/LON1/LON2/DLON/H
   50   50   51   51   51   49   49   50   51   52   54   57   60   63   66   68
   70   71   71   72   73   73   75   77   79   82   84   87   89   91   93   94
   95   95   95   95   96   96   97   98   98   98   98   97   96   94   91   88
   85   81   77   72   68   63   60   57   54   52   51   50   50   49   49   49
   49   48   48   46   47   48   52   51   50                                   
    65.0-180.0 180.0   5.0 450.0                            LAT/LON1/LON2/DLON/H
   48   50   50   51   51   50   50   51   52   54   57   60   64   67   70   73
   74   75   75   76   76   77   78   79   81   83   85   87   89   90   92   93
   93   94   94   95   96   97   99  100  102  103  104  103  102  100   97   94
   90   85   80   75   70   65   61   57   55   53   52   51   51   50   50   50
   50   49   49   46   48   49   52   51   48                                   
    62.5-180.0 180.0   5.0 450.0                            LAT/LON1/LON2/DLON/H
   44   46   47   49   49   49   49   50   52   55   58   62   66   70   74   76
   77   78   78   78   79   79   80   81   82   84   85   87   88   89   91   91
   92   92   93   93   94   96   98  101  103  105  105  105  104  103  100   96
   92   87   82   76   71   66   62   59   57   56   55   54   53   53   52   52
   51   49   49   45   46   46   49   48   44                                   
    60.0-180.0 180.0   5.0 450.0                            LAT/LON1/LON2/DLON/H
   40   42   43   45   44   43   44   46   48   51   55   60   65   69   73   75
   77   78   78   78   78   79   80   81   82   83   85   86   88   89   91   92
   93   93   93   93   94   96   98  100  103  105  106  106  105  103  100   97
   93   88   83   77   72   68   64   62   61   60   59   58   56   55   53   52
   50   48   47   43   43   43   46   44   40                                   
    57.5-180.0 180.0   5.0 450.0                            LAT/LON1/LON2/DLON/H
   37   38   38   40   40   38   39   41   43   47   51   56   61   66   70   73
   75   77   77   77   78   78   79   81   82   84   86   88   91   93   96   98
   99   99   99   99   99  100  102  104  107  108  109  109  108  106  103  100
   96   92   87   82   78   74   72   70   70   69   68   66   63   60   57   55
   53   50   48   44   43   41   43   42   37                                   
    55.0-180.0 180.0   5.0 450.0                            LAT/LON1/LON2/DLON/H
   37   37   36   37   36   34   35   36   39   42   46   51   56   61   66   70
   72   74   75   75   76   77   78   80   82   85   88   92   96  100  104  107
  109  109  109  108  108  108  110  112  113  115  115  114  113  111  109  106
  103   99   95   90   86   83   81   81   81   81   80   77   72   67   63   59
   56   52   51   46   44   42   43   42   37                                   
    52.5-180.0 180.0   5.0 450.0                            LAT/LON1/LON2/DLON/H
   42   39   38   38   36   34   34   35   36   39   42   47   52   57   62   66
   70   72   73   74   75   76   78   80   84   88   93   98  104  110  115  119
  121  122  121  120  120  120  121  122  124  124  124  123  122  120  118  116
  113  110  105  101   97   95   94   94   95   96   94   90   84   77   71   65
   61   58   56   51   50   47   47   46   42                                   
    50.0-180.0 180.0   5.0 450.0                            LAT/LON1/LON2/DLON/H
   51   47   45   44   40   39   38   38   38   40   42   46   50   55   60   65
   69   72   74   76   76   78   80   83   87   93   99  106  113  120  127  131
  134  135  134  133  133  133  134  136  137  137  136  135  133  132  130  128
  126  123  118  114  110  107  107  108  110  111  109  105   97   89   81   74
   70   66   65   60   59   56   57   54   51                                   
    47.5-180.0 180.0   5.0 450.0                            LAT/LON1/LON2/DLON/H
   62   59   56   55   50   49   47   46   45   46   46   48   51   56   61   67
   72   76   79   80   81   82   85   89   94  100  108  116  123  131  137  142
  145  146  145  145  146  147  148  150  150  150  149  148  146  145  143  142
  139  136  131  126  122  119  119  121  124  125  124  119  111  101   92   85
   80   76   75   72   70   68   69   66   62                                   
    45.0-180.0 180.0   5.0 450.0                            LAT/LON1/LON2/DLON/H
   73   72   69   69   63   62   60   58   56   55   54   55   57   61   66   72
   78   83   86   88   89   91   94   98  104  111  119  126  134  140  146  150
  153  154  155  156  158  160  163  164  164  163  161  160  159  158  156  154
  151  147  142  136  131  128  127  130  134  137  136  132  124  114  104   97
   91   88   87   83   82   81   82   78   73                                   
    42.5-180.0 180.0   5.0 450.0                            LAT/LON1/LON2/DLON/H
   81   82   81   82   77   76   73   71   69   68   66   65   66   70   75   82
   88   94   97   99  101  103  106  111  118  125  132  138  144  149  153  156
  159  161  164  167  171  175  178  179  178  176  173  172  170  169  168  165
  161  156  150  143  137  133  132  135  140  144  145  142  134  125  115  108
  102   98   97   93   92   92   92   89   81                                   
    40.0-180.0 180.0   5.0 450.0                            LAT/LON1/LON2/DLON/H
   84   88   88   91   87   86   84   83   81   79   77   77   78   81   87   93
  100  106  109  112  113  116  120  126  133  140  146  151  155  158  161  165
  168  172  177  182  188  194  197  196  194  190  186  183  182  180  178  175
  170  164  157  149  142  137  135  137  142  147  149  147  141  132  124  117
  111  106  104  100   98   97   98   94   84                                   
    37.5-180.0 180.0   5.0 450.0                            LAT/LON1/LON2/DLON/H
   83   88   89   93   91   91   90   90   89   88   87   87   89   93   99  106
  112  118  121  123  126  129  134  141  148  155  161  165  168  170  174  179
  185  191  198  206  213  219  221  219  213  207  201  197  194  193  190  185
  179  173  165  157  148  142  138  139  143  148  150  149  144  136  129  122
  116  111  108  104  100   98   97   94   83                                   
    35.0-180.0 180.0   5.0 450.0                            LAT/LON1/LON2/DLON/H
   80   85   85   90   89   89   90   91   91   92   93   96   99  105  111  118
  124  128  131  134  137  141  147  154  163  170  176  180  184  189  195  203
  212  222  231  240  248  253  254  248  239  229  221  215  212  209  205  200
  194  187  179  170  160  151  146  144  146  148  150  148  144  137  131  125
  119  113  109  104   99   95   94   90   80                                   
    32.5-180.0 180.0   5.0 450.0                            LAT/LON1/LON2/DLON/H
   79   81   80   84   84   84   85   87   89   92   96  101  107  114  121  128
  133  136  139  142  146  151  158  166  175  183  191  197  205  214  225  238
  252  264  276  285  292  295  293  284  272  258  247  240  235  232  228  222
  216  209  200  191  180  168  159  153  151  151  150  148  143  137  131  125
  120  114  110  104   97   92   90   85   79                                   
    30.0-180.0 180.0   5.0 450.0                            LAT/LON1/LON2/DLON/H
   81   79   75   78   77   77   78   80   83   88   94  102  111  121  129  135
  139  142  145  148  153  159  166  175  185  195  205  216  229  245  263  283
  301  316  328  337  342  342  336  324  309  294  281  272  266  262  258  252
  246  239  231  221  208  193  180  169  162  157  153  149  143  137  131  126
  121  116  111  105   99   91   91   84   81                                   
    27.5-180.0 180.0   5.0 450.0                            LAT/LON1/LON2/DLON/H
   90   83   75   76   74   72   72   73   77   82   90  101  113  124  133  140
  144  146  149  153  158  165  173  182  193  204  218  235  256  280  307  333
  355  372  383  388  390  386  377  364  348  332  319  309  303  299  294  289
  283  277  268  257  242  224  206  190  178  168  160  152  145  138  133  129
  125  120  117  111  105   96   98   89   90                                   
    25.0-180.0 180.0   5.0 450.0                            LAT/LON1/LON2/DLON/H
  104   93   81   80   76   73   71   70   73   78   86   98  111  124  135  142
  146  149  153  158  163  171  179  188  199  214  232  255  284  317  350  382
  407  424  432  433  429  422  411  398  384  370  358  349  342  338  334  329
  324  317  308  295  278  257  236  215  197  183  170  160  150  143  138  134
  131  128  126  120  116  108  111  100  104                                   
    22.5-180.0 180.0   5.0 450.0                            LAT/LON1/LON2/DLON/H
  120  106   92   89   83   79   75   72   73   76   83   95  109  123  134  142
  147  152  157  162  169  177  185  195  207  224  246  276  311  350  389  424
  450  464  467  462  453  443  433  423  412  402  393  385  380  376  372  367
  362  354  344  330  311  288  263  240  218  199  183  169  158  150  144  142
  139  138  137  133  130  124  127  116  120                                   
    20.0-180.0 180.0   5.0 450.0                            LAT/LON1/LON2/DLON/H
  135  121  105  101   95   88   83   78   77   78   83   94  107  121  133  142
  149  155  161  168  176  184  192  203  217  236  262  295  335  378  419  454
  478  487  484  473  460  449  441  435  429  425  420  415  411  407  403  398
  391  383  371  355  335  311  285  260  236  215  197  181  168  158  152  150
  148  148  148  146  143  139  143  133  135                                   
    17.5-180.0 180.0   5.0 450.0                            LAT/LON1/LON2/DLON/H
  144  133  118  113  106   99   94   87   83   82   86   94  107  121  133  143
  151  159  167  176  184  192  201  213  229  250  279  314  355  397  437  469
  487  491  482  467  453  443  438  437  438  439  439  437  433  429  423  417
  409  399  385  367  347  323  298  274  251  229  210  192  178  167  160  157
  156  157  157  155  153  151  154  145  144                                   
    15.0-180.0 180.0   5.0 450.0                            LAT/LON1/LON2/DLON/H
  145  139  127  121  115  107  103   95   90   87   89   97  108  122  134  145
  155  165  175  184  192  201  211  225  244  267  297  332  370  409  444  470
  482  481  468  452  438  430  430  434  441  447  450  450  445  440  433  425
  414  401  385  366  346  324  302  281  260  240  220  203  187  175  167  163
  161  161  162  159  155  154  157  149  145                                   
    12.5-180.0 180.0   5.0 450.0                            LAT/LON1/LON2/DLON/H
  137  136  127  122  118  111  108  100   95   91   92   99  111  124  137  149
  161  172  182  192  200  210  222  239  260  286  316  348  382  414  442  461
  469  464  450  435  424  420  423  432  443  452  456  455  449  441  431  421
  408  392  373  354  335  316  298  281  264  246  228  210  194  181  171  166
  162  162  161  157  152  150  152  143  137                                   
    10.0-180.0 180.0   5.0 450.0                            LAT/LON1/LON2/DLON/H
  123  125  119  115  113  108  107  101   97   93   94  101  113  128  142  155
  167  179  190  200  209  219  234  254  278  305  334  363  390  416  436  450
  454  448  437  425  418  419  426  437  448  457  459  455  446  435  423  409
  394  376  356  337  318  302  288  275  262  247  231  213  197  183  172  165
  160  159  156  150  143  140  140  132  123                                   
     7.5-180.0 180.0   5.0 450.0                            LAT/LON1/LON2/DLON/H
  107  110  105  102  102   98  100   96   93   91   93  101  115  131  147  161
  174  187  199  209  218  230  247  269  296  324  351  375  397  416  431  441
