data/edconvlstm_nd/pred1150.15i
     1.0            IONOSPHERE MAPS     GNSS                IONEX VERSION / TYPE
pyspatialgeodesy        IME             05-JAN-18 20:20     PGM / RUN BY / DATE 
Map Name                                                    COMMENT             
Predicted global ionosphere maps (GIM).                     DESCRIPTION         
  2015     4    25     0     0     0                        EPOCH OF FIRST MAP  
  2015     4    26     0     0     0                        EPOCH OF LAST MAP   
  7200                                                      INTERVAL            
    13                                                      # OF MAPS IN FILE   
  NONE                                                      MAPPING FUNCTION    
10.0                                                        ELEVATION CUTOFF    
One-way carrier phase leveled to code                       OBSERVABLES USED    
  6371.0                                                    BASE RADIUS         
 2                                                          MAP DIMENSION       
   450.0 450.0   0.0                                        HGT1 / HGT2 / DHGT  
    87.5 -87.5  -2.5                                        LAT1 / LAT2 / DLAT  
  -180.0 180.0   5.0                                        LON1 / LON2 / DLON  
    -1                                                      EXPONENT            
                                                            END OF HEADER       
[from data line 429]
     2                                                      START OF TEC MAP    
  2015     4    25     2     0     0                        EPOCH OF CURRENT MAP
    87.5-180.0 180.0   5.0 450.0                            LAT/LON1/LON2/DLON/H
  236  236  235  231  234  232  230  231  233  235  237  239  241  243  245  246
  247  248  249  249  249  248  247  246  245  243  241  239  237  235  234  232
  231  230  229  228  227  227  227  226  227  227  227  227  228  228  229  229
  230  230  231  231  231  231  231  231  230  230  230  229  228  228  227  226
  226  227  227  229  231  228  221  231  236                                   
    85.0-180.0 180.0   5.0 450.0                            LAT/LON1/LON2/DLON/H
  244  238  227  229  236  235  235  236  239  242  245  248  251  254  257  259
  261  263  264  264  264  263  262  260  257  255  252  249  246  243  240  238
  236  234  233  232  231  230  230  230  231  231  231  232  233  233  234  235
  236  236  237  237  238  238  238  238  237  237  237  236  235  234  233  233
  233  233  232  236  230  229  227  232  244                                   
    82.5-180.0 180.0   5.0 450.0                            LAT/LON1/LON2/DLON/H
  242  235  228  228  234  233  233  237  242  246  250  255  260  265  269  273
  276  278  279  279  278  276  273  269  265  260  255  250  244  240  235  232
  229  226  225  224  223  223  223  224  225  225  226  227  229  230  231  233
  234  236  237  238  239  240  240  241  241  241  240  240  239  238  237  236
  235  235  233  234  235  227  228  221  242                                   
    80.0-180.0 180.0   5.0 450.0                            LAT/LON1/LON2/DLON/H
  227  228  219  219  223  224  228  233  239  245  251  259  266  272  277  282
  285  288  288  288  286  282  278  272  266  259  251  244  237  230  225  220
  217  215  214  213  214  215  216  217  218  219  220  222  223  224  226  228
  230  233  235  237  238  240  241  242  242  242  242  241  240  239  238  238
  236  234  230  230  232  225  229  218  227                                   
    77.5-180.0 180.0   5.0 450.0                            LAT/LON1/LON2/DLON/H
  224  223  218  218  219  221  227  232  239  246  254  263  271  278  284  289
  292  294  294  292  289  285  279  272  263  255  245  236  228  220  214  209
  206  205  205  205  207  209  210  212  213  214  214  215  216  218  220  223
  225  229  232  235  238  240  242  244  244  245  245  244  244  242  241  241
  239  238  233  232  234  229  227  222  224                                   
    75.0-180.0 180.0   5.0 450.0                            LAT/LON1/LON2/DLON/H
  227  228  223  224  223  224  230  235  242  249  258  267  274  281  286  289
  290  291  289  287  283  278  272  265  256  246  236  226  217  208  202  198
  196  195  197  199  201  204  206  207  208  208  208  209  209  211  213  217
  221  225  230  234  239  242  245  247  249  250  250  249  249  247  246  246
  244  244  240  235  237  235  234  233  227                                   
    72.5-180.0 180.0   5.0 450.0                            LAT/LON1/LON2/DLON/H
  231  237  233  232  230  230  234  239  246  252  260  267  273  277  278  278
  277  275  272  269  266  262  257  251  243  233  223  213  203  195  190  186
  185  186  188  192  195  198  200  201  201  201  200  200  200  202  206  211
  216  223  229  235  241  245  249  251  253  254  254  253  252  250  249  249
  247  247  246  244  243  239  240  242  231                                   
    70.0-180.0 180.0   5.0 450.0                            LAT/LON1/LON2/DLON/H
  242  243  241  240  236  234  238  242  249  255  261  267  270  270  267  263
  258  253  250  247  245  243  240  235  228  220  210  200  190  182  177  174
  174  175  179  182  186  189  191  191  190  189  188  188  189  192  198  204
  213  221  230  238  245  250  254  257  259  259  259  257  256  253  251  249
  248  247  246  246  247  245  248  251  242                                   
    67.5-180.0 180.0   5.0 450.0                            LAT/LON1/LON2/DLON/H
  251  251  248  246  241  237  239  243  250  255  261  266  266  262  256  247
  238  231  227  225  224  224  223  221  215  207  198  188  179  172  167  164
  164  165  168  171  175  177  178  178  176  175  174  175  178  183  191  200
  211  223  233  243  251  257  262  264  266  266  265  264  261  257  253  250
  247  246  245  245  247  246  250  256  251                                   
    65.0-180.0 180.0   5.0 450.0                            LAT/LON1/LON2/DLON/H
  257  254  251  247  241  235  236  239  246  253  259  262  261  254  244  232
  221  212  207  206  206  208  209  207  202  195  186  177  169  162  158  155
  154  154  156  158  160  161  162  161  160  159  159  162  167  175  185  198
  211  225  238  249  258  264  269  272  274  275  274  272  268  263  257  252
  247  244  242  242  244  244  251  257  257                                   
    62.5-180.0 180.0   5.0 450.0                            LAT/LON1/LON2/DLON/H
  261  255  251  245  238  230  229  232  240  247  254  258  256  248  237  224
  212  202  197  196  197  199  200  197  192  185  177  168  161  156  151  148
  146  145  145  145  145  146  146  145  145  145  147  152  160  170  184  199
  215  230  244  256  265  272  278  282  284  286  286  284  281  275  268  260
  252  247  243  242  243  243  250  256  261                                   
    60.0-180.0 180.0   5.0 450.0                            LAT/LON1/LON2/DLON/H
  264  257  252  242  235  225  221  223  231  238  246  250  250  244  234  222
  211  202  198  196  197  197  196  192  185  177  169  162  156  152  149  146
  142  139  136  134  133  132  132  132  132  134  138  146  156  169  185  202
  219  235  249  262  272  280  286  291  296  299  300  300  297  291  283  274
  265  256  251  247  246  246  252  257  264                                   
    57.5-180.0 180.0   5.0 450.0                            LAT/LON1/LON2/DLON/H
  272  266  259  246  237  224  218  217  223  229  236  242  243  240  233  225
  217  211  207  205  203  201  196  189  180  172  164  159  156  153  151  147
  142  137  131  128  125  124  123  124  125  128  134  143  155  170  188  205
  223  239  254  267  278  287  295  302  308  313  317  318  316  311  304  295
  285  275  268  262  259  257  262  266  272                                   
    55.0-180.0 180.0   5.0 450.0                            LAT/LON1/LON2/DLON/H
  288  284  275  260  249  234  224  220  222  224  229  234  237  237  235  231
  227  224  221  218  214  207  199  189  179  170  164  160  159  159  157  153
  147  139  132  127  124  122  122  122  124  127  134  144  157  174  191  209
  227  243  258  271  284  295  305  315  323  331  336  339  339  336  330  322
  312  303  295  286  281  278  282  287  288                                   
    52.5-180.0 180.0   5.0 450.0                            LAT/LON1/LON2/DLON/H
  313  312  299  285  273  257  244  234  230  227  227  229  232  234  236  237
  237  236  234  229  223  214  203  192  181  173  168  167  167  168  166  161
  154  145  137  131  128  126  126  126  127  131  137  147  161  178  196  213
  230  246  262  277  291  305  318  330  340  349  356  361  362  361  357  352
  344  337  330  320  312  308  311  318  313                                   
    50.0-180.0 180.0   5.0 450.0                            LAT/LON1/LON2/DLON/H
  346  346  333  321  307  292  277  262  251  240  233  231  231  234  238  242
  245  245  243  237  229  219  208  197  188  181  178  177  178  179  176  170
  161  152  144  138  136  135  135  135  135  137  143  152  166  182  200  217
  234  250  267  284  301  317  332  346  358  367  375  380  382  382  381  379
  376  373  368  358  351  345  348  358  346                                   
    47.5-180.0 180.0   5.0 450.0                            LAT/LON1/LON2/DLON/H
  384  384  372  363  349  336  319  300  282  264  250  241  237  237  241  246
  249  249  245  239  230  222  213  205  198  193  191  191  191  189  185  177
  167  158  151  147  146  146  146  146  145  146  150  159  172  188  205  222
  239  256  273  292  312  330  347  361  373  382  389  393  395  396  396  398
  401  403  402  396  390  385  389  400  384                                   
    45.0-180.0 180.0   5.0 450.0                            LAT/LON1/LON2/DLON/H
  420  418  408  403  389  380  363  342  320  296  274  259  250  246  247  250
  250  248  243  237  230  223  218  214  210  208  206  204  201  197  190  181
  171  162  157  155  156  158  159  158  157  156  159  166  178  193  210  227
  244  262  281  302  323  343  360  374  385  393  399  401  402  402  404  408
  415  423  427  426  423  419  425  436  420                                   
    42.5-180.0 180.0   5.0 450.0                            LAT/LON1/LON2/DLON/H
  449  444  435  432  421  414  400  380  356  329  304  283  269  261  258  255
  252  247  241  235  230  227  226  225  224  223  219  215  209  201  192  182
  172  166  162  163  166  169  171  171  169  168  169  175  186  200  217  234
  251  269  289  311  333  353  370  384  394  402  406  408  408  408  410  416
  425  435  443  447  447  446  454  463  449                                   
    40.0-180.0 180.0   5.0 450.0                            LAT/LON1/LON2/DLON/H
  470  457  448  446  438  433  422  406  384  358  332  310  293  281  272  264
  256  248  242  237  235  235  237  238  238  236  230  223  213  204  194  185
  178  173  172  174  178  182  184  184  182  181  181  186  195  209  224  241
  257  276  296  318  340  360  377  390  401  409  415  418  419  419  421  428
  438  449  458  464  465  468  477  482  470                                   
    37.5-180.0 180.0   5.0 450.0                            LAT/LON1/LON2/DLON/H
  484  464  453  446  442  438  428  416  399  377  354  335  318  304  291  278
  266  256  249  247  247  249  251  252  251  246  239  230  220  210  203  197
  192  189  189  191  194  197  199  199  197  196  196  199  207  218  231  246
  262  280  300  321  343  363  380  394  406  417  426  432  436  439  444  451
  462  472  482  485  486  493  499  501  484                                   
    35.0-180.0 180.0   5.0 450.0                            LAT/LON1/LON2/DLON/H
  502  477  460  446  441  435  423  414  402  386  370  354  340  325  310  294
  280  270  264  263  265  266  266  264  261  256  248  240  232  227  224  222
  220  219  218  218  218  218  217  216  214  212  212  213  218  226  237  249
  263  279  298  319  340  361  380  396  411  425  439  451  461  469  477  488
  500  511  520  520  521  530  530  529  502                                   
    32.5-180.0 180.0   5.0 450.0                            LAT/LON1/LON2/DLON/H
  533  506  482  459  449  438  421  412  402  391  380  369  358  344  328  312
  298  288  284  284  285  284  280  276  272  267  262  258  256  257  260  264
  266  265  261  255  249  243  239  235  232  229  227  226  227  231  237  246
  258  272  289  309  331  353  373  393  413  432  452  471  488  503  519  535
  552  566  575  572  572  583  575  571  533                                   
    30.0-180.0 180.0   5.0 450.0                            LAT/LON1/LON2/DLON/H
  582  558  529  498  481  464  440  425  413  402  393  384  373  360  345  329
  315  307  304  304  303  299  293  287  285  284  285  288  293  302  314  324
  329  326  315  301  286  273  262  255  250  245  240  236  232  230  232  238
  247  260  276  295  317  341  364  388  413  438  465  491  517  541  565  589
  612  631  642  636  637  650  637  633  582                                   
    27.5-180.0 180.0   5.0 450.0                            LAT/LON1/LON2/DLON/H
  652  633  605  569  544  522  490  466  447  432  418  405  392  378  362  346
  332  324  320  317  314  308  303  301  304  311  319  330  344  361  380  395
  400  392  373  349  324  302  285  273  263  255  247  239  230  224  223  226
  234  247  263  283  307  333  360  388  418  449  481  514  547  581  614  646
  676  700  713  709  710  727  713  715  652                                   
    25.0-180.0 180.0   5.0 450.0                            LAT/LON1/LON2/DLON/H
  734  724  704  670  636  610  571  538  510  486  463  442  421  402  383  365
  349  337  329  323  318  314  314  319  331  347  364  383  403  427  450  466
  467  452  423  388  354  324  300  282  268  257  245  234  222  213  209  212
  221  235  254  277  304  333  365  397  430  465  502  540  580  621  662  700
  736  765  781  782  783  802  799  813  734                                   
    22.5-180.0 180.0   5.0 450.0                            LAT/LON1/LON2/DLON/H
  819  815  811  782  743  715  674  634  597  563  529  496  466  439  415  392
  371  352  336  325  319  319  327  344  367  392  416  439  462  486  508  519
  512  487  448  405  365  330  302  279  262  247  234  221  208  198  194  199
  210  228  251  278  310  344  380  416  452  489  528  568  611  657  703  747
  786  817  837  846  848  866  881  910  819                                   
    20.0-180.0 180.0   5.0 450.0                            LAT/LON1/LON2/DLON/H
  893  895  907  885  846  819  781  738  696  655  611  567  527  492  462  433
  403  374  348  331  324  330  348  375  408  439  465  486  504  521  534  535
  518  484  439  392  351  316  288  263  244  229  216  204  191  182  179  186
  203  226  254  287  324  364  405  445  483  520  557  597  639  686  734  780
  821  850  873  890  897  907  941  983  893                                   
    17.5-180.0 180.0   5.0 450.0                            LAT/LON1/LON2/DLON/H
  947  954  979  959  927  907  875  834  792  747  698  648  601  560  524  488
  449  408  372  348  341  352  377  413  450  480  499  508  513  516  515  504
  478  439  394  353  318  288  262  240  221  206  195  184  173  166  166  176
  197  226  260  300  343  389  435  478  518  555  590  626  665  709  754  798
  837  863  887  909  918  921  965 1016  947                                   
    15.0-180.0 180.0   5.0 450.0                            LAT/LON1/LON2/DLON/H
  972  981 1010  994  973  963  940  906  869  826  777  725  677  634  595  553
  506  455  410  381  373  387  416  452  484  502  504  494  480  468  454  435
  405  368  331  300  276  254  233  213  196  183  174  166  158  152  155  168
  193  227  266  311  359  410  461  509  551  588  622  656  691  730  769  807
  841  863  883  904  912  911  955 1010  972                                   
    12.5-180.0 180.0   5.0 450.0                            LAT/LON1/LON2/DLON/H
  969  973 1000  989  979  979  965  939  910  875  832  785  741  700  661  618
  567  510  460  428  420  433  458  485  499  495  472  442  414  392  372  350
  323  294  269  250  236  222  206  189  174  164  158  153  147  143  147  162
  190  227  269  317  368  423  478  529  575  614  650  684  717  751  783  814
  841  857  873  888  891  890  928  980  969                                   
    10.0-180.0 180.0   5.0 450.0                            LAT/LON1/LON2/DLON/H
  947  943  965  958  956  961  952  933  912  886  853  816  780  745  710  669
  619  565  516  484  475  482  495  500  487  454  411  369  335  311  293  275
  256  237  222  212  205  197  185  171  158  151  147  145  141  139  142  158
  186  223  267  315  367  424  482  537  587  630  669  705  738  769  798  822
  842  853  866  874  872  871  901  947  947                                   
     7.5-180.0 180.0   5.0 450.0                            LAT/LON1/LON2/DLON/H
  922  910  925  916  917  923  915  899  882  863  840  813  785  757  727  693
  651  605  564  537  526  523  515  490  445  389  335  291  262  246  235  226
