data/edconvlstm_nd/pred2370.15i
     1.0            IONOSPHERE MAPS     GNSS                IONEX VERSION / TYPE
pyspatialgeodesy        IME             05-JAN-18 20:20     PGM / RUN BY / DATE 
Map Name                                                    COMMENT             
Predicted global ionosphere maps (GIM).                     DESCRIPTION         
  2015     8    25     0     0     0                        EPOCH OF FIRST MAP  
  2015     8    26     0     0     0                        EPOCH OF LAST MAP   
  7200                                                      INTERVAL            
    13                                                      # OF MAPS IN FILE   
  NONE                                                      MAPPING FUNCTION    
10.0                                                        ELEVATION CUTOFF    
One-way carrier phase leveled to code                       OBSERVABLES USED    
  6371.0                                                    BASE RADIUS         
 2                                                          MAP DIMENSION       
   450.0 450.0   0.0                                        HGT1 / HGT2 / DHGT  
    87.5 -87.5  -2.5                                        LAT1 / LAT2 / DLAT  
  -180.0 180.0   5.0                                        LON1 / LON2 / DLON  
    -1                                                      EXPONENT            
                                                            END OF HEADER       
[from data line 1716]
     5                                                      START OF TEC MAP    
  2015     8    25     8     0     0                        EPOCH OF CURRENT MAP
    87.5-180.0 180.0   5.0 450.0                            LAT/LON1/LON2/DLON/H
   96  103  104  109  111  111  110  107  109  110  111  111  111  112  111  111
  111  110  110  109  109  108  107  106  105  105  104  103  102  102  101  101
  101  101  100  100  101  101  101  101  101  102  102  103  103  103  103  103
  103  103  103  102  102  101  100  100   99   98   97   97   96   95   95   95
   95   97   95   95  102  103  111  105   96                                   
    85.0-180.0 180.0   5.0 450.0                            LAT/LON1/LON2/DLON/H
   98  111  116  113  115  118  119  119  120  122  122  123  122  122  122  121
  121  120  119  118  117  116  116  115  114  113  112  112  111  111  111  110
  110  111  111  111  112  113  113  114  115  116  116  117  118  118  118  118
  118  118  117  116  115  114  113  112  110  109  107  106  105  103  102  102
  103  104  100  100   99  104  110  110   98                                   
    82.5-180.0 180.0   5.0 450.0                            LAT/LON1/LON2/DLON/H
   98  109  118  113  114  118  119  121  122  123  123  124  123  122  121  120
  119  117  116  114  113  112  110  109  108  107  107  106  106  105  106  106
  107  108  109  110  112  114  116  118  120  122  124  125  127  128  129  129
  129  128  128  126  125  123  121  119  116  114  111  108  106  104  101  100
  100  100   96   96   99  102  100   97   98                                   
    80.0-180.0 180.0   5.0 450.0                            LAT/LON1/LON2/DLON/H
   97  102  108  107  110  112  114  116  117  118  117  117  116  114  113  111
  109  107  105  103  101   99   98   97   95   94   94   93   93   93   94   95
   97   99  101  104  107  110  114  117  121  124  127  130  133  135  136  137
  137  137  136  134  132  129  126  123  119  116  112  108  104  101   97   95
   94   92   90   90   91   97  102   94   97                                   
    77.5-180.0 180.0   5.0 450.0                            LAT/LON1/LON2/DLON/H
   95   97  100  103  104  108  110  112  114  113  111  111  108  106  103  101
   98   96   94   92   90   88   87   85   84   83   82   82   82   83   84   86
   89   92   95   99  104  109  114  119  124  130  135  139  143  147  149  151
  152  151  150  148  146  143  139  135  130  125  120  115  110  105  101   97
   94   91   87   87   87   88   91   92   95                                   
    75.0-180.0 180.0   5.0 450.0                            LAT/LON1/LON2/DLON/H
   85   90   89   93   95  101  102  103  103  103  100   98   95   92   89   86
   83   81   79   77   76   75   74   72   71   70   70   70   70   71   73   76
   79   83   87   92   98  104  110  117  124  131  137  143  149  153  157  159
  160  160  159  157  154  150  146  142  137  132  127  121  116  110  105  101
   96   92   88   83   83   84   87   87   85                                   
    72.5-180.0 180.0   5.0 450.0                            LAT/LON1/LON2/DLON/H
   81   87   84   88   91   96   98   98   98   97   94   91   87   84   81   78
   76   74   73   72   71   70   69   68   67   67   66   66   67   68   70   73
   77   81   87   93   99  106  113  121  129  137  145  152  158  164  168  170
  171  171  170  167  164  160  156  152  148  143  138  133  128  122  117  112
  107  102   97   92   89   88   87   89   81                                   
    70.0-180.0 180.0   5.0 450.0                            LAT/LON1/LON2/DLON/H
   83   83   81   83   84   87   87   88   88   87   84   81   77   74   71   69
   67   66   66   66   66   66   65   65   64   63   63   63   63   65   68   71
   75   80   85   91   98  105  113  121  130  139  148  156  163  169  173  175
  176  175  173  170  167  163  159  155  151  147  143  139  135  130  125  121
  116  110  105   99   94   92   92   93   83                                   
    67.5-180.0 180.0   5.0 450.0                            LAT/LON1/LON2/DLON/H
   81   80   76   76   77   78   78   79   79   78   76   74   71   69   66   65
   64   64   64   65   66   66   65   64   64   63   62   62   63   64   67   70
   74   79   84   90   97  104  112  120  129  139  148  156  164  170  173  175
  175  174  171  167  163  159  155  152  149  146  143  140  137  134  129  126
  122  116  111  105   99   96   94   92   81                                   
    65.0-180.0 180.0   5.0 450.0                            LAT/LON1/LON2/DLON/H
   82   79   73   72   70   70   69   70   71   71   70   70   68   67   65   65
   64   65   66   66   67   67   67   66   65   64   64   64   65   66   69   72
   76   81   86   91   98  104  112  121  130  140  150  159  166  172  175  176
  175  173  169  165  160  156  153  150  147  145  143  142  139  137  133  131
  128  123  118  112  107  103  100   98   82                                   
    62.5-180.0 180.0   5.0 450.0                            LAT/LON1/LON2/DLON/H
   84   80   72   69   65   63   62   62   63   64   65   66   66   66   66   66
   66   66   67   67   67   67   66   65   65   64   64   65   66   68   70   73
   77   81   87   92   98  104  112  120  130  140  150  160  167  172  175  176
  174  171  167  162  158  154  150  147  145  144  142  141  139  137  135  133
  131  127  124  118  113  109  106  103   84                                   
    60.0-180.0 180.0   5.0 450.0                            LAT/LON1/LON2/DLON/H
   89   83   73   67   61   57   55   54   55   57   58   61   63   64   65   65
   65   65   65   65   64   63   62   61   60   60   61   62   64   67   69   72
   76   80   85   91   97  103  110  119  128  139  149  159  166  171  174  174
  172  169  165  161  157  153  149  146  144  142  141  139  137  136  133  132
  131  128  126  122  117  115  111  107   89                                   
    57.5-180.0 180.0   5.0 450.0                            LAT/LON1/LON2/DLON/H
   97   90   79   71   63   56   52   49   49   51   52   56   58   60   62   63
   63   62   61   59   58   56   55   54   54   55   57   59   62   65   68   71
   75   80   85   91   97  103  110  119  128  139  150  159  167  172  175  175
  174  172  169  165  161  157  154  151  148  145  143  141  139  137  135  134
  133  131  130  126  123  122  119  113   97                                   
    55.0-180.0 180.0   5.0 450.0                            LAT/LON1/LON2/DLON/H
  107  101   89   80   69   61   53   48   46   46   47   50   52   55   57   57
   57   56   54   52   49   48   47   46   47   49   52   55   59   63   66   70
   74   79   85   91   98  104  111  119  129  140  151  161  169  175  178  179
  179  178  176  173  169  166  162  158  155  152  149  146  143  141  139  138
  137  135  135  132  129  129  127  121  107                                   
    52.5-180.0 180.0   5.0 450.0                            LAT/LON1/LON2/DLON/H
  120  115  104   94   82   71   61   52   47   44   43   45   47   49   51   51
   51   49   47   44   42   41   40   40   41   44   48   53   57   62   66   70
   75   80   87   94  101  107  114  122  131  142  153  164  173  179  183  186
  187  187  186  184  180  177  172  168  164  160  157  154  151  148  146  145
  144  142  142  139  137  137  135  130  120                                   
    50.0-180.0 180.0   5.0 450.0                            LAT/LON1/LON2/DLON/H
  133  130  121  111   99   86   74   62   53   47   43   42   43   44   46   46
   45   43   41   39   37   37   36   37   39   42   46   52   57   62   67   72
   77   84   91   99  106  112  118  126  135  146  158  169  179  186  191  195
  197  198  197  195  192  187  183  178  174  170  166  163  160  157  155  154
  153  152  150  147  144  144  143  138  133                                   
    47.5-180.0 180.0   5.0 450.0                            LAT/LON1/LON2/DLON/H
  143  142  135  128  117  104   91   77   65   54   47   44   43   43   43   43
   42   40   38   37   36   37   37   39   41   44   48   53   59   65   70   75
   81   88   97  105  112  119  124  131  141  152  164  176  186  194  200  205
  207  208  207  205  201  196  191  186  181  177  174  171  169  167  165  165
  164  162  159  154  151  150  149  144  143                                   
    45.0-180.0 180.0   5.0 450.0                            LAT/LON1/LON2/DLON/H
  147  149  144  140  131  120  108   93   80   67   57   51   47   46   44   43
   42   40   39   39   40   42   43   45   47   49   52   57   63   69   74   80
   87   95  103  112  120  126  132  139  148  160  172  185  196  204  211  215
  218  218  216  212  207  201  196  191  186  183  180  178  177  175  174  174
  173  170  166  160  155  153  150  147  147                                   
    42.5-180.0 180.0   5.0 450.0                            LAT/LON1/LON2/DLON/H
  144  147  144  143  138  130  121  108   95   82   70   63   57   53   51   48
   46   44   44   45   48   51   54   55   55   56   58   62   67   73   79   85
   93  101  110  120  128  134  140  147  157  169  182  195  206  215  221  226
  227  226  222  217  211  205  199  194  191  188  186  185  184  183  182  182
  180  177  172  164  157  152  149  145  144                                   
    40.0-180.0 180.0   5.0 450.0                            LAT/LON1/LON2/DLON/H
  136  138  135  136  136  132  126  117  107   96   85   78   71   65   61   57
   54   53   53   55   59   63   66   66   65   64   64   66   71   77   83   90
   98  107  116  126  135  142  148  156  166  179  192  205  216  225  232  235
  236  233  228  222  215  210  205  201  198  196  195  194  193  191  189  189
  187  183  176  167  157  150  145  140  136                                   
    37.5-180.0 180.0   5.0 450.0                            LAT/LON1/LON2/DLON/H
  125  125  121  122  125  124  123  119  114  106   98   92   85   79   74   69
   65   63   64   66   71   74   77   76   73   70   69   70   74   80   87   94
  102  111  121  131  140  148  156  164  175  189  203  216  227  235  241  244
  244  240  235  229  224  220  216  213  211  210  209  207  206  203  200  198
  195  190  182  172  160  149  143  136  125                                   
    35.0-180.0 180.0   5.0 450.0                            LAT/LON1/LON2/DLON/H
  116  113  107  106  109  111  113  114  113  110  107  103   98   92   86   80
   76   74   74   77   80   83   85   83   79   74   72   72   76   82   90   97
  106  115  125  135  145  154  163  172  185  199  213  226  236  244  250  253
  253  250  245  242  240  239  237  236  234  232  231  229  226  221  217  213
  208  202  193  181  167  153  146  136  116                                   
    32.5-180.0 180.0   5.0 450.0                            LAT/LON1/LON2/DLON/H
  115  108   98   94   95   97  101  104  108  109  110  109  106  101   95   90
   85   83   82   84   87   89   89   87   82   77   74   74   78   84   92  100
  109  118  128  139  149  159  169  180  193  207  222  234  244  252  258  262
  262  261  260  261  264  267  268  268  267  265  263  260  255  249  241  235
  229  222  212  198  182  166  158  145  115                                   
    30.0-180.0 180.0   5.0 450.0                            LAT/LON1/LON2/DLON/H
  125  113  100   91   89   88   92   95  100  104  108  110  109  106  101   96
   91   89   88   89   91   91   91   88   84   80   77   77   81   87   95  103
  112  121  131  141  152  163  174  186  200  215  229  241  251  259  265  270
  274  276  280  286  295  302  307  309  308  305  303  299  293  284  275  267
  259  251  240  224  207  188  179  164  125                                   
    27.5-180.0 180.0   5.0 450.0                            LAT/LON1/LON2/DLON/H
  146  131  114  101   93   89   90   91   95   98  103  107  108  106  102   98
   94   92   91   91   92   92   91   89   86   83   81   81   84   90   98  106
  115  124  133  144  155  167  179  192  206  221  235  247  257  265  273  280
  287  294  303  316  330  343  350  353  352  350  347  342  335  326  316  307
  297  289  277  259  240  218  208  193  146                                   
    25.0-180.0 180.0   5.0 450.0                            LAT/LON1/LON2/DLON/H
  178  159  141  124  110  102   99   95   95   97  100  103  104  103  101   98
   95   93   93   92   92   92   92   91   89   87   86   86   89   94  101  109
  118  127  136  147  159  171  184  197  212  227  241  253  263  273  282  292
  303  315  330  348  367  383  393  396  395  393  390  386  379  370  360  351
  341  332  320  299  278  254  241  228  178                                   
    22.5-180.0 180.0   5.0 450.0                            LAT/LON1/LON2/DLON/H
  215  194  176  158  139  126  118  109  104  101  101  102  102  101   99   97
   95   94   93   93   93   93   94   94   93   92   91   91   93   97  104  112
  121  129  139  150  162  175  188  202  217  233  248  260  271  282  294  307
  321  337  357  379  402  420  430  433  432  429  427  424  419  411  402  394
  386  376  363  340  316  290  275  263  215                                   
    20.0-180.0 180.0   5.0 450.0                            LAT/LON1/LON2/DLON/H
  250  230  213  198  175  158  145  131  121  113  107  104  103  101   99   97
   95   94   93   93   94   95   97   98   98   98   96   95   95   99  105  113
  122  132  141  152  165  179  194  208  224  240  256  270  282  295  309  324
  341  361  384  408  432  450  459  461  459  457  456  454  451  445  439  432
  425  415  401  376  349  320  303  293  250                                   
    17.5-180.0 180.0   5.0 450.0                            LAT/LON1/LON2/DLON/H
  279  262  248  235  211  192  176  159  144  130  120  112  107  104  102   99
   97   96   95   94   95   98  100  102  103  102   99   96   95   98  104  113
  123  133  143  155  169  184  200  216  232  249  266  281  296  310  326  344
  363  384  408  433  456  472  479  479  477  475  475  475  474  470  466  461
  454  445  430  402  372  341  323  314  279                                   
    15.0-180.0 180.0   5.0 450.0                            LAT/LON1/LON2/DLON/H
  299  285  274  264  240  220  203  185  168  151  135  124  116  111  107  104
  101   98   96   96   97  100  104  106  106  103   99   95   93   95  101  111
  123  134  146  159  174  190  207  224  242  260  278  295  311  327  345  365
  385  407  430  452  472  485  491  490  487  485  486  487  488  486  483  479
  473  463  446  418  386  352  334  326  299                                   
    12.5-180.0 180.0   5.0 450.0                            LAT/LON1/LON2/DLON/H
  310  299  291  280  258  238  221  205  188  170  152  138  127  120  115  110
  105  101   98   97   99  102  106  107  106  102   96   91   88   90   98  109
  122  135  148  163  179  197  215  233  252  271  290  308  326  345  364  385
  406  427  447  467  483  494  497  496  493  492  492  494  494  493  490  487
  480  470  452  423  391  356  339  330  310                                   
    10.0-180.0 180.0   5.0 450.0                            LAT/LON1/LON2/DLON/H
  316  308  300  286  266  246  230  216  201  184  166  151  139  130  124  117
  111  105  100   99  100  103  106  107  104   99   92   86   83   86   94  106
  121  136  151  167  185  204  224  243  262  281  301  320  339  360  381  403
  424  443  461  477  491  500  503  501  499  497  496  496  495  493  490  486
  478  467  449  420  390  355  340  331  316                                   
     7.5-180.0 180.0   5.0 450.0                            LAT/LON1/LON2/DLON/H
  322  316  307  287  267  245  230  218  206  192  176  161  148  139  131  124
  116  108  103  100  100  102  104  104  101   94   87   81   79   82   91  105
