data/edconvlstm_nd/pred1950.15i
     1.0            IONOSPHERE MAPS     GNSS                IONEX VERSION / TYPE
pyspatialgeodesy        IME             05-JAN-18 20:20     PGM / RUN BY / DATE 
Map Name                                                    COMMENT             
Predicted global ionosphere maps (GIM).                     DESCRIPTION         
  2015     7    14     0     0     0                        EPOCH OF FIRST MAP  
  2015     7    15     0     0     0                        EPOCH OF LAST MAP   
  7200                                                      INTERVAL            
    13                                                      # OF MAPS IN FILE   
  NONE                                                      MAPPING FUNCTION    
10.0                                                        ELEVATION CUTOFF    
One-way carrier phase leveled to code                       OBSERVABLES USED    
  6371.0                                                    BASE RADIUS         
 2                                                          MAP DIMENSION       
   450.0 450.0   0.0                                        HGT1 / HGT2 / DHGT  
    87.5 -87.5  -2.5                                        LAT1 / LAT2 / DLAT  
  -180.0 180.0   5.0                                        LON1 / LON2 / DLON  
    -1                                                      EXPONENT            
                                                            END OF HEADER       
[from data line 1716]
     5                                                      START OF TEC MAP    
  2015     7    14     8     0     0                        EPOCH OF CURRENT MAP
    87.5-180.0 180.0   5.0 450.0                            LAT/LON1/LON2/DLON/H
  128  125  123  127  129  129  128  126  129  130  131  132  133  134  134  135
  135  136  136  137  137  137  137  137  137  137  137  137  136  136  136  135
  135  135  135  134  134  134  134  134  134  133  133  133  133  132  132  131
  131  130  129  128  127  126  124  123  121  119  118  116  115  114  113  112
  112  114  112  112  117  116  124  128  128                                   
    85.0-180.0 180.0   5.0 450.0                            LAT/LON1/LON2/DLON/H
  119  124  129  129  132  134  135  136  138  140  140  141  142  143  144  144
  145  145  146  146  147  147  147  147  148  148  147  147  147  147  147  147
  146  146  146  146  146  146  146  146  146  146  146  146  145  145  145  144
  144  143  141  140  138  137  135  132  130  127  125  123  120  118  116  116
  116  117  113  113  110  112  118  121  119                                   
    82.5-180.0 180.0   5.0 450.0                            LAT/LON1/LON2/DLON/H
  110  122  125  124  126  131  133  134  137  138  139  140  140  141  141  142
  142  143  143  144  144  145  145  145  146  146  146  146  146  146  146  145
  145  145  145  145  145  146  146  146  147  147  148  148  149  149  149  149
  149  148  147  146  144  141  138  135  131  127  123  119  115  112  108  106
  105  104  100  102  103  105  104  102  110                                   
    80.0-180.0 180.0   5.0 450.0                            LAT/LON1/LON2/DLON/H
  107  116  118  122  125  128  131  133  136  137  136  137  137  136  136  136
  136  136  137  137  138  138  139  139  139  139  139  139  139  140  140  140
  140  140  141  141  141  142  142  143  144  146  147  149  150  152  154  155
  156  156  156  155  153  150  147  143  138  132  126  120  115  109  104  100
   97   95   92   93   93   97  104   97  107                                   
    77.5-180.0 180.0   5.0 450.0                            LAT/LON1/LON2/DLON/H
  108  114  118  123  125  129  132  134  136  135  134  133  131  130  129  128
  128  128  128  129  129  130  131  131  131  132  132  132  132  132  133  134
  135  135  136  137  138  139  140  141  143  146  148  151  155  158  162  165
  168  170  171  171  169  167  163  158  152  146  138  130  122  114  107  102
   97   94   88   90   91   90   95   97  108                                   
    75.0-180.0 180.0   5.0 450.0                            LAT/LON1/LON2/DLON/H
  106  115  114  122  125  129  131  132  133  131  128  126  123  120  118  117
  116  116  116  117  118  119  120  120  120  120  120  120  120  121  122  123
  125  126  128  129  130  132  134  136  138  141  145  150  155  161  166  171
  176  179  182  183  183  181  178  173  167  160  151  143  134  125  117  111
  104   99   93   90   90   90   95   95  106                                   
    72.5-180.0 180.0   5.0 450.0                            LAT/LON1/LON2/DLON/H
  109  118  117  123  126  129  131  131  131  128  124  120  116  112  110  108
  107  107  108  109  110  111  112  111  111  110  110  109  110  111  112  115
  117  119  122  124  126  128  130  133  136  140  145  151  158  165  172  179
  185  189  193  195  195  194  191  187  181  175  167  159  151  142  134  128
  121  116  109  105  101   99  101  101  109                                   
    70.0-180.0 180.0   5.0 450.0                            LAT/LON1/LON2/DLON/H
  118  122  121  124  125  126  126  125  124  120  116  112  107  103  100   98
   97   97   99  100  102  103  103  102  101  100   98   98   98   99  102  105
  108  111  114  117  120  122  125  128  132  137  144  151  159  168  176  183
  189  194  197  199  200  199  196  193  189  183  177  171  164  158  152  147
  141  135  129  124  117  113  114  113  118                                   
    67.5-180.0 180.0   5.0 450.0                            LAT/LON1/LON2/DLON/H
  124  127  124  125  124  122  121  118  117  113  108  104  100   96   93   92
   91   92   93   95   97   97   97   96   94   92   90   89   89   90   93   96
  100  104  108  111  115  118  121  125  129  135  143  151  160  169  177  184
  190  194  196  197  196  195  194  191  188  185  182  178  174  170  166  164
  160  155  150  144  136  129  128  124  124                                   
    65.0-180.0 180.0   5.0 450.0                            LAT/LON1/LON2/DLON/H
  133  134  128  126  122  118  115  111  109  105  101   98   95   93   90   89
   89   89   91   92   93   94   93   92   89   87   85   83   84   86   89   92
   97  101  106  110  114  117  121  126  132  139  148  157  167  176  184  190
  194  196  196  195  194  193  191  190  189  188  186  185  184  183  182  182
  181  178  173  167  159  151  147  141  133                                   
    62.5-180.0 180.0   5.0 450.0                            LAT/LON1/LON2/DLON/H
  143  143  135  129  121  114  109  104  102   98   95   93   92   90   89   88
   88   88   88   89   90   90   89   87   85   83   81   81   81   84   87   91
   96  101  105  110  115  119  125  131  138  146  156  167  177  186  193  198
  199  199  197  195  192  191  190  189  189  190  190  191  192  193  194  197
  197  197  193  188  179  171  166  159  143                                   
    60.0-180.0 180.0   5.0 450.0                            LAT/LON1/LON2/DLON/H
  155  153  142  133  122  113  106   99   95   91   88   88   87   87   87   86
   86   85   84   84   84   83   83   82   80   79   78   79   81   84   88   93
   97  102  107  113  118  124  131  138  147  157  168  180  191  199  206  208
  208  206  202  198  195  193  193  193  194  195  196  197  199  201  203  207
  209  210  208  204  196  189  183  174  155                                   
    57.5-180.0 180.0   5.0 450.0                            LAT/LON1/LON2/DLON/H
  168  165  154  142  129  117  107   98   92   86   83   83   83   84   84   84
   83   81   79   77   76   76   76   75   75   75   76   79   82   87   92   97
  102  107  112  119  126  134  142  151  162  173  186  198  209  218  223  225
  223  219  214  209  206  204  203  203  204  205  206  207  208  209  211  215
  218  220  218  215  209  203  197  189  168                                   
    55.0-180.0 180.0   5.0 450.0                            LAT/LON1/LON2/DLON/H
  181  179  169  155  141  126  114  102   93   85   80   78   78   79   80   80
   78   75   72   69   68   67   68   69   70   72   75   79   84   90   96  102
  107  113  120  128  137  147  157  168  180  193  206  219  230  239  243  244
  242  238  232  227  223  220  220  220  220  221  220  219  218  217  218  220
  222  225  224  222  218  214  208  201  181                                   
    52.5-180.0 180.0   5.0 450.0                            LAT/LON1/LON2/DLON/H
  196  194  186  172  157  141  127  112   99   88   80   76   74   75   76   75
   74   70   66   63   60   60   61   63   67   70   75   81   87   95  102  108
  115  122  131  141  152  163  175  188  201  215  229  242  254  262  266  267
  265  261  256  250  245  242  241  240  240  239  236  233  229  226  225  225
  226  227  227  226  223  221  216  210  196                                   
    50.0-180.0 180.0   5.0 450.0                            LAT/LON1/LON2/DLON/H
  209  208  202  189  175  160  145  127  111   96   84   77   73   72   73   73
   71   68   63   59   56   56   58   62   66   71   77   84   92  100  108  115
  123  132  143  156  169  183  197  210  224  238  253  266  277  285  290  291
  290  286  282  276  270  266  263  261  260  257  253  248  242  237  233  231
  230  230  229  228  226  226  222  217  209                                   
    47.5-180.0 180.0   5.0 450.0                            LAT/LON1/LON2/DLON/H
  218  219  215  204  192  178  163  145  127  109   94   83   76   73   73   73
   71   68   64   60   58   57   60   64   70   76   82   89   97  105  114  123
  132  144  157  172  188  204  219  233  247  262  276  290  301  308  313  315
  314  312  308  302  295  289  284  280  277  273  268  262  255  248  242  239
  236  235  232  231  229  230  227  222  218                                   
    45.0-180.0 180.0   5.0 450.0                            LAT/LON1/LON2/DLON/H
  224  225  222  213  204  192  179  161  143  124  107   93   84   79   77   77
   76   74   70   67   64   65   68   72   78   84   91   97  104  112  121  130
  142  155  171  188  206  224  239  254  268  283  298  311  322  330  334  337
  338  336  332  325  317  308  300  295  290  286  281  275  268  261  254  250
  246  243  239  236  234  234  231  227  224                                   
    42.5-180.0 180.0   5.0 450.0                            LAT/LON1/LON2/DLON/H
  224  225  223  216  209  199  188  173  157  139  122  107   96   89   86   85
   84   83   81   78   77   77   80   85   91   97  102  107  113  120  129  139
  151  166  184  204  223  241  257  272  286  301  316  330  341  349  354  358
  360  359  356  348  337  326  315  308  302  298  293  288  281  275  269  264
  259  256  250  245  240  239  235  232  224                                   
    40.0-180.0 180.0   5.0 450.0                            LAT/LON1/LON2/DLON/H
  223  221  219  212  206  198  190  178  166  151  136  123  112  103   98   96
   95   95   94   93   92   93   96  101  106  111  115  119  123  129  137  147
  160  177  196  216  236  254  270  285  300  316  332  346  357  365  372  377
  381  382  379  371  359  346  333  324  317  312  308  303  297  291  286  282
  276  272  264  257  250  246  242  238  223                                   
    37.5-180.0 180.0   5.0 450.0                            LAT/LON1/LON2/DLON/H
  221  217  214  205  198  191  184  177  169  159  149  139  128  119  112  109
  107  108  108  108  109  110  113  117  121  125  128  131  134  139  146  156
  170  186  205  226  246  264  280  295  310  327  343  358  370  380  388  395
  401  405  404  398  386  372  359  348  340  334  329  323  317  311  306  301
  296  291  281  272  262  256  251  246  221                                   
    35.0-180.0 180.0   5.0 450.0                            LAT/LON1/LON2/DLON/H
  224  216  211  199  191  182  177  172  168  164  159  153  145  135  127  122
  119  119  121  123  124  126  129  132  135  138  141  143  145  149  156  165
  178  194  213  233  253  270  286  302  317  334  351  366  380  391  402  413
  423  430  433  430  421  408  395  383  374  365  358  349  341  333  327  322
  316  310  300  288  276  269  262  257  224                                   
    32.5-180.0 180.0   5.0 450.0                            LAT/LON1/LON2/DLON/H
  232  221  215  200  189  179  172  168  167  167  167  166  160  151  141  133
  129  129  131  134  138  141  143  144  146  149  151  152  154  158  164  174
  186  202  220  239  257  274  290  306  322  339  356  372  387  401  415  430
  445  457  466  468  464  454  442  429  418  406  394  382  370  359  351  344
  337  329  317  304  290  282  275  269  232                                   
    30.0-180.0 180.0   5.0 450.0                            LAT/LON1/LON2/DLON/H
  247  234  227  209  196  184  175  170  169  172  175  177  174  165  154  144
  137  136  139  144  149  153  155  155  156  156  158  159  161  165  171  181
  193  208  225  243  261  277  293  309  325  342  359  375  391  407  425  445
  465  484  499  508  510  505  496  483  469  453  436  418  401  386  375  365
  356  347  334  319  305  296  288  283  247                                   
    27.5-180.0 180.0   5.0 450.0                            LAT/LON1/LON2/DLON/H
  267  253  245  228  214  200  188  181  179  181  186  189  187  179  166  154
  145  143  146  153  160  165  166  165  163  162  162  162  164  168  175  185
  198  213  229  246  263  280  296  312  328  344  360  375  392  412  433  457
  482  506  528  544  553  554  548  536  519  500  478  454  432  413  398  386
  374  363  349  333  318  308  300  296  267                                   
    25.0-180.0 180.0   5.0 450.0                            LAT/LON1/LON2/DLON/H
  289  274  268  253  240  226  212  202  196  196  200  204  202  193  179  164
  153  150  153  161  169  175  176  174  169  165  163  162  163  167  175  186
  200  215  231  248  265  281  298  314  329  345  359  375  392  413  438  465
  493  522  548  570  585  592  589  578  560  538  512  486  460  437  420  405
  391  378  362  345  329  318  310  307  289                                   
    22.5-180.0 180.0   5.0 450.0                            LAT/LON1/LON2/DLON/H
  307  292  289  280  269  257  242  229  220  217  218  220  217  207  192  176
  163  158  161  169  179  185  186  181  173  166  161  158  158  162  170  183
  198  214  231  248  265  282  299  315  331  345  359  374  391  413  439  468
  498  528  556  582  601  611  610  601  583  561  535  508  482  458  439  423
  407  392  374  356  338  325  316  315  307                                   
    20.0-180.0 180.0   5.0 450.0                            LAT/LON1/LON2/DLON/H
  317  303  303  300  294  285  272  259  247  241  238  238  233  222  206  189
  175  168  170  178  187  193  193  186  176  164  155  150  149  152  161  175
  192  210  228  247  265  283  300  317  333  347  360  374  391  413  439  467
  496  525  553  578  597  609  610  603  588  568  545  521  497  475  456  439
  422  405  386  366  346  330  320  319  317                                   
    17.5-180.0 180.0   5.0 450.0                            LAT/LON1/LON2/DLON/H
  319  305  307  309  308  304  294  283  271  262  257  254  248  236  220  202
  188  180  180  185  193  198  197  188  174  160  147  139  136  140  150  165
  184  204  225  245  264  283  301  318  334  349  362  376  393  414  438  465
  491  517  541  563  580  590  593  589  579  564  547  527  508  489  471  454
  436  418  397  375  353  332  321  320  319                                   
    15.0-180.0 180.0   5.0 450.0                            LAT/LON1/LON2/DLON/H
  314  297  301  306  308  307  302  294  285  277  271  266  259  247  232  216
  201  192  189  191  196  198  195  184  168  151  136  127  123  127  138  155
  175  198  221  243  263  282  301  318  335  351  366  381  397  417  438  461
  484  506  526  543  556  564  569  568  564  556  545  531  516  501  485  468
  449  430  408  385  361  336  322  320  314                                   
    12.5-180.0 180.0   5.0 450.0                            LAT/LON1/LON2/DLON/H
  306  287  289  293  295  296  294  291  286  280  276  271  264  254  241  227
  214  204  197  195  195  194  188  175  158  140  124  114  111  116  128  146
  169  193  217  240  262  281  299  317  335  353  370  385  402  420  439  459
  478  496  512  525  534  541  547  552  554  552  546  537  525  511  496  479
  460  441  419  396  371  342  327  322  306                                   
    10.0-180.0 180.0   5.0 450.0                            LAT/LON1/LON2/DLON/H
  302  279  279  277  277  275  275  275  274  273  271  268  262  254  245  235
  224  213  203  196  190  185  176  162  144  126  111  103  101  108  121  140
  164  189  214  237  258  276  294  312  332  351  370  388  404  421  438  456
  474  491  505  515  522  529  538  547  554  558  555  546  534  520  504  487
  468  449  429  407  383  353  336  329  302                                   
     7.5-180.0 180.0   5.0 450.0                            LAT/LON1/LON2/DLON/H
  306  282  276  268  261  254  252  254  256  259  259  258  254  249  244  238
  231  220  208  195  184  174  162  146  128  112   99   93   94  102  117  137
