data/edconvlstm_nd/pred2280.15i
     1.0            IONOSPHERE MAPS     GNSS                IONEX VERSION / TYPE
pyspatialgeodesy        IME             05-JAN-18 20:20     PGM / RUN BY / DATE 
Map Name                                                    COMMENT             
Predicted global ionosphere maps (GIM).                     DESCRIPTION         
  2015     8    16     0     0     0                        EPOCH OF FIRST MAP  
  2015     8    17     0     0     0                        EPOCH OF LAST MAP   
  7200                                                      INTERVAL            
    13                                                      # OF MAPS IN FILE   
  NONE                                                      MAPPING FUNCTION    
10.0                                                        ELEVATION CUTOFF    
One-way carrier phase leveled to code                       OBSERVABLES USED    
  6371.0                                                    BASE RADIUS         
 2                                                          MAP DIMENSION       
   450.0 450.0   0.0                                        HGT1 / HGT2 / DHGT  
    87.5 -87.5  -2.5                                        LAT1 / LAT2 / DLAT  
  -180.0 180.0   5.0                                        LON1 / LON2 / DLON  
    -1                                                      EXPONENT            
                                                            END OF HEADER       
[from data line 3432]
     9                                                      START OF TEC MAP    
  2015     8    16    16     0     0                        EPOCH OF CURRENT MAP
    87.5-180.0 180.0   5.0 450.0                            LAT/LON1/LON2/DLON/H
  100  104  100  105  108  108  107  104  105  107  106  106  106  107  107  107
  108  108  108  108  108  108  108  108  108  108  108  108  108  108  108  108
  108  108  108  108  108  108  107  107  107  107  107  106  106  106  105  105
  104  104  104  103  103  102  102  101  101  101  100  100  100  100  100  100
  100  101   98   95  102   96  110  110  100                                   
    85.0-180.0 180.0   5.0 450.0                            LAT/LON1/LON2/DLON/H
  102  103  114  102  103  107  107  108  109  110  109  110  110  110  111  111
  111  111  112  112  112  112  112  112  112  112  112  112  112  112  112  112
  112  112  112  112  112  112  112  112  112  111  111  111  110  109  109  108
  107  106  105  104  103  102  102  101  100  100   99   99   99   99   99   99
  101  101   97   93   94   92   99   99  102                                   
    82.5-180.0 180.0   5.0 450.0                            LAT/LON1/LON2/DLON/H
   87   95  100   95   96  101  103  104  104  105  105  106  105  106  106  106
  106  107  107  108  108  109  109  109  110  110  110  110  110  110  110  110
  110  111  111  111  111  112  112  112  112  112  112  111  110  109  108  107
  106  104  103  102  100   99   98   96   95   94   94   93   93   93   92   92
   93   93   90   89   89   96   91   88   87                                   
    80.0-180.0 180.0   5.0 450.0                            LAT/LON1/LON2/DLON/H
   77   82   92   89   89   90   93   96   96   97   97   97   97   97   97   97
   98   98   99   99  100  101  102  102  103  103  104  104  103  103  103  103
  102  102  103  104  104  105  106  107  107  108  108  107  106  105  103  102
  100   98   97   95   93   91   90   88   87   86   85   84   84   83   83   84
   84   84   83   83   80   83   83   86   77                                   
    77.5-180.0 180.0   5.0 450.0                            LAT/LON1/LON2/DLON/H
   81   82   89   87   87   89   91   93   92   92   91   91   90   90   90   90
   91   92   93   94   95   96   98   99  100  101  102  102  102  101  101  100
  100  100  100  101  103  104  105  107  108  108  108  107  106  105  103  101
   99   97   95   93   91   89   87   86   84   82   81   80   79   79   79   79
   79   79   79   80   80   78   80   86   81                                   
    75.0-180.0 180.0   5.0 450.0                            LAT/LON1/LON2/DLON/H
   77   80   83   83   85   88   88   89   90   90   88   88   87   87   87   87
   87   88   89   91   93   95   97   99  101  102  103  103  103  102  101   99
   98   98   98   99  101  103  105  107  108  108  108  107  106  104  102  100
   98   97   95   93   91   89   87   85   83   81   80   79   78   78   78   78
   78   79   79   77   78   76   79   75   77                                   
    72.5-180.0 180.0   5.0 450.0                            LAT/LON1/LON2/DLON/H
   76   78   81   84   84   87   89   90   88   88   86   86   84   84   84   84
   85   86   87   89   92   94   97  100  102  104  105  105  105  104  102  100
   98   97   97   98   99  102  104  106  107  107  106  105  103  100   98   96
   95   94   92   91   89   88   86   83   81   79   78   77   77   76   77   77
   77   76   76   74   75   74   77   77   76                                   
    70.0-180.0 180.0   5.0 450.0                            LAT/LON1/LON2/DLON/H
   75   76   79   82   83   85   87   88   88   88   86   86   85   84   84   85
   85   86   88   90   93   95   99  102  105  108  109  110  110  109  106  104
  101   99   99   99  100  102  104  106  107  106  105  102   99   96   94   92
   91   90   90   89   88   86   84   81   79   77   75   75   75   75   76   76
   76   75   75   73   74   73   77   77   75                                   
    67.5-180.0 180.0   5.0 450.0                            LAT/LON1/LON2/DLON/H
   75   76   79   83   84   87   89   91   91   91   89   89   89   89   89   90
   90   91   93   94   96   99  102  105  109  112  114  116  116  115  113  110
  107  104  103  102  103  105  107  108  108  106  103  100   96   92   89   87
   87   87   87   87   86   84   82   79   76   74   73   73   73   74   75   75
   75   74   74   71   70   70   72   72   75                                   
    65.0-180.0 180.0   5.0 450.0                            LAT/LON1/LON2/DLON/H
   73   75   78   82   84   87   90   92   93   94   93   94   94   95   95   96
   97   97   98   99  100  102  105  108  112  116  119  122  123  123  122  119
  116  113  111  110  110  111  112  112  111  109  105  100   94   89   86   85
   84   85   86   86   85   83   79   76   72   70   69   69   69   70   72   73
   73   72   72   70   70   70   73   72   73                                   
    62.5-180.0 180.0   5.0 450.0                            LAT/LON1/LON2/DLON/H
   72   74   77   82   84   89   92   94   95   97   97   98   99  101  102  103
  103  103  103  102  103  104  106  109  113  117  122  127  130  131  131  129
  126  123  120  118  117  117  118  117  116  112  107  101   94   89   85   83
   83   84   86   86   84   81   77   72   68   66   64   64   65   66   68   68
   68   68   67   66   66   67   69   69   72                                   
    60.0-180.0 180.0   5.0 450.0                            LAT/LON1/LON2/DLON/H
   70   72   75   80   84   88   92   95   96   98   99  101  103  106  107  108
  108  107  106  104  103  103  104  107  112  117  124  130  136  139  141  140
  138  135  131  129  127  126  126  125  123  119  113  106   99   93   88   86
   86   87   88   88   86   81   76   71   66   63   61   61   62   63   64   64
   63   62   62   61   62   64   67   66   70                                   
    57.5-180.0 180.0   5.0 450.0                            LAT/LON1/LON2/DLON/H
   68   70   73   79   83   88   92   95   97   99  100  103  106  109  111  111
  111  109  107  104  103  102  103  105  110  117  126  134  142  148  152  152
  151  148  144  141  138  137  136  136  134  130  124  117  110  103   98   96
   95   96   96   95   91   86   80   74   68   65   63   62   62   62   63   62
   60   59   58   57   59   61   65   64   68                                   
    55.0-180.0 180.0   5.0 450.0                            LAT/LON1/LON2/DLON/H
   65   68   71   76   81   87   91   95   96   98  100  103  106  109  111  112
  111  109  106  103  100   99  100  104  110  118  128  139  149  157  162  165
  164  161  157  154  151  149  148  148  146  143  138  131  124  117  112  109
  108  108  107  105  101   94   87   80   74   70   68   67   66   66   64   62
   60   57   55   54   56   59   63   62   65                                   
    52.5-180.0 180.0   5.0 450.0                            LAT/LON1/LON2/DLON/H
   62   65   68   74   79   86   90   94   95   97   98  101  104  107  109  110
  109  107  103  100   98   97   99  103  111  121  133  145  157  167  173  176
  176  174  171  167  164  162  161  161  160  158  154  148  142  135  130  126
  124  123  121  118  112  105   97   90   84   80   77   76   74   72   70   67
   62   58   55   53   56   58   62   61   62                                   
    50.0-180.0 180.0   5.0 450.0                            LAT/LON1/LON2/DLON/H
   59   63   65   71   76   85   89   93   94   96   97   99  102  105  107  107
  106  104  101   98   97   97  100  106  116  127  141  155  168  178  185  189
  189  188  185  182  179  178  176  176  175  174  171  167  161  154  149  145
  142  140  137  132  125  117  109  101   96   92   89   87   85   82   79   75
   69   64   60   55   57   59   62   61   59                                   
    47.5-180.0 180.0   5.0 450.0                            LAT/LON1/LON2/DLON/H
   56   60   62   68   73   83   88   92   94   96   97  100  102  105  106  106
  104  102  100   98   98  100  105  113  125  138  153  168  181  192  199  203
  204  204  202  200  198  196  194  193  192  191  189  185  180  174  168  163
  159  156  151  146  138  129  120  113  107  103  100   98   96   93   90   86
   80   74   68   62   61   61   63   62   56                                   
    45.0-180.0 180.0   5.0 450.0                            LAT/LON1/LON2/DLON/H
   54   58   60   66   71   82   87   92   95   98  100  103  106  107  108  107
  105  103  101  101  102  107  114  124  138  153  169  184  197  207  214  219
  221  222  222  222  220  218  215  213  211  209  207  203  198  191  185  179
  174  169  164  157  148  138  129  121  116  112  109  107  106  104  102   99
   94   87   79   71   68   65   66   65   54                                   
    42.5-180.0 180.0   5.0 450.0                            LAT/LON1/LON2/DLON/H
   54   58   59   65   70   81   87   93   98  102  105  109  112  113  112  111
  109  107  106  107  110  117  126  139  154  170  187  202  215  225  232  238
  242  245  247  248  246  244  240  236  232  229  225  221  215  207  199  192
  185  179  173  164  155  144  134  126  120  117  114  113  112  112  112  111
  107  101   93   83   77   72   70   69   54                                   
    40.0-180.0 180.0   5.0 450.0                            LAT/LON1/LON2/DLON/H
   56   60   61   66   70   81   88   95  101  107  112  117  120  121  120  118
  116  114  114  116  121  129  140  154  170  188  205  220  233  243  252  259
  265  271  275  277  276  273  267  261  255  250  245  238  230  221  211  201
  193  185  178  169  158  147  136  127  121  118  116  115  115  117  119  121
  120  115  108   97   88   79   75   74   56                                   
    37.5-180.0 180.0   5.0 450.0                            LAT/LON1/LON2/DLON/H
   61   63   64   68   72   81   89   96  104  112  119  126  130  131  129  127
  125  124  124  127  133  142  154  169  186  204  221  236  249  261  272  281
  291  299  305  308  308  303  296  288  280  272  264  256  245  233  220  208
  197  188  179  169  158  146  135  126  120  117  115  115  116  119  124  129
  130  127  121  109   99   88   82   80   61                                   
    35.0-180.0 180.0   5.0 450.0                            LAT/LON1/LON2/DLON/H
   69   70   69   72   74   82   89   97  107  117  126  134  138  140  139  136
  134  134  135  139  146  156  168  183  200  217  233  249  263  277  291  304
  317  328  336  339  338  333  324  314  304  294  284  272  259  243  227  212
  198  187  178  167  156  144  133  124  119  116  115  115  117  121  127  133
  136  136  131  120  109   97   90   87   69                                   
    32.5-180.0 180.0   5.0 450.0                            LAT/LON1/LON2/DLON/H
   79   79   77   77   78   84   90   98  108  119  130  140  145  147  147  145
  143  143  146  151  158  168  181  195  210  226  242  258  274  290  308  325
  341  355  363  367  364  358  348  337  325  314  301  287  271  252  233  214
  198  185  174  163  152  140  130  123  118  117  117  117  119  123  129  135
  139  141  137  128  118  105   99   94   79                                   
    30.0-180.0 180.0   5.0 450.0                            LAT/LON1/LON2/DLON/H
   90   88   85   83   82   86   91   98  109  121  133  143  150  154  154  153
  152  153  156  162  170  180  192  204  218  232  248  264  282  301  322  343
  362  377  386  388  384  376  365  354  342  329  316  300  281  260  237  216
  197  181  168  157  146  136  128  123  121  121  122  123  124  127  131  136
  140  142  139  132  124  112  107  101   90                                   
    27.5-180.0 180.0   5.0 450.0                            LAT/LON1/LON2/DLON/H
  100   98   93   90   88   90   93  100  110  122  134  146  154  159  161  160
  160  162  165  172  180  190  201  212  224  237  251  268  287  309  333  357
  378  394  401  401  395  386  375  364  353  340  326  309  289  266  241  217
  196  177  162  150  140  132  127  126  126  128  129  131  131  131  133  135
  137  139  138  132  126  117  113  107  100                                   
    25.0-180.0 180.0   5.0 450.0                            LAT/LON1/LON2/DLON/H
  108  106  100   97   94   96   98  104  113  125  137  149  158  164  168  169
  169  171  175  182  190  200  209  219  230  241  255  272  293  316  342  367
  389  403  409  406  399  389  379  368  358  346  332  315  294  271  246  220
  195  174  157  144  134  129  128  129  132  136  138  139  138  136  134  133
  133  134  133  129  126  119  117  111  108                                   
    22.5-180.0 180.0   5.0 450.0                            LAT/LON1/LON2/DLON/H
  112  110  103  102  101  103  105  111  120  131  142  154  164  172  177  179
  180  181  185  191  199  208  217  226  236  247  261  278  299  323  349  374
  394  406  409  405  396  386  376  367  358  347  334  317  298  276  250  224
  197  173  153  139  131  128  129  134  139  143  145  146  144  140  135  130
  127  127  126  123  123  118  117  113  112                                   
    20.0-180.0 180.0   5.0 450.0                            LAT/LON1/LON2/DLON/H
  111  110  104  105  104  108  112  119  128  139  150  162  173  182  188  191
  192  193  196  201  208  216  224  233  243  255  270  287  307  330  354  377
  394  404  404  398  389  379  371  363  355  345  333  318  300  280  256  229
  201  174  153  138  129  128  131  137  143  147  149  149  146  140  133  126
  120  119  118  117  118  114  114  111  111                                   
    17.5-180.0 180.0   5.0 450.0                            LAT/LON1/LON2/DLON/H
  105  105   99  103  105  111  118  127  138  149  160  172  184  194  201  205
  205  205  207  210  216  223  231  240  252  266  281  299  318  338  359  378
  392  398  397  390  381  373  366  359  351  342  331  317  302  284  262  236
  207  179  156  139  131  130  134  141  146  150  150  149  145  138  129  120
  113  111  110  109  111  109  109  107  105                                   
    15.0-180.0 180.0   5.0 450.0                            LAT/LON1/LON2/DLON/H
   96   96   92   97  101  109  120  132  145  158  170  183  195  207  215  219
  219  218  218  220  224  230  238  249  263  278  295  312  329  346  364  379
  389  392  389  382  375  368  363  356  349  340  329  317  305  289  269  244
  215  186  161  144  135  133  138  144  148  150  148  145  141  134  124  114
  106  104  103  103  104  102  102  100   96                                   
    12.5-180.0 180.0   5.0 450.0                            LAT/LON1/LON2/DLON/H
   85   86   82   87   93  103  117  133  149  165  178  192  205  217  226  230
  231  229  228  229  231  237  246  259  274  291  308  324  340  354  367  378
  385  386  383  377  372  367  363  357  349  339  329  319  308  294  276  251
  222  192  168  150  141  139  142  147  149  148  144  140  135  128  118  109
  100   98   97   97   97   95   94   93   85                                   
    10.0-180.0 180.0   5.0 450.0                            LAT/LON1/LON2/DLON/H
   76   76   71   77   84   94  112  130  150  167  183  197  212  225  234  239
  240  239  237  237  240  246  256  270  286  304  321  336  348  360  370  378
  383  383  380  376  372  369  365  359  350  340  330  320  310  298  280  256
  226  197  173  156  146  143  145  148  149  146  140  134  129  122  113  104
   96   94   93   92   92   90   89   87   76                                   
     7.5-180.0 180.0   5.0 450.0                            LAT/LON1/LON2/DLON/H
   70   68   63   68   74   85  104  124  147  166  183  199  214  228  239  245
  247  247  246  247  251  258  268  282  299  316  331  344  354  363  371  377
