data/edconvlstm_nd/pred2080.15i
     1.0            IONOSPHERE MAPS     GNSS                IONEX VERSION / TYPE
pyspatialgeodesy        IME             05-JAN-18 20:20     PGM / RUN BY / DATE 
Map Name                                                    COMMENT             
Predicted global ionosphere maps (GIM).                     DESCRIPTION         
  2015     7    27     0     0     0                        EPOCH OF FIRST MAP  
  2015     7    28     0     0     0                        EPOCH OF LAST MAP   
  7200                                                      INTERVAL            
    13                                                      # OF MAPS IN FILE   
  NONE                                                      MAPPING FUNCTION    
10.0                                                        ELEVATION CUTOFF    
One-way carrier phase leveled to code                       OBSERVABLES USED    
  6371.0                                                    BASE RADIUS         
 2                                                          MAP DIMENSION       
   450.0 450.0   0.0                                        HGT1 / HGT2 / DHGT  
    87.5 -87.5  -2.5                                        LAT1 / LAT2 / DLAT  
  -180.0 180.0   5.0                                        LON1 / LON2 / DLON  
    -1                                                      EXPONENT            
                                                            END OF HEADER       
[from data line 1716]
     5                                                      START OF TEC MAP    
  2015     7    27     8     0     0                        EPOCH OF CURRENT MAP
    87.5-180.0 180.0   5.0 450.0                            LAT/LON1/LON2/DLON/H
  102  104  102  106  107  106  104  100  101  103  103  103  103  104  104  104
  104  104  104  104  104  103  103  103  103  102  102  102  102  101  101  101
  101  101  101  101  101  101  101  101  102  102  102  103  103  104  104  105
  105  106  106  106  106  106  106  106  105  105  105  104  103  103  102  102
  102  103  101  100  105  105  112  109  102                                   
    85.0-180.0 180.0   5.0 450.0                            LAT/LON1/LON2/DLON/H
  101  110  113  110  110  112  111  111  111  112  112  113  113  113  113  113
  114  114  113  113  113  113  112  112  112  112  112  112  112  112  112  112
  112  112  112  113  113  113  113  113  114  114  114  115  115  116  116  117
  117  118  118  118  118  118  118  118  118  117  117  116  115  114  113  113
  114  114  109  108  105  108  114  114  101                                   
    82.5-180.0 180.0   5.0 450.0                            LAT/LON1/LON2/DLON/H
  105  112  117  110  109  111  110  110  111  112  111  113  113  113  113  113
  113  113  113  113  112  112  111  111  111  111  111  111  112  112  113  113
  114  115  116  116  117  117  117  118  118  119  119  120  121  121  122  123
  124  125  126  126  126  127  126  126  126  125  124  123  121  120  118  117
  117  116  112  111  111  113  109  106  105                                   
    80.0-180.0 180.0   5.0 450.0                            LAT/LON1/LON2/DLON/H
  110  112  113  111  110  109  108  108  109  110  109  110  111  111  111  111
  111  111  110  110  109  108  107  107  106  106  107  107  108  109  110  112
  113  114  116  117  117  118  118  119  119  120  121  121  122  123  125  126
  127  129  130  131  132  132  132  132  131  130  129  127  126  124  122  121
  120  118  115  115  114  118  121  112  110                                   
    77.5-180.0 180.0   5.0 450.0                            LAT/LON1/LON2/DLON/H
  116  116  116  114  110  111  110  109  109  109  108  109  109  110  110  110
  110  110  109  108  107  106  105  104  103  103  104  105  106  108  110  112
  114  117  118  120  121  122  122  123  123  124  125  126  127  129  131  133
  135  137  139  141  142  143  144  143  143  142  140  138  136  133  131  129
  127  125  121  122  121  119  120  118  116                                   
    75.0-180.0 180.0   5.0 450.0                            LAT/LON1/LON2/DLON/H
  114  118  113  112  108  109  106  104  103  102  101  102  102  103  103  104
  104  104  103  102  101   99   97   96   95   95   96   97   99  101  104  107
  110  113  116  118  119  120  120  121  121  122  123  124  126  128  131  133
  136  138  141  143  145  146  147  147  147  146  144  142  140  138  135  134
  131  129  125  122  122  122  124  119  114                                   
    72.5-180.0 180.0   5.0 450.0                            LAT/LON1/LON2/DLON/H
  116  122  115  113  109  109  105  102   99   98   96   96   97   98   99  100
  101  101  100   99   97   95   94   92   91   91   92   93   95   98  102  106
  110  114  117  119  121  122  123  123  124  125  126  128  130  133  135  138
  141  144  146  148  150  152  152  153  152  152  150  149  147  145  143  141
  139  137  134  131  129  129  127  125  116                                   
    70.0-180.0 180.0   5.0 450.0                            LAT/LON1/LON2/DLON/H
  121  123  118  114  107  103   97   92   89   86   84   85   85   86   88   90
   91   91   91   90   88   87   85   84   83   83   84   86   88   92   96  101
  106  110  114  117  119  121  121  122  123  125  127  129  132  135  137  140
  142  144  146  148  149  150  150  150  150  150  149  148  147  145  144  143
  142  140  138  135  133  133  134  130  121                                   
    67.5-180.0 180.0   5.0 450.0                            LAT/LON1/LON2/DLON/H
  121  125  119  114  106  100   92   85   80   76   73   73   74   75   77   79
   80   81   81   80   79   78   76   76   76   76   78   80   83   86   91   96
  101  106  110  113  116  117  118  120  121  124  127  130  134  137  139  141
  142  143  144  144  145  145  145  145  145  144  144  144  143  143  143  143
  143  141  139  137  134  135  134  130  121                                   
    65.0-180.0 180.0   5.0 450.0                            LAT/LON1/LON2/DLON/H
  124  128  122  116  106   98   88   79   73   68   64   64   64   65   67   69
   70   71   71   70   69   68   68   68   70   71   74   77   80   84   88   93
   98  103  108  112  114  117  118  121  124  128  132  137  141  144  146  146
  146  145  144  144  143  143  142  142  141  141  141  141  142  142  143  144
  144  143  141  139  137  139  138  134  124                                   
    62.5-180.0 180.0   5.0 450.0                            LAT/LON1/LON2/DLON/H
  127  132  126  119  108   99   87   77   69   62   57   56   55   56   58   59
   60   60   59   59   58   58   59   61   63   67   70   74   78   82   86   91
   96  101  106  110  113  116  119  122  127  132  139  145  150  153  153  153
  151  148  146  145  143  142  141  140  139  138  138  139  140  142  143  144
  145  143  142  140  138  140  140  137  127                                   
    60.0-180.0 180.0   5.0 450.0                            LAT/LON1/LON2/DLON/H
  132  136  131  123  112  102   89   77   67   59   53   50   48   48   49   49
   49   49   48   47   47   47   49   52   56   61   67   72   76   80   84   89
   94   99  103  108  111  114  118  123  129  137  145  152  158  161  161  159
  156  152  150  147  146  144  143  141  139  138  138  139  140  141  143  144
  144  143  141  140  138  141  141  138  132                                   
    57.5-180.0 180.0   5.0 450.0                            LAT/LON1/LON2/DLON/H
  137  142  138  131  120  110   96   83   71   61   52   48   45   43   43   42
   41   41   40   39   38   39   41   45   51   57   64   70   75   80   84   88
   93   98  103  107  111  115  120  126  133  143  152  161  167  170  170  167
  163  160  157  155  153  152  150  147  145  143  142  142  144  145  146  147
  146  145  143  141  140  142  143  140  137                                   
    55.0-180.0 180.0   5.0 450.0                            LAT/LON1/LON2/DLON/H
  144  149  147  140  130  120  107   92   78   66   56   49   44   40   38   37
   36   35   34   33   32   33   35   39   46   53   61   69   75   79   84   88
   92   97  102  107  112  116  121  128  137  148  159  169  175  178  178  175
  172  168  166  164  163  162  160  157  153  151  149  149  149  150  150  151
  150  148  146  143  143  145  146  144  144                                   
    52.5-180.0 180.0   5.0 450.0                            LAT/LON1/LON2/DLON/H
  152  158  157  151  142  133  119  104   89   75   62   53   45   40   36   34
   33   32   31   30   29   30   32   36   43   51   59   67   74   79   84   88
   93   98  104  109  113  118  124  132  142  153  165  175  182  186  186  184
  181  178  176  175  175  173  170  167  163  159  157  156  156  156  156  156
  155  153  151  149  148  150  151  149  152                                   
    50.0-180.0 180.0   5.0 450.0                            LAT/LON1/LON2/DLON/H
  160  167  166  161  154  146  133  118  102   87   72   60   50   42   37   34
   33   33   32   32   31   31   33   37   43   50   59   67   74   79   84   89
   94  100  106  111  116  122  128  137  147  159  170  181  188  192  193  192
  190  188  187  187  185  183  180  176  171  167  165  163  163  163  163  163
  162  160  158  157  156  158  158  155  160                                   
    47.5-180.0 180.0   5.0 450.0                            LAT/LON1/LON2/DLON/H
  167  174  174  169  163  156  144  130  115   99   83   70   57   47   40   37
   36   36   37   37   37   38   38   41   46   52   60   67   74   79   85   90
   96  103  109  115  121  126  133  142  153  164  176  186  194  199  201  201
  200  199  198  197  194  191  187  182  177  174  171  169  169  169  169  170
  170  169  168  167  166  167  166  163  167                                   
    45.0-180.0 180.0   5.0 450.0                            LAT/LON1/LON2/DLON/H
  172  178  178  174  168  162  152  139  125  110   95   81   67   55   47   42
   41   43   45   47   48   48   48   49   52   56   62   68   74   80   86   92
   99  107  113  120  126  132  140  149  160  171  182  192  200  206  209  211
  211  210  209  206  202  197  192  187  182  179  176  175  175  175  176  177
  178  179  179  179  178  178  176  172  172                                   
    42.5-180.0 180.0   5.0 450.0                            LAT/LON1/LON2/DLON/H
  175  180  178  174  168  163  154  143  132  120  106   92   78   65   55   50
   50   52   56   59   61   61   60   60   60   62   65   70   76   81   88   96
  104  111  119  125  131  138  147  157  167  179  190  200  208  215  220  222
  223  222  219  215  210  204  198  193  188  185  183  182  181  182  183  185
  187  189  191  191  190  189  186  181  175                                   
    40.0-180.0 180.0   5.0 450.0                            LAT/LON1/LON2/DLON/H
  177  179  175  170  164  158  151  143  135  125  114  102   88   75   65   59
   59   62   66   71   74   74   73   70   68   68   69   73   78   84   92  100
  109  117  125  131  137  145  154  165  176  187  198  208  217  225  231  235
  237  235  231  226  219  213  207  202  198  196  193  192  192  192  193  196
  199  202  204  204  202  200  196  189  177                                   
    37.5-180.0 180.0   5.0 450.0                            LAT/LON1/LON2/DLON/H
  179  177  172  164  156  150  145  139  134  128  120  111   98   85   75   69
   67   70   75   80   84   85   83   80   76   74   74   77   82   88   96  106
  115  124  131  138  144  152  161  173  185  197  208  218  228  237  245  250
  251  250  246  240  234  229  224  220  216  213  211  209  207  207  208  210
  213  216  217  217  215  211  206  198  179                                   
    35.0-180.0 180.0   5.0 450.0                            LAT/LON1/LON2/DLON/H
  183  177  169  158  148  141  136  132  130  127  123  116  105   94   83   77
   75   77   81   86   91   92   91   87   82   79   78   81   86   93  102  112
  123  132  139  144  150  158  169  181  193  205  217  228  239  250  258  265
  267  267  264  260  256  253  250  247  244  240  236  232  229  227  227  229
  231  232  233  230  228  222  216  207  183                                   
    32.5-180.0 180.0   5.0 450.0                            LAT/LON1/LON2/DLON/H
  189  178  168  155  143  134  129  126  125  124  123  118  110  100   90   83
   81   81   85   89   94   97   97   93   88   83   82   85   91   99  109  119
  130  139  146  151  157  165  175  188  201  213  226  238  250  262  272  280
  284  285  285  285  285  285  284  283  279  274  268  262  257  253  251  251
  251  251  249  245  241  234  228  217  189                                   
    30.0-180.0 180.0   5.0 450.0                            LAT/LON1/LON2/DLON/H
  199  184  172  156  141  130  124  121  121  121  121  119  113  104   95   89
   85   84   86   91   96  100  100   97   92   88   87   90   96  105  115  126
  137  146  153  158  163  171  181  194  207  220  233  247  260  274  285  294
  301  305  309  314  318  323  325  324  320  313  304  296  288  283  279  276
  274  271  268  261  256  248  241  229  199                                   
    27.5-180.0 180.0   5.0 450.0                            LAT/LON1/LON2/DLON/H
  212  194  180  162  145  131  125  121  120  120  120  118  114  107   99   93
   89   87   88   91   97  102  104  101   96   92   91   94  101  110  120  131
  143  152  159  164  170  177  188  200  213  226  240  255  270  285  298  309
  318  326  334  344  354  362  366  365  359  350  339  329  319  312  306  302
  297  292  287  278  273  262  255  244  212                                   
    25.0-180.0 180.0   5.0 450.0                            LAT/LON1/LON2/DLON/H
  226  206  192  172  153  138  130  124  122  121  120  118  114  109  103   97
   92   89   89   93   99  105  108  106  101   96   94   97  104  113  123  134
  146  156  164  170  176  184  194  206  219  232  247  262  279  295  310  323
  335  346  359  373  386  396  401  399  392  381  368  357  346  338  331  325
  318  312  305  295  289  278  270  259  226                                   
    22.5-180.0 180.0   5.0 450.0                            LAT/LON1/LON2/DLON/H
  239  219  205  184  165  148  139  132  129  125  122  120  116  111  106  101
   96   92   92   95  102  109  113  111  105  100   97   99  105  113  123  135
  147  158  167  175  182  191  202  213  225  239  254  271  289  306  323  337
  351  365  381  397  412  422  426  423  414  402  389  377  367  359  351  344
  336  329  323  312  305  293  284  274  239                                   
    20.0-180.0 180.0   5.0 450.0                            LAT/LON1/LON2/DLON/H
  249  230  217  197  177  160  150  143  138  132  127  124  120  115  111  106
  100   96   95   99  106  114  118  116  109  102   99   99  103  111  120  132
  145  157  168  179  189  199  210  222  234  248  263  281  299  318  335  352
  367  383  399  415  428  437  439  434  424  412  401  390  381  373  366  359
  351  345  338  327  320  307  297  287  249                                   
    17.5-180.0 180.0   5.0 450.0                            LAT/LON1/LON2/DLON/H
  256  238  225  206  187  170  160  154  148  141  135  130  125  121  117  111
  106  101   99  102  109  117  121  119  112  103   98   97  100  106  115  127
  141  155  169  183  196  208  220  232  244  258  274  292  311  330  348  365
  381  397  412  426  436  441  441  435  425  415  405  397  390  383  376  369
  362  357  352  341  333  319  307  297  256                                   
    15.0-180.0 180.0   5.0 450.0                            LAT/LON1/LON2/DLON/H
  259  242  230  211  194  177  168  162  157  151  144  138  133  128  123  117
  111  105  103  105  111  119  122  119  112  102   96   93   94  100  109  122
  137  154  170  187  203  217  231  243  256  270  286  304  323  342  360  377
  393  408  421  430  436  438  435  429  420  413  406  400  395  390  383  377
  371  367  363  353  343  327  314  303  259                                   
    12.5-180.0 180.0   5.0 450.0                            LAT/LON1/LON2/DLON/H
  260  243  231  212  196  180  172  168  164  158  151  145  140  135  130  123
  116  109  106  106  111  117  120  117  109   99   92   88   88   93  103  117
  134  152  171  191  210  227  241  254  267  282  298  316  334  352  370  387
  402  415  425  431  433  431  427  421  415  410  407  403  400  394  388  383
  378  374  371  361  350  333  318  306  260                                   
    10.0-180.0 180.0   5.0 450.0                            LAT/LON1/LON2/DLON/H
  261  243  232  211  196  180  173  170  167  162  157  151  146  141  135  127
  119  112  107  106  109  112  114  111  103   95   87   83   83   88   99  114
  132  152  173  194  215  234  250  264  277  292  308  325  342  359  376  392
  407  418  426  429  428  426  422  417  414  411  410  408  404  399  392  387
  382  379  376  366  354  336  319  306  261                                   
     7.5-180.0 180.0   5.0 450.0                            LAT/LON1/LON2/DLON/H
  263  244  232  211  196  180  173  169  167  163  158  154  149  143  137  129
  121  113  107  104  105  106  106  103   97   89   82   79   79   85   96  112
