data/edconvlstm_nd/pred2060.15i
     1.0            IONOSPHERE MAPS     GNSS                IONEX VERSION / TYPE
pyspatialgeodesy        IME             05-JAN-18 20:20     PGM / RUN BY / DATE 
Map Name                                                    COMMENT             
Predicted global ionosphere maps (GIM).                     DESCRIPTION         
  2015     7    25     0     0     0                        EPOCH OF FIRST MAP  
  2015     7    26     0     0     0                        EPOCH OF LAST MAP   
  7200                                                      INTERVAL            
    13                                                      # OF MAPS IN FILE   
  NONE                                                      MAPPING FUNCTION    
10.0                                                        ELEVATION CUTOFF    
One-way carrier phase leveled to code                       OBSERVABLES USED    
  6371.0                                                    BASE RADIUS         
 2                                                          MAP DIMENSION       
   450.0 450.0   0.0                                        HGT1 / HGT2 / DHGT  
    87.5 -87.5  -2.5                                        LAT1 / LAT2 / DLAT  
  -180.0 180.0   5.0                                        LON1 / LON2 / DLON  
    -1                                                      EXPONENT            
                                                            END OF HEADER       
[from data line 4290]
    11                                                      START OF TEC MAP    
  2015     7    25    20     0     0                        EPOCH OF CURRENT MAP
    87.5-180.0 180.0   5.0 450.0                            LAT/LON1/LON2/DLON/H
  133  125  114  121  123  121  121  120  120  122  121  122  122  122  122  122
  122  122  122  121  121  120  119  118  117  116  115  114  113  112  111  110
  109  109  108  107  107  106  106  106  105  105  105  105  104  104  104  104
  104  104  104  104  104  104  104  104  104  104  104  105  105  105  105  106
  106  107  106  107  119  116  129  130  133                                   
    85.0-180.0 180.0   5.0 450.0                            LAT/LON1/LON2/DLON/H
  131  128  134  125  124  127  128  130  130  132  131  132  132  133  133  133
  133  132  132  131  130  129  128  127  126  124  123  121  120  118  117  115
  114  113  112  112  111  110  110  110  109  109  109  108  108  108  107  107
  107  107  107  107  107  107  107  107  106  107  107  107  107  107  108  108
  110  110  109  109  113  112  116  117  131                                   
    82.5-180.0 180.0   5.0 450.0                            LAT/LON1/LON2/DLON/H
  111  115  118  115  116  120  124  125  124  126  126  128  128  128  129  129
  129  128  128  127  126  125  123  122  120  118  116  114  111  109  108  106
  105  104  103  102  102  102  102  101  101  101  101  101  100  100  100  100
  100  100  100  100   99   99   99   99   98   98   98   98   98   98   98   98
   99   99   98  102  106  115  109  108  111                                   
    80.0-180.0 180.0   5.0 450.0                            LAT/LON1/LON2/DLON/H
  101  105  113  112  113  113  119  123  124  126  126  128  128  129  129  129
  129  129  128  128  126  125  123  121  118  115  112  109  106  103  101   99
   97   96   95   95   95   95   95   96   96   96   96   95   95   95   95   95
   95   95   95   95   95   94   94   93   93   92   91   91   91   91   91   91
   92   93   93   96   97   99   99  104  101                                   
    77.5-180.0 180.0   5.0 450.0                            LAT/LON1/LON2/DLON/H
  105  103  112  111  114  116  121  123  124  125  126  127  128  128  129  129
  129  129  129  129  128  126  124  122  119  116  112  108  104  101   98   96
   94   93   93   94   95   96   96   97   97   97   97   97   97   97   97   97
   97   98   98   98   97   97   96   95   94   92   91   91   90   90   90   90
   90   91   92   94   98   96  100  109  105                                   
    75.0-180.0 180.0   5.0 450.0                            LAT/LON1/LON2/DLON/H
  104  104  108  108  112  115  118  120  122  124  124  125  125  126  126  127
  127  128  128  128  128  127  125  123  120  116  112  108  104  100   96   94
   92   92   93   94   96   97   98   99   99   99   99   98   97   97   97   98
   98   99   99   99   99   98   97   95   94   93   92   91   90   90   91   91
   92   93   94   93   95   93   96   94  104                                   
    72.5-180.0 180.0   5.0 450.0                            LAT/LON1/LON2/DLON/H
  103  102  106  111  111  114  118  119  118  119  119  120  120  120  121  122
  122  123  124  125  125  125  124  122  120  116  111  106  101   96   93   90
   89   89   90   93   95   97   99   99   99   98   97   96   95   94   94   95
   96   97   98   98   97   96   94   93   91   90   89   89   89   89   90   91
   91   92   93   91   91   91   94   98  103                                   
    70.0-180.0 180.0   5.0 450.0                            LAT/LON1/LON2/DLON/H
  106  103  105  108  108  110  111  113  113  114  114  115  114  115  115  116
  117  118  120  121  122  123  123  122  120  117  112  107  102   96   92   89
   88   89   90   93   96   98   99  100   99   97   95   92   90   90   90   90
   92   93   93   93   92   90   88   87   85   84   84   85   86   88   90   91
   92   93   94   93   94   93   97   99  106                                   
    67.5-180.0 180.0   5.0 450.0                            LAT/LON1/LON2/DLON/H
  110  107  109  112  112  113  115  115  115  116  115  116  116  116  116  117
  118  120  121  123  125  127  128  128  126  123  119  114  108  103   98   95
   94   94   96   98  101  103  104  104  102   99   95   92   89   88   88   89
   90   91   92   91   89   87   85   83   81   81   82   84   87   90   93   96
   97   97   98   96   95   95   97   99  110                                   
    65.0-180.0 180.0   5.0 450.0                            LAT/LON1/LON2/DLON/H
  113  110  111  113  112  112  112  113  113  114  114  115  115  115  115  116
  117  119  121  123  126  128  130  130  130  128  125  120  115  110  106  102
  100  100  101  103  105  107  107  106  103   98   94   90   86   84   84   84
   85   86   85   84   82   79   76   74   73   74   76   80   84   89   93   96
   98   99  100   99  100  100  102  104  113                                   
    62.5-180.0 180.0   5.0 450.0                            LAT/LON1/LON2/DLON/H
  118  115  115  117  116  115  114  114  114  115  115  117  117  118  119  119
  120  121  123  126  128  131  133  135  135  134  132  129  125  121  117  113
  111  109  109  110  111  112  111  109  105  100   95   90   86   84   83   83
   83   83   81   79   75   72   68   67   66   68   72   77   82   88   93   97
   99  100  101  100  101  101  104  105  118                                   
    60.0-180.0 180.0   5.0 450.0                            LAT/LON1/LON2/DLON/H
  122  120  119  120  119  117  115  115  114  116  116  118  120  121  121  122
  123  124  126  128  130  132  135  137  139  139  139  138  136  133  129  126
  123  120  119  119  119  118  117  114  109  104   98   93   88   86   84   83
   82   81   78   74   70   66   62   61   61   64   68   74   80   86   91   96
   98   99  100  100  102  104  109  108  122                                   
    57.5-180.0 180.0   5.0 450.0                            LAT/LON1/LON2/DLON/H
  125  125  125  125  124  121  119  117  117  117  118  120  122  124  125  126
  127  127  128  130  131  133  136  138  141  143  145  146  146  145  142  139
  136  133  131  129  127  126  124  120  115  110  104   98   94   91   88   87
   84   81   77   72   67   63   60   59   60   63   67   73   79   84   89   93
   95   97   98   98  102  105  112  111  125                                   
    55.0-180.0 180.0   5.0 450.0                            LAT/LON1/LON2/DLON/H
  129  131  131  132  130  127  124  122  120  120  120  122  124  126  127  129
  129  130  130  131  132  133  135  138  141  144  148  151  154  154  154  152
  149  145  142  139  137  135  132  128  123  117  112  106  101   98   95   92
   88   84   78   73   68   64   61   61   62   65   69   74   78   83   87   90
   91   93   96   96  101  107  115  115  129                                   
    52.5-180.0 180.0   5.0 450.0                            LAT/LON1/LON2/DLON/H
  132  137  138  139  138  135  131  129  126  125  123  124  125  127  128  130
  130  131  131  131  131  132  133  136  139  144  149  154  158  161  162  161
  159  156  152  149  147  144  141  137  132  126  120  114  109  105  102   98
   93   87   81   76   71   67   66   66   67   69   72   75   78   81   84   86
   88   90   93   95  101  109  119  118  132                                   
    50.0-180.0 180.0   5.0 450.0                            LAT/LON1/LON2/DLON/H
  137  144  146  148  147  146  142  139  134  132  129  128  127  128  129  130
  131  131  131  131  131  131  133  135  139  144  150  156  161  166  168  169
  167  165  162  159  157  154  151  146  141  134  128  122  117  113  109  104
   99   92   86   81   76   74   73   73   74   76   77   78   79   80   81   83
   85   88   93   95  103  112  123  123  137                                   
    47.5-180.0 180.0   5.0 450.0                            LAT/LON1/LON2/DLON/H
  142  151  155  157  158  158  154  151  146  142  137  134  132  130  130  131
  131  131  131  131  131  132  134  136  140  145  152  158  164  169  173  174
  174  173  171  169  167  165  161  156  150  143  136  129  124  120  115  110
  104   98   92   87   83   82   82   82   83   83   82   81   80   80   81   82
   85   89   94   98  107  117  129  129  142                                   
    45.0-180.0 180.0   5.0 450.0                            LAT/LON1/LON2/DLON/H
  147  158  163  167  169  171  169  167  162  157  150  144  139  136  134  133
  133  133  133  134  134  135  138  141  145  151  157  163  169  174  178  180
  180  180  179  178  177  176  172  167  159  151  143  136  131  126  121  116
  110  104   98   93   91   90   91   91   91   90   87   84   82   81   81   84
   87   92   99  104  113  123  135  136  147                                   
    42.5-180.0 180.0   5.0 450.0                            LAT/LON1/LON2/DLON/H
  153  165  171  176  180  183  184  183  179  173  165  158  151  146  142  139
  138  137  137  138  140  142  145  149  154  160  166  172  177  182  185  187
  188  188  188  188  188  187  184  178  169  160  151  143  137  132  127  122
  117  111  105  100   98   98   98   99   98   95   91   88   84   83   84   87
   91   98  105  111  120  130  143  143  153                                   
    40.0-180.0 180.0   5.0 450.0                            LAT/LON1/LON2/DLON/H
  159  171  178  183  190  195  198  199  196  192  184  176  167  160  153  149
  146  144  144  145  147  151  155  160  166  173  180  186  191  194  197  198
  198  198  197  198  199  198  195  188  179  169  160  151  144  139  134  129
  124  117  111  107  104  104  104  103  102   98   94   90   87   86   88   92
   97  104  113  118  127  137  150  151  159                                   
    37.5-180.0 180.0   5.0 450.0                            LAT/LON1/LON2/DLON/H
  164  177  183  190  198  204  209  213  213  211  204  196  187  178  170  163
  158  155  154  155  158  161  167  173  181  189  197  203  208  211  212  212
  211  209  208  208  208  208  205  199  189  179  169  160  153  147  141  136
  130  124  117  112  109  107  107  106  103  100   96   92   90   90   92   97
  102  110  119  125  134  144  157  157  164                                   
    35.0-180.0 180.0   5.0 450.0                            LAT/LON1/LON2/DLON/H
  169  182  188  195  204  211  218  225  228  228  224  218  210  200  190  182
  175  170  168  168  170  174  180  187  196  206  215  223  227  230  230  229
  226  222  218  217  217  216  214  207  199  188  179  169  161  154  148  142
  136  129  122  116  111  109  107  105  103   99   96   94   93   93   96  100
  106  114  123  130  138  149  163  163  169                                   
    32.5-180.0 180.0   5.0 450.0                            LAT/LON1/LON2/DLON/H
  175  187  194  200  209  217  225  233  240  244  244  241  234  225  215  205
  196  189  185  184  185  188  193  201  211  222  233  241  247  250  250  247
  241  234  228  225  223  222  219  213  205  196  187  178  169  161  153  146
  139  131  123  116  111  108  106  103  101   98   95   94   94   95   97  102
  107  116  125  132  141  153  168  168  175                                   
    30.0-180.0 180.0   5.0 450.0                            LAT/LON1/LON2/DLON/H
  180  193  199  205  214  222  231  241  250  258  262  263  259  252  242  231
  221  212  206  203  202  203  207  214  225  236  248  258  264  267  267  263
  255  245  236  229  226  224  221  216  208  200  191  182  173  164  155  147
  138  130  122  114  109  105  103  100   97   95   94   93   94   94   97  101
  106  114  125  133  143  155  172  173  180                                   
    27.5-180.0 180.0   5.0 450.0                            LAT/LON1/LON2/DLON/H
  186  199  206  211  220  229  237  248  259  270  279  284  284  280  272  261
  249  239  230  224  221  220  222  228  237  248  260  270  277  281  281  276
  266  253  240  231  225  222  218  213  207  199  191  182  172  162  152  143
  134  125  117  110  105  101   99   96   94   92   91   91   91   92   94   97
  102  111  123  131  143  157  175  176  186                                   
    25.0-180.0 180.0   5.0 450.0                            LAT/LON1/LON2/DLON/H
  192  206  213  218  227  236  245  255  268  281  293  302  307  307  302  292
  280  268  258  249  244  240  239  242  249  258  269  278  285  289  289  283
  272  257  241  229  221  216  212  206  200  193  186  177  167  156  145  135
  126  117  109  103   99   96   94   92   90   88   87   87   87   88   89   92
   97  107  119  129  142  157  177  179  192                                   
    22.5-180.0 180.0   5.0 450.0                            LAT/LON1/LON2/DLON/H
  197  212  220  226  235  244  252  263  276  290  305  318  327  331  330  323
  312  299  287  277  269  262  259  258  262  268  276  283  289  293  292  286
  273  256  239  225  215  209  203  197  190  183  176  168  157  146  135  124
  115  107  101   96   93   91   90   88   86   84   83   83   82   82   83   86
   91  102  116  127  141  158  178  182  197                                   
    20.0-180.0 180.0   5.0 450.0                            LAT/LON1/LON2/DLON/H
  200  218  226  234  243  252  260  270  283  298  314  329  343  351  354  351
  342  330  317  306  295  287  281  277  277  279  283  287  291  293  292  285
  271  253  234  219  208  200  194  186  179  172  165  156  146  135  124  113
  105   97   92   89   87   87   86   84   82   80   79   78   77   76   77   80
   86   98  113  125  140  158  178  184  200                                   
    17.5-180.0 180.0   5.0 450.0                            LAT/LON1/LON2/DLON/H
  202  222  232  240  249  259  267  276  288  303  319  336  353  365  373  373
  368  358  346  334  322  312  304  298  294  292  291  292  293  293  290  281
  266  247  229  213  202  194  186  178  169  161  154  146  136  125  114  104
   96   89   85   83   83   83   82   81   79   77   75   73   72   71   71   75
   82   95  111  124  139  157  178  185  202                                   
    15.0-180.0 180.0   5.0 450.0                            LAT/LON1/LON2/DLON/H
  202  225  236  244  255  264  273  281  292  305  320  338  356  372  383  388
  387  380  370  359  347  337  327  319  312  306  302  299  296  293  287  277
  261  242  224  209  199  191  182  172  163  154  146  138  129  119  108   99
   90   84   81   79   79   80   79   78   76   73   71   70   68   67   68   72
   79   93  109  122  138  156  177  185  202                                   
    12.5-180.0 180.0   5.0 450.0                            LAT/LON1/LON2/DLON/H
  201  227  240  248  258  267  276  284  293  304  317  335  353  371  386  394
  397  394  387  378  368  358  348  338  329  321  313  307  301  295  287  274
  257  238  220  207  198  190  181  171  160  151  142  134  126  116  106   97
   89   82   79   77   77   77   76   75   73   71   69   67   65   64   66   70
   77   91  107  120  136  155  176  185  201                                   
    10.0-180.0 180.0   5.0 450.0                            LAT/LON1/LON2/DLON/H
  201  230  243  250  261  269  279  286  293  302  313  328  346  365  381  392
  399  400  396  389  381  372  363  354  344  334  325  316  308  299  288  272
  253  234  218  207  199  192  183  172  161  151  142  134  126  117  108   98
   89   83   78   76   75   74   73   71   70   68   67   65   64   63   65   69
   76   89  104  118  134  153  175  184  201                                   
     7.5-180.0 180.0   5.0 450.0                            LAT/LON1/LON2/DLON/H
  202  233  248  254  264  272  282  288  294  300  309  321  337  355  371  384
  393  397  396  392  386  379  372  364  355  345  334  324  314  304  290  272
