data/edconvlstm_nd/pred3630.15i
     1.0            IONOSPHERE MAPS     GNSS                IONEX VERSION / TYPE
pyspatialgeodesy        IME             05-JAN-18 20:20     PGM / RUN BY / DATE 
Map Name                                                    COMMENT             
Predicted global ionosphere maps (GIM).                     DESCRIPTION         
  2015    12    29     0     0     0                        EPOCH OF FIRST MAP  
  2015    12    30     0     0     0                        EPOCH OF LAST MAP   
  7200                                                      INTERVAL            
    13                                                      # OF MAPS IN FILE   
  NONE                                                      MAPPING FUNCTION    
10.0                                                        ELEVATION CUTOFF    
One-way carrier phase leveled to code                       OBSERVABLES USED    
  6371.0                                                    BASE RADIUS         
 2                                                          MAP DIMENSION       
   450.0 450.0   0.0                                        HGT1 / HGT2 / DHGT  
    87.5 -87.5  -2.5                                        LAT1 / LAT2 / DLAT  
  -180.0 180.0   5.0                                        LON1 / LON2 / DLON  
    -1                                                      EXPONENT            
                                                            END OF HEADER       
[from data line 858]
     3                                                      START OF TEC MAP    
  2015    12    29     4     0     0                        EPOCH OF CURRENT MAP
    87.5-180.0 180.0   5.0 450.0                            LAT/LON1/LON2/DLON/H
   33   42   34   37   35   36   33   29   29   29   28   28   27   27   26   26
   25   25   24   24   24   23   23   23   23   23   23   23   24   24   24   25
   25   26   27   27   28   28   29   29   30   30   30   31   31   31   32   32
   32   32   32   32   32   31   31   31   31   30   30   30   30   29   29   29
   30   30   28   29   33   49   56   46   33                                   
    85.0-180.0 180.0   5.0 450.0                            LAT/LON1/LON2/DLON/H
   22   44   37   39   42   43   42   41   40   40   39   38   38   36   35   34
   33   31   30   29   29   28   28   27   27   27   28   28   29   29   30   31
   32   33   34   35   36   37   38   39   40   40   41   41   42   42   42   41
   41   41   40   40   39   39   38   38   37   37   36   36   36   36   35   36
   37   37   35   39   46   47   61   47   22                                   
    82.5-180.0 180.0   5.0 450.0                            LAT/LON1/LON2/DLON/H
   25   33   49   45   44   47   46   45   46   45   43   42   41   39   37   35
   32   30   28   27   25   24   24   23   23   23   23   24   25   26   27   29
   30   32   33   35   37   38   39   41   42   43   44   44   45   45   44   44
   43   42   41   40   39   38   37   37   36   35   35   34   34   34   34   34
   35   36   35   34   49   40   45   42   25                                   
    80.0-180.0 180.0   5.0 450.0                            LAT/LON1/LON2/DLON/H
   41   47   55   47   52   51   53   52   53   53   50   50   48   45   42   39
   36   32   30   27   25   24   23   23   22   22   23   24   25   26   28   30
   32   34   36   38   40   42   44   46   47   48   49   49   49   49   48   47
   46   44   42   41   39   38   37   36   35   34   34   34   34   34   35   35
   36   37   39   40   52   46   45   45   41                                   
    77.5-180.0 180.0   5.0 450.0                            LAT/LON1/LON2/DLON/H
   49   53   52   45   46   49   52   53   54   53   51   50   48   44   41   37
   33   29   25   22   20   18   17   16   16   17   17   18   20   22   24   26
   28   31   33   35   37   40   42   43   45   46   47   48   48   47   46   44
   42   40   38   36   35   33   32   31   31   30   30   31   31   31   31   32
   33   34   34   37   43   33   35   35   49                                   
    75.0-180.0 180.0   5.0 450.0                            LAT/LON1/LON2/DLON/H
   41   49   49   43   41   45   48   49   51   51   49   49   46   44   40   36
   32   28   24   21   18   17   16   16   16   17   18   20   21   23   25   27
   29   31   33   35   37   38   40   42   43   44   45   46   45   44   43   41
   39   37   35   34   32   32   31   31   31   32   32   33   34   34   34   35
   34   35   36   35   41   34   34   33   41                                   
    72.5-180.0 180.0   5.0 450.0                            LAT/LON1/LON2/DLON/H
   42   46   46   39   39   43   47   49   50   50   48   48   46   44   41   38
   34   30   26   23   21   20   19   19   20   21   23   25   27   29   30   32
   33   34   35   36   37   38   39   40   41   43   44   44   44   43   41   40
   38   36   35   34   34   34   35   36   37   39   40   42   43   43   43   44
   43   42   45   43   46   37   37   37   42                                   
    70.0-180.0 180.0   5.0 450.0                            LAT/LON1/LON2/DLON/H
   46   47   48   41   39   41   44   45   46   47   46   46   45   44   41   39
   36   33   30   27   26   25   25   25   27   28   30   32   34   35   36   37
   37   36   36   36   35   35   36   37   38   39   40   40   40   39   38   37
   36   36   36   37   38   41   43   46   49   51   54   56   57   58   57   57
   56   54   55   52   52   43   44   40   46                                   
    67.5-180.0 180.0   5.0 450.0                            LAT/LON1/LON2/DLON/H
   47   47   47   40   36   37   39   39   40   40   39   40   40   39   38   36
   34   32   30   28   27   27   28   29   30   31   33   34   35   36   36   36
   35   33   32   30   29   28   28   29   30   31   32   33   33   32   32   31
   32   33   35   38   42   46   50   55   59   62   65   67   69   69   68   68
   65   62   63   58   58   48   46   44   47                                   
    65.0-180.0 180.0   5.0 450.0                            LAT/LON1/LON2/DLON/H
   52   49   47   40   35   35   35   35   35   34   33   35   35   35   35   34
   33   32   31   30   30   30   31   32   33   34   34   35   35   34   33   32
   31   29   26   24   23   22   22   23   24   26   27   28   28   28   27   28
   30   33   38   43   49   56   62   67   72   75   78   81   82   82   81   79
   76   73   72   67   65   55   53   52   52                                   
    62.5-180.0 180.0   5.0 450.0                            LAT/LON1/LON2/DLON/H
   58   54   50   43   38   36   36   34   33   31   30   32   32   33   34   34
   34   34   33   33   33   33   34   34   35   35   34   33   32   31   30   28
   27   25   23   21   20   19   20   21   23   24   26   27   27   26   27   29
   32   37   44   52   61   69   76   81   86   89   92   94   95   95   93   91
   88   84   83   77   75   65   62   61   58                                   
    60.0-180.0 180.0   5.0 450.0                            LAT/LON1/LON2/DLON/H
   66   60   55   47   41   38   37   34   32   29   27   28   29   31   32   33
   34   34   33   33   33   34   34   34   33   32   30   28   27   25   24   23
   22   20   19   18   17   18   18   20   22   24   26   27   27   27   28   30
   35   43   52   62   72   81   88   93   97   99  101  103  104  103  102  100
   97   93   92   87   85   74   71   70   66                                   
    57.5-180.0 180.0   5.0 450.0                            LAT/LON1/LON2/DLON/H
   75   67   62   53   47   43   40   36   33   29   26   27   28   29   31   32
   33   33   33   33   33   33   32   32   30   28   26   24   21   20   19   19
   18   18   18   18   18   19   20   22   25   27   29   30   30   30   32   35
   42   51   62   74   85   94  101  105  107  108  109  110  111  111  109  108
  105  102  102   98   97   86   83   80   75                                   
    55.0-180.0 180.0   5.0 450.0                            LAT/LON1/LON2/DLON/H
   85   76   69   60   53   49   45   40   35   30   26   26   26   28   30   31
   32   32   32   31   31   30   30   28   27   25   22   20   18   17   16   16
   17   18   18   19   20   22   24   26   29   32   34   35   36   36   38   43
   50   61   73   86   98  106  112  114  115  115  116  116  117  117  116  115
  113  111  112  109  109   98   95   90   85                                   
    52.5-180.0 180.0   5.0 450.0                            LAT/LON1/LON2/DLON/H
   96   86   77   68   60   56   51   44   38   32   28   27   27   28   29   30
   31   31   31   30   29   28   27   26   25   23   22   20   18   17   17   17
   18   20   22   23   25   27   30   32   36   39   41   42   43   44   47   53
   61   72   86   99  110  118  122  123  122  122  122  122  123  124  123  123
  121  119  122  120  120  110  106  101   96                                   
    50.0-180.0 180.0   5.0 450.0                            LAT/LON1/LON2/DLON/H
  107   96   86   77   68   63   57   50   43   37   31   30   28   29   30   31
   31   31   30   29   28   27   26   26   25   25   24   23   22   21   21   21
   23   25   27   30   32   34   37   40   43   46   48   50   52   54   58   64
   73   85   98  111  121  128  131  131  130  128  128  129  130  130  130  129
  128  126  129  128  130  120  117  112  107                                   
    47.5-180.0 180.0   5.0 450.0                            LAT/LON1/LON2/DLON/H
  116  106   95   87   77   71   65   56   49   42   36   34   32   31   32   32
   32   32   31   30   29   28   27   27   28   29   30   30   30   28   28   28
   29   31   34   37   39   42   44   47   50   53   55   58   61   64   69   76
   86   97  109  121  130  137  139  138  136  135  134  135  136  136  136  135
  133  131  134  133  135  126  124  120  116                                   
    45.0-180.0 180.0   5.0 450.0                            LAT/LON1/LON2/DLON/H
  123  114  102   95   84   78   71   63   56   48   43   40   37   36   35   35
   35   34   34   33   32   31   31   32   34   36   38   39   38   37   35   34
   35   37   40   44   46   49   51   53   56   59   62   65   69   74   81   88
   97  108  119  129  138  143  145  145  143  141  140  141  142  141  140  138
  135  133  134  134  136  129  128  125  123                                   
    42.5-180.0 180.0   5.0 450.0                            LAT/LON1/LON2/DLON/H
  127  119  108  102   91   84   77   69   62   56   50   47   44   42   41   40
   40   40   40   40   40   39   38   39   41   44   47   48   46   44   41   39
   40   42   45   49   52   54   56   58   61   64   68   72   78   84   91   99
  108  117  127  136  143  149  151  151  149  148  146  146  146  145  143  140
  136  132  132  131  133  127  127  126  127                                   
    40.0-180.0 180.0   5.0 450.0                            LAT/LON1/LON2/DLON/H
  128  121  110  105   94   87   81   74   68   62   57   55   52   50   48   47
   47   49   50   51   51   50   48   48   49   51   53   54   52   48   44   42
   42   45   48   52   55   57   59   62   65   69   73   79   86   93  101  109
  117  125  133  141  148  154  157  158  156  154  152  151  150  149  146  143
  138  133  131  129  130  124  124  124  128                                   
    37.5-180.0 180.0   5.0 450.0                            LAT/LON1/LON2/DLON/H
  127  120  110  104   94   87   81   75   71   67   64   63   61   59   57   56
   57   60   63   65   65   63   60   57   56   57   58   57   54   50   46   44
   44   47   51   54   57   59   62   65   68   73   78   85   93  102  110  118
  126  133  140  147  154  160  164  166  165  163  160  158  156  155  154  152
  147  140  136  132  131  125  124  124  127                                   
    35.0-180.0 180.0   5.0 450.0                            LAT/LON1/LON2/DLON/H
  128  118  107  101   91   84   79   74   71   69   67   68   68   67   66   66
   68   72   76   80   80   77   71   66   62   61   60   59   55   51   48   47
   48   51   54   57   59   60   63   66   71   76   83   90   99  109  118  126
  133  140  147  154  163  170  176  178  178  175  171  169  168  169  170  170
  166  158  153  147  144  136  132  129  128                                   
    32.5-180.0 180.0   5.0 450.0                            LAT/LON1/LON2/DLON/H
  132  119  105   96   87   80   75   71   69   68   68   71   72   72   73   74
   78   83   89   93   94   89   82   74   68   64   62   59   57   54   52   52
   54   57   59   61   61   62   64   67   72   78   86   94  104  115  125  133
  141  148  157  166  176  185  192  196  196  193  189  187  187  191  196  200
  199  192  186  177  173  159  153  145  132                                   
    30.0-180.0 180.0   5.0 450.0                            LAT/LON1/LON2/DLON/H
  143  124  106   94   84   76   71   67   66   64   66   70   73   75   77   80
   85   91   98  103  103   98   90   80   72   67   64   61   59   58   59   60
   63   66   67   66   64   63   65   68   73   80   88   97  108  119  130  140
  150  159  170  182  194  205  214  219  220  217  214  212  215  223  233  242
  244  239  234  223  217  198  188  174  143                                   
    27.5-180.0 180.0   5.0 450.0                            LAT/LON1/LON2/DLON/H
  162  136  114   97   85   76   70   64   62   60   62   66   70   74   78   83
   88   95  102  106  106  101   93   84   76   70   67   65   65   65   68   72
   75   77   76   73   69   66   65   68   73   79   88   98  110  123  135  147
  160  173  187  202  217  230  240  246  248  246  244  244  251  263  278  292
  298  295  292  279  272  247  235  214  162                                   
    25.0-180.0 180.0   5.0 450.0                            LAT/LON1/LON2/DLON/H
  190  159  130  108   93   82   73   65   61   57   58   62   66   71   76   81
   88   94  100  103  103   99   92   85   78   74   71   70   72   75   80   86
   90   90   87   80   73   68   66   67   71   78   87   98  112  126  140  155
  171  188  206  225  243  258  269  276  280  280  279  282  291  307  327  345
  354  354  352  337  331  303  288  263  190                                   
    22.5-180.0 180.0   5.0 450.0                            LAT/LON1/LON2/DLON/H
  227  191  156  129  110   95   83   72   64   58   56   58   62   66   72   78
   84   89   93   95   94   92   89   84   81   78   76   77   81   86   94  101
  104  103   96   86   76   69   65   65   69   75   85   98  112  129  146  163
  183  204  227  249  269  286  299  308  313  316  318  323  334  353  375  395
  406  409  407  392  387  359  342  316  227                                   
    20.0-180.0 180.0   5.0 450.0                            LAT/LON1/LON2/DLON/H
  270  232  192  161  138  118  102   86   74   65   60   59   60   64   68   74
   79   82   84   84   85   85   85   84   83   82   82   85   90   98  107  113
  115  110  100   88   76   68   63   62   65   72   82   96  113  131  151  172
  195  221  247  273  295  314  328  339  347  352  357  364  376  394  416  436
  447  451  451  438  434  409  392  369  270                                   
    17.5-180.0 180.0   5.0 450.0                            LAT/LON1/LON2/DLON/H
  316  279  237  203  174  150  128  108   92   79   71   67   65   66   69   73
   76   77   77   77   78   81   83   86   87   87   89   93   99  107  115  120
  118  110   98   85   73   64   59   58   61   68   80   95  114  134  157  181
  208  237  266  294  318  338  353  366  376  384  391  398  409  426  446  463
  473  477  478  468  466  448  433  413  316                                   
    15.0-180.0 180.0   5.0 450.0                            LAT/LON1/LON2/DLON/H
  360  328  287  251  218  188  161  137  117  101   89   82   77   76   76   78
   79   78   77   76   78   82   87   91   93   94   96   99  105  112  117  118
  113  103   91   78   67   60   56   55   58   66   79   95  115  138  162  190
  219  251  282  312  337  358  374  387  398  408  416  423  433  446  461  474
  481  485  486  480  480  470  460  445  360                                   
    12.5-180.0 180.0   5.0 450.0                            LAT/LON1/LON2/DLON/H
  396  371  335  298  264  230  197  170  147  129  116  106   98   93   91   91
   90   88   85   84   87   92   98  102  103  103  103  105  108  112  113  110
  103   92   81   70   62   56   53   53   57   66   79   97  118  141  168  198
  229  262  295  325  351  371  387  400  412  423  430  437  444  454  464  472
  475  477  479  477  479  476  473  463  396                                   
    10.0-180.0 180.0   5.0 450.0                            LAT/LON1/LON2/DLON/H
  422  404  374  339  306  269  234  204  180  161  146  135  126  118  114  111
  109  105  103  102  105  111  116  118  116  113  110  109  109  109  106  100
   92   82   73   65   58   54   52   53   58   68   82  100  121  146  174  205
  237  271  303  333  358  377  393  406  418  428  435  441  447  453  459  462
  461  461  464  465  469  472  474  468  422                                   
     7.5-180.0 180.0   5.0 450.0                            LAT/LON1/LON2/DLON/H
  439  426  402  369  339  303  266  235  211  192  179  167  157  148  141  137
  133  129  127  128  132  137  140  138  132  124  117  113  109  105   99   92
