data/edconvlstm_nd/pred1500.15i
     1.0            IONOSPHERE MAPS     GNSS                IONEX VERSION / TYPE
pyspatialgeodesy        IME             05-JAN-18 20:20     PGM / RUN BY / DATE 
Map Name                                                    COMMENT             
Predicted global ionosphere maps (GIM).                     DESCRIPTION         
  2015     5    30     0     0     0                        EPOCH OF FIRST MAP  
  2015     5    31     0     0     0                        EPOCH OF LAST MAP   
  7200                                                      INTERVAL            
    13                                                      # OF MAPS IN FILE   
  NONE                                                      MAPPING FUNCTION    
10.0                                                        ELEVATION CUTOFF    
One-way carrier phase leveled to code                       OBSERVABLES USED    
  6371.0                                                    BASE RADIUS         
 2                                                          MAP DIMENSION       
   450.0 450.0   0.0                                        HGT1 / HGT2 / DHGT  
    87.5 -87.5  -2.5                                        LAT1 / LAT2 / DLAT  
  -180.0 180.0   5.0                                        LON1 / LON2 / DLON  
    -1                                                      EXPONENT            
                                                            END OF HEADER       
[from data line 3861]
    10                                                      START OF TEC MAP    
  2015     5    30    18     0     0                        EPOCH OF CURRENT MAP
    87.5-180.0 180.0   5.0 450.0                            LAT/LON1/LON2/DLON/H
  170  165  156  163  165  164  164  163  163  164  163  163  163  163  162  162
  162  161  160  160  159  158  157  156  155  154  153  152  151  150  149  149
  148  148  147  147  147  147  147  147  147  148  148  149  149  149  150  150
  150  150  150  151  151  151  151  151  152  152  152  152  153  153  154  154
  154  155  154  155  165  164  169  166  170                                   
    85.0-180.0 180.0   5.0 450.0                            LAT/LON1/LON2/DLON/H
  164  166  173  167  166  169  170  172  172  172  172  172  172  171  171  171
  170  170  169  168  167  166  165  164  162  161  160  158  157  155  154  153
  152  151  151  150  150  150  151  151  152  152  153  153  154  154  154  155
  155  155  155  155  155  155  155  155  155  156  156  156  157  157  158  158
  160  160  159  159  162  157  160  161  164                                   
    82.5-180.0 180.0   5.0 450.0                            LAT/LON1/LON2/DLON/H
  147  156  158  156  157  162  165  166  165  166  166  167  167  167  166  166
  166  165  165  164  163  162  161  160  158  156  154  152  150  148  146  145
  143  142  142  141  142  142  143  144  145  146  147  148  148  148  148  148
  148  147  147  146  146  145  145  145  145  145  145  146  146  146  146  147
  147  147  146  150  150  156  151  145  147                                   
    80.0-180.0 180.0   5.0 450.0                            LAT/LON1/LON2/DLON/H
  138  145  151  152  152  154  157  161  162  164  164  164  164  164  164  164
  164  164  164  164  163  162  161  159  158  155  153  150  147  144  141  138
  136  134  134  133  134  135  136  138  139  141  143  144  145  145  145  144
  143  142  141  140  139  138  138  137  137  137  138  138  138  139  139  139
  140  140  139  142  139  137  137  135  138                                   
    77.5-180.0 180.0   5.0 450.0                            LAT/LON1/LON2/DLON/H
  136  136  144  145  148  151  154  157  158  160  160  160  160  161  161  161
  162  163  163  164  165  165  164  163  162  159  156  153  149  146  142  139
  136  134  133  133  133  135  137  139  141  144  146  147  148  148  147  146
  144  142  140  138  136  135  134  133  133  133  133  133  133  133  133  133
  133  132  131  132  134  127  130  133  136                                   
    75.0-180.0 180.0   5.0 450.0                            LAT/LON1/LON2/DLON/H
  131  134  138  140  144  148  150  153  155  157  157  158  158  158  158  159
  160  162  164  166  168  169  170  169  168  166  163  159  155  151  147  143
  140  138  136  136  137  138  140  143  146  148  150  152  152  152  150  148
  145  142  139  136  134  132  131  131  131  131  132  132  132  133  133  132
  131  130  130  127  128  123  125  119  131                                   
    72.5-180.0 180.0   5.0 450.0                            LAT/LON1/LON2/DLON/H
  128  132  136  142  143  148  151  154  155  156  156  156  156  156  157  158
  160  162  166  169  172  174  176  176  175  173  170  166  162  158  154  150
  147  144  143  142  143  144  146  149  151  154  155  156  156  155  153  150
  147  143  139  136  133  131  130  130  130  131  132  133  133  134  134  133
  131  130  128  125  124  121  124  124  128                                   
    70.0-180.0 180.0   5.0 450.0                            LAT/LON1/LON2/DLON/H
  131  135  139  144  145  148  151  154  155  157  156  157  156  156  156  158
  160  163  167  171  175  178  180  180  179  177  174  171  167  163  160  157
  154  152  150  150  150  151  152  154  156  158  159  160  159  157  154  151
  147  143  139  135  132  130  129  129  129  130  132  134  135  136  136  136
  134  132  131  129  128  126  131  128  131                                   
    67.5-180.0 180.0   5.0 450.0                            LAT/LON1/LON2/DLON/H
  140  145  150  154  155  158  160  162  163  165  165  166  165  165  165  166
  168  171  175  180  183  186  187  187  186  183  180  177  174  171  169  168
  166  164  163  162  162  162  163  164  165  166  167  166  165  162  159  156
  152  148  144  141  138  136  135  134  135  136  138  140  142  143  144  145
  143  142  141  137  136  135  139  137  140                                   
    65.0-180.0 180.0   5.0 450.0                            LAT/LON1/LON2/DLON/H
  149  156  160  163  162  164  165  168  170  172  173  174  174  173  173  174
  175  178  181  185  188  190  190  189  186  183  180  177  176  175  176  176
  176  175  174  173  172  172  172  173  173  173  172  171  168  165  162  159
  155  151  148  145  142  139  138  137  137  138  139  141  144  146  148  149
  148  148  148  146  147  147  153  150  149                                   
    62.5-180.0 180.0   5.0 450.0                            LAT/LON1/LON2/DLON/H
  159  168  172  173  171  173  173  176  178  182  183  185  186  185  185  185
  185  187  189  191  193  193  191  189  185  181  178  177  177  179  181  183
  185  185  185  184  183  183  183  182  182  181  179  176  173  170  166  163
  160  156  153  150  147  145  142  141  140  140  141  142  145  147  149  152
  152  153  155  154  155  156  163  160  159                                   
    60.0-180.0 180.0   5.0 450.0                            LAT/LON1/LON2/DLON/H
  167  177  180  181  178  179  179  182  185  190  193  195  196  196  195  194
  194  195  195  196  195  193  190  186  182  178  176  176  178  181  186  190
  193  194  195  194  194  194  194  193  193  191  188  184  180  175  171  168
  165  162  159  156  153  149  146  143  141  140  140  141  142  145  148  151
  152  154  157  158  160  163  172  168  167                                   
    57.5-180.0 180.0   5.0 450.0                            LAT/LON1/LON2/DLON/H
  172  182  186  186  184  185  185  188  192  197  201  204  205  205  204  202
  201  200  199  198  195  192  188  184  180  177  176  177  181  186  192  197
  201  203  204  204  205  205  206  206  205  203  199  194  188  183  178  174
  171  168  165  162  158  154  150  146  143  141  139  139  139  141  144  147
  150  153  156  158  162  165  175  172  172                                   
    55.0-180.0 180.0   5.0 450.0                            LAT/LON1/LON2/DLON/H
  173  183  188  189  187  191  192  195  199  204  208  210  211  211  209  207
  206  203  201  198  194  190  186  183  180  179  179  182  187  193  199  205
  209  212  213  214  215  217  219  220  220  217  212  206  199  192  186  182
  178  174  170  166  162  158  153  149  145  142  139  137  137  138  140  143
  146  149  153  155  160  164  174  172  173                                   
    52.5-180.0 180.0   5.0 450.0                            LAT/LON1/LON2/DLON/H
  170  181  186  190  190  196  199  203  207  212  214  216  215  213  211  209
  207  203  199  195  191  187  185  183  183  185  187  191  196  202  209  214
  218  220  222  224  227  230  233  235  235  232  226  218  210  202  195  189
  184  179  174  170  165  160  156  152  148  144  141  138  136  136  137  140
  141  144  148  150  155  159  170  169  170                                   
    50.0-180.0 180.0   5.0 450.0                            LAT/LON1/LON2/DLON/H
  166  178  184  190  194  203  208  214  219  223  223  222  219  216  212  210
  206  202  197  192  188  185  185  187  191  195  199  204  210  215  221  225
  229  231  233  236  240  244  248  251  251  247  240  231  222  212  204  197
  190  184  178  172  167  163  159  156  153  149  146  142  139  138  137  138
  139  141  144  145  150  154  164  164  166                                   
    47.5-180.0 180.0   5.0 450.0                            LAT/LON1/LON2/DLON/H
  161  174  181  191  198  211  219  227  232  236  234  231  225  219  214  211
  207  202  196  191  187  186  189  194  200  207  214  220  225  230  235  239
  242  245  248  251  255  260  264  267  266  261  253  243  233  223  213  204
  196  188  181  174  169  165  163  161  159  157  153  149  146  142  140  139
  138  139  141  141  145  149  158  159  161                                   
    45.0-180.0 180.0   5.0 450.0                            LAT/LON1/LON2/DLON/H
  158  172  180  193  203  220  230  241  247  251  248  243  234  226  220  215
  210  205  198  193  190  190  195  203  212  221  229  236  241  246  251  255
  259  262  265  269  273  278  281  283  280  274  265  254  243  232  222  212
  202  192  183  176  171  168  166  166  166  165  163  159  154  150  146  143
  140  140  140  140  143  145  154  155  158                                   
    42.5-180.0 180.0   5.0 450.0                            LAT/LON1/LON2/DLON/H
  157  172  180  196  208  228  241  254  262  266  264  257  248  238  230  224
  218  212  205  200  197  199  205  214  224  234  243  250  257  263  269  274
  279  283  287  291  294  297  299  298  294  286  275  264  252  240  229  218
  207  196  186  178  173  170  170  171  173  173  172  169  164  158  153  149
  144  142  142  140  143  144  152  154  157                                   
    40.0-180.0 180.0   5.0 450.0                            LAT/LON1/LON2/DLON/H
  158  174  181  198  212  232  248  263  274  280  279  274  264  254  246  239
  232  225  218  213  210  212  218  226  236  246  255  264  272  280  288  295
  302  308  312  315  317  318  317  313  306  296  284  272  260  248  236  224
  211  199  188  180  175  173  174  176  178  180  180  177  172  166  160  155
  149  146  144  142  144  145  152  154  158                                   
    37.5-180.0 180.0   5.0 450.0                            LAT/LON1/LON2/DLON/H
  161  177  184  199  214  233  250  267  281  290  292  289  282  273  265  258
  251  244  237  232  229  230  234  240  248  257  267  277  288  298  309  319
  328  335  339  341  340  338  333  326  317  305  292  279  267  254  241  228
  214  201  191  183  178  176  177  180  183  185  185  183  178  172  166  160
  153  149  147  145  146  148  155  156  161                                   
    35.0-180.0 180.0   5.0 450.0                            LAT/LON1/LON2/DLON/H
  166  181  187  200  213  231  248  266  282  295  301  303  299  293  286  279
  273  266  260  255  252  251  252  256  261  270  280  293  306  320  333  345
  355  362  365  365  362  356  347  337  325  312  299  285  272  258  244  230
  215  203  192  185  181  179  180  182  185  187  188  186  182  176  170  164
  156  152  149  147  148  150  158  159  166                                   
    32.5-180.0 180.0   5.0 450.0                            LAT/LON1/LON2/DLON/H
  172  186  191  200  212  227  243  261  279  294  306  312  313  311  307  302
  296  290  285  281  278  275  273  274  277  285  298  313  329  345  360  373
  382  388  389  386  379  369  358  345  331  317  303  289  275  261  245  230
  215  203  193  187  183  182  183  185  187  188  188  187  183  178  173  166
  159  154  151  149  150  152  162  162  172                                   
    30.0-180.0 180.0   5.0 450.0                            LAT/LON1/LON2/DLON/H
  179  191  195  202  211  224  238  254  273  291  306  317  324  326  325  322
  318  314  311  308  305  301  297  295  298  307  322  340  358  375  389  400
  407  410  407  401  390  378  363  349  334  319  304  290  275  260  244  228
  213  201  193  188  185  184  185  186  188  188  188  186  183  178  174  168
  161  157  153  150  152  154  165  164  179                                   
    27.5-180.0 180.0   5.0 450.0                            LAT/LON1/LON2/DLON/H
  185  196  200  206  214  224  235  249  267  286  304  319  331  338  341  341
  339  337  336  335  332  327  322  319  323  335  353  373  392  407  418  425
  427  426  419  409  396  381  365  348  332  317  303  288  273  257  240  224
  209  198  191  187  185  184  185  186  187  187  186  184  181  177  173  168
  162  158  154  151  152  155  167  167  185                                   
    25.0-180.0 180.0   5.0 450.0                            LAT/LON1/LON2/DLON/H
  189  201  206  212  219  229  238  250  266  284  303  320  336  347  354  357
  359  359  360  360  358  353  348  347  354  369  389  410  427  439  444  445
  442  435  425  413  397  380  362  345  329  313  299  284  269  252  235  219
  205  194  188  185  183  183  184  185  186  185  183  180  177  174  171  167
  162  158  154  151  152  156  167  169  189                                   
    22.5-180.0 180.0   5.0 450.0                            LAT/LON1/LON2/DLON/H
  193  206  212  220  228  238  247  257  271  287  304  323  341  355  366  373
  377  380  383  385  383  379  375  377  387  405  427  447  460  466  465  459
  451  440  427  413  396  378  359  341  324  308  294  279  264  247  230  214
  200  190  184  181  180  180  181  183  183  181  178  175  172  169  167  164
  160  158  153  150  151  155  165  170  193                                   
    20.0-180.0 180.0   5.0 450.0                            LAT/LON1/LON2/DLON/H
  194  210  218  228  240  251  260  269  281  295  310  328  347  363  377  387
  395  401  406  409  408  404  402  407  420  440  462  478  486  484  477  466
  454  441  427  412  396  377  357  338  321  305  290  275  259  243  226  210
  197  188  182  178  176  176  177  178  178  176  172  168  165  163  162  160
  157  155  151  147  148  153  162  169  194                                   
    17.5-180.0 180.0   5.0 450.0                            LAT/LON1/LON2/DLON/H
  192  211  222  236  251  264  276  284  295  306  320  336  354  372  389  402
  413  422  428  432  431  428  428  435  449  469  488  499  500  493  481  467
  454  441  428  414  398  380  360  339  321  304  288  273  257  241  224  209
  196  186  180  175  172  171  171  171  170  168  163  159  156  155  154  154
  151  151  147  144  144  149  157  166  192                                   
    15.0-180.0 180.0   5.0 450.0                            LAT/LON1/LON2/DLON/H
  187  209  223  240  259  275  290  299  309  319  331  345  363  381  399  415
  430  441  450  454  453  450  451  458  472  489  502  507  502  491  477  464
  453  442  431  419  405  387  366  345  324  306  290  274  258  242  225  210
  197  186  179  173  168  165  163  163  161  158  153  149  147  146  147  146
  145  144  141  138  138  142  150  161  187                                   
    12.5-180.0 180.0   5.0 450.0                            LAT/LON1/LON2/DLON/H
  178  203  219  239  262  281  299  310  321  330  340  353  369  388  407  426
  443  457  467  472  471  468  469  475  486  498  505  503  494  482  469  459
  451  444  436  427  414  396  375  353  331  312  294  278  262  245  228  213
  198  186  177  169  163  158  155  153  151  147  143  140  138  138  139  138
  137  136  133  130  130  133  140  153  178                                   
    10.0-180.0 180.0   5.0 450.0                            LAT/LON1/LON2/DLON/H
  167  193  212  234  259  281  302  315  327  337  346  358  373  391  411  431
  451  468  479  484  484  481  480  484  491  497  498  492  481  469  460  454
  450  447  442  434  422  405  384  361  338  318  299  282  265  248  231  214
  197  184  172  163  156  150  146  144  141  138  134  131  130  130  132  131
  128  127  124  120  120  123  129  143  167                                   
     7.5-180.0 180.0   5.0 450.0                            LAT/LON1/LON2/DLON/H
  155  183  203  226  252  275  299  314  329  339  349  360  374  390  410  431
  452  470  483  489  489  486  485  486  490  491  487  478  467  458  453  451
