data/edconvlstm_nd/pred1930.15i
     1.0            IONOSPHERE MAPS     GNSS                IONEX VERSION / TYPE
pyspatialgeodesy        IME             05-JAN-18 20:20     PGM / RUN BY / DATE 
Map Name                                                    COMMENT             
Predicted global ionosphere maps (GIM).                     DESCRIPTION         
  2015     7    12     0     0     0                        EPOCH OF FIRST MAP  
  2015     7    13     0     0     0                        EPOCH OF LAST MAP   
  7200                                                      INTERVAL            
    13                                                      # OF MAPS IN FILE   
  NONE                                                      MAPPING FUNCTION    
10.0                                                        ELEVATION CUTOFF    
One-way carrier phase leveled to code                       OBSERVABLES USED    
  6371.0                                                    BASE RADIUS         
 2                                                          MAP DIMENSION       
   450.0 450.0   0.0                                        HGT1 / HGT2 / DHGT  
    87.5 -87.5  -2.5                                        LAT1 / LAT2 / DLAT  
  -180.0 180.0   5.0                                        LON1 / LON2 / DLON  
    -1                                                      EXPONENT            
                                                            END OF HEADER       
[from data line 2574]
     7                                                      START OF TEC MAP    
  2015     7    12    12     0     0                        EPOCH OF CURRENT MAP
    87.5-180.0 180.0   5.0 450.0                            LAT/LON1/LON2/DLON/H
  148  145  140  143  147  147  146  145  147  148  148  149  149  150  150  150
  151  151  152  152  152  152  152  152  152  152  152  151  151  151  151  151
  151  151  152  152  152  153  153  153  154  154  155  155  156  156  156  156
  156  155  155  154  154  153  152  151  150  149  148  147  146  145  144  143
  142  142  140  138  144  140  145  147  148                                   
    85.0-180.0 180.0   5.0 450.0                            LAT/LON1/LON2/DLON/H
  140  143  152  147  148  151  152  153  155  156  156  157  158  159  159  160
  160  161  162  162  162  162  162  162  162  162  162  162  162  162  162  162
  162  162  163  163  163  164  164  165  165  166  166  167  167  167  167  167
  166  166  165  164  163  162  161  159  158  156  155  154  152  151  149  148
  148  149  144  142  140  135  140  143  140                                   
    82.5-180.0 180.0   5.0 450.0                            LAT/LON1/LON2/DLON/H
  122  140  141  137  139  144  146  148  150  151  152  154  155  157  158  159
  160  162  163  164  164  165  165  165  166  166  166  166  166  166  166  167
  167  168  169  170  171  171  172  173  174  175  175  176  176  176  176  175
  175  173  172  170  169  167  164  162  159  157  154  151  149  146  144  142
  140  139  134  135  132  135  132  122  122                                   
    80.0-180.0 180.0   5.0 450.0                            LAT/LON1/LON2/DLON/H
  114  128  131  131  132  135  137  140  142  144  145  147  148  150  151  153
  154  155  157  158  158  159  159  159  159  159  159  159  159  159  160  160
  161  162  163  165  166  167  169  170  171  172  173  174  174  175  175  174
  173  172  171  169  167  164  161  158  155  151  148  144  141  138  135  132
  131  129  124  124  119  121  125  114  114                                   
    77.5-180.0 180.0   5.0 450.0                            LAT/LON1/LON2/DLON/H
  117  127  129  129  130  133  135  137  140  141  142  143  145  147  148  150
  152  154  155  157  158  159  159  159  159  158  158  158  158  159  160  161
  162  164  166  168  169  171  172  174  175  176  177  178  179  179  179  179
  179  178  176  174  172  169  166  162  159  155  150  146  142  137  134  130
  127  125  119  119  119  115  117  115  117                                   
    75.0-180.0 180.0   5.0 450.0                            LAT/LON1/LON2/DLON/H
  113  125  122  125  127  131  132  133  135  136  137  138  139  140  142  144
  146  148  150  151  153  153  154  154  154  153  153  153  153  154  155  157
  160  162  164  167  169  170  172  173  174  175  176  177  177  178  179  179
  178  178  176  175  173  170  167  164  161  157  153  148  144  140  136  132
  129  125  120  116  115  113  115  107  113                                   
    72.5-180.0 180.0   5.0 450.0                            LAT/LON1/LON2/DLON/H
  113  125  122  125  126  130  132  132  134  134  134  134  135  136  137  139
  141  143  145  147  149  150  151  151  151  150  150  150  151  152  154  157
  160  163  167  169  171  173  174  174  175  175  176  176  177  178  178  179
  179  178  177  176  174  172  170  168  165  162  159  155  151  148  144  140
  136  132  126  121  117  114  114  109  113                                   
    70.0-180.0 180.0   5.0 450.0                            LAT/LON1/LON2/DLON/H
  114  125  122  125  124  127  128  128  129  129  128  129  129  129  130  132
  133  135  137  140  142  143  144  145  145  145  145  146  147  149  152  156
  160  164  167  170  172  173  174  174  173  173  174  174  175  176  176  176
  176  175  174  173  172  171  170  168  167  166  164  162  160  157  154  151
  147  142  136  129  123  118  118  113  114                                   
    67.5-180.0 180.0   5.0 450.0                            LAT/LON1/LON2/DLON/H
  115  127  123  126  123  126  126  125  125  125  124  124  124  125  125  126
  127  129  131  133  135  138  139  141  141  141  142  142  144  147  150  155
  160  164  168  171  173  173  173  173  172  172  172  173  173  174  174  174
  173  172  171  170  169  169  169  169  169  170  170  170  169  168  166  164
  160  155  147  140  131  124  122  117  115                                   
    65.0-180.0 180.0   5.0 450.0                            LAT/LON1/LON2/DLON/H
  117  128  123  124  120  121  120  119  119  119  118  118  119  119  120  120
  121  122  124  126  129  131  134  136  138  139  140  141  143  146  151  156
  162  167  171  173  174  175  174  173  173  173  173  174  176  176  176  175
  174  171  170  168  168  168  169  171  174  176  179  180  182  182  181  179
  175  170  162  153  144  135  131  125  117                                   
    62.5-180.0 180.0   5.0 450.0                            LAT/LON1/LON2/DLON/H
  119  128  123  122  115  116  113  111  111  111  111  112  113  114  115  115
  115  116  117  119  122  126  130  133  135  137  139  141  144  148  153  158
  164  169  173  175  176  176  175  175  175  176  177  179  181  181  181  179
  176  173  170  168  168  169  172  176  180  184  188  192  194  195  195  194
  190  185  176  166  155  144  139  133  119                                   
    60.0-180.0 180.0   5.0 450.0                            LAT/LON1/LON2/DLON/H
  122  129  123  119  110  109  105  102  102  101  102  104  106  108  109  110
  110  110  111  113  116  121  125  130  134  138  141  144  147  152  157  162
  167  172  175  177  178  178  177  178  179  182  185  187  190  190  189  186
  182  177  173  171  172  174  178  183  188  194  199  203  206  208  208  207
  203  197  188  177  165  153  147  140  122                                   
    57.5-180.0 180.0   5.0 450.0                            LAT/LON1/LON2/DLON/H
  127  130  124  118  107  104   99   94   93   92   93   95   98  101  104  105
  105  105  106  108  112  117  123  129  135  140  145  149  153  158  163  168
  173  176  179  180  181  181  182  184  187  191  195  199  202  203  200  196
  190  185  181  179  179  182  187  193  199  205  210  215  218  220  220  218
  214  208  198  186  174  161  154  147  127                                   
    55.0-180.0 180.0   5.0 450.0                            LAT/LON1/LON2/DLON/H
  134  134  127  120  107  102   95   89   86   84   84   87   91   94   97   99
  100  101  102  104  109  115  122  130  137  144  150  156  161  166  171  176
  179  182  183  185  185  186  188  191  196  202  207  213  216  216  213  208
  201  195  190  188  190  194  199  205  211  216  221  225  228  229  228  226
  221  215  205  193  182  168  161  154  134                                   
    52.5-180.0 180.0   5.0 450.0                            LAT/LON1/LON2/DLON/H
  144  141  134  126  112  106   97   88   83   79   78   80   84   88   92   95
   97   98  100  103  108  115  123  132  141  149  157  163  170  175  180  183
  186  188  189  190  191  193  196  200  206  213  220  226  229  229  226  220
  213  206  201  200  202  206  212  218  223  227  230  233  234  235  234  232
  226  221  210  199  188  175  167  160  144                                   
    50.0-180.0 180.0   5.0 450.0                            LAT/LON1/LON2/DLON/H
  155  150  144  136  122  114  103   93   85   80   77   77   79   83   87   91
   94   97  100  104  110  118  127  137  146  155  164  171  178  184  188  191
  193  194  196  197  199  201  205  210  217  225  232  238  241  241  237  232
  224  218  213  212  214  219  225  230  233  235  236  237  238  238  237  234
  230  224  215  204  193  181  173  167  155                                   
    47.5-180.0 180.0   5.0 450.0                            LAT/LON1/LON2/DLON/H
  166  161  155  149  136  127  115  103   94   86   81   79   79   81   85   90
   94   99  103  108  115  124  133  143  153  162  171  179  186  192  196  198
  200  201  203  205  208  211  216  221  228  236  243  249  252  252  249  243
  236  230  225  224  226  231  236  239  241  241  240  240  239  238  237  235
  231  227  218  208  198  186  178  173  166                                   
    45.0-180.0 180.0   5.0 450.0                            LAT/LON1/LON2/DLON/H
  175  171  167  162  150  142  131  118  107   97   90   85   83   84   87   92
   97  103  109  116  124  132  142  151  160  169  177  185  193  198  202  205
  207  209  212  216  220  224  229  234  241  248  255  260  263  263  260  255
  249  243  238  236  238  242  245  247  247  245  243  241  239  238  237  236
  232  229  221  211  202  192  184  179  175                                   
    42.5-180.0 180.0   5.0 450.0                            LAT/LON1/LON2/DLON/H
  180  178  176  173  163  156  146  134  123  112  103   96   91   90   92   97
  103  110  118  126  135  144  153  161  169  177  184  192  198  204  208  211
  214  219  224  230  235  240  245  250  256  262  268  273  276  276  274  270
  264  258  252  250  250  252  255  255  254  251  247  243  241  239  238  237
  234  231  223  215  206  196  188  183  180                                   
    40.0-180.0 180.0   5.0 450.0                            LAT/LON1/LON2/DLON/H
  182  183  181  179  171  166  158  148  138  128  117  109  103  100  100  105
  111  119  128  138  147  157  166  173  179  185  191  197  203  209  213  218
  224  230  238  247  254  260  265  269  275  280  286  290  293  293  291  288
  282  275  269  265  264  265  266  266  264  260  255  250  247  244  242  240
  237  234  226  218  209  200  192  187  182                                   
    37.5-180.0 180.0   5.0 450.0                            LAT/LON1/LON2/DLON/H
  181  184  183  180  174  171  165  157  149  141  131  122  115  111  111  114
  121  130  139  150  161  171  179  185  190  194  198  204  209  215  221  227
  235  246  257  267  276  283  288  293  297  302  307  311  313  314  312  309
  303  296  289  283  281  281  282  282  279  274  269  263  258  253  250  246
  242  238  230  222  213  204  196  190  181                                   
    35.0-180.0 180.0   5.0 450.0                            LAT/LON1/LON2/DLON/H
  180  184  182  179  173  171  167  162  156  150  142  134  127  122  121  124
  131  139  150  161  173  184  193  198  201  203  206  211  216  223  230  240
  251  265  279  292  303  310  315  320  324  329  333  336  338  338  336  332
  327  319  311  305  302  302  303  303  300  296  290  283  276  269  262  256
  250  244  235  226  217  209  201  193  180                                   
    32.5-180.0 180.0   5.0 450.0                            LAT/LON1/LON2/DLON/H
  179  184  181  177  170  169  166  162  158  154  148  142  136  132  131  134
  139  148  159  171  184  196  205  210  212  213  215  219  225  233  243  255
  270  288  305  320  332  340  345  349  353  357  361  363  364  363  360  356
  351  343  336  330  328  328  330  330  328  324  317  308  299  288  279  269
  259  252  240  231  222  214  207  199  179                                   
    30.0-180.0 180.0   5.0 450.0                            LAT/LON1/LON2/DLON/H
  181  186  181  176  168  167  164  161  158  156  152  148  144  141  140  142
  147  155  166  179  193  206  216  221  222  222  224  229  236  247  259  275
  293  314  334  351  363  371  376  379  383  386  388  389  388  386  383  379
  374  367  361  357  356  359  362  363  361  356  347  337  324  311  297  283
  270  260  247  237  228  220  213  206  181                                   
    27.5-180.0 180.0   5.0 450.0                            LAT/LON1/LON2/DLON/H
  187  191  183  177  169  167  164  160  157  156  154  152  150  148  147  148
  153  160  171  185  200  214  224  229  230  231  233  239  249  261  277  296
  318  341  363  381  393  401  405  407  410  412  413  412  409  406  402  398
  394  390  386  385  387  391  395  396  393  386  375  362  347  330  313  296
  280  267  253  243  234  227  221  215  187                                   
    25.0-180.0 180.0   5.0 450.0                            LAT/LON1/LON2/DLON/H
  194  199  188  183  172  170  166  162  158  157  155  155  154  154  154  154
  158  164  175  189  205  219  230  235  237  238  242  250  261  277  295  317
  342  367  390  408  420  426  429  431  432  432  432  429  425  421  417  414
  411  409  409  411  416  421  425  425  418  408  394  378  361  342  323  303
  285  271  257  247  238  233  229  224  194                                   
    22.5-180.0 180.0   5.0 450.0                            LAT/LON1/LON2/DLON/H
  201  207  195  190  179  176  172  167  162  160  158  159  159  160  159  160
  162  168  178  192  208  222  233  238  241  243  249  259  273  291  312  337
  363  390  413  430  441  446  447  448  448  447  444  440  436  431  428  426
  425  425  428  433  439  445  446  442  431  415  398  379  360  341  322  302
  284  270  257  248  239  235  233  230  201                                   
    20.0-180.0 180.0   5.0 450.0                            LAT/LON1/LON2/DLON/H
  206  213  202  198  187  184  179  174  168  165  163  164  165  165  165  165
  166  171  181  195  210  224  233  239  242  246  254  266  282  303  326  353
  381  408  431  447  456  460  460  459  458  455  451  447  442  438  435  435
  436  439  443  449  455  459  456  447  431  410  389  368  347  328  310  292
  275  263  251  244  236  234  234  229  206                                   
    17.5-180.0 180.0   5.0 450.0                            LAT/LON1/LON2/DLON/H
  204  213  205  202  193  190  186  181  175  171  168  169  170  170  169  169
  170  175  185  197  211  223  231  237  241  247  256  271  290  312  338  366
  395  422  444  459  467  469  468  465  463  459  455  450  445  442  441  443
  445  449  454  459  464  464  457  443  423  398  373  348  327  308  291  275
  260  250  241  235  229  227  228  222  204                                   
    15.0-180.0 180.0   5.0 450.0                            LAT/LON1/LON2/DLON/H
  197  206  201  199  193  190  188  184  179  175  172  172  173  173  172  171
  173  178  187  199  211  221  228  233  238  246  257  274  296  320  348  377
  406  433  455  468  474  475  472  468  464  460  456  451  448  447  448  450
  453  457  461  464  466  463  454  438  414  387  358  331  307  287  270  256
  243  234  228  224  218  216  217  209  197                                   
    12.5-180.0 180.0   5.0 450.0                            LAT/LON1/LON2/DLON/H
  185  194  192  189  186  183  183  181  178  175  172  171  172  172  171  171
  173  180  190  201  211  219  225  229  235  244  259  278  302  329  357  387
  417  443  463  476  480  478  473  468  464  460  456  453  451  452  454  457
  459  462  464  465  465  460  450  433  409  381  350  321  295  273  256  241
  229  221  216  213  208  204  204  193  185                                   
    10.0-180.0 180.0   5.0 450.0                            LAT/LON1/LON2/DLON/H
  172  181  180  175  172  169  171  171  170  168  165  165  166  166  166  167
  171  179  190  201  210  217  221  226  233  245  261  283  309  338  367  398
  427  452  471  481  483  479  472  466  461  458  455  453  454  456  459  462
  463  464  463  463  461  456  446  431  410  383  352  322  294  270  251  235
  222  214  209  205  199  193  191  179  172                                   
     7.5-180.0 180.0   5.0 450.0                            LAT/LON1/LON2/DLON/H
  162  169  168  161  158  153  155  156  156  155  153  153  154  155  157  160
  166  175  188  199  208  215  219  225  234  248  267  291  319  348  379  409
