data/edconvlstm_nd/pred3090.15i
     1.0            IONOSPHERE MAPS     GNSS                IONEX VERSION / TYPE
pyspatialgeodesy        IME             05-JAN-18 20:20     PGM / RUN BY / DATE 
Map Name                                                    COMMENT             
Predicted global ionosphere maps (GIM).                     DESCRIPTION         
  2015    11     5     0     0     0                        EPOCH OF FIRST MAP  
  2015    11     6     0     0     0                        EPOCH OF LAST MAP   
  7200                                                      INTERVAL            
    13                                                      # OF MAPS IN FILE   
  NONE                                                      MAPPING FUNCTION    
10.0                                                        ELEVATION CUTOFF    
One-way carrier phase leveled to code                       OBSERVABLES USED    
  6371.0                                                    BASE RADIUS         
 2                                                          MAP DIMENSION       
   450.0 450.0   0.0                                        HGT1 / HGT2 / DHGT  
    87.5 -87.5  -2.5                                        LAT1 / LAT2 / DLAT  
  -180.0 180.0   5.0                                        LON1 / LON2 / DLON  
    -1                                                      EXPONENT            
                                                            END OF HEADER       
[from data line 1287]
     4                                                      START OF TEC MAP    
  2015    11     5     6     0     0                        EPOCH OF CURRENT MAP
    87.5-180.0 180.0   5.0 450.0                            LAT/LON1/LON2/DLON/H
   45   53   48   50   51   50   49   45   46   47   47   48   49   49   49   50
   50   50   50   49   49   49   48   48   48   48   47   47   47   47   47   48
   48   48   48   49   49   49   50   51   51   52   52   53   53   54   54   54
   54   54   54   54   53   53   52   52   51   51   50   49   49   48   47   47
   47   48   45   45   51   59   68   63   45                                   
    85.0-180.0 180.0   5.0 450.0                            LAT/LON1/LON2/DLON/H
   37   58   54   53   56   57   57   56   57   58   58   60   60   61   61   61
   61   61   61   60   60   59   59   58   58   57   57   57   56   56   56   57
   57   57   58   58   59   60   61   62   63   64   65   66   66   67   67   68
   68   68   68   68   67   67   67   66   65   64   64   63   62   60   59   59
   59   59   54   55   57   60   70   62   37                                   
    82.5-180.0 180.0   5.0 450.0                            LAT/LON1/LON2/DLON/H
   40   47   58   53   54   56   55   55   57   58   59   61   62   63   63   64
   64   63   62   61   60   58   57   56   54   53   52   52   52   51   52   52
   53   54   55   56   58   60   62   63   65   67   69   70   72   73   74   75
   75   76   76   76   75   75   74   73   73   72   70   69   68   66   64   63
   62   60   56   54   62   54   53   51   40                                   
    80.0-180.0 180.0   5.0 450.0                            LAT/LON1/LON2/DLON/H
   50   49   54   49   53   52   54   54   56   58   59   62   63   64   65   65
   65   65   64   62   60   58   56   54   52   50   49   48   48   48   48   49
   50   52   54   56   58   60   63   65   67   70   72   74   76   78   80   81
   82   83   83   83   83   83   83   82   81   81   79   78   76   74   72   70
   67   63   61   58   63   56   55   52   50                                   
    77.5-180.0 180.0   5.0 450.0                            LAT/LON1/LON2/DLON/H
   57   53   51   47   48   49   51   52   55   56   57   60   62   63   64   65
   66   65   64   63   61   59   56   53   51   48   47   46   45   45   46   47
   49   51   53   55   58   60   63   65   68   70   73   75   78   81   83   85
   87   88   90   90   91   91   91   91   91   90   89   88   86   84   81   79
   75   71   66   64   61   48   48   48   57                                   
    75.0-180.0 180.0   5.0 450.0                            LAT/LON1/LON2/DLON/H
   55   55   50   48   48   50   52   51   53   53   53   55   56   58   59   60
   61   61   61   60   59   57   54   52   50   48   46   45   45   46   47   48
   50   52   54   56   57   59   60   62   64   66   69   72   75   78   81   85
   87   90   92   94   95   96   97   98   98   98   98   97   96   94   92   89
   85   80   76   69   66   55   52   50   55                                   
    72.5-180.0 180.0   5.0 450.0                            LAT/LON1/LON2/DLON/H
   61   61   55   52   54   57   58   57   57   56   55   55   56   57   58   59
   60   61   62   62   61   59   58   56   54   52   51   50   51   52   53   55
   56   58   59   60   60   61   61   62   63   65   68   71   75   80   85   89
   93   97  100  103  105  107  108  109  110  111  111  110  109  108  105  103
   99   95   92   85   78   65   61   59   61                                   
    70.0-180.0 180.0   5.0 450.0                            LAT/LON1/LON2/DLON/H
   71   68   63   61   62   63   63   61   60   57   54   54   53   53   54   55
   57   58   59   60   61   60   59   58   57   57   56   57   57   59   60   61
   62   62   62   61   60   59   59   59   59   61   65   69   74   80   86   93
   99  104  109  113  116  118  120  121  121  121  121  120  119  117  115  112
  109  105  102   95   87   76   73   70   71                                   
    67.5-180.0 180.0   5.0 450.0                            LAT/LON1/LON2/DLON/H
   71   71   66   65   65   67   67   64   62   58   54   52   50   49   50   51
   52   54   56   58   59   60   60   59   59   59   59   60   61   62   62   63
   62   61   59   57   54   52   51   51   52   54   59   64   71   78   86   94
  102  109  116  121  125  127  129  129  128  127  125  123  121  118  115  112
  109  105  103   96   89   79   77   75   71                                   
    65.0-180.0 180.0   5.0 450.0                            LAT/LON1/LON2/DLON/H
   72   72   66   66   66   68   69   67   64   60   55   53   50   49   48   49
   51   53   56   58   60   61   61   61   61   62   63   63   64   64   64   63
   61   58   55   52   49   47   46   46   48   52   58   66   74   83   92  102
  112  121  130  137  142  145  146  145  142  138  134  130  125  121  116  113
  109  105  102   95   89   81   79   79   72                                   
    62.5-180.0 180.0   5.0 450.0                            LAT/LON1/LON2/DLON/H
   69   69   64   64   64   66   67   66   64   61   56   53   50   49   48   49
   51   53   56   58   60   60   61   61   62   62   63   64   63   63   61   59
   56   52   49   45   43   42   42   44   49   55   63   72   81   92  102  113
  125  136  147  156  163  167  167  165  160  153  146  139  131  125  118  113
  108  102   99   92   87   80   77   79   69                                   
    60.0-180.0 180.0   5.0 450.0                            LAT/LON1/LON2/DLON/H
   66   65   58   57   57   59   60   60   59   57   53   51   49   48   48   48
   50   52   55   56   57   57   57   57   58   58   59   59   58   56   54   50
   47   43   40   38   37   37   40   45   52   61   71   81   92  102  113  125
  137  150  163  175  185  190  191  187  180  171  161  151  141  131  122  115
  108  101   97   90   85   78   75   75   66                                   
    57.5-180.0 180.0   5.0 450.0                            LAT/LON1/LON2/DLON/H
   66   63   55   52   51   52   53   53   52   51   48   48   46   46   46   47
   49   51   52   53   52   52   52   52   52   53   54   53   52   49   46   42
   39   36   34   34   34   37   43   50   61   72   84   96  107  117  127  138
  151  165  181  196  208  215  216  213  205  194  182  170  159  147  136  126
  116  107  102   95   90   81   77   76   66                                   
    55.0-180.0 180.0   5.0 450.0                            LAT/LON1/LON2/DLON/H
   73   65   56   51   49   48   47   46   46   44   42   42   42   42   43   45
   46   47   48   47   46   46   45   46   47   48   48   47   45   42   39   36
   33   32   32   33   36   41   49   60   73   87  101  114  124  132  141  151
  163  179  197  214  229  238  241  237  230  219  207  194  182  169  156  145
  133  122  116  108  102   91   85   82   73                                   
    52.5-180.0 180.0   5.0 450.0                            LAT/LON1/LON2/DLON/H
   86   75   64   58   54   50   48   44   42   39   37   37   37   38   40   41
   42   43   43   42   41   41   41   42   43   45   45   44   42   39   36   33
   32   33   35   38   42   50   60   73   89  105  121  134  143  150  156  164
  176  192  211  231  247  258  262  259  252  242  230  219  207  195  182  169
  155  143  136  127  120  107  101   94   86                                   
    50.0-180.0 180.0   5.0 450.0                            LAT/LON1/LON2/DLON/H
  105   91   79   72   66   61   56   48   43   38   35   34   34   35   36   38
   39   39   38   38   38   38   39   41   43   45   45   45   42   40   37   36
   37   39   42   47   53   61   73   88  106  124  141  154  163  168  172  178
  189  204  224  244  262  273  278  276  270  260  250  240  229  218  205  193
  179  167  159  147  140  126  120  111  105                                   
    47.5-180.0 180.0   5.0 450.0                            LAT/LON1/LON2/DLON/H
  126  111  100   93   85   78   71   60   51   43   38   36   35   35   36   36
   36   36   36   36   37   39   42   44   47   49   50   49   47   44   43   43
   45   48   53   59   66   75   87  103  122  142  160  174  182  186  189  194
  202  217  235  254  271  283  287  286  280  271  263  254  245  234  223  210
  197  186  176  164  156  142  139  130  126                                   
    45.0-180.0 180.0   5.0 450.0                            LAT/LON1/LON2/DLON/H
  142  128  120  114  106  100   91   78   66   55   48   44   42   40   39   38
   38   37   38   39   42   45   48   51   54   56   56   55   53   51   50   51
   55   60   65   72   79   88  100  116  136  157  176  191  200  205  207  210
  217  229  245  262  276  286  290  288  282  275  268  260  252  242  230  219
  206  195  185  173  165  152  150  145  142                                   
    42.5-180.0 180.0   5.0 450.0                            LAT/LON1/LON2/DLON/H
  148  136  132  129  122  118  110   97   84   73   64   59   55   52   49   47
   45   44   45   47   51   55   59   62   64   64   64   63   61   59   59   61
   65   70   76   82   89   97  110  126  147  170  191  207  218  223  226  228
  233  241  253  266  277  284  286  284  279  273  267  260  252  242  230  219
  206  195  184  171  163  150  149  148  148                                   
    40.0-180.0 180.0   5.0 450.0                            LAT/LON1/LON2/DLON/H
  141  130  130  130  126  126  121  111  100   90   83   78   74   70   66   62
   59   58   59   62   66   70   73   74   74   73   71   69   67   66   66   69
   73   79   85   91   96  104  117  134  157  181  204  222  234  241  244  246
  249  254  261  269  276  281  281  279  276  271  266  260  252  241  228  215
  202  190  178  164  152  138  137  141  141                                   
    37.5-180.0 180.0   5.0 450.0                            LAT/LON1/LON2/DLON/H
  123  110  111  113  113  118  118  113  107  102   98   96   93   90   86   82
   79   77   78   81   85   88   89   88   84   81   77   74   72   71   72   75
   80   86   91   96  101  109  122  142  166  192  216  235  249  256  260  262
  264  266  269  273  277  280  281  280  278  276  273  268  260  247  232  218
  204  189  174  157  142  123  121  127  123                                   
    35.0-180.0 180.0   5.0 450.0                            LAT/LON1/LON2/DLON/H
  105   85   83   85   88   95  100  102  102  103  104  107  108  107  105  102
   99   98   99  101  104  105  104   99   93   86   81   78   76   75   77   80
   85   90   95   99  104  113  128  149  176  203  228  247  261  270  275  277
  277  277  278  280  283  286  289  291  293  294  293  290  281  268  253  237
  220  202  184  163  144  117  111  115  105                                   
    32.5-180.0 180.0   5.0 450.0                            LAT/LON1/LON2/DLON/H
   97   66   58   56   58   65   74   80   86   93  100  108  114  117  118  117
  116  116  117  119  120  119  115  107   98   90   84   81   79   79   81   84
   89   94   98  101  107  117  134  158  186  214  238  258  272  281  287  289
  290  289  289  291  295  302  309  315  321  326  328  327  320  308  292  276
  258  238  217  192  169  131  120  117   97                                   
    30.0-180.0 180.0   5.0 450.0                            LAT/LON1/LON2/DLON/H
  107   63   47   37   36   40   48   56   65   76   87  100  110  117  121  123
  124  126  127  129  129  126  120  111  102   93   87   84   82   82   84   88
   92   96  100  103  110  122  141  166  195  223  247  266  280  290  296  300
  301  302  303  308  316  328  340  353  363  372  377  379  375  365  351  336
  317  296  274  244  220  174  157  142  107                                   
    27.5-180.0 180.0   5.0 450.0                            LAT/LON1/LON2/DLON/H
  141   86   59   37   30   28   33   39   48   58   71   86   98  108  115  119
  123  125  127  128  128  124  119  111  103   96   91   88   86   86   88   91
   95   99  102  106  113  127  148  175  204  231  253  271  285  296  304  310
  313  316  321  330  345  363  383  401  416  428  437  443  443  437  426  412
  394  373  349  317  292  244  219  194  141                                   
    25.0-180.0 180.0   5.0 450.0                            LAT/LON1/LON2/DLON/H
  200  139  102   66   48   36   34   36   41   49   60   72   84   95  102  108
  112  116  118  118  118  116  113  109  104  100   96   93   91   90   91   95
   99  102  106  110  118  133  154  181  210  235  257  275  289  301  312  320
  326  332  342  357  379  406  433  457  476  492  504  513  517  516  509  497
  481  461  436  402  379  331  299  271  200                                   
    22.5-180.0 180.0   5.0 450.0                            LAT/LON1/LON2/DLON/H
  284  221  173  127   97   74   60   53   51   54   60   68   76   84   90   94
   98  101  102  103  103  104  105  106  105  104  101   98   96   94   95   98
  101  105  108  113  122  137  159  186  213  238  259  277  293  307  321  332
  342  352  366  387  417  451  485  513  536  553  567  579  587  590  587  578
  564  546  521  489  467  425  386  363  284                                   
    20.0-180.0 180.0   5.0 450.0                            LAT/LON1/LON2/DLON/H
  383  320  267  218  177  144  115   97   84   79   77   78   81   83   84   86
   86   87   88   88   90   93   98  103  107  109  108  105  101   99   98  100
  103  106  109  114  124  140  162  188  215  239  261  280  298  316  332  346
  360  373  392  418  452  491  528  559  582  599  614  627  639  646  646  640
  629  614  592  564  542  510  472  456  383                                   
    17.5-180.0 180.0   5.0 450.0                            LAT/LON1/LON2/DLON/H
  478  421  369  325  278  239  197  166  141  125  114  107  101   97   92   88
   85   82   81   82   84   89   96  105  112  117  117  113  107  103  100  100
  102  104  108  114  125  141  163  189  216  241  264  285  306  326  346  363
  380  396  417  445  481  520  557  586  606  621  635  649  662  672  676  672
  665  654  637  615  593  572  544  534  478                                   
    15.0-180.0 180.0   5.0 450.0                            LAT/LON1/LON2/DLON/H
  548  504  462  429  382  341  290  249  213  187  167  152  138  126  115  105
   96   91   88   87   89   93  101  112  122  129  129  123  114  106  101   99
   99  101  105  112  123  141  163  189  216  242  268  292  315  338  360  381
  400  418  440  467  501  536  569  593  610  622  633  646  659  670  675  673
  669  662  651  636  616  605  589  583  548                                   
    12.5-180.0 180.0   5.0 450.0                            LAT/LON1/LON2/DLON/H
  580  554  526  505  465  428  375  329  286  254  227  206  187  168  151  135
  123  114  109  107  107  110  117  127  138  145  143  134  122  111  103   98
   96   96  100  108  122  140  163  189  216  244  272  298  324  349  374  397
  417  436  457  482  511  541  568  587  599  607  615  626  638  647  652  651
  648  644  638  629  615  610  602  597  580                                   
    10.0-180.0 180.0   5.0 450.0                            LAT/LON1/LON2/DLON/H
  580  569  553  541  512  480  431  386  344  310  282  259  238  217  196  176
  160  149  143  140  137  138  142  151  160  163  158  146  131  117  106   97
   93   92   96  106  121  140  163  188  217  246  275  304  331  357  383  407
  429  448  468  489  513  538  558  573  581  586  593  602  611  618  620  619
  616  613  610  606  598  597  591  583  580                                   
     7.5-180.0 180.0   5.0 450.0                            LAT/LON1/LON2/DLON/H
  562  560  548  537  518  491  448  409  372  343  319  300  281  261  240  220
  203  192  185  181  177  174  175  179  183  183  174  159  142  125  111   99
