data/edconvlstm_nd/pred1970.15i
     1.0            IONOSPHERE MAPS     GNSS                IONEX VERSION / TYPE
pyspatialgeodesy        IME             05-JAN-18 20:20     PGM / RUN BY / DATE 
Map Name                                                    COMMENT             
Predicted global ionosphere maps (GIM).                     DESCRIPTION         
  2015     7    16     0     0     0                        EPOCH OF FIRST MAP  
  2015     7    17     0     0     0                        EPOCH OF LAST MAP   
  7200                                                      INTERVAL            
    13                                                      # OF MAPS IN FILE   
  NONE                                                      MAPPING FUNCTION    
10.0                                                        ELEVATION CUTOFF    
One-way carrier phase leveled to code                       OBSERVABLES USED    
  6371.0                                                    BASE RADIUS         
 2                                                          MAP DIMENSION       
   450.0 450.0   0.0                                        HGT1 / HGT2 / DHGT  
    87.5 -87.5  -2.5                                        LAT1 / LAT2 / DLAT  
  -180.0 180.0   5.0                                        LON1 / LON2 / DLON  
    -1                                                      EXPONENT            
                                                            END OF HEADER       
[from data line 4719]
    12                                                      START OF TEC MAP    
  2015     7    16    22     0     0                        EPOCH OF CURRENT MAP
    87.5-180.0 180.0   5.0 450.0                            LAT/LON1/LON2/DLON/H
  169  154  139  146  147  145  146  145  145  147  147  148  149  150  151  151
  152  152  152  152  151  151  150  149  148  147  146  145  143  142  141  140
  139  138  137  136  135  135  134  133  133  132  132  131  131  131  131  130
  130  130  130  130  130  130  130  131  131  131  131  131  131  132  132  132
  132  133  132  134  146  144  152  156  169                                   
    85.0-180.0 180.0   5.0 450.0                            LAT/LON1/LON2/DLON/H
  163  159  161  154  151  155  156  158  159  161  162  163  164  166  167  167
  168  168  168  168  167  167  166  164  163  161  160  158  156  154  153  151
  149  148  147  146  145  144  143  142  141  140  140  139  138  138  138  137
  137  137  137  137  137  137  137  137  138  138  138  138  138  139  139  140
  141  141  141  141  145  139  141  144  163                                   
    82.5-180.0 180.0   5.0 450.0                            LAT/LON1/LON2/DLON/H
  144  145  146  144  144  148  153  154  155  158  160  162  164  166  167  168
  169  169  169  169  168  167  165  163  161  158  155  152  150  147  145  143
  141  139  138  137  136  135  134  133  132  132  131  130  129  129  128  128
  128  128  128  128  129  129  129  129  129  130  130  130  130  130  131  131
  131  131  131  137  139  145  137  138  144                                   
    80.0-180.0 180.0   5.0 450.0                            LAT/LON1/LON2/DLON/H
  137  140  145  142  141  143  149  154  157  161  164  167  170  172  174  176
  177  177  177  176  174  172  170  166  163  159  155  151  147  144  141  138
  136  135  134  133  132  132  131  130  129  129  128  127  126  126  126  126
  126  126  127  127  128  128  128  129  129  129  129  129  129  129  129  130
  130  130  131  134  134  131  129  137  137                                   
    77.5-180.0 180.0   5.0 450.0                            LAT/LON1/LON2/DLON/H
  142  136  145  142  144  147  152  156  159  163  166  170  173  176  178  180
  181  181  181  180  178  175  172  167  163  158  152  147  143  139  135  133
  132  131  131  131  132  132  132  131  131  130  129  128  128  128  128  128
  129  130  131  132  132  133  133  133  133  133  132  132  131  131  131  131
  131  131  132  135  139  132  137  151  142                                   
    75.0-180.0 180.0   5.0 450.0                            LAT/LON1/LON2/DLON/H
  144  140  145  141  143  147  150  154  159  164  167  171  174  177  179  180
  181  181  180  179  176  173  169  165  159  153  147  142  137  132  129  127
  127  127  128  130  131  132  133  132  132  131  130  129  128  128  129  130
  131  132  134  135  136  136  136  136  136  135  135  134  133  133  133  133
  133  134  135  134  137  131  135  139  144                                   
    72.5-180.0 180.0   5.0 450.0                            LAT/LON1/LON2/DLON/H
  147  142  147  148  146  149  154  157  159  164  167  171  173  176  177  178
  178  178  177  175  173  170  166  161  155  148  141  135  129  125  122  121
  121  122  125  127  130  132  132  132  131  130  128  127  127  127  128  130
  132  135  137  138  139  140  140  140  139  138  138  137  136  135  135  135
  134  134  136  135  137  132  138  149  147                                   
    70.0-180.0 180.0   5.0 450.0                            LAT/LON1/LON2/DLON/H
  152  147  149  147  143  146  149  153  156  161  165  168  171  172  172  172
  171  170  169  167  165  162  159  154  148  142  135  129  123  119  116  115
  116  118  121  124  127  129  130  129  127  125  123  121  121  122  124  126
  129  132  134  136  137  138  138  138  137  137  136  135  135  134  135  135
  134  135  137  138  140  137  143  151  152                                   
    67.5-180.0 180.0   5.0 450.0                            LAT/LON1/LON2/DLON/H
  161  154  156  155  151  152  155  159  162  167  170  174  176  177  177  176
  174  173  171  169  168  165  162  158  153  147  141  134  129  124  121  120
  121  123  126  129  132  134  134  132  129  126  123  121  121  122  125  128
  132  135  138  140  141  142  142  142  142  142  142  142  142  142  142  142
  141  142  144  144  144  141  146  155  161                                   
    65.0-180.0 180.0   5.0 450.0                            LAT/LON1/LON2/DLON/H
  166  159  159  157  151  151  153  157  161  167  171  175  177  177  176  174
  172  170  168  166  165  163  161  159  155  150  145  140  135  130  127  125
  125  126  128  130  132  133  132  129  125  121  117  115  115  117  120  124
  128  131  133  135  136  136  137  137  139  140  141  142  143  143  144  144
  144  145  147  148  150  147  154  161  166                                   
    62.5-180.0 180.0   5.0 450.0                            LAT/LON1/LON2/DLON/H
  172  165  165  161  155  154  156  159  163  169  173  178  180  181  180  178
  175  172  170  169  168  167  166  165  163  160  156  152  148  144  140  137
  135  134  134  135  135  134  132  128  123  118  114  112  112  114  117  121
  125  127  129  130  130  131  132  134  137  140  143  145  147  148  149  150
  149  150  152  152  154  151  157  164  172                                   
    60.0-180.0 180.0   5.0 450.0                            LAT/LON1/LON2/DLON/H
  177  171  170  166  158  156  157  159  163  169  174  179  182  183  182  180
  177  175  172  171  171  170  170  170  170  169  168  166  163  159  155  151
  147  143  141  139  138  136  132  128  122  117  113  111  111  113  115  118
  121  122  122  122  122  123  126  130  135  140  144  148  151  153  154  155
  154  154  155  155  158  156  164  170  177                                   
    57.5-180.0 180.0   5.0 450.0                            LAT/LON1/LON2/DLON/H
  182  177  177  172  164  161  161  162  165  170  174  179  183  184  184  183
  181  178  176  175  174  174  174  175  176  177  179  179  178  176  171  165
  159  153  149  145  141  138  134  129  124  118  114  112  112  113  115  116
  117  116  115  113  113  115  119  126  133  140  147  152  155  158  159  160
  158  158  159  158  161  160  168  175  182                                   
    55.0-180.0 180.0   5.0 450.0                            LAT/LON1/LON2/DLON/H
  188  185  187  181  174  170  169  168  169  172  175  179  183  185  186  185
  184  182  180  179  178  177  177  177  179  183  187  190  191  190  186  179
  171  163  156  150  146  141  137  132  128  123  119  116  115  115  116  115
  114  111  108  105  105  108  114  123  132  142  150  156  160  163  165  165
  164  163  163  162  165  165  173  180  188                                   
    52.5-180.0 180.0   5.0 450.0                            LAT/LON1/LON2/DLON/H
  196  194  197  193  187  183  181  179  177  176  177  179  182  184  186  186
  185  184  183  181  180  178  177  177  180  184  190  196  199  199  196  189
  180  171  163  156  151  146  142  137  133  129  125  122  120  119  117  115
  112  107  103   99   99  103  111  121  133  144  153  160  164  167  170  171
  169  169  168  166  168  169  178  185  196                                   
    50.0-180.0 180.0   5.0 450.0                            LAT/LON1/LON2/DLON/H
  205  205  209  207  203  201  197  194  189  185  182  182  183  185  186  187
  187  187  186  185  183  181  178  177  179  184  191  198  203  204  201  195
  187  178  169  163  157  152  148  144  140  136  133  129  126  124  121  117
  112  106  101   97   97  101  110  122  135  147  157  164  169  172  175  177
  176  175  175  171  174  174  182  190  205                                   
    47.5-180.0 180.0   5.0 450.0                            LAT/LON1/LON2/DLON/H
  215  216  221  221  220  220  217  213  205  198  191  187  186  187  188  189
  189  190  190  189  187  184  180  178  178  183  190  198  204  205  203  198
  191  183  176  170  164  160  155  151  148  144  140  136  132  129  125  120
  115  109  103   99   99  103  112  124  137  150  160  168  173  177  180  183
  183  183  183  179  180  180  186  194  215                                   
    45.0-180.0 180.0   5.0 450.0                            LAT/LON1/LON2/DLON/H
  225  225  232  235  237  239  238  233  224  214  204  197  194  193  193  193
  193  194  195  196  194  190  185  182  181  185  192  199  204  205  203  199
  194  188  183  178  173  169  164  159  155  151  147  143  138  134  130  126
  121  115  110  105  105  108  116  128  140  153  163  171  177  182  186  189
  190  192  192  188  188  187  191  199  225                                   
    42.5-180.0 180.0   5.0 450.0                            LAT/LON1/LON2/DLON/H
  233  234  240  246  251  255  256  253  243  232  220  211  206  203  202  200
  200  201  204  205  205  201  196  191  189  192  197  202  206  206  204  201
  197  194  191  188  184  179  173  168  163  158  154  150  145  141  137  134
  130  125  120  115  114  116  122  132  143  154  165  173  181  186  192  196
  198  201  202  199  198  194  196  204  233                                   
    40.0-180.0 180.0   5.0 450.0                            LAT/LON1/LON2/DLON/H
  241  240  247  254  262  268  271  270  262  251  238  228  222  218  214  212
  210  212  215  218  219  216  211  206  204  205  208  210  211  209  206  204
  202  201  200  198  195  189  182  176  171  166  161  157  152  149  146  144
  141  137  132  127  123  124  127  134  144  154  165  175  183  190  197  202
  205  210  212  210  209  204  203  210  241                                   
    37.5-180.0 180.0   5.0 450.0                            LAT/LON1/LON2/DLON/H
  248  248  255  261  270  278  283  284  278  269  258  248  242  236  231  227
  224  225  229  234  236  235  231  226  224  223  224  223  221  216  212  209
  208  209  210  209  205  199  191  184  178  174  169  164  160  157  155  154
  152  148  143  137  132  130  131  136  143  152  163  174  184  192  200  206
  211  217  222  222  221  215  213  219  248                                   
    35.0-180.0 180.0   5.0 450.0                            LAT/LON1/LON2/DLON/H
  257  257  265  270  279  286  293  296  294  287  279  271  265  259  253  247
  242  242  246  252  256  256  254  250  247  246  244  240  234  226  220  216
  216  217  218  217  213  206  198  191  185  180  176  172  167  164  163  162
  160  157  151  144  138  134  133  135  140  148  159  171  183  192  201  208
  214  223  230  233  233  228  226  232  257                                   
    32.5-180.0 180.0   5.0 450.0                            LAT/LON1/LON2/DLON/H
  269  271  280  282  291  297  305  309  309  306  301  296  292  286  279  271
  264  262  265  271  276  279  278  275  272  270  265  258  249  238  230  224
  223  223  223  221  216  209  201  194  189  185  181  176  172  169  167  166
  164  159  153  145  138  134  132  132  135  142  153  166  178  189  198  207
  215  227  237  243  245  242  242  248  269                                   
    30.0-180.0 180.0   5.0 450.0                            LAT/LON1/LON2/DLON/H
  284  289  300  299  308  313  320  324  328  328  326  324  322  317  309  299
  290  286  287  292  298  301  302  300  297  292  286  276  263  250  239  231
  227  225  223  219  213  206  199  193  188  185  181  177  172  169  166  164
  161  155  148  140  134  130  127  127  128  134  144  157  171  183  193  204
  214  229  243  251  257  257  261  267  284                                   
    27.5-180.0 180.0   5.0 450.0                            LAT/LON1/LON2/DLON/H
  302  310  323  321  330  334  341  345  350  352  354  354  354  351  343  332
  321  314  312  315  320  324  325  324  319  313  303  290  275  259  246  236
  229  223  217  211  204  196  189  184  181  179  177  172  167  163  160  156
  152  145  137  130  125  122  121  120  121  126  135  147  161  174  187  200
  213  231  248  259  267  272  279  287  302                                   
    25.0-180.0 180.0   5.0 450.0                            LAT/LON1/LON2/DLON/H
  321  331  346  345  355  360  366  370  376  380  383  387  389  387  380  369
  356  345  340  341  344  348  349  346  339  329  316  300  283  265  249  237
  226  216  207  197  188  180  174  171  169  168  166  162  157  152  148  143
  138  130  122  116  113  113  113  113  114  118  125  137  151  165  180  195
  212  233  252  266  277  284  295  305  321                                   
    22.5-180.0 180.0   5.0 450.0                            LAT/LON1/LON2/DLON/H
  337  350  366  368  380  386  393  397  403  409  414  419  423  424  419  408
  394  381  372  370  371  374  373  368  357  342  325  306  286  267  250  234
  220  206  193  181  170  161  156  153  153  153  152  148  143  138  133  127
  121  114  107  102  102  103  106  107  108  111  117  128  141  157  174  192
  212  236  257  272  284  294  308  319  337                                   
    20.0-180.0 180.0   5.0 450.0                            LAT/LON1/LON2/DLON/H
  350  363  380  385  399  408  416  422  430  436  443  449  456  459  457  448
  434  419  408  402  402  402  399  390  373  353  331  308  287  266  247  230
  213  196  179  164  152  143  138  136  136  137  136  133  128  122  117  112
  106   99   93   91   92   95  100  102  103  105  110  120  134  151  171  192
  214  240  261  277  289  301  316  329  350                                   
    17.5-180.0 180.0   5.0 450.0                            LAT/LON1/LON2/DLON/H
  356  369  385  393  410  422  433  440  450  458  466  474  483  489  490  484
  472  457  444  437  434  432  426  411  388  361  334  309  286  264  244  224
  206  187  169  153  140  130  124  122  122  123  122  119  114  108  103   98
   93   87   83   82   84   89   94   98   99  101  105  115  130  148  171  194
  218  245  266  281  292  304  320  333  356                                   
    15.0-180.0 180.0   5.0 450.0                            LAT/LON1/LON2/DLON/H
  358  369  384  393  412  426  440  450  461  471  480  490  501  511  515  513
  504  491  479  471  467  462  451  430  400  367  336  308  284  261  240  220
  202  183  166  150  136  126  119  115  114  114  113  110  105   99   94   90
   85   81   77   77   80   85   90   93   95   97  102  112  128  148  173  199
  223  250  270  284  294  305  321  334  358                                   
    12.5-180.0 180.0   5.0 450.0                            LAT/LON1/LON2/DLON/H
  357  367  379  388  407  422  438  449  462  473  484  496  508  520  529  531
  526  517  508  500  495  487  472  445  409  371  336  307  282  259  238  219
  202  186  170  156  143  132  123  117  113  112  109  106  101   96   91   86
   82   78   75   75   77   81   85   88   90   93   98  110  127  150  176  203
  228  254  274  286  295  306  321  334  357                                   
    10.0-180.0 180.0   5.0 450.0                            LAT/LON1/LON2/DLON/H
  357  366  376  383  400  414  429  440  454  466  477  490  503  517  528  534
  535  531  525  520  514  504  484  453  413  372  335  305  280  257  237  220
  206  193  182  171  160  148  137  128  121  117  113  109  103   97   92   87
   83   78   75   74   75   78   80   83   84   88   94  107  126  151  179  207
  232  257  276  288  297  308  324  336  357                                   
     7.5-180.0 180.0   5.0 450.0                            LAT/LON1/LON2/DLON/H
  363  372  380  382  397  407  420  429  441  452  463  475  487  501  513  522
  528  529  528  526  520  508  485  451  409  368  332  302  277  255  236  222
