data/edconvlstm_nd/pred1030.15i
     1.0            IONOSPHERE MAPS     GNSS                IONEX VERSION / TYPE
pyspatialgeodesy        IME             05-JAN-18 20:20     PGM / RUN BY / DATE 
Map Name                                                    COMMENT             
Predicted global ionosphere maps (GIM).                     DESCRIPTION         
  2015     4    13     0     0     0                        EPOCH OF FIRST MAP  
  2015     4    14     0     0     0                        EPOCH OF LAST MAP   
  7200                                                      INTERVAL            
    13                                                      # OF MAPS IN FILE   
  NONE                                                      MAPPING FUNCTION    
10.0                                                        ELEVATION CUTOFF    
One-way carrier phase leveled to code                       OBSERVABLES USED    
  6371.0                                                    BASE RADIUS         
 2                                                          MAP DIMENSION       
   450.0 450.0   0.0                                        HGT1 / HGT2 / DHGT  
    87.5 -87.5  -2.5                                        LAT1 / LAT2 / DLAT  
  -180.0 180.0   5.0                                        LON1 / LON2 / DLON  
    -1                                                      EXPONENT            
                                                            END OF HEADER       
[from data line 4719]
    12                                                      START OF TEC MAP    
  2015     4    13    22     0     0                        EPOCH OF CURRENT MAP
    87.5-180.0 180.0   5.0 450.0                            LAT/LON1/LON2/DLON/H
  172  155  138  147  147  144  144  142  141  143  142  143  143  144  145  145
  145  146  146  145  145  145  144  144  143  142  142  141  140  140  139  139
  138  138  138  138  138  139  139  140  141  142  143  144  145  146  147  149
  150  151  152  153  153  154  155  155  155  155  155  155  155  154  154  153
  152  151  149  149  157  155  158  161  172                                   
    85.0-180.0 180.0   5.0 450.0                            LAT/LON1/LON2/DLON/H
  163  152  153  147  141  143  144  146  145  147  147  149  150  151  152  152
  153  153  153  153  152  152  151  150  149  147  146  145  144  143  142  141
  141  140  140  140  141  141  142  143  144  145  147  148  150  151  153  155
  156  158  159  161  162  163  164  164  165  165  165  165  164  164  163  161
  161  159  157  153  152  146  142  150  163                                   
    82.5-180.0 180.0   5.0 450.0                            LAT/LON1/LON2/DLON/H
  142  133  131  132  129  129  134  135  134  136  138  141  143  145  147  148
  149  150  150  149  149  148  146  145  143  141  139  137  135  133  131  130
  129  129  129  129  129  130  131  132  133  135  137  139  141  143  145  147
  149  151  153  155  157  158  159  160  161  161  161  161  160  159  158  156
  154  152  148  149  145  148  134  140  142                                   
    80.0-180.0 180.0   5.0 450.0                            LAT/LON1/LON2/DLON/H
  135  129  131  129  126  123  131  135  139  143  146  151  154  158  161  163
  164  165  165  164  163  162  160  157  154  151  148  144  141  138  135  133
  131  130  130  129  130  130  131  132  134  135  137  139  141  143  146  148
  150  153  155  157  159  161  162  163  164  165  165  165  164  164  162  161
  159  156  153  152  143  137  128  139  135                                   
    77.5-180.0 180.0   5.0 450.0                            LAT/LON1/LON2/DLON/H
  141  126  133  131  131  131  138  142  146  151  156  163  168  172  176  178
  180  180  180  179  178  176  174  171  168  164  160  156  151  147  144  141
  139  138  137  136  136  136  137  137  137  138  139  140  141  142  144  146
  148  149  151  153  154  155  156  157  158  159  160  160  160  160  160  159
  157  156  154  154  150  141  140  154  141                                   
    75.0-180.0 180.0   5.0 450.0                            LAT/LON1/LON2/DLON/H
  147  140  143  139  139  141  147  152  158  166  172  179  185  189  192  194
  195  194  194  193  192  190  188  186  182  178  174  168  163  158  154  151
  148  146  145  144  144  143  143  142  141  140  139  139  139  139  140  141
  142  143  144  144  145  146  146  147  148  149  151  152  153  154  156  156
  156  157  157  156  151  145  144  146  147                                   
    72.5-180.0 180.0   5.0 450.0                            LAT/LON1/LON2/DLON/H
  156  150  154  156  153  154  161  166  171  178  185  193  198  202  203  204
  203  201  200  199  198  197  196  194  192  187  182  176  170  165  160  156
  153  152  150  150  149  147  146  143  141  138  136  134  132  131  131  131
  131  131  131  131  130  130  130  130  131  133  135  137  140  142  145  147
  147  150  152  152  149  148  152  159  156                                   
    70.0-180.0 180.0   5.0 450.0                            LAT/LON1/LON2/DLON/H
  170  167  170  167  164  166  170  176  182  191  198  204  208  210  209  207
  203  200  197  196  196  196  197  196  193  189  183  177  170  163  158  154
  151  149  148  147  146  144  141  138  134  130  126  123  120  119  118  117
  117  117  116  116  114  113  113  113  114  116  119  123  127  131  135  138
  140  144  148  151  152  154  162  166  170                                   
    67.5-180.0 180.0   5.0 450.0                            LAT/LON1/LON2/DLON/H
  184  183  187  187  185  186  190  196  201  209  216  222  225  225  222  216
  211  206  202  201  202  203  204  204  202  197  190  182  174  167  161  156
  154  152  150  149  147  145  141  137  132  127  122  118  115  114  113  113
  113  113  112  111  109  107  106  106  108  111  115  120  125  130  135  139
  142  146  149  152  153  159  168  172  184                                   
    65.0-180.0 180.0   5.0 450.0                            LAT/LON1/LON2/DLON/H
  191  193  196  196  194  194  197  202  209  217  224  229  231  229  224  217
  209  203  199  198  200  202  203  203  199  193  184  175  166  158  152  147
  144  142  140  138  135  132  128  123  118  113  108  104  102  100  100  101
  101  102  101  100   99   97   96   96   98  102  107  113  119  125  131  135
  138  142  146  149  152  160  171  175  191                                   
    62.5-180.0 180.0   5.0 450.0                            LAT/LON1/LON2/DLON/H
  196  198  201  202  201  202  204  210  216  224  230  235  237  234  228  220
  213  207  203  202  204  206  207  205  200  191  181  171  161  153  147  142
  139  136  132  129  125  121  117  113  108  103   99   96   94   93   93   94
   95   96   96   96   95   93   92   93   95  100  106  114  121  128  134  138
  140  142  145  146  149  155  165  170  196                                   
    60.0-180.0 180.0   5.0 450.0                            LAT/LON1/LON2/DLON/H
  195  197  201  204  204  204  206  211  217  225  231  236  237  235  230  223
  216  211  208  208  209  210  210  206  199  188  177  166  157  150  145  140
  136  131  126  121  115  111  107  103   99   96   92   90   88   87   87   88
   90   91   92   92   92   91   91   92   95  100  107  116  124  132  138  142
  143  144  145  144  146  152  160  165  195                                   
    57.5-180.0 180.0   5.0 450.0                            LAT/LON1/LON2/DLON/H
  194  197  202  205  207  207  210  214  220  225  231  234  235  234  231  227
  223  219  217  216  217  216  214  208  199  188  177  167  160  155  151  147
  141  134  126  118  112  106  102  100   97   95   93   90   88   87   86   87
   88   90   91   92   93   93   93   95   98  104  112  121  130  138  145  149
  150  151  150  147  147  150  156  161  194                                   
    55.0-180.0 180.0   5.0 450.0                            LAT/LON1/LON2/DLON/H
  199  202  208  212  215  216  219  222  226  229  232  233  234  234  233  231
  229  227  225  224  223  221  217  210  201  191  181  174  170  167  165  161
  154  144  133  122  114  108  105  103  102  102  100   98   95   92   90   89
   89   91   93   95   96   97   98  100  103  109  117  127  137  146  154  159
  161  162  162  158  155  157  160  165  199                                   
    52.5-180.0 180.0   5.0 450.0                            LAT/LON1/LON2/DLON/H
  210  214  221  225  229  231  234  235  237  237  236  235  234  233  234  234
  234  233  230  228  225  222  218  211  204  196  190  187  186  186  185  180
  170  158  144  131  122  116  113  113  113  113  112  110  106  102   98   95
   94   95   97  100  102  104  106  108  111  116  124  134  144  154  163  170
  174  178  179  176  172  173  176  178  210                                   
    50.0-180.0 180.0   5.0 450.0                            LAT/LON1/LON2/DLON/H
  231  235  243  245  251  254  256  257  256  253  248  243  239  237  237  238
  237  235  232  228  224  220  217  214  209  206  203  203  205  206  205  198
  187  171  155  141  132  126  125  126  127  128  128  125  120  114  109  104
  102  103  105  108  112  115  116  118  120  125  132  142  152  163  174  183
  190  197  201  200  198  199  202  203  231                                   
    47.5-180.0 180.0   5.0 450.0                            LAT/LON1/LON2/DLON/H
  257  263  271  271  277  281  282  282  280  274  265  256  249  244  243  242
  240  236  230  224  219  217  217  217  217  217  218  219  222  222  219  210
  196  179  162  149  141  137  137  139  141  142  142  139  134  127  121  116
  113  113  116  120  124  127  129  130  131  135  142  151  162  173  185  196
  206  217  225  227  227  230  236  235  257                                   
    45.0-180.0 180.0   5.0 450.0                            LAT/LON1/LON2/DLON/H
  286  293  299  298  303  308  309  309  306  299  288  276  266  258  254  250
  245  237  228  221  217  216  219  223  226  229  231  232  232  229  222  210
  195  178  163  152  147  145  147  149  151  153  153  150  145  139  133  128
  126  126  129  133  138  141  143  143  144  146  153  162  173  184  197  210
  221  235  247  253  257  262  271  271  286                                   
    42.5-180.0 180.0   5.0 450.0                            LAT/LON1/LON2/DLON/H
  312  321  325  323  326  330  332  332  330  324  313  300  288  278  270  263
  253  242  231  223  219  221  226  232  238  240  240  238  233  225  214  200
  184  169  158  152  150  152  154  156  158  160  160  158  154  149  144  141
  139  139  141  146  150  154  156  156  155  158  164  173  185  197  209  223
  235  252  266  275  282  290  303  304  312                                   
    40.0-180.0 180.0   5.0 450.0                            LAT/LON1/LON2/DLON/H
  334  343  346  343  345  346  348  349  349  346  337  326  313  302  292  281
  268  254  241  233  230  233  239  245  250  250  246  238  227  214  200  184
  170  158  153  152  155  158  161  163  164  165  166  165  162  158  154  151
  150  150  152  155  160  164  165  165  164  167  174  184  197  210  222  235
  248  265  280  291  300  311  326  330  334                                   
    37.5-180.0 180.0   5.0 450.0                            LAT/LON1/LON2/DLON/H
  351  361  364  358  360  358  361  361  363  362  357  350  340  329  317  304
  289  274  261  252  250  252  257  261  262  258  250  236  220  203  187  172
  161  155  154  158  164  168  171  171  171  172  173  172  169  165  162  159
  158  157  158  161  165  168  170  169  169  172  181  193  208  222  235  247
  259  276  292  303  312  326  342  349  351                                   
    35.0-180.0 180.0   5.0 450.0                            LAT/LON1/LON2/DLON/H
  367  378  381  373  375  370  373  372  375  377  375  372  365  356  344  330
  315  300  287  279  276  276  278  278  275  267  255  238  219  201  186  174
  167  165  168  174  181  185  186  184  183  183  183  182  178  173  169  165
  163  161  160  161  164  168  169  169  170  174  184  199  216  232  246  258
  270  286  301  313  322  337  354  361  367                                   
    32.5-180.0 180.0   5.0 450.0                            LAT/LON1/LON2/DLON/H
  388  399  405  394  397  389  391  388  392  394  395  394  390  383  372  358
  343  329  318  310  306  302  299  294  288  279  266  249  232  216  204  196
  192  192  196  202  207  209  207  203  201  200  199  196  189  182  175  169
  165  160  158  157  160  163  165  166  167  172  183  201  221  239  255  268
  279  295  310  323  331  347  365  372  388                                   
    30.0-180.0 180.0   5.0 450.0                            LAT/LON1/LON2/DLON/H
  418  429  438  426  431  422  423  417  419  420  421  421  418  411  400  387
  373  360  350  341  333  326  317  310  303  296  286  274  261  250  242  239
  237  237  238  239  240  237  231  226  222  221  219  213  204  193  182  173
  165  158  154  152  154  158  161  162  163  169  181  200  222  242  260  275
  287  305  321  335  344  361  379  386  418                                   
    27.5-180.0 180.0   5.0 450.0                            LAT/LON1/LON2/DLON/H
  457  470  481  471  480  472  472  464  463  461  460  458  454  445  433  419
  405  392  380  369  357  344  333  325  321  319  317  312  306  301  299  299
  297  292  286  279  273  264  255  248  244  243  240  233  221  205  191  178
  167  158  151  149  150  154  157  158  160  165  178  197  220  242  263  280
  294  314  332  349  361  379  400  407  457                                   
    25.0-180.0 180.0   5.0 450.0                            LAT/LON1/LON2/DLON/H
  501  517  532  527  543  539  540  530  527  521  516  510  502  490  475  458
  442  426  410  393  376  359  347  341  344  351  358  361  362  363  365  365
  360  347  331  314  299  285  273  265  262  261  259  252  237  220  202  186
  172  160  153  149  150  153  155  156  158  163  174  192  215  239  261  281
  299  322  344  365  382  404  428  436  501                                   
    22.5-180.0 180.0   5.0 450.0                            LAT/LON1/LON2/DLON/H
  544  565  583  587  612  614  619  611  608  599  590  580  566  550  530  509
  488  466  443  418  394  374  363  363  374  391  407  418  423  426  428  425
  413  390  362  334  312  294  281  274  272  274  274  267  253  235  215  197
  181  168  159  155  155  156  157  157  157  161  171  187  209  233  258  281
  302  330  355  382  403  431  461  471  544                                   
    20.0-180.0 180.0   5.0 450.0                            LAT/LON1/LON2/DLON/H
  580  606  627  641  673  683  695  694  693  685  675  661  645  624  600  574
  546  516  483  449  418  396  389  397  417  442  464  476  479  478  473  462
  439  406  368  334  307  289  277  272  274  278  281  277  266  249  230  211
  193  180  170  165  163  162  161  159  157  160  167  182  203  227  253  279
  303  335  365  395  422  457  494  508  580                                   
    17.5-180.0 180.0   5.0 450.0                            LAT/LON1/LON2/DLON/H
  604  635  660  680  719  735  755  761  767  764  756  744  728  707  681  651
  617  578  535  490  453  431  429  445  472  502  522  527  518  504  486  462
  430  389  348  313  288  273  266  265  269  276  282  282  275  261  244  225
  208  194  184  178  174  170  165  161  157  158  164  177  197  221  248  276
  303  337  371  405  435  477  521  538  604                                   
    15.0-180.0 180.0   5.0 450.0                            LAT/LON1/LON2/DLON/H
  615  650  679  702  745  766  792  806  820  823  821  815  803  786  762  732
  696  651  598  546  505  484  486  507  536  562  570  557  528  494  460  425
  387  347  310  282  264  256  254  257  263  272  279  283  279  269  255  238
  221  207  197  189  182  175  167  159  154  153  158  170  190  214  243  272
  301  338  374  409  442  489  539  559  615                                   
    12.5-180.0 180.0   5.0 450.0                            LAT/LON1/LON2/DLON/H
  618  653  685  708  752  777  807  826  847  858  863  864  860  850  834  809
  774  728  672  616  573  554  557  576  598  608  595  557  504  452  406  367
  332  299  273  255  248  248  251  256  263  270  277  280  279  272  260  244
  228  214  204  196  186  175  164  154  148  145  149  161  181  207  238  269
  300  338  375  410  444  495  547  568  618                                   
    10.0-180.0 180.0   5.0 450.0                            LAT/LON1/LON2/DLON/H
  615  649  681  702  745  771  804  827  853  869  880  889  893  894  887  871
  843  801  748  693  652  632  631  641  645  630  589  528  459  397  349  314
  287  266  252  247  250  257  264  269  273  276  278  278  276  269  258  243
  227  214  204  195  183  170  157  146  138  135  138  150  171  199  233  265
  298  337  375  409  444  495  549  570  615                                   
     7.5-180.0 180.0   5.0 450.0                            LAT/LON1/LON2/DLON/H
  612  644  674  691  732  758  790  814  842  861  877  891  903  913  917  912
  894  862  817  768  728  704  694  686  666  625  563  488  414  354  312  286
