data/edconvlstm_nd/pred1820.15i
     1.0            IONOSPHERE MAPS     GNSS                IONEX VERSION / TYPE
pyspatialgeodesy        IME             05-JAN-18 20:20     PGM / RUN BY / DATE 
Map Name                                                    COMMENT             
Predicted global ionosphere maps (GIM).                     DESCRIPTION         
  2015     7     1     0     0     0                        EPOCH OF FIRST MAP  
  2015     7     2     0     0     0                        EPOCH OF LAST MAP   
  7200                                                      INTERVAL            
    13                                                      # OF MAPS IN FILE   
  NONE                                                      MAPPING FUNCTION    
10.0                                                        ELEVATION CUTOFF    
One-way carrier phase leveled to code                       OBSERVABLES USED    
  6371.0                                                    BASE RADIUS         
 2                                                          MAP DIMENSION       
   450.0 450.0   0.0                                        HGT1 / HGT2 / DHGT  
    87.5 -87.5  -2.5                                        LAT1 / LAT2 / DLAT  
  -180.0 180.0   5.0                                        LON1 / LON2 / DLON  
    -1                                                      EXPONENT            
                                                            END OF HEADER       
[from data line 3861]
    10                                                      START OF TEC MAP    
  2015     7     1    18     0     0                        EPOCH OF CURRENT MAP
    87.5-180.0 180.0   5.0 450.0                            LAT/LON1/LON2/DLON/H
  156  151  142  150  151  150  150  149  149  151  150  151  151  151  151  152
  152  152  152  151  151  150  150  149  148  147  146  145  145  144  143  142
  142  141  141  140  140  140  139  139  140  140  140  140  141  141  141  142
  142  143  144  144  144  145  145  145  146  146  146  146  146  146  146  146
  145  146  145  145  154  152  159  155  156                                   
    85.0-180.0 180.0   5.0 450.0                            LAT/LON1/LON2/DLON/H
  152  153  160  153  152  155  156  158  158  160  159  160  161  161  162  162
  162  162  162  162  161  160  160  159  157  156  155  154  152  151  150  149
  148  147  146  146  145  145  144  144  144  144  145  145  146  146  147  147
  148  149  150  151  151  152  152  153  153  153  154  154  154  154  154  154
  154  154  152  150  152  147  150  151  152                                   
    82.5-180.0 180.0   5.0 450.0                            LAT/LON1/LON2/DLON/H
  138  144  147  144  144  148  152  153  153  155  156  157  158  159  160  161
  162  162  162  162  161  160  159  158  156  154  152  150  148  146  145  143
  142  141  140  139  138  138  137  137  137  138  138  138  139  140  141  142
  144  145  146  147  148  149  149  150  150  150  150  150  150  150  149  149
  148  147  145  147  146  151  144  140  138                                   
    80.0-180.0 180.0   5.0 450.0                            LAT/LON1/LON2/DLON/H
  133  139  145  143  143  144  149  153  155  157  158  161  162  164  165  166
  168  168  169  168  168  167  165  163  160  158  155  152  149  147  145  143
  141  139  138  137  136  135  135  134  134  134  135  136  137  138  139  141
  142  144  146  147  148  149  150  150  150  150  150  150  150  149  149  149
  148  147  146  147  142  139  138  137  133                                   
    77.5-180.0 180.0   5.0 450.0                            LAT/LON1/LON2/DLON/H
  137  135  141  140  142  144  148  151  153  155  156  159  161  163  165  167
  169  170  171  172  172  171  169  166  164  160  157  153  150  147  144  142
  140  139  138  137  136  135  134  133  133  133  133  134  135  136  138  140
  142  144  146  147  148  149  149  149  149  149  149  148  148  147  147  146
  145  144  142  143  142  135  137  140  137                                   
    75.0-180.0 180.0   5.0 450.0                            LAT/LON1/LON2/DLON/H
  135  136  139  139  141  145  147  150  153  156  156  159  161  164  166  168
  171  173  175  176  176  175  174  171  168  165  161  157  153  150  147  145
  143  142  141  140  139  137  136  135  134  134  133  134  134  136  137  139
  142  144  145  147  147  148  148  148  147  147  146  146  146  146  146  146
  145  145  144  141  140  134  136  128  135                                   
    72.5-180.0 180.0   5.0 450.0                            LAT/LON1/LON2/DLON/H
  134  135  138  143  142  146  149  151  151  153  154  156  157  160  162  165
  168  171  174  175  176  176  175  172  169  165  160  156  151  148  145  143
  142  141  140  139  138  136  135  133  132  130  130  129  130  131  133  135
  137  139  141  142  142  143  142  142  141  140  140  140  140  141  142  143
  143  142  142  139  136  132  134  133  134                                   
    70.0-180.0 180.0   5.0 450.0                            LAT/LON1/LON2/DLON/H
  137  138  141  143  143  145  147  150  150  152  151  153  154  156  159  162
  165  168  171  173  174  174  173  171  167  163  158  153  149  146  143  141
  140  139  139  138  136  134  132  130  128  126  125  124  125  125  127  128
  130  132  133  134  134  134  133  132  131  131  131  132  133  135  137  139
  140  141  142  140  138  135  138  135  137                                   
    67.5-180.0 180.0   5.0 450.0                            LAT/LON1/LON2/DLON/H
  143  145  149  152  151  153  154  156  155  155  154  155  156  158  161  164
  167  170  173  176  177  177  176  173  169  164  159  154  150  146  144  143
  142  141  140  139  138  136  133  131  129  127  125  124  124  125  126  127
  128  130  130  131  130  130  128  127  126  126  126  128  130  133  137  140
  143  144  145  144  141  138  140  137  143                                   
    65.0-180.0 180.0   5.0 450.0                            LAT/LON1/LON2/DLON/H
  148  151  154  157  155  156  157  157  156  156  154  155  156  158  161  164
  167  170  173  175  176  176  174  172  168  163  157  152  148  145  144  143
  142  141  140  138  136  134  131  129  127  125  123  122  122  122  122  123
  124  124  124  124  123  121  120  118  117  117  118  120  123  127  132  136
  140  143  146  146  145  143  146  144  148                                   
    62.5-180.0 180.0   5.0 450.0                            LAT/LON1/LON2/DLON/H
  153  157  162  163  162  162  162  161  159  158  157  157  159  161  164  168
  170  173  174  176  176  176  175  172  168  163  158  153  150  147  146  145
  144  143  141  138  136  133  131  129  128  126  125  124  124  123  123  122
  122  121  120  119  117  115  113  112  111  112  113  115  119  123  128  133
  137  141  145  146  146  145  149  147  153                                   
    60.0-180.0 180.0   5.0 450.0                            LAT/LON1/LON2/DLON/H
  156  162  167  168  166  166  165  163  160  159  158  159  161  164  168  171
  173  175  175  176  176  175  174  172  168  164  159  155  152  151  150  149
  148  146  143  140  136  134  132  131  131  130  130  129  127  126  125  123
  121  119  117  115  112  110  108  107  106  107  108  110  114  117  122  127
  131  135  139  142  144  145  151  150  156                                   
    57.5-180.0 180.0   5.0 450.0                            LAT/LON1/LON2/DLON/H
  157  164  171  172  170  171  168  166  162  161  159  161  163  167  171  174
  176  177  176  176  175  175  174  173  170  167  163  160  158  157  157  156
  155  152  148  143  140  138  137  137  137  138  137  136  134  132  129  126
  123  119  116  113  110  107  105  104  104  104  106  108  110  113  117  120
  124  128  133  136  139  143  151  151  157                                   
    55.0-180.0 180.0   5.0 450.0                            LAT/LON1/LON2/DLON/H
  156  166  174  176  174  175  173  170  166  164  162  163  165  169  173  176
  177  177  176  175  174  175  175  175  173  171  168  166  165  165  165  165
  162  159  154  149  145  143  143  145  146  147  147  145  142  139  135  130
  125  120  116  112  109  106  105  104  103  104  105  106  108  109  111  114
  116  119  124  128  133  138  149  150  156                                   
    52.5-180.0 180.0   5.0 450.0                            LAT/LON1/LON2/DLON/H
  154  167  176  180  179  182  180  178  173  170  167  166  167  170  173  176
  176  175  174  172  172  174  175  177  177  176  174  173  172  173  173  173
  170  166  160  155  152  151  152  154  156  157  156  153  150  145  140  134
  128  123  118  114  111  108  106  105  105  106  106  107  107  107  107  108
  109  112  117  120  126  134  146  148  154                                   
    50.0-180.0 180.0   5.0 450.0                            LAT/LON1/LON2/DLON/H
  152  168  179  185  186  190  190  189  184  180  175  172  171  172  173  174
  174  173  171  170  171  173  176  179  180  180  180  179  179  180  181  180
  178  173  168  163  161  161  162  165  166  166  164  160  156  150  144  138
  132  127  122  118  115  113  111  110  109  109  109  109  108  107  106  105
  105  107  112  115  121  131  143  146  152                                   
    47.5-180.0 180.0   5.0 450.0                            LAT/LON1/LON2/DLON/H
  151  170  182  190  194  201  203  203  199  195  188  183  178  175  174  173
  172  171  169  169  171  174  178  182  184  184  184  184  185  186  186  186
  183  180  175  172  171  172  174  176  176  175  171  166  161  155  149  143
  137  132  128  124  122  120  118  116  115  115  114  113  112  109  107  106
  105  107  111  114  119  129  141  144  151                                   
    45.0-180.0 180.0   5.0 450.0                            LAT/LON1/LON2/DLON/H
  151  172  185  196  203  212  217  220  218  214  206  198  190  184  179  176
  174  172  171  171  173  177  181  185  187  188  189  189  190  190  191  190
  189  186  184  182  183  184  187  188  187  183  178  171  165  159  153  148
  143  139  136  134  132  130  127  125  123  122  121  120  118  115  112  110
  109  110  113  116  120  129  140  143  151                                   
    42.5-180.0 180.0   5.0 450.0                            LAT/LON1/LON2/DLON/H
  152  174  188  200  210  222  231  236  237  235  227  218  207  197  190  184
  181  178  177  178  180  183  186  189  191  192  194  194  195  195  195  195
  195  194  194  195  197  199  201  201  198  192  185  177  171  165  159  155
  150  147  145  144  143  141  138  135  132  130  129  128  125  123  120  118
  116  117  119  121  123  130  140  142  152                                   
    40.0-180.0 180.0   5.0 450.0                            LAT/LON1/LON2/DLON/H
  152  174  189  203  215  230  241  250  254  255  250  241  229  217  206  199
  194  191  189  189  191  192  193  195  196  198  200  201  201  201  201  202
  203  206  208  211  214  217  218  216  210  203  194  186  178  172  167  163
  159  157  156  155  155  153  150  145  142  139  138  136  134  131  129  127
  124  124  126  126  127  131  139  140  152                                   
    37.5-180.0 180.0   5.0 450.0                            LAT/LON1/LON2/DLON/H
  151  172  188  202  216  232  246  258  266  271  270  263  253  240  229  219
  213  209  207  205  204  203  202  202  203  205  209  211  211  211  211  212
  216  221  226  231  234  236  236  232  225  216  206  197  189  182  177  172
  169  166  165  165  164  163  159  154  150  147  145  144  142  139  137  134
  132  131  131  130  129  131  138  138  151                                   
    35.0-180.0 180.0   5.0 450.0                            LAT/LON1/LON2/DLON/H
  148  168  184  198  213  230  246  260  272  281  285  283  276  265  254  244
  236  231  227  224  220  217  213  211  212  216  221  224  225  225  225  228
  233  241  248  254  257  257  254  248  239  229  219  209  200  193  187  181
  177  173  172  171  170  168  164  159  155  152  150  149  147  144  142  139
  136  135  134  132  130  130  136  136  148                                   
    32.5-180.0 180.0   5.0 450.0                            LAT/LON1/LON2/DLON/H
  145  164  179  192  208  225  241  257  272  285  294  298  296  288  279  269
  261  254  248  243  237  231  226  223  225  230  236  241  244  244  244  248
  256  265  274  279  280  277  271  263  253  242  231  221  211  203  195  188
  181  177  174  172  171  168  164  159  155  152  151  149  148  145  143  140
  137  135  133  131  128  128  133  133  145                                   
    30.0-180.0 180.0   5.0 450.0                            LAT/LON1/LON2/DLON/H
  141  159  174  186  201  218  235  251  268  284  298  307  310  307  300  291
  283  275  268  260  253  245  240  237  240  247  255  262  265  266  267  273
  282  292  300  303  300  294  285  274  263  252  241  230  219  209  199  190
  182  175  170  167  165  162  158  154  151  148  147  145  143  141  139  137
  134  132  130  128  125  125  130  132  141                                   
    27.5-180.0 180.0   5.0 450.0                            LAT/LON1/LON2/DLON/H
  140  157  171  181  196  213  229  245  262  280  296  310  318  319  316  309
  301  293  284  275  267  260  255  254  257  265  275  283  287  289  292  299
  308  318  323  322  315  305  292  280  268  256  245  233  221  209  198  187
  178  169  163  158  154  151  148  144  141  139  138  136  135  133  132  130
  128  127  125  123  122  123  129  132  140                                   
    25.0-180.0 180.0   5.0 450.0                            LAT/LON1/LON2/DLON/H
  140  157  170  180  194  211  226  241  257  275  292  308  320  326  326  322
  315  307  298  289  281  275  272  272  277  285  295  304  309  312  316  322
  331  338  339  334  322  307  292  279  266  255  243  230  216  203  191  180
  170  160  152  145  141  137  134  132  130  128  126  125  123  122  122  122
  120  121  120  119  120  122  129  133  140                                   
    22.5-180.0 180.0   5.0 450.0                            LAT/LON1/LON2/DLON/H
  142  160  172  182  195  212  227  240  255  271  288  305  319  328  332  330
  325  318  309  302  296  292  291  292  297  305  314  322  328  331  335  341
  348  350  347  336  321  304  287  273  260  248  235  221  207  193  180  169
  159  149  140  132  127  123  121  119  118  116  114  112  110  110  111  113
  113  115  117  117  119  122  130  136  142                                   
    20.0-180.0 180.0   5.0 450.0                            LAT/LON1/LON2/DLON/H
  146  164  175  186  199  216  231  242  255  269  284  301  316  327  334  335
  333  328  321  315  312  310  311  313  317  323  331  338  343  347  350  354
  357  355  346  332  315  297  280  265  251  238  225  210  195  180  169  159
  149  139  129  121  115  112  110  109  108  106  103  100   99   99  101  105
  107  111  114  115  119  123  131  138  146                                   
    17.5-180.0 180.0   5.0 450.0                            LAT/LON1/LON2/DLON/H
  149  168  179  191  205  221  236  247  258  269  282  297  313  325  334  339
  340  338  335  331  330  330  331  333  336  339  344  350  354  358  360  361
  360  353  341  326  308  291  274  259  244  230  216  200  184  170  159  150
  141  132  122  113  107  104  103  102  101   99   95   92   90   90   93   98
  102  107  112  114  119  124  132  139  149                                   
    15.0-180.0 180.0   5.0 450.0                            LAT/LON1/LON2/DLON/H
  150  170  181  195  209  226  242  252  262  271  282  296  310  324  335  343
  348  349  349  349  349  350  352  352  352  353  356  359  363  366  367  365
  360  350  336  321  305  289  274  258  243  227  211  195  179  165  154  145
  137  128  118  110  104  101  100  100   98   95   91   87   84   85   88   93
   97  104  109  112  117  122  130  137  150                                   
    12.5-180.0 180.0   5.0 450.0                            LAT/LON1/LON2/DLON/H
  148  169  181  195  210  228  244  256  265  274  283  295  309  323  336  347
  355  361  364  366  368  369  369  368  366  364  364  367  370  372  371  367
  359  348  334  320  306  294  280  265  248  231  214  197  181  167  155  145
  136  126  117  109  104  102  101  101   99   95   90   85   82   82   85   89
   93   99  105  108  113  118  126  133  148                                   
    10.0-180.0 180.0   5.0 450.0                            LAT/LON1/LON2/DLON/H
  143  165  178  192  209  226  244  256  267  276  285  297  310  324  337  350
  362  371  378  381  383  384  383  380  376  372  372  374  377  378  376  370
  360  347  334  323  313  303  292  277  259  241  223  206  189  174  161  149
  138  127  117  110  106  105  104  103  101   96   91   86   83   82   83   86
   89   94   99  102  107  112  119  125  143                                   
     7.5-180.0 180.0   5.0 450.0                            LAT/LON1/LON2/DLON/H
  136  159  173  188  205  223  241  254  267  277  287  299  312  325  339  353
  366  378  386  391  392  392  390  386  382  379  378  380  382  382  379  371
