data/edconvlstm_nd/pred2020.15i
     1.0            IONOSPHERE MAPS     GNSS                IONEX VERSION / TYPE
pyspatialgeodesy        IME             05-JAN-18 20:20     PGM / RUN BY / DATE 
Map Name                                                    COMMENT             
Predicted global ionosphere maps (GIM).                     DESCRIPTION         
  2015     7    21     0     0     0                        EPOCH OF FIRST MAP  
  2015     7    22     0     0     0                        EPOCH OF LAST MAP   
  7200                                                      INTERVAL            
    13                                                      # OF MAPS IN FILE   
  NONE                                                      MAPPING FUNCTION    
10.0                                                        ELEVATION CUTOFF    
One-way carrier phase leveled to code                       OBSERVABLES USED    
  6371.0                                                    BASE RADIUS         
 2                                                          MAP DIMENSION       
   450.0 450.0   0.0                                        HGT1 / HGT2 / DHGT  
    87.5 -87.5  -2.5                                        LAT1 / LAT2 / DLAT  
  -180.0 180.0   5.0                                        LON1 / LON2 / DLON  
    -1                                                      EXPONENT            
                                                            END OF HEADER       
[from data line 2574]
     7                                                      START OF TEC MAP    
  2015     7    21    12     0     0                        EPOCH OF CURRENT MAP
    87.5-180.0 180.0   5.0 450.0                            LAT/LON1/LON2/DLON/H
  138  140  136  141  143  143  141  139  140  141  141  141  141  141  141  141
  141  141  141  141  141  141  141  141  141  141  141  140  140  140  139  139
  138  138  137  136  135  134  134  133  132  131  131  130  130  129  129  129
  129  129  129  129  129  129  129  130  130  130  131  131  131  132  132  133
  133  135  134  133  139  136  144  143  138                                   
    85.0-180.0 180.0   5.0 450.0                            LAT/LON1/LON2/DLON/H
  134  139  149  144  144  147  147  148  149  149  149  149  149  149  148  148
  148  148  148  148  148  148  148  148  148  148  148  148  148  147  147  146
  145  144  143  142  140  139  138  137  135  134  133  133  132  132  131  131
  131  131  132  132  133  133  134  134  135  135  136  137  137  138  138  139
  141  142  139  137  136  136  141  144  134                                   
    82.5-180.0 180.0   5.0 450.0                            LAT/LON1/LON2/DLON/H
  126  139  143  139  139  143  144  145  145  146  146  146  146  146  145  145
  145  145  146  146  146  146  147  147  147  148  148  148  148  148  147  147
  146  144  143  141  139  137  135  133  131  129  128  127  126  126  125  126
  126  126  127  128  128  129  130  131  131  132  133  133  133  134  134  135
  135  136  133  133  132  139  138  132  126                                   
    80.0-180.0 180.0   5.0 450.0                            LAT/LON1/LON2/DLON/H
  125  135  140  140  138  140  141  143  144  145  144  144  144  144  143  143
  143  143  143  144  144  144  145  146  147  147  148  149  150  150  150  150
  149  147  145  143  141  138  135  133  131  129  127  126  126  126  126  126
  127  128  129  130  131  131  132  133  134  134  134  134  134  134  134  134
  134  134  132  132  129  134  139  132  125                                   
    77.5-180.0 180.0   5.0 450.0                            LAT/LON1/LON2/DLON/H
  130  133  138  138  137  139  140  142  142  142  141  141  140  140  140  140
  140  140  141  141  142  142  143  145  146  148  150  151  153  155  156  156
  156  155  153  151  148  146  143  140  137  135  134  133  133  133  134  135
  136  137  139  140  141  142  142  143  143  143  142  142  141  140  138  137
  136  135  131  132  132  131  134  133  130                                   
    75.0-180.0 180.0   5.0 450.0                            LAT/LON1/LON2/DLON/H
  126  131  130  133  133  136  136  137  138  138  137  136  136  136  136  136
  136  136  136  137  137  138  139  141  143  145  148  151  154  157  159  161
  162  162  161  159  157  154  151  148  146  144  143  143  143  144  145  146
  147  149  150  151  152  152  152  153  153  152  151  150  149  148  146  144
  141  138  134  130  131  130  132  125  126                                   
    72.5-180.0 180.0   5.0 450.0                            LAT/LON1/LON2/DLON/H
  122  126  124  128  128  131  132  133  133  132  131  130  130  130  130  130
  131  131  131  131  132  132  134  135  137  140  144  148  152  157  161  164
  167  168  168  167  165  162  159  157  155  153  153  153  154  155  156  158
  159  160  160  161  161  161  161  161  161  160  160  159  158  156  153  151
  147  143  138  133  130  128  129  125  122                                   
    70.0-180.0 180.0   5.0 450.0                            LAT/LON1/LON2/DLON/H
  121  121  119  122  122  123  123  124  124  124  123  123  123  123  124  124
  125  125  125  125  125  125  126  127  130  133  137  142  147  153  159  163
  167  170  171  170  168  166  164  162  160  160  160  161  162  164  165  165
  166  166  165  165  164  164  163  163  164  164  164  164  164  163  161  158
  154  149  143  137  131  127  128  124  121                                   
    67.5-180.0 180.0   5.0 450.0                            LAT/LON1/LON2/DLON/H
  118  117  116  118  117  119  118  119  119  118  117  118  119  120  121  122
  122  122  122  122  121  121  121  123  125  128  132  138  144  150  157  162
  167  171  172  173  172  170  168  167  166  167  168  169  171  172  172  172
  171  170  168  166  165  163  163  163  164  166  168  169  170  170  169  167
  163  158  150  143  135  129  127  123  118                                   
    65.0-180.0 180.0   5.0 450.0                            LAT/LON1/LON2/DLON/H
  118  115  112  114  111  112  111  111  111  111  111  113  114  116  118  119
  120  121  120  119  118  117  117  119  121  125  129  135  141  148  155  161
  167  171  173  174  174  173  172  171  172  173  175  177  178  179  178  176
  173  170  167  164  161  160  160  161  163  166  169  172  175  177  177  176
  173  167  160  151  142  135  132  127  118                                   
    62.5-180.0 180.0   5.0 450.0                            LAT/LON1/LON2/DLON/H
  117  114  110  109  106  105  103  103  103  103  104  107  109  112  115  117
  119  119  118  117  115  115  115  117  120  124  128  134  140  147  154  161
  167  171  173  174  174  174  174  174  176  178  181  183  184  184  182  178
  173  168  163  159  157  155  156  157  160  164  169  174  178  181  183  183
  180  175  167  158  148  139  135  131  117                                   
    60.0-180.0 180.0   5.0 450.0                            LAT/LON1/LON2/DLON/H
  118  113  107  106   99   97   95   94   94   94   96   99  102  106  110  114
  115  116  115  113  112  112  113  116  120  125  130  136  142  149  156  162
  167  171  173  174  174  175  175  177  180  184  187  189  189  188  184  178
  171  165  159  155  152  151  152  155  158  163  168  174  179  182  185  185
  183  179  172  163  152  143  139  134  118                                   
    57.5-180.0 180.0   5.0 450.0                            LAT/LON1/LON2/DLON/H
  120  113  107  104   95   92   88   86   85   86   87   91   95  100  105  109
  111  112  112  110  110  110  113  117  123  129  135  141  147  154  160  165
  170  173  175  176  177  178  180  183  186  190  194  196  196  193  187  179
  171  164  158  154  152  152  153  156  160  165  170  175  179  183  185  186
  184  180  173  165  156  147  142  137  120                                   
    55.0-180.0 180.0   5.0 450.0                            LAT/LON1/LON2/DLON/H
  122  115  108  103   93   88   84   80   79   79   80   83   87   92   97  102
  106  107  108  107  108  110  114  120  127  134  141  147  153  159  165  170
  174  177  179  180  181  183  185  189  193  198  201  203  202  198  191  182
  173  165  160  156  155  156  158  161  164  168  172  176  179  181  182  183
  181  178  172  165  156  148  144  139  122                                   
    52.5-180.0 180.0   5.0 450.0                            LAT/LON1/LON2/DLON/H
  125  118  112  106   94   88   82   78   76   75   75   77   80   85   90   95
  100  103  105  106  107  111  116  124  132  140  147  154  159  165  170  175
  178  181  183  185  187  190  193  197  202  206  209  210  208  204  196  187
  178  170  165  162  162  163  165  168  171  174  176  178  179  179  179  179
  177  174  169  163  155  149  145  140  125                                   
    50.0-180.0 180.0   5.0 450.0                            LAT/LON1/LON2/DLON/H
  129  123  116  111   98   91   85   80   76   74   73   74   76   79   83   89
   95  100  103  106  110  115  122  130  139  147  154  159  164  169  174  178
  182  186  189  192  195  199  203  207  211  215  217  218  216  211  203  194
  185  177  172  170  170  172  174  177  179  180  181  180  179  178  177  176
  173  170  166  160  154  148  145  141  129                                   
    47.5-180.0 180.0   5.0 450.0                            LAT/LON1/LON2/DLON/H
  131  126  121  116  104   97   91   85   81   78   76   75   75   76   80   85
   92   99  105  110  115  122  129  138  146  153  159  164  168  172  177  182
  186  191  195  200  205  210  215  219  222  224  226  226  224  219  212  203
  194  186  181  179  179  180  182  184  186  186  185  184  181  178  176  174
  171  168  164  159  153  148  145  141  131                                   
    45.0-180.0 180.0   5.0 450.0                            LAT/LON1/LON2/DLON/H
  131  129  124  120  109  103   97   92   89   86   82   80   77   77   79   85
   92  101  109  117  124  132  140  147  154  160  164  167  170  174  179  185
  191  197  203  210  217  224  229  233  235  236  237  236  234  230  223  214
  205  197  191  187  186  186  187  189  190  191  190  188  185  181  178  175
  172  169  164  159  153  148  145  140  131                                   
    42.5-180.0 180.0   5.0 450.0                            LAT/LON1/LON2/DLON/H
  129  128  124  121  112  108  103  100   97   95   91   88   83   81   82   87
   95  105  116  126  135  143  151  158  163  167  169  171  173  177  183  189
  196  205  213  223  232  240  245  249  250  250  250  250  248  244  237  228
  218  208  201  195  192  190  190  191  193  194  194  192  190  186  183  180
  176  171  166  160  153  147  144  139  129                                   
    40.0-180.0 180.0   5.0 450.0                            LAT/LON1/LON2/DLON/H
  124  124  121  118  111  108  106  105  104  103  100   96   91   88   87   91
  100  111  123  135  145  154  161  167  171  173  174  176  178  182  189  196
  205  215  226  238  249  258  264  267  268  268  268  268  266  262  255  245
  233  222  212  204  198  194  193  194  196  198  199  198  196  193  190  186
  181  175  168  161  153  147  142  137  124                                   
    37.5-180.0 180.0   5.0 450.0                            LAT/LON1/LON2/DLON/H
  118  117  114  111  106  105  105  106  108  109  107  104   99   94   93   97
  105  117  130  143  154  163  170  175  178  179  180  182  185  191  198  207
  217  229  242  255  268  278  285  288  289  290  290  290  288  284  276  265
  252  238  226  215  206  200  198  198  201  203  205  205  204  201  197  193
  187  180  171  162  153  145  141  134  118                                   
    35.0-180.0 180.0   5.0 450.0                            LAT/LON1/LON2/DLON/H
  112  110  107  103   98   98  100  104  108  111  111  109  104  100   98  101
  109  120  134  147  159  169  175  180  182  184  187  190  195  202  210  220
  231  244  258  273  287  298  305  310  312  313  314  315  313  309  300  288
  273  258  244  231  220  212  208  207  209  211  213  213  211  208  204  199
  191  182  172  162  152  143  139  132  112                                   
    32.5-180.0 180.0   5.0 450.0                            LAT/LON1/LON2/DLON/H
  110  105  101   95   90   91   95   99  105  109  111  110  107  103  102  104
  111  121  135  148  160  170  177  181  184  188  192  198  205  214  224  235
  247  261  275  290  304  316  325  330  334  337  339  340  339  334  325  312
  297  281  266  252  240  231  225  222  222  223  223  221  218  214  208  202
  193  183  171  160  150  141  137  130  110                                   
    30.0-180.0 180.0   5.0 450.0                            LAT/LON1/LON2/DLON/H
  111  105   99   92   86   87   91   95  101  106  109  109  107  104  103  104
  110  120  132  145  158  167  174  179  184  189  196  205  215  226  237  249
  262  275  290  305  319  330  340  347  353  358  361  363  362  357  347  335
  320  305  291  278  265  255  247  242  239  236  233  228  223  216  209  201
  191  180  168  157  148  140  137  131  111                                   
    27.5-180.0 180.0   5.0 450.0                            LAT/LON1/LON2/DLON/H
  116  109  102   94   88   88   91   94  100  104  106  106  105  103  102  103
  107  116  127  140  152  162  169  175  181  188  198  209  222  235  248  261
  273  287  301  315  328  339  349  359  366  373  377  379  378  374  366  354
  342  329  317  305  294  283  273  265  257  250  241  232  223  214  206  197
  186  175  163  154  146  140  139  133  116                                   
    25.0-180.0 180.0   5.0 450.0                            LAT/LON1/LON2/DLON/H
  124  117  110  103   95   95   97   99  102  104  105  105  103  101  100  100
  104  111  121  134  146  156  164  170  177  185  197  211  226  241  255  268
  281  294  306  319  331  342  352  363  372  379  384  387  387  383  377  368
  359  349  340  331  320  309  297  285  273  260  246  232  220  208  198  189
  178  169  158  151  145  142  142  137  124                                   
    22.5-180.0 180.0   5.0 450.0                            LAT/LON1/LON2/DLON/H
  132  128  122  115  107  106  107  107  108  108  107  105  103  100   98   98
  100  106  116  128  140  151  159  165  173  182  194  210  226  242  257  271
  284  296  307  318  329  339  350  360  370  378  383  386  386  384  381  375
  369  363  357  350  341  330  316  300  282  264  245  227  211  198  188  179
  170  162  154  148  144  144  145  141  132                                   
    20.0-180.0 180.0   5.0 450.0                            LAT/LON1/LON2/DLON/H
  139  138  133  127  120  118  118  117  117  115  112  109  105  101   98   96
   97  103  112  124  137  147  155  162  169  179  191  207  224  241  257  271
  283  295  306  316  324  334  344  354  363  370  375  377  378  379  377  375
  372  370  367  362  354  341  325  305  284  261  239  218  201  187  177  169
  162  156  150  146  144  145  147  144  139                                   
    17.5-180.0 180.0   5.0 450.0                            LAT/LON1/LON2/DLON/H
  141  143  140  136  130  128  128  126  125  121  117  113  108  104   99   96
   97  101  111  123  135  145  154  161  168  177  188  203  221  238  255  270
  283  295  305  313  321  329  337  346  354  360  363  365  367  369  370  370
  369  369  368  364  356  342  324  302  278  254  230  208  190  176  167  161
  156  152  148  145  143  144  146  143  141                                   
    15.0-180.0 180.0   5.0 450.0                            LAT/LON1/LON2/DLON/H
  138  143  142  139  135  133  133  131  129  126  121  117  112  107  101   98
   97  102  111  123  135  146  154  161  168  176  187  202  219  237  255  271
  285  297  307  315  321  328  334  341  347  350  352  353  355  358  360  362
  362  363  362  358  349  335  315  292  267  243  219  198  181  168  160  156
  152  151  147  145  142  141  142  138  138                                   
    12.5-180.0 180.0   5.0 450.0                            LAT/LON1/LON2/DLON/H
  132  137  138  136  133  131  131  130  128  125  122  119  115  109  103   99
   99  103  112  124  136  147  155  162  169  177  188  203  220  239  258  275
  290  303  313  321  327  332  337  341  344  345  344  345  347  349  352  353
  353  352  351  347  337  321  300  277  253  230  209  190  175  164  157  154
  151  151  148  145  140  136  135  130  132                                   
    10.0-180.0 180.0   5.0 450.0                            LAT/LON1/LON2/DLON/H
  124  128  129  128  126  124  124  122  122  120  119  117  115  110  105  101
  101  105  114  126  137  148  156  164  172  181  192  207  225  245  265  283
  299  313  324  332  338  342  345  347  347  346  343  342  343  344  345  344
  342  341  338  333  322  305  284  261  238  218  199  184  171  162  156  154
  152  151  149  144  137  129  126  121  124                                   
     7.5-180.0 180.0   5.0 450.0                            LAT/LON1/LON2/DLON/H
  118  119  119  118  117  114  114  112  111  111  111  112  111  108  104  101
  102  107  116  127  138  148  157  165  174  185  197  213  232  252  273  293
