data/edconvlstm_nd/pred1830.15i
     1.0            IONOSPHERE MAPS     GNSS                IONEX VERSION / TYPE
pyspatialgeodesy        IME             05-JAN-18 20:20     PGM / RUN BY / DATE 
Map Name                                                    COMMENT             
Predicted global ionosphere maps (GIM).                     DESCRIPTION         
  2015     7     2     0     0     0                        EPOCH OF FIRST MAP  
  2015     7     3     0     0     0                        EPOCH OF LAST MAP   
  7200                                                      INTERVAL            
    13                                                      # OF MAPS IN FILE   
  NONE                                                      MAPPING FUNCTION    
10.0                                                        ELEVATION CUTOFF    
One-way carrier phase leveled to code                       OBSERVABLES USED    
  6371.0                                                    BASE RADIUS         
 2                                                          MAP DIMENSION       
   450.0 450.0   0.0                                        HGT1 / HGT2 / DHGT  
    87.5 -87.5  -2.5                                        LAT1 / LAT2 / DLAT  
  -180.0 180.0   5.0                                        LON1 / LON2 / DLON  
    -1                                                      EXPONENT            
                                                            END OF HEADER       
[from data line 2145]
     6                                                      START OF TEC MAP    
  2015     7     2    10     0     0                        EPOCH OF CURRENT MAP
    87.5-180.0 180.0   5.0 450.0                            LAT/LON1/LON2/DLON/H
  144  144  140  145  146  146  144  141  142  143  143  143  143  143  143  142
  142  142  142  142  141  141  141  141  141  141  141  141  142  142  142  142
  143  143  143  143  143  144  144  144  144  144  144  144  144  143  143  143
  143  143  142  142  142  141  141  141  140  140  140  140  140  139  139  139
  139  141  140  139  144  142  149  147  144                                   
    85.0-180.0 180.0   5.0 450.0                            LAT/LON1/LON2/DLON/H
  140  145  152  149  148  150  150  150  151  151  150  150  150  150  149  149
  149  149  148  148  148  148  148  148  149  149  150  150  151  151  152  152
  153  153  154  154  154  154  154  154  154  154  154  154  153  153  153  152
  152  151  151  150  150  149  149  148  148  148  148  147  147  147  147  147
  148  149  145  144  141  143  148  152  140                                   
    82.5-180.0 180.0   5.0 450.0                            LAT/LON1/LON2/DLON/H
  137  147  149  144  142  145  145  145  146  146  145  145  144  144  143  143
  142  142  142  142  142  142  143  144  144  145  146  147  149  150  151  152
  154  155  156  156  157  157  157  158  157  157  157  156  156  155  154  154
  153  152  151  150  150  149  148  147  147  146  146  145  144  144  143  143
  143  143  139  140  139  146  145  140  137                                   
    80.0-180.0 180.0   5.0 450.0                            LAT/LON1/LON2/DLON/H
  137  145  147  146  144  144  144  145  146  146  144  144  144  143  142  142
  141  141  140  140  140  141  141  142  143  144  145  147  149  150  152  154
  156  157  159  160  161  161  162  162  162  162  161  161  160  160  159  158
  157  156  155  155  154  153  152  151  151  150  149  148  146  145  144  144
  143  142  140  141  139  144  150  142  137                                   
    77.5-180.0 180.0   5.0 450.0                            LAT/LON1/LON2/DLON/H
  141  144  147  147  145  146  145  145  145  144  142  142  141  141  140  140
  140  139  139  139  140  140  140  141  142  144  145  147  150  152  155  158
  161  163  165  167  168  169  170  170  170  170  170  170  169  169  168  167
  166  165  165  164  163  162  161  160  159  158  156  155  153  151  148  147
  145  144  139  141  143  143  146  145  141                                   
    75.0-180.0 180.0   5.0 450.0                            LAT/LON1/LON2/DLON/H
  138  143  142  144  142  144  142  142  141  141  139  138  138  137  137  137
  137  138  138  138  138  139  139  140  141  142  143  146  148  151  155  158
  162  165  168  170  172  173  174  175  175  176  176  176  176  175  175  174
  173  173  172  171  170  169  168  168  167  165  164  162  159  157  154  152
  149  146  142  140  141  143  146  141  138                                   
    72.5-180.0 180.0   5.0 450.0                            LAT/LON1/LON2/DLON/H
  136  141  139  141  138  139  138  137  136  134  132  132  132  132  133  133
  134  135  136  137  137  137  138  138  138  139  141  143  146  149  153  157
  162  166  169  172  174  176  177  178  179  179  180  180  180  180  180  180
  179  178  176  175  174  174  173  173  172  171  170  168  165  162  159  156
  153  150  146  143  142  144  145  143  136                                   
    70.0-180.0 180.0   5.0 450.0                            LAT/LON1/LON2/DLON/H
  139  139  137  136  132  131  129  127  125  124  122  122  122  123  125  126
  128  130  131  133  133  134  134  134  134  135  136  138  141  145  149  153
  158  163  167  170  172  174  176  177  178  179  180  181  181  182  182  181
  179  178  176  174  173  172  172  171  171  171  170  169  167  165  162  160
  156  152  148  146  144  146  148  147  139                                   
    67.5-180.0 180.0   5.0 450.0                            LAT/LON1/LON2/DLON/H
  139  140  136  135  129  126  122  119  117  115  113  114  115  116  119  121
  123  126  128  130  131  132  132  132  132  133  134  136  138  142  146  151
  156  161  165  168  171  173  174  175  177  178  180  182  183  183  183  182
  180  177  175  173  171  170  169  169  169  169  170  169  169  168  166  164
  161  158  154  151  148  150  152  150  139                                   
    65.0-180.0 180.0   5.0 450.0                            LAT/LON1/LON2/DLON/H
  145  144  138  135  127  122  116  111  108  106  104  105  106  109  111  114
  117  120  123  125  127  128  129  130  131  132  134  136  139  142  147  152
  157  162  166  169  171  173  175  176  178  180  182  184  186  186  186  184
  181  178  175  172  169  167  166  166  167  168  169  170  170  170  170  170
  168  166  163  161  159  161  162  160  145                                   
    62.5-180.0 180.0   5.0 450.0                            LAT/LON1/LON2/DLON/H
  151  151  143  138  127  120  111  104  100   97   95   96   98  100  103  106
  109  112  115  118  120  123  125  127  129  132  134  137  140  144  149  154
  159  164  167  171  173  175  176  178  180  182  185  187  189  189  189  186
  183  179  175  172  169  166  165  165  165  166  167  169  171  172  173  174
  174  174  172  171  169  172  173  171  151                                   
    60.0-180.0 180.0   5.0 450.0                            LAT/LON1/LON2/DLON/H
  159  158  149  142  129  119  108   99   92   88   85   86   88   90   93   95
   98  101  104  108  111  115  119  123  127  131  135  139  143  148  153  157
  162  167  170  174  176  178  179  181  183  186  189  191  193  193  192  189
  186  182  178  174  171  169  167  166  166  166  167  169  171  173  175  177
  179  180  180  180  179  183  184  181  159                                   
    57.5-180.0 180.0   5.0 450.0                            LAT/LON1/LON2/DLON/H
  166  165  156  147  133  121  108   96   88   82   78   78   79   81   83   85
   88   90   94   97  102  107  112  118  124  131  136  142  147  153  158  163
  168  172  176  179  182  184  186  188  190  193  195  198  199  199  198  195
  192  189  185  182  179  176  174  172  171  170  170  171  173  175  177  181
  184  186  187  188  188  192  193  189  166                                   
    55.0-180.0 180.0   5.0 450.0                            LAT/LON1/LON2/DLON/H
  172  170  162  153  138  125  110   96   86   78   72   71   71   72   73   75
   78   80   84   88   93   99  106  114  122  130  138  145  151  157  163  169
  174  178  182  186  189  192  194  197  199  201  203  205  206  206  205  202
  200  197  195  192  190  187  184  181  178  176  175  175  176  178  180  183
  187  190  191  193  193  197  197  194  172                                   
    52.5-180.0 180.0   5.0 450.0                            LAT/LON1/LON2/DLON/H
  175  173  167  158  143  129  114   99   87   77   70   67   65   65   66   68
   70   73   77   81   87   94  102  111  121  130  139  147  154  161  167  173
  179  184  189  194  198  201  205  207  210  211  213  214  214  214  213  211
  209  207  206  204  202  199  195  191  187  184  182  181  181  182  183  186
  189  192  194  195  195  198  197  193  175                                   
    50.0-180.0 180.0   5.0 450.0                            LAT/LON1/LON2/DLON/H
  174  172  167  160  147  134  119  104   90   79   71   66   63   62   62   64
   66   70   74   78   84   91  100  111  121  131  141  149  157  164  171  177
  184  190  196  202  207  212  216  220  222  224  224  224  224  223  222  221
  219  218  217  215  213  209  204  200  195  192  190  188  187  187  188  190
  192  195  195  196  195  196  194  189  174                                   
    47.5-180.0 180.0   5.0 450.0                            LAT/LON1/LON2/DLON/H
  170  168  164  159  148  137  124  109   97   85   76   70   65   63   63   64
   67   70   75   79   85   93  102  113  124  134  143  151  158  166  173  180
  188  195  203  210  217  224  229  234  236  238  238  237  236  235  233  232
  231  229  227  225  221  216  211  206  201  198  196  195  194  194  194  195
  197  198  197  196  193  192  188  183  170                                   
    45.0-180.0 180.0   5.0 450.0                            LAT/LON1/LON2/DLON/H
  163  160  157  154  146  138  127  115  104   93   84   77   72   68   67   68
   71   75   79   84   90   97  107  118  129  139  147  154  161  167  175  183
  192  201  210  219  228  236  244  249  252  254  254  253  251  249  248  246
  243  241  237  233  227  221  214  209  205  202  201  201  201  201  201  202
  203  203  200  198  192  188  182  176  163                                   
    42.5-180.0 180.0   5.0 450.0                            LAT/LON1/LON2/DLON/H
  154  150  147  146  140  134  128  118  110  101   94   87   82   78   76   76
   79   82   86   90   96  104  114  125  136  145  152  158  164  170  178  187
  196  206  217  228  239  249  258  265  270  272  272  271  269  267  265  262
  258  254  248  241  233  225  217  211  208  206  207  207  208  208  209  210
  210  209  205  201  193  186  178  169  154                                   
    40.0-180.0 180.0   5.0 450.0                            LAT/LON1/LON2/DLON/H
  144  139  136  134  131  128  124  119  114  109  104   99   93   89   86   86
   88   90   93   96  102  110  121  133  143  152  159  164  169  175  182  191
  202  213  225  237  249  262  273  282  288  291  292  291  289  288  285  282
  276  270  261  252  242  232  223  217  213  213  213  215  216  216  217  219
  218  217  212  205  195  185  176  166  144                                   
    37.5-180.0 180.0   5.0 450.0                            LAT/LON1/LON2/DLON/H
  137  130  125  122  120  118  118  116  116  114  112  109  105  100   97   96
   96   97   99  101  107  116  128  140  151  160  166  171  175  181  188  197
  207  219  232  245  259  273  286  297  305  309  311  312  311  310  308  304
  298  290  280  269  257  246  236  229  226  224  225  225  226  226  227  228
  227  225  218  210  198  186  175  164  137                                   
    35.0-180.0 180.0   5.0 450.0                            LAT/LON1/LON2/DLON/H
  133  124  117  111  109  108  109  111  114  117  118  118  115  110  107  105
  103  103  103  105  110  120  133  147  158  167  173  178  183  188  195  203
  213  225  239  253  268  283  297  309  319  325  329  330  331  332  331  327
  322  314  304  293  281  270  260  252  246  244  242  241  239  238  237  236
  235  231  223  214  201  187  176  164  133                                   
    32.5-180.0 180.0   5.0 450.0                            LAT/LON1/LON2/DLON/H
  133  121  112  105  101   99  101  105  111  116  121  123  122  118  114  111
  108  106  105  106  112  123  137  152  164  173  180  185  190  195  202  209
  219  231  244  259  274  290  304  318  328  336  342  345  348  351  352  350
  346  340  332  323  313  303  293  284  276  270  266  261  256  251  248  245
  240  235  226  215  203  188  177  165  133                                   
    30.0-180.0 180.0   5.0 450.0                            LAT/LON1/LON2/DLON/H
  137  123  113  103   97   95   97  100  107  114  121  125  125  122  118  114
  111  107  105  107  114  125  140  155  168  177  184  190  196  201  207  214
  223  234  248  263  278  293  308  321  333  342  349  355  360  365  369  370
  369  366  362  357  350  342  333  322  312  303  294  285  276  267  259  251
  243  235  224  213  201  187  176  166  137                                   
    27.5-180.0 180.0   5.0 450.0                            LAT/LON1/LON2/DLON/H
  144  129  120  108  101   96   97   99  105  113  120  125  126  124  120  116
  112  108  106  108  116  128  143  157  169  178  186  192  199  204  210  217
  225  236  250  265  280  294  308  320  332  342  351  359  367  374  380  385
  387  389  389  389  386  381  373  361  349  336  324  311  298  284  270  257
  244  232  218  206  195  183  174  166  144                                   
    25.0-180.0 180.0   5.0 450.0                            LAT/LON1/LON2/DLON/H
  154  139  131  119  110  104  103  102  107  113  119  124  126  124  121  117
  113  109  108  111  119  131  145  158  169  177  184  191  198  204  210  217
  226  238  251  266  280  293  305  317  329  339  349  359  369  378  386  393
  399  405  410  414  416  413  406  394  381  366  351  335  318  299  280  262
  243  226  210  198  188  177  170  164  154                                   
    22.5-180.0 180.0   5.0 450.0                            LAT/LON1/LON2/DLON/H
  163  150  145  134  125  118  114  111  113  116  120  124  125  124  122  118
  115  112  112  115  123  135  147  158  167  174  180  187  194  202  209  217
  227  239  253  268  281  293  303  314  325  336  346  357  368  378  388  396
  405  413  421  429  433  433  427  416  402  387  371  354  335  313  289  265
  241  220  202  189  180  170  165  163  163                                   
    20.0-180.0 180.0   5.0 450.0                            LAT/LON1/LON2/DLON/H
  170  161  159  150  142  133  129  124  122  122  123  125  125  125  123  120
  118  116  116  120  128  138  148  156  163  168  174  181  188  197  206  216
  228  242  257  271  284  294  304  314  324  335  345  356  366  376  386  395
  404  414  424  432  438  439  434  424  411  397  382  366  347  323  296  268
  240  216  195  182  174  165  162  162  170                                   
    17.5-180.0 180.0   5.0 450.0                            LAT/LON1/LON2/DLON/H
  174  170  171  163  156  148  143  137  133  129  127  127  127  127  125  124
  122  121  121  125  132  139  147  152  157  161  167  173  181  192  204  217
  232  247  263  277  289  300  309  318  328  338  348  357  366  375  383  392
  400  410  419  427  432  433  428  420  410  399  386  372  353  330  301  271
  240  215  194  180  172  164  161  161  174                                   
    15.0-180.0 180.0   5.0 450.0                            LAT/LON1/LON2/DLON/H
  177  176  179  171  165  157  153  147  142  136  133  131  130  130  129  127
  126  125  126  129  133  138  142  146  150  154  159  166  175  187  202  219
  236  254  270  285  298  309  319  328  338  347  355  362  368  375  382  389
  396  404  412  418  421  420  416  410  403  395  385  373  356  333  304  274
  243  218  197  183  174  166  164  163  177                                   
    12.5-180.0 180.0   5.0 450.0                            LAT/LON1/LON2/DLON/H
  178  180  182  173  168  160  157  152  147  141  136  134  133  133  132  131
  130  129  129  130  131  133  135  138  142  147  153  160  171  185  203  223
  243  261  278  293  307  320  331  341  351  359  365  370  374  378  382  388
  394  400  406  410  411  409  405  400  396  390  382  371  354  332  305  276
  247  223  204  191  182  172  170  166  178                                   
    10.0-180.0 180.0   5.0 450.0                            LAT/LON1/LON2/DLON/H
  180  182  182  171  166  158  155  151  147  141  137  136  135  135  135  134
  133  131  130  128  127  126  126  128  133  139  147  156  168  185  205  227
  248  268  285  301  316  330  343  355  365  372  376  378  380  382  385  389
  395  401  406  408  407  404  400  396  393  388  380  367  350  328  302  276
  250  230  213  201  191  180  178  172  180                                   
     7.5-180.0 180.0   5.0 450.0                            LAT/LON1/LON2/DLON/H
  183  184  182  169  162  154  150  146  142  138  135  135  135  136  136  135
  134  132  129  125  121  117  115  118  124  133  143  154  168  185  207  231
