data/edconvlstm_nd/pred1250.15i
     1.0            IONOSPHERE MAPS     GNSS                IONEX VERSION / TYPE
pyspatialgeodesy        IME             05-JAN-18 20:20     PGM / RUN BY / DATE 
Map Name                                                    COMMENT             
Predicted global ionosphere maps (GIM).                     DESCRIPTION         
  2015     5     5     0     0     0                        EPOCH OF FIRST MAP  
  2015     5     6     0     0     0                        EPOCH OF LAST MAP   
  7200                                                      INTERVAL            
    13                                                      # OF MAPS IN FILE   
  NONE                                                      MAPPING FUNCTION    
10.0                                                        ELEVATION CUTOFF    
One-way carrier phase leveled to code                       OBSERVABLES USED    
  6371.0                                                    BASE RADIUS         
 2                                                          MAP DIMENSION       
   450.0 450.0   0.0                                        HGT1 / HGT2 / DHGT  
    87.5 -87.5  -2.5                                        LAT1 / LAT2 / DLAT  
  -180.0 180.0   5.0                                        LON1 / LON2 / DLON  
    -1                                                      EXPONENT            
                                                            END OF HEADER       
[from data line 429]
     2                                                      START OF TEC MAP    
  2015     5     5     2     0     0                        EPOCH OF CURRENT MAP
    87.5-180.0 180.0   5.0 450.0                            LAT/LON1/LON2/DLON/H
  175  177  178  177  178  176  173  172  174  175  176  177  178  178  179  179
  179  179  178  177  176  175  173  172  170  168  166  164  162  160  158  157
  155  154  153  152  151  151  151  151  151  151  152  152  153  154  155  156
  158  159  160  161  163  164  165  165  166  166  167  167  167  167  166  166
  167  169  168  168  169  168  166  167  175                                   
    85.0-180.0 180.0   5.0 450.0                            LAT/LON1/LON2/DLON/H
  183  184  171  177  182  179  178  178  180  181  182  183  184  185  185  186
  185  185  184  183  182  180  178  175  173  170  168  165  163  160  158  156
  154  153  151  150  150  149  149  149  150  150  151  152  153  155  156  158
  160  162  164  166  167  169  171  172  173  174  175  175  175  175  174  175
  176  177  175  178  171  169  167  166  183                                   
    82.5-180.0 180.0   5.0 450.0                            LAT/LON1/LON2/DLON/H
  183  179  177  178  180  179  178  180  183  184  185  187  189  189  190  190
  190  189  188  186  183  181  177  174  170  167  163  159  156  152  149  146
  144  142  141  140  139  138  138  139  139  140  142  143  145  147  150  152
  155  158  161  164  167  170  172  175  177  178  179  180  180  180  180  180
  180  180  178  177  178  166  164  160  183                                   
    80.0-180.0 180.0   5.0 450.0                            LAT/LON1/LON2/DLON/H
  176  174  168  171  173  173  177  180  184  186  187  190  192  193  193  193
  193  192  190  187  184  180  176  172  167  162  158  153  149  145  141  138
  135  133  132  130  130  129  129  129  130  131  133  135  137  140  143  147
  151  155  159  163  167  171  174  178  180  182  184  185  185  185  185  185
  184  181  177  175  179  168  169  161  176                                   
    77.5-180.0 180.0   5.0 450.0                            LAT/LON1/LON2/DLON/H
  173  169  164  170  169  170  176  180  184  186  188  191  192  193  193  193
  192  190  188  185  181  177  173  168  162  157  152  147  142  138  135  132
  130  129  128  127  126  126  126  126  126  127  129  131  134  137  141  145
  149  154  159  164  169  174  178  182  185  188  190  192  192  192  191  191
  189  187  180  178  180  170  168  163  173                                   
    75.0-180.0 180.0   5.0 450.0                            LAT/LON1/LON2/DLON/H
  171  167  163  169  168  170  175  179  183  185  187  189  189  189  188  187
  185  183  181  178  175  171  166  161  156  150  145  140  136  132  130  128
  127  126  126  125  125  124  124  124  124  125  126  128  131  134  139  143
  148  153  159  164  169  174  179  183  187  190  192  194  194  194  194  194
  192  190  184  177  178  171  169  166  171                                   
    72.5-180.0 180.0   5.0 450.0                            LAT/LON1/LON2/DLON/H
  167  167  165  169  169  170  175  180  184  185  186  187  186  184  182  179
  177  175  172  170  167  164  160  155  150  144  139  134  131  128  127  127
  127  127  128  128  128  127  126  126  126  126  127  130  133  137  142  147
  152  157  162  167  172  176  181  185  188  191  194  195  196  196  196  197
  195  194  190  185  183  174  173  171  167                                   
    70.0-180.0 180.0   5.0 450.0                            LAT/LON1/LON2/DLON/H
  172  168  167  170  169  170  175  179  183  184  184  184  181  178  173  169
  166  163  161  159  157  154  151  146  141  135  130  126  123  121  121  122
  124  125  126  127  126  126  125  124  124  124  126  129  133  139  144  150
  156  161  165  170  173  177  181  184  187  190  192  194  195  195  195  196
  196  195  193  190  189  181  182  180  172                                   
    67.5-180.0 180.0   5.0 450.0                            LAT/LON1/LON2/DLON/H
  176  172  169  170  168  169  173  177  181  182  181  180  177  172  166  161
  156  153  150  149  148  146  142  138  132  126  120  116  113  112  113  115
  117  119  120  120  120  119  118  118  118  119  122  127  133  139  146  153
  159  164  168  172  175  177  180  183  186  188  190  192  192  192  192  193
  193  194  194  191  191  186  186  188  176                                   
    65.0-180.0 180.0   5.0 450.0                            LAT/LON1/LON2/DLON/H
  182  176  171  171  168  168  171  174  179  180  180  179  175  170  163  157
  151  147  144  143  142  140  136  131  125  118  112  107  105  105  106  108
  110  111  112  112  112  111  111  111  112  115  120  127  135  143  152  160
  167  171  175  177  179  181  183  185  188  190  191  192  192  191  191  191
  191  193  193  192  194  190  193  195  182                                   
    62.5-180.0 180.0   5.0 450.0                            LAT/LON1/LON2/DLON/H
  188  182  176  174  170  168  170  172  176  178  178  178  176  171  165  158
  152  147  144  142  140  137  133  127  120  113  106  102  100  100  100  102
  103  104  104  104  103  103  104  105  108  113  120  129  139  150  160  169
  176  181  184  185  186  187  189  191  194  196  197  198  197  195  193  193
  192  193  194  194  196  194  197  201  188                                   
    60.0-180.0 180.0   5.0 450.0                            LAT/LON1/LON2/DLON/H
  194  189  183  180  174  170  170  171  174  175  176  177  177  174  169  163
  157  151  146  143  140  136  131  124  117  109  104  100   98   98   98   98
   98   97   97   96   96   97   98  101  106  112  121  132  144  157  169  179
  187  191  194  195  195  196  198  201  203  206  207  207  205  202  199  196
  194  194  195  195  198  197  200  204  194                                   
    57.5-180.0 180.0   5.0 450.0                            LAT/LON1/LON2/DLON/H
  203  200  194  190  183  177  175  173  173  172  173  176  178  177  175  170
  163  156  151  146  142  137  131  123  116  109  104  102  101  100  100   99
   97   94   93   92   92   94   97  101  107  114  124  136  149  163  176  188
  196  201  204  205  206  207  210  213  216  218  220  219  217  212  207  204
  200  198  198  198  202  201  205  208  203                                   
    55.0-180.0 180.0   5.0 450.0                            LAT/LON1/LON2/DLON/H
  216  214  210  206  199  191  186  180  177  172  172  174  177  179  178  175
  168  161  154  148  143  137  131  124  117  112  109  107  107  107  106  103
   99   96   93   92   93   96   99  104  111  118  128  140  153  167  181  194
  203  209  213  215  216  219  222  226  230  233  234  233  230  224  218  213
  208  205  205  204  208  208  212  216  216                                   
    52.5-180.0 180.0   5.0 450.0                            LAT/LON1/LON2/DLON/H
  234  234  231  227  221  213  206  195  187  178  174  174  176  179  180  177
  171  163  156  150  144  139  133  127  121  118  116  117  118  118  116  111
  106  101   98   97   99  102  106  111  117  123  132  142  155  169  183  196
  207  214  220  223  227  231  236  240  244  247  248  246  243  237  230  224
  218  215  214  214  218  219  224  228  234                                   
    50.0-180.0 180.0   5.0 450.0                            LAT/LON1/LON2/DLON/H
  255  258  256  254  248  241  232  218  205  190  181  178  178  180  180  178
  172  164  157  151  146  142  137  132  128  126  126  128  130  130  127  121
  115  109  106  106  108  112  116  120  124  129  135  144  155  168  183  197
  209  218  225  231  237  243  249  254  257  259  259  257  253  248  241  236
  231  228  228  228  232  235  241  246  255                                   
    47.5-180.0 180.0   5.0 450.0                            LAT/LON1/LON2/DLON/H
  279  283  282  282  278  272  262  246  229  209  195  187  184  183  182  178
  171  164  158  153  150  147  144  140  137  136  137  140  142  141  137  131
  123  118  116  117  120  123  127  130  133  135  139  145  154  166  181  196
  209  221  231  239  247  255  261  266  268  269  268  265  262  257  252  248
  244  244  245  246  250  254  262  268  279                                   
    45.0-180.0 180.0   5.0 450.0                            LAT/LON1/LON2/DLON/H
  302  307  306  307  305  300  292  275  256  233  215  203  195  190  186  180
  173  166  161  158  157  155  152  149  146  146  147  149  151  149  144  137
  130  126  126  128  131  135  138  140  141  141  142  146  153  164  179  195
  210  224  237  248  258  266  273  277  277  276  274  271  268  264  262  260
  259  261  264  267  271  276  285  292  302                                   
    42.5-180.0 180.0   5.0 450.0                            LAT/LON1/LON2/DLON/H
  322  326  324  326  325  321  314  300  282  259  238  222  211  202  194  186
  178  172  168  167  166  165  162  159  156  154  155  156  156  153  147  140
  135  133  134  138  142  146  148  150  150  149  148  149  154  164  178  195
  212  228  243  257  269  278  284  287  286  283  280  277  275  273  273  274
  276  281  286  290  295  300  309  316  322                                   
    40.0-180.0 180.0   5.0 450.0                            LAT/LON1/LON2/DLON/H
  340  341  337  336  335  332  327  316  302  281  261  244  230  218  207  197
  187  181  179  178  178  177  173  168  164  162  161  161  159  155  148  142
  139  139  142  147  152  156  158  160  159  158  155  155  158  166  180  197
  215  233  250  266  279  289  295  297  295  291  288  286  285  286  288  292
  296  303  311  315  319  324  333  340  340                                   
    37.5-180.0 180.0   5.0 450.0                            LAT/LON1/LON2/DLON/H
  356  354  346  341  338  333  329  323  313  297  279  263  248  235  222  210
  201  194  192  192  191  188  183  177  172  169  167  166  163  157  151  146
  144  146  151  157  162  166  169  170  170  168  165  163  164  170  183  199
  218  237  255  273  288  300  307  308  306  303  300  300  301  303  307  313
  320  328  337  341  344  348  358  364  356                                   
    35.0-180.0 180.0   5.0 450.0                            LAT/LON1/LON2/DLON/H
  375  370  358  347  341  333  327  323  318  307  293  279  265  251  237  225
  215  209  206  205  203  199  192  186  181  178  176  174  170  164  158  153
  153  156  162  168  173  177  179  181  182  180  176  173  172  176  187  202
  220  239  259  278  295  309  318  321  320  319  318  320  323  327  332  339
  346  355  364  368  369  374  384  390  375                                   
    32.5-180.0 180.0   5.0 450.0                            LAT/LON1/LON2/DLON/H
  402  394  379  363  354  341  332  328  323  315  303  291  278  264  251  238
  229  222  219  216  213  207  200  194  191  189  189  187  183  177  171  167
  167  171  177  183  186  189  191  193  193  192  187  182  179  181  190  203
  220  239  260  280  300  316  328  334  337  338  341  346  351  356  362  368
  376  385  393  395  396  402  412  420  402                                   
    30.0-180.0 180.0   5.0 450.0                            LAT/LON1/LON2/DLON/H
  440  431  415  398  386  370  356  347  340  329  317  304  290  276  262  250
  239  232  227  223  218  212  207  204  204  205  207  207  203  197  191  187
  187  191  196  199  201  201  202  203  203  200  195  189  184  184  191  203
  218  237  257  279  301  320  335  346  353  360  368  377  385  392  397  403
  409  417  424  425  426  433  444  457  440                                   
    27.5-180.0 180.0   5.0 450.0                            LAT/LON1/LON2/DLON/H
  489  482  469  455  443  427  407  392  378  361  342  324  307  290  274  259
  247  238  231  225  219  215  214  216  220  226  230  231  228  223  216  212
  211  213  215  215  214  212  210  210  208  205  198  191  185  184  189  200
  214  233  253  275  298  320  338  354  367  380  394  408  421  430  435  440
  446  453  459  460  460  469  481  499  489                                   
    25.0-180.0 180.0   5.0 450.0                            LAT/LON1/LON2/DLON/H
  546  541  537  533  525  511  488  466  442  415  387  359  334  311  290  271
  254  241  231  224  219  219  223  230  240  248  255  257  255  249  242  237
  234  232  230  227  222  217  213  211  208  203  196  189  183  181  185  195
  209  227  247  269  293  316  338  357  376  395  416  437  454  466  473  478
  484  490  495  497  499  509  523  546  546                                   
    22.5-180.0 180.0   5.0 450.0                            LAT/LON1/LON2/DLON/H
  603  602  611  622  621  614  591  564  532  495  454  414  377  344  314  288
  265  247  233  224  221  225  234  247  260  270  277  279  277  271  263  255
  249  243  237  230  222  215  209  205  200  195  189  182  177  175  179  188
  203  221  241  264  287  311  335  357  380  405  432  458  480  495  505  511
  519  526  531  536  539  550  566  595  603                                   
    20.0-180.0 180.0   5.0 450.0                            LAT/LON1/LON2/DLON/H
  650  653  678  705  714  717  699  673  637  592  541  488  438  392  351  314
  283  258  240  230  228  235  248  264  278  287  292  292  288  280  270  259
  250  241  232  223  214  206  199  193  188  183  178  172  168  167  171  180
  195  215  237  260  284  308  332  356  382  410  441  471  497  516  529  538
  548  557  564  571  576  587  605  638  650                                   
    17.5-180.0 180.0   5.0 450.0                            LAT/LON1/LON2/DLON/H
  680  687  724  765  783  796  788  770  737  691  635  573  512  454  400  352
  311  279  256  244  242  251  265  280  291  296  296  292  284  273  261  249
  238  229  220  211  202  193  185  178  173  169  166  162  159  158  161  172
  188  210  234  259  283  307  330  355  382  413  446  478  507  530  546  558
  570  581  590  601  606  614  635  669  680                                   
    15.0-180.0 180.0   5.0 450.0                            LAT/LON1/LON2/DLON/H
  689  700  744  789  813  833  835  828  806  769  716  654  587  521  458  400
  350  311  284  269  265  271  283  293  298  296  288  278  266  254  242  231
  221  213  205  198  189  181  172  165  160  158  156  154  150  149  152  163
  182  206  233  260  285  309  332  357  385  416  450  485  515  540  558  572
  587  599  610  622  627  631  654  686  689                                   
    12.5-180.0 180.0   5.0 450.0                            LAT/LON1/LON2/DLON/H
  684  698  738  778  801  822  831  835  828  806  766  712  648  581  513  450
  396  352  321  302  294  295  300  301  296  285  269  254  241  229  220  212
  205  200  194  188  180  171  163  155  151  150  150  148  144  141  143  154
  174  201  231  260  287  313  337  362  389  420  455  491  523  548  567  583
  599  612  625  637  640  641  664  691  684                                   
    10.0-180.0 180.0   5.0 450.0                            LAT/LON1/LON2/DLON/H
  675  688  719  746  760  773  781  792  799  795  773  734  681  619  555  493
  439  395  362  339  325  318  312  302  286  266  245  228  216  208  203  199
  196  192  187  182  174  165  157  150  148  148  148  146  140  134  134  143
  164  194  226  258  288  315  341  367  394  425  460  496  529  555  575  591
  608  622  635  647  649  648  670  691  675                                   
     7.5-180.0 180.0   5.0 450.0                            LAT/LON1/LON2/DLON/H
  672  683  698  709  707  707  706  716  732  743  738  715  677  627  572  518
  469  428  397  372  351  334  316  295  270  244  222  207  199  196  195  194
