data/edconvlstm_nd/pred1450.15i
     1.0            IONOSPHERE MAPS     GNSS                IONEX VERSION / TYPE
pyspatialgeodesy        IME             05-JAN-18 20:20     PGM / RUN BY / DATE 
Map Name                                                    COMMENT             
Predicted global ionosphere maps (GIM).                     DESCRIPTION         
  2015     5    25     0     0     0                        EPOCH OF FIRST MAP  
  2015     5    26     0     0     0                        EPOCH OF LAST MAP   
  7200                                                      INTERVAL            
    13                                                      # OF MAPS IN FILE   
  NONE                                                      MAPPING FUNCTION    
10.0                                                        ELEVATION CUTOFF    
One-way carrier phase leveled to code                       OBSERVABLES USED    
  6371.0                                                    BASE RADIUS         
 2                                                          MAP DIMENSION       
   450.0 450.0   0.0                                        HGT1 / HGT2 / DHGT  
    87.5 -87.5  -2.5                                        LAT1 / LAT2 / DLAT  
  -180.0 180.0   5.0                                        LON1 / LON2 / DLON  
    -1                                                      EXPONENT            
                                                            END OF HEADER       
[from data line 4719]
    12                                                      START OF TEC MAP    
  2015     5    25    22     0     0                        EPOCH OF CURRENT MAP
    87.5-180.0 180.0   5.0 450.0                            LAT/LON1/LON2/DLON/H
  201  187  170  178  179  179  180  179  179  180  180  181  181  180  180  180
  179  178  177  176  174  173  171  169  167  165  163  162  160  158  156  154
  153  151  150  148  147  147  146  145  145  145  145  145  145  145  146  146
  146  147  148  148  149  149  150  151  151  152  153  154  154  155  157  158
  158  160  160  163  176  178  180  187  201                                   
    85.0-180.0 180.0   5.0 450.0                            LAT/LON1/LON2/DLON/H
  197  197  199  193  190  195  195  197  197  199  199  199  199  199  199  198
  197  196  194  192  191  188  186  184  181  178  176  173  170  167  165  162
  160  158  156  154  153  152  151  150  150  149  149  150  150  150  151  152
  152  153  154  155  156  156  157  158  159  160  161  162  164  165  166  168
  170  172  174  175  183  175  177  184  197                                   
    82.5-180.0 180.0   5.0 450.0                            LAT/LON1/LON2/DLON/H
  186  194  195  194  195  202  204  206  206  208  208  209  209  209  208  207
  205  203  201  198  195  192  188  184  180  176  172  168  163  159  155  152
  148  145  143  141  139  138  137  136  136  136  137  137  138  139  140  142
  143  144  145  147  148  149  150  151  152  153  154  156  157  159  161  163
  165  166  169  176  182  189  185  181  186                                   
    80.0-180.0 180.0   5.0 450.0                            LAT/LON1/LON2/DLON/H
  186  197  201  199  198  203  207  212  213  215  216  217  217  216  215  213
  211  208  205  202  198  194  190  185  181  175  170  165  159  154  150  146
  142  139  136  134  133  132  132  132  133  133  135  136  138  139  141  143
  145  147  148  150  151  152  152  153  153  154  155  156  158  159  161  164
  167  168  172  176  180  177  180  184  186                                   
    77.5-180.0 180.0   5.0 450.0                            LAT/LON1/LON2/DLON/H
  193  195  204  201  204  210  213  218  220  223  224  225  224  224  222  219
  216  213  210  206  202  198  193  188  183  177  171  165  159  153  148  144
  140  138  136  135  134  134  135  135  136  138  139  141  143  146  148  151
  153  156  157  159  160  160  160  160  160  160  161  161  162  164  166  168
  170  172  175  179  187  181  189  198  193                                   
    75.0-180.0 180.0   5.0 450.0                            LAT/LON1/LON2/DLON/H
  192  195  199  197  198  206  208  213  217  220  221  222  221  219  217  214
  210  206  203  199  195  191  187  183  177  172  166  160  154  148  143  140
  137  135  135  135  135  136  137  138  140  141  142  144  146  149  152  155
  158  160  162  164  164  164  164  163  163  162  162  163  163  165  167  169
  171  174  178  178  184  178  185  187  192                                   
    72.5-180.0 180.0   5.0 450.0                            LAT/LON1/LON2/DLON/H
  190  192  197  199  198  204  209  213  216  219  220  221  220  218  214  210
  206  201  198  194  190  187  183  179  175  169  163  156  150  145  140  137
  135  135  135  137  138  140  141  142  143  143  144  145  147  149  152  155
  159  162  164  166  166  166  166  165  164  163  163  164  165  166  169  171
  173  175  179  178  183  178  185  194  190                                   
    70.0-180.0 180.0   5.0 450.0                            LAT/LON1/LON2/DLON/H
  190  190  193  192  190  197  201  206  209  213  214  215  213  210  206  201
  196  192  188  184  181  179  176  172  168  163  157  151  145  140  136  134
  133  134  136  138  140  142  143  143  142  141  141  140  141  142  144  148
  151  154  157  159  160  160  160  159  158  158  159  160  162  164  168  171
  172  175  179  179  183  179  187  194  190                                   
    67.5-180.0 180.0   5.0 450.0                            LAT/LON1/LON2/DLON/H
  195  193  197  197  195  200  204  209  213  217  218  219  218  214  210  205
  199  194  190  187  184  182  180  177  173  168  162  155  150  145  142  140
  140  142  144  146  148  150  150  149  147  144  141  139  138  138  140  143
  146  150  153  156  157  157  157  157  157  158  160  163  166  169  173  177
  179  181  185  184  186  182  189  197  195                                   
    65.0-180.0 180.0   5.0 450.0                            LAT/LON1/LON2/DLON/H
  199  196  199  198  195  200  203  208  212  216  217  219  217  215  211  206
  200  195  191  188  186  184  182  180  176  171  165  159  154  149  147  146
  146  147  149  151  152  152  151  148  144  139  135  130  127  126  127  130
  134  138  141  144  146  147  147  148  149  152  156  160  165  169  174  178
  180  183  187  187  191  186  193  201  199                                   
    62.5-180.0 180.0   5.0 450.0                            LAT/LON1/LON2/DLON/H
  207  203  206  205  202  205  207  211  214  218  220  222  221  220  217  213
  208  204  200  197  195  194  192  189  185  181  175  169  164  161  158  157
  157  157  157  157  157  155  153  149  143  137  131  125  121  119  119  121
  124  128  132  135  136  138  139  141  144  149  154  160  167  172  177  182
  184  186  190  190  194  189  196  205  207                                   
    60.0-180.0 180.0   5.0 450.0                            LAT/LON1/LON2/DLON/H
  215  210  213  212  208  210  211  213  216  219  221  223  224  223  222  220
  217  214  211  208  206  205  203  200  197  192  187  182  178  175  173  171
  170  168  166  163  161  158  154  149  143  137  129  123  117  114  113  114
  117  121  124  127  128  129  131  134  139  146  154  162  169  175  181  185
  187  189  192  193  197  193  202  211  215                                   
    57.5-180.0 180.0   5.0 450.0                            LAT/LON1/LON2/DLON/H
  222  218  221  219  216  217  216  217  218  220  221  223  225  226  227  226
  225  223  221  219  218  216  215  213  209  206  201  197  194  191  189  187
  184  179  174  169  164  160  155  151  145  139  132  125  119  115  113  113
  115  118  121  122  123  124  126  131  137  146  155  165  173  180  185  189
  190  193  196  196  200  197  206  216  222                                   
    55.0-180.0 180.0   5.0 450.0                            LAT/LON1/LON2/DLON/H
  229  226  228  227  223  224  223  222  222  222  222  224  225  227  229  231
  231  231  230  229  227  226  225  224  222  219  216  213  210  208  205  202
  196  189  182  174  167  162  158  154  150  144  138  132  126  121  118  118
  119  120  122  122  122  123  125  130  138  148  159  169  178  185  191  194
  195  198  200  200  204  201  210  221  229                                   
    52.5-180.0 180.0   5.0 450.0                            LAT/LON1/LON2/DLON/H
  233  232  234  233  230  232  230  229  227  226  225  225  226  228  230  233
  234  235  235  234  234  234  233  233  232  230  227  225  223  221  218  213
  206  197  187  178  170  165  161  159  156  152  147  141  135  130  127  125
  125  125  125  125  124  123  126  131  140  152  164  175  184  191  196  200
  201  204  207  206  209  207  215  225  233                                   
    50.0-180.0 180.0   5.0 450.0                            LAT/LON1/LON2/DLON/H
  237  236  238  238  237  240  239  238  236  235  232  231  230  231  232  234
  236  237  237  238  238  239  240  240  240  239  237  235  233  230  226  220
  212  202  191  181  174  169  167  165  163  161  157  152  146  141  137  134
  133  132  131  129  127  126  128  134  144  157  169  181  190  197  203  207
  210  213  216  215  217  215  221  231  237                                   
    47.5-180.0 180.0   5.0 450.0                            LAT/LON1/LON2/DLON/H
  241  240  242  243  243  248  249  250  249  248  244  242  240  238  237  237
  237  238  239  240  242  244  245  247  247  247  245  242  238  234  229  223
  214  203  193  184  178  175  173  172  171  169  166  161  157  151  147  143
  141  139  137  134  131  130  131  138  148  161  175  187  197  204  210  216
  219  224  228  227  228  224  229  238  241                                   
    45.0-180.0 180.0   5.0 450.0                            LAT/LON1/LON2/DLON/H
  245  245  247  248  250  257  261  264  266  266  263  260  255  251  246  243
  240  240  242  244  247  249  252  254  255  254  252  247  241  235  228  221
  212  203  195  189  185  183  182  181  179  176  173  170  165  160  155  151
  148  145  142  139  135  133  134  141  152  166  180  193  203  211  218  225
  230  236  241  240  240  236  239  248  245                                   
    42.5-180.0 180.0   5.0 450.0                            LAT/LON1/LON2/DLON/H
  252  251  254  255  259  268  274  280  285  287  286  283  277  270  261  253
  248  246  247  250  254  258  261  263  264  263  259  252  243  233  225  217
  210  203  198  194  193  192  191  189  186  183  180  177  173  168  163  158
  154  150  146  142  137  135  136  143  155  169  184  198  209  218  226  234
  240  247  253  253  253  249  251  259  252                                   
    40.0-180.0 180.0   5.0 450.0                            LAT/LON1/LON2/DLON/H
  262  261  264  265  271  280  288  297  304  310  311  309  303  293  280  268
  259  255  256  260  266  270  273  275  275  273  267  257  245  232  222  213
  208  204  202  202  202  203  201  198  193  189  186  183  180  175  170  164
  159  154  149  144  139  136  137  144  155  171  187  202  214  224  233  241
  248  256  263  265  265  262  264  273  262                                   
    37.5-180.0 180.0   5.0 450.0                            LAT/LON1/LON2/DLON/H
  276  275  279  280  286  295  304  313  323  331  336  336  330  318  302  286
  273  268  269  274  280  285  288  289  288  285  277  264  249  233  221  212
  208  206  208  210  212  213  211  206  201  196  194  192  188  184  177  170
  163  157  151  145  139  136  136  143  154  170  188  204  217  228  238  246
  253  262  269  273  275  274  276  287  276                                   
    35.0-180.0 180.0   5.0 450.0                            LAT/LON1/LON2/DLON/H
  294  294  299  299  306  313  321  330  341  351  358  361  356  344  326  306
  291  284  285  291  297  302  304  304  302  298  288  274  256  238  223  215
  211  211  214  218  221  221  219  214  209  205  203  201  198  193  185  176
  168  160  153  146  139  135  134  140  151  167  186  203  218  230  240  248
  254  263  270  276  281  283  288  301  294                                   
    32.5-180.0 180.0   5.0 450.0                            LAT/LON1/LON2/DLON/H
  314  315  321  321  329  334  342  349  360  370  378  383  381  369  349  327
  310  302  303  309  315  319  320  318  316  310  300  285  265  245  230  220
  217  217  221  224  227  227  224  220  216  213  213  212  209  202  193  182
  172  163  154  146  138  133  131  136  146  162  181  199  216  229  239  246
  251  259  267  275  283  289  298  313  314                                   
    30.0-180.0 180.0   5.0 450.0                            LAT/LON1/LON2/DLON/H
  335  337  345  346  356  359  365  371  380  390  399  405  404  393  373  351
  332  322  322  328  334  337  335  332  328  322  311  295  275  255  238  228
  223  223  224  226  227  226  224  222  221  221  222  221  217  210  199  186
  175  164  154  145  136  130  128  130  139  154  172  192  210  224  235  241
  245  253  261  271  282  292  305  323  335                                   
    27.5-180.0 180.0   5.0 450.0                            LAT/LON1/LON2/DLON/H
  355  358  368  372  384  388  394  397  405  414  422  428  428  419  400  377
  357  346  344  348  353  353  350  344  338  331  320  304  284  264  247  235
  228  224  223  222  221  220  220  220  222  225  227  227  222  212  200  187
  174  163  152  142  133  126  123  124  131  144  161  181  200  216  227  235
  239  247  255  266  280  294  311  331  355                                   
    25.0-180.0 180.0   5.0 450.0                            LAT/LON1/LON2/DLON/H
  370  375  388  395  411  418  425  428  435  442  450  456  456  448  431  409
  388  374  369  370  372  370  364  355  346  336  324  308  290  270  253  238
  228  220  215  211  209  209  210  214  219  224  227  226  220  209  196  182
  170  158  147  138  129  122  117  117  121  132  149  168  188  205  218  227
  232  242  251  263  278  295  314  337  370                                   
    22.5-180.0 180.0   5.0 450.0                            LAT/LON1/LON2/DLON/H
  379  386  401  413  433  444  455  461  469  476  482  488  489  482  467  446
  425  408  399  396  394  388  378  366  352  339  324  308  290  271  253  237
  222  211  202  197  194  195  199  205  212  218  221  218  210  199  186  173
  161  150  140  131  123  116  111  110  113  122  136  155  175  193  208  219
  227  239  250  262  277  296  317  342  379                                   
    20.0-180.0 180.0   5.0 450.0                            LAT/LON1/LON2/DLON/H
  383  390  407  422  447  463  479  489  501  509  516  522  524  520  508  489
  467  448  434  425  418  407  393  376  357  338  320  302  284  266  248  229
  212  198  187  182  180  183  188  196  204  209  210  205  196  184  172  160
  150  140  132  124  116  110  105  103  105  112  125  142  161  181  198  213
  225  239  252  264  279  298  320  345  383                                   
    17.5-180.0 180.0   5.0 450.0                            LAT/LON1/LON2/DLON/H
  381  389  406  422  450  471  492  508  524  536  546  553  557  556  548  532
  512  491  473  457  443  428  408  385  360  335  312  292  274  257  239  219
  201  185  175  171  172  176  182  190  196  199  197  190  180  168  157  147
  138  130  123  116  110  105  101   99  100  105  116  132  150  170  190  209
  224  242  257  270  284  302  323  348  381                                   
    15.0-180.0 180.0   5.0 450.0                            LAT/LON1/LON2/DLON/H
  377  385  402  416  443  467  492  512  534  551  564  575  582  585  581  571
  554  532  510  489  469  447  422  393  362  330  303  280  262  246  229  210
  192  178  170  168  171  176  182  187  190  190  185  176  165  154  144  135
  128  121  115  109  105  101   97   96   96  101  110  124  142  162  184  206
  225  246  263  276  289  307  328  352  377                                   
    12.5-180.0 180.0   5.0 450.0                            LAT/LON1/LON2/DLON/H
  374  382  397  407  432  454  480  503  528  550  567  582  593  600  602  597
  584  564  541  515  490  463  433  399  362  325  293  269  251  236  221  205
  189  178  173  174  178  183  187  189  189  184  176  166  155  145  136  128
  121  114  109  104  101   98   96   94   95   98  106  119  136  156  180  204
  226  250  269  283  296  314  334  357  374                                   
    10.0-180.0 180.0   5.0 450.0                            LAT/LON1/LON2/DLON/H
  374  384  396  401  421  439  462  484  510  534  555  572  586  597  604  604
  597  581  558  531  503  472  438  401  360  320  286  260  243  230  219  206
  194  186  184  187  192  195  197  195  190  182  172  161  151  142  133  125
  117  110  105  101   98   96   95   94   94   97  103  115  131  152  177  202
  226  251  272  287  301  320  341  362  374                                   
     7.5-180.0 180.0   5.0 450.0                            LAT/LON1/LON2/DLON/H
  380  391  401  401  416  428  446  463  487  510  531  549  564  577  587  592
  590  579  559  533  504  471  436  397  356  316  281  255  239  229  220  212
