data/edconvlstm_nd/pred0530.15i
     1.0            IONOSPHERE MAPS     GNSS                IONEX VERSION / TYPE
pyspatialgeodesy        IME             05-JAN-18 20:20     PGM / RUN BY / DATE 
Map Name                                                    COMMENT             
Predicted global ionosphere maps (GIM).                     DESCRIPTION         
  2015     2    22     0     0     0                        EPOCH OF FIRST MAP  
  2015     2    23     0     0     0                        EPOCH OF LAST MAP   
  7200                                                      INTERVAL            
    13                                                      # OF MAPS IN FILE   
  NONE                                                      MAPPING FUNCTION    
10.0                                                        ELEVATION CUTOFF    
One-way carrier phase leveled to code                       OBSERVABLES USED    
  6371.0                                                    BASE RADIUS         
 2                                                          MAP DIMENSION       
   450.0 450.0   0.0                                        HGT1 / HGT2 / DHGT  
    87.5 -87.5  -2.5                                        LAT1 / LAT2 / DLAT  
  -180.0 180.0   5.0                                        LON1 / LON2 / DLON  
    -1                                                      EXPONENT            
                                                            END OF HEADER       
[from data line 3861]
    10                                                      START OF TEC MAP    
  2015     2    22    18     0     0                        EPOCH OF CURRENT MAP
    87.5-180.0 180.0   5.0 450.0                            LAT/LON1/LON2/DLON/H
  130  134  128  133  136  134  133  130  130  132  132  134  135  136  138  139
  140  142  143  144  145  145  145  145  145  144  144  143  142  141  140  139
  138  137  137  136  135  135  135  135  135  136  136  137  138  139  140  141
  143  144  145  147  148  149  150  151  152  152  152  152  152  152  151  150
  148  147  144  140  145  139  147  138  130                                   
    85.0-180.0 180.0   5.0 450.0                            LAT/LON1/LON2/DLON/H
  135  131  140  127  125  129  128  130  131  133  133  135  137  139  141  144
  146  148  149  150  151  152  152  152  151  150  149  147  146  144  143  141
  140  139  137  136  136  135  135  135  135  136  136  138  139  141  142  144
  146  148  150  152  154  156  157  159  160  160  160  160  160  159  158  156
  155  153  147  140  139  134  133  132  135                                   
    82.5-180.0 180.0   5.0 450.0                            LAT/LON1/LON2/DLON/H
  116  115  114  107  109  112  115  116  116  119  121  125  128  131  135  138
  142  145  147  149  151  151  151  151  150  148  146  144  142  139  137  134
  132  130  128  126  124  123  122  121  121  122  122  124  125  127  130  132
  135  138  141  144  147  150  152  154  156  157  157  157  157  155  153  151
  149  145  139  135  130  133  120  116  116                                   
    80.0-180.0 180.0   5.0 450.0                            LAT/LON1/LON2/DLON/H
   92   87   89   84   84   84   89   93   97  102  106  111  116  122  127  133
  138  142  146  149  150  151  151  150  148  145  142  138  135  131  127  124
  120  116  113  110  107  104  102  100   99   99   99  100  102  105  108  112
  116  120  124  129  133  136  140  142  145  146  147  147  146  144  142  139
  135  131  125  120  109  105   96   99   92                                   
    77.5-180.0 180.0   5.0 450.0                            LAT/LON1/LON2/DLON/H
   85   75   74   70   73   74   80   84   89   94   99  106  113  121  128  135
  142  148  152  156  158  159  159  158  155  152  148  144  140  136  132  127
  123  118  114  109  104  100   96   92   89   86   85   85   86   88   91   94
   99  104  109  114  119  123  127  130  133  135  136  136  135  133  131  127
  123  118  112  108   99   89   84   90   85                                   
    75.0-180.0 180.0   5.0 450.0                            LAT/LON1/LON2/DLON/H
   74   69   66   65   69   72   77   83   90   97  103  111  119  127  135  143
  150  157  162  167  169  170  170  168  165  162  158  154  149  145  141  136
  131  126  120  114  107  100   93   87   82   77   74   73   73   74   77   80
   85   89   95   99  104  108  112  115  117  119  121  121  121  120  117  114
  110  105  101   93   86   77   72   69   74                                   
    72.5-180.0 180.0   5.0 450.0                            LAT/LON1/LON2/DLON/H
   73   70   70   75   78   83   91   97  102  109  116  124  131  139  147  155
  163  170  176  181  184  185  185  183  180  176  172  168  163  159  156  151
  147  141  134  127  118  109   99   90   82   75   70   67   65   65   67   70
   74   78   82   86   90   93   96   98  100  102  103  104  105  104  103  101
   97   94   90   84   77   72   69   72   73                                   
    70.0-180.0 180.0   5.0 450.0                            LAT/LON1/LON2/DLON/H
   73   75   77   84   90   97  105  113  120  128  134  141  147  154  161  168
  174  181  187  192  195  197  197  195  192  188  184  181  177  174  171  167
  163  157  149  140  129  117  105   94   84   75   68   63   61   60   61   63
   66   69   72   74   77   78   79   80   81   82   83   85   86   87   88   87
   84   81   80   75   71   68   70   72   73                                   
    67.5-180.0 180.0   5.0 450.0                            LAT/LON1/LON2/DLON/H
   74   80   85   96  106  116  127  137  145  152  158  164  169  174  179  184
  190  196  201  206  209  211  211  209  206  202  198  194  191  188  186  183
  179  173  164  154  142  128  114  101   89   80   72   66   62   61   61   62
   64   66   67   68   69   69   68   68   67   68   69   71   74   76   77   77
   76   74   73   69   66   65   67   69   74                                   
    65.0-180.0 180.0   5.0 450.0                            LAT/LON1/LON2/DLON/H
   68   78   84   99  112  126  139  152  162  172  179  184  188  191  194  198
  202  206  210  214  217  218  218  216  213  210  206  202  200  198  196  193
  189  182  173  161  147  132  117  103   91   80   72   66   62   60   59   58
   59   59   59   59   58   56   55   53   52   52   53   56   59   62   64   65
   64   63   63   60   59   61   65   68   68                                   
    62.5-180.0 180.0   5.0 450.0                            LAT/LON1/LON2/DLON/H
   60   71   78   95  111  128  145  162  175  187  196  202  207  209  211  213
  215  217  220  222  224  225  225  223  220  216  212  209  206  205  203  200
  195  187  176  163  148  132  116  101   89   79   71   65   61   58   56   54
   53   52   52   50   49   47   44   43   41   42   43   46   49   53   55   57
   56   55   55   52   51   53   56   61   60                                   
    60.0-180.0 180.0   5.0 450.0                            LAT/LON1/LON2/DLON/H
   50   59   67   85  102  121  142  163  181  197  209  217  223  226  228  229
  229  229  230  230  230  230  229  227  223  220  216  214  212  210  208  205
  199  190  177  162  145  129  113   98   87   77   70   65   60   56   53   50
   48   46   45   43   42   40   38   36   35   36   38   41   45   48   51   52
   51   49   48   45   44   46   49   55   50                                   
    57.5-180.0 180.0   5.0 450.0                            LAT/LON1/LON2/DLON/H
   43   50   57   75   92  113  137  161  183  202  218  230  238  243  245  246
  245  243  241  239  237  235  233  230  227  224  222  220  219  218  216  211
  204  193  178  162  144  127  111   98   87   79   73   67   62   58   53   49
   46   43   42   41   39   38   37   37   37   38   41   45   49   52   54   55
   53   50   48   44   43   42   44   52   43                                   
    55.0-180.0 180.0   5.0 450.0                            LAT/LON1/LON2/DLON/H
   43   48   53   70   87  107  133  159  184  207  226  241  252  259  263  264
  263  259  255  249  244  240  237  234  232  230  229  228  228  228  226  220
  211  198  182  164  146  129  113  101   91   84   78   73   68   62   57   52
   48   45   44   43   43   43   44   45   46   48   52   56   59   63   64   64
   61   58   56   52   48   47   46   55   43                                   
    52.5-180.0 180.0   5.0 450.0                            LAT/LON1/LON2/DLON/H
   53   55   60   74   91  111  136  162  189  213  234  251  265  274  280  282
  281  276  269  261  253  247  243  240  238  238  238  239  241  240  238  231
  220  205  188  169  151  134  120  108   99   93   87   82   77   71   65   60
   56   54   53   53   54   55   57   59   62   65   69   72   76   79   80   80
   76   73   71   67   63   60   58   64   53                                   
    50.0-180.0 180.0   5.0 450.0                            LAT/LON1/LON2/DLON/H
   72   71   76   89  105  125  149  173  199  222  244  262  277  289  297  301
  300  295  286  275  265  257  252  250  249  250  251  253  255  254  250  242
  229  212  194  175  158  143  129  119  110  104   98   93   88   82   76   72
   69   68   68   69   71   73   76   79   82   85   88   92   95   97   99   98
   95   93   90   88   84   80   77   80   72                                   
    47.5-180.0 180.0   5.0 450.0                            LAT/LON1/LON2/DLON/H
   95   93   99  110  127  147  168  191  214  236  256  275  290  303  312  317
  317  312  302  290  279  270  265  263  262  264  265  267  267  265  259  248
  233  216  198  180  164  151  139  129  120  114  108  103   98   93   89   86
   85   85   86   88   90   93   95   98  101  104  107  109  112  114  116  116
  113  112  110  109  107  102  100  101   95                                   
    45.0-180.0 180.0   5.0 450.0                            LAT/LON1/LON2/DLON/H
  116  114  120  134  152  171  191  211  232  252  271  289  304  316  326  332
  333  328  317  305  294  286  280  278  277  278  278  277  274  268  259  246
  230  213  196  181  168  156  146  136  128  121  115  110  106  103  100   99
   99  101  103  105  107  108  110  113  115  117  119  121  123  126  128  129
  127  126  125  126  126  122  120  121  116                                   
    42.5-180.0 180.0   5.0 450.0                            LAT/LON1/LON2/DLON/H
  129  127  135  152  172  192  211  230  249  269  287  304  318  331  340  346
  347  341  332  320  310  302  297  294  291  289  285  280  273  263  250  236
  220  205  191  179  169  160  151  142  133  126  120  115  112  109  107  107
  109  111  113  115  116  116  118  119  121  122  123  125  127  130  133  135
  133  133  133  134  135  133  132  136  129                                   
    40.0-180.0 180.0   5.0 450.0                            LAT/LON1/LON2/DLON/H
  129  129  140  160  183  204  224  243  262  282  301  319  333  345  354  359
  359  354  345  336  327  319  313  308  302  295  287  277  265  252  238  223
  210  198  188  179  172  165  157  148  139  131  125  120  116  113  112  111
  112  114  115  116  116  116  116  117  118  119  120  121  124  128  132  134
  133  132  131  131  132  131  130  138  129                                   
    37.5-180.0 180.0   5.0 450.0                            LAT/LON1/LON2/DLON/H
  118  120  134  158  184  206  228  248  270  293  314  333  349  361  368  372
  371  367  359  351  344  337  329  320  309  297  285  271  256  242  229  217
  208  201  195  190  185  178  170  160  150  141  134  129  125  120  117  114
  113  112  111  110  109  109  110  111  112  112  112  114  117  122  126  129
  127  125  123  120  119  118  117  127  118                                   
    35.0-180.0 180.0   5.0 450.0                            LAT/LON1/LON2/DLON/H
  103  106  122  148  176  199  225  247  273  299  325  347  364  376  383  386
  385  380  374  368  362  354  343  330  315  299  284  269  255  242  232  225
  221  220  219  217  212  205  194  182  170  160  152  146  140  133  127  120
  114  109  105  102  101  102  104  105  106  106  107  108  112  117  122  124
  122  118  113  107  103   99   98  110  103                                   
    32.5-180.0 180.0   5.0 450.0                            LAT/LON1/LON2/DLON/H
   91   94  111  137  166  189  218  243  273  303  333  359  378  391  398  400
  398  394  390  385  379  369  355  338  320  304  290  278  267  258  253  252
  256  261  264  263  256  245  231  215  201  189  180  173  165  156  146  134
  123  113  105  100   99  101  104  107  108  108  108  109  113  118  123  125
  122  116  108   99   91   84   81   95   91                                   
    30.0-180.0 180.0   5.0 450.0                            LAT/LON1/LON2/DLON/H
   88   90  106  131  160  181  212  240  272  307  340  369  391  406  413  415
  413  410  406  402  395  383  366  347  329  316  307  301  297  295  296  304
  314  325  330  328  316  298  278  257  239  226  217  209  201  190  177  160
  143  127  115  109  108  112  117  121  122  121  120  121  124  128  133  135
  130  124  113  100   90   79   73   86   88                                   
    27.5-180.0 180.0   5.0 450.0                            LAT/LON1/LON2/DLON/H
   96   96  111  134  161  181  212  240  274  311  347  378  403  419  427  429
  428  425  422  417  409  394  375  357  343  337  337  341  347  353  364  379
  396  410  414  406  386  358  329  303  282  267  258  251  243  233  218  200
  178  158  142  134  134  139  145  149  149  147  145  144  146  149  152  153
  148  141  128  113  101   87   76   85   96                                   
    25.0-180.0 180.0   5.0 450.0                            LAT/LON1/LON2/DLON/H
  115  113  125  147  172  191  222  248  281  317  353  386  413  430  440  444
  444  442  439  432  421  404  385  370  364  368  382  399  416  433  451  472
  493  506  505  487  455  417  378  345  320  305  296  290  286  279  267  250
  227  204  186  177  177  182  188  191  189  184  179  177  176  176  178  177
  171  165  150  136  121  103   88   93  115                                   
    22.5-180.0 180.0   5.0 450.0                            LAT/LON1/LON2/DLON/H
  141  136  145  168  193  212  241  264  294  327  362  395  422  442  454  460
  462  461  457  448  434  415  398  388  393  410  438  469  498  523  546  569
  589  597  587  558  515  465  417  377  349  331  323  321  321  321  317  304
  285  262  242  231  230  234  239  239  234  227  220  215  211  207  205  201
  195  189  174  161  144  123  106  108  141                                   
    20.0-180.0 180.0   5.0 450.0                            LAT/LON1/LON2/DLON/H
  166  160  166  192  219  238  265  286  312  342  374  406  434  456  471  480
  484  484  479  468  451  431  417  415  431  462  503  545  581  610  633  653
  666  665  647  608  555  496  440  394  362  343  335  336  343  352  357  353
  339  318  298  285  282  285  287  285  278  268  259  251  243  235  228  221
  213  209  193  182  164  141  125  125  166                                   
    17.5-180.0 180.0   5.0 450.0                            LAT/LON1/LON2/DLON/H
  182  176  182  211  241  264  291  310  334  360  389  420  450  474  492  505
  512  514  509  496  476  457  446  452  478  520  570  617  655  680  697  708
  711  702  676  632  574  509  448  397  361  340  331  334  347  365  380  386
  380  363  343  330  324  325  325  320  310  299  288  278  267  255  244  233
  223  219  203  193  174  153  138  140  182                                   
    15.0-180.0 180.0   5.0 450.0                            LAT/LON1/LON2/DLON/H
  184  181  190  222  256  283  312  333  356  381  409  440  470  498  520  536
  547  552  548  534  512  494  487  499  532  580  632  678  709  725  731  730
  724  708  678  632  573  508  445  392  353  329  318  321  336  360  384  399
  400  389  373  359  352  350  346  339  328  315  303  291  278  263  249  235
  224  219  204  193  176  156  143  146  184                                   
    12.5-180.0 180.0   5.0 450.0                            LAT/LON1/LON2/DLON/H
  174  175  189  223  262  294  327  351  376  402  431  463  496  526  552  572
  588  596  595  581  561  543  539  555  591  638  686  722  741  745  739  728
  713  692  661  619  565  504  444  391  350  322  307  306  320  345  374  395
  402  397  385  373  365  359  353  343  330  317  304  291  277  260  243  228
  215  210  197  185  169  153  140  145  174                                   
    10.0-180.0 180.0   5.0 450.0                            LAT/LON1/LON2/DLON/H
  160  164  182  218  260  296  334  363  393  422  454  489  525  558  587  612
  632  645  646  636  617  601  599  616  650  691  728  750  755  747  731  713
  693  671  643  607  562  509  454  404  361  328  307  300  309  330  357  381
  394  394  386  376  366  357  347  335  321  308  294  281  266  249  232  216
  203  197  186  173  160  147  134  140  160                                   
     7.5-180.0 180.0   5.0 450.0                            LAT/LON1/LON2/DLON/H
  147  156  175  213  256  295  337  370  405  439  475  514  553  589  621  650
  674  690  696  690  676  662  661  676  705  736  759  766  759  742  722  701
