data/edconvlstm_nd/pred0230.15i
     1.0            IONOSPHERE MAPS     GNSS                IONEX VERSION / TYPE
pyspatialgeodesy        IME             05-JAN-18 20:20     PGM / RUN BY / DATE 
Map Name                                                    COMMENT             
Predicted global ionosphere maps (GIM).                     DESCRIPTION         
  2015     1    23     0     0     0                        EPOCH OF FIRST MAP  
  2015     1    24     0     0     0                        EPOCH OF LAST MAP   
  7200                                                      INTERVAL            
    13                                                      # OF MAPS IN FILE   
  NONE                                                      MAPPING FUNCTION    
10.0                                                        ELEVATION CUTOFF    
One-way carrier phase leveled to code                       OBSERVABLES USED    
  6371.0                                                    BASE RADIUS         
 2                                                          MAP DIMENSION       
   450.0 450.0   0.0                                        HGT1 / HGT2 / DHGT  
    87.5 -87.5  -2.5                                        LAT1 / LAT2 / DLAT  
  -180.0 180.0   5.0                                        LON1 / LON2 / DLON  
    -1                                                      EXPONENT            
                                                            END OF HEADER       
[from data line 1287]
     4                                                      START OF TEC MAP    
  2015     1    23     6     0     0                        EPOCH OF CURRENT MAP
    87.5-180.0 180.0   5.0 450.0                            LAT/LON1/LON2/DLON/H
   47   53   49   53   54   55   54   50   50   52   52   53   54   54   54   54
   54   53   53   53   52   52   51   51   51   51   51   51   51   51   52   52
   52   52   53   53   53   53   54   54   54   54   54   54   54   55   55   55
   55   55   55   55   55   55   55   55   55   54   54   53   53   52   51   51
   52   52   50   49   55   62   71   66   47                                   
    85.0-180.0 180.0   5.0 450.0                            LAT/LON1/LON2/DLON/H
   42   62   60   59   62   63   63   63   64   65   66   67   67   67   67   67
   66   65   64   63   62   61   61   60   59   59   59   59   59   60   60   60
   61   61   61   62   62   62   63   63   63   63   63   63   64   64   64   65
   65   66   66   67   67   67   67   67   67   67   67   66   66   65   64   64
   64   64   59   59   61   63   74   65   42                                   
    82.5-180.0 180.0   5.0 450.0                            LAT/LON1/LON2/DLON/H
   49   57   71   66   66   70   70   70   73   75   75   77   78   78   77   76
   74   72   70   67   65   63   61   60   59   58   58   58   59   59   60   61
   62   63   64   65   66   67   67   68   68   69   69   69   70   71   71   72
   73   74   75   76   77   78   79   80   80   80   80   79   79   77   76   75
   75   73   69   66   72   64   62   58   49                                   
    80.0-180.0 180.0   5.0 450.0                            LAT/LON1/LON2/DLON/H
   65   65   71   67   71   70   73   74   79   81   83   85   86   86   85   83
   80   76   73   69   65   62   59   57   55   55   54   55   56   58   60   61
   63   65   67   68   69   70   71   72   72   72   73   74   74   75   77   78
   80   82   85   87   89   91   93   94   95   96   96   95   94   93   91   90
   88   84   81   78   78   73   69   62   65                                   
    77.5-180.0 180.0   5.0 450.0                            LAT/LON1/LON2/DLON/H
   72   67   67   64   62   66   70   73   78   82   84   88   89   90   88   86
   82   78   73   68   63   59   55   52   51   50   50   51   53   56   58   61
   64   67   69   71   73   74   74   75   75   76   76   77   78   80   83   86
   89   92   96  100  104  108  111  113  115  116  117  117  116  114  111  108
  104  100   93   90   83   69   65   64   72                                   
    75.0-180.0 180.0   5.0 450.0                            LAT/LON1/LON2/DLON/H
   67   62   58   56   52   57   61   65   70   75   78   83   85   86   85   83
   79   74   69   63   58   54   50   47   46   46   46   48   50   53   56   59
   62   65   67   69   70   71   71   72   72   73   74   75   78   81   84   89
   94  100  105  111  117  122  126  130  132  134  135  135  134  131  128  124
  118  112  104   94   88   74   68   70   67                                   
    72.5-180.0 180.0   5.0 450.0                            LAT/LON1/LON2/DLON/H
   68   60   56   52   48   53   58   62   67   73   77   83   86   88   87   85
   81   76   71   66   61   57   54   51   50   50   51   53   55   58   61   64
   67   69   71   72   73   73   73   74   74   75   77   80   83   87   93   99
  106  114  121  129  136  142  148  152  156  158  159  159  158  155  152  147
  141  132  125  114  103   86   77   79   68                                   
    70.0-180.0 180.0   5.0 450.0                            LAT/LON1/LON2/DLON/H
   76   63   59   53   47   49   53   57   62   67   72   78   82   84   84   82
   79   75   71   67   63   60   58   57   56   57   58   59   61   63   65   67
   69   70   70   71   71   70   70   71   72   74   77   80   85   91   98  106
  115  125  134  143  151  158  164  169  173  175  177  177  176  173  169  164
  156  147  139  128  115   98   91   91   76                                   
    67.5-180.0 180.0   5.0 450.0                            LAT/LON1/LON2/DLON/H
   79   65   59   52   44   45   48   51   55   59   64   70   73   75   76   75
   73   70   67   65   63   61   61   60   61   61   62   63   63   64   65   65
   65   65   64   63   62   62   61   62   64   67   71   76   83   90   99  108
  118  129  140  150  158  166  171  176  179  182  184  184  183  180  175  170
  162  152  145  133  121  104   96   96   79                                   
    65.0-180.0 180.0   5.0 450.0                            LAT/LON1/LON2/DLON/H
   84   67   60   53   44   43   44   47   50   53   57   63   66   68   69   68
   67   66   64   63   63   63   64   65   66   66   67   67   66   65   64   63
   62   60   58   57   55   54   54   55   58   62   68   75   83   92  102  113
  124  136  147  158  166  173  178  182  185  187  189  189  188  185  180  173
  165  155  147  135  125  108  100  100   84                                   
    62.5-180.0 180.0   5.0 450.0                            LAT/LON1/LON2/DLON/H
   88   69   62   54   45   43   43   44   46   49   52   56   58   60   60   61
   60   60   60   60   61   63   64   66   68   68   69   68   66   64   62   60
   57   55   52   49   47   46   47   49   54   60   68   77   87   97  107  119
  131  143  155  166  174  180  184  187  189  191  192  193  191  188  182  174
  165  153  146  134  125  107  100  101   88                                   
    60.0-180.0 180.0   5.0 450.0                            LAT/LON1/LON2/DLON/H
   90   69   62   53   45   42   41   41   42   43   45   48   49   51   51   52
   52   53   54   55   56   58   60   62   64   65   65   64   63   60   57   54
   51   48   45   42   40   39   41   45   51   60   70   81   92  103  114  125
  138  151  163  174  182  187  190  192  193  194  195  195  193  189  182  174
  162  150  142  131  122  103   96   97   90                                   
    57.5-180.0 180.0   5.0 450.0                            LAT/LON1/LON2/DLON/H
   92   68   61   52   45   42   40   40   40   40   40   41   42   43   44   45
   46   47   48   49   50   51   53   55   57   58   59   59   57   55   52   49
   46   43   40   37   36   36   38   44   52   63   76   89  101  113  124  136
  149  162  175  186  194  198  200  200  200  200  201  201  199  195  187  177
  164  151  143  131  122  101   94   95   92                                   
    55.0-180.0 180.0   5.0 450.0                            LAT/LON1/LON2/DLON/H
   93   67   60   51   45   42   40   39   38   36   35   36   36   36   37   39
   40   42   43   43   43   44   44   45   47   49   51   52   52   50   48   45
   42   40   38   36   35   36   39   46   57   70   85  100  114  126  138  150
  163  177  190  201  208  212  212  211  210  210  210  210  208  203  194  183
  170  156  147  135  126  102   95   96   93                                   
    52.5-180.0 180.0   5.0 450.0                            LAT/LON1/LON2/DLON/H
   97   69   61   52   47   44   41   39   37   35   33   32   32   32   34   36
   38   40   40   40   39   38   37   37   39   42   45   48   49   48   46   44
   42   41   40   39   39   40   44   52   64   80   97  114  130  143  155  167
  180  193  206  217  224  227  227  224  222  221  221  220  217  211  202  192
  178  165  156  144  135  110  101  101   97                                   
    50.0-180.0 180.0   5.0 450.0                            LAT/LON1/LON2/DLON/H
  103   74   65   56   50   47   44   41   38   35   32   31   31   31   34   36
   39   41   41   40   38   36   35   35   37   41   45   49   51   51   49   47
   46   45   45   45   46   48   53   62   75   92  112  131  148  163  175  187
  199  211  224  233  240  242  240  236  233  230  228  227  223  217  208  199
  187  175  167  156  147  122  113  111  103                                   
    47.5-180.0 180.0   5.0 450.0                            LAT/LON1/LON2/DLON/H
  111   83   73   63   56   52   49   45   41   37   34   33   33   34   37   40
   43   45   45   45   43   41   39   40   42   47   52   57   59   59   56   53
   52   52   53   54   56   59   64   73   87  105  126  148  167  183  196  207
  218  229  240  248  253  253  250  245  239  235  231  228  223  217  209  201
  191  183  177  167  160  137  127  124  111                                   
    45.0-180.0 180.0   5.0 450.0                            LAT/LON1/LON2/DLON/H
  120   95   84   73   64   59   55   50   46   42   39   38   38   40   43   46
   49   52   53   54   54   53   52   53   55   59   65   69   71   69   65   60
   58   59   61   64   66   70   76   85  100  119  141  163  184  202  215  227
  237  246  255  261  263  262  256  249  241  235  229  224  218  211  203  196
  190  184  181  174  168  149  140  137  120                                   
    42.5-180.0 180.0   5.0 450.0                            LAT/LON1/LON2/DLON/H
  128  106   95   85   74   68   62   57   52   48   46   46   46   48   51   54
   58   61   64   67   70   71   71   72   73   76   81   84   83   79   73   67
   64   65   68   72   76   81   87   97  112  131  154  177  199  218  233  244
  254  261  267  271  271  267  259  250  241  232  225  218  210  202  194  188
  183  180  178  173  170  154  147  144  128                                   
    40.0-180.0 180.0   5.0 450.0                            LAT/LON1/LON2/DLON/H
  133  114  104   94   83   75   69   64   60   57   55   56   57   60   62   65
   68   72   77   83   89   92   93   93   92   93   95   96   94   88   79   72
   69   69   73   79   84   90   98  109  124  144  166  190  212  232  248  259
  268  274  278  279  277  271  262  252  242  232  223  215  206  196  187  181
  176  172  171  168  166  151  146  143  133                                   
    37.5-180.0 180.0   5.0 450.0                            LAT/LON1/LON2/DLON/H
  134  116  108   98   88   80   74   70   67   65   66   68   71   73   75   76
   78   83   90   99  107  113  114  111  108  106  106  105  101   94   84   76
   72   73   78   84   90   98  107  120  136  156  178  201  223  243  260  272
  281  287  290  289  286  279  270  260  250  241  232  222  212  201  191  182
  175  169  167  161  159  144  140  137  134                                   
    35.0-180.0 180.0   5.0 450.0                            LAT/LON1/LON2/DLON/H
  132  113  105   96   87   80   75   73   72   73   75   80   84   86   87   87
   89   94  102  113  123  129  129  124  118  113  111  109  105   98   88   80
   77   77   82   88   95  104  115  131  149  169  190  212  234  254  271  285
  295  301  304  304  301  295  288  280  271  263  254  245  235  223  211  200
  188  177  171  161  156  136  134  130  132                                   
    32.5-180.0 180.0   5.0 450.0                            LAT/LON1/LON2/DLON/H
  130  107   99   89   82   76   73   73   75   77   82   89   95   97   98   97
   99  104  113  125  135  139  136  129  120  114  111  110  106  100   92   85
   81   82   85   90   98  108  122  140  161  181  202  223  245  265  284  299
  311  319  324  326  325  322  317  312  306  300  293  286  276  264  250  235
  219  202  190  174  165  137  134  128  130                                   
    30.0-180.0 180.0   5.0 450.0                            LAT/LON1/LON2/DLON/H
  130  101   91   81   77   72   70   71   74   79   86   94  101  105  105  105
  107  113  122  132  140  141  135  126  117  111  108  108  107  103   97   90
   87   86   88   93  100  111  128  149  172  194  216  237  258  279  299  317
  331  342  351  356  358  359  358  356  354  351  347  341  333  321  306  288
  266  243  225  202  189  152  145  136  130                                   
    27.5-180.0 180.0   5.0 450.0                            LAT/LON1/LON2/DLON/H
  137  102   89   76   73   69   68   69   73   78   85   95  102  107  109  110
  113  119  127  134  137  135  127  118  110  105  104  105  106  105  101   96
   93   91   92   94  101  113  132  156  182  207  229  251  273  295  318  338
  356  371  383  393  399  404  407  410  411  411  410  407  401  390  374  353
  326  299  275  246  228  183  172  158  137                                   
    25.0-180.0 180.0   5.0 450.0                            LAT/LON1/LON2/DLON/H
  155  115   96   80   76   71   70   70   72   76   83   92  100  105  109  111
  115  121  127  130  129  124  116  108  102  100  101  104  107  107  105  102
   98   96   95   96  101  113  134  160  189  216  241  264  288  313  338  362
  384  403  420  434  444  453  460  467  473  477  478  478  475  466  450  427
  397  366  336  303  280  231  213  195  155                                   
    22.5-180.0 180.0   5.0 450.0                            LAT/LON1/LON2/DLON/H
  185  142  116   97   89   81   77   75   75   77   82   89   95  101  105  110
  115  119  122  122  118  112  105  100   98   99  102  106  109  110  109  107
  103   99   96   96  100  113  134  162  193  223  250  275  302  330  359  386
  412  435  456  473  488  500  512  523  532  539  543  545  545  539  525  502
  471  439  405  369  342  291  267  247  185                                   
    20.0-180.0 180.0   5.0 450.0                            LAT/LON1/LON2/DLON/H
  226  183  151  130  115  103   95   89   85   83   85   88   92   97  101  106
  111  115  116  113  108  102   98   97   99  103  107  110  113  114  113  110
  105  100   96   95   99  111  133  162  194  225  255  283  314  345  377  407
  436  462  486  506  523  538  552  565  576  583  589  593  595  592  582  563
  536  506  473  438  406  359  330  309  226                                   
    17.5-180.0 180.0   5.0 450.0                            LAT/LON1/LON2/DLON/H
  273  233  199  176  153  138  125  115  106   99   95   94   94   97  100  105
  108  110  109  105  101   97   96  100  105  112  117  119  118  116  113  109
  104   99   95   93   98  110  132  161  193  226  257  289  322  356  390  423
  453  480  503  524  541  556  570  582  592  599  604  608  612  612  607  593
  574  551  526  496  464  423  394  372  273                                   
    15.0-180.0 180.0   5.0 450.0                            LAT/LON1/LON2/DLON/H
  322  287  255  231  201  182  165  152  139  128  117  110  106  105  106  108
  110  109  107  104  100   99  102  109  118  126  129  128  123  117  111  106
  101   96   93   93   98  111  132  160  193  226  259  292  328  364  399  431
  459  485  506  524  539  551  563  573  581  586  590  594  598  600  598  591
  580  567  552  531  504  472  447  427  322                                   
    12.5-180.0 180.0   5.0 450.0                            LAT/LON1/LON2/DLON/H
  368  338  310  286  252  231  212  198  183  167  151  138  129  124  121  120
  118  115  112  110  109  110  116  125  135  142  142  135  125  115  107  101
   98   95   94   95  101  114  135  162  194  227  260  295  331  367  401  432
  457  479  496  510  521  531  541  549  555  559  562  564  567  570  570  567
  562  558  552  542  523  501  482  464  368                                   
    10.0-180.0 180.0   5.0 450.0                            LAT/LON1/LON2/DLON/H
  406  379  356  331  296  275  257  244  229  211  192  175  162  153  147  141
  135  130  127  126  127  131  138  146  154  157  152  140  125  112  103   99
   97   96   97  100  107  120  140  167  197  229  261  295  331  366  399  427
  449  466  480  491  500  508  516  524  530  533  535  536  538  540  541  540
  538  538  538  534  523  510  496  482  406                                   
     7.5-180.0 180.0   5.0 450.0                            LAT/LON1/LON2/DLON/H
  431  406  387  360  328  307  291  281  268  252  233  215  200  189  180  171
  161  154  151  152  155  160  164  167  169  166  156  141  124  111  103  100
