data/edconvlstm_nd/pred1760.15i
     1.0            IONOSPHERE MAPS     GNSS                IONEX VERSION / TYPE
pyspatialgeodesy        IME             05-JAN-18 20:20     PGM / RUN BY / DATE 
Map Name                                                    COMMENT             
Predicted global ionosphere maps (GIM).                     DESCRIPTION         
  2015     6    25     0     0     0                        EPOCH OF FIRST MAP  
  2015     6    26     0     0     0                        EPOCH OF LAST MAP   
  7200                                                      INTERVAL            
    13                                                      # OF MAPS IN FILE   
  NONE                                                      MAPPING FUNCTION    
10.0                                                        ELEVATION CUTOFF    
One-way carrier phase leveled to code                       OBSERVABLES USED    
  6371.0                                                    BASE RADIUS         
 2                                                          MAP DIMENSION       
   450.0 450.0   0.0                                        HGT1 / HGT2 / DHGT  
    87.5 -87.5  -2.5                                        LAT1 / LAT2 / DLAT  
  -180.0 180.0   5.0                                        LON1 / LON2 / DLON  
    -1                                                      EXPONENT            
                                                            END OF HEADER       
[from data line 1287]
     4                                                      START OF TEC MAP    
  2015     6    25     6     0     0                        EPOCH OF CURRENT MAP
    87.5-180.0 180.0   5.0 450.0                            LAT/LON1/LON2/DLON/H
  115  116  116  121  122  120  119  115  116  117  117  117  117  117  117  117
  117  116  116  115  114  113  112  111  110  109  108  107  106  105  105  104
  103  103  103  103  103  103  103  103  104  105  105  106  107  108  109  110
  111  112  113  114  115  116  117  118  118  118  119  119  119  119  118  118
  119  120  118  117  122  122  125  116  115                                   
    85.0-180.0 180.0   5.0 450.0                            LAT/LON1/LON2/DLON/H
  116  125  123  124  127  127  127  127  127  128  127  128  128  128  128  128
  127  127  126  125  124  123  122  120  119  118  117  115  114  113  112  111
  111  110  110  109  109  110  110  111  112  113  114  115  116  118  120  121
  123  124  126  128  129  130  131  132  133  134  134  134  134  134  133  133
  133  134  129  129  125  125  128  122  116                                   
    82.5-180.0 180.0   5.0 450.0                            LAT/LON1/LON2/DLON/H
  122  125  130  126  126  128  128  128  129  129  129  130  131  130  130  130
  129  128  127  126  124  123  121  120  118  116  115  113  112  110  109  108
  107  107  106  106  106  107  108  109  110  112  114  116  119  121  124  126
  129  131  134  136  138  140  142  143  144  145  146  146  145  145  143  143
  142  141  135  134  135  129  124  116  122                                   
    80.0-180.0 180.0   5.0 450.0                            LAT/LON1/LON2/DLON/H
  126  123  120  119  122  122  123  124  125  126  126  127  128  127  127  127
  126  124  123  122  120  118  116  114  112  110  109  107  105  104  102  101
  100  100  100  100  100  101  102  104  106  108  111  114  118  121  125  129
  132  136  139  142  144  147  149  150  152  153  153  153  152  151  149  148
  146  143  138  137  136  133  133  117  126                                   
    77.5-180.0 180.0   5.0 450.0                            LAT/LON1/LON2/DLON/H
  125  119  115  117  116  119  121  122  124  124  124  126  126  126  125  124
  123  122  120  118  116  114  112  110  108  106  104  102  100   99   98   97
   96   96   96   97   98   99  101  103  106  109  113  117  122  127  132  137
  141  146  149  153  156  158  160  162  163  163  164  163  163  161  159  157
  154  151  142  141  138  130  127  121  125                                   
    75.0-180.0 180.0   5.0 450.0                            LAT/LON1/LON2/DLON/H
  118  114  106  109  109  113  115  116  118  119  119  120  120  119  118  117
  116  114  112  110  108  106  103  101   99   97   95   93   91   90   90   90
   90   90   90   91   92   94   96   98  102  106  111  116  122  128  134  139
  144  149  152  155  158  160  161  162  163  164  164  164  164  163  161  159
  155  151  144  136  133  127  124  120  118                                   
    72.5-180.0 180.0   5.0 450.0                            LAT/LON1/LON2/DLON/H
  116  114  106  109  111  115  117  119  120  121  121  122  121  121  119  118
  116  114  112  109  107  105  102  100   97   95   93   92   91   90   91   91
   92   93   94   96   97   99  102  105  109  114  119  126  133  139  146  152
  157  161  163  165  166  167  168  168  168  169  170  170  171  170  169  168
  165  161  154  147  140  132  126  122  116                                   
    70.0-180.0 180.0   5.0 450.0                            LAT/LON1/LON2/DLON/H
  121  115  108  109  110  112  114  115  117  118  118  119  118  117  115  113
  111  109  106  104  102   99   97   94   91   89   87   86   86   87   88   89
   91   93   95   97   99  101  103  107  111  117  123  130  138  146  153  158
  162  165  166  166  166  165  164  163  163  164  165  166  168  169  170  171
  169  165  159  152  145  137  133  127  121                                   
    67.5-180.0 180.0   5.0 450.0                            LAT/LON1/LON2/DLON/H
  121  117  108  108  109  110  111  111  112  113  113  114  113  112  111  108
  106  103  101   99   96   94   91   88   86   83   82   81   82   83   85   87
   90   93   95   97   99  101  104  108  113  119  126  135  143  151  157  162
  165  166  165  162  159  157  154  153  152  153  155  158  161  164  166  169
  169  166  161  155  149  141  135  128  121                                   
    65.0-180.0 180.0   5.0 450.0                            LAT/LON1/LON2/DLON/H
  126  121  111  110  110  109  109  108  108  108  108  110  110  109  108  106
  103  100   98   96   93   91   88   85   83   80   79   79   79   81   84   87
   90   93   96   98  100  103  106  111  116  124  132  141  150  157  164  167
  168  167  163  159  154  149  145  143  142  143  146  150  155  159  163  167
  168  168  164  159  154  147  142  134  126                                   
    62.5-180.0 180.0   5.0 450.0                            LAT/LON1/LON2/DLON/H
  131  127  117  114  112  109  106  103  103  102  102  104  105  105  104  103
  100   98   95   93   90   88   85   82   80   78   77   77   78   80   83   87
   90   93   96   98  101  104  108  114  120  129  138  148  157  165  170  173
  172  168  162  155  148  142  138  135  134  136  139  144  150  155  160  165
  167  168  166  162  158  152  149  140  131                                   
    60.0-180.0 180.0   5.0 450.0                            LAT/LON1/LON2/DLON/H
  137  134  124  119  116  110  104   98   96   93   93   95   97   98   98   98
   96   94   91   89   86   84   81   78   76   74   73   74   75   78   81   85
   88   91   93   96  100  104  109  116  124  134  144  155  165  172  177  177
  175  169  162  153  145  138  133  130  130  131  135  140  146  151  156  161
  164  166  165  163  160  156  154  145  137                                   
    57.5-180.0 180.0   5.0 450.0                            LAT/LON1/LON2/DLON/H
  145  143  134  127  122  113  105   96   90   86   84   86   88   90   91   91
   90   89   87   84   82   79   76   74   72   71   70   71   73   76   79   83
   86   88   91   94   99  104  111  120  130  141  153  164  174  181  185  184
  180  173  165  156  147  140  135  132  132  134  137  142  147  152  156  160
  162  165  165  163  162  160  159  151  145                                   
    55.0-180.0 180.0   5.0 450.0                            LAT/LON1/LON2/DLON/H
  154  153  145  138  132  120  109   96   87   80   76   76   78   80   82   83
   83   82   80   78   75   73   70   68   67   66   66   68   70   74   77   80
   82   85   88   92   98  106  115  126  138  150  162  174  184  191  194  192
  188  180  171  162  154  148  143  141  140  141  144  148  151  155  157  160
  161  163  164  163  164  164  164  157  154                                   
    52.5-180.0 180.0   5.0 450.0                            LAT/LON1/LON2/DLON/H
  163  165  158  151  144  131  117  101   89   78   72   69   69   70   72   73
   74   73   72   70   68   66   64   62   61   61   62   64   68   71   74   77
   80   82   86   92  100  110  122  134  148  161  174  185  195  201  204  202
  197  190  182  174  167  161  157  154  153  153  155  157  159  161  161  162
  163  164  165  165  167  168  169  163  163                                   
    50.0-180.0 180.0   5.0 450.0                            LAT/LON1/LON2/DLON/H
  173  175  171  165  158  144  129  111   95   81   71   66   63   63   64   65
   66   66   65   64   62   60   58   57   56   57   59   61   65   69   73   76
   79   82   87   94  104  117  131  145  159  173  186  197  206  212  214  213
  209  202  195  188  182  178  174  171  168  167  167  168  169  168  168  168
  167  168  169  169  172  173  175  169  173                                   
    47.5-180.0 180.0   5.0 450.0                            LAT/LON1/LON2/DLON/H
  180  184  181  176  171  157  142  123  105   88   75   66   61   58   58   58
   59   59   59   58   57   56   54   53   53   54   56   60   64   68   72   76
   80   84   90   99  112  126  142  158  172  185  198  208  217  223  225  225
  221  216  210  205  200  196  192  188  184  181  179  178  178  177  175  175
  174  175  175  176  178  180  181  175  180                                   
    45.0-180.0 180.0   5.0 450.0                            LAT/LON1/LON2/DLON/H
  185  188  186  183  179  167  153  134  116   98   82   71   63   58   56   55
   55   56   56   55   55   54   53   52   52   53   56   59   64   69   73   78
   83   89   96  107  121  137  154  170  185  197  208  218  226  232  235  236
  234  230  226  222  218  215  210  205  200  194  190  188  187  185  184  183
  183  184  185  185  186  187  187  181  185                                   
    42.5-180.0 180.0   5.0 450.0                            LAT/LON1/LON2/DLON/H
  186  189  187  183  182  171  159  143  126  108   92   79   69   63   59   57
   56   55   55   55   55   55   55   54   54   56   58   62   67   72   77   83
   89   96  105  117  132  149  166  182  196  208  218  226  234  240  244  245
  245  243  240  237  235  232  227  221  214  207  201  197  195  194  192  193
  193  194  195  195  195  194  193  187  186                                   
    40.0-180.0 180.0   5.0 450.0                            LAT/LON1/LON2/DLON/H
  185  186  183  179  178  169  159  146  132  115  101   89   79   71   66   62
   60   58   58   58   59   60   60   60   61   62   65   68   72   77   83   90
   97  106  116  128  143  160  177  193  205  216  224  232  239  245  249  252
  253  252  251  249  248  247  243  237  229  221  213  208  205  204  203  204
  204  206  207  205  203  200  199  192  185                                   
    37.5-180.0 180.0   5.0 450.0                            LAT/LON1/LON2/DLON/H
  184  182  177  172  171  162  155  143  133  120  108   98   89   81   76   71
   67   65   64   65   66   68   69   70   71   73   75   77   81   85   91   98
  107  117  127  140  154  170  186  200  212  221  228  234  241  247  252  256
  258  259  258  259  260  260  259  254  247  238  229  223  220  217  216  216
  216  218  218  214  210  205  205  198  184                                   
    35.0-180.0 180.0   5.0 450.0                            LAT/LON1/LON2/DLON/H
  185  181  174  167  165  156  149  139  131  121  113  106   99   93   87   82
   77   74   72   73   76   79   81   83   84   86   87   89   91   95  101  109
  118  128  139  150  164  179  193  205  215  222  228  234  240  246  252  257
  260  262  263  265  269  274  276  274  268  260  251  244  239  236  232  231
  229  230  228  223  217  211  211  206  185                                   
    32.5-180.0 180.0   5.0 450.0                            LAT/LON1/LON2/DLON/H
  191  184  177  167  163  153  146  136  129  122  117  113  109  105  100   94
   89   85   83   84   87   91   95   97   99  100  101  102  103  105  110  118
  128  138  148  159  171  184  197  207  215  221  225  230  236  242  249  255
  259  263  266  271  279  288  295  297  295  288  280  273  266  260  253  249
  244  242  238  231  225  218  220  216  191                                   
    30.0-180.0 180.0   5.0 450.0                            LAT/LON1/LON2/DLON/H
  202  195  188  176  170  159  151  140  133  126  122  121  119  116  112  107
  101   96   94   95   99  104  109  111  113  114  114  113  113  114  118  125
  134  144  153  163  174  186  197  206  212  216  220  224  230  237  245  252
  258  263  269  278  290  304  316  324  325  321  314  306  298  289  278  269
  260  255  249  240  233  228  230  229  202                                   
    27.5-180.0 180.0   5.0 450.0                            LAT/LON1/LON2/DLON/H
  219  212  206  195  187  175  166  153  144  136  132  130  129  127  124  120
  114  108  105  106  110  116  121  124  125  125  123  121  119  119  121  127
  135  143  153  162  173  183  193  200  206  209  213  217  224  232  241  249
  257  265  274  286  302  321  339  351  356  355  350  342  333  321  306  292
  278  269  261  252  245  241  245  246  219                                   
    25.0-180.0 180.0   5.0 450.0                            LAT/LON1/LON2/DLON/H
  241  235  229  219  212  200  190  175  164  153  147  144  142  140  137  132
  126  120  116  116  120  126  131  133  133  131  128  124  121  118  119  122
  129  137  145  155  165  175  185  192  197  201  205  211  218  228  238  249
  259  269  281  296  316  339  360  377  385  387  383  377  367  353  335  317
  299  287  277  267  261  259  262  265  241                                   
    22.5-180.0 180.0   5.0 450.0                            LAT/LON1/LON2/DLON/H
  264  259  254  247  239  229  219  204  190  176  167  161  157  153  149  144
  138  131  127  126  129  134  138  138  137  133  128  122  116  112  111  113
  117  124  132  141  152  163  173  181  188  193  199  207  216  227  239  251
  264  277  291  309  331  356  380  398  408  412  411  406  397  382  363  343
  323  309  297  286  281  280  284  287  264                                   
    20.0-180.0 180.0   5.0 450.0                            LAT/LON1/LON2/DLON/H
  286  280  276  271  264  256  247  232  217  201  189  180  174  168  162  156
  149  142  137  135  137  140  141  140  136  129  122  114  107  102   99   99
  102  107  115  124  136  148  160  170  179  188  197  207  218  231  244  258
  273  288  304  323  346  371  394  413  424  430  431  428  421  408  389  369
  349  334  322  310  305  304  307  310  286                                   
    17.5-180.0 180.0   5.0 450.0                            LAT/LON1/LON2/DLON/H
  304  296  292  287  282  275  267  254  240  224  210  199  190  182  175  168
  160  153  147  143  143  143  142  138  130  121  112  103   96   90   87   86
   87   90   96  105  118  132  147  160  173  186  199  212  226  240  254  269
  285  302  319  338  360  382  404  422  433  440  444  444  439  429  413  394
  376  361  349  337  331  329  330  331  304                                   
    15.0-180.0 180.0   5.0 450.0                            LAT/LON1/LON2/DLON/H
  319  308  302  295  289  282  275  265  252  237  223  212  202  193  185  177
  169  162  155  150  146  144  140  132  122  111  100   91   84   79   76   73
   72   73   78   87  101  118  136  154  172  189  206  222  238  252  267  282
  299  317  335  352  371  391  411  427  439  447  453  455  453  446  434  419
  402  389  378  364  357  353  351  350  319                                   
    12.5-180.0 180.0   5.0 450.0                            LAT/LON1/LON2/DLON/H
  332  317  308  295  287  277  270  262  251  238  226  216  207  199  190  182
  175  167  160  153  148  142  134  124  112   99   88   80   75   70   66   63
   60   60   64   73   88  107  128  151  174  196  216  235  251  266  281  297
  313  331  348  364  381  399  416  432  445  454  461  465  465  461  452  441
  428  417  406  391  382  375  371  368  332                                   
    10.0-180.0 180.0   5.0 450.0                            LAT/LON1/LON2/DLON/H
  346  327  313  294  281  265  255  247  238  227  218  210  204  196  189  182
  175  168  161  154  146  137  127  114  101   88   79   72   67   63   59   55
   51   50   53   62   78  100  125  151  178  203  226  246  264  279  294  309
  325  342  358  373  389  405  422  439  453  464  471  476  477  474  468  460
  450  441  430  416  404  394  388  383  346                                   
     7.5-180.0 180.0   5.0 450.0                            LAT/LON1/LON2/DLON/H
  363  343  324  297  277  255  240  228  218  208  201  196  192  187  181  175
  169  164  157  149  140  129  116  103   90   79   71   66   62   58   54   50
