data/edconvlstm_nd/pred3030.15i
     1.0            IONOSPHERE MAPS     GNSS                IONEX VERSION / TYPE
pyspatialgeodesy        IME             05-JAN-18 20:20     PGM / RUN BY / DATE 
Map Name                                                    COMMENT             
Predicted global ionosphere maps (GIM).                     DESCRIPTION         
  2015    10    30     0     0     0                        EPOCH OF FIRST MAP  
  2015    10    31     0     0     0                        EPOCH OF LAST MAP   
  7200                                                      INTERVAL            
    13                                                      # OF MAPS IN FILE   
  NONE                                                      MAPPING FUNCTION    
10.0                                                        ELEVATION CUTOFF    
One-way carrier phase leveled to code                       OBSERVABLES USED    
  6371.0                                                    BASE RADIUS         
 2                                                          MAP DIMENSION       
   450.0 450.0   0.0                                        HGT1 / HGT2 / DHGT  
    87.5 -87.5  -2.5                                        LAT1 / LAT2 / DLAT  
  -180.0 180.0   5.0                                        LON1 / LON2 / DLON  
    -1                                                      EXPONENT            
                                                            END OF HEADER       
[from data line 4290]
    11                                                      START OF TEC MAP    
  2015    10    30    20     0     0                        EPOCH OF CURRENT MAP
    87.5-180.0 180.0   5.0 450.0                            LAT/LON1/LON2/DLON/H
  141  138  132  140  145  143  143  141  142  144  143  144  144  144  144  143
  143  142  141  139  138  137  135  133  132  130  128  127  125  123  122  121
  119  118  117  116  115  114  113  113  112  112  112  112  113  113  114  115
  115  116  117  118  119  121  122  123  124  125  126  126  127  128  128  129
  129  130  128  127  135  133  143  137  141                                   
    85.0-180.0 180.0   5.0 450.0                            LAT/LON1/LON2/DLON/H
  147  140  149  140  139  144  145  148  149  151  151  152  153  153  153  153
  152  151  150  148  146  144  142  140  138  136  134  132  130  128  126  125
  123  122  120  119  118  117  116  115  114  114  114  114  114  115  115  116
  117  118  120  121  122  123  124  126  127  128  128  129  130  130  131  131
  133  133  130  127  128  128  128  130  147                                   
    82.5-180.0 180.0   5.0 450.0                            LAT/LON1/LON2/DLON/H
  130  125  128  131  134  140  145  148  150  153  156  158  159  160  160  159
  158  156  153  150  147  143  140  136  132  129  126  123  121  118  116  114
  112  110  108  106  104  103  101   99   98   97   97   97   97   98   99  100
  102  104  106  108  110  111  113  115  116  117  118  119  120  120  121  121
  122  121  119  119  119  127  116  118  130                                   
    80.0-180.0 180.0   5.0 450.0                            LAT/LON1/LON2/DLON/H
  111  108  115  118  123  126  135  141  147  152  156  160  163  164  165  164
  162  158  154  149  143  137  131  126  121  116  112  109  106  104  102  100
   98   96   94   91   89   87   85   83   81   80   80   80   81   82   84   86
   89   92   95   97  100  102  104  105  107  108  108  109  109  109  109  109
  109  109  108  108  101  104   97  107  111                                   
    77.5-180.0 180.0   5.0 450.0                            LAT/LON1/LON2/DLON/H
  106   97  104  109  119  125  137  146  154  160  166  173  177  179  180  179
  176  171  164  156  148  139  130  122  115  109  104  101   98   96   94   92
   90   88   86   83   80   76   73   70   67   66   65   65   66   68   70   73
   77   81   84   88   90   93   94   96   96   97   97   97   96   96   96   95
   94   95   94   96   91   90   88  100  106                                   
    75.0-180.0 180.0   5.0 450.0                            LAT/LON1/LON2/DLON/H
   88   86   92   98  109  119  130  141  152  162  170  178  184  188  189  188
  184  177  169  159  148  137  126  116  108  101   96   92   90   88   87   86
   85   84   81   78   75   71   67   64   61   59   58   58   60   62   66   69
   74   78   81   84   86   88   89   89   88   87   86   85   84   83   82   82
   81   82   82   81   77   76   73   77   88                                   
    72.5-180.0 180.0   5.0 450.0                            LAT/LON1/LON2/DLON/H
   80   80   86   98  106  118  132  144  156  167  177  187  194  199  201  200
  195  188  178  166  152  138  125  113  102   94   88   85   82   81   81   80
   79   77   75   71   67   62   58   54   51   49   48   48   50   54   58   62
   67   71   74   77   78   78   78   77   75   73   71   70   68   66   65   64
   63   64   64   63   61   63   64   73   80                                   
    70.0-180.0 180.0   5.0 450.0                            LAT/LON1/LON2/DLON/H
   73   77   85   96  106  119  131  146  159  172  183  194  201  207  209  208
  204  196  186  172  157  142  127  114  102   93   87   83   81   80   79   79
   77   75   72   68   64   59   54   50   47   46   45   47   49   53   58   62
   67   70   73   74   74   73   71   68   65   62   60   58   56   55   54   53
   52   53   54   55   55   58   64   72   73                                   
    67.5-180.0 180.0   5.0 450.0                            LAT/LON1/LON2/DLON/H
   77   84   91  105  117  131  145  160  173  185  197  208  216  222  224  224
  220  213  202  188  172  156  139  124  112  102   94   89   86   84   83   81
   79   75   71   66   60   55   50   46   43   42   43   45   48   53   57   62
   66   69   70   71   69   67   64   60   57   54   52   50   49   48   48   47
   47   47   48   49   50   57   62   70   77                                   
    65.0-180.0 180.0   5.0 450.0                            LAT/LON1/LON2/DLON/H
   77   89   97  113  125  139  153  168  180  193  205  215  223  229  232  233
  230  224  214  201  186  169  153  137  124  113  105   99   95   91   88   84
   80   74   68   62   55   49   45   41   39   39   40   43   47   51   55   58
   61   62   62   61   58   55   52   48   45   43   42   41   41   41   41   41
   41   42   44   46   50   59   66   75   77                                   
    62.5-180.0 180.0   5.0 450.0                            LAT/LON1/LON2/DLON/H
   84   97  107  123  137  152  165  180  192  204  215  225  233  239  243  244
  243  238  229  217  203  187  171  155  141  129  120  112  106  101   96   89
   82   74   66   58   50   44   40   36   35   36   38   40   44   47   50   52
   53   53   52   50   47   44   41   38   37   36   36   36   37   38   38   39
   39   40   43   45   49   59   66   76   84                                   
    60.0-180.0 180.0   5.0 450.0                            LAT/LON1/LON2/DLON/H
   90  105  116  133  146  161  175  189  201  212  222  231  239  245  250  252
  252  249  242  232  219  204  188  173  159  147  137  128  121  114  106   96
   86   76   66   56   49   42   38   35   34   35   37   40   42   44   46   46
   45   43   41   39   36   34   32   31   31   32   34   35   37   38   39   39
   39   40   43   45   50   61   69   80   90                                   
    57.5-180.0 180.0   5.0 450.0                            LAT/LON1/LON2/DLON/H
   98  115  127  143  158  172  186  199  210  221  230  238  246  252  257  261
  261  259  253  244  232  218  204  189  176  164  154  145  137  128  117  106
   93   81   69   59   51   45   41   38   37   38   40   42   43   44   43   42
   39   37   34   32   30   30   30   31   33   36   38   41   43   44   45   45
   44   45   47   50   53   64   72   84   98                                   
    55.0-180.0 180.0   5.0 450.0                            LAT/LON1/LON2/DLON/H
  110  127  142  156  171  184  198  210  220  229  238  245  252  258  264  268
  269  266  261  252  240  228  215  202  190  179  169  160  151  141  129  116
  102   88   77   67   59   53   48   46   44   45   46   47   47   46   44   41
   38   35   33   31   31   33   35   38   42   46   49   52   54   55   55   54
   53   53   56   58   61   70   78   91  110                                   
    52.5-180.0 180.0   5.0 450.0                            LAT/LON1/LON2/DLON/H
  123  141  158  171  185  198  210  221  230  237  245  251  258  264  269  272
  273  270  264  254  243  232  220  209  198  189  180  171  162  151  139  125
  110   97   86   77   70   65   60   57   55   55   55   55   54   52   49   46
   42   40   39   39   40   43   48   52   57   61   65   67   68   68   67   66
   65   65   68   70   73   81   89  100  123                                   
    50.0-180.0 180.0   5.0 450.0                            LAT/LON1/LON2/DLON/H
  138  156  175  187  201  213  224  233  241  247  253  259  264  269  274  277
  276  272  264  254  243  232  222  213  205  196  188  180  170  158  145  130
  116  104   95   88   83   79   75   71   68   66   66   65   64   61   58   55
   52   51   51   53   56   60   66   71   76   79   81   82   82   81   81   80
   78   79   81   85   87   95  104  112  138                                   
    47.5-180.0 180.0   5.0 450.0                            LAT/LON1/LON2/DLON/H
  153  172  191  203  217  229  238  246  252  257  262  266  271  275  279  280
  278  272  262  251  240  231  222  216  209  202  194  185  174  161  146  132
  119  109  102   98   95   92   89   84   80   78   76   75   73   71   68   66
   64   65   66   70   74   80   85   90   94   96   97   96   95   93   92   91
   90   91   94   99  103  111  121  128  153                                   
    45.0-180.0 180.0   5.0 450.0                            LAT/LON1/LON2/DLON/H
  166  185  205  217  230  242  250  258  262  268  271  275  279  282  284  283
  279  272  261  250  239  231  224  219  214  208  199  188  174  159  143  129
  117  109  105  104  104  103  100   95   90   86   84   82   80   78   76   75
   75   77   81   85   91   96  102  106  108  109  108  106  104  102  101  100
   99  101  105  111  117  126  138  145  166                                   
    42.5-180.0 180.0   5.0 450.0                            LAT/LON1/LON2/DLON/H
  175  195  214  227  240  252  260  267  271  277  280  284  287  288  289  287
  282  274  263  252  242  234  229  225  221  214  203  189  173  155  138  123
  113  107  106  107  110  110  107  102   96   92   88   86   84   81   80   80
   82   85   89   94  100  105  110  114  115  115  113  111  109  107  107  106
  105  108  112  118  126  137  151  160  175                                   
    40.0-180.0 180.0   5.0 450.0                            LAT/LON1/LON2/DLON/H
  178  200  218  233  246  258  266  273  278  285  289  293  295  295  295  292
  287  279  269  259  250  243  238  234  229  221  208  191  171  151  133  119
  110  106  107  110  114  115  112  107  101   95   91   87   84   81   80   80
   82   85   90   95  100  105  110  113  115  114  113  112  110  109  109  109
  108  110  115  121  130  144  158  170  178                                   
    37.5-180.0 180.0   5.0 450.0                            LAT/LON1/LON2/DLON/H
  177  200  218  233  248  259  269  277  283  291  296  300  302  302  301  298
  293  287  279  270  262  255  250  245  238  228  213  193  171  151  133  121
  114  112  113  117  120  120  117  112  105   99   93   88   84   80   78   77
   78   81   84   88   93   98  103  107  109  110  109  109  108  108  108  108
  106  108  113  120  129  144  158  173  177                                   
    35.0-180.0 180.0   5.0 450.0                            LAT/LON1/LON2/DLON/H
  175  197  215  231  246  257  268  278  287  296  303  307  308  308  306  304
  300  296  290  283  276  268  261  254  246  235  219  199  177  158  144  135
  130  129  129  130  131  130  126  119  113  106   99   93   87   81   77   75
   74   75   76   79   83   89   95  100  103  105  105  106  106  106  107  106
  103  104  109  117  124  140  154  170  175                                   
    32.5-180.0 180.0   5.0 450.0                            LAT/LON1/LON2/DLON/H
  173  195  213  228  243  253  266  277  289  300  308  313  314  313  311  308
  307  304  301  295  287  278  269  260  251  240  226  208  190  175  166  162
  160  159  157  154  150  145  139  132  125  118  111  104   96   89   83   78
   75   72   71   72   77   84   91   97  101  103  104  105  105  106  106  104
  101  102  106  114  120  136  150  167  173                                   
    30.0-180.0 180.0   5.0 450.0                            LAT/LON1/LON2/DLON/H
  176  197  216  228  243  252  266  278  292  304  314  319  320  317  314  312
  311  310  307  302  293  282  271  261  253  244  234  222  210  202  200  201
  203  201  195  186  176  166  157  149  142  136  129  121  112  104   96   90
   84   78   74   74   78   85   93  100  104  106  107  107  107  107  107  105
  101  102  106  114  120  136  151  167  176                                   
    27.5-180.0 180.0   5.0 450.0                            LAT/LON1/LON2/DLON/H
  185  206  225  235  250  257  272  284  299  311  321  326  327  323  319  316
  314  312  309  302  292  279  267  258  253  249  245  240  236  237  243  251
  256  253  241  224  206  190  178  169  163  157  152  144  135  127  118  110
  101   93   86   84   88   95  104  110  113  114  113  112  111  110  110  108
  104  106  111  120  127  142  158  173  185                                   
    25.0-180.0 180.0   5.0 450.0                            LAT/LON1/LON2/DLON/H
  201  221  241  250  266  273  287  298  312  324  333  338  337  333  328  322
  318  314  308  298  285  271  260  254  253  256  259  262  268  278  293  307
  313  307  287  261  234  213  197  188  183  179  175  169  161  153  145  136
  126  115  107  103  106  112  120  125  126  124  121  117  115  113  113  111
  109  113  119  130  140  156  173  185  201                                   
    22.5-180.0 180.0   5.0 450.0                            LAT/LON1/LON2/DLON/H
  221  241  262  272  290  298  312  322  335  345  353  356  355  350  343  335
  327  319  308  294  278  264  255  253  258  267  278  290  304  322  343  361
  366  353  324  288  254  227  210  201  197  195  193  189  183  176  169  161
  151  140  131  126  127  132  137  139  138  133  127  121  116  114  114  114
  113  120  129  144  156  173  192  203  221                                   
    20.0-180.0 180.0   5.0 450.0                            LAT/LON1/LON2/DLON/H
  244  264  285  298  319  329  346  355  367  376  382  384  383  376  368  357
  345  331  315  296  278  264  258  261  272  287  305  323  343  366  388  403
  402  380  342  298  259  231  214  206  204  203  202  199  195  190  185  179
  171  162  153  148  147  149  151  150  146  138  129  121  115  112  112  114
  116  126  137  156  171  191  212  225  244                                   
    17.5-180.0 180.0   5.0 450.0                            LAT/LON1/LON2/DLON/H
  265  286  309  325  350  363  383  394  407  416  422  423  421  415  405  392
  376  357  334  311  290  277  275  282  298  318  339  361  382  403  420  426
  414  382  337  289  250  225  211  205  203  202  201  198  195  191  188  185
  180  174  167  163  161  160  159  156  149  139  128  118  111  108  109  111
  115  129  143  164  182  205  229  245  265                                   
    15.0-180.0 180.0   5.0 450.0                            LAT/LON1/LON2/DLON/H
  282  306  331  349  379  396  420  434  449  460  467  470  469  463  454  440
  421  398  370  342  320  308  308  320  338  360  381  400  417  429  434  426
  402  362  314  269  235  215  205  201  199  196  192  188  183  180  179  178
  177  175  172  169  167  164  161  155  147  137  125  115  108  105  105  108
  114  129  144  167  187  214  242  260  282                                   
    12.5-180.0 180.0   5.0 450.0                            LAT/LON1/LON2/DLON/H
  293  321  349  369  402  423  451  469  488  503  513  519  520  517  509  496
  478  452  422  392  368  357  359  372  391  410  425  437  443  442  433  411
  376  332  285  246  221  209  204  201  197  190  181  173  167  163  162  164
  166  168  169  168  166  161  156  150  142  133  122  113  106  103  103  106
  111  127  144  166  188  217  247  268  293                                   
    10.0-180.0 180.0   5.0 450.0                            LAT/LON1/LON2/DLON/H
  298  330  361  383  418  444  475  496  520  539  554  563  568  569  565  556
  540  517  487  457  433  421  423  434  449  460  466  466  460  447  425  392
  350  304  263  233  217  212  211  209  201  188  175  162  153  148  148  151
  155  161  164  165  161  155  148  143  137  130  121  113  107  104  104  106
  111  125  142  163  186  217  248  270  298                                   
     7.5-180.0 180.0   5.0 450.0                            LAT/LON1/LON2/DLON/H
  299  334  368  390  428  456  490  514  542  565  583  597  606  611  612  609
  599  582  556  529  506  493  492  498  504  504  499  488  472  449  417  377
