data/edconvlstm_nd/pred0830.15i
     1.0            IONOSPHERE MAPS     GNSS                IONEX VERSION / TYPE
pyspatialgeodesy        IME             05-JAN-18 20:20     PGM / RUN BY / DATE 
Map Name                                                    COMMENT             
Predicted global ionosphere maps (GIM).                     DESCRIPTION         
  2015     3    24     0     0     0                        EPOCH OF FIRST MAP  
  2015     3    25     0     0     0                        EPOCH OF LAST MAP   
  7200                                                      INTERVAL            
    13                                                      # OF MAPS IN FILE   
  NONE                                                      MAPPING FUNCTION    
10.0                                                        ELEVATION CUTOFF    
One-way carrier phase leveled to code                       OBSERVABLES USED    
  6371.0                                                    BASE RADIUS         
 2                                                          MAP DIMENSION       
   450.0 450.0   0.0                                        HGT1 / HGT2 / DHGT  
    87.5 -87.5  -2.5                                        LAT1 / LAT2 / DLAT  
  -180.0 180.0   5.0                                        LON1 / LON2 / DLON  
    -1                                                      EXPONENT            
                                                            END OF HEADER       
     1                                                      START OF TEC MAP    
  2015     3    24     0     0     0                        EPOCH OF CURRENT MAP
    87.5-180.0 180.0   5.0 450.0                            LAT/LON1/LON2/DLON/H
  147  149  152  145  147  148  146  146  148  148  150  151  152  153  153  153
  152  151  150  148  147  145  143  141  138  136  134  132  131  129  127  126
  125  124  123  123  122  122  122  123  123  123  124  125  126  127  128  129
  130  131  132  133  134  135  135  136  137  137  138  138  138  138  138  138
  139  139  138  137  132  133  134  128  147                                   
    85.0-180.0 180.0   5.0 450.0                            LAT/LON1/LON2/DLON/H
  156  156  133  139  147  150  146  146  148  149  151  152  154  154  155  154
  153  152  150  147  145  142  138  135  132  128  125  122  119  117  115  113
  112  111  111  111  111  112  113  114  116  117  119  121  123  124  126  128
  129  131  133  135  136  138  139  140  141  142  143  143  144  144  144  144
  145  145  145  145  139  142  141  135  156                                   
    82.5-180.0 180.0   5.0 450.0                            LAT/LON1/LON2/DLON/H
  151  143  141  141  147  151  147  147  151  153  155  157  159  160  160  160
  159  157  154  151  147  143  138  134  129  124  120  116  112  108  106  103
  102  101  101  101  102  104  106  108  110  112  115  117  119  122  124  127
  129  132  134  137  139  141  144  146  147  149  150  151  152  152  152  153
  153  152  151  146  144  134  133  133  151                                   
    80.0-180.0 180.0   5.0 450.0                            LAT/LON1/LON2/DLON/H
  154  142  133  133  142  145  145  147  153  155  160  164  167  169  170  170
  169  166  163  159  154  148  142  136  129  123  116  110  105  101   97   94
   93   92   92   93   95   97   99  102  104  107  110  112  115  117  120  122
  125  128  131  134  137  140  143  146  148  150  152  153  154  155  155  156
  156  154  153  148  157  146  147  150  154                                   
    77.5-180.0 180.0   5.0 450.0                            LAT/LON1/LON2/DLON/H
  164  154  139  142  144  148  149  153  159  163  168  174  178  181  182  182
  180  177  173  167  161  155  148  141  133  126  119  112  106  101   97   94
   93   92   93   94   96   98  101  104  106  109  111  112  114  115  117  119
  121  124  127  130  134  137  141  144  147  150  152  154  155  157  158  160
  160  162  160  159  165  164  159  165  164                                   
    75.0-180.0 180.0   5.0 450.0                            LAT/LON1/LON2/DLON/H
  175  163  152  152  151  153  153  156  163  167  173  179  183  186  186  185
  182  178  173  167  161  154  147  140  133  125  118  111  104   99   95   92
   91   91   91   93   95   98  101  103  104  106  106  106  106  106  106  107
  108  110  113  116  120  125  129  133  137  140  143  145  147  149  151  153
  155  158  160  157  165  173  167  173  175                                   
    72.5-180.0 180.0   5.0 450.0                            LAT/LON1/LON2/DLON/H
  176  171  162  159  155  153  154  157  164  168  174  180  183  185  183  180
  176  170  165  159  153  147  141  135  128  122  115  108  102   96   92   89
   88   88   89   90   92   94   97   98   99   99   97   96   94   92   90   90
   90   92   95   99  104  109  114  120  124  128  131  133  135  137  140  143
  145  150  156  157  164  174  175  186  176                                   
    70.0-180.0 180.0   5.0 450.0                            LAT/LON1/LON2/DLON/H
  186  180  173  173  165  163  162  165  171  175  181  185  187  185  182  176
  169  162  156  150  145  141  136  132  126  120  113  106  100   95   90   87
   86   85   86   87   88   90   91   92   91   90   88   85   81   78   76   75
   75   77   81   86   93  100  107  114  119  124  127  130  132  133  136  140
  142  147  155  160  169  182  183  195  186                                   
    67.5-180.0 180.0   5.0 450.0                            LAT/LON1/LON2/DLON/H
  191  189  180  180  171  166  165  167  173  177  183  186  187  183  178  170
  161  154  147  142  138  135  132  128  123  117  109  102   94   88   83   80
   78   76   76   76   77   78   79   79   79   77   74   70   66   63   60   59
   60   63   68   74   82   91  101  109  116  122  126  129  131  132  134  137
  139  143  152  157  168  182  185  199  191                                   
    65.0-180.0 180.0   5.0 450.0                            LAT/LON1/LON2/DLON/H
  193  189  181  183  174  167  165  169  175  179  185  188  188  183  176  167
  158  150  144  141  138  136  133  129  123  115  106   97   88   81   76   72
   69   67   66   65   65   65   66   66   66   64   62   58   54   51   48   48
   49   54   60   68   77   88   99  109  118  126  131  134  136  137  138  139
  140  143  151  155  164  179  183  198  193                                   
    62.5-180.0 180.0   5.0 450.0                            LAT/LON1/LON2/DLON/H
  191  186  180  182  174  167  164  168  175  180  186  190  190  185  178  170
  162  156  151  148  147  144  140  134  125  114  103   92   83   76   70   66
   63   60   58   56   55   55   56   57   57   56   54   51   47   44   42   42
   45   50   57   66   77   88  101  114  124  133  140  145  147  148  149  149
  147  148  153  155  161  172  177  193  191                                   
    60.0-180.0 180.0   5.0 450.0                            LAT/LON1/LON2/DLON/H
  186  182  177  179  172  164  161  165  173  178  184  189  190  187  182  176
  171  167  165  164  161  157  150  140  127  114  100   88   79   72   67   63
   60   56   54   51   50   50   51   53   54   54   53   50   47   44   42   43
   45   50   58   67   79   92  106  120  132  143  152  158  162  164  165  165
  161  158  161  160  161  167  171  187  186                                   
    57.5-180.0 180.0   5.0 450.0                            LAT/LON1/LON2/DLON/H
  185  182  180  180  174  166  162  165  172  177  182  186  188  187  185  184
  183  183  183  182  178  171  159  145  129  113   99   87   79   73   68   65
   62   58   55   53   51   51   53   55   57   58   57   55   52   49   47   48
   51   56   63   72   83   97  112  126  140  153  164  173  179  184  186  186
  181  176  177  171  168  169  171  189  185                                   
    55.0-180.0 180.0   5.0 450.0                            LAT/LON1/LON2/DLON/H
  192  191  191  190  185  177  172  172  177  178  181  184  185  186  188  190
  194  198  199  198  191  180  165  148  130  114  101   90   83   79   75   73
   70   66   63   60   59   59   61   64   66   67   67   65   62   59   58   58
   61   65   71   80   90  104  118  134  148  162  175  187  197  204  210  211
  207  201  200  191  186  182  182  199  192                                   
    52.5-180.0 180.0   5.0 450.0                            LAT/LON1/LON2/DLON/H
  211  213  213  212  208  200  194  191  191  187  185  184  183  184  187  193
  200  206  208  206  197  184  167  149  133  118  107   99   93   90   88   85
   82   78   75   72   71   72   74   77   79   80   80   77   75   73   72   73
   75   78   83   89   99  111  125  140  156  171  185  200  213  224  233  238
  236  231  229  218  212  206  204  221  211                                   
    50.0-180.0 180.0   5.0 450.0                            LAT/LON1/LON2/DLON/H
  240  245  244  245  242  236  229  222  216  206  197  190  185  184  187  193
  200  206  208  205  196  182  166  151  137  126  118  112  108  105  102   99
   95   91   87   85   85   86   89   91   93   94   93   91   89   88   88   89
   91   93   96  101  109  120  133  147  162  178  194  211  227  242  254  262
  264  263  261  250  245  239  236  253  240                                   
    47.5-180.0 180.0   5.0 450.0                            LAT/LON1/LON2/DLON/H
  275  283  282  285  284  279  273  262  250  234  217  203  193  187  187  191
  196  200  201  198  189  178  166  155  145  138  132  128  123  119  114  109
  103   99   96   95   97   99  102  104  105  105  105  104  103  104  105  106
  107  108  109  113  119  129  141  155  170  185  201  219  237  255  270  282
  288  291  292  284  281  278  276  289  275                                   
    45.0-180.0 180.0   5.0 450.0                            LAT/LON1/LON2/DLON/H
  310  321  322  327  325  324  319  307  291  269  245  224  207  196  191  190
  191  192  192  189  183  176  169  162  157  153  148  142  135  127  119  111
  103   99   97   99  103  108  111  112  113  113  114  115  116  118  120  121
  122  122  122  124  129  138  151  165  179  194  210  227  246  264  281  296
  306  314  320  316  316  315  317  325  310                                   
    42.5-180.0 180.0   5.0 450.0                            LAT/LON1/LON2/DLON/H
  339  354  356  362  360  361  358  348  331  306  277  250  227  210  199  193
  189  187  185  183  181  179  177  175  172  168  161  151  139  126  113  103
   95   92   94  100  107  114  117  119  119  120  122  125  128  131  134  135
  135  134  132  134  139  149  163  177  191  205  220  236  255  273  291  307
  321  333  344  346  348  348  351  353  339                                   
    40.0-180.0 180.0   5.0 450.0                            LAT/LON1/LON2/DLON/H
  361  378  379  384  383  384  384  377  362  338  308  278  251  229  213  200
  192  187  185  186  188  190  191  190  186  179  167  151  133  116  102   92
   86   87   92  102  113  122  126  127  127  128  132  136  140  144  146  147
  145  142  140  141  147  159  174  191  205  219  233  249  266  285  303  320
  336  352  367  373  376  376  379  374  361                                   
    37.5-180.0 180.0   5.0 450.0                            LAT/LON1/LON2/DLON/H
  378  395  394  393  393  393  393  389  379  358  332  304  277  252  231  214
  202  196  195  198  203  207  208  204  195  181  164  143  124  107   95   87
   86   90  100  113  127  137  141  140  139  141  144  149  154  156  157  155
  151  147  143  143  150  164  182  201  218  232  246  262  280  300  319  338
  356  374  391  400  403  402  402  391  378                                   
    35.0-180.0 180.0   5.0 450.0                            LAT/LON1/LON2/DLON/H
  394  411  407  398  398  395  393  390  384  368  347  324  299  275  252  233
  219  213  214  219  224  226  221  210  195  177  156  136  120  108  101   99
  102  110  123  139  153  163  165  162  159  158  161  165  167  168  165  160
  154  147  141  141  148  163  183  205  224  239  254  271  292  314  338  360
  381  401  421  430  432  431  426  412  394                                   
    32.5-180.0 180.0   5.0 450.0                            LAT/LON1/LON2/DLON/H
  418  437  429  412  408  402  395  390  385  373  357  339  319  297  275  256
  243  237  238  243  244  238  225  208  189  170  153  140  131  128  130  135
  144  154  167  182  194  200  198  191  184  180  181  182  181  178  171  163
  154  145  138  136  142  157  178  200  220  237  253  272  296  324  354  383
  409  434  456  464  468  466  457  442  418                                   
    30.0-180.0 180.0   5.0 450.0                            LAT/LON1/LON2/DLON/H
  459  481  470  446  437  426  413  404  396  384  370  356  339  319  299  281
  268  263  263  262  256  241  221  200  182  171  164  163  167  177  190  203
  215  224  232  240  246  245  237  224  212  204  200  198  194  186  176  166
  155  144  135  132  136  150  169  191  211  229  247  268  296  330  367  404
  439  469  494  502  510  509  497  483  459                                   
    27.5-180.0 180.0   5.0 450.0                            LAT/LON1/LON2/DLON/H
  518  544  531  503  491  476  458  441  427  412  397  382  365  345  325  307
  294  287  282  273  256  234  210  193  185  186  196  212  233  256  280  297
  307  310  308  305  300  290  274  254  237  224  217  211  203  193  181  169
  158  146  136  131  133  143  161  182  203  222  241  266  298  337  381  427
  469  505  532  542  555  559  547  537  518                                   
    25.0-180.0 180.0   5.0 450.0                            LAT/LON1/LON2/DLON/H
  591  621  610  583  569  554  530  506  485  464  444  424  403  379  355  334
  318  305  292  273  248  222  202  195  203  223  252  286  322  356  384  400
  402  393  377  360  342  323  300  275  253  238  227  219  209  198  185  174
  162  150  139  131  129  137  154  174  196  218  240  268  303  347  398  450
  499  540  569  579  597  611  606  601  591                                   
    22.5-180.0 180.0   5.0 450.0                            LAT/LON1/LON2/DLON/H
  668  701  696  676  662  649  624  595  567  540  514  487  457  425  393  364
  340  318  295  267  238  215  206  215  241  281  327  375  419  456  480  487
  477  453  422  391  362  335  308  282  259  243  232  222  212  200  189  178
  166  154  141  131  127  133  148  169  194  218  243  274  313  361  416  473
  525  569  599  612  634  658  667  671  668                                   
    20.0-180.0 180.0   5.0 450.0                            LAT/LON1/LON2/DLON/H
  741  773  774  765  754  745  725  696  665  635  603  568  528  484  439  398
  362  329  296  264  236  222  227  254  298  353  409  461  504  533  546  539
  514  475  430  389  354  324  298  275  256  242  232  223  213  202  191  180
  169  157  143  132  126  131  146  169  195  222  251  285  327  377  433  491
  545  589  620  637  663  694  719  733  741                                   
    17.5-180.0 180.0   5.0 450.0                            LAT/LON1/LON2/DLON/H
  795  820  829  833  829  828  815  792  765  735  700  660  611  554  495  438
  388  344  304  271  250  249  270  312  367  428  483  528  558  571  566  542
  502  451  399  354  320  296  276  259  246  236  228  220  211  201  191  181
  171  158  144  132  127  131  146  170  199  229  262  299  343  393  449  504
  555  597  628  650  678  713  750  775  795                                   
    15.0-180.0 180.0   5.0 450.0                            LAT/LON1/LON2/DLON/H
  819  834  852  869  874  883  881  867  847  821  789  748  694  629  556  485
  421  367  323  294  283  295  329  380  438  492  535  561  568  558  533  494
  444  389  339  302  278  263  252  243  234  227  222  216  208  199  190  181
  170  158  145  133  127  131  147  173  204  238  274  314  358  407  458  508
  555  594  625  652  681  715  760  793  819                                   
    12.5-180.0 180.0   5.0 450.0                            LAT/LON1/LON2/DLON/H
  817  821  849  875  888  905  912  908  898  881  855  819  767  699  619  537
  462  401  357  333  333  357  398  449  498  535  553  551  530  497  456  409
  360  314  278  256  246  243  239  234  228  223  219  214  208  199  189  179
  168  156  144  133  128  133  150  177  211  246  283  323  366  412  459  505
  548  584  616  647  677  708  755  791  817                                   
    10.0-180.0 180.0   5.0 450.0                            LAT/LON1/LON2/DLON/H
  802  799  834  863  879  899  911  915  914  906  890  862  819  756  676  591
  511  447  405  389  398  428  468  508  535  543  529  496  452  405  361  320
  285  257  241  237  241  245  244  239  233  228  224  219  211  201  189  177
  164  152  140  130  128  135  155  183  215  248  283  321  363  408  453  497
  539  574  608  641  672  701  747  783  802                                   
     7.5-180.0 180.0   5.0 450.0                            LAT/LON1/LON2/DLON/H
  789  785  823  848  862  879  890  897  901  901  894  877  846  794  723  641
  563  502  466  457  471  498  526  542  538  511  467  412  358  314  282  260
