data/edconvlstm_nd/pred1090.15i
     1.0            IONOSPHERE MAPS     GNSS                IONEX VERSION / TYPE
pyspatialgeodesy        IME             05-JAN-18 20:20     PGM / RUN BY / DATE 
Map Name                                                    COMMENT             
Predicted global ionosphere maps (GIM).                     DESCRIPTION         
  2015     4    19     0     0     0                        EPOCH OF FIRST MAP  
  2015     4    20     0     0     0                        EPOCH OF LAST MAP   
  7200                                                      INTERVAL            
    13                                                      # OF MAPS IN FILE   
  NONE                                                      MAPPING FUNCTION    
10.0                                                        ELEVATION CUTOFF    
One-way carrier phase leveled to code                       OBSERVABLES USED    
  6371.0                                                    BASE RADIUS         
 2                                                          MAP DIMENSION       
   450.0 450.0   0.0                                        HGT1 / HGT2 / DHGT  
    87.5 -87.5  -2.5                                        LAT1 / LAT2 / DLAT  
  -180.0 180.0   5.0                                        LON1 / LON2 / DLON  
    -1                                                      EXPONENT            
                                                            END OF HEADER       
[from data line 2574]
     7                                                      START OF TEC MAP    
  2015     4    19    12     0     0                        EPOCH OF CURRENT MAP
    87.5-180.0 180.0   5.0 450.0                            LAT/LON1/LON2/DLON/H
  178  181  180  189  192  194  196  197  200  203  204  206  208  209  211  212
  212  213  214  214  214  215  215  215  214  214  214  214  213  213  212  211
  211  210  209  207  206  204  202  200  198  195  193  190  188  185  183  180
  178  176  174  172  171  169  168  167  167  166  166  166  166  166  166  167
  167  169  169  169  176  177  183  180  178                                   
    85.0-180.0 180.0   5.0 450.0                            LAT/LON1/LON2/DLON/H
  171  179  191  191  192  198  202  206  209  212  213  215  217  218  219  220
  221  222  222  222  223  223  223  223  223  223  223  222  222  222  222  222
  221  221  220  219  217  215  213  211  208  205  202  199  196  192  189  186
  183  181  178  176  174  173  172  171  170  169  169  168  168  169  169  169
  171  173  170  170  171  173  178  183  171                                   
    82.5-180.0 180.0   5.0 450.0                            LAT/LON1/LON2/DLON/H
  152  170  176  176  178  186  191  196  199  203  204  207  208  209  210  211
  211  212  212  213  213  213  214  214  214  215  216  216  217  218  219  220
  221  221  221  220  219  218  215  213  209  206  202  197  193  189  184  180
  177  173  170  167  165  163  161  160  159  158  157  157  156  156  155  155
  156  156  153  155  156  166  168  163  152                                   
    80.0-180.0 180.0   5.0 450.0                            LAT/LON1/LON2/DLON/H
  141  154  161  164  166  172  179  185  190  194  196  199  200  201  202  203
  204  204  204  205  205  206  206  206  207  208  209  211  213  215  217  219
  221  223  225  225  225  225  223  220  217  213  208  203  198  193  188  184
  180  176  173  170  168  166  165  163  162  161  160  159  158  156  155  153
  152  150  147  148  145  150  156  149  141                                   
    77.5-180.0 180.0   5.0 450.0                            LAT/LON1/LON2/DLON/H
  135  140  148  151  153  160  166  172  177  180  182  184  185  186  186  187
  187  188  189  189  190  191  192  193  194  196  198  200  203  207  211  216
  221  225  229  232  235  236  236  234  232  228  224  219  214  209  204  199
  195  192  188  186  184  182  180  179  178  176  175  173  170  167  164  160
  156  151  145  144  142  141  144  143  135                                   
    75.0-180.0 180.0   5.0 450.0                            LAT/LON1/LON2/DLON/H
  126  131  134  139  141  149  155  160  164  167  168  170  170  170  170  171
  172  173  174  176  177  179  180  182  183  185  188  191  195  200  206  213
  220  227  233  239  244  248  250  250  249  247  244  240  235  231  226  222
  219  216  213  211  209  207  205  204  202  200  198  195  191  186  181  175
  167  160  152  145  140  137  137  131  126                                   
    72.5-180.0 180.0   5.0 450.0                            LAT/LON1/LON2/DLON/H
  119  122  125  130  132  140  146  150  153  156  156  156  156  155  155  156
  157  159  161  164  167  170  172  174  176  178  181  185  189  195  202  209
  218  227  236  244  251  257  261  264  265  264  262  260  256  253  249  246
  243  241  238  236  234  231  229  227  224  221  218  214  209  203  196  188
  179  169  159  150  141  135  135  133  119                                   
    70.0-180.0 180.0   5.0 450.0                            LAT/LON1/LON2/DLON/H
  117  116  119  123  124  131  136  140  143  145  144  144  143  142  142  142
  144  148  151  156  160  163  167  169  172  174  177  180  184  190  197  205
  214  224  234  244  253  261  267  272  275  276  276  274  272  270  267  264
  262  259  257  254  250  247  244  240  236  232  228  223  218  211  204  195
  185  174  162  152  141  134  134  134  117                                   
    67.5-180.0 180.0   5.0 450.0                            LAT/LON1/LON2/DLON/H
  112  111  113  118  119  125  130  134  137  138  137  137  135  135  135  136
  139  144  149  154  160  164  168  172  174  177  179  182  185  190  196  203
  212  222  232  243  253  262  271  277  282  285  286  286  285  283  281  278
  275  272  268  264  259  254  249  244  239  234  229  224  219  212  205  196
  186  175  164  152  140  132  131  132  112                                   
    65.0-180.0 180.0   5.0 450.0                            LAT/LON1/LON2/DLON/H
  106  105  106  110  110  115  119  124  126  128  128  128  127  126  127  129
  133  139  145  151  157  163  168  172  175  177  180  182  185  189  194  201
  209  219  229  239  250  260  270  278  284  289  292  293  292  291  288  285
  282  277  272  266  259  252  245  239  232  227  221  216  211  204  197  189
  180  169  158  147  137  129  128  129  106                                   
    62.5-180.0 180.0   5.0 450.0                            LAT/LON1/LON2/DLON/H
   98   96   97   99   97  101  105  110  113  116  117  117  117  118  120  123
  128  134  141  147  154  160  165  169  173  176  179  182  185  189  194  200
  207  216  225  235  246  257  268  277  286  292  296  297  297  295  293  289
  284  278  271  263  255  246  238  230  223  217  211  206  200  194  187  179
  170  160  150  139  129  121  120  122   98                                   
    60.0-180.0 180.0   5.0 450.0                            LAT/LON1/LON2/DLON/H
   90   86   86   85   81   84   87   92   96  100  102  104  105  107  110  115
  120  127  133  140  146  152  157  162  167  171  175  178  182  187  192  199
  206  214  223  233  244  256  267  279  289  297  302  304  304  302  299  294
  287  280  271  262  253  243  234  226  219  212  207  201  195  189  181  173
  164  154  144  133  123  114  112  112   90                                   
    57.5-180.0 180.0   5.0 450.0                            LAT/LON1/LON2/DLON/H
   87   79   77   73   67   68   71   74   79   83   86   89   92   95  100  106
  112  119  125  131  137  143  148  154  160  165  170  175  180  186  193  200
  208  216  225  236  247  260  273  286  298  308  314  317  317  315  311  305
  297  288  279  269  259  249  240  232  226  220  214  208  202  195  186  178
  167  156  147  135  123  111  108  106   87                                   
    55.0-180.0 180.0   5.0 450.0                            LAT/LON1/LON2/DLON/H
   89   77   74   67   59   57   59   61   65   69   72   76   80   84   90   97
  104  111  117  123  128  134  141  147  154  160  166  172  179  187  195  204
  213  222  232  243  255  269  284  299  313  324  332  336  336  334  329  322
  314  304  294  284  274  265  257  250  245  239  234  228  221  213  204  194
  182  169  158  145  132  117  111  107   89                                   
    52.5-180.0 180.0   5.0 450.0                            LAT/LON1/LON2/DLON/H
  100   84   80   69   60   56   56   56   58   61   64   67   70   75   81   89
   98  106  113  118  124  130  138  145  153  160  166  173  181  190  200  211
  221  232  242  254  267  283  299  317  333  346  355  359  360  357  352  345
  337  327  316  306  296  288  282  276  272  267  262  257  249  240  230  218
  205  191  179  164  149  132  122  115  100                                   
    50.0-180.0 180.0   5.0 450.0                            LAT/LON1/LON2/DLON/H
  117  100   94   81   72   66   64   61   61   61   62   64   66   70   77   86
   96  105  113  120  126  133  141  150  158  165  171  178  186  196  207  220
  232  243  255  268  283  300  318  337  355  369  379  384  385  382  378  371
  363  352  341  330  321  313  308  304  300  296  291  285  278  268  257  245
  231  217  203  188  171  153  141  131  117                                   
    47.5-180.0 180.0   5.0 450.0                            LAT/LON1/LON2/DLON/H
  140  123  115  103   94   86   81   75   72   70   68   67   68   71   77   86
   97  108  118  126  134  143  152  161  169  176  181  187  195  205  217  230
  243  256  269  283  299  318  338  358  377  392  402  406  407  405  400  394
  386  375  363  351  341  333  327  323  319  314  309  303  295  287  276  265
  252  239  225  210  193  176  164  153  140                                   
    45.0-180.0 180.0   5.0 450.0                            LAT/LON1/LON2/DLON/H
  162  149  139  129  120  112  104   96   90   85   81   77   76   77   82   91
  103  116  127  138  147  157  167  177  184  190  194  199  205  215  227  241
  254  267  281  297  315  335  356  378  397  412  422  425  425  423  418  412
  403  392  378  364  352  342  334  328  323  317  310  304  296  289  280  271
  261  250  238  225  210  196  185  174  162                                   
    42.5-180.0 180.0   5.0 450.0                            LAT/LON1/LON2/DLON/H
  179  171  161  154  147  139  129  119  110  103   97   92   88   87   91   99
  111  125  139  151  162  172  183  192  199  204  207  211  217  226  238  251
  265  279  294  311  330  352  374  397  417  432  440  443  442  438  433  427
  417  405  389  373  357  344  334  325  316  307  299  290  282  275  269  262
  255  248  239  229  218  208  200  188  179                                   
    40.0-180.0 180.0   5.0 450.0                            LAT/LON1/LON2/DLON/H
  186  185  176  172  167  159  150  139  129  122  115  109  104  101  103  110
  121  136  150  163  175  185  195  204  211  215  218  221  227  236  248  262
  276  291  308  327  348  371  396  420  440  455  463  464  462  457  452  445
  435  421  404  384  366  349  335  323  311  298  286  274  264  256  250  245
  239  236  229  222  214  210  205  192  186                                   
    37.5-180.0 180.0   5.0 450.0                            LAT/LON1/LON2/DLON/H
  184  189  182  179  178  170  162  152  143  136  130  126  121  117  117  121
  131  145  160  173  184  194  203  210  217  222  226  231  237  247  260  274
  290  307  326  348  372  398  424  450  471  487  494  495  492  487  482  475
  465  451  432  411  389  370  354  338  322  306  289  272  258  246  237  230
  225  222  216  210  205  204  201  186  184                                   
    35.0-180.0 180.0   5.0 450.0                            LAT/LON1/LON2/DLON/H
  176  186  182  178  179  172  166  157  150  145  142  140  136  133  131  134
  142  154  168  181  191  199  206  213  220  227  233  240  248  260  274  290
  308  329  352  377  405  434  463  491  514  531  540  542  539  535  530  524
  515  501  482  460  438  418  400  382  363  341  319  296  275  257  242  231
  222  217  210  201  196  196  194  176  176                                   
    32.5-180.0 180.0   5.0 450.0                            LAT/LON1/LON2/DLON/H
  169  181  178  173  175  168  165  157  152  149  149  150  149  147  145  146
  152  163  175  187  196  203  209  216  224  232  241  251  262  276  292  311
  333  358  386  416  448  480  513  543  570  590  601  605  605  603  600  596
  589  576  558  537  516  496  478  459  437  412  383  353  324  297  275  256
  241  230  218  206  198  194  191  169  169                                   
    30.0-180.0 180.0   5.0 450.0                            LAT/LON1/LON2/DLON/H
  169  179  176  170  171  164  163  155  151  150  152  156  158  158  157  158
  163  172  183  194  202  208  214  221  230  241  253  266  280  297  317  340
  367  397  430  465  501  536  572  606  636  659  675  683  687  689  690  689
  684  673  657  638  619  602  585  566  542  512  477  440  403  366  334  307
  283  266  247  229  216  206  198  171  169                                   
    27.5-180.0 180.0   5.0 450.0                            LAT/LON1/LON2/DLON/H
  181  187  180  170  170  163  162  156  151  151  154  160  164  166  166  168
  172  182  193  204  213  218  224  231  242  255  270  286  305  325  349  377
  408  444  482  522  560  598  635  671  704  731  752  766  776  783  787  789
  786  777  763  747  732  717  702  683  658  624  585  542  497  454  414  378
  347  322  296  271  252  235  218  185  181                                   
    25.0-180.0 180.0   5.0 450.0                            LAT/LON1/LON2/DLON/H
  206  206  192  179  174  167  166  160  154  154  157  162  167  171  173  175
  181  191  204  217  226  233  238  246  258  274  292  313  335  360  388  421
  458  499  541  582  621  657  693  728  762  792  817  838  853  865  873  876
  874  867  856  843  831  820  806  786  757  720  678  632  584  538  495  455
  420  392  360  330  304  281  255  215  206                                   
    22.5-180.0 180.0   5.0 450.0                            LAT/LON1/LON2/DLON/H
  244  235  216  197  186  178  175  167  161  159  160  164  169  173  175  179
  187  199  214  230  242  249  255  264  277  296  319  344  371  401  434  472
  513  557  600  638  672  704  735  768  801  832  859  884  904  919  929  932
  931  925  918  910  901  891  876  852  819  778  733  687  641  597  557  519
  486  460  428  395  367  339  305  262  244                                   
    20.0-180.0 180.0   5.0 450.0                            LAT/LON1/LON2/DLON/H
  289  272  250  224  206  195  188  179  170  165  164  165  168  171  175  180
  189  203  221  240  255  264  272  282  299  321  348  378  411  446  485  526
  570  612  650  681  707  731  757  786  816  846  874  900  922  939  948  952
  951  948  944  940  934  923  905  875  836  790  742  698  658  622  589  558
  531  512  485  455  429  400  362  320  289                                   
    17.5-180.0 180.0   5.0 450.0                            LAT/LON1/LON2/DLON/H
  332  310  286  256  229  214  204  192  181  174  169  167  167  168  171  177
  187  204  224  246  263  275  285  298  319  346  379  415  454  494  536  578
  618  655  684  706  723  740  761  786  813  840  866  890  911  927  935  938
  938  937  937  935  929  916  892  855  808  758  710  669  637  610  590  569
  551  542  525  500  482  453  417  379  332                                   
    15.0-180.0 180.0   5.0 450.0                            LAT/LON1/LON2/DLON/H
  370  345  319  285  251  231  218  203  191  182  174  169  165  164  166  172
  183  200  223  246  266  280  293  311  336  370  409  451  495  538  579  618
  652  680  701  715  726  738  756  778  802  825  846  866  883  895  900  900
  900  900  901  900  893  876  847  804  751  698  651  615  591  575  567  558
  550  550  544  527  519  493  462  427  370                                   
    12.5-180.0 180.0   5.0 450.0                            LAT/LON1/LON2/DLON/H
  399  374  346  307  268  243  228  211  198  188  178  171  164  161  161  167
  178  195  217  241  262  279  296  319  350  391  436  483  529  571  610  643
  670  691  706  715  724  735  752  772  792  810  826  840  851  856  856  853
  851  850  851  849  840  821  788  743  688  634  589  557  540  533  533  532
  532  539  543  535  536  517  492  456  399                                   
    10.0-180.0 180.0   5.0 450.0                            LAT/LON1/LON2/DLON/H
  419  397  364  323  281  251  233  216  202  191  182  173  165  159  158  162
  172  188  209  232  254  273  295  323  362  408  458  507  553  593  627  656
  679  696  708  717  726  739  756  774  791  805  815  822  825  824  819  812
  808  806  806  803  793  773  741  696  644  591  547  517  502  498  502  504
  507  517  526  527  535  525  505  468  419                                   
     7.5-180.0 180.0   5.0 450.0                            LAT/LON1/LON2/DLON/H
  431  412  375  332  289  256  236  218  204  193  183  174  165  159  156  159
  167  181  200  222  244  267  293  327  371  422  475  524  568  605  637  663
