data/edconvlstm_nd/pred1890.15i
     1.0            IONOSPHERE MAPS     GNSS                IONEX VERSION / TYPE
pyspatialgeodesy        IME             05-JAN-18 20:20     PGM / RUN BY / DATE 
Map Name                                                    COMMENT             
Predicted global ionosphere maps (GIM).                     DESCRIPTION         
  2015     7     8     0     0     0                        EPOCH OF FIRST MAP  
  2015     7     9     0     0     0                        EPOCH OF LAST MAP   
  7200                                                      INTERVAL            
    13                                                      # OF MAPS IN FILE   
  NONE                                                      MAPPING FUNCTION    
10.0                                                        ELEVATION CUTOFF    
One-way carrier phase leveled to code                       OBSERVABLES USED    
  6371.0                                                    BASE RADIUS         
 2                                                          MAP DIMENSION       
   450.0 450.0   0.0                                        HGT1 / HGT2 / DHGT  
    87.5 -87.5  -2.5                                        LAT1 / LAT2 / DLAT  
  -180.0 180.0   5.0                                        LON1 / LON2 / DLON  
    -1                                                      EXPONENT            
                                                            END OF HEADER       
[from data line 1716]
     5                                                      START OF TEC MAP    
  2015     7     8     8     0     0                        EPOCH OF CURRENT MAP
    87.5-180.0 180.0   5.0 450.0                            LAT/LON1/LON2/DLON/H
  159  161  158  163  163  162  160  158  159  160  161  161  162  162  162  162
  163  163  163  162  162  162  162  161  161  161  161  161  161  161  161  161
  161  161  162  162  162  162  163  163  163  163  164  164  164  165  165  166
  166  166  166  167  167  166  166  166  165  165  164  163  163  162  161  160
  160  162  160  159  163  162  166  160  159                                   
    85.0-180.0 180.0   5.0 450.0                            LAT/LON1/LON2/DLON/H
  162  167  170  168  167  168  169  169  169  170  170  171  172  172  172  173
  173  173  172  172  172  171  171  170  170  170  170  170  170  170  171  171
  172  172  173  173  174  174  174  175  175  176  176  177  177  178  179  179
  180  181  181  181  181  181  181  181  180  180  179  178  177  176  175  174
  175  175  170  169  165  166  168  169  162                                   
    82.5-180.0 180.0   5.0 450.0                            LAT/LON1/LON2/DLON/H
  165  171  173  166  164  165  165  165  166  167  167  168  168  168  168  168
  168  167  166  166  165  164  163  162  162  162  162  162  163  163  164  166
  167  168  169  170  171  172  173  173  174  175  176  177  178  179  180  181
  183  184  185  185  186  186  186  186  185  184  183  182  180  179  177  176
  175  174  169  170  168  171  169  160  165                                   
    80.0-180.0 180.0   5.0 450.0                            LAT/LON1/LON2/DLON/H
  170  173  172  168  167  165  165  166  167  167  166  167  167  167  166  166
  165  164  163  161  160  158  157  156  155  154  154  155  156  158  160  162
  164  167  168  170  171  173  174  174  175  176  178  179  181  183  185  187
  189  191  193  195  196  196  197  196  195  194  193  191  189  188  186  184
  183  181  176  176  174  177  181  166  170                                   
    77.5-180.0 180.0   5.0 450.0                            LAT/LON1/LON2/DLON/H
  175  174  175  173  169  169  168  167  167  166  165  165  164  164  163  162
  161  159  158  156  154  152  149  148  147  146  146  148  150  153  157  160
  164  168  171  173  175  176  177  178  179  180  181  183  185  188  191  194
  198  201  204  206  208  209  210  210  209  208  206  204  202  200  198  196
  193  191  185  185  186  185  184  177  175                                   
    75.0-180.0 180.0   5.0 450.0                            LAT/LON1/LON2/DLON/H
  178  180  177  176  172  171  169  167  166  165  163  162  160  159  157  156
  155  153  152  149  147  144  142  139  138  137  138  140  143  148  153  159
  164  169  173  176  178  179  180  181  181  182  183  185  188  191  195  199
  204  208  211  214  217  218  219  219  219  218  217  215  213  211  209  208
  205  203  198  194  194  196  195  187  178                                   
    72.5-180.0 180.0   5.0 450.0                            LAT/LON1/LON2/DLON/H
  182  187  183  181  177  175  173  169  167  164  161  159  157  155  153  152
  151  149  148  146  143  140  137  134  133  132  133  136  141  147  154  161
  168  174  178  182  184  185  185  185  185  185  187  189  192  196  200  204
  209  213  217  220  222  223  224  224  224  224  223  223  222  221  220  219
  217  216  212  208  206  208  205  201  182                                   
    70.0-180.0 180.0   5.0 450.0                            LAT/LON1/LON2/DLON/H
  192  192  189  185  179  175  171  167  164  160  156  153  150  148  146  144
  143  142  141  140  138  135  131  128  126  125  127  131  137  145  153  162
  170  177  182  186  187  188  187  187  186  187  188  190  194  197  202  206
  210  213  216  218  219  220  220  220  221  221  221  222  222  223  223  224
  224  223  220  217  216  218  218  214  192                                   
    67.5-180.0 180.0   5.0 450.0                            LAT/LON1/LON2/DLON/H
  194  196  192  188  181  176  171  166  162  157  153  149  146  142  140  139
  138  138  137  136  134  131  128  125  123  122  125  130  137  146  156  166
  175  182  187  190  191  191  190  189  189  189  191  194  197  200  204  207
  210  212  213  214  213  213  212  212  212  213  214  216  219  221  223  225
  226  226  225  222  221  224  224  221  194                                   
    65.0-180.0 180.0   5.0 450.0                            LAT/LON1/LON2/DLON/H
  198  200  195  190  182  176  170  164  160  155  150  146  141  138  135  133
  132  132  132  132  130  127  124  121  120  120  124  130  139  150  161  172
  181  188  192  195  196  195  194  194  194  195  197  200  203  207  209  211
  212  212  211  210  208  206  204  204  204  205  207  211  214  218  221  224
  226  227  226  224  224  229  230  228  198                                   
    62.5-180.0 180.0   5.0 450.0                            LAT/LON1/LON2/DLON/H
  200  202  197  191  183  176  168  162  156  151  146  141  137  132  129  127
  126  126  126  126  124  122  119  116  116  118  123  131  142  154  165  176
  185  192  196  198  199  198  198  198  199  201  204  207  211  213  215  215
  214  213  210  207  204  201  199  198  198  200  203  206  210  214  218  221
  224  225  224  223  223  229  231  230  200                                   
    60.0-180.0 180.0   5.0 450.0                            LAT/LON1/LON2/DLON/H
  201  204  199  192  183  174  166  157  151  145  139  134  129  125  121  118
  117  116  116  116  114  112  109  108  109  113  120  131  143  155  168  178
  187  193  198  200  200  200  200  201  204  207  210  214  217  219  219  218
  217  214  211  208  204  201  199  198  199  200  203  206  210  213  215  218
  220  221  220  219  219  226  229  228  201                                   
    57.5-180.0 180.0   5.0 450.0                            LAT/LON1/LON2/DLON/H
  204  207  203  195  186  175  164  154  145  137  131  126  121  116  111  108
  107  106  106  105  103  101   99   99  102  108  117  130  143  157  169  180
  188  195  199  202  203  203  204  206  209  213  217  221  223  224  224  222
  221  218  216  214  211  209  208  207  208  209  211  213  215  216  217  218
  218  218  216  215  216  222  226  225  204                                   
    55.0-180.0 180.0   5.0 450.0                            LAT/LON1/LON2/DLON/H
  208  211  209  200  190  177  164  150  139  129  121  116  110  105  101   98
   96   95   94   93   91   90   88   90   94  102  114  128  142  156  169  179
  188  195  200  204  206  207  209  211  214  218  222  226  228  228  228  226
  225  225  225  224  224  223  223  223  223  224  225  225  224  223  221  220
  218  217  215  214  215  221  224  223  208                                   
    52.5-180.0 180.0   5.0 450.0                            LAT/LON1/LON2/DLON/H
  214  218  217  208  197  182  166  149  134  122  113  106  100   95   91   88
   87   86   85   84   82   81   81   83   89   98  111  126  141  155  168  179
  189  197  204  209  212  213  215  216  219  223  227  230  231  231  231  231
  232  233  236  238  240  241  241  242  243  243  242  240  236  232  228  225
  222  220  217  216  217  222  225  223  214                                   
    50.0-180.0 180.0   5.0 450.0                            LAT/LON1/LON2/DLON/H
  221  227  225  216  206  188  170  150  133  118  107   99   92   87   84   82
   81   80   80   79   77   77   77   80   87   97  111  125  141  155  168  180
  191  201  210  216  220  222  223  224  226  228  231  234  235  236  236  237
  240  244  249  253  257  259  261  261  262  261  258  253  248  241  236  231
  227  225  223  223  223  228  230  227  221                                   
    47.5-180.0 180.0   5.0 450.0                            LAT/LON1/LON2/DLON/H
  228  234  233  223  213  195  175  153  133  117  104   96   89   84   81   79
   79   79   79   79   78   78   79   83   90  100  112  127  141  155  169  182
  195  208  218  226  231  232  232  232  233  235  237  239  241  242  244  247
  251  257  263  269  273  276  277  277  277  274  270  264  256  249  242  238
  234  233  231  232  233  238  239  234  228                                   
    45.0-180.0 180.0   5.0 450.0                            LAT/LON1/LON2/DLON/H
  232  239  237  227  217  199  179  156  136  119  106   97   90   85   82   81
   81   82   82   83   83   84   86   90   97  106  117  130  144  158  172  187
  202  216  229  238  243  244  244  243  243  244  246  248  250  253  256  260
  266  273  279  285  288  289  290  289  287  284  278  270  262  254  248  244
  242  242  241  243  244  249  249  243  232                                   
    42.5-180.0 180.0   5.0 450.0                            LAT/LON1/LON2/DLON/H
  235  241  237  226  216  198  180  158  140  123  111  102   95   90   87   86
   86   88   89   91   92   94   97  101  107  115  124  135  148  162  177  194
  210  226  239  249  255  257  257  256  256  257  258  261  264  268  273  278
  285  291  297  301  303  303  301  299  297  292  285  277  267  260  254  252
  250  251  252  254  256  261  260  253  235                                   
    40.0-180.0 180.0   5.0 450.0                            LAT/LON1/LON2/DLON/H
  236  239  233  220  210  193  177  158  142  128  117  109  103   97   94   93
   94   95   97  100  102  106  110  114  119  125  132  142  155  169  185  202
  219  235  249  260  266  269  270  270  270  272  274  278  282  288  294  301
  307  313  318  321  321  319  316  314  310  305  297  287  278  270  265  263
  262  263  263  264  266  272  272  263  236                                   
    37.5-180.0 180.0   5.0 450.0                            LAT/LON1/LON2/DLON/H
  237  236  227  212  201  184  170  154  143  132  124  117  111  106  102  101
  101  102  105  108  112  117  122  126  131  135  142  151  162  177  193  210
  227  243  257  268  275  279  282  284  286  289  292  297  302  310  317  325
  332  338  343  345  344  342  340  338  334  329  319  308  298  289  285  282
  279  277  275  275  276  282  282  272  237                                   
    35.0-180.0 180.0   5.0 450.0                            LAT/LON1/LON2/DLON/H
  242  236  224  205  191  175  162  150  141  134  129  124  118  113  109  107
  107  108  111  115  120  126  132  137  141  145  151  159  171  186  202  218
  233  248  261  272  281  287  293  298  302  305  310  315  322  331  340  349
  358  365  370  374  376  377  376  376  373  367  356  343  330  321  314  309
  303  297  290  286  285  291  292  281  242                                   
    32.5-180.0 180.0   5.0 450.0                            LAT/LON1/LON2/DLON/H
  251  240  226  204  187  169  157  146  140  135  132  129  124  119  115  112
  111  112  115  120  126  133  140  146  150  154  159  167  179  193  209  223
  236  249  261  272  282  292  300  308  314  319  324  330  338  348  360  371
  382  392  401  409  416  421  425  428  426  420  407  392  376  364  355  346
  334  321  309  299  295  300  301  291  251                                   
    30.0-180.0 180.0   5.0 450.0                            LAT/LON1/LON2/DLON/H
  266  251  236  211  191  171  158  147  142  138  137  134  130  124  120  116
  115  115  118  124  131  139  147  154  158  161  166  174  185  199  212  224
  235  245  257  269  281  293  304  315  323  329  334  340  349  360  374  388
  402  417  432  446  460  473  482  488  489  482  468  449  431  416  403  389
  371  351  332  315  306  310  311  300  266                                   
    27.5-180.0 180.0   5.0 450.0                            LAT/LON1/LON2/DLON/H
  286  269  254  227  205  183  168  155  149  145  144  141  136  131  125  121
  119  119  122  127  135  145  154  160  165  168  172  178  188  200  212  221
  229  238  249  262  276  291  305  317  327  334  340  346  355  368  383  401
  419  439  460  482  503  523  539  549  551  543  528  507  487  468  452  434
  410  384  358  335  320  320  320  311  286                                   
    25.0-180.0 180.0   5.0 450.0                            LAT/LON1/LON2/DLON/H
  307  291  276  250  227  204  188  173  165  159  156  152  146  139  133  128
  125  124  127  132  141  150  160  167  171  174  176  181  188  198  206  213
  220  228  240  254  271  287  303  317  328  336  342  349  359  373  390  410
  433  457  484  511  538  563  583  595  598  591  575  554  533  514  495  474
  447  417  386  356  336  332  330  320  307                                   
    22.5-180.0 180.0   5.0 450.0                            LAT/LON1/LON2/DLON/H
  325  310  297  274  253  231  215  199  189  181  175  169  161  152  144  137
  133  131  133  138  146  157  166  173  177  178  178  179  184  190  196  202
  208  217  230  247  265  284  301  316  328  338  345  353  364  379  398  420
  444  472  501  531  560  586  606  618  621  614  599  580  561  544  527  505
  477  445  411  378  352  343  338  328  325                                   
    20.0-180.0 180.0   5.0 450.0                            LAT/LON1/LON2/DLON/H
  335  322  312  292  275  257  243  229  218  208  200  191  181  169  158  149
  143  140  140  144  152  162  172  179  181  180  176  174  175  178  183  188
  195  206  222  242  262  282  299  315  329  340  350  361  374  389  409  431
  457  484  512  540  567  590  607  616  618  611  599  584  569  556  542  523
  497  466  433  397  368  352  344  333  335                                   
    17.5-180.0 180.0   5.0 450.0                            LAT/LON1/LON2/DLON/H
  336  323  315  300  288  276  266  256  247  237  228  218  205  190  176  164
  155  149  148  150  157  167  176  181  182  178  171  165  162  163  167  174
  184  198  217  239  261  281  299  316  331  346  359  373  389  406  425  447
  470  495  519  542  562  578  589  595  595  589  580  569  560  551  542  528
  506  479  448  412  381  359  348  336  336                                   
    15.0-180.0 180.0   5.0 450.0                            LAT/LON1/LON2/DLON/H
  328  315  307  295  289  282  279  275  270  262  253  243  228  211  194  179
  167  159  155  155  161  169  176  181  180  173  163  152  146  146  152  161
  175  193  215  238  261  282  301  318  336  354  372  390  408  426  445  465
  486  507  525  540  552  560  565  566  564  559  553  546  540  536  531  522
  505  483  456  423  391  365  351  336  328                                   
    12.5-180.0 180.0   5.0 450.0                            LAT/LON1/LON2/DLON/H
  318  301  293  281  279  277  280  281  281  277  270  261  245  227  208  191
  177  167  160  158  161  167  173  176  173  164  151  139  131  131  138  151
  169  190  213  238  261  282  302  321  341  362  385  407  427  446  465  483
  501  517  529  536  540  542  542  540  536  532  527  523  520  519  517  510
  498  482  460  430  400  370  354  337  318                                   
    10.0-180.0 180.0   5.0 450.0                            LAT/LON1/LON2/DLON/H
  312  291  281  267  266  266  271  276  279  279  275  267  253  234  215  198
  183  171  162  158  158  162  165  166  163  153  139  126  118  119  128  145
  165  188  212  236  259  280  301  321  344  368  394  419  442  462  480  497
  512  524  531  533  532  529  526  522  517  514  510  508  507  507  505  500
  490  478  460  436  408  377  359  342  312                                   
     7.5-180.0 180.0   5.0 450.0                            LAT/LON1/LON2/DLON/H
  315  292  278  260  257  255  260  264  268  269  267  261  248  230  212  196
  183  171  161  155  152  153  154  154  150  141  128  115  108  110  122  141
