data/edconvlstm_nd/pred3080.15i
     1.0            IONOSPHERE MAPS     GNSS                IONEX VERSION / TYPE
pyspatialgeodesy        IME             05-JAN-18 20:20     PGM / RUN BY / DATE 
Map Name                                                    COMMENT             
Predicted global ionosphere maps (GIM).                     DESCRIPTION         
  2015    11     4     0     0     0                        EPOCH OF FIRST MAP  
  2015    11     5     0     0     0                        EPOCH OF LAST MAP   
  7200                                                      INTERVAL            
    13                                                      # OF MAPS IN FILE   
  NONE                                                      MAPPING FUNCTION    
10.0                                                        ELEVATION CUTOFF    
One-way carrier phase leveled to code                       OBSERVABLES USED    
  6371.0                                                    BASE RADIUS         
 2                                                          MAP DIMENSION       
   450.0 450.0   0.0                                        HGT1 / HGT2 / DHGT  
    87.5 -87.5  -2.5                                        LAT1 / LAT2 / DLAT  
  -180.0 180.0   5.0                                        LON1 / LON2 / DLON  
    -1                                                      EXPONENT            
                                                            END OF HEADER       
[from data line 2574]
     7                                                      START OF TEC MAP    
  2015    11     4    12     0     0                        EPOCH OF CURRENT MAP
    87.5-180.0 180.0   5.0 450.0                            LAT/LON1/LON2/DLON/H
   60   73   76   80   83   84   86   83   84   88   88   90   90   91   92   92
   92   92   92   92   92   92   91   91   90   89   89   88   87   86   85   84
   82   81   80   78   77   76   74   73   72   72   71   70   70   70   70   70
   70   70   70   70   70   70   70   70   70   69   69   69   68   68   68   68
   69   69   67   65   70   72   85   85   60                                   
    85.0-180.0 180.0   5.0 450.0                            LAT/LON1/LON2/DLON/H
   62   79   93   79   81   86   88   89   91   94   94   96   97   98   98   99
   99   99  100  100  100  100  100  100  100   99   99   98   97   96   94   92
   91   89   87   85   83   81   79   78   76   75   74   74   73   73   73   73
   74   74   75   75   75   76   76   76   75   75   75   74   74   73   73   73
   74   74   70   67   70   73   83   83   62                                   
    82.5-180.0 180.0   5.0 450.0                            LAT/LON1/LON2/DLON/H
   53   66   80   72   74   78   82   84   87   90   91   93   94   95   95   96
   96   97   98   98   99  100  100  101  101  101  101  100   99   98   96   95
   92   90   88   85   82   80   77   75   73   72   71   70   69   69   70   70
   71   72   73   73   74   74   74   74   74   73   72   71   70   68   67   66
   66   65   62   59   64   72   71   70   53                                   
    80.0-180.0 180.0   5.0 450.0                            LAT/LON1/LON2/DLON/H
   47   53   68   62   65   66   71   73   77   80   81   83   83   84   84   85
   86   87   88   89   91   93   95   97   98   99   99   99   99   98   96   95
   92   90   87   84   80   77   74   71   69   67   65   64   64   64   65   66
   68   69   71   73   74   75   75   75   74   73   71   69   67   65   63   61
   59   58   56   54   55   62   64   65   47                                   
    77.5-180.0 180.0   5.0 450.0                            LAT/LON1/LON2/DLON/H
   51   51   58   56   57   60   65   68   71   73   73   74   74   74   74   74
   75   77   79   83   86   90   93   97   99  101  103  104  104  104  103  102
  100   98   95   92   89   85   81   78   74   72   69   68   67   68   69   71
   73   76   78   81   82   84   84   84   83   81   79   76   73   70   66   63
   60   57   54   52   52   50   54   57   51                                   
    75.0-180.0 180.0   5.0 450.0                            LAT/LON1/LON2/DLON/H
   46   48   52   52   53   57   60   61   63   64   63   63   61   60   59   59
   60   63   66   71   77   83   89   94   98  102  104  106  107  108  108  109
  108  107  106  104  101   97   94   90   86   82   79   77   76   76   77   79
   82   85   88   90   92   93   93   93   91   89   87   84   80   76   73   69
   65   62   59   54   55   50   52   47   46                                   
    72.5-180.0 180.0   5.0 450.0                            LAT/LON1/LON2/DLON/H
   53   54   56   57   56   61   63   63   63   63   60   58   55   53   51   51
   52   55   59   66   74   82   90   97  103  107  111  113  116  118  120  123
  125  127  128  128  126  123  120  115  110  105  101   98   95   94   95   96
   98  100  102  104  105  105  104  103  101   98   95   92   88   85   82   78
   75   72   70   65   64   60   59   58   53                                   
    70.0-180.0 180.0   5.0 450.0                            LAT/LON1/LON2/DLON/H
   64   64   67   67   65   68   68   68   67   66   62   59   55   51   48   47
   47   51   57   65   74   85   94  103  109  114  118  122  125  129  135  140
  146  151  155  158  158  156  153  148  142  136  130  125  121  118  117  117
  117  117  117  117  115  113  111  108  104  101   98   95   92   90   88   86
   84   81   81   77   76   73   75   72   64                                   
    67.5-180.0 180.0   5.0 450.0                            LAT/LON1/LON2/DLON/H
   76   78   80   80   78   80   80   80   78   76   71   68   63   58   55   53
   53   57   63   71   82   92  102  111  117  122  126  130  135  141  150  160
  170  180  187  193  195  194  191  186  179  172  164  157  151  146  143  140
  138  135  132  128  123  118  112  107  103   99   96   94   92   90   90   90
   89   89   89   87   86   86   87   81   76                                   
    65.0-180.0 180.0   5.0 450.0                            LAT/LON1/LON2/DLON/H
   87   90   91   92   90   91   90   90   88   86   82   79   74   70   67   65
   65   68   73   82   91  102  111  119  124  128  132  137  144  154  167  182
  197  211  223  230  234  234  231  226  218  210  201  192  184  177  171  165
  159  153  146  137  128  119  110  103   97   92   89   87   85   85   85   86
   87   89   92   91   94   96   97   93   87                                   
    62.5-180.0 180.0   5.0 450.0                            LAT/LON1/LON2/DLON/H
   92   96   97   97   96   97   96   96   94   93   90   89   86   84   82   81
   80   82   86   92  100  108  116  122  127  130  134  141  151  166  184  204
  224  242  256  266  270  270  267  261  252  243  233  223  213  204  196  187
  178  168  157  144  131  117  105   96   88   82   79   76   75   74   74   76
   78   80   84   85   90   94   96   93   92                                   
    60.0-180.0 180.0   5.0 450.0                            LAT/LON1/LON2/DLON/H
   91   95   95   95   93   95   93   93   93   92   92   93   93   94   94   94
   94   94   95   99  104  110  115  120  124  128  133  143  157  177  201  226
  251  272  288  298  302  301  297  289  281  270  260  249  238  227  217  206
  195  182  167  150  133  117  102   90   81   75   70   67   65   63   62   63
   64   65   70   72   78   84   86   84   91                                   
    57.5-180.0 180.0   5.0 450.0                            LAT/LON1/LON2/DLON/H
   85   88   88   87   87   88   86   86   86   86   87   91   94   99  102  104
  104  103  102  102  104  108  112  116  121  126  134  148  167  192  221  251
  279  302  319  328  331  329  323  315  305  294  283  272  260  249  237  225
  212  197  180  161  142  123  107   94   84   76   71   67   63   60   57   55
   54   54   58   60   66   71   74   73   85                                   
    55.0-180.0 180.0   5.0 450.0                            LAT/LON1/LON2/DLON/H
   77   79   78   77   78   78   76   76   75   75   77   82   88   97  104  108
  109  106  103  100  100  102  107  112  118  127  139  157  181  210  243  276
  306  330  347  355  356  351  344  334  324  313  302  290  278  266  255  242
  228  213  195  175  155  136  119  105   94   87   81   75   70   64   59   54
   51   49   51   52   57   60   62   62   77                                   
    52.5-180.0 180.0   5.0 450.0                            LAT/LON1/LON2/DLON/H
   70   72   71   70   70   71   68   66   64   63   64   69   78   89   99  106
  107  104   99   95   94   97  103  111  120  133  149  171  199  232  267  302
  332  356  371  377  375  369  360  350  339  328  316  305  293  281  269  256
  243  228  211  192  172  153  136  123  112  105   98   92   85   77   70   63
   57   54   53   52   55   55   57   55   70                                   
    50.0-180.0 180.0   5.0 450.0                            LAT/LON1/LON2/DLON/H
   67   69   67   66   66   68   65   61   58   54   54   58   66   78   90   99
  102   99   94   90   89   94  102  114  128  145  165  191  221  255  290  324
  354  376  389  393  390  382  373  362  352  340  328  316  304  292  280  268
  255  241  225  207  189  171  155  142  132  124  118  111  104   95   87   79
   72   67   64   60   62   60   60   57   67                                   
    47.5-180.0 180.0   5.0 450.0                            LAT/LON1/LON2/DLON/H
   69   72   69   69   68   71   67   63   58   52   49   51   57   68   81   90
   94   92   88   85   87   94  106  122  141  162  186  213  244  277  310  341
  368  388  399  402  398  391  382  372  362  350  337  325  312  300  288  277
  264  251  236  219  202  185  169  157  147  140  134  127  120  113  105   97
   90   85   81   75   74   72   71   67   69                                   
    45.0-180.0 180.0   5.0 450.0                            LAT/LON1/LON2/DLON/H
   75   79   75   75   74   77   75   71   65   58   52   51   55   64   75   84
   88   87   84   83   88   99  115  135  157  181  207  235  264  294  323  350
  374  391  401  404  401  396  389  380  370  358  344  331  318  305  293  281
  269  256  241  225  208  191  176  163  153  146  140  135  129  123  117  111
  106  102   98   92   91   88   87   83   75                                   
    42.5-180.0 180.0   5.0 450.0                            LAT/LON1/LON2/DLON/H
   81   86   83   84   82   85   84   82   78   71   64   61   62   68   77   84
   86   86   84   87   95  109  128  149  173  199  226  253  279  304  328  351
  371  386  396  400  400  398  394  387  377  365  350  336  322  308  295  283
  270  256  241  225  208  190  173  159  149  141  135  131  127  123  119  117
  114  111  109  104  104  102  101   98   81                                   
    40.0-180.0 180.0   5.0 450.0                            LAT/LON1/LON2/DLON/H
   84   90   87   90   88   92   93   94   93   89   82   78   77   80   85   89
   90   89   90   95  106  122  142  164  188  213  239  264  287  308  327  345
  363  377  388  395  399  401  400  395  385  371  356  340  325  311  297  283
  269  254  239  222  203  184  166  151  139  130  124  120  117  115  113  112
  111  110  109  106  107  108  107  104   84                                   
    37.5-180.0 180.0   5.0 450.0                            LAT/LON1/LON2/DLON/H
   81   89   86   90   89   92   96  102  105  106  102   99   97   97   99  100
   99   98  100  107  120  138  156  176  198  222  246  269  289  307  323  338
  354  369  382  393  401  406  407  403  394  380  363  347  332  317  302  287
  271  256  240  222  202  182  162  145  132  122  115  110  107  105  103  102
  100   99   99   97   99  101  101  101   81                                   
    35.0-180.0 180.0   5.0 450.0                            LAT/LON1/LON2/DLON/H
   75   82   80   84   83   86   92  103  111  117  119  118  117  116  115  112
  110  109  112  122  136  153  169  186  205  226  249  271  289  304  319  333
  350  366  381  395  406  414  417  415  405  391  374  359  344  329  313  297
  281  265  249  231  211  190  170  152  137  125  117  111  106  102   98   95
   91   87   86   83   85   87   89   90   75                                   
    32.5-180.0 180.0   5.0 450.0                            LAT/LON1/LON2/DLON/H
   69   74   71   75   73   74   82   95  108  119  127  131  132  131  128  124
  120  119  124  135  150  166  180  194  210  229  250  271  288  303  317  333
  351  369  387  402  415  425  430  428  419  405  390  376  363  349  334  318
  302  287  272  255  236  215  195  177  161  148  138  129  122  115  108  100
   91   83   79   74   74   74   77   78   69                                   
    30.0-180.0 180.0   5.0 450.0                            LAT/LON1/LON2/DLON/H
   65   67   62   65   62   61   67   80   96  111  124  133  137  138  135  131
  127  127  134  146  162  177  189  201  215  232  252  271  289  305  320  338
  357  378  398  415  429  439  445  444  436  424  412  401  390  378  364  349
  335  322  309  295  278  260  241  224  208  194  181  169  159  148  137  125
  110   96   87   77   74   71   74   72   65                                   
    27.5-180.0 180.0   5.0 450.0                            LAT/LON1/LON2/DLON/H
   67   66   57   58   54   50   55   65   80   96  111  124  132  135  134  131
  128  130  138  152  169  184  197  208  221  236  255  274  291  308  326  346
  369  392  413  431  445  455  460  460  455  447  439  432  426  416  404  391
  380  370  361  351  337  322  307  291  276  260  244  230  216  202  186  169
  149  131  115   99   90   84   84   75   67                                   
    25.0-180.0 180.0   5.0 450.0                            LAT/LON1/LON2/DLON/H
   78   74   61   59   53   47   48   54   65   79   94  107  117  122  124  123
  123  127  137  153  171  188  202  214  227  242  259  277  295  313  333  357
  383  409  431  448  461  471  477  478  476  473  470  469  467  461  452  442
  433  428  424  418  409  398  386  373  358  340  322  304  287  269  249  228
  204  183  162  140  125  114  109   92   78                                   
    22.5-180.0 180.0   5.0 450.0                            LAT/LON1/LON2/DLON/H
  101   94   78   69   62   53   50   50   57   67   78   90   99  105  108  110
  112  119  132  149  169  189  205  220  234  248  264  281  298  318  342  369
  398  425  448  466  478  486  492  496  497  499  503  507  510  508  502  495
  490  489  489  487  482  475  467  455  439  420  398  377  356  335  313  290
  266  244  219  195  175  158  147  123  101                                   
    20.0-180.0 180.0   5.0 450.0                            LAT/LON1/LON2/DLON/H
  136  128  108   92   82   69   62   57   59   63   70   77   84   89   93   96
  101  110  125  144  166  188  207  224  240  254  268  284  301  323  349  379
  410  439  463  480  491  500  506  512  518  525  534  544  551  552  549  544
  541  542  544  544  542  537  529  518  501  478  453  429  406  384  363  341
  319  300  276  254  230  211  193  167  136                                   
    17.5-180.0 180.0   5.0 450.0                            LAT/LON1/LON2/DLON/H
  178  172  148  125  110   93   84   74   70   70   71   73   76   79   83   86
   93  104  120  141  164  186  208  227  243  258  272  286  304  326  354  386
  418  448  472  490  502  511  519  527  536  548  562  575  584  587  585  581
  578  578  579  579  576  570  561  548  528  504  476  450  427  406  387  370
  354  341  321  305  281  262  241  214  178                                   
    15.0-180.0 180.0   5.0 450.0                            LAT/LON1/LON2/DLON/H
  217  218  193  165  144  124  111   98   90   85   81   79   78   78   80   84
   91  103  120  141  164  186  208  228  246  261  274  288  305  329  358  389
  422  452  478  497  511  521  530  540  552  567  583  597  607  610  607  602
  598  595  593  589  583  575  563  547  524  497  469  443  421  402  387  375
  366  360  348  337  317  300  280  255  217                                   
    12.5-180.0 180.0   5.0 450.0                            LAT/LON1/LON2/DLON/H
  245  253  232  202  179  157  142  126  114  105   98   92   87   84   84   88
   95  109  126  147  168  189  209  229  247  262  276  290  308  332  360  392
  424  455  482  503  518  530  540  552  566  581  597  611  619  621  616  609
  602  596  590  582  572  560  544  524  499  471  443  418  397  381  370  362
  358  358  353  346  331  318  301  279  245                                   
    10.0-180.0 180.0   5.0 450.0                            LAT/LON1/LON2/DLON/H
  256  269  252  226  205  184  170  154  140  129  118  109  101   96   94   97
  105  119  137  157  177  195  213  231  249  265  279  294  313  337  365  395
  427  458  486  509  526  538  550  562  576  592  606  616  622  621  615  607
  597  588  577  566  553  537  518  495  468  440  413  389  369  354  345  339
  338  341  339  336  326  316  303  285  256                                   
     7.5-180.0 180.0   5.0 450.0                            LAT/LON1/LON2/DLON/H
  254  268  254  232  216  198  188  174  161  149  137  126  117  110  107  109
  117  132  151  171  189  205  220  236  253  269  285  302  322  346  373  402
