data/edconvlstm_nd/pred0640.15i
     1.0            IONOSPHERE MAPS     GNSS                IONEX VERSION / TYPE
pyspatialgeodesy        IME             05-JAN-18 20:20     PGM / RUN BY / DATE 
Map Name                                                    COMMENT             
Predicted global ionosphere maps (GIM).                     DESCRIPTION         
  2015     3     5     0     0     0                        EPOCH OF FIRST MAP  
  2015     3     6     0     0     0                        EPOCH OF LAST MAP   
  7200                                                      INTERVAL            
    13                                                      # OF MAPS IN FILE   
  NONE                                                      MAPPING FUNCTION    
10.0                                                        ELEVATION CUTOFF    
One-way carrier phase leveled to code                       OBSERVABLES USED    
  6371.0                                                    BASE RADIUS         
 2                                                          MAP DIMENSION       
   450.0 450.0   0.0                                        HGT1 / HGT2 / DHGT  
    87.5 -87.5  -2.5                                        LAT1 / LAT2 / DLAT  
  -180.0 180.0   5.0                                        LON1 / LON2 / DLON  
    -1                                                      EXPONENT            
                                                            END OF HEADER       
[from data line 4290]
    11                                                      START OF TEC MAP    
  2015     3     5    20     0     0                        EPOCH OF CURRENT MAP
    87.5-180.0 180.0   5.0 450.0                            LAT/LON1/LON2/DLON/H
  172  170  160  168  169  168  168  167  166  168  168  168  169  169  169  169
  168  167  166  165  163  161  159  157  155  153  151  149  147  145  143  141
  139  138  136  135  134  134  133  133  133  133  134  135  136  137  138  140
  141  143  145  147  148  150  152  153  155  156  158  159  160  161  162  162
  162  163  162  163  174  172  177  171  172                                   
    85.0-180.0 180.0   5.0 450.0                            LAT/LON1/LON2/DLON/H
  174  175  183  174  172  177  177  180  180  182  182  183  184  185  185  184
  184  182  180  178  175  173  170  166  163  159  156  153  149  146  143  141
  138  136  134  133  132  131  130  130  131  131  133  134  136  137  140  142
  144  147  150  152  155  157  160  162  164  167  168  170  171  173  174  174
  176  176  174  172  175  169  170  170  174                                   
    82.5-180.0 180.0   5.0 450.0                            LAT/LON1/LON2/DLON/H
  156  163  166  163  165  170  175  177  178  182  185  188  190  192  193  193
  192  190  188  184  180  175  170  165  160  155  150  145  140  136  131  127
  124  121  118  116  114  113  112  112  112  112  114  115  117  120  123  126
  129  133  136  140  144  147  151  154  157  160  162  165  167  168  169  170
  171  170  169  171  169  175  164  159  156                                   
    80.0-180.0 180.0   5.0 450.0                            LAT/LON1/LON2/DLON/H
  140  146  152  150  152  155  163  171  178  184  190  196  201  204  206  207
  205  202  198  193  186  180  173  166  159  152  146  139  133  127  122  117
  112  108  104  101   99   97   95   94   94   95   96   98  100  103  106  110
  114  119  123  128  132  136  140  144  147  151  153  156  158  159  161  162
  163  162  161  162  155  152  145  148  140                                   
    77.5-180.0 180.0   5.0 450.0                            LAT/LON1/LON2/DLON/H
  136  131  138  136  142  148  158  168  178  189  199  208  216  222  225  225
  223  219  213  205  197  188  179  171  163  155  148  141  135  129  123  117
  112  108  104  100   97   94   92   90   89   89   89   90   92   94   97  101
  105  109  113  117  122  125  129  132  135  137  139  141  143  144  146  147
  147  147  147  148  145  138  136  143  136                                   
    75.0-180.0 180.0   5.0 450.0                            LAT/LON1/LON2/DLON/H
  129  125  127  128  134  143  153  166  181  196  209  222  232  239  243  244
  241  235  227  217  207  197  187  178  170  162  156  149  143  137  131  125
  120  115  110  106  102   98   95   92   90   88   88   88   88   90   92   95
   98  102  105  109  112  114  116  118  119  121  121  122  123  125  126  128
  129  131  133  131  130  124  124  121  129                                   
    72.5-180.0 180.0   5.0 450.0                            LAT/LON1/LON2/DLON/H
  128  124  127  132  137  147  160  175  191  208  225  241  254  262  267  267
  262  255  244  232  220  208  197  188  179  172  165  159  152  146  140  134
  128  123  118  113  108  104  100   96   93   90   88   87   87   87   89   91
   93   95   97   99  101  102  103  103  102  102  101  101  101  101  103  105
  107  110  114  115  116  115  119  123  128                                   
    70.0-180.0 180.0   5.0 450.0                            LAT/LON1/LON2/DLON/H
  133  131  133  138  143  153  165  182  199  220  238  256  269  279  283  282
  277  268  256  243  229  217  206  196  189  182  175  169  162  156  149  142
  135  129  123  117  112  107  102   97   93   90   87   85   84   84   84   85
   86   87   88   89   89   89   88   87   85   83   81   79   78   78   80   82
   85   90   96  101  107  111  119  123  133                                   
    67.5-180.0 180.0   5.0 450.0                            LAT/LON1/LON2/DLON/H
  141  143  147  154  161  171  183  200  217  237  257  275  290  300  305  304
  298  288  276  261  247  234  223  213  205  198  191  184  176  167  159  150
  142  135  128  121  115  109  104   99   95   91   88   86   84   82   82   81
   81   81   82   82   82   81   80   78   76   73   70   67   65   64   65   68
   71   77   84   90  100  109  120  126  141                                   
    65.0-180.0 180.0   5.0 450.0                            LAT/LON1/LON2/DLON/H
  142  151  157  165  172  181  192  208  224  244  264  282  298  309  315  315
  310  301  289  275  261  248  237  228  220  212  204  195  186  175  165  154
  145  136  127  119  112  105   99   94   89   86   83   80   77   75   73   71
   70   69   69   69   69   69   68   67   65   62   59   56   53   51   51   53
   56   62   70   78   91  106  121  129  142                                   
    62.5-180.0 180.0   5.0 450.0                            LAT/LON1/LON2/DLON/H
  142  156  166  175  183  192  202  216  231  249  267  285  301  314  322  325
  323  317  306  293  279  266  255  245  236  227  217  207  195  183  170  158
  147  136  126  116  107   99   92   87   83   79   76   74   71   68   64   61
   59   57   57   57   58   60   60   60   59   57   55   52   49   47   46   46
   48   53   60   69   82  100  116  126  142                                   
    60.0-180.0 180.0   5.0 450.0                            LAT/LON1/LON2/DLON/H
  139  157  170  180  189  196  206  218  231  247  263  280  297  311  323  331
  333  330  322  311  297  284  272  262  251  241  230  218  205  192  178  165
  152  140  127  116  105   96   88   82   78   75   72   69   66   62   58   53
   50   48   47   48   51   53   56   57   58   57   55   53   50   48   46   45
   45   48   55   62   74   94  111  123  139                                   
    57.5-180.0 180.0   5.0 450.0                            LAT/LON1/LON2/DLON/H
  136  158  173  183  193  200  210  220  231  244  258  273  290  306  321  334
  341  342  337  327  314  301  288  276  265  254  242  230  217  204  191  177
  163  149  135  121  108   97   88   82   78   75   73   70   67   62   56   51
   46   44   44   45   49   52   56   59   61   62   62   60   58   56   53   51
   50   51   56   61   71   90  107  120  136                                   
    55.0-180.0 180.0   5.0 450.0                            LAT/LON1/LON2/DLON/H
  139  163  180  190  201  208  218  226  235  244  256  269  284  302  320  337
  349  353  350  341  328  314  300  288  277  266  255  244  233  221  208  195
  180  164  148  132  117  104   95   88   83   81   79   77   74   68   62   56
   51   48   48   50   54   58   63   67   70   71   72   72   71   69   67   64
   62   62   65   69   77   93  109  123  139                                   
    52.5-180.0 180.0   5.0 450.0                            LAT/LON1/LON2/DLON/H
  149  174  193  202  215  223  233  239  246  252  260  270  284  301  321  340
  354  361  359  350  336  322  309  297  287  277  268  259  250  240  229  215
  199  181  163  145  129  116  105   98   94   92   91   89   86   81   75   68
   64   61   61   63   66   71   75   79   81   83   83   84   84   84   83   81
   78   79   81   84   90  105  121  132  149                                   
    50.0-180.0 180.0   5.0 450.0                            LAT/LON1/LON2/DLON/H
  168  193  214  222  238  247  258  264  269  272  275  282  292  308  327  346
  361  367  364  354  341  327  315  305  297  289  282  276  269  260  248  233
  215  195  175  157  141  127  117  110  106  104  104  103  101   97   92   87
   83   81   81   82   85   89   91   93   94   94   94   95   96   97   98   98
   96   97  100  104  111  125  141  150  168                                   
    47.5-180.0 180.0   5.0 450.0                            LAT/LON1/LON2/DLON/H
  192  217  239  249  267  280  291  297  301  302  302  304  311  324  340  356
  368  371  367  356  343  331  321  314  307  302  297  291  284  275  262  244
  223  201  180  162  147  135  126  119  116  115  115  116  115  113  110  107
  105  103  104  105  106  108  108  108  107  105  103  103  105  107  109  111
  111  114  119  126  135  148  166  174  192                                   
    45.0-180.0 180.0   5.0 450.0                            LAT/LON1/LON2/DLON/H
  216  242  264  276  297  314  327  335  339  339  337  336  339  347  359  370
  377  377  370  359  347  337  330  324  319  314  309  303  294  282  265  243
  219  195  175  159  148  139  131  125  122  121  123  125  126  126  125  124
  124  124  124  124  125  124  123  120  117  114  111  110  111  113  117  120
  121  127  133  143  156  172  192  200  216                                   
    42.5-180.0 180.0   5.0 450.0                            LAT/LON1/LON2/DLON/H
  235  262  285  300  324  343  359  369  375  376  374  371  372  376  383  388
  389  385  376  365  355  347  341  336  331  325  317  308  296  279  258  232
  206  182  164  152  145  139  134  128  125  124  126  129  131  133  134  135
  136  137  137  137  136  134  132  129  124  120  116  114  114  117  120  124
  126  132  139  153  169  189  211  223  235                                   
    40.0-180.0 180.0   5.0 450.0                            LAT/LON1/LON2/DLON/H
  246  275  299  316  341  361  380  392  401  406  406  405  404  406  408  409
  405  397  387  378  369  363  356  349  341  332  320  307  291  270  246  219
  193  171  157  150  147  144  140  134  129  128  129  132  134  136  138  139
  140  141  140  139  138  137  135  132  128  124  120  117  117  118  121  124
  125  130  139  153  172  196  219  236  246                                   
    37.5-180.0 180.0   5.0 450.0                            LAT/LON1/LON2/DLON/H
  248  279  305  322  347  367  387  401  414  423  428  430  431  432  433  430
  423  415  406  398  390  382  373  362  349  335  320  303  285  264  240  215
  192  175  167  164  164  162  156  147  140  136  136  137  138  138  138  138
  138  137  136  135  134  133  133  132  130  127  124  121  119  119  120  121
  120  124  131  146  165  192  217  236  248                                   
    35.0-180.0 180.0   5.0 450.0                            LAT/LON1/LON2/DLON/H
  246  278  306  322  346  364  385  400  416  430  440  446  451  453  454  450
  444  436  429  423  416  405  390  373  354  337  320  304  287  270  251  233
  217  207  204  204  203  198  186  172  160  153  150  148  146  143  140  137
  134  132  129  128  128  129  130  131  132  131  129  126  123  122  121  120
  116  117  122  135  153  182  208  229  246                                   
    32.5-180.0 180.0   5.0 450.0                            LAT/LON1/LON2/DLON/H
  246  277  306  320  343  358  380  396  415  432  446  456  464  469  471  468
  464  459  455  451  442  427  405  382  360  342  328  317  307  298  289  282
  277  276  276  276  269  253  232  209  192  181  174  169  162  155  147  140
  135  130  127  125  126  128  131  134  136  137  136  133  130  127  125  121
  115  113  116  127  144  172  200  221  246                                   
    30.0-180.0 180.0   5.0 450.0                            LAT/LON1/LON2/DLON/H
  253  282  311  324  345  358  379  396  418  437  453  466  475  482  485  485
  482  481  480  477  466  445  418  391  370  357  350  349  351  355  362  369
  377  383  384  375  355  324  288  256  231  217  208  199  188  175  163  153
  144  138  134  132  133  136  139  142  145  146  146  143  139  135  132  128
  120  117  117  126  143  170  198  218  253                                   
    27.5-180.0 180.0   5.0 450.0                            LAT/LON1/LON2/DLON/H
  267  294  322  335  357  368  390  408  431  452  469  482  491  497  500  500
  500  500  501  498  484  460  430  404  389  386  392  406  424  445  469  491
  509  516  508  484  444  395  345  303  274  258  247  236  221  204  188  175
  165  157  153  151  151  152  153  154  156  157  157  154  150  146  143  139
  132  129  127  136  153  178  206  225  267                                   
    25.0-180.0 180.0   5.0 450.0                            LAT/LON1/LON2/DLON/H
  289  313  340  356  380  392  415  434  460  481  498  509  516  520  520  519
  517  518  519  514  499  473  445  426  422  435  459  490  525  560  594  622
  639  638  616  573  516  451  390  342  311  296  287  275  259  239  221  206
  195  187  183  180  179  176  173  170  168  167  167  164  160  156  154  152
  148  146  145  154  171  196  224  243  289                                   
    22.5-180.0 180.0   5.0 450.0                            LAT/LON1/LON2/DLON/H
  317  339  364  386  413  427  452  474  502  524  540  549  552  552  549  543
  538  536  535  529  513  490  470  463  476  506  549  596  640  679  710  729
  734  719  681  623  552  477  410  362  335  326  321  312  296  277  259  244
  233  226  222  219  214  207  197  188  181  177  174  171  167  164  163  164
  163  165  165  176  194  219  248  269  317                                   
    20.0-180.0 180.0   5.0 450.0                            LAT/LON1/LON2/DLON/H
  345  368  393  421  454  470  498  523  552  576  592  599  600  596  587  577
  567  561  556  549  535  518  510  519  550  599  655  707  749  777  792  793
  778  745  693  624  545  466  401  360  344  344  347  343  331  315  299  286
  277  271  267  262  254  240  224  207  194  186  181  176  172  168  169  172
  174  180  184  196  215  243  275  299  345                                   
    17.5-180.0 180.0   5.0 450.0                            LAT/LON1/LON2/DLON/H
  367  397  423  457  495  515  545  571  603  629  646  655  655  648  636  621
  606  595  588  580  570  564  569  594  640  699  758  804  829  836  828  806
  769  717  650  574  494  422  371  346  344  355  366  369  362  350  338  329
  322  316  311  304  291  272  249  225  207  194  185  180  175  171  172  176
  180  190  196  210  230  261  298  324  367                                   
    15.0-180.0 180.0   5.0 450.0                            LAT/LON1/LON2/DLON/H
  382  418  449  489  532  555  586  613  646  674  696  708  711  705  693  675
  657  643  633  626  623  627  645  682  734  792  841  867  868  851  819  773
  712  640  563  487  420  369  339  334  346  367  384  392  390  383  374  367
  359  352  345  334  317  294  266  238  215  199  188  181  176  172  173  176
  181  191  200  215  237  271  311  339  382                                   
    12.5-180.0 180.0   5.0 450.0                            LAT/LON1/LON2/DLON/H
  389  431  468  512  559  586  619  645  678  708  734  752  761  760  750  735
  717  702  692  688  691  704  730  769  817  862  889  889  867  828  775  706
  625  541  465  404  360  333  326  337  361  387  407  417  418  413  405  396
  385  374  362  347  328  302  273  244  220  203  191  183  177  173  173  174
  177  187  196  212  236  273  315  343  389                                   
    10.0-180.0 180.0   5.0 450.0                            LAT/LON1/LON2/DLON/H
  390  437  481  527  577  608  641  666  698  730  760  785  800  806  802  792
  778  766  758  758  766  783  810  843  878  901  902  878  836  780  711  630
  543  461  397  355  334  329  340  363  392  419  438  446  446  441  431  417
  400  381  363  344  323  298  271  246  224  207  195  187  180  176  174  172
  172  180  189  204  232  271  313  340  390                                   
     7.5-180.0 180.0   5.0 450.0                            LAT/LON1/LON2/DLON/H
  388  440  489  536  589  624  657  679  709  741  775  805  826  839  843  840
  833  826  822  826  837  854  875  896  911  909  887  846  791  727  657  577
