data/edconvlstm_nd/pred1670.15i
     1.0            IONOSPHERE MAPS     GNSS                IONEX VERSION / TYPE
pyspatialgeodesy        IME             05-JAN-18 20:20     PGM / RUN BY / DATE 
Map Name                                                    COMMENT             
Predicted global ionosphere maps (GIM).                     DESCRIPTION         
  2015     6    16     0     0     0                        EPOCH OF FIRST MAP  
  2015     6    17     0     0     0                        EPOCH OF LAST MAP   
  7200                                                      INTERVAL            
    13                                                      # OF MAPS IN FILE   
  NONE                                                      MAPPING FUNCTION    
10.0                                                        ELEVATION CUTOFF    
One-way carrier phase leveled to code                       OBSERVABLES USED    
  6371.0                                                    BASE RADIUS         
 2                                                          MAP DIMENSION       
   450.0 450.0   0.0                                        HGT1 / HGT2 / DHGT  
    87.5 -87.5  -2.5                                        LAT1 / LAT2 / DLAT  
  -180.0 180.0   5.0                                        LON1 / LON2 / DLON  
    -1                                                      EXPONENT            
                                                            END OF HEADER       
[from data line 2574]
     7                                                      START OF TEC MAP    
  2015     6    16    12     0     0                        EPOCH OF CURRENT MAP
    87.5-180.0 180.0   5.0 450.0                            LAT/LON1/LON2/DLON/H
  191  191  188  192  195  195  195  194  195  196  196  196  196  196  196  196
  196  196  195  195  195  195  194  194  194  193  193  192  191  190  189  188
  187  186  184  183  181  179  177  176  174  172  171  169  168  167  166  165
  165  164  164  164  164  164  165  166  166  167  168  169  171  172  173  174
  176  178  178  179  186  186  190  187  191                                   
    85.0-180.0 180.0   5.0 450.0                            LAT/LON1/LON2/DLON/H
  189  192  201  197  197  201  202  203  203  204  203  204  204  204  204  204
  204  204  203  204  204  204  203  203  203  203  202  202  201  200  199  198
  197  195  193  191  189  186  183  181  178  176  174  172  170  168  167  166
  165  165  164  164  165  165  166  167  168  169  171  172  174  175  177  179
  182  184  182  183  184  182  188  193  189                                   
    82.5-180.0 180.0   5.0 450.0                            LAT/LON1/LON2/DLON/H
  178  193  196  191  191  196  196  197  197  197  196  196  196  196  196  196
  196  196  197  197  198  199  199  200  201  201  201  201  201  201  200  199
  198  196  193  191  188  184  181  177  173  170  166  163  161  158  157  155
  155  154  154  154  155  156  157  158  159  161  162  164  165  167  169  171
  173  175  174  178  179  186  188  177  178                                   
    80.0-180.0 180.0   5.0 450.0                            LAT/LON1/LON2/DLON/H
  176  187  191  189  188  189  190  191  191  191  189  189  188  188  188  188
  188  189  190  191  192  193  194  196  197  198  199  199  200  200  200  200
  199  197  195  192  188  184  180  176  171  167  163  159  156  153  151  150
  149  149  149  150  151  151  153  154  155  156  158  159  160  162  163  165
  167  169  168  172  172  175  183  171  176                                   
    77.5-180.0 180.0   5.0 450.0                            LAT/LON1/LON2/DLON/H
  175  181  186  185  184  185  185  184  183  181  179  178  177  176  176  176
  177  178  179  181  183  185  187  189  191  193  195  197  198  200  201  202
  203  202  201  198  195  191  187  182  177  173  168  164  161  159  157  156
  156  156  156  157  158  159  160  160  161  162  162  162  162  162  162  163
  163  164  163  166  171  170  175  171  175                                   
    75.0-180.0 180.0   5.0 450.0                            LAT/LON1/LON2/DLON/H
  168  176  177  178  178  179  178  177  176  173  170  167  165  164  163  163
  164  166  168  170  172  175  177  179  182  185  187  190  194  197  200  203
  205  206  206  206  203  200  196  192  187  183  178  175  172  170  169  168
  168  168  168  169  170  171  171  172  172  171  171  170  169  167  165  165
  163  163  161  160  163  165  170  162  168                                   
    72.5-180.0 180.0   5.0 450.0                            LAT/LON1/LON2/DLON/H
  161  170  171  173  173  174  174  172  169  166  161  158  155  153  152  152
  153  155  157  159  162  165  167  169  172  175  178  182  186  191  196  201
  205  209  211  212  211  210  207  203  199  196  192  190  188  186  186  185
  185  185  185  186  186  186  187  186  186  185  183  181  179  176  173  170
  167  164  161  158  158  160  163  160  161                                   
    70.0-180.0 180.0   5.0 450.0                            LAT/LON1/LON2/DLON/H
  157  163  165  167  166  167  167  165  163  159  154  151  147  144  143  142
  143  144  146  149  151  153  155  157  160  162  166  170  176  182  189  196
  202  208  213  216  217  216  215  213  210  208  206  204  203  202  202  201
  201  200  200  199  199  199  198  198  197  196  194  192  189  185  181  177
  172  168  163  158  157  157  161  158  157                                   
    67.5-180.0 180.0   5.0 450.0                            LAT/LON1/LON2/DLON/H
  152  158  160  162  162  163  163  162  160  157  153  149  146  143  140  139
  139  140  141  143  145  147  149  150  152  154  158  163  168  176  184  192
  200  208  214  219  222  223  222  221  220  219  219  219  219  219  218  217
  215  214  213  211  210  210  209  209  208  208  206  205  202  198  194  189
  184  177  170  164  159  157  159  155  152                                   
    65.0-180.0 180.0   5.0 450.0                            LAT/LON1/LON2/DLON/H
  149  154  153  156  155  156  157  157  157  155  152  149  146  143  140  138
  137  137  138  139  141  142  143  144  146  149  153  158  164  172  181  190
  200  208  216  222  226  228  229  229  230  230  231  233  233  233  232  230
  227  225  222  220  218  218  217  217  218  218  218  217  215  213  209  204
  198  191  182  173  166  162  162  158  149                                   
    62.5-180.0 180.0   5.0 450.0                            LAT/LON1/LON2/DLON/H
  146  149  147  148  146  148  149  150  151  152  151  150  148  145  143  140
  139  138  138  138  139  139  140  142  144  148  152  158  165  173  182  192
  202  211  219  225  229  232  234  235  237  239  241  244  245  245  243  240
  236  232  228  226  224  224  224  225  226  227  228  229  228  226  223  219
  213  205  195  185  175  167  166  161  146                                   
    60.0-180.0 180.0   5.0 450.0                            LAT/LON1/LON2/DLON/H
  144  144  139  138  135  136  138  140  142  144  146  147  147  146  144  142
  140  139  137  137  137  137  138  141  145  150  156  163  171  179  188  197
  206  215  223  229  234  237  238  240  243  246  250  253  254  254  251  247
  242  237  233  231  230  230  230  232  234  236  237  239  239  239  236  233
  227  219  208  197  184  174  170  163  144                                   
    57.5-180.0 180.0   5.0 450.0                            LAT/LON1/LON2/DLON/H
  144  139  133  129  125  125  126  127  131  134  138  141  143  144  144  143
  141  139  138  136  136  136  138  142  147  155  163  171  180  189  197  206
  215  223  231  237  241  243  245  247  250  254  258  261  263  262  259  254
  248  243  239  237  237  237  239  241  243  245  247  248  249  249  247  244
  238  231  220  208  194  180  175  167  144                                   
    55.0-180.0 180.0   5.0 450.0                            LAT/LON1/LON2/DLON/H
  145  137  128  123  116  115  114  115  118  122  127  132  137  140  141  142
  141  140  138  136  135  136  139  144  151  161  171  181  190  199  208  217
  225  234  241  247  251  253  254  256  259  263  267  270  271  270  266  261
  255  250  247  245  245  246  248  250  252  253  255  256  257  256  254  251
  246  239  228  216  201  186  179  170  145                                   
    52.5-180.0 180.0   5.0 450.0                            LAT/LON1/LON2/DLON/H
  149  137  128  120  112  109  107  106  107  111  116  122  127  132  136  139
  140  139  138  137  136  137  141  147  156  167  178  190  200  209  218  227
  236  245  253  259  263  265  266  268  270  274  277  280  281  279  275  269
  263  258  255  254  254  255  257  258  259  260  261  261  261  260  257  254
  249  242  232  220  206  190  182  173  149                                   
    50.0-180.0 180.0   5.0 450.0                            LAT/LON1/LON2/DLON/H
  154  141  132  124  113  109  104  101  101  102  106  112  118  125  130  135
  138  139  139  138  138  140  145  152  162  173  185  196  207  217  226  236
  246  256  266  273  279  281  283  284  286  288  291  293  293  290  285  280
  274  269  265  264  263  263  264  265  265  265  265  264  263  261  258  254
  249  243  234  223  209  193  185  176  154                                   
    47.5-180.0 180.0   5.0 450.0                            LAT/LON1/LON2/DLON/H
  161  148  139  132  120  114  108  102  100   99  102  106  112  118  125  131
  136  139  141  142  143  146  151  159  168  179  190  201  211  221  231  242
  254  267  279  289  296  301  303  304  306  308  309  309  308  304  299  293
  287  281  276  272  270  268  268  267  267  267  266  265  263  260  257  253
  248  243  234  224  211  196  188  180  161                                   
    45.0-180.0 180.0   5.0 450.0                            LAT/LON1/LON2/DLON/H
  167  158  149  143  131  124  117  109  105  102  102  104  108  114  121  128
  135  140  144  146  150  154  160  168  177  186  195  204  213  223  234  247
  262  278  294  307  317  323  328  330  332  332  332  330  327  322  317  310
  303  295  287  280  275  271  268  267  267  267  266  265  263  260  256  252
  247  242  234  224  213  199  191  183  167                                   
    42.5-180.0 180.0   5.0 450.0                            LAT/LON1/LON2/DLON/H
  173  167  159  154  144  136  128  119  114  109  107  107  109  114  120  127
  135  142  147  152  157  164  171  179  187  194  201  208  216  225  237  253
  271  290  309  326  339  350  357  361  363  362  360  356  351  345  339  331
  322  311  300  289  280  273  269  267  267  267  267  266  264  260  256  252
  247  243  235  226  215  203  196  187  173                                   
    40.0-180.0 180.0   5.0 450.0                            LAT/LON1/LON2/DLON/H
  177  175  167  162  154  146  139  130  124  119  115  114  114  116  121  128
  136  144  151  158  165  174  182  191  198  204  209  214  221  230  243  260
  281  304  326  347  365  379  390  397  399  398  393  387  380  373  364  355
  344  331  316  301  288  278  272  270  269  270  270  269  266  262  259  254
  249  245  237  229  219  208  201  191  177                                   
    37.5-180.0 180.0   5.0 450.0                            LAT/LON1/LON2/DLON/H
  182  182  173  168  160  153  147  139  134  129  125  121  120  120  124  130
  138  146  154  163  172  183  194  203  210  215  219  223  229  239  253  271
  295  320  346  370  392  412  426  436  439  436  430  422  413  403  394  383
  370  355  337  319  303  291  283  279  278  278  277  274  271  267  263  258
  253  249  242  233  223  213  207  195  182                                   
    35.0-180.0 180.0   5.0 450.0                            LAT/LON1/LON2/DLON/H
  187  188  178  171  163  156  151  145  141  137  133  129  126  125  127  133
  140  148  157  167  178  191  203  214  222  227  231  236  242  252  267  287
  312  340  368  396  421  445  463  474  478  475  467  457  447  436  426  415
  401  384  365  345  327  313  304  299  295  292  289  284  278  272  267  263
  257  254  246  238  229  219  213  200  187                                   
    32.5-180.0 180.0   5.0 450.0                            LAT/LON1/LON2/DLON/H
  195  195  184  174  166  158  153  148  146  142  139  134  130  129  130  135
  142  150  160  171  183  197  211  223  233  240  246  252  259  270  286  308
  334  362  392  421  450  475  495  509  514  510  501  490  479  469  459  449
  435  419  400  381  363  348  337  329  321  314  305  295  286  278  271  266
  261  258  251  243  235  226  221  206  195                                   
    30.0-180.0 180.0   5.0 450.0                            LAT/LON1/LON2/DLON/H
  205  202  192  179  170  161  156  151  149  146  142  138  133  131  131  136
  143  152  162  174  187  202  217  230  242  252  261  269  279  291  308  330
  357  386  416  446  474  500  521  534  539  536  527  517  507  499  491  483
  472  458  442  424  408  393  380  367  354  339  323  307  293  282  273  267
  262  260  255  248  240  233  228  213  205                                   
    27.5-180.0 180.0   5.0 450.0                            LAT/LON1/LON2/DLON/H
  218  212  202  188  178  168  162  156  153  149  145  139  134  131  132  136
  143  153  164  177  190  205  221  236  250  263  275  286  299  313  331  354
  380  409  437  465  491  515  535  547  552  549  542  534  528  523  519  513
  506  496  484  471  456  441  425  407  387  363  340  317  298  282  272  265
  261  260  256  251  245  240  234  221  218                                   
    25.0-180.0 180.0   5.0 450.0                            LAT/LON1/LON2/DLON/H
  230  224  216  201  189  179  172  164  159  153  147  141  135  131  131  135
  143  154  166  179  193  208  224  240  256  272  287  302  316  332  351  374
  400  427  453  477  500  520  537  547  551  549  545  541  540  540  540  538
  535  530  523  513  501  486  467  443  415  384  352  323  299  280  268  261
  258  258  256  254  249  246  240  229  230                                   
    22.5-180.0 180.0   5.0 450.0                            LAT/LON1/LON2/DLON/H
  240  235  230  215  203  193  185  174  167  159  151  142  135  130  129  133
  141  153  166  181  195  210  226  244  262  280  298  314  330  347  367  390
  415  440  463  483  501  517  529  537  540  540  540  541  545  549  553  555
  555  554  551  545  535  520  498  469  435  397  360  326  298  277  263  256
  253  255  256  255  252  250  245  235  240                                   
    20.0-180.0 180.0   5.0 450.0                            LAT/LON1/LON2/DLON/H
  246  243  241  228  216  206  197  185  176  165  155  145  137  131  129  131
  139  151  165  181  196  211  228  247  267  288  306  324  340  358  378  401
  425  448  468  484  498  509  518  523  526  528  531  537  546  554  560  563
  566  567  567  563  554  538  514  483  445  404  363  327  297  274  260  253
  250  253  255  256  253  252  247  239  246                                   
    17.5-180.0 180.0   5.0 450.0                            LAT/LON1/LON2/DLON/H
  245  245  245  235  224  214  206  193  182  171  159  148  139  132  128  129
  136  148  163  179  195  211  230  251  273  294  314  331  348  366  386  409
  432  453  471  485  496  504  509  512  514  518  525  535  546  556  562  566
  568  569  570  566  558  542  517  485  447  405  364  328  298  275  261  253
  251  254  256  257  255  252  248  239  245                                   
    15.0-180.0 180.0   5.0 450.0                            LAT/LON1/LON2/DLON/H
  237  240  241  234  225  215  207  196  185  173  161  150  141  134  129  128
  133  144  159  175  193  211  232  256  280  302  321  337  354  372  393  415
  437  458  476  489  499  505  507  509  511  516  525  537  549  558  563  564
  564  564  563  559  550  534  510  480  443  404  365  331  302  281  266  258
  255  258  261  261  257  252  247  236  237                                   
    12.5-180.0 180.0   5.0 450.0                            LAT/LON1/LON2/DLON/H
  227  230  230  224  216  206  200  190  180  170  160  151  142  135  129  127
  130  139  154  171  190  211  235  261  287  310  328  344  360  379  400  422
  445  465  483  497  507  513  516  517  519  524  533  544  554  561  563  561
  558  556  553  547  537  521  499  471  438  402  368  337  311  291  277  268
  265  267  268  268  262  252  246  231  227                                   
    10.0-180.0 180.0   5.0 450.0                            LAT/LON1/LON2/DLON/H
  216  218  214  207  200  189  184  177  169  161  153  147  141  135  129  126
  127  135  149  166  187  211  238  267  295  318  336  351  367  387  408  431
  453  473  492  508  520  528  532  534  537  541  548  556  562  565  563  558
  553  548  543  536  525  509  489  464  435  404  373  346  323  304  290  281
  276  277  278  276  268  255  246  228  216                                   
     7.5-180.0 180.0   5.0 450.0                            LAT/LON1/LON2/DLON/H
  209  208  199  189  181  169  164  158  153  148  142  139  135  132  127  124
  125  131  144  162  184  211  241  272  301  324  343  358  375  396  418  441
