data/edconvlstm_nd/pred1730.15i
     1.0            IONOSPHERE MAPS     GNSS                IONEX VERSION / TYPE
pyspatialgeodesy        IME             05-JAN-18 20:20     PGM / RUN BY / DATE 
Map Name                                                    COMMENT             
Predicted global ionosphere maps (GIM).                     DESCRIPTION         
  2015     6    22     0     0     0                        EPOCH OF FIRST MAP  
  2015     6    23     0     0     0                        EPOCH OF LAST MAP   
  7200                                                      INTERVAL            
    13                                                      # OF MAPS IN FILE   
  NONE                                                      MAPPING FUNCTION    
10.0                                                        ELEVATION CUTOFF    
One-way carrier phase leveled to code                       OBSERVABLES USED    
  6371.0                                                    BASE RADIUS         
 2                                                          MAP DIMENSION       
   450.0 450.0   0.0                                        HGT1 / HGT2 / DHGT  
    87.5 -87.5  -2.5                                        LAT1 / LAT2 / DLAT  
  -180.0 180.0   5.0                                        LON1 / LON2 / DLON  
    -1                                                      EXPONENT            
                                                            END OF HEADER       
[from data line 5148]
    13                                                      START OF TEC MAP    
  2015     6    23     0     0     0                        EPOCH OF CURRENT MAP
    87.5-180.0 180.0   5.0 450.0                            LAT/LON1/LON2/DLON/H
  152  153  160  150  149  149  146  146  145  144  144  144  144  143  143  142
  142  141  140  140  139  138  138  137  136  135  135  134  134  134  133  134
  134  134  135  135  136  137  137  138  139  139  140  140  141  141  141  141
  141  141  141  141  141  141  141  141  141  141  141  141  140  140  140  141
  141  142  144  144  144  143  150  176  152                                   
    85.0-180.0 180.0   5.0 450.0                            LAT/LON1/LON2/DLON/H
  160  156  151  150  155  154  152  151  151  150  149  149  148  147  147  146
  145  144  143  142  141  140  139  138  137  136  134  134  133  132  132  132
  132  133  133  134  135  136  137  139  140  140  141  142  142  143  143  143
  143  143  143  144  143  143  143  143  143  143  143  143  143  143  143  144
  144  145  147  150  144  149  158  174  160                                   
    82.5-180.0 180.0   5.0 450.0                            LAT/LON1/LON2/DLON/H
  156  153  157  154  157  158  155  154  155  153  152  151  150  149  148  147
  146  144  143  142  141  139  137  136  134  132  130  129  127  126  126  126
  126  127  128  130  131  133  135  136  138  139  140  141  141  142  142  142
  142  143  143  143  143  143  143  143  143  143  143  143  143  143  143  144
  145  146  148  148  148  140  151  162  156                                   
    80.0-180.0 180.0   5.0 450.0                            LAT/LON1/LON2/DLON/H
  153  157  154  151  152  155  156  156  155  153  152  151  150  148  147  146
  145  144  142  141  140  138  136  134  132  129  126  124  122  121  120  120
  121  123  125  128  131  134  136  138  140  142  143  144  144  145  145  145
  146  146  147  147  147  147  147  147  146  146  145  145  145  144  144  145
  144  145  146  144  151  144  156  170  153                                   
    77.5-180.0 180.0   5.0 450.0                            LAT/LON1/LON2/DLON/H
  155  152  150  150  149  149  152  152  152  149  148  147  145  144  143  142
  141  140  140  139  139  137  136  133  130  127  123  120  117  115  115  115
  117  120  124  128  132  136  140  143  145  146  147  147  148  148  149  149
  150  151  152  152  153  153  152  151  150  149  148  147  145  144  144  143
  142  143  142  141  146  147  154  173  155                                   
    75.0-180.0 180.0   5.0 450.0                            LAT/LON1/LON2/DLON/H
  155  148  146  147  145  145  146  146  146  143  142  141  140  138  137  137
  136  137  137  138  138  138  137  134  131  127  123  119  115  113  112  113
  116  120  126  132  138  143  147  150  151  152  152  151  151  151  152  153
  155  156  158  159  160  160  159  158  156  155  152  150  148  146  145  144
  141  141  140  134  139  144  151  173  155                                   
    72.5-180.0 180.0   5.0 450.0                            LAT/LON1/LON2/DLON/H
  144  145  144  142  139  139  139  140  140  138  137  137  136  135  134  134
  134  135  137  138  140  141  140  138  135  130  125  120  116  113  112  113
  117  122  129  136  143  149  153  155  156  156  154  153  153  153  154  156
  159  161  164  166  167  167  166  164  162  160  157  154  152  149  147  145
  142  141  140  135  136  138  149  173  144                                   
    70.0-180.0 180.0   5.0 450.0                            LAT/LON1/LON2/DLON/H
  142  139  140  138  135  133  134  135  136  135  136  136  136  135  135  135
  135  137  139  142  144  146  147  146  143  138  133  127  122  118  117  118
  122  128  135  143  150  156  160  161  160  159  156  154  153  154  156  159
  162  166  170  172  173  173  172  170  167  164  161  158  155  152  150  148
  144  142  140  136  137  140  148  172  142                                   
    67.5-180.0 180.0   5.0 450.0                            LAT/LON1/LON2/DLON/H
  142  141  139  136  131  129  129  130  133  133  135  138  139  139  138  138
  139  140  143  146  149  151  153  152  150  146  141  135  130  126  124  124
  127  133  140  147  154  159  162  162  160  157  154  152  151  152  155  159
  164  169  173  176  177  177  175  173  170  167  164  161  158  155  152  149
  145  142  141  135  137  140  148  174  142                                   
    65.0-180.0 180.0   5.0 450.0                            LAT/LON1/LON2/DLON/H
  145  143  140  135  129  126  126  127  131  133  137  142  144  146  146  146
  146  146  147  150  152  155  157  158  157  155  151  147  142  137  134  133
  134  138  144  150  155  159  160  159  156  152  149  147  146  148  152  157
  163  169  174  177  178  178  176  173  170  167  164  162  160  157  154  151
  147  144  142  136  139  143  152  179  145                                   
    62.5-180.0 180.0   5.0 450.0                            LAT/LON1/LON2/DLON/H
  151  149  146  139  131  126  125  127  131  135  141  148  153  156  157  156
  155  154  154  154  155  157  159  161  162  163  162  160  156  151  147  144
  143  144  147  150  154  155  155  153  149  145  142  141  142  144  149  155
  161  167  172  176  177  176  175  172  170  167  166  164  162  160  157  155
  150  147  144  139  143  147  158  185  151                                   
    60.0-180.0 180.0   5.0 450.0                            LAT/LON1/LON2/DLON/H
  159  157  155  147  137  130  128  129  133  137  145  154  161  166  168  168
  166  163  161  158  157  157  158  160  164  168  171  172  171  166  161  155
  151  149  148  149  149  149  147  144  140  137  135  135  136  140  145  151
  157  163  168  171  173  173  172  171  170  168  168  167  166  164  161  158
  154  150  147  143  148  153  165  192  159                                   
    57.5-180.0 180.0   5.0 450.0                            LAT/LON1/LON2/DLON/H
  170  169  168  160  147  139  135  134  137  141  149  159  168  176  180  180
  178  174  169  164  159  156  155  158  164  171  179  184  185  181  175  167
  159  153  149  147  144  142  138  135  131  129  128  129  132  136  140  146
  152  157  162  165  168  169  170  171  171  172  172  172  170  168  166  163
  159  155  153  149  154  160  174  200  170                                   
    55.0-180.0 180.0   5.0 450.0                            LAT/LON1/LON2/DLON/H
  181  182  183  176  163  153  148  144  144  146  153  164  174  183  189  192
  190  186  179  172  164  158  155  157  163  174  185  194  197  195  188  178
  167  159  152  146  142  137  132  128  125  123  124  125  128  132  136  140
  145  150  155  159  163  167  170  174  176  178  179  179  178  175  173  170
  166  163  161  157  162  168  182  208  181                                   
    52.5-180.0 180.0   5.0 450.0                            LAT/LON1/LON2/DLON/H
  193  196  200  194  182  173  166  159  156  154  159  168  179  189  197  202
  202  199  193  185  175  166  161  161  166  178  191  202  208  207  200  188
  176  166  157  149  143  137  131  126  123  121  121  123  125  128  131  134
  138  142  147  153  159  166  173  179  184  188  190  189  187  184  181  179
  176  174  173  169  172  177  191  216  193                                   
    50.0-180.0 180.0   5.0 450.0                            LAT/LON1/LON2/DLON/H
  204  210  216  214  206  197  190  180  173  168  169  175  184  195  204  211
  214  214  211  204  194  184  175  172  176  186  199  212  218  218  211  199
  187  176  166  158  150  143  136  130  125  123  122  123  124  125  127  129
  132  136  142  149  158  167  177  187  195  201  203  202  199  196  193  192
  190  189  188  184  185  188  201  225  204                                   
    47.5-180.0 180.0   5.0 450.0                            LAT/LON1/LON2/DLON/H
  216  222  231  234  230  225  219  208  198  188  184  187  193  202  211  220
  226  231  232  230  222  212  201  194  194  201  212  223  229  228  222  212
  200  190  180  172  164  155  147  139  133  129  127  126  125  124  124  125
  127  132  139  148  158  170  183  196  207  214  217  216  213  209  207  206
  206  206  207  202  200  201  212  235  216                                   
    45.0-180.0 180.0   5.0 450.0                            LAT/LON1/LON2/DLON/H
  227  233  244  253  255  254  250  240  228  215  207  204  207  213  221  229
  238  248  256  260  257  249  237  226  221  223  230  237  241  240  235  226
  217  208  200  191  183  173  164  154  146  139  134  131  128  125  124  124
  126  131  138  148  160  173  188  203  216  226  230  230  227  223  222  223
  225  227  228  223  218  215  225  247  227                                   
    42.5-180.0 180.0   5.0 450.0                            LAT/LON1/LON2/DLON/H
  238  244  257  269  278  282  282  275  263  248  236  229  227  228  233  240
  251  264  279  291  296  292  281  267  257  253  253  255  257  255  251  245
  238  231  223  214  205  194  183  172  161  152  145  139  134  130  127  126
  128  133  141  150  162  176  192  208  223  234  240  242  240  238  237  240
  244  247  249  243  237  231  239  262  238                                   
    40.0-180.0 180.0   5.0 450.0                            LAT/LON1/LON2/DLON/H
  252  256  269  285  299  308  313  309  301  286  272  261  254  249  249  254
  264  280  300  320  333  335  327  312  298  288  282  279  277  274  271  267
  262  255  247  237  227  215  203  191  179  168  158  150  144  138  134  132
  133  138  144  153  163  177  192  209  225  238  247  251  251  251  252  257
  262  267  269  263  257  249  256  279  252                                   
    37.5-180.0 180.0   5.0 450.0                            LAT/LON1/LON2/DLON/H
  268  271  284  301  318  331  340  342  339  327  312  298  285  275  269  269
  277  294  317  343  363  372  368  355  339  325  314  307  302  298  295  292
  288  280  270  257  245  233  221  208  196  184  173  164  156  148  143  140
  140  143  148  154  163  175  190  206  223  238  250  257  261  263  266  271
  278  283  286  281  276  268  276  298  268                                   
    35.0-180.0 180.0   5.0 450.0                            LAT/LON1/LON2/DLON/H
  288  289  301  319  336  352  365  373  375  367  354  337  320  305  293  288
  292  307  331  359  383  397  398  389  375  361  348  338  330  325  322  319
  312  302  287  272  257  245  233  222  211  199  188  178  169  160  153  148
  146  147  149  154  161  172  185  201  218  235  249  260  267  272  276  282
  289  295  299  294  293  287  295  318  288                                   
    32.5-180.0 180.0   5.0 450.0                            LAT/LON1/LON2/DLON/H
  308  310  322  339  356  373  389  401  409  405  394  377  357  337  320  310
  310  321  342  368  393  410  416  413  403  391  379  368  358  352  348  342
  333  317  297  277  261  249  239  231  221  210  200  190  180  170  161  153
  149  147  148  150  156  166  179  194  211  228  245  259  269  276  282  288
  296  302  306  304  307  304  314  337  308                                   
    30.0-180.0 180.0   5.0 450.0                            LAT/LON1/LON2/DLON/H
  328  331  344  362  378  396  415  430  440  440  431  414  392  370  351  338
  334  339  354  375  396  413  423  425  422  414  404  393  383  375  367  358
  343  322  297  273  256  245  238  231  224  215  206  196  186  175  163  154
  147  143  141  143  148  158  170  185  201  218  236  252  266  275  283  290
  297  304  310  310  317  317  330  354  328                                   
    27.5-180.0 180.0   5.0 450.0                            LAT/LON1/LON2/DLON/H
  344  349  364  384  401  421  441  458  471  473  465  448  427  404  385  371
  364  364  371  383  397  411  422  429  432  429  421  409  398  387  376  361
  340  313  284  259  242  232  228  223  218  210  202  194  184  172  159  148
  139  133  131  132  138  148  161  175  190  206  223  242  258  270  280  288
  296  304  311  314  323  326  342  366  344                                   
    25.0-180.0 180.0   5.0 450.0                            LAT/LON1/LON2/DLON/H
  354  360  379  404  423  446  468  486  500  503  495  480  460  440  423  410
  402  397  395  396  401  408  418  428  434  433  426  414  399  384  368  348
  321  291  260  236  220  213  210  207  203  196  190  183  173  161  148  136
  127  120  118  120  127  139  153  167  181  195  212  231  249  264  276  286
  295  303  311  315  325  330  348  374  354                                   
    22.5-180.0 180.0   5.0 450.0                            LAT/LON1/LON2/DLON/H
  355  364  386  417  439  467  492  512  525  528  522  509  492  476  464  454
  446  438  428  418  411  410  416  423  429  428  419  404  385  365  343  317
  288  256  227  206  194  190  188  185  180  175  170  164  156  145  132  120
  111  106  104  107  116  131  148  163  176  189  205  224  243  260  274  286
  296  305  312  317  325  331  350  376  355                                   
    20.0-180.0 180.0   5.0 450.0                            LAT/LON1/LON2/DLON/H
  350  360  384  420  448  480  509  530  544  547  543  533  522  512  505  501
  495  484  468  447  429  418  416  418  419  413  399  378  354  329  303  275
  244  215  190  174  167  164  163  160  155  150  145  141  135  125  114  104
   96   92   91   96  108  126  145  162  176  188  203  222  241  259  275  288
  300  309  316  319  325  329  348  375  350                                   
    17.5-180.0 180.0   5.0 450.0                            LAT/LON1/LON2/DLON/H
  341  352  377  415  447  482  513  537  552  556  556  552  547  544  544  544
  542  531  510  481  452  430  417  410  402  388  366  340  312  284  256  227
  199  174  156  146  142  141  139  135  130  125  122  119  114  106   97   89
   83   80   81   88  103  123  146  165  180  192  206  224  243  262  279  295
  307  316  322  323  325  327  345  372  341                                   
    15.0-180.0 180.0   5.0 450.0                            LAT/LON1/LON2/DLON/H
  334  344  367  404  438  472  505  529  545  553  557  560  564  568  573  578
  579  571  548  514  476  444  419  399  379  355  325  294  264  236  209  183
  159  140  128  123  122  122  119  115  109  105  102  101   97   91   84   78
   74   73   75   84  100  122  147  168  184  197  211  228  248  268  286  303
  316  325  330  329  328  327  344  371  334                                   
    12.5-180.0 180.0   5.0 450.0                            LAT/LON1/LON2/DLON/H
  334  343  361  391  422  453  483  507  525  536  546  557  569  579  589  597
  601  595  574  538  495  452  415  383  351  317  281  247  218  193  170  149
  130  118  111  109  109  108  105  100   95   92   91   89   87   82   77   72
   70   70   73   82   98  121  147  170  188  202  217  234  254  275  295  312
  325  333  338  335  332  331  348  374  334                                   
    10.0-180.0 180.0   5.0 450.0                            LAT/LON1/LON2/DLON/H
  343  350  362  383  405  429  454  475  493  507  523  541  560  576  588  597
  603  599  581  547  501  451  404  360  318  276  238  205  180  160  143  128
  115  106  102  101  101   99   96   92   89   87   86   86   84   80   75   72
   70   70   73   82   97  119  145  168  187  204  221  240  261  282  303  321
  333  341  344  341  339  339  357  383  343                                   
     7.5-180.0 180.0   5.0 450.0                            LAT/LON1/LON2/DLON/H
  361  369  374  382  393  406  423  441  457  472  492  515  539  557  570  578
  584  582  568  536  490  436  382  331  282  238  201  173  154  141  130  120
