data/edconvlstm_nd/pred2620.15i
     1.0            IONOSPHERE MAPS     GNSS                IONEX VERSION / TYPE
pyspatialgeodesy        IME             05-JAN-18 20:20     PGM / RUN BY / DATE 
Map Name                                                    COMMENT             
Predicted global ionosphere maps (GIM).                     DESCRIPTION         
  2015     9    19     0     0     0                        EPOCH OF FIRST MAP  
  2015     9    20     0     0     0                        EPOCH OF LAST MAP   
  7200                                                      INTERVAL            
    13                                                      # OF MAPS IN FILE   
  NONE                                                      MAPPING FUNCTION    
10.0                                                        ELEVATION CUTOFF    
One-way carrier phase leveled to code                       OBSERVABLES USED    
  6371.0                                                    BASE RADIUS         
 2                                                          MAP DIMENSION       
   450.0 450.0   0.0                                        HGT1 / HGT2 / DHGT  
    87.5 -87.5  -2.5                                        LAT1 / LAT2 / DLAT  
  -180.0 180.0   5.0                                        LON1 / LON2 / DLON  
    -1                                                      EXPONENT            
                                                            END OF HEADER       
[from data line 3861]
    10                                                      START OF TEC MAP    
  2015     9    19    18     0     0                        EPOCH OF CURRENT MAP
    87.5-180.0 180.0   5.0 450.0                            LAT/LON1/LON2/DLON/H
  103  105  100  105  110  110  110  108  109  112  112  113  114  115  116  117
  117  117  117  117  116  115  115  113  112  111  109  108  106  104  103  101
  100   99   98   97   96   95   95   94   94   94   93   93   93   93   93   93
   93   93   93   93   93   93   93   93   93   93   93   93   93   93   94   94
   94   95   93   91   99   96  111  111  103                                   
    85.0-180.0 180.0   5.0 450.0                            LAT/LON1/LON2/DLON/H
  105  102  112  100  100  107  107  111  112  116  116  118  119  121  122  123
  123  124  123  123  122  121  120  118  117  115  113  111  109  106  104  103
  101   99   98   96   95   94   94   93   93   93   92   92   92   92   92   92
   92   92   92   92   92   91   91   91   91   91   91   90   90   90   91   91
   92   92   88   85   88   89   96   96  105                                   
    82.5-180.0 180.0   5.0 450.0                            LAT/LON1/LON2/DLON/H
   83   87   90   86   89   96  100  103  105  109  111  114  116  118  120  122
  123  123  123  123  122  121  119  117  115  112  109  106  103  101   98   95
   93   91   89   88   86   85   85   84   84   84   84   84   84   84   84   84
   84   84   84   83   83   83   82   82   81   81   80   80   80   79   79   79
   80   79   77   77   80   90   84   83   83                                   
    80.0-180.0 180.0   5.0 450.0                            LAT/LON1/LON2/DLON/H
   63   66   74   72   75   78   86   91   96  101  105  109  112  116  118  120
  121  122  122  121  120  118  116  113  110  107  103   99   96   92   88   85
   82   79   77   76   75   74   73   73   72   72   72   72   73   73   73   73
   73   73   72   72   71   70   69   68   67   66   65   65   64   64   63   63
   64   64   63   64   63   69   67   73   63                                   
    77.5-180.0 180.0   5.0 450.0                            LAT/LON1/LON2/DLON/H
   60   59   63   62   67   72   79   84   90   95   99  105  109  113  116  119
  120  121  122  122  121  120  118  116  113  109  105  100   95   91   87   83
   79   76   74   72   71   70   69   69   68   68   68   67   67   67   67   67
   67   66   66   65   64   63   61   60   58   56   55   54   53   52   52   53
   53   54   54   55   57   58   60   67   60                                   
    75.0-180.0 180.0   5.0 450.0                            LAT/LON1/LON2/DLON/H
   51   53   54   55   60   66   72   77   84   91   96  101  106  110  112  115
  116  117  118  119  119  119  118  117  114  111  107  102   97   92   87   83
   80   77   75   73   72   71   70   69   68   67   67   66   65   64   64   64
   64   63   63   62   61   59   57   55   53   51   49   48   47   46   47   48
   49   50   52   50   52   52   52   51   51                                   
    72.5-180.0 180.0   5.0 450.0                            LAT/LON1/LON2/DLON/H
   49   50   50   55   57   62   69   74   79   84   89   95   99  102  105  106
  108  109  111  112  114  115  116  116  114  112  108  103   98   92   87   82
   79   76   74   73   72   71   70   68   67   65   63   61   60   58   58   57
   57   57   56   56   54   53   50   48   45   43   41   39   38   38   39   41
   42   44   46   45   47   48   50   53   49                                   
    70.0-180.0 180.0   5.0 450.0                            LAT/LON1/LON2/DLON/H
   50   51   51   55   57   61   65   71   77   82   87   91   95   97   98   99
  100  101  103  105  108  112  114  116  116  114  111  107  101   96   90   86
   82   79   78   76   76   75   73   71   68   65   62   59   56   54   53   53
   53   53   53   52   51   49   47   44   41   38   36   35   34   35   37   39
   41   43   46   46   48   49   52   55   50                                   
    67.5-180.0 180.0   5.0 450.0                            LAT/LON1/LON2/DLON/H
   53   54   54   59   61   65   70   75   80   84   89   93   95   96   97   97
   97   98  100  103  107  112  116  119  120  119  116  111  106  100   95   90
   86   84   82   81   80   79   77   74   70   66   62   57   54   51   50   49
   49   50   50   50   49   48   45   42   39   36   34   33   33   34   36   39
   41   43   46   46   47   49   50   52   53                                   
    65.0-180.0 180.0   5.0 450.0                            LAT/LON1/LON2/DLON/H
   54   56   56   62   63   67   72   77   82   87   91   94   96   97   96   95
   95   95   98  102  107  113  118  122  123  123  120  116  110  105  100   95
   91   89   87   86   84   83   80   76   72   66   61   55   51   48   46   45
   45   46   47   47   46   45   43   40   37   34   32   31   31   33   35   38
   40   43   46   46   47   49   51   53   54                                   
    62.5-180.0 180.0   5.0 450.0                            LAT/LON1/LON2/DLON/H
   54   56   57   63   66   71   76   80   85   90   94   98  100  101  100   98
   97   98  100  105  110  116  121  125  126  126  123  119  115  110  105  101
   97   94   92   90   88   86   83   78   73   67   60   55   50   46   44   43
   43   43   44   44   44   43   41   39   36   34   32   31   31   32   34   37
   39   41   43   43   44   45   46   48   54                                   
    60.0-180.0 180.0   5.0 450.0                            LAT/LON1/LON2/DLON/H
   51   54   57   64   68   73   77   82   87   92   97  101  104  105  104  103
  102  103  105  109  114  119  124  127  128  128  126  123  120  116  113  109
  105  102   99   96   93   90   86   81   75   69   62   56   50   46   43   42
   41   41   42   42   41   40   39   37   36   34   33   32   32   32   34   36
   37   38   39   38   40   41   42   43   51                                   
    57.5-180.0 180.0   5.0 450.0                            LAT/LON1/LON2/DLON/H
   48   53   57   65   70   76   81   85   90   94   99  104  108  110  110  110
  110  110  112  115  119  123  127  129  130  130  129  128  127  126  124  121
  117  113  109  105  102   98   94   88   82   75   68   62   56   51   48   45
   44   43   42   42   41   40   39   38   38   37   36   35   34   34   35   36
   37   37   37   36   37   37   38   40   48                                   
    55.0-180.0 180.0   5.0 450.0                            LAT/LON1/LON2/DLON/H
   47   54   60   69   75   81   86   90   94   98  102  107  111  114  115  116
  117  118  119  121  124  126  128  130  130  131  132  134  136  137  136  134
  130  125  120  116  112  108  103   97   91   84   77   70   65   60   55   52
   49   47   45   43   42   41   41   41   41   41   41   40   39   38   39   39
   39   38   37   35   36   36   36   38   47                                   
    52.5-180.0 180.0   5.0 450.0                            LAT/LON1/LON2/DLON/H
   50   58   66   75   82   89   94   97  100  102  105  109  113  116  119  121
  122  123  124  125  126  127  128  129  130  133  136  140  145  148  149  147
  143  138  132  127  123  119  114  109  102   95   89   82   77   71   66   62
   58   54   51   48   46   45   46   47   48   49   49   48   46   45   44   44
   43   42   41   38   39   38   39   41   50                                   
    50.0-180.0 180.0   5.0 450.0                            LAT/LON1/LON2/DLON/H
   57   67   76   85   93  101  106  108  109  110  110  113  116  119  122  124
  126  127  128  128  128  128  129  130  132  135  141  147  154  159  160  158
  154  148  142  137  133  130  126  120  114  108  102   96   90   85   80   74
   70   65   61   57   55   54   54   56   58   60   60   58   56   54   52   51
   50   49   49   46   46   45   46   48   57                                   
    47.5-180.0 180.0   5.0 450.0                            LAT/LON1/LON2/DLON/H
   67   78   87   98  106  115  119  122  121  121  119  119  120  122  125  128
  130  131  131  131  130  130  131  133  136  141  147  155  162  166  168  165
  160  154  148  145  142  139  136  131  126  120  114  109  104   99   94   88
   83   78   74   70   67   66   66   69   72   74   74   71   68   65   62   61
   60   59   59   57   57   56   57   59   67                                   
    45.0-180.0 180.0   5.0 450.0                            LAT/LON1/LON2/DLON/H
   79   90   99  110  119  129  133  136  135  134  131  129  128  129  131  134
  136  137  137  135  134  135  136  139  143  149  155  162  168  171  170  167
  161  156  152  150  149  147  145  140  135  130  125  121  116  112  107  102
   97   93   89   85   82   81   81   84   87   89   89   86   82   77   74   73
   71   71   70   69   69   68   69   71   79                                   
    42.5-180.0 180.0   5.0 450.0                            LAT/LON1/LON2/DLON/H
   91  101  110  121  130  140  145  149  149  148  145  143  141  141  142  144
  146  146  145  144  143  144  147  150  155  160  165  169  172  172  170  165
  160  156  155  155  156  155  152  148  143  138  133  130  126  122  118  114
  110  107  104  100   98   96   97   99  102  104  103  100   95   90   87   84
   82   81   81   79   79   79   81   82   91                                   
    40.0-180.0 180.0   5.0 450.0                            LAT/LON1/LON2/DLON/H
   99  108  116  128  137  147  154  159  161  162  160  158  156  156  157  159
  160  160  158  156  156  158  161  166  170  174  176  178  177  174  170  166
  162  161  162  164  165  164  161  155  149  144  140  136  133  130  127  123
  121  119  116  114  111  110  110  113  115  117  116  112  107  102   98   95
   92   90   89   86   86   86   87   90   99                                   
    37.5-180.0 180.0   5.0 450.0                            LAT/LON1/LON2/DLON/H
  102  111  119  130  140  150  157  165  170  174  174  175  174  175  176  178
  178  177  175  173  172  175  179  184  188  190  190  189  185  181  176  173
  172  174  178  181  181  178  172  163  156  149  145  142  138  135  132  130
  128  126  124  122  120  119  120  122  124  125  124  121  117  112  108  104
  100   96   93   90   88   88   89   93  102                                   
    35.0-180.0 180.0   5.0 450.0                            LAT/LON1/LON2/DLON/H
  102  112  120  130  139  148  157  166  175  182  187  190  192  195  197  199
  199  197  194  191  191  194  199  204  207  208  207  205  201  197  194  193
  196  201  207  209  206  198  187  175  164  156  151  146  143  139  136  133
  131  129  128  126  124  123  124  125  127  129  128  126  123  119  115  110
  105   99   95   90   87   87   88   92  102                                   
    32.5-180.0 180.0   5.0 450.0                            LAT/LON1/LON2/DLON/H
  101  112  121  129  137  144  154  164  176  187  196  203  209  214  218  220
  220  217  213  211  211  213  218  223  226  228  229  228  226  225  225  229
  235  243  249  249  240  225  207  189  175  165  158  152  147  143  138  134
  131  128  126  124  123  122  123  125  127  128  128  127  125  122  119  114
  108  101   96   90   85   84   85   91  101                                   
    30.0-180.0 180.0   5.0 450.0                            LAT/LON1/LON2/DLON/H
  102  114  126  132  138  143  152  162  175  189  202  214  223  231  237  240
  240  237  233  230  229  232  236  241  246  251  255  259  262  266  272  279
  289  298  302  296  280  257  231  207  190  177  168  160  153  147  140  134
  129  125  121  119  118  118  119  121  123  124  125  125  125  123  121  116
  109  102   97   90   85   83   83   90  102                                   
    27.5-180.0 180.0   5.0 450.0                            LAT/LON1/LON2/DLON/H
  106  121  135  139  144  147  154  163  177  192  207  222  235  246  254  258
  259  256  252  248  248  250  254  260  268  277  287  298  308  318  329  340
  351  359  359  346  321  288  255  227  206  191  179  170  161  152  144  135
  128  121  116  113  112  113  115  117  118  120  121  122  123  123  121  117
  110  104   98   92   87   85   84   91  106                                   
    25.0-180.0 180.0   5.0 450.0                            LAT/LON1/LON2/DLON/H
  116  131  147  150  156  157  163  170  182  197  213  229  244  258  269  275
  277  275  271  269  268  269  274  281  292  306  324  342  360  376  391  404
  414  418  411  389  356  316  278  246  223  206  193  182  171  160  149  139
  128  120  113  109  108  109  111  113  115  116  117  119  120  121  119  116
  110  106  102   97   93   89   87   95  116                                   
    22.5-180.0 180.0   5.0 450.0                            LAT/LON1/LON2/DLON/H
  128  144  160  165  171  173  178  183  193  206  221  237  254  270  283  292
  296  296  294  292  292  293  298  306  320  340  364  389  413  433  449  460
  466  463  448  419  379  335  294  262  239  221  207  195  182  170  157  144
  132  121  113  108  107  109  111  112  112  113  114  115  117  118  117  114
  110  108  105  102  100   95   91  100  128                                   
    20.0-180.0 180.0   5.0 450.0                            LAT/LON1/LON2/DLON/H
  139  154  171  179  187  191  197  201  209  220  232  248  266  284  300  311
  318  321  322  322  322  323  328  338  354  377  405  434  460  480  493  500
  498  487  464  430  387  343  305  275  253  237  222  209  195  181  167  153
  138  126  117  112  111  112  113  113  112  111  111  112  114  115  114  112
  108  109  107  107  105  100   95  104  139                                   
    17.5-180.0 180.0   5.0 450.0                            LAT/LON1/LON2/DLON/H
  144  158  177  188  200  208  216  221  228  237  247  262  280  300  319  334
  345  352  357  359  359  361  365  375  392  416  445  473  496  512  519  517
  507  488  459  423  382  343  309  284  266  251  237  223  208  193  178  162
  147  134  124  118  117  117  117  115  112  110  109  110  111  111  110  108
  105  107  106  108  107  102   97  107  144                                   
    15.0-180.0 180.0   5.0 450.0                            LAT/LON1/LON2/DLON/H
  142  155  174  190  206  220  232  240  248  256  265  279  298  319  341  360
  376  388  396  401  402  403  407  416  432  454  479  502  519  527  525  514
  495  470  439  404  369  337  312  293  279  266  252  237  221  205  189  173
  157  143  133  127  125  124  122  118  113  109  107  107  107  107  106  104
  101  103  102  105  105   99   94  106  142                                   
    12.5-180.0 180.0   5.0 450.0                            LAT/LON1/LON2/DLON/H
  132  146  164  185  205  224  242  254  264  273  282  297  317  341  365  388
  409  426  438  445  447  448  450  457  470  488  507  522  529  527  516  497
  472  444  414  384  356  333  316  303  292  280  266  250  233  216  199  182
  166  152  141  135  132  130  126  120  114  108  105  104  104  103  101   99
   97   98   97   98   98   93   88  101  132                                   
    10.0-180.0 180.0   5.0 450.0                            LAT/LON1/LON2/DLON/H
  120  134  151  175  198  222  245  261  276  287  299  315  336  361  388  414
  439  461  477  486  489  489  489  494  503  515  526  531  529  518  499  475
  448  420  393  369  349  335  325  316  306  294  278  261  243  225  207  189
  172  158  147  141  137  134  129  122  114  108  104  102  100   99   97   96
   93   93   90   90   89   85   81   94  120                                   
     7.5-180.0 180.0   5.0 450.0                            LAT/LON1/LON2/DLON/H
  110  125  141  167  192  217  244  264  282  297  312  331  353  380  407  435
  463  488  507  518  521  520  520  522  527  533  536  533  522  505  483  458
