data/edconvlstm_nd/pred0820.15i
     1.0            IONOSPHERE MAPS     GNSS                IONEX VERSION / TYPE
pyspatialgeodesy        IME             05-JAN-18 20:20     PGM / RUN BY / DATE 
Map Name                                                    COMMENT             
Predicted global ionosphere maps (GIM).                     DESCRIPTION         
  2015     3    23     0     0     0                        EPOCH OF FIRST MAP  
  2015     3    24     0     0     0                        EPOCH OF LAST MAP   
  7200                                                      INTERVAL            
    13                                                      # OF MAPS IN FILE   
  NONE                                                      MAPPING FUNCTION    
10.0                                                        ELEVATION CUTOFF    
One-way carrier phase leveled to code                       OBSERVABLES USED    
  6371.0                                                    BASE RADIUS         
 2                                                          MAP DIMENSION       
   450.0 450.0   0.0                                        HGT1 / HGT2 / DHGT  
    87.5 -87.5  -2.5                                        LAT1 / LAT2 / DLAT  
  -180.0 180.0   5.0                                        LON1 / LON2 / DLON  
    -1                                                      EXPONENT            
                                                            END OF HEADER       
[from data line 4719]
    12                                                      START OF TEC MAP    
  2015     3    23    22     0     0                        EPOCH OF CURRENT MAP
    87.5-180.0 180.0   5.0 450.0                            LAT/LON1/LON2/DLON/H
  156  144  128  135  136  134  133  132  131  133  133  134  135  136  136  137
  137  137  137  137  136  135  134  133  132  130  129  127  126  124  123  122
  121  120  120  119  119  120  120  121  121  122  123  124  125  126  127  128
  128  129  130  131  131  132  132  133  133  134  134  134  134  135  134  134
  133  134  132  133  144  142  150  154  156                                   
    85.0-180.0 180.0   5.0 450.0                            LAT/LON1/LON2/DLON/H
  150  146  146  138  135  138  138  139  139  141  142  143  144  146  147  148
  148  148  148  148  147  146  144  142  140  137  135  132  130  127  125  123
  122  121  120  120  120  120  121  122  124  125  127  128  129  131  132  133
  134  135  136  137  138  139  140  140  141  142  142  143  143  144  144  144
  144  143  142  139  142  138  138  140  150                                   
    82.5-180.0 180.0   5.0 450.0                            LAT/LON1/LON2/DLON/H
  125  126  124  120  120  123  127  127  127  130  132  136  138  141  143  145
  146  147  147  146  145  143  141  137  134  130  126  121  117  113  109  106
  104  102  101  101  101  102  103  105  106  109  111  113  114  116  118  119
  120  121  122  123  123  124  125  126  127  128  129  130  131  131  132  131
  132  130  129  132  134  141  131  131  125                                   
    80.0-180.0 180.0   5.0 450.0                            LAT/LON1/LON2/DLON/H
  112  115  116  111  111  110  117  121  125  129  134  139  143  148  152  155
  157  158  158  158  156  153  149  144  139  133  127  120  114  107  102   97
   93   90   89   88   88   89   91   94   96   99  102  104  107  108  110  111
  112  112  113  113  114  115  116  117  119  121  122  124  126  127  128  129
  129  129  128  128  126  125  119  127  112                                   
    77.5-180.0 180.0   5.0 450.0                            LAT/LON1/LON2/DLON/H
  113  109  113  108  110  111  117  121  126  132  138  145  151  158  163  167
  170  172  172  172  169  166  162  156  150  142  134  126  117  109  102   96
   91   87   85   84   84   85   87   90   93   95   98  100  101  102  102  102
  101  101  100  100   99  100  101  102  104  107  109  112  115  117  120  121
  122  123  123  124  125  123  122  135  113                                   
    75.0-180.0 180.0   5.0 450.0                            LAT/LON1/LON2/DLON/H
  114  114  115  109  112  115  119  124  131  139  146  155  162  168  174  178
  180  182  182  181  178  175  171  165  158  150  142  133  124  115  107   99
   93   89   86   85   84   85   87   90   92   95   96   97   98   97   96   94
   92   90   88   86   85   85   86   88   91   94   97  102  106  110  114  117
  119  121  123  121  121  119  119  122  114                                   
    72.5-180.0 180.0   5.0 450.0                            LAT/LON1/LON2/DLON/H
  119  119  121  121  120  122  128  132  138  146  154  162  170  176  181  184
  186  187  186  185  183  179  175  170  163  155  146  136  126  116  108  100
   93   88   85   83   82   83   85   87   89   91   91   91   90   88   86   82
   79   75   72   70   68   68   69   70   73   77   82   87   92   98  103  107
  110  113  116  116  116  118  122  131  119                                   
    70.0-180.0 180.0   5.0 450.0                            LAT/LON1/LON2/DLON/H
  127  128  129  128  127  130  134  139  146  155  163  171  177  182  184  185
  185  183  182  180  178  176  172  168  162  154  146  137  127  118  109  101
   94   89   85   82   81   81   82   83   85   86   86   85   83   80   76   72
   67   63   60   57   55   55   56   58   62   66   71   77   84   90   96  101
  105  109  113  114  117  120  127  134  127                                   
    67.5-180.0 180.0   5.0 450.0                            LAT/LON1/LON2/DLON/H
  136  137  139  141  141  143  147  153  159  167  175  183  188  191  192  190
  188  185  182  180  179  177  174  170  165  157  149  139  130  120  111  103
   96   90   86   82   80   80   80   81   83   83   83   82   79   76   71   67
   62   58   55   53   52   52   53   56   59   64   69   76   83   89   96  102
  105  109  113  113  116  122  128  137  136                                   
    65.0-180.0 180.0   5.0 450.0                            LAT/LON1/LON2/DLON/H
  137  139  141  143  143  146  150  156  163  172  180  187  191  192  190  187
  183  178  175  173  172  170  169  165  160  153  145  136  127  118  110  102
   95   88   83   78   75   74   74   75   76   77   76   75   72   68   64   59
   55   52   50   49   48   49   51   53   56   61   66   73   80   86   93   99
  103  107  110  111  114  121  128  138  137                                   
    62.5-180.0 180.0   5.0 450.0                            LAT/LON1/LON2/DLON/H
  136  137  139  142  143  146  151  157  164  174  182  189  193  193  191  187
  182  177  174  172  170  169  167  164  158  151  142  134  125  117  109  101
   93   85   79   73   69   68   67   68   70   71   71   69   67   63   59   56
   52   50   49   49   50   51   53   55   58   61   66   72   79   86   94   99
  103  106  108  108  109  116  122  132  136                                   
    60.0-180.0 180.0   5.0 450.0                            LAT/LON1/LON2/DLON/H
  132  133  135  138  139  140  146  152  161  171  180  188  192  193  191  187
  182  178  175  173  171  169  167  162  156  148  140  132  124  117  110  103
   94   86   78   71   67   64   64   65   67   68   69   68   65   62   59   55
   53   52   52   53   54   56   57   59   60   63   67   72   79   87   95  101
  105  108  110  108  108  113  118  129  132                                   
    57.5-180.0 180.0   5.0 450.0                            LAT/LON1/LON2/DLON/H
  130  131  133  135  136  137  142  149  158  168  178  186  191  193  193  191
  187  184  180  178  175  172  168  162  155  147  140  133  127  122  116  108
  100   90   81   73   67   65   64   66   68   70   71   70   68   65   62   59
   57   57   58   59   61   63   63   64   64   65   68   74   81   90   99  107
  111  115  116  114  111  115  118  129  130                                   
    55.0-180.0 180.0   5.0 450.0                            LAT/LON1/LON2/DLON/H
  136  138  140  140  140  140  144  150  159  169  178  187  193  197  199  198
  196  193  189  185  181  176  170  164  156  149  143  139  135  132  126  119
  110   99   89   80   74   71   70   72   74   77   78   77   75   73   70   67
   66   65   66   68   69   70   71   70   69   69   72   77   85   95  106  116
  122  127  130  128  124  126  128  137  136                                   
    52.5-180.0 180.0   5.0 450.0                            LAT/LON1/LON2/DLON/H
  152  154  157  155  154  153  156  160  167  175  183  191  198  203  207  208
  206  203  198  192  185  179  172  165  158  153  150  148  147  145  140  133
  123  111  100   90   84   81   80   82   84   86   87   87   86   83   81   78
   77   76   76   77   78   78   78   76   75   74   76   81   90  102  115  128
  137  145  149  148  145  147  148  154  152                                   
    50.0-180.0 180.0   5.0 450.0                            LAT/LON1/LON2/DLON/H
  178  181  184  180  179  178  179  182  186  191  196  202  208  214  218  220
  218  213  205  197  188  180  173  167  163  160  159  160  160  159  155  146
  135  122  111  102   96   93   92   93   95   97   98   99   98   96   94   92
   90   88   87   87   86   86   85   83   81   80   81   87   97  111  127  142
  154  165  172  174  173  176  178  181  178                                   
    47.5-180.0 180.0   5.0 450.0                            LAT/LON1/LON2/DLON/H
  211  214  218  213  213  213  212  213  214  215  216  219  223  228  232  233
  230  222  211  200  190  182  175  171  169  169  170  172  173  170  164  154
  142  129  119  111  107  104  103  103  104  105  107  109  110  109  108  105
  103  100   97   95   94   92   91   89   87   87   89   95  106  121  139  156
  170  184  194  201  203  209  214  215  211                                   
    45.0-180.0 180.0   5.0 450.0                            LAT/LON1/LON2/DLON/H
  245  248  252  248  249  250  249  249  247  246  242  242  243  246  249  248
  242  231  218  204  194  186  182  180  179  180  181  182  180  175  165  153
  140  129  121  116  114  112  111  110  109  111  113  116  119  120  120  118
  114  110  106  102   99   97   95   95   94   94   97  104  116  132  151  170
  185  201  214  224  231  240  248  251  245                                   
    42.5-180.0 180.0   5.0 450.0                            LAT/LON1/LON2/DLON/H
  274  278  282  280  283  285  284  283  280  277  271  267  266  267  267  264
  255  242  226  212  202  196  193  192  192  192  191  188  181  171  158  144
  131  122  118  118  118  118  117  114  113  114  118  122  127  129  129  127
  123  117  111  106  101   99   98   98   99  100  104  112  125  142  161  180
  196  214  229  241  251  265  275  282  274                                   
    40.0-180.0 180.0   5.0 450.0                            LAT/LON1/LON2/DLON/H
  293  299  304  304  309  312  313  312  310  305  298  293  289  288  287  281
  270  255  239  225  216  212  210  209  207  203  197  188  177  162  146  131
  121  116  117  121  125  126  124  121  118  119  123  128  134  137  137  134
  129  121  114  107  102  100   99  100  102  104  109  117  131  149  169  189
  205  222  238  251  263  280  293  303  293                                   
    37.5-180.0 180.0   5.0 450.0                            LAT/LON1/LON2/DLON/H
  303  311  318  318  325  328  332  333  332  328  321  315  311  309  306  299
  287  272  256  244  237  233  231  228  222  213  201  187  171  154  138  125
  119  119  125  133  139  140  137  132  129  129  132  137  142  144  143  139
  132  124  115  108  103  100  100  101  102  105  109  118  133  152  174  194
  211  229  245  258  269  287  302  314  303                                   
    35.0-180.0 180.0   5.0 450.0                            LAT/LON1/LON2/DLON/H
  311  319  327  327  335  337  345  348  349  347  340  334  330  327  324  317
  306  291  277  267  261  257  252  245  235  221  206  189  172  156  142  134
  132  138  148  158  165  165  160  153  148  147  148  152  154  153  150  144
  136  126  118  110  105  102  101  101  102  104  108  117  132  153  177  199
  217  236  253  264  273  292  307  319  311                                   
    32.5-180.0 180.0   5.0 450.0                            LAT/LON1/LON2/DLON/H
  323  331  340  336  345  346  355  360  364  363  358  352  347  345  341  335
  324  311  299  290  284  278  270  259  246  230  215  200  186  174  167  165
  169  179  191  201  205  202  193  184  177  173  172  172  169  165  158  150
  141  131  123  116  111  107  105  104  104  104  107  115  131  154  181  207
  227  248  264  275  282  300  316  326  323                                   
    30.0-180.0 180.0   5.0 450.0                            LAT/LON1/LON2/DLON/H
  344  352  362  354  362  361  371  376  382  382  378  372  367  363  359  352
  341  329  318  308  300  292  281  268  255  242  231  223  217  215  215  221
  231  243  254  260  257  248  236  223  213  206  201  196  189  179  169  159
  149  140  132  126  121  116  113  109  107  106  108  116  132  158  189  219
  242  265  282  294  299  316  333  340  344                                   
    27.5-180.0 180.0   5.0 450.0                            LAT/LON1/LON2/DLON/H
  375  384  394  384  392  390  398  403  409  409  404  398  391  385  379  370
  360  347  334  321  310  298  286  274  264  259  258  261  268  277  288  301
  315  326  331  327  315  298  280  264  251  241  232  222  209  196  183  171
  161  153  146  140  134  128  122  116  111  109  110  118  136  165  200  235
  262  288  306  319  323  340  359  364  375                                   
    25.0-180.0 180.0   5.0 450.0                            LAT/LON1/LON2/DLON/H
  416  426  435  427  436  433  441  443  448  447  441  433  424  415  405  394
  381  365  348  331  314  299  287  280  278  284  296  314  334  356  377  396
  409  414  407  389  364  339  315  297  283  271  259  244  228  211  197  186
  176  169  162  155  148  139  130  122  115  112  113  122  141  172  212  251
  282  313  333  349  353  370  392  396  416                                   
    22.5-180.0 180.0   5.0 450.0                            LAT/LON1/LON2/DLON/H
  463  474  482  478  491  489  497  498  501  498  490  480  467  454  440  425
  408  389  366  342  319  302  292  291  300  318  344  376  409  440  466  484
  491  483  460  427  391  359  333  315  302  290  276  260  242  225  211  201
  192  185  178  170  160  149  137  127  120  116  117  127  147  180  222  265
  300  335  357  377  384  402  429  434  463                                   
    20.0-180.0 180.0   5.0 450.0                            LAT/LON1/LON2/DLON/H
  509  523  532  534  552  552  561  562  564  559  550  538  523  505  487  468
  447  422  393  361  333  315  308  315  334  362  399  439  477  509  531  541
  534  510  473  429  388  353  329  313  303  293  281  266  249  235  223  214
  207  199  191  181  170  156  143  132  125  122  124  134  156  189  232  276
  313  350  375  398  408  430  461  470  509                                   
    17.5-180.0 180.0   5.0 450.0                            LAT/LON1/LON2/DLON/H
  546  563  577  584  608  613  624  626  628  623  614  602  586  567  546  523
  499  470  435  397  364  345  342  355  380  414  453  491  523  545  553  546
  524  488  443  397  356  326  307  296  290  284  276  264  252  240  232  225
  218  210  200  188  174  159  146  136  130  129  133  144  166  199  241  284
  320  358  385  409  423  449  485  497  546                                   
    15.0-180.0 180.0   5.0 450.0                            LAT/LON1/LON2/DLON/H
  570  589  608  619  651  662  675  680  684  681  676  667  653  635  613  590
  564  533  494  452  417  397  397  412  438  469  499  523  536  537  524  500
  467  426  382  342  310  289  278  274  272  270  266  259  250  243  236  231
  224  215  202  188  172  157  145  137  134  135  141  153  175  208  248  287
  322  359  386  410  428  459  497  513  570                                   
    12.5-180.0 180.0   5.0 450.0                            LAT/LON1/LON2/DLON/H
  580  600  625  640  678  694  711  718  725  727  726  724  716  702  683  662
  639  609  570  527  491  471  470  483  501  519  529  529  515  490  456  419
  381  344  310  284  266  258  256  258  259  260  259  255  250  244  238  232
  224  213  199  182  166  151  141  136  136  139  146  160  181  213  250  287
  319  354  381  406  426  461  499  519  580                                   
    10.0-180.0 180.0   5.0 450.0                            LAT/LON1/LON2/DLON/H
  583  605  634  651  692  713  732  741  752  757  763  768  768  761  748  733
  715  689  654  614  579  558  553  557  561  558  542  512  470  421  373  329
  294  268  251  242  241  246  252  258  261  262  262  259  254  247  239  230
  220  207  191  174  158  144  136  134  136  141  148  162  183  213  248  282
  313  346  374  400  421  459  498  520  583                                   
     7.5-180.0 180.0   5.0 450.0                            LAT/LON1/LON2/DLON/H
  584  610  641  660  703  727  747  757  769  777  787  799  806  806  801  793
  782  763  734  699  666  643  631  623  609  582  540  483  419  355  301  260
