data/edconvlstm_nd/pred3240.15i
     1.0            IONOSPHERE MAPS     GNSS                IONEX VERSION / TYPE
pyspatialgeodesy        IME             05-JAN-18 20:20     PGM / RUN BY / DATE 
Map Name                                                    COMMENT             
Predicted global ionosphere maps (GIM).                     DESCRIPTION         
  2015    11    20     0     0     0                        EPOCH OF FIRST MAP  
  2015    11    21     0     0     0                        EPOCH OF LAST MAP   
  7200                                                      INTERVAL            
    13                                                      # OF MAPS IN FILE   
  NONE                                                      MAPPING FUNCTION    
10.0                                                        ELEVATION CUTOFF    
One-way carrier phase leveled to code                       OBSERVABLES USED    
  6371.0                                                    BASE RADIUS         
 2                                                          MAP DIMENSION       
   450.0 450.0   0.0                                        HGT1 / HGT2 / DHGT  
    87.5 -87.5  -2.5                                        LAT1 / LAT2 / DLAT  
  -180.0 180.0   5.0                                        LON1 / LON2 / DLON  
    -1                                                      EXPONENT            
                                                            END OF HEADER       
[from data line 858]
     3                                                      START OF TEC MAP    
  2015    11    20     4     0     0                        EPOCH OF CURRENT MAP
    87.5-180.0 180.0   5.0 450.0                            LAT/LON1/LON2/DLON/H
   54   63   57   58   57   57   55   51   51   51   50   50   50   49   49   48
   47   47   46   46   46   45   45   45   45   45   46   46   46   47   47   48
   48   49   50   50   51   51   52   52   53   53   54   54   54   54   55   55
   55   55   55   54   54   54   53   53   53   52   52   51   51   50   50   51
   52   52   51   51   57   70   77   72   54                                   
    85.0-180.0 180.0   5.0 450.0                            LAT/LON1/LON2/DLON/H
   49   72   62   63   65   66   64   62   61   61   59   59   58   56   55   54
   53   52   51   50   49   49   48   48   48   48   49   49   50   50   51   52
   53   55   56   57   59   61   62   63   65   66   67   68   68   68   69   69
   69   68   68   67   67   66   66   65   64   64   63   63   63   62   61   62
   64   64   63   65   68   71   81   72   49                                   
    82.5-180.0 180.0   5.0 450.0                            LAT/LON1/LON2/DLON/H
   61   67   77   68   66   68   67   64   64   63   61   61   59   58   56   54
   52   50   48   47   45   44   43   43   42   42   42   43   43   44   45   47
   48   50   53   55   58   61   64   66   69   71   73   74   75   76   76   76
   76   75   75   74   73   72   71   70   70   69   68   68   67   67   67   67
   68   69   68   68   77   68   68   66   61                                   
    80.0-180.0 180.0   5.0 450.0                            LAT/LON1/LON2/DLON/H
   79   77   77   67   67   65   66   63   63   61   58   58   55   53   51   48
   45   42   40   38   36   34   33   32   32   32   32   33   34   35   37   39
   42   45   49   53   57   61   65   69   72   75   78   79   81   81   81   81
   81   80   79   78   77   76   75   74   73   73   72   72   72   72   72   73
   73   72   74   73   83   76   74   72   79                                   
    77.5-180.0 180.0   5.0 450.0                            LAT/LON1/LON2/DLON/H
   90   84   79   71   66   65   66   65   64   62   59   57   55   52   49   46
   43   39   36   33   31   29   28   27   26   26   26   27   28   30   33   36
   40   44   49   54   59   64   69   73   76   80   82   83   84   85   85   84
   84   83   82   82   81   81   81   81   81   81   81   81   82   82   82   83
   83   84   83   86   89   77   75   76   90                                   
    75.0-180.0 180.0   5.0 450.0                            LAT/LON1/LON2/DLON/H
   95   90   85   77   70   70   69   67   65   62   59   57   55   52   49   46
   42   39   36   33   31   29   28   28   28   28   29   30   32   34   37   40
   44   48   53   57   62   67   71   75   78   81   82   83   84   84   83   83
   83   83   83   84   84   86   87   88   89   90   91   93   94   95   96   98
   98   98  100   98  102   92   89   86   95                                   
    72.5-180.0 180.0   5.0 450.0                            LAT/LON1/LON2/DLON/H
  105  100   94   84   76   75   75   71   69   65   61   60   57   54   51   48
   45   42   40   38   36   35   35   35   36   38   39   41   43   45   48   50
   53   56   60   64   68   72   75   78   80   82   82   83   82   82   82   83
   83   85   87   89   92   95   98  101  104  106  108  110  112  113  115  117
  118  119  122  122  123  111  105  100  105                                   
    70.0-180.0 180.0   5.0 450.0                            LAT/LON1/LON2/DLON/H
  122  112  105   93   83   79   76   72   69   65   61   59   56   53   50   48
   46   44   42   41   40   41   41   43   45   48   50   53   55   57   58   59
   61   62   64   66   68   70   73   74   75   76   76   75   75   75   76   77
   80   83   87   92   98  103  109  114  118  121  124  126  128  129  131  133
  134  135  139  139  140  130  125  117  122                                   
    67.5-180.0 180.0   5.0 450.0                            LAT/LON1/LON2/DLON/H
  128  118  109   96   84   79   75   70   66   62   58   55   52   49   47   45
   44   43   42   42   42   43   45   47   50   54   57   60   62   63   64   63
   62   61   61   60   61   62   63   63   64   63   62   61   61   62   63   67
   71   77   84   92  101  109  117  123  129  133  136  137  138  139  140  141
  142  143  147  148  149  140  136  129  128                                   
    65.0-180.0 180.0   5.0 450.0                            LAT/LON1/LON2/DLON/H
  134  123  112   98   85   78   72   68   64   60   56   54   51   48   47   46
   45   45   45   45   45   47   49   52   55   59   63   66   68   69   67   65
   62   59   56   55   54   54   54   54   53   53   52   51   51   52   55   60
   67   76   85   96  107  118  128  137  143  148  150  151  151  150  150  150
  150  149  153  153  156  148  145  140  134                                   
    62.5-180.0 180.0   5.0 450.0                            LAT/LON1/LON2/DLON/H
  137  127  115   99   84   76   69   65   61   58   54   53   50   48   47   47
   47   48   48   48   48   49   51   54   57   61   65   68   70   69   67   63
   59   55   51   48   47   46   46   46   46   45   44   44   44   47   51   58
   67   78   90  103  117  130  142  151  158  163  165  165  164  162  160  158
  157  155  157  157  159  152  150  147  137                                   
    60.0-180.0 180.0   5.0 450.0                            LAT/LON1/LON2/DLON/H
  140  129  115   97   81   71   63   58   56   52   50   49   47   47   47   48
   49   50   50   49   49   48   49   51   54   57   61   63   64   64   61   57
   52   47   43   41   40   39   40   40   40   40   39   39   41   44   50   59
   69   82   96  111  126  140  153  164  171  176  178  177  175  172  169  166
  162  158  159  158  161  154  153  149  140                                   
    57.5-180.0 180.0   5.0 450.0                            LAT/LON1/LON2/DLON/H
  145  132  118   97   80   68   58   53   50   46   44   44   44   45   46   48
   50   51   51   49   47   46   45   46   47   50   53   55   56   55   53   49
   45   41   38   36   35   36   37   38   38   39   39   40   42   47   54   64
   76   89  104  120  136  151  165  176  183  188  190  190  188  185  181  177
  171  165  165  163  165  158  157  153  145                                   
    55.0-180.0 180.0   5.0 450.0                            LAT/LON1/LON2/DLON/H
  154  141  125  102   83   68   56   49   44   40   38   39   39   41   44   46
   49   50   49   47   44   42   40   40   41   43   46   47   48   47   45   42
   39   36   34   34   34   35   37   38   40   41   42   44   48   54   63   73
   86  100  115  130  146  162  175  186  194  199  201  202  201  198  194  190
  183  176  175  172  174  165  165  160  154                                   
    52.5-180.0 180.0   5.0 450.0                            LAT/LON1/LON2/DLON/H
  168  155  138  113   94   77   62   50   43   37   34   34   35   38   41   44
   47   48   47   44   41   39   37   37   38   40   42   43   43   42   40   38
   36   35   35   36   37   39   41   42   44   46   48   51   56   64   74   86
   99  113  127  142  157  172  185  196  203  208  211  212  212  211  209  205
  198  190  187  183  185  175  175  169  168                                   
    50.0-180.0 180.0   5.0 450.0                            LAT/LON1/LON2/DLON/H
  186  173  156  133  114   95   76   60   49   40   34   33   34   36   39   42
   44   45   44   42   39   38   38   39   41   43   44   44   43   42   40   39
   38   39   40   42   44   46   47   49   51   53   56   60   67   77   88  101
  114  127  141  155  169  183  195  205  212  216  219  221  222  222  221  218
  211  204  201  195  197  187  188  182  186                                   
    47.5-180.0 180.0   5.0 450.0                            LAT/LON1/LON2/DLON/H
  204  193  176  157  138  119   99   78   62   49   40   37   36   37   39   41
   42   42   41   40   39   40   42   46   49   51   52   51   49   46   44   43
   44   45   48   51   53   54   55   56   58   60   64   70   78   90  103  117
  130  143  156  169  182  195  206  214  219  222  224  225  227  228  228  226
  221  214  210  204  206  197  199  194  204                                   
    45.0-180.0 180.0   5.0 450.0                            LAT/LON1/LON2/DLON/H
  216  208  193  179  163  145  124  102   82   64   52   46   43   42   42   42
   41   40   40   40   42   46   51   56   61   63   63   61   58   54   51   50
   50   53   56   59   62   63   63   64   65   67   72   79   89  102  117  132
  146  159  172  184  196  207  217  223  226  226  226  227  228  229  229  228
  223  218  214  208  209  202  205  202  216                                   
    42.5-180.0 180.0   5.0 450.0                            LAT/LON1/LON2/DLON/H
  218  213  202  195  181  166  147  124  103   83   69   61   56   52   50   47
   44   43   43   45   49   56   63   69   74   76   75   72   67   62   58   56
   57   59   63   66   69   69   69   70   71   74   80   88  100  115  131  147
  162  175  187  198  210  220  228  231  232  230  227  226  226  226  226  225
  221  215  211  206  207  201  204  203  218                                   
    40.0-180.0 180.0   5.0 450.0                            LAT/LON1/LON2/DLON/H
  209  204  199  195  186  174  158  139  119  101   87   78   72   67   62   57
   52   50   51   54   61   68   75   81   85   85   83   79   74   68   64   61
   61   64   67   71   73   74   74   75   77   81   88   97  110  126  143  160
  175  188  200  212  223  233  239  241  239  235  231  228  226  225  223  221
  217  211  207  203  203  196  198  198  209                                   
    37.5-180.0 180.0   5.0 450.0                            LAT/LON1/LON2/DLON/H
  193  186  182  180  175  166  154  141  126  111  100   93   88   83   77   71
   65   63   64   68   75   82   88   91   91   89   86   82   77   73   68   66
   65   67   70   73   76   78   79   80   83   88   96  107  121  137  155  172
  187  200  212  224  236  245  251  253  251  246  241  237  234  231  228  225
  219  213  209  204  202  193  193  192  193                                   
    35.0-180.0 180.0   5.0 450.0                            LAT/LON1/LON2/DLON/H
  178  163  157  153  150  143  136  129  121  111  104  101   99   96   91   86
   81   79   81   86   92   96   98   96   92   88   85   82   79   76   73   70
   69   70   72   75   78   81   83   85   89   95  104  115  130  147  165  182
  196  209  222  235  248  259  266  269  268  265  261  258  255  251  247  243
  236  228  224  218  215  203  199  192  178                                   
    32.5-180.0 180.0   5.0 450.0                            LAT/LON1/LON2/DLON/H
  172  148  135  124  119  112  107  106  105  102  101  102  103  102  101   98
   95   95   99  104  108  108  104   97   90   84   81   80   80   80   79   76
   74   73   74   77   81   84   87   91   95  102  111  124  139  156  174  190
  204  217  230  245  260  273  283  289  291  291  291  290  288  286  282  278
  270  262  257  249  246  230  223  208  172                                   
    30.0-180.0 180.0   5.0 450.0                            LAT/LON1/LON2/DLON/H
  184  149  127  105   94   82   77   78   83   85   89   94   99  102  103  104
  105  107  112  117  118  115  106   95   86   80   79   81   84   86   86   84
   81   79   78   80   84   88   92   96  100  107  117  130  146  164  182  198
  211  224  238  254  271  287  301  311  318  323  327  330  332  332  330  327
  320  312  307  298  295  277  266  242  184                                   
    27.5-180.0 180.0   5.0 450.0                            LAT/LON1/LON2/DLON/H
  218  174  142  108   87   67   58   58   63   68   74   82   88   94   99  103
  107  112  117  121  121  115  104   93   85   80   81   85   90   94   96   94
   91   87   85   86   89   93   96   99  103  110  120  134  151  170  188  204
  218  231  246  264  284  303  321  336  349  360  369  377  383  387  389  388
  383  377  372  360  357  339  325  294  218                                   
    25.0-180.0 180.0   5.0 450.0                            LAT/LON1/LON2/DLON/H
  276  226  181  137  106   77   60   54   55   59   63   70   76   83   90   95
  101  107  112  115  114  108  100   92   87   86   88   94  101  106  109  108
  104   99   95   94   95   97   99  101  104  110  121  136  154  175  194  211
  225  240  257  278  300  323  345  365  384  400  415  427  438  446  452  456
  454  451  447  433  431  414  396  363  276                                   
    22.5-180.0 180.0   5.0 450.0                            LAT/LON1/LON2/DLON/H
  356  301  240  190  150  113   86   72   66   64   64   66   69   74   80   86
   91   95   98  100  100   98   95   94   94   97  102  108  116  122  126  125
  120  113  106  102  101  100   99   99  101  107  119  136  157  179  201  219
  236  253  273  296  321  348  374  399  422  444  462  479  493  506  517  524
  526  527  524  509  506  495  473  443  356                                   
    20.0-180.0 180.0   5.0 450.0                            LAT/LON1/LON2/DLON/H
  450  393  318  263  213  170  133  110   96   87   80   75   73   74   76   79
   81   81   82   82   84   87   92   99  106  113  120  127  134  140  143  142
  135  125  116  109  104  101   97   95   96  102  115  135  159  184  208  230
  249  270  293  320  349  378  407  435  461  485  507  525  542  558  573  583
  588  591  589  578  573  570  550  523  450                                   
    17.5-180.0 180.0   5.0 450.0                            LAT/LON1/LON2/DLON/H
  545  489  408  352  291  242  196  164  141  124  110  100   92   87   84   81
   78   73   69   68   72   80   93  108  122  134  142  148  152  155  156  152
  145  134  122  113  106  100   94   90   91   98  113  135  162  190  218  243
  266  290  317  347  379  410  439  466  493  517  539  559  578  596  612  623
  630  633  633  627  619  624  614  591  545                                   
    15.0-180.0 180.0   5.0 450.0                            LAT/LON1/LON2/DLON/H
  618  571  498  446  377  323  268  228  198  174  154  138  125  115  106   97
   87   76   68   65   69   81  100  122  142  157  165  167  166  164  161  157
  149  138  126  116  108  100   93   88   88   96  113  137  167  198  228  257
  284  312  343  376  408  439  465  489  513  536  557  577  595  614  630  641
  647  650  651  649  642  651  652  635  618                                   
    12.5-180.0 180.0   5.0 450.0                            LAT/LON1/LON2/DLON/H
  653  620  567  525  457  400  341  295  258  230  207  187  171  157  143  128
  111   94   82   77   80   94  116  142  165  179  183  179  172  165  160  155
  148  140  130  121  113  104   96   89   90   99  117  143  174  207  240  271
  302  333  366  400  433  460  482  502  522  542  561  579  597  614  629  639
  643  645  647  649  644  654  660  649  653                                   
    10.0-180.0 180.0   5.0 450.0                            LAT/LON1/LON2/DLON/H
  655  636  604  573  515  460  400  353  315  285  262  243  225  209  192  171
  149  128  112  104  106  120  142  167  187  196  194  184  172  162  156  152
  148  142  136  129  121  112  102   96   96  106  125  152  184  218  252  284
  317  351  385  419  449  472  491  507  522  539  556  573  589  604  616  624
  626  627  630  634  632  641  646  641  655                                   
     7.5-180.0 180.0   5.0 450.0                            LAT/LON1/LON2/DLON/H
  638  631  615  591  547  498  440  395  359  332  312  296  281  265  246  223
  198  174  156  145  146  156  174  193  206  206  197  182  168  158  153  151
