data/edconvlstm_nd/pred0140.15i
     1.0            IONOSPHERE MAPS     GNSS                IONEX VERSION / TYPE
pyspatialgeodesy        IME             05-JAN-18 20:20     PGM / RUN BY / DATE 
Map Name                                                    COMMENT             
Predicted global ionosphere maps (GIM).                     DESCRIPTION         
  2015     1    14     0     0     0                        EPOCH OF FIRST MAP  
  2015     1    15     0     0     0                        EPOCH OF LAST MAP   
  7200                                                      INTERVAL            
    13                                                      # OF MAPS IN FILE   
  NONE                                                      MAPPING FUNCTION    
10.0                                                        ELEVATION CUTOFF    
One-way carrier phase leveled to code                       OBSERVABLES USED    
  6371.0                                                    BASE RADIUS         
 2                                                          MAP DIMENSION       
   450.0 450.0   0.0                                        HGT1 / HGT2 / DHGT  
    87.5 -87.5  -2.5                                        LAT1 / LAT2 / DLAT  
  -180.0 180.0   5.0                                        LON1 / LON2 / DLON  
    -1                                                      EXPONENT            
                                                            END OF HEADER       
[from data line 2145]
     6                                                      START OF TEC MAP    
  2015     1    14    10     0     0                        EPOCH OF CURRENT MAP
    87.5-180.0 180.0   5.0 450.0                            LAT/LON1/LON2/DLON/H
   56   64   64   70   73   73   74   72   73   76   77   78   78   79   79   79
   78   78   77   77   76   75   74   73   72   71   70   68   67   66   64   63
   62   61   60   59   58   57   56   55   55   54   53   53   52   51   51   50
   49   49   48   48   48   47   47   47   47   47   47   48   48   48   48   49
   51   52   51   51   55   60   74   77   56                                   
    85.0-180.0 180.0   5.0 450.0                            LAT/LON1/LON2/DLON/H
   51   71   79   73   76   80   80   81   82   84   84   85   85   85   85   85
   84   84   84   83   82   82   81   80   79   77   76   75   73   72   71   70
   68   67   66   65   64   64   63   62   61   61   60   59   58   58   57   56
   55   54   54   53   52   52   52   52   52   52   52   53   53   54   55   56
   58   60   57   57   61   67   76   76   51                                   
    82.5-180.0 180.0   5.0 450.0                            LAT/LON1/LON2/DLON/H
   46   62   74   69   70   73   74   75   76   78   78   79   78   78   77   77
   76   75   75   74   74   73   72   71   70   69   68   67   65   64   63   62
   61   60   59   59   59   58   58   58   58   57   57   56   55   54   53   52
   50   49   48   47   46   45   44   44   44   44   44   45   46   46   47   49
   51   53   51   51   58   66   67   69   46                                   
    80.0-180.0 180.0   5.0 450.0                            LAT/LON1/LON2/DLON/H
   48   57   68   64   66   67   69   69   71   72   72   73   72   71   70   70
   69   68   68   68   68   67   67   67   66   65   64   62   61   60   59   58
   57   57   57   58   59   60   61   62   63   63   64   63   63   61   60   58
   56   54   52   50   48   46   44   43   42   42   42   42   42   43   44   45
   47   48   48   49   55   63   67   68   48                                   
    77.5-180.0 180.0   5.0 450.0                            LAT/LON1/LON2/DLON/H
   55   58   63   59   59   62   64   65   67   68   68   68   68   67   66   65
   64   64   64   64   65   66   66   67   66   66   64   63   61   60   59   59
   59   60   62   64   67   71   74   78   80   83   84   85   85   84   82   79
   77   73   70   67   63   60   57   55   53   52   50   50   49   49   49   49
   49   50   49   50   52   53   59   63   55                                   
    75.0-180.0 180.0   5.0 450.0                            LAT/LON1/LON2/DLON/H
   46   51   53   51   52   55   56   56   58   59   59   59   58   57   56   55
   55   55   56   58   60   62   64   65   66   66   66   64   63   62   61   61
   62   65   69   73   79   86   92   98  103  108  111  113  114  113  112  109
  105  101   96   91   85   80   75   71   67   64   62   59   58   56   55   54
   53   52   51   48   52   51   55   52   46                                   
    72.5-180.0 180.0   5.0 450.0                            LAT/LON1/LON2/DLON/H
   44   48   48   47   47   51   53   54   55   55   55   55   54   53   52   51
   50   51   52   54   57   61   64   67   68   69   68   67   65   64   63   64
   67   71   77   85   94  104  113  123  131  138  143  146  148  148  146  143
  138  133  126  119  112  104   97   91   85   80   76   72   69   66   63   61
   59   57   56   53   54   53   55   55   44                                   
    70.0-180.0 180.0   5.0 450.0                            LAT/LON1/LON2/DLON/H
   44   46   48   47   46   48   50   50   52   53   53   53   52   50   49   47
   47   47   49   51   55   60   64   68   70   71   71   69   67   66   65   67
   71   77   85   95  107  120  133  145  156  165  172  177  180  180  178  175
  169  162  154  145  135  125  116  107   99   92   86   80   75   71   67   64
   61   59   58   54   55   54   59   59   44                                   
    67.5-180.0 180.0   5.0 450.0                            LAT/LON1/LON2/DLON/H
   44   47   48   48   47   50   51   53   54   55   55   56   55   54   52   50
   49   49   50   53   57   61   66   70   72   73   72   70   68   67   67   69
   74   82   92  105  120  135  150  165  178  189  197  203  207  208  206  202
  195  187  177  166  154  142  130  119  109  100   92   85   78   73   68   64
   61   58   57   54   55   55   58   59   44                                   
    65.0-180.0 180.0   5.0 450.0                            LAT/LON1/LON2/DLON/H
   45   49   48   49   48   51   52   54   56   58   59   60   60   59   57   55
   53   52   53   55   58   63   67   71   73   73   72   71   69   68   69   73
   79   89  101  116  133  150  167  183  198  210  220  227  231  232  230  225
  218  209  197  184  170  156  142  128  116  105   95   86   78   71   65   61
   57   54   54   51   55   56   60   62   45                                   
    62.5-180.0 180.0   5.0 450.0                            LAT/LON1/LON2/DLON/H
   45   48   48   49   48   51   52   54   57   60   62   64   64   63   62   59
   57   56   56   57   59   62   66   68   70   70   69   68   67   68   71   77
   85   96  111  127  145  163  181  198  214  227  238  245  250  250  248  243
  235  224  211  196  180  164  148  134  120  107   96   86   76   67   60   54
   50   47   48   46   51   53   58   61   45                                   
    60.0-180.0 180.0   5.0 450.0                            LAT/LON1/LON2/DLON/H
   44   47   46   46   44   47   49   51   55   58   61   64   65   65   64   61
   59   57   56   56   58   59   61   62   63   63   63   63   64   67   73   81
   92  105  121  138  157  175  193  211  227  240  251  259  263  264  261  255
  246  234  220  204  187  170  153  138  123  110   97   85   74   64   55   48
   43   39   41   40   46   48   54   57   44                                   
    57.5-180.0 180.0   5.0 450.0                            LAT/LON1/LON2/DLON/H
   43   44   43   44   42   44   46   48   52   56   60   63   65   65   64   62
   60   57   56   55   55   56   56   56   56   56   57   59   63   70   78   90
  104  119  137  155  173  191  208  225  241  254  265  273  277  277  273  267
  257  245  230  214  197  179  162  146  131  118  105   92   79   67   57   48
   41   37   39   38   45   45   52   55   43                                   
    55.0-180.0 180.0   5.0 450.0                            LAT/LON1/LON2/DLON/H
   44   44   43   42   40   42   43   45   49   53   57   61   63   64   63   61
   59   57   55   54   54   53   51   50   49   49   52   56   64   74   86  101
  118  137  155  174  191  208  224  240  255  268  279  286  289  289  285  277
  267  255  240  224  207  190  173  157  143  130  117  103   90   77   65   55
   46   41   42   41   47   46   52   56   44                                   
    52.5-180.0 180.0   5.0 450.0                            LAT/LON1/LON2/DLON/H
   49   47   45   44   42   43   44   45   48   52   56   60   62   63   62   60
   58   56   56   55   54   52   49   46   44   45   49   56   66   80   96  115
  135  155  176  194  211  227  242  256  270  282  291  298  300  299  295  287
  277  264  250  234  218  201  185  170  156  144  131  118  105   91   79   68
   58   52   51   49   54   53   58   60   49                                   
    50.0-180.0 180.0   5.0 450.0                            LAT/LON1/LON2/DLON/H
   58   55   52   50   49   50   50   50   52   55   58   61   63   64   63   61
   59   58   59   59   57   55   50   46   43   44   49   58   71   87  106  127
  150  173  195  214  232  247  260  273  285  295  303  308  310  308  302  295
  284  272  258  243  227  210  195  180  167  155  143  131  118  106   93   83
   73   66   64   61   65   63   67   69   58                                   
    47.5-180.0 180.0   5.0 450.0                            LAT/LON1/LON2/DLON/H
   70   67   63   62   61   62   61   60   61   63   65   67   68   68   67   65
   64   64   65   66   65   62   56   50   47   47   53   63   77   95  115  137
  162  187  211  232  250  266  279  290  300  308  314  317  317  313  307  299
  289  277  264  248  232  216  200  186  173  161  149  137  126  114  103   94
   86   80   77   74   77   76   78   81   70                                   
    45.0-180.0 180.0   5.0 450.0                            LAT/LON1/LON2/DLON/H
   82   80   76   77   77   79   78   76   75   75   76   77   78   77   75   73
   71   72   74   76   76   72   66   58   53   53   59   69   84  101  121  144
  169  196  222  246  267  284  297  307  315  320  323  323  321  316  310  302
  292  280  266  251  234  217  201  185  171  159  147  135  124  114  106   99
   92   88   85   82   86   86   88   90   82                                   
    42.5-180.0 180.0   5.0 450.0                            LAT/LON1/LON2/DLON/H
   90   91   89   92   94   97   96   93   91   90   90   91   91   90   87   84
   82   83   86   89   89   85   77   68   61   61   66   77   90  106  125  146
  172  200  230  258  282  301  315  325  330  333  332  329  325  319  312  304
  295  284  270  255  237  219  200  183  168  154  141  128  117  108  100   96
   91   88   85   83   87   88   90   94   90                                   
    40.0-180.0 180.0   5.0 450.0                            LAT/LON1/LON2/DLON/H
   92   96   97  103  107  111  111  108  106  104  103  104  105  103  100   96
   94   94   98  101  102   97   88   78   70   69   74   85   97  111  128  148
  174  204  237  269  297  319  334  343  347  347  344  339  333  326  320  313
  305  295  282  266  248  228  208  189  171  154  138  123  110  100   93   89
   86   82   80   77   81   82   85   89   92                                   
    37.5-180.0 180.0   5.0 450.0                            LAT/LON1/LON2/DLON/H
   88   94   98  105  111  116  118  117  115  114  114  116  117  116  113  108
  105  105  108  112  112  107   97   86   78   77   83   93  105  118  133  152
  178  210  246  282  314  339  355  365  368  367  363  357  350  344  339  334
  328  320  308  293  275  254  233  211  190  170  150  131  115  102   93   88
   83   78   74   69   71   70   74   79   88                                   
    35.0-180.0 180.0   5.0 450.0                            LAT/LON1/LON2/DLON/H
   79   86   92   99  106  113  117  118  118  118  119  123  125  125  122  118
  114  114  116  119  119  113  102   91   84   84   91  103  115  128  141  160
  186  220  259  298  334  361  380  391  395  395  392  387  381  377  374  372
  369  363  353  340  323  303  281  257  233  210  186  162  141  123  110  102
   93   85   77   67   65   60   64   69   79                                   
    32.5-180.0 180.0   5.0 450.0                            LAT/LON1/LON2/DLON/H
   70   77   82   89   96  102  108  111  114  116  119  124  129  130  128  124
  120  119  121  123  122  115  104   93   88   90  100  113  127  140  154  173
  199  234  276  318  357  387  408  421  428  431  430  428  426  425  425  426
  426  424  417  407  392  374  352  328  302  275  248  219  193  169  151  138
  124  111   97   80   73   60   63   66   70                                   
    30.0-180.0 180.0   5.0 450.0                            LAT/LON1/LON2/DLON/H
   66   72   75   78   84   89   96  101  105  110  115  122  128  130  129  126
  123  122  123  124  121  113  102   93   90   95  108  124  140  155  170  189
  216  252  296  341  382  415  438  454  464  471  475  478  480  483  488  493
  497  498  495  488  477  461  442  419  392  364  333  301  269  241  218  199
  180  161  140  114   99   78   76   73   66                                   
    27.5-180.0 180.0   5.0 450.0                            LAT/LON1/LON2/DLON/H
   73   76   73   73   76   79   87   91   97  103  110  117  123  127  126  124
  122  122  123  122  118  110  100   93   92  100  115  134  153  171  188  209
  237  274  318  365  407  441  466  485  500  512  522  531  538  546  555  564
  572  578  579  576  569  557  541  521  495  466  433  398  363  331  304  280
  256  232  204  170  147  116  106   94   73                                   
    25.0-180.0 180.0   5.0 450.0                            LAT/LON1/LON2/DLON/H
   95   93   84   78   78   78   84   88   93   99  105  112  118  121  121  119
  118  119  120  119  115  107   98   93   94  104  121  142  165  186  207  230
  259  296  341  387  429  464  491  513  532  549  565  579  592  605  618  631
  643  652  658  659  656  648  636  619  596  568  534  498  461  428  398  371
  343  315  280  243  212  173  154  131   95                                   
    22.5-180.0 180.0   5.0 450.0                            LAT/LON1/LON2/DLON/H
  132  127  111   98   93   90   93   95   98  101  105  110  113  115  114  113
  114  115  117  116  112  105   98   94   97  108  126  150  175  200  224  249
  279  316  360  405  447  482  510  534  556  578  598  616  633  650  666  683
  698  709  717  721  720  717  709  695  676  650  619  584  550  517  488  459
  429  399  359  323  286  242  216  184  132                                   
    20.0-180.0 180.0   5.0 450.0                            LAT/LON1/LON2/DLON/H
  179  171  151  133  122  116  115  114  112  112  112  112  112  111  110  109
  110  112  115  115  111  105   99   97  102  113  132  156  182  210  237  265
  296  333  375  419  460  495  525  550  574  597  619  640  658  677  695  712
  727  738  746  749  750  749  745  736  721  700  673  644  614  585  559  530
  500  471  430  397  358  314  282  246  179                                   
    17.5-180.0 180.0   5.0 450.0                            LAT/LON1/LON2/DLON/H
  228  220  199  177  161  153  150  144  137  130  124  119  115  111  108  106
  108  111  114  115  112  107  103  103  108  120  137  160  187  217  247  278
  311  347  388  430  471  506  536  562  586  609  630  650  668  685  701  716
  728  736  740  742  743  744  744  740  730  713  692  668  645  621  598  571
  542  516  478  452  415  374  342  306  228                                   
    15.0-180.0 180.0   5.0 450.0                            LAT/LON1/LON2/DLON/H
  271  264  245  224  204  196  190  180  167  154  141  130  121  113  108  106
  108  111  115  116  113  110  108  110  116  127  143  164  191  222  255  289
  323  360  399  440  478  513  543  569  592  614  633  649  664  677  688  698
  705  707  706  705  706  710  713  712  706  693  677  659  640  621  600  574
  547  524  493  474  444  409  380  349  271                                   
    12.5-180.0 180.0   5.0 450.0                            LAT/LON1/LON2/DLON/H
  300  295  283  265  246  238  230  218  200  181  161  143  130  119  112  108
  109  113  116  117  115  113  113  117  124  134  148  168  194  227  262  299
  334  371  408  446  483  517  547  573  595  614  630  642  651  658  665  668
  668  665  659  655  656  661  666  667  662  652  638  623  608  591  571  545
  519  496  472  458  437  412  388  366  300                                   
    10.0-180.0 180.0   5.0 450.0                            LAT/LON1/LON2/DLON/H
  312  309  304  293  278  270  263  250  229  206  181  159  141  128  119  114
  113  115  117  118  117  116  118  124  131  141  154  174  200  233  270  307
  343  378  414  450  486  519  549  574  595  612  624  631  636  638  639  638
  633  625  616  610  610  615  620  621  615  603  590  576  561  545  523  496
  467  444  423  414  401  385  368  355  312                                   
     7.5-180.0 180.0   5.0 450.0                            LAT/LON1/LON2/DLON/H
  307  304  306  300  293  287  281  270  249  224  198  174  154  139  128  122
  119  119  120  119  118  119  122  129  138  148  162  181  207  240  277  314
