data/edconvlstm_nd/pred1140.15i
     1.0            IONOSPHERE MAPS     GNSS                IONEX VERSION / TYPE
pyspatialgeodesy        IME             05-JAN-18 20:20     PGM / RUN BY / DATE 
Map Name                                                    COMMENT             
Predicted global ionosphere maps (GIM).                     DESCRIPTION         
  2015     4    24     0     0     0                        EPOCH OF FIRST MAP  
  2015     4    25     0     0     0                        EPOCH OF LAST MAP   
  7200                                                      INTERVAL            
    13                                                      # OF MAPS IN FILE   
  NONE                                                      MAPPING FUNCTION    
10.0                                                        ELEVATION CUTOFF    
One-way carrier phase leveled to code                       OBSERVABLES USED    
  6371.0                                                    BASE RADIUS         
 2                                                          MAP DIMENSION       
   450.0 450.0   0.0                                        HGT1 / HGT2 / DHGT  
    87.5 -87.5  -2.5                                        LAT1 / LAT2 / DLAT  
  -180.0 180.0   5.0                                        LON1 / LON2 / DLON  
    -1                                                      EXPONENT            
                                                            END OF HEADER       
[from data line 3003]
     8                                                      START OF TEC MAP    
  2015     4    24    14     0     0                        EPOCH OF CURRENT MAP
    87.5-180.0 180.0   5.0 450.0                            LAT/LON1/LON2/DLON/H
  223  216  211  221  227  230  232  235  238  241  243  245  247  248  250  251
  252  253  253  254  254  255  255  255  255  254  254  253  252  251  250  249
  248  246  244  242  240  238  235  233  230  228  225  223  220  218  216  213
  211  209  207  205  203  201  200  198  197  196  195  194  194  194  194  194
  195  197  197  199  206  211  212  218  223                                   
    85.0-180.0 180.0   5.0 450.0                            LAT/LON1/LON2/DLON/H
  206  212  222  223  226  233  237  242  245  248  250  252  254  256  257  258
  259  259  260  260  260  261  261  261  261  261  260  260  259  258  257  256
  255  253  251  249  246  244  241  238  236  233  230  227  225  222  220  217
  215  212  210  208  206  203  201  199  198  196  195  194  193  192  192  193
  194  196  195  198  202  202  208  216  206                                   
    82.5-180.0 180.0   5.0 450.0                            LAT/LON1/LON2/DLON/H
  180  203  209  212  218  228  234  239  243  247  250  253  255  256  257  258
  259  259  259  259  259  259  259  259  260  260  260  261  261  260  260  259
  258  257  255  252  250  247  244  241  238  234  231  228  224  221  218  215
  213  210  207  204  201  198  195  192  189  186  184  181  180  178  177  176
  176  177  176  181  184  195  199  189  180                                   
    80.0-180.0 180.0   5.0 450.0                            LAT/LON1/LON2/DLON/H
  169  188  196  201  205  214  221  228  234  238  241  244  245  246  247  247
  247  247  247  246  246  246  246  246  247  248  249  250  251  252  253  254
  254  253  252  251  249  247  244  242  239  236  233  230  227  224  222  219
  217  214  212  209  206  203  200  196  192  188  184  180  176  173  170  168
  167  166  164  167  168  171  179  170  169                                   
    77.5-180.0 180.0   5.0 450.0                            LAT/LON1/LON2/DLON/H
  165  177  186  191  196  205  211  218  224  228  230  232  234  235  235  234
  234  233  232  232  231  231  231  232  234  235  238  240  243  246  248  250
  252  254  255  255  255  254  253  251  249  247  245  242  240  238  236  235
  233  232  230  228  225  221  217  213  208  202  196  191  185  179  174  170
  166  163  160  161  163  163  168  164  165                                   
    75.0-180.0 180.0   5.0 450.0                            LAT/LON1/LON2/DLON/H
  157  168  173  179  184  193  199  205  211  215  217  219  220  220  220  219
  219  218  217  217  217  217  218  219  221  224  227  230  234  238  242  246
  250  253  256  259  261  262  262  262  261  260  258  257  255  254  253  253
  252  251  250  249  246  243  239  233  227  220  213  206  198  191  184  178
  172  167  162  159  158  158  161  153  157                                   
    72.5-180.0 180.0   5.0 450.0                            LAT/LON1/LON2/DLON/H
  149  159  163  170  174  183  190  196  201  205  206  208  209  209  209  208
  208  208  208  208  209  210  211  213  215  218  221  225  229  234  238  243
  249  254  259  264  268  271  274  276  276  276  276  275  274  273  272  272
  272  272  271  270  267  263  258  252  245  237  228  220  211  203  195  188
  179  173  166  161  157  155  158  154  149                                   
    70.0-180.0 180.0   5.0 450.0                            LAT/LON1/LON2/DLON/H
  142  149  152  159  163  172  179  185  191  195  197  199  200  200  200  201
  202  203  204  205  207  208  210  212  215  217  220  223  226  230  235  240
  246  252  259  266  272  278  282  285  288  289  289  288  287  287  286  286
  286  286  285  283  279  274  268  260  251  242  233  224  216  207  199  191
  182  174  167  160  155  153  156  152  142                                   
    67.5-180.0 180.0   5.0 450.0                            LAT/LON1/LON2/DLON/H
  130  139  141  148  153  162  170  178  185  190  193  196  198  199  201  203
  205  207  209  212  214  217  219  221  223  225  226  228  229  232  235  239
  245  252  260  268  277  285  291  297  301  303  303  303  302  300  299  298
  297  296  294  290  285  278  270  261  251  241  232  223  214  206  198  190
  181  173  165  157  151  148  149  147  130                                   
    65.0-180.0 180.0   5.0 450.0                            LAT/LON1/LON2/DLON/H
  115  123  124  131  136  146  156  165  174  182  187  192  195  198  201  205
  208  212  216  220  223  226  228  230  232  232  232  232  231  231  233  236
  241  249  257  268  278  288  297  304  310  313  314  313  311  309  306  303
  300  297  293  287  280  271  261  250  239  228  219  211  203  195  187  179
  170  162  154  146  141  138  140  138  115                                   
    62.5-180.0 180.0   5.0 450.0                            LAT/LON1/LON2/DLON/H
   97  104  105  111  116  126  138  150  162  173  181  188  193  198  203  208
  214  220  225  229  232  235  238  239  240  240  239  236  234  232  231  233
  238  246  256  267  279  291  302  311  318  322  324  322  320  315  310  305
  300  295  288  281  271  260  249  237  225  215  206  198  191  183  175  167
  157  149  141  133  127  125  126  125   97                                   
    60.0-180.0 180.0   5.0 450.0                            LAT/LON1/LON2/DLON/H
   82   86   86   90   93  104  117  131  146  160  171  180  188  195  203  210
  218  225  231  235  239  242  244  245  246  245  243  239  235  231  230  231
  236  245  256  269  283  297  309  320  328  332  334  332  328  322  315  308
  300  292  284  274  264  252  240  228  218  208  200  192  185  176  168  158
  148  138  130  122  116  113  114  112   82                                   
    57.5-180.0 180.0   5.0 450.0                            LAT/LON1/LON2/DLON/H
   75   74   73   73   74   84   97  112  129  145  159  171  181  190  200  210
  220  229  236  241  244  246  248  250  250  249  246  242  237  233  231  233
  238  248  261  276  291  307  320  331  340  345  346  344  339  331  322  313
  303  293  284  274  263  252  241  230  221  213  206  199  191  182  171  160
  147  137  127  119  113  109  108  105   75                                   
    55.0-180.0 180.0   5.0 450.0                            LAT/LON1/LON2/DLON/H
   78   72   70   65   64   71   83   97  114  131  146  160  173  185  197  209
  222  233  241  246  249  251  253  254  255  255  252  247  242  238  236  238
  245  257  272  288  305  321  335  347  355  360  361  359  353  344  334  323
  312  301  291  281  271  261  251  243  236  230  224  218  210  199  187  173
  158  146  136  127  120  115  113  109   78                                   
    52.5-180.0 180.0   5.0 450.0                            LAT/LON1/LON2/DLON/H
   93   83   78   70   65   70   78   89  105  121  137  152  166  179  194  209
  225  238  248  254  257  259  261  263  264  264  261  256  251  247  245  249
  257  270  287  306  324  341  355  365  372  376  377  374  369  360  349  337
  326  315  305  295  285  276  268  262  257  253  250  244  236  225  211  195
  179  165  154  146  139  133  130  123   93                                   
    50.0-180.0 180.0   5.0 450.0                            LAT/LON1/LON2/DLON/H
  119  107   98   87   79   81   85   92  104  119  134  148  163  178  194  212
  231  247  259  266  270  272  274  277  279  279  276  271  265  260  259  263
  273  288  306  327  346  364  377  386  391  394  394  391  385  377  367  355
  344  333  322  312  302  293  285  280  277  275  273  269  261  250  236  220
  203  189  177  171  164  159  156  147  119                                   
    47.5-180.0 180.0   5.0 450.0                            LAT/LON1/LON2/DLON/H
  151  139  127  114  104  101  101  103  112  124  137  152  166  181  199  219
  240  259  274  283  287  290  293  296  298  299  295  289  282  277  276  280
  290  306  327  349  370  387  400  407  410  411  410  407  402  394  385  374
  362  351  339  328  316  305  296  290  287  286  285  282  276  267  254  239
  223  211  199  195  189  187  183  174  151                                   
    45.0-180.0 180.0   5.0 450.0                            LAT/LON1/LON2/DLON/H
  180  173  159  147  135  128  123  121  126  136  148  161  175  190  208  229
  252  274  291  301  306  310  313  318  321  321  317  310  302  296  294  298
  308  325  346  370  393  412  424  430  431  429  427  424  418  411  401  390
  379  366  353  338  323  308  296  287  282  280  279  278  274  268  259  247
  234  224  214  210  207  207  205  196  180                                   
    42.5-180.0 180.0   5.0 450.0                            LAT/LON1/LON2/DLON/H
  201  200  187  178  166  156  147  141  143  151  162  176  189  203  221  242
  266  289  307  319  325  329  334  339  343  343  339  331  322  316  314  318
  328  345  367  392  417  437  451  456  455  451  447  442  436  428  417  405
  393  378  362  344  324  305  287  274  265  261  259  259  257  255  250  243
  233  226  217  214  213  216  215  206  201                                   
    40.0-180.0 180.0   5.0 450.0                            LAT/LON1/LON2/DLON/H
  208  214  205  199  191  178  168  159  159  166  177  191  204  218  235  256
  280  303  322  335  342  346  351  357  361  363  359  351  343  337  336  341
  352  369  392  419  446  469  483  489  486  481  474  467  458  448  435  422
  407  391  372  351  328  304  282  263  250  242  239  237  237  237  236  232
  225  220  211  208  207  212  212  202  208                                   
    37.5-180.0 180.0   5.0 450.0                            LAT/LON1/LON2/DLON/H
  202  215  210  208  204  190  180  171  170  178  190  206  220  233  249  269
  292  315  335  348  355  360  365  371  376  379  376  371  365  363  365  372
  385  403  427  455  485  510  527  532  529  521  512  501  489  474  459  444
  428  412  393  370  345  319  293  271  253  241  234  231  230  230  230  228
  222  216  206  200  197  202  201  187  202                                   
    35.0-180.0 180.0   5.0 450.0                            LAT/LON1/LON2/DLON/H
  191  206  205  205  204  190  183  174  174  184  199  217  233  247  262  281
  303  325  345  358  366  371  376  383  389  393  394  393  392  394  402  414
  431  452  477  507  538  565  583  588  584  574  561  547  531  513  495  479
  464  449  432  412  388  362  335  310  288  271  259  252  248  245  244  240
  232  224  210  200  193  193  191  172  191                                   
    32.5-180.0 180.0   5.0 450.0                            LAT/LON1/LON2/DLON/H
  181  197  195  196  196  182  177  170  172  184  202  224  243  259  274  291
  312  334  353  367  376  382  388  395  403  410  415  419  425  435  451  471
  493  518  545  576  607  634  651  655  649  637  622  605  585  565  545  530
  518  507  496  481  463  440  415  387  361  339  322  310  300  292  285  276
  264  251  233  217  204  197  189  164  181                                   
    30.0-180.0 180.0   5.0 450.0                            LAT/LON1/LON2/DLON/H
  181  193  187  187  185  172  169  163  167  180  201  226  248  267  283  301
  321  342  362  377  387  394  402  411  421  431  441  452  466  486  511  540
  570  600  629  658  687  710  723  724  716  704  689  671  650  628  610  597
  590  585  581  574  564  550  529  503  475  449  427  408  390  373  357  340
  321  301  277  254  235  218  203  169  181                                   
    27.5-180.0 180.0   5.0 450.0                            LAT/LON1/LON2/DLON/H
  194  199  185  183  180  167  164  159  162  176  197  224  249  272  290  309
  330  351  371  388  400  410  420  431  444  458  474  493  516  546  582  620
  657  690  718  743  765  781  788  785  777  767  754  738  719  698  681  672
  671  673  676  677  676  671  658  638  613  586  561  536  510  483  457  429
  402  374  342  313  285  258  233  192  194                                   
    25.0-180.0 180.0   5.0 450.0                            LAT/LON1/LON2/DLON/H
  221  218  195  187  183  170  166  160  162  173  193  220  248  274  296  316
  338  361  382  401  416  429  441  455  471  490  513  540  573  612  656  701
  742  775  800  817  830  836  836  832  824  817  809  797  780  763  750  745
  748  754  760  765  769  770  765  752  732  710  685  660  631  598  565  529
  495  461  424  387  351  314  280  234  221                                   
    22.5-180.0 180.0   5.0 450.0                            LAT/LON1/LON2/DLON/H
  259  248  218  201  193  180  174  166  165  174  191  217  246  274  299  323
  347  371  394  415  433  448  463  480  500  524  554  590  631  677  725  772
  812  841  860  869  871  870  865  859  853  849  845  839  827  814  805  804
  808  813  815  816  817  817  814  807  795  779  761  740  714  682  647  609
  573  540  502  462  421  375  335  292  259                                   
    20.0-180.0 180.0   5.0 450.0                            LAT/LON1/LON2/DLON/H
  300  283  251  223  209  194  186  176  172  176  190  214  243  273  302  328
  355  381  406  428  448  466  484  503  528  559  597  640  686  733  779  821
  855  880  892  894  889  881  874  868  865  864  864  862  856  848  843  843
  844  842  833  821  810  803  799  795  788  780  770  756  737  711  682  648
  614  586  553  515  476  426  386  353  300                                   
    17.5-180.0 180.0   5.0 450.0                            LAT/LON1/LON2/DLON/H
  334  314  283  248  228  211  200  186  178  178  189  210  240  272  303  332
  361  389  416  440  462  481  500  523  553  591  636  683  728  769  807  841
  869  888  897  895  887  878  871  866  864  865  868  870  869  865  862  859
  854  840  815  784  756  738  729  726  724  723  720  714  703  686  664  637
  611  591  568  535  503  454  418  395  334                                   
    15.0-180.0 180.0   5.0 450.0                            LAT/LON1/LON2/DLON/H
  352  331  303  267  243  223  210  194  183  180  187  206  235  268  301  334
  365  396  425  450  472  492  514  541  576  619  667  712  751  783  811  837
  859  876  883  881  875  869  864  861  860  862  867  871  873  870  865  857
  842  813  768  717  673  643  630  627  629  632  636  638  634  624  610  591
  572  559  545  520  496  453  423  406  352                                   
    12.5-180.0 180.0   5.0 450.0                            LAT/LON1/LON2/DLON/H
  352  331  306  273  247  225  212  196  184  178  182  200  228  262  298  333
  367  401  432  458  481  501  525  556  595  640  686  727  759  783  803  822
  841  856  865  867  864  862  860  860  860  863  867  871  872  867  858  843
  816  771  709  642  585  548  533  532  537  544  551  557  558  552  542  527
  512  504  497  479  463  428  403  390  352                                   
    10.0-180.0 180.0   5.0 450.0                            LAT/LON1/LON2/DLON/H
  337  317  296  268  241  219  206  191  178  172  175  192  219  254  292  330
  368  405  438  466  489  511  536  569  610  654  698  735  762  781  796  811
  827  843  853  859  861  863  866  868  869  870  872  873  870  862  847  824
  787  731  658  581  519  481  467  470  478  486  492  497  497  491  480  464
  449  441  436  424  414  388  368  357  337                                   
     7.5-180.0 180.0   5.0 450.0                            LAT/LON1/LON2/DLON/H
  315  296  277  253  228  206  196  181  170  163  167  183  211  246  286  327
  368  408  444  474  498  521  548  581  622  666  708  743  768  784  797  811
