data/edconvlstm_nd/pred2620.15i
     1.0            IONOSPHERE MAPS     GNSS                IONEX VERSION / TYPE
pyspatialgeodesy        IME             05-JAN-18 20:20     PGM / RUN BY / DATE 
Map Name                                                    COMMENT             
Predicted global ionosphere maps (GIM).                     DESCRIPTION         
  2015     9    19     0     0     0                        EPOCH OF FIRST MAP  
  2015     9    20     0     0     0                        EPOCH OF LAST MAP   
  7200                                                      INTERVAL            
    13                                                      # OF MAPS IN FILE   
  NONE                                                      MAPPING FUNCTION    
10.0                                                        ELEVATION CUTOFF    
One-way carrier phase leveled to code                       OBSERVABLES USED    
  6371.0                                                    BASE RADIUS         
 2                                                          MAP DIMENSION       
   450.0 450.0   0.0                                        HGT1 / HGT2 / DHGT  
    87.5 -87.5  -2.5                                        LAT1 / LAT2 / DLAT  
  -180.0 180.0   5.0                                        LON1 / LON2 / DLON  
    -1                                                      EXPONENT            
                                                            END OF HEADER       
[from data line 858]
     3                                                      START OF TEC MAP    
  2015     9    19     4     0     0                        EPOCH OF CURRENT MAP
    87.5-180.0 180.0   5.0 450.0                            LAT/LON1/LON2/DLON/H
   79   84   83   87   86   86   84   81   82   83   83   84   84   84   84   84
   84   83   82   81   80   78   77   75   74   73   71   70   69   68   68   67
   67   67   66   66   67   67   67   67   68   68   69   69   70   70   70   71
   71   71   71   71   71   72   72   72   72   72   72   72   72   72   72   73
   75   76   75   76   81   89   94   86   79                                   
    85.0-180.0 180.0   5.0 450.0                            LAT/LON1/LON2/DLON/H
   74   92   84   88   90   91   90   89   89   90   89   90   90   90   90   89
   88   87   86   85   83   81   80   78   76   75   73   72   71   70   70   70
   69   70   70   71   71   72   73   74   75   76   77   78   79   80   81   81
   82   82   82   82   83   83   83   83   83   83   84   84   84   84   84   85
   86   88   85   87   88   91   97   87   74                                   
    82.5-180.0 180.0   5.0 450.0                            LAT/LON1/LON2/DLON/H
   79   86   96   90   89   92   91   90   91   91   91   91   91   91   91   90
   89   88   86   84   82   79   76   74   71   69   67   65   64   63   63   63
   63   64   65   66   67   69   71   73   75   77   79   81   82   84   85   86
   87   87   88   88   89   89   89   90   90   90   90   91   91   91   91   92
   92   92   90   90   97   89   87   83   79                                   
    80.0-180.0 180.0   5.0 450.0                            LAT/LON1/LON2/DLON/H
   89   90   89   83   84   84   85   84   85   85   84   85   85   85   85   84
   83   82   80   77   74   71   68   65   62   59   56   55   53   53   52   53
   53   55   56   58   60   63   65   68   71   73   76   79   81   83   85   86
   87   88   89   90   90   91   91   92   93   93   93   94   94   94   94   94
   95   93   93   93  100   96   95   85   89                                   
    77.5-180.0 180.0   5.0 450.0                            LAT/LON1/LON2/DLON/H
   92   90   85   81   77   79   80   80   80   79   78   79   79   80   80   80
   79   78   76   74   70   67   63   59   55   52   49   47   46   45   45   45
   47   48   50   52   55   58   61   64   67   70   74   77   80   83   85   87
   89   91   92   93   94   95   95   96   97   98   99   99  100  100   99   99
   99   98   96   97   99   91   90   87   92                                   
    75.0-180.0 180.0   5.0 450.0                            LAT/LON1/LON2/DLON/H
   88   88   83   79   73   74   74   72   71   70   68   69   69   69   70   70
   70   70   69   67   64   61   57   53   49   46   43   41   39   39   39   40
   41   42   44   46   48   51   53   56   60   63   67   70   74   77   80   83
   85   87   88   90   91   93   94   96   97   99  100  101  102  102  102  102
  101   99   98   95   98   93   90   90   88                                   
    72.5-180.0 180.0   5.0 450.0                            LAT/LON1/LON2/DLON/H
   90   91   86   80   75   75   75   72   70   67   64   64   64   64   64   65
   66   66   66   65   63   60   57   53   49   45   42   40   39   39   40   41
   42   43   45   46   48   49   52   54   57   61   65   70   74   78   82   85
   88   90   93   95   96   98  100  103  105  107  109  111  112  112  112  112
  111  109  110  107  107  100   97   96   90                                   
    70.0-180.0 180.0   5.0 450.0                            LAT/LON1/LON2/DLON/H
   98   97   93   85   79   76   74   71   68   64   59   58   56   55   56   57
   58   59   60   61   60   57   54   50   46   43   41   39   39   39   40   41
   42   43   44   44   45   46   47   49   52   56   61   66   71   76   80   84
   88   91   94   96   99  101  104  107  110  113  115  117  119  119  119  120
  118  116  116  115  114  108  107  104   98                                   
    67.5-180.0 180.0   5.0 450.0                            LAT/LON1/LON2/DLON/H
   99  100   95   87   80   76   73   69   65   60   54   52   49   47   47   48
   50   52   54   55   55   53   51   47   43   40   37   36   36   36   37   39
   39   39   39   38   38   38   38   40   43   48   53   58   64   70   75   80
   84   88   91   94   97  100  104  107  110  114  117  119  121  121  121  121
  119  116  118  116  116  111  110  108   99                                   
    65.0-180.0 180.0   5.0 450.0                            LAT/LON1/LON2/DLON/H
  103  103   98   89   81   77   74   70   65   60   54   50   46   44   43   43
   45   47   50   52   52   51   49   45   42   38   36   34   34   35   36   37
   37   37   35   34   32   32   32   34   38   43   48   55   61   68   74   79
   84   88   92   96   99  102  106  109  113  117  120  123  124  124  124  123
  121  118  119  117  119  114  114  113  103                                   
    62.5-180.0 180.0   5.0 450.0                            LAT/LON1/LON2/DLON/H
  105  107  100   91   84   79   76   71   67   61   55   51   46   43   42   42
   43   45   48   49   50   49   47   44   40   37   34   33   32   33   33   34
   34   34   33   31   29   28   29   31   35   41   48   55   62   69   76   81
   87   91   95   99  103  106  110  113  117  120  124  127  128  129  128  126
  123  120  121  119  120  116  117  117  105                                   
    60.0-180.0 180.0   5.0 450.0                            LAT/LON1/LON2/DLON/H
  108  109  102   92   84   80   76   71   68   62   56   52   47   43   41   41
   41   43   45   46   47   46   44   41   38   35   32   30   29   29   30   30
   31   30   30   28   27   27   28   31   35   42   49   57   65   72   78   84
   89   94   99  103  106  110  113  116  119  123  127  130  132  132  131  129
  126  123  123  120  121  118  119  119  108                                   
    57.5-180.0 180.0   5.0 450.0                            LAT/LON1/LON2/DLON/H
  113  113  105   95   86   81   77   72   68   62   57   53   48   44   42   41
   41   42   43   43   43   42   40   38   35   33   30   28   27   26   27   27
   28   29   29   28   28   29   30   34   39   46   54   62   70   77   84   89
   95  100  104  108  112  115  118  121  124  127  131  135  137  138  138  136
  133  129  128  125  126  122  123  124  113                                   
    55.0-180.0 180.0   5.0 450.0                            LAT/LON1/LON2/DLON/H
  120  118  111  101   91   85   81   74   69   63   57   53   48   45   42   41
   40   40   40   40   39   38   37   35   34   32   30   27   26   25   25   26
   28   29   30   32   33   34   36   40   46   53   61   69   77   84   90   96
  101  106  111  115  119  121  124  126  129  133  137  141  144  146  147  146
  142  138  137  133  133  128  130  130  120                                   
    52.5-180.0 180.0   5.0 450.0                            LAT/LON1/LON2/DLON/H
  130  128  120  111  101   94   89   80   73   65   58   53   48   45   43   41
   40   39   38   37   36   35   35   35   35   34   32   30   28   27   27   28
   30   33   36   38   41   43   45   49   54   61   69   77   85   92   98  104
  109  114  119  123  127  130  132  134  136  139  143  148  153  156  158  158
  155  150  148  143  142  137  138  139  130                                   
    50.0-180.0 180.0   5.0 450.0                            LAT/LON1/LON2/DLON/H
  140  139  133  125  115  109  102   92   82   71   61   55   50   46   44   42
   41   39   38   36   35   35   36   38   39   40   39   37   34   32   32   33
   36   40   44   48   51   54   56   59   64   70   78   86   93  101  107  113
  118  124  129  133  137  140  142  144  145  148  152  157  162  166  169  171
  168  164  161  156  153  147  148  149  140                                   
    47.5-180.0 180.0   5.0 450.0                            LAT/LON1/LON2/DLON/H
  150  151  146  141  133  128  120  108   95   81   69   60   53   49   46   44
   42   40   39   37   37   39   41   45   48   49   49   46   44   41   40   41
   44   48   53   58   62   65   67   69   73   79   86   94  102  110  117  123
  129  134  140  144  148  151  153  155  156  157  161  165  171  176  180  182
  181  177  174  167  164  156  157  158  150                                   
    45.0-180.0 180.0   5.0 450.0                            LAT/LON1/LON2/DLON/H
  158  162  158  156  151  147  139  126  111   94   80   69   60   54   50   47
   45   43   42   42   43   46   50   54   58   61   60   58   54   51   50   50
   52   57   62   67   71   74   76   78   82   87   95  103  111  119  126  133
  139  145  151  156  160  164  166  167  167  168  170  174  179  185  189  192
  191  187  183  176  172  164  164  166  158                                   
    42.5-180.0 180.0   5.0 450.0                            LAT/LON1/LON2/DLON/H
  163  169  166  169  166  164  156  143  127  109   93   80   70   63   57   53
   50   49   49   51   53   57   62   66   70   72   71   68   64   61   59   59
   60   63   68   73   77   80   82   84   88   94  102  111  120  128  136  143
  150  156  162  167  172  176  179  180  180  180  181  184  189  193  198  200
  199  196  192  184  179  170  169  170  163                                   
    40.0-180.0 180.0   5.0 450.0                            LAT/LON1/LON2/DLON/H
  166  173  172  176  176  174  168  156  140  123  106   93   82   73   66   61
   58   58   59   62   66   70   75   79   81   81   79   76   72   69   66   65
   66   68   71   75   80   83   85   88   94  101  110  119  128  137  145  153
  160  166  173  179  184  189  193  194  194  193  194  197  201  205  208  210
  208  204  200  192  187  177  175  174  166                                   
    37.5-180.0 180.0   5.0 450.0                            LAT/LON1/LON2/DLON/H
  172  177  176  179  179  177  172  161  148  132  117  105   94   84   77   71
   68   68   71   75   80   84   87   89   89   87   84   80   77   74   72   71
   70   70   72   76   80   83   87   91   98  107  117  127  136  145  153  161
  168  176  182  189  196  202  207  210  210  211  212  214  218  221  223  223
  220  216  211  204  199  188  184  181  172                                   
    35.0-180.0 180.0   5.0 450.0                            LAT/LON1/LON2/DLON/H
  185  187  183  181  179  174  168  159  149  136  123  113  103   94   86   81
   78   79   83   88   93   96   97   96   94   91   86   83   80   78   76   74
   73   72   73   75   79   83   87   93  101  112  123  134  143  151  159  167
  176  183  191  199  207  216  222  227  229  231  234  237  241  244  245  244
  240  235  231  224  220  209  204  198  185                                   
    32.5-180.0 180.0   5.0 450.0                            LAT/LON1/LON2/DLON/H
  210  208  200  190  182  171  162  152  144  133  124  116  108  100   94   89
   87   89   93   99  103  105  104  101   97   92   87   84   82   81   80   78
   76   75   74   76   78   82   87   93  103  115  127  138  147  155  163  172
  181  189  198  207  218  228  237  244  249  254  259  266  271  274  275  273
  268  264  260  255  253  242  238  228  210                                   
    30.0-180.0 180.0   5.0 450.0                            LAT/LON1/LON2/DLON/H
  252  247  234  213  196  176  160  147  138  128  121  115  109  103   98   94
   93   96  100  105  108  108  106  103   98   93   89   86   85   85   85   83
   81   78   77   77   79   82   86   92  102  115  128  139  148  156  164  174
  184  194  204  214  227  240  252  262  271  279  288  298  306  311  311  310
  306  302  301  297  297  289  285  274  252                                   
    27.5-180.0 180.0   5.0 450.0                            LAT/LON1/LON2/DLON/H
  310  303  285  255  228  198  172  151  137  126  118  112  107  103   99   96
   96   98  102  106  107  107  106  104  101   97   94   91   91   91   91   90
   87   84   81   80   80   81   84   90   99  111  125  136  146  154  164  175
  186  197  209  222  237  253  269  283  295  306  319  332  343  350  352  351
  348  347  348  346  350  344  340  330  310                                   
    25.0-180.0 180.0   5.0 450.0                            LAT/LON1/LON2/DLON/H
  379  373  350  314  280  240  203  172  150  133  121  113  106  102   98   96
   96   98  100  101  102  102  103  104  105  104  103  101   99   99   98   97
   94   90   87   84   82   81   82   86   93  105  119  131  142  152  162  175
  188  201  215  230  248  268  287  305  320  334  350  366  380  388  391  392
  391  393  397  396  402  400  396  388  379                                   
    22.5-180.0 180.0   5.0 450.0                            LAT/LON1/LON2/DLON/H
  448  445  422  384  348  302  254  212  179  153  134  121  111  104  100   97
   95   94   94   93   94   96  101  107  113  116  115  113  110  108  107  104
  101   96   92   87   84   81   79   80   86   98  111  125  137  148  161  176
  191  206  222  240  261  285  307  327  344  361  379  396  411  421  426  428
  429  433  439  441  448  450  445  443  448                                   
    20.0-180.0 180.0   5.0 450.0                            LAT/LON1/LON2/DLON/H
  505  508  488  456  421  375  319  269  225  189  160  139  124  114  106  101
   96   92   88   86   87   92  101  113  123  129  130  127  122  118  113  109
  105  100   94   89   84   79   75   75   80   90  104  119  133  146  161  177
  195  213  231  252  276  301  326  347  365  382  401  420  436  446  451  454
  458  463  471  474  481  486  481  486  505                                   
    17.5-180.0 180.0   5.0 450.0                            LAT/LON1/LON2/DLON/H
  540  548  536  515  487  445  388  333  282  237  199  171  149  133  121  111
  102   93   87   84   85   93  106  122  136  144  144  139  132  125  118  112
  106  100   95   89   83   77   73   71   75   84   99  115  130  145  162  180
  199  219  239  262  288  315  340  361  379  396  415  434  450  461  467  470
  474  481  489  493  498  506  503  512  540                                   
    15.0-180.0 180.0   5.0 450.0                            LAT/LON1/LON2/DLON/H
  549  561  558  548  532  499  447  394  339  289  245  211  185  164  146  130
  116  103   94   90   91  101  117  135  150  157  156  149  139  129  120  112
  105   99   93   87   81   76   71   69   72   81   96  113  129  146  163  182
  203  224  246  270  297  323  347  368  385  402  421  439  455  466  473  477
  482  488  496  499  501  509  509  521  549                                   
    12.5-180.0 180.0   5.0 450.0                            LAT/LON1/LON2/DLON/H
  537  550  554  551  548  527  484  437  385  334  290  254  226  202  181  160
  141  124  112  107  108  118  133  150  163  167  164  154  143  131  121  111
  103   96   90   84   79   75   71   69   72   81   96  113  130  146  164  183
  205  227  251  276  301  327  350  369  385  401  419  437  452  464  471  477
  482  489  496  498  496  501  503  513  537                                   
    10.0-180.0 180.0   5.0 450.0                            LAT/LON1/LON2/DLON/H
  513  527  532  532  537  526  494  456  410  364  323  290  264  241  220  197
  175  156  143  136  135  142  154  166  174  174  168  157  145  132  121  110
  101   93   86   81   77   74   71   70   74   82   96  113  130  146  164  183
  205  229  254  279  304  328  349  367  382  397  413  430  445  458  466  473
  479  486  492  492  488  488  490  497  513                                   
     7.5-180.0 180.0   5.0 450.0                            LAT/LON1/LON2/DLON/H
  489  501  504  501  508  503  480  450  412  373  338  312  291  273  254  234
  213  195  181  172  169  171  176  181  183  179  170  158  146  134  122  110
