data/edconvlstm_nd/pred0810.15i
     1.0            IONOSPHERE MAPS     GNSS                IONEX VERSION / TYPE
pyspatialgeodesy        IME             05-JAN-18 20:20     PGM / RUN BY / DATE 
Map Name                                                    COMMENT             
Predicted global ionosphere maps (GIM).                     DESCRIPTION         
  2015     3    22     0     0     0                        EPOCH OF FIRST MAP  
  2015     3    23     0     0     0                        EPOCH OF LAST MAP   
  7200                                                      INTERVAL            
    13                                                      # OF MAPS IN FILE   
  NONE                                                      MAPPING FUNCTION    
10.0                                                        ELEVATION CUTOFF    
One-way carrier phase leveled to code                       OBSERVABLES USED    
  6371.0                                                    BASE RADIUS         
 2                                                          MAP DIMENSION       
   450.0 450.0   0.0                                        HGT1 / HGT2 / DHGT  
    87.5 -87.5  -2.5                                        LAT1 / LAT2 / DLAT  
  -180.0 180.0   5.0                                        LON1 / LON2 / DLON  
    -1                                                      EXPONENT            
                                                            END OF HEADER       
[from data line 4719]
    12                                                      START OF TEC MAP    
  2015     3    22    22     0     0                        EPOCH OF CURRENT MAP
    87.5-180.0 180.0   5.0 450.0                            LAT/LON1/LON2/DLON/H
  145  132  115  121  122  119  118  116  115  117  116  118  118  119  120  121
  121  122  122  122  122  121  121  120  119  119  118  117  116  115  114  114
  113  112  112  111  111  111  111  112  112  113  114  115  116  117  118  120
  121  122  123  124  125  126  127  127  128  128  128  128  128  128  127  126
  125  124  122  121  131  129  138  143  145                                   
    85.0-180.0 180.0   5.0 450.0                            LAT/LON1/LON2/DLON/H
  137  130  130  120  117  120  119  120  121  123  123  124  126  127  129  130
  131  131  131  131  131  130  129  128  127  125  124  122  120  119  117  115
  114  113  112  111  110  110  110  111  111  112  114  115  117  118  120  122
  124  126  128  130  131  133  134  135  136  137  137  137  137  137  136  135
  135  133  130  127  128  124  124  126  137                                   
    82.5-180.0 180.0   5.0 450.0                            LAT/LON1/LON2/DLON/H
  111  107  105  101  100  103  106  106  106  109  111  115  117  120  122  125
  126  128  128  128  128  127  126  124  122  120  117  115  112  110  107  105
  103  101   99   97   96   96   95   95   96   97   99  101  103  105  108  110
  113  115  118  120  122  124  126  127  128  129  130  130  130  129  129  127
  125  123  119  121  120  127  115  118  111                                   
    80.0-180.0 180.0   5.0 450.0                            LAT/LON1/LON2/DLON/H
   95   95   96   91   91   89   96   99  103  107  111  116  120  125  128  132
  134  135  136  136  135  134  131  129  126  122  119  115  111  107  104  100
   96   93   90   88   86   84   84   83   84   85   87   89   92   95   98  102
  105  108  111  114  116  119  121  123  125  127  128  129  129  129  129  127
  126  123  120  118  114  112  104  114   95                                   
    77.5-180.0 180.0   5.0 450.0                            LAT/LON1/LON2/DLON/H
   99   92   95   90   92   92   98  101  106  111  116  123  129  134  139  143
  146  147  148  148  146  145  142  139  135  132  127  123  119  115  110  106
  102   98   94   91   88   85   83   82   82   82   84   86   88   91   93   96
   99  101  104  106  108  110  112  114  116  118  120  121  123  123  124  123
  121  119  117  116  116  111  110  124   99                                   
    75.0-180.0 180.0   5.0 450.0                            LAT/LON1/LON2/DLON/H
  105  102  101   96   99  100  105  109  115  123  129  136  142  148  153  156
  158  159  159  158  156  153  150  147  143  140  135  131  127  122  117  113
  108  104   99   95   90   87   84   82   81   81   81   83   84   87   89   90
   92   93   94   95   96   97   99  101  103  106  109  112  114  117  119  120
  120  120  120  117  115  112  110  113  105                                   
    72.5-180.0 180.0   5.0 450.0                            LAT/LON1/LON2/DLON/H
  115  114  114  115  114  115  120  123  127  134  140  148  154  159  163  165
  166  165  163  161  159  156  153  149  145  141  137  133  129  124  120  116
  111  106  101   96   91   87   83   80   79   78   78   79   80   82   83   83
   83   83   82   81   80   79   80   81   84   87   91   95  100  104  108  111
  112  115  116  114  114  115  118  125  115                                   
    70.0-180.0 180.0   5.0 450.0                            LAT/LON1/LON2/DLON/H
  130  130  131  129  129  130  132  136  141  148  154  161  166  170  171  171
  169  166  163  160  157  153  150  147  144  140  136  132  127  123  119  114
  109  104   99   93   87   83   79   76   74   73   73   74   75   75   76   75
   73   71   68   65   63   62   61   63   65   69   74   80   86   92   98  103
  107  111  116  117  119  123  129  134  130                                   
    67.5-180.0 180.0   5.0 450.0                            LAT/LON1/LON2/DLON/H
  145  146  149  151  151  152  154  157  160  166  171  177  181  183  182  180
  176  171  166  162  158  155  152  148  144  140  136  132  127  123  118  114
  108  103   97   91   85   80   76   73   72   71   72   73   74   75   74   73
   70   66   62   57   54   51   51   52   54   59   65   71   79   86   94  101
  107  112  117  119  122  129  136  141  145                                   
    65.0-180.0 180.0   5.0 450.0                            LAT/LON1/LON2/DLON/H
  151  155  158  161  162  163  165  168  171  177  182  187  190  191  188  184
  178  171  166  161  157  153  150  146  142  137  132  127  122  117  112  107
  101   95   88   82   76   71   67   65   64   65   66   68   69   69   69   66
   62   58   52   47   43   40   39   40   43   48   54   62   70   79   88   96
  102  109  116  119  123  133  141  147  151                                   
    62.5-180.0 180.0   5.0 450.0                            LAT/LON1/LON2/DLON/H
  152  157  162  166  169  171  174  177  180  185  190  195  198  198  195  190
  183  176  170  165  161  157  153  149  143  137  131  125  119  114  109  103
   96   89   81   74   68   63   60   58   59   60   62   64   65   66   64   61
   57   52   47   42   38   35   34   35   38   43   50   58   66   76   85   93
  100  107  113  117  120  130  137  144  152                                   
    60.0-180.0 180.0   5.0 450.0                            LAT/LON1/LON2/DLON/H
  149  155  160  167  170  173  177  180  184  189  195  200  204  204  202  197
  191  184  179  174  169  165  160  154  146  139  132  125  120  115  109  103
   95   86   78   69   63   58   55   55   56   58   60   62   63   62   61   57
   53   48   43   39   36   34   34   35   38   43   49   57   65   75   84   93
  100  106  112  115  116  126  132  141  149                                   
    57.5-180.0 180.0   5.0 450.0                            LAT/LON1/LON2/DLON/H
  147  153  160  167  172  175  180  183  187  192  198  203  208  210  210  206
  201  196  191  186  181  176  169  161  152  144  137  131  126  121  116  109
  101   91   80   71   64   59   56   56   57   59   61   62   63   61   59   55
   51   47   43   40   38   38   38   40   43   47   52   59   68   77   87   96
  103  109  114  116  116  123  128  137  147                                   
    55.0-180.0 180.0   5.0 450.0                            LAT/LON1/LON2/DLON/H
  153  160  167  174  180  183  188  190  193  197  202  208  214  217  218  217
  213  209  205  200  195  189  181  171  161  153  146  142  138  135  130  123
  113  101   90   79   71   65   63   63   64   65   66   67   65   63   60   56
   52   49   46   45   45   45   47   49   51   54   59   65   74   84   94  103
  110  117  122  124  122  128  132  140  153                                   
    52.5-180.0 180.0   5.0 450.0                            LAT/LON1/LON2/DLON/H
  167  176  185  191  197  201  204  205  205  206  209  214  219  223  226  226
  225  222  218  213  208  200  191  181  171  163  159  156  155  153  148  140
  128  115  102   91   82   76   73   73   73   74   74   73   71   68   64   60
   57   54   53   53   54   56   58   60   61   63   67   73   82   92  103  113
  121  129  136  138  137  142  146  152  167                                   
    50.0-180.0 180.0   5.0 450.0                            LAT/LON1/LON2/DLON/H
  193  202  214  218  226  230  231  229  226  223  222  224  227  231  234  236
  235  232  229  225  219  211  202  192  183  176  173  173  173  171  165  156
  143  128  114  103   94   88   85   84   84   84   84   82   80   76   72   69
   66   64   63   64   66   68   70   72   72   73   76   82   90  101  114  125
  134  145  153  157  159  165  171  174  193                                   
    47.5-180.0 180.0   5.0 450.0                            LAT/LON1/LON2/DLON/H
  225  236  248  252  260  266  266  262  255  248  241  238  238  240  242  244
  243  241  238  234  229  222  213  203  195  190  188  188  188  184  176  164
  149  134  120  110  102   97   94   93   92   92   92   92   90   87   83   80
   78   76   76   77   78   80   82   83   82   83   85   91  100  111  125  137
  147  160  170  179  184  192  201  203  225                                   
    45.0-180.0 180.0   5.0 450.0                            LAT/LON1/LON2/DLON/H
  259  270  282  286  296  302  302  297  288  278  266  257  253  251  252  252
  251  249  246  243  239  233  226  217  210  204  201  199  196  188  176  161
  145  130  119  111  106  102  100   98   97   98   99  100  100   98   96   94
   91   90   89   88   89   90   91   91   91   91   94  100  110  122  136  149
  160  173  186  198  208  220  232  236  259                                   
    42.5-180.0 180.0   5.0 450.0                            LAT/LON1/LON2/DLON/H
  286  298  311  315  325  332  333  330  321  308  293  279  270  265  263  262
  260  258  256  255  253  248  242  233  225  217  211  204  195  182  166  148
  131  119  112  108  107  105  103  101  100  101  104  107  109  109  108  106
  104  101   99   97   96   95   96   96   97   98  101  109  120  133  147  159
  170  184  199  213  227  243  258  266  286                                   
    40.0-180.0 180.0   5.0 450.0                            LAT/LON1/LON2/DLON/H
  304  317  329  333  344  351  355  354  347  335  318  302  289  281  277  274
  272  270  270  270  270  267  261  251  239  227  215  202  187  169  150  132
  117  109  107  108  110  110  107  104  103  104  108  113  117  118  117  115
  113  109  105  101   98   96   97   98   99  102  107  116  128  142  156  168
  177  191  206  222  237  257  273  287  304                                   
    37.5-180.0 180.0   5.0 450.0                            LAT/LON1/LON2/DLON/H
  314  327  338  341  352  359  366  368  365  356  340  323  308  298  292  289
  287  286  287  290  291  289  281  269  253  235  217  198  179  159  139  123
  113  110  112  118  122  122  118  113  109  109  113  119  123  125  124  121
  117  112  107  101   97   95   95   97  100  104  110  120  134  148  162  173
  181  194  209  224  239  261  278  295  314                                   
    35.0-180.0 180.0   5.0 450.0                            LAT/LON1/LON2/DLON/H
  321  333  343  344  354  360  370  375  377  372  358  342  327  316  310  306
  305  305  308  311  313  310  301  285  264  242  219  198  178  160  145  134
  129  130  137  144  148  146  138  129  121  119  121  126  129  130  128  124
  119  113  106  100   95   92   93   96  100  105  112  123  137  153  166  176
  183  195  209  224  237  259  278  295  321                                   
    32.5-180.0 180.0   5.0 450.0                            LAT/LON1/LON2/DLON/H
  331  341  352  349  359  363  375  383  389  386  376  361  347  336  329  326
  325  326  329  333  334  329  317  298  274  250  227  209  194  182  175  171
  171  176  183  189  189  182  168  152  139  133  132  135  137  137  133  127
  120  114  106  100   94   92   94   97  102  107  114  125  140  156  170  180
  187  198  211  225  237  258  278  294  331                                   
    30.0-180.0 180.0   5.0 450.0                            LAT/LON1/LON2/DLON/H
  350  358  369  363  374  377  389  397  406  406  398  385  371  359  351  347
  346  346  349  351  350  343  329  308  285  263  246  235  229  229  231  235
  240  245  250  249  242  225  203  180  161  151  147  147  148  145  140  132
  125  117  110  103   98   96   98  101  106  110  117  128  143  160  175  186
  193  205  218  232  244  265  286  300  350                                   
    27.5-180.0 180.0   5.0 450.0                            LAT/LON1/LON2/DLON/H
  378  387  399  393  406  407  418  425  434  435  429  417  403  390  379  372
  368  366  366  365  361  352  337  318  299  285  277  278  286  298  311  322
  329  331  327  315  295  268  237  208  185  171  165  163  162  158  152  143
  134  126  119  112  107  105  105  107  110  113  119  129  144  162  180  193
  202  216  230  247  260  282  305  317  378                                   
    25.0-180.0 180.0   5.0 450.0                            LAT/LON1/LON2/DLON/H
  417  427  440  439  455  456  466  470  477  477  472  461  446  430  415  403
  394  387  382  377  369  358  345  331  320  317  323  338  359  383  405  419
  423  416  398  371  338  301  264  232  208  193  186  183  181  176  169  160
  151  142  133  125  119  115  113  113  113  114  118  128  143  163  183  200
  212  230  246  266  283  308  335  346  417                                   
    22.5-180.0 180.0   5.0 450.0                            LAT/LON1/LON2/DLON/H
  462  476  491  497  519  522  531  532  535  533  528  517  501  482  461  442
  426  413  401  390  379  367  356  350  351  361  381  408  440  471  494  505
  499  478  445  404  359  317  279  249  228  215  208  205  203  200  193  184
  173  162  152  142  133  127  122  119  116  114  117  125  141  162  185  205
  222  244  264  288  309  339  372  384  462                                   
    20.0-180.0 180.0   5.0 450.0                            LAT/LON1/LON2/DLON/H
  506  526  546  560  589  595  605  603  604  600  595  585  569  545  518  491
  467  447  428  411  395  383  377  379  392  415  446  480  515  543  558  556
  536  500  453  404  355  314  281  258  243  235  231  230  229  227  221  211
  199  186  173  160  149  139  131  125  120  116  117  125  140  162  187  210
  230  256  280  308  334  369  409  424  506                                   
    17.5-180.0 180.0   5.0 450.0                            LAT/LON1/LON2/DLON/H
  542  570  595  617  654  664  676  673  673  669  666  659  643  618  586  552
  521  493  468  445  426  414  412  422  443  474  508  541  567  580  578  558
  522  475  423  373  329  296  273  261  256  254  253  254  254  253  248  239
  225  209  193  177  162  149  138  130  123  119  118  125  141  163  189  215
  238  266  294  324  354  395  440  460  542                                   
    15.0-180.0 180.0   5.0 450.0                            LAT/LON1/LON2/DLON/H
  565  601  632  659  702  718  731  729  730  730  731  730  718  694  660  623
  587  554  524  496  474  462  462  476  500  530  559  579  584  574  548  509
  462  412  365  324  293  273  264  264  269  273  274  275  275  274  269  259
  243  225  206  187  169  153  141  132  125  120  120  128  144  167  194  220
  245  276  306  336  368  414  462  486  565                                   
    12.5-180.0 180.0   5.0 450.0                            LAT/LON1/LON2/DLON/H
  576  616  653  684  730  751  766  766  769  774  782  789  784  765  734  697
  661  627  595  565  541  527  525  536  555  576  589  587  565  527  478  427
  377  334  300  275  261  257  262  274  285  292  293  291  288  285  278  266
  249  229  208  187  168  151  139  130  124  121  122  131  148  171  199  227
  254  286  317  346  379  426  476  501  576                                   
    10.0-180.0 180.0   5.0 450.0                            LAT/LON1/LON2/DLON/H
  579  622  663  693  741  765  781  782  789  799  815  829  833  822  797  766
  735  704  673  643  617  599  591  592  600  605  597  567  518  456  394  339
  297  267  250  244  248  259  275  293  307  311  307  299  291  283  273  259
  241  221  200  180  161  146  135  128  124  122  124  134  152  176  205  234
  263  296  327  356  388  435  484  510  579                                   
     7.5-180.0 180.0   5.0 450.0                            LAT/LON1/LON2/DLON/H
  581  627  668  696  743  768  784  785  794  808  828  850  861  858  843  821
  797  772  746  718  689  665  647  637  630  616  586  533  462  388  323  275
