data/edconvlstm_nd/pred3360.15i
     1.0            IONOSPHERE MAPS     GNSS                IONEX VERSION / TYPE
pyspatialgeodesy        IME             05-JAN-18 20:20     PGM / RUN BY / DATE 
Map Name                                                    COMMENT             
Predicted global ionosphere maps (GIM).                     DESCRIPTION         
  2015    12     2     0     0     0                        EPOCH OF FIRST MAP  
  2015    12     3     0     0     0                        EPOCH OF LAST MAP   
  7200                                                      INTERVAL            
    13                                                      # OF MAPS IN FILE   
  NONE                                                      MAPPING FUNCTION    
10.0                                                        ELEVATION CUTOFF    
One-way carrier phase leveled to code                       OBSERVABLES USED    
  6371.0                                                    BASE RADIUS         
 2                                                          MAP DIMENSION       
   450.0 450.0   0.0                                        HGT1 / HGT2 / DHGT  
    87.5 -87.5  -2.5                                        LAT1 / LAT2 / DLAT  
  -180.0 180.0   5.0                                        LON1 / LON2 / DLON  
    -1                                                      EXPONENT            
                                                            END OF HEADER       
[from data line 3432]
     9                                                      START OF TEC MAP    
  2015    12     2    16     0     0                        EPOCH OF CURRENT MAP
    87.5-180.0 180.0   5.0 450.0                            LAT/LON1/LON2/DLON/H
   62   70   71   74   78   76   77   73   74   77   77   78   79   80   81   81
   82   82   82   82   82   81   81   80   79   78   77   76   76   75   74   73
   72   72   71   70   70   69   69   68   68   67   67   67   67   67   67   67
   67   67   67   67   67   67   67   67   67   67   67   67   67   67   67   67
   68   67   64   61   65   65   81   82   62                                   
    85.0-180.0 180.0   5.0 450.0                            LAT/LON1/LON2/DLON/H
   68   74   88   70   71   74   74   76   76   79   79   81   82   83   84   85
   86   86   87   87   87   87   86   86   85   84   83   82   81   80   78   78
   77   76   75   74   73   72   71   71   70   69   69   68   68   68   68   68
   68   68   68   68   68   68   69   69   69   69   70   70   70   70   70   70
   70   69   65   61   65   67   76   70   68                                   
    82.5-180.0 180.0   5.0 450.0                            LAT/LON1/LON2/DLON/H
   53   60   68   58   62   64   67   68   70   72   73   75   76   78   79   81
   82   83   83   84   84   83   83   82   81   80   78   77   76   74   73   72
   71   70   69   68   67   66   64   63   62   61   60   60   59   59   59   59
   59   59   59   60   60   61   61   62   62   62   62   63   63   63   62   62
   62   61   57   54   60   69   66   62   53                                   
    80.0-180.0 180.0   5.0 450.0                            LAT/LON1/LON2/DLON/H
   38   44   56   49   53   53   58   59   62   65   67   69   71   73   74   76
   77   79   80   80   80   80   79   78   76   75   73   71   69   67   65   64
   63   62   61   60   59   58   57   55   54   53   52   51   50   50   50   50
   51   52   53   54   54   55   56   57   57   58   58   58   58   58   58   57
   57   56   54   52   52   58   57   59   38                                   
    77.5-180.0 180.0   5.0 450.0                            LAT/LON1/LON2/DLON/H
   43   43   43   40   44   45   49   52   55   57   58   61   63   66   68   71
   73   76   78   79   80   80   79   77   75   72   69   65   62   60   58   57
   56   55   54   53   52   51   50   48   46   44   42   41   41   41   41   42
   44   45   47   49   50   51   52   53   54   54   54   54   54   54   53   52
   51   49   46   45   43   45   47   49   43                                   
    75.0-180.0 180.0   5.0 450.0                            LAT/LON1/LON2/DLON/H
   29   34   34   34   39   41   44   47   50   53   54   57   59   61   64   67
   71   74   77   80   82   82   81   79   76   72   67   63   59   56   53   52
   51   51   51   51   50   49   47   45   43   40   39   38   38   38   39   41
   43   45   48   49   51   52   52   53   53   54   54   54   54   54   54   53
   51   50   48   44   43   41   40   36   29                                   
    72.5-180.0 180.0   5.0 450.0                            LAT/LON1/LON2/DLON/H
   34   36   34   36   38   41   45   46   48   49   50   51   53   56   59   63
   68   73   78   82   85   87   87   84   80   74   68   62   56   51   48   47
   46   46   47   47   46   45   43   40   38   35   33   32   33   34   36   39
   41   44   46   48   49   50   50   50   50   51   51   51   52   52   52   51
   50   48   46   41   39   38   38   38   34                                   
    70.0-180.0 180.0   5.0 450.0                            LAT/LON1/LON2/DLON/H
   34   36   36   39   41   43   45   47   49   50   51   52   53   56   60   65
   71   78   85   91   97  100  101   99   94   86   78   69   61   55   51   49
   48   48   49   49   48   46   44   41   37   35   33   32   33   35   37   41
   44   47   49   50   51   50   50   49   49   49   50   51   52   52   53   53
   52   51   49   45   44   42   45   44   34                                   
    67.5-180.0 180.0   5.0 450.0                            LAT/LON1/LON2/DLON/H
   40   41   39   43   46   47   50   52   53   52   52   53   55   58   62   68
   76   85   94  103  110  115  117  115  109  100   90   79   68   60   54   51
   50   50   50   50   49   46   43   39   35   33   31   31   32   34   38   41
   44   47   49   49   49   48   46   45   45   45   45   47   48   50   51   52
   52   51   49   45   44   43   44   42   40                                   
    65.0-180.0 180.0   5.0 450.0                            LAT/LON1/LON2/DLON/H
   40   42   41   45   47   49   51   53   54   54   54   55   58   61   67   74
   83   93  104  115  125  132  135  133  127  118  105   92   80   70   63   59
   56   55   55   53   51   47   43   38   34   32   30   31   32   35   38   41
   44   45   46   46   44   42   40   39   38   38   39   41   43   45   47   49
   50   50   50   47   47   48   49   48   40                                   
    62.5-180.0 180.0   5.0 450.0                            LAT/LON1/LON2/DLON/H
   41   44   42   46   48   50   51   53   54   54   55   57   61   66   72   81
   91  102  114  127  138  146  150  149  144  134  121  107   94   82   74   68
   65   62   60   57   53   48   43   38   34   32   31   31   32   35   37   39
   41   42   41   40   38   36   34   32   32   32   33   35   38   40   42   44
   45   46   47   46   45   46   48   46   41                                   
    60.0-180.0 180.0   5.0 450.0                            LAT/LON1/LON2/DLON/H
   40   42   40   44   45   45   47   48   49   51   53   57   62   68   76   86
   97  109  122  134  146  155  160  160  155  146  133  120  107   95   86   80
   74   70   66   61   55   49   43   39   35   33   32   33   33   35   35   36
   36   36   35   33   31   29   27   26   26   27   28   30   32   34   36   37
   39   40   41   41   42   44   46   45   40                                   
    57.5-180.0 180.0   5.0 450.0                            LAT/LON1/LON2/DLON/H
   37   39   38   41   42   41   42   43   45   48   51   57   64   73   82   92
  103  115  128  140  152  161  166  167  163  156  145  134  122  112  103   95
   89   83   76   70   62   55   49   45   42   40   40   40   40   39   38   36
   35   33   32   30   28   27   26   26   26   27   28   30   31   32   33   34
   35   36   38   38   40   42   44   43   37                                   
    55.0-180.0 180.0   5.0 450.0                            LAT/LON1/LON2/DLON/H
   36   38   37   40   40   39   39   40   42   45   50   58   66   76   87   98
  109  120  132  143  154  162  168  170  168  162  154  145  136  127  119  112
  104   97   89   80   72   65   59   54   52   51   51   50   49   46   43   39
   36   34   32   31   30   29   29   30   30   31   33   34   34   34   33   33
   33   33   35   36   39   41   43   43   36                                   
    52.5-180.0 180.0   5.0 450.0                            LAT/LON1/LON2/DLON/H
   37   39   38   41   41   39   39   40   42   45   51   60   70   81   92  103
  114  125  135  145  155  163  168  170  170  167  162  155  149  142  135  128
  120  111  102   93   85   77   72   68   67   66   66   64   61   56   51   46
   42   39   37   37   37   37   38   38   39   40   41   41   41   39   38   37
   35   35   37   38   41   43   44   45   37                                   
    50.0-180.0 180.0   5.0 450.0                            LAT/LON1/LON2/DLON/H
   43   44   43   47   46   45   44   44   46   50   56   65   76   87   98  109
  119  129  139  148  156  163  168  171  172  170  167  163  158  153  147  140
  132  124  115  106   98   92   87   84   83   83   82   79   75   69   62   56
   51   48   48   48   48   49   49   50   51   52   52   51   50   48   45   43
   42   41   43   43   45   48   49   50   43                                   
    47.5-180.0 180.0   5.0 450.0                            LAT/LON1/LON2/DLON/H
   50   52   52   56   55   55   53   54   55   59   66   75   85   96  106  116
  126  135  144  153  160  166  171  173  174  174  172  169  165  160  154  147
  140  133  125  118  112  107  103  101   99   98   97   93   88   81   73   67
   63   61   61   61   61   62   62   62   62   62   61   60   58   56   54   52
   50   49   51   51   53   55   57   57   50                                   
    45.0-180.0 180.0   5.0 450.0                            LAT/LON1/LON2/DLON/H
   59   61   61   67   67   67   66   66   68   73   80   89   98  107  116  125
  134  143  151  160  167  172  176  178  178  178  176  172  167  162  155  149
  143  138  133  128  124  121  118  115  113  111  108  104   98   91   84   79
   75   74   74   74   73   73   72   71   69   68   67   66   64   63   61   60
   58   58   59   59   61   63   66   65   59                                   
    42.5-180.0 180.0   5.0 450.0                            LAT/LON1/LON2/DLON/H
   66   68   69   76   77   79   78   80   83   89   97  106  115  122  129  137
  144  153  161  169  176  180  183  184  184  182  179  174  167  160  153  148
  143  141  139  137  136  134  131  127  123  120  116  111  105   99   93   88
   86   85   84   83   81   79   76   74   72   70   68   67   66   66   65   65
   65   64   65   65   66   70   72   71   66                                   
    40.0-180.0 180.0   5.0 450.0                            LAT/LON1/LON2/DLON/H
   68   71   72   81   83   86   87   91   96  105  115  125  133  140  145  151
  157  165  174  181  187  191  192  191  190  187  182  174  165  157  150  146
  145  145  147  148  148  147  143  137  131  126  120  115  110  104   99   95
   93   91   89   87   83   79   75   72   69   67   65   64   64   65   66   67
   67   67   68   67   68   71   74   73   68                                   
    37.5-180.0 180.0   5.0 450.0                            LAT/LON1/LON2/DLON/H
   66   68   68   79   82   86   90   97  105  118  130  143  152  158  162  167
  172  179  187  194  199  201  200  198  195  190  184  175  165  156  151  150
  153  157  161  164  164  162  156  149  140  132  125  119  114  108  103  100
   97   94   90   85   79   74   69   66   63   62   60   60   60   61   64   66
   67   67   68   66   66   68   69   71   66                                   
    35.0-180.0 180.0   5.0 450.0                            LAT/LON1/LON2/DLON/H
   59   60   60   72   75   80   86   96  108  125  141  157  168  176  180  184
  188  194  200  206  210  210  207  202  197  192  186  177  169  163  161  165
  171  179  185  188  187  183  174  163  152  141  132  125  119  114  108  104
   99   94   88   81   74   68   64   61   59   58   57   56   57   58   61   63
   64   64   65   63   61   62   62   65   59                                   
    32.5-180.0 180.0   5.0 450.0                            LAT/LON1/LON2/DLON/H
   52   52   51   62   65   69   77   89  106  126  147  166  181  191  196  200
  203  208  212  216  218  215  209  203  197  193  188  184  180  179  184  193
  204  214  220  221  217  209  198  184  169  156  146  137  130  123  116  110
  103   95   87   78   71   65   62   60   60   59   58   58   58   58   60   62
   63   62   62   60   57   56   55   59   52                                   
    30.0-180.0 180.0   5.0 450.0                            LAT/LON1/LON2/DLON/H
   46   46   43   52   55   58   67   80   99  122  147  171  189  202  210  214
  217  220  223  224  223  217  209  200  195  193  194  195  199  206  218  234
  249  260  265  263  255  243  228  211  194  178  166  155  146  137  129  120
  111  101   91   81   74   69   67   67   67   67   66   65   65   64   65   66
   65   64   63   60   56   54   51   55   46                                   
    27.5-180.0 180.0   5.0 450.0                            LAT/LON1/LON2/DLON/H
   45   44   40   47   49   51   59   72   92  116  144  171  193  209  220  225
  228  230  230  229  225  217  206  197  193  195  203  213  226  242  262  283
  302  313  316  309  297  281  262  243  224  207  192  179  168  158  147  137
  126  114  103   93   86   82   80   80   81   81   81   80   78   76   75   75
   73   71   69   65   61   57   55   55   45                                   
    25.0-180.0 180.0   5.0 450.0                            LAT/LON1/LON2/DLON/H
   51   49   44   48   49   50   57   69   88  112  140  168  193  212  226  233
  237  237  236  233  226  216  204  195  194  201  216  236  259  284  311  337
  357  368  368  357  340  320  299  278  258  240  223  208  194  182  171  159
  147  136  124  115  108  104  102  101  101  101  100   99   97   94   91   89
   86   83   80   76   72   67   64   61   51                                   
    22.5-180.0 180.0   5.0 450.0                            LAT/LON1/LON2/DLON/H
   63   59   53   55   55   56   61   72   89  111  138  166  192  213  229  238
  243  243  241  236  228  216  205  198  200  213  236  264  295  327  359  388
  409  418  414  400  379  356  334  312  292  273  255  238  222  208  196  185
  174  163  153  144  137  131  128  125  123  121  120  119  117  113  110  107
  103  100   96   91   87   82   79   71   63                                   
    20.0-180.0 180.0   5.0 450.0                            LAT/LON1/LON2/DLON/H
   79   73   65   65   66   67   72   81   97  116  140  166  192  214  231  242
  247  248  245  239  231  220  211  207  214  233  261  295  331  367  401  431
  450  457  450  433  410  386  363  343  323  304  284  265  247  232  220  210
  200  191  182  174  167  160  153  147  142  139  137  136  134  131  128  124
  120  117  111  107  104   98   96   85   79                                   
    17.5-180.0 180.0   5.0 450.0                            LAT/LON1/LON2/DLON/H
   94   87   77   76   77   78   85   95  109  128  148  172  195  217  234  246
  252  253  251  245  238  230  223  224  236  259  291  328  366  403  435  461
  478  481  471  452  429  406  385  366  348  329  308  286  266  251  239  230
  222  215  208  200  192  183  173  164  156  151  149  148  146  144  141  138
  133  130  124  120  117  112  109   98   94                                   
    15.0-180.0 180.0   5.0 450.0                            LAT/LON1/LON2/DLON/H
  104   97   86   84   85   87   97  108  124  142  162  183  204  225  242  254
  261  263  261  256  250  245  243  249  266  292  326  363  398  431  458  478
  489  488  477  459  437  417  399  383  366  347  324  300  278  261  249  241
  235  230  225  218  209  198  186  175  165  158  154  153  152  150  148  146
  142  139  132  127  123  119  117  107  104                                   
    12.5-180.0 180.0   5.0 450.0                            LAT/LON1/LON2/DLON/H
  106  100   88   87   88   91  105  120  138  158  177  198  218  237  254  267
  275  278  277  273  269  267  270  281  302  330  363  395  425  450  470  482
  487  484  472  456  439  422  407  393  378  359  335  308  284  265  252  245
  240  236  232  226  218  207  194  181  170  161  156  154  153  152  151  149
  145  141  133  127  122  119  116  109  106                                   
    10.0-180.0 180.0   5.0 450.0                            LAT/LON1/LON2/DLON/H
  100   95   84   84   86   91  108  126  149  171  193  214  234  253  270  285
  294  300  300  297  294  295  302  318  341  370  399  425  446  462  473  479
  479  473  463  451  438  425  413  402  388  368  342  313  286  265  251  242
  238  235  233  229  221  211  198  185  173  164  159  155  154  153  152  150
  145  140  130  122  116  112  108  103  100                                   
     7.5-180.0 180.0   5.0 450.0                            LAT/LON1/LON2/DLON/H
   89   84   74   76   79   86  107  128  155  181  206  229  251  271  289  305
  318  325  328  326  324  327  337  356  381  407  430  449  461  469  473  473
