data/edconvlstm_nd/pred3190.15i
     1.0            IONOSPHERE MAPS     GNSS                IONEX VERSION / TYPE
pyspatialgeodesy        IME             05-JAN-18 20:20     PGM / RUN BY / DATE 
Map Name                                                    COMMENT             
Predicted global ionosphere maps (GIM).                     DESCRIPTION         
  2015    11    15     0     0     0                        EPOCH OF FIRST MAP  
  2015    11    16     0     0     0                        EPOCH OF LAST MAP   
  7200                                                      INTERVAL            
    13                                                      # OF MAPS IN FILE   
  NONE                                                      MAPPING FUNCTION    
10.0                                                        ELEVATION CUTOFF    
One-way carrier phase leveled to code                       OBSERVABLES USED    
  6371.0                                                    BASE RADIUS         
 2                                                          MAP DIMENSION       
   450.0 450.0   0.0                                        HGT1 / HGT2 / DHGT  
    87.5 -87.5  -2.5                                        LAT1 / LAT2 / DLAT  
  -180.0 180.0   5.0                                        LON1 / LON2 / DLON  
    -1                                                      EXPONENT            
                                                            END OF HEADER       
[from data line 2574]
     7                                                      START OF TEC MAP    
  2015    11    15    12     0     0                        EPOCH OF CURRENT MAP
    87.5-180.0 180.0   5.0 450.0                            LAT/LON1/LON2/DLON/H
   55   69   70   75   79   79   80   77   78   81   81   82   82   82   82   82
   81   81   80   79   78   77   76   75   74   73   72   71   70   69   68   67
   65   64   63   61   60   58   57   55   54   53   52   51   50   50   49   49
   49   49   49   50   50   51   51   52   52   53   53   54   54   55   55   56
   58   59   57   56   59   63   76   80   55                                   
    85.0-180.0 180.0   5.0 450.0                            LAT/LON1/LON2/DLON/H
   55   76   88   77   79   84   84   86   87   89   89   89   89   89   89   88
   88   87   87   86   86   85   84   84   83   83   82   81   80   79   78   77
   76   74   72   70   69   67   65   63   61   59   58   57   55   55   54   54
   54   54   54   55   55   56   57   58   59   59   60   61   62   62   63   64
   66   67   64   62   65   69   77   75   55                                   
    82.5-180.0 180.0   5.0 450.0                            LAT/LON1/LON2/DLON/H
   47   64   76   69   71   74   76   77   78   80   80   80   80   79   78   78
   77   77   76   76   76   75   75   76   76   76   76   76   75   75   74   73
   72   70   68   66   64   61   58   56   53   51   49   47   45   44   43   43
   43   43   43   44   45   46   47   48   49   49   50   51   51   51   52   53
   54   55   53   51   58   66   65   65   47                                   
    80.0-180.0 180.0   5.0 450.0                            LAT/LON1/LON2/DLON/H
   41   54   67   60   64   63   66   66   68   69   68   68   67   66   65   64
   64   63   63   64   64   65   66   67   69   70   71   72   73   73   73   72
   71   70   68   66   64   61   58   54   51   48   45   42   40   38   36   36
   35   36   36   37   38   40   41   42   43   44   44   44   44   44   44   44
   45   46   45   45   49   57   57   61   41                                   
    77.5-180.0 180.0   5.0 450.0                            LAT/LON1/LON2/DLON/H
   47   53   58   52   54   55   57   57   59   58   56   56   54   53   52   52
   51   51   52   53   54   56   59   61   64   67   69   71   73   74   75   75
   74   73   72   70   68   65   61   58   54   50   46   42   39   36   34   33
   33   33   34   36   37   39   41   42   43   43   43   43   42   40   39   38
   38   37   37   38   40   41   46   51   47                                   
    75.0-180.0 180.0   5.0 450.0                            LAT/LON1/LON2/DLON/H
   36   46   49   46   49   50   49   48   49   48   45   45   43   42   40   40
   40   41   42   44   46   50   53   58   62   67   71   75   77   79   80   81
   81   81   80   79   78   76   74   70   66   62   58   53   49   46   43   41
   41   41   42   43   45   46   48   49   49   49   48   47   45   42   40   38
   37   36   36   35   38   36   39   36   36                                   
    72.5-180.0 180.0   5.0 450.0                            LAT/LON1/LON2/DLON/H
   36   45   47   44   45   46   46   44   43   41   38   36   34   33   32   32
   32   33   34   37   41   45   50   57   63   69   74   79   82   84   86   87
   88   89   89   90   90   90   89   87   83   79   74   69   64   60   56   54
   52   52   52   52   53   54   55   55   55   54   52   50   47   44   41   39
   37   36   36   35   38   37   39   39   36                                   
    70.0-180.0 180.0   5.0 450.0                            LAT/LON1/LON2/DLON/H
   36   44   48   46   46   46   44   43   41   39   36   34   32   31   30   30
   30   31   33   37   41   47   54   61   69   77   83   88   92   94   96   97
   98  100  102  104  106  108  108  108  106  102   97   92   86   80   76   72
   69   67   65   65   64   64   63   62   61   59   57   54   51   48   45   43
   41   40   41   40   43   41   46   45   36                                   
    67.5-180.0 180.0   5.0 450.0                            LAT/LON1/LON2/DLON/H
   36   45   48   47   47   48   47   46   44   41   38   36   34   33   32   32
   32   33   36   39   44   50   58   67   76   84   91   97  100  102  104  105
  106  108  111  115  119  122  125  125  124  121  116  110  104   97   92   86
   82   78   75   72   70   67   65   63   61   59   56   53   51   48   47   45
   44   44   45   44   46   45   47   46   36                                   
    65.0-180.0 180.0   5.0 450.0                            LAT/LON1/LON2/DLON/H
   36   45   47   47   47   49   49   49   47   45   42   40   38   37   36   36
   37   38   40   43   48   55   64   74   84   93  100  106  110  112  113  114
  116  119  123  128  133  138  141  143  142  139  134  128  121  114  107  100
   93   87   82   77   72   68   64   61   58   55   52   50   48   47   46   46
   46   46   49   48   50   50   51   51   36                                   
    62.5-180.0 180.0   5.0 450.0                            LAT/LON1/LON2/DLON/H
   34   41   43   44   44   47   48   49   48   47   45   44   42   42   41   41
   41   42   43   46   51   58   66   77   87   97  106  112  116  119  121  123
  125  129  134  140  145  150  154  155  154  151  145  139  131  123  115  107
   99   91   83   75   68   62   57   53   50   47   45   43   42   41   42   42
   43   44   47   46   49   48   49   49   34                                   
    60.0-180.0 180.0   5.0 450.0                            LAT/LON1/LON2/DLON/H
   30   36   37   38   39   41   43   45   46   46   44   44   43   43   43   43
   43   43   44   46   50   56   65   76   87   98  107  114  120  124  128  131
  135  140  145  151  156  161  163  163  161  157  151  144  136  128  119  110
  101   91   81   72   63   56   50   45   42   39   37   36   35   35   36   37
   38   39   42   42   45   42   42   42   30                                   
    57.5-180.0 180.0   5.0 450.0                            LAT/LON1/LON2/DLON/H
   28   31   31   33   34   36   39   41   43   43   43   43   43   44   44   44
   44   44   44   45   49   55   63   74   86   98  108  117  125  131  137  143
  149  155  160  166  170  173  174  173  169  164  158  150  143  135  126  117
  107   95   84   73   64   56   49   45   41   39   37   36   35   34   34   35
   35   36   39   39   41   38   37   38   28                                   
    55.0-180.0 180.0   5.0 450.0                            LAT/LON1/LON2/DLON/H
   28   30   30   32   32   34   36   38   39   40   40   41   42   43   44   44
   44   43   42   44   47   53   62   73   86   98  110  121  131  140  148  156
  164  171  177  182  185  186  185  182  178  172  165  158  152  144  136  127
  116  104   92   80   70   62   55   51   48   46   44   43   41   39   38   37
   37   36   38   38   41   36   35   35   28                                   
    52.5-180.0 180.0   5.0 450.0                            LAT/LON1/LON2/DLON/H
   34   34   34   35   34   36   37   37   38   38   38   39   40   42   43   43
   43   42   42   43   47   53   63   75   88  101  114  126  138  149  160  170
  180  188  194  198  200  200  197  193  188  181  175  169  164  158  150  141
  130  118  105   93   82   74   68   64   62   60   59   57   54   51   48   46
   44   43   44   43   46   41   39   39   34                                   
    50.0-180.0 180.0   5.0 450.0                            LAT/LON1/LON2/DLON/H
   45   45   45   45   43   44   43   41   40   39   38   39   40   41   43   43
   43   42   42   44   49   57   68   80   94  108  121  134  147  159  171  183
  193  202  208  211  213  212  209  205  199  193  187  183  178  174  167  158
  147  134  120  107   97   88   82   79   77   76   75   74   71   68   64   61
   57   55   55   53   56   53   51   50   45                                   
    47.5-180.0 180.0   5.0 450.0                            LAT/LON1/LON2/DLON/H
   60   62   62   61   57   58   54   50   46   44   42   42   43   44   45   46
   45   45   45   49   56   65   77   90  103  117  131  144  156  168  180  191
  202  210  216  220  222  221  219  215  211  205  201  197  194  190  183  174
  162  148  134  120  109  100   94   91   90   90   90   89   87   85   81   78
   74   71   70   68   71   70   70   67   60                                   
    45.0-180.0 180.0   5.0 450.0                            LAT/LON1/LON2/DLON/H
   76   80   81   80   75   76   69   63   57   54   51   50   50   51   51   51
   50   50   52   57   65   77   89  103  116  129  142  154  164  175  184  194
  203  211  218  223  227  228  228  226  222  217  213  210  207  203  196  186
  173  158  142  128  115  105   99   95   94   95   97   98   97   96   95   92
   89   86   84   82   86   89   89   86   76                                   
    42.5-180.0 180.0   5.0 450.0                            LAT/LON1/LON2/DLON/H
   87   95   96   97   92   92   85   78   71   67   63   62   61   61   61   60
   58   58   60   67   77   90  104  117  130  142  153  163  171  178  185  192
  200  208  216  223  229  234  236  235  232  227  223  220  216  211  203  192
  178  162  145  130  116  105   96   92   91   93   95   98  100  101  101  101
   99   96   94   92   96  102  103  101   87                                   
    40.0-180.0 180.0   5.0 450.0                            LAT/LON1/LON2/DLON/H
   90  100  103  107  103  104   97   91   84   80   76   75   74   74   72   70
   67   67   70   78   90  104  117  130  142  153  163  171  176  180  184  188
  195  204  214  225  234  241  245  245  242  237  232  227  223  216  207  194
  179  162  146  130  115  102   92   86   84   86   89   93   96   99  101  102
  101   99   97   95   98  104  105  105   90                                   
    37.5-180.0 180.0   5.0 450.0                            LAT/LON1/LON2/DLON/H
   84   96  100  105  105  107  103   99   94   91   89   88   87   86   83   80
   77   76   79   88  101  115  129  141  153  163  173  179  182  184  185  189
  196  207  220  234  246  255  260  260  256  250  243  237  230  223  212  199
  183  167  151  135  119  105   92   84   81   82   85   89   92   95   97   99
   98   95   92   89   91   95   96   97   84                                   
    35.0-180.0 180.0   5.0 450.0                            LAT/LON1/LON2/DLON/H
   73   84   88   95   97  101  101  100   99   99   98   98   97   96   93   89
   85   84   88   97  111  125  139  151  162  172  182  188  191  192  193  198
  208  223  240  256  270  279  283  282  277  269  261  253  246  237  226  212
  198  183  168  154  139  123  109   98   92   91   93   95   96   97   97   97
   94   89   85   80   80   80   80   83   73                                   
    32.5-180.0 180.0   5.0 450.0                            LAT/LON1/LON2/DLON/H
   62   70   73   79   83   88   91   95   97  100  101  103  103  102   99   95
   91   90   95  105  119  134  147  159  170  181  192  200  204  206  210  219
  234  253  274  292  307  315  317  314  307  298  289  281  274  265  254  241
  229  217  206  194  180  164  147  133  125  121  119  117  115  111  108  104
   97   89   83   74   72   67   66   70   62                                   
    30.0-180.0 180.0   5.0 450.0                            LAT/LON1/LON2/DLON/H
   56   60   61   65   68   73   78   84   90   94   99  102  104  104  102   99
   96   96  101  112  126  141  155  167  178  191  203  213  220  227  236  251
  272  297  322  342  355  361  360  355  347  338  331  324  317  310  300  290
  280  272  264  256  244  228  210  193  180  173  167  161  152  143  134  125
  113  100   91   77   72   63   60   62   56                                   
    27.5-180.0 180.0   5.0 450.0                            LAT/LON1/LON2/DLON/H
   57   58   55   57   59   62   67   72   79   85   91   96   99  100  100   99
   98   99  106  118  133  149  163  175  187  200  214  227  239  252  269  292
  321  352  380  401  412  414  410  402  395  389  385  381  377  371  364  356
  349  344  341  337  327  311  290  270  253  242  232  221  207  192  176  161
  143  126  112   94   86   73   67   64   57                                   
    25.0-180.0 180.0   5.0 450.0                            LAT/LON1/LON2/DLON/H
   68   67   60   59   58   58   61   64   70   75   81   86   90   93   95   96
   97  101  109  123  139  156  171  183  195  209  224  241  259  280  306  339
  375  412  441  460  467  465  458  450  446  445  446  448  448  446  440  435
  430  429  428  426  418  401  377  353  333  317  304  289  272  251  229  208
  185  165  146  125  113   96   88   78   68                                   
    22.5-180.0 180.0   5.0 450.0                            LAT/LON1/LON2/DLON/H
   91   87   76   70   66   63   63   62   65   69   73   77   81   84   88   91
   95  101  111  126  144  162  178  191  203  217  234  255  279  309  343  384
  426  464  492  508  510  504  496  491  491  497  506  514  520  520  518  513
  510  510  511  510  502  483  457  428  403  384  369  353  332  308  283  258
  232  209  186  164  150  131  118  103   91                                   
    20.0-180.0 180.0   5.0 450.0                            LAT/LON1/LON2/DLON/H
  123  117  103   91   82   75   71   67   66   67   69   71   74   77   81   86
   92  100  113  130  149  168  184  197  209  224  243  268  298  334  375  419
  463  500  524  535  533  526  519  519  526  540  556  570  579  582  580  575
  572  572  574  572  562  541  510  477  448  427  411  396  376  352  326  300
  272  250  224  205  189  170  153  137  123                                   
    17.5-180.0 180.0   5.0 450.0                            LAT/LON1/LON2/DLON/H
  158  152  137  118  103   91   84   77   72   70   69   70   71   74   77   82
   90  100  115  133  153  173  189  202  215  230  252  280  314  355  398  442
  483  515  534  540  537  531  529  535  549  569  590  607  617  619  616  611
  608  607  607  603  589  564  528  490  458  435  421  408  392  372  348  323
  298  278  253  238  221  205  187  171  158                                   
    15.0-180.0 180.0   5.0 450.0                            LAT/LON1/LON2/DLON/H
  186  183  169  145  124  109  100   90   82   77   74   73   73   74   77   82
   90  102  119  138  158  178  194  207  221  238  261  292  330  371  413  453
  488  513  527  531  529  527  530  541  561  584  607  624  632  632  628  622
  617  614  610  602  584  553  512  469  434  411  398  390  380  365  346  326
  305  289  267  256  239  227  210  197  186                                   
    12.5-180.0 180.0   5.0 450.0                            LAT/LON1/LON2/DLON/H
  201  202  192  166  143  126  117  105   94   87   82   79   78   78   79   84
   93  106  124  144  164  183  199  214  229  248  274  307  345  384  422  456
  483  501  511  515  515  518  527  544  567  591  611  624  629  626  620  613
  607  601  594  581  558  522  476  430  392  368  357  352  347  338  325  310
  294  282  266  258  243  234  220  210  201                                   
    10.0-180.0 180.0   5.0 450.0                            LAT/LON1/LON2/DLON/H
  203  208  202  177  156  141  133  121  108   99   92   88   85   84   84   88
   97  112  131  152  172  190  207  222  240  262  291  325  361  398  430  456
  476  488  496  500  504  513  528  548  572  593  608  615  615  610  602  594
  587  579  568  552  526  488  440  390  350  325  314  311  310  305  297  285
  273  265  254  248  236  229  217  209  203                                   
     7.5-180.0 180.0   5.0 450.0                            LAT/LON1/LON2/DLON/H
  198  205  202  179  163  151  146  135  122  111  102   96   92   90   89   92
  102  119  139  161  181  200  217  235  255  280  311  345  380  412  438  457
