data/edconvlstm_nd/pred0340.15i
     1.0            IONOSPHERE MAPS     GNSS                IONEX VERSION / TYPE
pyspatialgeodesy        IME             05-JAN-18 20:20     PGM / RUN BY / DATE 
Map Name                                                    COMMENT             
Predicted global ionosphere maps (GIM).                     DESCRIPTION         
  2015     2     3     0     0     0                        EPOCH OF FIRST MAP  
  2015     2     4     0     0     0                        EPOCH OF LAST MAP   
  7200                                                      INTERVAL            
    13                                                      # OF MAPS IN FILE   
  NONE                                                      MAPPING FUNCTION    
10.0                                                        ELEVATION CUTOFF    
One-way carrier phase leveled to code                       OBSERVABLES USED    
  6371.0                                                    BASE RADIUS         
 2                                                          MAP DIMENSION       
   450.0 450.0   0.0                                        HGT1 / HGT2 / DHGT  
    87.5 -87.5  -2.5                                        LAT1 / LAT2 / DLAT  
  -180.0 180.0   5.0                                        LON1 / LON2 / DLON  
    -1                                                      EXPONENT            
                                                            END OF HEADER       
     1                                                      START OF TEC MAP    
  2015     2     3     0     0     0                        EPOCH OF CURRENT MAP
    87.5-180.0 180.0   5.0 450.0                            LAT/LON1/LON2/DLON/H
  104  104  108  101  100  104  103  103  105  105  107  108  109  109  109  108
  107  106  105  103  101   98   96   94   92   89   87   85   83   82   80   78
   77   76   75   74   73   73   73   73   73   74   74   75   76   77   78   79
   81   82   83   84   85   86   86   87   88   88   88   88   89   88   89   89
   90   90   90   90   84   92  102  101  104                                   
    85.0-180.0 180.0   5.0 450.0                            LAT/LON1/LON2/DLON/H
  109  115  100  108  111  118  117  118  120  120  122  123  123  123  123  122
  120  118  116  113  110  106  103   99   96   92   89   86   83   80   78   76
   74   73   72   71   71   71   72   73   74   75   77   78   80   82   84   86
   87   89   91   92   93   94   95   96   97   97   98   98   98   98   98   99
  100  101  102  104  104  111  119  118  109                                   
    82.5-180.0 180.0   5.0 450.0                            LAT/LON1/LON2/DLON/H
  113  111  127  124  127  136  136  137  142  143  145  147  148  148  147  145
  142  139  136  131  126  121  116  110  105   99   93   88   83   79   75   71
   69   67   66   66   66   67   68   70   72   75   77   80   83   86   88   91
   93   96   98  100  102  103  105  106  107  107  108  108  108  108  109  110
  110  110  110  109  113  106  115  119  113                                   
    80.0-180.0 180.0   5.0 450.0                            LAT/LON1/LON2/DLON/H
  132  131  133  129  136  143  148  152  158  160  162  165  165  165  163  160
  156  151  146  140  133  127  120  112  105   98   91   85   79   74   70   66
   64   63   63   63   65   66   69   72   75   78   82   86   89   92   96   99
  102  105  107  109  111  113  114  115  115  116  116  116  115  115  116  116
  116  115  116  116  131  122  136  146  132                                   
    77.5-180.0 180.0   5.0 450.0                            LAT/LON1/LON2/DLON/H
  149  148  145  150  148  155  161  169  175  177  181  184  184  183  180  176
  171  165  158  150  143  135  127  120  112  104   97   90   84   78   74   71
   70   69   70   71   73   76   79   82   86   89   93   96  100  103  106  109
  112  115  117  120  122  123  124  125  125  125  125  124  124  124  124  124
  124  126  126  129  138  139  147  168  149                                   
    75.0-180.0 180.0   5.0 450.0                            LAT/LON1/LON2/DLON/H
  166  159  159  166  163  170  174  181  187  190  193  194  193  190  185  178
  170  162  154  146  139  133  126  120  114  107  101   95   90   86   83   81
   81   81   82   84   87   89   92   95   98  101  103  106  108  111  113  116
  118  120  122  124  126  127  128  128  127  127  126  125  125  125  125  126
  126  130  133  132  143  154  160  181  166                                   
    72.5-180.0 180.0   5.0 450.0                            LAT/LON1/LON2/DLON/H
  170  172  176  180  179  183  188  195  202  204  206  206  203  196  188  177
  167  157  148  141  135  131  127  124  120  116  112  107  103  100   98   96
   96   96   98  100  102  104  106  108  110  112  113  114  115  116  118  119
  121  123  125  127  128  129  129  128  127  125  124  123  122  122  123  125
  126  130  137  138  148  160  172  198  170                                   
    70.0-180.0 180.0   5.0 450.0                            LAT/LON1/LON2/DLON/H
  186  185  188  196  194  197  202  209  216  218  219  217  210  199  186  171
  157  144  135  129  125  124  123  123  122  121  119  116  113  111  109  107
  107  108  109  111  112  114  115  116  117  117  117  118  118  118  119  121
  123  125  128  130  131  132  132  130  128  126  124  122  121  121  123  126
  128  132  140  143  154  171  184  209  186                                   
    67.5-180.0 180.0   5.0 450.0                            LAT/LON1/LON2/DLON/H
  194  195  197  206  203  206  211  218  225  227  227  223  213  199  181  162
  144  130  119  114  112  113  115  118  120  120  119  117  114  111  109  107
  106  106  107  107  108  109  109  109  109  109  109  109  109  109  110  112
  114  117  120  124  126  128  128  126  124  122  119  118  117  118  120  124
  126  130  139  142  155  173  189  217  194                                   
    65.0-180.0 180.0   5.0 450.0                            LAT/LON1/LON2/DLON/H
  198  196  199  209  207  210  216  224  232  235  235  230  218  200  179  157
  136  120  109  104  104  106  110  114  116  116  115  112  109  105  102   99
   97   96   96   95   95   95   95   95   95   95   95   95   95   95   96   98
  100  104  109  114  118  120  121  120  118  116  114  114  115  117  120  124
  127  132  140  143  155  173  192  223  198                                   
    62.5-180.0 180.0   5.0 450.0                            LAT/LON1/LON2/DLON/H
  199  195  199  209  209  212  218  227  237  241  242  237  225  206  183  159
  138  120  109  104  103  105  108  110  110  109  106  102   98   93   89   86
   83   82   80   79   78   77   76   76   77   77   78   79   79   79   80   81
   83   87   93  100  106  110  112  112  111  109  110  111  115  120  125  131
  134  139  146  148  156  173  193  228  199                                   
    60.0-180.0 180.0   5.0 450.0                            LAT/LON1/LON2/DLON/H
  198  194  199  208  209  212  217  227  238  243  245  242  231  214  192  169
  148  131  119  112  108  106  105  103  100   96   92   87   82   78   74   71
   68   65   63   61   60   59   59   59   60   62   64   65   65   65   64   64
   66   70   76   84   91   97  101  102  102  102  105  110  118  126  135  143
  148  152  160  160  166  177  197  235  198                                   
    57.5-180.0 180.0   5.0 450.0                            LAT/LON1/LON2/DLON/H
  205  201  206  213  215  217  220  229  239  245  248  246  237  223  205  185
  166  150  136  126  117  109  102   94   87   80   75   70   67   64   61   59
   56   54   52   50   49   49   48   49   50   52   54   56   56   55   53   52
   53   56   63   71   80   87   92   94   95   98  103  112  124  137  151  162
  169  174  182  183  186  191  209  250  205                                   
    55.0-180.0 180.0   5.0 450.0                            LAT/LON1/LON2/DLON/H
  221  219  223  229  230  232  232  238  245  249  251  249  243  233  220  205
  189  174  158  142  127  111   97   84   74   66   61   59   57   56   55   53
   51   49   48   47   47   46   46   47   48   50   52   53   53   51   48   46
   46   50   57   66   76   83   89   91   93   97  105  118  134  152  170  185
  196  203  212  214  216  215  231  273  221                                   
    52.5-180.0 180.0   5.0 450.0                            LAT/LON1/LON2/DLON/H
  250  249  251  255  257  258  255  257  259  259  258  255  250  243  235  225
  213  198  179  158  136  114   94   79   67   60   57   56   56   57   57   55
   54   52   51   51   52   52   53   53   54   56   58   59   58   56   52   49
   48   52   59   70   80   88   94   96   98  103  113  128  148  170  192  211
  225  236  247  250  253  249  262  304  250                                   
    50.0-180.0 180.0   5.0 450.0                            LAT/LON1/LON2/DLON/H
  289  290  288  291  295  295  289  286  282  276  269  263  258  253  248  243
  233  218  197  172  145  120   98   82   71   64   62   62   64   65   65   63
   61   59   60   62   64   65   66   66   67   68   70   71   71   68   64   61
   60   64   72   83   93  102  107  109  110  115  125  142  164  188  212  235
  253  268  282  289  294  289  302  341  289                                   
    47.5-180.0 180.0   5.0 450.0                            LAT/LON1/LON2/DLON/H
  329  335  331  335  340  339  331  322  311  298  285  275  267  263  260  256
  248  233  211  183  156  131  110   95   84   78   76   77   79   79   77   73
   69   68   70   74   79   82   83   83   84   85   87   88   89   87   83   80
   80   84   92  103  114  123  127  128  128  132  141  158  179  203  227  251
  272  292  309  322  331  330  343  376  329                                   
    45.0-180.0 180.0   5.0 450.0                            LAT/LON1/LON2/DLON/H
  361  375  373  379  385  384  374  360  343  323  305  290  279  273  270  266
  257  242  219  194  169  147  130  116  107  101   98   97   96   92   86   79
   75   74   78   85   92   97  100  100  100  102  104  106  108  107  105  103
  104  108  115  126  138  146  149  148  148  150  159  173  192  212  234  257
  280  302  324  342  356  360  376  402  361                                   
    42.5-180.0 180.0   5.0 450.0                            LAT/LON1/LON2/DLON/H
  378  400  403  412  420  420  410  393  372  348  325  307  294  285  280  273
  263  246  226  204  185  170  157  146  136  128  121  115  109  100   89   80
   75   77   83   93  102  109  111  112  113  115  119  122  125  126  126  126
  127  130  138  148  158  165  167  167  166  169  176  188  203  219  236  256
  277  301  325  347  363  373  392  414  378                                   
    40.0-180.0 180.0   5.0 450.0                            LAT/LON1/LON2/DLON/H
  381  406  414  425  435  437  427  412  391  366  343  324  309  298  289  280
  266  250  233  218  207  199  191  181  168  153  139  125  112   99   87   78
   75   78   88   99  109  115  118  120  122  125  129  134  137  140  141  142
  145  148  155  162  170  176  179  180  180  184  191  202  213  225  238  253
  271  293  317  339  356  369  392  413  381                                   
    37.5-180.0 180.0   5.0 450.0                            LAT/LON1/LON2/DLON/H
  375  398  406  417  429  432  424  411  395  374  354  337  323  311  299  286
  272  257  244  237  235  233  227  213  192  168  144  125  109   95   85   79
   79   85   96  108  117  122  123  125  127  132  137  142  145  147  150  152
  154  156  160  165  172  178  182  186  190  197  205  215  225  234  243  255
  269  287  309  328  342  358  384  408  375                                   
    35.0-180.0 180.0   5.0 450.0                            LAT/LON1/LON2/DLON/H
  368  385  391  398  410  413  406  397  386  371  357  345  333  321  309  294
  279  267  261  261  264  263  253  230  199  166  139  119  105   97   91   90
   94  103  114  124  130  132  131  131  134  139  145  148  149  150  151  151
  152  152  153  156  162  169  177  186  195  206  218  230  240  248  257  267
  277  291  309  324  337  352  381  410  368                                   
    32.5-180.0 180.0   5.0 450.0                            LAT/LON1/LON2/DLON/H
  376  384  382  383  392  394  387  380  373  363  355  347  338  328  316  302
  289  281  280  284  286  280  260  228  189  154  130  117  111  111  113  118
  126  136  146  152  153  150  145  143  145  150  154  155  152  149  146  144
  141  139  137  139  145  154  166  180  195  212  230  245  259  270  281  292
  302  313  328  338  350  363  393  427  376                                   
    30.0-180.0 180.0   5.0 450.0                            LAT/LON1/LON2/DLON/H
  411  407  395  387  391  389  380  373  367  359  353  347  340  331  320  308
  299  295  296  299  296  281  250  210  171  143  129  128  135  146  157  168
  178  187  193  194  189  178  168  162  162  165  167  164  156  147  140  134
  128  123  119  119  124  135  151  169  190  213  236  258  278  295  313  329
  344  357  369  377  390  401  428  467  411                                   
    27.5-180.0 180.0   5.0 450.0                            LAT/LON1/LON2/DLON/H
  480  462  439  423  418  411  399  389  380  369  360  352  343  333  323  313
  306  304  305  302  290  265  228  189  159  145  147  161  183  206  225  239
  248  253  254  248  234  216  200  189  186  186  184  176  163  149  137  128
  119  111  104  103  107  118  135  156  181  208  238  266  294  322  349  376
  401  419  433  442  458  472  497  535  480                                   
    25.0-180.0 180.0   5.0 450.0                            LAT/LON1/LON2/DLON/H
  577  549  521  499  482  470  452  436  420  402  385  370  354  340  327  316
  309  306  301  291  270  239  205  179  166  171  192  224  260  292  314  325
  328  326  318  303  282  257  235  220  213  209  204  192  175  156  140  127
  116  106   98   94   97  107  123  145  172  204  238  273  310  348  387  427
  463  491  511  527  549  571  600  630  577                                   
    22.5-180.0 180.0   5.0 450.0                            LAT/LON1/LON2/DLON/H
  688  658  637  616  588  569  543  518  492  463  434  407  381  357  337  322
  310  300  287  269  244  219  199  192  201  228  268  316  360  392  408  410
  402  389  370  348  321  294  269  251  240  233  224  209  189  168  149  133
  120  109   99   94   94  102  118  140  168  202  240  281  325  373  424  475
  523  560  590  617  644  677  717  738  688                                   
    20.0-180.0 180.0   5.0 450.0                            LAT/LON1/LON2/DLON/H
  792  767  763  753  721  698  667  634  595  553  510  468  427  392  361  336
  315  294  272  249  229  216  216  231  265  314  371  425  465  486  487  474
  451  425  398  372  345  320  296  277  264  254  243  227  206  182  161  144
  130  117  106  100   98  105  119  140  170  205  246  292  342  397  457  518
  575  619  657  696  725  763  814  833  792                                   
    17.5-180.0 180.0   5.0 450.0                            LAT/LON1/LON2/DLON/H
  865  853  868  872  846  828  800  764  718  666  609  551  496  446  402  364
  329  297  267  244  232  235  256  297  355  421  481  525  547  547  528  497
  461  425  394  370  351  332  313  296  282  271  260  244  223  199  177  158
  143  128  117  108  106  111  124  146  176  213  256  305  359  420  486  552
  614  662  705  748  777  810  867  890  865                                   
    15.0-180.0 180.0   5.0 450.0                            LAT/LON1/LON2/DLON/H
  890  896  928  944  932  926  909  880  836  782  719  651  584  520  461  408
  359  316  280  259  256  276  321  385  458  524  570  590  584  557  517  472
  427  390  364  349  340  332  321  307  295  284  273  258  239  216  193  173
  155  139  126  117  113  117  131  153  183  222  266  317  375  439  508  577
  640  686  729  771  795  819  873  903  890                                   
    12.5-180.0 180.0   5.0 450.0                            LAT/LON1/LON2/DLON/H
  868  891  935  961  964  973  971  955  923  877  819  753  681  607  536  469
  407  353  313  295  303  341  404  480  550  598  616  602  565  514  460  408
  366  337  322  320  324  326  323  314  303  294  284  271  252  230  206  183
  164  147  133  123  119  123  136  159  191  230  276  328  387  453  523  591
  651  695  733  768  786  800  845  877  868                                   
    10.0-180.0 180.0   5.0 450.0                            LAT/LON1/LON2/DLON/H
  820  854  902  932  947  970  982  981  965  935  891  836  770  697  621  544
  473  411  369  354  372  421  489  558  608  627  610  564  501  435  378  334
  306  292  290  299  312  321  323  318  309  301  292  279  261  237  212  188
  168  151  137  127  123  128  142  167  200  239  284  336  396  462  530  595
  651  691  724  749  760  767  799  828  820                                   
     7.5-180.0 180.0   5.0 450.0                            LAT/LON1/LON2/DLON/H
  770  806  849  878  900  929  952  963  963  951  925  887  837  774  702  625
  551  487  445  433  453  500  557  604  625  610  562  491  414  349  304  280
