data/edconvlstm_nd/pred1040.15i
     1.0            IONOSPHERE MAPS     GNSS                IONEX VERSION / TYPE
pyspatialgeodesy        IME             05-JAN-18 20:20     PGM / RUN BY / DATE 
Map Name                                                    COMMENT             
Predicted global ionosphere maps (GIM).                     DESCRIPTION         
  2015     4    14     0     0     0                        EPOCH OF FIRST MAP  
  2015     4    15     0     0     0                        EPOCH OF LAST MAP   
  7200                                                      INTERVAL            
    13                                                      # OF MAPS IN FILE   
  NONE                                                      MAPPING FUNCTION    
10.0                                                        ELEVATION CUTOFF    
One-way carrier phase leveled to code                       OBSERVABLES USED    
  6371.0                                                    BASE RADIUS         
 2                                                          MAP DIMENSION       
   450.0 450.0   0.0                                        HGT1 / HGT2 / DHGT  
    87.5 -87.5  -2.5                                        LAT1 / LAT2 / DLAT  
  -180.0 180.0   5.0                                        LON1 / LON2 / DLON  
    -1                                                      EXPONENT            
                                                            END OF HEADER       
[from data line 429]
     2                                                      START OF TEC MAP    
  2015     4    14     2     0     0                        EPOCH OF CURRENT MAP
    87.5-180.0 180.0   5.0 450.0                            LAT/LON1/LON2/DLON/H
  175  186  188  187  184  184  181  180  182  183  184  186  187  187  188  188
  188  188  187  187  185  184  182  180  178  175  173  171  168  166  165  163
  162  161  160  160  160  160  160  161  162  163  164  165  166  167  168  169
  170  171  172  173  174  174  175  175  175  175  175  175  175  174  174  174
  175  176  174  175  176  174  172  167  175                                   
    85.0-180.0 180.0   5.0 450.0                            LAT/LON1/LON2/DLON/H
  186  193  176  185  188  188  187  188  190  191  193  195  196  198  199  199
  199  199  198  196  194  192  189  185  181  178  174  170  166  163  160  158
  157  156  155  156  156  158  159  161  163  165  167  169  171  173  175  177
  178  180  181  182  183  184  185  185  185  185  185  185  184  183  182  183
  184  184  181  183  177  177  171  170  186                                   
    82.5-180.0 180.0   5.0 450.0                            LAT/LON1/LON2/DLON/H
  188  184  184  182  181  182  183  185  189  192  194  197  200  202  203  204
  205  204  203  200  197  193  188  183  177  171  165  159  153  148  145  141
  140  139  139  140  142  144  147  150  154  157  160  164  167  170  173  175
  177  180  181  183  184  186  186  187  187  188  188  187  187  186  185  185
  185  183  179  179  180  170  168  164  188                                   
    80.0-180.0 180.0   5.0 450.0                            LAT/LON1/LON2/DLON/H
  183  182  176  177  179  181  186  190  195  199  202  207  211  213  216  217
  217  216  214  211  207  202  195  187  179  170  161  152  144  138  132  128
  126  125  126  128  131  135  139  144  148  153  157  162  165  169  172  175
  178  180  183  185  187  188  190  191  191  192  192  192  192  191  191  191
  190  186  182  182  189  179  181  171  183                                   
    77.5-180.0 180.0   5.0 450.0                            LAT/LON1/LON2/DLON/H
  183  179  178  181  177  181  188  193  199  203  207  212  216  219  221  222
  222  221  219  215  210  204  196  188  178  167  156  146  136  128  122  117
  115  114  116  119  123  128  133  139  144  149  153  157  161  165  168  171
  174  177  180  183  185  187  189  191  192  193  194  195  196  196  196  196
  195  193  187  188  193  185  184  179  183                                   
    75.0-180.0 180.0   5.0 450.0                            LAT/LON1/LON2/DLON/H
  187  185  182  185  181  185  190  195  201  205  208  212  215  217  218  217
  217  215  212  209  205  199  192  183  173  162  150  139  129  120  113  109
  106  106  108  112  117  122  127  133  138  142  146  150  154  157  160  164
  167  171  174  177  180  183  186  188  191  193  194  196  197  198  198  200
  199  197  193  190  194  190  191  187  187                                   
    72.5-180.0 180.0   5.0 450.0                            LAT/LON1/LON2/DLON/H
  189  193  192  191  187  190  194  198  203  206  208  210  210  209  206  204
  201  198  196  194  191  188  182  176  167  157  147  136  126  118  111  107
  105  106  108  111  116  121  126  131  135  138  141  144  147  150  154  157
  161  166  170  174  178  182  185  188  191  193  196  197  199  199  200  202
  201  200  198  197  199  195  196  195  189                                   
    70.0-180.0 180.0   5.0 450.0                            LAT/LON1/LON2/DLON/H
  200  200  199  199  194  195  198  201  205  207  207  206  202  196  190  183
  178  174  172  172  172  171  169  165  158  150  141  132  124  116  111  107
  105  105  107  110  113  117  121  124  127  129  131  132  135  138  142  147
  152  158  163  169  174  179  183  187  190  194  196  198  199  199  200  201
  200  199  199  199  203  202  206  204  200                                   
    67.5-180.0 180.0   5.0 450.0                            LAT/LON1/LON2/DLON/H
  206  208  206  205  199  199  200  202  206  206  204  201  193  183  172  162
  154  149  148  149  151  154  154  153  149  143  136  129  122  115  111  107
  105  105  105  107  109  111  113  114  115  116  117  118  120  124  129  135
  142  150  157  164  170  176  181  186  191  194  197  199  200  199  198  198
  197  195  195  196  201  203  207  210  206                                   
    65.0-180.0 180.0   5.0 450.0                            LAT/LON1/LON2/DLON/H
  211  213  211  210  203  200  200  202  205  205  202  197  187  174  160  147
  137  131  130  132  137  141  143  143  141  137  132  126  120  115  111  108
  106  104  103  103  104  104  105  105  105  104  104  105  108  112  119  126
  135  145  154  162  169  176  182  188  194  198  202  204  204  202  200  198
  195  192  192  192  198  202  209  214  211                                   
    62.5-180.0 180.0   5.0 450.0                            LAT/LON1/LON2/DLON/H
  216  218  217  214  206  201  199  200  203  203  200  195  185  171  155  141
  130  125  124  126  130  134  137  137  135  131  127  122  119  115  112  109
  107  104  102  100   99   98   98   97   96   96   96   97  100  105  113  122
  133  143  153  162  170  178  185  192  199  205  209  212  212  210  206  203
  198  193  192  192  197  202  209  215  216                                   
    60.0-180.0 180.0   5.0 450.0                            LAT/LON1/LON2/DLON/H
  221  223  222  217  208  200  196  196  198  198  196  192  184  171  157  144
  134  128  127  128  131  132  133  131  128  124  120  117  115  114  112  110
  107  103  100   97   95   94   93   93   92   92   92   93   97  103  112  122
  133  144  154  163  172  179  187  195  203  211  217  221  222  220  217  212
  206  200  197  196  199  204  210  216  221                                   
    57.5-180.0 180.0   5.0 450.0                            LAT/LON1/LON2/DLON/H
  230  231  230  223  213  202  195  193  193  192  192  189  183  174  163  152
  144  139  137  136  135  133  130  125  121  117  114  113  112  113  112  110
  107  103   99   96   94   94   93   93   93   93   94   96  100  106  115  126
  137  147  157  165  173  181  190  199  208  217  225  230  233  233  231  227
  221  214  210  208  209  211  216  221  230                                   
    55.0-180.0 180.0   5.0 450.0                            LAT/LON1/LON2/DLON/H
  243  244  243  235  225  211  201  194  192  189  187  186  182  176  169  162
  157  152  149  145  140  134  127  120  114  110  109  109  111  112  113  112
  109  105  102   99   98   98   98   99   99   99  100  102  107  114  123  133
  143  153  161  168  176  184  193  203  213  223  233  240  245  247  247  245
  240  234  230  226  226  225  228  231  243                                   
    52.5-180.0 180.0   5.0 450.0                            LAT/LON1/LON2/DLON/H
  262  263  261  254  245  230  216  204  197  190  186  184  181  178  174  171
  167  163  158  151  143  133  124  116  110  107  107  109  112  115  116  115
  113  110  107  106  105  106  107  108  108  109  109  112  116  123  132  142
  152  160  167  174  180  188  198  209  220  231  241  250  256  261  264  265
  262  258  255  250  248  244  246  246  262                                   
    50.0-180.0 180.0   5.0 450.0                            LAT/LON1/LON2/DLON/H
  284  285  284  279  272  259  242  226  212  200  191  186  182  180  178  177
  174  169  162  153  141  130  120  113  110  109  111  114  118  120  121  121
  119  117  116  116  116  117  118  119  119  119  120  122  127  134  143  153
  162  170  177  183  190  198  208  219  230  241  251  260  268  275  281  285
  285  283  281  275  272  266  268  267  284                                   
    47.5-180.0 180.0   5.0 450.0                            LAT/LON1/LON2/DLON/H
  305  308  308  307  304  293  276  256  237  218  204  194  188  184  182  180
  177  171  161  150  138  128  120  115  114  115  119  123  126  128  128  127
  126  126  127  128  129  130  130  130  130  130  130  132  137  144  154  164
  174  183  190  196  203  212  221  232  243  253  262  271  280  288  296  303
  306  307  306  301  297  291  292  291  305                                   
    45.0-180.0 180.0   5.0 450.0                            LAT/LON1/LON2/DLON/H
  325  328  331  335  335  328  312  291  268  245  224  210  199  193  188  184
  178  170  159  148  138  129  124  122  123  126  130  133  135  135  134  133
  133  135  137  139  140  141  141  140  139  138  139  141  146  154  164  175
  186  196  204  212  219  227  237  247  257  265  274  282  292  301  311  319
  324  328  329  325  322  316  316  314  325                                   
    42.5-180.0 180.0   5.0 450.0                            LAT/LON1/LON2/DLON/H
  342  345  351  357  360  356  344  324  300  273  249  231  217  206  198  190
  181  171  160  150  142  137  135  134  136  139  142  144  143  141  139  138
  140  143  146  149  151  151  149  148  146  146  147  149  154  162  172  185
  197  209  219  227  235  243  252  261  270  278  286  295  305  315  326  335
  342  346  349  348  346  341  340  337  342                                   
    40.0-180.0 180.0   5.0 450.0                            LAT/LON1/LON2/DLON/H
  359  360  365  370  375  374  364  347  325  299  274  253  237  224  212  200
  188  177  167  159  155  152  150  150  150  152  152  152  150  147  145  144
  147  151  156  159  160  159  157  155  154  153  154  157  161  168  178  191
  205  219  230  239  248  256  265  274  283  292  301  311  321  332  343  353
  360  366  371  372  372  368  367  361  359                                   
    37.5-180.0 180.0   5.0 450.0                            LAT/LON1/LON2/DLON/H
  380  377  377  377  381  380  371  358  340  316  293  273  257  242  228  213
  199  188  180  175  173  171  169  166  164  162  160  159  157  154  153  154
  158  163  167  170  170  168  166  164  162  162  163  164  168  173  182  194
  209  224  237  248  257  266  275  285  296  307  318  330  342  354  366  376
  384  390  397  401  403  402  401  392  380                                   
    35.0-180.0 180.0   5.0 450.0                            LAT/LON1/LON2/DLON/H
  413  404  395  385  385  380  370  359  344  324  304  287  273  258  243  227
  212  202  196  194  193  191  186  180  174  170  168  168  168  168  169  171
  175  179  182  183  181  179  176  174  173  172  172  172  173  176  182  193
  208  224  239  251  261  271  282  294  308  323  337  352  367  381  394  405
  414  422  430  437  441  446  446  433  413                                   
    32.5-180.0 180.0   5.0 450.0                            LAT/LON1/LON2/DLON/H
  464  451  430  407  398  386  371  358  344  327  309  295  283  269  254  237
  223  215  211  211  210  206  199  191  184  180  180  183  187  191  194  197
  200  202  201  198  194  191  188  186  184  183  181  179  176  175  179  188
  203  220  235  248  259  270  283  299  318  337  357  376  395  412  428  442
  453  463  474  482  490  503  504  488  464                                   
    30.0-180.0 180.0   5.0 450.0                            LAT/LON1/LON2/DLON/H
  537  523  490  451  431  409  385  367  350  330  313  299  288  275  260  243
  230  223  220  219  217  212  204  198  194  195  200  208  216  223  228  231
  231  228  222  214  207  202  199  197  195  192  188  183  176  172  172  179
  193  210  227  241  253  265  281  300  323  349  374  399  424  446  467  486
  502  516  530  541  553  573  573  555  537                                   
    27.5-180.0 180.0   5.0 450.0                            LAT/LON1/LON2/DLON/H
  628  618  577  526  493  461  426  400  374  348  325  308  294  279  262  245
  231  223  219  216  212  207  204  204  209  217  229  242  254  263  269  270
  266  257  243  228  217  211  207  205  201  196  190  182  172  165  162  168
  182  200  217  232  246  260  278  301  328  357  388  420  450  480  509  536
  560  580  598  612  629  655  653  633  628                                   
    25.0-180.0 180.0   5.0 450.0                            LAT/LON1/LON2/DLON/H
  728  728  685  629  586  548  503  467  429  392  358  332  311  291  269  247
  229  217  208  201  196  195  201  214  230  248  267  284  298  308  312  309
  298  279  257  236  222  214  210  206  201  193  185  175  164  155  152  157
  172  191  210  227  243  260  282  307  336  368  402  438  474  512  549  586
  619  647  672  692  713  745  741  718  728                                   
    22.5-180.0 180.0   5.0 450.0                            LAT/LON1/LON2/DLON/H
  822  834  798  749  702  663  613  568  518  467  419  380  348  318  288  259
  234  214  198  185  180  186  205  232  261  288  311  329  341  348  346  336
  316  289  261  237  221  213  207  202  194  184  175  165  154  145  142  149
  165  186  208  228  247  269  293  322  352  385  420  457  497  540  585  630
  672  708  741  767  792  828  828  804  822                                   
    20.0-180.0 180.0   5.0 450.0                            LAT/LON1/LON2/DLON/H
  902  922  897  863  820  788  741  692  633  569  505  452  406  365  325  287
  254  225  200  183  178  191  221  260  300  333  355  368  374  371  361  341
  315  284  255  231  215  206  200  192  182  172  162  153  144  136  135  144
  162  186  211  235  258  284  313  343  375  407  442  479  521  567  616  666
  714  755  794  826  853  890  898  876  902                                   
    17.5-180.0 180.0   5.0 450.0                            LAT/LON1/LON2/DLON/H
  956  982  970  953  919  900  862  816  755  682  607  540  482  429  379  332
  291  254  223  202  197  214  252  300  344  375  390  392  385  371  352  327
  298  269  242  220  205  196  189  180  169  158  149  142  135  129  130  141
  162  189  217  245  273  303  335  368  400  432  466  503  545  592  642  693
  742  785  825  860  885  918  936  921  956                                   
    15.0-180.0 180.0   5.0 450.0                            LAT/LON1/LON2/DLON/H
  976 1006 1008 1005  985  980  956  918  859  786  707  632  566  504  445  391
  343  302  267  243  237  257  297  346  386  407  407  393  372  350  326  301
  275  249  226  207  194  185  177  167  156  146  139  133  127  123  126  138
  161  190  222  253  285  320  355  390  423  454  488  525  567  614  663  711
  757  796  833  867  886  912  938  933  976                                   
    12.5-180.0 180.0   5.0 450.0                            LAT/LON1/LON2/DLON/H
  962  990 1004 1010 1006 1016 1005  978  928  860  785  712  644  579  515  457
  407  364  328  302  296  314  351  391  417  419  400  371  342  317  295  274
  252  231  211  195  183  174  166  156  145  137  131  127  122  119  122  135
  158  189  222  257  292  330  368  404  437  470  504  543  586  633  679  721
  761  793  825  852  865  882  911  918  962                                   
    10.0-180.0 180.0   5.0 450.0                            LAT/LON1/LON2/DLON/H
  922  939  959  972  980 1001 1004  987  947  890  825  762  702  641  580  523
  474  432  398  373  365  377  402  425  428  408  372  335  305  284  268  252
  235  217  200  186  175  166  157  147  138  131  127  124  119  115  117  129
  152  183  217  253  291  330  369  406  440  475  511  553  599  646  689  727
  759  784  809  830  835  844  871  889  922                                   
     7.5-180.0 180.0   5.0 450.0                            LAT/LON1/LON2/DLON/H
  877  876  894  907  921  947  958  950  920  874  822  774  727  678  625  575
  533  497  466  442  431  432  440  439  417  377  330  291  268  258  250  240
