data/edconvlstm_nd/pred3000.15i
     1.0            IONOSPHERE MAPS     GNSS                IONEX VERSION / TYPE
pyspatialgeodesy        IME             05-JAN-18 20:20     PGM / RUN BY / DATE 
Map Name                                                    COMMENT             
Predicted global ionosphere maps (GIM).                     DESCRIPTION         
  2015    10    27     0     0     0                        EPOCH OF FIRST MAP  
  2015    10    28     0     0     0                        EPOCH OF LAST MAP   
  7200                                                      INTERVAL            
    13                                                      # OF MAPS IN FILE   
  NONE                                                      MAPPING FUNCTION    
10.0                                                        ELEVATION CUTOFF    
One-way carrier phase leveled to code                       OBSERVABLES USED    
  6371.0                                                    BASE RADIUS         
 2                                                          MAP DIMENSION       
   450.0 450.0   0.0                                        HGT1 / HGT2 / DHGT  
    87.5 -87.5  -2.5                                        LAT1 / LAT2 / DLAT  
  -180.0 180.0   5.0                                        LON1 / LON2 / DLON  
    -1                                                      EXPONENT            
                                                            END OF HEADER       
[from data line 3432]
     9                                                      START OF TEC MAP    
  2015    10    27    16     0     0                        EPOCH OF CURRENT MAP
    87.5-180.0 180.0   5.0 450.0                            LAT/LON1/LON2/DLON/H
   89   93   90   95  100   98   97   95   96   98   98   99  100  101  101  102
  103  104  105  105  106  106  106  106  106  106  106  105  104  104  103  102
  101   99   98   97   95   94   92   91   89   88   86   85   84   83   83   82
   82   81   82   82   82   83   83   84   85   85   86   87   88   89   90   90
   91   93   91   88   94   91  103  103   89                                   
    85.0-180.0 180.0   5.0 450.0                            LAT/LON1/LON2/DLON/H
   91   93  104   90   91   95   94   96   96   98   98   99  100  101  102  104
  105  106  107  108  109  110  111  112  112  112  112  112  112  111  110  109
  107  105  104  102  100   97   95   93   91   89   87   85   83   82   80   79
   79   78   78   79   79   80   81   82   83   84   85   87   88   89   90   91
   93   94   91   87   89   90   94   92   91                                   
    82.5-180.0 180.0   5.0 450.0                            LAT/LON1/LON2/DLON/H
   69   80   81   74   77   80   82   83   84   86   87   89   90   92   94   96
   98  100  102  104  106  108  110  111  113  114  114  114  114  113  112  111
  109  107  104  101   98   95   91   88   84   81   78   75   72   69   67   66
   65   64   64   64   64   65   66   68   69   70   72   73   75   76   77   79
   81   82   80   78   80   89   82   79   69                                   
    80.0-180.0 180.0   5.0 450.0                            LAT/LON1/LON2/DLON/H
   53   61   65   60   61   60   64   66   68   71   72   75   77   80   82   85
   87   90   93   96   99  102  105  107  109  111  112  113  113  113  111  110
  108  105  102   98   94   90   85   80   76   71   67   63   59   56   54   52
   51   50   50   51   52   53   54   56   57   59   61   62   64   65   66   68
   70   70   70   69   67   73   69   73   53                                   
    77.5-180.0 180.0   5.0 450.0                            LAT/LON1/LON2/DLON/H
   52   54   53   48   49   49   52   54   57   60   62   66   70   74   77   81
   85   89   93   97  101  105  109  113  116  119  121  122  123  123  122  120
  117  114  110  106  101   95   89   83   76   70   64   59   54   50   47   45
   44   43   44   45   46   47   49   50   52   53   54   55   57   58   59   60
   61   62   62   63   61   61   60   66   52                                   
    75.0-180.0 180.0   5.0 450.0                            LAT/LON1/LON2/DLON/H
   40   45   41   39   40   40   41   44   48   53   57   62   67   72   76   80
   85   89   94   99  104  109  115  120  124  127  130  132  133  133  132  130
  127  124  120  116  110  104   97   90   83   76   69   62   57   52   49   47
   46   45   46   47   48   49   50   51   52   52   53   53   54   54   55   55
   56   56   57   55   55   53   52   48   40                                   
    72.5-180.0 180.0   5.0 450.0                            LAT/LON1/LON2/DLON/H
   38   41   36   37   35   36   39   41   46   52   58   65   72   78   84   89
   94   99  105  111  117  123  130  135  140  143  145  147  147  146  144  142
  140  136  132  127  122  115  108  100   92   83   75   68   62   56   53   50
   49   49   49   50   51   51   52   52   52   51   51   50   50   50   50   50
   50   51   52   50   50   49   48   49   38                                   
    70.0-180.0 180.0   5.0 450.0                            LAT/LON1/LON2/DLON/H
   36   39   35   36   34   33   35   40   46   54   62   71   80   87   94  100
  105  111  117  124  132  139  147  153  158  161  162  162  161  159  157  154
  151  147  143  138  132  126  118  110  102   93   84   76   69   64   59   56
   54   54   54   54   54   54   54   53   52   51   49   48   47   47   47   46
   46   46   48   46   47   46   49   49   36                                   
    67.5-180.0 180.0   5.0 450.0                            LAT/LON1/LON2/DLON/H
   38   41   36   38   36   36   38   44   51   60   70   81   91  100  108  114
  120  127  134  142  151  159  167  173  177  178  178  176  173  169  165  161
  157  153  148  143  138  131  124  116  107   98   89   81   74   68   63   60
   57   56   55   55   55   55   54   53   51   50   48   47   46   46   45   45
   45   44   45   43   44   44   45   46   38                                   
    65.0-180.0 180.0   5.0 450.0                            LAT/LON1/LON2/DLON/H
   39   42   37   40   37   36   39   44   53   64   75   88   99  109  117  124
  130  138  146  155  166  175  183  189  192  193  191  187  182  177  172  167
  162  158  153  148  142  135  127  119  111  102   93   85   77   70   65   60
   57   54   53   52   51   50   49   48   46   45   44   43   43   43   43   43
   42   42   42   41   43   44   45   47   39                                   
    62.5-180.0 180.0   5.0 450.0                            LAT/LON1/LON2/DLON/H
   41   43   38   41   39   38   40   46   55   66   79   93  105  115  123  131
  138  146  155  166  177  187  195  200  202  201  198  193  187  181  175  170
  164  159  154  148  141  134  126  117  109  100   91   83   76   69   62   57
   52   49   46   45   44   43   42   41   41   40   40   40   40   41   42   42
   41   40   40   38   40   40   41   44   41                                   
    60.0-180.0 180.0   5.0 450.0                            LAT/LON1/LON2/DLON/H
   42   44   39   43   40   38   40   45   54   66   80   93  106  116  125  132
  140  148  159  170  182  192  200  204  205  204  200  195  190  184  179  174
  168  162  156  149  141  133  124  115  106   98   90   82   74   67   60   53
   48   44   41   38   37   37   36   36   36   36   37   38   39   41   42   43
   42   40   39   37   38   38   39   42   42                                   
    57.5-180.0 180.0   5.0 450.0                            LAT/LON1/LON2/DLON/H
   45   46   43   46   42   41   43   48   57   68   81   95  107  117  125  133
  141  150  160  172  183  193  200  204  204  202  199  196  192  189  185  181
  176  170  163  155  146  136  127  117  108  100   92   85   77   70   63   56
   50   45   41   39   38   37   37   37   38   39   40   42   44   46   48   48
   47   45   43   40   40   39   39   42   45                                   
    55.0-180.0 180.0   5.0 450.0                            LAT/LON1/LON2/DLON/H
   50   52   49   51   49   48   49   54   62   73   85   97  109  119  127  135
  143  152  162  172  183  191  197  200  200  199  197  196  195  194  193  191
  187  181  173  164  155  144  134  124  114  106   99   92   86   79   71   64
   58   53   49   47   46   45   45   45   46   47   49   51   53   56   58   59
   57   54   52   48   47   44   43   45   50                                   
    52.5-180.0 180.0   5.0 450.0                            LAT/LON1/LON2/DLON/H
   58   60   58   60   58   59   60   65   72   81   92  103  114  123  132  140
  148  156  165  174  183  190  194  196  196  196  196  198  200  202  203  202
  199  194  186  177  167  157  146  136  127  119  112  106  100   93   86   79
   74   69   66   64   62   61   60   61   61   62   63   65   67   69   71   72
   71   69   66   62   59   55   53   52   58                                   
    50.0-180.0 180.0   5.0 450.0                            LAT/LON1/LON2/DLON/H
   68   70   70   71   71   73   75   80   87   95  104  114  124  133  141  149
  157  164  172  179  186  191  194  195  196  196  199  202  207  211  214  214
  211  206  199  191  182  172  162  152  143  135  129  123  117  111  104   98
   93   89   87   85   83   81   80   79   79   79   80   80   82   84   86   87
   87   85   83   79   76   72   69   64   68                                   
    47.5-180.0 180.0   5.0 450.0                            LAT/LON1/LON2/DLON/H
   80   82   80   83   85   89   92   98  104  112  120  129  137  146  154  162
  169  175  181  187  192  196  198  199  199  201  205  210  215  220  222  222
  219  215  209  203  196  188  179  169  160  151  144  138  132  126  120  115
  111  108  106  103  101   99   97   96   95   94   94   94   95   96   98  100
  101  100   99   96   94   89   86   79   80                                   
    45.0-180.0 180.0   5.0 450.0                            LAT/LON1/LON2/DLON/H
   90   92   88   92   97  103  107  114  122  130  137  145  153  162  170  177
  183  188  193  197  200  203  205  207  208  210  214  218  223  226  226  225
  222  219  216  212  208  202  193  184  174  164  156  149  142  136  130  125
  121  118  116  114  111  108  105  104  103  103  103  103  103  104  107  110
  111  112  112  110  110  106  103   95   90                                   
    42.5-180.0 180.0   5.0 450.0                            LAT/LON1/LON2/DLON/H
   97   97   92   98  104  112  119  128  136  145  153  161  170  178  186  193
  197  201  204  207  210  213  215  217  218  220  223  226  227  227  225  223
  220  219  219  219  218  214  206  196  184  172  162  153  145  138  131  126
  122  119  117  114  110  106  104  103  103  104  104  105  106  107  110  114
  116  118  119  119  120  116  114  107   97                                   
    40.0-180.0 180.0   5.0 450.0                            LAT/LON1/LON2/DLON/H
   97   97   91   99  106  115  124  135  145  156  166  176  185  194  202  207
  210  212  214  217  220  223  226  228  229  230  231  230  229  226  222  220
  219  222  226  229  230  227  219  206  191  177  164  153  143  135  127  121
  116  113  110  106  101   97   95   95   97   99  101  102  104  106  110  113
  116  118  119  119  122  119  117  112   97                                   
    37.5-180.0 180.0   5.0 450.0                            LAT/LON1/LON2/DLON/H
   92   90   85   94  102  111  122  135  149  163  175  187  198  208  215  220
  221  222  223  225  229  232  235  236  236  236  235  233  229  225  222  222
  225  232  241  248  250  246  235  219  200  182  165  152  142  133  124  117
  111  106  102   98   92   88   86   87   90   94   97   99  102  105  108  112
  113  114  115  114  115  113  111  109   92                                   
    35.0-180.0 180.0   5.0 450.0                            LAT/LON1/LON2/DLON/H
   83   81   76   85   93  102  114  130  148  165  181  196  210  220  228  231
  231  230  230  233  236  239  241  241  239  238  236  234  231  229  229  234
  244  256  269  279  281  274  259  238  214  191  172  158  147  138  129  122
  115  109  104   99   93   88   85   87   90   95   98  101  104  107  111  113
  113  112  110  107  106  103  100  101   83                                   
    32.5-180.0 180.0   5.0 450.0                            LAT/LON1/LON2/DLON/H
   75   72   69   76   83   90  104  122  143  165  185  203  219  232  239  242
  241  239  239  240  243  244  243  241  238  237  236  237  238  241  248  260
  277  296  314  324  325  313  293  265  236  210  188  173  163  155  148  141
  135  129  123  117  110  104  101  101  104  107  110  112  114  117  120  122
  119  115  110  103   98   93   90   92   75                                   
    30.0-180.0 180.0   5.0 450.0                            LAT/LON1/LON2/DLON/H
   71   68   65   69   74   79   95  115  139  164  188  209  228  242  250  252
  251  249  248  249  249  248  243  238  235  235  239  245  253  264  279  299
  325  351  373  384  380  363  335  302  268  239  216  201  193  189  185  180
  175  169  164  157  150  142  137  134  134  134  134  134  135  137  140  140
  135  128  119  107   99   90   85   87   71                                   
    27.5-180.0 180.0   5.0 450.0                            LAT/LON1/LON2/DLON/H
   73   70   66   67   70   73   90  110  137  165  191  215  235  251  260  263
  263  261  260  259  256  251  243  237  234  238  248  262  278  298  322  353
  387  420  443  451  442  417  383  345  308  276  254  241  236  236  236  235
  232  229  224  218  210  200  191  184  179  174  169  165  164  165  167  166
  159  150  137  121  108   95   87   87   73                                   
    25.0-180.0 180.0   5.0 450.0                            LAT/LON1/LON2/DLON/H
   81   76   71   69   71   73   90  111  139  168  195  220  242  259  270  275
  276  275  273  270  264  256  246  239  240  249  266  288  314  343  377  416
  457  494  516  519  502  470  430  389  351  319  298  287  286  290  295  298
  299  298  296  290  281  268  255  242  230  219  209  201  197  196  197  196
  189  178  162  144  126  108   96   90   81                                   
    22.5-180.0 180.0   5.0 450.0                            LAT/LON1/LON2/DLON/H
   92   85   76   74   74   77   95  115  144  172  199  225  247  265  278  286
  289  289  288  283  275  264  254  250  255  271  295  326  359  397  437  482
  526  561  577  572  547  510  469  427  391  361  341  332  333  340  348  355
  360  362  361  356  345  330  312  294  276  259  244  232  225  223  225  224
  217  207  188  171  149  125  109   98   92                                   
    20.0-180.0 180.0   5.0 450.0                            LAT/LON1/LON2/DLON/H
  103   93   81   78   79   83  101  122  150  178  204  229  252  272  287  297
  303  305  304  298  289  278  271  271  282  305  336  372  411  452  495  540
  579  605  612  599  571  534  494  456  424  397  378  368  368  375  384  393
  398  401  401  396  385  368  348  327  306  286  267  253  245  242  243  243
  238  231  211  195  170  142  122  107  103                                   
    17.5-180.0 180.0   5.0 450.0                            LAT/LON1/LON2/DLON/H
  112  100   84   81   81   87  107  129  156  184  210  234  258  279  297  311
  319  323  322  317  308  300  297  304  322  351  386  425  464  503  541  576
  603  618  617  602  575  542  507  476  448  423  403  390  385  387  393  399
  403  406  406  401  390  374  354  334  314  294  276  262  253  250  251  252
  249  245  226  211  185  154  132  116  112                                   
    15.0-180.0 180.0   5.0 450.0                            LAT/LON1/LON2/DLON/H
  117  103   85   82   82   90  111  133  161  189  215  241  266  290  311  327
  339  345  346  341  335  331  334  348  372  405  443  479  512  542  568  588
  602  608  603  589  567  540  514  489  466  441  417  396  382  375  374  374
  376  377  377  374  365  351  335  318  302  286  271  259  251  248  249  250
  249  247  230  217  191  160  137  120  117                                   
    12.5-180.0 180.0   5.0 450.0                            LAT/LON1/LON2/DLON/H
  118  103   85   82   83   91  114  137  166  195  223  250  278  305  329  348
  363  372  374  372  369  370  379  400  430  464  499  528  551  566  577  583
  587  587  582  572  557  540  522  503  481  455  423  392  366  348  337  331
  329  328  329  328  322  312  301  289  279  268  258  248  241  238  238  239
  238  238  224  212  189  159  136  121  118                                   
    10.0-180.0 180.0   5.0 450.0                            LAT/LON1/LON2/DLON/H
  117  102   84   83   84   93  116  141  172  203  233  263  294  323  350  373
  391  402  408  409  410  415  431  456  488  521  549  568  577  578  575  571
  569  567  565  562  555  547  536  521  499  468  429  386  348  319  299  287
  280  279  280  281  279  273  267  261  256  251  244  237  230  226  225  224
  223  223  212  201  182  155  133  119  117                                   
     7.5-180.0 180.0   5.0 450.0                            LAT/LON1/LON2/DLON/H
  117  102   86   86   88   97  121  147  179  213  245  278  312  344  374  400
  420  435  444  449  454  464  483  511  542  571  590  596  592  581  569  561
