data/edconvlstm_nd/pred1470.15i
     1.0            IONOSPHERE MAPS     GNSS                IONEX VERSION / TYPE
pyspatialgeodesy        IME             05-JAN-18 20:20     PGM / RUN BY / DATE 
Map Name                                                    COMMENT             
Predicted global ionosphere maps (GIM).                     DESCRIPTION         
  2015     5    27     0     0     0                        EPOCH OF FIRST MAP  
  2015     5    28     0     0     0                        EPOCH OF LAST MAP   
  7200                                                      INTERVAL            
    13                                                      # OF MAPS IN FILE   
  NONE                                                      MAPPING FUNCTION    
10.0                                                        ELEVATION CUTOFF    
One-way carrier phase leveled to code                       OBSERVABLES USED    
  6371.0                                                    BASE RADIUS         
 2                                                          MAP DIMENSION       
   450.0 450.0   0.0                                        HGT1 / HGT2 / DHGT  
    87.5 -87.5  -2.5                                        LAT1 / LAT2 / DLAT  
  -180.0 180.0   5.0                                        LON1 / LON2 / DLON  
    -1                                                      EXPONENT            
                                                            END OF HEADER       
[from data line 4290]
    11                                                      START OF TEC MAP    
  2015     5    27    20     0     0                        EPOCH OF CURRENT MAP
    87.5-180.0 180.0   5.0 450.0                            LAT/LON1/LON2/DLON/H
  180  167  152  159  159  159  159  157  157  158  157  157  157  157  157  157
  157  157  156  156  155  155  154  154  153  152  151  151  150  149  149  148
  148  147  147  146  146  146  145  145  146  146  146  147  147  148  149  149
  150  151  151  152  152  153  153  154  154  154  155  155  155  155  155  155
  154  154  153  155  166  165  168  173  180                                   
    85.0-180.0 180.0   5.0 450.0                            LAT/LON1/LON2/DLON/H
  168  167  169  164  160  164  164  165  165  166  165  166  166  166  166  166
  165  165  165  164  164  163  162  161  160  159  158  157  156  155  154  152
  151  150  149  149  148  147  147  147  147  148  148  149  150  151  152  153
  154  155  156  157  158  159  160  160  161  161  162  162  162  162  162  162
  163  163  162  161  166  158  160  165  168                                   
    82.5-180.0 180.0   5.0 450.0                            LAT/LON1/LON2/DLON/H
  148  153  154  152  152  157  158  159  158  159  159  160  160  160  160  160
  160  160  160  159  158  157  156  155  153  152  150  148  147  145  143  142
  140  138  137  135  134  133  133  133  133  133  134  135  137  139  140  142
  144  146  148  149  151  152  153  154  155  155  156  156  156  156  156  155
  155  153  152  157  158  163  157  151  148                                   
    80.0-180.0 180.0   5.0 450.0                            LAT/LON1/LON2/DLON/H
  144  149  152  151  149  153  155  158  159  161  161  162  162  163  163  163
  163  163  163  162  161  159  158  156  154  151  149  146  144  142  139  137
  135  133  130  129  127  126  125  125  125  126  127  129  132  134  137  140
  142  145  147  149  151  152  154  155  155  156  156  156  156  156  156  156
  155  154  152  154  153  147  146  148  144                                   
    77.5-180.0 180.0   5.0 450.0                            LAT/LON1/LON2/DLON/H
  149  145  151  150  151  155  157  160  161  163  163  165  166  166  167  168
  168  168  168  167  166  164  163  160  157  155  152  149  146  143  141  138
  135  133  130  128  126  124  123  122  122  123  125  127  130  134  137  141
  144  147  150  152  154  155  156  157  157  158  158  158  158  158  157  156
  155  153  151  151  155  144  147  154  149                                   
    75.0-180.0 180.0   5.0 450.0                            LAT/LON1/LON2/DLON/H
  150  148  149  150  151  156  157  160  163  166  166  168  170  171  172  173
  174  174  174  173  172  170  168  165  161  158  154  151  148  145  143  140
  138  136  133  130  127  125  123  122  122  122  124  127  130  133  137  141
  144  147  150  152  153  154  154  155  155  156  157  158  158  158  158  158
  156  155  153  149  151  141  144  142  150                                   
    72.5-180.0 180.0   5.0 450.0                            LAT/LON1/LON2/DLON/H
  153  149  150  155  154  160  162  165  166  169  170  172  174  175  177  178
  179  180  180  179  178  176  173  169  165  160  156  153  149  147  145  144
  142  140  137  134  131  128  125  123  122  122  123  126  129  133  136  140
  143  146  148  149  149  150  150  150  150  152  153  155  156  157  158  158
  156  155  153  149  150  141  144  149  153                                   
    70.0-180.0 180.0   5.0 450.0                            LAT/LON1/LON2/DLON/H
  158  154  155  158  157  161  163  166  168  171  173  175  178  180  182  183
  184  185  185  185  183  180  177  172  167  162  157  154  151  150  149  149
  148  147  145  141  137  133  129  126  124  124  124  126  128  131  134  137
  139  141  142  142  141  140  140  140  140  142  145  148  151  154  157  158
  158  157  156  152  153  146  149  152  158                                   
    67.5-180.0 180.0   5.0 450.0                            LAT/LON1/LON2/DLON/H
  169  165  166  170  169  172  173  176  177  180  181  184  187  190  192  193
  195  195  196  195  193  190  186  181  175  169  164  161  159  158  159  161
  162  161  159  156  152  146  141  137  134  133  132  133  134  136  138  140
  141  141  141  139  137  136  134  133  134  137  141  146  151  156  161  164
  164  164  164  160  159  152  155  159  169                                   
    65.0-180.0 180.0   5.0 450.0                            LAT/LON1/LON2/DLON/H
  178  176  176  180  177  179  178  180  181  183  185  189  192  195  198  199
  201  201  201  200  199  196  191  186  179  173  168  165  164  165  168  171
  174  174  173  169  164  158  152  147  143  141  139  138  138  138  138  138
  137  136  134  131  128  125  123  121  122  125  131  138  146  153  160  165
  167  169  170  168  169  163  167  170  178                                   
    62.5-180.0 180.0   5.0 450.0                            LAT/LON1/LON2/DLON/H
  190  189  190  192  188  189  186  186  185  187  189  193  197  201  203  205
  206  206  206  205  204  201  197  192  185  179  175  172  172  175  179  184
  187  189  187  183  177  171  164  159  155  152  149  147  145  142  140  138
  136  133  130  126  122  118  114  112  113  117  123  132  142  151  160  166
  170  173  175  174  176  171  176  180  190                                   
    60.0-180.0 180.0   5.0 450.0                            LAT/LON1/LON2/DLON/H
  200  200  201  202  198  197  192  190  188  189  191  195  200  204  207  208
  209  209  208  207  206  204  201  196  191  186  181  180  181  185  191  196
  201  202  201  196  190  183  177  172  168  164  160  156  152  147  143  139
  135  131  127  122  117  112  107  105  105  109  116  126  137  148  158  166
  170  174  178  179  182  180  187  190  200                                   
    57.5-180.0 180.0   5.0 450.0                            LAT/LON1/LON2/DLON/H
  208  210  212  212  207  206  199  195  191  191  192  196  201  205  208  209
  209  208  208  207  206  205  203  200  196  192  189  188  190  195  202  208
  213  214  212  207  201  194  189  184  181  177  172  167  160  153  146  140
  135  131  126  121  115  110  104  101  101  105  112  122  134  145  156  164
  169  174  179  180  186  185  194  198  208                                   
    55.0-180.0 180.0   5.0 450.0                            LAT/LON1/LON2/DLON/H
  213  217  220  220  216  214  206  200  195  194  194  198  202  206  209  209
  208  207  205  205  205  205  204  203  200  198  196  197  200  205  212  219
  223  224  222  217  211  205  200  196  193  189  183  176  167  158  150  143
  138  133  128  123  117  111  105  102  101  105  111  121  132  143  153  161
  167  172  177  180  187  189  200  204  213                                   
    52.5-180.0 180.0   5.0 450.0                            LAT/LON1/LON2/DLON/H
  215  222  225  226  223  222  214  207  201  198  197  200  203  207  209  208
  207  204  203  202  202  203  204  204  203  203  203  204  208  214  221  227
  231  232  230  225  219  214  210  206  203  198  192  183  172  162  153  146
  141  136  132  127  121  115  110  106  105  107  114  122  133  143  152  159
  164  170  176  179  187  191  202  207  215                                   
    50.0-180.0 180.0   5.0 450.0                            LAT/LON1/LON2/DLON/H
  215  223  227  231  229  230  223  216  209  205  203  205  207  210  211  209
  207  204  202  201  201  202  203  205  206  207  209  211  215  221  228  234
  239  240  238  233  228  223  219  216  212  206  197  187  175  165  156  150
  145  141  137  133  128  122  117  113  112  114  119  127  135  144  153  159
  164  170  176  180  187  192  204  209  215                                   
    47.5-180.0 180.0   5.0 450.0                            LAT/LON1/LON2/DLON/H
  214  224  228  233  234  237  232  226  220  216  213  214  215  216  215  213
  210  207  204  203  202  203  204  206  209  211  214  218  223  229  235  242
  247  249  248  244  239  234  229  225  219  211  200  188  177  167  159  154
  150  147  143  139  135  130  125  122  121  123  127  133  140  148  156  162
  166  172  179  182  190  195  205  211  214                                   
    45.0-180.0 180.0   5.0 450.0                            LAT/LON1/LON2/DLON/H
  213  223  227  234  237  243  241  237  232  229  226  226  227  226  224  221
  218  214  211  208  207  207  207  210  213  217  221  226  231  237  244  251
  257  261  261  257  252  246  240  234  225  214  202  189  177  169  163  159
  156  153  150  146  142  137  134  131  131  133  136  141  147  154  161  167
  172  178  185  188  195  199  208  214  213                                   
    42.5-180.0 180.0   5.0 450.0                            LAT/LON1/LON2/DLON/H
  213  222  226  234  239  247  248  246  244  243  242  242  242  240  237  233
  229  225  222  218  216  214  214  216  220  225  231  237  242  249  256  265
  272  277  278  275  269  261  253  243  232  218  204  190  179  172  168  166
  164  160  156  152  147  144  141  140  141  143  146  150  155  161  168  175
  180  187  194  197  202  205  213  218  213                                   
    40.0-180.0 180.0   5.0 450.0                            LAT/LON1/LON2/DLON/H
  215  223  226  233  240  249  252  254  255  257  258  259  259  257  253  248
  243  239  235  232  228  225  223  225  230  237  245  251  257  264  272  282
  291  297  299  295  288  277  266  253  239  223  207  194  184  179  176  175
  172  167  162  156  152  149  147  148  149  151  154  157  162  167  175  183
  189  197  204  207  211  213  219  223  215                                   
    37.5-180.0 180.0   5.0 450.0                            LAT/LON1/LON2/DLON/H
  220  225  227  233  240  249  254  259  264  269  273  277  278  275  270  265
  259  255  251  247  242  238  237  239  245  254  262  270  277  284  292  303
  313  319  321  316  306  293  278  262  246  229  213  200  192  188  186  184
  180  174  166  159  154  152  151  153  155  158  161  163  167  173  181  190
  198  206  213  217  219  220  226  230  220                                   
    35.0-180.0 180.0   5.0 450.0                            LAT/LON1/LON2/DLON/H
  226  229  230  234  241  249  255  262  271  280  288  294  296  294  289  283
  277  272  268  263  258  254  253  256  263  273  284  292  299  306  315  326
  335  341  341  334  321  305  287  270  252  236  221  209  202  198  197  194
  187  179  169  161  155  153  154  156  159  162  164  167  170  176  185  195
  203  213  220  224  226  226  232  235  226                                   
    32.5-180.0 180.0   5.0 450.0                            LAT/LON1/LON2/DLON/H
  235  235  236  239  245  251  258  266  278  290  301  310  314  313  308  301
  294  289  284  280  275  271  271  275  284  296  307  316  323  330  338  348
  356  360  357  346  330  311  291  273  256  241  228  218  212  208  205  200
  192  181  169  160  155  153  154  157  160  164  166  168  171  177  186  196
  206  216  223  228  230  230  237  241  235                                   
    30.0-180.0 180.0   5.0 450.0                            LAT/LON1/LON2/DLON/H
  244  242  243  246  252  258  265  274  287  301  315  327  333  333  329  321
  313  307  302  297  293  290  290  296  306  318  330  339  346  352  359  366
  372  372  365  350  330  309  288  271  256  243  233  224  218  214  209  202
  192  179  167  158  153  152  154  157  160  163  166  168  171  176  185  196
  205  216  223  229  231  231  239  245  244                                   
    27.5-180.0 180.0   5.0 450.0                            LAT/LON1/LON2/DLON/H
  253  250  252  256  263  269  277  286  300  316  331  344  353  355  351  343
  335  327  321  317  313  310  312  318  328  340  351  359  365  370  374  379
  380  375  363  344  322  299  279  263  251  241  233  225  219  213  207  198
  187  174  163  155  151  150  152  155  158  161  164  166  169  174  182  193
  202  214  221  227  229  230  241  248  253                                   
    25.0-180.0 180.0   5.0 450.0                            LAT/LON1/LON2/DLON/H
  260  258  261  268  277  284  293  303  317  333  349  364  374  378  376  369
  360  352  345  340  335  333  334  339  348  358  368  374  379  381  383  384
  380  369  352  330  306  283  264  250  241  234  227  220  213  206  198  188
  177  165  156  149  146  146  148  151  154  158  161  164  166  171  179  189
  198  210  218  224  227  229  241  250  260                                   
    22.5-180.0 180.0   5.0 450.0                            LAT/LON1/LON2/DLON/H
  265  265  270  280  292  302  313  323  338  354  369  385  397  403  403  398
  389  381  373  367  362  358  357  360  365  373  379  384  386  386  385  381
  372  356  335  311  286  264  248  236  229  223  217  210  201  192  183  173
  164  154  147  143  141  141  142  145  149  153  157  160  164  168  175  184
  194  206  215  222  225  229  241  252  265                                   
    20.0-180.0 180.0   5.0 450.0                            LAT/LON1/LON2/DLON/H
  267  270  276  291  306  319  332  344  359  375  391  407  421  429  432  429
  422  414  407  399  392  386  381  379  380  383  386  387  387  385  380  372
  358  339  316  291  268  248  234  225  218  212  206  197  187  176  167  158
  150  143  138  135  134  134  135  138  142  147  152  156  160  164  171  179
  189  202  212  220  224  229  241  253  267                                   
    17.5-180.0 180.0   5.0 450.0                            LAT/LON1/LON2/DLON/H
  266  273  279  297  315  331  348  362  378  394  410  427  442  454  459  460
  456  450  443  435  425  415  405  397  393  390  388  386  383  379  371  360
  343  322  299  276  256  240  228  219  213  206  197  186  174  163  153  145
  139  134  131  129  128  127  128  130  135  141  147  152  156  160  166  173
  183  197  209  218  223  229  242  254  266                                   
    15.0-180.0 180.0   5.0 450.0                            LAT/LON1/LON2/DLON/H
  263  272  279  298  317  336  355  371  390  407  424  442  459  473  483  487
  487  484  478  469  457  443  427  413  403  395  388  383  377  370  361  347
  329  309  288  269  253  241  231  223  215  206  194  181  168  155  145  138
  134  130  127  125  122  121  120  123  128  134  141  146  150  154  160  167
  176  191  205  214  222  229  242  253  263                                   
    12.5-180.0 180.0   5.0 450.0                            LAT/LON1/LON2/DLON/H
  257  270  277  295  313  332  353  371  392  411  429  449  468  484  497  506
  510  511  508  499  484  466  446  427  410  397  387  378  370  361  350  336
  319  301  284  270  260  251  244  235  225  213  200  185  170  157  147  141
  136  131  127  123  119  116  114  116  121  128  134  140  144  148  152  159
  168  183  198  210  220  229  241  252  257                                   
    10.0-180.0 180.0   5.0 450.0                            LAT/LON1/LON2/DLON/H
  252  268  275  290  306  324  344  363  385  405  426  446  466  484  500  512
  521  526  525  517  502  482  459  436  416  399  385  374  363  353  341  328
  314  299  287  278  272  267  261  252  240  227  212  196  181  168  158  151
  145  138  132  125  118  113  110  111  115  121  127  132  137  140  145  150
  159  174  190  203  215  226  239  251  252                                   
     7.5-180.0 180.0   5.0 450.0                            LAT/LON1/LON2/DLON/H
  249  267  274  286  299  314  333  351  373  394  414  435  455  473  490  505
  518  526  528  522  508  487  464  440  418  399  382  368  355  344  333  322
