data/edconvlstm_nd/pred1940.15i
     1.0            IONOSPHERE MAPS     GNSS                IONEX VERSION / TYPE
pyspatialgeodesy        IME             05-JAN-18 20:20     PGM / RUN BY / DATE 
Map Name                                                    COMMENT             
Predicted global ionosphere maps (GIM).                     DESCRIPTION         
  2015     7    13     0     0     0                        EPOCH OF FIRST MAP  
  2015     7    14     0     0     0                        EPOCH OF LAST MAP   
  7200                                                      INTERVAL            
    13                                                      # OF MAPS IN FILE   
  NONE                                                      MAPPING FUNCTION    
10.0                                                        ELEVATION CUTOFF    
One-way carrier phase leveled to code                       OBSERVABLES USED    
  6371.0                                                    BASE RADIUS         
 2                                                          MAP DIMENSION       
   450.0 450.0   0.0                                        HGT1 / HGT2 / DHGT  
    87.5 -87.5  -2.5                                        LAT1 / LAT2 / DLAT  
  -180.0 180.0   5.0                                        LON1 / LON2 / DLON  
    -1                                                      EXPONENT            
                                                            END OF HEADER       
[from data line 5148]
    13                                                      START OF TEC MAP    
  2015     7    14     0     0     0                        EPOCH OF CURRENT MAP
    87.5-180.0 180.0   5.0 450.0                            LAT/LON1/LON2/DLON/H
  138  139  147  138  136  137  134  133  134  133  134  134  134  134  134  134
  134  133  133  133  132  131  130  129  128  127  126  124  123  122  121  119
  118  117  116  115  115  114  114  114  114  114  114  114  115  115  116  117
  117  118  118  119  120  120  121  121  122  122  123  123  124  124  125  126
  126  128  129  128  126  127  135  150  138                                   
    85.0-180.0 180.0   5.0 450.0                            LAT/LON1/LON2/DLON/H
  146  145  136  138  142  142  140  139  140  139  139  139  139  139  139  139
  139  138  138  137  136  135  134  133  131  130  128  126  125  123  121  120
  118  117  115  114  113  112  112  112  112  112  112  113  114  115  115  116
  117  118  119  120  121  122  123  124  125  126  127  128  129  129  130  131
  132  133  135  137  130  136  144  152  146                                   
    82.5-180.0 180.0   5.0 450.0                            LAT/LON1/LON2/DLON/H
  143  141  146  144  147  149  146  147  148  147  147  148  148  147  147  147
  146  146  145  144  143  142  140  138  136  134  132  129  127  124  122  119
  117  115  113  111  109  109  108  108  108  108  109  110  112  113  114  116
  117  119  120  122  123  125  126  128  129  131  132  133  134  135  136  138
  138  139  140  139  138  129  137  143  143                                   
    80.0-180.0 180.0   5.0 450.0                            LAT/LON1/LON2/DLON/H
  144  145  143  142  145  148  151  152  154  153  153  154  154  153  153  153
  153  152  152  151  150  148  146  144  141  139  136  132  129  125  122  119
  115  112  109  107  105  104  103  103  104  105  106  108  110  112  114  117
  119  121  123  124  126  128  129  131  133  134  136  137  138  138  139  141
  141  140  140  137  143  135  144  153  144                                   
    77.5-180.0 180.0   5.0 450.0                            LAT/LON1/LON2/DLON/H
  148  143  140  145  145  147  152  155  157  156  157  157  157  157  157  156
  156  156  156  155  154  153  151  148  146  142  139  135  131  127  123  119
  115  111  108  105  103  102  101  102  103  104  107  109  112  115  118  120
  123  125  127  129  130  132  133  134  136  137  138  139  139  140  140  141
  140  141  139  137  140  139  144  157  148                                   
    75.0-180.0 180.0   5.0 450.0                            LAT/LON1/LON2/DLON/H
  148  139  138  144  145  148  151  154  157  157  158  158  158  158  157  157
  157  157  157  157  156  154  152  149  146  143  139  135  131  127  123  119
  115  111  108  105  102  101  101  101  103  105  108  111  115  118  122  125
  127  129  131  132  133  135  135  136  137  138  139  139  140  140  140  140
  139  138  137  129  131  136  139  153  148                                   
    72.5-180.0 180.0   5.0 450.0                            LAT/LON1/LON2/DLON/H
  137  134  135  140  141  144  149  153  157  157  158  158  158  157  157  156
  156  156  156  155  154  152  149  146  141  137  133  129  125  121  118  115
  112  108  105  102  100   99   98   99  100  103  107  111  115  120  124  127
  130  132  133  134  135  135  136  136  137  138  138  138  138  138  138  138
  136  135  134  128  125  128  135  152  137                                   
    70.0-180.0 180.0   5.0 450.0                            LAT/LON1/LON2/DLON/H
  135  129  131  138  140  143  149  154  159  159  161  161  161  160  159  158
  158  157  157  155  153  150  146  141  136  130  126  122  119  116  114  112
  110  108  105  103  100   99   98   99  100  103  107  112  117  122  127  130
  133  135  137  138  138  138  139  139  139  140  140  140  140  140  140  140
  138  136  136  130  128  129  134  150  135                                   
    67.5-180.0 180.0   5.0 450.0                            LAT/LON1/LON2/DLON/H
  135  130  131  136  138  141  147  152  158  160  162  163  163  162  161  160
  159  157  156  154  150  145  139  132  126  119  114  110  108  107  107  106
  105  104  102   99   97   95   94   94   96   98  103  107  113  118  123  127
  130  133  134  136  136  136  137  137  138  138  139  139  140  139  139  139
  137  135  135  129  128  129  134  151  135                                   
    65.0-180.0 180.0   5.0 450.0                            LAT/LON1/LON2/DLON/H
  137  130  131  136  137  139  145  150  157  159  162  164  165  164  164  162
  161  159  157  153  148  141  133  124  116  109  103  100   99  100  101  102
  102  101   99   97   94   92   90   90   91   94   98  103  108  113  118  123
  126  129  131  132  133  134  134  135  136  137  138  139  140  140  140  140
  138  137  137  131  132  134  139  156  137                                   
    62.5-180.0 180.0   5.0 450.0                            LAT/LON1/LON2/DLON/H
  143  135  136  138  138  138  143  148  155  158  162  165  167  168  167  166
  164  162  159  154  147  139  129  119  109  102   96   94   94   96   98  100
  101  101   99   96   93   90   88   88   89   91   94   99  103  108  113  117
  121  124  126  128  130  131  132  134  135  137  139  140  141  142  142  142
  140  139  139  134  137  140  146  163  143                                   
    60.0-180.0 180.0   5.0 450.0                            LAT/LON1/LON2/DLON/H
  149  141  142  142  140  139  142  147  153  156  161  165  168  170  170  169
  167  164  160  154  147  138  128  117  107   99   94   93   94   96   99  102
  103  102  100   96   93   90   88   88   88   90   93   97  101  105  108  112
  116  119  122  124  126  129  131  133  136  139  141  143  145  145  145  145
  143  142  143  138  142  147  155  171  149                                   
    57.5-180.0 180.0   5.0 450.0                            LAT/LON1/LON2/DLON/H
  158  150  151  149  144  142  144  147  152  155  159  164  167  170  171  170
  168  165  161  155  148  139  129  119  110  103   99   98   99  101  104  106
  107  105  102   99   95   93   91   91   92   94   96   98  101  103  106  109
  112  115  118  121  125  128  132  136  139  143  146  149  150  151  151  150
  147  146  146  143  148  154  163  179  158                                   
    55.0-180.0 180.0   5.0 450.0                            LAT/LON1/LON2/DLON/H
  167  160  161  158  152  149  149  150  153  154  158  162  166  168  170  169
  167  164  160  155  149  142  134  126  119  113  110  109  110  112  114  114
  113  111  107  104  101   99   98   99  100  102  103  104  105  106  106  108
  110  113  117  122  126  131  136  141  146  150  154  157  159  159  158  156
  153  151  152  148  154  161  171  187  167                                   
    52.5-180.0 180.0   5.0 450.0                            LAT/LON1/LON2/DLON/H
  177  171  173  169  162  158  158  157  158  157  159  161  164  166  167  167
  165  162  159  155  152  148  143  138  132  128  126  125  125  126  126  124
  122  118  114  111  108  108  109  110  112  114  114  114  112  111  110  110
  112  115  119  124  130  137  143  149  155  160  164  168  170  170  168  166
  162  159  159  155  161  168  180  196  177                                   
    50.0-180.0 180.0   5.0 450.0                            LAT/LON1/LON2/DLON/H
  187  183  185  181  175  171  171  168  167  163  162  163  164  165  165  164
  162  159  157  156  155  155  153  152  149  147  145  144  143  141  139  135
  131  126  122  120  118  119  121  124  126  128  128  126  123  119  116  115
  116  119  123  129  136  144  152  159  166  172  177  180  182  183  181  179
  174  170  169  165  169  175  188  205  187                                   
    47.5-180.0 180.0   5.0 450.0                            LAT/LON1/LON2/DLON/H
  196  192  196  193  187  185  185  181  178  173  169  167  166  165  164  162
  160  158  157  158  160  162  164  166  167  166  165  163  160  156  151  146
  140  135  132  130  130  132  135  138  141  143  142  139  134  129  125  122
  122  124  129  135  143  152  162  170  178  184  189  193  196  197  196  193
  188  184  182  177  179  184  197  215  196                                   
    45.0-180.0 180.0   5.0 450.0                            LAT/LON1/LON2/DLON/H
  204  200  205  203  199  199  199  195  191  184  178  174  171  168  165  163
  161  159  159  161  165  169  175  179  182  183  182  179  174  168  162  155
  149  145  143  142  143  145  149  153  156  158  157  153  147  140  135  131
  129  131  135  142  150  160  171  180  188  195  201  206  210  211  211  210
  205  201  198  191  192  194  208  226  204                                   
    42.5-180.0 180.0   5.0 450.0                            LAT/LON1/LON2/DLON/H
  211  206  212  212  209  210  210  207  203  195  189  184  179  174  170  167
  164  163  163  166  170  176  183  188  192  194  193  190  184  177  170  163
  159  156  156  157  158  160  163  167  171  173  172  168  161  153  146  140
  138  138  141  148  157  167  178  189  198  205  212  218  222  225  227  226
  223  219  215  206  205  206  220  238  211                                   
    40.0-180.0 180.0   5.0 450.0                            LAT/LON1/LON2/DLON/H
  218  211  218  219  217  218  219  216  213  207  201  195  189  184  179  175
  172  170  170  172  176  182  188  194  198  200  199  196  190  183  176  171
  169  169  171  173  174  176  178  181  185  188  188  183  176  166  158  151
  147  146  148  153  162  173  185  196  206  214  222  228  234  238  241  242
  240  237  232  222  220  218  232  251  218                                   
    37.5-180.0 180.0   5.0 450.0                            LAT/LON1/LON2/DLON/H
  227  218  225  226  225  226  226  224  222  217  213  208  202  196  190  186
  182  179  178  179  182  187  192  197  201  202  202  199  194  187  182  179
  179  182  186  190  191  192  193  196  200  204  204  200  191  181  171  162
  156  153  154  158  166  177  190  203  214  223  231  239  245  250  254  256
  255  253  248  238  235  232  246  265  227                                   
    35.0-180.0 180.0   5.0 450.0                            LAT/LON1/LON2/DLON/H
  240  229  237  237  236  235  234  233  233  230  227  223  218  212  205  200
  195  191  189  188  189  192  196  200  202  203  203  201  197  193  189  188
  190  196  202  206  207  207  208  211  216  221  221  217  207  195  183  173
  165  161  159  162  170  182  195  209  221  231  241  248  255  260  265  267
  268  266  261  252  250  246  261  281  240                                   
    32.5-180.0 180.0   5.0 450.0                            LAT/LON1/LON2/DLON/H
  256  246  255  255  252  250  247  246  247  246  245  243  238  231  224  216
  210  204  199  197  196  198  200  203  204  205  205  204  202  198  196  196
  199  206  213  218  219  219  220  224  231  236  238  233  222  208  194  182
  173  166  164  165  173  184  198  213  226  237  248  256  264  269  274  277
  277  276  273  264  264  261  277  298  256                                   
    30.0-180.0 180.0   5.0 450.0                            LAT/LON1/LON2/DLON/H
  278  270  280  281  277  274  270  268  270  270  269  268  263  255  246  237
  227  218  211  206  204  205  206  208  209  210  210  209  207  204  201  200
  204  210  217  223  225  225  227  233  241  249  251  245  232  217  201  187
  176  169  164  165  171  183  197  213  227  239  251  261  270  276  281  284
  285  285  282  277  278  277  294  316  278                                   
    27.5-180.0 180.0   5.0 450.0                            LAT/LON1/LON2/DLON/H
  303  299  312  314  310  307  303  300  301  302  302  301  295  286  275  261
  248  236  225  218  214  213  214  215  215  215  215  214  212  207  203  200
  201  206  212  217  220  222  226  234  244  253  256  249  235  217  200  185
  174  165  159  159  164  176  191  207  222  236  250  263  274  282  288  291
  293  293  293  290  294  294  313  336  303                                   
    25.0-180.0 180.0   5.0 450.0                            LAT/LON1/LON2/DLON/H
  330  331  347  353  350  349  345  342  343  343  343  342  336  325  310  293
  275  258  243  232  226  224  224  224  223  221  219  217  213  207  199  193
  191  192  197  201  205  209  215  225  237  247  249  242  227  209  190  175
  163  154  148  147  152  164  180  198  215  231  247  263  278  288  295  299
  302  304  305  306  312  314  332  357  330                                   
    22.5-180.0 180.0   5.0 450.0                            LAT/LON1/LON2/DLON/H
  355  360  380  391  392  393  392  390  390  390  390  389  383  372  354  333
  310  287  267  252  242  237  235  232  229  225  220  216  210  201  190  180
  173  170  172  176  180  186  194  205  218  228  230  223  208  189  171  156
  144  136  131  131  137  150  168  187  206  225  244  264  282  296  305  310
  314  318  322  325  332  335  353  380  355                                   
    20.0-180.0 180.0   5.0 450.0                            LAT/LON1/LON2/DLON/H
  375  385  408  423  428  433  435  435  437  438  439  440  435  424  406  381
  353  325  299  278  263  253  246  240  233  225  217  209  201  189  175  161
  149  143  143  146  151  158  167  178  190  199  201  194  180  162  145  132
  122  116  112  114  121  135  154  176  197  218  241  265  288  306  317  325
  330  336  342  348  355  358  376  402  375                                   
    17.5-180.0 180.0   5.0 450.0                            LAT/LON1/LON2/DLON/H
  391  403  426  445  453  462  467  471  475  478  483  486  485  477  460  435
  404  372  339  311  288  272  258  246  233  220  208  197  187  173  157  140
  125  117  116  119  125  132  140  149  158  165  166  160  148  133  119  108
  101   96   95   98  106  121  141  164  188  212  238  267  294  316  331  342
  350  357  366  373  380  382  399  425  391                                   
    15.0-180.0 180.0   5.0 450.0                            LAT/LON1/LON2/DLON/H
  403  415  436  456  465  476  484  490  498  505  514  523  527  523  510  488
  457  422  385  349  317  291  270  250  231  212  195  181  169  155  138  121
  106   99   97  101  107  114  120  126  131  134  134  129  119  108   97   89
   84   82   82   85   94  109  130  153  178  205  234  266  298  325  345  359
  370  381  393  401  406  406  423  447  403                                   
    12.5-180.0 180.0   5.0 450.0                            LAT/LON1/LON2/DLON/H
  412  422  439  457  466  478  486  494  504  515  529  543  554  556  548  531
  504  470  429  386  346  310  280  253  226  201  179  163  151  138  124  109
   97   91   90   94  100  105  108  110  112  113  112  108  101   93   86   80
   76   74   74   77   86  100  120  143  169  197  229  265  301  332  357  375
  390  405  419  428  432  431  447  468  412                                   
    10.0-180.0 180.0   5.0 450.0                            LAT/LON1/LON2/DLON/H
  423  429  442  456  463  472  479  487  498  512  529  548  562  570  568  556
  535  504  463  417  369  325  287  252  219  189  164  148  137  127  117  107
   99   95   96  100  105  108  108  106  103  102  100   97   93   88   84   79
   75   72   71   74   81   94  112  135  161  191  225  263  301  336  365  388
  407  425  441  451  456  454  470  489  423                                   
     7.5-180.0 180.0   5.0 450.0                            LAT/LON1/LON2/DLON/H
  436  439  448  459  461  466  469  475  487  501  519  538  555  564  566  559
  544  518  481  433  383  334  290  250  212  179  153  138  130  125  120  115
