data/edconvlstm_nd/pred1450.15i
     1.0            IONOSPHERE MAPS     GNSS                IONEX VERSION / TYPE
pyspatialgeodesy        IME             05-JAN-18 20:20     PGM / RUN BY / DATE 
Map Name                                                    COMMENT             
Predicted global ionosphere maps (GIM).                     DESCRIPTION         
  2015     5    25     0     0     0                        EPOCH OF FIRST MAP  
  2015     5    26     0     0     0                        EPOCH OF LAST MAP   
  7200                                                      INTERVAL            
    13                                                      # OF MAPS IN FILE   
  NONE                                                      MAPPING FUNCTION    
10.0                                                        ELEVATION CUTOFF    
One-way carrier phase leveled to code                       OBSERVABLES USED    
  6371.0                                                    BASE RADIUS         
 2                                                          MAP DIMENSION       
   450.0 450.0   0.0                                        HGT1 / HGT2 / DHGT  
    87.5 -87.5  -2.5                                        LAT1 / LAT2 / DLAT  
  -180.0 180.0   5.0                                        LON1 / LON2 / DLON  
    -1                                                      EXPONENT            
                                                            END OF HEADER       
[from data line 1716]
     5                                                      START OF TEC MAP    
  2015     5    25     8     0     0                        EPOCH OF CURRENT MAP
    87.5-180.0 180.0   5.0 450.0                            LAT/LON1/LON2/DLON/H
  164  156  150  152  154  153  151  149  150  151  151  151  151  151  151  151
  151  151  151  151  151  150  150  150  150  150  150  150  150  151  151  151
  151  152  152  153  153  153  154  154  154  155  155  156  156  157  157  157
  158  158  158  158  157  157  157  157  156  156  155  154  154  153  152  152
  151  153  151  150  154  152  156  158  164                                   
    85.0-180.0 180.0   5.0 450.0                            LAT/LON1/LON2/DLON/H
  156  153  155  154  155  156  156  155  156  157  157  157  157  157  157  157
  157  157  156  156  156  156  156  156  156  156  156  157  157  158  158  159
  159  160  160  161  162  162  163  163  164  164  165  165  166  167  167  167
  168  168  168  168  168  168  167  167  166  166  165  164  163  162  161  160
  161  161  156  157  151  151  155  159  156                                   
    82.5-180.0 180.0   5.0 450.0                            LAT/LON1/LON2/DLON/H
  152  156  155  151  151  153  153  152  154  154  154  154  154  154  154  154
  153  153  152  152  151  151  151  151  151  151  152  152  153  154  155  156
  157  158  159  160  161  162  163  163  164  165  166  167  168  169  170  171
  172  172  173  173  173  173  173  172  171  170  169  168  167  165  163  162
  161  160  155  157  154  154  154  146  152                                   
    80.0-180.0 180.0   5.0 450.0                            LAT/LON1/LON2/DLON/H
  153  155  153  152  152  151  151  152  153  153  153  153  153  152  152  151
  151  150  149  148  147  146  145  145  145  145  145  146  148  149  151  153
  154  156  158  159  160  162  163  164  165  166  168  170  171  173  175  177
  179  180  181  182  182  182  182  182  181  180  178  177  175  173  171  169
  167  165  159  160  157  156  161  148  153                                   
    77.5-180.0 180.0   5.0 450.0                            LAT/LON1/LON2/DLON/H
  157  157  156  155  153  153  153  152  153  153  152  152  151  151  150  149
  149  147  146  145  144  142  141  140  140  140  140  142  144  146  149  152
  156  158  161  163  165  166  168  169  171  172  175  177  180  183  185  188
  191  193  194  195  196  196  196  196  195  194  192  190  188  186  183  180
  177  174  167  167  166  161  160  156  157                                   
    75.0-180.0 180.0   5.0 450.0                            LAT/LON1/LON2/DLON/H
  158  160  154  155  153  152  151  150  151  150  148  148  147  146  146  145
  144  143  141  140  138  136  134  133  132  132  132  134  137  141  145  150
  155  159  163  166  168  170  171  173  175  177  180  183  187  190  194  197
  200  202  204  205  206  206  206  206  205  204  203  202  200  198  195  192
  188  184  177  172  169  166  165  159  158                                   
    72.5-180.0 180.0   5.0 450.0                            LAT/LON1/LON2/DLON/H
  160  162  157  156  153  151  150  148  147  145  143  142  141  141  140  140
  139  138  137  136  134  132  130  128  127  126  127  129  133  138  144  151
  158  164  169  173  176  178  180  182  184  187  190  194  198  202  206  209
  211  213  214  214  213  213  212  211  211  211  210  210  209  208  206  204
  199  195  188  182  176  172  169  164  160                                   
    70.0-180.0 180.0   5.0 450.0                            LAT/LON1/LON2/DLON/H
  165  163  158  155  150  146  144  140  138  136  133  132  131  131  131  130
  130  130  129  128  127  125  123  121  119  118  119  122  126  133  141  150
  158  166  173  178  182  185  187  189  192  196  200  204  209  213  216  218
  219  218  217  215  213  211  209  208  208  208  209  210  211  211  211  210
  206  202  195  189  183  178  177  171  165                                   
    67.5-180.0 180.0   5.0 450.0                            LAT/LON1/LON2/DLON/H
  168  166  161  156  150  143  139  133  130  126  124  123  122  122  122  122
  122  122  122  122  121  120  118  116  114  114  115  117  123  130  140  150
  160  170  177  183  188  191  194  198  202  206  212  217  221  225  227  227
  225  222  218  214  209  205  202  200  200  201  204  206  209  211  212  212
  210  207  200  195  188  184  182  177  168                                   
    65.0-180.0 180.0   5.0 450.0                            LAT/LON1/LON2/DLON/H
  175  172  165  159  150  142  135  127  122  118  115  114  113  113  113  114
  114  115  115  115  115  115  114  113  112  112  113  117  123  131  141  153
  164  175  183  190  195  200  204  209  214  221  227  233  237  240  240  238
  233  227  220  212  205  199  194  192  192  194  197  201  205  209  211  213
  213  211  205  201  196  194  192  188  175                                   
    62.5-180.0 180.0   5.0 450.0                            LAT/LON1/LON2/DLON/H
  183  182  175  166  155  143  133  123  116  111  107  106  106  106  106  106
  106  107  107  108  109  110  110  111  111  112  114  119  125  134  145  157
  169  180  189  196  202  207  213  220  228  236  244  250  255  256  254  249
  242  233  223  213  204  196  191  188  188  190  193  197  202  206  209  212
  212  212  209  206  202  203  202  199  183                                   
    60.0-180.0 180.0   5.0 450.0                            LAT/LON1/LON2/DLON/H
  193  194  186  175  162  148  135  122  113  106  101  100   99   99   99   99
   99   99   99  100  102  104  106  108  110  113  117  123  130  139  150  161
  173  184  193  201  207  214  221  230  240  251  261  268  272  272  268  262
  252  242  230  219  208  200  194  191  190  191  194  197  200  203  206  208
  210  211  210  209  209  212  213  209  193                                   
    57.5-180.0 180.0   5.0 450.0                            LAT/LON1/LON2/DLON/H
  205  208  201  189  174  157  141  125  113  104   98   96   95   94   94   93
   92   92   92   94   96   99  102  106  111  116  121  128  136  145  156  167
  178  188  197  205  212  220  230  241  254  266  277  285  289  288  283  275
  265  254  242  231  221  212  206  202  200  200  201  202  203  203  204  206
  208  211  211  213  215  220  222  219  205                                   
    55.0-180.0 180.0   5.0 450.0                            LAT/LON1/LON2/DLON/H
  217  223  216  203  187  169  150  131  117  106   98   95   92   91   89   88
   87   87   87   88   90   94   99  104  111  118  125  133  142  151  162  173
  183  193  202  210  218  227  239  252  267  281  292  300  303  302  297  290
  280  270  260  249  239  231  224  220  217  215  214  211  209  206  204  205
  207  210  213  216  220  227  230  227  217                                   
    52.5-180.0 180.0   5.0 450.0                            LAT/LON1/LON2/DLON/H
  228  235  229  216  201  182  162  141  125  111  102   96   92   89   87   86
   85   85   85   86   88   92   97  104  112  120  129  139  148  157  167  178
  188  198  207  215  224  235  248  263  279  293  305  313  316  315  311  304
  297  289  280  271  261  253  246  241  236  233  228  223  217  211  207  207
  208  212  216  220  225  232  235  231  228                                   
    50.0-180.0 180.0   5.0 450.0                            LAT/LON1/LON2/DLON/H
  235  242  238  226  213  194  174  153  136  120  109  101   95   90   87   86
   85   86   87   88   89   92   97  104  113  123  133  143  153  163  173  183
  194  204  213  223  233  245  259  275  291  305  316  323  327  326  324  319
  314  308  301  293  284  274  266  260  254  248  242  234  226  218  212  211
  213  217  221  225  230  236  238  233  235                                   
    47.5-180.0 180.0   5.0 450.0                            LAT/LON1/LON2/DLON/H
  238  243  240  230  219  203  185  165  148  131  118  108  100   94   90   89
   89   90   92   93   94   96  100  107  116  126  137  147  157  167  178  189
  200  211  222  233  244  256  271  286  302  315  326  332  336  337  336  335
  332  328  321  313  302  292  282  273  266  259  252  243  233  225  219  218
  220  225  229  232  234  238  238  232  238                                   
    45.0-180.0 180.0   5.0 450.0                            LAT/LON1/LON2/DLON/H
  235  238  236  227  218  205  191  174  158  143  129  118  108  100   95   94
   95   98  100  101  102  103  106  111  119  130  140  151  161  171  183  195
  207  220  232  243  255  269  283  298  312  325  334  341  345  348  350  350
  349  346  339  329  317  303  291  281  273  265  257  248  240  232  228  228
  231  236  239  241  240  240  238  230  235                                   
    42.5-180.0 180.0   5.0 450.0                            LAT/LON1/LON2/DLON/H
  230  228  226  218  211  202  192  179  167  153  140  128  117  108  103  101
  103  106  109  110  111  111  113  117  125  134  144  155  165  176  188  201
  215  229  242  254  267  280  294  308  322  333  342  349  355  360  364  366
  366  362  354  342  328  313  299  287  278  270  262  254  246  241  239  241
  245  250  252  251  247  243  238  229  230                                   
    40.0-180.0 180.0   5.0 450.0                            LAT/LON1/LON2/DLON/H
  224  217  214  205  200  193  187  178  170  160  150  139  128  118  112  109
  110  114  117  119  119  119  120  124  131  140  149  159  169  180  193  207
  223  238  251  264  277  290  303  317  329  340  349  357  365  372  378  382
  382  378  369  356  341  324  310  297  287  278  270  263  257  253  253  256
  261  266  266  263  256  249  241  231  224                                   
    37.5-180.0 180.0   5.0 450.0                            LAT/LON1/LON2/DLON/H
  221  210  205  194  188  181  178  173  170  164  157  148  138  128  121  117
  117  120  123  125  126  126  128  132  139  147  156  164  174  185  198  213
  229  245  258  271  283  296  309  322  335  345  355  365  375  385  392  397
  397  393  385  373  359  345  331  318  307  297  287  279  273  270  271  275
  279  284  282  277  269  258  249  238  221                                   
    35.0-180.0 180.0   5.0 450.0                            LAT/LON1/LON2/DLON/H
  226  210  202  187  179  171  168  166  165  163  160  155  147  138  130  125
  123  125  127  129  131  133  137  142  148  156  163  171  179  189  202  218
  233  249  262  274  286  298  311  324  337  349  360  372  384  396  405  411
  412  410  405  397  387  377  365  354  341  328  316  305  297  293  293  296
  299  302  300  294  284  273  263  252  226                                   
    32.5-180.0 180.0   5.0 450.0                            LAT/LON1/LON2/DLON/H
  239  221  208  190  177  166  162  160  161  161  162  160  155  147  138  132
  128  128  129  132  136  140  146  152  159  166  172  178  184  194  205  219
  234  249  262  273  284  296  309  323  337  350  363  377  391  405  416  423
  426  428  428  427  425  420  413  403  389  373  356  341  329  322  319  319
  320  321  318  311  303  293  282  272  239                                   
    30.0-180.0 180.0   5.0 450.0                            LAT/LON1/LON2/DLON/H
  259  241  225  202  185  170  163  159  158  160  163  164  161  154  146  138
  133  130  131  135  141  148  156  164  171  177  181  184  189  196  206  218
  232  245  257  268  279  291  304  319  334  348  363  378  395  410  422  432
  439  446  454  462  468  472  470  462  447  427  405  385  367  355  347  343
  341  340  337  330  324  316  306  295  259                                   
    27.5-180.0 180.0   5.0 450.0                            LAT/LON1/LON2/DLON/H
  284  267  248  223  202  184  172  165  162  163  166  168  167  162  154  145
  138  134  134  139  147  158  168  177  184  187  189  190  192  196  204  214
  226  239  250  261  272  284  298  314  329  345  361  377  395  411  425  438
  449  463  479  496  512  523  527  521  506  483  456  430  407  389  376  368
  362  359  355  350  345  339  330  320  284                                   
    25.0-180.0 180.0   5.0 450.0                            LAT/LON1/LON2/DLON/H
  309  293  272  248  225  204  189  178  172  171  173  175  175  171  163  154
  145  140  140  145  156  169  181  190  195  196  194  192  192  194  200  208
  218  230  242  253  265  278  293  309  325  342  358  375  392  409  425  440
  457  477  500  526  549  567  574  570  554  529  499  469  442  420  403  390
  382  378  374  369  365  361  351  342  309                                   
    22.5-180.0 180.0   5.0 450.0                            LAT/LON1/LON2/DLON/H
  328  313  294  273  250  229  211  198  188  184  184  186  186  182  174  164
  155  149  149  155  167  181  193  201  203  201  196  191  188  189  192  199
  209  220  233  247  260  275  290  307  323  340  356  372  389  406  423  441
  462  486  515  544  571  591  600  597  582  557  527  497  469  445  426  411
  401  396  392  386  382  378  367  358  328                                   
    20.0-180.0 180.0   5.0 450.0                            LAT/LON1/LON2/DLON/H
  339  324  306  290  270  251  234  220  209  203  200  201  199  195  187  177
  168  162  161  168  179  192  203  208  207  200  192  184  180  180  183  189
  199  212  227  243  258  274  290  307  324  340  356  371  387  403  421  441
  464  491  520  549  575  592  600  597  583  562  537  510  485  462  444  430
  419  414  410  402  396  389  377  367  339                                   
    17.5-180.0 180.0   5.0 450.0                            LAT/LON1/LON2/DLON/H
  341  324  310  297  282  267  253  242  231  223  219  217  215  210  202  193
  183  177  176  181  191  201  208  210  204  193  181  172  167  167  171  179
  190  205  222  241  259  276  293  310  327  343  358  372  386  402  420  442
  466  491  518  542  561  573  577  573  564  549  531  511  491  473  458  445
  436  431  426  415  406  394  379  368  341                                   
    15.0-180.0 180.0   5.0 450.0                            LAT/LON1/LON2/DLON/H
  336  316  305  295  285  274  264  257  248  242  237  234  231  225  218  209
  200  194  192  195  201  206  209  205  194  180  165  155  152  153  159  169
  182  200  220  240  260  277  295  312  329  346  361  374  387  402  421  443
  466  489  510  526  537  542  542  539  534  527  516  505  492  479  468  459
  451  447  440  426  412  394  377  365  336                                   
    12.5-180.0 180.0   5.0 450.0                            LAT/LON1/LON2/DLON/H
  329  307  298  287  280  271  265  262  258  254  250  247  244  239  232  224
  217  211  207  207  208  207  203  194  179  161  145  136  134  139  148  161
  177  197  218  240  259  277  295  312  330  347  362  375  388  403  422  444
  467  486  501  509  512  511  509  508  507  505  502  497  490  483  475  469
  464  459  451  434  416  392  373  360  329                                   
    10.0-180.0 180.0   5.0 450.0                            LAT/LON1/LON2/DLON/H
  325  302  292  279  272  263  259  259  258  257  254  253  250  247  242  237
  231  225  220  215  211  204  193  178  160  140  125  117  117  125  138  154
  173  194  217  238  257  274  291  309  328  346  361  375  388  404  424  447
  468  485  495  498  496  492  490  490  491  493  494  492  489  484  480  476
  471  467  457  439  417  388  369  356  325                                   
     7.5-180.0 180.0   5.0 450.0                            LAT/LON1/LON2/DLON/H
  326  305  293  276  267  256  251  251  251  251  250  249  248  247  246  243
  240  234  228  220  210  196  180  161  140  121  106  100  103  113  129  148
