data/edconvlstm_nd/pred2570.15i
     1.0            IONOSPHERE MAPS     GNSS                IONEX VERSION / TYPE
pyspatialgeodesy        IME             05-JAN-18 20:20     PGM / RUN BY / DATE 
Map Name                                                    COMMENT             
Predicted global ionosphere maps (GIM).                     DESCRIPTION         
  2015     9    14     0     0     0                        EPOCH OF FIRST MAP  
  2015     9    15     0     0     0                        EPOCH OF LAST MAP   
  7200                                                      INTERVAL            
    13                                                      # OF MAPS IN FILE   
  NONE                                                      MAPPING FUNCTION    
10.0                                                        ELEVATION CUTOFF    
One-way carrier phase leveled to code                       OBSERVABLES USED    
  6371.0                                                    BASE RADIUS         
 2                                                          MAP DIMENSION       
   450.0 450.0   0.0                                        HGT1 / HGT2 / DHGT  
    87.5 -87.5  -2.5                                        LAT1 / LAT2 / DLAT  
  -180.0 180.0   5.0                                        LON1 / LON2 / DLON  
    -1                                                      EXPONENT            
                                                            END OF HEADER       
[from data line 1287]
     4                                                      START OF TEC MAP    
  2015     9    14     6     0     0                        EPOCH OF CURRENT MAP
    87.5-180.0 180.0   5.0 450.0                            LAT/LON1/LON2/DLON/H
   74   80   80   84   84   84   83   79   80   81   81   82   82   83   83   83
   83   83   83   82   82   82   81   81   80   80   79   79   78   78   78   78
   77   77   77   77   77   77   78   78   78   78   79   79   79   79   80   80
   80   80   80   80   80   80   80   80   80   79   79   78   78   77   77   77
   78   79   77   77   82   88   94   85   74                                   
    85.0-180.0 180.0   5.0 450.0                            LAT/LON1/LON2/DLON/H
   72   90   88   88   90   91   91   90   90   91   90   90   90   90   90   90
   90   89   89   89   88   88   88   88   87   87   87   87   87   87   87   87
   88   88   89   89   90   90   91   91   92   93   93   94   94   95   95   96
   96   96   96   96   96   96   95   95   94   94   93   92   92   91   90   90
   91   91   87   88   88   91   99   91   72                                   
    82.5-180.0 180.0   5.0 450.0                            LAT/LON1/LON2/DLON/H
   77   86   96   90   90   92   91   90   90   91   89   90   89   88   87   87
   86   85   85   84   84   83   83   83   83   83   83   83   84   84   85   86
   87   88   89   90   92   93   94   96   97   98  100  101  102  103  104  105
  106  106  107  107  106  106  105  105  104  103  101  100   99   98   96   96
   96   95   92   90   95   91   88   83   77                                   
    80.0-180.0 180.0   5.0 450.0                            LAT/LON1/LON2/DLON/H
   83   85   88   84   86   85   85   83   83   83   81   80   79   77   76   75
   74   73   72   72   72   72   72   73   73   73   74   75   76   77   78   80
   82   84   86   88   90   92   94   96   98  100  102  104  106  107  109  110
  112  112  113  113  112  112  111  109  108  106  104  103  101   99   97   96
   95   93   92   91   94   93   93   83   83                                   
    77.5-180.0 180.0   5.0 450.0                            LAT/LON1/LON2/DLON/H
   83   83   81   78   77   79   79   78   77   76   72   72   69   67   65   64
   63   62   62   62   62   63   63   64   65   65   66   67   69   70   72   74
   76   79   82   84   87   90   93   95   98  101  103  106  109  111  114  116
  118  119  120  120  120  119  117  116  114  111  109  106  104  101   99   97
   95   94   90   90   89   83   82   80   83                                   
    75.0-180.0 180.0   5.0 450.0                            LAT/LON1/LON2/DLON/H
   72   75   70   69   67   70   69   67   66   64   61   59   56   54   52   50
   49   49   49   49   50   51   52   53   54   55   56   57   58   60   62   64
   67   70   73   76   79   82   85   88   92   95   98  102  105  108  111  114
  116  118  119  119  119  118  116  114  112  110  107  104  101   99   96   94
   92   90   87   82   82   79   78   76   72                                   
    72.5-180.0 180.0   5.0 450.0                            LAT/LON1/LON2/DLON/H
   69   72   67   64   64   67   67   66   64   62   58   56   52   50   47   46
   45   44   45   46   47   48   50   51   52   53   53   54   55   56   58   61
   64   67   71   74   77   81   84   88   91   95   99  103  108  111  115  118
  121  122  124  124  124  123  121  119  117  114  111  109  106  104  101  100
   98   96   94   90   87   83   79   79   69                                   
    70.0-180.0 180.0   5.0 450.0                            LAT/LON1/LON2/DLON/H
   73   71   67   63   61   63   62   60   59   57   53   51   48   45   43   41
   40   40   41   42   44   45   47   48   49   49   49   49   50   51   53   56
   59   62   65   69   72   76   79   83   87   92   97  101  106  110  114  117
  120  121  122  123  122  121  120  118  116  114  112  110  107  105  103  103
  101   99   98   95   92   88   86   84   73                                   
    67.5-180.0 180.0   5.0 450.0                            LAT/LON1/LON2/DLON/H
   72   69   65   59   57   57   56   55   54   52   49   48   45   42   40   38
   37   38   38   40   42   44   45   46   46   46   45   44   44   45   47   49
   52   55   58   61   64   68   72   76   81   86   91   96  101  105  109  112
  114  115  116  116  116  115  114  113  111  110  108  107  105  103  102  102
  101  100  100   97   95   91   88   85   72                                   
    65.0-180.0 180.0   5.0 450.0                            LAT/LON1/LON2/DLON/H
   75   70   65   58   54   54   52   51   51   50   48   47   45   43   40   39
   38   38   39   40   42   44   45   45   45   44   43   41   41   41   42   44
   47   50   52   55   59   62   66   71   76   82   88   94   99  103  107  109
  111  112  112  112  112  112  111  111  110  110  109  107  106  105  103  103
  103  102  103  101  100   97   94   91   75                                   
    62.5-180.0 180.0   5.0 450.0                            LAT/LON1/LON2/DLON/H
   78   72   66   58   53   51   50   49   48   48   47   47   45   44   42   41
   40   40   40   41   43   44   45   45   44   42   41   39   38   38   39   40
   43   45   48   51   54   58   63   68   74   81   88   94   99  103  106  108
  109  110  111  111  111  111  112  112  112  112  112  111  110  108  106  106
  105  105  106  105  104  102   99   96   78                                   
    60.0-180.0 180.0   5.0 450.0                            LAT/LON1/LON2/DLON/H
   82   75   68   58   52   49   47   45   44   44   44   45   44   44   43   42
   41   40   40   41   42   43   43   43   41   39   37   35   34   34   35   36
   39   41   44   47   50   54   59   65   72   80   87   94   99  104  106  108
  109  110  111  111  112  113  114  115  116  117  117  116  114  112  110  108
  107  106  108  107  107  105  102   98   82                                   
    57.5-180.0 180.0   5.0 450.0                            LAT/LON1/LON2/DLON/H
   86   79   72   61   54   50   46   43   42   41   41   42   43   44   44   43
   42   41   40   40   40   40   41   40   39   37   35   33   32   32   32   34
   36   39   42   45   49   53   59   65   73   81   90   97  103  107  110  112
  114  116  117  118  119  121  122  124  125  126  127  126  124  121  117  115
  112  110  111  110  110  108  106  102   86                                   
    55.0-180.0 180.0   5.0 450.0                            LAT/LON1/LON2/DLON/H
   92   85   78   66   58   53   48   43   40   38   37   39   40   42   43   43
   42   40   39   38   38   38   38   37   36   35   33   32   31   31   31   33
   36   39   42   46   50   55   60   67   75   84   93  101  108  113  117  120
  123  125  127  129  130  132  133  135  137  138  139  138  136  132  127  123
  119  116  116  114  114  112  109  105   92                                   
    52.5-180.0 180.0   5.0 450.0                            LAT/LON1/LON2/DLON/H
   98   92   86   75   67   61   54   46   41   37   35   36   37   40   41   42
   41   39   38   37   36   36   36   36   36   35   33   32   32   32   33   35
   37   41   45   49   54   59   65   71   80   89   98  107  115  121  126  131
  135  139  142  143  144  145  146  147  149  150  151  151  149  145  140  135
  129  124  122  119  118  117  114  110   98                                   
    50.0-180.0 180.0   5.0 450.0                            LAT/LON1/LON2/DLON/H
  105  101   94   86   79   72   64   54   46   39   35   35   36   38   40   41
   41   39   37   36   36   36   37   37   37   37   36   36   35   35   36   38
   40   44   49   54   60   65   71   77   85   95  104  114  122  130  138  144
  150  155  157  159  158  158  158  158  159  161  161  161  160  157  152  147
  141  135  131  126  125  122  119  115  105                                   
    47.5-180.0 180.0   5.0 450.0                            LAT/LON1/LON2/DLON/H
  111  108  103   97   92   86   77   66   55   45   38   36   36   38   40   41
   40   39   38   38   38   39   40   41   41   41   41   41   40   40   40   42
   44   48   54   60   66   73   78   85   92  101  111  121  130  140  149  158
  165  170  173  173  171  169  167  166  166  167  168  169  168  166  162  158
  152  146  141  135  131  128  124  119  111                                   
    45.0-180.0 180.0   5.0 450.0                            LAT/LON1/LON2/DLON/H
  115  114  109  106  104  100   91   79   66   54   45   41   39   40   41   42
   41   41   41   41   42   44   45   47   47   48   47   47   46   45   45   45
   48   52   58   66   73   80   86   92   99  108  117  128  139  150  160  170
  178  183  185  184  181  177  174  172  171  171  172  172  172  171  169  166
  161  155  150  143  138  133  129  124  115                                   
    42.5-180.0 180.0   5.0 450.0                            LAT/LON1/LON2/DLON/H
  117  116  112  111  110  109  102   91   78   65   54   49   45   44   44   44
   44   44   44   46   48   50   53   54   54   54   54   53   51   50   49   48
   50   54   61   70   79   87   94  100  107  115  124  135  146  158  170  180
  189  193  194  192  188  184  180  177  175  175  175  175  176  175  174  172
  169  163  158  150  143  138  132  127  117                                   
    40.0-180.0 180.0   5.0 450.0                            LAT/LON1/LON2/DLON/H
  117  116  111  110  111  111  107   98   88   75   65   58   54   51   50   49
   48   48   49   52   55   58   60   61   61   60   58   57   55   53   51   50
   51   55   63   72   83   92  100  106  113  122  131  142  153  165  177  188
  196  200  201  200  197  193  190  187  185  183  183  182  181  179  178  177
  174  170  165  156  149  141  135  129  117                                   
    37.5-180.0 180.0   5.0 450.0                            LAT/LON1/LON2/DLON/H
  118  115  108  105  105  106  104   98   91   82   74   68   63   60   57   55
   54   54   55   58   61   64   66   66   65   63   61   58   56   54   52   51
   52   55   63   73   85   96  104  112  120  129  139  149  160  171  182  193
  201  207  209  210  210  209  207  206  204  201  199  196  192  189  185  183
  180  176  171  163  155  146  140  133  118                                   
    35.0-180.0 180.0   5.0 450.0                            LAT/LON1/LON2/DLON/H
  122  116  106  100   97   96   95   92   89   84   79   76   72   69   66   64
   62   61   63   65   67   69   70   69   67   64   61   59   57   55   53   52
   52   55   62   73   85   97  108  117  126  136  145  155  165  176  187  198
  207  215  221  226  230  233  236  236  235  231  227  221  214  206  200  195
  190  186  180  173  165  154  148  140  122                                   
    32.5-180.0 180.0   5.0 450.0                            LAT/LON1/LON2/DLON/H
  132  122  109   98   90   86   84   82   81   80   79   79   78   76   74   72
   71   70   70   71   72   73   72   71   68   65   62   59   57   55   54   52
   52   55   61   72   85   98  110  121  131  141  152  161  170  180  191  203
  215  226  237  248  258  267  274  277  276  272  266  257  246  234  223  214
  207  201  195  187  179  168  162  153  132                                   
    30.0-180.0 180.0   5.0 450.0                            LAT/LON1/LON2/DLON/H
  151  137  121  103   89   80   75   72   73   73   76   79   80   81   81   80
   79   77   76   76   76   75   75   73   70   67   64   61   59   57   56   54
   53   55   61   72   85   99  112  124  135  146  156  166  174  184  196  210
  225  242  259  276  293  308  319  324  325  321  313  301  287  270  255  242
  231  223  216  207  200  190  184  174  151                                   
    27.5-180.0 180.0   5.0 450.0                            LAT/LON1/LON2/DLON/H
  180  161  142  118   98   83   74   68   67   68   71   76   79   82   84   85
   85   84   81   80   78   78   77   76   74   71   68   65   62   60   58   56
   55   57   62   72   85   99  113  126  138  150  160  169  178  189  202  219
  239  261  284  308  332  353  367  375  376  371  362  348  332  313  294  278
  264  254  245  235  229  219  214  203  180                                   
    25.0-180.0 180.0   5.0 450.0                            LAT/LON1/LON2/DLON/H
  215  193  173  144  119   97   83   72   67   66   68   72   76   80   84   87
   88   87   84   82   80   80   81   82   81   79   75   71   67   64   61   59
   58   58   63   72   85  100  114  127  140  152  163  173  182  194  210  230
  255  282  312  342  371  396  413  422  422  417  406  392  375  356  336  319
  303  291  281  270  264  254  250  238  215                                   
    22.5-180.0 180.0   5.0 450.0                            LAT/LON1/LON2/DLON/H
  253  230  209  177  150  123  102   86   76   71   70   71   74   78   83   87
   89   88   85   82   81   83   86   89   90   88   84   78   73   68   65   62
   60   60   64   73   86  100  114  128  141  154  165  176  187  201  220  244
  273  305  339  373  405  431  448  456  456  450  440  427  412  395  377  361
  345  332  321  309  303  294  288  275  253                                   
    20.0-180.0 180.0   5.0 450.0                            LAT/LON1/LON2/DLON/H
  289  265  245  214  186  156  130  109   94   84   78   75   74   77   81   85
   87   87   84   82   83   87   93   98  100   99   93   86   79   73   68   64
   61   61   64   73   85   99  114  127  141  155  168  180  193  210  232  260
  292  326  361  396  427  451  466  473  472  466  458  448  437  425  412  399
  385  373  362  348  341  332  324  310  289                                   
    17.5-180.0 180.0   5.0 450.0                            LAT/LON1/LON2/DLON/H
  317  295  276  247  222  191  162  139  119  104   92   85   80   79   81   84
   86   86   84   82   85   91   99  106  110  108  101   93   84   76   70   65
   61   60   63   71   84   98  112  127  141  156  170  185  201  220  245  275
  308  343  376  408  435  455  467  471  470  465  460  455  450  444  437  429
  419  409  399  385  376  366  356  341  317                                   
    15.0-180.0 180.0   5.0 450.0                            LAT/LON1/LON2/DLON/H
  338  317  300  274  253  224  194  169  147  128  113  100   91   86   85   86
   87   86   85   84   88   96  106  114  117  114  107   98   88   79   72   66
   61   59   62   70   82   96  111  126  141  157  174  191  210  232  258  289
  321  354  383  409  431  446  454  457  456  454  452  452  453  454  453  450
  444  438  428  414  405  393  381  365  338                                   
    12.5-180.0 180.0   5.0 450.0                            LAT/LON1/LON2/DLON/H
  351  332  317  294  275  248  219  195  173  154  136  121  107   98   94   93
   92   91   90   90   94  103  112  120  122  118  110  100   90   81   73   66
   61   58   60   68   80   94  110  125  141  159  178  198  219  243  271  301
  331  360  384  405  420  431  437  439  439  439  440  444  450  455  459  461
  459  455  448  435  425  412  397  382  351                                   
    10.0-180.0 180.0   5.0 450.0                            LAT/LON1/LON2/DLON/H
  359  342  328  306  289  264  237  215  194  176  160  143  128  116  108  105
  103  101   99   99  103  111  119  124  124  119  111  102   92   84   75   67
   61   58   59   66   77   92  108  124  142  161  182  205  228  253  281  310
  338  363  383  398  410  418  423  426  427  429  432  437  445  452  458  462
  463  462  457  446  436  422  407  393  359                                   
     7.5-180.0 180.0   5.0 450.0                            LAT/LON1/LON2/DLON/H
  366  351  337  314  297  273  247  227  209  194  180  165  150  136  127  122
  118  115  113  112  115  120  125  127  125  119  111  102   94   86   77   69
