data/edconvlstm_nd/pred3210.15i
     1.0            IONOSPHERE MAPS     GNSS                IONEX VERSION / TYPE
pyspatialgeodesy        IME             05-JAN-18 20:20     PGM / RUN BY / DATE 
Map Name                                                    COMMENT             
Predicted global ionosphere maps (GIM).                     DESCRIPTION         
  2015    11    17     0     0     0                        EPOCH OF FIRST MAP  
  2015    11    18     0     0     0                        EPOCH OF LAST MAP   
  7200                                                      INTERVAL            
    13                                                      # OF MAPS IN FILE   
  NONE                                                      MAPPING FUNCTION    
10.0                                                        ELEVATION CUTOFF    
One-way carrier phase leveled to code                       OBSERVABLES USED    
  6371.0                                                    BASE RADIUS         
 2                                                          MAP DIMENSION       
   450.0 450.0   0.0                                        HGT1 / HGT2 / DHGT  
    87.5 -87.5  -2.5                                        LAT1 / LAT2 / DLAT  
  -180.0 180.0   5.0                                        LON1 / LON2 / DLON  
    -1                                                      EXPONENT            
                                                            END OF HEADER       
[from data line 1287]
     4                                                      START OF TEC MAP    
  2015    11    17     6     0     0                        EPOCH OF CURRENT MAP
    87.5-180.0 180.0   5.0 450.0                            LAT/LON1/LON2/DLON/H
   59   65   61   65   65   65   64   60   61   62   62   62   62   61   61   60
   59   57   56   55   53   52   51   50   49   48   47   47   46   46   46   46
   45   45   45   45   45   45   45   45   46   46   47   48   48   49   50   51
   52   52   53   54   54   54   55   55   55   55   54   54   54   53   53   53
   54   55   53   54   61   69   78   74   59                                   
    85.0-180.0 180.0   5.0 450.0                            LAT/LON1/LON2/DLON/H
   49   67   63   64   66   69   69   68   69   70   70   71   70   70   69   68
   67   65   64   62   61   60   59   57   57   56   55   55   54   54   54   54
   54   54   54   54   54   54   54   55   55   56   57   57   58   59   61   62
   63   63   64   65   65   65   66   65   65   65   64   63   62   61   60   60
   60   61   57   59   61   65   75   71   49                                   
    82.5-180.0 180.0   5.0 450.0                            LAT/LON1/LON2/DLON/H
   50   54   65   60   61   64   65   65   67   68   69   70   70   70   69   68
   66   64   62   59   57   55   53   51   50   49   48   48   47   47   47   48
   48   48   49   49   49   50   50   51   52   54   55   57   59   61   63   65
   66   68   69   70   71   71   71   71   71   70   69   67   65   63   61   59
   58   57   53   53   61   55   54   55   50                                   
    80.0-180.0 180.0   5.0 450.0                            LAT/LON1/LON2/DLON/H
   51   48   55   50   55   55   58   59   62   64   65   67   68   67   66   65
   62   60   57   53   51   48   45   43   41   40   40   40   40   41   41   42
   43   44   45   46   46   47   48   49   50   52   55   57   60   63   66   69
   72   74   76   78   79   80   80   80   80   79   77   74   71   68   64   60
   57   52   50   48   53   48   48   47   51                                   
    77.5-180.0 180.0   5.0 450.0                            LAT/LON1/LON2/DLON/H
   51   43   46   43   44   47   51   53   57   59   60   64   65   65   64   63
   60   57   53   49   45   41   37   34   32   31   30   31   31   33   35   37
   39   40   41   42   42   42   43   44   45   48   51   55   59   64   69   74
   78   82   85   88   91   93   94   95   95   94   92   89   85   80   74   68
   61   55   49   46   45   31   31   36   51                                   
    75.0-180.0 180.0   5.0 450.0                            LAT/LON1/LON2/DLON/H
   43   38   40   39   39   43   47   48   51   53   55   58   60   61   61   59
   57   54   50   45   40   36   32   29   27   26   27   28   30   32   35   38
   41   42   43   43   42   41   41   41   43   45   50   55   61   68   74   81
   87   92   97  101  104  108  110  112  113  113  112  109  105   99   91   83
   74   65   58   49   45   30   28   31   43                                   
    72.5-180.0 180.0   5.0 450.0                            LAT/LON1/LON2/DLON/H
   45   37   40   38   38   42   46   47   49   51   53   56   58   59   60   59
   57   54   50   45   40   36   31   28   27   26   27   29   32   36   40   44
   47   48   49   48   46   44   42   42   44   48   53   60   69   77   86   94
  101  108  113  118  123  127  131  134  136  138  138  136  132  125  117  108
   96   85   77   66   58   38   34   37   45                                   
    70.0-180.0 180.0   5.0 450.0                            LAT/LON1/LON2/DLON/H
   53   41   44   41   39   41   44   45   46   48   49   52   53   55   56   56
   54   52   49   45   40   36   32   29   28   28   29   32   36   41   46   50
   53   54   53   51   48   44   42   42   44   48   56   65   76   87   97  107
  115  122  128  133  138  143  147  152  155  158  159  158  155  149  140  130
  117  104   95   82   70   50   47   49   53                                   
    67.5-180.0 180.0   5.0 450.0                            LAT/LON1/LON2/DLON/H
   56   43   44   42   38   40   42   42   43   44   45   47   48   50   51   51
   51   49   47   43   39   35   32   29   28   29   31   35   39   44   49   52
   54   54   52   48   44   40   37   37   40   46   55   67   80   93  105  115
  124  131  137  142  147  152  157  162  166  170  172  172  169  164  155  145
  132  118  107   93   81   61   55   59   56                                   
    65.0-180.0 180.0   5.0 450.0                            LAT/LON1/LON2/DLON/H
   62   48   46   43   37   39   40   40   41   42   42   45   46   47   48   49
   49   48   47   44   40   37   34   32   32   33   36   39   43   47   51   53
   53   52   49   45   40   36   34   34   39   47   59   73   89  103  117  128
  137  144  150  155  159  164  168  173  178  181  184  184  181  176  168  157
  144  130  118  103   91   72   66   70   62                                   
    62.5-180.0 180.0   5.0 450.0                            LAT/LON1/LON2/DLON/H
   66   50   47   42   36   37   38   38   39   40   41   43   44   45   46   47
   48   48   47   45   42   39   37   35   36   37   40   43   46   49   50   51
   50   48   45   41   37   33   32   35   42   52   67   83  100  117  131  143
  152  160  165  170  174  178  182  186  189  191  193  192  189  184  175  165
  152  137  125  110   98   79   74   78   66                                   
    60.0-180.0 180.0   5.0 450.0                            LAT/LON1/LON2/DLON/H
   70   51   45   39   32   32   33   33   35   37   38   40   41   42   43   45
   46   46   45   43   41   39   37   36   37   39   42   44   46   47   46   45
   44   42   39   36   33   31   32   37   46   59   76   94  112  130  145  157
  167  175  181  186  190  193  196  198  199  200  199  197  193  187  178  168
  155  140  128  113  102   83   76   80   70                                   
    57.5-180.0 180.0   5.0 450.0                            LAT/LON1/LON2/DLON/H
   73   52   44   36   29   28   28   29   32   34   35   37   38   39   41   43
   44   44   44   42   40   38   36   36   38   40   43   44   45   44   42   40
   38   36   34   33   32   33   36   43   54   70   88  108  127  145  160  173
  184  193  200  206  210  213  214  214  213  211  208  204  198  191  182  172
  159  144  133  119  108   87   80   81   73                                   
    55.0-180.0 180.0   5.0 450.0                            LAT/LON1/LON2/DLON/H
   79   55   45   35   28   25   25   26   28   31   32   34   35   37   39   41
   42   43   42   41   38   36   35   35   37   40   42   44   43   41   38   36
   34   33   33   34   35   38   44   53   66   83  102  123  142  160  176  190
  202  212  221  228  232  234  233  231  227  223  218  212  205  197  188  178
  165  151  141  127  116   94   85   84   79                                   
    52.5-180.0 180.0   5.0 450.0                            LAT/LON1/LON2/DLON/H
   88   62   50   38   31   27   25   26   27   29   30   32   33   35   37   40
   42   43   42   40   38   36   35   35   37   40   43   44   44   41   37   34
   33   33   35   38   42   47   55   66   80   98  118  138  158  176  192  207
  220  232  242  249  253  254  251  247  241  235  228  221  214  205  195  186
  174  161  151  137  127  103   93   89   88                                   
    50.0-180.0 180.0   5.0 450.0                            LAT/LON1/LON2/DLON/H
  101   74   60   49   40   35   32   31   31   31   31   32   32   35   38   41
   44   45   44   42   40   38   37   37   40   43   46   47   46   43   39   36
   35   37   41   46   52   59   68   80   96  114  134  154  174  191  208  224
  238  251  262  269  271  270  266  260  253  245  238  230  222  213  204  195
  183  172  163  149  139  115  105  100  101                                   
    47.5-180.0 180.0   5.0 450.0                            LAT/LON1/LON2/DLON/H
  116   90   76   66   56   51   46   42   39   37   35   34   35   37   41   44
   47   48   48   47   45   44   43   43   44   47   50   51   50   47   44   41
   40   43   49   56   63   72   82   95  111  130  150  170  189  207  224  240
  255  267  277  282  284  281  274  267  258  251  243  236  228  219  210  201
  191  181  172  158  149  127  118  112  116                                   
    45.0-180.0 180.0   5.0 450.0                            LAT/LON1/LON2/DLON/H
  129  105   94   87   78   73   66   59   53   47   43   41   41   43   47   50
   53   54   55   55   55   54   53   53   53   54   56   57   56   53   50   47
   47   50   57   65   74   83   95  109  126  146  166  186  205  222  239  254
  268  279  286  289  288  283  274  265  257  250  243  237  230  222  213  204
  195  185  176  163  155  135  128  124  129                                   
    42.5-180.0 180.0   5.0 450.0                            LAT/LON1/LON2/DLON/H
  134  115  108  105   98   95   88   80   70   61   55   52   51   54   57   60
   62   63   65   67   69   69   68   66   64   62   63   63   62   59   55   53
   53   56   63   71   81   92  105  121  140  161  181  201  219  236  252  266
  277  285  289  289  286  278  269  259  251  244  239  234  228  220  211  203
  193  183  174  162  154  136  131  129  134                                   
    40.0-180.0 180.0   5.0 450.0                            LAT/LON1/LON2/DLON/H
  130  115  111  112  110  109  105   98   87   77   69   66   66   68   71   73
   74   75   77   82   86   88   86   82   76   72   70   69   68   65   61   58
   57   60   66   75   85   98  114  132  153  175  196  215  233  249  263  274
  282  287  288  286  281  273  264  254  246  241  236  232  226  218  209  200
  190  179  168  156  147  130  125  125  130                                   
    37.5-180.0 180.0   5.0 450.0                            LAT/LON1/LON2/DLON/H
  118  104  101  104  106  110  110  106   98   89   82   80   81   83   86   87
   87   88   92   98  104  106  104   97   88   81   77   75   73   70   66   62
   61   63   68   77   88  103  121  143  166  189  210  229  245  259  271  280
  286  289  288  286  282  275  268  259  252  246  241  236  230  222  212  202
  190  176  164  150  140  120  115  115  118                                   
    35.0-180.0 180.0   5.0 450.0                            LAT/LON1/LON2/DLON/H
  104   85   81   84   88   95   99  101   98   93   90   91   93   97  100  100
   99  101  105  113  120  123  119  110  100   90   84   81   79   76   72   67
   65   66   70   78   91  107  128  153  179  203  223  241  256  268  279  287
  292  294  295  295  295  292  287  280  273  266  259  253  246  237  226  215
  202  185  171  154  142  116  108  106  104                                   
    32.5-180.0 180.0   5.0 450.0                            LAT/LON1/LON2/DLON/H
   95   68   59   60   64   71   79   85   87   88   89   95  101  106  110  110
  110  111  116  124  132  135  130  121  109   99   92   88   86   82   78   73
   70   69   73   81   94  113  137  164  191  216  235  252  265  278  288  296
  302  307  312  317  322  324  323  318  310  301  293  285  276  267  256  245
  230  212  196  175  160  126  115  108   95                                   
    30.0-180.0 180.0   5.0 450.0                            LAT/LON1/LON2/DLON/H
   99   59   45   41   42   48   57   65   71   76   82   91  100  108  114  115
  116  118  124  131  138  140  136  127  116  107  100   96   92   88   83   78
   75   74   77   85   99  119  146  175  203  227  246  262  275  288  300  311
  320  329  340  352  364  372  374  371  363  353  343  333  323  314  303  292
  276  257  240  215  199  156  142  128   99                                   
    27.5-180.0 180.0   5.0 450.0                            LAT/LON1/LON2/DLON/H
  122   69   47   35   32   34   41   48   55   63   72   83   94  104  111  115
  117  120  125  131  136  138  135  129  122  114  108  103   98   94   89   85
   82   81   84   92  106  128  155  185  213  237  255  271  286  301  316  331
  346  362  381  401  419  433  440  439  431  421  408  397  386  377  367  355
  339  320  302  272  256  208  189  169  122                                   
    25.0-180.0 180.0   5.0 450.0                            LAT/LON1/LON2/DLON/H
  168  104   73   50   40   35   38   43   49   56   64   75   85   95  104  110
  113  117  121  125  128  130  130  128  125  121  116  110  104   99   96   93
   91   90   92  100  114  136  163  193  220  244  263  281  299  318  338  359
  381  405  432  459  485  504  515  516  510  499  486  473  462  452  442  431
  415  397  376  343  327  276  252  231  168                                   
    22.5-180.0 180.0   5.0 450.0                            LAT/LON1/LON2/DLON/H
  235  164  125   93   72   60   54   54   57   61   66   73   80   88   96  102
  107  110  113  115  118  121  124  127  129  128  123  117  110  106  103  101
   99   98   99  106  120  142  169  198  226  250  271  292  314  339  365  393
  422  454  488  522  551  573  586  589  585  575  562  549  538  528  519  509
  494  477  455  422  404  354  325  309  235                                   
    20.0-180.0 180.0   5.0 450.0                            LAT/LON1/LON2/DLON/H
  317  242  197  159  127  107   93   88   85   84   83   83   84   88   93   98
  102  104  105  107  110  114  121  128  133  134  130  123  116  112  109  107
  104  102  103  109  123  145  172  201  230  255  280  305  332  363  395  429
  464  502  540  575  604  624  636  638  634  626  615  605  596  590  584  576
  563  548  527  497  475  432  402  393  317                                   
    17.5-180.0 180.0   5.0 450.0                            LAT/LON1/LON2/DLON/H
  398  327  279  240  197  171  151  141  132  125  116  108  101   98   99  100
  101  102  102  103  107  113  121  131  138  141  138  130  121  115  111  108
  105  102  103  109  124  147  174  204  234  262  290  320  352  387  424  461
  501  539  576  608  631  646  652  652  649  644  638  633  629  627  625  619
  610  598  579  555  530  498  472  469  398                                   
    15.0-180.0 180.0   5.0 450.0                            LAT/LON1/LON2/DLON/H
  461  401  356  319  269  240  216  204  192  180  163  146  131  121  115  111
  108  107  106  107  111  118  127  137  146  149  145  135  124  116  111  107
  103  100  101  109  125  149  178  209  239  270  301  335  372  410  448  487
  525  562  593  617  631  637  637  635  635  636  637  638  640  641  641  638
  631  621  606  588  564  540  523  523  461                                   
    12.5-180.0 180.0   5.0 450.0                            LAT/LON1/LON2/DLON/H
  497  452  416  380  330  299  275  265  253  237  216  192  170  153  140  131
  124  119  118  119  123  130  139  148  155  157  152  140  127  117  111  106
  102   99  101  110  127  153  183  215  247  280  314  351  389  428  466  503
  538  569  593  607  611  608  604  603  607  615  624  632  637  640  641  638
  632  623  611  597  577  559  547  548  497                                   
    10.0-180.0 180.0   5.0 450.0                            LAT/LON1/LON2/DLON/H
  509  479  450  415  371  341  320  313  302  287  264  238  212  190  171  156
  145  138  136  139  144  150  156  163  168  168  160  146  131  120  113  108
  103  101  103  113  132  158  189  222  255  290  326  364  403  441  477  510
  540  565  581  586  584  577  571  572  580  593  607  619  626  630  630  626
  620  612  602  590  574  560  548  547  509                                   
     7.5-180.0 180.0   5.0 450.0                            LAT/LON1/LON2/DLON/H
  505  486  461  425  390  362  344  341  334  320  299  274  248  224  203  184
  169  161  160  164  170  175  179  182  183  179  168  153  139  129  121  114
