data/edconvlstm_nd/pred3490.15i
     1.0            IONOSPHERE MAPS     GNSS                IONEX VERSION / TYPE
pyspatialgeodesy        IME             05-JAN-18 20:20     PGM / RUN BY / DATE 
Map Name                                                    COMMENT             
Predicted global ionosphere maps (GIM).                     DESCRIPTION         
  2015    12    15     0     0     0                        EPOCH OF FIRST MAP  
  2015    12    16     0     0     0                        EPOCH OF LAST MAP   
  7200                                                      INTERVAL            
    13                                                      # OF MAPS IN FILE   
  NONE                                                      MAPPING FUNCTION    
10.0                                                        ELEVATION CUTOFF    
One-way carrier phase leveled to code                       OBSERVABLES USED    
  6371.0                                                    BASE RADIUS         
 2                                                          MAP DIMENSION       
   450.0 450.0   0.0                                        HGT1 / HGT2 / DHGT  
    87.5 -87.5  -2.5                                        LAT1 / LAT2 / DLAT  
  -180.0 180.0   5.0                                        LON1 / LON2 / DLON  
    -1                                                      EXPONENT            
                                                            END OF HEADER       
[from data line 4290]
    11                                                      START OF TEC MAP    
  2015    12    15    20     0     0                        EPOCH OF CURRENT MAP
    87.5-180.0 180.0   5.0 450.0                            LAT/LON1/LON2/DLON/H
   85   84   81   81   86   83   82   78   79   81   80   81   81   81   81   81
   81   81   81   81   80   80   80   80   79   79   79   78   78   78   78   77
   77   77   76   76   76   76   75   75   75   75   75   76   76   76   76   76
   76   76   76   76   76   76   75   75   74   74   73   73   72   72   71   71
   71   70   66   63   68   70   87   92   85                                   
    85.0-180.0 180.0   5.0 450.0                            LAT/LON1/LON2/DLON/H
   94   87   97   78   78   81   79   80   80   82   81   81   81   81   81   80
   80   80   80   79   79   79   79   79   79   79   79   79   78   78   78   78
   78   77   77   77   76   76   76   75   75   75   75   76   76   77   77   78
   78   78   78   78   78   78   78   77   77   76   75   75   74   73   73   72
   73   71   68   64   69   72   77   74   94                                   
    82.5-180.0 180.0   5.0 450.0                            LAT/LON1/LON2/DLON/H
   82   77   79   71   74   77   77   76   77   77   77   77   76   76   75   75
   74   73   72   72   71   71   71   71   72   72   73   73   74   74   74   74
   74   74   73   72   71   70   70   69   69   69   70   70   71   72   73   74
   75   76   77   77   78   77   77   76   76   74   73   72   71   70   69   68
   67   65   62   60   66   78   73   72   82                                   
    80.0-180.0 180.0   5.0 450.0                            LAT/LON1/LON2/DLON/H
   66   66   72   67   71   71   74   73   75   74   74   74   73   72   70   68
   67   65   63   62   61   60   60   61   62   63   65   66   68   69   70   71
   71   70   69   68   67   65   64   64   64   64   65   66   68   70   73   75
   77   79   80   81   82   82   81   80   79   77   76   74   72   70   68   66
   65   65   63   62   61   70   63   71   66                                   
    77.5-180.0 180.0   5.0 450.0                            LAT/LON1/LON2/DLON/H
   83   76   75   72   76   77   79   78   79   77   75   75   74   72   70   68
   65   62   60   57   56   55   54   55   57   59   62   65   68   71   73   74
   74   73   72   70   67   65   63   62   61   61   63   65   68   71   75   79
   83   86   88   90   91   91   91   90   89   87   84   82   79   76   74   71
   70   68   67   66   64   67   67   74   83                                   
    75.0-180.0 180.0   5.0 450.0                            LAT/LON1/LON2/DLON/H
   78   78   77   76   80   81   82   80   81   80   79   78   77   75   73   70
   67   63   59   55   52   50   49   49   51   54   58   63   67   72   75   77
   77   77   75   72   68   65   62   61   60   61   63   66   70   75   80   85
   89   93   96   98   99   99   99   98   96   94   92   89   87   84   81   79
   77   77   76   74   71   71   67   67   78                                   
    72.5-180.0 180.0   5.0 450.0                            LAT/LON1/LON2/DLON/H
   97   92   90   92   90   89   90   87   85   82   81   81   80   79   77   74
   70   65   60   55   50   46   44   43   45   48   53   59   64   70   74   77
   77   76   73   69   65   61   57   55   55   56   59   63   68   74   80   86
   91   95   98  100  101  101  100   99   98   97   95   93   91   89   87   84
   82   81   79   76   72   74   74   77   97                                   
    70.0-180.0 180.0   5.0 450.0                            LAT/LON1/LON2/DLON/H
  101  100  101  101   99   97   96   94   94   92   93   93   94   95   94   92
   89   84   78   70   63   57   52   50   50   52   57   62   68   74   79   82
   82   80   77   72   67   62   58   56   56   58   61   66   73   79   86   92
   97  100  103  104  104  103  102  102  101  101  100  100   99   98   97   95
   93   92   91   89   85   87   89   90  101                                   
    67.5-180.0 180.0   5.0 450.0                            LAT/LON1/LON2/DLON/H
  112  110  108  109  107  105  106  104  103  103  105  108  111  114  116  116
  114  109  101   92   82   73   65   59   57   57   59   64   69   74   78   81
   81   78   74   68   63   58   54   52   53   55   60   66   72   79   85   91
   95   97   98   98   97   96   95   95   95   96   98   99  100  101  101  100
   98   97   94   91   85   89   87   90  112                                   
    65.0-180.0 180.0   5.0 450.0                            LAT/LON1/LON2/DLON/H
  107  108  107  110  108  107  108  108  110  113  117  123  130  137  142  145
  145  141  134  123  110   97   85   75   68   65   64   65   68   72   74   75
   74   71   66   61   55   50   47   46   48   51   56   62   69   75   80   84
   86   86   85   84   82   80   79   80   81   84   87   91   94   96   97   98
   97   96   94   92   87   90   89   92  107                                   
    62.5-180.0 180.0   5.0 450.0                            LAT/LON1/LON2/DLON/H
  102  103  103  107  107  109  111  114  119  124  132  141  152  161  170  177
  179  178  171  159  144  127  111   96   84   76   71   68   68   68   69   68
   66   62   56   51   45   41   39   40   42   47   52   58   64   69   72   74
   74   72   70   67   65   63   63   64   66   70   75   80   84   87   90   90
   89   88   86   82   77   79   78   81  102                                   
    60.0-180.0 180.0   5.0 450.0                            LAT/LON1/LON2/DLON/H
   90   92   93  100  103  106  112  118  126  135  146  158  172  185  197  206
  212  212  206  194  178  159  139  119  103   89   79   73   68   65   63   60
   56   51   46   40   36   33   32   34   37   42   48   53   57   60   61   60
   58   56   52   49   47   45   45   47   50   55   60   66   71   75   77   78
   77   76   73   69   65   67   66   70   90                                   
    57.5-180.0 180.0   5.0 450.0                            LAT/LON1/LON2/DLON/H
   78   81   85   95  102  109  118  128  139  150  163  177  192  207  221  233
  240  242  238  226  210  190  168  147  127  109   95   83   75   68   62   57
   51   46   40   35   31   29   30   33   37   42   47   51   53   53   52   50
   47   43   40   37   35   34   35   37   41   45   51   56   60   64   67   68
   67   65   62   58   53   55   53   59   78                                   
    55.0-180.0 180.0   5.0 450.0                            LAT/LON1/LON2/DLON/H
   71   76   84   96  106  116  129  142  155  168  182  196  211  226  241  253
  262  265  262  252  236  217  196  175  153  134  116  100   87   76   67   59
   52   45   39   34   31   31   32   36   40   45   49   51   51   49   46   43
   39   36   33   31   30   30   32   35   38   42   47   51   54   56   58   59
   58   57   55   50   46   46   45   52   71                                   
    52.5-180.0 180.0   5.0 450.0                            LAT/LON1/LON2/DLON/H
   70   78   89  104  118  131  147  162  176  189  202  215  228  241  255  267
  276  280  277  269  255  239  221  202  182  162  142  123  106   91   78   68
   58   50   44   39   37   37   39   43   47   51   53   54   53   50   46   42
   38   36   34   34   34   35   37   40   43   47   49   51   52   53   55   56
   55   55   54   50   45   46   45   52   70                                   
    50.0-180.0 180.0   5.0 450.0                            LAT/LON1/LON2/DLON/H
   78   89  104  120  137  153  171  188  201  213  224  233  243  254  265  276
  284  287  285  278  268  255  242  227  211  192  172  150  130  111   94   81
   69   60   53   49   47   48   50   52   56   59   60   60   57   53   49   46
   44   43   43   44   45   47   49   52   54   56   56   56   55   55   55   57
   58   59   60   57   53   53   52   60   78                                   
    47.5-180.0 180.0   5.0 450.0                            LAT/LON1/LON2/DLON/H
   94  107  124  142  160  178  197  214  227  238  245  251  257  265  273  281
  287  289  287  282  275  268  259  250  238  221  201  177  153  130  111   94
   81   71   64   60   59   59   60   62   64   66   67   66   63   60   57   55
   54   55   56   58   60   62   64   67   68   68   66   63   61   59   60   62
   64   68   70   70   66   67   68   75   94                                   
    45.0-180.0 180.0   5.0 450.0                            LAT/LON1/LON2/DLON/H
  112  127  147  165  182  201  220  237  249  259  264  267  270  274  278  284
  287  288  286  283  279  276  274  269  260  245  224  199  171  146  123  105
   91   81   74   71   70   70   70   71   71   72   72   72   70   68   66   66
   67   69   71   73   75   77   78   80   79   78   75   71   67   65   66   68
   72   78   83   84   82   84   87   94  112                                   
    42.5-180.0 180.0   5.0 450.0                            LAT/LON1/LON2/DLON/H
  129  145  166  183  201  219  238  255  265  274  278  280  280  282  284  286
  287  286  284  283  282  283  284  283  276  262  239  211  181  153  129  110
   96   86   81   79   78   78   77   76   76   76   76   77   77   76   76   76
   79   81   83   85   86   87   87   87   86   83   80   75   72   70   71   75
   80   87   93   97   96  100  105  112  129                                   
    40.0-180.0 180.0   5.0 450.0                            LAT/LON1/LON2/DLON/H
  140  158  177  195  212  230  248  264  274  283  287  288  289  289  290  289
  288  286  285  284  286  289  292  292  285  269  245  215  183  153  129  111
   98   90   86   85   85   85   83   81   79   79   80   82   83   83   84   85
   87   89   90   90   90   90   89   88   86   83   80   76   74   73   75   79
   85   92   99  104  104  111  117  125  140                                   
    37.5-180.0 180.0   5.0 450.0                            LAT/LON1/LON2/DLON/H
  146  163  182  200  215  232  250  265  276  285  290  293  295  296  296  295
  292  290  288  289  291  294  296  295  286  269  243  211  179  150  127  111
  100   94   92   92   93   92   90   86   84   84   86   89   91   91   92   92
   92   92   91   90   89   87   86   84   82   79   76   74   74   75   77   81
   86   93  100  105  106  115  122  131  146                                   
    35.0-180.0 180.0   5.0 450.0                            LAT/LON1/LON2/DLON/H
  147  164  181  199  214  229  246  261  272  282  289  294  299  302  302  301
  298  296  295  295  297  298  297  293  282  263  237  206  176  150  130  116
  108  104  103  105  106  104  100   96   93   94   97  100  101  101   99   97
   95   92   89   87   85   84   82   81   78   75   73   73   74   76   79   82
   85   91   97  102  103  113  121  131  147                                   
    32.5-180.0 180.0   5.0 450.0                            LAT/LON1/LON2/DLON/H
  147  165  180  197  211  223  239  253  265  276  285  293  301  306  309  308
  305  303  302  302  302  300  296  288  276  258  234  207  180  159  143  132
  126  123  123  125  125  122  117  112  109  109  113  115  116  113  109  103
   98   93   88   85   84   83   83   81   78   75   73   74   76   79   81   83
   85   88   92   97   98  109  119  130  147                                   
    30.0-180.0 180.0   5.0 450.0                            LAT/LON1/LON2/DLON/H
  150  169  184  199  211  221  234  245  258  269  281  292  303  311  314  314
  311  310  309  308  306  300  293  283  272  257  239  218  198  182  170  162
  157  154  153  153  152  147  140  134  130  131  134  136  134  129  121  112
  104   96   91   88   88   90   91   89   85   82   80   80   83   85   87   87
   85   86   90   94   96  107  119  131  150                                   
    27.5-180.0 180.0   5.0 450.0                            LAT/LON1/LON2/DLON/H
  160  181  197  209  220  225  234  242  253  264  278  292  305  315  320  320
  317  315  314  311  306  299  289  281  274  266  256  243  231  220  211  205
  199  195  191  188  184  177  168  160  156  156  158  158  154  146  136  125
  114  105  100   98  101  104  106  105  100   95   92   92   93   94   94   92
   89   88   91   95   98  111  126  136  160                                   
    25.0-180.0 180.0   5.0 450.0                            LAT/LON1/LON2/DLON/H
  177  200  218  227  237  239  242  246  253  263  277  293  309  320  326  326
  323  319  316  312  305  296  288  284  284  285  285  282  277  270  264  256
  248  240  233  225  217  207  196  187  182  181  181  179  173  163  152  140
  129  120  115  115  120  125  128  127  121  113  108  106  105  104  102   99
   94   94   96  102  107  121  139  148  177                                   
    22.5-180.0 180.0   5.0 450.0                            LAT/LON1/LON2/DLON/H
  199  224  244  253  262  261  260  258  262  270  283  299  315  328  334  333
  329  323  318  310  302  294  290  293  303  315  325  331  331  327  319  309
  296  283  271  258  246  232  220  210  204  201  198  194  187  177  166  155
  145  138  134  136  142  148  152  149  141  132  124  118  115  112  108  104
   99  101  105  113  121  138  158  167  199                                   
    20.0-180.0 180.0   5.0 450.0                            LAT/LON1/LON2/DLON/H
  224  250  272  281  291  288  284  279  280  286  296  311  327  339  345  343
  337  329  320  310  301  295  298  310  330  351  370  382  385  380  369  353
  335  316  298  281  265  250  237  226  218  212  207  200  192  183  175  167
  160  155  153  155  162  168  170  166  157  145  134  126  120  114  109  105
  102  107  114  125  137  157  179  189  224                                   
    17.5-180.0 180.0   5.0 450.0                            LAT/LON1/LON2/DLON/H
  245  274  298  307  319  316  312  306  305  309  319  332  346  357  361  358
  350  339  326  314  305  304  313  334  362  391  415  428  430  421  403  381
  356  332  310  291  275  260  247  235  225  215  206  197  188  181  176  173
  170  168  167  170  175  180  180  175  164  151  138  128  119  111  105  102
  102  110  121  136  151  175  200  212  245                                   
    15.0-180.0 180.0   5.0 450.0                            LAT/LON1/LON2/DLON/H
  259  290  316  327  342  341  340  334  334  339  347  359  371  381  384  380
  370  355  340  326  318  321  337  364  398  430  453  463  459  443  418  389
  359  332  310  291  276  263  251  239  226  212  198  185  176  171  171  172
  173  174  174  176  179  181  179  173  161  148  135  124  113  104   98   97
   99  111  125  144  162  188  215  230  259                                   
    12.5-180.0 180.0   5.0 450.0                            LAT/LON1/LON2/DLON/H
  264  297  325  338  357  359  362  360  364  370  379  390  401  410  413  409
  397  381  363  348  342  348  369  400  434  463  480  482  470  446  415  381
  350  322  301  286  275  265  255  242  226  207  187  171  160  157  160  165
  170  173  174  174  174  174  170  162  152  140  128  116  106   96   91   91
   96  111  128  148  168  197  225  241  264                                   
    10.0-180.0 180.0   5.0 450.0                            LAT/LON1/LON2/DLON/H
  262  297  327  341  363  370  378  381  389  399  408  420  431  441  445  442
  431  414  395  381  376  385  407  438  468  489  496  487  466  436  402  367
  336  311  294  284  277  271  262  249  229  205  181  160  148  145  149  156
  163  167  168  166  164  161  156  149  140  130  119  109  100   92   87   88
   95  111  130  151  171  200  229  246  262                                   
     7.5-180.0 180.0   5.0 450.0                            LAT/LON1/LON2/DLON/H
  257  294  324  340  364  375  389  397  410  422  434  445  458  469  476  476
  467  452  435  422  419  429  450  476  497  506  500  482  455  423  388  355
