data/edconvlstm_nd/pred0350.15i
     1.0            IONOSPHERE MAPS     GNSS                IONEX VERSION / TYPE
pyspatialgeodesy        IME             05-JAN-18 20:20     PGM / RUN BY / DATE 
Map Name                                                    COMMENT             
Predicted global ionosphere maps (GIM).                     DESCRIPTION         
  2015     2     4     0     0     0                        EPOCH OF FIRST MAP  
  2015     2     5     0     0     0                        EPOCH OF LAST MAP   
  7200                                                      INTERVAL            
    13                                                      # OF MAPS IN FILE   
  NONE                                                      MAPPING FUNCTION    
10.0                                                        ELEVATION CUTOFF    
One-way carrier phase leveled to code                       OBSERVABLES USED    
  6371.0                                                    BASE RADIUS         
 2                                                          MAP DIMENSION       
   450.0 450.0   0.0                                        HGT1 / HGT2 / DHGT  
    87.5 -87.5  -2.5                                        LAT1 / LAT2 / DLAT  
  -180.0 180.0   5.0                                        LON1 / LON2 / DLON  
    -1                                                      EXPONENT            
                                                            END OF HEADER       
[from data line 3861]
    10                                                      START OF TEC MAP    
  2015     2     4    18     0     0                        EPOCH OF CURRENT MAP
    87.5-180.0 180.0   5.0 450.0                            LAT/LON1/LON2/DLON/H
  109  106  100  106  112  111  111  110  112  116  117  120  123  125  128  131
  134  136  138  140  142  144  145  146  146  146  146  145  145  144  142  141
  139  138  136  134  132  130  128  126  124  123  121  119  118  117  115  114
  113  112  111  111  110  109  108  107  107  106  105  105  105  104  104  103
  103  103  101   99  106  103  113  112  109                                   
    85.0-180.0 180.0   5.0 450.0                            LAT/LON1/LON2/DLON/H
  108  100  107   95   97  102  103  106  109  113  116  120  123  128  132  136
  139  143  146  149  152  154  156  157  158  158  158  157  157  155  154  152
  150  148  145  143  140  138  135  133  130  128  125  123  121  119  117  115
  113  112  110  109  107  106  105  104  103  102  101  100  100   99   99   98
   99   98   94   91   92   91   93   96  108                                   
    82.5-180.0 180.0   5.0 450.0                            LAT/LON1/LON2/DLON/H
   85   81   79   76   79   83   87   90   94   99  103  109  115  121  127  133
  139  145  150  155  159  162  165  167  168  169  169  168  167  165  163  160
  158  154  151  148  144  140  136  133  129  125  122  119  116  113  110  108
  106  104  102  100   98   96   95   93   92   91   90   89   88   87   86   85
   86   85   82   81   81   87   76   78   85                                   
    80.0-180.0 180.0   5.0 450.0                            LAT/LON1/LON2/DLON/H
   67   64   67   65   67   67   73   79   85   91   98  106  113  122  130  138
  146  153  159  164  168  171  173  174  174  174  172  170  168  165  161  158
  154  150  146  141  137  133  128  124  120  117  113  111  108  106  104  102
  101   99   98   96   95   94   92   91   89   88   87   85   84   84   83   82
   82   81   80   79   73   73   65   71   67                                   
    77.5-180.0 180.0   5.0 450.0                            LAT/LON1/LON2/DLON/H
   72   66   65   62   65   66   72   78   84   91  100  110  120  131  141  151
  161  169  176  181  185  188  189  188  187  184  181  177  173  169  165  161
  156  152  147  142  137  133  128  124  119  116  112  110  108  106  105  104
  104  103  103  102  102  101  100   98   97   95   93   92   90   89   89   88
   88   87   86   86   82   76   71   75   72                                   
    75.0-180.0 180.0   5.0 450.0                            LAT/LON1/LON2/DLON/H
   69   69   67   65   67   70   74   80   88   98  107  119  131  143  155  166
  177  186  193  198  200  201  199  196  191  185  179  173  167  161  156  151
  146  141  137  132  128  123  119  116  112  110  108  107  106  106  107  107
  108  109  110  111  111  110  109  108  106  104  102  101   99   98   98   98
   97   98   97   94   90   84   79   70   69                                   
    72.5-180.0 180.0   5.0 450.0                            LAT/LON1/LON2/DLON/H
   77   76   73   74   73   77   83   89   97  107  118  131  145  158  172  185
  197  206  214  219  221  219  215  208  199  189  179  170  161  153  146  140
  135  131  126  122  118  114  111  108  105  104  103  103  103  105  106  108
  110  112  114  116  117  117  117  115  114  111  109  107  105  104  104  104
  103  104  104  100   97   93   90   86   77                                   
    70.0-180.0 180.0   5.0 450.0                            LAT/LON1/LON2/DLON/H
   80   79   77   78   78   82   87   95  104  116  128  142  156  170  185  199
  211  222  231  236  237  235  228  218  205  190  176  163  151  141  133  126
  120  115  111  107  103  100   97   95   94   94   94   95   97   99  101  104
  106  109  111  113  115  116  116  115  114  112  110  107  105  104  103  103
  103  104  105  103  101   98   99   94   80                                   
    67.5-180.0 180.0   5.0 450.0                            LAT/LON1/LON2/DLON/H
   84   82   79   83   86   91   98  108  118  130  143  157  172  187  202  217
  231  244  254  260  262  258  250  236  220  201  183  166  151  139  129  121
  114  108  103   99   95   91   89   87   87   87   88   89   90   92   94   96
   98  100  102  104  106  108  109  110  109  108  107  104  102  100   99   99
   99   99   99   97   95   94   94   92   84                                   
    65.0-180.0 180.0   5.0 450.0                            LAT/LON1/LON2/DLON/H
   78   76   73   81   85   92  100  112  123  137  150  164  179  194  210  227
  242  257  269  278  281  278  269  254  235  214  192  173  156  142  130  121
  113  106   99   93   88   84   81   79   78   78   79   79   80   80   80   80
   80   81   82   84   86   89   92   93   95   95   94   92   90   87   86   85
   84   84   85   84   84   85   86   89   78                                   
    62.5-180.0 180.0   5.0 450.0                            LAT/LON1/LON2/DLON/H
   70   67   65   75   82   92  102  116  129  143  157  171  186  202  218  236
  254  271  286  296  301  300  291  276  256  234  211  190  172  157  144  133
  123  113  104   95   88   82   77   74   73   72   71   70   68   66   64   62
   60   59   59   60   63   66   70   74   77   78   78   77   75   72   70   68
   66   66   67   66   65   66   68   74   70                                   
    60.0-180.0 180.0   5.0 450.0                            LAT/LON1/LON2/DLON/H
   58   56   55   67   76   86  100  115  130  146  160  175  190  205  223  241
  261  280  297  310  317  317  309  295  276  255  234  214  197  182  168  155
  142  129  116  104   94   85   79   74   70   68   65   63   59   55   50   46
   41   39   38   38   41   45   50   56   60   63   64   63   61   58   55   53
   50   49   50   48   49   50   53   61   58                                   
    57.5-180.0 180.0   5.0 450.0                            LAT/LON1/LON2/DLON/H
   49   48   48   61   72   83   99  116  134  150  166  180  195  211  229  248
  269  290  308  322  329  330  323  311  295  277  259  243  229  215  202  187
  171  155  138  122  108   96   87   79   74   69   65   61   56   51   44   38
   32   28   26   26   29   33   39   45   51   54   56   56   54   51   48   45
   42   40   41   39   39   40   44   53   49                                   
    55.0-180.0 180.0   5.0 450.0                            LAT/LON1/LON2/DLON/H
   46   46   47   61   72   84  102  121  140  158  175  190  205  220  238  258
  279  300  318  331  338  338  333  323  310  297  284  273  262  251  238  222
  203  183  163  143  126  111   99   89   81   75   70   65   59   53   47   40
   34   29   26   26   28   32   39   45   51   55   57   57   55   52   49   46
   43   42   42   40   41   41   44   52   46                                   
    52.5-180.0 180.0   5.0 450.0                            LAT/LON1/LON2/DLON/H
   51   53   54   67   79   92  111  131  152  172  189  204  219  234  252  271
  292  311  327  338  343  342  337  329  321  312  305  299  292  283  270  253
  232  209  186  164  145  128  114  102   93   85   79   74   69   64   59   53
   47   42   39   38   40   44   50   56   61   65   66   65   63   60   58   56
   54   54   55   53   53   52   54   60   51                                   
    50.0-180.0 180.0   5.0 450.0                            LAT/LON1/LON2/DLON/H
   64   66   68   79   92  106  126  148  171  192  210  225  239  254  270  289
  307  325  338  346  348  345  340  334  329  325  322  319  315  306  292  273
  250  226  202  180  162  145  130  117  106   97   90   86   83   80   77   73
   69   66   63   62   63   66   71   76   79   81   80   78   75   73   72   72
   72   73   74   74   73   71   71   74   64                                   
    47.5-180.0 180.0   5.0 450.0                            LAT/LON1/LON2/DLON/H
   82   83   85   95  109  125  147  170  195  217  235  250  264  277  292  308
  325  339  349  354  353  349  344  339  336  334  334  332  327  316  300  278
  254  230  208  189  173  159  145  131  119  109  102   99   98   98   97   96
   94   92   90   89   89   91   95   98  100   99   96   92   88   87   87   89
   90   93   95   96   95   93   92   91   82                                   
    45.0-180.0 180.0   5.0 450.0                            LAT/LON1/LON2/DLON/H
  100   98  100  111  127  144  168  194  220  244  262  277  290  301  314  329
  343  355  362  364  361  356  350  346  343  342  341  337  328  313  293  269
  245  223  205  191  180  169  157  143  131  120  113  110  111  112  114  115
  115  113  111  110  110  112  114  117  116  113  108  103   99   97   98  101
  104  109  112  114  114  111  109  109  100                                   
    42.5-180.0 180.0   5.0 450.0                            LAT/LON1/LON2/DLON/H
  112  108  111  124  141  161  188  215  243  269  288  304  315  326  336  348
  360  369  374  374  371  366  360  356  352  349  344  334  320  300  276  251
  228  210  197  189  184  177  168  155  142  131  123  120  120  122  124  125
  125  124  122  121  121  123  125  127  127  122  116  109  105  103  104  107
  110  115  118  121  123  119  117  120  112                                   
    40.0-180.0 180.0   5.0 450.0                            LAT/LON1/LON2/DLON/H
  116  111  114  131  151  173  203  232  262  289  311  327  339  348  357  366
  375  382  386  386  383  378  373  368  362  354  343  328  307  283  258  234
  214  201  194  191  191  188  181  169  155  143  135  130  129  128  128  128
  127  125  123  121  122  124  128  131  130  125  118  110  105  103  103  106
  108  111  114  116  117  114  112  120  116                                   
    37.5-180.0 180.0   5.0 450.0                            LAT/LON1/LON2/DLON/H
  111  106  112  133  157  180  212  243  275  304  328  346  359  368  375  382
  389  394  396  397  394  391  386  380  371  358  342  322  299  274  250  230
  215  207  204  205  207  206  200  188  175  162  152  145  140  136  133  130
  127  124  120  118  119  122  126  130  129  124  117  109  103  100  100  101
  100  102  102  103  102   98   97  109  111                                   
    35.0-180.0 180.0   5.0 450.0                            LAT/LON1/LON2/DLON/H
  103   99  108  132  158  182  216  248  282  313  340  361  376  385  392  397
  401  404  406  406  405  402  398  390  378  363  345  324  303  282  264  250
  241  236  235  237  238  236  229  217  202  189  177  168  159  151  144  138
  133  128  123  120  119  122  127  130  130  125  118  110  104  100   98   97
   94   93   91   88   85   80   79   93  103                                   
    32.5-180.0 180.0   5.0 450.0                            LAT/LON1/LON2/DLON/H
   96   93  105  131  159  184  219  251  285  318  348  373  391  402  409  413
  415  415  415  414  413  410  405  396  384  370  355  339  324  312  304  298
  295  293  291  289  286  279  268  255  240  225  212  200  189  178  167  159
  152  145  139  134  132  133  136  138  137  132  125  117  111  107  104  101
   96   92   88   82   77   69   68   81   96                                   
    30.0-180.0 180.0   5.0 450.0                            LAT/LON1/LON2/DLON/H
   95   94  107  135  164  189  223  255  289  323  355  383  404  419  427  430
  430  428  424  421  418  413  407  399  390  381  374  368  366  367  372  377
  379  377  371  360  348  333  317  301  285  270  257  243  230  217  206  197
  190  182  175  168  163  161  160  159  155  148  141  133  128  123  119  115
  109  103   96   87   81   71   67   77   95                                   
    27.5-180.0 180.0   5.0 450.0                            LAT/LON1/LON2/DLON/H
  101  101  116  145  176  201  235  264  296  329  362  393  418  436  446  450
  448  443  436  428  421  413  406  401  398  398  403  413  428  447  467  483
  490  484  467  444  417  392  370  351  334  319  306  293  280  268  258  251
  246  240  232  222  213  206  200  193  185  175  166  159  152  147  143  138
  131  126  117  107   98   86   78   83  101                                   
    25.0-180.0 180.0   5.0 450.0                            LAT/LON1/LON2/DLON/H
  115  116  130  162  196  222  254  280  310  341  374  405  433  454  468  473
  470  462  450  438  425  414  407  405  410  424  444  472  507  545  580  604
  610  596  565  525  484  448  420  398  381  367  355  344  333  324  319  317
  316  313  305  293  279  266  252  237  223  209  198  189  182  175  170  166
  160  157  147  136  125  110   96   97  115                                   
    22.5-180.0 180.0   5.0 450.0                            LAT/LON1/LON2/DLON/H
  134  135  149  184  222  249  281  305  331  359  390  422  451  475  492  499
  496  486  470  453  435  421  414  417  432  459  497  543  595  647  690  715
  716  691  646  592  539  494  461  436  419  407  398  389  382  378  378  382
  388  389  382  367  348  327  305  283  262  244  231  220  212  204  198  194
  189  188  179  169  155  136  119  117  134                                   
    20.0-180.0 180.0   5.0 450.0                            LAT/LON1/LON2/DLON/H
  155  156  169  208  250  280  313  335  359  384  412  443  473  500  520  530
  529  518  499  477  456  440  434  443  467  507  559  617  678  733  774  793
  786  753  700  638  578  528  490  464  447  436  428  422  418  418  423  434
  444  449  443  427  404  378  350  322  297  276  260  248  238  228  220  216
  213  214  206  197  180  159  140  139  155                                   
    17.5-180.0 180.0   5.0 450.0                            LAT/LON1/LON2/DLON/H
  172  175  188  230  276  310  345  367  390  414  440  469  500  529  553  567
  569  559  540  515  492  475  472  485  518  566  624  684  741  787  819  830
  817  780  725  662  601  549  510  482  463  451  443  438  435  437  445  458
  472  479  476  460  437  408  378  348  321  299  282  268  256  244  234  228
  226  228  221  212  194  172  153  155  172                                   
    15.0-180.0 180.0   5.0 450.0                            LAT/LON1/LON2/DLON/H
  180  187  204  247  298  336  374  399  423  447  471  499  531  563  592  610
  617  610  592  569  546  530  529  546  581  630  683  733  775  806  825  829
  813  777  727  669  612  563  523  493  471  456  445  438  433  432  439  452
  466  475  474  461  440  414  385  356  330  309  293  279  265  250  238  230
  227  229  222  211  194  173  154  160  180                                   
    12.5-180.0 180.0   5.0 450.0                            LAT/LON1/LON2/DLON/H
  179  190  213  259  313  356  399  428  456  481  505  533  565  601  634  659
  671  669  657  637  617  603  603  620  652  691  729  760  783  798  806  803
  787  757  715  668  620  575  535  502  476  456  440  427  417  411  413  422
  433  442  443  434  418  396  372  348  327  309  295  281  265  249  235  225
  220  220  212  198  182  164  144  154  179                                   
    10.0-180.0 180.0   5.0 450.0                            LAT/LON1/LON2/DLON/H
  172  188  218  266  323  371  418  453  486  514  539  568  601  640  678  708
  727  732  726  713  697  686  684  697  718  741  758  769  774  777  776  770
  756  733  703  668  630  590  551  515  483  457  434  414  396  384  378  381
  389  396  398  393  382  368  351  333  317  304  292  278  262  243  228  215
  207  205  194  178  163  148  128  140  172                                   
     7.5-180.0 180.0   5.0 450.0                            LAT/LON1/LON2/DLON/H
  165  185  220  270  329  381  432  472  511  544  572  602  637  678  719  754
  779  791  792  786  775  766  762  765  772  776  774  768  761  755  749  742
