data/edconvlstm_nd/pred1850.15i
     1.0            IONOSPHERE MAPS     GNSS                IONEX VERSION / TYPE
pyspatialgeodesy        IME             05-JAN-18 20:20     PGM / RUN BY / DATE 
Map Name                                                    COMMENT             
Predicted global ionosphere maps (GIM).                     DESCRIPTION         
  2015     7     4     0     0     0                        EPOCH OF FIRST MAP  
  2015     7     5     0     0     0                        EPOCH OF LAST MAP   
  7200                                                      INTERVAL            
    13                                                      # OF MAPS IN FILE   
  NONE                                                      MAPPING FUNCTION    
10.0                                                        ELEVATION CUTOFF    
One-way carrier phase leveled to code                       OBSERVABLES USED    
  6371.0                                                    BASE RADIUS         
 2                                                          MAP DIMENSION       
   450.0 450.0   0.0                                        HGT1 / HGT2 / DHGT  
    87.5 -87.5  -2.5                                        LAT1 / LAT2 / DLAT  
  -180.0 180.0   5.0                                        LON1 / LON2 / DLON  
    -1                                                      EXPONENT            
                                                            END OF HEADER       
[from data line 858]
     3                                                      START OF TEC MAP    
  2015     7     4     4     0     0                        EPOCH OF CURRENT MAP
    87.5-180.0 180.0   5.0 450.0                            LAT/LON1/LON2/DLON/H
  175  175  174  176  176  173  171  169  170  170  170  171  171  171  171  171
  171  171  171  170  170  169  169  168  168  167  166  166  165  165  165  165
  164  164  164  164  164  164  165  165  165  166  166  167  167  168  169  169
  170  170  171  171  171  171  172  172  172  171  171  171  170  170  169  169
  169  171  170  170  174  173  171  166  175                                   
    85.0-180.0 180.0   5.0 450.0                            LAT/LON1/LON2/DLON/H
  179  182  174  178  181  179  179  179  179  180  180  180  181  181  181  181
  181  181  180  180  179  179  178  177  176  176  175  175  174  174  173  173
  173  173  173  173  174  174  175  175  176  176  177  178  179  179  180  181
  182  183  183  184  184  184  185  185  185  184  184  183  183  182  181  180
  181  182  178  181  175  176  174  170  179                                   
    82.5-180.0 180.0   5.0 450.0                            LAT/LON1/LON2/DLON/H
  184  181  180  176  176  176  177  177  179  179  179  180  181  181  181  181
  181  180  180  179  178  177  176  174  173  172  171  170  170  169  169  169
  169  169  169  170  170  171  172  172  173  174  176  177  178  179  180  182
  183  184  185  186  187  187  188  188  188  187  187  186  185  183  182  181
  180  180  176  178  180  173  171  163  184                                   
    80.0-180.0 180.0   5.0 450.0                            LAT/LON1/LON2/DLON/H
  180  178  170  169  171  172  175  176  178  179  179  180  181  182  182  182
  181  181  180  178  177  175  173  171  169  168  166  165  165  164  164  164
  165  165  166  167  168  168  170  171  172  173  175  177  178  180  182  184
  186  187  189  190  191  192  192  192  192  191  190  189  188  186  184  183
  181  179  174  176  179  174  178  163  180                                   
    77.5-180.0 180.0   5.0 450.0                            LAT/LON1/LON2/DLON/H
  174  170  166  167  165  168  172  174  176  177  178  180  181  181  182  182
  181  180  179  177  175  173  170  167  165  163  161  160  160  160  161  162
  163  164  165  167  168  169  170  171  173  174  176  178  180  182  185  187
  189  191  193  194  195  196  196  197  196  195  194  192  190  188  186  184
  181  179  172  174  177  171  170  164  174                                   
    75.0-180.0 180.0   5.0 450.0                            LAT/LON1/LON2/DLON/H
  167  166  161  163  161  165  169  171  174  175  176  178  179  180  180  180
  180  179  177  175  172  169  166  162  159  156  155  154  154  155  157  159
  161  163  165  167  168  169  170  172  173  175  177  179  181  184  186  188
  190  192  194  195  196  197  197  197  197  196  195  193  191  188  186  184
  181  178  173  169  171  167  166  164  167                                   
    72.5-180.0 180.0   5.0 450.0                            LAT/LON1/LON2/DLON/H
  162  166  161  162  161  165  169  171  174  175  176  178  179  180  180  180
  180  179  177  174  171  167  163  159  155  152  150  150  151  154  157  160
  164  167  170  172  174  175  176  177  178  180  182  184  187  189  192  194
  195  197  198  198  199  199  199  199  199  198  197  195  193  191  189  187
  184  182  178  175  173  168  166  164  162                                   
    70.0-180.0 180.0   5.0 450.0                            LAT/LON1/LON2/DLON/H
  165  165  161  160  159  161  165  168  171  172  173  175  176  177  177  177
  176  175  173  171  167  162  157  152  148  144  143  143  146  149  154  160
  165  169  172  175  176  177  178  179  180  182  185  187  190  193  195  197
  197  197  197  196  196  195  195  195  194  194  193  192  191  189  187  187
  185  182  179  177  176  171  170  168  165                                   
    67.5-180.0 180.0   5.0 450.0                            LAT/LON1/LON2/DLON/H
  165  165  160  159  157  159  162  164  167  168  169  171  172  173  173  173
  172  171  169  166  161  156  150  145  140  136  135  136  139  144  150  157
  163  168  172  174  175  176  177  178  180  182  186  190  193  196  198  199
  198  196  194  192  190  189  188  187  187  187  187  187  186  185  184  184
  183  181  179  178  177  172  172  170  165                                   
    65.0-180.0 180.0   5.0 450.0                            LAT/LON1/LON2/DLON/H
  168  167  161  159  156  157  159  161  163  164  166  168  169  169  169  169
  168  167  164  161  156  150  144  138  133  129  128  130  134  140  147  155
  161  166  170  172  174  174  175  177  180  184  189  194  198  202  204  203
  201  198  194  190  186  184  182  182  182  182  183  183  183  183  182  182
  182  181  180  179  180  176  177  175  168                                   
    62.5-180.0 180.0   5.0 450.0                            LAT/LON1/LON2/DLON/H
  173  172  165  163  158  158  160  160  162  162  163  165  166  166  166  166
  164  162  160  156  151  145  139  133  128  124  124  126  130  137  144  152
  158  163  166  168  169  170  172  175  179  185  192  199  205  209  211  210
  206  201  196  190  185  182  180  180  180  181  182  182  182  182  181  182
  181  181  181  181  182  180  182  181  173                                   
    60.0-180.0 180.0   5.0 450.0                            LAT/LON1/LON2/DLON/H
  178  178  172  168  163  162  162  160  160  159  159  161  161  162  162  161
  159  157  153  149  144  139  133  128  123  120  120  123  127  133  140  147
  152  156  158  160  161  163  166  170  177  185  195  204  211  216  218  217
  212  207  200  194  189  185  183  182  182  183  183  183  183  182  182  182
  181  181  181  182  184  183  185  185  178                                   
    57.5-180.0 180.0   5.0 450.0                            LAT/LON1/LON2/DLON/H
  186  186  181  177  172  169  167  164  162  159  157  157  157  157  157  156
  154  150  147  143  138  133  128  124  121  119  119  121  125  131  136  141
  145  148  149  150  152  155  159  166  175  186  197  208  217  223  225  224
  220  214  208  202  197  193  191  190  189  189  189  188  187  185  184  183
  182  182  182  183  186  185  189  189  186                                   
    55.0-180.0 180.0   5.0 450.0                            LAT/LON1/LON2/DLON/H
  193  195  191  187  183  179  176  171  166  160  156  154  153  152  151  149
  147  143  139  135  132  128  125  122  120  119  120  122  125  129  132  135
  137  138  139  140  142  146  153  162  173  186  200  212  222  229  232  232
  229  224  219  214  209  206  204  202  200  199  197  195  193  190  188  186
  185  184  184  185  188  187  192  193  193                                   
    52.5-180.0 180.0   5.0 450.0                            LAT/LON1/LON2/DLON/H
  201  203  201  199  196  192  188  180  173  165  158  154  150  148  146  143
  140  136  133  129  126  125  123  123  122  122  123  124  126  127  129  129
  130  130  130  131  134  139  147  158  171  186  201  215  226  234  238  239
  237  235  231  228  225  222  220  217  214  210  207  203  200  196  193  192
  190  189  188  189  191  191  195  196  201                                   
    50.0-180.0 180.0   5.0 450.0                            LAT/LON1/LON2/DLON/H
  208  211  211  211  209  206  201  193  184  172  163  156  150  146  142  139
  135  131  127  125  123  123  124  125  126  127  128  128  128  128  127  126
  125  124  124  125  129  135  144  156  170  186  202  217  228  237  243  245
  246  246  245  244  243  240  237  233  228  223  217  212  208  204  201  199
  197  196  195  196  197  197  200  200  208                                   
    47.5-180.0 180.0   5.0 450.0                            LAT/LON1/LON2/DLON/H
  214  217  217  219  220  218  214  205  196  183  172  162  154  147  141  136
  131  127  124  123  123  124  127  129  132  134  134  133  132  130  128  125
  124  122  122  123  126  133  142  154  170  186  203  218  230  240  246  251
  254  257  258  259  259  257  253  248  241  234  227  221  216  212  210  209
  208  208  207  207  207  206  208  207  214                                   
    45.0-180.0 180.0   5.0 450.0                            LAT/LON1/LON2/DLON/H
  219  221  221  224  226  226  224  217  208  195  183  172  162  152  144  137
  131  126  124  123  124  127  130  134  138  140  140  139  137  134  131  128
  127  125  124  125  127  132  141  154  170  187  204  219  232  242  250  256
  261  266  269  272  272  270  266  260  252  244  236  230  225  222  221  222
  222  223  223  222  222  219  219  217  219                                   
    42.5-180.0 180.0   5.0 450.0                            LAT/LON1/LON2/DLON/H
  225  224  223  225  228  229  229  225  219  208  197  185  173  161  150  141
  134  129  126  126  127  130  134  139  143  146  146  145  143  139  137  135
  133  132  131  130  130  134  142  155  170  188  205  221  233  244  253  260
  267  272  277  280  281  279  275  269  261  253  245  239  235  233  234  237
  239  242  242  242  241  237  236  230  225                                   
    40.0-180.0 180.0   5.0 450.0                            LAT/LON1/LON2/DLON/H
  234  228  225  224  226  227  230  230  228  220  211  201  188  174  160  148
  139  133  131  130  132  134  138  143  147  151  152  152  150  147  145  144
  143  142  140  137  135  136  143  155  172  190  208  223  236  246  255  263
  270  276  281  285  286  285  281  276  269  262  256  251  248  247  249  254
  258  263  265  265  264  260  256  249  234                                   
    37.5-180.0 180.0   5.0 450.0                            LAT/LON1/LON2/DLON/H
  248  238  231  225  225  225  229  232  234  231  225  217  204  188  172  157
  146  140  137  136  136  138  141  146  151  155  158  159  158  156  155  155
  155  153  150  145  140  139  145  157  173  192  210  226  238  248  256  264
  271  277  282  286  287  287  286  282  278  274  270  266  265  265  267  273
  278  284  288  289  289  286  281  271  248                                   
    35.0-180.0 180.0   5.0 450.0                            LAT/LON1/LON2/DLON/H
  269  256  244  232  229  226  229  235  241  242  239  233  220  203  185  168
  155  147  143  141  141  142  144  149  154  160  165  167  167  166  165  166
  166  164  159  152  145  142  146  158  175  194  213  227  239  248  256  263
  270  275  280  284  287  288  289  289  288  287  286  285  284  285  288  293
  299  306  311  313  314  314  308  298  269                                   
    32.5-180.0 180.0   5.0 450.0                            LAT/LON1/LON2/DLON/H
  299  283  268  250  242  236  237  243  250  254  253  248  237  219  198  178
  163  154  148  146  145  145  148  153  159  167  173  176  177  176  175  175
  175  173  167  158  149  144  147  159  176  195  213  227  238  246  253  259
  265  270  275  280  284  289  293  296  299  301  303  304  305  306  308  312
  318  324  331  335  339  341  336  327  299                                   
    30.0-180.0 180.0   5.0 450.0                            LAT/LON1/LON2/DLON/H
  335  319  301  280  269  259  257  261  267  270  270  265  253  233  210  188
  170  159  153  150  149  150  153  159  167  175  182  186  186  185  183  182
  180  177  170  159  149  144  147  157  174  193  210  223  233  240  246  252
  258  264  269  275  282  289  296  303  309  315  320  323  325  326  327  330
  334  340  347  353  359  365  362  355  335                                   
    27.5-180.0 180.0   5.0 450.0                            LAT/LON1/LON2/DLON/H
  374  360  342  321  308  296  290  290  292  292  289  283  269  248  222  197
  177  163  156  153  153  156  161  168  177  186  193  196  195  191  187  183
  180  175  167  156  146  141  143  153  169  187  203  215  224  231  237  243
  249  255  262  270  279  289  300  310  319  327  334  339  342  343  344  345
  348  354  361  368  376  385  384  380  374                                   
    25.0-180.0 180.0   5.0 450.0                            LAT/LON1/LON2/DLON/H
  409  400  385  367  354  342  333  328  325  319  312  302  286  262  234  206
  183  167  159  157  158  164  171  180  190  198  202  203  199  193  186  179
  174  167  159  148  139  134  136  145  159  176  191  203  211  219  225  232
  240  247  256  266  277  290  303  315  326  336  344  351  355  357  357  358
  361  365  373  380  389  400  401  400  409                                   
    22.5-180.0 180.0   5.0 450.0                            LAT/LON1/LON2/DLON/H
  435  432  421  409  399  390  379  370  361  350  337  323  303  277  247  216
  190  172  163  161  165  174  184  194  202  208  209  206  199  189  179  169
  161  154  145  135  127  123  125  133  146  161  175  188  197  206  214  222
  231  240  250  262  275  289  303  317  329  340  350  358  364  367  368  370
  372  376  383  391  398  410  411  413  435                                   
    20.0-180.0 180.0   5.0 450.0                            LAT/LON1/LON2/DLON/H
  447  450  444  439  435  429  419  409  395  379  361  342  319  291  259  227
  199  179  169  168  174  185  197  207  213  213  209  201  191  179  166  155
  145  136  128  119  113  110  112  119  130  144  159  173  184  195  205  215
  225  235  246  258  272  286  300  314  327  340  352  362  369  374  378  381
  383  388  394  400  406  416  417  418  447                                   
    17.5-180.0 180.0   5.0 450.0                            LAT/LON1/LON2/DLON/H
  446  452  452  453  455  453  445  434  419  399  378  356  332  303  272  239
  210  190  179  178  185  197  209  217  217  212  202  190  176  163  149  137
  127  118  110  103   98   96   98  104  114  128  144  160  175  188  200  211
  222  233  244  255  268  281  294  308  322  337  351  363  373  381  387  392
  396  401  407  410  413  419  419  418  446                                   
    15.0-180.0 180.0   5.0 450.0                            LAT/LON1/LON2/DLON/H
  436  443  446  449  457  458  452  443  427  407  384  361  338  311  281  251
  223  203  192  191  197  208  217  220  215  202  187  171  157  143  131  120
  110  101   93   88   84   82   84   89   99  114  132  151  169  185  199  211
  222  233  243  253  264  275  288  302  317  334  351  366  378  389  397  404
  410  415  420  421  421  421  419  414  436                                   
    12.5-180.0 180.0   5.0 450.0                            LAT/LON1/LON2/DLON/H
  422  428  431  433  442  445  440  432  418  399  377  356  334  311  286  260
  236  217  206  204  208  215  219  217  205  186  166  149  135  124  114  104
   95   87   80   74   71   71   72   77   88  103  123  145  166  184  200  213
  224  234  243  252  262  272  283  298  315  334  353  371  386  398  408  417
  424  430  434  433  429  424  419  411  422                                   
    10.0-180.0 180.0   5.0 450.0                            LAT/LON1/LON2/DLON/H
  412  414  416  413  420  421  416  408  395  377  357  338  321  303  284  264
  245  230  220  215  216  217  215  206  188  166  144  127  115  107   99   92
   84   76   69   64   61   61   63   68   78   95  117  141  165  185  202  215
  226  236  245  253  262  271  283  298  317  338  360  380  396  409  419  429
  436  443  446  443  437  428  421  410  412                                   
     7.5-180.0 180.0   5.0 450.0                            LAT/LON1/LON2/DLON/H
  411  409  406  396  399  395  387  377  364  346  328  313  299  286  274  261
  248  237  228  222  218  214  205  190  168  144  122  108   99   93   89   83
