data/edconvlstm_nd/pred1130.15i
     1.0            IONOSPHERE MAPS     GNSS                IONEX VERSION / TYPE
pyspatialgeodesy        IME             05-JAN-18 20:20     PGM / RUN BY / DATE 
Map Name                                                    COMMENT             
Predicted global ionosphere maps (GIM).                     DESCRIPTION         
  2015     4    23     0     0     0                        EPOCH OF FIRST MAP  
  2015     4    24     0     0     0                        EPOCH OF LAST MAP   
  7200                                                      INTERVAL            
    13                                                      # OF MAPS IN FILE   
  NONE                                                      MAPPING FUNCTION    
10.0                                                        ELEVATION CUTOFF    
One-way carrier phase leveled to code                       OBSERVABLES USED    
  6371.0                                                    BASE RADIUS         
 2                                                          MAP DIMENSION       
   450.0 450.0   0.0                                        HGT1 / HGT2 / DHGT  
    87.5 -87.5  -2.5                                        LAT1 / LAT2 / DLAT  
  -180.0 180.0   5.0                                        LON1 / LON2 / DLON  
    -1                                                      EXPONENT            
                                                            END OF HEADER       
[from data line 4290]
    11                                                      START OF TEC MAP    
  2015     4    23    20     0     0                        EPOCH OF CURRENT MAP
    87.5-180.0 180.0   5.0 450.0                            LAT/LON1/LON2/DLON/H
  249  233  216  222  224  225  225  224  225  225  226  226  227  227  227  228
  228  227  227  226  225  224  223  222  220  218  217  215  213  212  210  209
  207  206  205  204  204  203  203  203  204  204  205  206  208  209  211  212
  214  215  217  219  220  222  223  224  225  226  227  228  228  228  228  228
  227  227  226  226  233  237  229  239  249                                   
    85.0-180.0 180.0   5.0 450.0                            LAT/LON1/LON2/DLON/H
  225  222  223  219  216  220  220  222  222  223  224  225  226  227  228  229
  229  229  229  228  228  226  225  223  221  219  216  214  212  209  207  205
  203  201  200  199  198  198  198  198  199  200  202  203  205  208  210  213
  215  218  220  223  225  227  229  231  232  233  234  235  235  235  235  234
  234  233  231  230  232  223  221  234  225                                   
    82.5-180.0 180.0   5.0 450.0                            LAT/LON1/LON2/DLON/H
  199  203  202  202  201  207  208  210  211  214  217  220  222  225  227  229
  230  230  230  230  228  226  224  221  218  215  211  207  204  200  197  194
  191  188  186  184  183  182  182  183  184  185  188  190  193  197  200  204
  208  212  216  219  222  226  228  231  233  235  236  237  237  236  236  234
  232  229  225  226  222  222  217  212  199                                   
    80.0-180.0 180.0   5.0 450.0                            LAT/LON1/LON2/DLON/H
  190  192  193  193  191  195  198  204  208  213  218  223  227  232  235  238
  240  241  240  239  237  235  232  228  224  219  215  210  205  200  196  191
  187  183  180  177  175  174  174  174  175  177  179  182  186  190  194  199
  204  208  213  217  221  225  228  231  234  236  237  238  239  238  237  235
  232  228  225  223  217  202  199  200  190                                   
    77.5-180.0 180.0   5.0 450.0                            LAT/LON1/LON2/DLON/H
  186  178  182  183  184  189  194  201  207  214  221  228  234  240  245  248
  250  251  251  250  247  245  241  237  233  228  223  218  213  208  203  198
  193  188  185  181  179  177  175  175  176  177  179  181  185  188  192  197
  201  205  210  214  218  221  224  227  230  232  234  235  235  235  233  231
  227  223  219  216  212  196  193  199  186                                   
    75.0-180.0 180.0   5.0 450.0                            LAT/LON1/LON2/DLON/H
  183  177  178  179  181  187  192  200  209  218  226  235  242  248  253  256
  257  257  256  254  251  248  245  241  238  233  229  224  220  215  209  204
  199  195  190  186  183  180  178  176  175  175  176  178  180  183  186  189
  192  195  198  202  204  207  210  213  215  217  219  220  221  221  221  220
  217  214  211  206  202  187  186  186  183                                   
    72.5-180.0 180.0   5.0 450.0                            LAT/LON1/LON2/DLON/H
  184  178  179  184  184  191  198  206  215  226  235  244  252  257  261  263
  263  261  259  256  253  250  247  244  241  238  235  231  227  222  217  212
  207  203  198  193  189  186  183  180  178  177  177  177  177  178  180  181
  183  184  186  187  189  191  192  194  195  197  199  201  203  204  204  205
  202  201  199  195  193  182  183  188  184                                   
    70.0-180.0 180.0   5.0 450.0                            LAT/LON1/LON2/DLON/H
  190  185  185  189  190  197  203  213  222  233  243  252  259  264  266  265
  263  259  255  251  247  244  242  240  239  237  234  232  228  224  220  215
  211  206  201  196  191  187  183  179  176  174  172  171  170  169  169  168
  168  168  168  168  168  168  169  169  170  171  173  175  178  180  182  184
  185  186  186  185  186  179  185  189  190                                   
    67.5-180.0 180.0   5.0 450.0                            LAT/LON1/LON2/DLON/H
  199  198  198  203  204  211  217  226  236  247  257  266  273  276  277  274
  270  264  258  253  249  246  244  243  242  241  239  236  233  230  226  221
  217  212  207  202  197  192  187  183  180  176  174  171  169  167  165  163
  161  159  157  156  155  154  153  152  152  153  155  157  160  163  167  171
  173  176  178  179  182  180  187  192  199                                   
    65.0-180.0 180.0   5.0 450.0                            LAT/LON1/LON2/DLON/H
  205  206  205  211  213  218  223  232  242  253  264  273  280  283  283  279
  273  266  259  253  248  244  242  241  240  239  237  235  232  229  225  221
  217  212  207  201  196  190  185  181  177  173  170  167  163  160  156  152
  149  146  143  141  138  137  135  134  133  133  134  136  140  144  149  154
  158  164  168  170  177  180  189  193  205                                   
    62.5-180.0 180.0   5.0 450.0                            LAT/LON1/LON2/DLON/H
  209  212  212  217  219  223  228  236  246  257  268  279  286  290  291  288
  282  275  267  260  254  250  247  245  243  241  239  236  234  231  227  224
  219  214  209  203  197  191  186  181  178  174  170  166  162  157  152  147
  142  138  134  131  129  126  124  123  121  121  122  124  127  132  138  145
  150  157  163  166  173  178  187  192  209                                   
    60.0-180.0 180.0   5.0 450.0                            LAT/LON1/LON2/DLON/H
  209  214  214  218  220  223  227  234  244  256  268  279  289  295  297  296
  292  286  279  271  265  259  255  251  247  244  242  239  237  234  232  228
  224  219  213  207  201  195  189  185  181  177  173  169  163  157  150  143
  137  132  128  125  122  120  118  117  115  114  114  116  120  125  132  140
  147  154  161  163  170  177  187  190  209                                   
    57.5-180.0 180.0   5.0 450.0                            LAT/LON1/LON2/DLON/H
  209  216  217  219  221  222  225  231  241  252  264  277  288  297  303  306
  305  301  294  286  279  271  265  259  255  251  248  246  244  243  241  238
  234  228  222  216  209  203  198  193  189  185  181  175  168  160  152  144
  136  130  126  123  121  120  118  117  115  114  114  115  119  125  133  142
  150  159  166  167  173  180  189  191  209                                   
    55.0-180.0 180.0   5.0 450.0                            LAT/LON1/LON2/DLON/H
  213  221  224  224  226  226  228  232  240  250  262  274  287  299  309  316
  319  317  311  303  294  285  277  270  264  260  258  257  256  256  255  252
  248  242  236  229  222  216  211  206  201  196  191  184  176  166  157  147
  139  133  128  126  124  124  123  122  121  120  119  120  123  130  139  150
  160  170  177  178  182  188  198  198  213                                   
    52.5-180.0 180.0   5.0 450.0                            LAT/LON1/LON2/DLON/H
  223  232  237  235  238  238  239  241  247  254  263  275  287  301  315  326
  332  333  328  320  310  300  290  282  277  273  271  271  272  273  272  269
  264  258  251  244  237  231  225  219  214  208  201  193  183  173  163  154
  146  139  135  132  131  131  131  131  130  129  128  128  131  138  149  162
  174  186  194  195  197  203  214  213  223                                   
    50.0-180.0 180.0   5.0 450.0                            LAT/LON1/LON2/DLON/H
  241  251  257  256  259  261  261  262  265  269  274  282  293  308  323  337
  347  349  345  337  326  315  305  297  292  289  288  289  291  291  290  285
  279  272  265  258  252  246  239  232  225  217  208  200  190  181  171  163
  155  149  145  142  141  141  142  142  142  141  139  138  141  147  159  174
  189  204  214  217  219  224  236  236  241                                   
    47.5-180.0 180.0   5.0 450.0                            LAT/LON1/LON2/DLON/H
  265  276  283  283  289  292  293  293  294  294  294  298  307  320  337  352
  363  366  363  354  344  333  324  316  311  308  307  308  309  308  304  298
  290  281  274  268  263  257  250  241  231  222  212  203  194  186  179  172
  167  162  158  155  153  153  153  154  155  153  151  149  150  156  169  186
  204  222  234  240  242  248  261  264  265                                   
    45.0-180.0 180.0   5.0 450.0                            LAT/LON1/LON2/DLON/H
  292  305  312  315  324  329  332  333  333  330  326  326  331  342  358  373
  383  386  383  375  365  356  347  340  334  330  327  326  325  321  314  305
  294  285  278  274  270  264  256  246  234  223  213  204  197  191  187  183
  179  175  171  168  165  165  165  166  167  166  163  160  159  164  177  195
  215  236  251  260  264  271  286  292  292                                   
    42.5-180.0 180.0   5.0 450.0                            LAT/LON1/LON2/DLON/H
  319  334  341  348  360  368  374  377  377  373  367  363  365  374  388  401
  410  412  408  401  394  386  378  370  362  355  349  344  338  331  321  308
  296  287  281  278  275  270  261  249  236  224  213  205  200  197  195  194
  192  189  185  181  178  176  176  177  177  175  172  168  166  169  180  199
  220  245  262  274  280  290  306  316  319                                   
    40.0-180.0 180.0   5.0 450.0                            LAT/LON1/LON2/DLON/H
  340  358  366  376  392  403  414  419  422  419  413  408  409  416  427  438
  444  444  440  435  430  425  417  407  394  382  371  361  352  341  328  314
  302  293  288  287  286  281  271  257  242  229  219  212  207  206  206  206
  206  203  198  193  189  187  187  187  186  184  179  174  170  171  181  199
  220  246  267  280  288  300  319  330  340                                   
    37.5-180.0 180.0   5.0 450.0                            LAT/LON1/LON2/DLON/H
  355  374  385  397  417  431  446  455  463  464  460  457  458  464  474  482
  485  483  480  477  475  471  462  448  431  413  396  383  370  358  344  331
  319  311  308  308  307  301  289  273  257  244  234  227  222  220  220  221
  220  216  211  206  202  200  199  198  196  192  186  179  174  173  181  197
  218  244  265  280  290  304  324  334  355                                   
    35.0-180.0 180.0   5.0 450.0                            LAT/LON1/LON2/DLON/H
  366  385  400  412  435  451  471  484  497  504  506  506  509  516  524  529
  530  527  524  523  524  520  509  491  468  446  427  412  400  388  377  365
  355  349  348  347  344  335  319  301  284  270  260  252  246  242  240  238
  236  231  225  220  217  216  215  212  209  203  196  187  181  178  184  198
  217  242  263  278  289  303  325  333  366                                   
    32.5-180.0 180.0   5.0 450.0                            LAT/LON1/LON2/DLON/H
  376  395  413  426  451  468  491  507  526  539  546  552  558  566  573  576
  574  570  568  569  571  568  554  532  507  484  466  453  445  438  431  424
  418  413  410  407  398  382  360  338  319  306  295  286  277  270  265  260
  254  248  242  238  237  237  236  233  226  218  209  200  192  188  192  204
  221  244  264  279  291  306  328  334  376                                   
    30.0-180.0 180.0   5.0 450.0                            LAT/LON1/LON2/DLON/H
  388  407  427  442  469  487  511  529  552  570  584  595  604  613  618  619
  614  609  607  609  612  607  592  570  546  527  515  510  510  511  511  509
  506  501  493  480  461  434  405  378  358  344  333  323  312  302  293  285
  277  269  263  261  262  264  263  257  249  238  228  218  210  205  207  216
  230  251  271  285  298  313  336  341  388                                   
    27.5-180.0 180.0   5.0 450.0                            LAT/LON1/LON2/DLON/H
  405  425  445  464  494  512  537  556  581  603  620  635  647  656  659  657
  649  642  639  641  642  637  623  604  586  577  577  583  593  602  609  611
  606  595  576  549  516  478  441  410  389  376  366  357  345  333  322  312
  302  294  289  288  290  293  292  285  274  261  249  239  231  226  227  234
  246  265  284  298  311  328  350  356  405                                   
    25.0-180.0 180.0   5.0 450.0                            LAT/LON1/LON2/DLON/H
  426  448  466  493  526  545  570  589  616  639  659  676  689  697  699  693
  683  672  667  666  666  660  648  636  630  634  647  666  684  699  707  705
  692  669  635  594  547  500  457  424  404  394  387  380  370  360  350  340
  331  323  318  318  321  324  323  314  301  286  273  263  256  251  251  257
  266  283  302  315  327  346  368  378  426                                   
    22.5-180.0 180.0   5.0 450.0                            LAT/LON1/LON2/DLON/H
  447  475  492  526  565  584  609  628  656  680  702  721  734  741  741  733
  720  707  697  692  688  682  674  670  677  695  720  746  767  779  780  767
  740  702  655  602  547  494  449  417  400  394  392  390  386  380  375  369
  363  356  352  350  352  353  350  340  324  308  294  283  276  272  272  277
  286  302  321  334  345  365  387  403  447                                   
    20.0-180.0 180.0   5.0 450.0                            LAT/LON1/LON2/DLON/H
  466  500  520  560  602  624  649  670  699  724  748  768  782  790  789  781
  768  752  738  727  718  710  705  709  726  754  785  811  826  828  814  785
  743  692  634  573  514  460  418  392  380  380  384  389  392  395  397  399
  397  392  386  381  379  376  369  356  340  322  306  295  288  284  284  288
  297  313  333  348  359  379  402  428  466                                   
    17.5-180.0 180.0   5.0 450.0                            LAT/LON1/LON2/DLON/H
  480  519  544  588  633  658  685  708  738  766  792  815  832  842  844  839
  828  812  795  779  763  751  747  755  777  806  833  850  853  840  809  764
  707  643  578  515  459  411  377  359  354  360  370  382  394  406  418  427
  429  425  416  406  396  387  376  362  345  327  310  298  290  286  286  289
  298  315  336  352  365  385  409  442  480                                   
    15.0-180.0 180.0   5.0 450.0                            LAT/LON1/LON2/DLON/H
  488  526  558  604  652  682  712  737  770  800  829  856  878  893  901  903
  898  886  868  846  824  807  800  806  824  846  861  864  851  821  774  714
  645  574  508  450  403  366  343  333  336  347  361  378  397  418  438  452
  457  451  437  420  402  386  372  358  341  323  306  293  284  279  279  281
  290  307  328  346  363  384  408  444  488                                   
    12.5-180.0 180.0   5.0 450.0                            LAT/LON1/LON2/DLON/H
  487  522  560  608  659  693  728  756  790  823  856  887  914  936  953  964
  969  964  948  924  897  874  860  859  865  872  871  858  830  785  725  655
  581  511  451  403  368  344  331  330  338  352  368  387  408  433  456  472
  476  466  446  421  396  374  358  344  330  314  297  281  271  265  264  266
  274  290  312  330  352  376  399  436  487                                   
    10.0-180.0 180.0   5.0 450.0                            LAT/LON1/LON2/DLON/H
  477  511  554  604  659  698  736  765  801  836  871  906  937  966  991 1013
 1029 1033 1023 1000  970  941  919  906  898  888  871  842  800  745  680  609
  538  475  424  389  367  355  352  358  369  383  397  412  430  452  473  485
  484  469  443  411  380  354  337  325  315  300  283  266  254  247  245  246
  253  269  290  310  335  363  387  423  477                                   
     7.5-180.0 180.0   5.0 450.0                            LAT/LON1/LON2/DLON/H
  463  501  547  599  656  700  742  773  809  844  879  914  947  979 1011 1042
 1067 1081 1079 1060 1030  998  968  943  920  895  864  823  772  715  653  589
