data/edconvlstm_nd/pred1270.15i
     1.0            IONOSPHERE MAPS     GNSS                IONEX VERSION / TYPE
pyspatialgeodesy        IME             05-JAN-18 20:20     PGM / RUN BY / DATE 
Map Name                                                    COMMENT             
Predicted global ionosphere maps (GIM).                     DESCRIPTION         
  2015     5     7     0     0     0                        EPOCH OF FIRST MAP  
  2015     5     8     0     0     0                        EPOCH OF LAST MAP   
  7200                                                      INTERVAL            
    13                                                      # OF MAPS IN FILE   
  NONE                                                      MAPPING FUNCTION    
10.0                                                        ELEVATION CUTOFF    
One-way carrier phase leveled to code                       OBSERVABLES USED    
  6371.0                                                    BASE RADIUS         
 2                                                          MAP DIMENSION       
   450.0 450.0   0.0                                        HGT1 / HGT2 / DHGT  
    87.5 -87.5  -2.5                                        LAT1 / LAT2 / DLAT  
  -180.0 180.0   5.0                                        LON1 / LON2 / DLON  
    -1                                                      EXPONENT            
                                                            END OF HEADER       
     1                                                      START OF TEC MAP    
  2015     5     7     0     0     0                        EPOCH OF CURRENT MAP
    87.5-180.0 180.0   5.0 450.0                            LAT/LON1/LON2/DLON/H
  142  143  149  139  139  139  136  136  136  136  136  136  136  136  136  135
  134  133  132  131  130  128  126  124  123  121  119  117  116  114  113  111
  110  109  108  107  107  107  107  107  107  108  109  110  111  112  114  115
  116  117  119  120  121  121  122  123  124  124  125  125  125  125  126  127
  127  129  130  130  129  131  138  160  142                                   
    85.0-180.0 180.0   5.0 450.0                            LAT/LON1/LON2/DLON/H
  152  151  142  143  148  148  146  145  146  146  147  147  147  147  147  146
  145  144  143  141  139  137  135  132  130  127  125  122  119  117  115  113
  111  109  108  107  106  106  106  106  106  107  108  110  111  113  115  116
  118  120  122  123  125  126  128  129  130  131  132  133  134  134  135  136
  137  138  140  143  136  143  152  163  152                                   
    82.5-180.0 180.0   5.0 450.0                            LAT/LON1/LON2/DLON/H
  152  150  153  151  155  157  155  156  158  158  159  161  161  162  162  161
  160  158  156  154  151  148  145  141  137  134  130  126  122  118  115  111
  108  106  104  102  101  101  101  101  102  103  105  107  110  112  115  118
  120  123  126  129  131  134  136  138  140  142  144  145  146  147  148  150
  150  151  153  151  149  141  149  157  152                                   
    80.0-180.0 180.0   5.0 450.0                            LAT/LON1/LON2/DLON/H
  151  151  149  148  151  155  158  161  164  166  168  171  173  173  173  173
  172  170  167  164  161  157  153  148  144  139  133  128  123  118  114  110
  106  103  100   98   97   97   97   97   99  101  103  106  109  112  116  120
  123  127  131  134  137  140  143  146  148  150  152  154  155  156  157  158
  157  157  156  152  156  147  157  170  151                                   
    77.5-180.0 180.0   5.0 450.0                            LAT/LON1/LON2/DLON/H
  150  144  142  145  146  148  154  159  163  166  170  174  176  177  178  177
  175  173  170  167  163  159  155  150  145  139  134  128  122  117  112  108
  104  101   98   97   96   95   95   96   98  100  103  106  110  114  118  122
  127  131  135  139  142  145  148  151  153  156  157  159  160  160  161  161
  160  160  157  153  155  152  159  176  150                                   
    75.0-180.0 180.0   5.0 450.0                            LAT/LON1/LON2/DLON/H
  149  140  140  142  140  142  146  152  157  161  166  170  173  174  174  173
  171  169  166  163  159  155  151  147  142  137  132  126  121  116  111  107
  104  102  100   98   97   97   97   97   99  101  103  107  111  115  119  124
  128  132  136  140  143  146  149  152  154  156  157  159  160  161  161  162
  160  160  158  150  151  154  161  179  149                                   
    72.5-180.0 180.0   5.0 450.0                            LAT/LON1/LON2/DLON/H
  141  140  141  140  136  137  141  146  153  156  161  166  169  170  169  168
  165  162  159  156  153  150  147  143  139  135  130  125  120  115  111  108
  106  104  103  102  101  100   99   99  100  102  104  107  111  115  119  124
  128  132  136  139  142  144  146  148  150  152  154  155  157  158  160  161
  160  160  160  154  153  154  163  183  141                                   
    70.0-180.0 180.0   5.0 450.0                            LAT/LON1/LON2/DLON/H
  144  141  142  141  135  135  138  143  150  154  159  164  166  167  166  164
  161  157  154  151  149  146  144  141  137  133  128  123  119  116  113  111
  110  109  108  106  105  104  103  102  102  103  105  107  111  115  119  123
  127  131  134  137  139  141  142  144  146  148  149  151  153  155  157  159
  159  159  161  157  158  160  167  186  144                                   
    67.5-180.0 180.0   5.0 450.0                            LAT/LON1/LON2/DLON/H
  150  148  147  144  136  135  138  142  148  152  157  162  165  165  164  161
  158  154  151  148  146  143  141  138  134  129  125  121  117  114  112  111
  111  110  109  108  106  104  102  100   99  100  101  103  107  110  114  118
  122  125  128  130  132  134  136  137  139  141  143  145  147  149  151  154
  154  156  158  155  158  162  170  190  150                                   
    65.0-180.0 180.0   5.0 450.0                            LAT/LON1/LON2/DLON/H
  157  154  153  149  141  137  139  142  148  151  157  162  165  166  165  162
  159  155  152  149  146  144  141  137  133  128  123  119  116  115  114  113
  113  112  111  109  106  103  100   98   96   96   97  100  103  106  109  113
  116  119  122  125  127  129  131  133  135  137  139  141  143  145  147  149
  150  153  156  154  158  164  174  196  157                                   
    62.5-180.0 180.0   5.0 450.0                            LAT/LON1/LON2/DLON/H
  165  162  161  157  148  143  143  144  149  152  157  163  167  168  168  167
  164  161  158  155  152  148  144  139  134  129  124  121  119  119  119  119
  119  117  114  111  107  103   99   97   95   95   96   98  100  103  106  109
  112  115  118  121  124  127  130  132  135  137  139  141  143  145  147  148
  149  150  154  152  157  164  176  199  165                                   
    60.0-180.0 180.0   5.0 450.0                            LAT/LON1/LON2/DLON/H
  172  169  170  166  157  150  148  148  151  153  157  162  167  170  172  172
  171  168  165  162  158  154  148  143  137  132  128  126  126  127  128  128
  127  124  120  115  109  104  100   98   96   96   97   99  100  102  104  106
  109  112  115  119  124  128  132  136  139  142  145  147  149  150  151  151
  150  150  153  151  155  164  177  201  172                                   
    57.5-180.0 180.0   5.0 450.0                            LAT/LON1/LON2/DLON/H
  180  177  179  175  167  160  156  153  154  154  156  161  166  170  174  176
  176  175  172  168  164  158  153  147  142  138  136  136  137  140  142  142
  140  135  129  122  115  109  105  103  101  101  102  103  104  104  105  106
  108  110  114  120  126  133  139  145  149  153  155  157  159  159  159  159
  156  155  156  152  156  164  178  203  180                                   
    55.0-180.0 180.0   5.0 450.0                            LAT/LON1/LON2/DLON/H
  187  186  189  185  179  172  167  163  160  156  156  159  163  168  172  176
  177  177  175  171  167  162  157  152  149  147  147  150  153  157  159  159
  155  149  141  132  124  118  114  112  111  111  111  111  110  110  109  109
  110  112  117  123  132  141  150  158  164  168  171  173  174  174  173  172
  168  165  164  158  160  168  181  207  187                                   
    52.5-180.0 180.0   5.0 450.0                            LAT/LON1/LON2/DLON/H
  197  196  200  198  194  189  184  177  171  163  159  158  160  164  169  173
  175  175  173  170  167  164  161  158  158  159  162  167  172  177  179  177
  172  164  154  145  137  131  127  125  124  124  123  122  120  118  116  115
  115  117  122  129  140  152  163  174  181  186  189  190  191  191  191  189
  185  181  179  171  172  178  189  216  197                                   
    50.0-180.0 180.0   5.0 450.0                            LAT/LON1/LON2/DLON/H
  211  210  214  213  211  210  206  198  188  175  166  161  159  161  164  168
  170  170  170  168  167  166  166  167  169  173  179  186  192  197  198  194
  187  177  167  158  151  146  143  142  141  140  138  136  133  129  126  124
  123  124  129  138  150  164  178  190  199  204  207  208  208  208  209  209
  206  203  201  191  191  195  204  230  211                                   
    47.5-180.0 180.0   5.0 450.0                            LAT/LON1/LON2/DLON/H
  230  228  232  232  232  234  233  223  210  193  179  168  163  161  162  164
  165  166  167  168  169  172  175  179  183  190  197  204  210  213  211  205
  196  186  177  170  164  161  160  159  158  156  154  151  147  142  138  135
  133  134  138  147  160  176  192  205  215  220  222  223  223  224  226  229
  229  229  228  219  217  219  227  251  230                                   
    45.0-180.0 180.0   5.0 450.0                            LAT/LON1/LON2/DLON/H
  253  250  253  255  256  261  261  251  236  215  196  181  171  165  163  163
  163  165  167  171  176  181  187  193  200  207  214  220  223  222  218  210
  200  191  184  180  177  176  176  176  175  173  170  166  162  157  152  148
  145  145  148  157  170  186  203  218  228  233  235  235  235  237  241  247
  252  257  259  252  250  250  257  277  253                                   
    42.5-180.0 180.0   5.0 450.0                            LAT/LON1/LON2/DLON/H
  280  277  279  283  283  288  288  279  262  239  217  198  184  175  169  167
  167  169  173  180  188  196  204  211  218  223  228  231  230  226  219  210
  201  194  190  189  190  191  192  192  192  190  187  183  178  172  167  162
  159  157  159  166  179  195  212  227  237  243  245  245  245  248  255  264
  275  284  291  288  288  286  292  307  280                                   
    40.0-180.0 180.0   5.0 450.0                            LAT/LON1/LON2/DLON/H
  312  312  313  315  314  315  313  303  285  261  238  217  201  188  180  176
  176  180  187  196  207  216  224  230  235  238  240  239  235  228  219  210
  203  199  199  200  203  205  208  209  209  208  205  200  195  189  183  178
  173  169  170  175  186  201  218  234  245  251  254  255  257  261  269  281
  296  311  322  324  326  325  331  340  312                                   
    37.5-180.0 180.0   5.0 450.0                            LAT/LON1/LON2/DLON/H
  350  357  357  355  350  344  336  322  304  279  256  235  218  204  195  190
  190  196  206  218  229  239  245  249  250  250  249  246  240  232  223  216
  211  210  211  214  218  221  224  226  227  227  224  220  214  207  200  193
  186  181  179  182  191  205  221  237  249  258  263  267  270  276  285  300
  317  336  352  358  364  364  370  374  350                                   
    35.0-180.0 180.0   5.0 450.0                            LAT/LON1/LON2/DLON/H
  395  412  412  403  393  379  362  341  319  294  271  251  235  221  211  207
  208  216  228  241  252  260  263  263  263  261  259  256  250  243  235  230
  227  228  229  232  234  237  240  243  246  246  244  239  232  224  215  206
  198  190  185  186  192  205  220  236  250  262  271  279  286  293  304  320
  340  361  380  389  398  402  409  409  395                                   
    32.5-180.0 180.0   5.0 450.0                            LAT/LON1/LON2/DLON/H
  445  475  476  462  445  423  395  365  337  309  285  266  250  237  227  223
  226  235  248  261  270  275  276  274  273  272  272  270  266  261  256  252
  251  250  251  251  252  254  257  260  263  264  262  257  249  239  228  217
  206  195  188  186  191  202  216  232  248  263  277  290  301  312  325  342
  364  387  407  417  431  439  446  445  445                                   
    30.0-180.0 180.0   5.0 450.0                            LAT/LON1/LON2/DLON/H
  498  542  548  530  510  480  442  403  366  331  304  284  267  254  244  240
  243  252  264  274  281  283  282  281  282  284  288  290  289  286  283  280
  278  276  273  269  268  268  271  275  278  279  277  271  261  249  235  222
  209  197  188  185  188  197  211  228  246  264  283  300  316  330  346  366
  389  414  435  446  463  474  483  482  498                                   
    27.5-180.0 180.0   5.0 450.0                            LAT/LON1/LON2/DLON/H
  552  608  621  607  586  555  510  461  414  371  336  311  292  276  264  258
  258  265  273  281  284  285  286  287  292  300  307  313  315  314  311  309
  305  300  292  285  280  279  281  284  286  286  283  276  265  251  236  222
  208  195  186  182  185  194  209  227  247  269  291  312  332  350  368  389
  415  442  462  473  495  509  519  522  552                                   
    25.0-180.0 180.0   5.0 450.0                            LAT/LON1/LON2/DLON/H
  603  666  690  685  669  642  597  543  487  433  389  355  329  308  291  280
  276  277  280  283  284  285  289  295  305  317  328  336  339  339  336  332
  326  317  305  294  287  284  285  286  287  285  281  274  262  247  231  217
  203  190  181  178  182  194  210  230  253  277  302  327  350  371  392  414
  441  468  489  501  528  542  556  563  603                                   
    22.5-180.0 180.0   5.0 450.0                            LAT/LON1/LON2/DLON/H
  648  713  745  754  748  731  695  642  581  519  464  419  384  354  329  310
  298  292  289  287  286  288  295  306  320  335  347  354  356  353  349  344
  335  323  308  295  286  283  283  282  280  277  272  264  252  238  222  208
  195  183  175  173  179  193  212  235  260  287  314  342  368  392  415  439
  468  495  515  531  560  573  593  605  648                                   
    20.0-180.0 180.0   5.0 450.0                            LAT/LON1/LON2/DLON/H
  685  744  780  802  808  807  785  743  685  620  556  501  455  415  381  352
  331  315  304  297  294  298  307  322  337  350  358  360  358  353  347  340
  331  318  302  289  281  277  276  273  269  265  260  252  241  227  212  199
  186  176  168  168  176  193  216  241  268  297  326  356  385  411  437  463
  492  521  542  562  593  603  627  642  685                                   
    17.5-180.0 180.0   5.0 450.0                            LAT/LON1/LON2/DLON/H
  706  754  792  825  842  858  855  828  781  720  654  593  538  489  445  406
  375  350  331  318  312  316  326  340  351  358  358  353  344  336  329  323
  315  303  290  278  272  269  267  263  257  252  247  240  229  216  203  190
  179  169  162  163  174  193  219  247  277  307  338  369  400  428  456  484
  515  545  569  593  624  629  655  669  706                                   
    15.0-180.0 180.0   5.0 450.0                            LAT/LON1/LON2/DLON/H
  706  742  781  820  847  876  890  883  852  802  742  681  623  568  517  470
  429  395  368  349  340  341  349  357  360  356  345  331  318  308  302  298
  293  285  275  267  264  263  261  256  249  243  237  231  221  208  195  183
  172  163  157  159  170  192  220  251  283  315  347  380  412  443  473  503
  536  567  595  623  651  653  677  685  706                                   
    12.5-180.0 180.0   5.0 450.0                            LAT/LON1/LON2/DLON/H
  690  715  754  795  825  862  889  899  885  850  802  748  694  640  587  536
  489  448  415  390  375  369  369  368  360  343  322  302  286  277  273  273
  272  268  264  261  263  265  263  256  247  239  232  226  216  203  190  178
  167  157  151  153  165  187  217  249  282  316  350  385  420  454  486  520
  555  588  619  649  676  675  695  692  690                                   
    10.0-180.0 180.0   5.0 450.0                            LAT/LON1/LON2/DLON/H
  670  689  724  760  786  825  858  880  881  862  827  785  740  693  645  595
  547  503  464  432  409  394  383  370  349  322  294  272  258  252  252  255
  258  261  262  265  271  274  272  262  250  239  231  223  213  200  186  174
  162  152  145  146  157  178  207  239  273  308  344  382  421  459  496  533
  571  606  640  672  696  695  709  696  670                                   
     7.5-180.0 180.0   5.0 450.0                            LAT/LON1/LON2/DLON/H
  657  675  704  728  745  777  810  837  849  842  821  791  758  721  682  640
  595  551  508  468  435  408  385  360  330  297  268  248  240  240  245  253
