data/edconvlstm_nd/pred0060.15i
     1.0            IONOSPHERE MAPS     GNSS                IONEX VERSION / TYPE
pyspatialgeodesy        IME             05-JAN-18 20:20     PGM / RUN BY / DATE 
Map Name                                                    COMMENT             
Predicted global ionosphere maps (GIM).                     DESCRIPTION         
  2015     1     6     0     0     0                        EPOCH OF FIRST MAP  
  2015     1     7     0     0     0                        EPOCH OF LAST MAP   
  7200                                                      INTERVAL            
    13                                                      # OF MAPS IN FILE   
  NONE                                                      MAPPING FUNCTION    
10.0                                                        ELEVATION CUTOFF    
One-way carrier phase leveled to code                       OBSERVABLES USED    
  6371.0                                                    BASE RADIUS         
 2                                                          MAP DIMENSION       
   450.0 450.0   0.0                                        HGT1 / HGT2 / DHGT  
    87.5 -87.5  -2.5                                        LAT1 / LAT2 / DLAT  
  -180.0 180.0   5.0                                        LON1 / LON2 / DLON  
    -1                                                      EXPONENT            
                                                            END OF HEADER       
     1                                                      START OF TEC MAP    
  2015     1     6     0     0     0                        EPOCH OF CURRENT MAP
    87.5-180.0 180.0   5.0 450.0                            LAT/LON1/LON2/DLON/H
   77   69   53   43   41   49   45   44   45   46   47   48   50   51   52   54
   55   56   57   58   59   60   61   62   63   63   64   64   64   64   64   64
   64   64   64   64   64   64   64   63   63   63   63   63   62   62   61   61
   60   59   59   58   57   56   56   55   54   53   52   51   50   49   48   47
   46   45   43   44   34   56   58   61   77                                   
    85.0-180.0 180.0   5.0 450.0                            LAT/LON1/LON2/DLON/H
   61   69   48   50   51   60   57   55   57   57   58   59   61   62   63   64
   64   65   66   67   68   69   69   70   70   70   70   70   69   69   69   68
   68   68   68   68   69   69   69   70   70   70   70   70   70   70   70   69
   69   68   67   67   66   65   64   64   63   62   61   60   59   58   57   56
   56   54   54   59   59   67   77   66   61                                   
    82.5-180.0 180.0   5.0 450.0                            LAT/LON1/LON2/DLON/H
   48   44   51   49   50   60   56   55   59   59   61   63   64   65   66   66
   67   68   68   69   69   69   69   68   67   66   65   64   63   62   61   61
   61   61   61   62   63   64   65   66   67   68   68   68   68   68   67   66
   65   64   63   62   61   60   59   58   57   56   55   54   53   52   51   50
   48   47   46   46   50   48   60   62   48                                   
    80.0-180.0 180.0   5.0 450.0                            LAT/LON1/LON2/DLON/H
   61   55   59   52   57   62   61   61   66   66   68   70   70   70   70   69
   69   68   68   67   66   66   65   64   63   62   61   59   58   57   57   57
   57   58   59   61   63   65   66   68   70   71   71   71   71   70   69   68
   67   66   65   64   63   62   62   61   60   60   59   58   57   56   55   54
   52   50   49   48   59   52   64   81   61                                   
    77.5-180.0 180.0   5.0 450.0                            LAT/LON1/LON2/DLON/H
   78   73   65   63   66   71   69   71   76   76   78   79   79   78   76   75
   74   73   72   70   70   69   68   66   64   62   60   58   57   56   56   56
   57   59   61   64   67   70   73   75   77   79   79   79   79   77   76   74
   73   71   70   69   68   68   68   67   67   67   66   66   65   64   63   61
   60   59   58   57   62   63   69   87   78                                   
    75.0-180.0 180.0   5.0 450.0                            LAT/LON1/LON2/DLON/H
   97   87   87   85   85   91   89   90   95   94   94   92   89   85   80   76
   73   70   68   67   66   66   65   63   62   60   58   57   56   56   56   57
   59   62   65   69   73   77   81   84   86   88   88   88   86   84   82   80
   78   76   75   74   74   74   74   74   75   75   75   74   74   73   72   71
   69   69   69   66   72   81   85   96   97                                   
    72.5-180.0 180.0   5.0 450.0                            LAT/LON1/LON2/DLON/H
  111  105  106  104  105  108  109  113  117  116  114  110  103   96   88   81
   75   71   68   66   66   66   66   65   64   63   62   60   60   59   60   61
   63   66   70   74   78   82   86   89   92   93   92   91   89   86   83   81
   78   77   76   75   76   76   77   78   78   79   79   79   78   78   78   77
   75   76   79   78   86   94  101  114  111                                   
    70.0-180.0 180.0   5.0 450.0                            LAT/LON1/LON2/DLON/H
  127  122  125  128  128  133  136  140  145  144  140  132  121  108   95   84
   74   68   63   62   62   63   64   65   66   66   66   66   65   65   65   66
   67   70   73   76   80   85   88   91   93   93   93   91   88   85   83   80
   78   77   77   77   78   80   81   82   82   83   83   83   82   82   82   83
   81   82   86   87   95  107  113  124  127                                   
    67.5-180.0 180.0   5.0 450.0                            LAT/LON1/LON2/DLON/H
  136  137  140  145  146  151  155  162  168  167  162  153  138  120  102   86
   73   64   59   57   58   60   63   65   67   68   68   67   66   65   64   64
   64   65   67   69   72   76   79   81   83   83   82   81   78   76   73   71
   70   70   71   72   74   76   77   79   79   80   80   80   79   79   80   81
   80   82   87   89   99  112  120  133  136                                   
    65.0-180.0 180.0   5.0 450.0                            LAT/LON1/LON2/DLON/H
  141  144  148  154  158  164  170  180  188  189  186  176  159  137  114   94
   77   66   59   57   58   61   64   67   69   69   69   67   65   63   61   59
   57   57   57   58   61   63   66   68   70   71   71   70   68   66   65   64
   64   64   66   68   70   72   74   75   76   76   76   76   76   76   77   79
   79   82   88   91  102  117  127  142  141                                   
    62.5-180.0 180.0   5.0 450.0                            LAT/LON1/LON2/DLON/H
  145  150  155  163  167  174  182  194  206  210  209  200  182  158  132  108
   88   74   66   63   63   65   67   69   69   68   66   63   60   57   54   51
   49   47   47   47   49   51   54   56   58   60   61   60   59   58   57   57
   57   58   61   64   66   69   71   72   73   73   73   74   75   76   77   80
   81   85   92   95  106  122  133  149  145                                   
    60.0-180.0 180.0   5.0 450.0                            LAT/LON1/LON2/DLON/H
  150  157  162  169  174  181  189  203  217  224  226  220  204  180  152  126
  104   88   77   72   70   69   68   66   64   60   57   54   51   49   46   43
   41   38   37   38   39   41   44   46   49   51   52   52   52   51   50   49
   49   51   54   57   60   63   65   67   68   69   70   72   74   77   80   84
   87   92  101  105  114  130  141  158  150                                   
    57.5-180.0 180.0   5.0 450.0                            LAT/LON1/LON2/DLON/H
  163  172  176  181  185  189  196  209  224  232  237  233  220  199  173  146
  123  105   92   82   76   70   65   59   54   49   45   43   42   41   40   38
   35   33   32   33   34   36   39   41   44   46   47   47   46   45   44   43
   43   44   47   50   54   57   60   63   65   67   70   74   78   83   89   96
  101  107  118  124  133  145  156  174  163                                   
    55.0-180.0 180.0   5.0 450.0                            LAT/LON1/LON2/DLON/H
  186  196  198  200  202  204  207  216  228  235  239  238  229  211  189  165
  142  122  105   91   79   68   58   49   42   38   36   36   37   38   38   36
   35   33   32   33   35   37   40   42   44   45   46   45   45   43   41   40
   39   40   42   45   50   53   58   61   64   68   73   79   86   95  104  114
  122  130  144  151  160  169  180  197  186                                   
    52.5-180.0 180.0   5.0 450.0                            LAT/LON1/LON2/DLON/H
  219  232  230  228  228  226  224  227  233  236  237  236  229  216  198  177
  156  135  115   96   79   64   51   41   35   31   31   33   36   39   40   39
   38   37   38   39   42   45   47   48   49   49   48   48   47   45   43   41
   39   39   41   45   49   54   59   63   67   72   79   88   98  110  123  136
  146  158  173  184  194  199  209  225  219                                   
    50.0-180.0 180.0   5.0 450.0                            LAT/LON1/LON2/DLON/H
  258  275  267  262  261  256  248  244  242  238  234  231  224  214  200  183
  164  143  121  100   80   62   48   39   33   31   33   37   41   44   46   45
   45   45   47   51   54   57   59   58   57   56   55   54   53   52   49   47
   45   44   46   49   54   60   65   70   74   80   88   99  112  127  143  159
  173  187  203  216  228  233  242  256  258                                   
    47.5-180.0 180.0   5.0 450.0                            LAT/LON1/LON2/DLON/H
  294  315  303  297  297  290  276  265  256  244  234  226  218  209  197  183
  167  147  125  103   82   65   51   43   39   38   41   45   50   53   53   53
   53   55   59   64   68   71   72   71   68   66   65   64   64   62   60   58
   55   55   56   59   65   71   76   81   85   91   99  111  127  144  162  180
  196  212  230  244  258  264  274  284  294                                   
    45.0-180.0 180.0   5.0 450.0                            LAT/LON1/LON2/DLON/H
  318  342  331  327  328  322  305  289  273  254  238  225  214  204  194  181
  166  148  128  107   89   73   61   53   50   51   54   58   61   62   61   59
   60   63   69   76   81   84   84   81   78   76   75   75   75   75   74   72
   69   68   70   74   80   85   90   94   98  104  113  125  141  159  178  197
  214  230  248  263  279  287  297  305  318                                   
    42.5-180.0 180.0   5.0 450.0                            LAT/LON1/LON2/DLON/H
  325  351  343  343  347  343  328  311  291  268  248  231  217  204  193  181
  166  150  133  116  100   87   77   70   67   67   69   71   71   69   65   63
   63   68   75   83   89   92   91   88   85   83   83   85   87   88   87   86
   84   84   85   89   94  100  104  108  112  118  127  139  155  173  191  210
  226  241  257  273  288  297  309  314  325                                   
    40.0-180.0 180.0   5.0 450.0                            LAT/LON1/LON2/DLON/H
  315  341  337  341  349  350  338  325  307  283  261  242  225  211  197  183
  169  155  142  129  118  107   97   90   85   83   82   81   78   72   67   63
   64   70   78   87   93   95   94   91   89   89   90   93   95   97   97   96
   95   95   97  101  106  110  115  119  123  130  139  152  168  185  202  219
  234  247  262  275  288  297  309  316  315                                   
    37.5-180.0 180.0   5.0 450.0                            LAT/LON1/LON2/DLON/H
  298  321  320  326  337  341  335  328  315  295  275  256  239  223  207  192
  178  166  156  148  140  131  120  109  101   95   92   87   81   73   67   64
   66   73   82   89   94   95   94   92   91   92   95   98  101  102  102  101
  101  101  103  106  111  116  120  125  131  139  150  164  179  196  213  229
  242  254  267  278  286  295  308  318  298                                   
    35.0-180.0 180.0   5.0 450.0                            LAT/LON1/LON2/DLON/H
  284  304  303  308  319  326  324  322  315  301  286  271  255  238  221  205
  191  181  175  171  165  155  140  124  111  102   95   89   82   75   70   69
   73   80   89   95   97   96   94   93   93   95   98  101  103  103  102  100
  100  100  102  105  110  115  120  126  135  146  159  175  192  210  228  245
  258  268  280  289  294  301  315  329  284                                   
    32.5-180.0 180.0   5.0 450.0                            LAT/LON1/LON2/DLON/H
  285  304  301  301  311  317  316  316  313  303  293  282  270  254  237  219
  206  198  194  192  186  172  152  131  114  102   95   91   86   82   81   83
   89   96  103  106  105  102   99   97   98  100  102  103  103  101   98   96
   94   94   96  100  104  109  116  125  137  151  168  187  207  228  249  269
  284  295  307  314  318  322  338  356  285                                   
    30.0-180.0 180.0   5.0 450.0                            LAT/LON1/LON2/DLON/H
  310  331  324  318  324  326  322  319  315  306  298  290  281  267  250  233
  219  212  209  206  197  179  154  129  111  101   97   96   97   98  102  108
  116  124  128  126  121  114  108  106  106  107  108  106  103   98   94   90
   88   87   89   92   97  103  111  123  138  157  179  202  226  252  279  305
  325  340  352  360  363  365  381  400  310                                   
    27.5-180.0 180.0   5.0 450.0                            LAT/LON1/LON2/DLON/H
  365  389  378  366  367  364  353  342  330  316  305  297  288  276  259  242
  228  220  216  209  196  174  147  123  108  102  103  109  116  125  136  148
  159  164  162  154  142  131  123  119  118  117  115  111  104   98   92   87
   84   82   83   86   90   97  107  121  139  163  190  219  250  284  319  354
  383  403  419  428  431  433  446  460  365                                   
    25.0-180.0 180.0   5.0 450.0                            LAT/LON1/LON2/DLON/H
  444  477  466  450  447  436  415  391  365  339  320  307  296  282  264  246
  232  222  214  202  184  160  136  119  111  112  121  133  148  165  185  202
  212  212  201  184  166  151  140  135  131  128  124  117  109  101   94   89
   85   82   82   84   87   94  104  119  141  168  201  237  276  319  365  411
  451  480  502  514  521  523  531  534  444                                   
    22.5-180.0 180.0   5.0 450.0                            LAT/LON1/LON2/DLON/H
  536  581  581  567  559  541  510  470  426  382  348  325  306  288  268  249
  232  219  206  189  168  147  131  124  126  136  151  170  192  215  239  255
  260  252  232  208  186  168  155  148  143  139  133  125  116  108  101   95
   91   87   85   86   88   94  104  120  143  174  212  255  303  355  410  466
  516  555  583  603  616  618  624  611  536                                   
    20.0-180.0 180.0   5.0 450.0                            LAT/LON1/LON2/DLON/H
  623  679  700  696  686  665  627  575  512  449  396  356  326  300  275  252
  233  216  198  178  157  143  138  143  157  177  198  219  240  262  282  293
  291  275  250  221  196  178  165  158  152  147  141  133  125  117  111  105
   99   94   91   89   91   96  106  123  148  183  225  274  327  385  447  509
  565  610  645  674  694  697  706  679  623                                   
    17.5-180.0 180.0   5.0 450.0                            LAT/LON1/LON2/DLON/H
  690  754  797  807  800  782  745  689  616  536  464  406  361  323  290  263
  239  218  196  175  159  154  161  180  207  233  254  269  282  294  305  310
  302  281  252  222  198  181  170  163  158  154  148  142  135  128  121  114
  107  101   96   93   94   99  110  128  156  192  237  289  346  406  469  532
  590  637  676  711  737  742  759  727  690                                   
    15.0-180.0 180.0   5.0 450.0                            LAT/LON1/LON2/DLON/H
  729  796  853  878  876  866  838  789  718  632  548  475  414  363  321  286
  258  233  209  189  179  183  203  236  271  298  311  312  309  309  311  308
  295  270  241  213  192  178  169  164  161  158  155  151  145  138  130  122
  114  107  101   98   98  104  116  136  165  202  247  299  356  415  476  535
  590  635  675  714  743  750  776  748  729                                   
    12.5-180.0 180.0   5.0 450.0                            LAT/LON1/LON2/DLON/H
  740  805  866  899  902  901  886  852  794  718  635  556  485  423  371  330
  296  268  243  225  220  234  266  308  343  361  358  342  323  310  300  290
  273  248  222  200  184  174  168  164  162  162  161  158  153  146  137  127
  118  110  105  102  104  111  125  146  174  210  253  303  357  414  470  523
  572  613  650  689  718  729  763  745  740                                   
    10.0-180.0 180.0   5.0 450.0                            LAT/LON1/LON2/DLON/H
  728  786  843  875  880  886  883  866  830  774  705  633  563  497  441  395
  358  328  303  288  289  310  346  385  410  411  391  359  325  299  280  265
  247  226  206  190  179  172  167  165  165  166  166  164  159  151  140  130
  120  113  108  107  110  118  134  156  184  217  256  302  352  405  456  503
  545  580  613  650  678  693  731  725  728                                   
     7.5-180.0 180.0   5.0 450.0                            LAT/LON1/LON2/DLON/H
  703  751  799  822  822  830  835  835  821  790  744  690  631  573  519  475
  439  410  387  375  379  399  427  451  458  443  408  362  318  284  260  244
