data/edconvlstm_nd/pred1710.15i
     1.0            IONOSPHERE MAPS     GNSS                IONEX VERSION / TYPE
pyspatialgeodesy        IME             05-JAN-18 20:20     PGM / RUN BY / DATE 
Map Name                                                    COMMENT             
Predicted global ionosphere maps (GIM).                     DESCRIPTION         
  2015     6    20     0     0     0                        EPOCH OF FIRST MAP  
  2015     6    21     0     0     0                        EPOCH OF LAST MAP   
  7200                                                      INTERVAL            
    13                                                      # OF MAPS IN FILE   
  NONE                                                      MAPPING FUNCTION    
10.0                                                        ELEVATION CUTOFF    
One-way carrier phase leveled to code                       OBSERVABLES USED    
  6371.0                                                    BASE RADIUS         
 2                                                          MAP DIMENSION       
   450.0 450.0   0.0                                        HGT1 / HGT2 / DHGT  
    87.5 -87.5  -2.5                                        LAT1 / LAT2 / DLAT  
  -180.0 180.0   5.0                                        LON1 / LON2 / DLON  
    -1                                                      EXPONENT            
                                                            END OF HEADER       
[from data line 4719]
    12                                                      START OF TEC MAP    
  2015     6    20    22     0     0                        EPOCH OF CURRENT MAP
    87.5-180.0 180.0   5.0 450.0                            LAT/LON1/LON2/DLON/H
  201  187  171  178  177  176  176  174  173  173  172  171  170  170  169  168
  167  165  164  163  161  160  158  157  155  154  153  151  150  149  148  148
  147  147  146  146  146  146  147  147  148  148  149  149  150  151  152  152
  153  154  155  156  157  157  158  159  160  161  162  163  164  165  166  167
  167  168  168  170  182  183  185  191  201                                   
    85.0-180.0 180.0   5.0 450.0                            LAT/LON1/LON2/DLON/H
  196  195  197  191  185  188  188  188  187  187  186  185  184  184  182  181
  180  178  177  175  173  171  169  167  165  164  162  160  158  157  156  155
  154  154  154  154  154  154  155  155  156  157  158  158  159  160  161  162
  162  163  164  165  166  167  168  170  171  172  173  174  176  177  178  179
  181  182  183  182  187  180  181  188  196                                   
    82.5-180.0 180.0   5.0 450.0                            LAT/LON1/LON2/DLON/H
  183  188  189  186  184  187  189  188  186  186  185  184  183  182  180  179
  177  175  173  170  168  165  162  160  157  154  151  149  147  145  143  142
  141  141  141  141  142  143  144  145  146  147  149  149  150  151  152  153
  154  155  156  157  158  159  161  162  163  165  166  168  169  170  172  173
  174  175  176  182  184  190  184  183  183                                   
    80.0-180.0 180.0   5.0 450.0                            LAT/LON1/LON2/DLON/H
  180  187  191  186  183  184  187  189  188  189  187  187  186  185  184  182
  180  178  175  172  169  166  163  159  156  152  148  145  142  140  138  136
  136  136  137  138  139  141  143  145  146  148  149  150  151  151  152  153
  153  154  155  156  157  158  159  160  162  163  164  165  167  168  170  171
  173  174  176  180  180  176  176  182  180                                   
    77.5-180.0 180.0   5.0 450.0                            LAT/LON1/LON2/DLON/H
  182  178  187  183  183  185  187  188  187  188  186  186  186  185  184  182
  181  179  176  174  171  168  165  161  157  153  148  144  141  138  136  134
  134  135  137  139  141  144  147  149  151  153  154  154  155  155  155  155
  156  156  156  157  158  159  159  160  160  161  162  162  163  163  165  166
  166  168  170  173  178  171  177  189  182                                   
    75.0-180.0 180.0   5.0 450.0                            LAT/LON1/LON2/DLON/H
  179  176  182  178  177  180  181  182  183  184  183  184  183  183  182  181
  179  178  176  174  172  170  167  163  159  155  150  146  142  139  137  136
  136  137  139  142  146  149  153  155  157  159  159  159  159  158  158  157
  157  157  157  158  158  159  159  159  159  159  159  158  158  158  159  160
  160  162  165  165  169  163  168  173  179                                   
    72.5-180.0 180.0   5.0 450.0                            LAT/LON1/LON2/DLON/H
  176  174  179  181  177  180  182  183  182  183  182  182  182  182  181  180
  179  178  177  176  174  172  170  167  163  158  153  148  144  141  138  137
  138  140  143  147  151  155  159  161  163  164  164  163  162  160  159  159
  158  159  159  160  161  161  161  161  160  159  158  157  155  155  155  155
  154  156  158  159  162  158  164  176  176                                   
    70.0-180.0 180.0   5.0 450.0                            LAT/LON1/LON2/DLON/H
  179  175  180  179  175  177  178  179  179  180  179  180  179  179  178  178
  177  176  175  174  173  172  170  168  164  160  155  151  146  143  141  140
  141  143  146  150  154  158  162  164  165  165  164  162  160  158  156  155
  156  156  158  159  160  161  161  160  159  158  156  155  153  152  151  151
  151  152  156  157  161  159  165  175  179                                   
    67.5-180.0 180.0   5.0 450.0                            LAT/LON1/LON2/DLON/H
  188  184  190  190  187  188  188  189  188  188  187  188  187  187  186  185
  184  183  182  181  181  180  178  176  173  169  165  160  156  153  151  150
  151  153  155  159  163  167  169  171  172  170  168  165  162  160  158  158
  159  160  163  165  167  168  169  169  168  167  165  163  161  159  158  158
  157  158  161  163  165  163  169  180  188                                   
    65.0-180.0 180.0   5.0 450.0                            LAT/LON1/LON2/DLON/H
  197  193  198  198  193  194  193  193  191  191  190  191  191  191  190  189
  187  185  184  183  182  181  180  178  176  173  169  166  163  160  159  158
  158  159  161  163  165  168  170  170  169  167  163  159  155  153  151  151
  153  156  159  162  165  167  169  170  170  170  168  167  165  163  162  161
  160  162  166  168  173  170  177  187  197                                   
    62.5-180.0 180.0   5.0 450.0                            LAT/LON1/LON2/DLON/H
  209  205  210  210  206  206  204  202  200  199  198  198  199  199  198  197
  195  192  190  188  187  185  184  183  180  178  176  173  172  170  169  168
  168  167  167  168  169  170  170  170  167  164  159  154  150  147  145  146
  148  151  155  159  163  166  169  171  173  174  174  173  172  170  169  168
  167  168  172  174  179  176  183  193  209                                   
    60.0-180.0 180.0   5.0 450.0                            LAT/LON1/LON2/DLON/H
  219  216  220  221  217  216  213  210  207  206  204  205  206  206  206  204
  201  198  195  192  190  188  186  185  183  182  180  180  180  180  180  179
  177  175  173  172  171  170  169  167  164  160  154  148  143  139  138  138
  140  143  147  152  156  160  164  169  173  176  178  178  178  176  175  174
  172  173  176  179  185  182  190  200  219                                   
    57.5-180.0 180.0   5.0 450.0                            LAT/LON1/LON2/DLON/H
  227  224  229  230  228  227  223  220  216  213  211  212  212  213  213  211
  208  204  200  196  193  191  189  187  186  185  185  186  188  190  190  189
  186  182  178  175  172  170  168  165  162  156  150  144  138  133  131  130
  132  134  138  142  146  151  156  163  170  175  180  182  182  181  180  178
  176  176  179  181  187  185  193  203  227                                   
    55.0-180.0 180.0   5.0 450.0                            LAT/LON1/LON2/DLON/H
  231  229  235  238  237  238  235  231  226  223  220  220  220  220  220  218
  215  210  205  201  197  194  191  190  188  188  189  192  195  198  198  197
  193  187  182  177  173  170  168  165  161  155  149  142  135  130  126  125
  124  126  128  130  134  140  147  155  165  173  180  184  185  184  183  181
  178  178  180  182  188  187  195  206  231                                   
    52.5-180.0 180.0   5.0 450.0                            LAT/LON1/LON2/DLON/H
  231  231  239  244  246  249  247  243  239  235  231  229  228  227  226  223
  219  215  209  205  201  197  195  192  191  191  192  196  199  203  203  201
  196  189  183  177  174  171  168  165  161  156  149  142  135  129  124  121
  119  118  118  119  122  128  136  147  159  170  179  184  186  185  184  182
  178  178  180  181  187  187  195  206  231                                   
    50.0-180.0 180.0   5.0 450.0                            LAT/LON1/LON2/DLON/H
  231  232  242  249  253  260  260  258  254  250  245  241  238  235  232  228
  224  219  214  210  206  203  200  197  195  195  196  199  202  205  205  202
  196  189  182  177  174  172  170  167  163  158  152  146  138  132  125  120
  116  113  112  111  113  118  127  139  154  167  178  185  187  186  185  183
  179  179  180  181  187  187  195  207  231                                   
    47.5-180.0 180.0   5.0 450.0                            LAT/LON1/LON2/DLON/H
  229  232  244  253  260  270  273  275  273  269  263  257  251  245  239  233
  228  223  219  215  212  210  207  204  202  200  200  202  204  206  205  201
  194  187  181  177  176  175  173  171  167  162  157  151  144  137  130  123
  117  113  109  107  108  112  121  134  150  166  178  185  188  188  187  185
  182  182  183  183  189  190  196  210  229                                   
    45.0-180.0 180.0   5.0 450.0                            LAT/LON1/LON2/DLON/H
  230  234  246  256  265  278  286  291  292  290  284  276  266  256  247  239
  232  228  224  222  220  219  217  214  212  209  207  207  207  207  204  199
  192  185  181  178  178  178  178  175  171  167  163  158  152  145  137  129
  122  116  111  108  107  111  119  133  149  166  179  187  191  191  190  189
  187  187  189  189  194  195  201  216  230                                   
    42.5-180.0 180.0   5.0 450.0                            LAT/LON1/LON2/DLON/H
  233  237  249  259  270  285  296  305  310  311  306  297  284  270  256  245
  238  233  231  230  230  230  229  227  224  220  217  214  212  209  205  199
  192  186  183  182  183  184  183  180  176  173  169  166  161  154  146  137
  129  122  117  113  111  113  121  134  150  167  181  190  195  196  196  196
  194  195  198  199  204  204  209  225  233                                   
    40.0-180.0 180.0   5.0 450.0                            LAT/LON1/LON2/DLON/H
  240  244  255  264  275  290  304  316  326  330  327  318  303  285  267  253
  245  241  240  241  243  244  244  243  240  236  230  224  220  215  209  202
  196  191  188  189  190  191  190  186  182  179  176  174  170  164  155  146
  138  130  125  120  117  118  124  136  151  168  182  193  199  202  204  205
  204  207  209  212  216  216  221  237  240                                   
    37.5-180.0 180.0   5.0 450.0                            LAT/LON1/LON2/DLON/H
  252  253  263  270  280  294  310  324  338  346  346  338  322  301  281  264
  255  251  252  254  257  260  262  262  259  254  247  239  231  225  218  211
  204  200  197  198  199  199  197  192  188  185  183  182  179  172  164  154
  145  138  132  127  123  123  127  137  151  167  182  194  203  208  212  215
  216  219  223  226  231  231  236  252  252                                   
    35.0-180.0 180.0   5.0 450.0                            LAT/LON1/LON2/DLON/H
  266  266  274  278  288  299  314  331  347  360  363  357  341  319  297  279
  269  265  266  270  274  278  281  283  281  275  266  256  247  238  231  223
  217  212  209  208  208  207  203  198  193  189  188  187  185  178  169  159
  150  142  136  131  127  125  128  135  147  163  179  193  205  213  220  225
  227  233  237  241  246  247  253  268  266                                   
    32.5-180.0 180.0   5.0 450.0                            LAT/LON1/LON2/DLON/H
  284  282  288  289  298  307  321  338  357  372  379  376  362  341  318  299
  288  284  285  289  293  298  302  304  303  297  287  275  263  254  245  238
  230  224  220  217  214  211  206  200  195  192  191  190  187  180  170  160
  150  143  137  132  127  124  125  130  140  155  172  189  204  216  226  234
  238  245  250  256  261  263  271  286  284                                   
    30.0-180.0 180.0   5.0 450.0                            LAT/LON1/LON2/DLON/H
  302  299  305  304  312  319  332  348  368  386  397  397  386  367  344  325
  313  308  309  312  316  320  324  327  325  318  307  293  280  268  259  250
  242  233  226  220  215  210  204  198  194  192  191  189  186  178  167  156
  146  138  133  128  123  120  119  122  130  144  161  180  199  215  229  240
  247  256  263  269  275  278  288  302  302                                   
    27.5-180.0 180.0   5.0 450.0                            LAT/LON1/LON2/DLON/H
  321  316  322  322  330  336  348  363  384  404  417  421  414  397  377  358
  345  339  338  339  341  344  347  349  346  338  324  308  292  279  268  258
  247  236  225  216  209  202  196  191  188  187  186  184  180  171  160  148
  138  131  125  121  117  113  111  113  119  131  148  169  191  211  229  244
  254  265  274  281  287  292  303  318  321                                   
    25.0-180.0 180.0   5.0 450.0                            LAT/LON1/LON2/DLON/H
  336  332  338  340  350  357  369  384  406  426  442  449  446  433  416  398
  384  376  372  370  370  370  371  370  365  354  337  318  299  284  271  258
  244  229  215  204  194  187  182  179  178  178  178  176  170  161  149  138
  128  121  116  112  108  105  103  104  108  119  136  157  181  204  226  244
  257  272  282  291  298  304  315  331  336                                   
    22.5-180.0 180.0   5.0 450.0                            LAT/LON1/LON2/DLON/H
  348  345  352  357  369  379  392  408  430  452  469  479  480  473  459  443
  428  417  410  404  400  397  394  389  380  365  345  322  301  283  267  251
  234  216  199  185  174  168  164  164  165  167  168  166  160  150  139  128
  118  111  106  102  100   98   97   97  100  109  125  146  171  196  220  241
  258  276  289  299  306  313  325  341  348                                   
    20.0-180.0 180.0   5.0 450.0                            LAT/LON1/LON2/DLON/H
  356  354  361  368  384  397  413  430  454  476  495  508  514  512  502  489
  474  461  450  441  432  424  415  405  391  372  348  323  299  278  259  240
  219  198  179  164  154  148  147  148  152  156  158  156  150  140  129  119
  110  103   97   94   93   93   93   94   96  103  117  137  162  187  213  236
  257  278  293  305  312  320  331  348  356                                   
    17.5-180.0 180.0   5.0 450.0                            LAT/LON1/LON2/DLON/H
  359  358  366  374  391  407  425  445  470  494  515  531  541  545  541  530
  517  502  489  476  462  448  434  418  398  375  348  321  295  272  250  228
  205  182  162  147  138  134  134  138  143  148  151  149  143  134  123  113
  104   97   91   89   89   90   92   94   96  101  113  131  154  180  206  231
  254  277  295  307  315  323  333  351  359                                   
    15.0-180.0 180.0   5.0 450.0                            LAT/LON1/LON2/DLON/H
  358  359  366  374  392  408  428  449  475  500  523  542  557  566  567  562
  551  537  522  507  489  469  448  426  402  375  347  318  292  268  244  220
  195  171  152  138  131  128  130  134  140  145  148  147  141  131  120  110
  101   93   88   85   86   90   93   96   98  102  112  128  150  174  200  225
  249  274  293  307  314  322  332  350  358                                   
    12.5-180.0 180.0   5.0 450.0                            LAT/LON1/LON2/DLON/H
  357  358  365  371  387  402  421  442  468  493  517  538  556  570  578  578
  571  560  546  529  509  484  457  429  401  372  344  316  290  266  243  218
  193  170  152  140  135  134  136  139  144  149  152  150  143  133  121  110
  100   92   86   84   85   90   95   99  101  104  113  127  147  170  195  220
  244  269  289  303  311  319  329  347  357                                   
    10.0-180.0 180.0   5.0 450.0                            LAT/LON1/LON2/DLON/H
  357  357  364  367  381  392  409  427  452  475  498  520  540  557  570  576
  575  568  557  541  519  491  459  427  396  367  340  314  290  268  246  223
  199  178  162  153  149  149  150  152  155  158  159  156  148  136  123  110
  100   91   84   82   84   90   96  100  102  105  113  126  145  167  190  214
  238  263  283  298  306  315  325  342  357                                   
     7.5-180.0 180.0   5.0 450.0                            LAT/LON1/LON2/DLON/H
  359  360  366  367  378  384  397  411  432  453  473  492  512  530  546  557
  562  560  554  540  518  489  455  420  389  360  335  312  291  272  254  233
