data/edconvlstm_nd/pred3550.15i
     1.0            IONOSPHERE MAPS     GNSS                IONEX VERSION / TYPE
pyspatialgeodesy        IME             05-JAN-18 20:20     PGM / RUN BY / DATE 
Map Name                                                    COMMENT             
Predicted global ionosphere maps (GIM).                     DESCRIPTION         
  2015    12    21     0     0     0                        EPOCH OF FIRST MAP  
  2015    12    22     0     0     0                        EPOCH OF LAST MAP   
  7200                                                      INTERVAL            
    13                                                      # OF MAPS IN FILE   
  NONE                                                      MAPPING FUNCTION    
10.0                                                        ELEVATION CUTOFF    
One-way carrier phase leveled to code                       OBSERVABLES USED    
  6371.0                                                    BASE RADIUS         
 2                                                          MAP DIMENSION       
   450.0 450.0   0.0                                        HGT1 / HGT2 / DHGT  
    87.5 -87.5  -2.5                                        LAT1 / LAT2 / DLAT  
  -180.0 180.0   5.0                                        LON1 / LON2 / DLON  
    -1                                                      EXPONENT            
                                                            END OF HEADER       
[from data line 858]
     3                                                      START OF TEC MAP    
  2015    12    21     4     0     0                        EPOCH OF CURRENT MAP
    87.5-180.0 180.0   5.0 450.0                            LAT/LON1/LON2/DLON/H
   64   72   68   70   69   71   70   68   69   70   71   72   73   74   74   74
   74   74   73   72   72   71   70   69   68   68   67   66   65   65   64   64
   64   63   63   63   63   63   63   63   63   62   62   62   62   62   61   61
   61   60   60   60   60   60   59   59   59   59   59   59   59   59   59   59
   61   61   60   61   67   78   86   78   64                                   
    85.0-180.0 180.0   5.0 450.0                            LAT/LON1/LON2/DLON/H
   59   76   67   70   73   75   75   75   75   76   76   77   77   77   76   75
   74   73   71   70   69   67   66   65   64   63   62   61   61   60   60   61
   61   61   62   62   63   64   64   65   65   65   65   65   65   65   64   64
   63   63   63   62   62   62   62   62   62   62   63   63   63   63   64   64
   66   67   66   68   73   76   87   80   59                                   
    82.5-180.0 180.0   5.0 450.0                            LAT/LON1/LON2/DLON/H
   69   71   85   74   74   78   79   78   80   81   80   81   81   80   78   77
   74   72   70   67   65   63   61   59   57   56   55   54   54   54   54   55
   56   57   59   60   62   63   65   66   67   68   68   68   68   67   66   65
   64   64   63   63   62   62   63   63   63   64   65   66   66   67   67   68
   69   70   69   70   80   71   74   72   69                                   
    80.0-180.0 180.0   5.0 450.0                            LAT/LON1/LON2/DLON/H
   78   78   83   72   75   74   79   78   81   82   81   82   81   79   77   74
   71   68   65   62   60   57   55   53   51   50   49   48   48   49   49   51
   52   54   56   59   61   64   66   68   69   70   70   70   69   67   66   64
   62   61   60   59   59   59   59   60   61   63   64   65   66   67   68   69
   70   69   71   71   82   74   74   72   78                                   
    77.5-180.0 180.0   5.0 450.0                            LAT/LON1/LON2/DLON/H
   79   78   79   70   67   70   75   77   80   81   81   82   82   80   78   75
   71   68   64   61   58   55   52   50   48   47   46   46   46   46   47   49
   51   54   56   59   63   66   69   71   73   73   73   73   71   69   66   64
   62   60   59   58   58   59   61   63   65   67   69   71   73   74   75   76
   75   75   74   76   78   66   65   68   79                                   
    75.0-180.0 180.0   5.0 450.0                            LAT/LON1/LON2/DLON/H
   71   73   75   68   62   67   71   73   76   78   78   80   79   78   75   72
   68   65   61   58   55   53   51   50   49   48   47   47   47   48   49   51
   53   55   58   61   64   67   70   72   74   75   74   73   71   68   65   62
   59   58   57   58   59   62   65   68   72   76   79   82   85   86   87   88
   86   85   84   80   82   70   67   68   71                                   
    72.5-180.0 180.0   5.0 450.0                            LAT/LON1/LON2/DLON/H
   71   73   74   65   61   65   70   73   75   78   79   81   80   78   76   72
   69   65   62   60   58   57   56   55   55   54   54   54   54   55   56   57
   58   60   63   65   68   71   74   77   79   79   79   77   75   72   69   66
   64   63   63   65   69   73   78   84   89   94   99  103  106  108  109  109
  107  103  102   99   97   81   75   75   71                                   
    70.0-180.0 180.0   5.0 450.0                            LAT/LON1/LON2/DLON/H
   79   74   75   65   58   60   64   66   69   72   73   76   75   74   71   68
   65   62   60   59   58   59   59   60   60   60   61   61   61   61   61   62
   62   63   65   67   69   71   74   76   78   78   78   76   74   71   68   65
   64   65   67   72   77   84   91   98  105  112  117  121  125  127  127  127
  124  119  117  112  108   92   87   83   79                                   
    67.5-180.0 180.0   5.0 450.0                            LAT/LON1/LON2/DLON/H
   82   73   72   62   52   53   56   58   61   63   65   67   66   65   62   59
   56   54   53   53   54   55   57   59   60   60   61   60   60   60   60   60
   60   60   60   61   62   64   66   68   69   70   70   69   66   64   61   60
   61   64   69   76   84   93  102  111  118  125  130  135  138  140  141  140
  137  131  128  122  117  101   95   91   82                                   
    65.0-180.0 180.0   5.0 450.0                            LAT/LON1/LON2/DLON/H
   88   75   71   61   49   49   50   51   53   56   58   60   60   58   56   53
   50   49   49   50   51   54   56   58   60   60   60   59   59   58   58   57
   56   56   55   55   55   56   57   59   61   62   62   61   59   57   56   57
   60   65   73   83   94  105  116  125  132  139  144  148  151  153  154  153
  149  143  139  132  126  111  105  101   88                                   
    62.5-180.0 180.0   5.0 450.0                            LAT/LON1/LON2/DLON/H
   94   81   75   63   50   47   46   47   49   51   53   56   56   54   52   50
   48   47   47   48   51   53   56   58   59   59   58   57   56   55   54   53
   53   52   50   50   49   50   51   52   54   55   55   55   53   52   53   56
   61   70   81   94  107  120  131  139  146  151  155  159  162  164  165  165
  162  155  151  143  136  121  116  113   94                                   
    60.0-180.0 180.0   5.0 450.0                            LAT/LON1/LON2/DLON/H
  101   88   80   66   51   46   43   43   44   45   47   50   51   50   48   47
   45   45   45   46   48   50   52   54   54   53   52   50   49   48   47   47
   46   46   45   44   43   44   45   46   48   49   49   48   48   48   50   55
   63   75   89  104  119  132  142  149  154  158  161  164  167  170  172  173
  170  164  160  152  145  130  125  121  101                                   
    57.5-180.0 180.0   5.0 450.0                            LAT/LON1/LON2/DLON/H
  109   97   87   71   54   48   43   41   41   41   43   46   46   46   46   45
   44   44   44   44   45   47   48   48   48   47   45   43   42   41   41   41
   41   41   41   40   40   41   42   44   45   46   46   46   46   48   52   59
   70   84  100  116  131  143  152  157  160  162  164  167  171  175  178  179
  178  172  169  161  155  140  134  129  109                                   
    55.0-180.0 180.0   5.0 450.0                            LAT/LON1/LON2/DLON/H
  119  108   97   78   61   52   44   40   39   38   39   41   42   43   43   43
   43   43   42   42   42   42   42   42   41   40   38   37   36   35   35   36
   37   38   39   40   41   42   43   45   46   46   47   47   48   51   57   66
   79   94  111  128  142  153  159  162  163  164  166  169  173  177  181  184
  183  179  177  170  164  149  144  138  119                                   
    52.5-180.0 180.0   5.0 450.0                            LAT/LON1/LON2/DLON/H
  131  121  108   89   70   59   49   43   39   37   36   38   39   40   42   43
   43   43   42   40   39   37   37   36   36   36   35   34   33   33   33   34
   36   38   40   42   44   46   48   49   50   51   51   52   54   58   66   77
   91  107  124  140  152  161  165  166  166  166  167  170  174  179  184  188
  188  185  184  178  173  159  153  146  131                                   
    50.0-180.0 180.0   5.0 450.0                            LAT/LON1/LON2/DLON/H
  145  136  121  102   83   70   59   49   43   39   36   36   37   39   42   44
   45   45   43   40   38   35   34   34   35   36   36   36   35   35   35   36
   39   41   44   47   50   53   55   57   58   58   58   59   63   69   78   91
  106  122  137  151  162  168  171  170  169  168  169  172  176  181  186  189
  190  188  189  185  182  168  163  155  145                                   
    47.5-180.0 180.0   5.0 450.0                            LAT/LON1/LON2/DLON/H
  160  151  135  117   98   85   72   60   51   43   39   38   38   40   44   47
   48   48   46   43   39   37   36   37   39   41   42   43   43   42   41   41
   43   46   50   54   58   61   64   65   66   66   67   69   74   82   92  106
  120  136  150  162  170  175  176  175  174  172  173  175  178  182  185  188
  189  189  190  189  188  176  172  163  160                                   
    45.0-180.0 180.0   5.0 450.0                            LAT/LON1/LON2/DLON/H
  173  163  148  132  115  101   87   73   62   52   45   43   42   45   48   52
   54   54   52   49   46   44   43   45   47   51   53   54   53   51   49   48
   50   53   57   61   65   69   72   73   74   74   75   79   85   94  106  120
  134  149  161  171  178  181  182  181  179  178  178  179  180  182  184  185
  186  187  189  189  191  181  178  170  173                                   
    42.5-180.0 180.0   5.0 450.0                            LAT/LON1/LON2/DLON/H
  182  172  158  146  130  118  103   89   75   63   55   52   51   53   57   61
   64   64   63   61   58   56   56   58   61   64   67   67   65   61   57   55
   56   59   63   67   71   75   78   80   80   81   83   88   95  106  119  133
  146  159  170  178  183  186  187  186  185  184  183  182  182  182  182  182
  183  184  187  188  192  184  181  173  182                                   
    40.0-180.0 180.0   5.0 450.0                            LAT/LON1/LON2/DLON/H
  187  176  163  154  142  130  116  102   89   76   68   65   64   66   70   74
   77   79   79   78   77   76   75   76   77   79   80   79   76   71   66   63
   62   64   68   72   76   79   82   84   85   87   90   96  104  116  129  142
  155  167  176  183  187  190  192  192  192  191  189  187  185  183  182  182
  183  184  187  190  194  187  183  176  187                                   
    37.5-180.0 180.0   5.0 450.0                            LAT/LON1/LON2/DLON/H
  190  177  165  157  147  136  124  111   99   88   81   79   79   82   86   90
   94   98  100  102  102  101   98   95   93   92   91   89   85   79   73   70
   69   71   74   77   80   83   85   87   89   91   95  102  112  124  137  150
  161  171  179  185  190  193  197  199  200  200  198  195  193  190  190  191
  192  193  197  199  202  194  188  180  190                                   
    35.0-180.0 180.0   5.0 450.0                            LAT/LON1/LON2/DLON/H
  194  179  165  156  147  136  125  115  105   96   91   92   94   97  101  106
  112  117  123  127  128  126  120  113  107  103  100   96   91   86   81   78
   77   78   80   82   84   86   88   90   92   95  100  108  118  130  143  154
  165  174  181  187  192  197  203  208  211  212  210  208  206  206  208  212
  215  217  221  222  223  213  204  192  194                                   
    32.5-180.0 180.0   5.0 450.0                            LAT/LON1/LON2/DLON/H
  203  185  169  155  145  133  122  113  106   99   98  101  105  110  114  120
  127  135  144  150  152  148  139  128  117  110  105  102   97   93   89   87
   87   87   88   89   90   90   92   93   95   99  105  113  124  136  148  158
  168  176  183  189  196  203  212  220  226  228  228  227  228  232  238  247
  253  257  262  261  260  247  233  216  203                                   
    30.0-180.0 180.0   5.0 450.0                            LAT/LON1/LON2/DLON/H
  222  201  181  160  146  130  119  110  103   99  100  106  112  117  123  129
  137  147  158  166  168  162  150  136  124  115  110  107  104  101  100   99
   99   99   99   98   97   97   97   97   99  103  110  119  130  142  154  164
  173  181  188  195  203  214  226  237  245  250  252  254  259  269  281  294
  304  310  316  312  310  293  275  253  222                                   
    27.5-180.0 180.0   5.0 450.0                            LAT/LON1/LON2/DLON/H
  254  229  204  175  155  134  120  108  101   98  100  107  114  120  126  133
  142  153  164  172  173  166  154  140  128  120  116  115  114  113  114  115
  115  115  112  110  107  104  103  103  105  109  116  126  138  150  162  172
  181  189  197  205  216  230  246  261  272  279  284  290  301  315  333  350
  364  372  377  371  367  347  326  301  254                                   
    25.0-180.0 180.0   5.0 450.0                            LAT/LON1/LON2/DLON/H
  297  269  238  202  175  149  130  114  104   98  100  106  112  119  125  133
  142  152  162  168  168  161  151  140  131  127  126  127  128  130  133  135
  135  133  128  122  117  113  111  110  111  115  123  134  147  161  173  184
  194  203  212  223  238  255  275  294  308  318  327  337  351  370  392  412
  427  436  440  432  427  404  380  354  297                                   
    22.5-180.0 180.0   5.0 450.0                            LAT/LON1/LON2/DLON/H
  348  319  283  241  208  177  153  132  116  106  103  106  110  116  122  129
  138  146  152  156  155  151  145  140  137  138  142  145  149  153  156  159
  157  151  143  134  127  122  119  117  118  122  130  142  157  173  187  200
  211  222  234  249  267  289  313  336  353  367  378  391  408  429  452  473
  489  497  500  488  481  458  432  409  348                                   
    20.0-180.0 180.0   5.0 450.0                            LAT/LON1/LON2/DLON/H
  403  373  334  290  252  218  189  162  140  124  115  113  113  116  120  126
  132  137  140  142  141  141  141  144  149  156  163  170  175  179  182  182
  177  166  153  142  133  128  124  122  123  127  137  151  168  185  202  217
  231  245  261  280  303  330  357  382  402  417  430  445  463  484  505  524
  537  544  545  533  524  503  477  460  403                                   
    17.5-180.0 180.0   5.0 450.0                            LAT/LON1/LON2/DLON/H
  452  423  386  343  303  268  234  203  175  153  139  131  126  125  126  129
  131  132  132  132  133  138  145  156  168  181  191  198  202  204  204  199
  188  173  157  144  135  130  127  125  126  131  142  157  177  197  217  235
  251  269  289  312  339  369  398  424  444  460  475  490  506  524  540  554
  564  568  568  558  547  530  510  501  452                                   
    15.0-180.0 180.0   5.0 450.0                            LAT/LON1/LON2/DLON/H
  490  464  432  394  355  321  285  251  220  193  174  162  153  147  144  142
  140  136  133  133  137  146  160  178  196  211  222  226  225  222  215  205
  189  171  154  141  133  129  126  126  128  134  145  162  184  207  229  249
  268  289  313  340  370  401  429  454  473  489  504  517  532  545  556  563
  566  568  567  560  548  538  525  527  490                                   
    12.5-180.0 180.0   5.0 450.0                            LAT/LON1/LON2/DLON/H
  511  490  465  435  400  369  333  300  267  240  219  205  193  184  177  170
  162  153  148  148  156  170  189  210  230  245  251  248  239  228  216  200
  182  163  148  137  130  127  125  125  128  135  147  166  189  213  237  259
  280  303  329  359  390  420  447  469  486  501  514  527  539  548  552  552
  550  548  546  542  532  528  524  537  511                                   
    10.0-180.0 180.0   5.0 450.0                            LAT/LON1/LON2/DLON/H
  518  501  484  461  433  406  372  342  311  286  267  255  245  234  224  211
  198  185  178  179  190  208  229  251  269  277  273  260  243  225  208  190
  172  155  142  133  128  125  124  125  128  136  150  169  193  218  242  265
  287  311  339  369  400  428  452  470  484  497  510  522  532  536  535  530
  523  519  517  516  509  509  513  533  518                                   
     7.5-180.0 180.0   5.0 450.0                            LAT/LON1/LON2/DLON/H
  515  502  490  472  452  430  399  372  346  326  312  305  299  290  278  262
  245  229  221  224  237  256  277  294  303  299  284  261  237  215  196  178
