data/edconvlstm_nd/pred1750.15i
     1.0            IONOSPHERE MAPS     GNSS                IONEX VERSION / TYPE
pyspatialgeodesy        IME             05-JAN-18 20:20     PGM / RUN BY / DATE 
Map Name                                                    COMMENT             
Predicted global ionosphere maps (GIM).                     DESCRIPTION         
  2015     6    24     0     0     0                        EPOCH OF FIRST MAP  
  2015     6    25     0     0     0                        EPOCH OF LAST MAP   
  7200                                                      INTERVAL            
    13                                                      # OF MAPS IN FILE   
  NONE                                                      MAPPING FUNCTION    
10.0                                                        ELEVATION CUTOFF    
One-way carrier phase leveled to code                       OBSERVABLES USED    
  6371.0                                                    BASE RADIUS         
 2                                                          MAP DIMENSION       
   450.0 450.0   0.0                                        HGT1 / HGT2 / DHGT  
    87.5 -87.5  -2.5                                        LAT1 / LAT2 / DLAT  
  -180.0 180.0   5.0                                        LON1 / LON2 / DLON  
    -1                                                      EXPONENT            
                                                            END OF HEADER       
[from data line 429]
     2                                                      START OF TEC MAP    
  2015     6    24     2     0     0                        EPOCH OF CURRENT MAP
    87.5-180.0 180.0   5.0 450.0                            LAT/LON1/LON2/DLON/H
  122  115  118  121  124  119  117  116  117  117  117  118  118  118  118  118
  118  118  117  117  116  115  115  114  113  112  111  110  109  107  106  105
  104  103  102  101  100   99   98   98   97   97   97   97   97   98   98   99
   99  100  100  101  101  102  102  102  103  103  103  104  104  104  105  106
  107  109  110  108  111  113  115  119  122                                   
    85.0-180.0 180.0   5.0 450.0                            LAT/LON1/LON2/DLON/H
  120  124  117  123  129  124  123  123  124  124  124  124  124  124  124  124
  124  123  123  122  121  120  119  117  116  115  113  112  111  109  108  106
  105  104  103  102  101  100   99   99   99   99   99  100  101  101  102  103
  104  105  106  107  107  108  109  109  110  110  110  111  111  111  112  113
  114  117  115  119  115  114  117  112  120                                   
    82.5-180.0 180.0   5.0 450.0                            LAT/LON1/LON2/DLON/H
  118  120  125  127  130  128  127  127  128  128  128  128  128  128  128  127
  127  126  125  123  122  120  118  116  114  112  110  108  107  105  103  101
   99   98   97   95   95   94   93   93   94   94   95   96   98   99  101  103
  104  106  107  108  109  110  111  112  112  113  113  114  114  115  115  117
  117  120  119  120  125  113  113  110  118                                   
    80.0-180.0 180.0   5.0 450.0                            LAT/LON1/LON2/DLON/H
  123  125  120  123  124  123  124  125  126  125  125  125  125  125  125  124
  123  122  121  119  116  114  111  109  106  103  101   98   96   94   92   91
   89   88   86   85   85   84   84   84   85   86   88   90   92   95   98  100
  103  105  107  108  110  111  111  112  112  113  113  113  114  114  115  117
  117  118  118  117  126  119  122  115  123                                   
    77.5-180.0 180.0   5.0 450.0                            LAT/LON1/LON2/DLON/H
  129  129  121  125  123  121  124  125  125  125  124  124  124  124  123  123
  122  120  118  115  113  109  106  102   99   95   93   90   88   86   85   84
   83   82   81   80   80   80   80   81   82   84   87   90   93   97  100  104
  107  110  112  113  114  115  115  116  115  115  115  115  116  116  116  118
  118  121  119  120  126  120  123  120  129                                   
    75.0-180.0 180.0   5.0 450.0                            LAT/LON1/LON2/DLON/H
  130  129  120  126  123  120  122  122  123  122  121  121  121  120  119  118
  116  114  112  109  105  101   97   92   88   84   81   78   77   76   75   75
   75   75   75   75   75   75   76   77   79   81   84   88   93   97  102  106
  109  112  115  116  117  117  117  117  117  116  116  116  116  116  117  119
  119  121  121  117  122  119  122  122  130                                   
    72.5-180.0 180.0   5.0 450.0                            LAT/LON1/LON2/DLON/H
  126  129  123  128  126  124  126  126  127  125  124  124  122  121  120  118
  116  114  111  108  103   99   93   88   83   79   76   73   72   72   73   74
   75   76   77   78   78   79   80   81   83   86   89   94   99  104  109  113
  117  121  123  124  125  125  124  123  122  122  121  121  121  121  122  125
  125  128  128  126  127  121  124  125  126                                   
    70.0-180.0 180.0   5.0 450.0                            LAT/LON1/LON2/DLON/H
  128  128  124  129  127  124  127  127  128  127  125  124  122  120  117  115
  113  111  108  105  100   95   90   84   78   74   70   68   68   69   71   73
   75   77   79   81   81   82   83   84   86   89   92   97  102  107  112  117
  121  124  126  126  127  126  125  124  123  123  122  122  122  123  124  127
  128  130  132  131  132  126  128  128  128                                   
    67.5-180.0 180.0   5.0 450.0                            LAT/LON1/LON2/DLON/H
  129  131  125  129  128  125  128  128  129  128  126  124  121  118  115  112
  109  107  105  102   98   93   87   81   75   70   67   66   66   68   71   74
   76   79   81   83   83   84   85   86   87   90   93   97  101  106  111  116
  119  122  123  124  123  123  122  122  121  121  121  121  122  122  124  127
  128  131  133  132  134  129  131  131  129                                   
    65.0-180.0 180.0   5.0 450.0                            LAT/LON1/LON2/DLON/H
  132  134  128  131  130  127  130  131  132  130  128  126  122  117  113  109
  107  105  103  101   98   94   88   82   76   71   69   68   69   71   74   77
   80   82   84   85   86   86   87   87   89   91   93   97  101  105  110  113
  116  118  119  119  119  118  118  118  119  119  120  121  122  122  124  126
  128  131  134  134  137  133  136  137  132                                   
    62.5-180.0 180.0   5.0 450.0                            LAT/LON1/LON2/DLON/H
  138  140  135  137  135  132  135  135  136  134  132  128  123  118  112  108
  105  103  102  101  100   96   91   85   80   76   73   73   75   77   79   82
   84   85   86   86   86   87   87   88   89   91   94   97  100  104  107  110
  112  114  114  114  114  114  115  116  118  120  121  123  124  124  125  127
  128  132  136  137  141  138  143  145  138                                   
    60.0-180.0 180.0   5.0 450.0                            LAT/LON1/LON2/DLON/H
  145  149  144  146  143  140  141  140  140  138  135  130  125  118  111  106
  102  101  101  101  100   98   94   89   84   80   79   79   81   83   84   85
   85   84   84   83   83   84   84   86   87   90   93   96   99  102  105  107
  109  110  110  111  111  112  113  116  119  121  124  125  126  126  126  128
  129  132  137  140  145  144  150  154  145                                   
    57.5-180.0 180.0   5.0 450.0                            LAT/LON1/LON2/DLON/H
  155  161  157  158  155  150  150  147  145  141  137  132  126  118  110  104
  100   98   98   99  100   98   95   91   87   84   84   84   86   87   87   85
   83   81   79   78   77   78   79   82   84   88   91   95   98  101  104  106
  108  109  110  110  111  113  115  119  122  126  129  130  131  130  129  130
  130  134  139  143  149  151  159  165  155                                   
    55.0-180.0 180.0   5.0 450.0                            LAT/LON1/LON2/DLON/H
  167  174  172  174  169  163  161  155  151  145  140  135  128  119  111  103
   98   95   95   96   97   96   93   89   86   85   85   87   88   88   86   83
   78   74   71   70   70   71   74   77   81   85   89   93   97  101  104  107
  109  111  112  114  116  118  121  125  129  133  135  137  137  135  133  133
  133  136  142  148  155  159  169  176  167                                   
    52.5-180.0 180.0   5.0 450.0                            LAT/LON1/LON2/DLON/H
  179  189  188  190  185  177  173  165  158  150  144  138  130  122  112  104
   97   94   92   92   92   91   88   85   83   82   84   86   87   87   83   78
   72   67   64   63   64   66   69   73   77   82   87   92   96  101  105  109
  113  116  118  121  123  126  130  134  138  141  144  144  143  141  138  138
  137  141  147  153  162  168  179  187  179                                   
    50.0-180.0 180.0   5.0 450.0                            LAT/LON1/LON2/DLON/H
  191  203  203  206  201  192  186  176  167  157  149  142  135  126  116  107
   99   94   91   89   87   85   82   79   77   78   80   83   84   83   79   73
   67   63   60   60   61   64   67   71   75   80   85   90   96  101  107  112
  118  122  126  129  133  136  141  145  149  152  153  153  151  148  145  145
  144  147  155  161  170  178  190  198  191                                   
    47.5-180.0 180.0   5.0 450.0                            LAT/LON1/LON2/DLON/H
  201  214  214  219  215  206  199  187  176  165  156  149  141  132  122  112
  104   97   92   88   84   80   76   73   72   73   76   79   81   80   76   71
   66   62   61   62   64   66   69   72   75   79   84   89   95  101  108  116
  123  128  133  138  142  147  152  157  160  163  164  163  161  157  154  154
  153  157  164  171  180  188  202  210  201                                   
    45.0-180.0 180.0   5.0 450.0                            LAT/LON1/LON2/DLON/H
  209  221  222  228  226  216  209  196  185  173  163  156  149  140  131  121
  111  102   95   89   83   77   72   69   69   71   75   78   80   80   77   73
   69   67   67   68   71   73   75   76   78   81   84   89   94  101  110  118
  127  134  139  144  150  156  163  169  173  176  176  174  172  168  166  165
  165  169  177  184  192  200  214  223  209                                   
    42.5-180.0 180.0   5.0 450.0                            LAT/LON1/LON2/DLON/H
  215  227  226  233  232  222  216  204  192  180  171  164  158  150  141  130
  120  111  102   93   85   78   72   70   70   73   77   81   84   84   82   79
   77   76   77   80   82   84   84   83   83   84   86   90   95  102  111  120
  129  137  143  149  156  165  174  182  187  190  190  188  185  182  180  180
  180  184  192  198  205  212  227  236  215                                   
    40.0-180.0 180.0   5.0 450.0                            LAT/LON1/LON2/DLON/H
  222  231  229  236  236  226  220  209  199  187  178  172  166  159  150  141
  131  121  111  101   91   82   77   74   76   79   84   89   92   92   92   90
   89   89   91   93   96   96   95   92   90   89   90   92   96  103  112  122
  132  139  145  152  161  172  184  195  203  207  207  205  202  199  197  197
  197  202  209  214  220  226  240  251  222                                   
    37.5-180.0 180.0   5.0 450.0                            LAT/LON1/LON2/DLON/H
  232  238  233  240  239  229  223  213  204  194  185  179  173  166  159  150
  141  132  121  110   99   90   85   84   86   91   96  101  104  105  104  103
  102  103  105  107  109  109  106  102   98   96   95   96  100  106  115  125
  133  140  147  155  166  180  196  210  220  226  227  225  222  219  217  217
  217  221  227  231  236  240  254  267  232                                   
    35.0-180.0 180.0   5.0 450.0                            LAT/LON1/LON2/DLON/H
  245  248  242  248  246  235  229  220  212  202  193  186  179  172  165  158
  150  141  131  119  108  100   96   96  100  106  112  116  118  119  118  117
  115  115  115  116  118  117  114  110  106  103  102  102  105  110  118  128
  136  142  149  158  172  189  208  225  238  246  248  247  244  241  239  239
  239  242  247  249  252  256  269  284  245                                   
    32.5-180.0 180.0   5.0 450.0                            LAT/LON1/LON2/DLON/H
  263  264  258  263  260  247  240  230  223  213  203  195  186  178  170  163
  156  148  139  128  118  111  108  110  116  123  128  132  133  132  131  128
  125  122  119  119  120  120  118  115  112  110  109  108  110  115  122  130
  138  145  152  163  180  200  222  241  256  266  270  269  267  264  263  262
  261  263  267  267  268  271  284  301  263                                   
    30.0-180.0 180.0   5.0 450.0                            LAT/LON1/LON2/DLON/H
  283  284  281  286  281  268  259  249  240  229  219  208  196  185  175  167
  160  153  145  136  128  122  121  125  131  138  143  145  145  143  140  135
  128  121  116  114  115  116  117  116  115  114  113  113  114  118  124  133
  141  148  158  171  190  213  237  257  273  283  289  290  288  286  285  285
  283  284  286  285  284  285  298  316  283                                   
    27.5-180.0 180.0   5.0 450.0                            LAT/LON1/LON2/DLON/H
  305  309  309  317  312  297  287  275  265  253  240  227  212  197  183  172
  164  157  150  143  136  132  132  137  144  150  153  154  152  149  143  135
  125  114  107  104  105  108  112  114  115  115  115  114  115  118  125  133
  143  152  164  181  202  227  251  271  287  297  303  305  305  304  304  304
  303  302  303  301  298  298  311  329  305                                   
    25.0-180.0 180.0   5.0 450.0                            LAT/LON1/LON2/DLON/H
  326  333  341  352  347  334  323  309  297  283  268  252  233  214  196  180
  169  161  155  148  143  140  141  146  152  157  159  158  154  148  139  128
  115  102   92   89   92   97  103  107  110  112  112  111  112  115  122  132
  143  156  172  192  215  240  263  283  296  306  312  315  316  316  318  320
  319  319  319  316  311  310  322  341  326                                   
    22.5-180.0 180.0   5.0 450.0                            LAT/LON1/LON2/DLON/H
  344  355  370  385  384  373  363  348  335  319  302  282  260  236  212  192
  177  167  159  153  148  146  147  151  156  159  158  155  148  140  129  115
   99   85   75   72   77   84   92   98  102  104  105  105  106  109  117  128
  142  158  178  202  227  251  272  288  301  310  317  321  323  325  328  332
  332  333  333  330  324  322  334  352  344                                   
    20.0-180.0 180.0   5.0 450.0                            LAT/LON1/LON2/DLON/H
  357  371  391  411  414  406  399  385  372  354  336  315  290  261  232  206
  187  174  165  158  153  150  150  152  154  154  151  145  137  126  113   98
   81   66   57   56   62   71   79   86   91   94   96   96   97  102  110  123
  139  159  183  210  236  258  276  289  301  311  319  324  328  332  337  343
  345  347  347  344  337  334  346  363  357                                   
    17.5-180.0 180.0   5.0 450.0                            LAT/LON1/LON2/DLON/H
  367  381  403  425  432  429  425  414  401  384  365  343  317  286  253  222
  198  182  171  163  157  152  150  149  148  145  140  131  120  108   95   79
   62   49   42   43   49   59   67   74   79   83   85   87   89   93  102  116
  135  159  186  215  241  261  276  287  299  310  321  329  335  341  348  355
  359  363  364  361  354  351  362  377  367                                   
    15.0-180.0 180.0   5.0 450.0                            LAT/LON1/LON2/DLON/H
  375  387  406  428  438  438  436  429  418  402  384  363  337  306  270  236
  209  190  177  168  159  152  147  143  139  133  125  114  102   90   76   62
   48   37   33   35   42   50   57   63   68   73   76   79   81   86   95  110
  130  156  186  216  242  261  274  285  297  311  325  336  344  352  360  369
  375  380  383  381  374  370  381  394  375                                   
    12.5-180.0 180.0   5.0 450.0                            LAT/LON1/LON2/DLON/H
  383  392  405  422  433  434  434  429  420  405  388  369  346  316  281  246
  217  196  182  170  160  150  141  134  127  119  109   97   85   73   62   51
   41   34   32   34   40   46   51   55   60   65   69   72   75   80   89  104
  125  153  185  216  241  259  273  285  300  317  333  346  357  366  375  385
  393  399  403  403  397  393  403  414  383                                   
    10.0-180.0 180.0   5.0 450.0                            LAT/LON1/LON2/DLON/H
  394  400  406  414  423  424  422  418  410  397  381  363  342  315  283  249
  220  199  183  170  157  145  135  125  116  106   95   83   72   63   54   47
   41   38   37   40   43   46   48   51   55   61   65   68   71   75   84   99
  121  150  182  214  241  260  276  292  310  329  346  361  372  382  392  403
  411  418  424  426  421  417  426  436  394                                   
     7.5-180.0 180.0   5.0 450.0                            LAT/LON1/LON2/DLON/H
  409  412  411  411  415  413  409  405  396  383  367  350  331  306  276  245
  217  196  180  166  152  139  127  116  105   94   84   74   65   58   53   49
