data/edconvlstm_nd/pred1920.15i
     1.0            IONOSPHERE MAPS     GNSS                IONEX VERSION / TYPE
pyspatialgeodesy        IME             05-JAN-18 20:20     PGM / RUN BY / DATE 
Map Name                                                    COMMENT             
Predicted global ionosphere maps (GIM).                     DESCRIPTION         
  2015     7    11     0     0     0                        EPOCH OF FIRST MAP  
  2015     7    12     0     0     0                        EPOCH OF LAST MAP   
  7200                                                      INTERVAL            
    13                                                      # OF MAPS IN FILE   
  NONE                                                      MAPPING FUNCTION    
10.0                                                        ELEVATION CUTOFF    
One-way carrier phase leveled to code                       OBSERVABLES USED    
  6371.0                                                    BASE RADIUS         
 2                                                          MAP DIMENSION       
   450.0 450.0   0.0                                        HGT1 / HGT2 / DHGT  
    87.5 -87.5  -2.5                                        LAT1 / LAT2 / DLAT  
  -180.0 180.0   5.0                                        LON1 / LON2 / DLON  
    -1                                                      EXPONENT            
                                                            END OF HEADER       
[from data line 429]
     2                                                      START OF TEC MAP    
  2015     7    11     2     0     0                        EPOCH OF CURRENT MAP
    87.5-180.0 180.0   5.0 450.0                            LAT/LON1/LON2/DLON/H
  190  195  198  197  197  195  192  191  191  191  191  191  191  190  190  189
  188  188  187  186  184  183  182  181  180  179  178  177  176  176  175  175
  175  175  175  175  176  176  176  177  177  178  178  178  179  179  180  180
  180  181  182  182  183  183  184  185  185  186  186  187  187  187  188  188
  189  191  191  191  192  190  187  189  190                                   
    85.0-180.0 180.0   5.0 450.0                            LAT/LON1/LON2/DLON/H
  201  205  197  202  207  204  203  202  203  203  202  202  202  201  200  199
  198  196  195  193  192  190  188  186  185  183  182  180  179  179  178  178
  178  178  178  179  179  180  180  181  182  182  183  183  184  184  185  186
  186  187  188  189  190  191  192  193  194  195  196  197  197  198  199  200
  201  203  201  204  197  196  194  193  201                                   
    82.5-180.0 180.0   5.0 450.0                            LAT/LON1/LON2/DLON/H
  205  206  208  207  209  207  206  206  208  207  206  206  205  204  203  201
  199  197  195  192  190  187  185  182  180  177  175  173  172  171  170  169
  169  170  171  171  173  174  175  176  177  178  179  180  181  181  182  183
  184  185  186  188  189  191  192  193  195  196  198  199  200  201  202  204
  204  205  203  205  206  196  196  189  205                                   
    80.0-180.0 180.0   5.0 450.0                            LAT/LON1/LON2/DLON/H
  204  210  204  205  207  207  209  211  212  212  211  211  210  208  206  204
  202  199  196  193  190  186  183  180  176  173  170  168  166  165  164  164
  164  166  167  169  171  173  175  177  179  180  181  182  183  184  185  186
  188  189  190  192  193  195  197  198  200  201  202  204  205  206  207  208
  209  209  206  207  212  203  206  193  204                                   
    77.5-180.0 180.0   5.0 450.0                            LAT/LON1/LON2/DLON/H
  205  207  203  205  204  205  209  211  212  212  211  211  210  207  205  202
  199  195  192  188  185  181  177  173  170  166  163  160  158  156  156  157
  158  161  163  167  170  173  177  179  181  183  185  186  187  188  189  191
  192  194  195  197  198  200  201  203  204  205  206  207  207  208  208  210
  209  210  206  207  212  206  203  196  205                                   
    75.0-180.0 180.0   5.0 450.0                            LAT/LON1/LON2/DLON/H
  204  204  200  203  202  204  207  209  211  211  211  210  208  205  201  197
  193  189  186  182  178  175  171  167  163  159  155  152  150  149  149  150
  153  157  161  166  170  174  178  182  184  186  188  190  191  192  194  195
  197  199  200  202  204  205  206  207  207  208  208  208  208  208  208  209
  208  208  205  200  203  201  198  196  204                                   
    72.5-180.0 180.0   5.0 450.0                            LAT/LON1/LON2/DLON/H
  196  200  197  198  198  200  204  206  209  210  209  208  205  202  197  192
  187  183  179  176  173  170  166  163  158  154  150  147  145  144  145  148
  151  156  162  168  173  178  183  186  189  191  193  195  197  198  200  202
  204  205  207  208  209  209  210  210  209  209  209  208  207  206  206  206
  205  205  203  199  199  194  193  194  196                                   
    70.0-180.0 180.0   5.0 450.0                            LAT/LON1/LON2/DLON/H
  194  193  192  194  194  196  200  203  207  207  207  206  203  198  192  186
  180  176  172  169  167  165  162  158  154  150  146  142  140  140  141  145
  149  155  161  167  173  178  183  186  189  192  194  196  198  200  203  205
  206  208  209  210  210  210  209  209  208  207  206  205  204  202  201  202
  200  200  198  196  197  192  192  193  194                                   
    67.5-180.0 180.0   5.0 450.0                            LAT/LON1/LON2/DLON/H
  192  191  189  191  190  191  195  198  203  204  204  203  199  194  187  180
  174  169  166  164  163  161  159  156  152  147  143  140  138  138  140  143
  148  154  160  165  171  175  179  182  185  188  190  193  196  199  201  204
  206  207  207  207  207  206  205  205  204  203  202  200  199  197  196  196
  194  194  193  191  193  189  189  193  192                                   
    65.0-180.0 180.0   5.0 450.0                            LAT/LON1/LON2/DLON/H
  192  190  188  189  187  188  191  194  199  200  201  200  197  191  184  177
  170  166  163  162  161  160  158  155  152  147  143  140  139  139  141  144
  149  154  158  163  167  170  173  175  178  181  184  187  191  195  198  201
  203  204  204  203  202  201  200  200  199  199  198  198  196  194  193  192
  191  191  190  188  191  189  191  195  192                                   
    62.5-180.0 180.0   5.0 450.0                            LAT/LON1/LON2/DLON/H
  196  194  192  192  189  187  189  192  196  197  198  198  195  190  183  176
  170  166  163  163  163  162  160  157  154  150  146  144  143  144  146  149
  152  155  158  160  162  164  165  167  169  172  176  181  186  191  195  198
  200  200  199  198  197  196  196  196  197  198  198  198  198  196  194  193
  191  191  190  189  192  190  193  199  196                                   
    60.0-180.0 180.0   5.0 450.0                            LAT/LON1/LON2/DLON/H
  203  201  199  198  194  190  190  190  193  193  194  195  193  188  183  177
  171  168  166  166  166  165  163  160  156  152  150  149  149  150  152  154
  155  156  157  157  157  156  157  158  160  163  168  174  180  186  191  194
  196  196  195  194  193  193  194  195  197  200  202  203  203  201  200  198
  195  194  193  193  196  194  198  203  203                                   
    57.5-180.0 180.0   5.0 450.0                            LAT/LON1/LON2/DLON/H
  214  213  211  209  204  198  195  192  192  190  190  190  189  186  182  178
  174  172  171  170  170  169  166  162  158  155  154  155  156  158  160  160
  160  158  156  154  151  150  149  149  151  155  161  168  176  182  188  191
  193  193  192  192  192  193  195  198  201  205  208  211  212  211  209  206
  203  201  200  199  202  201  205  209  214                                   
    55.0-180.0 180.0   5.0 450.0                            LAT/LON1/LON2/DLON/H
  228  228  227  225  220  212  205  198  194  189  187  186  185  183  181  179
  177  176  175  175  174  172  168  163  160  158  158  160  163  166  167  166
  164  160  155  151  147  144  143  143  145  150  156  164  172  180  186  189
  191  192  192  192  194  196  199  203  208  213  217  221  222  222  220  217
  213  211  209  208  211  210  213  217  228                                   
    52.5-180.0 180.0   5.0 450.0                            LAT/LON1/LON2/DLON/H
  242  245  244  243  239  230  221  209  201  191  186  183  182  181  180  179
  179  180  180  180  178  175  170  165  161  160  162  165  169  172  173  171
  167  161  155  150  145  142  140  140  142  146  153  161  170  178  185  189
  192  193  195  196  199  202  206  211  217  222  227  230  232  232  230  228
  224  221  219  218  220  219  223  226  242                                   
    50.0-180.0 180.0   5.0 450.0                            LAT/LON1/LON2/DLON/H
  256  260  261  262  260  251  240  226  213  199  189  183  180  179  179  180
  182  183  185  185  183  178  172  167  164  164  166  170  174  177  177  174
  169  163  156  151  146  143  141  140  142  146  152  161  170  178  185  190
  194  197  200  204  208  212  216  221  226  231  235  238  240  240  239  237
  234  232  230  229  231  230  235  237  256                                   
    47.5-180.0 180.0   5.0 450.0                            LAT/LON1/LON2/DLON/H
  268  273  275  278  279  272  261  245  229  211  197  188  182  180  180  182
  185  187  190  190  187  182  176  171  168  168  171  175  179  180  180  176
  171  165  159  154  150  147  145  144  144  148  153  161  170  178  186  193
  198  204  209  214  218  223  227  231  235  238  241  244  245  245  245  245
  244  243  241  241  242  242  246  250  268                                   
    45.0-180.0 180.0   5.0 450.0                            LAT/LON1/LON2/DLON/H
  278  283  286  291  294  289  280  265  247  227  210  197  190  185  185  186
  189  192  195  195  193  188  182  177  175  175  178  181  183  183  182  178
  174  170  165  161  157  154  152  150  149  151  156  162  170  179  187  195
  203  211  218  224  230  234  237  240  242  244  246  247  248  249  250  251
  252  254  254  254  255  256  260  264  278                                   
    42.5-180.0 180.0   5.0 450.0                            LAT/LON1/LON2/DLON/H
  288  291  294  299  304  302  295  282  266  245  226  212  202  196  193  194
  196  199  201  202  199  195  190  186  184  185  186  188  188  187  184  182
  179  177  174  171  168  164  161  158  156  157  159  164  171  179  188  198
  208  218  227  234  239  243  246  248  249  250  250  251  251  252  255  258
  262  266  268  269  271  272  276  280  288                                   
    40.0-180.0 180.0   5.0 450.0                            LAT/LON1/LON2/DLON/H
  300  301  302  306  311  310  305  296  283  264  246  230  218  210  206  205
  205  207  208  209  207  203  200  197  196  197  198  197  195  192  190  188
  187  187  185  183  180  176  172  168  165  163  164  167  173  180  190  201
  213  224  234  242  248  251  254  255  256  257  257  257  257  259  262  268
  273  280  285  288  290  292  295  300  300                                   
    37.5-180.0 180.0   5.0 450.0                            LAT/LON1/LON2/DLON/H
  317  316  315  315  318  316  313  308  299  283  267  252  239  230  224  220
  218  217  217  216  215  213  211  210  211  212  212  210  206  201  198  198
  199  200  199  197  193  188  183  178  174  172  170  171  175  181  190  202
  216  229  240  248  254  258  261  264  266  267  267  267  267  269  274  281
  289  298  305  309  313  316  319  323  317                                   
    35.0-180.0 180.0   5.0 450.0                            LAT/LON1/LON2/DLON/H
  342  340  335  331  331  327  323  320  315  304  290  276  264  253  245  238
  233  229  226  225  224  223  224  225  228  229  229  225  219  214  211  211
  213  214  214  211  205  199  193  188  183  180  177  176  177  182  190  203
  217  231  243  252  259  264  269  273  277  280  281  282  282  285  290  298
  308  318  327  333  339  344  347  351  342                                   
    32.5-180.0 180.0   5.0 450.0                            LAT/LON1/LON2/DLON/H
  375  375  366  358  353  346  341  338  336  327  316  304  291  280  270  260
  251  242  237  234  233  235  238  242  246  248  247  243  236  229  226  226
  228  229  227  222  215  207  200  195  191  187  184  180  179  182  189  201
  216  231  244  254  262  269  276  283  289  294  297  299  301  304  311  320
  330  341  350  358  366  374  379  383  375                                   
    30.0-180.0 180.0   5.0 450.0                            LAT/LON1/LON2/DLON/H
  414  417  408  397  389  378  370  366  364  357  347  335  322  310  297  284
  270  257  248  243  243  247  253  259  264  267  266  261  253  246  241  241
  242  241  237  229  219  210  203  198  194  191  187  182  179  180  186  198
  213  229  242  253  263  271  281  291  300  308  313  316  320  325  333  342
  354  364  374  383  393  405  412  416  414                                   
    27.5-180.0 180.0   5.0 450.0                            LAT/LON1/LON2/DLON/H
  454  463  455  446  436  424  412  406  402  394  384  371  357  342  327  310
  291  273  260  253  254  259  268  276  282  284  282  277  268  260  254  252
  250  247  240  229  217  206  199  194  192  189  185  180  175  175  181  192
  208  224  238  250  261  272  284  297  309  318  325  331  336  343  353  364
  375  386  395  406  418  432  442  448  454                                   
    25.0-180.0 180.0   5.0 450.0                            LAT/LON1/LON2/DLON/H
  487  503  502  499  490  479  464  455  448  438  426  411  395  378  359  337
  313  291  273  265  265  273  283  292  297  298  294  287  278  269  261  255
  250  243  233  220  206  195  188  184  182  180  177  172  168  168  173  185
  201  217  233  246  259  273  287  302  316  326  334  341  348  358  369  381
  393  403  412  424  437  454  466  475  487                                   
    22.5-180.0 180.0   5.0 450.0                            LAT/LON1/LON2/DLON/H
  510  530  538  545  541  533  519  508  498  486  471  453  435  415  393  366
  337  310  288  278  278  286  297  304  307  305  299  290  279  268  256  247
  238  228  216  202  189  178  171  168  167  166  164  161  158  158  164  176
  192  209  226  242  257  274  291  307  321  332  340  347  356  368  381  393
  405  415  424  437  450  466  481  492  510                                   
    20.0-180.0 180.0   5.0 450.0                            LAT/LON1/LON2/DLON/H
  517  538  557  574  577  577  565  556  544  530  513  494  473  451  425  395
  362  330  305  292  291  299  308  312  311  304  294  282  270  255  241  227
  215  204  191  178  166  157  151  149  149  149  149  147  146  148  154  167
  183  202  220  238  256  275  294  311  325  336  344  352  362  375  389  403
  415  424  432  445  455  470  485  499  517                                   
    17.5-180.0 180.0   5.0 450.0                            LAT/LON1/LON2/DLON/H
  509  529  554  579  591  598  592  586  576  562  545  525  504  481  453  421
  385  351  323  307  304  309  314  314  307  294  279  264  249  233  215  199
  186  174  163  153  143  136  131  129  130  131  133  133  134  137  145  158
  175  194  214  234  255  276  296  314  328  338  346  355  367  382  397  412
  423  432  439  450  456  467  482  497  509                                   
    15.0-180.0 180.0   5.0 450.0                            LAT/LON1/LON2/DLON/H
  491  506  535  562  581  593  594  593  586  574  559  542  523  499  472  440
  404  369  339  321  314  314  315  309  294  275  256  238  222  204  185  169
  155  145  137  130  123  118  114  112  113  115  118  120  123  127  136  149
  167  187  208  231  253  276  297  315  329  339  349  360  374  391  408  423
  435  443  448  455  456  462  476  490  491                                   
    12.5-180.0 180.0   5.0 450.0                            LAT/LON1/LON2/DLON/H
  471  481  506  531  553  568  573  576  573  565  554  540  524  503  478  448
  414  380  351  330  319  314  308  295  274  249  226  207  191  174  156  141
  130  123  118  114  109  105  102  100  100  103  106  110  114  120  129  142
  159  180  202  226  251  274  296  314  329  341  353  367  384  403  422  438
  449  457  461  464  460  460  471  483  471                                   
    10.0-180.0 180.0   5.0 450.0                            LAT/LON1/LON2/DLON/H
  458  461  479  497  517  532  539  544  543  538  529  519  506  489  467  442
  413  383  354  332  317  306  293  274  247  219  194  176  161  147  133  121
  114  110  108  106  103   99   95   93   93   96  100  104  109  115  123  136
  152  173  196  221  246  271  293  313  329  344  359  377  397  419  439  455
  467  474  478  478  469  464  473  483  458                                   
     7.5-180.0 180.0   5.0 450.0                            LAT/LON1/LON2/DLON/H
  458  456  464  471  486  497  503  507  506  500  493  485  474  460  442  422
  399  373  348  325  306  290  271  246  216  186  163  148  138  128  119  112
