data/edconvlstm_nd/pred3530.15i
     1.0            IONOSPHERE MAPS     GNSS                IONEX VERSION / TYPE
pyspatialgeodesy        IME             05-JAN-18 20:20     PGM / RUN BY / DATE 
Map Name                                                    COMMENT             
Predicted global ionosphere maps (GIM).                     DESCRIPTION         
  2015    12    19     0     0     0                        EPOCH OF FIRST MAP  
  2015    12    20     0     0     0                        EPOCH OF LAST MAP   
  7200                                                      INTERVAL            
    13                                                      # OF MAPS IN FILE   
  NONE                                                      MAPPING FUNCTION    
10.0                                                        ELEVATION CUTOFF    
One-way carrier phase leveled to code                       OBSERVABLES USED    
  6371.0                                                    BASE RADIUS         
 2                                                          MAP DIMENSION       
   450.0 450.0   0.0                                        HGT1 / HGT2 / DHGT  
    87.5 -87.5  -2.5                                        LAT1 / LAT2 / DLAT  
  -180.0 180.0   5.0                                        LON1 / LON2 / DLON  
    -1                                                      EXPONENT            
                                                            END OF HEADER       
[from data line 429]
     2                                                      START OF TEC MAP    
  2015    12    19     2     0     0                        EPOCH OF CURRENT MAP
    87.5-180.0 180.0   5.0 450.0                            LAT/LON1/LON2/DLON/H
   46   53   43   43   39   42   38   35   36   37   37   38   38   38   39   39
   39   39   38   38   38   37   37   37   36   36   36   35   35   35   35   35
   35   35   35   35   36   36   36   36   37   37   37   38   38   38   38   39
   39   39   39   39   39   39   39   39   39   38   38   38   38   37   37   37
   38   37   36   35   33   52   55   48   46                                   
    85.0-180.0 180.0   5.0 450.0                            LAT/LON1/LON2/DLON/H
   36   50   41   44   43   45   44   42   43   44   45   45   46   46   46   46
   45   44   44   42   41   40   39   38   37   36   35   34   34   33   33   33
   33   34   34   35   35   36   37   38   39   39   40   41   42   42   42   43
   43   43   43   43   43   42   42   42   42   41   41   41   41   40   40   40
   41   41   40   43   50   48   63   49   36                                   
    82.5-180.0 180.0   5.0 450.0                            LAT/LON1/LON2/DLON/H
   28   32   48   43   40   43   41   40   43   45   45   47   48   49   49   48
   47   46   44   42   40   38   36   33   31   30   28   27   26   25   25   25
   25   26   27   28   29   30   32   33   35   36   37   38   39   40   40   40
   40   40   40   39   39   38   38   37   37   36   36   36   35   35   35   35
   36   36   35   33   45   37   45   50   28                                   
    80.0-180.0 180.0   5.0 450.0                            LAT/LON1/LON2/DLON/H
   40   45   54   46   46   43   44   43   48   49   50   52   53   54   54   53
   52   50   47   45   42   39   36   33   31   29   27   25   24   23   23   23
   24   25   26   28   29   31   33   34   36   37   39   40   40   41   41   40
   40   39   39   38   37   37   36   35   35   35   35   35   35   36   36   37
   38   37   38   36   52   44   46   57   40                                   
    77.5-180.0 180.0   5.0 450.0                            LAT/LON1/LON2/DLON/H
   50   56   55   47   45   43   44   45   49   50   51   54   55   56   57   56
   54   52   49   46   43   39   36   32   29   26   23   21   20   19   19   20
   20   22   23   25   27   29   31   33   34   36   37   38   38   38   38   38
   37   36   35   34   33   32   31   31   31   31   31   32   32   33   34   36
   37   38   37   38   46   41   43   52   50                                   
    75.0-180.0 180.0   5.0 450.0                            LAT/LON1/LON2/DLON/H
   53   59   64   56   49   49   48   49   53   53   54   56   57   58   58   57
   55   52   50   46   43   39   35   32   29   26   24   22   21   21   21   21
   22   24   25   27   28   30   32   33   34   35   36   36   36   36   35   35
   33   32   31   30   29   28   27   27   28   28   29   31   32   34   36   39
   40   42   43   42   50   50   52   57   53                                   
    72.5-180.0 180.0   5.0 450.0                            LAT/LON1/LON2/DLON/H
   63   68   72   63   57   55   56   56   58   58   58   59   59   59   58   56
   54   52   49   46   44   41   38   35   33   31   29   28   28   27   27   28
   28   29   30   31   32   33   34   35   35   36   36   36   35   35   34   33
   32   31   30   29   28   28   27   28   29   30   32   34   36   39   42   45
   48   50   55   55   62   61   63   67   63                                   
    70.0-180.0 180.0   5.0 450.0                            LAT/LON1/LON2/DLON/H
   76   79   85   76   68   64   63   62   64   62   60   60   59   57   55   52
   50   48   46   44   42   41   39   38   37   37   36   36   35   35   35   35
   35   35   35   35   35   35   35   35   35   35   34   34   34   33   33   32
   31   31   30   30   30   30   31   32   33   36   38   41   44   48   51   55
   58   60   66   67   74   75   77   76   76                                   
    67.5-180.0 180.0   5.0 450.0                            LAT/LON1/LON2/DLON/H
   87   90   93   84   74   69   67   65   64   62   58   57   53   50   47   44
   41   38   37   36   35   35   36   36   37   37   38   38   38   38   37   36
   35   34   33   32   31   30   29   29   28   27   27   27   27   26   26   26
   26   26   27   27   28   30   31   34   36   39   43   47   50   54   59   63
   66   68   75   76   84   85   87   85   87                                   
    65.0-180.0 180.0   5.0 450.0                            LAT/LON1/LON2/DLON/H
   98   99   99   91   80   73   70   67   66   62   58   55   50   45   41   37
   34   32   30   30   30   31   33   34   36   37   38   39   39   38   37   35
   33   31   29   28   26   25   24   23   22   22   22   22   22   22   22   22
   23   24   25   27   29   32   35   38   42   46   51   55   60   65   69   74
   76   79   84   85   94   95   97   96   98                                   
    62.5-180.0 180.0   5.0 450.0                            LAT/LON1/LON2/DLON/H
  109  108  107   98   87   79   74   71   69   65   60   55   50   44   39   35
   31   29   28   27   28   29   31   33   35   36   38   38   38   38   36   34
   31   29   27   25   23   22   21   20   20   20   20   20   21   21   21   22
   23   24   26   29   32   36   41   46   51   56   62   67   73   78   83   87
   90   91   96   96  103  104  106  106  109                                   
    60.0-180.0 180.0   5.0 450.0                            LAT/LON1/LON2/DLON/H
  118  116  113  104   92   82   76   73   70   65   60   55   49   44   38   34
   31   28   27   26   26   27   28   29   31   32   34   35   35   34   32   30
   28   26   24   22   21   20   20   19   20   20   20   21   21   21   21   21
   22   23   26   29   34   40   46   52   58   64   71   77   83   89   94   99
  101  103  107  106  113  113  114  113  118                                   
    57.5-180.0 180.0   5.0 450.0                            LAT/LON1/LON2/DLON/H
  128  125  121  111   98   87   80   76   72   66   60   55   50   45   40   36
   33   30   28   26   25   25   25   25   26   28   29   30   31   30   29   27
   25   24   23   22   22   22   22   22   23   23   24   24   24   24   23   23
   23   24   27   31   37   44   51   58   65   72   79   86   93   99  105  111
  114  115  119  118  124  122  123  122  128                                   
    55.0-180.0 180.0   5.0 450.0                            LAT/LON1/LON2/DLON/H
  141  137  132  121  107   95   87   80   75   67   60   55   50   46   42   39
   36   33   30   28   25   23   22   21   22   23   25   26   27   27   26   25
   25   24   24   25   25   26   27   28   29   30   30   31   30   29   28   26
   25   26   29   34   41   48   57   64   72   79   86   93  100  108  115  121
  125  126  131  130  136  134  135  134  141                                   
    52.5-180.0 180.0   5.0 450.0                            LAT/LON1/LON2/DLON/H
  157  153  146  135  120  107   98   89   81   71   62   56   51   48   45   43
   40   37   33   29   25   22   20   20   20   21   23   24   26   26   26   26
   27   27   29   31   32   34   35   36   37   38   39   39   39   37   35   32
   31   31   34   39   46   55   64   72   79   85   92   99  107  115  123  131
  135  138  143  143  149  146  149  147  157                                   
    50.0-180.0 180.0   5.0 450.0                            LAT/LON1/LON2/DLON/H
  174  172  164  153  138  125  114  102   90   77   66   59   53   50   48   46
   44   40   36   31   27   24   22   21   22   23   25   27   28   29   29   30
   31   33   36   39   41   43   45   46   47   48   49   49   48   46   44   41
   39   39   42   48   56   65   74   81   88   93   99  106  114  122  131  140
  145  149  156  156  163  160  164  163  174                                   
    47.5-180.0 180.0   5.0 450.0                            LAT/LON1/LON2/DLON/H
  191  191  182  173  158  146  133  118  104   87   73   64   57   54   52   50
   47   42   38   33   29   27   26   26   27   29   31   33   34   35   35   36
   38   40   44   48   51   53   54   54   55   56   58   58   58   56   54   51
   50   50   53   60   68   77   86   93   98  103  107  113  120  128  137  147
  154  159  166  168  175  173  178  178  191                                   
    45.0-180.0 180.0   5.0 450.0                            LAT/LON1/LON2/DLON/H
  204  206  197  190  177  166  152  136  119   99   82   71   64   59   56   53
   49   44   40   36   34   33   34   35   37   39   40   42   42   42   41   42
   44   47   51   55   58   59   60   60   61   62   64   66   66   66   64   63
   62   63   67   74   83   92  100  106  110  113  116  121  127  134  143  152
  160  166  174  176  184  183  189  189  204                                   
    42.5-180.0 180.0   5.0 450.0                            LAT/LON1/LON2/DLON/H
  210  214  206  201  190  180  167  151  133  112   93   81   72   67   62   58
   52   47   44   42   42   44   46   47   49   50   50   51   50   48   47   47
   48   52   56   59   62   63   63   63   64   66   69   71   73   73   74   74
   74   77   82   89   98  107  115  120  122  124  125  128  133  140  148  157
  165  172  179  182  189  190  195  195  210                                   
    40.0-180.0 180.0   5.0 450.0                            LAT/LON1/LON2/DLON/H
  208  212  205  202  194  186  174  160  142  122  104   92   83   76   71   64
   58   53   51   52   54   58   60   61   61   60   59   58   56   53   51   50
   51   54   58   61   63   63   63   63   65   68   72   75   77   79   81   82
   85   89   94  102  111  120  128  132  134  134  135  137  141  147  154  163
  170  176  184  187  194  194  198  197  208                                   
    37.5-180.0 180.0   5.0 450.0                            LAT/LON1/LON2/DLON/H
  203  205  197  194  189  181  171  161  146  128  112  102   94   87   80   73
   67   63   62   65   70   74   76   74   71   68   65   62   59   56   54   53
   54   56   60   62   63   63   63   64   66   70   74   78   81   83   85   89
   92   97  103  111  120  130  138  143  145  145  145  147  151  156  163  171
  179  184  192  195  201  201  203  201  203                                   
    35.0-180.0 180.0   5.0 450.0                            LAT/LON1/LON2/DLON/H
  198  196  187  181  176  169  161  154  143  129  117  109  102   97   90   84
   78   76   77   82   87   90   89   84   78   72   68   65   62   59   57   57
   58   60   62   64   65   65   64   65   68   73   77   80   83   85   88   92
   96  102  108  116  126  136  146  153  156  156  156  159  163  169  176  185
  192  198  206  210  215  215  216  211  198                                   
    32.5-180.0 180.0   5.0 450.0                            LAT/LON1/LON2/DLON/H
  201  195  182  171  164  156  149  144  138  127  119  113  109  104   98   93
   89   89   93   98  103  103   98   89   80   73   69   67   65   64   63   63
   64   66   68   70   70   69   68   70   73   77   81   83   84   86   88   92
   97  103  109  118  129  141  153  162  167  169  170  173  178  186  195  204
  212  219  229  233  239  239  240  232  201                                   
    30.0-180.0 180.0   5.0 450.0                            LAT/LON1/LON2/DLON/H
  218  208  190  173  161  150  143  138  133  126  120  116  112  108  104  100
   99  101  105  111  113  109  100   89   79   73   71   71   71   72   72   72
   74   76   78   79   77   76   75   76   79   83   85   86   85   85   87   91
   97  103  109  119  131  146  162  174  181  184  186  190  196  205  217  229
  239  248  261  265  273  273  276  267  218                                   
    27.5-180.0 180.0   5.0 450.0                            LAT/LON1/LON2/DLON/H
  252  240  217  193  176  161  150  142  136  129  123  119  115  110  106  104
  104  107  111  114  113  106   96   85   78   75   77   79   81   83   84   86
   89   92   93   91   89   86   84   84   86   88   89   88   86   85   86   90
   96  103  111  121  136  154  173  189  198  203  205  209  216  228  242  257
  270  283  299  304  316  316  320  312  252                                   
    25.0-180.0 180.0   5.0 450.0                            LAT/LON1/LON2/DLON/H
  304  292  264  234  212  192  175  162  152  141  132  125  117  110  106  104
  104  107  108  108  103   96   87   81   79   82   87   93   97   99  102  105
  109  111  110  106  101   96   93   92   92   92   91   89   86   84   85   90
   97  105  115  127  145  166  189  208  220  226  228  232  240  253  270  289
  305  322  340  346  362  364  370  365  304                                   
    22.5-180.0 180.0   5.0 450.0                            LAT/LON1/LON2/DLON/H
  367  358  327  293  270  245  221  200  183  166  151  137  124  112  105  101
  100   99   97   93   87   82   79   79   85   94  104  112  117  121  125  129
  131  131  126  118  110  103   99   97   95   94   92   88   85   84   85   91
   99  110  122  138  158  183  209  231  246  253  255  259  268  282  301  322
  342  362  382  389  407  414  422  421  367                                   
    20.0-180.0 180.0   5.0 450.0                            LAT/LON1/LON2/DLON/H
  434  429  397  365  341  315  285  256  230  205  181  158  137  119  107  100
   95   89   82   76   72   71   76   85   99  113  126  136  142  145  148  150
  149  144  135  124  114  106  101   97   95   92   90   86   84   83   86   93
  104  117  132  151  174  202  230  255  272  281  284  288  297  312  332  355
  377  400  421  429  447  459  471  476  434                                   
    17.5-180.0 180.0   5.0 450.0                            LAT/LON1/LON2/DLON/H
  493  494  467  439  417  392  358  323  289  256  223  190  160  135  117  104
   93   82   72   65   64   70   83  101  120  138  152  161  165  167  166  164
  158  148  135  122  111  103   98   94   91   88   86   83   82   83   88   97
  110  126  144  166  192  221  250  276  295  305  310  315  325  341  362  385
  407  430  450  461  476  493  510  521  493                                   
    15.0-180.0 180.0   5.0 450.0                            LAT/LON1/LON2/DLON/H
  538  546  526  506  487  465  429  392  353  314  273  232  194  161  137  118
  100   84   71   66   70   83  103  126  149  167  179  184  184  181  176  169
  158  144  129  115  105   98   93   90   87   85   83   82   82   85   91  101
  116  135  157  181  207  236  265  292  311  323  329  336  348  365  386  408
  429  450  469  480  493  513  534  550  538                                   
    12.5-180.0 180.0   5.0 450.0                            LAT/LON1/LON2/DLON/H
  566  578  567  554  542  523  490  453  413  371  326  280  236  198  168  143
  120  100   86   83   91  110  135  161  183  196  201  200  194  187  178  167
  152  136  120  108   99   94   90   87   85   83   83   83   85   88   95  107
  124  144  168  193  219  246  274  299  318  331  340  349  363  381  402  423
  442  460  476  487  497  518  541  559  566                                   
    10.0-180.0 180.0   5.0 450.0                            LAT/LON1/LON2/DLON/H
  576  590  585  579  574  561  532  499  461  420  375  328  282  242  209  179
  152  130  117  116  129  152  179  203  217  221  216  207  197  186  174  160
  145  129  114  104   97   93   90   88   87   87   88   89   91   95  102  114
  131  153  177  201  226  251  276  299  317  331  342  354  370  389  410  430
  446  462  475  485  493  513  536  555  576                                   
     7.5-180.0 180.0   5.0 450.0                            LAT/LON1/LON2/DLON/H
  574  587  586  583  586  579  556  529  496  458  416  372  329  290  256  225
  196  173  161  164  181  206  231  246  247  238  223  208  194  181  169  155
