data/edconvlstm_nd/pred3190.15i
     1.0            IONOSPHERE MAPS     GNSS                IONEX VERSION / TYPE
pyspatialgeodesy        IME             05-JAN-18 20:20     PGM / RUN BY / DATE 
Map Name                                                    COMMENT             
Predicted global ionosphere maps (GIM).                     DESCRIPTION         
  2015    11    15     0     0     0                        EPOCH OF FIRST MAP  
  2015    11    16     0     0     0                        EPOCH OF LAST MAP   
  7200                                                      INTERVAL            
    13                                                      # OF MAPS IN FILE   
  NONE                                                      MAPPING FUNCTION    
10.0                                                        ELEVATION CUTOFF    
One-way carrier phase leveled to code                       OBSERVABLES USED    
  6371.0                                                    BASE RADIUS         
 2                                                          MAP DIMENSION       
   450.0 450.0   0.0                                        HGT1 / HGT2 / DHGT  
    87.5 -87.5  -2.5                                        LAT1 / LAT2 / DLAT  
  -180.0 180.0   5.0                                        LON1 / LON2 / DLON  
    -1                                                      EXPONENT            
                                                            END OF HEADER       
[from data line 4290]
    11                                                      START OF TEC MAP    
  2015    11    15    20     0     0                        EPOCH OF CURRENT MAP
    87.5-180.0 180.0   5.0 450.0                            LAT/LON1/LON2/DLON/H
  101  100   93   97  103  101  101   98   99  102  102  104  104  105  106  106
  105  105  103  102  100   98   96   93   91   88   86   83   81   79   78   76
   75   74   73   72   72   71   71   71   72   72   73   74   75   76   78   79
   80   82   83   84   85   87   88   89   89   90   90   91   91   91   91   90
   90   90   86   82   87   87  102  106  101                                   
    85.0-180.0 180.0   5.0 450.0                            LAT/LON1/LON2/DLON/H
  104   97  105   92   93   98   99  102  104  107  108  110  112  113  114  114
  113  112  111  109  106  103  100   97   93   90   87   84   81   79   77   75
   73   72   71   70   69   69   69   69   69   70   71   72   73   75   76   78
   80   82   83   85   87   89   90   91   92   93   94   94   94   94   94   93
   93   91   87   82   84   87   90   88  104                                   
    82.5-180.0 180.0   5.0 450.0                            LAT/LON1/LON2/DLON/H
   79   78   80   76   81   87   91   95   99  103  107  111  114  117  118  119
  119  117  114  111  107  102   97   92   87   82   77   73   70   67   64   62
   60   59   57   56   55   54   54   54   54   54   55   56   58   60   62   65
   68   70   73   76   79   81   83   85   86   87   88   88   88   87   86   85
   84   81   76   73   76   86   78   78   79                                   
    80.0-180.0 180.0   5.0 450.0                            LAT/LON1/LON2/DLON/H
   50   52   60   57   64   66   75   82   90   97  103  110  115  120  122  123
  123  120  116  110  104   96   89   81   74   68   63   58   54   51   49   48
   46   45   44   43   42   41   40   40   40   40   41   43   45   48   51   55
   58   62   66   70   73   76   78   80   82   82   83   82   82   80   78   76
   74   71   67   64   59   64   55   64   50                                   
    77.5-180.0 180.0   5.0 450.0                            LAT/LON1/LON2/DLON/H
   46   44   47   44   53   57   68   76   86   95  104  114  122  128  133  135
  134  131  125  118  109   99   89   79   70   62   56   51   48   45   44   43
   42   41   40   39   37   35   33   32   31   30   31   32   35   38   42   46
   51   56   61   65   68   71   74   75   76   77   77   76   75   73   71   68
   65   62   58   55   50   50   45   56   46                                   
    75.0-180.0 180.0   5.0 450.0                            LAT/LON1/LON2/DLON/H
   32   35   37   37   47   52   62   72   84   96  107  119  128  136  142  144
  144  140  133  124  113  101   90   78   68   60   54   49   47   46   45   46
   46   46   45   44   41   39   36   34   32   31   31   32   34   37   42   46
   51   56   60   64   67   69   71   72   72   72   72   71   70   68   66   64
   61   60   56   51   46   42   36   38   32                                   
    72.5-180.0 180.0   5.0 450.0                            LAT/LON1/LON2/DLON/H
   37   38   41   45   49   56   66   75   85   97  109  121  132  142  148  151
  150  146  139  129  117  103   89   77   65   56   50   46   44   44   45   46
   48   48   47   46   43   39   36   32   29   27   27   27   30   33   37   42
   46   50   54   56   58   59   59   59   59   59   58   58   57   56   56   54
   53   51   49   44   40   38   36   41   37                                   
    70.0-180.0 180.0   5.0 450.0                            LAT/LON1/LON2/DLON/H
   42   47   51   55   60   67   76   85   96  107  119  131  142  150  157  160
  159  156  148  138  126  112   98   85   73   64   57   54   52   52   54   55
   57   57   56   54   50   46   42   37   34   32   31   32   34   38   42   46
   49   52   54   55   55   54   53   52   51   50   50   51   51   51   52   52
   52   52   52   49   46   45   47   52   42                                   
    67.5-180.0 180.0   5.0 450.0                            LAT/LON1/LON2/DLON/H
   55   62   66   72   79   86   95  103  112  121  131  141  151  159  164  167
  167  164  157  147  135  122  107   94   82   72   64   60   58   57   58   59
   59   59   57   54   50   45   41   36   34   32   32   33   35   38   42   45
   47   49   49   48   46   45   43   41   40   40   40   41   42   44   46   47
   48   49   50   48   47   50   50   56   55                                   
    65.0-180.0 180.0   5.0 450.0                            LAT/LON1/LON2/DLON/H
   63   73   79   88   95  103  112  120  128  135  143  152  159  166  170  173
  173  171  166  158  147  135  122  109   97   86   77   71   67   65   64   63
   61   59   56   51   46   42   37   34   32   31   32   33   36   39   41   43
   44   44   43   40   38   35   33   31   31   31   32   33   35   38   41   43
   45   48   50   51   51   56   58   65   63                                   
    62.5-180.0 180.0   5.0 450.0                            LAT/LON1/LON2/DLON/H
   70   82   88   99  109  118  127  135  142  148  155  161  167  172  176  179
  179  178  174  168  159  149  137  124  111   99   89   80   74   69   65   61
   57   53   48   43   38   33   30   28   27   28   29   31   34   36   37   38
   38   37   34   31   28   26   24   23   23   24   26   28   30   33   36   38
   40   43   45   46   47   53   56   63   70                                   
    60.0-180.0 180.0   5.0 450.0                            LAT/LON1/LON2/DLON/H
   72   84   93  105  116  126  137  145  153  159  165  170  174  178  181  184
  185  185  183  178  172  163  152  140  127  114  102   92   83   75   68   61
   55   48   41   35   30   26   24   24   25   26   29   31   32   33   34   33
   31   29   26   23   21   19   18   19   20   21   23   25   27   29   32   34
   35   37   39   40   42   49   53   61   72                                   
    57.5-180.0 180.0   5.0 450.0                            LAT/LON1/LON2/DLON/H
   71   85   95  109  122  133  144  154  162  168  174  178  182  185  188  190
  192  192  191  188  183  176  166  155  142  129  116  104   93   83   73   64
   56   47   39   33   28   25   24   24   26   29   31   33   33   33   32   30
   27   25   22   20   18   17   17   19   21   24   26   28   29   30   32   33
   33   35   36   37   38   45   48   58   71                                   
    55.0-180.0 180.0   5.0 450.0                            LAT/LON1/LON2/DLON/H
   74   90  101  115  128  140  152  162  171  178  183  188  191  194  196  198
  200  200  199  197  193  186  178  167  155  142  129  117  105   93   82   72
   61   52   43   36   32   29   29   30   33   35   37   38   37   35   33   30
   27   24   22   20   19   20   22   25   28   31   33   34   35   35   35   35
   35   35   36   37   38   44   48   59   74                                   
    52.5-180.0 180.0   5.0 450.0                            LAT/LON1/LON2/DLON/H
   82   99  113  126  140  151  163  173  182  188  194  197  201  203  205  207
  207  207  205  203  199  193  186  177  166  154  142  130  118  105   94   82
   71   61   53   46   42   40   40   42   44   46   47   46   44   41   38   35
   32   30   28   27   27   28   31   35   39   42   44   44   44   43   42   42
   41   42   43   43   44   50   54   66   82                                   
    50.0-180.0 180.0   5.0 450.0                            LAT/LON1/LON2/DLON/H
   99  118  134  146  158  170  181  190  197  203  206  209  212  214  216  217
  216  214  211  208  204  199  192  185  176  166  155  143  131  118  105   93
   82   73   65   59   56   55   55   56   57   58   58   57   54   50   46   44
   42   41   40   39   40   41   45   49   52   55   56   55   54   52   52   52
   51   52   54   56   58   64   70   81   99                                   
    47.5-180.0 180.0   5.0 450.0                            LAT/LON1/LON2/DLON/H
  122  142  161  171  183  194  203  211  216  220  221  223  224  226  227  227
  225  222  217  212  208  203  199  193  185  177  166  154  141  127  113  101
   90   81   75   71   70   69   69   70   70   70   69   67   64   60   57   56
   55   55   55   55   55   56   59   62   65   67   67   66   63   62   61   62
   62   65   69   73   76   85   93  103  122                                   
    45.0-180.0 180.0   5.0 450.0                            LAT/LON1/LON2/DLON/H
  147  169  189  198  208  220  226  233  235  238  237  237  237  238  239  238
  235  230  223  218  213  210  206  201  195  187  176  162  146  130  115  101
   91   84   80   79   79   80   81   81   80   79   78   76   73   70   68   68
   69   70   70   70   70   70   72   74   76   77   76   74   72   70   70   72
   73   77   82   89   95  107  118  129  147                                   
    42.5-180.0 180.0   5.0 450.0                            LAT/LON1/LON2/DLON/H
  168  191  212  221  231  241  247  253  253  254  252  250  250  251  251  250
  246  239  231  225  221  218  215  212  206  196  182  165  146  126  109   95
   86   81   80   82   85   88   89   88   87   85   84   82   80   78   77   78
   79   81   82   82   81   80   81   82   83   83   82   80   78   77   77   79
   80   85   91  100  109  124  138  151  168                                   
    40.0-180.0 180.0   5.0 450.0                            LAT/LON1/LON2/DLON/H
  179  204  224  235  245  255  261  266  265  266  262  261  260  262  263  262
  257  249  242  236  232  230  227  223  215  203  185  164  140  118   99   86
   78   76   78   83   90   95   97   95   92   89   87   85   84   82   82   83
   85   87   88   88   87   86   86   86   87   87   86   85   83   82   82   83
   84   88   94  104  114  131  147  163  179                                   
    37.5-180.0 180.0   5.0 450.0                            LAT/LON1/LON2/DLON/H
  179  204  224  237  250  260  266  271  271  272  269  268  268  271  273  273
  268  262  255  249  246  244  240  234  223  208  186  161  134  111   94   83
   77   78   82   90  100  106  108  105   99   95   91   88   86   84   84   84
   86   88   88   88   87   87   87   88   89   89   89   88   87   85   84   84
   83   85   91  100  109  127  144  163  179                                   
    35.0-180.0 180.0   5.0 450.0                            LAT/LON1/LON2/DLON/H
  172  196  216  231  246  255  264  269  272  273  272  273  275  279  282  283
  280  274  269  265  262  259  253  244  230  211  188  161  135  114  100   93
   91   94  100  109  119  126  126  120  112  104   98   94   90   87   85   84
   84   85   85   85   85   87   88   90   91   91   92   91   90   88   86   83
   80   81   85   93  100  117  134  155  172                                   
    32.5-180.0 180.0   5.0 450.0                            LAT/LON1/LON2/DLON/H
  163  186  206  221  237  247  258  265  270  274  275  277  281  286  291  292
  290  286  282  280  277  272  264  251  236  216  193  169  147  132  125  125
  127  130  136  143  151  156  153  143  131  119  110  103   97   92   88   85
   83   82   81   82   84   88   91   93   95   96   96   96   96   93   89   85
   79   77   80   87   92  109  125  147  163                                   
    30.0-180.0 180.0   5.0 450.0                            LAT/LON1/LON2/DLON/H
  159  182  202  216  233  241  253  262  271  277  281  285  290  295  299  301
  299  296  294  292  288  282  271  257  242  225  207  190  177  172  174  180
  185  188  189  192  195  194  186  172  155  140  128  118  110  102   96   91
   86   83   82   82   86   92   97  101  102  103  103  103  102  100   95   89
   81   79   81   87   93  108  125  146  159                                   
    27.5-180.0 180.0   5.0 450.0                            LAT/LON1/LON2/DLON/H
  165  189  210  222  238  245  258  267  278  286  293  298  303  306  309  309
  307  304  302  300  296  287  275  263  251  241  232  226  225  232  245  258
  264  262  255  248  242  233  220  201  181  163  149  137  127  118  110  103
   97   91   88   88   93  100  107  111  112  112  111  111  110  108  103   97
   89   87   90   97  103  119  136  156  165                                   
    25.0-180.0 180.0   5.0 450.0                            LAT/LON1/LON2/DLON/H
  184  209  232  242  258  265  277  286  298  307  314  318  321  322  321  318
  314  310  307  304  298  289  279  270  266  266  269  276  289  309  332  349
  352  340  319  298  280  264  245  223  202  184  170  158  148  139  130  122
  114  106  100  100  104  112  120  124  124  122  120  119  118  116  112  106
  100  100  105  115  123  140  160  177  184                                   
    22.5-180.0 180.0   5.0 450.0                            LAT/LON1/LON2/DLON/H
  215  240  263  273  292  299  312  321  332  339  344  346  346  343  338  330
  322  315  310  305  299  291  284  283  288  300  317  338  363  393  421  437
  430  402  363  327  298  274  253  232  214  199  188  178  170  162  154  146
  136  125  117  115  119  126  133  136  135  131  127  125  124  122  119  116
  111  116  123  138  150  169  192  206  215                                   
    20.0-180.0 180.0   5.0 450.0                            LAT/LON1/LON2/DLON/H
  252  276  301  312  334  344  359  368  378  384  386  384  379  371  360  347
  334  323  315  308  301  296  295  303  320  344  373  403  436  469  494  499
  476  431  376  327  290  262  242  225  213  205  199  194  188  182  176  168
  158  145  135  131  133  140  146  148  144  138  132  128  126  124  122  121
  120  128  138  160  176  198  224  240  252                                   
    17.5-180.0 180.0   5.0 450.0                            LAT/LON1/LON2/DLON/H
  288  311  338  353  379  393  411  422  432  436  435  429  419  406  390  371
  353  337  325  316  309  308  314  332  359  394  430  465  497  522  535  523
  484  422  357  300  260  233  216  206  203  203  204  203  201  197  193  186
  175  162  151  145  147  153  158  157  152  143  135  129  125  123  122  122
  123  135  149  175  195  222  251  270  288                                   
    15.0-180.0 180.0   5.0 450.0                            LAT/LON1/LON2/DLON/H
  314  339  369  387  420  439  461  474  485  489  486  478  465  448  428  404
  381  361  344  333  327  330  344  370  406  446  484  515  537  547  541  512
  457  387  316  260  221  198  187  185  190  199  206  210  209  207  204  198
  188  175  163  157  158  163  166  164  157  146  135  127  122  119  118  119
  121  135  152  181  204  235  267  292  314                                   
    12.5-180.0 180.0   5.0 450.0                            LAT/LON1/LON2/DLON/H
  328  355  389  411  450  475  502  519  532  536  533  525  512  494  472  446
  419  395  375  362  357  363  383  416  457  498  530  549  555  547  522  477
  412  339  272  221  188  171  167  173  185  200  212  217  217  214  210  203
  194  182  171  166  166  169  171  168  159  147  135  125  119  115  113  114
  116  131  150  179  204  238  272  301  328                                   
    10.0-180.0 180.0   5.0 450.0                            LAT/LON1/LON2/DLON/H
  330  360  398  424  467  497  529  549  566  572  572  566  555  540  519  493
  466  440  418  403  399  408  432  469  509  544  565  569  557  530  490  434
  367  298  240  198  175  166  168  179  195  213  225  229  226  220  214  205
  195  184  175  170  170  173  174  170  161  149  135  124  117  112  110  109
  112  127  146  174  200  235  269  300  330                                   
     7.5-180.0 180.0   5.0 450.0                            LAT/LON1/LON2/DLON/H
  325  359  399  427  473  506  541  564  584  593  596  594  589  580  564  541
  516  491  469  454  451  461  487  522  557  581  588  576  549  509  459  400
