data/edconvlstm_nd/pred1270.15i
     1.0            IONOSPHERE MAPS     GNSS                IONEX VERSION / TYPE
pyspatialgeodesy        IME             05-JAN-18 20:20     PGM / RUN BY / DATE 
Map Name                                                    COMMENT             
Predicted global ionosphere maps (GIM).                     DESCRIPTION         
  2015     5     7     0     0     0                        EPOCH OF FIRST MAP  
  2015     5     8     0     0     0                        EPOCH OF LAST MAP   
  7200                                                      INTERVAL            
    13                                                      # OF MAPS IN FILE   
  NONE                                                      MAPPING FUNCTION    
10.0                                                        ELEVATION CUTOFF    
One-way carrier phase leveled to code                       OBSERVABLES USED    
  6371.0                                                    BASE RADIUS         
 2                                                          MAP DIMENSION       
   450.0 450.0   0.0                                        HGT1 / HGT2 / DHGT  
    87.5 -87.5  -2.5                                        LAT1 / LAT2 / DLAT  
  -180.0 180.0   5.0                                        LON1 / LON2 / DLON  
    -1                                                      EXPONENT            
                                                            END OF HEADER       
[from data line 858]
     3                                                      START OF TEC MAP    
  2015     5     7     4     0     0                        EPOCH OF CURRENT MAP
    87.5-180.0 180.0   5.0 450.0                            LAT/LON1/LON2/DLON/H
  148  146  142  142  143  140  137  135  136  136  136  137  137  137  136  136
  136  135  134  133  132  131  130  129  127  126  125  124  123  122  122  121
  121  122  122  122  123  123  124  125  126  127  128  129  129  130  131  132
  132  132  133  133  132  132  132  131  131  131  130  130  129  129  128  129
  129  132  131  131  134  137  140  143  148                                   
    85.0-180.0 180.0   5.0 450.0                            LAT/LON1/LON2/DLON/H
  147  152  145  147  150  147  146  145  146  146  146  147  147  147  147  147
  146  146  145  144  142  141  139  137  136  134  132  131  130  129  128  128
  128  128  128  129  130  131  132  133  134  135  137  138  139  140  141  142
  143  143  144  144  144  143  143  143  143  142  142  142  141  141  140  141
  142  144  142  144  139  139  142  141  147                                   
    82.5-180.0 180.0   5.0 450.0                            LAT/LON1/LON2/DLON/H
  152  154  151  147  148  148  147  147  149  149  150  151  151  152  152  151
  151  150  149  147  145  142  140  137  134  131  129  127  125  124  123  122
  122  123  123  125  126  128  129  131  133  135  137  140  142  144  145  147
  148  149  149  150  150  150  150  150  150  149  149  149  149  148  148  148
  149  150  147  148  150  141  139  133  152                                   
    80.0-180.0 180.0   5.0 450.0                            LAT/LON1/LON2/DLON/H
  151  153  143  141  142  142  143  143  145  145  145  147  147  148  148  148
  147  146  144  142  139  136  132  128  124  121  117  114  112  111  110  110
  111  113  114  117  119  122  124  127  130  134  137  140  143  146  149  151
  153  154  155  156  156  156  156  156  155  155  155  155  155  154  154  155
  154  153  150  150  152  145  147  135  151                                   
    77.5-180.0 180.0   5.0 450.0                            LAT/LON1/LON2/DLON/H
  150  150  142  140  138  139  141  141  142  142  142  143  144  144  144  144
  143  142  140  138  134  131  126  122  117  112  109  105  103  102  102  104
  106  108  112  115  119  123  126  130  134  138  142  146  150  154  158  161
  163  165  166  167  167  167  167  167  166  166  166  166  166  166  166  167
  166  165  159  160  160  151  149  142  150                                   
    75.0-180.0 180.0   5.0 450.0                            LAT/LON1/LON2/DLON/H
  147  151  141  140  137  137  139  137  138  137  136  137  136  136  135  135
  134  133  132  129  126  123  118  113  107  102   98   95   93   92   93   96
   99  103  108  113  117  122  126  131  135  140  144  150  155  160  164  168
  171  173  174  175  175  175  174  174  174  173  174  174  175  175  176  177
  176  176  171  167  166  158  157  151  147                                   
    72.5-180.0 180.0   5.0 450.0                            LAT/LON1/LON2/DLON/H
  146  153  145  142  139  139  140  139  139  137  135  134  132  130  129  128
  127  127  126  125  122  119  115  109  104   98   94   91   89   89   92   95
  100  106  112  118  123  128  133  137  142  147  152  158  164  170  175  180
  183  186  187  187  187  186  184  183  182  182  182  183  183  184  186  188
  188  187  184  181  176  166  164  159  146                                   
    70.0-180.0 180.0   5.0 450.0                            LAT/LON1/LON2/DLON/H
  149  154  146  143  139  138  139  137  137  135  132  130  126  123  120  118
  118  118  118  118  117  114  110  105   99   94   89   87   85   87   90   94
  100  107  114  120  126  131  136  140  145  150  156  163  170  177  183  188
  192  194  195  195  193  191  189  187  185  184  184  184  185  186  188  190
  191  191  189  187  182  173  172  168  149                                   
    67.5-180.0 180.0   5.0 450.0                            LAT/LON1/LON2/DLON/H
  150  154  146  143  139  138  139  137  137  135  131  128  123  119  115  112
  111  111  112  113  113  111  107  102   97   92   88   85   84   86   89   94
  100  107  114  120  126  131  136  140  145  150  157  165  173  180  188  193
  197  199  200  198  196  193  190  187  185  184  183  182  182  183  184  186
  187  188  188  186  182  174  173  172  150                                   
    65.0-180.0 180.0   5.0 450.0                            LAT/LON1/LON2/DLON/H
  151  154  146  142  138  136  138  137  138  136  132  129  124  118  113  110
  108  109  109  110  110  109  105  101   96   92   88   86   86   88   91   96
  102  108  114  120  126  131  136  140  146  152  160  168  177  186  193  199
  203  205  204  202  199  196  192  189  187  185  183  182  181  180  180  181
  181  182  182  181  179  172  174  175  151                                   
    62.5-180.0 180.0   5.0 450.0                            LAT/LON1/LON2/DLON/H
  153  155  147  142  138  135  137  137  138  136  134  131  126  121  116  112
  109  108  108  109  108  106  103   99   95   91   89   89   89   91   94   98
  102  108  113  119  124  130  135  141  147  155  163  173  183  192  200  206
  209  210  209  207  203  200  197  194  192  189  187  185  182  179  177  176
  175  175  175  175  174  169  172  176  153                                   
    60.0-180.0 180.0   5.0 450.0                            LAT/LON1/LON2/DLON/H
  158  159  151  144  139  135  135  135  136  135  133  132  128  123  118  114
  111  108  107  106  104  101   97   94   91   90   90   91   93   95   97  100
  103  106  111  116  122  128  134  141  149  159  169  180  190  200  208  213
  215  216  214  212  209  207  205  203  201  199  196  193  189  184  180  176
  173  171  171  171  171  169  172  177  158                                   
    57.5-180.0 180.0   5.0 450.0                            LAT/LON1/LON2/DLON/H
  167  168  160  152  144  138  136  134  134  132  131  130  128  124  120  116
  112  108  105  101   98   94   91   89   88   89   91   95   98  101  102  103
  104  106  110  115  121  128  136  144  154  165  176  188  199  209  216  221
  223  224  222  221  219  218  217  216  215  213  211  207  202  196  189  183
  178  174  173  172  173  173  177  183  167                                   
    55.0-180.0 180.0   5.0 450.0                            LAT/LON1/LON2/DLON/H
  182  182  175  166  157  148  142  137  134  130  128  127  126  123  120  115
  111  106  101   96   91   87   84   84   85   89   95  100  105  108  109  108
  108  108  111  116  123  131  140  150  161  173  185  198  210  219  227  231
  233  234  233  232  232  232  233  234  233  232  229  226  220  213  206  199
  191  186  183  182  183  184  189  195  182                                   
    52.5-180.0 180.0   5.0 450.0                            LAT/LON1/LON2/DLON/H
  203  203  195  186  176  164  156  145  138  131  127  125  123  121  118  113
  108  102   96   90   86   82   81   82   86   93  101  109  115  118  118  117
  115  115  117  121  128  137  147  158  170  183  196  209  221  231  238  243
  245  246  246  247  248  249  251  253  253  252  250  246  242  236  228  221
  213  206  202  199  200  201  206  213  203                                   
    50.0-180.0 180.0   5.0 450.0                            LAT/LON1/LON2/DLON/H
  227  227  219  211  201  188  176  161  149  138  130  126  122  119  115  110
  104   98   92   87   83   81   82   85   92  101  111  120  127  130  130  128
  126  125  126  130  136  145  155  167  179  193  206  219  232  242  250  256
  259  261  262  263  265  268  270  272  272  271  269  267  263  259  254  248
  240  234  228  224  223  223  227  235  227                                   
    47.5-180.0 180.0   5.0 450.0                            LAT/LON1/LON2/DLON/H
  252  251  244  238  228  215  201  183  166  151  139  131  125  120  115  109
  102   96   91   88   86   86   89   94  103  113  123  133  139  142  142  141
  139  137  138  141  146  154  164  175  188  202  215  229  241  253  262  269
  274  277  279  281  283  285  287  288  288  287  286  284  283  281  279  276
  271  265  259  253  249  248  251  260  252                                   
    45.0-180.0 180.0   5.0 450.0                            LAT/LON1/LON2/DLON/H
  275  272  267  263  254  241  226  207  187  168  153  141  133  125  117  110
  104   98   95   93   94   96  101  108  117  127  137  145  151  154  154  153
  152  151  150  151  155  161  171  182  195  209  223  236  249  262  273  282
  288  293  296  298  300  302  303  304  303  302  300  300  300  301  303  304
  302  298  292  284  278  274  276  283  275                                   
    42.5-180.0 180.0   5.0 450.0                            LAT/LON1/LON2/DLON/H
  295  288  285  283  275  263  249  229  208  187  169  155  144  133  124  115
  109  104  103  103  106  110  117  124  133  142  150  157  161  164  165  166
  165  164  162  161  162  167  175  187  200  214  228  242  255  269  282  293
  302  308  312  315  317  318  319  320  320  319  318  318  320  323  327  331
  332  330  325  317  308  300  300  305  295                                   
    40.0-180.0 180.0   5.0 450.0                            LAT/LON1/LON2/DLON/H
  312  301  299  295  288  277  263  245  224  203  184  170  156  144  133  124
  118  115  115  117  122  127  134  142  150  157  163  167  170  173  176  178
  178  176  172  169  167  170  178  190  204  218  232  246  260  275  290  303
  314  323  328  331  334  336  339  341  344  345  346  346  348  351  356  361
  364  363  359  350  339  330  326  326  312                                   
    37.5-180.0 180.0   5.0 450.0                            LAT/LON1/LON2/DLON/H
  331  316  310  301  293  282  268  252  234  214  196  182  168  155  144  135
  129  127  129  133  138  144  151  158  166  172  176  178  181  184  187  191
  191  188  181  175  171  173  180  193  208  222  236  249  263  279  296  312
  325  336  342  347  352  356  363  370  377  383  386  388  389  391  394  398
  400  400  396  387  376  366  358  351  331                                   
    35.0-180.0 180.0   5.0 450.0                            LAT/LON1/LON2/DLON/H
  357  339  325  308  297  281  267  252  236  218  203  190  177  165  154  145
  141  141  143  148  153  159  166  174  181  187  190  192  194  197  201  204
  204  199  190  180  175  175  183  196  212  226  239  252  266  283  301  319
  335  347  356  363  370  380  391  405  420  432  439  443  444  444  444  446
  446  445  440  430  420  413  399  385  357                                   
    32.5-180.0 180.0   5.0 450.0                            LAT/LON1/LON2/DLON/H
  397  379  355  326  307  285  266  251  235  219  205  194  183  172  162  155
  151  152  155  159  164  170  178  188  197  204  208  209  211  214  217  220
  218  210  198  186  179  179  187  200  216  230  242  254  268  285  304  324
  342  357  368  379  390  404  422  444  467  487  501  509  511  509  507  505
  503  499  494  483  476  471  452  431  397                                   
    30.0-180.0 180.0   5.0 450.0                            LAT/LON1/LON2/DLON/H
  454  441  406  366  336  305  277  256  238  221  207  197  187  177  168  162
  159  159  162  165  170  178  189  202  215  224  229  231  232  234  237  237
  232  221  207  193  185  184  191  204  218  232  243  254  268  285  305  327
  347  364  379  393  409  428  453  483  514  543  565  579  584  582  577  572
  568  563  557  546  541  541  515  489  454                                   
    27.5-180.0 180.0   5.0 450.0                            LAT/LON1/LON2/DLON/H
  527  523  480  431  391  350  310  280  254  232  214  202  192  183  174  167
  163  163  164  167  173  184  200  218  235  247  253  256  256  257  257  254
  246  231  214  199  190  188  194  204  217  229  240  252  265  283  305  328
  350  371  389  407  427  451  482  518  557  594  625  645  653  652  646  639
  635  631  626  616  614  616  585  556  527                                   
    25.0-180.0 180.0   5.0 450.0                            LAT/LON1/LON2/DLON/H
  609  619  571  520  471  424  372  329  291  258  233  216  203  192  182  173
  167  165  165  168  176  191  212  236  257  271  278  280  279  278  274  267
  255  237  218  202  192  189  192  199  210  221  233  246  261  280  303  328
  354  377  399  422  446  473  508  548  591  634  669  694  707  709  704  698
  695  693  692  684  684  689  658  626  609                                   
    22.5-180.0 180.0   5.0 450.0                            LAT/LON1/LON2/DLON/H
  688  712  667  621  570  521  460  404  351  304  268  242  223  207  194  182
  173  168  166  170  182  202  228  256  279  294  300  299  295  290  283  272
  255  235  216  199  189  184  184  188  196  208  222  238  256  277  302  329
  357  384  409  435  462  491  526  567  611  654  692  720  736  742  742  739
  739  742  744  741  742  748  724  691  688                                   
    20.0-180.0 180.0   5.0 450.0                            LAT/LON1/LON2/DLON/H
  752  786  750  716  667  623  559  494  428  367  317  279  252  231  212  196
  183  176  174  179  193  217  247  277  299  310  311  306  298  289  279  264
  246  225  206  190  179  172  169  171  179  193  210  230  251  274  301  330
  360  389  418  446  474  503  536  574  615  655  692  720  739  749  755  758
  764  771  778  780  781  785  771  739  752                                   
    17.5-180.0 180.0   5.0 450.0                            LAT/LON1/LON2/DLON/H
  791  827  804  785  745  710  650  583  510  438  375  326  290  262  238  217
  201  191  189  195  212  238  268  296  312  316  309  297  285  273  261  246
  227  207  190  175  165  156  151  152  161  177  199  222  247  272  300  330
  362  393  423  453  482  510  540  572  607  642  675  702  721  736  747  756
  768  780  790  796  796  795  792  763  791                                   
    15.0-180.0 180.0   5.0 450.0                            LAT/LON1/LON2/DLON/H
  797  828  820  816  789  765  714  652  579  502  432  375  332  298  269  245
  227  216  214  221  238  263  290  310  316  308  292  274  259  247  235  221
  204  186  170  158  148  139  134  134  145  164  190  217  243  270  298  329
  361  393  425  456  486  514  540  567  595  623  650  673  693  710  726  741
  758  772  785  792  790  783  786  761  797                                   
    12.5-180.0 180.0   5.0 450.0                            LAT/LON1/LON2/DLON/H
  776  798  800  808  796  782  741  687  620  546  475  417  372  336  305  280
  261  250  248  255  270  290  308  316  309  289  264  243  228  217  207  195
  180  165  151  140  132  124  119  121  133  155  184  213  241  267  294  325
  357  390  423  456  487  515  540  563  584  605  626  646  664  683  702  721
  741  757  770  777  771  759  764  742  776                                   
    10.0-180.0 180.0   5.0 450.0                            LAT/LON1/LON2/DLON/H
  742  753  760  773  771  764  732  688  630  563  498  445  403  369  340  317
  300  290  288  293  303  314  319  313  292  262  232  210  197  189  182  172
  160  148  136  127  120  114  110  113  126  150  180  210  237  262  288  317
  349  383  417  452  485  516  543  564  581  597  613  629  645  664  684  706
  727  742  754  759  750  734  736  719  742                                   
     7.5-180.0 180.0   5.0 450.0                            LAT/LON1/LON2/DLON/H
  709  713  718  728  729  725  699  664  614  557  502  456  421  393  370  352
  339  332  330  330  331  330  321  301  269  233  203  183  173  168  163  156
