data/edconvlstm_nd/pred0680.15i
     1.0            IONOSPHERE MAPS     GNSS                IONEX VERSION / TYPE
pyspatialgeodesy        IME             05-JAN-18 20:20     PGM / RUN BY / DATE 
Map Name                                                    COMMENT             
Predicted global ionosphere maps (GIM).                     DESCRIPTION         
  2015     3     9     0     0     0                        EPOCH OF FIRST MAP  
  2015     3    10     0     0     0                        EPOCH OF LAST MAP   
  7200                                                      INTERVAL            
    13                                                      # OF MAPS IN FILE   
  NONE                                                      MAPPING FUNCTION    
10.0                                                        ELEVATION CUTOFF    
One-way carrier phase leveled to code                       OBSERVABLES USED    
  6371.0                                                    BASE RADIUS         
 2                                                          MAP DIMENSION       
   450.0 450.0   0.0                                        HGT1 / HGT2 / DHGT  
    87.5 -87.5  -2.5                                        LAT1 / LAT2 / DLAT  
  -180.0 180.0   5.0                                        LON1 / LON2 / DLON  
    -1                                                      EXPONENT            
                                                            END OF HEADER       
[from data line 1287]
     4                                                      START OF TEC MAP    
  2015     3     9     6     0     0                        EPOCH OF CURRENT MAP
    87.5-180.0 180.0   5.0 450.0                            LAT/LON1/LON2/DLON/H
  109  105  101  106  108  108  108  107  110  114  116  119  121  124  126  127
  129  130  131  132  133  133  133  134  134  134  133  133  133  133  133  133
  133  133  133  132  132  132  132  132  132  132  132  132  132  131  131  130
  130  129  128  126  125  123  122  120  117  115  113  110  108  106  103  102
  101  101   98   98  101  102  109  111  109                                   
    85.0-180.0 180.0   5.0 450.0                            LAT/LON1/LON2/DLON/H
   96  102   96  100  104  106  107  109  112  115  117  121  123  126  128  130
  132  133  135  136  136  137  137  138  138  138  138  138  138  138  138  139
  139  139  140  140  140  141  141  142  142  143  143  143  143  144  144  144
  143  143  142  141  140  138  136  134  131  129  126  122  119  116  112  110
  109  108  103  102   97   99  101  102   96                                   
    82.5-180.0 180.0   5.0 450.0                            LAT/LON1/LON2/DLON/H
   92   92   93   90   92   94   96   98  102  106  109  113  115  118  121  123
  124  125  126  127  127  127  127  127  127  127  127  127  127  128  128  129
  130  132  133  134  136  137  139  140  142  143  145  147  148  150  152  153
  154  155  156  156  155  154  153  150  147  144  140  136  131  126  121  118
  114  110  104  102  101   94   89   87   92                                   
    80.0-180.0 180.0   5.0 450.0                            LAT/LON1/LON2/DLON/H
   93   88   83   82   83   84   87   89   93   97  100  105  108  111  113  115
  117  118  118  118  118  117  117  116  115  115  114  114  115  116  117  119
  122  124  127  130  133  135  138  141  144  147  150  154  158  161  165  169
  173  177  180  182  183  184  183  181  178  174  169  164  158  151  145  139
  133  125  117  112  109  101   98   88   93                                   
    77.5-180.0 180.0   5.0 450.0                            LAT/LON1/LON2/DLON/H
  102   92   85   82   79   79   81   83   87   90   93   97  100  103  105  106
  107  108  108  107  106  105  104  103  101  100  100  100  101  102  105  108
  112  116  121  125  130  134  139  143  148  153  158  163  170  176  184  191
  199  206  212  217  221  224  224  223  220  216  211  205  198  190  182  175
  166  157  144  138  131  115  107  101  102                                   
    75.0-180.0 180.0   5.0 450.0                            LAT/LON1/LON2/DLON/H
  112  104   91   86   80   79   78   78   81   83   84   88   90   91   93   93
   94   94   94   94   93   92   90   88   86   85   84   84   84   86   89   94
   98  104  110  116  122  127  133  139  144  151  158  166  175  185  196  207
  219  230  240  249  256  261  263  263  261  257  252  245  238  230  221  213
  202  192  179  166  157  140  131  119  112                                   
    72.5-180.0 180.0   5.0 450.0                            LAT/LON1/LON2/DLON/H
  127  118  104   96   88   83   82   80   81   81   82   84   84   85   85   85
   85   85   86   86   86   85   84   83   81   79   77   76   76   78   81   86
   91   97  104  111  117  124  130  136  143  151  159  169  181  194  208  223
  239  255  269  281  291  297  301  301  299  294  288  281  273  264  255  247
  237  226  214  201  188  169  157  144  127                                   
    70.0-180.0 180.0   5.0 450.0                            LAT/LON1/LON2/DLON/H
  146  132  118  106   95   87   83   80   79   78   78   78   77   76   75   74
   74   74   76   78   79   81   81   80   78   75   73   71   70   71   73   77
   82   88   94  101  107  114  120  127  134  142  152  164  178  194  211  230
  250  269  287  303  315  322  326  326  323  318  310  302  294  285  275  267
  257  246  236  223  210  193  182  170  146                                   
    67.5-180.0 180.0   5.0 450.0                            LAT/LON1/LON2/DLON/H
  154  141  126  113  100   90   85   80   79   77   76   75   73   70   68   67
   67   68   71   74   78   81   83   83   81   78   74   71   69   68   68   71
   74   79   84   90   96  102  108  115  123  132  142  155  170  188  208  230
  252  275  295  312  326  334  337  336  332  325  317  308  299  290  280  271
  262  251  242  229  218  202  192  184  154                                   
    65.0-180.0 180.0   5.0 450.0                            LAT/LON1/LON2/DLON/H
  162  148  132  117  103   92   85   81   80   78   76   75   72   69   66   64
   64   66   69   74   79   84   87   88   87   84   79   75   71   68   67   68
   70   73   76   81   86   92   98  106  114  124  136  149  165  184  205  228
  253  277  299  317  331  338  341  338  333  325  317  309  300  290  280  271
  260  249  239  227  218  204  197  190  162                                   
    62.5-180.0 180.0   5.0 450.0                            LAT/LON1/LON2/DLON/H
  164  150  134  118  103   91   84   80   79   78   77   76   73   70   67   64
   64   66   69   75   81   86   91   92   91   88   84   78   74   70   67   66
   66   67   69   73   77   83   90   99  108  119  131  145  162  180  201  225
  250  275  298  317  330  337  339  336  330  323  315  308  300  291  281  270
  258  245  233  220  211  198  194  189  164                                   
    60.0-180.0 180.0   5.0 450.0                            LAT/LON1/LON2/DLON/H
  165  150  134  116  101   87   80   76   75   74   74   75   73   70   68   66
   65   66   69   74   79   84   89   91   90   88   84   79   74   70   66   64
   63   62   64   67   71   77   86   95  106  118  131  145  161  179  199  222
  247  272  296  315  329  336  338  335  330  324  318  312  306  299  288  276
  261  244  231  215  206  193  189  183  165                                   
    57.5-180.0 180.0   5.0 450.0                            LAT/LON1/LON2/DLON/H
  170  153  136  116  100   85   76   71   70   69   70   71   71   70   69   67
   67   67   68   71   75   79   82   84   84   83   80   77   73   70   66   64
   61   60   61   64   69   76   86   97  110  123  137  151  166  182  202  224
  248  273  297  317  332  340  342  341  337  333  329  327  323  317  307  293
  275  255  239  220  210  193  189  181  170                                   
    55.0-180.0 180.0   5.0 450.0                            LAT/LON1/LON2/DLON/H
  180  162  144  121  104   86   76   68   66   64   64   66   67   68   68   68
   68   67   67   67   69   71   73   75   76   76   75   73   72   69   67   64
   62   61   61   64   70   79   90  103  117  132  146  161  175  191  209  230
  254  278  303  324  340  350  354  353  351  349  348  348  347  342  333  319
  299  277  257  235  223  202  196  187  180                                   
    52.5-180.0 180.0   5.0 450.0                            LAT/LON1/LON2/DLON/H
  198  178  159  134  116   96   83   72   66   61   60   61   63   65   67   69
   69   67   65   64   63   64   66   68   69   71   71   72   72   71   70   67
   65   64   65   69   76   86   99  113  129  144  160  175  189  205  222  242
  264  289  313  335  353  364  370  371  370  370  370  372  372  369  361  348
  327  304  282  258  243  220  212  200  198                                   
    50.0-180.0 180.0   5.0 450.0                            LAT/LON1/LON2/DLON/H
  220  199  180  155  136  114   99   83   73   65   61   60   61   64   67   70
   70   68   65   62   61   62   64   66   69   71   72   74   75   76   75   73
   71   70   71   76   84   96  110  126  143  160  177  193  208  223  240  259
  280  304  328  350  369  381  387  389  389  388  389  390  390  388  382  370
  351  329  307  282  266  241  233  220  220                                   
    47.5-180.0 180.0   5.0 450.0                            LAT/LON1/LON2/DLON/H
  242  221  203  180  161  139  122  103   88   76   68   65   65   67   70   73
   73   71   68   65   65   67   70   74   77   79   80   82   83   84   83   81
   79   77   79   85   94  108  123  141  159  178  196  213  230  246  262  280
  300  322  344  365  383  395  400  402  401  399  397  396  395  392  386  376
  361  343  324  301  286  262  254  242  242                                   
    45.0-180.0 180.0   5.0 450.0                            LAT/LON1/LON2/DLON/H
  259  238  223  204  186  166  148  127  109   94   83   77   75   76   78   80
   80   78   75   74   75   80   85   90   93   94   94   94   95   94   93   90
   86   85   87   93  104  119  136  156  176  196  216  235  253  270  286  303
  320  339  359  377  392  402  407  407  405  402  397  392  387  381  374  366
  355  342  327  309  296  275  268  259  259                                   
    42.5-180.0 180.0   5.0 450.0                            LAT/LON1/LON2/DLON/H
  264  245  234  221  206  189  173  152  132  115  103   96   91   90   90   91
   90   88   86   88   92  100  107  113  115  115  113  110  108  105  102   98
   94   92   94  100  112  128  148  169  191  214  236  257  277  295  310  325
  339  354  369  384  396  404  408  409  407  403  397  388  378  368  359  351
  342  332  321  307  297  278  273  267  264                                   
    40.0-180.0 180.0   5.0 450.0                            LAT/LON1/LON2/DLON/H
  258  239  232  223  214  200  188  170  152  136  124  116  111  108  106  105
  103  101  102  106  113  123  132  138  139  136  131  126  121  116  111  106
  100   98   99  106  118  135  156  180  205  230  254  278  299  317  331  343
  354  365  377  388  398  406  411  415  416  414  409  399  386  372  359  348
  338  328  316  304  295  274  270  264  258                                   
    37.5-180.0 180.0   5.0 450.0                            LAT/LON1/LON2/DLON/H
  244  223  217  211  207  197  189  177  164  151  142  135  130  127  124  121
  118  117  119  125  134  144  154  159  160  155  148  141  133  127  120  113
  106  102  103  109  121  139  162  188  216  244  271  296  317  335  348  358
  366  374  385  396  406  416  426  435  442  446  444  436  422  405  389  374
  359  344  329  312  300  275  269  258  244                                   
    35.0-180.0 180.0   5.0 450.0                            LAT/LON1/LON2/DLON/H
  234  206  199  190  189  182  177  171  164  157  152  149  146  143  139  136
  133  133  136  142  151  161  170  174  174  169  162  153  145  136  127  118
  110  105  105  110  122  141  166  195  226  257  286  311  333  349  361  370
  377  386  398  412  427  441  457  474  490  503  507  503  491  474  455  435
  414  393  370  344  326  292  279  261  234                                   
    32.5-180.0 180.0   5.0 450.0                            LAT/LON1/LON2/DLON/H
  238  202  187  173  172  164  159  157  155  154  154  155  155  153  151  148
  147  148  151  157  163  171  177  181  182  179  173  164  154  143  132  122
  113  107  105  110  121  141  168  200  235  268  298  324  345  361  372  381
  390  404  421  441  462  484  507  534  561  585  600  603  595  580  559  535
  506  475  444  406  379  334  310  283  238                                   
    30.0-180.0 180.0   5.0 450.0                            LAT/LON1/LON2/DLON/H
  264  219  193  172  166  154  147  145  145  147  150  155  157  158  157  157
  157  160  163  166  170  173  178  182  185  186  181  173  162  149  136  125
  115  109  107  110  121  141  170  205  242  277  308  334  355  371  383  395
  409  429  455  484  513  542  575  612  652  689  716  730  731  720  700  672
  635  594  549  497  460  401  362  329  264                                   
    27.5-180.0 180.0   5.0 450.0                            LAT/LON1/LON2/DLON/H
  318  262  222  193  181  164  151  146  144  145  148  153  156  158  159  161
  163  166  169  170  170  171  175  181  188  192  190  182  170  156  142  129
  120  113  109  112  122  142  172  209  247  283  315  342  364  382  397  413
  434  464  499  537  575  612  653  700  752  801  841  867  877  872  855  825
  784  735  678  612  563  491  435  400  318                                   
    25.0-180.0 180.0   5.0 450.0                            LAT/LON1/LON2/DLON/H
  402  335  280  241  220  197  177  166  159  155  154  155  157  158  159  161
  165  169  170  170  168  168  173  182  193  200  200  193  180  164  149  136
  125  117  112  113  123  143  174  211  251  287  320  349  373  395  414  437
  466  505  550  597  641  685  732  787  847  904  952  984 1000 1000  987  958
  917  868  806  733  674  593  527  491  402                                   
    22.5-180.0 180.0   5.0 450.0                            LAT/LON1/LON2/DLON/H
  512  437  365  316  283  254  227  209  195  183  173  167  164  161  161  162
  165  168  169  167  165  167  175  188  202  211  211  204  190  173  157  142
  129  120  113  114  123  144  175  213  252  289  324  355  384  410  436  465
  502  549  602  654  703  749  798  854  915  974 1023 1057 1075 1079 1068 1044
 1008  965  909  838  774  694  630  594  512                                   
    20.0-180.0 180.0   5.0 450.0                            LAT/LON1/LON2/DLON/H
  629  552  469  414  366  332  298  273  250  228  208  192  181  173  167  165
  166  167  167  166  166  172  183  200  215  224  222  212  197  179  161  144
  131  120  114  114  124  145  176  213  252  290  327  362  396  428  460  496
  539  592  648  702  749  792  836  886  940  993 1038 1070 1088 1093 1087 1070
 1044 1013  970  911  851  778  728  694  629                                   
    17.5-180.0 180.0   5.0 450.0                            LAT/LON1/LON2/DLON/H
  728  658  575  517  459  422  385  355  324  291  259  232  211  195  183  176
  172  171  170  169  172  182  197  215  230  235  230  216  197  177  157  141
  128  118  112  113  124  146  177  214  252  290  330  369  409  447  485  526
  573  628  683  733  774  808  840  876  916  955  990 1016 1033 1041 1042 1035
 1022 1007  984  942  894  834  800  775  728                                   
    15.0-180.0 180.0   5.0 450.0                            LAT/LON1/LON2/DLON/H
  788  729  656  601  541  507  473  442  406  364  321  284  254  230  211  196
  187  181  179  179  184  196  214  232  244  243  231  212  189  167  148  133
  122  113  108  111  124  148  179  214  252  291  333  376  421  464  506  551
  600  653  703  746  777  798  814  831  852  873  894  912  927  938  948  953
  955  956  954  932  903  857  837  822  788                                   
    12.5-180.0 180.0   5.0 450.0                            LAT/LON1/LON2/DLON/H
  809  761  701  649  593  566  541  515  480  435  387  344  307  276  250  228
  212  202  196  195  201  214  231  247  253  245  226  201  176  154  138  126
  117  110  108  112  127  150  181  215  252  292  335  382  430  476  522  568
  617  664  707  740  760  769  771  773  776  780  787  796  809  824  839  854
  869  883  898  896  885  856  844  836  809                                   
    10.0-180.0 180.0   5.0 450.0                            LAT/LON1/LON2/DLON/H
  803  765  714  661  611  590  573  557  530  489  444  401  364  330  298  270
  248  232  222  218  221  232  247  257  256  241  216  188  163  145  133  124
  118  112  111  116  130  153  182  215  251  290  335  383  433  482  528  574
  619  661  696  719  731  734  731  724  717  710  707  711  721  738  757  776
  796  816  841  851  856  841  833  827  803                                   
     7.5-180.0 180.0   5.0 450.0                            LAT/LON1/LON2/DLON/H
  783  754  708  650  603  584  572  564  546  515  479  444  413  382  349  318
  290  270  255  246  245  251  260  262  253  231  203  176  156  142  134  127
