data/edconvlstm_nd/pred2110.15i
     1.0            IONOSPHERE MAPS     GNSS                IONEX VERSION / TYPE
pyspatialgeodesy        IME             05-JAN-18 20:20     PGM / RUN BY / DATE 
Map Name                                                    COMMENT             
Predicted global ionosphere maps (GIM).                     DESCRIPTION         
  2015     7    30     0     0     0                        EPOCH OF FIRST MAP  
  2015     7    31     0     0     0                        EPOCH OF LAST MAP   
  7200                                                      INTERVAL            
    13                                                      # OF MAPS IN FILE   
  NONE                                                      MAPPING FUNCTION    
10.0                                                        ELEVATION CUTOFF    
One-way carrier phase leveled to code                       OBSERVABLES USED    
  6371.0                                                    BASE RADIUS         
 2                                                          MAP DIMENSION       
   450.0 450.0   0.0                                        HGT1 / HGT2 / DHGT  
    87.5 -87.5  -2.5                                        LAT1 / LAT2 / DLAT  
  -180.0 180.0   5.0                                        LON1 / LON2 / DLON  
    -1                                                      EXPONENT            
                                                            END OF HEADER       
[from data line 3861]
    10                                                      START OF TEC MAP    
  2015     7    30    18     0     0                        EPOCH OF CURRENT MAP
    87.5-180.0 180.0   5.0 450.0                            LAT/LON1/LON2/DLON/H
  147  146  138  146  148  147  146  145  145  146  145  146  145  145  145  145
  145  145  144  144  143  143  142  141  140  139  138  137  136  135  134  133
  132  132  131  130  130  129  129  128  128  128  128  128  128  128  128  128
  128  128  128  128  128  129  129  129  129  130  130  131  131  132  133  133
  134  135  134  134  145  143  152  148  147                                   
    85.0-180.0 180.0   5.0 450.0                            LAT/LON1/LON2/DLON/H
  147  150  159  151  150  154  154  156  155  156  155  156  155  155  155  155
  154  154  154  153  152  151  151  149  148  147  145  144  142  141  139  138
  137  135  134  134  133  132  132  132  131  131  131  131  131  131  131  131
  131  131  131  131  131  131  131  132  132  133  133  134  135  136  137  138
  139  141  139  139  142  139  143  143  147                                   
    82.5-180.0 180.0   5.0 450.0                            LAT/LON1/LON2/DLON/H
  134  143  148  145  145  149  152  153  152  153  152  152  152  152  151  151
  151  151  151  150  150  149  148  147  146  144  142  140  138  136  134  132
  130  128  127  126  125  125  125  124  124  124  124  124  124  124  123  123
  123  123  123  122  122  122  122  122  122  123  123  124  125  126  127  128
  130  131  130  134  135  144  138  134  134                                   
    80.0-180.0 180.0   5.0 450.0                            LAT/LON1/LON2/DLON/H
  128  137  146  144  143  144  148  151  151  151  151  151  150  150  150  150
  150  150  150  150  150  149  149  148  146  144  141  139  136  133  130  127
  125  123  122  121  120  120  120  120  121  121  121  121  121  121  121  120
  120  120  119  119  118  118  118  117  117  117  117  118  119  120  121  123
  125  126  127  130  128  130  131  131  128                                   
    77.5-180.0 180.0   5.0 450.0                            LAT/LON1/LON2/DLON/H
  131  133  141  140  142  143  146  148  147  147  146  146  145  145  145  145
  146  146  147  148  148  149  149  148  147  145  143  139  136  132  129  126
  123  122  120  120  120  120  121  121  121  122  122  122  122  122  121  121
  121  120  120  119  118  117  116  115  114  113  113  113  113  114  115  117
  118  120  122  125  128  125  128  131  131                                   
    75.0-180.0 180.0   5.0 450.0                            LAT/LON1/LON2/DLON/H
  127  131  135  136  137  140  141  142  142  143  141  142  141  141  141  141
  141  142  144  145  147  149  149  150  149  147  145  142  138  134  130  127
  124  122  122  122  122  123  124  125  125  126  126  125  125  124  124  123
  123  122  121  120  118  117  115  113  112  111  110  110  110  111  112  114
  115  118  120  120  123  121  124  117  127                                   
    72.5-180.0 180.0   5.0 450.0                            LAT/LON1/LON2/DLON/H
  123  126  130  135  133  135  137  138  137  137  136  136  135  135  135  135
  135  137  138  140  143  145  147  148  148  146  144  140  136  131  127  124
  121  120  120  120  122  123  124  125  126  125  125  124  123  122  122  121
  121  120  119  117  115  113  111  108  106  105  104  103  103  104  105  107
  109  111  114  114  115  116  120  119  123                                   
    70.0-180.0 180.0   5.0 450.0                            LAT/LON1/LON2/DLON/H
  122  125  128  130  128  129  130  131  131  132  132  132  132  132  131  131
  131  131  133  135  137  140  143  144  145  143  141  137  133  129  124  121
  119  118  118  120  121  123  124  125  125  124  123  121  120  119  118  117
  116  116  115  113  110  108  105  102   99   97   96   96   97   98  100  102
  104  106  110  111  113  114  120  119  122                                   
    67.5-180.0 180.0   5.0 450.0                            LAT/LON1/LON2/DLON/H
  123  127  130  133  131  131  132  134  134  136  136  137  137  137  136  135
  134  134  134  136  138  140  142  144  145  144  141  138  134  129  125  122
  120  120  120  122  124  126  127  127  126  124  122  120  119  117  116  116
  116  115  114  112  109  106  102   99   96   94   93   93   94   96   99  101
  104  106  109  110  111  114  120  118  123                                   
    65.0-180.0 180.0   5.0 450.0                            LAT/LON1/LON2/DLON/H
  124  129  132  133  131  131  131  133  134  137  138  141  142  142  141  139
  137  135  134  134  135  136  138  140  141  140  139  136  133  129  125  123
  121  121  121  123  125  126  127  126  125  122  120  117  115  114  113  113
  112  111  110  107  104  100   96   92   89   88   87   88   89   92   95   98
  100  103  107  109  112  117  124  123  124                                   
    62.5-180.0 180.0   5.0 450.0                            LAT/LON1/LON2/DLON/H
  125  132  136  136  134  134  134  135  137  140  143  147  149  150  149  146
  143  140  137  135  134  134  135  137  138  138  137  136  133  131  128  126
  124  124  124  125  126  127  127  126  125  122  119  117  115  113  112  112
  111  110  107  104  100   96   91   88   85   84   84   85   87   89   92   96
   98  101  105  107  111  117  126  124  125                                   
    60.0-180.0 180.0   5.0 450.0                            LAT/LON1/LON2/DLON/H
  126  135  139  139  137  136  136  137  138  143  146  151  154  155  155  152
  148  143  138  135  132  131  132  133  134  135  136  136  135  134  132  131
  129  128  128  129  129  129  129  128  126  123  121  118  117  115  114  113
  112  109  106  102   97   92   88   84   82   81   81   83   85   87   90   93
   95   97  101  104  109  117  127  126  126                                   
    57.5-180.0 180.0   5.0 450.0                            LAT/LON1/LON2/DLON/H
  126  137  141  142  140  139  139  140  141  145  148  153  157  159  158  156
  151  146  140  135  131  129  129  130  132  134  136  138  139  139  139  138
  137  135  134  134  134  134  133  132  130  128  126  124  123  121  120  118
  115  111  107  102   97   92   87   84   83   82   83   84   86   87   89   91
   92   94   98  101  106  115  127  126  126                                   
    55.0-180.0 180.0   5.0 450.0                            LAT/LON1/LON2/DLON/H
  126  138  143  145  143  143  143  144  144  147  150  154  158  160  159  157
  152  146  140  134  130  128  128  129  131  134  138  141  144  146  146  146
  145  143  142  141  140  140  139  138  137  135  134  132  131  129  127  124
  119  114  109  103   97   92   89   87   86   86   86   87   88   88   89   90
   90   91   94   97  102  112  124  125  126                                   
    52.5-180.0 180.0   5.0 450.0                            LAT/LON1/LON2/DLON/H
  125  137  144  147  147  149  149  150  149  151  152  155  157  158  157  155
  151  145  139  133  130  128  128  130  133  137  141  145  149  152  153  153
  152  150  149  148  148  148  147  147  145  144  143  141  140  137  134  130
  124  118  111  104   99   94   92   90   90   91   91   91   91   90   90   89
   89   89   92   94   99  108  120  121  125                                   
    50.0-180.0 180.0   5.0 450.0                            LAT/LON1/LON2/DLON/H
  123  136  144  150  152  156  158  159  158  158  157  158  158  157  156  153
  149  144  139  134  131  130  131  134  137  141  145  149  154  157  159  160
  159  158  157  157  157  157  157  157  155  154  152  151  148  145  141  135
  128  121  113  106  101   97   95   95   96   97   97   96   95   93   92   91
   90   90   91   92   96  104  116  118  123                                   
    47.5-180.0 180.0   5.0 450.0                            LAT/LON1/LON2/DLON/H
  123  135  145  153  158  165  170  172  171  170  167  165  163  160  157  153
  149  145  140  137  135  136  138  141  144  147  151  154  158  161  164  165
  165  165  166  167  168  169  169  168  167  164  162  159  156  152  146  139
  132  124  116  109  104  100   99  100  101  102  102  101   99   96   95   94
   93   93   94   93   96  101  112  114  123                                   
    45.0-180.0 180.0   5.0 450.0                            LAT/LON1/LON2/DLON/H
  122  135  146  157  165  175  182  186  186  185  181  177  172  167  162  158
  153  149  145  142  142  143  146  150  153  155  157  160  162  166  169  171
  173  174  176  179  181  183  183  182  179  175  171  167  163  158  151  144
  136  127  119  112  107  104  103  104  105  107  107  105  102  100   99   99
   99   98   98   97   97  101  109  111  122                                   
    42.5-180.0 180.0   5.0 450.0                            LAT/LON1/LON2/DLON/H
  122  135  147  160  172  184  194  201  202  201  197  192  186  179  172  166
  161  157  153  151  151  154  157  161  163  164  165  166  168  171  175  179
  182  186  190  194  197  200  200  197  193  188  182  176  171  164  157  149
  141  133  125  117  112  108  107  107  109  110  110  109  106  104  104  105
  105  105  105  102  100  101  107  110  122                                   
    40.0-180.0 180.0   5.0 450.0                            LAT/LON1/LON2/DLON/H
  122  136  149  163  177  192  204  212  215  216  213  208  201  193  185  178
  173  168  164  162  162  165  169  173  175  175  175  175  177  180  185  191
  196  202  207  212  216  219  219  215  209  202  194  187  180  173  165  157
  149  140  132  124  117  113  110  110  112  113  113  112  110  109  110  112
  112  112  111  107  103  102  106  109  122                                   
    37.5-180.0 180.0   5.0 450.0                            LAT/LON1/LON2/DLON/H
  122  137  150  165  180  196  209  218  224  226  225  221  215  207  199  192
  186  181  177  174  175  178  182  185  187  187  187  187  189  194  200  208
  215  222  228  234  238  241  239  235  227  218  209  200  191  183  175  166
  158  149  141  132  124  118  115  114  115  116  116  116  115  114  116  118
  119  119  116  110  105  103  106  108  122                                   
    35.0-180.0 180.0   5.0 450.0                            LAT/LON1/LON2/DLON/H
  121  137  151  166  181  196  209  220  227  231  232  230  225  218  211  205
  199  194  190  188  188  191  195  198  200  201  201  202  206  212  220  230
  239  246  253  258  262  263  261  255  245  235  224  214  204  195  186  177
  168  159  150  140  132  125  120  118  118  119  120  120  120  120  122  124
  124  123  119  113  106  103  106  108  121                                   
    32.5-180.0 180.0   5.0 450.0                            LAT/LON1/LON2/DLON/H
  121  138  151  165  180  194  207  217  225  231  234  234  231  226  220  215
  211  208  204  202  202  205  208  212  215  217  219  222  227  235  245  255
  265  273  279  283  286  285  282  274  262  250  238  226  215  205  195  186
  176  167  157  147  138  131  125  123  123  124  125  126  126  126  127  128
  127  125  120  113  106  103  105  107  121                                   
    30.0-180.0 180.0   5.0 450.0                            LAT/LON1/LON2/DLON/H
  122  138  152  164  178  191  203  213  221  228  233  234  234  231  227  225
  222  220  218  217  217  219  223  227  231  235  240  245  252  261  272  283
  293  300  304  306  307  305  299  289  275  261  247  234  222  211  200  190
  181  171  161  152  143  136  131  128  128  129  131  132  133  132  132  131
  128  125  120  112  106  102  105  108  122                                   
    27.5-180.0 180.0   5.0 450.0                            LAT/LON1/LON2/DLON/H
  123  139  152  164  177  189  201  210  218  225  231  234  235  234  234  233
  233  233  233  233  233  236  239  244  250  257  264  271  279  288  298  309
  318  323  325  325  323  319  311  298  283  266  250  236  223  211  199  189
  179  170  161  152  144  139  135  133  133  134  136  138  138  137  135  132
  128  124  119  112  106  102  106  109  123                                   
    25.0-180.0 180.0   5.0 450.0                            LAT/LON1/LON2/DLON/H
  126  141  154  164  177  190  201  210  218  226  232  236  239  240  241  243
  246  248  249  250  251  254  258  264  271  280  289  297  305  313  322  331
  338  341  340  337  333  327  317  302  283  264  246  230  216  203  191  181
  172  164  155  148  143  140  138  138  138  138  140  142  142  140  137  132
  126  122  117  111  107  104  108  111  126                                   
    22.5-180.0 180.0   5.0 450.0                            LAT/LON1/LON2/DLON/H
  129  143  156  167  180  194  206  215  224  231  238  243  247  249  252  256
  260  264  267  269  271  274  278  285  294  304  314  322  329  335  341  347
  351  351  348  343  337  330  318  300  278  255  235  218  203  190  179  169
  161  154  147  142  139  139  140  141  141  141  142  143  143  141  136  131
  124  121  117  112  109  107  111  114  129                                   
    20.0-180.0 180.0   5.0 450.0                            LAT/LON1/LON2/DLON/H
  133  146  158  170  184  200  214  225  234  242  249  254  259  263  267  272
  278  282  286  289  291  294  299  307  317  328  338  345  349  352  354  356
  356  354  349  344  338  329  315  295  270  244  222  203  188  176  165  157
  150  143  138  135  135  138  141  144  144  143  142  142  141  138  134  128
  122  119  117  114  113  110  114  117  133                                   
    17.5-180.0 180.0   5.0 450.0                            LAT/LON1/LON2/DLON/H
  136  150  161  174  190  207  224  236  247  255  262  268  274  279  285  291
  296  302  306  308  311  314  320  328  339  350  359  365  366  364  362  360
  357  353  348  343  337  329  314  291  262  234  210  192  177  165  156  148
  142  137  132  131  132  137  142  145  145  143  140  138  136  133  129  124
  119  118  117  116  116  113  116  119  136                                   
    15.0-180.0 180.0   5.0 450.0                            LAT/LON1/LON2/DLON/H
  138  152  164  178  195  214  232  246  258  267  275  282  289  296  302  308
  315  320  323  326  328  332  338  347  358  370  378  381  379  373  367  362
  357  351  346  342  337  329  314  290  260  230  206  188  174  163  154  147
  141  136  131  130  132  137  143  146  145  141  137  133  130  126  123  119
  115  115  117  116  117  114  116  120  138                                   
    12.5-180.0 180.0   5.0 450.0                            LAT/LON1/LON2/DLON/H
  138  153  165  180  198  218  238  252  265  275  283  291  300  308  316  323
  329  334  337  339  341  345  353  363  375  386  393  394  389  381  372  364
  357  350  345  342  339  332  317  293  263  235  211  194  182  171  163  155
  147  140  135  132  134  138  143  146  145  140  133  127  123  119  116  113
  110  112  114  114  114  112  113  117  138                                   
    10.0-180.0 180.0   5.0 450.0                            LAT/LON1/LON2/DLON/H
  135  152  164  181  199  219  239  254  267  277  285  294  304  314  323  331
  338  342  345  347  349  354  363  375  388  398  404  404  398  388  377  367
  359  351  346  343  341  335  322  300  273  247  226  210  199  188  178  168
  158  149  142  137  136  139  143  146  144  138  129  122  116  112  109  106
  104  106  108  108  109  106  107  112  135                                   
     7.5-180.0 180.0   5.0 450.0                            LAT/LON1/LON2/DLON/H
  130  148  161  180  199  219  238  251  264  273  282  291  302  313  323  332
  339  344  347  349  352  358  369  382  396  407  412  412  406  396  384  373
