data/edconvlstm_nd/pred0350.15i
     1.0            IONOSPHERE MAPS     GNSS                IONEX VERSION / TYPE
pyspatialgeodesy        IME             05-JAN-18 20:20     PGM / RUN BY / DATE 
Map Name                                                    COMMENT             
Predicted global ionosphere maps (GIM).                     DESCRIPTION         
  2015     2     4     0     0     0                        EPOCH OF FIRST MAP  
  2015     2     5     0     0     0                        EPOCH OF LAST MAP   
  7200                                                      INTERVAL            
    13                                                      # OF MAPS IN FILE   
  NONE                                                      MAPPING FUNCTION    
10.0                                                        ELEVATION CUTOFF    
One-way carrier phase leveled to code                       OBSERVABLES USED    
  6371.0                                                    BASE RADIUS         
 2                                                          MAP DIMENSION       
   450.0 450.0   0.0                                        HGT1 / HGT2 / DHGT  
    87.5 -87.5  -2.5                                        LAT1 / LAT2 / DLAT  
  -180.0 180.0   5.0                                        LON1 / LON2 / DLON  
    -1                                                      EXPONENT            
                                                            END OF HEADER       
[from data line 429]
     2                                                      START OF TEC MAP    
  2015     2     4     2     0     0                        EPOCH OF CURRENT MAP
    87.5-180.0 180.0   5.0 450.0                            LAT/LON1/LON2/DLON/H
   97  102  102  104  105  105  103  102  104  105  106  107  108  108  108  108
  107  106  105  103  101   99   96   94   91   89   86   84   82   80   78   77
   75   74   74   73   73   73   73   73   73   74   75   76   77   78   79   80
   81   82   84   84   85   86   87   88   88   89   89   90   90   90   91   92
   93   94   92   91   91   99  102   92   97                                   
    85.0-180.0 180.0   5.0 450.0                            LAT/LON1/LON2/DLON/H
  102  113   99  106  110  110  108  109  110  111  111  112  113  113  113  112
  111  110  108  105  102   99   95   91   87   84   80   77   74   71   69   67
   66   65   65   65   66   67   68   70   72   73   75   78   80   82   83   85
   87   89   90   91   93   94   95   96   97   98   99  100  101  102  102  104
  106  106  104  106  106  106  112  101  102                                   
    82.5-180.0 180.0   5.0 450.0                            LAT/LON1/LON2/DLON/H
  108  108  120  115  116  117  116  116  119  120  120  122  123  124  124  123
  122  120  117  114  110  105   99   94   88   82   76   71   67   63   60   57
   56   55   56   57   58   60   63   66   69   72   75   78   81   84   86   89
   91   93   95   96   98   99  101  103  104  106  108  109  111  112  114  116
  117  118  116  114  122  109  111  109  108                                   
    80.0-180.0 180.0   5.0 450.0                            LAT/LON1/LON2/DLON/H
  130  126  123  117  118  115  118  118  121  121  122  124  125  127  127  127
  127  125  122  118  113  107  101   93   86   78   71   65   60   56   52   51
   50   50   51   53   56   60   63   67   71   75   78   82   85   87   89   92
   93   95   97   98  100  101  103  105  107  110  112  115  118  121  124  127
  129  129  129  128  141  132  133  128  130                                   
    77.5-180.0 180.0   5.0 450.0                            LAT/LON1/LON2/DLON/H
  146  143  134  131  125  123  126  127  128  128  129  131  133  134  135  136
  135  134  131  128  123  116  109  101   92   83   75   68   62   58   55   53
   53   55   57   61   65   69   74   78   82   86   89   91   93   95   96   97
   98   99  100  101  102  104  106  109  112  116  119  124  128  133  137  142
  145  149  148  150  159  151  151  146  146                                   
    75.0-180.0 180.0   5.0 450.0                            LAT/LON1/LON2/DLON/H
  160  158  150  148  140  136  135  134  134  133  131  132  132  132  132  132
  131  130  129  126  122  117  111  103   95   87   79   72   66   62   60   60
   61   63   66   71   75   80   85   88   92   94   95   96   96   96   96   95
   95   95   95   96   97   99  102  105  109  114  120  126  132  139  146  153
  157  162  165  162  172  171  172  166  160                                   
    72.5-180.0 180.0   5.0 450.0                            LAT/LON1/LON2/DLON/H
  173  178  172  168  161  155  153  151  148  144  140  137  134  130  128  125
  124  123  123  122  121  119  115  110  104   98   91   85   81   78   76   76
   78   81   84   89   93   97  101  103  105  105  104  103  101   98   96   94
   93   92   92   93   95   97  101  106  111  118  125  133  141  149  158  166
  173  179  184  184  189  188  190  187  173                                   
    70.0-180.0 180.0   5.0 450.0                            LAT/LON1/LON2/DLON/H
  197  202  198  194  185  179  175  171  168  161  153  146  137  127  120  114
  110  109  110  112  115  116  117  115  112  108  104   99   96   94   93   93
   94   97  100  103  107  109  111  112  111  109  106  102   98   95   91   89
   88   87   88   89   92   96  102  108  116  124  134  143  152  161  170  180
  188  194  201  202  207  208  212  207  197                                   
    67.5-180.0 180.0   5.0 450.0                            LAT/LON1/LON2/DLON/H
  212  223  217  214  206  199  195  191  186  177  166  153  138  122  109   98
   92   91   93   97  103  109  113  115  114  113  110  107  104  102  101  101
  102  103  104  106  108  109  109  108  105  102   97   92   87   83   80   78
   77   78   80   84   89   95  103  112  122  133  144  154  164  173  182  191
  198  204  210  211  217  219  223  220  212                                   
    65.0-180.0 180.0   5.0 450.0                            LAT/LON1/LON2/DLON/H
  226  237  232  229  224  218  214  211  207  197  183  166  145  123  104   89
   80   78   80   87   95  103  109  113  114  114  112  109  107  105  103  102
  101  100  100  100  100   99   98   97   94   90   85   79   75   71   68   68
   69   72   76   82   90   99  109  121  134  147  159  171  181  189  197  204
  209  213  219  219  224  227  233  231  226                                   
    62.5-180.0 180.0   5.0 450.0                            LAT/LON1/LON2/DLON/H
  235  248  244  241  239  233  231  229  226  217  202  183  158  131  107   88
   77   73   75   82   90   98  105  109  110  109  107  105  102  100   98   95
   93   90   88   86   85   84   83   81   79   75   71   67   63   60   59   59
   62   67   74   82   93  105  119  134  149  164  178  191  201  208  214  219
  221  223  227  225  230  233  240  239  235                                   
    60.0-180.0 180.0   5.0 450.0                            LAT/LON1/LON2/DLON/H
  243  256  252  248  246  241  239  239  238  230  216  197  171  142  115   94
   80   75   76   81   88   94   99  100   99   97   95   92   90   88   86   82
   79   75   72   69   67   66   65   64   63   61   58   55   53   51   50   52
   56   62   71   82   96  111  128  146  164  182  198  211  221  228  233  236
  236  234  237  234  237  239  247  247  243                                   
    57.5-180.0 180.0   5.0 450.0                            LAT/LON1/LON2/DLON/H
  256  267  263  256  254  248  245  244  243  237  225  207  183  155  128  107
   92   85   83   85   88   90   90   88   85   81   78   77   76   74   72   69
   66   62   58   56   54   53   52   52   52   52   51   49   47   46   46   49
   53   61   71   85  101  119  139  160  181  200  218  233  243  251  255  257
  255  252  254  250  253  251  260  260  256                                   
    55.0-180.0 180.0   5.0 450.0                            LAT/LON1/LON2/DLON/H
  277  286  280  269  265  256  251  247  244  237  226  211  190  165  142  122
  107   98   93   90   88   84   80   74   69   64   62   61   62   62   62   60
   57   53   50   48   46   46   45   46   46   47   47   47   47   46   47   49
   54   62   74   89  107  129  151  174  197  218  237  253  265  273  278  280
  278  276  277  273  276  271  279  280  277                                   
    52.5-180.0 180.0   5.0 450.0                            LAT/LON1/LON2/DLON/H
  307  315  305  290  284  272  261  252  244  235  223  209  191  172  153  137
  123  113  104   95   87   78   70   62   55   51   49   50   52   54   55   54
   52   50   49   47   47   46   45   45   46   48   49   51   51   51   52   54
   59   67   80   97  117  141  166  190  214  236  255  272  285  294  300  303
  303  302  304  301  303  297  305  307  307                                   
    50.0-180.0 180.0   5.0 450.0                            LAT/LON1/LON2/DLON/H
  343  350  336  319  311  296  279  263  249  234  220  205  190  175  161  148
  136  124  112   99   87   75   64   54   48   44   44   46   49   52   54   54
   53   53   53   54   54   53   52   51   52   54   56   59   60   61   62   64
   68   76   90  108  131  157  183  208  232  252  271  287  300  311  318  324
  325  328  332  329  333  328  336  338  343                                   
    47.5-180.0 180.0   5.0 450.0                            LAT/LON1/LON2/DLON/H
  377  384  368  351  343  325  303  280  259  238  219  203  188  176  164  154
  143  131  117  102   88   76   65   56   50   47   47   49   53   55   57   57
   57   59   62   64   65   65   62   61   60   63   66   70   73   74   75   77
   81   89  103  124  149  177  204  229  250  268  283  297  309  320  328  336
  340  346  352  352  358  357  365  367  377                                   
    45.0-180.0 180.0   5.0 450.0                            LAT/LON1/LON2/DLON/H
  399  408  392  378  370  353  329  301  275  248  225  205  190  177  167  157
  146  133  119  106   94   84   76   69   63   60   59   60   61   62   61   61
   61   65   70   75   78   77   74   72   71   74   79   84   88   90   91   92
   96  104  120  142  169  199  227  250  268  282  293  304  314  323  331  339
  345  353  362  365  373  376  386  387  399                                   
    42.5-180.0 180.0   5.0 450.0                            LAT/LON1/LON2/DLON/H
  407  414  402  390  384  369  347  320  292  263  236  214  196  181  170  159
  148  135  123  113  106  101   96   90   85   80   76   74   72   69   65   63
   64   69   77   84   88   88   85   82   82   86   93  100  105  107  108  108
  112  120  136  161  191  222  250  272  286  296  304  311  318  325  331  337
  344  352  362  368  377  383  394  394  407                                   
    40.0-180.0 180.0   5.0 450.0                            LAT/LON1/LON2/DLON/H
  400  405  393  382  379  367  350  329  305  277  251  227  207  190  176  163
  151  140  132  127  126  125  122  117  109  101   94   87   80   73   67   64
   66   73   82   91   96   96   94   92   94  100  109  117  122  125  125  124
  127  136  153  180  212  245  273  293  305  312  317  322  326  331  335  340
  344  350  360  366  375  384  396  393  400                                   
    37.5-180.0 180.0   5.0 450.0                            LAT/LON1/LON2/DLON/H
  387  388  374  360  358  348  336  324  307  286  263  241  220  202  185  170
  158  149  146  147  151  153  150  142  131  118  107   97   87   79   72   70
   73   80   89   97  102  103  102  103  107  115  125  133  139  140  139  139
  141  150  168  196  231  265  293  312  323  329  334  338  343  347  351  353
  354  357  364  369  378  389  401  394  387                                   
    35.0-180.0 180.0   5.0 450.0                            LAT/LON1/LON2/DLON/H
  383  378  360  339  333  322  313  307  299  285  269  251  233  214  196  181
  169  164  165  171  177  179  172  159  143  127  114  104   96   89   84   83
   86   92  100  107  110  111  112  114  120  130  140  147  151  151  149  148
  150  159  178  207  243  279  309  329  341  349  356  363  370  376  380  382
  380  380  384  386  395  407  418  408  383                                   
    32.5-180.0 180.0   5.0 450.0                            LAT/LON1/LON2/DLON/H
  401  393  367  335  321  305  294  290  287  279  268  256  241  225  208  193
  183  182  187  194  199  196  183  164  144  128  118  113  110  107  106  106
  109  113  118  121  122  122  123  127  134  143  151  157  158  155  152  151
  153  162  181  210  248  286  318  341  357  369  382  395  408  418  426  428
  425  422  424  422  432  444  452  440  401                                   
    30.0-180.0 180.0   5.0 450.0                            LAT/LON1/LON2/DLON/H
  454  444  407  362  337  312  293  284  280  273  266  257  245  231  216  203
  197  198  204  211  212  201  181  158  138  126  123  126  130  135  138  141
  143  145  146  144  141  138  137  140  146  153  158  159  157  153  149  148
  150  160  179  209  248  288  323  351  372  391  412  433  454  472  485  491
  489  486  485  479  491  502  505  495  454                                   
    27.5-180.0 180.0   5.0 450.0                            LAT/LON1/LON2/DLON/H
  545  536  486  428  391  356  324  304  290  278  268  258  247  234  220  210
  206  208  215  217  211  193  169  146  131  128  135  147  160  172  182  188
  191  190  184  175  166  158  154  153  155  158  158  155  150  145  141  141
  144  155  174  205  245  288  327  359  387  415  445  476  507  533  553  565
  569  569  567  559  572  585  583  575  545                                   
    25.0-180.0 180.0   5.0 450.0                            LAT/LON1/LON2/DLON/H
  666  665  609  540  490  445  397  359  330  305  284  267  251  236  222  213
  209  211  214  211  198  177  154  137  132  140  157  179  201  221  237  246
  249  242  229  211  193  179  169  164  161  158  153  146  139  134  131  132
  137  149  170  203  244  290  333  371  406  442  482  522  562  597  626  646
  656  662  662  656  667  689  690  683  666                                   
    22.5-180.0 180.0   5.0 450.0                            LAT/LON1/LON2/DLON/H
  801  817  763  693  631  577  513  455  405  363  326  295  268  245  227  215
  209  208  206  197  182  163  147  141  148  167  193  224  253  279  298  308
  306  293  270  243  217  196  181  169  160  152  144  135  127  122  120  123
  130  144  168  203  248  296  343  386  429  472  519  567  614  657  693  720
  739  751  757  758  767  801  812  806  801                                   
    20.0-180.0 180.0   5.0 450.0                            LAT/LON1/LON2/DLON/H
  927  960  921  862  792  733  658  583  515  453  397  347  305  269  241  223
  212  205  197  186  173  162  159  166  184  212  245  279  309  334  351  357
  349  329  299  265  233  207  186  170  156  144  133  123  116  112  112  116
  125  142  170  209  257  309  359  406  453  502  553  605  656  703  743  776
  802  821  835  846  854  895  921  917  927                                   
    17.5-180.0 180.0   5.0 450.0                            LAT/LON1/LON2/DLON/H
 1018 1065 1049 1007  941  883  805  723  643  567  494  427  366  314  273  244
  225  212  200  190  183  184  194  215  243  276  309  336  358  372  380  378
  365  340  307  271  238  210  186  167  150  135  123  114  109  107  108  113
  124  144  175  218  270  325  377  427  476  527  578  631  681  729  771  808
  838  861  883  903  912  951  984  988 1018                                   
    15.0-180.0 180.0   5.0 450.0                            LAT/LON1/LON2/DLON/H
 1059 1114 1122 1100 1047  998  927  848  767  686  605  525  450  383  328  287
  259  239  225  218  221  234  258  289  322  352  372  381  384  382  377  369
  353  328  297  264  233  207  184  163  145  129  118  110  107  106  107  113
  125  148  183  230  285  341  394  443  492  540  590  639  687  733  774  812
  844  869  896  923  933  963  996 1008 1059                                   
    12.5-180.0 180.0   5.0 450.0                            LAT/LON1/LON2/DLON/H
 1051 1108 1134 1129 1096 1061 1005  937  865  790  711  629  548  472  407  356
  319  294  279  277  288  313  347  383  411  423  419  402  382  365  352  340
  325  304  278  251  226  203  182  162  144  129  118  112  108  107  109  114
  127  152  190  240  296  352  404  452  498  543  588  633  677  719  758  793
  826  851  880  910  920  940  968  986 1051                                   
    10.0-180.0 180.0   5.0 450.0                            LAT/LON1/LON2/DLON/H
 1006 1061 1096 1103 1088 1071 1030  979  922  861  794  721  644  568  501  446
  405  377  363  365  383  416  453  481  489  473  437  396  360  336  323  312
  300  282  261  241  222  203  185  166  148  134  123  117  113  110  110  115
  128  155  195  247  303  358  408  454  497  539  580  621  660  698  733  766
  796  819  847  876  886  899  921  940 1006                                   
     7.5-180.0 180.0   5.0 450.0                            LAT/LON1/LON2/DLON/H
  945  991 1026 1035 1034 1031 1005  971  933  890  840  784  721  656  596  545
  506  480  467  472  494  526  554  561  538  488  426  372  334  314  305  298
