data/edconvlstm_nd/pred2230.15i
     1.0            IONOSPHERE MAPS     GNSS                IONEX VERSION / TYPE
pyspatialgeodesy        IME             05-JAN-18 20:20     PGM / RUN BY / DATE 
Map Name                                                    COMMENT             
Predicted global ionosphere maps (GIM).                     DESCRIPTION         
  2015     8    11     0     0     0                        EPOCH OF FIRST MAP  
  2015     8    12     0     0     0                        EPOCH OF LAST MAP   
  7200                                                      INTERVAL            
    13                                                      # OF MAPS IN FILE   
  NONE                                                      MAPPING FUNCTION    
10.0                                                        ELEVATION CUTOFF    
One-way carrier phase leveled to code                       OBSERVABLES USED    
  6371.0                                                    BASE RADIUS         
 2                                                          MAP DIMENSION       
   450.0 450.0   0.0                                        HGT1 / HGT2 / DHGT  
    87.5 -87.5  -2.5                                        LAT1 / LAT2 / DLAT  
  -180.0 180.0   5.0                                        LON1 / LON2 / DLON  
    -1                                                      EXPONENT            
                                                            END OF HEADER       
[from data line 4290]
    11                                                      START OF TEC MAP    
  2015     8    11    20     0     0                        EPOCH OF CURRENT MAP
    87.5-180.0 180.0   5.0 450.0                            LAT/LON1/LON2/DLON/H
  142  136  123  129  131  129  129  127  127  128  127  128  128  129  129  130
  130  130  130  130  130  130  129  129  128  128  127  126  125  124  124  123
  122  122  121  120  120  120  119  119  119  119  119  119  120  120  120  120
  121  121  121  122  122  122  122  122  123  123  123  123  123  123  123  123
  123  123  122  122  133  130  141  141  142                                   
    85.0-180.0 180.0   5.0 450.0                            LAT/LON1/LON2/DLON/H
  141  138  142  133  131  135  134  135  135  137  136  137  137  138  139  139
  140  140  140  140  140  140  139  138  138  137  136  134  133  132  131  130
  129  128  127  126  126  125  125  125  125  125  125  125  126  126  127  127
  128  128  129  129  130  130  130  131  131  131  131  132  132  132  132  132
  133  133  131  129  133  128  131  131  141                                   
    82.5-180.0 180.0   5.0 450.0                            LAT/LON1/LON2/DLON/H
  122  126  127  122  122  126  128  128  127  129  129  131  132  133  134  135
  137  137  138  138  138  138  137  136  135  134  132  130  129  127  125  123
  122  121  119  118  117  117  117  116  116  117  117  118  118  119  120  121
  122  122  123  124  124  125  125  125  125  126  126  126  126  126  126  126
  126  125  124  127  129  136  128  124  122                                   
    80.0-180.0 180.0   5.0 450.0                            LAT/LON1/LON2/DLON/H
  111  116  121  117  117  116  120  123  124  126  127  130  131  133  135  137
  139  140  142  142  142  142  141  140  138  136  133  131  128  126  123  121
  119  117  115  114  113  112  112  112  112  112  113  113  114  116  117  118
  119  120  121  121  122  122  122  122  122  122  122  122  122  123  123  123
  124  123  123  123  122  121  118  121  111                                   
    77.5-180.0 180.0   5.0 450.0                            LAT/LON1/LON2/DLON/H
  114  112  118  114  116  116  119  121  122  124  125  128  130  133  136  139
  141  144  146  147  148  148  147  145  143  140  137  134  130  127  124  121
  119  117  115  113  112  111  111  111  110  111  111  112  113  114  116  117
  118  119  120  121  121  121  121  120  120  119  119  119  119  119  119  120
  120  120  120  121  123  118  120  127  114                                   
    75.0-180.0 180.0   5.0 450.0                            LAT/LON1/LON2/DLON/H
  112  112  113  111  113  116  117  119  121  125  126  129  132  135  138  142
  145  148  151  152  153  153  152  150  148  144  141  137  133  129  126  123
  121  119  117  116  114  113  113  112  112  111  111  112  112  113  114  115
  117  118  118  119  118  118  117  116  116  115  114  114  115  115  117  118
  119  120  121  118  119  115  117  113  112                                   
    72.5-180.0 180.0   5.0 450.0                            LAT/LON1/LON2/DLON/H
  110  109  111  114  114  116  119  121  122  125  126  129  132  135  139  142
  146  150  152  154  155  155  154  152  148  144  140  135  131  127  124  121
  119  117  115  114  112  111  110  109  108  107  106  106  106  106  107  108
  109  110  110  110  110  109  108  107  106  105  105  105  105  107  109  111
  112  113  115  112  112  111  113  116  110                                   
    70.0-180.0 180.0   5.0 450.0                            LAT/LON1/LON2/DLON/H
  110  109  110  112  113  115  118  121  123  126  128  131  133  137  140  143
  146  150  152  154  155  155  153  151  147  142  137  132  128  124  121  119
  117  115  114  112  111  110  108  106  104  102  101   99   98   97   97   98
   99   99   99   99   99   98   96   95   94   93   93   94   95   98  101  104
  106  109  111  110  111  110  114  115  110                                   
    67.5-180.0 180.0   5.0 450.0                            LAT/LON1/LON2/DLON/H
  112  111  113  116  118  121  125  128  131  134  135  138  141  143  146  149
  152  155  157  159  160  159  157  153  148  143  138  133  128  125  122  120
  118  116  115  114  112  111  109  106  103  100   97   94   92   91   90   90
   91   91   91   91   90   88   87   86   85   85   85   87   89   92   96  101
  104  107  109  108  108  108  110  112  112                                   
    65.0-180.0 180.0   5.0 450.0                            LAT/LON1/LON2/DLON/H
  112  111  113  117  120  123  128  131  135  138  140  143  145  147  149  151
  154  156  158  159  159  158  156  151  146  141  136  131  128  125  122  121
  119  118  116  114  113  110  108  104  100   96   92   88   85   83   82   81
   80   80   79   78   77   76   74   74   73   74   75   77   80   84   89   94
   99  103  107  107  107  108  112  113  112                                   
    62.5-180.0 180.0   5.0 450.0                            LAT/LON1/LON2/DLON/H
  112  113  115  120  123  127  132  136  139  143  145  148  151  152  154  155
  157  159  160  161  161  159  156  151  146  141  136  133  130  128  127  125
  123  121  119  117  114  112  108  104  100   95   90   85   81   78   76   74
   73   72   70   69   67   65   65   64   65   66   68   71   74   78   84   89
   94   99  103  104  105  106  109  110  112                                   
    60.0-180.0 180.0   5.0 450.0                            LAT/LON1/LON2/DLON/H
  113  114  117  122  125  129  134  138  141  145  148  151  154  156  157  158
  159  160  161  161  160  159  155  151  146  142  138  136  135  135  134  133
  131  128  125  122  119  115  112  107  103   97   92   86   82   78   74   71
   69   66   64   61   59   57   57   57   59   61   63   66   69   73   78   84
   89   94   99  100  103  106  110  111  113                                   
    57.5-180.0 180.0   5.0 450.0                            LAT/LON1/LON2/DLON/H
  114  117  121  125  129  132  136  139  142  146  149  152  155  157  159  160
  160  161  161  161  160  158  155  152  148  145  143  143  144  145  145  144
  142  138  134  130  126  123  119  115  110  104   98   92   87   82   77   73
   69   66   62   58   55   54   53   54   57   59   62   65   68   71   75   80
   84   90   96   98  101  106  111  111  114                                   
    55.0-180.0 180.0   5.0 450.0                            LAT/LON1/LON2/DLON/H
  117  122  126  131  133  136  139  141  143  146  148  152  155  158  160  161
  161  161  161  161  160  158  155  152  150  148  149  151  153  156  158  157
  154  150  145  141  137  133  129  125  120  114  108  101   95   89   84   79
   74   68   63   59   55   53   54   55   58   62   64   66   68   70   73   76
   81   87   93   96  101  107  114  115  117                                   
    52.5-180.0 180.0   5.0 450.0                            LAT/LON1/LON2/DLON/H
  121  128  135  138  140  142  144  144  144  146  148  151  155  158  160  161
  161  161  160  160  159  157  155  153  152  152  154  158  163  167  169  169
  166  162  157  152  148  145  141  137  132  126  119  112  105   99   93   86
   80   74   68   63   59   57   57   60   63   67   69   70   70   71   72   75
   79   85   92   97  103  111  119  121  121                                   
    50.0-180.0 180.0   5.0 450.0                            LAT/LON1/LON2/DLON/H
  128  138  145  148  150  152  152  151  149  150  150  153  156  158  160  162
  162  161  160  160  159  157  156  155  155  157  160  165  171  176  179  178
  176  172  167  163  160  158  154  150  144  138  131  123  116  109  102   95
   88   81   75   69   65   63   64   67   71   74   76   76   75   74   74   76
   80   86   95  100  108  118  127  129  128                                   
    47.5-180.0 180.0   5.0 450.0                            LAT/LON1/LON2/DLON/H
  137  149  157  160  162  164  163  161  158  158  157  158  160  162  163  164
  164  163  162  161  160  159  159  158  159  162  166  171  177  182  184  185
  183  180  176  174  172  170  167  162  156  148  140  133  125  117  110  103
   96   89   83   77   73   72   73   76   80   83   84   83   81   79   78   80
   84   91  100  107  116  126  138  140  137                                   
    45.0-180.0 180.0   5.0 450.0                            LAT/LON1/LON2/DLON/H
  146  160  169  172  174  177  176  174  171  169  167  167  167  168  169  169
  168  167  165  164  163  163  163  163  165  167  171  176  181  185  187  188
  187  185  184  183  182  181  178  173  165  157  149  140  132  125  117  110
  104   97   92   86   83   81   82   85   89   92   93   91   88   86   85   86
   90   98  108  116  125  137  149  151  146                                   
    42.5-180.0 180.0   5.0 450.0                            LAT/LON1/LON2/DLON/H
  156  170  179  183  186  190  190  189  186  183  180  179  178  178  177  177
  175  174  172  170  170  169  170  170  172  174  177  181  184  187  189  190
  191  191  192  192  193  192  188  182  174  164  155  146  138  131  123  117
  111  105  100   96   93   91   92   94   98  100  100   99   96   93   93   95
   99  107  117  126  136  148  161  163  156                                   
    40.0-180.0 180.0   5.0 450.0                            LAT/LON1/LON2/DLON/H
  164  179  188  192  196  201  203  203  201  199  196  194  192  190  189  187
  185  183  181  180  179  179  179  180  181  183  185  187  189  191  192  194
  196  199  201  203  203  202  198  191  181  171  161  152  144  136  129  123
  117  113  109  105  102  100  100  102  105  106  107  105  103  101  101  104
  108  116  127  136  146  158  171  174  164                                   
    37.5-180.0 180.0   5.0 450.0                            LAT/LON1/LON2/DLON/H
  171  185  194  199  204  211  214  216  216  215  212  210  207  205  202  200
  197  195  193  191  191  191  191  191  192  193  195  196  197  198  200  203
  207  211  214  216  215  213  207  199  189  178  167  158  150  142  135  129
  124  120  117  114  111  109  108  108  109  111  111  110  109  108  109  113
  117  125  135  144  154  168  181  184  171                                   
    35.0-180.0 180.0   5.0 450.0                            LAT/LON1/LON2/DLON/H
  177  191  200  204  211  218  224  228  229  230  228  227  224  221  218  215
  212  209  207  206  205  205  204  204  205  206  208  209  210  211  213  217
  223  228  230  231  229  224  217  207  196  184  173  164  155  148  140  134
  130  126  124  121  118  115  112  112  112  112  113  113  112  113  115  119
  124  132  142  151  161  175  188  192  177                                   
    32.5-180.0 180.0   5.0 450.0                            LAT/LON1/LON2/DLON/H
  183  197  206  209  217  225  232  238  242  245  245  244  242  239  235  232
  229  226  224  222  221  220  219  218  219  222  225  227  228  230  233  239
  245  250  251  248  242  235  225  214  202  189  178  168  159  151  144  138
  134  130  128  125  122  118  115  113  112  112  113  113  114  116  119  123
  128  137  147  156  166  182  195  200  183                                   
    30.0-180.0 180.0   5.0 450.0                            LAT/LON1/LON2/DLON/H
  189  203  213  216  224  232  241  249  255  260  262  263  263  260  256  253
  249  246  243  241  239  237  235  234  235  239  244  248  251  254  259  265
  272  274  272  265  254  243  231  218  204  191  179  169  160  152  144  138
  134  131  129  127  123  119  115  111  110  110  111  112  114  116  120  125
  130  139  149  159  170  187  201  207  189                                   
    27.5-180.0 180.0   5.0 450.0                            LAT/LON1/LON2/DLON/H
  197  212  222  224  233  242  252  261  269  276  281  285  285  284  281  277
  274  270  266  263  259  256  252  250  252  257  265  271  276  281  287  294
  299  299  291  278  262  246  231  217  202  189  176  165  155  147  140  135
  131  129  127  125  122  117  112  108  107  107  109  111  112  115  119  124
  130  140  151  162  174  192  207  214  197                                   
    25.0-180.0 180.0   5.0 450.0                            LAT/LON1/LON2/DLON/H
  206  221  232  234  245  255  265  275  285  295  302  308  311  311  309  306
  302  297  292  287  281  276  271  269  271  278  287  296  303  309  315  321
  324  319  306  286  265  245  227  210  195  180  167  156  146  138  132  128
  125  124  123  121  118  113  108  104  103  103  105  108  110  112  116  122
  129  140  152  164  177  195  211  220  206                                   
    22.5-180.0 180.0   5.0 450.0                            LAT/LON1/LON2/DLON/H
  216  231  242  246  257  269  280  291  303  314  324  332  337  339  339  337
  334  328  321  314  306  298  292  289  292  300  310  321  328  334  340  343
  342  332  313  287  261  238  217  199  183  168  154  143  133  126  121  118
  117  116  116  115  112  108  103   99   98   99  102  105  107  109  113  119
  127  140  152  166  180  198  214  225  216                                   
    20.0-180.0 180.0   5.0 450.0                            LAT/LON1/LON2/DLON/H
  223  238  251  257  269  283  295  307  320  333  345  355  362  367  369  369
  366  361  352  343  333  323  316  312  315  324  335  345  352  356  359  359
  353  338  313  283  254  228  206  187  170  154  141  129  120  114  110  109
  109  109  109  108  105  102   97   94   93   95   98  101  103  105  109  116
  124  139  152  167  181  199  216  228  223                                   
    17.5-180.0 180.0   5.0 450.0                            LAT/LON1/LON2/DLON/H
  228  244  257  265  279  294  307  320  334  349  362  374  383  390  396  398
  397  392  383  372  361  350  342  339  341  350  360  368  373  374  373  369
  358  337  309  277  247  220  197  177  159  144  131  121  113  107  104  104
  104  104  103  101   99   96   92   89   88   90   94   97   99  101  105  113
  122  137  151  166  181  197  214  229  228                                   
    15.0-180.0 180.0   5.0 450.0                            LAT/LON1/LON2/DLON/H
  230  246  260  270  285  301  314  328  343  359  373  386  398  407  416  421
  423  419  411  400  388  377  370  367  369  377  385  391  391  388  383  373
  358  335  305  273  243  217  194  174  156  141  130  121  114  108  105  104
  103  102  100   97   94   91   87   84   84   86   89   93   95   97  101  108
  118  133  148  163  178  194  211  227  230                                   
    12.5-180.0 180.0   5.0 450.0                            LAT/LON1/LON2/DLON/H
  230  248  262  273  288  304  317  331  346  362  377  391  404  416  426  435
  440  439  433  423  412  402  396  394  397  403  409  410  407  400  389  376
  357  332  302  273  245  221  199  179  162  149  140  132  125  119  115  111
  108  104  100   96   92   89   85   82   80   82   85   88   89   92   96  104
  113  129  144  158  173  189  207  224  230                                   
    10.0-180.0 180.0   5.0 450.0                            LAT/LON1/LON2/DLON/H
  229  249  264  276  290  304  317  329  344  360  374  389  402  415  428  439
  446  448  445  437  429  422  419  419  422  426  429  427  419  408  394  378
  357  331  304  277  254  233  212  193  176  166  159  153  146  138  131  124
  117  110  103   97   92   89   84   80   78   78   80   82   84   86   91   98
  107  122  137  152  167  184  203  221  229                                   
     7.5-180.0 180.0   5.0 450.0                            LAT/LON1/LON2/DLON/H
  229  251  268  279  293  305  316  326  340  354  368  382  395  407  421  433
  442  447  447  443  439  435  435  437  441  444  444  439  428  414  398  379
