data/edconvlstm_nd/pred2300.15i
     1.0            IONOSPHERE MAPS     GNSS                IONEX VERSION / TYPE
pyspatialgeodesy        IME             05-JAN-18 20:20     PGM / RUN BY / DATE 
Map Name                                                    COMMENT             
Predicted global ionosphere maps (GIM).                     DESCRIPTION         
  2015     8    18     0     0     0                        EPOCH OF FIRST MAP  
  2015     8    19     0     0     0                        EPOCH OF LAST MAP   
  7200                                                      INTERVAL            
    13                                                      # OF MAPS IN FILE   
  NONE                                                      MAPPING FUNCTION    
10.0                                                        ELEVATION CUTOFF    
One-way carrier phase leveled to code                       OBSERVABLES USED    
  6371.0                                                    BASE RADIUS         
 2                                                          MAP DIMENSION       
   450.0 450.0   0.0                                        HGT1 / HGT2 / DHGT  
    87.5 -87.5  -2.5                                        LAT1 / LAT2 / DLAT  
  -180.0 180.0   5.0                                        LON1 / LON2 / DLON  
    -1                                                      EXPONENT            
                                                            END OF HEADER       
[from data line 429]
     2                                                      START OF TEC MAP    
  2015     8    18     2     0     0                        EPOCH OF CURRENT MAP
    87.5-180.0 180.0   5.0 450.0                            LAT/LON1/LON2/DLON/H
   94  100  100  101   99   98   96   95   96   96   97   98   99   99  100  100
  100  100  100  100   99   99   98   97   96   95   94   93   92   91   91   90
   89   89   88   88   87   87   87   87   87   86   86   86   86   86   86   86
   86   86   86   86   86   85   85   85   85   85   85   85   85   85   85   86
   87   88   87   87   90   98  103   96   94                                   
    85.0-180.0 180.0   5.0 450.0                            LAT/LON1/LON2/DLON/H
   96  109   97  104  106  106  105  105  106  107  107  108  109  109  110  110
  110  109  109  108  107  106  105  103  102  100   99   98   96   95   94   94
   93   93   92   92   92   92   92   92   92   92   92   92   92   92   92   91
   91   91   91   91   91   91   91   92   92   92   92   92   93   93   93   94
   96   97   95   97   98  101  107   98   96                                   
    82.5-180.0 180.0   5.0 450.0                            LAT/LON1/LON2/DLON/H
  100  102  116  111  109  111  111  112  114  115  116  117  118  119  119  119
  119  118  117  116  114  112  110  108  105  103  100   98   97   95   94   93
   93   92   92   93   93   93   94   94   94   95   95   95   94   94   94   94
   94   94   94   94   94   95   95   95   96   96   97   97   98   98   98  100
  100  101   99   98  107   96   98   97  100                                   
    80.0-180.0 180.0   5.0 450.0                            LAT/LON1/LON2/DLON/H
  111  109  109  107  107  106  110  111  114  116  116  118  119  119  120  120
  119  118  117  115  112  110  107  103  100   97   94   91   89   87   86   85
   85   85   86   87   88   89   90   90   91   91   91   91   91   91   90   90
   90   90   90   90   90   91   92   92   93   93   94   95   95   96   96   98
   98   97   96   95  109  103  105  102  111                                   
    77.5-180.0 180.0   5.0 450.0                            LAT/LON1/LON2/DLON/H
  113  112  108  110  104  106  111  114  116  118  118  120  121  121  121  121
  120  119  117  115  112  109  105  101   97   93   89   86   84   82   81   81
   81   82   83   84   86   87   89   90   91   91   91   91   91   91   90   90
   90   90   91   91   92   93   93   94   95   95   96   97   97   97   98   99
   99  100   97   99  106  100  101  103  113                                   
    75.0-180.0 180.0   5.0 450.0                            LAT/LON1/LON2/DLON/H
  109  109  108  111  105  107  109  112  115  115  115  116  116  116  116  115
  114  112  110  108  105  101   97   92   88   83   79   76   73   71   71   71
   72   73   74   76   78   80   81   82   83   83   84   84   83   83   83   83
   84   84   85   86   87   88   89   90   91   92   93   94   94   95   96   97
   97   97   96   93  101  100  100  102  109                                   
    72.5-180.0 180.0   5.0 450.0                            LAT/LON1/LON2/DLON/H
  104  110  110  112  108  109  112  115  117  117  116  117  115  114  112  111
  109  108  106  103  100   97   92   88   83   78   74   71   68   67   67   67
   68   70   72   73   75   76   78   79   79   80   80   80   80   81   81   82
   83   84   85   87   88   89   91   92   93   94   95   96   97   97   99  100
  101  101  102   99  103  102  101  104  104                                   
    70.0-180.0 180.0   5.0 450.0                            LAT/LON1/LON2/DLON/H
  107  111  113  115  110  111  113  116  118  118  116  115  112  109  106  104
  102  100   98   96   94   91   86   82   77   73   69   66   64   63   63   64
   65   67   68   69   70   70   71   72   72   73   73   74   75   76   77   79
   80   82   84   86   88   90   91   93   94   95   97   98   99   99  101  103
  103  103  104  103  107  106  106  106  107                                   
    67.5-180.0 180.0   5.0 450.0                            LAT/LON1/LON2/DLON/H
  108  112  112  114  109  110  112  114  116  115  112  109  105  101   97   94
   91   89   88   86   84   82   78   74   69   65   62   60   58   58   58   59
   59   60   60   60   60   59   59   60   60   61   62   63   64   66   68   71
   73   76   78   81   83   85   87   89   90   92   93   95   96   97   99  101
  101  101  103  102  106  106  106  108  108                                   
    65.0-180.0 180.0   5.0 450.0                            LAT/LON1/LON2/DLON/H
  109  112  112  113  109  108  110  113  115  113  110  106  101   96   91   86
   83   82   81   80   78   75   72   68   64   61   58   57   56   56   56   56
   56   55   54   52   51   50   49   49   50   51   52   54   57   60   62   66
   69   72   75   77   80   82   84   86   89   91   93   95   97   98  100  102
  102  102  104  103  108  108  110  112  109                                   
    62.5-180.0 180.0   5.0 450.0                            LAT/LON1/LON2/DLON/H
  112  114  113  115  110  108  110  112  114  112  109  105  100   94   88   83
   80   78   77   75   74   71   68   64   61   58   56   55   55   56   55   55
   53   51   49   46   44   42   41   41   42   44   46   49   52   56   60   63
   67   70   73   76   78   81   83   86   89   92   95   98  100  102  104  106
  106  105  107  105  109  110  113  117  112                                   
    60.0-180.0 180.0   5.0 450.0                            LAT/LON1/LON2/DLON/H
  114  115  114  116  110  107  109  110  112  110  107  104   98   92   86   81
   77   75   73   72   70   66   63   59   56   54   53   54   54   54   54   52
   50   47   43   40   37   35   34   35   36   39   42   45   49   53   58   62
   66   70   73   75   77   80   82   86   89   93   97  101  104  106  107  109
  109  108  109  106  110  112  114  119  114                                   
    57.5-180.0 180.0   5.0 450.0                            LAT/LON1/LON2/DLON/H
  118  118  117  118  112  108  109  110  111  109  106  103   98   93   87   82
   78   75   72   70   66   62   58   54   52   50   51   51   52   52   51   49
   46   43   39   36   33   32   31   32   34   37   41   45   49   54   59   64
   68   72   74   76   78   81   84   87   92   97  101  105  109  111  113  115
  114  112  112  109  112  114  117  123  118                                   
    55.0-180.0 180.0   5.0 450.0                            LAT/LON1/LON2/DLON/H
  121  121  121  122  115  111  111  111  111  108  105  103   98   93   88   83
   79   75   72   68   63   58   53   49   47   46   47   48   49   49   48   45
   42   39   36   34   32   32   32   33   36   39   43   47   52   57   62   67
   72   75   78   79   81   84   87   91   96  102  107  111  115  117  119  120
  119  117  116  113  114  116  118  125  121                                   
    52.5-180.0 180.0   5.0 450.0                            LAT/LON1/LON2/DLON/H
  124  125  126  127  120  116  116  115  114  110  106  103   99   95   90   85
   80   76   72   67   61   55   50   46   44   44   45   46   47   46   44   42
   39   38   36   35   35   35   36   38   40   44   47   51   56   61   66   72
   77   80   83   84   86   89   93   98  103  109  113  117  120  122  124  126
  125  122  121  117  117  118  120  127  124                                   
    50.0-180.0 180.0   5.0 450.0                            LAT/LON1/LON2/DLON/H
  127  130  131  134  127  124  123  121  119  113  108  105  101   96   92   87
   82   77   73   67   61   54   49   45   43   43   45   46   45   44   42   40
   39   39   39   40   41   42   43   45   47   50   53   57   61   66   71   78
   83   87   90   92   94   97  102  107  113  118  121  124  126  127  129  131
  130  128  127  122  122  121  122  128  127                                   
    47.5-180.0 180.0   5.0 450.0                            LAT/LON1/LON2/DLON/H
  129  133  136  140  135  133  132  130  126  119  113  108  104   99   94   89
   84   79   74   69   63   56   51   47   46   46   47   48   46   44   42   41
   41   43   45   48   49   51   52   53   55   57   59   62   65   70   76   83
   90   95   98  101  104  108  113  119  124  128  131  132  132  132  133  135
  135  134  133  128  127  124  124  129  129                                   
    45.0-180.0 180.0   5.0 450.0                            LAT/LON1/LON2/DLON/H
  130  137  140  145  143  142  142  139  135  127  119  114  108  102   97   91
   86   82   78   72   67   61   56   53   52   52   53   52   50   47   45   44
   46   50   54   57   59   60   61   62   63   64   65   67   70   74   81   89
   97  103  108  111  116  121  126  132  137  140  140  140  138  137  138  140
  141  141  140  135  133  127  128  131  130                                   
    42.5-180.0 180.0   5.0 450.0                            LAT/LON1/LON2/DLON/H
  131  139  143  149  149  149  150  147  143  135  127  121  114  107  101   95
   90   86   82   77   73   67   63   61   60   61   61   59   56   53   51   51
   54   59   64   67   69   69   69   69   69   69   70   71   73   78   85   94
  103  110  116  122  127  133  140  146  150  152  151  149  147  145  145  148
  149  150  150  144  140  133  133  135  131                                   
    40.0-180.0 180.0   5.0 450.0                            LAT/LON1/LON2/DLON/H
  133  142  146  152  153  155  156  154  151  143  135  128  121  113  106  100
   95   91   87   83   79   75   72   70   70   70   69   67   64   60   59   60
   64   69   74   77   77   76   75   74   74   75   75   75   77   82   89   99
  108  117  124  131  138  146  153  159  164  165  164  161  158  156  156  159
  161  163  162  156  151  141  141  143  133                                   
    37.5-180.0 180.0   5.0 450.0                            LAT/LON1/LON2/DLON/H
  140  148  151  156  157  158  159  158  156  149  141  135  127  120  113  106
  101   97   93   89   85   82   79   78   78   78   77   75   72   69   68   70
   74   79   83   84   84   82   80   79   79   80   80   80   82   86   93  103
  113  122  130  139  148  157  165  172  176  178  177  175  172  171  172  175
  177  180  179  173  166  155  154  155  140                                   
    35.0-180.0 180.0   5.0 450.0                            LAT/LON1/LON2/DLON/H
  153  159  160  162  161  160  162  161  159  153  147  141  134  126  119  113
  107  103   98   94   90   87   85   84   85   85   84   82   79   77   77   79
   83   87   90   90   88   85   84   84   85   86   86   86   86   90   96  106
  116  126  135  145  156  167  176  183  188  190  190  190  190  190  192  196
  199  202  201  195  187  174  173  174  153                                   
    32.5-180.0 180.0   5.0 450.0                            LAT/LON1/LON2/DLON/H
  173  177  175  173  169  165  165  163  162  157  151  146  139  132  126  120
  114  108  103   98   93   91   89   89   89   89   88   86   84   83   84   87
   90   93   93   92   90   88   87   88   90   92   92   91   91   93   99  107
  117  128  139  150  163  175  185  193  199  202  204  206  209  211  215  221
  225  228  227  221  212  200  199  199  173                                   
    30.0-180.0 180.0   5.0 450.0                            LAT/LON1/LON2/DLON/H
  200  202  198  191  184  176  173  170  167  162  157  151  145  138  132  126
  120  113  106  100   95   92   92   92   92   91   90   89   88   88   89   91
   93   95   95   93   91   90   90   93   96   98   98   96   95   95  100  108
  118  129  141  154  168  182  194  203  209  213  217  222  228  233  239  246
  251  254  254  249  241  231  231  230  200                                   
    27.5-180.0 180.0   5.0 450.0                            LAT/LON1/LON2/DLON/H
  233  234  228  218  206  196  189  183  178  172  165  159  152  145  138  131
  124  116  107  100   95   94   94   94   94   93   92   90   90   90   91   93
   94   94   94   92   92   92   94   97  101  103  103  100   96   96  100  107
  118  129  143  157  173  189  203  213  220  225  231  237  245  253  262  269
  275  279  281  278  272  265  265  265  233                                   
    25.0-180.0 180.0   5.0 450.0                            LAT/LON1/LON2/DLON/H
  268  270  262  250  237  224  214  204  197  187  178  169  160  152  144  136
  128  118  108  100   96   96   97   98   98   96   93   91   90   90   91   92
   92   92   92   91   92   94   98  102  105  106  104  100   96   94   98  105
  116  129  144  161  179  197  213  225  233  239  244  252  261  271  281  290
  296  302  306  306  302  299  301  300  268                                   
    22.5-180.0 180.0   5.0 450.0                            LAT/LON1/LON2/DLON/H
  303  305  298  286  272  259  247  234  224  211  198  185  173  162  152  142
  131  119  109  101   98  100  102  104  102   99   95   92   91   90   89   89
   89   89   90   91   94   97  101  105  107  107  103   98   93   91   94  102
  114  129  146  166  187  207  225  239  248  254  259  265  275  286  297  307
  315  322  328  331  330  330  333  334  303                                   
    20.0-180.0 180.0   5.0 450.0                            LAT/LON1/LON2/DLON/H
  334  336  331  321  309  298  285  271  258  242  224  207  190  175  162  149
  135  122  111  105  104  107  111  112  109  104   98   94   91   89   87   87
   86   87   89   92   96  101  104  107  107  104  100   93   87   86   89   98
  112  129  149  171  195  218  239  255  265  270  274  279  288  299  311  323
  332  341  349  354  355  356  361  365  334                                   
    17.5-180.0 180.0   5.0 450.0                            LAT/LON1/LON2/DLON/H
  360  362  359  353  345  336  324  311  296  278  257  234  212  192  174  158
  142  128  118  113  114  118  122  122  117  109  101   95   91   88   86   85
   85   87   90   94   99  104  107  107  105  100   94   87   81   80   84   94
  109  129  151  176  202  228  251  269  281  287  289  294  302  313  326  339
  350  359  369  375  376  378  385  391  360                                   
    15.0-180.0 180.0   5.0 450.0                            LAT/LON1/LON2/DLON/H
  381  382  382  379  375  370  359  348  334  315  292  265  238  213  191  171
  153  138  129  126  128  133  136  133  124  114  104   97   92   88   86   85
   86   89   93   98  103  107  108  106  101   95   88   81   76   74   78   89
  106  127  152  179  207  235  261  282  295  301  304  308  316  329  343  357
  368  379  389  395  396  397  404  413  381                                   
    12.5-180.0 180.0   5.0 450.0                            LAT/LON1/LON2/DLON/H
  399  399  400  399  399  397  389  380  368  350  326  297  266  237  210  187
  168  153  145  143  146  150  150  143  131  117  106   98   93   89   88   88
   90   94   98  103  107  110  108  104   98   90   83   76   71   69   73   84
  102  124  150  178  209  239  267  289  305  313  317  322  332  346  363  378
  389  400  410  414  413  412  420  432  399                                   
    10.0-180.0 180.0   5.0 450.0                            LAT/LON1/LON2/DLON/H
  416  415  416  415  417  416  410  404  394  378  355  326  293  261  231  206
  187  173  166  165  167  169  164  152  136  119  107   99   95   92   91   93
   96  101  105  109  111  111  107  101   94   86   78   72   67   65   69   79
   96  118  145  174  206  237  267  292  309  319  326  334  347  365  383  399
  411  420  429  431  429  426  434  449  416                                   
     7.5-180.0 180.0   5.0 450.0                            LAT/LON1/LON2/DLON/H
  434  432  431  428  430  429  423  418  411  397  376  349  316  283  252  227
  208  195  189  188  188  185  174  157  137  120  108  101   97   96   97   99
