data/edconvlstm_nd/pred3310.15i
     1.0            IONOSPHERE MAPS     GNSS                IONEX VERSION / TYPE
pyspatialgeodesy        IME             05-JAN-18 20:20     PGM / RUN BY / DATE 
Map Name                                                    COMMENT             
Predicted global ionosphere maps (GIM).                     DESCRIPTION         
  2015    11    27     0     0     0                        EPOCH OF FIRST MAP  
  2015    11    28     0     0     0                        EPOCH OF LAST MAP   
  7200                                                      INTERVAL            
    13                                                      # OF MAPS IN FILE   
  NONE                                                      MAPPING FUNCTION    
10.0                                                        ELEVATION CUTOFF    
One-way carrier phase leveled to code                       OBSERVABLES USED    
  6371.0                                                    BASE RADIUS         
 2                                                          MAP DIMENSION       
   450.0 450.0   0.0                                        HGT1 / HGT2 / DHGT  
    87.5 -87.5  -2.5                                        LAT1 / LAT2 / DLAT  
  -180.0 180.0   5.0                                        LON1 / LON2 / DLON  
    -1                                                      EXPONENT            
                                                            END OF HEADER       
[from data line 4719]
    12                                                      START OF TEC MAP    
  2015    11    27    22     0     0                        EPOCH OF CURRENT MAP
    87.5-180.0 180.0   5.0 450.0                            LAT/LON1/LON2/DLON/H
  109  102   94   96  100   97   96   93   94   96   96   97   97   98   98   98
   98   98   97   97   96   95   94   93   92   90   89   88   87   85   84   83
   82   81   80   79   78   77   76   75   74   73   72   72   71   71   70   70
   70   69   69   69   70   70   70   71   71   72   72   73   74   74   75   76
   77   77   75   73   80   84  102  107  109                                   
    85.0-180.0 180.0   5.0 450.0                            LAT/LON1/LON2/DLON/H
  118  107  115   97   96  100   99  100  101  103  103  104  104  105  105  105
  105  105  105  104  103  102  101  100   99   97   96   94   93   91   90   88
   87   86   85   83   82   81   80   79   78   76   75   74   73   72   71   70
   70   69   69   69   69   70   70   71   71   72   73   74   75   77   78   79
   80   81   78   76   80   86   90   88  118                                   
    82.5-180.0 180.0   5.0 450.0                            LAT/LON1/LON2/DLON/H
  104   95   95   90   93   96   98   99  101  102  103  105  106  106  107  107
  107  106  105  104  102  101   99   97   94   92   90   88   86   84   82   81
   80   78   77   76   75   73   72   71   69   68   66   64   63   62   60   59
   59   58   58   58   59   60   61   62   63   64   66   67   69   70   71   72
   74   73   72   72   77   91   84   85  104                                   
    80.0-180.0 180.0   5.0 450.0                            LAT/LON1/LON2/DLON/H
   79   77   82   79   83   83   90   91   95   96   99  101  101  102  101  101
  100   98   97   95   93   91   89   86   84   82   79   77   75   74   72   71
   70   69   69   68   67   66   65   63   62   60   58   56   54   52   50   49
   48   48   48   48   49   51   52   54   55   57   59   60   62   63   64   65
   66   68   67   68   68   78   70   80   79                                   
    77.5-180.0 180.0   5.0 450.0                            LAT/LON1/LON2/DLON/H
   83   76   78   76   84   85   92   94   98  100  102  104  105  106  105  104
  102   99   97   94   92   89   86   83   80   77   74   72   70   68   67   66
   66   66   65   65   64   63   62   60   57   55   52   49   47   44   42   41
   40   40   41   42   44   46   49   51   53   56   57   59   60   60   61   61
   62   63   63   64   63   70   69   79   83                                   
    75.0-180.0 180.0   5.0 450.0                            LAT/LON1/LON2/DLON/H
   69   71   75   73   82   85   91   95  101  104  107  108  108  106  103  100
   96   92   89   85   82   79   76   73   70   68   65   63   61   60   60   60
   61   61   62   63   63   62   61   59   57   54   51   48   45   43   41   40
   39   40   41   43   45   47   50   53   56   58   60   61   61   61   61   61
   61   64   63   63   61   66   63   65   69                                   
    72.5-180.0 180.0   5.0 450.0                            LAT/LON1/LON2/DLON/H
   79   81   84   89   92   95  104  108  112  114  116  116  114  110  105   99
   93   87   82   77   73   70   67   64   61   58   55   53   51   50   50   50
   51   52   53   54   54   54   53   51   48   46   43   40   37   35   34   33
   33   34   36   39   42   45   49   52   55   57   58   59   59   58   57   56
   56   57   56   54   53   61   63   69   79                                   
    70.0-180.0 180.0   5.0 450.0                            LAT/LON1/LON2/DLON/H
   82   91   98  102  107  114  121  127  133  136  138  136  132  125  116  107
   98   90   83   77   73   69   66   63   60   57   55   52   51   50   49   50
   51   52   53   53   54   53   52   50   48   45   43   40   38   37   36   36
   37   38   41   44   47   51   54   58   61   62   63   63   62   61   60   59
   58   60   61   62   63   72   77   84   82                                   
    67.5-180.0 180.0   5.0 450.0                            LAT/LON1/LON2/DLON/H
  102  112  119  126  133  140  149  155  160  162  163  160  154  144  132  120
  107   97   88   80   75   70   67   63   60   56   53   50   48   47   46   46
   46   46   46   46   46   45   44   42   40   38   36   35   34   33   33   34
   35   38   40   44   47   51   55   59   61   63   63   63   61   60   58   58
   58   59   61   63   64   77   81   88  102                                   
    65.0-180.0 180.0   5.0 450.0                            LAT/LON1/LON2/DLON/H
  115  129  138  147  154  162  170  178  184  187  188  184  175  163  148  133
  119  106   95   86   80   74   70   65   61   57   54   51   48   46   45   44
   43   42   41   39   38   37   36   35   33   32   32   31   31   31   32   33
   34   36   38   41   45   49   52   56   58   59   59   59   57   56   55   55
   56   60   65   71   74   90   97  104  115                                   
    62.5-180.0 180.0   5.0 450.0                            LAT/LON1/LON2/DLON/H
  133  147  157  166  174  183  192  199  206  209  209  204  196  182  167  150
  134  120  107   97   88   81   75   69   64   59   54   51   48   46   44   42
   40   38   35   33   31   29   28   28   27   27   27   28   29   29   30   31
   32   33   35   38   41   44   47   50   52   53   53   53   52   51   51   53
   55   61   67   74   79   96  104  111  133                                   
    60.0-180.0 180.0   5.0 450.0                            LAT/LON1/LON2/DLON/H
  144  159  170  179  187  195  204  212  218  222  223  219  210  197  182  165
  149  134  121  108   98   89   80   73   66   61   56   52   49   47   45   42
   39   35   32   29   26   25   24   24   24   25   26   28   29   30   30   30
   30   30   31   32   34   37   40   43   44   45   45   45   44   44   46   50
   54   61   69   78   85  103  113  121  144                                   
    57.5-180.0 180.0   5.0 450.0                            LAT/LON1/LON2/DLON/H
  151  165  177  186  195  203  212  219  226  229  230  226  219  207  194  179
  164  149  135  121  108   96   86   77   70   63   59   55   53   51   48   45
   41   37   33   30   27   26   25   26   27   29   31   33   35   35   35   33
   32   30   30   30   31   33   36   38   39   40   40   40   40   42   45   51
   57   66   75   84   91  109  119  126  151                                   
    55.0-180.0 180.0   5.0 450.0                            LAT/LON1/LON2/DLON/H
  156  170  182  190  199  206  215  222  229  232  232  229  222  213  202  190
  176  162  146  130  115  102   90   81   73   68   63   60   58   56   54   50
   47   42   39   36   33   32   32   33   35   38   41   44   45   45   43   40
   37   34   32   32   32   33   35   36   37   38   38   38   39   42   47   55
   63   73   83   91   97  114  123  130  156                                   
    52.5-180.0 180.0   5.0 450.0                            LAT/LON1/LON2/DLON/H
  158  170  184  192  201  209  217  224  229  231  230  226  221  213  205  196
  185  171  154  137  120  106   94   85   79   74   71   68   66   64   61   58
   54   51   48   46   45   45   45   47   49   52   56   58   59   58   56   52
   47   43   40   39   38   39   40   40   41   40   40   40   41   45   52   62
   72   84   94  102  106  120  128  134  158                                   
    50.0-180.0 180.0   5.0 450.0                            LAT/LON1/LON2/DLON/H
  159  171  186  194  204  213  221  228  231  231  229  224  218  212  206  199
  189  176  159  141  124  110  100   93   88   85   82   79   77   74   70   66
   63   60   59   59   59   60   61   63   65   68   72   74   75   74   71   66
   61   57   53   51   49   49   49   49   48   47   46   45   47   51   60   71
   83   96  107  113  115  126  133  138  159                                   
    47.5-180.0 180.0   5.0 450.0                            LAT/LON1/LON2/DLON/H
  161  172  187  196  208  218  227  234  235  234  228  222  216  211  206  200
  191  178  162  144  128  116  108  104  101   99   96   93   88   83   78   74
   70   69   69   71   73   75   76   77   79   82   85   88   89   88   85   81
   77   72   69   66   64   62   61   60   58   56   54   52   54   59   68   81
   94  108  119  125  125  134  139  142  161                                   
    45.0-180.0 180.0   5.0 450.0                            LAT/LON1/LON2/DLON/H
  163  173  188  198  211  223  232  240  240  238  231  223  216  211  206  201
  192  180  164  147  134  125  120  119  118  116  112  105   98   90   83   78
   75   74   76   80   83   86   87   87   88   91   94   97   99   99   97   94
   90   87   84   81   79   76   74   71   69   65   62   60   61   66   76   89
  103  118  129  134  135  141  145  148  163                                   
    42.5-180.0 180.0   5.0 450.0                            LAT/LON1/LON2/DLON/H
  166  174  188  199  213  225  235  243  243  241  233  226  218  213  208  202
  194  181  167  153  142  137  135  136  136  132  125  115  104   93   84   78
   76   77   80   85   90   92   92   92   92   94   97  101  103  104  103  101
   99   97   95   93   90   87   83   80   77   73   69   66   67   72   82   95
  110  124  136  141  142  149  152  155  166                                   
    40.0-180.0 180.0   5.0 450.0                            LAT/LON1/LON2/DLON/H
  168  174  186  198  211  223  234  241  242  240  234  228  222  217  212  205
  197  185  173  161  154  151  151  152  151  145  134  120  106   93   83   77
   75   77   82   88   93   95   95   94   93   95   98  101  104  104  104  103
  103  102  101   98   95   92   88   84   81   77   73   70   71   76   86   99
  114  128  140  146  148  155  158  163  168                                   
    37.5-180.0 180.0   5.0 450.0                            LAT/LON1/LON2/DLON/H
  170  174  183  195  207  217  227  233  235  235  232  228  225  222  217  210
  202  192  182  173  168  166  166  165  160  150  136  120  104   91   82   78
   77   81   86   93   97   98   97   95   94   95   97  100  102  102  102  101
  101  100  100   98   95   91   88   84   81   77   74   72   73   79   89  102
  116  131  143  150  152  160  164  171  170                                   
    35.0-180.0 180.0   5.0 450.0                            LAT/LON1/LON2/DLON/H
  175  177  183  193  203  209  218  222  224  225  225  226  226  225  222  216
  209  201  193  187  183  179  176  171  162  149  133  117  103   92   86   84
   86   90   96  101  104  104  102   99   97   98   99  101  101  100   98   97
   96   95   94   93   90   88   85   82   79   77   74   73   75   81   92  106
  120  134  146  154  156  166  170  179  175                                   
    32.5-180.0 180.0   5.0 450.0                            LAT/LON1/LON2/DLON/H
  184  187  191  197  204  205  211  212  214  215  218  222  227  228  226  222
  216  210  205  200  195  188  180  170  158  143  128  115  105  100   98  100
  103  108  112  116  117  115  111  107  105  105  106  106  104  100   97   94
   92   90   89   87   86   84   82   80   79   77   75   75   78   86   97  112
  126  141  153  161  163  175  180  189  184                                   
    30.0-180.0 180.0   5.0 450.0                            LAT/LON1/LON2/DLON/H
  201  206  209  212  215  212  214  212  211  211  215  221  228  231  230  226
  222  219  215  210  203  192  178  164  150  137  126  118  115  116  120  125
  130  134  136  136  134  129  124  120  117  117  117  115  111  105   99   94
   91   88   86   84   83   83   82   81   80   79   78   79   83   92  106  121
  136  152  165  174  176  189  196  204  201                                   
    27.5-180.0 180.0   5.0 450.0                            LAT/LON1/LON2/DLON/H
  226  235  241  240  243  236  233  227  222  218  221  226  232  235  234  230
  227  224  221  215  204  189  172  156  143  135  130  131  136  144  153  160
  164  165  163  158  152  145  138  133  132  132  131  128  122  114  106   99
   94   90   87   85   85   86   86   86   85   83   83   84   90  101  116  134
  150  167  181  191  194  208  217  224  226                                   
    25.0-180.0 180.0   5.0 450.0                            LAT/LON1/LON2/DLON/H
  260  274  284  281  286  280  274  262  252  243  240  241  244  244  240  234
  230  226  222  214  200  183  165  152  144  142  147  156  168  181  193  199
  200  196  188  178  167  157  149  145  144  145  145  142  135  126  117  109
  102   96   92   91   91   93   93   93   92   89   88   90   97  110  128  149
  167  186  201  212  216  233  243  248  260                                   
    22.5-180.0 180.0   5.0 450.0                            LAT/LON1/LON2/DLON/H
  300  318  333  332  342  339  333  318  303  287  275  268  264  258  249  240
  232  226  220  209  194  178  164  156  156  163  176  192  210  225  235  237
  232  221  206  189  174  162  154  150  151  154  156  154  147  138  129  120
  112  105  101   99   99  101  102  101   98   95   93   95  103  118  139  162
  183  205  222  235  241  259  272  274  300                                   
    20.0-180.0 180.0   5.0 450.0                            LAT/LON1/LON2/DLON/H
  343  363  382  385  402  405  403  388  370  347  327  309  295  280  264  249
  236  227  217  205  192  179  172  173  182  198  218  238  255  266  271  266
  252  233  211  189  171  158  150  148  151  157  161  161  155  147  139  130
  122  115  109  107  107  109  109  107  103   98   96   98  107  123  147  173
  196  221  240  256  265  284  299  303  343                                   
    17.5-180.0 180.0   5.0 450.0                            LAT/LON1/LON2/DLON/H
  381  403  425  433  459  469  475  463  445  419  390  362  336  311  287  264
  246  231  219  207  197  191  194  205  223  245  266  284  295  298  292  277
  255  229  203  179  161  148  142  142  147  155  161  163  159  153  145  137
  129  122  116  113  113  114  114  111  105   99   96   98  108  126  151  179
  205  233  254  273  285  306  325  330  381                                   
    15.0-180.0 180.0   5.0 450.0                            LAT/LON1/LON2/DLON/H
  410  434  458  469  503  521  536  531  517  491  458  421  385  351  317  287
  263  243  229  218  213  217  229  249  273  297  315  324  323  313  294  270
  242  213  187  164  148  137  133  135  142  151  159  162  160  154  147  140
  133  126  120  117  117  118  116  112  105   98   95   98  109  128  154  183
  210  240  264  285  300  324  345  354  410                                   
    12.5-180.0 180.0   5.0 450.0                            LAT/LON1/LON2/DLON/H
  428  452  477  489  527  552  576  580  574  553  520  480  438  396  355  319
  289  266  250  242  243  255  275  301  327  346  353  348  332  308  279  249
  220  193  170  152  139  132  130  133  140  150  157  161  159  154  147  141
  134  128  122  119  119  119  117  112  104   97   94   98  110  130  156  186
  214  245  270  292  310  336  361  373  428                                   
    10.0-180.0 180.0   5.0 450.0                            LAT/LON1/LON2/DLON/H
  435  459  482  493  532  561  591  603  607  594  567  529  486  441  398  359
  326  300  284  279  285  303  329  356  377  384  376  354  323  289  255  225
  199  178  162  150  142  138  138  141  148  155  161  163  160  155  148  142
  135  129  125  122  120  120  117  110  102   96   94   99  113  134  160  189
  217  248  275  297  316  344  372  386  435                                   
     7.5-180.0 180.0   5.0 450.0                            LAT/LON1/LON2/DLON/H
  437  458  479  486  521  549  583  601  614  610  593  562  524  482  441  403
  369  344  329  326  336  357  383  405  414  406  380  344  303  265  232  206
