data/edconvlstm_nd/pred2680.15i
     1.0            IONOSPHERE MAPS     GNSS                IONEX VERSION / TYPE
pyspatialgeodesy        IME             05-JAN-18 20:20     PGM / RUN BY / DATE 
Map Name                                                    COMMENT             
Predicted global ionosphere maps (GIM).                     DESCRIPTION         
  2015     9    25     0     0     0                        EPOCH OF FIRST MAP  
  2015     9    26     0     0     0                        EPOCH OF LAST MAP   
  7200                                                      INTERVAL            
    13                                                      # OF MAPS IN FILE   
  NONE                                                      MAPPING FUNCTION    
10.0                                                        ELEVATION CUTOFF    
One-way carrier phase leveled to code                       OBSERVABLES USED    
  6371.0                                                    BASE RADIUS         
 2                                                          MAP DIMENSION       
   450.0 450.0   0.0                                        HGT1 / HGT2 / DHGT  
    87.5 -87.5  -2.5                                        LAT1 / LAT2 / DLAT  
  -180.0 180.0   5.0                                        LON1 / LON2 / DLON  
    -1                                                      EXPONENT            
                                                            END OF HEADER       
[from data line 2574]
     7                                                      START OF TEC MAP    
  2015     9    25    12     0     0                        EPOCH OF CURRENT MAP
    87.5-180.0 180.0   5.0 450.0                            LAT/LON1/LON2/DLON/H
   83   93   94   98  102  102  101   98   99  101  100  101  100  100  100  100
   99   99   99   99   99   99   99  100  100  100  101  101  101  101  101  101
  100  100   99   98   97   96   95   94   93   92   91   90   90   89   89   88
   88   88   87   87   87   87   87   87   87   87   87   87   87   88   88   89
   90   91   90   87   91   90  102  101   83                                   
    85.0-180.0 180.0   5.0 450.0                            LAT/LON1/LON2/DLON/H
   85   97  109   99  100  105  104  105  105  107  105  106  105  105  104  103
  103  103  103  103  104  104  105  106  107  108  109  110  110  111  111  110
  110  109  109  107  106  105  103  102  100   99   98   96   95   94   93   92
   91   90   90   89   89   89   89   89   89   89   89   90   90   91   91   92
   94   95   91   88   88   92   99  100   85                                   
    82.5-180.0 180.0   5.0 450.0                            LAT/LON1/LON2/DLON/H
   76   92   99   93   93   98   99  100  100  100   99   99   97   96   95   94
   93   93   93   93   94   96   97   99  101  103  106  108  109  111  111  112
  112  111  110  109  108  106  104  103  101   99   97   95   93   91   90   88
   87   86   85   84   83   83   82   82   82   81   81   81   82   82   82   83
   85   86   83   81   83   91   89   88   76                                   
    80.0-180.0 180.0   5.0 450.0                            LAT/LON1/LON2/DLON/H
   66   76   84   82   82   83   84   86   87   87   85   84   82   80   78   77
   76   76   76   78   79   82   85   88   92   96   99  102  105  108  109  110
  110  110  109  108  106  104  102  100   98   96   93   91   89   86   84   82
   81   79   78   76   75   74   73   72   71   70   70   69   69   69   68   69
   70   71   70   69   70   78   81   81   66                                   
    77.5-180.0 180.0   5.0 450.0                            LAT/LON1/LON2/DLON/H
   62   67   70   68   69   72   72   74   75   74   71   70   68   66   64   63
   62   62   63   65   68   71   76   81   86   91   97  101  105  109  111  113
  113  113  113  111  110  108  106  103  101   99   96   93   91   88   86   84
   82   80   79   77   75   73   71   70   68   66   64   62   61   60   59   58
   58   58   57   58   59   61   65   69   62                                   
    75.0-180.0 180.0   5.0 450.0                            LAT/LON1/LON2/DLON/H
   46   52   53   54   56   59   59   60   61   61   58   57   54   52   51   50
   49   50   51   54   57   62   68   74   81   88   94  100  105  109  112  114
  116  116  116  115  114  112  111  109  107  105  103  101   99   97   94   92
   90   88   86   83   81   78   75   72   69   66   62   60   57   54   52   51
   49   48   47   45   48   49   53   50   46                                   
    72.5-180.0 180.0   5.0 450.0                            LAT/LON1/LON2/DLON/H
   36   42   43   45   47   50   52   53   53   53   50   49   47   46   44   43
   43   44   46   49   54   59   65   73   80   87   95  101  107  111  115  117
  119  120  120  120  120  119  119  118  117  116  115  113  111  109  107  105
  103  101   98   95   92   88   84   79   74   70   65   61   57   54   51   49
   46   44   42   39   41   42   44   45   36                                   
    70.0-180.0 180.0   5.0 450.0                            LAT/LON1/LON2/DLON/H
   31   35   38   40   41   42   44   45   46   47   45   44   43   41   41   40
   41   43   45   49   53   59   66   74   81   89   96  103  109  113  117  120
  122  123  124  125  125  126  126  126  126  126  126  125  123  122  120  118
  116  113  110  106  102   97   91   85   80   74   69   64   60   56   52   50
   46   43   41   38   39   38   42   44   31                                   
    67.5-180.0 180.0   5.0 450.0                            LAT/LON1/LON2/DLON/H
   27   32   35   37   38   39   41   42   43   44   43   43   43   42   42   43
   44   46   49   53   58   63   70   77   84   91   98  104  109  114  117  120
  123  125  126  128  129  130  130  131  132  132  132  131  131  129  128  126
  124  122  118  114  109  103   97   90   84   78   72   67   63   60   57   54
   51   47   44   40   39   38   40   41   27                                   
    65.0-180.0 180.0   5.0 450.0                            LAT/LON1/LON2/DLON/H
   28   32   34   36   36   37   38   40   41   42   42   43   43   44   45   46
   49   51   54   58   62   68   73   80   87   93   99  105  110  114  119  122
  126  128  131  132  134  135  135  136  136  137  137  137  136  135  134  132
  130  127  123  119  113  107  100   93   87   81   75   71   67   64   62   60
   57   53   51   45   44   43   45   46   28                                   
    62.5-180.0 180.0   5.0 450.0                            LAT/LON1/LON2/DLON/H
   30   34   34   36   35   36   37   38   39   40   40   41   42   44   46   49
   52   55   58   61   65   70   75   81   87   93   99  104  109  114  119  124
  129  132  135  137  138  138  138  138  138  138  137  137  137  136  135  133
  131  128  124  119  113  107  100   94   87   82   77   73   70   68   66   64
   62   58   56   50   48   46   48   49   30                                   
    60.0-180.0 180.0   5.0 450.0                            LAT/LON1/LON2/DLON/H
   34   36   36   36   34   34   34   35   35   36   36   38   39   42   45   48
   51   55   58   61   64   68   73   79   84   90   96  102  108  114  121  127
  133  138  141  142  142  141  140  138  137  136  136  135  135  134  133  131
  129  126  122  117  111  105   99   93   88   83   78   75   72   70   68   66
   64   61   58   53   51   48   50   50   34                                   
    57.5-180.0 180.0   5.0 450.0                            LAT/LON1/LON2/DLON/H
   39   38   38   37   34   34   34   33   33   34   34   35   36   39   42   45
   49   52   55   58   61   65   70   76   82   89   95  101  109  116  125  133
  141  147  150  152  151  148  145  142  139  138  137  137  136  136  135  133
  131  127  123  119  113  108  102   97   92   88   84   81   78   75   72   69
   67   63   61   56   53   50   51   52   39                                   
    55.0-180.0 180.0   5.0 450.0                            LAT/LON1/LON2/DLON/H
   45   42   41   40   36   35   35   34   33   33   32   32   33   35   38   41
   44   48   51   54   57   62   67   74   81   88   95  102  111  120  131  142
  151  158  162  163  160  156  152  147  144  142  141  141  141  141  140  138
  136  132  128  124  118  113  109  104  100   97   93   90   86   81   77   73
   69   65   63   58   55   52   52   53   45                                   
    52.5-180.0 180.0   5.0 450.0                            LAT/LON1/LON2/DLON/H
   51   47   46   44   40   39   38   37   35   34   32   32   31   32   34   37
   40   44   47   51   55   60   66   74   82   89   97  105  115  126  138  151
  162  170  174  175  172  167  161  156  152  149  148  149  149  149  149  147
  145  141  137  132  127  122  118  115  112  109  105  101   96   90   85   79
   74   69   67   61   59   55   55   55   51                                   
    50.0-180.0 180.0   5.0 450.0                            LAT/LON1/LON2/DLON/H
   58   54   52   51   46   46   44   42   40   38   35   34   32   32   33   36
   38   42   45   50   55   61   69   77   86   94  101  110  120  131  145  159
  171  180  185  186  183  178  173  167  163  161  160  160  160  161  161  159
  156  152  147  141  136  132  128  125  123  121  118  114  108  101   94   87
   81   75   73   67   64   61   60   60   58                                   
    47.5-180.0 180.0   5.0 450.0                            LAT/LON1/LON2/DLON/H
   65   61   60   59   55   54   53   51   48   45   41   39   36   35   35   37
   40   43   48   53   59   66   75   84   92  100  108  115  125  136  150  164
  177  188  194  196  195  191  186  181  177  174  173  173  173  173  172  170
  166  161  155  149  144  139  135  132  131  129  127  123  118  111  103   96
   90   84   80   75   72   69   68   67   65                                   
    45.0-180.0 180.0   5.0 450.0                            LAT/LON1/LON2/DLON/H
   71   69   67   68   63   64   63   61   57   54   50   47   44   42   42   42
   45   48   53   59   66   74   83   92  101  108  114  121  129  140  153  167
  181  192  201  205  206  205  202  198  194  190  187  186  185  184  182  178
  173  167  160  153  147  141  137  135  133  132  131  129  124  118  111  105
   98   92   89   84   82   80   78   76   71                                   
    42.5-180.0 180.0   5.0 450.0                            LAT/LON1/LON2/DLON/H
   75   75   74   75   71   72   71   69   67   64   60   58   55   53   51   51
   53   57   62   69   76   84   93  101  109  115  121  126  132  142  154  168
  182  195  206  214  219  220  219  216  212  207  202  198  195  192  189  183
  177  170  162  154  146  140  135  132  130  130  130  129  126  121  116  110
  105  100   97   93   91   90   89   86   75                                   
    40.0-180.0 180.0   5.0 450.0                            LAT/LON1/LON2/DLON/H
   77   78   77   79   76   78   77   76   74   72   70   69   68   66   64   63
   64   67   72   79   86   94  102  109  116  122  126  130  136  143  154  168
  184  199  213  225  233  238  239  237  232  225  218  212  206  201  195  189
  181  173  163  155  146  138  132  128  126  125  126  125  124  121  117  113
  109  105  103   99   98   97   97   94   77                                   
    37.5-180.0 180.0   5.0 450.0                            LAT/LON1/LON2/DLON/H
   77   79   78   80   78   79   79   79   78   78   78   80   80   80   78   76
   75   77   82   88   95  102  109  115  122  127  131  135  139  146  157  172
  189  207  225  240  252  259  262  260  254  245  236  227  220  213  207  199
  191  182  172  162  152  143  135  129  125  124  124  123  122  120  116  113
  110  107  105  102  101  101  101   98   77                                   
    35.0-180.0 180.0   5.0 450.0                            LAT/LON1/LON2/DLON/H
   76   78   76   78   76   78   78   79   80   82   85   89   92   93   91   88
   86   87   91   96  103  108  114  120  126  132  136  140  145  152  164  180
  200  222  243  262  276  285  288  285  278  269  258  249  241  234  228  221
  212  203  193  182  171  160  150  142  136  132  130  128  125  122  118  114
  110  107  105  102  100  100  101   97   76                                   
    32.5-180.0 180.0   5.0 450.0                            LAT/LON1/LON2/DLON/H
   75   75   74   75   73   74   76   77   80   83   88   95  101  103  102   98
   94   94   97  103  108  113  118  124  130  136  142  147  153  162  176  195
  218  244  268  289  304  313  316  313  306  296  286  277  271  266  261  256
  249  240  230  219  206  194  182  170  161  154  149  143  138  131  124  118
  112  107  104  101   98   97   97   94   75                                   
    30.0-180.0 180.0   5.0 450.0                            LAT/LON1/LON2/DLON/H
   75   74   72   72   70   71   73   75   79   84   91   99  107  110  109  105
  101   99  102  107  113  118  122  128  135  142  149  155  164  175  193  216
  243  272  299  321  336  344  345  342  335  327  319  314  310  309  308  306
  301  294  284  271  258  243  229  215  202  191  182  172  161  150  139  129
  120  112  107  101   97   94   94   91   75                                   
    27.5-180.0 180.0   5.0 450.0                            LAT/LON1/LON2/DLON/H
   79   77   74   72   70   70   72   75   79   84   92  101  109  114  113  109
  104  103  106  111  117  122  127  133  140  148  156  165  177  192  214  241
  273  304  333  354  368  374  374  370  365  360  357  356  358  361  364  366
  364  358  348  335  320  303  287  270  254  240  225  211  195  179  162  148
  134  123  115  106  100   94   93   89   79                                   
    25.0-180.0 180.0   5.0 450.0                            LAT/LON1/LON2/DLON/H
   87   84   80   76   73   73   75   77   81   85   92  101  109  113  113  109
  105  105  108  114  121  127  133  139  147  155  165  176  191  211  237  269
  304  338  366  386  397  401  399  396  393  393  395  400  407  416  423  428
  429  424  414  400  383  364  345  326  308  290  272  254  234  213  193  174
  156  142  130  118  109  101   98   92   87                                   
    22.5-180.0 180.0   5.0 450.0                            LAT/LON1/LON2/DLON/H
   99   96   91   85   81   79   80   81   84   87   92   99  105  110  110  107
  104  105  109  116  124  132  138  145  153  162  173  187  205  230  261  297
  334  368  395  413  421  422  420  418  418  423  431  441  453  465  476  483
  485  481  470  453  433  412  391  370  351  332  313  293  271  248  225  204
  184  167  152  137  125  113  108  100   99                                   
    20.0-180.0 180.0   5.0 450.0                            LAT/LON1/LON2/DLON/H
  115  112  106   98   92   88   87   87   88   89   91   96  100  103  104  103
  102  104  110  118  127  136  143  151  159  168  181  197  220  249  284  322
  359  392  417  432  438  438  436  436  439  448  460  474  489  503  514  521
  522  515  502  483  460  437  415  395  376  357  339  320  299  277  255  234
  213  196  179  161  146  132  124  113  115                                   
    17.5-180.0 180.0   5.0 450.0                            LAT/LON1/LON2/DLON/H
  132  131  123  112  105   98   96   93   93   91   91   92   94   97   98   98
   99  103  111  120  130  139  147  155  164  175  189  209  236  268  304  342
  378  409  431  443  448  448  447  449  456  467  481  496  511  523  531  535
  532  523  507  486  462  439  417  398  380  364  349  333  316  297  277  258
  240  223  205  187  170  153  142  129  132                                   
    15.0-180.0 180.0   5.0 450.0                            LAT/LON1/LON2/DLON/H
  148  148  139  127  118  109  105   99   96   93   90   89   89   90   92   94
   97  103  112  122  131  141  150  159  169  182  200  224  253  287  324  359
  392  419  437  448  452  454  455  460  469  481  495  508  519  527  530  528
  520  507  488  467  444  422  403  385  370  357  345  333  321  306  291  276
  260  246  229  212  193  175  161  146  148                                   
    12.5-180.0 180.0   5.0 450.0                            LAT/LON1/LON2/DLON/H
  161  163  153  139  129  117  111  104   99   94   90   87   85   86   88   91
   96  104  113  123  133  142  152  163  176  193  215  242  274  308  342  374
  401  423  439  448  454  458  463  470  480  492  503  512  518  519  515  506
  493  477  457  437  417  398  381  366  353  343  334  326  318  307  296  284
  272  261  246  230  212  193  178  161  161                                   
    10.0-180.0 180.0   5.0 450.0                            LAT/LON1/LON2/DLON/H
  170  172  161  148  137  123  116  107  101   95   90   86   84   84   85   89
   96  105  115  126  135  144  155  168  185  207  234  265  298  330  360  387
  408  426  438  447  454  462  470  480  490  500  507  512  511  506  496  482
  464  446  427  409  393  378  365  352  341  331  324  318  312  304  296  286
  276  267  254  241  224  205  191  173  170                                   
     7.5-180.0 180.0   5.0 450.0                            LAT/LON1/LON2/DLON/H
  175  177  165  151  141  126  118  109  102   97   92   88   85   84   85   89
   97  107  118  129  138  148  161  177  198  225  256  290  322  352  377  397
