data/edconvlstm_nd/pred3280.15i
     1.0            IONOSPHERE MAPS     GNSS                IONEX VERSION / TYPE
pyspatialgeodesy        IME             05-JAN-18 20:20     PGM / RUN BY / DATE 
Map Name                                                    COMMENT             
Predicted global ionosphere maps (GIM).                     DESCRIPTION         
  2015    11    24     0     0     0                        EPOCH OF FIRST MAP  
  2015    11    25     0     0     0                        EPOCH OF LAST MAP   
  7200                                                      INTERVAL            
    13                                                      # OF MAPS IN FILE   
  NONE                                                      MAPPING FUNCTION    
10.0                                                        ELEVATION CUTOFF    
One-way carrier phase leveled to code                       OBSERVABLES USED    
  6371.0                                                    BASE RADIUS         
 2                                                          MAP DIMENSION       
   450.0 450.0   0.0                                        HGT1 / HGT2 / DHGT  
    87.5 -87.5  -2.5                                        LAT1 / LAT2 / DLAT  
  -180.0 180.0   5.0                                        LON1 / LON2 / DLON  
    -1                                                      EXPONENT            
                                                            END OF HEADER       
     1                                                      START OF TEC MAP    
  2015    11    24     0     0     0                        EPOCH OF CURRENT MAP
    87.5-180.0 180.0   5.0 450.0                            LAT/LON1/LON2/DLON/H
   75   66   50   42   40   48   45   43   44   44   45   46   46   47   48   48
   49   49   49   49   49   49   49   49   49   48   48   47   47   47   46   46
   45   45   45   44   44   43   43   43   42   42   42   42   41   41   41   41
   41   41   41   41   41   41   41   40   40   39   39   39   38   37   37   37
   36   36   35   36   28   49   53   52   75                                   
    85.0-180.0 180.0   5.0 450.0                            LAT/LON1/LON2/DLON/H
   59   62   42   44   45   55   51   50   51   51   52   53   54   54   55   56
   56   56   56   56   56   55   55   54   53   53   52   51   50   50   49   48
   48   48   47   47   47   47   47   47   46   47   47   47   47   47   47   48
   48   48   48   48   48   48   48   48   47   47   46   45   45   44   43   42
   42   41   42   47   50   58   69   59   59                                   
    82.5-180.0 180.0   5.0 450.0                            LAT/LON1/LON2/DLON/H
   45   36   45   41   41   51   47   45   48   48   50   52   53   54   55   55
   55   55   54   53   52   50   48   46   44   42   41   39   37   36   35   34
   34   34   34   34   34   34   34   35   35   36   36   37   38   39   40   40
   41   42   42   42   42   42   42   41   41   40   39   38   37   36   35   35
   34   33   33   34   41   40   52   57   45                                   
    80.0-180.0 180.0   5.0 450.0                            LAT/LON1/LON2/DLON/H
   58   49   54   46   50   54   52   50   55   55   57   59   61   62   62   63
   63   62   61   59   57   54   51   48   46   43   41   39   37   36   35   34
   34   34   34   34   34   34   34   34   34   34   35   35   36   37   38   39
   40   41   42   42   43   43   43   42   42   41   40   39   38   37   36   36
   35   34   35   35   50   46   60   77   58                                   
    77.5-180.0 180.0   5.0 450.0                            LAT/LON1/LON2/DLON/H
   74   69   62   61   61   63   62   63   67   66   68   70   71   72   73   73
   72   71   69   67   64   61   57   53   50   46   43   41   39   38   37   36
   36   36   36   37   37   36   36   36   35   35   34   34   35   36   37   38
   39   41   42   43   44   45   45   45   44   43   42   41   40   40   39   39
   38   40   41   42   50   55   63   84   74                                   
    75.0-180.0 180.0   5.0 450.0                            LAT/LON1/LON2/DLON/H
   91   82   85   84   80   84   81   81   84   83   83   83   83   82   80   79
   77   75   73   70   67   63   59   55   51   47   44   42   40   39   39   39
   39   40   40   40   39   39   37   36   35   34   33   33   33   33   34   36
   38   40   42   43   45   46   46   46   46   45   45   44   43   43   44   44
   44   47   51   50   59   73   78   93   91                                   
    72.5-180.0 180.0   5.0 450.0                            LAT/LON1/LON2/DLON/H
  105  101  107  105  101  100   98   98  100   96   94   92   89   85   82   79
   77   74   72   70   68   65   61   57   53   50   47   45   44   43   42   42
   42   42   42   41   40   38   36   34   32   30   29   28   27   28   29   30
   32   34   36   38   39   41   42   42   42   42   42   42   42   43   45   47
   49   52   62   64   74   87   97  113  105                                   
    70.0-180.0 180.0   5.0 450.0                            LAT/LON1/LON2/DLON/H
  125  126  131  131  125  125  120  119  118  113  107  102   95   89   83   78
   74   71   69   67   65   63   60   57   54   51   49   47   46   45   44   44
   44   43   42   41   39   37   35   32   30   28   27   26   26   26   27   29
   30   33   35   37   39   40   41   42   43   43   44   45   46   48   52   56
   59   64   75   81   92  107  114  128  125                                   
    67.5-180.0 180.0   5.0 450.0                            LAT/LON1/LON2/DLON/H
  143  147  150  149  143  141  134  131  129  121  113  105   95   86   77   70
   65   62   60   59   58   57   55   53   51   48   46   44   43   42   41   39
   38   36   34   32   30   28   26   24   22   21   21   20   21   21   22   23
   25   27   29   31   32   34   35   36   37   38   40   42   45   49   54   60
   65   72   85   92  106  121  127  141  143                                   
    65.0-180.0 180.0   5.0 450.0                            LAT/LON1/LON2/DLON/H
  157  160  161  159  154  150  142  139  135  127  118  108   96   84   74   66
   60   56   55   54   54   53   52   50   47   45   43   41   39   38   35   33
   30   27   24   22   20   18   17   17   17   17   18   19   20   20   21   22
   23   24   26   27   29   30   31   32   34   37   40   44   49   54   61   68
   75   83   95  103  118  132  139  152  157                                   
    62.5-180.0 180.0   5.0 450.0                            LAT/LON1/LON2/DLON/H
  166  168  167  166  161  155  146  143  140  132  123  112  100   87   75   66
   60   56   54   53   53   52   50   47   44   42   40   38   36   34   31   28
   24   20   16   14   12   12   12   14   16   18   20   22   23   24   24   24
   25   25   26   27   28   29   30   32   35   39   44   50   57   64   73   81
   87   95  107  113  125  139  145  158  166                                   
    60.0-180.0 180.0   5.0 450.0                            LAT/LON1/LON2/DLON/H
  168  171  170  167  161  155  145  142  140  133  125  116  103   90   79   70
   63   59   57   55   53   50   47   43   40   38   36   35   33   31   28   24
   19   15   12   10    9   10   12   15   19   23   26   29   30   30   29   28
   28   27   27   28   28   29   31   33   38   44   51   58   67   76   85   94
  100  106  116  120  128  140  145  159  168                                   
    57.5-180.0 180.0   5.0 450.0                            LAT/LON1/LON2/DLON/H
  171  174  172  168  161  154  144  141  140  134  127  118  107   96   85   77
   71   66   62   58   53   48   43   38   35   34   33   33   32   31   27   23
   19   15   12   11   11   13   17   21   26   31   36   38   39   38   36   34
   32   31   30   30   31   32   34   38   44   51   60   69   78   88   98  107
  112  117  126  128  133  140  146  160  171                                   
    55.0-180.0 180.0   5.0 450.0                            LAT/LON1/LON2/DLON/H
  175  178  177  172  164  156  145  141  139  134  128  120  111  101   92   85
   79   74   68   61   53   46   39   35   33   32   33   34   35   34   32   28
   24   21   19   19   21   24   28   33   39   44   48   50   50   48   45   41
   39   37   37   37   37   39   42   46   53   60   69   79   89   99  110  119
  124  128  136  136  139  142  148  164  175                                   
    52.5-180.0 180.0   5.0 450.0                            LAT/LON1/LON2/DLON/H
  183  188  186  181  173  163  151  145  142  135  129  122  114  106  100   94
   88   81   73   63   54   45   39   35   34   35   37   40   42   42   40   37
   34   32   32   33   36   40   44   49   54   58   62   63   61   58   54   50
   47   46   46   47   47   50   53   57   63   70   78   87   96  106  117  127
  133  138  145  146  148  149  154  171  183                                   
    50.0-180.0 180.0   5.0 450.0                            LAT/LON1/LON2/DLON/H
  195  202  199  196  188  176  163  154  148  140  132  125  118  112  106  101
   95   86   76   65   55   47   42   39   39   42   46   50   52   53   51   49
   47   47   48   51   54   58   62   65   69   72   74   74   72   68   64   60
   59   59   60   61   63   64   67   70   75   80   86   94  102  112  122  133
  140  146  154  156  159  159  165  182  195                                   
    47.5-180.0 180.0   5.0 450.0                            LAT/LON1/LON2/DLON/H
  208  217  214  214  207  194  180  169  160  148  138  130  123  117  112  107
  100   90   78   67   58   52   49   48   50   54   58   62   64   64   63   61
   60   60   63   67   71   75   77   79   81   82   84   83   81   78   75   73
   74   75   77   79   81   82   83   85   88   91   95  101  107  116  126  137
  145  153  162  165  171  173  178  194  208                                   
    45.0-180.0 180.0   5.0 450.0                            LAT/LON1/LON2/DLON/H
  217  227  225  228  223  211  197  185  174  159  147  137  129  123  118  112
  104   92   80   71   64   61   61   63   66   69   72   75   75   73   70   67
   67   69   73   78   83   85   86   86   87   88   89   90   89   87   86   87
   90   93   96   98   99  100  100  101  102  103  105  108  113  120  130  140
  149  158  169  174  182  186  192  206  217                                   
    42.5-180.0 180.0   5.0 450.0                            LAT/LON1/LON2/DLON/H
  220  229  226  233  231  222  209  198  186  171  157  146  137  131  125  117
  107   95   84   77   74   75   78   81   83   85   85   83   79   74   70   67
   67   71   76   82   86   88   88   88   88   89   91   93   94   95   97  100
  105  109  113  115  115  115  114  114  114  114  114  116  120  126  134  145
  154  163  175  181  191  197  202  213  220                                   
    40.0-180.0 180.0   5.0 450.0                            LAT/LON1/LON2/DLON/H
  215  222  218  226  227  220  211  204  194  180  167  156  147  140  133  124
  112  100   91   87   89   94   98  100   99   96   92   85   78   71   65   62
   64   68   74   79   83   85   86   85   86   89   92   96   99  102  106  112
  117  121  124  125  124  124  123  123  123  122  122  123  126  132  141  151
  160  169  181  188  197  204  208  218  215                                   
    37.5-180.0 180.0   5.0 450.0                            LAT/LON1/LON2/DLON/H
  206  208  203  209  211  207  201  198  194  183  173  164  156  149  141  131
  119  108  102  103  108  115  117  115  108  100   91   82   73   65   60   58
   60   65   71   76   79   81   82   82   85   89   94   99  104  109  114  120
  125  127  128  127  126  126  127  128  128  128  129  130  134  141  150  160
  168  177  189  197  204  211  214  222  206                                   
    35.0-180.0 180.0   5.0 450.0                            LAT/LON1/LON2/DLON/H
  202  199  191  190  191  189  185  186  186  180  174  168  163  157  149  139
  128  119  117  120  127  131  128  119  107   96   86   77   70   63   60   60
   63   68   73   76   79   80   81   83   86   91   98  104  109  114  119  124
  127  127  126  124  123  124  126  129  131  133  134  137  143  152  163  174
  182  190  201  209  215  221  224  232  202                                   
    32.5-180.0 180.0   5.0 450.0                            LAT/LON1/LON2/DLON/H
  210  205  193  184  180  176  172  174  178  175  172  169  166  162  156  146
  137  131  131  135  139  138  128  113   98   87   81   76   73   70   70   72
   77   81   84   85   86   86   86   88   92   97  103  108  113  117  120  123
  124  122  119  117  117  119  124  129  133  137  141  146  154  165  179  192
  201  209  221  228  234  240  245  253  210                                   
    30.0-180.0 180.0   5.0 450.0                            LAT/LON1/LON2/DLON/H
  241  237  221  201  190  181  175  174  176  174  171  170  168  165  159  152
  145  141  142  144  143  134  118  100   87   81   81   84   87   89   93   98
  104  107  108  105  102   99   98  100  102  105  109  112  114  116  118  118
  117  114  111  109  110  115  122  130  137  143  149  156  167  181  198  214
  225  235  247  254  263  271  278  287  241                                   
    27.5-180.0 180.0   5.0 450.0                            LAT/LON1/LON2/DLON/H
  300  301  278  249  231  215  201  194  189  182  177  174  171  167  161  155
  150  148  148  145  138  123  104   88   80   83   93  104  114  122  130  139
  145  146  142  134  125  119  115  114  113  114  114  114  113  113  113  111
  109  106  103  103  108  116  125  135  145  153  161  169  181  197  218  238
  254  266  280  288  301  314  323  332  300                                   
    25.0-180.0 180.0   5.0 450.0                            LAT/LON1/LON2/DLON/H
  384  396  366  329  307  282  257  238  222  207  194  186  178  172  165  159
  155  152  147  140  126  109   92   83   86   99  119  139  155  168  179  188
  193  190  179  163  149  138  131  126  123  119  116  113  110  107  106  104
  101   99   98  102  109  120  132  144  155  165  174  184  196  213  236  261
  283  301  317  326  345  365  374  385  384                                   
    22.5-180.0 180.0   5.0 450.0                            LAT/LON1/LON2/DLON/H
  482  508  479  439  414  381  343  308  277  249  227  209  195  183  174  167
  161  154  145  131  115  101   92   94  108  132  161  186  205  219  229  236
  236  226  207  185  166  152  142  135  128  121  115  109  104  101   99   97
   95   94   95  101  111  123  137  150  163  175  186  197  210  228  252  282
  309  334  354  365  391  417  429  441  482                                   
    20.0-180.0 180.0   5.0 450.0                            LAT/LON1/LON2/DLON/H
  573  618  601  565  539  501  452  401  354  312  276  247  224  206  192  182
  172  161  146  129  115  108  111  126  151  183  215  239  255  264  269  269
  262  245  220  194  172  156  145  136  127  119  111  104   99   95   93   91
   89   89   91   98  108  121  135  149  163  178  193  207  221  240  267  300
  333  363  387  401  431  463  480  494  573                                   
    17.5-180.0 180.0   5.0 450.0                            LAT/LON1/LON2/DLON/H
  639  703  704  679  655  619  567  507  448  392  343  302  269  243  223  208
  194  177  157  140  131  135  152  180  213  247  273  288  293  292  288  280
  266  244  216  188  166  151  142  134  125  116  108  101   95   91   88   86
   84   84   86   93  103  116  130  145  162  179  197  214  231  252  281  317
  354  388  415  431  462  497  519  536  639                                   
    15.0-180.0 180.0   5.0 450.0                            LAT/LON1/LON2/DLON/H
  670  746  762  751  734  707  661  603  542  479  421  370  328  294  268  248
  228  206  184  169  168  185  215  253  288  313  324  322  310  296  282  268
  251  227  199  173  155  144  137  130  123  115  107  101   95   90   87   84
   82   81   83   89   99  112  127  143  161  181  202  221  240  263  293  331
  371  408  436  454  483  514  541  559  670                                   
    12.5-180.0 180.0   5.0 450.0                            LAT/LON1/LON2/DLON/H
  666  741  764  766  760  746  715  669  616  557  498  444  397  358  328  302
  277  251  228  217  226  254  294  334  360  367  356  332  303  279  259  243
  224  202  178  158  145  138  135  131  126  119  113  106  101   95   91   86
   83   81   82   88   97  110  125  142  162  184  206  227  248  273  305  344
  384  422  450  469  493  517  545  564  666                                   
    10.0-180.0 180.0   5.0 450.0                            LAT/LON1/LON2/DLON/H
  633  696  720  727  732  732  718  691  654  608  559  510  466  428  396  368
  340  311  289  282  298  333  375  407  416  399  362  318  279  249  229  214
  199  181  164  150  143  141  141  139  135  130  125  119  112  106  100   95
   90   87   87   91   99  111  126  144  164  186  209  231  255  282  315  354
  393  430  458  476  494  510  536  556  633                                   
     7.5-180.0 180.0   5.0 450.0                            LAT/LON1/LON2/DLON/H
  586  630  647  655  666  676  678  671  653  625  591  556  522  492  465  438
  409  380  359  356  375  410  445  460  444  400  342  288  247  220  205  195
