data/edconvlstm_nd/pred0500.15i
     1.0            IONOSPHERE MAPS     GNSS                IONEX VERSION / TYPE
pyspatialgeodesy        IME             05-JAN-18 20:20     PGM / RUN BY / DATE 
Map Name                                                    COMMENT             
Predicted global ionosphere maps (GIM).                     DESCRIPTION         
  2015     2    19     0     0     0                        EPOCH OF FIRST MAP  
  2015     2    20     0     0     0                        EPOCH OF LAST MAP   
  7200                                                      INTERVAL            
    13                                                      # OF MAPS IN FILE   
  NONE                                                      MAPPING FUNCTION    
10.0                                                        ELEVATION CUTOFF    
One-way carrier phase leveled to code                       OBSERVABLES USED    
  6371.0                                                    BASE RADIUS         
 2                                                          MAP DIMENSION       
   450.0 450.0   0.0                                        HGT1 / HGT2 / DHGT  
    87.5 -87.5  -2.5                                        LAT1 / LAT2 / DLAT  
  -180.0 180.0   5.0                                        LON1 / LON2 / DLON  
    -1                                                      EXPONENT            
                                                            END OF HEADER       
     1                                                      START OF TEC MAP    
  2015     2    19     0     0     0                        EPOCH OF CURRENT MAP
    87.5-180.0 180.0   5.0 450.0                            LAT/LON1/LON2/DLON/H
  106  102  106   99  101  104  105  106  110  112  115  118  121  123  124  125
  126  126  125  124  123  121  119  116  114  111  108  104  101   98   95   92
   89   87   84   81   79   77   75   74   73   72   72   72   72   73   74   75
   76   77   78   80   81   81   82   83   83   84   84   84   83   83   83   83
   83   83   83   83   80   88   98  103  106                                   
    85.0-180.0 180.0   5.0 450.0                            LAT/LON1/LON2/DLON/H
  103  105   89   97  103  110  111  113  118  121  126  130  133  136  138  140
  140  140  140  138  136  134  130  127  123  119  114  110  105  101   97   92
   88   85   81   78   75   73   71   69   69   68   68   69   69   71   72   74
   76   78   80   82   83   85   86   87   87   87   88   88   87   87   86   86
   86   86   87   91   90   98  108  109  103                                   
    82.5-180.0 180.0   5.0 450.0                            LAT/LON1/LON2/DLON/H
   98   94  106  108  114  123  125  130  138  143  149  155  160  164  167  169
  170  170  169  166  163  159  154  148  142  135  128  121  114  107  100   93
   87   82   77   72   69   66   63   62   61   61   62   63   65   68   71   74
   77   80   83   86   89   91   92   94   95   95   96   96   95   95   94   94
   93   92   93   91   94   88   97  103   98                                   
    80.0-180.0 180.0   5.0 450.0                            LAT/LON1/LON2/DLON/H
  111  102  106  109  119  127  134  143  153  160  168  175  181  186  190  192
  192  191  189  185  180  174  168  160  152  143  134  125  116  108   99   92
   85   79   73   69   65   61   59   57   56   56   57   59   61   65   69   73
   77   81   85   89   92   95   97   99  100  101  102  102  101  100   99   99
   97   94   94   91  102   94  107  119  111                                   
    77.5-180.0 180.0   5.0 450.0                            LAT/LON1/LON2/DLON/H
  129  118  116  127  133  141  152  165  176  184  193  201  208  212  215  215
  214  211  207  202  196  189  181  172  162  152  142  132  122  113  105   97
   91   85   80   75   71   68   65   63   62   61   62   63   66   70   74   78
   83   88   92   96  100  102  105  107  108  109  110  110  110  109  109  108
  106  105  104  101  107  107  114  135  129                                   
    75.0-180.0 180.0   5.0 450.0                            LAT/LON1/LON2/DLON/H
  152  139  140  150  157  167  178  191  203  210  218  224  227  228  226  222
  217  211  205  199  192  184  177  168  159  150  140  131  122  115  108  103
   98   94   90   86   83   80   77   74   72   71   71   72   74   77   81   85
   90   94   97  100  103  105  107  109  110  111  112  113  114  114  115  115
  113  114  115  108  114  125  128  148  152                                   
    72.5-180.0 180.0   5.0 450.0                            LAT/LON1/LON2/DLON/H
  168  167  172  180  188  198  211  225  237  243  247  248  245  239  230  220
  209  199  190  183  176  169  163  156  149  141  134  127  120  115  111  108
  105  102  100   97   94   91   88   85   82   80   79   80   81   83   86   90
   93   96   98  100  101  101  102  103  104  105  107  109  112  114  117  119
  119  121  126  122  129  141  148  172  168                                   
    70.0-180.0 180.0   5.0 450.0                            LAT/LON1/LON2/DLON/H
  199  204  208  219  227  239  253  266  277  280  280  274  262  246  228  209
  192  178  167  158  152  147  143  138  133  128  123  118  115  112  110  109
  108  107  106  104  101   98   95   92   89   87   86   86   87   88   91   93
   95   97   98   98   97   96   96   96   97  100  103  108  112  117  123  128
  131  135  142  142  152  168  173  195  199                                   
    67.5-180.0 180.0   5.0 450.0                            LAT/LON1/LON2/DLON/H
  227  240  242  255  265  278  291  303  312  312  306  293  273  247  218  191
  168  150  137  129  124  122  119  117  114  110  107  104  102  101  100  100
  100   99   98   96   94   91   89   86   84   83   82   82   83   84   86   88
   89   89   88   86   84   82   81   81   84   88   94  101  109  117  125  133
  138  145  154  156  172  190  195  219  227                                   
    65.0-180.0 180.0   5.0 450.0                            LAT/LON1/LON2/DLON/H
  249  264  266  281  295  308  320  332  340  339  330  311  283  248  211  177
  149  128  115  107  104  102  101  100   97   95   92   90   88   88   88   87
   87   85   83   81   79   77   75   74   73   73   74   75   76   78   79   80
   80   79   77   74   71   68   67   68   72   79   88   98  109  120  130  140
  147  155  166  170  187  207  214  239  249                                   
    62.5-180.0 180.0   5.0 450.0                            LAT/LON1/LON2/DLON/H
  262  276  279  297  313  326  338  350  359  358  347  325  293  252  210  171
  139  117  103   96   93   91   90   87   85   81   79   77   76   75   75   74
   72   69   66   63   61   59   59   60   61   63   66   68   70   72   72   72
   71   68   65   62   58   56   56   59   65   74   86   99  113  125  137  148
  155  163  175  179  194  215  224  250  262                                   
    60.0-180.0 180.0   5.0 450.0                            LAT/LON1/LON2/DLON/H
  266  278  283  300  317  329  340  353  364  365  355  334  301  259  215  175
  142  118  103   94   89   86   82   78   74   70   67   65   64   64   63   61
   59   55   51   47   45   45   46   48   52   55   59   62   65   66   66   65
   63   60   56   53   49   48   49   54   62   74   88  103  119  133  146  156
  163  170  181  185  197  215  225  254  266                                   
    57.5-180.0 180.0   5.0 450.0                            LAT/LON1/LON2/DLON/H
  269  277  283  298  314  324  333  346  358  361  355  338  308  270  229  190
  157  132  114  102   93   85   78   72   66   62   59   58   58   58   57   55
   51   46   42   39   37   38   40   43   48   52   57   60   62   63   62   60
   57   54   51   48   46   46   48   55   66   79   95  112  129  143  156  167
  173  179  189  192  202  215  226  256  269                                   
    55.0-180.0 180.0   5.0 450.0                            LAT/LON1/LON2/DLON/H
  274  281  285  297  312  319  325  335  346  351  348  336  313  282  247  213
  182  155  133  115  100   87   77   69   62   59   57   57   58   58   57   55
   50   46   42   39   38   39   42   46   51   55   60   63   64   64   62   60
   57   54   52   51   50   51   55   63   75   90  107  124  141  156  170  181
  186  192  201  203  211  221  230  261  274                                   
    52.5-180.0 180.0   5.0 450.0                            LAT/LON1/LON2/DLON/H
  288  294  295  303  316  319  321  327  336  339  338  331  315  294  268  240
  211  183  157  132  111   93   80   70   64   62   61   62   64   64   64   61
   57   52   49   47   48   50   53   56   60   64   68   71   71   70   68   66
   63   62   61   61   61   63   68   77   89  104  121  137  154  170  184  195
  202  208  217  217  225  234  243  273  288                                   
    50.0-180.0 180.0   5.0 450.0                            LAT/LON1/LON2/DLON/H
  310  318  313  319  328  329  326  327  331  332  330  326  317  303  286  265
  240  212  181  150  123  102   87   78   73   71   71   72   74   74   73   70
   66   63   61   62   64   67   70   73   75   78   81   83   83   82   80   78
   77   77   78   78   79   82   87   95  106  119  134  149  165  181  196  210
  218  227  236  236  246  256  264  294  310                                   
    47.5-180.0 180.0   5.0 450.0                            LAT/LON1/LON2/DLON/H
  337  348  340  343  350  346  340  336  334  330  327  323  318  312  302  286
  264  235  201  167  137  114  100   91   86   85   84   85   85   84   82   78
   75   73   74   78   82   86   89   91   92   94   96   98   99   98   98   97
   97   98  100  101  102  103  107  113  122  133  145  159  173  188  205  221
  233  245  256  258  271  283  293  320  337                                   
    45.0-180.0 180.0   5.0 450.0                            LAT/LON1/LON2/DLON/H
  362  378  370  371  375  369  360  351  344  336  329  325  322  319  313  302
  281  252  218  183  153  131  117  109  105  102   99   96   93   90   86   82
   80   81   84   91   98  104  107  108  107  108  110  113  116  117  118  119
  120  122  124  124  123  123  124  129  136  144  154  165  179  194  212  230
  246  261  275  281  296  312  324  347  362                                   
    42.5-180.0 180.0   5.0 450.0                            LAT/LON1/LON2/DLON/H
  380  402  396  397  397  390  379  368  357  345  335  330  328  327  322  311
  292  264  231  199  172  152  140  132  126  119  112  105   97   91   85   82
   81   83   90  100  109  116  120  120  120  121  124  129  133  136  137  139
  141  143  144  143  140  138  138  141  147  154  163  173  185  200  219  238
  256  274  291  301  318  336  351  369  380                                   
    40.0-180.0 180.0   5.0 450.0                            LAT/LON1/LON2/DLON/H
  389  415  412  412  411  403  392  381  369  354  343  337  335  333  329  317
  298  273  244  217  194  177  165  155  145  134  121  109   98   90   84   81
   81   86   94  105  116  123  127  128  128  131  136  142  147  151  153  154
  156  157  157  155  151  148  147  150  156  164  172  182  195  210  229  249
  267  285  304  317  334  352  369  385  389                                   
    37.5-180.0 180.0   5.0 450.0                            LAT/LON1/LON2/DLON/H
  394  419  417  415  414  406  396  386  374  360  349  343  341  339  333  321
  303  281  257  235  217  201  187  173  158  142  126  112  101   93   89   87
   88   93  101  111  121  129  132  134  135  139  145  152  158  161  162  162
  162  163  161  159  155  153  154  158  166  175  185  196  210  226  245  264
  281  297  316  329  345  362  381  396  394                                   
    35.0-180.0 180.0   5.0 450.0                            LAT/LON1/LON2/DLON/H
  399  420  416  410  409  402  392  384  375  363  353  348  347  344  336  324
  307  289  271  254  237  219  201  182  163  146  131  120  113  109  108  108
  109  112  117  124  131  136  139  141  143  147  154  160  164  165  164  162
  160  159  157  155  154  154  157  164  175  187  200  215  231  250  270  288
  302  315  331  343  356  373  392  409  399                                   
    32.5-180.0 180.0   5.0 450.0                            LAT/LON1/LON2/DLON/H
  414  428  421  409  407  398  389  382  376  366  358  354  352  347  339  326
  311  298  284  269  249  227  203  181  163  149  141  138  141  145  149  150
  149  148  147  147  148  149  150  150  152  156  161  165  166  164  160  155
  151  148  147  146  147  151  158  168  183  199  217  236  257  279  301  319
  332  342  354  363  376  391  409  431  414                                   
    30.0-180.0 180.0   5.0 450.0                            LAT/LON1/LON2/DLON/H
  447  453  440  423  416  405  394  387  382  374  367  363  359  352  341  327
  315  305  293  276  252  224  197  175  161  157  161  173  189  205  215  217
  211  201  190  180  172  167  164  163  163  164  165  166  163  158  151  145
  139  136  135  136  139  145  155  170  187  208  231  255  281  307  332  353
  366  376  386  392  408  423  438  465  447                                   
    27.5-180.0 180.0   5.0 450.0                            LAT/LON1/LON2/DLON/H
  503  499  480  458  446  432  417  408  402  393  385  379  371  360  345  330
  318  308  294  273  244  212  186  170  167  178  199  229  262  290  305  304
  288  266  241  219  201  188  180  176  173  170  167  163  158  151  143  136
  130  127  126  127  132  140  152  168  188  212  238  266  296  327  355  380
  397  409  419  427  450  470  483  515  503                                   
    25.0-180.0 180.0   5.0 450.0                            LAT/LON1/LON2/DLON/H
  578  567  546  523  504  485  464  451  440  429  418  406  391  373  352  333
  319  306  288  261  229  199  181  178  190  218  258  306  356  395  411  401
  372  332  292  256  227  207  195  187  181  174  166  158  151  143  136  131
  126  123  121  123  127  135  147  163  185  211  240  273  307  341  373  402
  423  439  452  463  497  528  545  582  578                                   
    22.5-180.0 180.0   5.0 450.0                            LAT/LON1/LON2/DLON/H
  666  648  633  615  589  565  538  517  501  485  467  448  424  395  366  340
  320  301  277  247  217  197  193  207  236  279  335  400  460  502  511  488
  442  385  331  284  247  222  207  196  187  175  163  152  144  138  133  129
  126  123  120  120  123  130  141  157  179  207  240  277  316  355  392  425
  451  471  487  505  547  591  619  662  666                                   
    20.0-180.0 180.0   5.0 450.0                            LAT/LON1/LON2/DLON/H
  752  731  728  721  692  665  633  605  581  559  534  506  470  430  389  354
  325  298  269  240  219  215  229  260  304  360  425  495  555  587  583  542
  479  410  347  296  257  231  215  203  190  175  160  147  139  135  133  130
  127  124  120  117  118  123  133  149  172  202  239  281  325  369  411  450
  483  507  527  552  597  650  690  738  752                                   
    17.5-180.0 180.0   5.0 450.0                            LAT/LON1/LON2/DLON/H
  814  797  809  816  791  766  733  701  672  644  613  576  531  479  426  379
  340  305  274  250  242  256  289  336  390  450  513  572  616  629  604  546
  473  400  338  291  257  235  221  209  194  176  159  145  138  136  135  133
  129  124  119  114  112  115  124  140  164  197  238  285  334  383  431  476
  514  543  568  597  639  692  741  791  814                                   
    15.0-180.0 180.0   5.0 450.0                            LAT/LON1/LON2/DLON/H
  835  829  858  878  864  847  818  786  755  726  693  652  600  539  476  419
  370  329  297  281  288  320  370  428  483  534  579  613  627  613  567  499
  425  359  309  273  249  234  224  213  199  180  162  149  142  140  138  135
  130  123  115  108  103  104  112  128  154  191  236  286  339  393  447  497
  541  573  602  632  668  713  764  812  835                                   
    12.5-180.0 180.0   5.0 450.0                            LAT/LON1/LON2/DLON/H
  818  828  871  902  901  894  871  843  816  790  760  721  669  605  537  473
  417  372  342  334  354  402  464  523  567  594  606  603  583  544  486  418
  354  305  272  252  240  233  228  220  205  187  169  157  151  148  144  137
  129  120  110   99   92   90   96  113  141  181  229  283  339  396  453  507
  556  591  623  652  680  714  762  804  818                                   
    10.0-180.0 180.0   5.0 450.0                            LAT/LON1/LON2/DLON/H
  782  805  856  893  904  907  891  869  848  829  807  776  730  669  602  537
  479  432  405  404  436  493  556  604  623  615  585  544  496  443  387  333
  289  261  247  241  241  241  239  231  216  197  179  167  160  155  147  137
  126  114  102   89   79   76   83  101  131  172  223  277  334  391  449  506
  557  595  627  655  678  703  743  776  782                                   
     7.5-180.0 180.0   5.0 450.0                            LAT/LON1/LON2/DLON/H
  745  775  827  865  885  895  886  869  854  844  832  812  777  725  666  605
  548  503  479  483  520  576  628  653  637  588  521  453  393  344  304  273
