data/edconvlstm_nd/pred1700.15i
     1.0            IONOSPHERE MAPS     GNSS                IONEX VERSION / TYPE
pyspatialgeodesy        IME             05-JAN-18 20:20     PGM / RUN BY / DATE 
Map Name                                                    COMMENT             
Predicted global ionosphere maps (GIM).                     DESCRIPTION         
  2015     6    19     0     0     0                        EPOCH OF FIRST MAP  
  2015     6    20     0     0     0                        EPOCH OF LAST MAP   
  7200                                                      INTERVAL            
    13                                                      # OF MAPS IN FILE   
  NONE                                                      MAPPING FUNCTION    
10.0                                                        ELEVATION CUTOFF    
One-way carrier phase leveled to code                       OBSERVABLES USED    
  6371.0                                                    BASE RADIUS         
 2                                                          MAP DIMENSION       
   450.0 450.0   0.0                                        HGT1 / HGT2 / DHGT  
    87.5 -87.5  -2.5                                        LAT1 / LAT2 / DLAT  
  -180.0 180.0   5.0                                        LON1 / LON2 / DLON  
    -1                                                      EXPONENT            
                                                            END OF HEADER       
[from data line 3861]
    10                                                      START OF TEC MAP    
  2015     6    19    18     0     0                        EPOCH OF CURRENT MAP
    87.5-180.0 180.0   5.0 450.0                            LAT/LON1/LON2/DLON/H
  175  168  159  166  168  167  167  167  167  169  168  169  169  170  170  170
  170  170  170  169  169  168  167  166  165  164  163  162  161  160  160  159
  158  158  157  157  157  157  156  156  156  157  157  157  157  157  157  157
  157  157  157  158  158  158  157  157  158  158  158  158  158  158  158  158
  158  158  158  159  169  168  172  171  175                                   
    85.0-180.0 180.0   5.0 450.0                            LAT/LON1/LON2/DLON/H
  168  169  175  169  168  172  173  175  175  177  177  178  178  179  179  179
  180  179  179  178  178  177  176  174  173  172  170  169  167  166  165  164
  163  162  162  161  161  161  161  161  161  161  161  161  162  162  162  162
  162  162  162  162  162  162  161  161  161  161  161  161  161  162  162  162
  163  164  163  162  165  160  162  165  168                                   
    82.5-180.0 180.0   5.0 450.0                            LAT/LON1/LON2/DLON/H
  149  157  159  157  158  163  166  168  168  170  172  173  174  175  176  177
  177  177  177  176  175  174  172  170  168  166  163  161  159  157  155  154
  152  151  151  150  150  150  151  151  151  152  152  152  152  152  152  152
  152  152  152  152  151  151  151  150  150  149  149  149  149  149  149  149
  150  150  149  153  153  159  154  148  149                                   
    80.0-180.0 180.0   5.0 450.0                            LAT/LON1/LON2/DLON/H
  141  148  153  153  152  155  158  163  164  167  168  171  172  174  175  176
  177  177  177  176  175  173  171  168  165  162  159  156  153  150  147  145
  144  143  142  143  143  144  144  145  146  147  148  148  149  149  149  150
  150  149  149  149  148  148  147  146  145  145  144  144  143  143  144  144
  145  145  146  148  146  143  144  142  141                                   
    77.5-180.0 180.0   5.0 450.0                            LAT/LON1/LON2/DLON/H
  142  142  149  149  150  153  155  159  160  163  164  167  169  172  173  175
  176  177  177  177  176  174  172  169  166  162  158  154  150  146  143  141
  139  138  138  139  140  141  142  144  145  146  147  148  148  149  149  149
  149  149  149  148  147  146  145  144  142  141  140  139  139  138  139  139
  140  140  141  143  146  140  143  145  142                                   
    75.0-180.0 180.0   5.0 450.0                            LAT/LON1/LON2/DLON/H
  140  142  145  145  146  150  151  154  156  159  161  163  166  168  170  172
  174  175  176  177  176  175  173  170  167  163  158  154  149  145  142  139
  138  137  137  138  140  141  143  145  146  147  148  149  149  149  149  149
  149  149  149  149  148  146  145  143  141  139  138  137  137  137  138  139
  140  141  143  142  144  140  142  135  140                                   
    72.5-180.0 180.0   5.0 450.0                            LAT/LON1/LON2/DLON/H
  140  143  146  149  147  150  152  154  155  157  158  161  163  165  167  170
  172  174  175  177  177  177  176  173  170  165  160  155  150  145  141  139
  137  137  137  138  140  141  143  145  146  146  147  147  147  147  147  148
  148  148  148  148  147  146  144  142  140  138  136  136  135  136  137  139
  140  142  144  143  144  142  144  143  140                                   
    70.0-180.0 180.0   5.0 450.0                            LAT/LON1/LON2/DLON/H
  145  147  149  150  148  150  151  153  154  156  157  159  161  163  165  167
  169  172  174  176  177  178  177  176  172  168  163  157  152  147  143  141
  139  139  139  140  142  143  144  145  146  146  146  145  145  145  145  145
  146  146  147  146  146  144  142  140  137  135  134  133  134  135  137  139
  141  143  147  147  148  147  151  148  145                                   
    67.5-180.0 180.0   5.0 450.0                            LAT/LON1/LON2/DLON/H
  154  156  158  160  158  160  161  162  163  164  165  167  169  170  172  174
  176  178  180  182  184  185  186  185  182  178  172  166  161  156  153  150
  149  148  148  149  149  150  151  151  151  150  149  148  148  147  147  148
  149  150  151  151  151  149  147  144  142  139  138  138  139  140  143  146
  148  151  155  155  155  154  157  154  154                                   
    65.0-180.0 180.0   5.0 450.0                            LAT/LON1/LON2/DLON/H
  161  164  165  167  165  166  166  168  168  170  171  173  175  177  178  180
  181  182  183  185  188  190  191  190  188  184  179  174  169  164  161  159
  158  158  157  157  156  156  156  155  154  153  152  150  149  148  148  148
  150  151  152  152  152  150  148  145  142  139  138  138  139  141  144  147
  150  154  158  160  162  161  166  162  161                                   
    62.5-180.0 180.0   5.0 450.0                            LAT/LON1/LON2/DLON/H
  168  171  172  174  173  174  174  176  176  178  179  182  185  188  189  190
  190  190  191  192  194  196  197  197  195  192  187  183  178  175  173  172
  171  170  168  167  165  164  163  162  161  159  158  156  154  153  152  152
  153  155  156  156  155  153  150  147  143  141  139  139  141  142  145  149
  152  156  161  163  165  165  171  167  168                                   
    60.0-180.0 180.0   5.0 450.0                            LAT/LON1/LON2/DLON/H
  172  176  177  179  178  180  180  181  181  183  186  190  194  197  200  201
  200  199  198  198  199  200  202  202  201  198  195  191  188  186  185  184
  183  182  180  178  175  173  171  170  169  167  166  163  161  159  158  157
  158  159  159  159  158  155  152  148  144  141  139  139  140  141  144  147
  150  154  159  162  165  166  174  170  172                                   
    57.5-180.0 180.0   5.0 450.0                            LAT/LON1/LON2/DLON/H
  172  178  180  183  182  184  184  184  184  187  190  195  201  206  210  211
  211  209  206  204  204  205  206  207  206  204  201  199  197  196  196  197
  197  195  193  190  186  183  182  181  180  179  177  174  171  168  166  164
  164  163  163  163  161  158  153  148  144  140  138  138  138  139  141  144
  146  150  155  158  162  164  174  171  172                                   
    55.0-180.0 180.0   5.0 450.0                            LAT/LON1/LON2/DLON/H
  171  178  181  185  185  188  187  187  186  188  191  197  205  212  217  220
  220  217  213  210  208  208  210  211  211  210  208  206  205  206  207  209
  209  208  205  202  198  195  194  193  193  191  189  186  182  178  174  171
  169  168  167  165  163  159  154  149  143  139  136  135  136  136  138  139
  141  144  149  152  157  161  172  169  171                                   
    52.5-180.0 180.0   5.0 450.0                            LAT/LON1/LON2/DLON/H
  167  177  182  186  188  192  191  191  189  190  192  198  206  215  222  226
  226  224  219  215  213  212  213  215  215  215  214  213  213  214  217  219
  220  219  216  213  210  207  206  206  206  205  202  198  192  187  182  177
  174  171  169  167  164  160  155  148  142  138  135  133  133  133  134  135
  136  139  143  146  151  156  169  167  167                                   
    50.0-180.0 180.0   5.0 450.0                            LAT/LON1/LON2/DLON/H
  164  177  182  189  192  198  198  197  194  194  195  199  207  216  224  229
  231  229  225  221  218  218  219  221  222  222  221  220  221  223  225  227
  229  229  227  224  222  221  220  221  221  219  215  209  202  195  188  182
  177  173  170  167  164  161  155  149  143  137  134  133  132  132  132  133
  133  135  139  142  147  153  166  164  164                                   
    47.5-180.0 180.0   5.0 450.0                            LAT/LON1/LON2/DLON/H
  162  178  184  192  197  205  206  207  204  203  201  204  209  217  225  231
  234  234  231  227  225  225  227  229  230  231  230  229  229  231  233  235
  237  237  237  236  235  235  235  236  235  232  227  219  210  201  193  186
  179  174  170  167  165  162  157  151  145  139  136  134  134  133  133  133
  133  135  139  141  145  152  164  163  162                                   
    45.0-180.0 180.0   5.0 450.0                            LAT/LON1/LON2/DLON/H
  162  181  187  196  203  213  217  219  218  216  213  212  215  219  226  232
  236  238  237  236  235  236  238  240  241  242  241  240  240  240  241  243
  245  247  248  248  249  250  251  252  250  246  238  228  217  207  197  189
  181  175  171  168  166  164  160  154  148  143  140  138  138  138  138  138
  137  138  141  142  146  152  164  162  162                                   
    42.5-180.0 180.0   5.0 450.0                            LAT/LON1/LON2/DLON/H
  163  183  190  200  208  220  227  233  234  233  229  225  224  225  229  234
  239  243  245  246  247  249  251  254  255  255  255  253  252  252  252  253
  256  258  261  263  264  266  268  268  265  259  249  237  224  212  202  192
  184  177  172  169  168  166  164  159  154  149  146  146  146  147  147  146
  145  145  147  146  149  154  164  162  163                                   
    40.0-180.0 180.0   5.0 450.0                            LAT/LON1/LON2/DLON/H
  165  186  191  201  210  224  235  245  250  251  247  241  236  234  234  238
  243  249  254  257  260  263  267  269  271  271  270  269  267  266  266  267
  269  273  276  279  282  284  285  285  280  272  260  245  231  218  206  197
  188  180  175  172  171  170  168  165  160  157  155  155  156  157  157  156
  154  153  153  152  153  157  166  163  165                                   
    37.5-180.0 180.0   5.0 450.0                            LAT/LON1/LON2/DLON/H
  166  186  192  200  210  225  239  252  262  266  264  258  251  245  243  245
  250  257  264  270  275  280  283  286  287  288  288  287  285  284  283  284
  287  291  295  299  301  303  303  301  295  285  271  255  238  224  212  202
  193  185  179  176  175  175  174  171  168  165  164  165  166  167  167  166
  163  161  160  158  157  159  168  164  166                                   
    35.0-180.0 180.0   5.0 450.0                            LAT/LON1/LON2/DLON/H
  167  186  190  196  206  221  237  254  268  276  278  274  266  259  255  255
  260  267  276  285  291  297  300  303  304  305  306  306  306  305  305  306
  309  313  317  320  321  321  320  316  309  297  281  263  246  230  217  207
  197  189  183  180  179  179  178  176  174  173  172  174  175  176  176  174
  171  168  166  162  161  161  170  166  167                                   
    32.5-180.0 180.0   5.0 450.0                            LAT/LON1/LON2/DLON/H
  167  183  188  191  201  214  232  250  268  280  286  286  281  275  270  269
  273  281  291  300  308  313  317  320  321  323  324  326  327  328  329  331
  334  338  341  342  341  338  334  328  320  307  290  271  252  235  222  211
  201  193  187  183  182  181  181  180  178  178  178  179  180  181  180  178
  175  172  169  165  163  163  171  168  167                                   
    30.0-180.0 180.0   5.0 450.0                            LAT/LON1/LON2/DLON/H
  167  181  186  187  196  208  225  244  264  280  291  296  295  292  288  287
  291  298  307  317  325  330  334  336  338  340  342  346  349  352  355  357
  360  363  364  362  358  352  345  337  326  312  294  275  255  238  224  213
  203  195  188  184  182  181  180  180  179  179  179  180  180  180  179  178
  174  172  169  165  163  163  172  170  167                                   
    27.5-180.0 180.0   5.0 450.0                            LAT/LON1/LON2/DLON/H
  167  179  184  185  194  204  220  237  258  277  292  303  309  310  309  310
  313  319  327  335  342  348  351  353  354  356  360  365  371  376  380  383
  385  386  385  380  372  362  351  340  327  312  294  275  256  238  224  212
  202  193  186  181  178  177  176  176  175  175  175  175  175  174  173  172
  170  169  166  163  162  163  173  173  167                                   
    25.0-180.0 180.0   5.0 450.0                            LAT/LON1/LON2/DLON/H
  169  181  186  188  196  205  219  234  254  274  293  309  322  329  333  335
  338  343  349  355  361  366  369  370  371  373  378  384  391  398  403  406
  407  406  401  393  382  369  354  339  324  307  290  271  253  235  220  208
  197  188  181  175  171  169  168  167  167  167  166  165  164  163  163  163
  163  163  162  160  161  163  173  176  169                                   
    22.5-180.0 180.0   5.0 450.0                            LAT/LON1/LON2/DLON/H
  173  185  191  196  205  212  223  235  253  273  295  316  335  348  357  362
  365  369  373  378  382  386  388  388  389  390  395  402  410  418  423  425
  424  421  413  403  389  373  355  337  319  301  283  266  248  231  216  202
  191  181  172  166  161  158  156  156  156  155  154  152  150  149  149  152
  153  156  156  155  158  162  172  178  173                                   
    20.0-180.0 180.0   5.0 450.0                            LAT/LON1/LON2/DLON/H
  178  193  201  208  219  226  235  243  259  278  300  324  347  366  380  388
  392  395  398  401  403  406  407  407  406  408  412  420  428  436  440  441
  437  431  421  409  393  376  356  335  314  295  278  262  245  229  213  198
  185  174  164  156  150  147  145  144  144  143  141  138  135  134  135  139
  143  147  150  150  154  159  170  178  178                                   
    17.5-180.0 180.0   5.0 450.0                            LAT/LON1/LON2/DLON/H
  182  200  211  223  236  243  251  257  270  287  308  333  359  381  399  410
  417  420  421  423  425  426  426  425  424  425  429  437  445  452  455  453
  447  437  425  412  396  378  357  334  312  293  276  262  247  231  214  198
  182  169  158  149  142  138  136  135  134  132  129  125  122  120  123  128
  132  139  142  144  148  155  165  175  182                                   
    15.0-180.0 180.0   5.0 450.0                            LAT/LON1/LON2/DLON/H
  183  205  220  235  251  260  269  274  285  300  319  342  368  392  412  426
  435  440  441  442  443  443  443  441  440  441  446  454  462  468  469  464
  455  442  428  413  399  381  361  337  314  295  280  267  253  237  220  201
  184  168  155  145  138  134  132  131  129  126  121  116  112  110  113  118
  123  130  134  137  141  148  158  169  183                                   
    12.5-180.0 180.0   5.0 450.0                            LAT/LON1/LON2/DLON/H
  179  204  223  241  260  272  284  291  302  314  330  350  373  397  418  435
  446  452  455  456  457  456  455  453  452  455  461  470  478  483  482  474
  461  445  429  414  400  384  365  342  320  302  289  277  264  248  229  209
  189  172  158  147  140  136  134  132  129  124  118  112  107  105  106  110
  115  121  126  128  133  139  149  159  179                                   
    10.0-180.0 180.0   5.0 450.0                            LAT/LON1/LON2/DLON/H
  172  200  221  241  262  277  292  303  315  327  340  356  375  397  417  435
  448  456  460  462  463  462  461  460  461  466  474  484  493  496  493  483
  467  448  429  414  400  386  368  347  327  311  300  289  276  259  239  216
  195  176  162  152  146  143  140  138  133  127  120  113  107  104  104  106
  108  113  117  119  124  129  138  148  172                                   
     7.5-180.0 180.0   5.0 450.0                            LAT/LON1/LON2/DLON/H
  163  192  215  235  257  274  294  308  324  336  347  359  374  392  411  428
  442  452  457  459  461  461  461  461  465  472  483  495  504  507  502  489
