data/edconvlstm_nd/pred2390.15i
     1.0            IONOSPHERE MAPS     GNSS                IONEX VERSION / TYPE
pyspatialgeodesy        IME             05-JAN-18 20:20     PGM / RUN BY / DATE 
Map Name                                                    COMMENT             
Predicted global ionosphere maps (GIM).                     DESCRIPTION         
  2015     8    27     0     0     0                        EPOCH OF FIRST MAP  
  2015     8    28     0     0     0                        EPOCH OF LAST MAP   
  7200                                                      INTERVAL            
    13                                                      # OF MAPS IN FILE   
  NONE                                                      MAPPING FUNCTION    
10.0                                                        ELEVATION CUTOFF    
One-way carrier phase leveled to code                       OBSERVABLES USED    
  6371.0                                                    BASE RADIUS         
 2                                                          MAP DIMENSION       
   450.0 450.0   0.0                                        HGT1 / HGT2 / DHGT  
    87.5 -87.5  -2.5                                        LAT1 / LAT2 / DLAT  
  -180.0 180.0   5.0                                        LON1 / LON2 / DLON  
    -1                                                      EXPONENT            
                                                            END OF HEADER       
[from data line 1287]
     4                                                      START OF TEC MAP    
  2015     8    27     6     0     0                        EPOCH OF CURRENT MAP
    87.5-180.0 180.0   5.0 450.0                            LAT/LON1/LON2/DLON/H
   94   98   97  102  102  101  100   97   98   99  100  101  101  101  101  100
  100   99   98   98   97   96   95   94   93   92   92   91   90   90   89   89
   88   88   88   87   87   87   87   87   87   87   88   88   88   89   89   89
   90   90   91   91   91   91   91   91   91   91   90   90   90   89   88   89
   90   91   90   90   96   99  106  101   94                                   
    85.0-180.0 180.0   5.0 450.0                            LAT/LON1/LON2/DLON/H
   91  106  104  105  107  108  108  108  108  110  110  111  111  110  110  109
  109  108  107  106  105  104  103  102  101  100   99   99   98   98   98   98
   97   97   97   97   98   98   98   98   98   99   99   99  100  101  101  102
  102  103  103  104  104  104  104  104  104  104  104  103  102  102  101  101
  102  103   99  100   98  101  106  102   91                                   
    82.5-180.0 180.0   5.0 450.0                            LAT/LON1/LON2/DLON/H
   97  104  111  106  106  109  109  109  110  112  111  112  112  111  111  109
  108  107  105  103  102  100   99   98   97   96   95   95   94   94   94   95
   95   95   96   96   97   98   98   99  100  101  102  103  104  105  106  107
  109  110  111  112  113  114  114  114  114  113  113  112  111  109  108  107
  107  107  103  103  106  101   96   92   97                                   
    80.0-180.0 180.0   5.0 450.0                            LAT/LON1/LON2/DLON/H
  102  103  103  102  104  105  106  107  108  109  108  109  109  108  106  104
  102  100   98   96   94   91   90   88   87   86   85   85   85   85   86   86
   87   88   89   91   92   93   94   95   96   98   99  101  102  104  106  108
  110  112  114  116  118  119  120  120  120  120  119  118  116  114  112  111
  109  107  104  104  105  104  103   93  102                                   
    77.5-180.0 180.0   5.0 450.0                            LAT/LON1/LON2/DLON/H
  102  101  100  100   99  102  104  105  107  108  107  107  106  105  103  101
   98   95   92   90   87   84   82   80   79   77   76   76   76   77   77   79
   80   82   84   85   87   89   90   92   94   95   97  100  102  105  108  111
  114  118  121  123  126  128  129  130  130  130  129  127  125  122  119  117
  114  112  107  107  106   99   96   94  102                                   
    75.0-180.0 180.0   5.0 450.0                            LAT/LON1/LON2/DLON/H
   96   99   94   94   92   97   98   98   99  100   99   99   98   96   94   91
   88   85   82   80   77   74   72   70   68   66   65   64   64   65   66   67
   69   71   73   75   77   80   82   84   86   88   91   94   97  101  105  109
  113  117  121  125  128  130  132  134  134  134  133  131  129  126  123  121
  118  114  110  105  104   99   97   94   96                                   
    72.5-180.0 180.0   5.0 450.0                            LAT/LON1/LON2/DLON/H
   96   99   94   92   91   95   96   96   96   97   96   96   94   92   90   87
   84   82   79   77   75   72   70   67   65   63   61   60   60   60   61   62
   64   67   69   72   74   77   80   83   86   89   93   97  101  106  111  116
  121  126  130  134  137  140  142  143  144  144  142  141  139  136  134  131
  128  125  122  118  114  108  102  100   96                                   
    70.0-180.0 180.0   5.0 450.0                            LAT/LON1/LON2/DLON/H
  103  101   95   91   87   87   87   86   87   87   86   86   84   82   80   78
   76   74   73   72   70   68   66   64   61   58   56   55   54   54   54   56
   58   60   63   66   69   72   76   79   84   88   93   98  104  110  116  121
  127  131  136  139  142  145  146  147  147  147  145  144  142  140  138  136
  134  131  129  125  122  116  113  109  103                                   
    67.5-180.0 180.0   5.0 450.0                            LAT/LON1/LON2/DLON/H
  104  101   94   88   82   80   78   76   76   76   75   75   74   72   71   69
   68   68   67   67   67   66   64   61   58   55   53   50   49   48   49   49
   51   53   56   59   62   66   70   75   80   86   92   99  106  113  119  125
  131  135  139  142  144  145  146  146  146  145  144  143  141  139  138  137
  136  133  133  130  128  123  119  115  104                                   
    65.0-180.0 180.0   5.0 450.0                            LAT/LON1/LON2/DLON/H
  109  105   96   88   79   75   71   68   67   66   66   66   65   64   63   63
   62   63   64   64   65   64   63   60   57   54   51   49   47   46   45   46
   47   49   52   55   59   64   69   75   81   89   96  105  113  121  128  134
  139  142  145  147  148  148  148  147  147  146  144  143  142  140  139  139
  138  137  137  136  135  132  128  124  109                                   
    62.5-180.0 180.0   5.0 450.0                            LAT/LON1/LON2/DLON/H
  115  111  101   91   80   73   67   62   60   59   58   59   58   58   57   57
   57   58   59   61   61   61   60   58   55   52   49   47   45   44   44   44
   45   47   49   53   57   63   69   76   84   93  102  112  121  130  137  143
  147  150  152  153  153  152  151  150  149  147  146  145  143  142  141  141
  140  139  140  140  139  138  136  132  115                                   
    60.0-180.0 180.0   5.0 450.0                            LAT/LON1/LON2/DLON/H
  121  118  107   95   83   74   66   59   55   53   52   53   52   52   51   51
   51   52   53   55   55   55   54   53   51   48   46   44   43   42   41   42
   43   44   47   51   56   62   70   78   87   97  108  118  128  137  145  151
  155  157  159  159  158  157  156  154  152  150  149  147  146  144  143  142
  142  141  141  141  142  141  140  137  121                                   
    57.5-180.0 180.0   5.0 450.0                            LAT/LON1/LON2/DLON/H
  129  128  117  105   92   81   71   62   56   52   49   49   48   48   47   47
   47   47   48   48   49   48   48   46   45   44   42   41   41   40   40   41
   42   44   47   52   58   65   73   82   92  103  114  125  136  145  153  159
  163  166  167  168  167  166  164  161  159  157  155  154  152  151  149  148
  146  144  144  143  144  144  144  141  129                                   
    55.0-180.0 180.0   5.0 450.0                            LAT/LON1/LON2/DLON/H
  137  139  130  119  106   95   82   71   62   55   50   48   46   45   44   43
   42   42   42   42   41   41   41   40   39   39   39   39   39   39   39   40
   42   44   49   54   61   69   78   88   98  109  120  132  142  152  160  166
  171  174  176  177  177  176  174  171  169  166  164  163  161  159  157  155
  153  150  149  146  146  146  146  143  137                                   
    52.5-180.0 180.0   5.0 450.0                            LAT/LON1/LON2/DLON/H
  146  150  144  135  124  113  100   86   74   64   55   51   47   44   42   41
   40   39   38   37   36   36   36   36   36   37   37   38   39   39   40   41
   43   46   52   58   67   75   85   95  105  116  127  138  149  159  167  174
  179  184  186  188  188  187  185  182  179  176  174  172  171  169  167  166
  163  158  156  152  150  148  148  145  146                                   
    50.0-180.0 180.0   5.0 450.0                            LAT/LON1/LON2/DLON/H
  154  160  157  151  143  134  121  105   91   77   65   58   51   46   43   41
   39   38   36   35   34   34   34   35   36   38   39   40   41   41   42   43
   45   50   56   64   73   83   93  103  114  125  136  147  157  167  175  183
  189  194  197  200  200  199  197  193  190  186  183  181  180  179  178  177
  174  169  165  159  155  152  150  148  154                                   
    47.5-180.0 180.0   5.0 450.0                            LAT/LON1/LON2/DLON/H
  160  167  166  164  159  153  141  125  109   93   79   68   59   52   47   44
   41   39   38   36   35   35   37   39   41   43   44   45   45   45   45   46
   49   54   61   70   81   92  103  113  124  135  146  157  167  176  185  193
  199  205  209  212  212  211  208  203  199  194  191  189  188  188  188  188
  185  181  176  168  162  156  153  151  160                                   
    45.0-180.0 180.0   5.0 450.0                            LAT/LON1/LON2/DLON/H
  161  169  169  171  169  166  157  142  126  109   93   80   69   60   54   49
   47   44   42   41   41   42   44   47   50   52   52   52   51   49   49   49
   52   58   66   77   88  100  112  124  135  147  158  168  178  188  196  204
  210  216  221  224  224  222  218  213  207  202  198  196  195  195  196  197
  197  193  188  179  170  162  157  155  161                                   
    42.5-180.0 180.0   5.0 450.0                            LAT/LON1/LON2/DLON/H
  160  166  167  170  171  170  164  152  138  122  106   93   81   71   63   58
   55   52   50   49   50   52   55   59   61   62   61   59   57   55   53   53
   56   62   71   82   95  108  121  134  147  159  170  181  191  200  208  215
  222  228  232  235  235  233  228  222  216  211  207  204  203  203  204  207
  208  205  200  190  179  168  162  159  160                                   
    40.0-180.0 180.0   5.0 450.0                            LAT/LON1/LON2/DLON/H
  156  159  159  162  164  165  162  153  142  129  115  104   92   82   74   68
   65   62   61   60   61   63   67   71   73   73   70   67   63   60   58   58
   61   67   76   87  101  114  129  143  157  170  182  193  203  211  219  227
  233  239  243  246  247  244  240  235  229  224  220  217  214  214  215  218
  219  218  212  202  190  176  169  165  156                                   
    37.5-180.0 180.0   5.0 450.0                            LAT/LON1/LON2/DLON/H
  153  152  149  150  151  153  152  147  140  130  120  111  101   92   84   79
   75   73   71   70   71   74   78   81   83   81   77   73   68   65   63   63
   66   71   80   92  105  119  135  150  165  179  192  203  213  221  229  237
  243  249  254  258  259  259  256  252  248  245  241  236  233  230  230  233
  234  232  226  215  202  186  178  174  153                                   
    35.0-180.0 180.0   5.0 450.0                            LAT/LON1/LON2/DLON/H
  154  148  142  138  137  137  137  134  131  126  120  114  107   99   93   88
   85   82   81   79   80   83   86   89   89   87   82   78   74   71   69   69
   72   77   85   95  108  123  139  155  171  185  199  210  220  229  237  244
  251  258  265  271  275  278  278  277  275  273  270  265  259  255  252  253
  253  250  244  231  217  200  191  185  154                                   
    32.5-180.0 180.0   5.0 450.0                            LAT/LON1/LON2/DLON/H
  163  151  141  132  127  123  122  120  119  117  116  114  110  104   99   95
   92   90   88   86   86   88   91   94   93   91   86   83   80   78   77   77
   78   82   89   99  111  126  141  157  173  188  201  213  223  233  242  250
  259  267  276  285  294  300  305  308  309  308  306  300  293  286  281  279
  277  273  265  251  237  218  209  202  163                                   
    30.0-180.0 180.0   5.0 450.0                            LAT/LON1/LON2/DLON/H
  181  164  150  134  124  116  111  108  109  108  109  110  109  106  102   99
   97   95   93   90   90   92   95   97   97   94   91   89   87   86   85   85
   86   89   94  103  114  128  142  157  173  187  200  213  224  234  245  255
  266  276  288  302  314  326  335  342  346  348  346  340  332  322  315  310
  306  299  290  275  261  242  232  224  181                                   
    27.5-180.0 180.0   5.0 450.0                            LAT/LON1/LON2/DLON/H
  208  188  169  149  133  118  109  103  102  102  103  106  106  105  103  101
   99   97   95   93   92   94   98  101  101   99   97   96   96   95   94   93
   93   94   99  106  117  129  142  156  170  184  197  210  222  235  247  260
  273  286  302  319  336  352  366  376  383  386  386  380  370  360  350  344
  337  329  319  302  288  270  260  251  208                                   
    25.0-180.0 180.0   5.0 450.0                            LAT/LON1/LON2/DLON/H
  241  219  198  174  153  132  118  108  103  100  101  102  103  103  102  101
  100   98   96   94   95   98  103  106  107  106  104  104  104  104  102  100
   98   98  102  109  119  130  142  155  167  180  194  207  221  236  251  266
  282  298  316  336  357  377  394  407  416  421  420  415  405  394  384  377
  370  361  349  332  319  302  291  282  241                                   
    22.5-180.0 180.0   5.0 450.0                            LAT/LON1/LON2/DLON/H
  277  255  233  207  183  157  138  123  113  106  103  103  103  102  102  101
  100   99   97   96   98  103  109  113  114  114  112  112  112  110  107  104
  101  100  103  109  119  130  142  153  165  177  191  206  222  239  257  275
  293  311  332  354  377  399  418  432  441  446  446  441  432  422  414  407
  400  392  381  363  350  334  323  315  277                                   
    20.0-180.0 180.0   5.0 450.0                            LAT/LON1/LON2/DLON/H
  312  290  270  244  217  188  165  146  132  120  112  108  106  105  105  104
  102  101  100  100  104  110  117  122  123  121  119  118  116  113  108  104
  100   98  101  108  118  130  141  152  163  177  192  209  226  245  265  285
  305  326  348  371  395  417  435  449  458  462  462  457  450  442  436  432
  427  420  410  394  381  366  354  347  312                                   
    17.5-180.0 180.0   5.0 450.0                            LAT/LON1/LON2/DLON/H
  341  320  302  277  250  221  196  175  157  140  128  120  116  113  111  110
  108  106  105  107  112  119  127  131  130  127  123  119  116  111  106  100
   96   94   97  105  116  128  140  152  164  179  196  214  234  254  275  296
  318  340  362  385  407  428  445  458  466  469  469  465  459  454  451  450
  449  445  437  422  410  396  383  377  341                                   
    15.0-180.0 180.0   5.0 450.0                            LAT/LON1/LON2/DLON/H
  363  343  326  303  278  250  225  203  184  165  149  138  131  126  124  121
  118  115  114  116  121  129  135  137  134  128  122  116  111  106  100   94
   90   89   92  100  112  125  139  152  166  183  202  222  243  263  285  307
  329  351  373  395  416  434  450  461  468  471  470  467  463  461  461  464
  465  464  459  447  434  421  409  404  363                                   
    12.5-180.0 180.0   5.0 450.0                            LAT/LON1/LON2/DLON/H
  378  359  343  322  298  272  249  229  210  190  173  160  151  145  141  137
  133  129  127  128  132  138  142  141  135  126  117  110  104   98   93   88
   85   84   87   95  107  122  137  152  169  188  209  231  251  271  292  314
  337  359  380  401  420  437  451  461  468  471  470  468  466  465  468  472
  476  478  476  466  455  442  430  426  378                                   
    10.0-180.0 180.0   5.0 450.0                            LAT/LON1/LON2/DLON/H
  390  372  355  334  312  288  266  249  232  214  197  184  174  168  163  157
  152  147  143  142  144  146  147  142  132  120  109  101   96   91   87   83
   81   80   82   90  102  117  134  151  170  192  215  237  257  275  295  316
  338  360  382  401  420  436  450  461  468  472  472  471  469  469  472  477
  482  486  486  479  469  458  447  444  390                                   
     7.5-180.0 180.0   5.0 450.0                            LAT/LON1/LON2/DLON/H
  400  384  367  345  323  300  280  265  251  235  220  208  199  192  187  181
  174  167  161  156  154  153  148  139  126  112  101   94   89   86   84   82
