data/edconvlstm_nd/pred1260.15i
     1.0            IONOSPHERE MAPS     GNSS                IONEX VERSION / TYPE
pyspatialgeodesy        IME             05-JAN-18 20:20     PGM / RUN BY / DATE 
Map Name                                                    COMMENT             
Predicted global ionosphere maps (GIM).                     DESCRIPTION         
  2015     5     6     0     0     0                        EPOCH OF FIRST MAP  
  2015     5     7     0     0     0                        EPOCH OF LAST MAP   
  7200                                                      INTERVAL            
    13                                                      # OF MAPS IN FILE   
  NONE                                                      MAPPING FUNCTION    
10.0                                                        ELEVATION CUTOFF    
One-way carrier phase leveled to code                       OBSERVABLES USED    
  6371.0                                                    BASE RADIUS         
 2                                                          MAP DIMENSION       
   450.0 450.0   0.0                                        HGT1 / HGT2 / DHGT  
    87.5 -87.5  -2.5                                        LAT1 / LAT2 / DLAT  
  -180.0 180.0   5.0                                        LON1 / LON2 / DLON  
    -1                                                      EXPONENT            
                                                            END OF HEADER       
[from data line 1287]
     4                                                      START OF TEC MAP    
  2015     5     6     6     0     0                        EPOCH OF CURRENT MAP
    87.5-180.0 180.0   5.0 450.0                            LAT/LON1/LON2/DLON/H
  158  153  150  154  155  154  153  152  154  156  157  159  160  162  163  164
  165  166  167  167  167  168  168  168  167  167  166  166  165  165  164  164
  163  163  162  162  162  162  161  161  161  160  160  160  159  158  158  157
  156  154  153  152  150  149  147  146  145  143  142  141  140  139  138  138
  138  140  139  140  144  144  148  151  158                                   
    85.0-180.0 180.0   5.0 450.0                            LAT/LON1/LON2/DLON/H
  151  154  152  155  157  158  159  160  162  164  165  167  169  171  172  174
  175  176  177  178  178  178  178  178  177  176  176  175  174  173  173  172
  171  171  171  171  171  171  171  171  171  171  171  171  171  171  170  170
  169  168  167  165  164  162  160  159  157  155  154  152  151  150  149  148
  149  150  146  148  144  146  148  149  151                                   
    82.5-180.0 180.0   5.0 450.0                            LAT/LON1/LON2/DLON/H
  151  154  152  150  151  153  154  155  158  160  162  164  167  169  171  173
  174  175  176  176  176  176  175  174  172  171  170  168  167  166  165  165
  164  164  164  165  165  166  167  168  169  170  171  172  173  174  175  175
  175  174  174  172  171  169  167  165  163  160  158  157  155  153  151  150
  149  149  145  146  147  145  144  138  151                                   
    80.0-180.0 180.0   5.0 450.0                            LAT/LON1/LON2/DLON/H
  151  153  148  148  150  151  153  155  157  160  161  164  167  169  172  174
  176  177  177  177  176  174  172  170  168  165  163  161  160  159  158  158
  159  159  160  161  163  165  167  169  171  174  177  180  183  186  188  190
  191  191  191  190  188  186  184  181  178  175  172  170  167  165  162  161
  159  156  152  152  152  151  154  140  151                                   
    77.5-180.0 180.0   5.0 450.0                            LAT/LON1/LON2/DLON/H
  155  154  150  151  150  152  154  154  156  157  158  161  164  166  169  171
  172  173  174  173  171  168  165  161  158  154  152  150  149  149  150  151
  153  155  158  160  163  165  169  172  176  181  186  191  196  201  206  210
  212  214  214  213  212  209  206  203  199  196  192  189  186  183  180  178
  175  172  164  164  164  158  156  148  155                                   
    75.0-180.0 180.0   5.0 450.0                            LAT/LON1/LON2/DLON/H
  157  159  152  152  151  152  153  152  153  153  153  155  157  158  161  163
  165  166  165  164  162  158  153  148  143  139  136  135  134  136  138  142
  146  150  154  158  162  166  170  174  180  186  193  201  209  216  223  229
  233  236  236  235  233  230  226  222  217  213  210  207  204  201  198  196
  192  188  181  175  173  168  166  156  157                                   
    72.5-180.0 180.0   5.0 450.0                            LAT/LON1/LON2/DLON/H
  160  164  157  156  154  155  155  154  153  151  150  150  150  151  153  154
  156  157  157  156  153  148  143  136  131  126  123  122  123  126  131  137
  143  149  155  161  165  170  175  180  187  194  203  213  223  233  242  249
  254  257  258  256  252  248  242  236  231  227  223  220  217  215  213  211
  207  203  197  191  185  179  174  167  160                                   
    70.0-180.0 180.0   5.0 450.0                            LAT/LON1/LON2/DLON/H
  166  166  160  158  155  155  154  152  150  147  143  142  141  140  141  142
  144  146  146  145  142  137  131  124  117  111  108  108  110  115  122  131
  139  148  155  161  167  172  177  183  190  199  210  222  234  246  256  265
  270  273  272  268  262  255  247  240  234  229  225  223  221  219  217  216
  213  209  204  199  192  186  183  177  166                                   
    67.5-180.0 180.0   5.0 450.0                            LAT/LON1/LON2/DLON/H
  165  166  160  157  155  154  153  150  147  143  139  136  133  132  132  133
  135  136  137  137  134  129  122  114  106  101   97   97  100  107  116  126
  136  146  154  161  167  172  177  184  193  203  215  229  243  255  267  275
  280  281  278  272  263  254  244  235  228  223  219  217  215  214  213  212
  210  207  203  198  192  186  184  180  165                                   
    65.0-180.0 180.0   5.0 450.0                            LAT/LON1/LON2/DLON/H
  164  164  158  156  154  152  151  148  145  141  136  133  129  127  126  126
  128  130  131  130  127  123  116  108  100   94   90   91   95  102  112  123
  134  145  154  161  167  173  179  187  197  208  222  237  251  265  276  283
  287  286  281  272  261  250  239  229  222  217  214  211  210  208  206  206
  204  202  198  194  190  185  184  182  164                                   
    62.5-180.0 180.0   5.0 450.0                            LAT/LON1/LON2/DLON/H
  164  164  157  154  152  150  149  145  143  138  134  130  127  124  122  122
  123  124  125  125  122  117  111  103   95   90   87   87   91   99  109  120
  132  142  151  159  166  173  180  189  201  214  229  244  259  272  283  289
  290  287  280  270  258  246  235  226  219  215  211  209  206  203  200  198
  196  194  191  189  186  182  183  182  164                                   
    60.0-180.0 180.0   5.0 450.0                            LAT/LON1/LON2/DLON/H
  168  166  160  154  152  149  146  142  139  135  131  127  124  121  119  118
  118  119  119  118  116  111  105   99   92   87   85   86   90   97  107  117
  128  138  147  155  163  171  180  191  205  220  236  252  266  279  287  292
  292  288  280  270  258  247  238  230  224  220  217  214  210  205  200  196
  192  189  187  186  185  183  185  182  168                                   
    57.5-180.0 180.0   5.0 450.0                            LAT/LON1/LON2/DLON/H
  179  176  169  161  158  152  147  141  136  131  127  124  121  118  116  115
  114  113  113  111  109  105  101   95   91   87   86   87   91   98  106  115
  124  133  142  151  160  170  182  195  210  226  243  259  274  285  292  296
  295  290  283  274  265  256  249  243  239  236  233  229  223  216  209  202
  196  193  190  190  190  190  192  189  179                                   
    55.0-180.0 180.0   5.0 450.0                            LAT/LON1/LON2/DLON/H
  197  194  187  177  170  161  153  144  136  129  123  119  116  114  112  110
  109  107  106  105  102  100   97   94   91   89   89   91   95  100  106  114
  122  130  139  149  160  171  184  199  216  234  251  268  281  292  298  301
  300  297  291  285  278  272  267  263  261  258  255  251  244  235  226  217
  210  205  202  202  203  204  206  202  197                                   
    52.5-180.0 180.0   5.0 450.0                            LAT/LON1/LON2/DLON/H
  221  218  212  200  191  178  167  152  141  129  121  116  111  108  106  105
  103  102  100   99   98   96   95   94   94   94   95   97  100  104  109  115
  121  129  139  149  161  174  189  205  223  241  260  276  290  300  306  309
  309  307  303  299  295  291  288  286  284  283  280  275  268  259  249  239
  231  225  221  220  222  224  225  221  221                                   
    50.0-180.0 180.0   5.0 450.0                            LAT/LON1/LON2/DLON/H
  247  245  240  228  217  201  186  167  151  135  123  115  108  104  102  100
   99   98   97   97   96   96   97   98  100  101  103  106  108  111  114  118
  123  131  141  152  165  179  195  211  230  249  268  285  299  310  317  320
  321  321  319  317  314  312  309  307  305  303  301  297  291  283  274  265
  256  250  245  243  243  245  246  243  247                                   
    47.5-180.0 180.0   5.0 450.0                            LAT/LON1/LON2/DLON/H
  269  269  265  255  243  226  208  186  166  146  130  118  109  103   99   97
   97   97   97   98   99  100  103  105  108  111  113  116  118  119  120  123
  128  135  146  158  171  186  201  218  236  256  276  294  309  320  329  333
  336  336  335  334  332  329  326  322  319  316  314  311  307  302  296  289
  282  276  270  265  263  263  264  263  269                                   
    45.0-180.0 180.0   5.0 450.0                            LAT/LON1/LON2/DLON/H
  283  285  283  276  264  248  230  206  183  160  141  126  114  105  101   99
   99  100  101  103  105  108  111  115  118  121  124  126  127  127  127  129
  133  141  151  164  178  192  207  224  242  263  283  302  319  332  341  347
  350  351  350  348  345  341  336  330  325  321  319  318  318  317  314  311
  305  299  292  284  278  276  276  277  283                                   
    42.5-180.0 180.0   5.0 450.0                            LAT/LON1/LON2/DLON/H
  287  288  288  285  275  261  244  222  200  176  155  138  124  113  107  104
  105  107  109  111  114  117  121  125  129  132  133  134  134  134  133  135
  138  146  157  170  184  198  213  229  248  269  290  311  328  343  354  361
  364  364  363  360  355  350  343  336  329  325  323  324  327  329  331  330
  326  319  310  298  289  283  282  282  287                                   
    40.0-180.0 180.0   5.0 450.0                            LAT/LON1/LON2/DLON/H
  282  281  281  279  272  260  248  230  211  189  170  152  137  125  117  114
  114  117  119  122  125  128  132  136  140  141  142  141  140  139  138  139
  143  150  161  174  188  202  217  234  254  276  298  319  338  353  365  373
  376  376  374  370  366  361  354  347  341  337  337  339  344  349  352  353
  348  340  327  312  298  288  284  282  282                                   
    37.5-180.0 180.0   5.0 450.0                            LAT/LON1/LON2/DLON/H
  275  268  267  261  256  247  239  227  213  197  181  166  151  139  131  127
  127  129  131  133  135  139  143  147  149  150  149  147  145  143  142  142
  145  152  162  175  190  205  221  240  261  283  306  328  347  362  374  382
  386  387  386  384  383  381  377  373  369  368  369  373  379  384  386  385
  378  367  350  330  312  296  290  281  275                                   
    35.0-180.0 180.0   5.0 450.0                            LAT/LON1/LON2/DLON/H
  274  260  255  242  237  228  221  215  207  197  186  175  164  153  144  140
  139  141  142  144  146  149  153  157  159  159  156  152  149  146  144  143
  145  151  161  174  190  207  225  246  269  292  315  336  354  369  381  390
  395  398  401  404  409  413  417  419  420  422  425  430  435  438  438  434
  423  406  385  359  338  317  305  290  274                                   
    32.5-180.0 180.0   5.0 450.0                            LAT/LON1/LON2/DLON/H
  290  268  256  235  225  212  204  198  194  189  185  179  172  163  156  151
  150  151  152  153  155  159  164  169  170  168  163  158  153  148  145  143
  143  148  157  171  188  208  229  253  277  302  324  343  360  374  386  396
  404  412  421  432  445  460  472  483  491  498  504  509  512  512  508  499
  483  462  437  406  381  355  336  316  290                                   
    30.0-180.0 180.0   5.0 450.0                            LAT/LON1/LON2/DLON/H
  328  300  279  250  232  211  197  188  183  180  179  178  175  170  164  159
  157  157  158  159  162  168  175  180  182  179  172  164  157  150  145  141
  140  143  152  166  186  208  233  260  286  310  332  349  364  377  389  401
  413  427  444  465  490  515  539  560  576  588  597  602  603  600  591  576
  556  531  503  468  442  412  385  361  328                                   
    27.5-180.0 180.0   5.0 450.0                            LAT/LON1/LON2/DLON/H
  389  356  326  290  263  234  210  193  182  176  175  176  175  173  168  164
  161  161  162  164  168  176  186  193  195  191  182  171  161  152  145  139
  136  137  146  161  183  209  237  266  293  317  338  353  366  378  391  406
  424  445  471  502  537  573  608  638  662  679  691  696  695  688  675  655
  632  606  576  540  513  482  446  422  389                                   
    25.0-180.0 180.0   5.0 450.0                            LAT/LON1/LON2/DLON/H
  467  434  394  354  319  283  248  220  199  185  178  177  177  175  171  166
  163  162  163  167  175  185  198  207  209  204  193  179  167  155  145  137
  131  131  140  156  180  208  239  269  297  321  340  355  368  380  394  413
  436  465  499  538  581  625  667  703  732  753  766  772  770  761  745  725
  701  676  648  613  586  555  515  493  467                                   
    22.5-180.0 180.0   5.0 450.0                            LAT/LON1/LON2/DLON/H
  549  520  473  435  391  352  306  267  235  210  195  189  186  182  177  171
  166  164  166  172  181  195  209  219  222  215  202  187  172  158  145  134
  126  125  134  152  177  207  238  268  296  320  340  355  369  383  400  422
  451  485  525  568  614  661  703  740  769  791  805  812  811  804  790  772
  752  731  708  677  651  622  583  564  549                                   
    20.0-180.0 180.0   5.0 450.0                            LAT/LON1/LON2/DLON/H
  615  597  550  518  468  427  376  329  286  251  226  212  204  197  189  180
  173  171  172  179  190  205  220  230  232  223  209  191  174  158  142  128
  119  118  127  146  173  203  233  263  290  315  336  355  372  388  409  436
  469  506  547  590  633  674  711  742  767  786  800  809  811  809  802  791
  778  764  748  723  699  672  640  623  615                                   
    17.5-180.0 180.0   5.0 450.0                            LAT/LON1/LON2/DLON/H
  654  647  606  584  533  494  442  392  343  301  268  247  233  222  210  198
  188  183  184  190  201  215  229  238  237  226  209  190  171  153  136  121
  112  111  121  140  166  195  225  253  280  307  332  355  376  397  422  452
  487  526  565  602  636  666  693  715  733  748  760  770  778  783  785  783
  779  773  764  746  724  699  677  662  654                                   
    15.0-180.0 180.0   5.0 450.0                            LAT/LON1/LON2/DLON/H
  662  661  630  616  569  535  489  443  396  352  315  289  271  255  240  224
  211  203  201  204  213  225  236  241  236  222  203  183  164  146  129  114
  104  104  114  133  158  186  214  241  269  297  326  354  380  406  434  467
  504  542  576  605  629  648  663  675  686  696  706  717  728  739  749  756
  760  761  759  746  726  702  689  676  662                                   
    12.5-180.0 180.0   5.0 450.0                            LAT/LON1/LON2/DLON/H
  647  645  621  608  570  542  506  470  431  393  358  332  312  294  275  256
  240  228  222  222  226  233  239  239  230  213  192  173  155  139  122  108
   99   98  107  125  149  175  202  229  257  287  319  351  381  411  443  479
  516  552  582  604  619  628  635  640  646  652  660  669  682  695  710  721
  731  737  739  729  711  686  679  667  647                                   
    10.0-180.0 180.0   5.0 450.0                            LAT/LON1/LON2/DLON/H
  621  613  591  574  542  520  493  469  443  416  389  367  349  331  311  291
  272  257  246  240  237  238  238  232  219  200  180  162  147  132  117  103
   94   93  102  118  140  165  190  216  244  276  310  345  378  411  446  484
  522  557  585  602  611  616  619  621  625  629  635  643  653  666  680  692
  703  710  715  705  688  664  658  645  621                                   
     7.5-180.0 180.0   5.0 450.0                            LAT/LON1/LON2/DLON/H
  595  581  558  532  504  483  462  449  435  420  404  389  376  361  343  322
  302  283  268  255  246  240  233  223  207  188  169  154  140  128  114  100
