data/edconvlstm_nd/pred2020.15i
     1.0            IONOSPHERE MAPS     GNSS                IONEX VERSION / TYPE
pyspatialgeodesy        IME             05-JAN-18 20:20     PGM / RUN BY / DATE 
Map Name                                                    COMMENT             
Predicted global ionosphere maps (GIM).                     DESCRIPTION         
  2015     7    21     0     0     0                        EPOCH OF FIRST MAP  
  2015     7    22     0     0     0                        EPOCH OF LAST MAP   
  7200                                                      INTERVAL            
    13                                                      # OF MAPS IN FILE   
  NONE                                                      MAPPING FUNCTION    
10.0                                                        ELEVATION CUTOFF    
One-way carrier phase leveled to code                       OBSERVABLES USED    
  6371.0                                                    BASE RADIUS         
 2                                                          MAP DIMENSION       
   450.0 450.0   0.0                                        HGT1 / HGT2 / DHGT  
    87.5 -87.5  -2.5                                        LAT1 / LAT2 / DLAT  
  -180.0 180.0   5.0                                        LON1 / LON2 / DLON  
    -1                                                      EXPONENT            
                                                            END OF HEADER       
[from data line 429]
     2                                                      START OF TEC MAP    
  2015     7    21     2     0     0                        EPOCH OF CURRENT MAP
    87.5-180.0 180.0   5.0 450.0                            LAT/LON1/LON2/DLON/H
  148  153  156  156  154  152  148  147  148  147  147  147  147  147  146  146
  145  145  144  144  143  142  141  141  140  139  138  138  137  137  136  136
  136  136  136  136  136  136  136  137  137  137  137  138  138  138  138  139
  139  139  139  139  139  139  139  139  139  139  139  139  139  139  139  140
  141  143  143  142  145  146  147  146  148                                   
    85.0-180.0 180.0   5.0 450.0                            LAT/LON1/LON2/DLON/H
  155  162  151  158  162  159  158  157  158  158  157  157  157  157  156  155
  155  154  153  152  151  149  148  147  146  145  144  143  142  142  142  141
  141  141  141  142  142  142  143  143  144  144  145  145  146  146  146  147
  147  147  147  147  148  148  148  148  148  148  148  148  148  148  147  148
  150  151  150  153  148  149  149  147  155                                   
    82.5-180.0 180.0   5.0 450.0                            LAT/LON1/LON2/DLON/H
  159  158  163  162  162  161  161  161  163  163  162  163  162  162  161  160
  159  157  156  154  152  151  149  147  145  144  142  141  140  140  139  139
  139  139  140  140  141  142  142  143  144  145  145  146  147  147  148  148
  149  149  150  150  150  151  151  151  151  152  152  152  151  151  151  152
  152  153  151  151  154  144  144  141  159                                   
    80.0-180.0 180.0   5.0 450.0                            LAT/LON1/LON2/DLON/H
  158  158  154  156  157  158  161  163  165  165  164  164  164  163  162  161
  159  157  155  153  150  148  145  143  140  138  136  135  134  133  133  133
  133  134  134  135  137  138  139  140  141  143  144  145  146  147  148  149
  150  150  151  151  152  152  153  153  153  153  153  153  152  152  151  152
  151  150  147  146  154  146  150  144  158                                   
    77.5-180.0 180.0   5.0 450.0                            LAT/LON1/LON2/DLON/H
  155  152  150  155  152  154  159  162  164  164  163  164  163  162  161  160
  158  156  153  151  148  144  141  138  135  133  131  129  128  128  128  128
  129  130  132  133  134  136  137  139  140  142  143  145  147  148  150  151
  152  153  154  154  155  155  156  156  156  156  156  156  155  154  153  152
  151  150  144  144  149  142  143  143  155                                   
    75.0-180.0 180.0   5.0 450.0                            LAT/LON1/LON2/DLON/H
  148  146  145  152  149  151  155  158  160  161  160  161  160  159  158  157
  155  153  151  148  144  141  137  133  130  127  125  123  122  122  123  124
  125  126  127  129  130  131  133  134  136  138  140  142  144  147  149  150
  152  153  154  154  155  155  156  156  156  156  156  156  155  153  152  152
  149  147  142  136  139  136  136  139  148                                   
    72.5-180.0 180.0   5.0 450.0                            LAT/LON1/LON2/DLON/H
  138  142  142  148  147  149  153  156  159  159  159  160  159  159  158  157
  156  154  152  149  145  141  137  133  129  125  123  121  121  121  122  124
  125  127  128  129  130  131  132  133  135  137  140  143  146  149  152  154
  155  156  157  157  157  158  158  158  159  159  159  158  158  156  155  154
  151  149  145  139  137  131  131  134  138                                   
    70.0-180.0 180.0   5.0 450.0                            LAT/LON1/LON2/DLON/H
  137  137  138  144  143  145  149  152  155  155  155  155  156  155  155  155
  154  153  151  148  145  140  136  131  126  122  120  118  118  119  121  122
  124  125  126  127  126  126  127  128  130  132  136  140  144  148  151  154
  155  156  156  156  156  156  156  156  157  157  158  157  157  156  155  154
  151  148  144  139  137  130  130  131  137                                   
    67.5-180.0 180.0   5.0 450.0                            LAT/LON1/LON2/DLON/H
  134  135  136  141  140  141  144  146  149  149  149  150  151  151  152  152
  152  151  150  147  143  139  134  129  124  119  116  115  115  116  117  119
  121  121  121  121  119  118  118  119  121  124  129  134  139  144  148  151
  153  153  153  152  151  151  151  151  152  153  153  153  153  152  151  151
  149  146  142  137  136  129  128  131  134                                   
    65.0-180.0 180.0   5.0 450.0                            LAT/LON1/LON2/DLON/H
  135  135  136  141  138  139  141  142  145  144  144  146  147  148  150  150
  151  150  149  146  143  138  133  127  122  118  115  114  114  115  116  118
  118  118  117  115  112  111  110  110  113  117  123  129  136  142  146  149
  151  151  150  149  147  147  147  147  148  149  150  151  150  150  149  149
  147  145  143  138  138  131  131  134  135                                   
    62.5-180.0 180.0   5.0 450.0                            LAT/LON1/LON2/DLON/H
  139  140  141  145  141  140  141  141  142  141  141  143  145  147  148  150
  150  150  148  146  142  138  133  127  123  119  116  114  114  115  116  117
  117  115  113  109  106  103  102  103  107  112  119  126  134  141  146  149
  151  150  149  148  146  146  146  147  148  149  150  150  150  149  149  149
  148  147  145  142  142  137  137  140  139                                   
    60.0-180.0 180.0   5.0 450.0                            LAT/LON1/LON2/DLON/H
  146  148  149  152  147  144  144  142  142  139  139  140  142  144  146  148
  148  148  146  143  140  136  131  127  123  119  117  116  116  116  116  116
  114  111  108  103  100   97   96   98  102  108  116  125  133  140  146  150
  151  151  150  149  148  147  148  150  151  152  153  153  152  151  150  151
  150  150  149  147  147  144  145  148  146                                   
    57.5-180.0 180.0   5.0 450.0                            LAT/LON1/LON2/DLON/H
  156  158  160  162  156  151  149  146  143  140  138  139  141  143  144  146
  146  144  142  140  137  133  130  127  124  121  120  119  118  117  116  115
  112  108  103   99   95   93   93   95  100  107  115  124  133  141  147  151
  153  154  154  153  153  154  155  157  159  160  160  159  157  155  154  154
  154  155  155  153  155  152  154  158  156                                   
    55.0-180.0 180.0   5.0 450.0                            LAT/LON1/LON2/DLON/H
  168  170  172  174  167  161  158  152  148  143  139  139  140  141  142  143
  142  140  138  135  133  130  128  127  126  125  124  123  121  120  117  114
  109  104   99   95   92   91   92   95  100  107  116  125  134  142  148  153
  157  158  159  160  161  163  165  167  169  170  170  168  165  162  160  160
  161  161  162  161  164  162  165  169  168                                   
    52.5-180.0 180.0   5.0 450.0                            LAT/LON1/LON2/DLON/H
  180  183  184  187  179  173  168  161  155  148  143  141  140  140  141  140
  139  137  134  132  130  129  128  129  129  129  129  128  125  122  118  113
  107  101   97   93   91   91   93   97  102  109  117  125  134  142  149  155
  160  164  167  169  172  174  177  180  182  182  181  178  174  171  168  168
  169  170  170  170  172  172  175  179  180                                   
    50.0-180.0 180.0   5.0 450.0                            LAT/LON1/LON2/DLON/H
  191  194  196  199  191  185  180  173  165  156  150  146  144  142  141  140
  138  135  132  130  129  129  130  132  134  135  135  133  130  125  119  113
  106  100   96   93   92   93   96  101  106  112  118  125  133  141  150  157
  164  170  175  179  183  186  189  192  194  194  192  189  185  180  178  178
  178  179  180  180  181  181  184  188  191                                   
    47.5-180.0 180.0   5.0 450.0                            LAT/LON1/LON2/DLON/H
  201  204  205  208  202  196  192  185  177  167  159  154  150  147  145  142
  140  136  133  131  131  132  134  137  140  141  141  139  135  128  121  113
  106  100   97   95   95   97  100  105  109  114  119  125  132  140  149  159
  167  175  182  187  192  196  200  202  204  204  202  198  194  190  188  189
  189  190  191  190  190  189  192  196  201                                   
    45.0-180.0 180.0   5.0 450.0                            LAT/LON1/LON2/DLON/H
  207  210  211  214  209  205  202  196  189  179  170  164  159  155  151  148
  144  141  137  135  135  136  139  142  145  147  147  144  139  131  123  114
  108  102   99   98   98  101  104  108  112  115  119  123  130  139  149  160
  170  179  187  194  199  204  207  210  211  211  209  206  202  199  198  200
  200  202  202  199  198  196  198  203  207                                   
    42.5-180.0 180.0   5.0 450.0                            LAT/LON1/LON2/DLON/H
  212  213  214  217  214  211  209  205  200  191  182  176  170  165  161  157
  152  148  144  141  140  141  143  147  150  152  151  148  141  133  125  117
  110  106  103  102  102  104  107  111  114  116  119  123  129  137  148  160
  171  181  190  197  203  208  211  214  215  215  214  212  210  208  208  210
  212  214  213  209  207  202  205  209  212                                   
    40.0-180.0 180.0   5.0 450.0                            LAT/LON1/LON2/DLON/H
  216  216  217  219  217  215  215  213  209  202  194  188  183  178  173  168
  162  156  151  147  144  145  146  149  152  154  153  150  143  135  127  119
  114  110  107  106  106  107  110  113  116  118  120  123  128  136  147  159
  171  181  190  197  204  209  213  216  218  219  219  219  218  217  218  221
  224  226  225  220  216  210  213  217  216                                   
    37.5-180.0 180.0   5.0 450.0                            LAT/LON1/LON2/DLON/H
  221  221  221  222  221  220  220  219  218  212  206  201  196  191  186  180
  173  165  158  152  148  147  148  151  153  155  154  151  144  136  129  122
  118  115  113  111  110  110  112  115  118  120  122  124  129  136  147  158
  169  178  186  194  201  208  213  218  221  223  225  226  226  227  229  233
  236  239  238  232  226  219  223  227  221                                   
    35.0-180.0 180.0   5.0 450.0                            LAT/LON1/LON2/DLON/H
  230  230  230  228  228  228  228  227  227  222  217  213  209  204  198  191
  182  172  163  155  151  149  149  151  153  155  154  151  145  138  131  125
  122  120  118  115  113  112  114  117  121  123  125  126  130  136  145  155
  164  172  180  188  197  206  213  220  225  229  233  236  238  238  241  245
  250  253  253  246  239  232  237  241  230                                   
    32.5-180.0 180.0   5.0 450.0                            LAT/LON1/LON2/DLON/H
  243  244  244  241  242  241  240  239  238  234  229  226  222  217  211  202
  191  178  166  157  152  150  150  151  153  155  155  152  146  139  132  128
  125  124  122  119  116  115  116  120  124  127  128  128  130  134  141  149
  157  164  171  180  191  203  214  223  231  237  243  248  251  252  254  259
  264  268  268  262  255  248  254  259  243                                   
    30.0-180.0 180.0   5.0 450.0                            LAT/LON1/LON2/DLON/H
  262  264  263  261  261  261  259  257  255  250  245  241  237  232  224  213
  199  183  169  158  153  151  151  153  155  156  156  153  147  140  133  129
  128  127  125  122  118  116  118  121  126  129  129  129  128  131  135  141
  147  153  161  171  185  201  215  228  238  247  255  261  265  267  269  273
  278  283  285  280  273  267  274  280  262                                   
    27.5-180.0 180.0   5.0 450.0                            LAT/LON1/LON2/DLON/H
  283  288  286  285  287  287  285  282  278  271  265  260  255  248  239  225
  207  188  171  160  155  154  155  156  158  159  158  155  148  141  134  129
  127  126  124  121  118  116  117  121  125  128  128  126  124  124  126  131
  136  142  150  163  180  199  217  233  245  256  266  275  280  282  284  288
  293  299  302  299  292  288  295  303  283                                   
    25.0-180.0 180.0   5.0 450.0                            LAT/LON1/LON2/DLON/H
  306  312  312  313  317  318  317  312  307  298  290  283  276  268  256  239
  218  195  176  164  159  159  160  162  163  163  161  156  149  140  131  126
  124  122  120  117  114  112  113  117  121  123  122  119  116  115  116  119
  124  131  141  156  175  197  219  237  251  264  276  286  293  296  298  302
  308  315  320  318  312  309  317  326  306                                   
    22.5-180.0 180.0   5.0 450.0                            LAT/LON1/LON2/DLON/H
  327  335  336  341  346  350  350  346  340  330  320  311  302  291  277  257
  232  206  185  172  166  166  168  168  168  166  162  156  147  136  127  120
  116  114  112  109  106  105  106  109  112  114  113  110  106  104  104  107
  113  121  133  150  172  196  219  238  254  268  281  293  303  308  311  316
  322  330  337  337  332  329  338  347  327                                   
    20.0-180.0 180.0   5.0 450.0                            LAT/LON1/LON2/DLON/H
  345  354  356  364  371  378  381  378  373  363  352  341  330  317  300  278
  250  222  198  183  177  175  176  175  172  168  162  153  142  130  119  111
  106  103  100   97   95   94   95   97   99  101  101   99   95   93   93   96
  104  114  128  146  169  193  217  237  253  268  283  297  309  317  322  328
  336  345  352  354  349  347  356  364  345                                   
    17.5-180.0 180.0   5.0 450.0                            LAT/LON1/LON2/DLON/H
  357  366  369  378  388  396  401  402  399  390  379  368  356  341  323  299
  270  240  214  197  189  185  183  179  173  166  157  146  134  121  110  101
   95   90   87   84   82   81   82   84   86   88   89   88   86   83   84   88
   97  109  125  144  166  190  213  234  251  266  283  299  313  324  332  340
  348  358  366  368  363  361  370  377  357                                   
    15.0-180.0 180.0   5.0 450.0                            LAT/LON1/LON2/DLON/H
  365  373  376  384  394  402  409  413  413  407  398  387  374  360  341  318
  289  259  232  213  201  194  187  180  171  160  149  137  124  111  100   91
   84   79   75   72   70   70   70   71   74   77   79   80   78   77   77   82
   92  106  123  142  163  186  209  230  248  265  282  300  317  330  341  351
  360  369  376  379  374  371  379  385  365                                   
    12.5-180.0 180.0   5.0 450.0                            LAT/LON1/LON2/DLON/H
  369  375  376  381  390  397  405  410  413  410  403  394  382  368  351  329
  302  274  247  226  210  199  188  177  164  151  137  124  112  101   91   83
   76   71   66   63   61   61   61   62   65   68   72   74   74   73   73   78
   89  103  121  139  160  183  205  227  246  264  284  303  321  336  349  360
  369  378  384  385  380  376  385  389  369                                   
    10.0-180.0 180.0   5.0 450.0                            LAT/LON1/LON2/DLON/H
  371  374  373  374  382  386  392  397  401  400  395  387  377  364  349  330
  307  282  256  234  215  199  184  169  154  138  124  112  101   92   84   77
   71   65   61   58   56   55   55   56   59   64   68   72   72   71   71   75
   86  101  118  137  157  179  203  225  247  267  288  308  327  343  356  367
  375  382  387  387  381  377  386  390  371                                   
     7.5-180.0 180.0   5.0 450.0                            LAT/LON1/LON2/DLON/H
  372  374  371  368  373  374  377  380  383  382  378  370  361  349  335  320
  301  280  257  235  214  195  176  158  141  125  111  100   91   85   79   74
