data/edconvlstm_nd/pred2070.15i
     1.0            IONOSPHERE MAPS     GNSS                IONEX VERSION / TYPE
pyspatialgeodesy        IME             05-JAN-18 20:20     PGM / RUN BY / DATE 
Map Name                                                    COMMENT             
Predicted global ionosphere maps (GIM).                     DESCRIPTION         
  2015     7    26     0     0     0                        EPOCH OF FIRST MAP  
  2015     7    27     0     0     0                        EPOCH OF LAST MAP   
  7200                                                      INTERVAL            
    13                                                      # OF MAPS IN FILE   
  NONE                                                      MAPPING FUNCTION    
10.0                                                        ELEVATION CUTOFF    
One-way carrier phase leveled to code                       OBSERVABLES USED    
  6371.0                                                    BASE RADIUS         
 2                                                          MAP DIMENSION       
   450.0 450.0   0.0                                        HGT1 / HGT2 / DHGT  
    87.5 -87.5  -2.5                                        LAT1 / LAT2 / DLAT  
  -180.0 180.0   5.0                                        LON1 / LON2 / DLON  
    -1                                                      EXPONENT            
                                                            END OF HEADER       
[from data line 2574]
     7                                                      START OF TEC MAP    
  2015     7    26    12     0     0                        EPOCH OF CURRENT MAP
    87.5-180.0 180.0   5.0 450.0                            LAT/LON1/LON2/DLON/H
  108  115  114  119  121  121  120  116  117  119  118  118  118  118  118  117
  117  117  117  117  117  117  117  117  117  118  118  118  118  118  118  118
  118  118  118  118  118  117  117  117  117  117  116  116  116  116  116  115
  115  115  115  114  114  114  113  113  113  113  113  113  113  113  112  113
  113  115  113  111  116  113  123  120  108                                   
    85.0-180.0 180.0   5.0 450.0                            LAT/LON1/LON2/DLON/H
  110  118  129  121  121  124  124  124  124  125  124  124  124  124  123  123
  123  122  122  122  122  123  123  123  123  123  124  124  124  124  124  124
  124  124  124  123  123  123  123  123  122  122  122  122  122  122  122  121
  121  121  121  120  120  120  119  119  119  119  118  118  118  118  118  119
  120  121  116  113  112  113  120  122  110                                   
    82.5-180.0 180.0   5.0 450.0                            LAT/LON1/LON2/DLON/H
  105  117  123  118  117  120  122  122  122  122  121  121  120  120  119  118
  118  117  117  117  118  118  119  119  120  121  121  122  123  123  124  124
  124  124  124  124  124  124  123  123  123  124  124  124  124  124  124  124
  124  124  123  123  122  122  121  121  120  120  119  118  118  118  117  117
  118  118  114  112  111  118  115  112  105                                   
    80.0-180.0 180.0   5.0 450.0                            LAT/LON1/LON2/DLON/H
  101  109  116  115  113  114  115  117  118  118  116  116  114  113  112  111
  111  110  110  110  110  111  112  113  114  115  117  118  119  119  120  120
  121  121  120  120  120  120  120  120  120  120  121  121  122  122  122  123
  122  122  122  121  121  120  119  118  117  116  115  114  113  112  112  112
  112  111  109  109  106  113  116  113  101                                   
    77.5-180.0 180.0   5.0 450.0                            LAT/LON1/LON2/DLON/H
  105  108  112  112  111  113  114  116  116  115  113  112  110  109  107  106
  105  104  104  105  105  106  108  109  111  113  114  116  118  119  120  121
  122  122  122  122  121  121  121  121  122  122  123  124  125  126  127  127
  127  127  126  126  125  124  122  121  119  118  116  115  114  112  111  111
  110  109  106  107  107  107  110  112  105                                   
    75.0-180.0 180.0   5.0 450.0                            LAT/LON1/LON2/DLON/H
   99  103  103  106  106  109  110  111  111  111  108  107  104  103  101   99
   98   98   98   99  100  101  103  105  107  109  112  114  116  118  120  121
  122  123  123  123  122  122  122  122  123  124  125  126  128  129  129  130
  130  129  129  128  127  125  123  122  120  118  116  115  113  112  111  110
  109  107  105  102  103  103  106  101   99                                   
    72.5-180.0 180.0   5.0 450.0                            LAT/LON1/LON2/DLON/H
   95   98   97  102  102  106  107  108  108  107  104  103  100   98   96   95
   94   94   94   95   96   98   99  102  104  106  109  112  115  117  120  122
  124  125  125  125  125  125  125  125  126  128  129  131  133  134  134  135
  134  134  133  132  130  128  126  124  122  120  118  117  116  114  113  112
  111  109  107  103  101  101  102  102   95                                   
    70.0-180.0 180.0   5.0 450.0                            LAT/LON1/LON2/DLON/H
   94   92   92   95   96   98   99  101  101  101   98   97   94   93   91   90
   89   89   89   90   92   93   95   97  100  102  105  108  111  114  117  120
  123  125  126  126  127  127  127  128  129  131  133  134  136  137  137  137
  136  135  133  132  130  128  125  123  121  119  118  117  116  115  115  115
  113  110  108  104  101   99  101  100   94                                   
    67.5-180.0 180.0   5.0 450.0                            LAT/LON1/LON2/DLON/H
   89   87   87   90   91   93   95   97   97   97   95   94   92   91   90   89
   88   89   89   90   91   92   94   95   97   99  101  104  107  111  115  118
  122  124  126  127  128  128  129  130  132  134  136  138  139  140  139  138
  137  135  133  131  129  127  124  122  120  118  117  117  117  117  118  118
  117  114  111  106  100   97   96   94   89                                   
    65.0-180.0 180.0   5.0 450.0                            LAT/LON1/LON2/DLON/H
   85   82   81   84   84   86   88   90   91   91   90   90   89   89   89   88
   89   89   89   90   91   92   93   94   95   96   98  100  104  107  112  117
  121  125  127  129  130  131  132  134  136  139  141  143  144  144  142  140
  138  135  133  131  128  126  124  122  120  118  118  118  119  120  121  122
  122  119  115  110  104   99   98   95   85                                   
    62.5-180.0 180.0   5.0 450.0                            LAT/LON1/LON2/DLON/H
   81   77   75   77   76   79   80   82   83   84   84   85   85   86   87   88
   89   89   90   90   90   91   92   92   93   94   95   97  100  104  109  114
  119  124  127  130  131  133  134  137  140  143  146  148  148  147  144  141
  138  135  132  130  128  126  124  121  120  118  118  119  120  122  124  125
  124  122  118  112  105  100   98   95   81                                   
    60.0-180.0 180.0   5.0 450.0                            LAT/LON1/LON2/DLON/H
   77   73   70   70   68   70   71   73   74   75   75   77   79   81   84   86
   87   88   88   88   89   89   90   90   91   92   92   94   96  100  105  111
  117  122  126  129  131  134  136  139  143  147  150  152  152  150  146  142
  138  134  132  130  128  127  125  122  120  119  119  120  121  123  125  126
  125  122  119  112  105  100   97   93   77                                   
    57.5-180.0 180.0   5.0 450.0                            LAT/LON1/LON2/DLON/H
   75   70   66   66   62   63   63   65   65   66   67   69   72   76   79   83
   85   86   87   87   87   87   88   90   91   92   92   94   96  100  104  110
  116  121  126  130  133  136  140  143  148  153  156  158  158  155  150  145
  141  138  135  134  133  132  129  127  125  124  123  124  125  126  127  128
  127  124  119  113  106  101   98   94   75                                   
    55.0-180.0 180.0   5.0 450.0                            LAT/LON1/LON2/DLON/H
   75   69   64   63   58   58   58   58   58   59   59   62   65   69   74   78
   81   83   84   84   85   86   88   90   92   93   94   96   97  101  105  110
  116  122  128  132  137  140  144  149  154  159  163  165  164  160  155  150
  146  143  141  141  140  139  136  134  132  130  129  129  130  131  131  130
  128  124  120  113  106  101   99   95   75                                   
    52.5-180.0 180.0   5.0 450.0                            LAT/LON1/LON2/DLON/H
   78   71   65   63   58   56   55   55   54   54   54   56   59   63   68   72
   77   80   81   82   83   85   88   91   94   96   98   99  101  104  107  112
  118  124  131  136  142  146  151  155  161  166  170  172  171  167  162  157
  153  151  150  150  149  147  145  143  140  138  137  137  137  137  136  134
  131  126  121  114  108  103  101   97   78                                   
    50.0-180.0 180.0   5.0 450.0                            LAT/LON1/LON2/DLON/H
   82   75   69   67   60   58   57   56   54   53   53   53   55   58   63   68
   73   77   80   82   84   86   90   94   98  101  103  105  106  108  111  116
  122  128  136  143  149  154  159  164  169  174  178  179  179  175  171  166
  163  161  160  160  159  157  154  152  149  148  147  146  146  145  143  140
  136  130  124  117  111  107  104  100   82                                   
    47.5-180.0 180.0   5.0 450.0                            LAT/LON1/LON2/DLON/H
   88   81   76   73   66   64   62   61   59   58   56   56   56   57   60   65
   70   76   80   83   86   90   94   99  103  107  109  110  111  113  115  120
  126  134  142  151  159  165  171  175  179  183  186  188  187  184  181  177
  174  172  171  170  168  165  163  160  159  157  157  156  155  153  151  148
  143  136  130  122  116  111  109  104   88                                   
    45.0-180.0 180.0   5.0 450.0                            LAT/LON1/LON2/DLON/H
   94   87   83   80   74   72   70   69   67   66   64   62   60   60   61   65
   71   77   83   87   91   95  100  105  109  113  115  116  117  117  120  125
  132  141  151  162  171  179  184  188  191  193  196  197  196  194  192  189
  186  184  182  179  176  173  170  169  168  168  167  166  164  162  159  155
  150  144  136  129  122  117  114  109   94                                   
    42.5-180.0 180.0   5.0 450.0                            LAT/LON1/LON2/DLON/H
   99   94   90   88   82   81   80   79   78   77   75   73   69   66   66   68
   74   81   88   94   99  103  107  112  116  119  120  121  121  122  125  130
  138  149  162  175  186  194  199  202  204  205  206  207  207  205  203  201
  199  196  192  188  184  180  178  178  178  178  178  176  173  170  167  163
  158  151  143  135  128  123  119  114   99                                   
    40.0-180.0 180.0   5.0 450.0                            LAT/LON1/LON2/DLON/H
  103  100   97   95   90   90   89   89   89   89   87   85   80   75   73   74
   79   86   95  102  108  112  115  119  122  124  125  125  125  126  130  136
  146  159  174  189  201  210  215  217  217  217  218  218  218  217  216  215
  212  208  203  198  193  189  188  189  190  191  190  187  182  178  174  170
  164  158  149  141  133  128  124  119  103                                   
    37.5-180.0 180.0   5.0 450.0                            LAT/LON1/LON2/DLON/H
  106  104  102  100   97   96   96   97   98   99   98   96   91   85   81   81
   85   93  102  110  116  121  124  126  128  129  130  130  130  132  136  144
  156  171  188  203  216  225  230  232  232  231  230  230  231  231  230  229
  226  222  216  209  204  201  201  203  206  206  204  198  192  185  180  175
  169  162  153  145  137  131  127  122  106                                   
    35.0-180.0 180.0   5.0 450.0                            LAT/LON1/LON2/DLON/H
  109  108  106  104  101  101  101  102  103  105  105  104   99   93   88   87
   91   98  108  117  124  129  132  133  134  134  135  135  136  138  144  154
  168  185  202  218  231  240  245  246  246  245  245  245  245  245  245  244
  242  237  231  225  220  218  219  222  224  224  219  212  202  193  185  179
  172  164  155  147  139  133  130  124  109                                   
    32.5-180.0 180.0   5.0 450.0                            LAT/LON1/LON2/DLON/H
  113  112  111  108  105  105  104  103  105  107  108  108  104   99   94   92
   95  103  113  123  131  136  138  139  140  140  140  141  143  147  155  167
  182  199  216  232  244  253  258  260  261  260  260  260  261  261  262  261
  259  255  249  244  240  240  242  245  246  244  237  226  213  201  190  182
  173  165  156  147  139  135  131  125  113                                   
    30.0-180.0 180.0   5.0 450.0                            LAT/LON1/LON2/DLON/H
  117  117  116  113  110  108  106  104  104  105  106  107  105  101   97   95
   98  105  116  127  136  142  144  145  145  146  147  149  152  158  168  181
  197  214  231  245  256  264  270  273  275  276  277  277  278  279  279  279
  277  275  271  267  265  265  267  270  269  264  254  240  224  209  196  185
  175  166  156  147  140  136  132  127  117                                   
    27.5-180.0 180.0   5.0 450.0                            LAT/LON1/LON2/DLON/H
  123  123  123  119  116  113  109  104  102  102  102  103  103  100   98   97
   99  106  117  129  139  146  149  150  151  152  154  158  163  171  182  197
  213  230  245  257  267  274  281  285  289  292  294  295  296  297  298  298
  298  296  294  292  292  292  294  294  291  283  270  253  236  218  202  189
  177  167  156  148  141  138  134  129  123                                   
    25.0-180.0 180.0   5.0 450.0                            LAT/LON1/LON2/DLON/H
  130  130  130  127  122  119  114  107  102   99   98   99   99   98   97   97
   99  106  117  129  141  149  153  155  156  159  162  168  176  185  198  213
  229  245  258  268  277  285  291  298  303  308  311  313  315  316  317  318
  318  319  318  318  318  318  317  314  307  296  282  264  245  226  209  195
  180  169  158  150  144  140  137  132  130                                   
    22.5-180.0 180.0   5.0 450.0                            LAT/LON1/LON2/DLON/H
  135  136  137  134  129  126  120  112  105   99   96   95   96   96   96   96
   99  106  116  129  141  151  156  159  161  165  171  178  188  199  213  229
  245  259  271  280  289  296  303  310  317  323  327  330  332  334  335  337
  338  340  341  341  340  339  335  328  318  304  288  271  252  234  216  201
  186  173  162  154  147  143  139  135  135                                   
    20.0-180.0 180.0   5.0 450.0                            LAT/LON1/LON2/DLON/H
  138  139  141  139  135  132  126  118  110  102   97   94   94   94   95   96
   99  105  115  128  141  152  158  162  165  171  178  188  199  213  228  243
  259  272  284  293  302  310  317  325  331  337  342  345  348  350  352  354
  356  358  359  359  357  352  345  335  322  307  290  274  256  239  222  206
  191  179  167  159  151  146  141  138  138                                   
    17.5-180.0 180.0   5.0 450.0                            LAT/LON1/LON2/DLON/H
  138  140  142  140  136  135  131  123  115  107  100   96   94   94   95   96
   99  105  114  127  140  151  158  163  168  175  184  196  209  224  240  256
  272  286  298  308  318  326  334  340  346  351  355  358  361  364  367  369
  371  372  372  370  366  359  348  335  320  305  289  273  258  242  226  211
  197  185  173  164  155  147  142  140  138                                   
    15.0-180.0 180.0   5.0 450.0                            LAT/LON1/LON2/DLON/H
  134  136  139  137  134  133  131  126  119  111  103   98   95   94   95   96
   98  104  113  125  138  150  158  164  170  179  190  203  218  234  251  268
  284  299  313  325  336  345  353  358  362  364  366  369  372  375  378  380
  381  381  379  375  368  358  346  331  316  301  286  271  257  241  227  213
  200  189  179  169  158  147  141  139  134                                   
    12.5-180.0 180.0   5.0 450.0                            LAT/LON1/LON2/DLON/H
  128  130  132  130  127  126  127  124  120  113  106  100   96   94   94   95
   97  102  111  123  136  147  155  163  171  181  194  209  225  242  260  279
  296  312  328  342  355  365  372  375  376  375  375  376  379  381  384  385
  385  383  379  373  365  354  341  327  313  298  284  269  254  238  224  212
  201  191  181  171  159  145  138  136  128                                   
    10.0-180.0 180.0   5.0 450.0                            LAT/LON1/LON2/DLON/H
  121  123  123  120  117  116  119  118  116  111  105   99   95   93   92   92
   94   99  108  119  132  143  152  161  171  183  197  213  230  249  268  287
  306  324  341  358  372  382  388  389  387  383  380  379  380  382  384  384
  383  379  373  366  357  347  335  323  311  298  283  267  250  233  219  208
  198  190  181  171  158  143  135  132  121                                   
     7.5-180.0 180.0   5.0 450.0                            LAT/LON1/LON2/DLON/H
  117  117  115  111  106  106  108  109  108  105  100   96   92   89   87   87
   89   94  103  115  127  139  149  159  171  185  200  216  234  253  273  294
