data/edconvlstm_nd/pred3120.15i
     1.0            IONOSPHERE MAPS     GNSS                IONEX VERSION / TYPE
pyspatialgeodesy        IME             05-JAN-18 20:20     PGM / RUN BY / DATE 
Map Name                                                    COMMENT             
Predicted global ionosphere maps (GIM).                     DESCRIPTION         
  2015    11     8     0     0     0                        EPOCH OF FIRST MAP  
  2015    11     9     0     0     0                        EPOCH OF LAST MAP   
  7200                                                      INTERVAL            
    13                                                      # OF MAPS IN FILE   
  NONE                                                      MAPPING FUNCTION    
10.0                                                        ELEVATION CUTOFF    
One-way carrier phase leveled to code                       OBSERVABLES USED    
  6371.0                                                    BASE RADIUS         
 2                                                          MAP DIMENSION       
   450.0 450.0   0.0                                        HGT1 / HGT2 / DHGT  
    87.5 -87.5  -2.5                                        LAT1 / LAT2 / DLAT  
  -180.0 180.0   5.0                                        LON1 / LON2 / DLON  
    -1                                                      EXPONENT            
                                                            END OF HEADER       
[from data line 3432]
     9                                                      START OF TEC MAP    
  2015    11     8    16     0     0                        EPOCH OF CURRENT MAP
    87.5-180.0 180.0   5.0 450.0                            LAT/LON1/LON2/DLON/H
   56   65   64   66   70   69   69   64   64   66   66   66   66   66   66   67
   67   67   68   68   68   69   69   69   69   70   70   70   70   70   71   71
   71   71   71   71   71   71   71   71   71   71   72   72   72   73   73   74
   74   75   75   75   75   76   76   75   75   75   74   74   73   73   72   71
   71   71   67   61   63   60   76   80   56                                   
    85.0-180.0 180.0   5.0 450.0                            LAT/LON1/LON2/DLON/H
   59   64   76   60   61   65   64   65   65   67   65   66   66   66   66   67
   67   68   68   69   70   70   71   72   72   73   73   74   74   75   75   75
   75   75   75   75   75   75   75   75   75   75   75   75   75   75   75   76
   76   77   77   77   77   77   77   77   77   76   75   75   74   73   73   72
   72   70   65   59   60   60   68   66   59                                   
    82.5-180.0 180.0   5.0 450.0                            LAT/LON1/LON2/DLON/H
   42   51   60   51   54   56   58   58   58   59   59   60   59   59   59   60
   60   60   61   62   62   63   64   65   66   66   67   68   69   69   70   70
   71   71   72   72   72   72   72   72   71   71   71   71   71   72   72   73
   73   74   75   75   76   76   76   75   74   73   72   71   70   68   67   66
   66   64   59   54   57   64   60   58   42                                   
    80.0-180.0 180.0   5.0 450.0                            LAT/LON1/LON2/DLON/H
   30   37   50   43   44   43   45   45   46   47   47   48   47   48   48   48
   48   49   50   51   52   53   54   55   56   58   59   60   61   62   63   64
   66   67   68   68   69   69   69   69   68   68   67   67   67   67   68   69
   70   72   73   74   75   75   74   73   72   71   69   67   64   62   61   59
   58   56   53   51   49   53   51   56   30                                   
    77.5-180.0 180.0   5.0 450.0                            LAT/LON1/LON2/DLON/H
   39   40   45   39   40   40   41   41   41   41   39   40   39   39   39   40
   40   41   42   44   45   47   49   51   53   54   56   57   59   60   61   63
   65   66   68   69   70   70   70   69   67   66   64   63   63   63   65   66
   69   71   74   76   77   78   77   76   75   72   70   67   64   61   59   56
   55   53   51   50   48   47   47   54   39                                   
    75.0-180.0 180.0   5.0 450.0                            LAT/LON1/LON2/DLON/H
   36   40   42   39   39   39   39   38   38   38   36   36   35   35   35   35
   35   37   38   40   43   46   49   51   54   56   57   58   59   60   61   63
   64   66   68   70   71   72   71   69   67   65   62   60   59   60   61   63
   67   70   74   76   78   79   79   77   75   72   68   65   62   59   56   54
   53   52   52   50   50   46   45   43   36                                   
    72.5-180.0 180.0   5.0 450.0                            LAT/LON1/LON2/DLON/H
   45   46   47   45   42   43   43   41   39   38   36   35   34   34   33   33
   34   36   38   41   45   49   53   57   60   62   63   63   63   62   62   63
   64   66   69   71   73   73   72   70   66   62   59   55   54   53   55   58
   62   66   71   74   76   77   76   74   71   68   64   61   58   55   54   52
   51   51   52   50   51   49   49   50   45                                   
    70.0-180.0 180.0   5.0 450.0                            LAT/LON1/LON2/DLON/H
   50   51   53   51   48   48   47   47   46   45   43   43   41   40   39   39
   40   42   46   50   56   61   67   72   76   77   78   76   74   72   69   68
   68   70   72   74   76   76   75   72   68   62   57   53   50   50   51   54
   59   64   68   72   74   74   73   71   68   64   61   58   56   54   53   53
   52   53   55   54   56   54   58   58   50                                   
    67.5-180.0 180.0   5.0 450.0                            LAT/LON1/LON2/DLON/H
   55   56   57   56   54   55   56   56   55   55   54   53   52   50   49   49
   50   53   57   63   70   77   84   89   93   94   93   90   85   80   75   72
   70   70   72   74   75   76   74   71   66   60   54   49   45   44   46   49
   54   59   63   66   68   68   67   64   61   58   56   54   53   52   53   53
   54   55   57   55   57   57   58   58   55                                   
    65.0-180.0 180.0   5.0 450.0                            LAT/LON1/LON2/DLON/H
   54   55   55   56   54   57   59   61   62   64   64   65   64   63   62   62
   63   66   72   79   87   96  103  110  113  114  111  106   99   91   84   78
   74   72   71   72   73   72   71   67   62   56   49   44   40   39   39   42
   46   51   54   57   58   58   56   54   51   49   48   48   48   48   49   50
   51   53   56   55   57   58   59   60   54                                   
    62.5-180.0 180.0   5.0 450.0                            LAT/LON1/LON2/DLON/H
   49   49   48   49   49   53   56   61   65   69   71   73   73   73   73   74
   76   80   86   94  103  113  121  127  130  130  126  120  112  103   93   85
   78   73   71   69   69   68   66   62   57   51   45   39   36   34   34   36
   39   42   45   47   47   47   45   44   42   41   41   42   43   44   45   45
   46   47   49   49   51   51   51   54   49                                   
    60.0-180.0 180.0   5.0 450.0                            LAT/LON1/LON2/DLON/H
   41   40   39   40   40   43   48   55   62   68   73   77   80   81   82   84
   87   92   99  108  118  127  134  139  142  141  137  131  123  114  104   94
   85   78   72   68   66   63   61   57   53   48   43   38   34   32   31   32
   34   35   37   38   39   38   37   36   36   36   37   38   39   40   40   40
   39   39   41   41   43   42   42   46   41                                   
    57.5-180.0 180.0   5.0 450.0                            LAT/LON1/LON2/DLON/H
   34   33   32   33   32   34   40   48   57   65   72   79   83   87   90   94
   99  105  113  122  131  139  145  148  149  148  145  140  134  127  118  108
   97   88   79   73   68   65   62   59   56   52   48   45   41   39   37   36
   35   36   36   37   37   37   37   37   37   38   40   41   42   42   41   39
   36   35   35   36   37   36   34   40   34                                   
    55.0-180.0 180.0   5.0 450.0                            LAT/LON1/LON2/DLON/H
   31   32   31   31   29   30   35   43   52   61   69   78   84   90   96  102
  110  118  127  136  143  149  152  153  151  149  147  145  142  137  130  122
  111  100   89   81   75   70   68   66   64   62   60   57   54   51   48   45
   43   42   41   41   42   42   43   44   46   47   49   50   50   49   46   42
   37   34   34   34   36   33   32   36   31                                   
    52.5-180.0 180.0   5.0 450.0                            LAT/LON1/LON2/DLON/H
   34   37   36   35   32   33   36   42   50   59   67   76   85   93  102  111
  121  131  141  149  154  157  156  154  150  147  146  145  145  144  141  134
  124  113  101   92   85   81   79   78   78   77   77   76   73   69   65   61
   57   54   53   53   54   55   57   59   60   62   63   64   63   61   57   51
   45   40   39   38   40   37   35   38   34                                   
    50.0-180.0 180.0   5.0 450.0                            LAT/LON1/LON2/DLON/H
   45   50   49   47   43   44   44   48   54   61   69   78   87   98  109  122
  134  146  156  163  166  165  161  155  148  144  143  144  146  148  147  141
  133  123  112  104   98   94   93   94   95   97   98   97   95   91   85   80
   75   71   70   70   71   73   75   77   79   80   80   80   78   75   70   64
   57   52   49   49   50   48   46   46   45                                   
    47.5-180.0 180.0   5.0 450.0                            LAT/LON1/LON2/DLON/H
   62   68   67   65   61   61   59   60   64   69   75   84   95  107  121  136
  151  164  173  179  179  175  167  157  148  143  141  142  146  148  148  144
  136  128  119  113  109  108  109  111  114  116  118  118  115  110  104   98
   93   89   88   88   90   92   95   96   97   97   96   95   94   90   86   80
   72   67   64   64   65   63   61   58   62                                   
    45.0-180.0 180.0   5.0 450.0                            LAT/LON1/LON2/DLON/H
   79   85   85   85   81   81   78   77   79   83   89   97  108  122  137  155
  171  184  193  196  194  187  176  164  153  146  142  143  145  146  145  140
  134  128  123  120  120  122  125  128  131  133  135  134  130  125  118  112
  107  104  103  104  106  108  110  110  110  109  108  107  105  103   99   94
   88   83   80   80   81   79   76   73   79                                   
    42.5-180.0 180.0   5.0 450.0                            LAT/LON1/LON2/DLON/H
   90   96   97   99   97   98   95   95   96  101  107  116  128  143  160  178
  194  207  214  215  211  202  190  177  164  155  150  147  146  144  140  135
  129  126  125  127  131  135  140  144  146  147  147  144  139  132  126  120
  116  113  113  113  114  116  117  117  116  115  114  113  112  111  109  105
  100   96   93   92   92   90   86   84   90                                   
    40.0-180.0 180.0   5.0 450.0                            LAT/LON1/LON2/DLON/H
   91   95   98  103  104  107  106  109  113  120  128  139  152  169  187  205
  221  232  237  237  231  222  209  195  182  171  163  157  151  145  138  132
  128  128  131  138  145  152  157  160  161  159  156  150  142  134  127  122
  119  117  116  116  116  117  117  117  116  115  114  114  114  114  112  110
  105  102   99   97   95   92   86   87   91                                   
    37.5-180.0 180.0   5.0 450.0                            LAT/LON1/LON2/DLON/H
   82   84   87   96   99  105  109  117  125  136  148  163  179  196  215  233
  248  257  261  260  254  245  233  220  206  194  184  174  164  154  146  140
  139  142  150  159  169  176  180  180  177  172  164  155  145  136  128  123
  120  118  116  114  113  113  113  113  113  113  113  113  113  112  111  109
  104  100   97   93   89   83   76   81   82                                   
    35.0-180.0 180.0   5.0 450.0                            LAT/LON1/LON2/DLON/H
   68   66   70   80   86   93  103  116  130  148  166  184  203  223  243  261
  274  282  285  284  279  272  261  249  235  222  210  198  186  175  168  165
  167  175  186  197  206  210  210  205  198  188  177  165  152  141  133  128
  124  121  118  115  112  111  111  112  113  114  115  115  113  111  108  104
   98   93   90   85   79   70   61   69   68                                   
    32.5-180.0 180.0   5.0 450.0                            LAT/LON1/LON2/DLON/H
   55   50   53   62   68   76   91  109  130  154  178  202  224  246  267  285
  298  306  308  308  305  300  292  280  267  254  241  229  219  211  207  210
  218  230  242  252  256  255  248  238  226  212  197  182  168  156  148  142
  138  133  128  123  119  117  118  119  122  124  124  123  119  114  108  102
   94   88   84   78   71   60   51   60   55                                   
    30.0-180.0 180.0   5.0 450.0                            LAT/LON1/LON2/DLON/H
   49   43   43   49   53   60   78   99  125  155  185  213  239  264  286  304
  318  326  330  331  332  329  323  313  299  286  275  266  261  259  264  275
  290  305  316  321  318  308  294  277  260  244  227  211  196  183  175  169
  164  158  150  143  137  135  136  138  141  143  143  140  133  125  115  105
   96   89   85   79   73   61   50   58   49                                   
    27.5-180.0 180.0   5.0 450.0                            LAT/LON1/LON2/DLON/H
   56   48   46   46   46   52   68   90  120  153  187  220  249  276  299  319
  334  343  349  353  357  357  353  343  330  318  310  307  309  318  333  354
  376  394  403  400  387  366  343  321  300  282  265  249  235  224  216  211
  205  197  187  177  170  167  168  170  172  173  171  165  156  143  131  118
  107  101   97   92   88   75   63   66   56                                   
    25.0-180.0 180.0   5.0 450.0                            LAT/LON1/LON2/DLON/H
   75   67   61   55   52   54   68   88  118  152  188  223  255  283  308  330
  346  357  365  372  378  382  380  371  358  348  344  348  361  382  409  441
  470  489  492  479  454  422  391  364  342  325  309  295  283  274  268  263
  257  247  236  224  216  212  211  212  212  210  205  196  183  168  153  140
  128  123  119  118  115  103   89   84   75                                   
    22.5-180.0 180.0   5.0 450.0                            LAT/LON1/LON2/DLON/H
  106   97   88   76   69   68   78   95  122  156  192  227  259  289  315  338
  355  367  377  387  396  402  401  394  383  375  376  388  412  445  484  524
  558  575  572  547  509  468  431  402  382  366  354  343  334  328  324  320
  314  304  291  279  270  264  261  257  253  247  238  226  211  194  178  165
  154  152  148  153  151  138  123  112  106                                   
    20.0-180.0 180.0   5.0 450.0                            LAT/LON1/LON2/DLON/H
  142  132  119  105   94   91   98  111  135  166  200  234  266  296  323  346
  363  376  387  397  408  416  417  411  402  398  404  424  457  499  547  592
  626  639  627  593  546  499  460  433  415  404  395  387  381  377  374  372
  367  357  344  332  321  313  305  297  287  275  262  247  231  214  200  189
  180  181  178  187  186  173  159  145  142                                   
    17.5-180.0 180.0   5.0 450.0                            LAT/LON1/LON2/DLON/H
  171  161  148  134  123  119  124  134  155  183  215  247  279  308  335  357
  374  386  395  406  416  425  427  423  417  417  428  454  493  541  590  635
  665  671  652  613  563  516  480  457  443  434  427  420  415  412  411  410
  405  396  384  371  359  348  336  321  305  288  272  256  240  226  215  207
  201  205  202  214  212  200  188  174  171                                   
    15.0-180.0 180.0   5.0 450.0                            LAT/LON1/LON2/DLON/H
  185  175  164  155  146  145  151  160  179  205  234  266  297  326  352  373
  388  399  406  414  422  430  433  431  429  433  449  479  520  566  612  651
  673  674  652  612  566  525  495  477  466  458  450  442  435  431  430  428
  424  417  406  393  380  366  349  328  307  286  267  251  238  227  221  217
  214  219  217  227  224  213  202  191  185                                   
    12.5-180.0 180.0   5.0 450.0                            LAT/LON1/LON2/DLON/H
  179  167  161  158  157  163  173  185  204  228  257  288  320  349  375  395
  408  416  420  424  428  433  437  438  440  449  469  500  538  578  616  645
  660  657  636  602  565  533  511  497  487  477  465  453  442  435  432  429
  426  418  408  396  383  366  345  320  295  271  252  237  227  220  218  218
  219  224  221  228  222  210  198  191  179                                   
    10.0-180.0 180.0   5.0 450.0                            LAT/LON1/LON2/DLON/H
  156  144  140  144  152  166  185  203  224  250  279  311  343  373  399  419
  432  437  437  436  436  438  441  446  453  467  489  518  551  582  608  628
  637  633  616  592  566  546  531  521  510  495  476  457  440  428  421  417
  413  406  397  385  371  353  330  303  276  251  232  219  211  208  210  213
  215  220  217  217  209  195  181  175  156                                   
     7.5-180.0 180.0   5.0 450.0                            LAT/LON1/LON2/DLON/H
  128  116  112  121  136  158  186  210  237  266  296  329  363  395  422  442
  454  458  456  450  445  445  449  457  469  487  510  536  561  582  598  608
