data/edconvlstm_nd/pred0420.15i
     1.0            IONOSPHERE MAPS     GNSS                IONEX VERSION / TYPE
pyspatialgeodesy        IME             05-JAN-18 20:20     PGM / RUN BY / DATE 
Map Name                                                    COMMENT             
Predicted global ionosphere maps (GIM).                     DESCRIPTION         
  2015     2    11     0     0     0                        EPOCH OF FIRST MAP  
  2015     2    12     0     0     0                        EPOCH OF LAST MAP   
  7200                                                      INTERVAL            
    13                                                      # OF MAPS IN FILE   
  NONE                                                      MAPPING FUNCTION    
10.0                                                        ELEVATION CUTOFF    
One-way carrier phase leveled to code                       OBSERVABLES USED    
  6371.0                                                    BASE RADIUS         
 2                                                          MAP DIMENSION       
   450.0 450.0   0.0                                        HGT1 / HGT2 / DHGT  
    87.5 -87.5  -2.5                                        LAT1 / LAT2 / DLAT  
  -180.0 180.0   5.0                                        LON1 / LON2 / DLON  
    -1                                                      EXPONENT            
                                                            END OF HEADER       
[from data line 4719]
    12                                                      START OF TEC MAP    
  2015     2    11    22     0     0                        EPOCH OF CURRENT MAP
    87.5-180.0 180.0   5.0 450.0                            LAT/LON1/LON2/DLON/H
  194  185  173  183  188  188  189  189  190  193  193  195  195  196  196  196
  196  195  194  193  191  189  187  185  182  180  177  175  172  170  168  166
  164  162  161  159  158  157  157  156  156  155  155  155  156  156  157  157
  158  159  160  161  161  162  163  164  165  166  166  167  168  168  169  169
  169  170  169  169  178  177  178  180  194                                   
    85.0-180.0 180.0   5.0 450.0                            LAT/LON1/LON2/DLON/H
  192  186  195  192  192  198  201  205  207  211  212  215  216  217  217  217
  217  215  214  211  209  206  203  200  197  194  190  187  184  181  178  176
  173  171  169  168  166  165  164  163  163  163  163  163  163  164  165  165
  166  167  169  170  171  172  173  174  175  176  176  177  177  177  178  178
  179  179  179  176  177  174  170  179  192                                   
    82.5-180.0 180.0   5.0 450.0                            LAT/LON1/LON2/DLON/H
  173  171  176  183  191  199  207  212  215  221  225  229  232  234  234  233
  231  228  225  220  215  210  205  200  195  189  185  180  176  172  168  165
  161  159  157  155  153  152  151  150  149  149  149  149  150  150  151  153
  154  156  157  159  161  162  164  165  166  167  167  167  167  167  167  166
  167  166  165  168  165  172  159  165  173                                   
    80.0-180.0 180.0   5.0 450.0                            LAT/LON1/LON2/DLON/H
  156  157  168  175  184  191  203  214  222  230  236  241  245  246  245  242
  238  232  225  218  210  202  195  188  181  175  169  164  160  156  153  150
  147  145  143  142  141  140  139  139  139  139  139  140  140  142  143  145
  147  149  151  154  156  158  160  161  163  163  163  163  162  161  160  158
  157  156  155  155  147  146  140  155  156                                   
    77.5-180.0 180.0   5.0 450.0                            LAT/LON1/LON2/DLON/H
  152  148  163  168  182  193  208  220  230  240  248  255  259  259  256  251
  243  233  221  209  198  187  177  169  161  155  150  146  143  140  137  136
  134  133  133  132  132  131  131  131  131  131  131  131  131  132  133  135
  137  139  142  144  147  149  151  153  154  155  154  153  152  150  148  146
  144  143  142  143  138  137  139  158  152                                   
    75.0-180.0 180.0   5.0 450.0                            LAT/LON1/LON2/DLON/H
  146  149  162  168  182  196  210  223  237  248  258  264  267  265  260  250
  238  223  207  192  177  164  154  145  139  134  131  129  127  126  126  126
  126  126  126  127  127  127  127  127  127  127  127  127  127  127  128  129
  130  132  134  136  139  141  143  144  145  145  144  142  140  138  136  134
  132  133  134  134  129  131  135  144  146                                   
    72.5-180.0 180.0   5.0 450.0                            LAT/LON1/LON2/DLON/H
  153  160  173  184  195  210  225  240  252  265  275  282  284  280  271  258
  240  220  199  179  160  145  133  124  118  115  113  112  112  113  114  115
  116  117  118  119  120  121  121  121  121  121  121  120  120  119  119  120
  121  122  124  125  127  129  131  132  132  132  130  128  126  123  122  121
  120  122  126  129  128  134  143  157  153                                   
    70.0-180.0 180.0   5.0 450.0                            LAT/LON1/LON2/DLON/H
  169  180  193  201  212  225  239  253  267  279  289  295  295  289  276  259
  236  212  186  163  142  125  113  105  100   98   97   98   99  100  102  103
  105  106  108  109  110  110  111  111  112  111  111  111  110  109  109  109
  109  110  111  112  114  115  116  117  117  116  114  111  109  107  107  107
  108  113  121  129  134  145  159  169  169                                   
    67.5-180.0 180.0   5.0 450.0                            LAT/LON1/LON2/DLON/H
  196  210  224  231  243  256  269  283  295  307  317  322  321  313  298  277
  251  223  194  167  143  125  111  102   97   94   93   92   93   93   94   94
   95   96   97   97   98   99  100  101  101  101  101  101  101  100   99   99
   99   99  100  101  103  104  105  106  105  104  102  100   98   97   98  100
  104  112  122  134  143  160  176  188  196                                   
    65.0-180.0 180.0   5.0 450.0                            LAT/LON1/LON2/DLON/H
  217  235  249  256  267  279  291  304  316  328  337  342  341  332  316  294
  267  236  205  176  151  131  116  105   98   93   90   88   86   84   83   82
   81   80   80   80   80   80   81   82   82   83   83   84   83   83   82   81
   81   81   82   83   85   86   87   88   88   87   85   83   82   82   84   88
   94  106  121  137  152  174  194  208  217                                   
    62.5-180.0 180.0   5.0 450.0                            LAT/LON1/LON2/DLON/H
  237  257  272  279  291  303  315  327  338  350  359  364  363  356  341  320
  293  263  232  203  176  154  136  122  112  103   96   90   85   80   76   72
   69   67   65   64   63   63   63   64   65   67   68   68   68   68   67   66
   66   66   67   68   70   71   73   74   74   73   72   71   71   72   75   80
   89  103  121  139  157  183  205  220  237                                   
    60.0-180.0 180.0   5.0 450.0                            LAT/LON1/LON2/DLON/H
  248  270  287  293  307  318  331  342  354  365  374  379  380  375  363  345
  322  295  265  236  209  185  164  146  131  118  107   97   88   80   73   67
   62   58   55   52   51   51   51   52   53   55   56   57   57   56   55   54
   54   54   55   56   58   60   61   63   63   64   63   63   63   65   69   76
   86  102  121  141  160  189  214  229  248                                   
    57.5-180.0 180.0   5.0 450.0                            LAT/LON1/LON2/DLON/H
  256  279  296  303  319  329  343  353  364  374  383  389  391  389  381  368
  350  326  300  272  245  219  195  173  154  136  121  108   97   86   77   69
   62   56   52   49   48   47   47   47   49   50   51   52   52   51   50   49
   48   48   49   50   52   54   56   58   59   60   61   61   63   65   69   77
   88  105  126  145  163  193  219  234  256                                   
    55.0-180.0 180.0   5.0 450.0                            LAT/LON1/LON2/DLON/H
  263  287  306  313  330  341  354  363  373  381  389  394  397  397  394  386
  372  353  330  304  276  249  222  198  175  155  138  123  110   98   88   78
   70   63   58   55   53   52   52   52   53   54   55   55   55   54   52   50
   49   49   50   52   54   56   59   61   62   64   65   67   69   72   77   86
   98  116  137  156  172  201  227  240  263                                   
    52.5-180.0 180.0   5.0 450.0                            LAT/LON1/LON2/DLON/H
  273  297  317  324  343  354  367  373  381  387  392  395  398  400  399  395
  386  370  349  324  297  270  242  217  193  173  155  141  127  115  104   93
   84   76   71   68   66   65   64   64   64   64   65   65   65   63   61   59
   57   57   58   59   62   64   66   69   71   73   74   77   79   83   90  100
  113  133  154  173  189  216  240  251  273                                   
    50.0-180.0 180.0   5.0 450.0                            LAT/LON1/LON2/DLON/H
  290  312  333  340  361  373  385  389  394  396  397  398  399  400  401  399
  392  378  359  335  310  283  256  232  209  190  174  160  147  135  123  111
  100   92   86   83   81   80   79   79   78   78   79   79   79   77   75   72
   71   70   71   72   74   76   78   80   82   84   86   88   92   97  106  118
  133  154  176  196  211  236  259  267  290                                   
    47.5-180.0 180.0   5.0 450.0                            LAT/LON1/LON2/DLON/H
  310  330  351  359  382  395  406  409  412  410  408  405  403  402  402  399
  392  379  361  339  315  290  266  243  223  206  192  179  166  153  139  125
  113  104   98   96   95   94   94   92   92   92   92   93   93   93   91   88
   86   86   86   86   88   89   90   92   93   94   96   98  102  109  120  134
  152  175  199  221  237  260  282  290  310                                   
    45.0-180.0 180.0   5.0 450.0                            LAT/LON1/LON2/DLON/H
  331  350  371  378  402  417  428  431  431  429  423  416  411  407  405  400
  392  378  361  340  319  297  275  255  237  221  208  195  181  165  148  131
  118  109  104  103  103  104  103  102  101  101  102  104  105  105  104  102
  101  100   99  100  100  100  101  102  102  103  103  106  110  118  131  148
  167  194  219  243  261  284  306  316  331                                   
    42.5-180.0 180.0   5.0 450.0                            LAT/LON1/LON2/DLON/H
  349  367  387  394  418  433  444  447  449  446  439  431  424  417  412  404
  394  380  363  345  326  307  287  268  250  234  220  205  187  168  148  130
  116  107  104  105  107  108  108  107  105  105  107  109  111  112  112  111
  110  109  109  108  108  108  108  108  108  107  107  109  113  122  137  156
  178  206  233  258  278  303  325  340  349                                   
    40.0-180.0 180.0   5.0 450.0                            LAT/LON1/LON2/DLON/H
  360  378  397  403  425  438  450  454  458  457  452  445  437  430  422  413
  401  387  372  356  340  322  302  282  262  244  226  207  186  164  143  125
  112  106  105  107  111  113  112  110  108  108  109  111  113  114  115  114
  114  113  113  112  112  111  111  110  109  108  107  108  113  123  139  160
  183  212  240  265  285  313  337  356  360                                   
    37.5-180.0 180.0   5.0 450.0                            LAT/LON1/LON2/DLON/H
  366  384  401  404  423  433  445  450  457  460  458  454  448  441  433  423
  412  399  387  374  359  341  320  296  272  249  227  205  182  159  139  124
  115  112  114  118  122  123  121  117  113  111  111  112  113  114  113  113
  113  113  113  112  112  111  111  110  109  107  106  106  110  121  138  160
  185  214  241  266  285  314  341  361  366                                   
    35.0-180.0 180.0   5.0 450.0                            LAT/LON1/LON2/DLON/H
  371  389  404  402  417  423  433  439  448  455  458  457  454  449  442  434
  424  415  405  394  380  360  335  306  278  251  227  204  182  162  146  137
  133  135  139  143  145  143  138  131  125  120  117  116  115  113  112  111
  111  111  111  111  111  111  111  111  109  107  105  105  109  120  139  162
  187  216  243  267  283  313  343  362  371                                   
    32.5-180.0 180.0   5.0 450.0                            LAT/LON1/LON2/DLON/H
  383  399  412  404  414  415  424  429  440  448  454  456  455  452  447  441
  434  428  421  412  396  373  344  312  282  254  231  210  192  179  171  169
  173  178  183  185  183  176  166  154  144  136  130  125  121  117  114  112
  112  111  111  112  113  114  114  114  112  110  108  108  113  124  144  169
  195  224  251  273  288  318  351  365  383                                   
    30.0-180.0 180.0   5.0 450.0                            LAT/LON1/LON2/DLON/H
  406  421  431  418  425  420  427  430  440  448  454  458  457  455  450  445
  440  436  431  421  403  377  346  314  286  263  244  230  220  216  219  227
  238  246  249  246  235  220  202  186  171  160  150  142  135  128  123  120
  118  117  116  117  118  120  120  120  118  117  115  116  122  134  155  182
  209  239  266  288  304  335  369  379  406                                   
    27.5-180.0 180.0   5.0 450.0                            LAT/LON1/LON2/DLON/H
  442  457  465  449  454  447  450  450  457  463  467  468  467  462  456  449
  444  440  433  420  399  372  343  316  296  282  273  269  271  279  293  311
  327  335  331  317  294  268  243  220  202  188  176  166  156  147  140  135
  131  128  127  127  128  129  129  128  127  126  126  128  135  149  171  200
  228  261  288  313  330  363  400  406  442                                   
    25.0-180.0 180.0   5.0 450.0                            LAT/LON1/LON2/DLON/H
  491  506  513  499  507  499  500  497  500  500  499  496  490  481  470  460
  451  443  432  414  389  363  339  324  317  318  323  332  346  366  390  413
  426  426  411  384  349  312  278  251  231  216  205  194  183  173  164  157
  151  146  142  141  140  140  138  136  134  134  136  140  149  164  188  218
  249  285  315  344  365  402  440  445  491                                   
    22.5-180.0 180.0   5.0 450.0                            LAT/LON1/LON2/DLON/H
  547  566  573  567  581  576  577  571  569  563  555  546  533  518  500  483
  467  452  434  409  382  358  345  345  356  374  395  417  440  465  488  504
  507  495  467  429  384  340  302  272  253  240  231  222  213  203  194  185
  176  167  160  156  153  150  146  142  140  141  144  150  161  177  202  235
  269  309  344  378  404  444  487  491  547                                   
    20.0-180.0 180.0   5.0 450.0                            LAT/LON1/LON2/DLON/H
  603  629  640  644  667  667  671  664  660  648  634  618  599  576  550  524
  500  476  449  417  387  369  368  386  417  453  486  514  535  551  559  557
  545  520  485  441  393  347  309  281  264  256  251  247  242  234  225  214
  202  190  179  171  164  158  152  147  144  145  149  157  169  187  213  248
  285  330  370  409  439  484  531  538  603                                   
    17.5-180.0 180.0   5.0 450.0                            LAT/LON1/LON2/DLON/H
  649  684  701  715  748  755  763  760  756  743  726  707  683  654  620  585
  552  519  483  446  416  404  417  452  500  547  582  601  607  600  584  561
  532  499  460  419  376  335  301  278  266  263  264  266  265  261  253  242
  227  211  196  184  174  165  157  150  146  147  151  161  174  193  221  257
  297  346  390  432  467  516  567  578  649                                   
    15.0-180.0 180.0   5.0 450.0                            LAT/LON1/LON2/DLON/H
  676  720  746  767  808  823  836  839  839  830  816  798  774  743  704  663
  623  583  541  501  472  468  493  540  595  639  661  660  638  603  561  517
  475  438  405  375  344  315  289  271  263  264  269  275  279  279  273  262
  246  227  209  193  181  170  160  152  147  147  151  160  175  196  225  263
  305  356  403  447  484  535  588  603  676                                   
    12.5-180.0 180.0   5.0 450.0                            LAT/LON1/LON2/DLON/H
  685  733  767  792  838  860  879  886  894  892  885  874  856  829  792  750
  708  665  620  580  555  557  587  636  684  711  710  679  628  566  502  443
  396  363  343  329  315  299  281  268  262  264  270  277  283  286  282  272
  255  235  216  198  184  172  162  154  149  147  150  158  173  195  227  266
  310  362  409  451  488  540  592  610  685                                   
    10.0-180.0 180.0   5.0 450.0                            LAT/LON1/LON2/DLON/H
  679  729  767  792  842  868  891  901  915  921  924  923  915  897  868  832
  793  753  712  675  654  657  684  721  750  753  723  664  588  506  429  366
  323  300  296  300  304  300  290  278  271  269  271  276  281  283  280  271
  255  236  217  200  186  175  166  159  153  149  150  156  171  194  227  266
  311  362  408  447  483  534  585  605  679                                   
     7.5-180.0 180.0   5.0 450.0                            LAT/LON1/LON2/DLON/H
  664  716  755  778  827  854  877  888  905  919  931  941  944  937  919  894
  864  833  799  768  749  749  764  783  787  763  706  625  533  444  368  311
