data/edconvlstm_nd/pred3070.15i
     1.0            IONOSPHERE MAPS     GNSS                IONEX VERSION / TYPE
pyspatialgeodesy        IME             05-JAN-18 20:20     PGM / RUN BY / DATE 
Map Name                                                    COMMENT             
Predicted global ionosphere maps (GIM).                     DESCRIPTION         
  2015    11     3     0     0     0                        EPOCH OF FIRST MAP  
  2015    11     4     0     0     0                        EPOCH OF LAST MAP   
  7200                                                      INTERVAL            
    13                                                      # OF MAPS IN FILE   
  NONE                                                      MAPPING FUNCTION    
10.0                                                        ELEVATION CUTOFF    
One-way carrier phase leveled to code                       OBSERVABLES USED    
  6371.0                                                    BASE RADIUS         
 2                                                          MAP DIMENSION       
   450.0 450.0   0.0                                        HGT1 / HGT2 / DHGT  
    87.5 -87.5  -2.5                                        LAT1 / LAT2 / DLAT  
  -180.0 180.0   5.0                                        LON1 / LON2 / DLON  
    -1                                                      EXPONENT            
                                                            END OF HEADER       
[from data line 429]
     2                                                      START OF TEC MAP    
  2015    11     3     2     0     0                        EPOCH OF CURRENT MAP
    87.5-180.0 180.0   5.0 450.0                            LAT/LON1/LON2/DLON/H
   58   62   57   57   56   57   53   51   53   53   54   54   55   56   56   57
   57   57   57   56   56   55   54   53   53   52   51   50   50   49   49   49
   48   48   48   49   49   49   50   50   51   51   52   53   53   54   54   54
   55   55   55   55   55   55   55   55   55   55   55   55   54   54   53   54
   55   54   53   52   51   65   67   63   58                                   
    85.0-180.0 180.0   5.0 450.0                            LAT/LON1/LON2/DLON/H
   51   66   54   57   57   57   54   53   54   54   54   55   56   57   57   58
   58   58   57   57   56   55   53   52   50   49   47   46   45   44   43   43
   43   44   44   45   46   48   49   50   52   53   54   55   56   57   58   58
   58   59   59   59   59   60   60   60   61   61   61   62   62   61   61   62
   63   63   61   63   65   64   74   64   51                                   
    82.5-180.0 180.0   5.0 450.0                            LAT/LON1/LON2/DLON/H
   50   53   65   58   54   55   52   50   52   52   53   54   56   57   58   59
   60   60   59   58   56   54   52   49   46   43   40   38   36   35   34   34
   34   35   36   38   40   43   45   47   50   52   54   55   57   58   58   58
   59   59   59   59   60   60   61   62   63   64   64   65   66   66   66   67
   67   67   65   62   72   61   64   68   50                                   
    80.0-180.0 180.0   5.0 450.0                            LAT/LON1/LON2/DLON/H
   70   68   68   58   55   51   49   47   49   49   49   51   53   55   57   58
   59   59   59   58   56   53   50   46   43   39   36   33   30   29   28   28
   29   31   33   36   39   42   45   48   51   53   55   56   57   57   57   57
   57   57   57   57   58   59   61   62   64   66   68   69   71   72   73   74
   74   72   72   70   84   74   76   81   70                                   
    77.5-180.0 180.0   5.0 450.0                            LAT/LON1/LON2/DLON/H
   87   82   74   67   59   54   51   50   51   49   49   51   54   56   59   61
   63   64   64   63   61   58   54   49   45   40   35   31   28   26   25   26
   27   29   32   36   40   44   47   51   54   56   57   58   58   58   57   56
   55   54   54   55   56   58   60   63   66   69   72   75   77   79   80   82
   82   83   82   83   91   82   84   89   87                                   
    75.0-180.0 180.0   5.0 450.0                            LAT/LON1/LON2/DLON/H
   97   92   87   81   70   64   59   56   55   52   51   52   54   56   59   61
   64   65   66   66   64   61   57   52   47   42   37   33   30   28   27   27
   28   31   34   37   41   45   48   51   53   55   55   55   54   53   51   49
   47   46   46   47   49   52   56   61   66   70   74   78   81   84   86   88
   89   91   92   90   99   97   99  100   97                                   
    72.5-180.0 180.0   5.0 450.0                            LAT/LON1/LON2/DLON/H
  108  105  102   94   85   77   72   67   64   60   57   56   56   57   59   61
   64   66   67   67   66   64   61   57   52   47   43   39   36   33   32   32
   33   35   38   40   44   47   49   52   53   54   54   53   51   49   46   44
   42   41   41   43   46   50   56   62   68   74   79   84   87   89   92   95
   96   98  102  102  111  109  111  113  108                                   
    70.0-180.0 180.0   5.0 450.0                            LAT/LON1/LON2/DLON/H
  123  121  118  111  100   91   85   79   75   68   63   60   57   56   56   57
   59   61   63   64   64   63   61   58   55   51   48   45   43   41   40   40
   40   40   42   43   45   47   48   50   50   51   50   49   47   44   41   39
   37   37   38   41   46   52   59   67   75   82   88   92   94   96   98  100
  102  104  108  110  119  121  124  123  123                                   
    67.5-180.0 180.0   5.0 450.0                            LAT/LON1/LON2/DLON/H
  130  129  125  120  108   98   92   86   81   73   66   61   56   53   50   50
   50   52   54   55   56   56   56   54   52   51   49   47   46   45   43   42
   41   40   39   39   39   39   40   40   40   40   40   39   38   36   34   32
   31   31   33   38   44   52   62   71   80   88   93   97   98   98   98  100
  101  102  108  110  120  124  127  128  130                                   
    65.0-180.0 180.0   5.0 450.0                            LAT/LON1/LON2/DLON/H
  134  134  129  124  113  103   97   92   88   80   72   66   59   53   49   46
   46   47   49   50   51   52   51   51   51   50   50   50   49   48   46   44
   41   39   37   35   33   32   32   32   32   33   33   34   33   32   31   30
   30   31   35   40   48   58   69   80   90   98  103  106  106  105  104  104
  104  104  109  111  121  126  131  133  134                                   
    62.5-180.0 180.0   5.0 450.0                            LAT/LON1/LON2/DLON/H
  137  136  131  126  116  106  101   97   94   87   79   72   64   56   51   48
   46   46   47   48   49   49   48   48   49   49   50   51   51   50   48   45
   41   38   35   32   30   28   28   28   29   30   32   33   34   35   35   35
   35   37   41   48   57   68   80   92  102  110  116  118  119  117  115  115
  113  112  116  117  125  130  135  138  137                                   
    60.0-180.0 180.0   5.0 450.0                            LAT/LON1/LON2/DLON/H
  140  139  133  127  116  106  101   98   96   89   82   75   67   60   54   51
   49   48   48   48   47   45   44   44   44   45   47   48   49   48   46   43
   39   36   32   30   28   27   26   27   29   31   34   37   39   41   42   42
   43   45   50   57   67   79   91  104  114  122  128  132  133  132  131  130
  128  126  129  129  135  138  142  144  140                                   
    57.5-180.0 180.0   5.0 450.0                            LAT/LON1/LON2/DLON/H
  150  146  139  131  120  108  102   98   95   89   82   76   68   62   57   54
   53   52   51   48   45   42   40   39   39   41   43   44   45   44   43   40
   37   35   33   31   31   30   31   32   34   37   41   44   48   50   52   52
   53   55   60   67   78   90  103  115  126  134  141  146  149  151  152  152
  150  148  150  148  152  152  156  157  150                                   
    55.0-180.0 180.0   5.0 450.0                            LAT/LON1/LON2/DLON/H
  166  161  152  142  129  115  107  100   95   88   80   74   67   62   58   57
   56   55   52   48   43   39   36   34   35   36   39   40   41   41   40   38
   37   36   37   37   38   39   41   42   44   47   51   55   59   62   63   63
   63   65   70   78   88  101  113  125  136  145  152  159  165  170  174  177
  176  175  176  173  175  171  176  175  166                                   
    52.5-180.0 180.0   5.0 450.0                            LAT/LON1/LON2/DLON/H
  190  183  173  162  147  130  119  108   99   89   79   71   65   60   58   58
   58   56   53   47   41   36   33   32   33   35   38   40   40   40   39   39
   40   42   45   48   51   53   55   56   58   61   64   68   71   73   73   73
   73   75   79   88   99  111  124  135  145  154  162  170  179  187  194  200
  201  201  203  198  199  193  197  196  190                                   
    50.0-180.0 180.0   5.0 450.0                            LAT/LON1/LON2/DLON/H
  217  211  199  189  172  154  140  124  110   95   82   72   64   60   59   58
   58   56   52   46   41   36   34   34   36   39   42   44   44   43   43   44
   46   50   56   62   67   70   71   72   73   75   77   80   82   83   82   82
   81   84   89   98  110  123  135  146  155  163  171  180  190  200  210  218
  222  223  224  219  220  213  219  218  217                                   
    47.5-180.0 180.0   5.0 450.0                            LAT/LON1/LON2/DLON/H
  241  238  226  218  201  184  166  146  127  107   90   77   68   63   61   60
   58   55   51   46   42   40   40   41   44   48   50   51   51   50   50   51
   55   61   68   76   81   85   86   86   86   87   88   90   91   91   90   89
   89   92   99  109  122  136  148  159  166  173  180  189  198  209  219  228
  233  235  236  232  232  228  234  235  241                                   
    45.0-180.0 180.0   5.0 450.0                            LAT/LON1/LON2/DLON/H
  256  257  248  244  229  213  194  172  149  125  104   89   78   71   67   64
   61   57   53   49   48   48   50   53   56   59   61   61   60   58   57   59
   63   70   78   86   92   96   96   96   96   96   97   97   97   96   95   95
   97  101  110  121  136  150  163  172  179  184  189  196  205  214  223  231
  235  238  238  235  235  232  240  244  256                                   
    42.5-180.0 180.0   5.0 450.0                            LAT/LON1/LON2/DLON/H
  259  264  260  260  249  235  218  195  171  146  123  105   93   84   78   72
   67   62   59   58   59   61   64   67   69   71   71   70   67   65   64   65
   69   76   84   92   98  101  101  101  101  102  102  103  102  101  100  101
  104  111  121  135  150  165  178  187  192  196  200  205  211  217  224  229
  232  233  234  231  231  229  236  242  259                                   
    40.0-180.0 180.0   5.0 450.0                            LAT/LON1/LON2/DLON/H
  252  258  257  261  256  245  231  212  189  164  142  124  112  102   94   85
   78   73   70   71   74   78   80   82   82   80   78   75   71   68   67   68
   72   79   86   93   98  101  102  103  104  106  107  107  106  105  104  107
  112  121  133  148  164  179  192  201  206  209  212  215  220  224  227  230
  230  230  230  228  226  223  229  234  252                                   
    37.5-180.0 180.0   5.0 450.0                            LAT/LON1/LON2/DLON/H
  240  244  244  249  249  243  232  218  199  177  157  142  130  121  111  101
   93   87   86   89   93   96   97   94   90   85   80   76   72   69   68   70
   74   80   87   93   97  100  102  104  106  109  111  111  109  108  108  112
  119  129  143  158  175  190  203  212  218  222  225  229  233  236  238  239
  237  235  235  232  229  223  228  231  240                                   
    35.0-180.0 180.0   5.0 450.0                            LAT/LON1/LON2/DLON/H
  231  231  228  230  234  230  223  214  200  182  165  154  145  137  127  117
  108  104  104  108  112  113  109  101   93   85   79   74   71   70   70   73
   77   83   88   93   97  100  102  105  109  113  115  114  112  110  111  115
  123  135  149  164  181  196  210  221  228  234  240  245  251  256  258  260
  258  255  255  251  246  239  243  243  231                                   
    32.5-180.0 180.0   5.0 450.0                            LAT/LON1/LON2/DLON/H
  236  231  223  218  220  215  210  205  195  181  168  159  153  147  139  129
  121  118  120  124  126  123  115  103   92   83   77   74   72   73   75   79
   83   88   93   97  100  102  105  108  113  116  118  117  113  111  111  116
  124  136  150  165  181  197  212  225  235  244  253  263  273  282  289  293
  292  291  291  287  283  276  279  275  236                                   
    30.0-180.0 180.0   5.0 450.0                            LAT/LON1/LON2/DLON/H
  267  256  240  224  220  211  204  198  189  176  166  159  155  150  144  136
  129  128  130  133  132  125  113  101   90   83   80   79   80   82   85   89
   94   98  102  105  106  108  110  113  116  119  119  117  113  109  109  114
  123  134  148  163  178  195  212  227  241  253  267  282  298  315  329  339
  342  342  344  340  337  333  336  329  267                                   
    27.5-180.0 180.0   5.0 450.0                            LAT/LON1/LON2/DLON/H
  328  313  285  257  245  229  214  202  190  175  163  157  152  148  142  136
  131  130  131  131  127  118  106   97   91   89   90   92   95   99  102  106
  111  114  116  117  117  116  116  117  118  119  118  115  110  106  106  111
  121  132  146  161  177  195  214  231  248  263  280  301  325  351  375  393
  402  407  411  408  407  408  410  402  328                                   
    25.0-180.0 180.0   5.0 450.0                            LAT/LON1/LON2/DLON/H
  416  399  359  323  302  276  250  227  205  184  167  156  149  143  137  131
  126  124  123  120  113  104   98   96   99  105  111  117  121  124  127  130
  133  134  134  132  129  125  121  119  118  117  115  111  106  103  104  110
  120  133  147  163  181  200  220  240  258  276  296  321  352  386  418  446
  464  475  483  482  484  492  495  486  416                                   
    22.5-180.0 180.0   5.0 450.0                            LAT/LON1/LON2/DLON/H
  515  500  456  415  386  352  313  276  242  210  184  165  152  142  134  126
  120  115  109  103   96   92   94  104  117  132  144  151  155  157  158  159
  158  156  151  145  138  131  124  118  114  111  108  105  101   99  102  110
  123  137  154  171  191  212  233  254  273  291  313  340  375  415  454  488
  514  532  546  549  555  573  579  571  515                                   
    20.0-180.0 180.0   5.0 450.0                            LAT/LON1/LON2/DLON/H
  604  596  559  522  487  448  397  348  300  257  219  190  168  151  138  127
  117  108   99   90   86   89  102  123  147  169  185  192  194  192  190  186
  180  172  163  152  142  132  122  114  108  103  100   97   95   96  101  111
  126  143  162  183  204  227  249  269  288  306  327  355  391  432  475  513
  543  566  584  594  604  632  645  642  604                                   
    17.5-180.0 180.0   5.0 450.0                            LAT/LON1/LON2/DLON/H
  665  669  647  621  585  545  488  432  376  323  275  234  201  176  157  141
  127  113  100   91   91  102  125  155  187  213  228  232  229  222  214  204
  192  179  165  151  139  128  117  108  101   95   92   91   90   92   99  112
  129  149  171  194  218  242  264  284  301  318  338  364  398  438  478  516
  547  572  592  609  622  657  679  685  665                                   
    15.0-180.0 180.0   5.0 450.0                            LAT/LON1/LON2/DLON/H
  690  705  702  689  660  624  570  514  456  400  345  295  252  219  193  172
  152  134  120  112  116  134  164  200  233  255  263  260  250  238  224  209
  193  175  157  143  132  122  112  103   95   90   87   86   86   89   97  112
  131  154  178  204  229  253  275  294  310  325  344  368  398  434  470  503
  531  554  575  594  610  646  676  692  690                                   
    12.5-180.0 180.0   5.0 450.0                            LAT/LON1/LON2/DLON/H
  683  708  717  718  700  674  628  580  530  477  422  368  319  279  247  221
  197  176  160  155  164  187  220  253  278  287  283  270  254  237  221  203
  183  163  145  132  123  116  109  101   94   89   86   84   84   87   96  111
  133  157  183  209  234  258  280  298  313  328  345  368  395  426  456  483
  507  526  543  563  577  610  643  669  683                                   
    10.0-180.0 180.0   5.0 450.0                            LAT/LON1/LON2/DLON/H
  658  686  702  712  707  693  659  624  585  543  495  442  392  348  313  283
  257  234  220  218  230  255  284  305  312  303  284  263  243  226  208  189
  169  149  133  123  118  114  110  105   98   94   90   88   86   87   95  111
  132  157  183  208  233  257  279  297  313  327  345  367  393  420  446  468
  487  501  515  530  541  568  600  633  658                                   
     7.5-180.0 180.0   5.0 450.0                            LAT/LON1/LON2/DLON/H
  630  655  672  686  691  687  666  644  619  590  552  507  460  417  382  351
  323  301  289  291  306  327  343  344  327  299  269  243  224  209  194  176
