data/edconvlstm_nd/pred0940.15i
     1.0            IONOSPHERE MAPS     GNSS                IONEX VERSION / TYPE
pyspatialgeodesy        IME             05-JAN-18 20:20     PGM / RUN BY / DATE 
Map Name                                                    COMMENT             
Predicted global ionosphere maps (GIM).                     DESCRIPTION         
  2015     4     4     0     0     0                        EPOCH OF FIRST MAP  
  2015     4     5     0     0     0                        EPOCH OF LAST MAP   
  7200                                                      INTERVAL            
    13                                                      # OF MAPS IN FILE   
  NONE                                                      MAPPING FUNCTION    
10.0                                                        ELEVATION CUTOFF    
One-way carrier phase leveled to code                       OBSERVABLES USED    
  6371.0                                                    BASE RADIUS         
 2                                                          MAP DIMENSION       
   450.0 450.0   0.0                                        HGT1 / HGT2 / DHGT  
    87.5 -87.5  -2.5                                        LAT1 / LAT2 / DLAT  
  -180.0 180.0   5.0                                        LON1 / LON2 / DLON  
    -1                                                      EXPONENT            
                                                            END OF HEADER       
[from data line 858]
     3                                                      START OF TEC MAP    
  2015     4     4     4     0     0                        EPOCH OF CURRENT MAP
    87.5-180.0 180.0   5.0 450.0                            LAT/LON1/LON2/DLON/H
  163  155  152  155  156  154  151  149  150  151  151  152  152  152  151  151
  150  149  148  147  145  144  142  140  138  137  135  134  133  132  131  131
  130  130  130  131  131  131  132  132  133  133  134  134  134  135  135  136
  136  137  137  138  139  139  140  141  141  142  143  143  144  144  144  145
  146  148  147  148  150  150  149  149  163                                   
    85.0-180.0 180.0   5.0 450.0                            LAT/LON1/LON2/DLON/H
  160  161  152  158  161  158  158  157  158  159  158  159  159  158  158  157
  155  154  152  150  147  144  142  139  136  133  131  129  127  126  125  124
  124  125  125  126  127  128  129  131  132  133  134  135  136  136  137  138
  139  140  141  142  143  144  146  147  148  149  150  151  152  152  153  154
  156  158  155  158  153  152  152  148  160                                   
    82.5-180.0 180.0   5.0 450.0                            LAT/LON1/LON2/DLON/H
  167  167  164  163  164  163  163  163  164  164  164  164  164  164  163  161
  159  156  153  149  145  140  136  131  126  122  118  114  112  110  109  109
  110  111  113  115  117  120  122  125  127  129  131  132  134  135  136  138
  139  141  142  144  146  147  149  151  153  155  157  158  160  161  161  163
  164  165  163  165  167  159  156  149  167                                   
    80.0-180.0 180.0   5.0 450.0                            LAT/LON1/LON2/DLON/H
  175  178  170  170  171  170  171  171  172  172  171  172  171  170  169  167
  164  160  155  150  143  136  129  121  114  108  102   98   95   94   94   95
   97  100  103  107  111  116  120  123  127  130  132  134  136  138  140  141
  143  145  147  150  153  156  159  162  165  167  170  172  174  176  177  179
  180  180  177  179  183  179  180  161  175                                   
    77.5-180.0 180.0   5.0 450.0                            LAT/LON1/LON2/DLON/H
  191  192  187  186  184  183  184  184  184  183  181  181  180  179  177  174
  170  165  159  152  143  134  125  115  106   98   92   87   85   84   84   87
   91   96  102  108  114  120  126  131  135  139  142  145  147  149  151  153
  155  158  161  164  167  171  175  179  183  186  189  192  194  196  198  200
  201  202  198  201  204  200  196  182  191                                   
    75.0-180.0 180.0   5.0 450.0                            LAT/LON1/LON2/DLON/H
  204  208  200  199  197  195  195  193  192  190  186  185  182  179  176  172
  167  161  154  146  137  127  117  106   96   88   81   77   74   74   76   80
   85   91   98  106  114  121  127  133  138  143  146  149  152  155  158  161
  164  167  171  175  179  184  188  193  197  201  204  207  209  211  213  216
  216  217  215  213  215  213  211  201  204                                   
    72.5-180.0 180.0   5.0 450.0                            LAT/LON1/LON2/DLON/H
  211  218  212  209  209  206  206  203  201  197  191  187  182  177  171  166
  160  154  148  140  132  122  112  102   92   84   78   74   73   74   76   81
   87   94  102  110  118  126  132  138  144  149  153  158  162  166  169  174
  178  182  187  192  196  201  205  209  213  216  219  221  223  224  225  227
  227  229  228  227  225  221  219  213  211                                   
    70.0-180.0 180.0   5.0 450.0                            LAT/LON1/LON2/DLON/H
  217  220  216  214  214  212  211  208  206  200  192  185  177  168  160  153
  147  141  135  129  122  115  106   98   90   83   78   76   75   77   80   85
   91   97  104  111  118  124  130  136  142  147  153  159  164  170  176  182
  188  193  199  204  208  213  216  219  222  224  225  226  227  227  227  229
  228  229  230  228  227  223  224  219  217                                   
    67.5-180.0 180.0   5.0 450.0                            LAT/LON1/LON2/DLON/H
  210  214  210  209  211  209  209  208  206  200  191  182  170  159  148  139
  132  127  123  119  114  109  103   97   91   86   83   82   82   84   87   91
   96  100  105  109  114  118  123  128  134  140  148  155  163  171  179  187
  194  201  206  211  215  218  220  221  222  223  223  223  223  222  220  220
  219  219  220  218  217  213  215  214  210                                   
    65.0-180.0 180.0   5.0 450.0                            LAT/LON1/LON2/DLON/H
  199  201  198  198  201  201  203  204  204  198  190  179  166  152  140  129
  122  117  114  111  109  106  102   98   94   92   90   90   92   94   97   99
  102  103  105  106  107  109  113  118  125  133  143  153  164  175  186  195
  204  211  217  221  223  224  224  223  222  222  221  221  220  218  215  214
  211  210  209  206  205  201  204  204  199                                   
    62.5-180.0 180.0   5.0 450.0                            LAT/LON1/LON2/DLON/H
  188  188  185  184  188  189  193  196  198  195  188  178  164  149  136  125
  117  112  110  108  107  105  103  100   97   96   96   98  100  102  104  105
  105  104  102  100   99   99  102  108  116  127  140  153  167  181  194  206
  215  223  229  232  233  232  230  228  226  224  224  223  222  220  217  214
  209  206  203  199  197  192  195  195  188                                   
    60.0-180.0 180.0   5.0 450.0                            LAT/LON1/LON2/DLON/H
  181  178  174  172  176  177  182  186  190  188  183  175  163  149  136  125
  117  113  110  109  107  105  102   99   97   97   98  100  103  105  107  106
  104  101   97   93   90   90   93  100  110  123  139  156  173  189  204  218
  229  238  244  247  247  245  242  238  236  234  234  234  234  232  228  224
  218  212  208  203  199  193  195  192  181                                   
    57.5-180.0 180.0   5.0 450.0                            LAT/LON1/LON2/DLON/H
  187  180  174  169  172  171  174  177  181  180  177  170  160  149  137  128
  121  117  114  111  109  105  101   97   95   95   96   99  103  105  106  104
  101   97   92   88   85   85   88   96  108  124  142  162  181  199  216  231
  244  255  262  266  267  265  262  258  256  255  255  256  256  255  251  247
  239  233  227  220  216  208  208  202  187                                   
    55.0-180.0 180.0   5.0 450.0                            LAT/LON1/LON2/DLON/H
  205  196  187  180  179  174  175  174  175  173  170  165  157  148  139  131
  126  121  118  115  111  105  100   95   92   92   94   97  101  103  103  102
   98   94   90   86   84   85   89   97  110  127  148  169  190  210  228  245
  261  274  284  290  294  293  291  288  285  284  285  286  287  286  282  277
  268  262  256  248  243  233  232  224  205                                   
    52.5-180.0 180.0   5.0 450.0                            LAT/LON1/LON2/DLON/H
  234  224  214  204  199  190  186  180  176  170  165  160  153  146  140  134
  129  126  122  118  113  106  100   95   92   92   94   98  101  103  103  101
   98   95   92   90   89   90   94  102  116  133  154  176  199  220  240  259
  277  294  308  318  325  327  326  324  322  320  320  321  321  319  314  308
  299  293  288  280  274  265  263  254  234                                   
    50.0-180.0 180.0   5.0 450.0                            LAT/LON1/LON2/DLON/H
  269  260  249  238  231  218  209  196  186  175  166  159  152  146  141  136
  132  129  125  121  116  110  104   99   97   97  100  103  106  107  107  105
  103  101   99   98   98   99  103  110  122  140  161  184  207  229  251  273
  294  314  333  348  358  364  365  364  361  359  357  356  354  350  344  336
  326  320  315  307  303  295  295  288  269                                   
    47.5-180.0 180.0   5.0 450.0                            LAT/LON1/LON2/DLON/H
  303  296  287  277  267  253  238  220  203  187  174  164  156  149  143  138
  134  131  128  124  121  117  113  110  109  110  113  115  117  117  115  113
  111  110  110  109  109  110  112  118  129  145  166  190  214  238  262  286
  310  334  357  376  390  399  403  403  400  395  391  387  382  375  366  355
  344  337  333  326  323  318  320  316  303                                   
    45.0-180.0 180.0   5.0 450.0                            LAT/LON1/LON2/DLON/H
  329  324  318  311  301  287  270  248  227  206  188  175  165  156  149  142
  137  134  132  131  130  129  128  127  127  129  132  133  133  131  128  126
  124  123  122  122  121  120  121  125  134  150  171  195  221  247  273  299
  325  352  378  400  417  430  436  437  433  427  420  413  405  394  380  366
  352  344  341  335  333  330  335  333  329                                   
    42.5-180.0 180.0   5.0 450.0                            LAT/LON1/LON2/DLON/H
  344  339  337  333  324  312  296  274  250  227  208  192  180  169  159  150
  143  139  139  141  144  146  148  149  151  152  154  154  152  148  144  140
  138  136  135  133  131  128  127  129  137  152  174  200  228  256  284  311
  339  367  394  418  438  454  462  465  461  454  446  437  426  412  395  376
  358  346  342  337  335  333  341  340  344                                   
    40.0-180.0 180.0   5.0 450.0                            LAT/LON1/LON2/DLON/H
  350  341  340  336  330  320  307  289  268  246  226  211  197  184  172  161
  153  149  151  156  162  167  171  173  175  176  176  174  171  166  160  156
  152  149  146  142  137  133  130  132  139  155  178  206  236  266  295  323
  351  379  407  431  454  472  484  489  488  483  476  468  457  442  421  397
  373  356  348  341  339  337  346  344  350                                   
    37.5-180.0 180.0   5.0 450.0                            LAT/LON1/LON2/DLON/H
  355  336  331  324  319  311  301  288  273  256  240  226  213  200  186  174
  165  163  166  174  183  190  194  195  195  195  194  191  187  181  176  170
  166  161  155  148  141  136  132  133  141  158  183  213  246  277  306  334
  361  388  415  440  465  486  504  515  519  519  518  515  509  495  473  444
  412  388  374  362  359  355  361  356  355                                   
    35.0-180.0 180.0   5.0 450.0                            LAT/LON1/LON2/DLON/H
  368  337  322  306  299  289  281  274  265  254  243  234  224  212  199  187
  179  178  184  194  204  211  213  213  211  209  207  205  201  196  190  184
  178  170  161  152  144  137  134  136  144  162  188  221  255  287  316  343
  368  393  419  446  473  500  524  544  558  568  577  585  587  579  557  524
  485  452  429  410  403  397  398  389  368                                   
    32.5-180.0 180.0   5.0 450.0                            LAT/LON1/LON2/DLON/H
  400  357  326  298  283  268  258  253  249  243  238  233  227  218  207  197
  191  192  199  210  220  225  226  223  220  219  218  217  214  210  204  197
  189  179  167  156  146  140  137  140  149  167  194  228  262  294  322  347
  371  395  421  449  479  513  546  577  604  628  652  674  689  691  674  639
  593  550  517  490  479  469  461  449  400                                   
    30.0-180.0 180.0   5.0 450.0                            LAT/LON1/LON2/DLON/H
  458  406  355  309  284  262  245  239  235  231  228  226  223  218  210  203
  199  201  209  219  228  232  232  230  228  229  230  231  230  226  220  211
  201  188  174  161  151  145  142  145  153  171  198  232  266  298  324  348
  371  395  420  451  486  526  569  612  653  693  733  772  803  818  810  778
  730  680  638  602  586  572  552  538  458                                   
    27.5-180.0 180.0   5.0 450.0                            LAT/LON1/LON2/DLON/H
  547  488  415  350  313  283  257  245  236  230  225  222  220  216  211  205
  202  205  211  220  226  231  233  235  238  243  247  251  251  247  240  229
  215  200  183  168  157  151  148  150  157  173  199  232  266  297  323  346
  370  394  422  456  496  544  595  648  700  753  808  861  907  936  939  916
  872  823  779  739  718  702  669  654  547                                   
    25.0-180.0 180.0   5.0 450.0                            LAT/LON1/LON2/DLON/H
  662  599  508  427  375  339  301  280  264  250  239  231  225  220  214  208
  204  204  207  213  219  226  233  243  253  262  271  276  278  274  264  250
  232  212  192  175  164  156  153  152  157  172  196  228  262  292  319  344
  370  398  430  467  512  565  622  682  742  803  865  927  982 1020 1034 1021
  989  949  913  877  853  837  803  790  662                                   
    22.5-180.0 180.0   5.0 450.0                            LAT/LON1/LON2/DLON/H
  787  722  625  537  472  427  379  347  320  296  275  258  245  235  225  216
  208  203  203  205  212  223  238  256  273  289  300  308  309  302  288  269
  246  221  199  180  167  158  153  150  153  165  189  221  255  287  316  344
  374  406  443  485  534  590  650  711  773  835  898  960 1016 1058 1078 1077
 1058 1031 1009  984  962  951  929  923  787                                   
    20.0-180.0 180.0   5.0 450.0                            LAT/LON1/LON2/DLON/H
  898  836  748  665  592  541  484  441  403  368  335  307  284  266  250  234
  220  210  205  205  212  227  250  276  301  321  334  339  336  325  305  279
  250  222  197  178  164  155  148  143  144  155  179  213  249  284  316  348
  383  421  462  509  560  615  674  732  790  846  902  957 1008 1047 1071 1077
 1071 1059 1053 1040 1024 1019 1015 1020  898                                   
    17.5-180.0 180.0   5.0 450.0                            LAT/LON1/LON2/DLON/H
  973  923  858  786  715  663  603  551  504  459  415  375  342  314  289  267
  246  230  220  217  224  242  270  303  333  354  363  362  352  334  307  275
  242  212  187  169  156  147  139  133  133  144  169  205  244  282  319  355
  395  438  484  532  584  637  691  743  791  836  879  921  960  993 1016 1029
 1035 1034 1042 1041 1034 1032 1045 1058  973                                   
    15.0-180.0 180.0   5.0 450.0                            LAT/LON1/LON2/DLON/H
  997  966  931  878  818  771  712  656  604  554  504  457  414  377  345  315
  288  267  251  245  251  270  301  336  366  382  382  370  350  324  292  257
  224  195  173  158  147  139  131  124  123  135  161  199  241  282  322  364
  408  455  503  552  602  652  700  744  781  811  839  865  889  912  932  949
  963  973  990  997  997  997 1018 1036  997                                   
    12.5-180.0 180.0   5.0 450.0                            LAT/LON1/LON2/DLON/H
  971  959  953  923  880  840  785  730  680  631  583  535  489  449  412  379
  348  322  302  292  293  310  339  371  394  398  384  359  330  299  266  232
  201  177  159  148  140  133  125  117  116  128  155  194  238  282  325  370
  417  466  515  564  612  658  702  737  765  784  798  809  820  833  849  868
  887  903  923  933  934  933  953  974  971                                   
    10.0-180.0 180.0   5.0 450.0                            LAT/LON1/LON2/DLON/H
  917  917  929  921  895  864  814  762  716  674  633  591  551  514  482  451
  422  395  372  356  351  360  381  403  412  400  370  335  301  268  236  205
  179  161  150  143  138  132  123  115  113  125  151  190  235  280  325  371
  420  469  519  567  613  657  696  728  751  765  771  774  776  784  797  815
  837  854  872  878  876  868  881  901  917                                   
     7.5-180.0 180.0   5.0 450.0                            LAT/LON1/LON2/DLON/H
  861  865  883  885  873  851  808  760  719  682  648  615  585  559  538  518
  498  476  453  432  418  415  421  426  416  389  348  306  268  235  205  180
