data/edconvlstm_nd/pred3380.15i
     1.0            IONOSPHERE MAPS     GNSS                IONEX VERSION / TYPE
pyspatialgeodesy        IME             05-JAN-18 20:20     PGM / RUN BY / DATE 
Map Name                                                    COMMENT             
Predicted global ionosphere maps (GIM).                     DESCRIPTION         
  2015    12     4     0     0     0                        EPOCH OF FIRST MAP  
  2015    12     5     0     0     0                        EPOCH OF LAST MAP   
  7200                                                      INTERVAL            
    13                                                      # OF MAPS IN FILE   
  NONE                                                      MAPPING FUNCTION    
10.0                                                        ELEVATION CUTOFF    
One-way carrier phase leveled to code                       OBSERVABLES USED    
  6371.0                                                    BASE RADIUS         
 2                                                          MAP DIMENSION       
   450.0 450.0   0.0                                        HGT1 / HGT2 / DHGT  
    87.5 -87.5  -2.5                                        LAT1 / LAT2 / DLAT  
  -180.0 180.0   5.0                                        LON1 / LON2 / DLON  
    -1                                                      EXPONENT            
                                                            END OF HEADER       
[from data line 858]
     3                                                      START OF TEC MAP    
  2015    12     4     4     0     0                        EPOCH OF CURRENT MAP
    87.5-180.0 180.0   5.0 450.0                            LAT/LON1/LON2/DLON/H
   31   40   33   36   34   35   33   29   30   30   30   30   30   30   30   30
   30   30   30   30   29   29   29   29   28   28   28   28   28   28   28   28
   28   28   28   28   28   28   29   29   29   29   29   30   30   30   30   31
   31   31   31   31   31   31   31   31   31   31   31   31   31   30   30   31
   31   31   30   30   33   48   54   45   31                                   
    85.0-180.0 180.0   5.0 450.0                            LAT/LON1/LON2/DLON/H
   18   40   31   34   35   37   36   35   35   36   35   36   36   36   36   35
   35   35   34   34   33   33   33   32   32   32   32   32   32   32   33   33
   33   34   34   34   35   35   36   36   36   37   37   37   37   38   38   38
   38   38   37   37   37   37   37   37   37   36   36   36   36   36   35   35
   36   37   35   38   44   43   56   43   18                                   
    82.5-180.0 180.0   5.0 450.0                            LAT/LON1/LON2/DLON/H
   17   25   37   33   32   35   33   32   34   34   34   35   35   36   35   35
   35   34   33   32   31   30   29   29   28   28   28   28   28   29   29   30
   30   31   32   32   33   34   34   35   36   36   37   37   37   38   38   38
   37   37   37   37   36   36   36   36   36   36   36   36   35   35   35   35
   35   35   34   33   46   35   39   36   17                                   
    80.0-180.0 180.0   5.0 450.0                            LAT/LON1/LON2/DLON/H
   30   33   38   30   32   31   32   31   33   33   33   35   35   36   35   35
   34   32   31   30   28   27   26   25   25   25   25   25   26   26   27   28
   30   31   32   33   33   34   35   36   37   37   38   38   38   38   38   38
   37   37   37   36   36   36   36   36   36   37   37   37   37   37   37   37
   37   37   38   37   49   39   38   39   30                                   
    77.5-180.0 180.0   5.0 450.0                            LAT/LON1/LON2/DLON/H
   40   39   35   28   26   26   27   28   29   30   30   33   33   34   34   33
   31   30   27   25   23   21   20   18   17   17   17   18   19   20   21   22
   24   25   26   27   28   28   29   30   31   31   32   32   33   33   32   32
   32   32   31   32   32   32   33   34   35   36   37   38   38   39   39   39
   38   38   38   39   43   29   30   33   40                                   
    75.0-180.0 180.0   5.0 450.0                            LAT/LON1/LON2/DLON/H
   38   39   36   29   25   26   27   27   29   30   30   33   34   34   34   33
   31   29   26   23   21   19   17   16   15   15   16   17   18   19   21   22
   23   24   25   25   25   26   26   26   27   28   28   29   29   29   29   29
   29   29   29   30   32   33   35   37   40   42   43   45   46   46   46   46
   45   45   45   43   46   34   34   34   38                                   
    72.5-180.0 180.0   5.0 450.0                            LAT/LON1/LON2/DLON/H
   44   41   38   29   27   28   30   30   31   32   33   35   36   37   36   35
   33   30   27   24   22   19   17   16   16   16   17   19   20   22   24   25
   26   26   26   25   24   24   24   24   25   25   26   27   28   28   28   28
   29   30   31   33   36   39   42   46   49   52   55   57   58   59   59   59
   57   56   58   55   57   43   41   42   44                                   
    70.0-180.0 180.0   5.0 450.0                            LAT/LON1/LON2/DLON/H
   52   46   45   36   32   32   33   33   35   35   36   38   39   39   38   36
   34   32   28   25   22   20   18   18   18   19   20   23   25   27   28   29
   29   28   27   25   24   22   22   22   23   24   25   26   27   28   28   29
   30   32   35   38   43   48   53   58   63   67   70   72   73   73   72   71
   69   67   68   66   65   53   52   48   52                                   
    67.5-180.0 180.0   5.0 450.0                            LAT/LON1/LON2/DLON/H
   56   49   46   38   34   33   34   34   35   35   35   37   37   36   36   34
   32   29   26   23   20   18   17   17   18   19   21   23   26   28   29   29
   28   26   24   21   19   17   16   16   17   18   20   22   23   25   26   27
   29   32   36   41   48   54   61   67   73   77   80   82   82   81   80   78
   75   72   73   70   70   58   56   54   56                                   
    65.0-180.0 180.0   5.0 450.0                            LAT/LON1/LON2/DLON/H
   62   52   48   41   35   34   35   35   35   35   35   36   36   35   34   32
   30   28   25   22   20   18   17   17   18   19   21   24   26   28   29   29
   28   25   21   18   15   12   11   12   13   15   18   21   23   24   26   28
   31   35   41   48   56   64   72   79   85   90   92   93   93   91   88   85
   81   78   78   74   74   63   61   61   62                                   
    62.5-180.0 180.0   5.0 450.0                            LAT/LON1/LON2/DLON/H
   66   56   51   43   37   36   37   37   38   37   36   36   36   35   34   33
   31   29   26   24   21   20   18   18   19   21   23   25   27   28   29   29
   27   24   21   17   13   11   10   11   13   16   20   23   25   27   29   31
   35   41   49   58   68   77   86   94  100  104  106  106  105  102   98   95
   90   85   84   80   79   69   67   68   66                                   
    60.0-180.0 180.0   5.0 450.0                            LAT/LON1/LON2/DLON/H
   72   60   54   45   39   37   38   38   38   37   35   35   34   33   33   32
   31   30   28   25   22   20   19   18   19   20   21   23   25   26   27   26
   25   23   20   16   13   11   11   12   15   19   22   26   28   30   32   36
   41   48   58   68   79   90  100  108  113  116  118  117  115  112  108  104
   98   93   91   87   85   76   73   73   72                                   
    57.5-180.0 180.0   5.0 450.0                            LAT/LON1/LON2/DLON/H
   79   67   59   49   42   39   40   39   39   37   35   34   33   32   32   32
   32   31   29   27   23   21   19   18   18   19   20   21   22   23   24   24
   24   23   21   19   16   15   14   16   19   23   27   30   33   35   38   42
   49   58   68   81   93  104  114  121  126  129  130  129  127  124  120  116
  110  104  102   98   96   86   83   81   79                                   
    55.0-180.0 180.0   5.0 450.0                            LAT/LON1/LON2/DLON/H
   90   76   66   55   46   43   42   41   39   36   33   32   30   30   31   32
   33   32   31   27   24   20   18   17   17   18   19   19   20   21   21   22
   23   24   24   23   22   21   20   22   25   28   32   36   38   41   45   50
   58   69   81   93  106  117  126  133  138  140  141  141  139  136  133  130
  124  118  116  111  110   99   96   92   90                                   
    52.5-180.0 180.0   5.0 450.0                            LAT/LON1/LON2/DLON/H
  103   89   77   65   54   49   47   44   41   37   33   31   29   29   30   32
   33   33   31   28   24   20   18   18   18   19   20   20   21   21   21   23
   25   28   30   31   31   30   29   30   32   35   39   42   45   48   53   60
   70   81   94  107  119  130  138  144  148  151  152  152  151  149  147  144
  139  133  131  126  125  114  110  106  103                                   
    50.0-180.0 180.0   5.0 450.0                            LAT/LON1/LON2/DLON/H
  118  104   91   79   65   59   54   49   45   39   34   31   29   28   30   32
   33   34   32   28   24   21   20   20   22   23   25   25   25   25   25   27
   30   34   38   41   42   41   40   39   40   43   46   49   52   57   64   72
   83   96  108  121  132  141  149  154  158  160  161  162  161  160  159  157
  152  147  145  140  138  127  125  120  118                                   
    47.5-180.0 180.0   5.0 450.0                            LAT/LON1/LON2/DLON/H
  132  119  105   93   78   71   65   57   51   45   38   34   31   30   31   32
   34   34   32   29   25   23   23   25   28   31   33   33   32   31   31   33
   37   42   48   52   53   52   50   49   49   50   52   56   60   67   75   86
   98  110  122  133  142  150  157  162  166  168  169  169  169  168  166  165
  161  156  154  149  147  137  136  132  132                                   
    45.0-180.0 180.0   5.0 450.0                            LAT/LON1/LON2/DLON/H
  141  130  116  106   91   83   76   68   61   53   46   41   36   34   34   34
   35   34   33   30   29   28   30   34   38   42   44   43   42   40   39   40
   44   50   56   61   63   62   59   57   56   56   59   63   69   77   87  100
  112  124  134  143  151  157  163  168  172  174  174  173  172  170  168  167
  164  159  157  151  149  140  140  138  141                                   
    42.5-180.0 180.0   5.0 450.0                            LAT/LON1/LON2/DLON/H
  143  134  122  114  101   93   86   78   71   63   56   50   45   42   39   38
   38   37   36   35   35   37   40   45   49   53   54   53   51   48   46   46
   49   55   62   68   70   69   66   63   62   62   65   70   77   87   99  113
  125  136  144  151  157  162  168  173  176  178  177  175  173  170  167  165
  162  157  154  148  145  136  137  137  143                                   
    40.0-180.0 180.0   5.0 450.0                            LAT/LON1/LON2/DLON/H
  137  130  120  114  104   97   91   84   79   72   66   62   57   52   48   46
   44   43   43   44   46   49   53   57   61   62   62   60   57   53   51   51
   53   59   65   70   73   72   69   67   66   67   71   77   85   97  110  124
  136  145  152  157  161  167  173  178  181  182  181  178  174  170  166  164
  160  155  151  144  139  129  129  130  137                                   
    37.5-180.0 180.0   5.0 450.0                            LAT/LON1/LON2/DLON/H
  127  119  110  106   98   94   90   86   83   79   75   73   69   64   60   56
   54   54   55   57   61   64   67   69   69   69   66   63   60   57   55   54
   56   60   66   70   73   72   70   69   69   72   77   83   93  105  119  133
  144  152  157  162  167  173  180  186  190  191  190  186  181  176  172  169
  166  160  155  146  138  123  121  122  127                                   
    35.0-180.0 180.0   5.0 450.0                            LAT/LON1/LON2/DLON/H
  118  107   98   93   87   85   83   81   81   80   80   81   79   76   72   68
   66   67   70   74   77   79   79   78   75   71   67   63   60   59   58   57
   59   62   65   69   71   70   69   69   71   75   81   89   99  111  126  139
  150  158  163  169  176  184  192  200  205  207  206  202  197  192  189  188
  185  178  172  160  148  128  121  119  118                                   
    32.5-180.0 180.0   5.0 450.0                            LAT/LON1/LON2/DLON/H
  114   98   87   79   74   72   72   73   75   77   79   83   84   84   82   79
   79   81   85   90   92   92   88   83   76   70   65   62   60   60   61   62
   62   64   66   67   68   68   68   69   72   78   85   93  103  116  131  144
  156  164  172  180  190  201  211  220  226  229  229  227  224  221  220  221
  219  214  207  193  177  148  136  129  114                                   
    30.0-180.0 180.0   5.0 450.0                            LAT/LON1/LON2/DLON/H
  122   99   83   71   64   61   61   62   66   69   74   80   84   86   87   87
   89   93   98  102  102   99   92   83   75   68   63   61   62   64   66   67
   68   68   68   67   67   66   66   68   73   80   87   96  107  120  135  150
  162  173  184  197  210  224  236  245  252  256  259  259  259  260  262  266
  267  264  258  242  223  187  171  156  122                                   
    27.5-180.0 180.0   5.0 450.0                            LAT/LON1/LON2/DLON/H
  145  113   91   74   63   57   54   54   57   61   67   74   80   84   87   90
   94   99  104  106  104   97   89   80   73   67   64   64   65   69   73   75
   76   74   72   70   67   65   65   68   73   81   89   98  110  124  140  156
  171  186  201  218  235  251  264  275  283  289  294  298  302  307  313  320
  324  323  318  300  281  241  221  199  145                                   
    25.0-180.0 180.0   5.0 450.0                            LAT/LON1/LON2/DLON/H
  182  144  115   91   75   64   56   53   53   55   60   66   73   78   83   87
   92   97  100  100   96   89   81   75   71   69   69   70   73   78   83   86
   87   84   80   75   70   67   66   68   74   81   90  101  113  129  147  166
  184  203  223  244  264  282  296  307  317  326  334  342  350  358  368  378
  384  385  380  362  343  303  281  254  182                                   
    22.5-180.0 180.0   5.0 450.0                            LAT/LON1/LON2/DLON/H
  234  191  155  126  104   85   70   61   57   55   57   62   67   72   76   81
   85   88   89   86   81   76   72   71   73   75   78   82   87   92   97  100
  100   96   89   82   75   70   68   69   74   82   92  104  118  137  157  179
  200  223  247  271  294  313  328  341  353  365  376  387  398  410  422  433
  440  442  438  421  404  366  344  315  234                                   
    20.0-180.0 180.0   5.0 450.0                            LAT/LON1/LON2/DLON/H
  294  249  209  177  149  122  100   83   72   66   63   64   66   68   71   74
   75   75   73   70   66   64   66   71   78   86   93   99  104  110  114  115
  112  106   97   88   80   73   70   71   75   82   93  107  125  146  170  194
  220  246  272  299  322  342  357  371  385  399  413  426  440  453  466  478
  485  487  484  468  453  423  401  375  294                                   
    17.5-180.0 180.0   5.0 450.0                            LAT/LON1/LON2/DLON/H
  353  311  270  238  207  174  144  119  102   90   82   77   74   72   72   71
   68   65   61   57   56   58   65   77   90  103  113  120  125  128  129  127
  121  112  102   92   83   76   72   72   75   83   95  112  133  158  184  212
  239  268  296  323  345  364  378  391  406  421  436  451  465  479  492  503
  509  511  509  496  485  465  446  425  353                                   
    15.0-180.0 180.0   5.0 450.0                            LAT/LON1/LON2/DLON/H
  401  365  330  301  269  233  197  167  144  127  114  103   95   88   82   76
   69   63   57   54   55   62   74   90  108  124  136  142  144  143  139  133
  125  114  103   93   84   78   74   73   76   84   98  118  142  170  199  228
  257  286  314  339  359  374  386  398  413  428  443  458  472  485  496  504
  508  511  510  503  496  486  474  458  401                                   
    12.5-180.0 180.0   5.0 450.0                            LAT/LON1/LON2/DLON/H
  431  403  377  353  325  290  252  219  193  173  156  141  128  115  104   93
   82   73   67   65   69   79   94  114  133  148  158  161  159  153  144  134
  123  111  101   92   85   80   76   75   78   87  102  124  151  181  211  241
  271  299  325  346  361  372  382  394  407  422  437  451  465  476  484  489
  490  491  493  491  489  488  482  473  431                                   
    10.0-180.0 180.0   5.0 450.0                            LAT/LON1/LON2/DLON/H
  444  422  404  385  364  334  299  268  242  221  203  186  169  153  137  122
  109   98   93   93   99  111  127  145  161  172  177  175  169  158  145  132
  119  107   98   91   85   81   78   77   80   90  107  131  159  189  220  249
  277  304  326  343  355  363  372  382  395  409  423  437  449  458  464  466
  465  465  468  469  473  477  478  473  444                                   
     7.5-180.0 180.0   5.0 450.0                            LAT/LON1/LON2/DLON/H
  445  429  416  398  384  360  330  305  282  263  247  231  213  195  178  161
  146  137  133  136  144  156  169  180  187  190  189  183  173  160  145  129
