data/edconvlstm_nd/pred0120.15i
     1.0            IONOSPHERE MAPS     GNSS                IONEX VERSION / TYPE
pyspatialgeodesy        IME             05-JAN-18 20:20     PGM / RUN BY / DATE 
Map Name                                                    COMMENT             
Predicted global ionosphere maps (GIM).                     DESCRIPTION         
  2015     1    12     0     0     0                        EPOCH OF FIRST MAP  
  2015     1    13     0     0     0                        EPOCH OF LAST MAP   
  7200                                                      INTERVAL            
    13                                                      # OF MAPS IN FILE   
  NONE                                                      MAPPING FUNCTION    
10.0                                                        ELEVATION CUTOFF    
One-way carrier phase leveled to code                       OBSERVABLES USED    
  6371.0                                                    BASE RADIUS         
 2                                                          MAP DIMENSION       
   450.0 450.0   0.0                                        HGT1 / HGT2 / DHGT  
    87.5 -87.5  -2.5                                        LAT1 / LAT2 / DLAT  
  -180.0 180.0   5.0                                        LON1 / LON2 / DLON  
    -1                                                      EXPONENT            
                                                            END OF HEADER       
[from data line 3003]
     8                                                      START OF TEC MAP    
  2015     1    12    14     0     0                        EPOCH OF CURRENT MAP
    87.5-180.0 180.0   5.0 450.0                            LAT/LON1/LON2/DLON/H
   82   90   91   97  101  101  102  100  101  104  105  106  107  107  108  108
  108  107  107  106  105  104  102  101   99   97   96   94   92   90   89   87
   85   84   82   81   80   79   79   78   78   78   78   78   79   79   80   81
   82   83   84   85   85   86   87   87   88   88   88   88   88   88   88   89
   89   90   88   84   88   87  100  100   82                                   
    85.0-180.0 180.0   5.0 450.0                            LAT/LON1/LON2/DLON/H
   82   90  103   92   94   99  100  103  105  108  108  110  111  113  113  114
  114  114  114  114  113  112  110  109  107  105  103  101   99   96   94   91
   89   87   85   83   81   80   79   79   79   79   79   79   80   81   82   83
   85   86   87   88   90   91   91   92   92   93   93   93   93   93   92   93
   93   93   89   84   85   87   93   94   82                                   
    82.5-180.0 180.0   5.0 450.0                            LAT/LON1/LON2/DLON/H
   67   77   84   78   80   85   88   91   94   97   99  102  103  105  107  108
  109  109  109  109  109  108  107  105  104  101   99   96   93   90   87   84
   80   77   74   71   69   67   65   64   63   63   63   64   65   67   69   71
   73   75   77   79   81   83   84   84   85   85   85   85   84   84   83   83
   83   83   78   75   76   84   81   81   67                                   
    80.0-180.0 180.0   5.0 450.0                            LAT/LON1/LON2/DLON/H
   55   60   70   66   67   68   73   77   81   85   87   91   93   96   98  100
  101  102  103  104  104  104  104  103  102  101   98   96   92   89   85   81
   77   72   68   64   61   57   55   53   51   50   50   51   53   55   57   60
   64   67   70   73   76   78   79   79   79   79   78   77   76   75   74   73
   73   72   69   66   64   69   69   73   55                                   
    77.5-180.0 180.0   5.0 450.0                            LAT/LON1/LON2/DLON/H
   57   56   59   56   57   60   64   68   72   75   78   82   85   88   90   92
   94   96   98  101  103  105  106  107  108  107  106  103  100   96   92   87
   82   77   72   67   62   58   54   50   47   45   44   44   45   47   50   54
   58   63   67   71   74   77   78   78   78   77   75   74   72   70   68   67
   66   64   62   61   59   57   58   64   57                                   
    75.0-180.0 180.0   5.0 450.0                            LAT/LON1/LON2/DLON/H
   50   51   51   50   51   54   56   58   62   66   68   71   74   76   78   81
   83   86   90   94   99  104  110  114  117  119  120  119  117  113  109  104
   99   93   87   81   75   69   63   57   52   48   45   43   43   44   46   50
   55   60   65   69   72   75   76   76   76   74   73   71   69   67   66   64
   63   62   61   58   58   54   54   49   50                                   
    72.5-180.0 180.0   5.0 450.0                            LAT/LON1/LON2/DLON/H
   52   53   52   51   50   53   55   56   58   60   61   64   65   67   68   70
   72   76   81   88   97  106  116  124  131  136  139  139  138  135  131  127
  122  116  110  103   96   89   81   73   66   59   53   49   46   45   46   49
   53   57   62   66   69   72   73   73   72   71   69   67   66   65   64   63
   63   62   62   60   60   57   57   56   52                                   
    70.0-180.0 180.0   5.0 450.0                            LAT/LON1/LON2/DLON/H
   57   59   58   57   54   56   55   56   57   58   58   59   59   59   59   59
   62   66   74   84   97  111  126  139  151  159  164  167  167  165  161  157
  152  147  141  134  127  118  109   99   89   79   70   63   57   53   52   53
   55   58   61   64   67   68   69   69   68   67   66   66   65   65   65   66
   66   66   68   66   66   64   66   64   57                                   
    67.5-180.0 180.0   5.0 450.0                            LAT/LON1/LON2/DLON/H
   62   66   66   65   62   64   63   63   62   61   60   60   58   56   55   55
   57   61   70   83  100  118  138  156  171  182  190  193  194  193  190  186
  182  177  171  165  157  148  138  127  116  104   92   82   73   67   62   60
   59   60   62   63   64   65   65   65   65   64   64   64   65   66   67   69
   70   71   73   71   71   71   70   67   62                                   
    65.0-180.0 180.0   5.0 450.0                            LAT/LON1/LON2/DLON/H
   64   70   70   70   67   69   67   67   65   64   62   60   57   54   52   50
   52   57   68   83  103  126  150  172  190  204  213  218  220  219  217  215
  211  206  201  194  186  177  167  155  143  130  117  104   92   82   74   68
   64   62   61   60   59   59   59   59   59   60   61   62   63   65   67   69
   71   73   76   74   75   75   75   73   64                                   
    62.5-180.0 180.0   5.0 450.0                            LAT/LON1/LON2/DLON/H
   61   68   68   69   67   70   69   69   67   66   63   61   57   54   51   49
   50   56   68   85  107  133  159  184  204  219  230  236  239  239  238  236
  233  228  223  215  207  198  188  177  165  152  139  125  111   97   86   76
   69   63   58   55   53   51   51   52   53   55   57   58   60   62   64   66
   67   69   72   71   72   71   71   70   61                                   
    60.0-180.0 180.0   5.0 450.0                            LAT/LON1/LON2/DLON/H
   55   61   61   64   62   65   65   65   64   64   61   59   56   52   49   48
   50   57   69   87  111  138  166  191  212  229  240  247  251  253  254  253
  250  246  239  231  221  212  202  192  182  170  158  143  127  112   97   84
   72   63   56   50   46   44   44   45   47   50   53   55   56   57   58   59
   60   61   63   62   64   63   63   64   55                                   
    57.5-180.0 180.0   5.0 450.0                            LAT/LON1/LON2/DLON/H
   47   52   53   56   56   59   60   60   60   60   58   57   54   51   49   49
   52   60   74   93  117  144  171  196  217  233  245  254  260  264  267  267
  266  261  254  244  234  223  214  205  197  188  177  163  146  129  111   95
   80   68   58   50   45   42   42   44   47   50   53   54   55   54   54   53
   53   53   55   54   56   54   54   57   47                                   
    55.0-180.0 180.0   5.0 450.0                            LAT/LON1/LON2/DLON/H
   42   46   46   51   51   54   55   56   56   56   55   53   51   49   49   51
   56   66   81  101  124  150  176  199  219  235  247  256  264  270  275  278
  277  272  265  254  243  232  223  215  209  203  194  181  164  145  126  107
   91   76   65   55   49   45   45   47   50   53   55   56   55   54   51   50
   48   48   50   50   52   49   49   52   42                                   
    52.5-180.0 180.0   5.0 450.0                            LAT/LON1/LON2/DLON/H
   43   45   44   49   50   53   54   55   55   55   53   51   49   48   49   54
   62   74   90  111  134  158  181  202  220  235  247  256  265  273  279  283
  284  280  273  262  251  240  231  225  221  216  209  198  182  162  142  122
  104   89   76   65   58   54   53   54   57   60   61   61   59   56   52   50
   48   49   51   52   55   51   51   52   43                                   
    50.0-180.0 180.0   5.0 450.0                            LAT/LON1/LON2/DLON/H
   50   51   49   55   56   58   58   58   58   57   55   53   50   50   52   58
   69   84  102  123  145  167  188  207  223  236  247  256  264  272  279  283
  285  283  277  268  257  248  240  235  232  229  223  213  197  178  158  138
  120  104   90   79   71   66   64   65   67   69   69   68   65   61   57   54
   53   55   59   61   64   61   60   59   50                                   
    47.5-180.0 180.0   5.0 450.0                            LAT/LON1/LON2/DLON/H
   62   63   61   66   67   69   68   67   66   65   62   58   55   54   57   66
   78   95  115  136  158  179  198  215  229  241  250  257  263  268  272  276
  279  279  276  270  263  256  250  246  243  240  234  224  210  192  172  153
  135  119  105   94   84   78   75   75   76   77   76   75   71   67   63   61
   61   65   70   75   79   77   75   72   62                                   
    45.0-180.0 180.0   5.0 450.0                            LAT/LON1/LON2/DLON/H
   76   77   75   80   82   83   82   80   79   77   73   68   64   63   67   76
   91  109  130  151  172  192  211  227  240  250  256  259  260  260  261  263
  266  269  271  271  269  266  261  257  254  249  243  233  218  201  183  165
  148  133  118  105   95   88   83   81   81   81   80   79   76   73   70   70
   71   76   83   89   94   95   92   87   76                                   
    42.5-180.0 180.0   5.0 450.0                            LAT/LON1/LON2/DLON/H
   87   89   88   93   96   97   96   94   92   90   86   82   78   77   81   90
  106  125  146  167  188  207  225  241  254  262  265  263  257  251  247  247
  251  258  266  273  277  278  276  271  265  258  249  238  224  208  191  174
  158  142  127  113  101   91   86   82   81   80   80   79   78   76   76   77
   79   85   92  100  106  107  104   99   87                                   
    40.0-180.0 180.0   5.0 450.0                            LAT/LON1/LON2/DLON/H
   93   95   97  102  105  107  106  105  103  103  100   97   94   93   98  108
  123  142  162  183  203  222  240  256  268  275  274  267  256  244  237  236
  242  253  267  281  291  297  296  290  281  270  257  244  230  214  198  182
  166  149  132  116  102   91   84   79   77   76   76   77   77   78   79   81
   84   89   96  103  109  111  107  104   93                                   
    37.5-180.0 180.0   5.0 450.0                            LAT/LON1/LON2/DLON/H
   92   95   98  104  108  109  110  109  110  111  110  110  109  111  117  128
  143  160  179  198  217  236  254  269  281  286  284  274  260  246  238  238
  248  263  283  302  317  325  324  316  302  287  271  255  239  223  208  192
  175  157  138  119  103   91   82   76   73   71   72   74   77   79   82   85
   86   90   95  100  104  105  102  101   92                                   
    35.0-180.0 180.0   5.0 450.0                            LAT/LON1/LON2/DLON/H
   87   91   94  100  104  105  107  108  110  113  115  119  121  126  135  147
  162  178  195  212  229  247  264  279  290  296  293  284  272  260  255  260
  274  294  318  340  358  366  364  351  333  312  292  274  257  240  225  208
  190  170  149  129  111   97   86   78   74   71   72   74   78   83   87   89
   90   91   93   93   96   94   92   94   87                                   
    32.5-180.0 180.0   5.0 450.0                            LAT/LON1/LON2/DLON/H
   83   86   88   92   96   96   99  100  104  108  114  121  128  137  149  163
  178  193  209  224  240  257  272  286  297  303  304  300  293  289  292  303
  323  348  374  398  414  420  414  397  374  349  325  304  285  268  252  235
  215  194  171  149  130  114  101   92   85   80   80   82   87   92   96   99
   97   96   94   90   92   86   84   88   83                                   
    30.0-180.0 180.0   5.0 450.0                            LAT/LON1/LON2/DLON/H
   83   84   83   85   87   85   88   90   94   99  107  117  128  141  157  174
  191  206  220  234  249  264  278  290  301  310  316  320  324  332  347  369
  396  425  452  473  485  485  474  452  424  396  369  346  326  308  291  273
  252  230  206  184  164  147  133  120  109  102   99  100  103  108  113  114
  111  108  103   95   95   88   82   86   83                                   
    27.5-180.0 180.0   5.0 450.0                            LAT/LON1/LON2/DLON/H
   92   90   81   80   79   75   78   79   83   89   97  108  122  139  158  179
  198  215  230  244  258  271  283  294  304  316  330  345  364  388  417  452
  487  520  544  559  562  554  536  510  480  450  422  397  376  357  340  321
  300  278  255  233  214  197  180  164  149  137  130  127  128  132  136  137
  133  130  121  113  110  100   91   89   92                                   
    25.0-180.0 180.0   5.0 450.0                            LAT/LON1/LON2/DLON/H
  110  103   86   81   76   69   72   71   74   79   86   97  113  132  155  179
  201  220  237  252  266  279  289  298  309  325  348  376  410  451  496  542
  584  616  634  638  631  615  592  564  535  505  477  453  431  412  394  376
  356  335  314  295  278  261  242  221  201  183  170  163  160  161  164  165
  162  160  148  142  136  122  110  100  110                                   
    22.5-180.0 180.0   5.0 450.0                            LAT/LON1/LON2/DLON/H
  134  122   97   88   78   69   71   69   70   73   78   88  103  123  148  175
  201  224  244  261  277  288  298  306  319  340  370  411  459  514  570  623
  665  692  701  695  679  657  632  606  579  552  527  503  483  465  449  432
  414  394  376  360  345  329  308  283  257  233  213  201  194  192  194  195
  193  193  181  178  170  151  137  118  134                                   
    20.0-180.0 180.0   5.0 450.0                            LAT/LON1/LON2/DLON/H
  159  144  113  100   86   75   74   71   71   72   75   83   97  117  143  173
  202  229  252  273  290  302  311  320  335  360  398  448  506  568  629  681
  719  737  736  721  700  676  653  631  609  587  565  544  526  510  496  482
  465  447  430  416  403  387  366  339  308  280  255  238  227  222  223  223
  222  224  212  213  205  182  166  140  159                                   
    17.5-180.0 180.0   5.0 450.0                            LAT/LON1/LON2/DLON/H
  180  162  130  113   96   83   81   77   76   76   77   83   96  116  143  174
  207  237  265  288  307  321  331  341  358  388  431  485  546  609  667  712
  741  749  740  720  697  676  657  641  625  609  592  574  559  546  534  520
  504  485  468  453  440  425  404  377  347  317  290  270  256  249  248  247
  246  249  238  240  232  207  190  161  180                                   
    15.0-180.0 180.0   5.0 450.0                            LAT/LON1/LON2/DLON/H
  190  171  142  124  105   91   89   84   82   82   83   89  101  121  149  182
  217  252  282  309  330  345  356  368  387  420  465  519  577  634  683  717
  734  733  718  697  677  660  648  639  630  620  608  595  582  571  559  545
  526  504  484  466  452  437  418  394  368  340  314  293  277  268  264  261
  259  260  249  251  243  221  203  174  190                                   
    12.5-180.0 180.0   5.0 450.0                            LAT/LON1/LON2/DLON/H
  188  170  148  130  112   97   95   90   88   88   90   97  110  132  161  197
  235  272  306  335  357  373  385  398  419  453  497  548  598  644  679  700
  706  697  681  663  648  638  633  631  630  626  619  608  597  586  573  555
  531  504  479  457  440  425  410  392  371  349  326  305  288  277  270  263
  257  254  244  244  236  219  202  176  188                                   
    10.0-180.0 180.0   5.0 450.0                            LAT/LON1/LON2/DLON/H
  175  161  146  131  116  101   98   94   93   94   98  107  123  146  178  216
  257  296  332  362  386  402  413  428  451  484  525  569  609  641  662  671
  667  655  641  629  621  618  619  624  628  629  625  616  605  592  575  553
  523  491  459  433  414  399  388  376  363  346  327  308  291  277  266  255
  244  237  226  223  215  203  188  167  175                                   
     7.5-180.0 180.0   5.0 450.0                            LAT/LON1/LON2/DLON/H
  158  150  141  128  116  102  100   96   95   97  104  116  135  163  197  237
  280  320  357  388  411  427  440  455  479  511  547  582  611  630  640  639
