data/edconvlstm_nd/pred0320.15i
     1.0            IONOSPHERE MAPS     GNSS                IONEX VERSION / TYPE
pyspatialgeodesy        IME             05-JAN-18 20:20     PGM / RUN BY / DATE 
Map Name                                                    COMMENT             
Predicted global ionosphere maps (GIM).                     DESCRIPTION         
  2015     2     1     0     0     0                        EPOCH OF FIRST MAP  
  2015     2     2     0     0     0                        EPOCH OF LAST MAP   
  7200                                                      INTERVAL            
    13                                                      # OF MAPS IN FILE   
  NONE                                                      MAPPING FUNCTION    
10.0                                                        ELEVATION CUTOFF    
One-way carrier phase leveled to code                       OBSERVABLES USED    
  6371.0                                                    BASE RADIUS         
 2                                                          MAP DIMENSION       
   450.0 450.0   0.0                                        HGT1 / HGT2 / DHGT  
    87.5 -87.5  -2.5                                        LAT1 / LAT2 / DLAT  
  -180.0 180.0   5.0                                        LON1 / LON2 / DLON  
    -1                                                      EXPONENT            
                                                            END OF HEADER       
[from data line 5148]
    13                                                      START OF TEC MAP    
  2015     2     2     0     0     0                        EPOCH OF CURRENT MAP
    87.5-180.0 180.0   5.0 450.0                            LAT/LON1/LON2/DLON/H
   97   96   98   91   91   97   97   98  101  103  106  108  110  111  112  113
  113  112  111  110  108  107  104  102   99   97   94   91   88   86   83   80
   78   76   74   72   70   69   68   67   66   65   65   64   64   64   64   64
   64   64   65   65   65   65   66   66   66   67   67   67   67   68   68   70
   71   72   72   73   70   81   95  101   97                                   
    85.0-180.0 180.0   5.0 450.0                            LAT/LON1/LON2/DLON/H
  100  107   92  101  106  116  116  119  123  125  129  131  134  135  136  136
  136  135  133  131  128  125  121  117  113  108  103   99   94   90   86   82
   78   76   73   71   70   69   68   68   68   69   69   70   70   71   72   72
   73   74   74   75   75   76   76   77   77   77   78   78   79   79   80   81
   83   84   86   91   93  102  114  115  100                                   
    82.5-180.0 180.0   5.0 450.0                            LAT/LON1/LON2/DLON/H
  108  105  122  122  128  140  142  146  154  158  163  168  171  173  174  174
  172  170  167  162  157  152  145  139  131  124  116  109  101   95   88   83
   78   75   72   70   69   69   70   70   72   73   75   76   78   79   81   82
   83   84   84   85   86   86   87   87   88   88   89   90   90   91   92   94
   94   95   97   98  104   99  109  115  108                                   
    80.0-180.0 180.0   5.0 450.0                            LAT/LON1/LON2/DLON/H
  132  127  131  131  143  152  160  169  179  186  193  198  202  204  204  202
  199  194  189  182  175  167  159  149  140  130  121  111  103   95   88   82
   77   74   73   72   72   74   76   78   80   83   86   88   90   92   93   94
   95   95   95   96   96   96   96   97   97   97   98   99   99  100  101  102
  102  101  103  104  121  112  127  139  132                                   
    77.5-180.0 180.0   5.0 450.0                            LAT/LON1/LON2/DLON/H
  152  145  141  151  156  167  179  193  206  215  224  230  234  234  232  228
  222  215  207  199  191  182  173  164  154  143  133  123  113  104   97   91
   87   85   84   85   87   90   93   97  101  105  108  110  111  112  113  112
  112  111  111  110  110  109  109  109  109  109  109  110  110  111  112  113
  113  114  116  119  128  129  137  159  152                                   
    75.0-180.0 180.0   5.0 450.0                            LAT/LON1/LON2/DLON/H
  170  158  158  168  173  187  199  214  230  240  249  254  254  250  243  234
  224  213  204  195  187  180  173  166  159  151  142  133  125  117  111  106
  103  102  103  106  110  115  120  125  130  133  136  137  137  137  135  134
  131  129  127  125  123  122  121  120  120  120  120  120  120  121  122  123
  122  125  128  127  137  146  152  172  170                                   
    72.5-180.0 180.0   5.0 450.0                            LAT/LON1/LON2/DLON/H
  176  172  175  182  189  202  218  236  254  265  272  275  271  261  247  231
  215  201  189  180  175  171  169  167  164  160  154  148  141  134  129  124
  122  122  124  127  132  138  143  149  153  156  157  157  156  154  151  147
  144  140  137  135  132  130  129  128  127  126  126  125  126  126  128  130
  131  134  140  141  150  158  169  192  176                                   
    70.0-180.0 180.0   5.0 450.0                            LAT/LON1/LON2/DLON/H
  191  187  190  200  206  222  239  259  279  291  298  297  287  268  244  219
  196  176  162  153  149  150  152  155  157  158  156  152  148  142  138  134
  132  132  134  137  142  147  153  157  161  163  163  162  160  157  153  149
  145  142  139  136  134  132  131  129  128  128  128  128  128  129  132  136
  138  142  149  154  163  175  187  207  191                                   
    67.5-180.0 180.0   5.0 450.0                            LAT/LON1/LON2/DLON/H
  201  202  204  214  220  236  254  276  298  312  318  313  297  270  237  203
  173  148  132  123  120  123  129  136  142  146  147  146  142  138  133  129
  127  126  127  129  132  136  140  143  146  147  146  145  142  139  136  133
  130  128  126  125  124  123  122  122  122  121  122  123  124  126  130  135
  139  145  154  161  173  186  199  221  201                                   
    65.0-180.0 180.0   5.0 450.0                            LAT/LON1/LON2/DLON/H
  210  212  214  224  230  246  265  290  314  330  337  332  311  278  238  197
  160  132  113  103  101  104  111  120  127  132  134  132  129  125  120  116
  112  110  109  109  111  112  114  116  117  118  118  117  115  113  111  109
  107  107  107  108  109  110  110  111  112  113  114  116  119  122  127  134
  140  147  159  166  180  195  211  233  210                                   
    62.5-180.0 180.0   5.0 450.0                            LAT/LON1/LON2/DLON/H
  220  224  225  234  240  255  273  300  327  345  354  350  329  293  249  204
  163  132  110   98   94   96  101  107  112  115  116  114  111  107  102   97
   93   90   88   86   85   85   86   87   87   88   88   88   88   87   85   85
   84   85   87   90   92   95   98  100  102  105  108  112  116  122  128  136
  143  152  165  174  187  203  219  241  220                                   
    60.0-180.0 180.0   5.0 450.0                            LAT/LON1/LON2/DLON/H
  232  238  240  245  250  262  278  303  331  351  363  361  343  310  268  222
  180  146  122  106   98   95   95   96   97   97   96   93   90   87   83   79
   75   72   69   66   64   63   63   63   64   65   66   67   67   66   66   65
   65   67   69   73   77   82   86   90   94   99  104  110  117  125  133  143
  151  161  175  185  198  213  228  250  232                                   
    57.5-180.0 180.0   5.0 450.0                            LAT/LON1/LON2/DLON/H
  251  261  261  262  266  273  285  307  332  351  363  365  352  326  289  248
  208  173  145  124  109   98   91   86   82   79   76   74   72   70   68   66
   63   60   57   54   52   51   50   50   51   52   54   55   55   55   54   53
   53   55   57   62   67   72   78   84   90   96  104  113  122  133  144  156
  166  177  193  203  216  228  241  263  251                                   
    55.0-180.0 180.0   5.0 450.0                            LAT/LON1/LON2/DLON/H
  280  295  291  288  290  294  300  315  333  347  357  360  353  335  308  275
  239  205  173  145  122  103   88   78   71   66   63   62   61   61   61   60
   58   56   53   51   49   48   48   48   49   51   53   54   54   53   51   50
   49   50   53   57   63   69   76   83   90   98  108  118  131  144  159  173
  186  198  215  227  240  250  261  282  280                                   
    52.5-180.0 180.0   5.0 450.0                            LAT/LON1/LON2/DLON/H
  318  337  330  323  326  325  325  330  339  344  349  350  347  336  319  295
  265  233  198  165  134  108   88   74   66   61   59   59   60   61   62   62
   61   59   57   56   56   56   56   56   57   58   60   61   61   59   57   54
   53   53   56   61   67   73   81   88   95  104  114  126  141  157  174  192
  207  222  240  253  268  278  288  307  318                                   
    50.0-180.0 180.0   5.0 450.0                            LAT/LON1/LON2/DLON/H
  360  386  376  367  370  367  360  356  352  347  343  340  337  331  321  305
  281  251  216  179  143  114   92   78   69   66   65   66   68   70   71   70
   68   67   66   67   68   70   70   71   71   72   74   74   74   72   69   66
   64   65   67   73   79   86   93   99  106  114  124  136  152  169  189  209
  227  245  264  279  297  309  320  335  360                                   
    47.5-180.0 180.0   5.0 450.0                            LAT/LON1/LON2/DLON/H
  398  431  423  415  418  414  402  389  374  357  343  334  329  324  317  305
  285  257  223  186  151  123  102   89   82   80   81   82   84   84   83   80
   77   76   76   79   82   85   87   87   87   88   89   90   89   88   85   82
   80   81   85   90   97  104  110  115  120  126  135  147  162  180  201  223
  243  263  283  300  322  338  351  363  398                                   
    45.0-180.0 180.0   5.0 450.0                            LAT/LON1/LON2/DLON/H
  424  465  461  456  460  456  443  424  401  375  352  336  326  319  311  298
  279  253  222  190  160  136  118  109  104  104  104  104  103   99   93   87
   82   80   82   87   93   98  100  101  100  101  102  103  103  102  100   98
   98  100  104  111  117  123  128  131  135  140  148  158  172  189  209  230
  251  272  294  314  339  358  375  384  424                                   
    42.5-180.0 180.0   5.0 450.0                            LAT/LON1/LON2/DLON/H
  434  479  481  479  483  481  470  452  427  396  368  346  331  319  307  291
  270  246  220  195  172  154  142  136  133  132  130  125  118  108   97   88
   82   80   84   91   99  105  108  109  108  108  110  112  113  113  113  113
  114  118  123  129  136  141  145  148  150  154  161  170  182  196  214  233
  253  275  297  319  345  368  387  394  434                                   
    40.0-180.0 180.0   5.0 450.0                            LAT/LON1/LON2/DLON/H
  430  476  480  478  483  482  475  462  441  412  384  361  342  325  308  287
  265  243  223  205  191  180  172  167  163  158  150  138  123  109   96   86
   81   80   85   94  103  110  113  113  112  113  115  117  119  120  121  123
  126  131  136  143  149  154  158  161  164  168  175  183  193  204  219  236
  253  273  296  319  344  368  388  394  430                                   
    37.5-180.0 180.0   5.0 450.0                            LAT/LON1/LON2/DLON/H
  420  461  463  457  461  461  457  451  438  417  395  374  356  336  315  290
  267  247  234  224  217  210  203  195  185  172  156  139  122  107   96   89
   86   87   92  101  109  115  117  117  116  117  119  122  123  124  125  128
  131  137  143  149  155  161  166  170  175  181  188  196  204  214  226  241
  256  274  297  318  341  366  385  392  420                                   
    35.0-180.0 180.0   5.0 450.0                            LAT/LON1/LON2/DLON/H
  414  449  445  432  433  429  426  424  420  408  395  381  366  348  325  300
  277  261  253  250  246  238  225  209  191  171  152  134  120  111  106  104
  103  105  109  116  122  126  127  126  125  126  128  129  129  128  128  129
  132  137  142  148  154  160  166  172  180  189  199  208  217  227  238  252
  265  282  304  324  345  369  387  394  414                                   
    32.5-180.0 180.0   5.0 450.0                            LAT/LON1/LON2/DLON/H
  423  454  444  422  416  406  398  397  398  393  387  380  371  356  335  312
  292  281  277  276  270  255  233  207  183  161  143  132  127  128  132  136
  137  138  140  142  145  146  144  142  141  142  142  141  138  134  131  130
  131  133  136  140  146  152  159  167  178  192  206  219  230  242  254  269
  283  299  321  339  361  385  401  409  423                                   
    30.0-180.0 180.0   5.0 450.0                            LAT/LON1/LON2/DLON/H
  459  489  473  442  428  410  394  387  386  383  380  377  371  360  343  323
  308  300  298  294  281  257  225  195  170  153  143  142  150  163  178  188
  190  188  184  180  177  174  171  168  166  165  163  159  152  143  137  133
  131  129  129  130  133  139  147  157  172  190  209  228  245  260  276  294
  310  329  350  366  392  418  431  440  459                                   
    27.5-180.0 180.0   5.0 450.0                            LAT/LON1/LON2/DLON/H
  525  558  541  505  483  455  427  410  400  392  385  379  372  362  347  331
  318  312  308  298  276  243  209  181  164  157  160  172  193  219  242  256
  256  248  236  225  216  209  203  198  195  192  188  179  168  156  145  138
  132  127  123  121  121  126  134  146  164  187  212  237  261  282  304  327
  348  370  392  406  439  469  483  491  525                                   
    25.0-180.0 180.0   5.0 450.0                            LAT/LON1/LON2/DLON/H
  615  657  647  612  584  548  507  476  452  431  413  398  384  368  352  335
  322  313  303  285  256  223  194  178  176  183  199  223  255  289  317  329
  324  307  286  267  252  241  233  228  223  219  211  199  184  168  155  144
  135  127  119  114  112  115  124  138  159  186  217  249  279  308  337  367
  395  421  443  458  498  536  556  563  615                                   
    22.5-180.0 180.0   5.0 450.0                            LAT/LON1/LON2/DLON/H
  718  769  778  754  722  681  630  584  544  507  474  443  415  389  364  342
  323  306  287  262  232  207  193  195  210  233  260  292  328  364  389  395
  381  354  324  298  279  266  257  250  245  239  229  214  196  178  162  150
  139  128  118  109  106  108  117  134  159  190  226  263  300  337  374  412
  448  479  503  523  566  612  643  651  718                                   
    20.0-180.0 180.0   5.0 450.0                            LAT/LON1/LON2/DLON/H
  818  877  906  901  871  831  777  721  668  617  567  518  472  430  392  358
  329  301  272  243  219  208  214  236  268  302  334  366  399  428  445  441
  417  381  343  312  290  276  267  261  256  248  237  220  201  183  167  153
  140  128  115  105  101  103  114  133  161  196  235  277  320  365  410  456
  500  537  565  592  635  685  728  737  818                                   
    17.5-180.0 180.0   5.0 450.0                            LAT/LON1/LON2/DLON/H
  896  961 1001 1015  994  963  916  861  804  744  681  617  554  494  440  392
  349  308  271  242  227  232  258  299  342  379  407  431  453  469  472  457
  423  379  337  304  282  269  262  258  254  248  236  219  201  183  167  153
  140  127  114  103   97  100  113  135  166  203  246  291  338  388  440  492
  542  584  618  651  692  740  791  803  896                                   
    15.0-180.0 180.0   5.0 450.0                            LAT/LON1/LON2/DLON/H
  931  999 1046 1071 1064 1048 1016  972  921  864  798  726  650  576  508  445
  388  336  292  264  259  280  322  373  418  448  464  473  477  476  463  436
  394  347  305  275  258  249  247  247  245  240  229  214  197  181  166  153
  140  126  113  102   97  101  116  141  174  213  256  303  352  404  460  516
  569  613  652  690  728  770  822  836  931                                   
    12.5-180.0 180.0   5.0 450.0                            LAT/LON1/LON2/DLON/H
  916  983 1033 1063 1069 1070 1056 1030  995  951  894  824  746  665  587  514
  445  384  336  311  315  346  396  446  482  497  496  483  465  444  417  381
  338  295  261  241  232  231  233  236  236  231  222  209  194  179  165  152
  139  127  114  104  100  106  123  150  185  224  268  314  363  415  470  526
  579  625  667  707  742  777  823  837  916                                   
    10.0-180.0 180.0   5.0 450.0                            LAT/LON1/LON2/DLON/H
  868  927  972 1000 1012 1027 1032 1027 1012  988  949  892  822  745  667  591
  518  452  402  380  389  424  471  510  528  521  495  456  416  379  345  310
  275  246  228  220  220  224  228  232  232  227  218  206  192  179  165  152
  140  129  118  110  107  115  133  162  197  236  279  324  372  422  475  528
  578  622  664  705  739  769  806  819  868                                   
     7.5-180.0 180.0   5.0 450.0                            LAT/LON1/LON2/DLON/H
  809  854  886  902  913  935  952  965  973  971  954  918  866  803  736  667
  598  534  487  466  475  504  537  556  548  512  456  394  341  301  273  251
