data/edconvlstm_nd/pred2770.15i
     1.0            IONOSPHERE MAPS     GNSS                IONEX VERSION / TYPE
pyspatialgeodesy        IME             05-JAN-18 20:20     PGM / RUN BY / DATE 
Map Name                                                    COMMENT             
Predicted global ionosphere maps (GIM).                     DESCRIPTION         
  2015    10     4     0     0     0                        EPOCH OF FIRST MAP  
  2015    10     5     0     0     0                        EPOCH OF LAST MAP   
  7200                                                      INTERVAL            
    13                                                      # OF MAPS IN FILE   
  NONE                                                      MAPPING FUNCTION    
10.0                                                        ELEVATION CUTOFF    
One-way carrier phase leveled to code                       OBSERVABLES USED    
  6371.0                                                    BASE RADIUS         
 2                                                          MAP DIMENSION       
   450.0 450.0   0.0                                        HGT1 / HGT2 / DHGT  
    87.5 -87.5  -2.5                                        LAT1 / LAT2 / DLAT  
  -180.0 180.0   5.0                                        LON1 / LON2 / DLON  
    -1                                                      EXPONENT            
                                                            END OF HEADER       
[from data line 5148]
    13                                                      START OF TEC MAP    
  2015    10     5     0     0     0                        EPOCH OF CURRENT MAP
    87.5-180.0 180.0   5.0 450.0                            LAT/LON1/LON2/DLON/H
   90   84   78   72   71   77   75   74   76   76   78   79   80   81   82   82
   82   81   80   79   78   76   75   73   71   69   67   65   63   62   60   59
   57   56   55   54   54   53   53   52   52   52   52   52   52   52   52   53
   53   53   54   54   54   54   55   55   55   55   56   56   56   56   56   57
   58   58   58   59   54   69   76   76   90                                   
    85.0-180.0 180.0   5.0 450.0                            LAT/LON1/LON2/DLON/H
   84   87   67   73   75   83   80   79   81   81   82   83   84   85   85   85
   84   83   81   80   78   76   73   71   69   66   64   62   60   58   57   55
   54   54   53   53   53   53   53   53   54   54   55   56   56   57   57   58
   58   59   59   60   60   60   61   61   61   62   62   62   63   63   63   64
   64   65   66   70   72   81   90   83   84                                   
    82.5-180.0 180.0   5.0 450.0                            LAT/LON1/LON2/DLON/H
   76   69   79   77   78   88   85   84   88   89   91   93   94   94   94   93
   92   90   87   84   81   78   74   70   66   63   59   56   53   51   49   47
   46   45   45   45   46   46   47   48   49   50   52   53   54   55   56   56
   57   58   58   59   59   60   60   61   61   62   62   63   63   63   64   65
   65   65   65   65   71   67   76   78   76                                   
    80.0-180.0 180.0   5.0 450.0                            LAT/LON1/LON2/DLON/H
   86   77   79   75   80   85   86   87   92   93   96   98  100  100   99   98
   95   92   89   84   79   74   69   64   59   54   50   46   43   41   39   38
   37   37   37   38   39   40   41   42   44   45   47   49   50   52   53   54
   55   55   56   57   58   58   59   60   61   62   62   63   63   64   64   65
   65   63   63   62   77   71   82   93   86                                   
    77.5-180.0 180.0   5.0 450.0                            LAT/LON1/LON2/DLON/H
   96   88   80   84   84   89   90   94  100  102  106  109  110  110  109  106
  103   99   94   88   82   76   69   63   57   51   47   43   40   38   36   35
   35   35   36   37   38   39   41   42   44   45   47   48   50   51   52   53
   54   55   56   56   57   58   60   61   63   64   65   66   67   68   68   68
   68   69   68   68   75   77   82   98   96                                   
    75.0-180.0 180.0   5.0 450.0                            LAT/LON1/LON2/DLON/H
  102   89   88   91   89   95   94   97  104  106  109  111  112  110  107  103
   99   93   88   82   75   69   63   57   51   45   41   38   35   34   34   34
   34   35   37   38   39   40   41   42   43   44   45   47   48   49   50   50
   51   52   52   53   54   56   58   60   63   65   67   69   70   71   72   72
   71   71   72   69   75   85   87   98  102                                   
    72.5-180.0 180.0   5.0 450.0                            LAT/LON1/LON2/DLON/H
  100   91   91   92   90   91   91   96  103  105  107  109  108  105  101   96
   90   84   79   73   68   62   57   51   46   42   39   37   35   35   35   35
   36   37   39   39   40   41   41   41   41   42   42   42   43   43   43   44
   44   44   45   45   47   48   51   54   57   61   64   67   70   71   73   73
   72   72   76   74   79   87   93  107  100                                   
    70.0-180.0 180.0   5.0 450.0                            LAT/LON1/LON2/DLON/H
  104   95   96   98   94   96   95   99  105  107  109  109  107  102   96   90
   83   76   70   65   61   57   52   48   44   41   38   37   36   36   37   38
   39   40   41   42   42   41   41   40   40   40   40   40   40   41   41   41
   41   41   41   42   43   45   48   52   57   62   67   71   75   77   79   80
   79   78   82   81   85   94   98  111  104                                   
    67.5-180.0 180.0   5.0 450.0                            LAT/LON1/LON2/DLON/H
  108  100  100  101   95   94   92   95  102  103  105  105  101   95   88   80
   72   66   61   56   53   50   46   43   40   37   35   34   34   35   36   37
   38   38   38   37   36   35   34   33   32   32   32   33   33   34   35   35
   35   35   34   35   35   38   41   46   52   58   65   71   75   79   81   83
   81   80   83   82   88   96  101  114  108                                   
    65.0-180.0 180.0   5.0 450.0                            LAT/LON1/LON2/DLON/H
  111  102  101  102   95   92   89   92   99  101  103  103   98   91   83   74
   66   60   56   52   50   47   44   41   38   36   34   33   33   34   34   35
   35   34   33   32   30   29   27   27   26   27   27   28   30   31   32   32
   32   32   31   31   32   34   38   43   51   58   66   74   79   84   87   88
   86   85   87   85   91  100  105  119  111                                   
    62.5-180.0 180.0   5.0 450.0                            LAT/LON1/LON2/DLON/H
  115  106  105  105   97   91   87   90   97  100  103  103   99   91   82   74
   66   61   57   55   52   49   45   42   38   35   33   32   32   33   33   33
   32   30   28   26   25   23   23   23   24   25   26   28   30   31   32   33
   33   32   31   30   31   34   38   45   54   63   72   80   87   92   96   97
   95   93   95   91   95  104  109  123  115                                   
    60.0-180.0 180.0   5.0 450.0                            LAT/LON1/LON2/DLON/H
  119  110  110  108   99   91   86   88   95   98  102  103  100   93   85   77
   71   67   63   61   57   53   47   42   37   34   31   31   31   31   31   30
   28   26   23   21   20   20   21   22   24   26   28   31   33   34   35   36
   35   34   32   32   33   36   41   49   59   69   79   88   95  101  105  108
  106  103  104   99  101  108  112  127  119                                   
    57.5-180.0 180.0   5.0 450.0                            LAT/LON1/LON2/DLON/H
  127  118  118  115  105   94   88   89   95   98  101  103  101   96   90   84
   79   76   73   69   63   56   49   42   36   31   29   29   29   30   29   28
   25   23   21   19   19   21   23   25   28   31   34   37   39   40   41   41
   40   38   36   36   37   41   48   57   68   79   89   98  105  111  117  120
  118  116  116  110  110  116  119  134  127                                   
    55.0-180.0 180.0   5.0 450.0                            LAT/LON1/LON2/DLON/H
  139  130  129  126  115  102   94   93   97   99  102  103  102   99   95   91
   88   86   82   76   68   59   49   41   34   30   28   28   29   30   29   28
   25   23   22   22   23   26   29   33   36   40   43   46   48   49   49   48
   47   45   43   43   44   50   58   68   79   90  100  108  115  122  128  132
  132  131  131  125  124  127  129  144  139                                   
    52.5-180.0 180.0   5.0 450.0                            LAT/LON1/LON2/DLON/H
  153  145  144  141  129  115  106  102  103  102  103  104  103  102  100   98
   96   94   89   81   71   60   50   41   34   31   30   31   32   33   33   31
   29   27   27   28   32   36   40   44   48   51   55   58   59   60   60   58
   56   54   53   53   55   61   70   81   93  103  111  118  125  131  138  144
  146  146  147  141  140  141  142  157  153                                   
    50.0-180.0 180.0   5.0 450.0                            LAT/LON1/LON2/DLON/H
  169  163  161  159  147  133  123  117  114  109  107  106  105  104  104  103
  102   99   93   84   73   61   51   43   38   35   35   37   39   39   39   37
   35   35   36   39   44   49   54   57   61   64   68   71   73   73   73   71
   69   67   66   66   69   75   85   96  107  116  123  128  133  139  146  154
  157  160  163  158  158  158  159  173  169                                   
    47.5-180.0 180.0   5.0 450.0                            LAT/LON1/LON2/DLON/H
  183  179  178  176  165  153  143  134  127  119  114  111  109  108  107  107
  106  102   95   85   74   64   55   49   45   44   44   46   47   47   46   45
   44   45   47   52   58   64   69   72   74   77   81   84   86   87   86   85
   84   82   81   81   84   90  100  111  121  129  134  138  142  147  154  162
  167  172  177  173  173  174  177  191  183                                   
    45.0-180.0 180.0   5.0 450.0                            LAT/LON1/LON2/DLON/H
  193  191  190  189  179  170  162  151  142  131  123  117  114  113  112  111
  109  103   95   86   76   68   62   58   56   56   56   56   56   55   54   53
   53   55   59   65   72   78   82   84   86   89   92   95   97   99  100  100
   98   97   95   95   98  104  114  124  134  140  144  147  149  154  161  169
  175  182  188  186  187  188  193  207  193                                   
    42.5-180.0 180.0   5.0 450.0                            LAT/LON1/LON2/DLON/H
  198  197  197  197  188  181  175  165  155  142  133  126  122  120  119  117
  112  105   97   88   80   75   72   71   70   69   67   65   63   61   60   59
   60   63   69   76   84   89   93   94   95   97  100  104  107  110  112  112
  112  110  108  107  109  115  124  135  144  150  153  155  158  162  168  176
  183  190  198  197  198  200  207  221  198                                   
    40.0-180.0 180.0   5.0 450.0                            LAT/LON1/LON2/DLON/H
  198  198  198  199  192  187  181  173  164  151  142  135  131  129  128  124
  118  109  100   93   88   86   86   85   83   80   75   70   66   63   62   63
   65   69   76   83   90   96   99  100  101  103  107  111  116  119  122  123
  122  120  116  115  116  122  131  142  151  157  161  164  167  172  178  185
  192  200  208  209  209  210  217  233  198                                   
    37.5-180.0 180.0   5.0 450.0                            LAT/LON1/LON2/DLON/H
  198  198  198  198  192  187  182  175  168  157  148  144  141  140  138  133
  125  116  108  102  100   99   99   97   92   85   77   70   64   62   62   65
   68   73   79   86   93   99  101  103  104  106  111  117  122  126  129  130
  128  125  120  117  118  124  134  145  155  163  168  172  177  183  190  197
  203  212  221  222  221  221  228  243  198                                   
    35.0-180.0 180.0   5.0 450.0                            LAT/LON1/LON2/DLON/H
  203  202  201  199  193  187  180  175  169  160  153  151  150  150  148  142
  134  125  118  113  111  109  106  100   91   81   72   65   61   60   62   67
   72   77   82   88   93   98  101  103  105  109  114  120  126  130  132  132
  129  124  119  115  116  123  133  146  157  165  172  179  187  195  204  212
  218  226  236  238  236  235  240  257  203                                   
    32.5-180.0 180.0   5.0 450.0                            LAT/LON1/LON2/DLON/H
  217  216  213  207  199  191  182  177  173  165  159  158  158  159  156  151
  142  134  127  122  118  112  103   92   82   72   65   60   59   61   67   73
   79   83   86   90   94   98  101  103  106  110  116  122  128  131  131  129
  125  118  112  109  110  118  130  143  155  165  173  183  194  206  217  228
  235  244  254  257  256  253  258  274  217                                   
    30.0-180.0 180.0   5.0 450.0                            LAT/LON1/LON2/DLON/H
  243  242  236  226  217  205  195  189  184  176  170  168  168  168  164  158
  149  140  133  126  117  106   92   79   70   64   61   61   64   70   78   85
   90   93   93   94   96   99  102  105  109  113  118  123  127  128  127  123
  116  109  102  100  103  112  125  140  152  163  172  184  198  214  230  243
  253  263  275  279  278  276  282  298  243                                   
    27.5-180.0 180.0   5.0 450.0                            LAT/LON1/LON2/DLON/H
  281  281  271  259  248  234  223  215  209  199  191  187  184  180  174  165
  155  145  135  124  110   93   78   67   62   62   66   72   80   88   97  104
  107  107  105  102  102  103  106  110  114  118  121  124  126  124  120  114
  106   98   92   91   96  107  122  138  150  160  170  182  200  220  241  258
  271  283  296  301  303  302  311  328  281                                   
    25.0-180.0 180.0   5.0 450.0                            LAT/LON1/LON2/DLON/H
  326  328  318  305  294  279  267  258  249  237  226  216  208  200  189  177
  164  151  136  119  101   82   69   62   63   71   83   95  105  114  122  128
  129  126  120  114  111  111  114  118  122  125  126  126  125  121  114  106
   97   88   84   84   92  105  122  138  150  160  169  182  201  225  249  271
  287  302  316  323  328  329  343  361  326                                   
    22.5-180.0 180.0   5.0 450.0                            LAT/LON1/LON2/DLON/H
  373  377  371  362  352  340  329  318  308  292  276  261  246  230  214  196
  178  160  139  117   95   78   69   69   78   94  112  128  139  147  151  154
  152  146  137  128  123  123  125  129  133  134  133  130  125  119  110  100
   90   82   78   81   90  105  123  139  152  161  170  183  203  229  257  283
  302  319  335  343  352  355  374  396  373                                   
    20.0-180.0 180.0   5.0 450.0                            LAT/LON1/LON2/DLON/H
  418  420  424  423  416  410  403  394  383  365  344  322  300  276  252  227
  203  177  150  123  100   86   83   91  109  132  154  170  177  178  177  176
  172  164  153  143  137  136  139  143  146  146  142  137  129  119  108   96
   86   78   75   78   88  103  122  140  153  163  172  186  207  235  266  293
  316  335  351  363  374  378  404  430  418                                   
    17.5-180.0 180.0   5.0 450.0                            LAT/LON1/LON2/DLON/H
  456  455  469  478  476  478  478  475  466  448  424  398  369  339  307  274
  241  207  174  143  120  111  115  133  157  182  201  210  209  203  196  191
  185  178  167  157  151  150  154  158  160  159  153  145  134  122  108   95
   84   76   72   75   84   99  118  137  152  164  175  190  213  243  275  305
  329  349  366  381  395  399  430  461  456                                   
    15.0-180.0 180.0   5.0 450.0                            LAT/LON1/LON2/DLON/H
  482  480  503  521  526  535  542  546  542  527  505  478  447  413  376  336
  296  254  215  182  162  159  171  193  216  235  244  242  231  216  204  198
  193  187  179  170  166  166  169  173  175  172  164  153  140  125  110   95
   83   74   70   71   79   93  112  132  149  164  178  196  221  253  287  318
  343  363  381  398  413  418  452  487  482                                   
    12.5-180.0 180.0   5.0 450.0                            LAT/LON1/LON2/DLON/H
  498  497  524  549  558  574  586  595  596  587  570  548  521  489  451  409
  364  318  276  244  228  230  245  263  277  282  277  262  241  220  206  199
  196  193  188  183  180  181  185  187  187  183  174  161  145  128  111   95
   82   73   68   68   74   86  105  125  144  161  179  201  230  265  300  331
  356  376  394  412  428  435  471  509  498                                   
    10.0-180.0 180.0   5.0 450.0                            LAT/LON1/LON2/DLON/H
  509  511  537  563  574  592  606  617  622  618  608  594  576  551  519  480
  436  392  353  325  314  318  328  334  331  318  296  268  239  216  203  199
  200  200  198  195  194  195  198  199  196  190  179  164  147  128  110   94
   81   72   66   64   69   80   97  117  137  157  178  204  238  276  314  345
  369  388  405  424  441  451  488  527  509                                   
     7.5-180.0 180.0   5.0 450.0                            LAT/LON1/LON2/DLON/H
  519  525  547  569  578  592  603  613  617  616  612  607  601  588  566  535
  499  462  431  410  403  404  403  392  369  336  297  259  228  208  201  202
