data/edconvlstm_nd/pred3610.15i
     1.0            IONOSPHERE MAPS     GNSS                IONEX VERSION / TYPE
pyspatialgeodesy        IME             05-JAN-18 20:20     PGM / RUN BY / DATE 
Map Name                                                    COMMENT             
Predicted global ionosphere maps (GIM).                     DESCRIPTION         
  2015    12    27     0     0     0                        EPOCH OF FIRST MAP  
  2015    12    28     0     0     0                        EPOCH OF LAST MAP   
  7200                                                      INTERVAL            
    13                                                      # OF MAPS IN FILE   
  NONE                                                      MAPPING FUNCTION    
10.0                                                        ELEVATION CUTOFF    
One-way carrier phase leveled to code                       OBSERVABLES USED    
  6371.0                                                    BASE RADIUS         
 2                                                          MAP DIMENSION       
   450.0 450.0   0.0                                        HGT1 / HGT2 / DHGT  
    87.5 -87.5  -2.5                                        LAT1 / LAT2 / DLAT  
  -180.0 180.0   5.0                                        LON1 / LON2 / DLON  
    -1                                                      EXPONENT            
                                                            END OF HEADER       
[from data line 858]
     3                                                      START OF TEC MAP    
  2015    12    27     4     0     0                        EPOCH OF CURRENT MAP
    87.5-180.0 180.0   5.0 450.0                            LAT/LON1/LON2/DLON/H
   37   47   40   42   40   41   38   35   35   35   34   34   34   33   33   32
   32   32   31   31   30   30   30   30   30   29   29   29   30   30   30   30
   30   31   31   32   32   33   33   33   34   34   34   35   35   35   35   35
   35   35   35   35   35   35   35   36   36   36   36   36   36   35   35   36
   37   37   35   36   41   56   63   53   37                                   
    85.0-180.0 180.0   5.0 450.0                            LAT/LON1/LON2/DLON/H
   29   53   46   48   49   51   49   48   47   47   45   45   44   43   42   40
   39   38   37   36   35   34   33   33   32   32   32   32   32   32   33   34
   34   35   36   37   37   38   39   40   40   41   41   42   42   42   42   42
   42   42   42   41   41   41   41   42   42   42   42   42   43   43   43   44
   45   46   45   48   54   56   70   55   29                                   
    82.5-180.0 180.0   5.0 450.0                            LAT/LON1/LON2/DLON/H
   35   45   61   54   53   56   55   53   53   52   51   50   49   47   45   43
   41   39   37   35   33   31   30   29   28   28   28   28   28   29   29   30
   32   33   34   35   37   38   39   40   41   42   43   43   43   43   43   42
   42   42   41   41   41   41   41   41   42   42   42   43   43   44   44   45
   46   48   47   47   60   52   56   52   35                                   
    80.0-180.0 180.0   5.0 450.0                            LAT/LON1/LON2/DLON/H
   52   57   64   56   59   57   59   58   58   58   55   55   53   51   49   46
   43   40   37   35   32   30   29   28   27   27   27   27   28   29   31   32
   34   35   37   39   41   42   44   45   46   47   47   47   47   46   45   44
   43   42   41   40   40   40   40   40   41   41   42   43   43   44   45   46
   48   48   50   51   64   58   57   55   52                                   
    77.5-180.0 180.0   5.0 450.0                            LAT/LON1/LON2/DLON/H
   58   61   59   52   51   53   55   56   57   56   54   54   53   51   49   46
   42   39   36   33   30   27   25   24   23   23   24   25   26   28   30   32
   34   36   38   40   42   44   45   47   48   48   48   48   46   45   43   41
   40   38   37   36   36   36   36   37   37   38   39   40   41   42   42   43
   44   45   45   48   53   44   46   46   58                                   
    75.0-180.0 180.0   5.0 450.0                            LAT/LON1/LON2/DLON/H
   49   54   54   47   44   47   50   51   52   53   52   53   52   51   49   46
   43   40   36   33   30   28   26   25   25   25   26   28   30   32   34   36
   38   39   41   42   44   45   47   48   49   49   49   48   46   44   41   39
   37   35   34   33   34   34   36   37   38   40   41   42   43   44   44   45
   44   44   45   43   49   42   42   43   49                                   
    72.5-180.0 180.0   5.0 450.0                            LAT/LON1/LON2/DLON/H
   48   50   50   42   41   45   49   50   52   53   53   55   55   54   53   51
   48   44   41   37   34   32   30   29   30   31   32   34   37   39   41   43
   44   44   45   46   46   47   48   49   49   50   49   48   46   44   41   38
   36   35   34   34   36   38   40   43   45   48   50   51   52   53   53   53
   52   50   52   50   52   44   43   44   48                                   
    70.0-180.0 180.0   5.0 450.0                            LAT/LON1/LON2/DLON/H
   53   50   51   44   41   43   46   48   50   52   53   55   56   57   56   54
   52   48   45   41   38   36   35   35   35   37   39   42   44   46   48   48
   48   48   47   46   45   45   45   46   47   48   48   47   45   42   40   37
   36   35   36   38   41   44   48   53   57   60   63   65   66   67   66   65
   63   60   60   58   58   49   48   46   53                                   
    67.5-180.0 180.0   5.0 450.0                            LAT/LON1/LON2/DLON/H
   55   50   50   42   39   40   43   44   46   48   49   52   53   54   54   52
   50   47   43   40   37   35   34   34   35   37   40   42   44   46   47   46
   45   43   41   38   37   36   36   36   38   39   39   39   38   36   34   32
   31   32   34   38   43   48   54   60   65   70   73   76   78   78   77   75
   72   68   67   63   62   53   50   49   55                                   
    65.0-180.0 180.0   5.0 450.0                            LAT/LON1/LON2/DLON/H
   61   53   51   44   39   40   41   43   44   46   46   49   51   52   52   51
   48   45   42   38   36   34   33   33   34   36   38   40   42   43   43   42
   40   37   33   30   28   27   27   28   30   32   33   33   33   31   30   29
   30   32   36   42   49   56   63   70   76   82   86   89   91   91   90   88
   84   79   78   72   71   61   58   56   61                                   
    62.5-180.0 180.0   5.0 450.0                            LAT/LON1/LON2/DLON/H
   68   59   56   48   44   43   44   45   45   46   46   49   50   51   51   50
   48   45   41   38   35   33   32   32   32   34   35   37   38   39   38   37
   34   31   27   24   22   20   21   22   25   28   30   31   31   30   30   30
   32   36   43   50   59   68   76   83   89   94   99  102  104  105  104  102
   98   92   90   84   82   71   68   67   68                                   
    60.0-180.0 180.0   5.0 450.0                            LAT/LON1/LON2/DLON/H
   76   67   62   53   48   46   46   45   45   45   44   46   47   48   48   48
   46   43   39   36   33   30   29   28   28   29   30   31   32   32   32   30
   28   25   22   19   17   16   17   19   22   25   28   30   30   30   31   32
   36   42   50   60   70   79   87   93   99  103  107  111  114  115  114  112
  108  103  101   95   93   82   79   76   76                                   
    57.5-180.0 180.0   5.0 450.0                            LAT/LON1/LON2/DLON/H
   86   76   70   60   53   50   49   47   46   44   43   44   44   45   46   46
   44   41   38   34   31   28   26   25   24   24   25   25   26   26   26   25
   24   22   19   17   16   16   17   20   23   27   30   32   33   34   35   38
   43   51   61   72   83   92   99  104  108  111  115  118  121  123  122  121
  118  113  112  106  105   94   91   87   86                                   
    55.0-180.0 180.0   5.0 450.0                            LAT/LON1/LON2/DLON/H
   96   86   78   67   59   55   53   50   47   44   41   41   41   42   43   43
   42   40   37   33   30   26   24   22   21   20   21   21   22   22   22   22
   22   21   20   19   19   19   21   24   28   32   35   37   38   40   42   46
   53   63   74   86   96  105  111  114  116  118  121  124  127  128  128  128
  124  120  120  116  115  105  102   97   96                                   
    52.5-180.0 180.0   5.0 450.0                            LAT/LON1/LON2/DLON/H
  107   96   86   74   66   61   57   53   49   44   40   39   39   40   41   42
   42   40   37   34   30   27   24   21   20   20   20   21   22   22   23   23
   23   24   24   25   26   27   29   32   36   39   42   45   46   48   52   58
   66   76   89  101  111  118  123  125  125  126  127  130  132  133  133  132
  129  125  126  123  124  114  111  106  107                                   
    50.0-180.0 180.0   5.0 450.0                            LAT/LON1/LON2/DLON/H
  117  106   94   83   74   68   64   58   53   47   42   40   39   39   40   41
   42   41   38   35   32   29   26   24   23   23   24   25   26   26   27   27
   28   30   32   34   36   37   40   43   46   49   52   54   57   60   64   71
   81   92  104  115  125  132  135  135  135  134  134  136  137  137  136  134
  131  128  129  128  130  121  118  113  117                                   
    47.5-180.0 180.0   5.0 450.0                            LAT/LON1/LON2/DLON/H
  125  114  101   92   82   76   72   66   59   52   46   43   41   40   41   42
   42   42   40   38   36   33   31   30   29   30   31   33   34   34   34   34
   35   37   41   44   47   49   52   54   57   60   62   65   68   72   78   86
   96  107  118  129  138  143  146  145  144  143  142  142  142  141  138  135
  131  128  129  128  131  123  122  118  125                                   
    45.0-180.0 180.0   5.0 450.0                            LAT/LON1/LON2/DLON/H
  129  119  107   99   90   85   80   74   68   60   53   50   46   45   44   44
   43   43   43   42   41   40   39   38   38   39   41   43   43   43   41   40
   41   44   48   52   56   59   62   64   67   69   72   75   79   84   92  101
  110  120  130  139  147  152  154  154  153  151  150  149  147  143  139  134
  129  126  127  126  129  122  122  119  129                                   
    42.5-180.0 180.0   5.0 450.0                            LAT/LON1/LON2/DLON/H
  129  121  110  105   96   92   88   83   77   70   63   59   55   52   49   47
   46   46   46   48   49   49   49   49   49   50   52   53   52   50   47   45
   45   48   53   58   62   66   68   71   74   77   80   83   89   96  104  114
  123  131  139  146  153  157  160  160  159  158  157  155  151  146  140  135
  129  125  125  123  124  118  118  117  129                                   
    40.0-180.0 180.0   5.0 450.0                            LAT/LON1/LON2/DLON/H
  126  120  111  107   99   96   93   89   85   79   74   70   66   61   57   53
   50   50   52   54   57   59   60   60   59   60   61   61   58   54   50   47
   47   50   54   60   64   68   72   75   79   82   86   91   97  106  116  126
  134  140  146  151  156  160  163  165  165  164  163  161  157  151  144  139
  133  128  126  123  122  114  114  114  126                                   
    37.5-180.0 180.0   5.0 450.0                            LAT/LON1/LON2/DLON/H
  122  117  109  105   99   95   93   91   89   85   82   80   77   71   66   60
   57   56   59   63   67   70   71   70   68   67   67   65   61   56   51   47
   46   49   54   59   63   67   71   76   81   86   91   97  104  115  126  136
  143  148  151  154  157  162  166  169  170  171  170  169  166  161  155  151
  146  140  137  130  125  114  112  111  122                                   
    35.0-180.0 180.0   5.0 450.0                            LAT/LON1/LON2/DLON/H
  120  114  106  101   94   91   89   88   88   87   86   87   85   80   74   69
   65   64   68   73   78   81   81   78   75   72   69   66   62   56   51   47
   46   48   52   57   61   64   69   74   81   87   93  101  110  122  134  145
  151  154  156  157  160  165  170  174  178  180  181  181  180  178  175  174
  170  164  159  149  139  123  117  114  120                                   
    32.5-180.0 180.0   5.0 450.0                            LAT/LON1/LON2/DLON/H
  123  115  104   96   89   84   82   81   82   83   85   88   88   86   81   76
   73   73   77   83   88   90   88   84   78   74   70   66   62   56   51   47
   46   47   51   55   58   61   66   72   79   87   95  104  115  128  142  153
  159  162  162  163  166  171  177  184  189  193  197  200  203  205  207  209
  208  202  195  181  166  142  133  127  123                                   
    30.0-180.0 180.0   5.0 450.0                            LAT/LON1/LON2/DLON/H
  135  122  108   94   85   78   74   72   74   75   78   83   86   87   85   82
   80   82   86   91   95   95   92   86   79   74   70   66   62   57   52   49
   48   50   53   55   57   59   63   69   77   86   95  105  119  134  149  161
  168  171  172  173  176  182  190  198  206  213  220  227  234  241  248  254
  256  251  243  226  206  175  162  151  135                                   
    27.5-180.0 180.0   5.0 450.0                            LAT/LON1/LON2/DLON/H
  156  137  118   99   87   77   71   66   65   66   69   75   80   83   84   84
   85   87   91   96   98   96   92   86   79   75   71   68   64   60   57   55
   56   58   60   60   59   60   62   68   75   84   94  106  122  139  156  170
  178  183  185  188  192  199  208  219  229  239  250  260  272  283  294  304
  308  305  297  277  255  218  202  187  156                                   
    25.0-180.0 180.0   5.0 450.0                            LAT/LON1/LON2/DLON/H
  186  161  137  113   98   85   75   66   62   59   61   66   72   77   80   82
   85   89   92   95   95   92   88   84   79   76   74   72   70   68   67   67
   69   71   71   69   65   63   63   67   73   82   92  106  124  143  163  179
  191  198  203  208  214  223  234  247  260  273  286  300  314  328  342  354
  359  357  350  328  306  266  250  231  186                                   
    22.5-180.0 180.0   5.0 450.0                            LAT/LON1/LON2/DLON/H
  224  193  164  138  120  102   88   75   66   59   57   60   64   69   74   78
   82   85   88   89   88   86   83   82   81   81   80   80   79   80   81   83
   86   86   84   78   72   67   65   67   72   79   90  105  125  148  170  189
  204  216  225  233  242  253  266  281  297  313  328  343  358  373  387  398
  404  403  396  373  353  314  298  279  224                                   
    20.0-180.0 180.0   5.0 450.0                            LAT/LON1/LON2/DLON/H
  266  231  198  171  151  130  113   95   81   68   61   59   61   64   68   72
   75   79   80   80   79   79   79   82   85   88   90   91   93   95   98  100
  102  100   95   86   78   71   67   67   70   76   87  105  127  153  178  200
  219  235  249  261  272  285  301  318  336  354  370  384  398  412  424  433
  438  437  431  410  392  357  343  327  266                                   
    17.5-180.0 180.0   5.0 450.0                            LAT/LON1/LON2/DLON/H
  308  271  238  212  190  167  147  125  106   88   75   67   64   64   65   67
   70   72   73   73   73   75   80   87   94   99  104  106  108  111  113  115
  115  110  102   91   81   73   69   67   69   74   86  105  130  158  185  211
  234  254  271  286  300  315  332  351  371  389  404  418  429  440  449  456
  458  457  452  435  419  392  380  370  308                                   
    15.0-180.0 180.0   5.0 450.0                            LAT/LON1/LON2/DLON/H
  345  310  280  256  233  208  186  162  140  118   99   85   76   71   68   68
   68   69   70   71   73   79   87   97  107  115  120  123  124  125  125  125
  122  115  105   93   83   75   71   69   69   74   86  107  134  164  193  220
  246  268  289  306  322  338  356  376  395  412  426  438  448  456  462  466
  466  464  460  446  434  415  408  402  345                                   
    12.5-180.0 180.0   5.0 450.0                            LAT/LON1/LON2/DLON/H
  374  343  319  298  275  249  225  202  178  154  131  112   97   87   79   75
   73   73   74   77   83   91  103  115  126  134  138  139  137  135  132  129
  124  115  105   94   85   79   75   72   73   77   90  111  139  170  200  228
  254  278  300  318  335  351  369  388  406  421  433  443  452  459  463  464
  462  460  456  446  438  428  426  423  374                                   
    10.0-180.0 180.0   5.0 450.0                            LAT/LON1/LON2/DLON/H
  395  369  351  331  310  285  261  238  216  191  167  146  126  110   98   89
   85   85   88   93  102  114  127  140  150  155  156  153  147  141  135  129
  122  114  105   96   89   84   81   79   78   83   96  117  145  176  206  233
  259  283  305  323  340  356  374  392  407  420  429  438  445  451  455  455
  452  450  448  441  436  433  435  434  395                                   
     7.5-180.0 180.0   5.0 450.0                            LAT/LON1/LON2/DLON/H
  409  389  375  354  335  310  287  268  248  226  203  182  160  141  124  111
  105  105  110  119  131  144  157  168  174  175  171  164  154  145  136  127
