data/edconvlstm_nd/pred1870.15i
     1.0            IONOSPHERE MAPS     GNSS                IONEX VERSION / TYPE
pyspatialgeodesy        IME             05-JAN-18 20:20     PGM / RUN BY / DATE 
Map Name                                                    COMMENT             
Predicted global ionosphere maps (GIM).                     DESCRIPTION         
  2015     7     6     0     0     0                        EPOCH OF FIRST MAP  
  2015     7     7     0     0     0                        EPOCH OF LAST MAP   
  7200                                                      INTERVAL            
    13                                                      # OF MAPS IN FILE   
  NONE                                                      MAPPING FUNCTION    
10.0                                                        ELEVATION CUTOFF    
One-way carrier phase leveled to code                       OBSERVABLES USED    
  6371.0                                                    BASE RADIUS         
 2                                                          MAP DIMENSION       
   450.0 450.0   0.0                                        HGT1 / HGT2 / DHGT  
    87.5 -87.5  -2.5                                        LAT1 / LAT2 / DLAT  
  -180.0 180.0   5.0                                        LON1 / LON2 / DLON  
    -1                                                      EXPONENT            
                                                            END OF HEADER       
[from data line 3432]
     9                                                      START OF TEC MAP    
  2015     7     6    16     0     0                        EPOCH OF CURRENT MAP
    87.5-180.0 180.0   5.0 450.0                            LAT/LON1/LON2/DLON/H
  156  150  141  146  150  149  147  146  146  147  146  146  146  145  145  145
  144  144  143  143  142  142  141  141  140  140  140  140  140  140  140  140
  140  140  140  140  140  141  141  141  142  142  143  143  144  144  145  145
  145  146  146  146  147  147  147  147  147  147  147  147  146  146  146  146
  145  146  145  145  155  150  154  151  156                                   
    85.0-180.0 180.0   5.0 450.0                            LAT/LON1/LON2/DLON/H
  152  149  155  148  148  151  150  151  151  151  151  150  150  149  149  148
  148  147  146  146  145  144  144  143  143  143  142  142  142  142  142  142
  143  143  143  143  144  144  145  145  146  146  147  147  148  148  149  149
  150  150  151  151  152  152  152  152  152  152  151  151  151  151  150  150
  150  150  148  147  149  141  145  145  152                                   
    82.5-180.0 180.0   5.0 450.0                            LAT/LON1/LON2/DLON/H
  135  143  140  138  139  144  144  145  144  144  144  144  143  142  142  141
  140  139  138  137  137  136  136  135  135  135  135  136  136  136  137  137
  138  138  139  140  140  141  142  142  143  144  145  145  146  147  147  148
  148  149  149  150  150  150  150  149  149  148  147  146  145  144  143  142
  142  141  139  142  141  143  138  126  135                                   
    80.0-180.0 180.0   5.0 450.0                            LAT/LON1/LON2/DLON/H
  127  132  133  134  134  135  136  139  139  139  139  139  138  138  137  136
  135  134  133  132  132  131  131  131  131  131  131  132  132  133  133  133
  134  134  135  135  136  137  137  138  138  139  139  140  140  141  141  142
  142  143  143  143  143  143  142  142  141  140  138  137  136  134  133  132
  132  131  130  131  128  126  127  120  127                                   
    77.5-180.0 180.0   5.0 450.0                            LAT/LON1/LON2/DLON/H
  133  134  135  136  137  140  140  142  142  142  141  142  141  140  140  139
  138  137  137  136  136  136  137  137  138  139  140  140  141  142  142  143
  143  144  144  144  145  145  146  146  146  147  147  147  147  147  148  148
  148  149  149  149  148  148  147  145  144  142  140  139  137  135  133  132
  131  130  129  130  132  125  128  125  133                                   
    75.0-180.0 180.0   5.0 450.0                            LAT/LON1/LON2/DLON/H
  132  137  135  137  139  142  141  143  143  144  143  143  142  142  141  141
  140  140  140  141  141  142  143  145  146  147  148  149  149  150  150  150
  150  150  150  151  151  151  151  151  150  150  149  149  148  148  148  148
  147  147  147  147  146  145  144  143  141  139  137  135  134  132  131  130
  130  129  129  127  130  126  130  118  132                                   
    72.5-180.0 180.0   5.0 450.0                            LAT/LON1/LON2/DLON/H
  134  141  140  144  144  148  148  148  148  148  146  146  146  146  145  145
  145  145  146  147  149  151  153  155  157  158  159  159  159  159  158  158
  158  157  157  157  157  157  156  156  155  154  153  151  150  149  149  148
  148  148  147  147  146  144  143  141  139  138  136  134  133  132  131  131
  131  131  131  130  132  131  135  128  134                                   
    70.0-180.0 180.0   5.0 450.0                            LAT/LON1/LON2/DLON/H
  139  147  146  150  149  152  151  151  151  150  149  149  148  148  148  147
  148  149  150  152  155  158  161  163  165  166  166  165  164  163  162  161
  160  160  159  159  159  158  157  156  155  154  152  150  148  147  146  145
  144  144  143  142  141  140  138  136  135  133  132  132  131  131  132  133
  133  134  135  134  137  137  142  135  139                                   
    67.5-180.0 180.0   5.0 450.0                            LAT/LON1/LON2/DLON/H
  145  155  155  158  158  161  159  159  158  157  156  156  155  155  154  154
  155  156  158  161  164  167  170  173  174  174  173  171  169  166  164  163
  162  161  160  160  159  159  158  157  156  154  152  150  148  147  146  145
  144  144  143  142  141  139  137  136  134  133  133  133  134  135  136  138
  139  140  141  140  142  143  147  141  145                                   
    65.0-180.0 180.0   5.0 450.0                            LAT/LON1/LON2/DLON/H
  148  160  159  163  162  166  164  164  163  163  161  161  160  160  159  159
  160  161  163  166  169  173  176  178  179  178  175  172  169  166  164  162
  161  160  160  159  158  158  157  156  155  154  152  150  148  146  145  145
  145  145  144  143  141  139  137  135  134  133  134  135  137  139  140  142
  143  145  146  146  148  149  154  149  148                                   
    62.5-180.0 180.0   5.0 450.0                            LAT/LON1/LON2/DLON/H
  149  162  161  166  166  170  169  169  168  168  167  167  166  166  166  165
  165  166  168  171  174  178  180  182  181  179  176  172  168  165  163  162
  161  160  160  159  158  157  157  156  156  155  153  152  150  149  148  148
  149  149  149  148  146  143  140  138  137  137  138  139  142  144  145  147
  147  148  148  148  150  150  156  151  149                                   
    60.0-180.0 180.0   5.0 450.0                            LAT/LON1/LON2/DLON/H
  146  160  158  165  166  172  171  172  172  172  171  171  171  171  170  170
  169  170  171  173  176  179  181  182  181  178  175  171  168  165  164  164
  164  163  162  161  160  159  159  158  158  158  157  156  155  154  154  155
  155  156  156  155  153  150  147  144  143  143  143  145  147  149  150  150
  149  149  148  146  149  148  154  150  146                                   
    57.5-180.0 180.0   5.0 450.0                            LAT/LON1/LON2/DLON/H
  140  154  154  162  164  172  172  174  174  174  173  174  174  174  174  173
  172  172  173  175  177  180  181  182  180  178  175  172  170  169  169  170
  171  170  169  168  166  165  164  164  164  165  165  164  164  163  163  164
  165  166  167  166  164  161  157  154  152  151  152  153  154  154  154  152
  149  147  145  143  145  143  149  146  140                                   
    55.0-180.0 180.0   5.0 450.0                            LAT/LON1/LON2/DLON/H
  134  148  148  158  162  172  173  176  176  176  175  175  175  175  175  175
  174  174  174  176  177  179  180  181  180  178  176  175  175  176  178  180
  181  181  179  177  174  173  172  172  174  175  175  175  175  174  174  175
  177  178  179  179  177  174  170  166  163  162  161  161  160  159  157  154
  149  145  142  138  139  138  142  140  134                                   
    52.5-180.0 180.0   5.0 450.0                            LAT/LON1/LON2/DLON/H
  128  142  144  155  160  173  175  178  179  178  176  175  174  174  175  175
  175  175  175  176  177  179  180  180  181  180  180  181  183  185  188  191
  192  192  190  187  184  182  182  182  184  186  187  187  187  186  186  187
  189  190  191  191  190  187  183  179  176  173  171  169  167  164  160  155
  149  144  140  135  135  133  136  136  128                                   
    50.0-180.0 180.0   5.0 450.0                            LAT/LON1/LON2/DLON/H
  126  139  142  154  161  175  179  183  183  181  178  175  174  174  175  176
  177  178  178  179  179  180  181  182  184  185  187  190  193  196  200  202
  203  202  199  196  193  192  192  193  195  197  199  199  198  198  198  198
  200  202  204  204  203  200  197  193  188  185  181  178  174  169  164  158
  151  146  141  136  135  132  134  134  126                                   
    47.5-180.0 180.0   5.0 450.0                            LAT/LON1/LON2/DLON/H
  127  139  143  156  164  179  185  189  190  187  182  178  175  175  176  178
  180  182  183  184  184  184  185  187  190  193  197  201  205  208  211  212
  212  210  207  204  202  202  203  205  207  209  210  210  209  209  208  209
  211  213  215  215  215  213  209  205  201  196  192  187  182  176  170  164
  157  151  147  142  139  136  136  136  127                                   
    45.0-180.0 180.0   5.0 450.0                            LAT/LON1/LON2/DLON/H
  131  143  147  160  169  185  192  197  198  196  190  184  180  179  180  183
  187  190  192  192  192  191  192  195  199  205  210  215  218  220  221  221
  220  218  215  212  212  213  215  217  219  221  221  221  220  219  219  220
  222  224  226  226  226  224  221  217  212  207  202  197  192  185  179  173
  166  161  157  152  149  143  142  143  131                                   
    42.5-180.0 180.0   5.0 450.0                            LAT/LON1/LON2/DLON/H
  138  148  152  164  174  190  199  206  209  207  200  194  189  187  188  192
  197  201  204  204  203  202  203  206  212  219  226  230  232  233  233  232
  230  227  225  224  225  227  230  232  234  234  233  233  232  231  231  232
  234  235  237  237  236  235  232  228  223  218  213  208  203  196  190  184
  178  174  170  166  161  154  152  152  138                                   
    40.0-180.0 180.0   5.0 450.0                            LAT/LON1/LON2/DLON/H
  146  153  156  167  178  194  205  214  219  219  213  207  201  198  199  204
  210  215  218  219  218  216  217  221  228  236  244  248  249  249  248  247
  246  244  243  244  246  249  252  253  252  251  249  247  245  244  244  245
  247  248  249  248  247  245  242  238  234  229  225  220  214  208  202  196
  190  187  184  180  174  166  163  161  146                                   
    37.5-180.0 180.0   5.0 450.0                            LAT/LON1/LON2/DLON/H
  154  158  160  169  179  195  207  218  227  230  227  222  216  213  214  218
  224  230  234  235  234  232  232  237  245  255  263  268  269  269  270  271
  271  272  272  274  277  280  282  280  276  272  268  265  262  261  260  261
  261  261  261  259  257  255  251  247  243  239  235  231  226  220  214  208
  202  200  196  193  186  177  173  170  154                                   
    35.0-180.0 180.0   5.0 450.0                            LAT/LON1/LON2/DLON/H
  160  162  162  169  179  193  207  220  231  238  238  235  231  228  229  233
  239  245  250  251  249  247  248  253  263  274  284  290  293  296  300  305
  309  312  314  316  318  319  318  313  305  298  291  286  283  280  278  277
  276  274  272  269  265  262  258  254  250  246  243  240  236  230  223  217
  211  209  205  202  195  185  180  176  160                                   
    32.5-180.0 180.0   5.0 450.0                            LAT/LON1/LON2/DLON/H
  165  165  163  169  177  191  205  218  232  242  246  247  245  243  244  248
  253  259  263  264  263  261  262  268  279  292  304  313  320  327  337  348
  357  362  364  364  364  362  357  348  337  326  317  310  305  301  297  293
  289  285  280  275  270  265  261  256  252  250  248  246  242  236  229  222
  216  213  210  207  200  190  185  181  165                                   
    30.0-180.0 180.0   5.0 450.0                            LAT/LON1/LON2/DLON/H
  170  167  164  169  177  190  203  216  230  242  249  254  255  256  258  261
  265  270  273  274  273  272  273  280  292  307  322  335  348  362  378  395
  408  414  414  411  407  401  392  380  366  352  342  334  327  320  313  305
  298  290  282  275  268  263  258  254  250  248  247  246  243  238  230  223
  216  213  210  207  201  192  187  183  170                                   
    27.5-180.0 180.0   5.0 450.0                            LAT/LON1/LON2/DLON/H
  173  170  166  171  179  191  203  215  227  240  250  257  262  266  269  272
  275  278  280  282  281  281  282  289  302  319  338  356  374  395  418  439
  454  458  455  447  438  429  417  402  387  373  362  353  345  335  324  312
  300  289  278  268  260  254  249  246  243  242  241  241  238  233  226  218
  211  209  205  204  198  192  186  184  173                                   
    25.0-180.0 180.0   5.0 450.0                            LAT/LON1/LON2/DLON/H
  175  172  169  175  182  194  205  214  225  237  248  259  267  273  278  281
  283  285  287  288  289  288  290  297  310  329  350  373  396  422  449  473
  487  489  480  466  452  439  426  411  396  383  373  365  356  343  328  312
  296  281  267  256  247  241  237  234  232  231  231  230  228  223  217  209
  203  201  197  197  193  189  184  183  175                                   
    22.5-180.0 180.0   5.0 450.0                            LAT/LON1/LON2/DLON/H
  174  173  171  177  186  197  207  215  224  236  247  260  271  280  286  290
  292  293  294  296  296  296  297  303  316  336  360  386  413  442  470  493
  505  503  489  469  450  434  420  406  394  384  376  369  360  346  327  307
  287  269  253  240  231  225  222  220  219  218  217  216  214  209  204  198
  192  190  187  188  185  184  180  181  174                                   
    20.0-180.0 180.0   5.0 450.0                            LAT/LON1/LON2/DLON/H
  171  171  170  177  186  198  208  215  223  235  247  262  276  287  295  301
  303  304  305  306  306  305  305  309  321  342  368  397  425  454  481  501
  509  503  484  460  438  420  406  395  385  379  374  369  360  345  324  300
  277  256  239  226  217  212  210  209  208  206  205  202  199  195  190  185
  180  179  176  177  176  176  173  176  171                                   
    17.5-180.0 180.0   5.0 450.0                            LAT/LON1/LON2/DLON/H
  163  165  165  172  182  195  206  213  221  233  248  265  281  295  306  313
  316  318  319  320  319  316  313  316  327  349  376  405  434  460  483  499
  503  493  470  444  420  402  390  382  377  375  373  369  360  343  321  295
  271  249  231  217  208  204  202  201  200  198  195  191  186  182  178  173
  169  168  166  166  166  167  165  168  163                                   
    15.0-180.0 180.0   5.0 450.0                            LAT/LON1/LON2/DLON/H
  152  155  154  161  171  184  197  206  216  231  247  267  286  302  315  325
  330  333  335  335  333  328  323  324  335  356  384  414  440  463  481  492
  491  478  454  427  404  389  381  377  375  376  376  372  362  344  320  295
  270  248  230  217  207  203  201  200  199  195  190  184  178  172  168  163
  159  158  156  156  156  157  154  158  152                                   
    12.5-180.0 180.0   5.0 450.0                            LAT/LON1/LON2/DLON/H
  138  141  140  145  154  168  183  194  208  225  245  267  287  306  322  335
  343  348  350  350  346  340  333  333  344  366  394  423  448  466  478  484
  479  464  441  417  397  385  381  380  381  383  382  377  365  347  323  299
  275  255  238  224  215  209  206  204  202  198  190  182  173  166  161  157
  152  150  148  148  147  146  143  145  138                                   
    10.0-180.0 180.0   5.0 450.0                            LAT/LON1/LON2/DLON/H
  124  126  123  126  133  147  165  179  197  217  239  263  285  306  324  339
  351  358  362  362  358  350  343  343  355  377  406  434  456  471  478  478
  471  456  436  416  400  393  391  393  394  394  391  383  369  350  328  305
  285  266  250  237  227  219  214  211  208  203  194  184  173  165  158  153
  147  145  142  141  139  137  132  133  124                                   
     7.5-180.0 180.0   5.0 450.0                            LAT/LON1/LON2/DLON/H
  114  112  107  109  114  126  145  162  183  206  230  255  278  299  320  338
  352  362  368  369  366  359  353  355  367  390  419  446  466  477  480  478
