data/edconvlstm_nd/pred2230.15i
     1.0            IONOSPHERE MAPS     GNSS                IONEX VERSION / TYPE
pyspatialgeodesy        IME             05-JAN-18 20:20     PGM / RUN BY / DATE 
Map Name                                                    COMMENT             
Predicted global ionosphere maps (GIM).                     DESCRIPTION         
  2015     8    11     0     0     0                        EPOCH OF FIRST MAP  
  2015     8    12     0     0     0                        EPOCH OF LAST MAP   
  7200                                                      INTERVAL            
    13                                                      # OF MAPS IN FILE   
  NONE                                                      MAPPING FUNCTION    
10.0                                                        ELEVATION CUTOFF    
One-way carrier phase leveled to code                       OBSERVABLES USED    
  6371.0                                                    BASE RADIUS         
 2                                                          MAP DIMENSION       
   450.0 450.0   0.0                                        HGT1 / HGT2 / DHGT  
    87.5 -87.5  -2.5                                        LAT1 / LAT2 / DLAT  
  -180.0 180.0   5.0                                        LON1 / LON2 / DLON  
    -1                                                      EXPONENT            
                                                            END OF HEADER       
[from data line 3003]
     8                                                      START OF TEC MAP    
  2015     8    11    14     0     0                        EPOCH OF CURRENT MAP
    87.5-180.0 180.0   5.0 450.0                            LAT/LON1/LON2/DLON/H
  121  125  121  126  128  128  127  126  127  129  129  130  130  131  132  133
  133  134  134  135  135  135  136  136  136  135  135  135  135  134  134  133
  133  132  132  131  131  130  130  130  129  129  129  129  129  130  130  130
  130  130  131  131  131  131  131  131  130  130  130  130  129  129  128  127
  127  127  125  122  127  122  132  129  121                                   
    85.0-180.0 180.0   5.0 450.0                            LAT/LON1/LON2/DLON/H
  118  121  131  123  124  128  128  129  131  133  133  134  135  136  137  138
  139  140  140  141  141  141  141  141  141  141  141  140  140  139  139  138
  137  136  135  134  133  133  132  132  131  131  131  131  131  132  132  133
  133  134  134  135  135  136  136  136  136  136  135  135  134  134  133  133
  133  132  127  123  121  118  123  124  118                                   
    82.5-180.0 180.0   5.0 450.0                            LAT/LON1/LON2/DLON/H
  105  114  117  112  113  117  120  122  122  125  125  128  129  130  132  133
  134  135  137  138  138  139  139  140  140  140  139  139  138  138  137  136
  135  134  132  131  130  129  128  127  126  126  126  126  127  127  128  129
  130  131  132  133  134  134  134  134  134  134  134  133  132  131  129  128
  127  126  120  118  115  119  113  108  105                                   
    80.0-180.0 180.0   5.0 450.0                            LAT/LON1/LON2/DLON/H
   96  100  106  105  104  105  108  112  114  117  118  120  122  124  126  128
  130  131  133  134  135  136  136  137  137  137  137  136  136  135  134  133
  131  130  128  126  124  122  121  120  119  118  118  119  120  121  122  124
  125  127  128  129  130  131  131  132  131  131  130  129  128  126  124  123
  121  119  115  112  106  106  106  104   96                                   
    77.5-180.0 180.0   5.0 450.0                            LAT/LON1/LON2/DLON/H
   98   97  100  100  100  102  103  107  109  111  111  114  116  119  121  123
  126  128  130  132  133  134  135  136  137  137  137  137  136  136  135  134
  132  130  128  126  124  122  119  118  117  116  116  117  118  120  122  124
  126  128  129  131  132  133  133  133  132  131  130  128  126  124  122  119
  117  114  110  108  105  100  100  102   98                                   
    75.0-180.0 180.0   5.0 450.0                            LAT/LON1/LON2/DLON/H
   93   95   94   96   97  100  101  103  105  108  108  110  112  115  117  120
  122  125  127  129  131  133  134  135  136  137  137  137  138  137  137  136
  135  134  131  129  126  124  121  119  118  117  117  118  119  121  123  125
  127  129  131  132  133  134  134  133  132  131  130  128  126  123  121  118
  115  111  108  103  101   97   98   91   93                                   
    72.5-180.0 180.0   5.0 450.0                            LAT/LON1/LON2/DLON/H
   90   92   91   96   95   98  100  102  103  104  104  107  108  111  113  116
  118  121  124  126  129  131  132  133  134  135  135  136  137  137  137  137
  137  136  134  132  129  126  124  121  120  119  119  120  121  123  125  127
  129  131  132  133  133  133  132  131  130  129  127  125  123  121  118  115
  111  107  104   99   96   94   94   92   90                                   
    70.0-180.0 180.0   5.0 450.0                            LAT/LON1/LON2/DLON/H
   90   90   90   93   93   96   97   99  100  101  101  103  104  106  109  111
  114  117  120  122  125  127  128  129  130  131  132  133  134  135  136  137
  138  138  137  135  132  130  127  125  123  122  122  123  124  126  127  129
  130  131  131  131  130  129  128  127  125  124  123  121  119  117  114  112
  108  103  100   95   93   91   93   91   90                                   
    67.5-180.0 180.0   5.0 450.0                            LAT/LON1/LON2/DLON/H
   88   89   90   93   94   96   97   99  100  101  101  102  104  106  108  111
  113  116  119  122  124  126  127  128  129  129  129  130  131  133  135  137
  139  139  139  138  136  134  131  129  128  127  127  128  129  130  131  131
  131  131  130  129  128  126  124  122  121  120  119  118  117  115  113  110
  106  101   97   92   88   87   88   86   88                                   
    65.0-180.0 180.0   5.0 450.0                            LAT/LON1/LON2/DLON/H
   85   86   86   90   90   93   94   96   97   99   99  101  103  105  107  110
  113  115  118  120  122  124  125  126  126  126  126  127  128  131  134  137
  140  141  142  142  140  138  136  135  134  134  134  135  135  136  135  134
  133  131  129  127  125  122  120  118  117  116  116  116  115  113  111  108
  104   99   94   89   86   84   86   85   85                                   
    62.5-180.0 180.0   5.0 450.0                            LAT/LON1/LON2/DLON/H
   79   81   81   84   84   88   89   92   93   95   96   99  101  104  107  110
  113  116  118  119  121  122  123  124  124  123  123  124  126  128  132  136
  140  143  144  144  143  142  140  139  139  140  141  142  142  141  139  137
  134  131  128  125  122  119  117  115  114  114  114  114  113  112  109  106
  101   95   91   85   81   79   81   80   79                                   
    60.0-180.0 180.0   5.0 450.0                            LAT/LON1/LON2/DLON/H
   73   74   73   76   76   80   82   84   86   89   91   95   98  102  106  110
  113  115  116  118  119  120  120  121  121  121  120  121  123  127  132  137
  141  145  147  147  146  145  144  144  145  146  148  148  148  146  143  140
  136  132  128  124  121  118  115  114  113  113  114  114  113  111  108  103
   98   91   86   80   76   74   75   74   73                                   
    57.5-180.0 180.0   5.0 450.0                            LAT/LON1/LON2/DLON/H
   67   67   66   69   69   72   74   77   80   82   85   89   94   99  104  109
  112  114  115  116  117  117  119  119  120  120  120  121  124  128  133  139
  145  149  151  152  151  150  150  151  152  154  156  157  156  153  149  144
  139  135  131  127  124  121  119  118  117  117  117  117  116  113  108  103
   96   89   83   77   72   69   71   71   67                                   
    55.0-180.0 180.0   5.0 450.0                            LAT/LON1/LON2/DLON/H
   64   62   62   64   62   65   68   71   73   76   79   84   89   95  101  107
  111  113  114  114  114  115  117  118  120  120  121  122  126  130  137  143
  149  154  156  157  157  156  156  158  160  163  164  165  163  159  155  149
  144  140  136  133  130  128  126  125  124  124  123  122  120  115  110  103
   96   88   82   76   71   68   69   69   64                                   
    52.5-180.0 180.0   5.0 450.0                            LAT/LON1/LON2/DLON/H
   64   61   61   62   60   63   65   67   69   72   74   79   84   91   98  104
  109  111  112  112  112  114  116  119  121  122  123  125  129  134  141  148
  155  160  162  163  163  163  164  166  168  171  172  172  170  165  160  155
  150  146  143  140  139  137  136  134  134  133  131  129  125  119  113  106
   98   91   85   78   74   70   71   71   64                                   
    50.0-180.0 180.0   5.0 450.0                            LAT/LON1/LON2/DLON/H
   68   65   64   65   62   64   66   68   69   71   73   76   81   88   95  102
  107  109  110  111  112  114  117  121  123  125  127  130  134  139  146  153
  160  166  169  171  172  172  173  175  177  179  180  179  175  171  166  161
  157  154  151  150  148  147  146  145  144  142  140  136  131  124  117  110
  103   96   91   85   80   76   77   77   68                                   
    47.5-180.0 180.0   5.0 450.0                            LAT/LON1/LON2/DLON/H
   75   72   73   73   69   71   72   73   74   75   75   78   82   88   95  101
  106  109  110  111  113  116  120  124  128  131  133  135  139  144  151  158
  165  172  176  180  182  183  184  185  187  187  187  185  181  176  172  167
  164  162  160  159  158  157  156  155  153  151  147  143  137  130  122  115
  109  103   99   94   90   86   86   85   75                                   
    45.0-180.0 180.0   5.0 450.0                            LAT/LON1/LON2/DLON/H
   84   83   84   84   79   80   81   82   82   82   82   84   87   92   97  103
  108  111  113  114  116  120  125  130  134  137  139  141  144  149  155  162
  170  178  185  190  194  196  197  198  198  197  195  191  187  182  178  175
  172  170  169  167  166  165  164  163  161  158  154  148  142  135  128  122
  117  112  109  105  101   97   97   95   84                                   
    42.5-180.0 180.0   5.0 450.0                            LAT/LON1/LON2/DLON/H
   92   94   95   95   90   91   91   92   92   93   93   94   97  100  105  109
  113  116  118  120  123  127  132  137  141  144  146  147  150  154  160  167
  176  186  195  203  209  212  213  213  211  209  205  200  195  190  186  184
  181  179  177  175  173  172  171  169  167  163  159  153  147  140  134  129
  124  121  119  115  111  108  107  104   92                                   
    40.0-180.0 180.0   5.0 450.0                            LAT/LON1/LON2/DLON/H
   99  104  105  105  100  100  100  101  101  103  104  107  109  112  115  119
  122  124  126  128  131  136  141  145  149  151  153  154  156  159  165  174
  185  197  210  221  229  233  233  232  228  224  219  213  207  202  198  195
  192  188  185  182  179  177  176  174  171  167  162  157  151  145  139  135
  132  129  127  123  118  116  115  111   99                                   
    37.5-180.0 180.0   5.0 450.0                            LAT/LON1/LON2/DLON/H
  102  109  111  110  106  106  106  106  108  112  115  119  123  126  129  131
  133  135  137  139  142  146  150  154  157  159  160  161  163  167  174  184
  197  213  229  243  253  257  257  254  249  244  237  230  223  217  213  209
  205  200  194  190  186  183  181  178  175  171  166  161  155  150  145  142
  138  135  132  128  123  120  119  114  102                                   
    35.0-180.0 180.0   5.0 450.0                            LAT/LON1/LON2/DLON/H
  103  111  113  112  108  107  107  108  111  116  122  129  135  140  143  145
  147  148  149  151  153  156  159  162  164  165  167  169  172  178  187  199
  216  234  253  270  281  285  285  280  274  268  260  253  245  238  233  227
  221  214  207  200  195  191  188  184  180  176  170  165  160  155  151  148
  144  140  136  131  125  122  120  114  103                                   
    32.5-180.0 180.0   5.0 450.0                            LAT/LON1/LON2/DLON/H
  102  110  112  109  105  104  104  105  109  116  125  136  145  152  156  159
  161  162  163  164  165  167  168  169  170  172  174  178  183  192  204  220
  239  261  283  300  312  316  314  309  302  296  288  280  272  264  256  249
  240  231  222  214  207  202  197  192  187  181  176  170  165  161  157  154
  149  145  139  133  126  122  120  114  102                                   
    30.0-180.0 180.0   5.0 450.0                            LAT/LON1/LON2/DLON/H
  101  108  109  106  101  100   99   99  103  112  124  137  150  160  167  171
  174  175  176  176  177  177  176  176  176  179  183  189  197  209  225  245
  267  292  314  332  343  346  343  338  332  326  319  311  302  292  283  273
  263  251  240  231  223  216  209  203  196  189  182  176  172  168  164  161
  155  150  143  136  128  124  121  114  101                                   
    27.5-180.0 180.0   5.0 450.0                            LAT/LON1/LON2/DLON/H
  102  108  108  103   98   96   94   93   97  106  119  134  150  164  174  181
  185  187  188  188  187  186  184  182  183  186  192  202  214  230  249  272
  297  323  346  363  372  374  370  365  360  355  349  342  332  322  310  299
  287  274  262  251  242  233  224  215  206  197  189  182  177  174  171  167
  162  156  148  140  133  129  125  118  102                                   
    25.0-180.0 180.0   5.0 450.0                            LAT/LON1/LON2/DLON/H
  106  110  110  103   97   95   92   89   92   99  112  129  148  164  178  188
  194  197  198  198  197  194  191  189  190  195  204  216  232  252  275  300
  326  352  373  389  396  397  393  388  384  380  376  369  360  348  336  323
  310  298  285  273  262  250  239  228  216  205  195  188  182  178  176  174
  168  163  154  148  141  137  133  125  106                                   
    22.5-180.0 180.0   5.0 450.0                            LAT/LON1/LON2/DLON/H
  113  116  114  106  100   98   94   89   90   95  107  123  143  162  179  192
  200  205  207  206  205  202  198  197  199  206  218  233  252  275  299  326
  352  376  395  408  414  413  410  406  403  401  397  391  382  370  358  345
  333  320  307  294  280  267  253  239  225  212  200  191  185  181  180  179
  174  170  163  157  152  148  144  136  113                                   
    20.0-180.0 180.0   5.0 450.0                            LAT/LON1/LON2/DLON/H
  122  124  121  113  106  103   99   93   91   94  103  119  138  159  179  194
  205  211  213  213  211  209  206  206  210  219  233  252  273  297  322  348
  372  393  410  420  424  424  421  418  417  416  413  408  399  387  375  363
  351  339  326  311  295  279  263  247  232  217  204  193  186  182  182  182
  179  177  171  167  164  160  156  148  122                                   
    17.5-180.0 180.0   5.0 450.0                            LAT/LON1/LON2/DLON/H
  131  134  129  121  114  111  106  100   96   97  103  116  135  156  178  196
  208  215  218  218  217  215  214  216  223  234  251  272  294  318  342  365
  386  404  418  426  429  430  428  427  427  427  425  419  411  400  388  377
  367  355  341  325  306  287  269  252  236  220  205  193  185  182  182  184
  183  182  179  176  174  171  167  158  131                                   
    15.0-180.0 180.0   5.0 450.0                            LAT/LON1/LON2/DLON/H
  140  142  135  128  121  118  113  107  103  102  105  116  133  155  177  197
  211  219  222  222  222  221  223  228  237  252  271  292  315  338  359  379
  396  410  421  428  431  433  433  435  436  435  433  427  419  408  398  388
  378  366  352  333  312  291  272  254  239  223  207  193  185  181  182  185
  185  185  184  182  182  178  175  166  140                                   
    12.5-180.0 180.0   5.0 450.0                            LAT/LON1/LON2/DLON/H
  146  147  140  133  126  122  118  112  108  106  109  118  134  155  178  198
  213  221  225  226  226  228  232  240  252  269  290  313  335  356  374  390
  403  414  422  427  432  435  438  441  443  442  439  433  424  414  404  394
  385  373  357  337  314  292  272  256  241  225  209  194  185  181  182  185
  185  186  186  185  185  181  177  169  146                                   
    10.0-180.0 180.0   5.0 450.0                            LAT/LON1/LON2/DLON/H
  150  150  142  135  127  123  119  114  111  110  112  120  135  156  178  199
  214  223  227  229  231  235  241  252  268  287  309  332  354  372  387  399
  409  416  422  427  432  437  442  446  448  447  442  435  425  415  405  396
  386  374  357  336  312  290  271  256  242  227  210  195  185  181  182  184
  184  185  185  185  184  180  176  168  150                                   
     7.5-180.0 180.0   5.0 450.0                            LAT/LON1/LON2/DLON/H
  151  149  141  135  126  120  116  112  110  110  113  122  136  156  178  198
  214  224  229  232  236  242  251  264  282  303  327  349  370  386  399  408
