data/edconvlstm_nd/pred2310.15i
     1.0            IONOSPHERE MAPS     GNSS                IONEX VERSION / TYPE
pyspatialgeodesy        IME             05-JAN-18 20:20     PGM / RUN BY / DATE 
Map Name                                                    COMMENT             
Predicted global ionosphere maps (GIM).                     DESCRIPTION         
  2015     8    19     0     0     0                        EPOCH OF FIRST MAP  
  2015     8    20     0     0     0                        EPOCH OF LAST MAP   
  7200                                                      INTERVAL            
    13                                                      # OF MAPS IN FILE   
  NONE                                                      MAPPING FUNCTION    
10.0                                                        ELEVATION CUTOFF    
One-way carrier phase leveled to code                       OBSERVABLES USED    
  6371.0                                                    BASE RADIUS         
 2                                                          MAP DIMENSION       
   450.0 450.0   0.0                                        HGT1 / HGT2 / DHGT  
    87.5 -87.5  -2.5                                        LAT1 / LAT2 / DLAT  
  -180.0 180.0   5.0                                        LON1 / LON2 / DLON  
    -1                                                      EXPONENT            
                                                            END OF HEADER       
[from data line 3861]
    10                                                      START OF TEC MAP    
  2015     8    19    18     0     0                        EPOCH OF CURRENT MAP
    87.5-180.0 180.0   5.0 450.0                            LAT/LON1/LON2/DLON/H
  122  124  119  125  128  126  125  123  124  126  125  125  125  125  126  125
  125  125  125  124  124  123  122  121  121  120  119  118  117  116  115  114
  114  114  113  113  113  113  113  114  114  114  115  115  116  116  117  117
  117  118  118  118  118  118  119  119  119  119  119  119  119  119  119  119
  119  120  118  116  124  121  133  128  122                                   
    85.0-180.0 180.0   5.0 450.0                            LAT/LON1/LON2/DLON/H
  128  126  136  124  123  127  127  129  129  131  130  131  132  132  132  133
  133  132  132  131  131  130  129  128  126  125  124  123  121  120  119  118
  117  117  117  116  117  117  117  118  118  119  119  120  120  121  121  122
  122  123  123  123  123  123  123  123  123  123  123  123  122  122  122  122
  123  123  119  116  118  117  121  120  128                                   
    82.5-180.0 180.0   5.0 450.0                            LAT/LON1/LON2/DLON/H
  113  117  119  114  115  119  122  123  123  125  125  127  127  128  129  129
  130  130  129  129  128  127  126  125  123  121  119  117  115  114  112  111
  110  109  109  109  109  110  111  111  112  113  114  115  116  116  117  117
  118  118  118  119  119  118  118  118  117  117  117  116  116  115  115  114
  115  114  111  111  112  120  112  109  113                                   
    80.0-180.0 180.0   5.0 450.0                            LAT/LON1/LON2/DLON/H
  100  102  109  106  106  106  111  114  116  119  120  122  123  124  125  126
  127  127  127  127  126  125  124  122  120  117  115  112  109  106  104  102
  101  100   99   99  100  100  101  102  104  105  106  107  107  108  109  109
  109  110  110  110  110  109  109  108  108  107  106  106  105  104  104  104
  104  104  103  104  100  102  100  102  100                                   
    77.5-180.0 180.0   5.0 450.0                            LAT/LON1/LON2/DLON/H
  101   98  102  100  102  104  108  111  112  115  115  118  120  121  122  124
  125  125  126  126  127  126  126  124  122  119  116  113  109  106  102  100
   98   96   96   96   96   97   98   99  100  101  102  102  103  103  103  104
  104  104  104  104  103  103  102  101  100   99   98   97   96   95   95   95
   95   95   96   97   97   95   96   99  101                                   
    75.0-180.0 180.0   5.0 450.0                            LAT/LON1/LON2/DLON/H
   94   95   95   95   98  101  104  106  109  112  113  115  117  118  119  120
  121  122  124  125  126  127  128  127  126  124  121  117  113  109  105  102
  100   98   97   97   97   98   99   99  100  100  100  100  100   99   99   98
   98   97   97   97   97   96   95   94   93   92   90   89   88   88   88   88
   89   91   92   92   92   91   90   85   94                                   
    72.5-180.0 180.0   5.0 450.0                            LAT/LON1/LON2/DLON/H
   90   91   92   95   96   99  102  104  105  107  108  110  111  111  112  113
  114  115  117  120  123  126  128  128  128  126  123  119  115  111  107  103
  100   98   97   97   97   97   97   97   97   96   95   93   92   90   89   88
   87   86   86   86   86   85   84   83   82   80   78   77   76   76   76   77
   78   80   83   82   83   85   87   87   90                                   
    70.0-180.0 180.0   5.0 450.0                            LAT/LON1/LON2/DLON/H
   89   90   90   92   93   95   97  100  102  105  105  107  106  106  105  105
  106  107  110  114  119  123  127  129  130  129  126  123  119  115  111  108
  105  103  101  101  100  100   99   98   97   95   92   89   86   84   81   79
   78   77   77   77   77   76   76   74   73   71   69   68   67   66   67   69
   70   72   76   77   80   83   87   87   89                                   
    67.5-180.0 180.0   5.0 450.0                            LAT/LON1/LON2/DLON/H
   87   90   91   94   96   98  101  104  106  108  108  109  108  107  105  104
  104  105  108  113  119  124  129  132  133  133  130  127  123  120  116  113
  111  109  107  106  105  104  103  101   99   96   92   88   83   79   76   73
   72   71   71   71   71   70   70   68   67   65   63   61   60   60   60   62
   64   66   69   70   73   78   82   82   87                                   
    65.0-180.0 180.0   5.0 450.0                            LAT/LON1/LON2/DLON/H
   83   88   89   93   95   97  100  103  106  109  110  110  109  107  105  102
  102  103  106  111  117  124  129  133  134  134  132  130  127  124  121  119
  117  115  114  112  111  109  108  105  102   98   93   87   82   77   73   69
   67   66   65   65   64   64   63   62   60   58   56   54   53   53   53   55
   57   59   62   64   68   75   80   80   83                                   
    62.5-180.0 180.0   5.0 450.0                            LAT/LON1/LON2/DLON/H
   78   85   87   91   94   98  101  105  108  111  112  114  113  111  108  106
  105  106  109  114  120  126  131  134  135  134  133  131  129  127  126  124
  123  121  119  117  116  114  112  109  105  101   95   89   83   77   72   68
   65   62   61   60   59   59   58   56   54   53   51   49   48   47   48   48
   50   52   55   56   60   67   73   73   78                                   
    60.0-180.0 180.0   5.0 450.0                            LAT/LON1/LON2/DLON/H
   72   81   84   89   92   96  100  103  107  111  113  116  116  115  113  111
  110  111  113  117  123  128  131  134  134  133  131  130  130  130  130  130
  129  127  125  122  120  118  116  113  110  105   99   93   86   79   74   69
   64   61   59   57   55   54   53   51   50   48   47   45   44   43   43   43
   44   45   47   48   52   60   66   67   72                                   
    57.5-180.0 180.0   5.0 450.0                            LAT/LON1/LON2/DLON/H
   66   76   80   86   91   95   99  102  106  110  113  117  119  120  120  119
  118  118  120  124  127  131  133  133  133  132  131  131  132  134  136  136
  135  133  130  128  126  124  122  120  116  112  106   99   92   85   79   73
   67   63   59   56   53   51   50   49   48   47   46   45   43   42   41   41
   40   41   42   42   47   53   60   61   66                                   
    55.0-180.0 180.0   5.0 450.0                            LAT/LON1/LON2/DLON/H
   62   74   79   85   90   95   98  101  104  107  111  116  120  123  125  126
  126  126  127  129  131  133  133  132  131  130  130  132  135  139  141  142
  141  138  135  132  131  129  128  126  123  119  113  106   99   92   85   78
   72   66   60   56   52   50   48   47   47   47   47   46   45   44   42   41
   40   39   40   39   43   49   56   58   62                                   
    52.5-180.0 180.0   5.0 450.0                            LAT/LON1/LON2/DLON/H
   60   72   79   86   91   96   99  101  103  106  109  114  119  124  128  131
  132  132  133  133  133  133  132  131  129  129  131  134  139  143  146  147
  146  143  139  137  135  135  135  134  131  127  121  114  107   99   92   84
   77   70   63   57   53   50   48   48   49   50   50   50   49   48   46   45
   43   42   41   40   43   49   55   57   60                                   
    50.0-180.0 180.0   5.0 450.0                            LAT/LON1/LON2/DLON/H
   62   74   81   89   94   99  103  104  105  106  109  114  119  125  130  134
  136  137  136  135  134  133  132  130  129  130  133  137  143  148  151  151
  149  145  142  140  140  141  142  142  139  134  128  121  114  106   99   91
   82   74   67   60   55   52   51   52   53   55   57   57   56   55   53   51
   49   48   47   45   47   51   57   60   62                                   
    47.5-180.0 180.0   5.0 450.0                            LAT/LON1/LON2/DLON/H
   67   78   85   93   98  105  109  110  110  111  112  116  121  127  133  137
  140  140  138  136  135  133  132  131  131  133  137  142  148  152  154  154
  151  147  144  144  145  148  150  150  147  142  135  128  120  113  105   97
   88   80   72   65   60   57   56   58   60   63   65   66   65   63   61   59
   57   56   55   52   53   57   62   65   67                                   
    45.0-180.0 180.0   5.0 450.0                            LAT/LON1/LON2/DLON/H
   74   84   90   99  104  112  117  120  120  121  121  124  128  133  138  141
  143  142  140  138  136  134  134  134  135  138  142  147  152  155  156  155
  152  149  147  148  151  155  158  158  154  149  142  134  126  119  111  103
   94   86   78   71   66   64   64   66   69   72   75   76   75   73   71   69
   67   65   64   61   61   64   69   71   74                                   
    42.5-180.0 180.0   5.0 450.0                            LAT/LON1/LON2/DLON/H
   81   90   95  105  111  119  127  132  134  136  136  137  139  142  145  148
  148  146  143  140  139  138  139  140  142  145  149  154  157  159  159  157
  154  153  153  155  159  164  166  166  162  155  147  139  132  124  117  109
  100   92   85   78   74   72   72   74   78   81   84   85   84   82   80   78
   76   74   73   69   69   70   74   76   81                                   
    40.0-180.0 180.0   5.0 450.0                            LAT/LON1/LON2/DLON/H
   86   95  100  110  117  127  136  144  149  153  154  155  155  156  157  157
  155  152  149  146  145  145  147  149  151  154  158  161  163  163  163  162
  161  161  162  166  170  174  176  174  169  162  153  145  137  129  122  114
  106   98   91   86   82   80   80   82   85   88   91   92   91   89   87   85
   83   81   79   76   74   75   77   79   86                                   
    37.5-180.0 180.0   5.0 450.0                            LAT/LON1/LON2/DLON/H
   90   98  103  114  122  133  144  155  164  170  173  174  173  172  170  168
  165  161  157  154  154  155  157  159  161  164  167  169  171  171  172  173
  174  176  179  182  185  187  187  183  177  168  159  151  143  134  126  118
  111  103   97   92   88   86   86   88   90   93   95   96   96   95   93   91
   88   86   84   80   77   77   78   79   90                                   
    35.0-180.0 180.0   5.0 450.0                            LAT/LON1/LON2/DLON/H
   91  100  105  116  125  137  150  163  175  184  189  191  190  187  184  180
  176  171  168  165  165  167  169  170  172  174  177  180  183  185  188  192
  196  200  202  203  204  202  199  192  184  175  166  157  148  139  130  121
  113  107  101   96   92   90   90   91   92   94   96   98   98   98   97   95
   92   89   86   81   77   77   78   79   91                                   
    32.5-180.0 180.0   5.0 450.0                            LAT/LON1/LON2/DLON/H
   91  101  108  118  127  140  153  168  182  193  201  205  204  201  196  192
  187  183  179  178  178  179  181  182  183  186  190  196  201  207  214  221
  228  232  233  230  226  219  211  202  192  181  172  162  152  142  132  123
  114  107  102   97   94   92   90   90   91   93   95   97   99   99   99   98
   94   91   87   82   77   76   77   78   91                                   
    30.0-180.0 180.0   5.0 450.0                            LAT/LON1/LON2/DLON/H
   90  103  113  120  131  143  156  170  184  198  207  213  213  210  206  202
  198  194  191  190  191  192  193  193  195  199  207  216  226  236  247  258
  266  270  267  260  249  237  225  212  200  189  178  168  157  145  133  122
  113  106  100   96   92   90   88   88   88   89   92   95   98   99  100   99
   95   92   88   82   78   76   77   79   90                                   
    27.5-180.0 180.0   5.0 450.0                            LAT/LON1/LON2/DLON/H
   91  105  118  125  135  147  159  171  185  198  209  216  218  217  214  210
  207  205  203  203  204  205  205  205  208  216  228  242  257  271  286  299
  307  309  302  289  272  255  238  222  209  196  185  173  160  146  133  121
  111  103   97   93   90   87   85   84   84   85   88   92   96   99  100   99
   96   93   89   84   80   78   79   81   91                                   
    25.0-180.0 180.0   5.0 450.0                            LAT/LON1/LON2/DLON/H
   94  110  124  131  141  153  163  173  184  197  209  217  221  221  220  218
  217  216  215  215  216  218  218  219  225  236  253  272  291  308  325  338
  346  344  333  314  293  272  252  234  218  205  192  179  164  148  132  119
  109  100   94   90   87   84   83   81   81   82   85   90   94   97   99   98
   96   94   91   87   84   82   82   87   94                                   
    22.5-180.0 180.0   5.0 450.0                            LAT/LON1/LON2/DLON/H
  100  116  131  138  148  160  168  175  185  197  208  217  223  225  227  227
  228  227  227  228  230  232  233  236  245  260  280  303  324  343  359  372
  377  372  357  334  310  287  266  247  230  215  201  185  168  150  133  119
  108  100   93   89   86   83   81   80   79   80   83   88   92   96   97   97
   94   94   92   90   89   86   87   93  100                                   
    20.0-180.0 180.0   5.0 450.0                            LAT/LON1/LON2/DLON/H
  107  124  137  145  155  167  175  180  189  199  209  219  227  232  236  239
  241  242  242  243  246  249  252  257  268  286  309  332  354  371  386  396
  398  389  372  348  324  302  281  261  244  227  210  193  174  154  137  122
  111  102   95   90   86   84   83   81   80   81   83   87   91   93   94   94
   92   93   93   92   93   90   91  100  107                                   
    17.5-180.0 180.0   5.0 450.0                            LAT/LON1/LON2/DLON/H
  113  130  142  152  162  174  182  187  195  204  215  225  235  243  249  254
  258  259  260  261  264  268  273  281  294  313  336  358  377  391  402  408
  407  397  379  357  335  315  296  277  259  240  221  201  181  160  142  128
  116  106   98   93   90   88   87   86   85   84   85   87   89   90   91   90
   88   90   91   92   94   92   93  103  113                                   
    15.0-180.0 180.0   5.0 450.0                            LAT/LON1/LON2/DLON/H
  117  134  144  156  168  181  190  196  204  213  224  235  247  257  265  272
  277  279  280  281  285  291  298  307  321  339  360  378  392  402  408  410
  407  396  380  362  345  329  312  294  274  254  233  211  189  168  150  135
  123  112  104   98   95   95   94   93   91   89   88   88   88   88   87   85
   84   86   88   90   93   91   93  104  117                                   
    12.5-180.0 180.0   5.0 450.0                            LAT/LON1/LON2/DLON/H
  117  134  143  157  171  186  198  206  215  225  236  249  261  273  284  292
  298  300  301  303  307  314  322  333  346  363  379  393  401  405  407  406
  401  391  378  364  352  341  327  309  288  266  243  219  196  176  158  143
  130  118  109  103  102  102  102  101   98   95   92   89   87   85   82   80
   79   81   83   85   89   88   90  101  117                                   
    10.0-180.0 180.0   5.0 450.0                            LAT/LON1/LON2/DLON/H
  114  131  140  156  171  188  203  214  226  237  249  263  277  290  302  311
  318  321  322  324  328  336  345  356  369  383  395  403  405  404  402  399
  394  386  376  367  359  350  337  320  298  274  249  225  201  181  163  147
  133  121  112  107  106  107  108  107  104   99   94   90   85   81   78   76
   75   77   78   80   84   84   85   95  114                                   
     7.5-180.0 180.0   5.0 450.0                            LAT/LON1/LON2/DLON/H
  110  126  136  153  169  188  207  221  235  248  261  275  290  304  317  328
  335  338  339  341  346  354  364  375  387  398  405  409  407  403  399  395
