data/edconvlstm_nd/pred2750.15i
     1.0            IONOSPHERE MAPS     GNSS                IONEX VERSION / TYPE
pyspatialgeodesy        IME             05-JAN-18 20:20     PGM / RUN BY / DATE 
Map Name                                                    COMMENT             
Predicted global ionosphere maps (GIM).                     DESCRIPTION         
  2015    10     2     0     0     0                        EPOCH OF FIRST MAP  
  2015    10     3     0     0     0                        EPOCH OF LAST MAP   
  7200                                                      INTERVAL            
    13                                                      # OF MAPS IN FILE   
  NONE                                                      MAPPING FUNCTION    
10.0                                                        ELEVATION CUTOFF    
One-way carrier phase leveled to code                       OBSERVABLES USED    
  6371.0                                                    BASE RADIUS         
 2                                                          MAP DIMENSION       
   450.0 450.0   0.0                                        HGT1 / HGT2 / DHGT  
    87.5 -87.5  -2.5                                        LAT1 / LAT2 / DLAT  
  -180.0 180.0   5.0                                        LON1 / LON2 / DLON  
    -1                                                      EXPONENT            
                                                            END OF HEADER       
[from data line 1287]
     4                                                      START OF TEC MAP    
  2015    10     2     6     0     0                        EPOCH OF CURRENT MAP
    87.5-180.0 180.0   5.0 450.0                            LAT/LON1/LON2/DLON/H
  110  116  114  119  118  118  116  112  113  114  113  114  113  113  112  111
  110  110  109  108  108  107  107  106  106  106  106  106  107  107  107  107
  108  108  108  109  109  109  110  110  111  112  112  113  114  115  115  116
  117  118  118  119  119  119  120  120  120  119  119  119  118  117  116  116
  117  118  115  115  118  120  126  120  110                                   
    85.0-180.0 180.0   5.0 450.0                            LAT/LON1/LON2/DLON/H
  107  122  118  120  120  122  121  120  120  121  120  120  120  119  118  117
  116  115  114  113  112  112  111  111  111  111  111  112  112  113  113  114
  114  115  115  116  117  118  119  120  122  123  125  126  128  130  131  133
  134  135  137  138  139  139  140  140  140  140  139  138  137  136  135  134
  134  134  128  127  123  126  129  125  107                                   
    82.5-180.0 180.0   5.0 450.0                            LAT/LON1/LON2/DLON/H
  111  117  121  114  111  112  112  111  111  112  111  112  111  111  110  108
  107  105  104  102  101  100   99   99   99   99  100  101  101  102  104  105
  106  107  108  110  111  113  115  118  121  124  127  130  134  137  140  143
  146  149  151  153  155  156  157  158  158  157  157  155  154  151  149  147
  145  142  135  132  131  126  121  115  111                                   
    80.0-180.0 180.0   5.0 450.0                            LAT/LON1/LON2/DLON/H
  112  111  109  103  101  100  101  100  102  103  102  104  103  103  102  100
   98   96   93   91   89   87   86   85   85   86   86   88   89   91   93   94
   96   98   99  101  103  106  109  112  117  121  126  132  137  142  147  152
  157  161  165  168  170  172  174  175  175  175  174  172  170  167  163  160
  156  149  143  139  136  131  129  115  112                                   
    77.5-180.0 180.0   5.0 450.0                            LAT/LON1/LON2/DLON/H
  111  103   99   94   88   88   89   89   91   92   92   94   95   94   93   91
   89   86   83   80   77   75   73   72   72   73   75   77   79   82   84   87
   89   91   93   95   98  101  105  109  115  121  129  136  144  151  159  165
  172  177  182  186  190  193  195  196  197  197  196  194  191  187  182  178
  172  164  155  149  143  130  123  116  111                                   
    75.0-180.0 180.0   5.0 450.0                            LAT/LON1/LON2/DLON/H
  107   99   90   85   78   78   77   76   78   79   80   83   83   83   82   80
   78   75   71   68   65   62   60   60   60   61   63   66   69   73   76   79
   81   83   85   86   89   92   96  101  108  116  125  135  145  154  164  172
  180  186  192  197  201  205  207  209  211  211  210  209  206  202  198  193
  185  177  168  156  148  134  126  119  107                                   
    72.5-180.0 180.0   5.0 450.0                            LAT/LON1/LON2/DLON/H
  108   98   88   81   74   73   72   70   72   73   74   76   77   77   77   75
   72   69   66   62   59   56   54   54   54   56   58   62   65   69   73   76
   78   80   81   82   84   87   92   98  106  116  128  140  152  163  174  183
  191  198  204  209  213  216  219  221  222  223  223  221  219  216  212  207
  200  191  183  171  160  143  132  127  108                                   
    70.0-180.0 180.0   5.0 450.0                            LAT/LON1/LON2/DLON/H
  115  100   90   81   72   68   65   63   64   64   65   67   68   68   67   66
   64   61   58   55   53   50   49   48   49   50   53   57   61   65   68   71
   73   74   74   75   76   79   84   92  101  113  127  141  155  168  179  189
  197  204  210  214  217  220  222  224  225  226  226  226  224  221  216  212
  205  197  190  178  167  151  143  138  115                                   
    67.5-180.0 180.0   5.0 450.0                            LAT/LON1/LON2/DLON/H
  115  101   90   81   71   66   62   60   59   59   59   61   61   61   61   60
   59   58   56   54   51   49   48   47   47   48   51   54   57   60   63   65
   66   66   66   66   67   70   75   84   95  109  124  140  155  168  180  190
  197  203  207  210  213  214  216  217  218  219  219  218  216  213  209  205
  199  191  185  174  165  151  144  141  115                                   
    65.0-180.0 180.0   5.0 450.0                            LAT/LON1/LON2/DLON/H
  119  105   94   84   73   67   62   59   58   57   56   58   58   58   58   58
   57   57   56   55   54   52   51   50   49   50   51   53   56   58   60   60
   61   60   59   59   60   64   71   81   94  110  127  144  160  174  185  194
  200  204  207  209  210  211  211  212  213  213  213  213  211  207  202  197
  191  184  178  168  162  151  146  144  119                                   
    62.5-180.0 180.0   5.0 450.0                            LAT/LON1/LON2/DLON/H
  122  108   98   87   76   69   63   59   57   56   55   56   56   56   56   56
   57   58   59   58   58   56   55   53   52   52   52   53   54   55   55   55
   54   54   53   54   56   61   69   81   96  114  133  151  167  180  190  198
  203  206  208  209  209  209  209  209  210  210  210  209  207  203  197  191
  183  175  169  160  155  146  143  142  122                                   
    60.0-180.0 180.0   5.0 450.0                            LAT/LON1/LON2/DLON/H
  124  111  101   90   79   71   64   59   57   55   54   54   54   54   54   55
   57   58   60   60   59   58   57   55   54   53   53   53   52   52   51   49
   48   48   48   50   54   60   70   84  101  120  140  158  174  186  195  201
  206  208  210  211  211  211  210  210  211  211  211  210  207  202  195  187
  178  168  162  153  148  139  137  136  124                                   
    57.5-180.0 180.0   5.0 450.0                            LAT/LON1/LON2/DLON/H
  127  115  105   93   83   74   66   61   58   55   54   53   53   53   53   55
   57   59   60   61   60   59   57   56   55   54   54   53   52   50   48   46
   45   45   46   50   56   64   76   91  110  129  149  168  183  194  202  207
  211  214  217  218  218  218  218  218  218  218  218  216  213  208  200  192
  181  170  162  152  146  137  133  131  127                                   
    55.0-180.0 180.0   5.0 450.0                            LAT/LON1/LON2/DLON/H
  131  120  111   99   89   79   70   63   59   56   54   53   52   52   53   55
   57   59   60   60   59   58   57   56   56   56   56   55   53   50   47   45
   44   45   48   54   62   72   85  101  120  139  159  177  191  201  209  214
  219  223  226  228  230  230  230  229  229  229  228  226  223  217  210  201
  191  179  169  158  151  139  134  130  131                                   
    52.5-180.0 180.0   5.0 450.0                            LAT/LON1/LON2/DLON/H
  139  128  118  107   97   87   77   68   63   58   55   54   53   53   54   55
   57   59   60   60   59   58   58   58   59   60   60   60   58   54   50   47
   46   48   53   61   71   83   97  113  130  149  168  185  199  209  217  223
  228  233  238  241  243  244  243  243  242  241  239  236  232  226  220  212
  203  192  182  171  162  147  140  134  139                                   
    50.0-180.0 180.0   5.0 450.0                            LAT/LON1/LON2/DLON/H
  149  138  129  119  109   98   88   77   70   64   59   57   55   55   56   57
   59   60   61   61   60   60   61   62   64   66   68   67   65   61   57   53
   52   55   61   71   82   95  109  124  141  159  177  193  207  217  225  232
  239  245  251  255  257  257  257  255  254  251  247  243  237  232  226  221
  214  205  197  186  177  161  153  145  149                                   
    47.5-180.0 180.0   5.0 450.0                            LAT/LON1/LON2/DLON/H
  160  150  141  133  124  112  101   89   81   73   67   63   60   59   60   61
   63   64   64   64   64   65   67   69   72   75   77   77   74   70   65   61
   60   63   70   81   94  107  121  135  150  167  185  201  214  225  234  242
  249  257  263  267  269  269  268  265  262  257  251  244  237  231  226  223
  219  215  209  201  192  177  169  160  160                                   
    45.0-180.0 180.0   5.0 450.0                            LAT/LON1/LON2/DLON/H
  170  161  153  147  138  127  116  103   93   84   77   72   68   66   66   67
   68   69   70   71   73   75   77   80   83   85   87   86   84   79   74   69
   67   70   78   90  103  117  131  144  159  175  192  208  222  233  243  252
  260  267  273  276  277  277  275  273  268  262  253  243  233  226  221  219
  218  218  215  210  204  192  184  176  170                                   
    42.5-180.0 180.0   5.0 450.0                            LAT/LON1/LON2/DLON/H
  176  168  161  157  149  138  128  116  106   96   88   82   78   75   74   75
   75   77   79   81   84   88   91   93   95   95   95   94   91   86   81   76
   73   76   83   95  110  124  138  152  166  182  199  216  230  242  252  261
  269  276  281  283  284  284  283  280  276  268  257  244  232  222  216  214
  214  215  216  214  211  203  196  188  176                                   
    40.0-180.0 180.0   5.0 450.0                            LAT/LON1/LON2/DLON/H
  179  170  164  160  153  144  135  125  116  106   98   92   87   84   83   83
   84   86   89   93   98  102  105  106  106  104  102   99   95   90   84   80
   77   79   86   98  113  128  143  158  173  189  207  224  238  250  260  270
  278  284  289  291  293  294  295  295  292  284  272  256  240  227  218  214
  212  212  213  214  213  208  203  195  179                                   
    37.5-180.0 180.0   5.0 450.0                            LAT/LON1/LON2/DLON/H
  178  167  161  156  151  143  136  128  121  113  105  100   95   93   92   92
   94   96  100  106  111  115  118  117  114  110  105  100   96   91   86   81
   78   79   86   98  113  130  147  163  179  197  214  231  246  258  268  278
  287  294  300  304  307  312  317  321  321  315  302  285  266  249  236  227
  220  216  214  213  214  209  206  196  178                                   
    35.0-180.0 180.0   5.0 450.0                            LAT/LON1/LON2/DLON/H
  177  163  154  146  142  134  129  124  120  113  107  104  101   99  100  101
  103  106  111  116  122  126  127  124  120  113  106  100   95   90   86   81
   79   79   85   96  113  131  150  168  185  204  222  238  252  264  276  286
  297  307  315  323  331  340  351  360  364  361  350  333  313  294  276  261
  246  234  225  219  219  212  209  196  177                                   
    32.5-180.0 180.0   5.0 450.0                            LAT/LON1/LON2/DLON/H
  179  161  148  136  130  122  118  115  113  109  105  103  102  103  105  108
  111  114  119  124  128  131  131  128  122  115  107  100   95   90   85   82
   79   79   84   95  112  131  152  172  191  209  227  244  258  270  283  296
  310  323  336  349  363  379  396  411  421  422  414  399  379  358  337  316
  293  270  253  238  233  222  219  202  179                                   
    30.0-180.0 180.0   5.0 450.0                            LAT/LON1/LON2/DLON/H
  189  165  148  130  122  112  107  104  103  100   99   99  100  103  107  111
  115  119  123  127  130  131  131  128  123  117  109  102   95   90   86   82
   79   79   83   94  111  131  153  174  194  213  231  247  262  275  290  306
  325  344  363  383  404  426  449  471  487  493  489  477  459  438  415  389
  357  325  297  272  260  243  237  217  189                                   
    27.5-180.0 180.0   5.0 450.0                            LAT/LON1/LON2/DLON/H
  209  180  158  136  123  109  101   97   95   93   92   93   96  100  106  112
  116  120  123  125  127  128  128  127  124  120  113  105   98   92   87   83
   80   79   82   93  110  131  154  176  196  215  233  250  265  280  297  318
  342  368  394  420  448  477  506  534  555  566  566  557  542  523  499  470
  433  392  355  319  299  273  265  242  209                                   
    25.0-180.0 180.0   5.0 450.0                            LAT/LON1/LON2/DLON/H
  240  208  180  154  137  118  107   99   95   90   88   89   92   97  103  109
  113  116  118  120  120  121  123  125  126  124  119  110  101   93   88   84
   80   79   82   92  109  131  154  175  196  216  234  251  268  286  307  332
  361  392  424  457  489  523  556  587  612  626  628  622  611  596  575  547
  508  464  420  374  345  313  299  277  240                                   
    22.5-180.0 180.0   5.0 450.0                            LAT/LON1/LON2/DLON/H
  279  246  215  186  164  141  125  113  104   97   92   90   91   95  100  104
  108  110  112  112  113  116  120  126  130  130  125  115  104   95   88   84
   80   79   82   91  108  130  152  174  194  215  234  253  272  293  318  348
  381  416  451  486  520  554  587  617  640  653  658  655  649  640  626  603
  569  527  481  430  394  356  338  319  279                                   
    20.0-180.0 180.0   5.0 450.0                            LAT/LON1/LON2/DLON/H
  323  291  258  229  202  175  154  138  125  114  104   99   96   97   99  101
  103  105  105  106  108  112  120  128  135  136  130  120  107   96   88   82
   78   76   79   89  106  127  149  171  192  213  235  256  279  303  332  364
  399  435  470  503  535  563  590  613  630  641  646  647  646  645  640  627
  604  570  528  478  437  398  378  362  323                                   
    17.5-180.0 180.0   5.0 450.0                            LAT/LON1/LON2/DLON/H
  365  336  305  276  245  216  192  171  155  140  126  116  109  105  103  102
  101  102  102  103  107  113  123  133  141  142  135  123  109   96   86   79
   74   73   76   86  103  124  146  168  190  213  237  262  287  315  346  379
  414  448  479  507  530  549  565  577  586  593  597  602  607  614  619  617
  606  585  552  509  470  433  414  402  365                                   
    15.0-180.0 180.0   5.0 450.0                            LAT/LON1/LON2/DLON/H
  399  374  348  320  288  257  230  208  189  171  155  141  129  120  113  108
  105  104  104  106  111  119  130  141  148  148  140  126  109   95   84   76
   71   69   73   84  101  122  144  166  189  214  241  269  297  327  359  392
  424  453  479  498  511  518  521  522  523  526  531  538  550  563  576  584
  584  575  554  523  488  458  442  433  399                                   
    12.5-180.0 180.0   5.0 450.0                            LAT/LON1/LON2/DLON/H
  423  403  380  353  322  291  264  241  222  204  187  171  156  143  131  122
  116  113  113  115  121  130  141  152  157  155  144  127  110   94   82   74
   68   67   71   82   99  120  142  164  189  216  245  275  306  337  369  400
  429  453  471  481  484  481  474  466  461  460  466  477  493  512  529  543
  551  551  541  521  496  472  459  453  423                                   
    10.0-180.0 180.0   5.0 450.0                            LAT/LON1/LON2/DLON/H
  437  420  401  374  346  315  287  266  248  231  216  201  186  170  155  143
  134  130  128  130  135  144  155  164  166  161  147  129  110   95   83   74
   69   67   71   82   99  119  140  163  189  218  249  281  312  344  375  403
  428  447  458  463  460  450  437  424  415  413  420  434  454  475  495  511
  521  527  524  513  497  480  469  465  437                                   
     7.5-180.0 180.0   5.0 450.0                            LAT/LON1/LON2/DLON/H
  445  431  412  384  358  327  299  279  263  250  238  226  213  198  183  169
  158  151  148  148  152  160  169  174  173  164  148  130  112   98   87   78
