data/edconvlstm_nd/pred2580.15i
     1.0            IONOSPHERE MAPS     GNSS                IONEX VERSION / TYPE
pyspatialgeodesy        IME             05-JAN-18 20:20     PGM / RUN BY / DATE 
Map Name                                                    COMMENT             
Predicted global ionosphere maps (GIM).                     DESCRIPTION         
  2015     9    15     0     0     0                        EPOCH OF FIRST MAP  
  2015     9    16     0     0     0                        EPOCH OF LAST MAP   
  7200                                                      INTERVAL            
    13                                                      # OF MAPS IN FILE   
  NONE                                                      MAPPING FUNCTION    
10.0                                                        ELEVATION CUTOFF    
One-way carrier phase leveled to code                       OBSERVABLES USED    
  6371.0                                                    BASE RADIUS         
 2                                                          MAP DIMENSION       
   450.0 450.0   0.0                                        HGT1 / HGT2 / DHGT  
    87.5 -87.5  -2.5                                        LAT1 / LAT2 / DLAT  
  -180.0 180.0   5.0                                        LON1 / LON2 / DLON  
    -1                                                      EXPONENT            
                                                            END OF HEADER       
[from data line 4290]
    11                                                      START OF TEC MAP    
  2015     9    15    20     0     0                        EPOCH OF CURRENT MAP
    87.5-180.0 180.0   5.0 450.0                            LAT/LON1/LON2/DLON/H
  104  102   93   97  102   99   99   97   97  100   99  101  101  102  103  103
  104  104  104  104  103  103  103  102  101  100  100   99   98   97   96   95
   94   93   92   92   91   90   90   89   89   88   88   88   88   88   88   87
   87   87   87   87   87   87   87   87   87   86   86   86   86   86   86   86
   86   86   84   82   91   89  106  109  104                                   
    85.0-180.0 180.0   5.0 450.0                            LAT/LON1/LON2/DLON/H
  107  101  108   94   94   99   98  101  102  104  104  106  107  108  109  109
  110  110  110  110  109  109  108  107  106  105  104  103  101  100   99   97
   96   95   94   93   92   91   90   89   89   88   88   88   88   88   88   88
   88   88   88   88   88   88   88   88   88   88   88   88   88   88   88   87
   88   88   84   81   85   87   92   91  107                                   
    82.5-180.0 180.0   5.0 450.0                            LAT/LON1/LON2/DLON/H
   87   86   87   82   86   91   94   95   96   99  101  103  105  107  108  109
  110  110  110  110  109  108  107  105  104  102  100   99   97   95   93   91
   90   88   86   85   83   82   81   80   79   79   79   79   79   79   79   79
   79   79   80   80   80   80   80   80   80   80   80   80   79   79   79   79
   79   78   75   75   80   90   83   83   87                                   
    80.0-180.0 180.0   5.0 450.0                            LAT/LON1/LON2/DLON/H
   66   68   75   71   75   76   83   86   90   94   97  100  103  105  107  108
  109  110  109  108  107  105  103  101   99   96   94   91   89   87   84   82
   80   78   76   74   72   70   69   68   67   67   67   67   68   68   69   69
   70   70   71   71   71   71   71   71   71   71   71   71   71   71   71   70
   70   70   68   68   67   72   68   75   66                                   
    77.5-180.0 180.0   5.0 450.0                            LAT/LON1/LON2/DLON/H
   68   65   68   66   71   74   80   84   88   92   96  100  104  108  110  112
  114  114  114  112  111  108  105  102   99   96   93   90   87   85   82   80
   77   74   72   69   67   64   62   61   60   60   60   60   61   62   63   65
   65   66   66   66   66   66   66   66   66   66   66   66   66   66   66   66
   66   65   64   64   65   65   64   73   68                                   
    75.0-180.0 180.0   5.0 450.0                            LAT/LON1/LON2/DLON/H
   61   60   61   61   67   72   77   81   87   92   97  102  106  110  113  116
  117  118  117  116  113  110  107  103   99   96   92   89   86   84   81   79
   77   74   71   68   65   62   60   58   57   57   57   58   59   61   62   64
   65   65   66   66   65   65   65   65   65   65   66   66   67   67   68   68
   68   68   67   64   63   61   59   59   61                                   
    72.5-180.0 180.0   5.0 450.0                            LAT/LON1/LON2/DLON/H
   63   60   60   65   67   72   78   80   84   89   94  100  105  110  114  117
  118  119  118  116  113  110  105  101   96   91   87   83   80   78   76   74
   72   69   66   63   59   56   53   50   49   48   49   50   52   54   56   57
   58   59   59   58   58   57   56   56   56   57   58   59   61   62   63   63
   63   63   62   58   56   57   56   61   63                                   
    70.0-180.0 180.0   5.0 450.0                            LAT/LON1/LON2/DLON/H
   64   61   61   64   66   70   74   78   83   88   93   99  104  109  114  117
  120  121  120  118  115  111  106  100   94   89   84   80   77   75   74   73
   71   69   66   63   58   54   50   47   45   45   45   47   49   51   53   54
   55   56   55   54   53   52   51   50   51   52   54   56   58   60   62   63
   63   63   63   60   59   59   61   65   64                                   
    67.5-180.0 180.0   5.0 450.0                            LAT/LON1/LON2/DLON/H
   69   66   64   69   70   72   76   79   83   87   92   98  104  110  116  120
  123  125  125  123  120  115  108  101   94   87   81   77   74   72   72   71
   70   69   66   62   58   53   48   44   42   41   42   43   45   48   49   51
   52   51   50   49   47   45   44   43   44   45   47   50   53   55   58   60
   60   60   59   57   55   58   58   62   69                                   
    65.0-180.0 180.0   5.0 450.0                            LAT/LON1/LON2/DLON/H
   69   68   67   70   70   72   75   77   81   85   90   96  103  109  116  121
  126  128  129  128  125  119  112  104   96   88   81   76   73   72   72   72
   72   71   69   64   59   53   48   44   41   40   41   42   44   46   47   48
   48   47   45   43   41   38   37   36   36   38   40   44   47   50   53   55
   56   57   57   57   57   60   62   67   69                                   
    62.5-180.0 180.0   5.0 450.0                            LAT/LON1/LON2/DLON/H
   70   71   69   73   73   74   75   77   80   83   88   94  101  109  116  123
  129  133  135  134  131  125  117  108   99   89   82   76   73   73   74   75
   76   75   72   68   62   56   50   45   42   41   41   42   43   44   45   45
   44   43   40   37   35   32   30   29   30   31   34   37   40   43   46   48
   49   51   52   52   53   58   61   65   70                                   
    60.0-180.0 180.0   5.0 450.0                            LAT/LON1/LON2/DLON/H
   68   72   71   74   74   74   75   76   79   82   86   93  100  108  116  124
  131  137  139  140  137  131  123  113  103   94   86   81   78   78   80   82
   83   83   80   75   69   62   55   50   47   46   46   46   46   46   45   44
   42   40   37   34   31   28   26   25   26   27   29   32   35   37   40   42
   43   45   47   48   51   59   63   67   68                                   
    57.5-180.0 180.0   5.0 450.0                            LAT/LON1/LON2/DLON/H
   66   73   73   77   77   76   77   78   80   82   87   92  100  108  117  125
  133  139  143  143  141  136  128  119  109  100   93   89   87   88   91   94
   95   94   91   86   79   71   65   60   56   55   54   53   52   50   48   45
   42   40   37   33   30   28   26   25   26   27   29   31   32   34   36   37
   39   41   44   46   50   59   64   68   66                                   
    55.0-180.0 180.0   5.0 450.0                            LAT/LON1/LON2/DLON/H
   67   75   77   80   81   81   82   82   84   86   89   95  101  109  118  127
  135  141  144  145  143  138  132  124  116  109  104  101  101  103  106  109
  110  109  105   99   92   84   77   72   69   67   66   64   61   57   53   49
   46   42   39   36   34   32   30   29   30   30   32   33   33   34   34   36
   37   40   44   47   52   61   67   70   67                                   
    52.5-180.0 180.0   5.0 450.0                            LAT/LON1/LON2/DLON/H
   68   78   81   85   86   88   90   90   91   93   96  100  105  112  120  128
  135  141  144  144  143  139  134  129  124  119  117  116  118  121  124  127
  127  125  121  114  107   99   92   86   83   81   79   76   72   66   61   56
   52   49   46   43   41   39   38   38   38   38   38   38   38   37   37   37
   39   43   48   52   57   66   72   75   68                                   
    50.0-180.0 180.0   5.0 450.0                            LAT/LON1/LON2/DLON/H
   73   83   87   92   94   98  100  102  103  104  106  109  114  119  125  132
  137  141  143  143  142  140  137  135  133  131  131  133  137  140  143  145
  144  141  136  129  121  113  106  101   97   94   92   88   83   76   70   65
   61   58   56   53   51   50   49   49   49   49   48   47   46   44   43   43
   45   50   56   61   66   74   79   82   73                                   
    47.5-180.0 180.0   5.0 450.0                            LAT/LON1/LON2/DLON/H
   81   89   94  100  104  109  113  116  118  119  121  123  126  130  134  139
  142  144  145  144  143  142  142  142  143  145  147  151  155  159  161  161
  159  154  149  142  134  126  119  113  109  106  103   98   93   86   80   75
   72   70   68   66   64   63   62   62   62   62   60   59   56   53   52   52
   54   59   66   72   77   85   89   91   81                                   
    45.0-180.0 180.0   5.0 450.0                            LAT/LON1/LON2/DLON/H
   90   97  102  109  114  120  126  131  134  137  139  141  144  146  148  151
  152  152  150  149  148  148  150  153  156  159  163  167  171  174  175  174
  170  165  159  152  145  136  129  122  117  114  111  106  101   95   89   86
   84   83   82   80   78   76   75   75   75   75   73   71   68   64   62   62
   64   70   78   85   90   96   99  101   90                                   
    42.5-180.0 180.0   5.0 450.0                            LAT/LON1/LON2/DLON/H
  101  106  111  118  123  131  138  145  151  156  159  162  164  166  167  167
  166  164  161  158  158  159  162  165  169  173  177  180  183  186  186  183
  179  174  167  161  153  144  135  128  122  119  115  112  107  101   97   96
   95   95   95   93   90   88   87   87   86   86   84   82   79   75   73   73
   75   81   89   97  101  107  110  112  101                                   
    40.0-180.0 180.0   5.0 450.0                            LAT/LON1/LON2/DLON/H
  111  116  121  128  133  140  148  157  165  173  179  184  187  188  188  187
  184  180  176  173  172  173  176  180  184  187  189  191  193  194  194  192
  188  182  176  169  160  151  140  132  125  121  118  115  110  106  104  103
  104  105  105  102   99   97   96   95   94   93   92   89   87   84   82   81
   83   89   98  106  111  117  120  122  111                                   
    37.5-180.0 180.0   5.0 450.0                            LAT/LON1/LON2/DLON/H
  122  128  132  139  143  149  158  168  178  188  197  204  208  211  210  208
  205  200  195  191  189  190  193  196  199  200  200  201  201  202  203  202
  199  194  188  179  169  157  145  134  127  122  119  116  113  110  108  109
  110  111  110  108  104  102  100   99   98   97   95   94   92   90   88   87
   88   94  103  112  118  125  130  132  122                                   
    35.0-180.0 180.0   5.0 450.0                            LAT/LON1/LON2/DLON/H
  134  142  147  152  156  160  168  178  189  201  212  221  228  231  232  230
  226  221  215  210  208  208  210  212  213  213  211  210  210  212  215  216
  215  212  204  194  181  165  150  138  129  124  121  118  115  112  110  111
  113  113  112  109  106  104  102  101   99   97   95   94   94   92   91   90
   91   96  106  115  122  132  139  142  134                                   
    32.5-180.0 180.0   5.0 450.0                            LAT/LON1/LON2/DLON/H
  147  158  165  168  172  174  181  191  202  214  226  236  244  249  251  250
  246  241  235  229  226  225  226  228  228  227  224  223  223  227  232  237
  239  236  228  214  195  176  157  142  133  128  124  121  117  113  111  111
  112  111  110  107  104  103  102  101   98   96   94   93   93   93   92   91
   91   97  106  117  126  139  149  152  147                                   
    30.0-180.0 180.0   5.0 450.0                            LAT/LON1/LON2/DLON/H
  162  177  186  188  191  193  198  206  216  227  239  250  258  264  267  267
  265  260  253  247  243  242  242  244  245  244  241  240  241  247  256  266
  271  268  256  237  213  187  165  149  138  133  129  124  119  114  110  109
  108  107  105  102  101  101  101  100   97   94   92   91   92   92   91   91
   91   97  107  118  129  145  159  163  162                                   
    27.5-180.0 180.0   5.0 450.0                            LAT/LON1/LON2/DLON/H
  179  198  209  210  214  215  219  225  233  243  253  263  272  278  282  284
  282  277  271  264  260  258  259  263  265  266  264  264  266  274  287  299
  307  303  288  262  230  199  174  156  145  139  134  128  121  114  109  106
  103  101   99   97   97   98   99   98   95   92   90   90   91   91   91   90
   91   97  108  121  134  152  170  174  179                                   
    25.0-180.0 180.0   5.0 450.0                            LAT/LON1/LON2/DLON/H
  197  217  230  232  237  240  243  247  253  260  269  277  285  292  297  300
  300  296  290  283  278  277  280  286  291  294  294  294  297  306  320  335
  343  338  317  284  245  210  182  163  152  145  140  133  124  115  108  103
   99   96   94   93   94   97   98   97   93   90   88   88   90   90   90   90
   91   99  110  124  139  160  180  185  197                                   
    22.5-180.0 180.0   5.0 450.0                            LAT/LON1/LON2/DLON/H
  214  235  249  253  261  265  268  271  275  280  286  293  300  307  314  318
  319  317  311  305  301  302  307  315  323  329  331  330  332  340  353  368
  374  365  339  300  256  218  189  170  159  152  145  137  127  117  108  101
   96   93   91   91   93   95   96   95   91   88   87   87   89   90   90   90
   92  101  114  129  145  167  189  195  214                                   
    20.0-180.0 180.0   5.0 450.0                            LAT/LON1/LON2/DLON/H
  227  249  264  271  282  288  292  294  298  301  305  311  317  325  333  339
  343  342  338  333  331  333  341  352  362  370  371  369  367  370  379  390
  393  380  350  308  263  223  195  177  166  159  151  142  131  120  111  103
   97   92   90   91   93   95   95   92   89   86   85   86   88   89   90   91
   93  103  117  133  150  172  195  203  227                                   
    17.5-180.0 180.0   5.0 450.0                            LAT/LON1/LON2/DLON/H
  236  259  276  285  299  307  314  316  320  323  327  332  338  346  356  364
  370  372  370  368  368  373  382  395  407  413  412  405  396  392  395  399
  398  382  351  309  266  229  202  185  174  166  158  148  138  127  117  108
  101   95   93   93   94   95   93   90   86   83   83   85   87   88   89   90
   94  105  120  136  154  176  200  209  236                                   
    15.0-180.0 180.0   5.0 450.0                            LAT/LON1/LON2/DLON/H
  239  265  284  295  312  322  331  334  339  344  349  355  362  371  382  393
  401  406  408  408  411  418  429  442  452  455  449  434  417  404  399  396
  390  373  344  306  268  236  212  196  185  176  168  158  148  138  128  118
  109  102   99   98   97   96   92   87   82   80   80   82   84   86   87   89
   94  106  121  138  155  178  202  212  239                                   
    12.5-180.0 180.0   5.0 450.0                            LAT/LON1/LON2/DLON/H
  240  270  290  304  322  332  343  348  356  363  371  379  387  397  410  423
  434  443  448  452  458  466  477  487  493  490  476  454  429  408  394  385
  375  358  333  303  273  247  227  212  200  190  181  172  164  154  143  131
  120  112  106  103  101   97   91   85   80   77   77   79   81   82   84   88
   93  105  121  137  155  178  203  214  240                                   
    10.0-180.0 180.0   5.0 450.0                            LAT/LON1/LON2/DLON/H
  241  275  298  311  330  341  354  360  369  380  391  401  411  423  436  451
  466  478  486  493  501  509  518  524  523  512  491  463  432  404  384  369
  356  342  323  302  282  263  247  232  218  207  198  190  183  173  161  147
  133  122  114  109  104   98   90   83   77   74   74   75   77   78   81   85
   91  104  120  136  153  178  205  216  241                                   
     7.5-180.0 180.0   5.0 450.0                            LAT/LON1/LON2/DLON/H
  244  283  307  320  339  350  363  369  380  393  407  420  432  444  458  475
  492  506  518  527  535  542  547  546  538  521  495  463  429  398  372  354
