data/edconvlstm_nd/pred1520.15i
     1.0            IONOSPHERE MAPS     GNSS                IONEX VERSION / TYPE
pyspatialgeodesy        IME             05-JAN-18 20:20     PGM / RUN BY / DATE 
Map Name                                                    COMMENT             
Predicted global ionosphere maps (GIM).                     DESCRIPTION         
  2015     6     1     0     0     0                        EPOCH OF FIRST MAP  
  2015     6     2     0     0     0                        EPOCH OF LAST MAP   
  7200                                                      INTERVAL            
    13                                                      # OF MAPS IN FILE   
  NONE                                                      MAPPING FUNCTION    
10.0                                                        ELEVATION CUTOFF    
One-way carrier phase leveled to code                       OBSERVABLES USED    
  6371.0                                                    BASE RADIUS         
 2                                                          MAP DIMENSION       
   450.0 450.0   0.0                                        HGT1 / HGT2 / DHGT  
    87.5 -87.5  -2.5                                        LAT1 / LAT2 / DLAT  
  -180.0 180.0   5.0                                        LON1 / LON2 / DLON  
    -1                                                      EXPONENT            
                                                            END OF HEADER       
[from data line 4719]
    12                                                      START OF TEC MAP    
  2015     6     1    22     0     0                        EPOCH OF CURRENT MAP
    87.5-180.0 180.0   5.0 450.0                            LAT/LON1/LON2/DLON/H
  188  174  158  166  167  166  167  166  166  167  166  167  167  166  166  166
  165  164  163  162  160  159  158  156  154  153  151  150  148  147  146  145
  144  143  142  142  141  141  141  140  140  140  140  141  141  141  141  141
  142  142  142  143  143  143  144  144  144  145  145  146  147  147  148  149
  149  150  150  153  165  165  169  176  188                                   
    85.0-180.0 180.0   5.0 450.0                            LAT/LON1/LON2/DLON/H
  182  180  183  178  174  179  179  181  181  182  182  182  182  182  181  181
  180  179  177  176  174  172  170  168  166  163  161  159  157  155  153  152
  151  150  149  148  148  147  147  147  147  147  147  147  148  148  148  148
  149  149  149  150  150  150  151  151  152  153  153  154  155  156  157  158
  160  160  162  162  168  161  163  169  182                                   
    82.5-180.0 180.0   5.0 450.0                            LAT/LON1/LON2/DLON/H
  165  170  172  171  171  177  180  181  180  182  182  183  182  182  181  180
  179  177  175  173  170  167  164  161  158  154  151  148  144  141  139  137
  135  134  133  133  133  133  133  134  134  135  135  136  136  136  137  137
  138  138  138  139  139  140  140  141  141  142  143  143  144  145  146  147
  148  149  150  157  161  168  162  161  165                                   
    80.0-180.0 180.0   5.0 450.0                            LAT/LON1/LON2/DLON/H
  160  166  172  170  169  172  177  182  183  185  185  186  185  185  184  183
  181  179  176  174  171  167  164  160  155  151  146  142  137  134  130  128
  126  125  124  124  125  126  127  128  129  130  131  132  133  133  134  134
  135  135  135  136  137  137  137  138  138  138  139  139  140  141  142  143
  145  145  148  152  154  150  151  158  160                                   
    77.5-180.0 180.0   5.0 450.0                            LAT/LON1/LON2/DLON/H
  162  158  168  166  168  173  177  181  182  183  183  184  184  183  182  180
  179  177  175  172  169  166  163  158  153  148  142  137  131  127  123  120
  118  117  118  119  120  122  124  127  128  130  131  132  133  133  134  134
  135  135  136  137  137  138  138  139  139  139  139  139  139  139  140  141
  141  142  144  147  153  146  153  166  162                                   
    75.0-180.0 180.0   5.0 450.0                            LAT/LON1/LON2/DLON/H
  160  157  163  161  162  168  171  174  177  179  179  180  179  178  176  175
  173  172  170  168  166  164  161  157  152  147  141  135  129  124  120  117
  116  115  116  118  121  123  126  128  130  131  132  132  133  133  133  133
  134  135  136  137  138  139  139  140  140  140  140  139  139  139  140  141
  141  142  144  143  147  140  146  152  160                                   
    72.5-180.0 180.0   5.0 450.0                            LAT/LON1/LON2/DLON/H
  158  155  161  164  162  167  171  173  174  176  176  176  175  173  171  170
  168  167  166  165  165  164  162  158  154  148  142  135  128  123  119  116
  115  115  117  119  122  125  128  130  131  132  132  132  131  131  131  131
  132  134  135  137  139  141  142  143  143  143  143  143  143  143  143  143
  142  143  144  143  145  140  146  158  158                                   
    70.0-180.0 180.0   5.0 450.0                            LAT/LON1/LON2/DLON/H
  163  158  162  163  160  164  167  170  171  173  172  172  170  168  166  164
  162  161  161  161  162  162  162  160  156  151  144  138  131  126  122  120
  119  120  122  125  127  130  132  133  133  132  131  129  127  126  126  126
  127  129  132  135  137  140  142  143  144  145  145  146  146  146  147  147
  146  147  149  148  150  145  151  161  163                                   
    67.5-180.0 180.0   5.0 450.0                            LAT/LON1/LON2/DLON/H
  174  168  173  174  172  175  177  179  179  180  178  178  176  173  170  168
  166  165  166  167  169  170  171  169  166  161  155  149  143  138  135  133
  133  134  136  138  140  141  142  142  140  138  135  132  129  127  126  126
  128  131  134  138  141  145  148  150  152  154  155  156  157  158  159  159
  159  159  161  160  160  155  160  170  174                                   
    65.0-180.0 180.0   5.0 450.0                            LAT/LON1/LON2/DLON/H
  185  179  184  184  180  182  183  184  183  184  182  181  178  175  172  169
  167  166  167  169  171  173  175  174  172  167  162  157  153  149  147  147
  147  148  148  149  150  149  148  146  143  139  135  130  126  123  121  121
  123  126  130  134  138  142  146  149  152  155  158  160  162  163  165  167
  167  168  171  171  172  167  173  182  185                                   
    62.5-180.0 180.0   5.0 450.0                            LAT/LON1/LON2/DLON/H
  199  195  200  199  195  196  196  195  193  192  190  188  186  182  179  176
  173  172  172  174  177  180  181  181  179  175  172  168  165  164  163  163
  164  164  163  162  160  158  156  153  148  143  137  131  126  122  120  120
  121  124  127  131  135  140  144  148  153  158  162  166  169  171  173  175
  176  178  181  181  183  178  184  192  199                                   
    60.0-180.0 180.0   5.0 450.0                            LAT/LON1/LON2/DLON/H
  213  209  214  214  210  211  208  206  203  201  198  195  192  189  185  182
  179  178  178  179  182  184  185  185  183  181  179  178  177  178  179  180
  180  179  176  173  170  166  162  158  153  148  141  134  129  124  121  120
  120  122  124  127  131  135  139  145  151  157  163  169  173  177  180  182
  183  186  189  190  193  189  196  203  213                                   
    57.5-180.0 180.0   5.0 450.0                            LAT/LON1/LON2/DLON/H
  225  222  228  228  225  226  223  219  214  210  206  202  199  196  192  188
  185  184  183  184  186  187  188  187  186  185  185  186  189  192  194  195
  194  191  186  181  176  172  168  164  159  153  147  140  134  129  125  123
  122  122  123  124  126  129  133  140  147  156  164  172  178  182  186  188
  189  192  196  197  200  196  203  211  225                                   
    55.0-180.0 180.0   5.0 450.0                            LAT/LON1/LON2/DLON/H
  233  231  238  240  239  241  238  233  227  221  215  210  206  202  198  194
  192  190  189  189  190  190  189  188  187  188  190  194  198  203  206  207
  204  199  192  186  180  176  172  169  166  161  154  148  142  136  132  129
  126  124  122  121  121  123  127  134  144  155  165  175  182  188  192  195
  196  199  202  203  205  201  208  217  233                                   
    52.5-180.0 180.0   5.0 450.0                            LAT/LON1/LON2/DLON/H
  238  236  244  249  250  254  252  247  240  233  225  219  213  208  204  200
  197  196  195  194  194  192  190  189  188  189  193  199  206  212  215  214
  210  202  194  186  180  177  175  174  171  167  161  155  149  144  139  135
  131  127  123  119  117  117  121  129  141  154  167  178  187  193  198  202
  203  206  208  208  209  204  210  219  238                                   
    50.0-180.0 180.0   5.0 450.0                            LAT/LON1/LON2/DLON/H
  240  238  247  254  258  265  265  262  255  248  238  230  223  217  212  208
  205  203  202  201  199  196  193  190  189  192  197  205  213  218  220  218
  211  202  192  184  179  178  178  178  176  173  167  161  156  151  146  142
  137  131  125  119  115  114  118  126  139  154  169  182  192  200  206  211
  213  215  217  215  214  206  211  220  240                                   
    47.5-180.0 180.0   5.0 450.0                            LAT/LON1/LON2/DLON/H
  240  238  246  255  262  272  275  275  270  263  254  245  236  229  222  217
  214  212  210  208  205  201  197  193  193  196  202  210  218  223  223  219
  210  200  189  182  178  178  179  180  180  176  171  165  160  155  151  148
  142  136  129  121  116  114  117  126  139  155  172  186  198  207  215  221
  224  227  228  224  220  210  212  221  240                                   
    45.0-180.0 180.0   5.0 450.0                            LAT/LON1/LON2/DLON/H
  241  238  245  255  264  276  283  286  284  280  271  262  253  245  237  231
  226  223  220  218  214  209  204  200  199  202  209  217  224  227  225  219
  209  198  188  181  178  179  182  183  182  178  172  166  162  158  155  152
  148  141  134  126  119  117  119  128  141  158  175  190  203  214  223  231
  237  241  242  236  229  216  216  223  241                                   
    42.5-180.0 180.0   5.0 450.0                            LAT/LON1/LON2/DLON/H
  244  239  245  255  265  278  288  295  297  296  290  283  274  265  256  248
  241  236  232  229  225  219  214  210  209  212  218  225  230  231  228  220
  210  199  189  183  181  182  184  185  183  178  172  166  162  160  158  156
  153  147  140  133  126  123  124  132  144  160  177  193  206  218  230  241
  248  254  256  249  240  225  222  229  244                                   
    40.0-180.0 180.0   5.0 450.0                            LAT/LON1/LON2/DLON/H
  252  246  250  257  267  279  291  301  307  310  308  304  297  288  278  268
  259  251  246  242  237  232  226  223  222  226  231  236  238  237  232  224
  214  204  195  190  187  187  188  187  183  178  171  166  163  162  161  160
  158  154  148  141  134  130  131  137  148  162  178  193  207  220  234  247
  257  265  268  261  252  237  233  238  252                                   
    37.5-180.0 180.0   5.0 450.0                            LAT/LON1/LON2/DLON/H
  264  258  261  265  273  283  295  306  316  323  326  325  321  313  303  291
  278  268  261  255  251  246  242  239  239  242  246  248  248  244  238  231
  222  213  205  198  194  192  191  188  184  178  172  167  165  165  165  165
  164  160  155  149  143  138  137  141  149  162  176  191  205  219  234  249
  262  272  276  272  263  250  246  250  264                                   
    35.0-180.0 180.0   5.0 450.0                            LAT/LON1/LON2/DLON/H
  282  276  279  279  285  292  303  314  326  336  343  346  345  339  329  314
  299  286  276  270  266  263  260  258  259  260  262  262  258  253  246  239
  232  224  215  208  201  196  192  188  183  178  174  171  170  170  170  170
  169  166  162  156  150  144  142  143  149  159  172  186  199  214  230  247
  261  274  281  279  272  263  261  266  282                                   
    32.5-180.0 180.0   5.0 450.0                            LAT/LON1/LON2/DLON/H
  303  300  304  301  305  309  317  326  339  351  360  367  369  365  355  339
  322  306  294  287  283  281  280  280  280  280  279  275  269  261  253  247
  241  233  224  214  204  196  190  186  182  179  177  176  176  176  176  175
  173  170  166  160  154  147  143  142  146  154  165  178  192  207  224  241
  257  271  280  282  279  275  277  283  303                                   
    30.0-180.0 180.0   5.0 450.0                            LAT/LON1/LON2/DLON/H
  325  326  333  328  332  333  339  346  358  370  381  389  393  391  382  366
  346  328  315  307  304  303  302  302  302  300  296  288  278  267  259  252
  246  239  228  215  202  192  185  181  179  179  180  181  182  182  180  178
  175  171  166  160  153  146  141  138  140  146  157  170  183  198  215  233
  248  265  276  281  283  284  291  299  325                                   
    27.5-180.0 180.0   5.0 450.0                            LAT/LON1/LON2/DLON/H
  345  351  361  358  363  364  368  373  384  395  405  414  420  419  410  395
  374  355  340  332  328  327  326  325  323  318  310  298  284  271  260  253
  246  237  224  208  194  183  176  174  174  177  180  184  185  184  182  177
  173  168  162  155  148  141  134  131  132  137  147  160  174  189  205  223
  239  256  269  278  285  291  301  313  345                                   
    25.0-180.0 180.0   5.0 450.0                            LAT/LON1/LON2/DLON/H
  361  371  385  386  395  398  402  406  415  425  435  443  449  449  442  427
  408  388  372  363  357  354  351  347  342  334  322  305  287  270  258  248
  239  227  212  196  181  170  165  165  167  172  178  182  183  182  178  172
  166  160  153  146  139  131  125  121  122  127  137  150  165  180  196  213
  229  247  262  274  284  295  309  323  361                                   
    22.5-180.0 180.0   5.0 450.0                            LAT/LON1/LON2/DLON/H
  370  383  400  407  422  429  436  440  450  459  467  475  480  481  476  463
  446  427  411  399  391  384  376  367  357  345  328  308  286  266  250  237
  226  212  196  180  166  158  155  156  160  166  171  176  176  174  169  162
  155  148  141  134  127  120  115  111  112  117  127  141  156  171  188  205
  220  239  256  270  283  296  312  330  370                                   
    20.0-180.0 180.0   5.0 450.0                            LAT/LON1/LON2/DLON/H
  372  386  405  418  438  451  462  470  481  491  499  506  512  514  511  502
  487  470  454  440  427  414  399  384  368  350  329  305  281  258  239  224
  210  195  180  166  155  149  148  150  154  159  163  166  165  162  156  149
  142  135  127  120  114  109  105  103  104  109  119  132  148  164  181  198
  214  234  251  267  281  295  312  332  372                                   
    17.5-180.0 180.0   5.0 450.0                            LAT/LON1/LON2/DLON/H
  366  380  400  417  441  459  476  489  504  516  525  533  539  543  544  538
  527  513  498  481  462  441  418  395  372  348  324  298  272  248  228  211
  196  182  168  157  150  147  148  150  152  154  155  155  153  148  142  135
  128  121  115  109  104  100   97   96   97  102  111  125  141  158  176  194
  211  231  249  265  280  294  311  331  366                                   
    15.0-180.0 180.0   5.0 450.0                            LAT/LON1/LON2/DLON/H
  357  370  389  406  431  453  474  492  511  527  539  549  557  564  568  568
  562  552  537  518  493  463  431  399  369  341  315  288  263  239  219  202
  188  176  165  157  154  154  156  157  156  154  150  147  142  136  129  123
  117  111  105  100   96   94   93   93   94   98  106  119  135  153  173  192
  210  231  249  265  280  293  310  330  357                                   
    12.5-180.0 180.0   5.0 450.0                            LAT/LON1/LON2/DLON/H
  349  360  376  391  414  436  459  480  504  523  538  551  562  572  581  585
  585  578  565  544  513  476  435  396  360  330  302  277  253  231  213  199
  187  178  171  168  168  171  172  170  165  158  150  142  135  128  121  115
  110  104   99   95   92   92   92   92   92   95  102  114  130  149  170  191
  210  232  251  266  281  295  312  331  349                                   
    10.0-180.0 180.0   5.0 450.0                            LAT/LON1/LON2/DLON/H
  346  357  370  379  398  416  438  459  484  506  523  539  552  566  578  587
  591  589  577  555  521  478  431  387  348  316  289  265  244  226  212  201
  194  188  185  185  188  192  192  188  178  166  154  143  134  126  119  113
  107  101   96   92   91   92   92   92   91   93   98  110  126  146  168  190
  210  233  252  268  284  299  317  335  346                                   
     7.5-180.0 180.0   5.0 450.0                            LAT/LON1/LON2/DLON/H
  351  363  373  377  390  402  419  437  460  481  500  516  531  547  561  573
  580  580  571  549  514  469  420  374  335  303  277  255  237  223  213  207
