data/edconvlstm_nd/pred2380.15i
     1.0            IONOSPHERE MAPS     GNSS                IONEX VERSION / TYPE
pyspatialgeodesy        IME             05-JAN-18 20:20     PGM / RUN BY / DATE 
Map Name                                                    COMMENT             
Predicted global ionosphere maps (GIM).                     DESCRIPTION         
  2015     8    26     0     0     0                        EPOCH OF FIRST MAP  
  2015     8    27     0     0     0                        EPOCH OF LAST MAP   
  7200                                                      INTERVAL            
    13                                                      # OF MAPS IN FILE   
  NONE                                                      MAPPING FUNCTION    
10.0                                                        ELEVATION CUTOFF    
One-way carrier phase leveled to code                       OBSERVABLES USED    
  6371.0                                                    BASE RADIUS         
 2                                                          MAP DIMENSION       
   450.0 450.0   0.0                                        HGT1 / HGT2 / DHGT  
    87.5 -87.5  -2.5                                        LAT1 / LAT2 / DLAT  
  -180.0 180.0   5.0                                        LON1 / LON2 / DLON  
    -1                                                      EXPONENT            
                                                            END OF HEADER       
[from data line 5148]
    13                                                      START OF TEC MAP    
  2015     8    27     0     0     0                        EPOCH OF CURRENT MAP
    87.5-180.0 180.0   5.0 450.0                            LAT/LON1/LON2/DLON/H
  109  109  114  107  106  109  107  107  108  109  110  111  111  111  111  111
  111  110  109  108  107  105  104  102  100   99   97   95   93   92   90   88
   87   85   84   82   81   80   79   79   78   77   77   76   76   76   76   76
   76   76   76   77   77   77   78   78   78   79   79   80   80   81   81   83
   84   85   86   87   86   93  104  110  109                                   
    85.0-180.0 180.0   5.0 450.0                            LAT/LON1/LON2/DLON/H
  112  116  100  108  112  117  115  115  116  117  118  118  119  119  118  118
  117  116  114  113  111  109  107  105  103  101   98   96   94   92   90   89
   87   85   84   83   82   81   80   79   78   78   77   77   76   76   76   76
   76   76   77   77   78   78   79   80   80   81   82   83   83   84   85   86
   88   89   92   96   96  105  115  116  112                                   
    82.5-180.0 180.0   5.0 450.0                            LAT/LON1/LON2/DLON/H
  112  107  118  117  119  125  123  124  127  128  129  130  130  130  129  128
  126  125  123  120  118  115  112  109  106  103  100   98   95   92   90   88
   86   85   83   82   81   80   79   78   77   77   76   76   75   75   75   75
   75   76   76   77   78   79   80   81   82   83   84   86   87   88   89   91
   92   94   95   96  101   95  104  109  112                                   
    80.0-180.0 180.0   5.0 450.0                            LAT/LON1/LON2/DLON/H
  120  113  112  113  117  122  125  128  132  132  134  135  135  134  133  131
  129  126  124  121  118  114  111  107  103  100   96   93   90   87   84   83
   81   80   79   78   77   76   76   75   74   73   73   72   71   71   71   71
   71   72   72   73   74   75   77   78   79   81   82   83   85   86   87   89
   89   89   91   91  106   99  111  121  120                                   
    77.5-180.0 180.0   5.0 450.0                            LAT/LON1/LON2/DLON/H
  125  116  110  119  117  122  127  132  136  136  138  139  138  137  135  132
  129  126  123  120  116  113  110  106  102   98   94   91   88   85   83   81
   81   80   80   80   80   80   79   78   78   77   76   75   74   74   74   74
   74   74   75   76   77   79   80   82   83   84   86   87   88   89   90   91
   91   93   93   95  102  104  110  128  125                                   
    75.0-180.0 180.0   5.0 450.0                            LAT/LON1/LON2/DLON/H
  126  111  110  120  117  122  124  129  134  134  135  135  133  130  127  123
  120  116  113  110  107  104  101   97   94   90   86   83   80   78   77   77
   77   78   79   80   81   81   81   80   79   78   77   76   75   75   74   74
   75   75   76   77   79   80   82   84   86   87   88   89   90   91   92   93
   92   93   94   90   96  105  109  125  126                                   
    72.5-180.0 180.0   5.0 450.0                            LAT/LON1/LON2/DLON/H
  116  108  109  116  113  115  118  124  129  128  129  128  125  120  115  110
  106  102   99   96   94   92   90   87   84   81   77   74   71   70   69   70
   71   73   75   76   78   78   78   77   76   74   73   72   71   70   70   70
   71   72   74   75   77   79   81   83   86   88   89   91   92   92   93   94
   93   94   97   94   95  103  110  129  116                                   
    70.0-180.0 180.0   5.0 450.0                            LAT/LON1/LON2/DLON/H
  118  107  109  117  113  116  118  123  128  127  127  125  120  115  108  102
   97   92   89   87   86   85   83   81   78   74   71   68   65   64   64   65
   67   70   72   75   76   76   76   74   73   71   70   69   68   68   69   69
   71   72   74   76   78   81   84   87   89   92   94   96   97   98   99  100
   99   99  102  101  101  108  113  129  118                                   
    67.5-180.0 180.0   5.0 450.0                            LAT/LON1/LON2/DLON/H
  120  111  111  117  112  113  115  120  125  124  123  120  115  108  101   94
   88   83   80   79   78   77   75   73   70   66   62   59   57   55   55   57
   59   61   64   66   67   66   65   63   61   60   59   58   58   59   60   62
   63   65   67   69   72   75   79   83   87   90   93   96   98   99  100  101
  100  100  104  103  106  111  115  132  120                                   
    65.0-180.0 180.0   5.0 450.0                            LAT/LON1/LON2/DLON/H
  124  113  114  119  112  112  113  118  123  122  121  118  113  106   98   90
   84   79   77   75   74   73   72   69   65   61   57   53   51   50   50   51
   52   54   56   57   57   56   54   52   51   49   49   49   50   51   53   55
   56   58   60   62   65   69   73   78   83   88   92   96   98  100  102  103
  103  103  107  107  111  117  121  137  124                                   
    62.5-180.0 180.0   5.0 450.0                            LAT/LON1/LON2/DLON/H
  130  119  119  122  115  113  114  118  122  122  121  119  114  107   99   92
   86   82   79   78   77   75   72   69   64   59   55   52   49   48   48   48
   49   50   51   51   50   49   47   45   44   43   43   44   46   48   49   50
   51   52   54   56   59   63   68   74   80   86   92   96   99  102  104  105
  105  106  111  111  116  123  127  143  130                                   
    60.0-180.0 180.0   5.0 450.0                            LAT/LON1/LON2/DLON/H
  134  125  125  127  118  115  114  117  121  120  120  119  115  109  103   97
   92   88   86   84   82   79   75   70   64   59   55   53   51   50   50   49
   49   48   48   47   46   45   43   41   40   40   41   43   45   47   48   49
   48   48   49   51   54   59   64   71   78   85   91   96  100  103  105  107
  107  108  113  114  119  127  131  148  134                                   
    57.5-180.0 180.0   5.0 450.0                            LAT/LON1/LON2/DLON/H
  139  131  132  133  124  119  117  118  121  119  119  118  116  112  108  103
   99   97   94   92   89   85   79   73   67   62   58   57   56   55   54   53
   51   49   48   47   46   44   43   42   42   43   45   47   50   51   52   51
   49   48   47   48   52   57   63   71   78   86   92   98  102  104  107  108
  109  110  115  116  121  130  134  151  139                                   
    55.0-180.0 180.0   5.0 450.0                            LAT/LON1/LON2/DLON/H
  143  137  139  141  132  126  122  122  122  119  118  118  116  114  112  109
  107  105  103  101   97   91   84   77   70   66   64   63   63   63   62   59
   56   53   51   50   50   49   49   48   49   50   53   56   58   59   59   56
   53   50   49   50   54   59   66   74   82   90   96  101  105  107  110  111
  111  112  118  118  123  132  136  154  143                                   
    52.5-180.0 180.0   5.0 450.0                            LAT/LON1/LON2/DLON/H
  147  143  146  150  142  136  131  128  126  122  119  118  117  116  115  114
  113  113  111  109  104   98   90   82   76   72   71   72   73   73   71   67
   63   59   57   56   57   58   58   59   60   62   65   68   70   70   68   64
   60   56   54   55   59   66   73   81   89   96  102  107  110  112  114  115
  115  116  121  120  125  133  138  157  147                                   
    50.0-180.0 180.0   5.0 450.0                            LAT/LON1/LON2/DLON/H
  152  148  153  159  153  148  143  139  134  127  123  120  119  118  118  118
  118  119  118  116  111  105   97   90   85   82   82   83   84   83   80   75
   70   66   64   65   67   69   71   72   74   76   79   82   84   83   80   74
   69   65   63   64   69   76   84   92   99  105  110  114  117  118  120  121
  121  121  126  124  128  135  140  160  152                                   
    47.5-180.0 180.0   5.0 450.0                            LAT/LON1/LON2/DLON/H
  155  153  159  167  163  160  156  151  145  136  129  125  122  121  121  122
  122  123  124  123  119  114  107  101   96   93   93   95   95   93   88   82
   77   73   72   74   78   81   84   86   88   91   94   96   97   95   90   84
   79   74   73   75   81   88   96  103  110  115  119  122  124  126  128  129
  128  129  133  131  133  139  144  165  155                                   
    45.0-180.0 180.0   5.0 450.0                            LAT/LON1/LON2/DLON/H
  159  157  162  172  171  170  169  164  157  146  138  133  129  127  126  126
  127  128  129  129  127  124  119  113  109  107  106  106  104  100   94   88
   82   79   80   84   89   93   97   99  102  104  106  108  107  104   99   93
   88   84   84   87   92  100  107  114  120  124  128  131  133  134  136  138
  138  139  142  139  140  145  150  171  159                                   
    42.5-180.0 180.0   5.0 450.0                            LAT/LON1/LON2/DLON/H
  161  159  164  175  176  178  178  175  169  158  149  143  138  134  132  132
  132  133  135  136  136  134  131  128  124  121  119  116  112  105   98   91
   86   85   88   93   99  104  108  110  112  114  116  116  115  111  106  100
   95   92   92   96  101  108  115  121  127  131  135  138  141  143  145  147
  148  149  152  149  149  153  159  180  161                                   
    40.0-180.0 180.0   5.0 450.0                            LAT/LON1/LON2/DLON/H
  164  160  165  175  177  181  184  183  179  169  161  154  148  144  141  139
  138  140  142  144  145  145  144  142  138  134  130  124  117  108  100   93
   90   91   96  102  109  114  117  119  121  122  124  123  121  117  111  105
  101   98   98  101  106  113  119  125  130  135  140  144  148  151  154  157
  157  159  163  160  159  163  169  190  164                                   
    37.5-180.0 180.0   5.0 450.0                            LAT/LON1/LON2/DLON/H
  169  163  167  176  178  183  187  188  186  179  171  165  159  154  150  147
  146  147  149  151  154  155  155  154  151  146  139  130  120  110  102   97
   96   99  105  112  118  122  125  126  128  129  130  129  126  120  114  109
  104  101  100  102  107  113  119  126  132  138  143  149  154  158  162  165
  166  169  173  170  171  174  182  203  169                                   
    35.0-180.0 180.0   5.0 450.0                            LAT/LON1/LON2/DLON/H
  178  170  173  180  182  186  191  193  193  187  180  175  169  164  160  157
  155  155  156  159  161  163  164  163  160  154  145  135  124  113  106  102
  103  109  116  123  128  130  131  132  134  136  137  135  130  124  117  111
  105  102  100  101  104  110  118  125  133  140  147  154  160  165  169  173
  174  177  183  181  183  187  197  218  178                                   
    32.5-180.0 180.0   5.0 450.0                            LAT/LON1/LON2/DLON/H
  192  184  186  191  192  195  198  200  201  196  190  184  179  174  169  166
  164  163  163  165  166  168  169  169  166  160  150  139  128  118  112  111
  114  121  128  133  136  137  137  138  140  143  143  140  135  127  119  112
  106  101   98   97  100  107  116  125  134  142  150  158  166  171  176  180
  182  186  192  192  196  202  214  236  192                                   
    30.0-180.0 180.0   5.0 450.0                            LAT/LON1/LON2/DLON/H
  212  206  209  211  211  212  213  214  215  209  202  195  189  183  178  175
  172  170  169  169  170  172  173  173  170  163  154  144  133  125  121  121
  126  133  139  143  143  142  142  143  146  149  149  145  138  129  120  112
  105   99   94   93   96  104  114  126  136  145  154  163  171  177  182  186
  189  194  202  204  210  219  233  255  212                                   
    27.5-180.0 180.0   5.0 450.0                            LAT/LON1/LON2/DLON/H
  237  236  239  241  242  241  240  238  236  228  219  210  202  194  188  184
  180  176  174  173  174  175  176  176  173  167  159  149  141  134  131  133
  138  143  147  148  146  144  143  145  149  152  152  148  140  130  120  112
  104   97   91   89   93  102  114  127  139  148  157  166  175  182  188  193
  197  203  213  217  226  238  253  277  237                                   
    25.0-180.0 180.0   5.0 450.0                            LAT/LON1/LON2/DLON/H
  266  270  275  280  281  281  278  274  268  256  244  231  219  209  201  195
  189  184  180  178  178  180  182  182  178  172  164  155  148  143  141  143
  146  149  150  148  145  142  141  143  147  151  151  147  139  129  118  109
  102   94   89   87   91  102  116  131  144  153  161  170  178  186  193  199
  205  214  226  231  244  257  274  299  266                                   
    22.5-180.0 180.0   5.0 450.0                            LAT/LON1/LON2/DLON/H
  296  304  313  322  326  328  325  319  310  294  277  260  244  231  219  209
  201  193  188  186  187  190  192  192  187  179  170  162  155  151  149  148
  149  148  146  142  138  135  135  137  142  145  146  142  134  124  114  106
   98   92   87   86   91  103  120  136  149  159  166  173  182  190  199  207
  216  227  242  248  263  277  295  321  296                                   
    20.0-180.0 180.0   5.0 450.0                            LAT/LON1/LON2/DLON/H
  322  334  348  362  371  375  375  368  357  340  319  298  278  260  244  230
  218  207  200  198  200  205  208  207  199  188  177  167  160  155  152  149
  146  142  137  132  127  125  126  129  132  135  136  133  127  118  109  102
   96   90   86   86   93  106  124  142  156  164  171  178  186  196  206  217
  229  243  259  267  282  296  316  342  322                                   
    17.5-180.0 180.0   5.0 450.0                            LAT/LON1/LON2/DLON/H
  344  357  376  395  408  416  419  414  405  388  366  343  320  298  278  259
  241  228  219  217  221  226  230  226  215  199  184  172  163  156  151  145
  140  133  126  120  117  116  117  120  123  125  126  124  119  112  105   98
   93   88   86   87   94  109  128  146  160  169  175  182  192  203  216  230
  244  261  278  287  302  315  336  362  344                                   
    15.0-180.0 180.0   5.0 450.0                            LAT/LON1/LON2/DLON/H
  361  373  395  418  434  445  451  449  444  430  412  391  368  343  319  295
  273  256  246  243  247  253  255  248  232  210  190  174  163  155  148  141
  134  126  118  112  109  109  111  113  115  117  118  117  114  108  101   95
   91   87   85   87   95  110  128  146  160  170  177  186  198  212  228  245
  263  281  299  307  321  332  354  380  361                                   
    12.5-180.0 180.0   5.0 450.0                            LAT/LON1/LON2/DLON/H
  373  384  406  431  448  460  468  469  468  460  448  432  413  390  364  337
  311  291  279  275  278  282  280  269  246  219  194  175  163  155  148  140
  132  123  115  110  108  109  110  111  112  113  114  114  111  106  100   94
   88   85   83   85   93  107  125  142  157  168  178  190  205  223  242  263
  282  302  319  327  340  348  372  397  373                                   
    10.0-180.0 180.0   5.0 450.0                            LAT/LON1/LON2/DLON/H
  386  394  415  439  453  465  472  475  477  474  470  462  450  431  407  380
  352  330  315  309  308  308  301  284  256  224  197  177  164  157  151  144
  136  128  121  116  115  116  116  116  115  115  115  114  112  107  100   93
   87   82   80   82   89  101  118  135  150  164  177  193  212  234  257  281
  303  323  339  346  357  364  388  413  386                                   
     7.5-180.0 180.0   5.0 450.0                            LAT/LON1/LON2/DLON/H
  399  407  425  446  457  465  469  470  473  475  476  476  472  461  442  417
  390  366  349  339  333  326  313  290  259  226  198  180  169  164  159  154
