data/edconvlstm_nd/pred1920.15i
     1.0            IONOSPHERE MAPS     GNSS                IONEX VERSION / TYPE
pyspatialgeodesy        IME             05-JAN-18 20:20     PGM / RUN BY / DATE 
Map Name                                                    COMMENT             
Predicted global ionosphere maps (GIM).                     DESCRIPTION         
  2015     7    11     0     0     0                        EPOCH OF FIRST MAP  
  2015     7    12     0     0     0                        EPOCH OF LAST MAP   
  7200                                                      INTERVAL            
    13                                                      # OF MAPS IN FILE   
  NONE                                                      MAPPING FUNCTION    
10.0                                                        ELEVATION CUTOFF    
One-way carrier phase leveled to code                       OBSERVABLES USED    
  6371.0                                                    BASE RADIUS         
 2                                                          MAP DIMENSION       
   450.0 450.0   0.0                                        HGT1 / HGT2 / DHGT  
    87.5 -87.5  -2.5                                        LAT1 / LAT2 / DLAT  
  -180.0 180.0   5.0                                        LON1 / LON2 / DLON  
    -1                                                      EXPONENT            
                                                            END OF HEADER       
[from data line 2145]
     6                                                      START OF TEC MAP    
  2015     7    11    10     0     0                        EPOCH OF CURRENT MAP
    87.5-180.0 180.0   5.0 450.0                            LAT/LON1/LON2/DLON/H
  182  176  170  174  176  176  174  173  175  176  177  178  179  179  180  180
  181  181  182  182  182  182  182  183  183  183  184  184  185  186  186  187
  187  187  188  188  188  188  188  188  188  187  187  187  187  186  186  186
  186  186  185  185  185  185  184  184  184  183  183  182  182  181  180  179
  178  179  177  175  179  178  180  180  182                                   
    85.0-180.0 180.0   5.0 450.0                            LAT/LON1/LON2/DLON/H
  172  169  175  172  173  175  175  176  178  179  180  181  182  183  184  185
  185  186  186  186  186  187  187  187  188  188  189  190  190  191  192  192
  193  193  194  194  194  194  193  193  193  193  192  192  192  192  192  192
  192  192  192  192  192  192  192  192  191  191  191  190  189  189  188  187
  186  187  181  180  176  174  179  184  172                                   
    82.5-180.0 180.0   5.0 450.0                            LAT/LON1/LON2/DLON/H
  162  168  168  163  163  165  166  167  169  171  172  174  175  177  178  179
  180  180  181  181  181  181  182  182  183  183  184  185  187  188  188  189
  190  190  190  190  190  190  189  189  189  188  188  188  188  188  189  189
  190  190  191  191  192  192  192  192  192  192  191  191  190  189  187  186
  185  184  178  179  175  178  179  169  162                                   
    80.0-180.0 180.0   5.0 450.0                            LAT/LON1/LON2/DLON/H
  161  163  163  161  159  158  159  161  164  166  168  170  172  174  176  177
  178  178  178  178  178  178  178  178  178  179  180  182  183  184  186  187
  188  189  189  189  188  188  187  187  186  186  186  187  187  188  189  190
  192  193  194  195  196  197  198  198  198  197  197  196  195  194  192  191
  189  187  181  182  177  178  183  169  161                                   
    77.5-180.0 180.0   5.0 450.0                            LAT/LON1/LON2/DLON/H
  167  164  164  161  157  156  156  157  160  162  164  167  169  171  173  175
  175  176  175  175  174  173  173  173  173  174  175  177  179  181  184  186
  187  188  189  189  189  188  188  187  187  187  187  188  190  191  193  196
  198  200  202  204  205  206  207  208  208  207  207  206  205  203  202  200
  197  195  189  189  188  185  185  180  167                                   
    75.0-180.0 180.0   5.0 450.0                            LAT/LON1/LON2/DLON/H
  169  168  163  161  157  155  154  154  157  158  160  163  166  169  171  173
  173  173  173  172  170  169  168  168  168  168  170  172  175  178  181  184
  187  189  190  190  190  189  188  187  187  187  188  190  192  195  198  201
  204  206  209  211  212  213  214  215  215  215  215  214  213  212  211  209
  206  204  198  194  192  193  193  186  169                                   
    72.5-180.0 180.0   5.0 450.0                            LAT/LON1/LON2/DLON/H
  174  173  167  163  157  154  153  152  153  155  156  160  163  166  168  170
  171  171  170  168  167  165  164  163  162  163  165  168  171  175  180  184
  187  190  191  192  192  191  190  190  190  190  192  194  196  200  203  206
  209  211  213  215  216  216  217  217  217  218  218  218  218  217  216  215
  213  211  206  203  199  201  200  197  174                                   
    70.0-180.0 180.0   5.0 450.0                            LAT/LON1/LON2/DLON/H
  181  177  170  165  157  152  149  147  148  148  150  153  156  159  162  164
  165  165  164  163  161  160  158  157  156  157  159  163  167  172  178  183
  187  190  192  193  193  192  191  191  191  192  193  196  199  202  206  208
  210  212  213  213  213  212  212  212  212  213  214  215  215  216  216  216
  215  213  210  207  204  207  209  206  181                                   
    67.5-180.0 180.0   5.0 450.0                            LAT/LON1/LON2/DLON/H
  185  181  175  168  159  153  148  144  143  143  145  147  150  153  156  158
  160  160  160  159  158  156  155  154  154  155  158  162  167  172  178  184
  189  193  195  196  196  196  195  195  195  196  198  201  204  207  210  211
  212  211  210  209  207  205  204  204  204  205  207  209  211  213  214  215
  215  214  212  209  207  211  214  212  185                                   
    65.0-180.0 180.0   5.0 450.0                            LAT/LON1/LON2/DLON/H
  190  186  178  170  159  151  145  140  138  137  137  139  142  145  148  150
  151  152  153  153  152  152  151  151  152  155  158  163  168  174  181  187
  192  196  199  200  201  201  200  200  201  203  205  208  211  213  214  214
  213  210  207  204  201  198  196  195  196  197  200  203  206  208  210  212
  212  213  211  211  211  216  220  218  190                                   
    62.5-180.0 180.0   5.0 450.0                            LAT/LON1/LON2/DLON/H
  193  190  181  172  159  150  142  135  131  129  129  130  132  134  137  139
  141  142  143  144  145  146  147  149  152  155  160  165  171  178  184  191
  196  200  203  205  206  206  206  207  208  211  214  217  219  220  220  218
  215  210  206  201  197  193  191  189  190  192  195  198  202  204  207  209
  210  211  210  211  211  218  222  221  193                                   
    60.0-180.0 180.0   5.0 450.0                            LAT/LON1/LON2/DLON/H
  195  192  183  172  159  147  137  128  123  120  118  118  119  121  123  125
  127  129  131  133  135  138  142  146  150  156  162  168  175  182  189  195
  200  204  207  210  211  212  212  214  216  219  223  226  227  228  226  222
  217  212  206  201  196  192  190  188  189  191  194  197  201  203  205  206
  207  209  209  210  212  219  223  221  195                                   
    57.5-180.0 180.0   5.0 450.0                            LAT/LON1/LON2/DLON/H
  196  193  185  173  159  146  134  123  116  111  108  107  106  107  108  110
  112  115  117  121  125  130  135  142  149  157  165  173  180  187  194  200
  205  209  212  215  217  218  220  222  225  228  232  235  236  235  233  228
  222  217  211  206  201  198  195  194  195  196  199  202  204  206  206  207
  207  209  209  211  213  220  224  220  196                                   
    55.0-180.0 180.0   5.0 450.0                            LAT/LON1/LON2/DLON/H
  198  195  187  175  160  146  133  120  111  103   99   96   94   94   94   96
   98  101  104  109  114  121  129  138  147  157  167  176  185  193  199  205
  210  214  218  221  224  226  228  230  234  237  241  243  244  243  239  234
  229  224  219  215  211  208  206  204  205  206  208  210  212  212  211  211
  210  211  212  214  215  221  224  218  198                                   
    52.5-180.0 180.0   5.0 450.0                            LAT/LON1/LON2/DLON/H
  199  196  189  177  163  148  134  120  109  100   93   89   86   84   83   84
   87   90   94   99  106  114  124  134  146  158  169  180  190  198  204  210
  215  219  224  228  231  234  237  240  243  246  249  251  251  249  246  241
  237  233  229  226  223  221  218  217  217  218  219  220  221  219  218  217
  216  216  216  218  219  223  224  217  199                                   
    50.0-180.0 180.0   5.0 450.0                            LAT/LON1/LON2/DLON/H
  200  196  190  179  167  153  139  123  111  101   93   87   82   79   78   78
   80   84   88   94  101  110  121  133  146  159  172  184  194  202  209  215
  220  225  231  236  241  245  248  250  252  255  257  258  258  256  253  249
  246  243  241  239  236  234  231  229  228  229  229  230  229  228  226  224
  223  224  223  224  223  226  224  216  200                                   
    47.5-180.0 180.0   5.0 450.0                            LAT/LON1/LON2/DLON/H
  198  194  190  181  171  158  144  129  117  106   97   90   84   80   77   77
   79   82   87   93  100  110  122  135  149  162  175  187  197  206  213  220
  226  232  239  245  251  256  260  262  263  264  265  265  265  263  261  259
  257  255  254  252  249  245  241  238  236  236  237  237  237  235  234  233
  231  232  231  230  228  228  224  215  198                                   
    45.0-180.0 180.0   5.0 450.0                            LAT/LON1/LON2/DLON/H
  195  190  187  180  172  162  150  136  125  115  106   99   92   86   83   82
   83   86   90   96  103  113  125  139  153  167  180  191  201  209  217  224
  231  238  247  255  263  270  273  275  275  275  275  274  273  272  271  270
  269  269  267  264  259  254  248  244  241  241  242  243  244  243  242  242
  241  241  239  237  232  229  224  213  195                                   
    42.5-180.0 180.0   5.0 450.0                            LAT/LON1/LON2/DLON/H
  190  184  182  176  171  163  154  143  134  125  117  111  104   97   93   91
   91   93   96  102  109  119  131  145  159  172  185  195  204  212  220  227
  236  245  255  266  276  283  288  290  289  288  286  285  284  284  284  285
  285  284  282  277  271  263  256  250  247  246  248  250  252  253  253  253
  252  252  247  243  235  229  222  211  190                                   
    40.0-180.0 180.0   5.0 450.0                            LAT/LON1/LON2/DLON/H
  184  178  176  170  167  161  155  147  141  135  130  124  118  111  105  102
  101  102  104  108  115  125  138  152  166  180  191  201  208  216  223  231
  241  252  264  276  288  297  303  306  305  303  300  299  299  300  302  303
  304  304  301  295  287  278  270  263  259  258  260  263  266  268  269  269
  267  264  257  249  238  230  221  209  184                                   
    37.5-180.0 180.0   5.0 450.0                            LAT/LON1/LON2/DLON/H
  181  174  171  164  161  157  154  149  147  144  142  138  132  125  118  114
  111  110  111  115  121  132  145  159  174  188  199  207  214  220  227  236
  247  259  272  286  299  311  318  322  321  319  316  316  317  319  323  327
  329  329  326  320  312  303  294  287  282  281  282  285  289  291  292  290
  286  280  269  257  242  232  222  209  181                                   
    35.0-180.0 180.0   5.0 450.0                            LAT/LON1/LON2/DLON/H
  183  175  171  161  157  153  153  150  151  151  151  149  144  137  130  124
  120  117  116  119  126  137  151  166  182  196  208  216  221  227  233  242
  253  266  280  295  310  323  333  337  338  336  334  334  337  342  348  354
  358  360  358  354  348  341  333  325  319  316  316  318  321  322  321  317
  308  298  283  267  249  236  225  213  183                                   
    32.5-180.0 180.0   5.0 450.0                            LAT/LON1/LON2/DLON/H
  191  183  178  164  159  154  154  153  155  158  159  158  154  147  139  132
  126  122  120  122  129  141  156  173  190  206  218  225  230  235  240  249
  261  274  289  304  320  334  345  351  353  352  352  354  359  367  376  384
  391  395  396  396  394  390  384  377  369  364  361  361  361  360  356  347
  334  319  298  280  259  245  233  220  191                                   
    30.0-180.0 180.0   5.0 450.0                            LAT/LON1/LON2/DLON/H
  206  199  192  175  168  162  162  161  163  165  167  166  161  154  146  139
  131  126  123  125  132  144  161  179  198  215  227  236  240  244  249  258
  270  283  298  313  329  344  356  364  367  367  369  373  381  391  403  414
  423  431  437  442  446  446  443  436  427  418  412  408  405  400  391  377
  359  339  314  293  271  257  244  233  206                                   
    27.5-180.0 180.0   5.0 450.0                            LAT/LON1/LON2/DLON/H
  225  221  213  194  185  179  177  175  176  176  176  174  168  161  152  144
  136  129  126  127  135  148  165  185  205  223  236  245  250  254  259  268
  280  293  307  321  337  352  365  373  377  380  383  390  400  413  427  440
  453  464  475  486  496  502  501  494  483  470  459  451  444  435  422  403
  380  356  328  306  283  270  258  249  225                                   
    25.0-180.0 180.0   5.0 450.0                            LAT/LON1/LON2/DLON/H
  245  245  237  219  208  202  199  196  193  191  188  183  175  167  158  149
  140  133  129  131  139  152  170  190  210  229  243  252  258  262  268  278
  290  303  316  330  344  359  371  380  385  389  395  404  416  430  445  460
  475  490  505  521  536  546  547  540  526  510  495  483  472  460  443  421
  394  367  338  315  294  282  272  267  245                                   
    22.5-180.0 180.0   5.0 450.0                            LAT/LON1/LON2/DLON/H
  261  264  259  244  232  227  223  219  213  208  201  193  183  173  164  155
  146  138  134  135  143  156  174  193  213  231  246  256  262  268  276  287
  300  313  326  338  352  365  377  386  392  397  404  414  427  442  457  473
  488  505  523  542  559  571  573  565  549  530  513  498  485  470  451  426
  398  371  342  320  301  290  283  282  261                                   
    20.0-180.0 180.0   5.0 450.0                            LAT/LON1/LON2/DLON/H
  270  276  274  264  253  249  244  240  232  224  214  203  192  181  171  161
  152  144  140  140  148  160  176  194  213  229  243  254  262  271  281  293
  308  322  335  348  360  373  384  393  399  404  412  423  435  449  463  478
  493  510  528  546  563  574  575  566  549  530  512  497  483  467  447  422
  394  367  340  319  302  293  288  290  270                                   
    17.5-180.0 180.0   5.0 450.0                            LAT/LON1/LON2/DLON/H
  271  278  280  273  265  262  258  253  245  235  224  212  200  188  178  168
  159  151  146  146  152  163  177  192  208  223  236  247  258  269  283  298
  315  331  345  358  371  383  393  401  407  414  421  431  442  454  466  478
  492  506  522  537  550  557  557  547  532  514  499  485  472  456  436  412
  384  358  333  313  299  290  287  289  271                                   
    15.0-180.0 180.0   5.0 450.0                            LAT/LON1/LON2/DLON/H
  265  272  277  272  266  264  260  256  248  239  228  217  205  193  183  174
  165  156  151  150  154  163  174  187  200  212  224  237  250  265  283  302
  321  339  355  370  383  395  405  413  419  425  432  441  449  458  467  476
  488  499  511  520  528  531  528  518  505  491  479  468  457  443  424  401
  374  349  325  306  293  283  280  281  265                                   
    12.5-180.0 180.0   5.0 450.0                            LAT/LON1/LON2/DLON/H
  256  261  267  261  258  254  250  247  240  234  225  216  206  195  186  177
  168  160  154  151  153  160  168  178  189  199  211  224  241  260  282  304
  326  347  365  382  396  409  419  427  433  439  445  451  457  462  468  475
  484  493  500  504  506  504  499  491  480  470  461  454  445  432  415  392
  366  341  318  300  286  274  271  269  256                                   
    10.0-180.0 180.0   5.0 450.0                            LAT/LON1/LON2/DLON/H
  247  249  254  245  242  235  231  227  223  219  214  209  201  193  184  176
  169  161  154  150  150  153  160  167  176  186  198  213  233  256  281  306
  331  354  374  393  409  422  432  440  447  452  457  461  464  466  469  475
  483  490  494  495  492  487  481  473  465  458  452  446  439  427  410  389
  363  339  316  297  282  268  263  256  247                                   
     7.5-180.0 180.0   5.0 450.0                            LAT/LON1/LON2/DLON/H
  241  239  241  229  224  214  208  203  200  198  197  196  191  185  179  172
  165  158  151  146  143  144  149  156  164  175  188  205  227  253  280  308
