data/edconvlstm_nd/pred1780.15i
     1.0            IONOSPHERE MAPS     GNSS                IONEX VERSION / TYPE
pyspatialgeodesy        IME             05-JAN-18 20:20     PGM / RUN BY / DATE 
Map Name                                                    COMMENT             
Predicted global ionosphere maps (GIM).                     DESCRIPTION         
  2015     6    27     0     0     0                        EPOCH OF FIRST MAP  
  2015     6    28     0     0     0                        EPOCH OF LAST MAP   
  7200                                                      INTERVAL            
    13                                                      # OF MAPS IN FILE   
  NONE                                                      MAPPING FUNCTION    
10.0                                                        ELEVATION CUTOFF    
One-way carrier phase leveled to code                       OBSERVABLES USED    
  6371.0                                                    BASE RADIUS         
 2                                                          MAP DIMENSION       
   450.0 450.0   0.0                                        HGT1 / HGT2 / DHGT  
    87.5 -87.5  -2.5                                        LAT1 / LAT2 / DLAT  
  -180.0 180.0   5.0                                        LON1 / LON2 / DLON  
    -1                                                      EXPONENT            
                                                            END OF HEADER       
[from data line 5148]
    13                                                      START OF TEC MAP    
  2015     6    28     0     0     0                        EPOCH OF CURRENT MAP
    87.5-180.0 180.0   5.0 450.0                            LAT/LON1/LON2/DLON/H
  134  141  148  139  135  136  133  131  132  130  130  130  130  129  129  128
  128  127  127  126  125  124  123  122  121  120  119  118  117  116  115  114
  113  113  112  112  111  111  111  111  111  111  112  112  112  113  113  114
  115  115  116  117  117  118  119  120  120  121  122  123  123  124  125  126
  127  128  128  128  126  126  135  137  134                                   
    85.0-180.0 180.0   5.0 450.0                            LAT/LON1/LON2/DLON/H
  147  151  136  140  143  145  142  140  140  139  139  138  138  137  136  136
  135  134  133  132  131  129  128  126  125  123  122  120  119  117  116  115
  114  113  113  112  112  111  111  112  112  112  113  113  114  114  115  116
  117  118  119  120  121  122  123  124  125  126  127  128  129  130  131  133
  135  135  137  139  135  141  147  148  147                                   
    82.5-180.0 180.0   5.0 450.0                            LAT/LON1/LON2/DLON/H
  149  147  154  149  150  152  149  148  149  147  147  146  146  145  145  144
  143  142  141  140  138  136  134  132  130  128  126  124  121  119  118  116
  115  113  112  112  111  111  111  112  112  113  113  114  115  116  117  118
  119  120  121  122  124  125  126  128  129  131  132  134  135  136  138  140
  141  143  143  143  143  133  140  141  149                                   
    80.0-180.0 180.0   5.0 450.0                            LAT/LON1/LON2/DLON/H
  156  152  148  145  147  149  150  150  151  150  149  149  149  148  148  147
  146  145  144  142  140  138  136  133  130  127  124  121  118  116  113  111
  109  108  107  107  107  107  108  108  109  111  112  113  114  116  117  119
  120  122  123  124  126  127  129  130  131  133  134  136  137  138  140  142
  143  143  143  142  154  143  151  155  156                                   
    77.5-180.0 180.0   5.0 450.0                            LAT/LON1/LON2/DLON/H
  162  154  147  152  146  147  150  152  153  151  151  152  152  152  151  151
  150  149  148  146  144  141  138  135  131  127  124  120  117  114  111  109
  107  106  106  106  107  108  109  110  112  114  115  117  119  120  122  124
  125  127  128  130  131  132  133  134  135  136  137  138  139  141  142  144
  144  146  144  145  153  151  153  163  162                                   
    75.0-180.0 180.0   5.0 450.0                            LAT/LON1/LON2/DLON/H
  163  150  146  152  146  147  148  149  151  150  150  151  152  152  151  151
  150  149  148  146  143  140  136  133  128  124  120  116  112  109  107  105
  104  104  104  105  107  109  111  114  116  118  120  122  123  125  126  128
  130  131  133  134  135  135  136  137  137  137  138  138  139  140  141  142
  142  144  143  138  144  150  150  159  163                                   
    72.5-180.0 180.0   5.0 450.0                            LAT/LON1/LON2/DLON/H
  150  144  143  146  141  140  142  144  146  146  147  148  149  149  150  149
  149  147  145  143  140  136  132  128  123  118  113  109  106  103  101  100
  100  101  103  105  108  111  114  117  119  122  123  125  126  127  129  130
  132  133  135  136  136  136  136  136  135  135  135  135  135  135  136  137
  137  138  139  135  136  141  145  158  150                                   
    70.0-180.0 180.0   5.0 450.0                            LAT/LON1/LON2/DLON/H
  148  138  138  144  139  139  140  142  145  145  147  149  151  152  152  152
  151  149  147  144  141  136  132  126  121  115  110  106  103  101  100  100
  101  103  106  109  112  116  119  122  125  127  128  129  130  130  132  133
  135  137  138  139  139  139  139  138  137  136  135  135  135  135  136  137
  137  137  139  136  136  140  143  153  148                                   
    67.5-180.0 180.0   5.0 450.0                            LAT/LON1/LON2/DLON/H
  147  139  138  143  137  136  137  139  142  143  145  148  150  152  153  152
  151  149  147  143  139  135  129  123  117  111  106  103  100   99   99  100
  101  104  106  110  113  117  121  123  125  126  127  127  127  127  128  130
  132  134  136  138  138  138  137  136  135  134  133  133  132  132  133  135
  135  135  137  133  135  139  140  151  147                                   
    65.0-180.0 180.0   5.0 450.0                            LAT/LON1/LON2/DLON/H
  149  140  139  144  137  136  136  137  140  141  144  148  151  153  154  154
  153  151  148  144  140  135  129  123  116  110  106  102  101  100  101  103
  104  107  109  112  115  118  120  122  123  123  123  121  121  121  122  124
  127  130  133  135  136  136  136  135  134  133  132  132  132  133  134  135
  135  136  138  135  137  141  143  153  149                                   
    62.5-180.0 180.0   5.0 450.0                            LAT/LON1/LON2/DLON/H
  155  146  145  149  142  139  138  138  140  141  143  148  152  155  157  157
  156  154  151  147  142  137  131  125  119  113  109  107  106  107  108  109
  111  112  113  114  116  117  119  120  119  118  116  114  113  113  114  117
  120  125  128  131  133  134  134  134  133  133  134  134  134  135  136  137
  137  138  141  138  141  146  148  156  155                                   
    60.0-180.0 180.0   5.0 450.0                            LAT/LON1/LON2/DLON/H
  162  155  154  156  148  144  141  139  141  140  142  146  151  154  157  158
  157  155  152  148  144  140  134  129  123  119  116  114  114  116  117  118
  118  117  116  115  114  115  115  114  113  111  108  105  103  103  104  107
  112  117  121  125  128  129  130  131  133  134  135  136  137  138  139  140
  140  141  143  142  145  151  153  160  162                                   
    57.5-180.0 180.0   5.0 450.0                            LAT/LON1/LON2/DLON/H
  170  164  163  165  157  151  146  143  142  140  141  145  149  153  156  157
  156  154  151  148  145  142  138  134  130  127  125  124  125  126  127  127
  125  121  118  114  112  111  110  109  107  104  100   97   95   94   95   99
  103  109  114  118  121  124  127  129  132  135  137  139  140  141  142  143
  142  143  146  145  149  155  158  164  170                                   
    55.0-180.0 180.0   5.0 450.0                            LAT/LON1/LON2/DLON/H
  177  173  173  175  167  160  154  149  146  142  141  144  147  150  152  153
  153  151  149  147  145  144  142  140  138  136  135  135  136  137  136  134
  130  124  118  113  110  107  106  104  101   98   95   91   89   88   89   92
   96  101  107  111  115  119  123  127  131  136  139  142  143  144  144  145
  144  145  148  147  152  158  161  167  177                                   
    52.5-180.0 180.0   5.0 450.0                            LAT/LON1/LON2/DLON/H
  183  181  181  183  176  170  163  157  153  146  144  144  145  147  149  149
  148  146  145  144  144  145  146  147  146  146  146  146  146  145  143  139
  132  124  117  111  107  105  103  101   98   95   91   88   85   84   85   87
   91   96  101  105  109  114  119  125  131  137  141  144  145  146  146  146
  145  146  149  149  154  160  164  170  183                                   
    50.0-180.0 180.0   5.0 450.0                            LAT/LON1/LON2/DLON/H
  186  186  186  190  185  179  174  167  162  154  149  147  146  146  146  145
  143  142  141  142  144  147  150  153  154  155  155  154  153  151  146  140
  132  124  116  111  107  104  103  101   98   95   91   88   86   84   84   86
   89   93   97  101  106  111  117  124  131  138  143  146  147  147  147  147
  147  148  152  151  156  162  166  173  186                                   
    47.5-180.0 180.0   5.0 450.0                            LAT/LON1/LON2/DLON/H
  188  189  190  194  191  188  185  179  174  165  158  154  150  148  145  143
  141  139  139  141  145  150  155  159  162  163  162  160  157  152  146  139
  130  122  116  111  108  107  105  103  100   97   94   91   89   87   86   87
   89   92   95   99  104  109  116  123  131  138  144  147  148  148  149  150
  150  153  156  155  160  165  169  177  188                                   
    45.0-180.0 180.0   5.0 450.0                            LAT/LON1/LON2/DLON/H
  189  191  193  197  196  195  194  191  186  178  170  164  158  152  148  144
  141  140  140  143  148  154  161  166  169  169  167  163  158  151  144  136
  128  122  117  114  112  111  109  107  103  100   98   95   93   92   91   90
   91   93   96  100  104  110  116  124  132  139  145  148  150  151  153  155
  157  160  164  163  167  171  175  184  189                                   
    42.5-180.0 180.0   5.0 450.0                            LAT/LON1/LON2/DLON/H
  192  193  196  200  200  202  203  202  199  192  184  176  168  161  154  148
  145  144  145  149  154  161  167  172  174  173  170  164  157  149  141  134
  128  123  120  119  118  117  115  111  108  105  103  101   99   98   96   95
   95   97   99  102  106  112  118  126  134  141  147  151  154  156  159  164
  167  171  176  175  178  181  184  194  192                                   
    40.0-180.0 180.0   5.0 450.0                            LAT/LON1/LON2/DLON/H
  197  199  202  205  205  208  212  212  212  206  199  191  182  172  163  156
  153  152  154  158  163  169  175  178  179  177  172  165  157  148  141  134
  130  127  126  126  125  123  120  116  112  109  108  107  106  104  102  101
  101  101  103  106  110  115  122  129  137  144  151  156  160  164  169  175
  180  186  192  191  193  195  198  208  197                                   
    37.5-180.0 180.0   5.0 450.0                            LAT/LON1/LON2/DLON/H
  207  208  212  214  214  217  221  223  225  221  215  207  197  186  176  168
  164  163  166  170  175  179  183  184  183  180  174  166  158  150  143  137
  134  133  133  133  132  129  125  120  116  114  113  113  112  111  109  107
  106  107  108  111  115  120  127  134  142  149  157  163  169  175  182  190
  197  204  210  209  211  213  216  226  207                                   
    35.0-180.0 180.0   5.0 450.0                            LAT/LON1/LON2/DLON/H
  222  224  228  229  228  230  234  237  239  237  232  225  214  203  192  183
  179  178  181  185  188  191  192  191  188  184  178  170  162  154  148  144
  142  141  140  139  137  133  128  124  120  119  119  119  119  117  115  113
  112  112  113  116  120  126  132  139  147  156  164  173  180  188  197  206
  214  221  228  227  230  233  237  246  222                                   
    32.5-180.0 180.0   5.0 450.0                            LAT/LON1/LON2/DLON/H
  240  244  249  249  248  249  252  255  258  256  252  245  235  223  211  203
  198  197  198  201  203  203  202  199  194  189  183  176  169  162  156  152
  149  147  146  143  139  135  130  126  124  124  124  125  124  123  120  118
  116  116  117  120  125  130  137  144  153  162  172  182  192  202  212  221
  229  236  243  244  247  251  257  266  240                                   
    30.0-180.0 180.0   5.0 450.0                            LAT/LON1/LON2/DLON/H
  262  267  273  274  272  273  276  278  281  280  276  270  261  249  237  227
  221  218  218  218  218  216  212  207  202  196  190  184  177  170  164  160
  156  152  148  143  139  134  130  128  127  128  129  129  128  126  124  121
  119  118  119  122  126  132  139  147  156  167  178  191  203  214  224  234
  241  248  255  256  261  267  275  285  262                                   
    27.5-180.0 180.0   5.0 450.0                            LAT/LON1/LON2/DLON/H
  282  290  297  300  299  301  304  306  309  308  306  301  292  280  268  258
  249  244  241  238  234  228  222  216  210  204  198  192  185  178  171  164
  158  152  146  141  136  132  129  128  129  130  132  132  131  128  125  122
  119  118  118  120  124  130  138  146  156  168  181  196  210  223  234  243
  249  256  264  266  272  279  290  302  282                                   
    25.0-180.0 180.0   5.0 450.0                            LAT/LON1/LON2/DLON/H
  301  310  318  324  325  329  334  337  341  341  340  336  329  319  307  296
  285  276  267  259  251  242  233  226  219  212  206  199  191  182  173  165
  157  149  141  135  131  129  128  128  130  131  132  132  130  128  124  120
  117  114  113  115  119  126  134  144  154  167  182  198  214  228  240  248
  255  262  270  273  280  288  301  315  301                                   
    22.5-180.0 180.0   5.0 450.0                            LAT/LON1/LON2/DLON/H
  314  324  334  342  347  353  361  367  373  375  376  374  370  362  352  340
  327  313  298  284  270  257  245  235  226  219  211  202  192  182  172  161
  152  143  135  130  127  126  126  128  129  131  132  131  128  125  121  116
  112  108  106  107  112  120  129  140  152  165  181  199  216  232  244  253
  260  267  276  280  288  296  310  326  314                                   
    20.0-180.0 180.0   5.0 450.0                            LAT/LON1/LON2/DLON/H
  322  332  343  353  360  369  381  391  400  406  409  411  410  407  401  390
  374  356  334  312  291  272  256  243  233  223  213  202  189  177  165  154
  144  135  129  125  124  124  125  127  128  129  129  128  125  121  116  111
  105  100   98   99  105  114  125  138  150  164  181  199  218  234  248  258
  266  275  285  289  297  303  318  336  322                                   
    17.5-180.0 180.0   5.0 450.0                            LAT/LON1/LON2/DLON/H
  326  336  346  357  366  376  390  404  417  426  434  440  445  448  446  438
  423  401  373  344  314  288  267  250  236  223  210  196  181  168  155  145
  136  129  124  123  123  124  125  126  127  127  127  125  121  116  110  104
   97   92   90   92   99  110  124  138  151  165  181  200  219  238  253  266
  275  286  297  302  308  313  327  345  326                                   
    15.0-180.0 180.0   5.0 450.0                            LAT/LON1/LON2/DLON/H
  329  338  347  356  364  375  390  406  422  434  445  457  468  478  483  480
  467  444  412  375  338  304  277  255  236  219  203  186  170  156  145  136
  129  125  123  123  125  126  126  125  125  124  123  121  117  111  104   96
   89   84   82   86   95  108  124  140  154  168  184  202  222  242  260  275
  287  300  312  318  323  325  337  355  329                                   
    12.5-180.0 180.0   5.0 450.0                            LAT/LON1/LON2/DLON/H
  334  342  348  354  361  369  383  398  414  428  442  458  474  491  503  507
  499  478  444  403  358  318  283  256  233  211  191  172  156  143  135  129
  125  123  123  125  127  128  127  124  123  122  121  118  113  106   98   89
   82   78   77   82   93  109  126  143  158  172  187  205  225  247  267  285
  300  315  329  335  339  339  351  368  334                                   
    10.0-180.0 180.0   5.0 450.0                            LAT/LON1/LON2/DLON/H
  342  350  353  356  358  363  373  385  399  412  426  443  464  485  504  514
  513  496  464  421  373  326  286  253  225  200  176  157  142  132  127  124
  123  124  126  129  130  129  126  123  121  120  118  115  109  101   92   83
   76   72   73   80   93  110  128  146  161  175  190  208  229  252  274  294
  312  329  344  351  355  354  365  382  342                                   
     7.5-180.0 180.0   5.0 450.0                            LAT/LON1/LON2/DLON/H
  355  363  363  363  361  362  366  373  383  392  404  420  440  463  485  500
  505  494  466  425  376  327  284  246  214  185  161  142  130  124  123  123
