data/edconvlstm_nd/pred2680.15i
     1.0            IONOSPHERE MAPS     GNSS                IONEX VERSION / TYPE
pyspatialgeodesy        IME             05-JAN-18 20:20     PGM / RUN BY / DATE 
Map Name                                                    COMMENT             
Predicted global ionosphere maps (GIM).                     DESCRIPTION         
  2015     9    25     0     0     0                        EPOCH OF FIRST MAP  
  2015     9    26     0     0     0                        EPOCH OF LAST MAP   
  7200                                                      INTERVAL            
    13                                                      # OF MAPS IN FILE   
  NONE                                                      MAPPING FUNCTION    
10.0                                                        ELEVATION CUTOFF    
One-way carrier phase leveled to code                       OBSERVABLES USED    
  6371.0                                                    BASE RADIUS         
 2                                                          MAP DIMENSION       
   450.0 450.0   0.0                                        HGT1 / HGT2 / DHGT  
    87.5 -87.5  -2.5                                        LAT1 / LAT2 / DLAT  
  -180.0 180.0   5.0                                        LON1 / LON2 / DLON  
    -1                                                      EXPONENT            
                                                            END OF HEADER       
[from data line 2145]
     6                                                      START OF TEC MAP    
  2015     9    25    10     0     0                        EPOCH OF CURRENT MAP
    87.5-180.0 180.0   5.0 450.0                            LAT/LON1/LON2/DLON/H
   73   79   79   83   85   86   85   81   82   84   84   84   84   83   83   82
   82   82   81   81   81   81   81   81   81   81   82   82   82   83   83   83
   83   83   83   83   83   83   82   82   81   81   81   81   80   80   80   80
   80   80   80   79   79   78   78   78   77   77   76   76   75   75   74   74
   75   76   74   72   76   77   88   90   73                                   
    85.0-180.0 180.0   5.0 450.0                            LAT/LON1/LON2/DLON/H
   70   83   90   83   85   89   89   89   89   91   90   90   89   89   88   87
   87   86   86   86   86   86   86   87   88   88   89   90   91   92   93   93
   94   94   94   94   94   93   93   92   92   91   91   90   90   89   89   89
   88   88   87   86   86   85   84   84   83   82   81   81   80   79   79   79
   80   81   76   74   73   78   86   87   70                                   
    82.5-180.0 180.0   5.0 450.0                            LAT/LON1/LON2/DLON/H
   64   76   83   79   79   83   84   85   85   86   85   85   83   82   81   79
   78   77   76   75   75   76   77   78   79   81   83   85   87   89   90   92
   93   94   95   95   95   95   95   94   94   94   93   93   92   92   92   91
   90   90   89   88   87   86   84   83   82   80   79   77   76   75   73   73
   73   73   69   67   69   75   72   73   64                                   
    80.0-180.0 180.0   5.0 450.0                            LAT/LON1/LON2/DLON/H
   60   65   72   71   73   73   74   76   77   77   75   75   73   71   68   66
   64   63   62   62   62   63   64   66   69   71   74   78   81   84   87   89
   91   93   94   95   95   96   96   95   95   95   95   95   94   94   94   93
   92   92   90   89   87   86   84   82   79   77   75   73   70   68   66   64
   64   62   60   59   60   65   68   68   60                                   
    77.5-180.0 180.0   5.0 450.0                            LAT/LON1/LON2/DLON/H
   60   60   62   62   63   66   66   68   69   69   66   66   63   61   58   56
   54   53   52   52   53   54   56   58   61   65   69   73   78   82   86   90
   93   95   97   98   99   99   99   99   99   99  100  100  100  101  101  101
  100   99   98   97   95   93   90   88   85   81   78   75   71   67   64   61
   58   56   52   51   51   50   52   57   60                                   
    75.0-180.0 180.0   5.0 450.0                            LAT/LON1/LON2/DLON/H
   47   49   48   50   52   56   57   58   59   59   56   55   52   50   48   46
   45   44   43   43   44   46   48   51   55   59   64   69   74   79   84   89
   92   96   98   99  100  101  102  102  103  104  105  106  107  109  109  110
  110  109  108  106  104  101   98   95   91   87   83   79   75   70   65   61
   56   52   47   42   43   40   42   42   47                                   
    72.5-180.0 180.0   5.0 450.0                            LAT/LON1/LON2/DLON/H
   40   41   41   43   45   50   52   52   53   53   51   50   48   47   45   43
   42   41   41   41   42   44   46   49   53   58   63   68   74   79   85   90
   94   98  101  103  104  105  106  108  109  111  113  116  118  120  122  123
  123  122  121  119  117  113  110  106  102   98   94   89   84   79   73   68
   61   55   50   43   41   37   37   40   40                                   
    70.0-180.0 180.0   5.0 450.0                            LAT/LON1/LON2/DLON/H
   37   35   38   39   41   43   45   46   47   47   46   46   45   44   43   42
   41   41   41   41   42   44   46   49   53   58   63   68   73   79   85   90
   95   99  102  104  106  108  109  111  113  117  120  124  127  130  132  133
  133  132  130  128  125  121  117  114  110  106  101   97   93   88   82   76
   69   61   55   47   42   37   38   42   37                                   
    67.5-180.0 180.0   5.0 450.0                            LAT/LON1/LON2/DLON/H
   34   33   35   37   37   39   41   42   43   44   43   44   44   44   44   44
   44   44   44   44   45   47   49   52   55   59   63   68   73   78   83   88
   93   97  100  103  105  107  109  111  115  118  123  127  132  135  137  138
  138  136  134  131  128  124  120  116  113  109  106  103  100   95   90   85
   78   70   63   53   47   40   39   41   34                                   
    65.0-180.0 180.0   5.0 450.0                            LAT/LON1/LON2/DLON/H
   35   34   35   36   35   37   38   39   40   41   42   43   44   45   46   46
   47   47   47   48   48   50   52   55   58   61   65   69   73   78   82   87
   92   97  100  104  106  109  111  114  118  122  127  133  137  141  143  143
  142  140  137  133  129  125  122  118  115  112  110  108  105  102   99   94
   88   80   73   62   55   48   46   48   35                                   
    62.5-180.0 180.0   5.0 450.0                            LAT/LON1/LON2/DLON/H
   39   36   36   36   35   35   36   36   37   39   40   42   43   45   47   48
   48   49   49   49   50   51   53   56   59   62   65   69   72   77   81   86
   91   96  101  104  108  110  113  116  120  125  131  136  140  144  145  145
  143  140  137  133  129  125  121  118  115  112  110  109  108  106  103  100
   95   87   81   70   62   54   52   54   39                                   
    60.0-180.0 180.0   5.0 450.0                            LAT/LON1/LON2/DLON/H
   44   39   38   37   33   33   33   33   33   35   36   39   40   43   45   46
   47   47   46   46   47   48   51   54   57   61   64   67   70   74   79   84
   90   96  101  106  110  113  116  119  123  128  133  138  142  145  146  145
  143  140  137  133  129  125  122  118  115  112  110  109  108  106  104  101
   96   90   85   75   67   59   56   58   44                                   
    57.5-180.0 180.0   5.0 450.0                            LAT/LON1/LON2/DLON/H
   51   43   41   38   34   32   32   31   32   33   34   36   38   40   42   43
   43   43   42   42   42   44   47   51   55   59   62   66   70   74   79   86
   92   99  106  111  116  120  123  126  129  134  138  143  147  150  151  150
  148  145  142  138  135  132  128  124  121  118  115  113  111  108  106  103
   98   92   88   79   72   64   61   62   51                                   
    55.0-180.0 180.0   5.0 450.0                            LAT/LON1/LON2/DLON/H
   58   49   46   42   36   33   32   31   31   32   32   34   35   37   38   39
   39   38   37   36   37   39   43   47   52   57   61   65   70   75   81   88
   96  105  113  120  125  129  133  135  138  141  145  150  153  156  157  157
  155  153  151  148  146  143  139  135  131  127  124  120  117  113  109  105
  100   94   90   83   76   69   65   66   58                                   
    52.5-180.0 180.0   5.0 450.0                            LAT/LON1/LON2/DLON/H
   66   57   52   47   41   38   36   34   34   33   33   33   34   35   35   35
   35   34   33   32   33   36   40   45   51   57   62   66   71   77   84   93
  103  113  123  131  138  142  145  147  149  151  154  158  161  164  165  166
  166  165  163  162  160  157  153  149  144  140  136  132  127  122  117  111
  105   98   94   87   82   75   71   71   66                                   
    50.0-180.0 180.0   5.0 450.0                            LAT/LON1/LON2/DLON/H
   74   65   60   55   48   45   42   40   39   38   36   36   35   35   34   34
   33   32   31   31   32   35   40   45   52   58   63   68   73   80   88   98
  110  122  133  144  152  158  160  161  162  163  165  167  171  173  175  177
  177  177  177  175  173  170  166  162  157  153  149  145  140  134  127  120
  113  105  101   94   88   82   78   77   74                                   
    47.5-180.0 180.0   5.0 450.0                            LAT/LON1/LON2/DLON/H
   81   74   69   65   58   55   52   50   47   45   42   40   38   37   37   36
   35   33   32   32   34   37   42   48   54   60   66   71   76   83   92  103
  116  130  144  157  167  173  176  177  176  175  176  178  181  183  185  187
  188  188  187  186  183  179  175  170  165  162  159  157  153  147  140  132
  123  114  109  101   96   91   87   86   81                                   
    45.0-180.0 180.0   5.0 450.0                            LAT/LON1/LON2/DLON/H
   87   82   78   75   68   66   63   60   57   54   50   48   45   44   42   41
   40   38   38   38   39   42   47   52   58   64   69   74   79   86   95  106
  120  136  153  168  180  188  191  192  190  189  188  189  191  193  195  196
  196  196  194  192  188  182  176  171  167  166  165  164  163  158  151  144
  134  125  118  109  104   99   96   94   87                                   
    42.5-180.0 180.0   5.0 450.0                            LAT/LON1/LON2/DLON/H
   91   88   85   84   78   77   74   71   68   64   60   57   55   53   52   50
   49   47   46   46   47   49   52   57   62   67   72   77   82   88   97  109
  123  140  159  177  191  201  205  206  204  202  202  202  203  204  205  205
  204  202  199  195  189  181  174  168  165  164  166  168  168  166  160  153
  144  134  126  116  110  105  103  101   91                                   
    40.0-180.0 180.0   5.0 450.0                            LAT/LON1/LON2/DLON/H
   92   91   90   89   85   84   82   79   76   73   69   67   66   65   64   62
   60   58   57   56   56   56   57   60   65   70   75   80   85   91   99  110
  125  143  163  183  200  212  218  219  218  217  216  217  217  218  217  215
  213  210  205  199  191  182  173  166  162  163  166  170  171  170  165  159
  150  140  131  121  113  108  107  105   92                                   
    37.5-180.0 180.0   5.0 450.0                            LAT/LON1/LON2/DLON/H
   92   92   91   91   88   88   86   83   81   78   76   76   77   77   77   76
   73   70   68   66   63   62   61   63   67   72   78   84   89   95  102  113
  127  146  167  189  208  221  229  232  233  233  234  235  236  236  235  232
  229  226  220  213  204  192  181  172  168  168  170  174  175  173  169  162
  153  143  133  123  114  108  106  105   92                                   
    35.0-180.0 180.0   5.0 450.0                            LAT/LON1/LON2/DLON/H
   91   90   89   90   87   87   86   84   82   81   81   84   87   89   90   88
   85   81   78   74   70   66   63   64   68   75   82   89   95  100  107  117
  131  150  172  195  216  231  241  246  249  252  255  258  260  261  260  258
  256  253  249  242  233  220  207  196  189  185  185  185  184  179  172  165
  155  145  134  123  113  105  102  102   91                                   
    32.5-180.0 180.0   5.0 450.0                            LAT/LON1/LON2/DLON/H
   90   87   86   86   84   84   83   81   81   81   84   89   95   99  101   99
   95   90   85   80   74   69   65   65   70   78   87   96  103  108  115  125
  138  157  179  203  225  242  254  261  268  274  281  287  291  293  294  294
  295  295  294  289  281  268  253  239  228  220  215  209  201  192  181  170
  159  147  136  124  113  101   99   97   90                                   
    30.0-180.0 180.0   5.0 450.0                            LAT/LON1/LON2/DLON/H
   92   86   84   82   80   80   79   78   78   80   84   92  100  107  109  108
  103   97   91   85   78   71   66   67   73   83   94  104  112  118  125  135
  148  167  190  214  237  256  269  280  289  299  310  319  326  331  335  340
  344  349  352  352  345  334  318  301  286  272  259  245  230  213  196  181
  167  153  141  127  115  102   98   96   92                                   
    27.5-180.0 180.0   5.0 450.0                            LAT/LON1/LON2/DLON/H
   97   88   84   80   78   77   77   76   77   79   84   93  103  110  114  112
  107  101   95   88   81   73   69   70   77   88  101  112  121  128  136  146
  161  180  203  228  252  272  287  300  313  327  341  354  364  373  381  390
  400  411  419  423  420  410  394  374  354  334  313  291  268  243  220  200
  182  165  152  137  124  108  104  100   97                                   
    25.0-180.0 180.0   5.0 450.0                            LAT/LON1/LON2/DLON/H
  107   96   89   82   79   77   77   77   77   79   84   93  103  111  115  113
  109  103   97   90   83   76   73   75   83   95  107  119  128  137  147  160
  176  196  220  246  270  291  308  323  338  355  372  388  401  414  426  440
  456  472  485  494  494  485  468  446  421  396  369  340  310  279  250  225
  203  185  169  153  139  122  117  111  107                                   
    22.5-180.0 180.0   5.0 450.0                            LAT/LON1/LON2/DLON/H
  122  108   99   90   85   82   83   81   82   83   86   93  101  108  112  111
  107  102   97   91   84   79   77   80   89  100  112  123  133  145  158  173
  192  214  239  265  290  311  329  345  363  381  400  418  434  449  464  482
  501  521  538  548  550  541  524  501  474  445  415  383  349  315  282  254
  229  209  191  174  161  144  138  129  122                                   
    20.0-180.0 180.0   5.0 450.0                            LAT/LON1/LON2/DLON/H
  140  127  115  103   97   93   93   91   90   89   89   93   98  104  107  106
  104  100   95   90   85   81   81   85   94  104  114  125  136  150  167  186
  208  232  258  284  309  330  349  366  384  403  423  441  458  474  491  510
  530  549  564  574  575  567  550  526  500  473  444  413  380  346  313  283
  257  235  216  199  186  170  164  152  140                                   
    17.5-180.0 180.0   5.0 450.0                            LAT/LON1/LON2/DLON/H
  160  149  136  121  113  107  107  104  102   98   95   94   96   99  101  101
   99   96   93   89   85   83   84   89   97  106  116  126  139  156  176  199
  223  249  275  301  326  347  366  384  402  421  439  457  473  489  505  520
  536  551  562  568  566  558  542  521  499  476  453  428  400  369  337  308
  281  260  240  224  212  198  191  177  160                                   
    15.0-180.0 180.0   5.0 450.0                            LAT/LON1/LON2/DLON/H
  180  172  159  142  133  125  124  120  116  109  102   98   96   95   96   96
   95   93   90   87   84   83   85   91   99  108  117  129  144  163  187  212
  238  264  290  315  338  359  378  396  414  433  450  466  481  494  506  516
  525  532  535  536  532  523  510  493  477  461  446  429  408  382  354  327
  300  279  261  246  235  223  217  202  180                                   
    12.5-180.0 180.0   5.0 450.0                            LAT/LON1/LON2/DLON/H
  199  194  181  163  153  143  141  136  130  121  112  103   97   94   93   92
   92   90   88   85   82   82   85   92  101  111  122  135  153  175  200  227
  252  278  302  325  347  366  385  403  422  439  456  470  482  492  499  503
  504  502  498  493  487  479  468  457  447  438  431  422  407  387  363  338
  313  293  275  262  253  244  238  222  199                                   
    10.0-180.0 180.0   5.0 450.0                            LAT/LON1/LON2/DLON/H
  215  213  200  181  171  160  156  150  143  133  122  111  102   96   92   91
   90   89   87   84   81   82   86   95  105  117  131  147  167  191  217  242
  266  289  311  331  350  369  387  405  424  441  457  470  480  488  491  489
  483  473  463  454  447  441  434  427  421  418  416  413  403  387  366  342
  319  300  284  273  266  258  254  238  215                                   
     7.5-180.0 180.0   5.0 450.0                            LAT/LON1/LON2/DLON/H
  228  227  214  195  185  172  167  161  154  144  132  120  109  100   95   92
   90   89   86   83   81   83   88   98  112  127  144  164  186  210  234  257
