data/edconvlstm_nd/pred1970.15i
     1.0            IONOSPHERE MAPS     GNSS                IONEX VERSION / TYPE
pyspatialgeodesy        IME             05-JAN-18 20:20     PGM / RUN BY / DATE 
Map Name                                                    COMMENT             
Predicted global ionosphere maps (GIM).                     DESCRIPTION         
  2015     7    16     0     0     0                        EPOCH OF FIRST MAP  
  2015     7    17     0     0     0                        EPOCH OF LAST MAP   
  7200                                                      INTERVAL            
    13                                                      # OF MAPS IN FILE   
  NONE                                                      MAPPING FUNCTION    
10.0                                                        ELEVATION CUTOFF    
One-way carrier phase leveled to code                       OBSERVABLES USED    
  6371.0                                                    BASE RADIUS         
 2                                                          MAP DIMENSION       
   450.0 450.0   0.0                                        HGT1 / HGT2 / DHGT  
    87.5 -87.5  -2.5                                        LAT1 / LAT2 / DLAT  
  -180.0 180.0   5.0                                        LON1 / LON2 / DLON  
    -1                                                      EXPONENT            
                                                            END OF HEADER       
[from data line 1716]
     5                                                      START OF TEC MAP    
  2015     7    16     8     0     0                        EPOCH OF CURRENT MAP
    87.5-180.0 180.0   5.0 450.0                            LAT/LON1/LON2/DLON/H
  130  131  129  134  135  134  132  129  131  132  133  134  135  135  136  136
  137  137  137  137  136  136  135  135  134  133  132  131  131  130  129  129
  128  128  127  127  127  126  126  126  126  126  126  127  127  128  128  129
  130  130  131  131  132  132  132  133  133  133  133  132  132  132  131  131
  132  133  131  129  133  132  137  134  130                                   
    85.0-180.0 180.0   5.0 450.0                            LAT/LON1/LON2/DLON/H
  130  137  140  138  138  139  139  139  140  141  141  143  144  144  145  146
  146  146  146  146  146  145  144  144  143  142  141  140  140  139  138  138
  137  137  136  136  136  135  135  135  135  136  136  137  137  138  139  141
  142  143  144  145  145  146  147  147  147  147  147  147  146  146  145  145
  146  146  141  140  135  137  140  141  130                                   
    82.5-180.0 180.0   5.0 450.0                            LAT/LON1/LON2/DLON/H
  132  140  142  136  134  135  135  135  136  137  138  139  140  141  142  143
  143  144  144  143  143  142  141  140  139  138  137  137  136  136  135  135
  135  135  135  135  135  135  135  135  136  136  137  139  140  142  144  146
  147  149  151  152  153  154  155  155  155  155  154  153  153  152  151  150
  150  149  144  143  141  143  140  135  132                                   
    80.0-180.0 180.0   5.0 450.0                            LAT/LON1/LON2/DLON/H
  135  138  137  134  132  130  130  130  131  131  132  133  135  136  137  138
  139  140  140  140  139  138  137  135  134  132  131  131  130  131  131  132
  133  134  134  135  135  135  136  136  137  138  140  142  144  147  150  153
  156  159  161  163  164  165  165  165  165  164  163  162  160  159  157  156
  155  153  149  149  146  149  152  140  135                                   
    77.5-180.0 180.0   5.0 450.0                            LAT/LON1/LON2/DLON/H
  139  138  137  134  129  129  127  126  127  126  126  127  128  130  132  133
  135  136  136  136  135  134  132  130  128  126  125  125  126  127  130  132
  135  137  139  141  142  143  144  145  146  147  150  153  156  160  164  168
  172  176  178  180  182  182  182  181  180  178  176  174  172  170  168  166
  164  162  155  155  154  151  151  147  139                                   
    75.0-180.0 180.0   5.0 450.0                            LAT/LON1/LON2/DLON/H
  136  138  132  131  126  126  123  121  120  119  118  119  119  121  123  124
  126  127  128  128  127  125  122  119  117  115  114  115  117  120  125  130
  135  139  143  146  148  149  150  151  152  155  158  161  166  171  176  181
  185  188  191  193  193  193  192  191  189  187  185  182  180  177  175  173
  170  167  161  156  155  154  154  148  136                                   
    72.5-180.0 180.0   5.0 450.0                            LAT/LON1/LON2/DLON/H
  137  140  134  132  128  127  125  121  119  117  115  115  115  116  117  119
  121  122  123  123  121  119  116  112  109  107  106  108  112  117  124  132
  140  147  152  157  159  161  162  163  164  167  170  175  180  186  191  196
  200  203  204  205  204  203  201  199  197  194  192  190  188  186  184  182
  179  176  170  165  161  159  156  154  137                                   
    70.0-180.0 180.0   5.0 450.0                            LAT/LON1/LON2/DLON/H
  142  141  135  133  128  125  122  118  116  113  109  108  107  107  108  110
  111  112  113  112  111  108  104  100   97   94   94   97  102  110  120  130
  141  150  158  163  166  167  168  169  171  174  178  184  189  195  201  205
  208  209  209  208  205  203  200  197  194  192  190  189  189  188  186  186
  183  179  174  169  164  163  163  160  142                                   
    67.5-180.0 180.0   5.0 450.0                            LAT/LON1/LON2/DLON/H
  142  142  137  135  130  126  122  118  114  111  107  105  103  102  102  103
  104  104  104  104  102   99   95   91   87   86   86   90   97  106  118  131
  143  154  162  167  171  172  173  174  176  180  185  191  198  203  208  211
  212  211  209  206  202  197  193  190  187  186  185  186  186  187  187  187
  185  181  176  171  166  166  164  161  142                                   
    65.0-180.0 180.0   5.0 450.0                            LAT/LON1/LON2/DLON/H
  145  146  140  138  132  128  124  119  115  111  106  104  101   99   98   97
   97   97   97   96   94   91   87   84   81   80   82   87   96  107  120  134
  147  158  167  172  175  177  177  179  182  187  193  201  207  213  217  218
  217  213  209  203  198  192  187  183  181  180  181  183  185  187  188  189
  188  185  179  175  171  171  170  167  145                                   
    62.5-180.0 180.0   5.0 450.0                            LAT/LON1/LON2/DLON/H
  148  151  145  142  136  131  126  121  116  111  106  103   99   97   94   93
   91   90   89   87   85   83   80   78   77   78   81   88   98  110  124  138
  151  162  170  175  178  179  180  182  186  193  201  209  216  221  223  222
  219  214  208  201  194  188  183  179  176  176  178  180  184  187  189  190
  189  186  182  178  174  174  174  171  148                                   
    60.0-180.0 180.0   5.0 450.0                            LAT/LON1/LON2/DLON/H
  154  157  151  146  139  134  128  121  115  110  104  100   97   93   90   87
   85   83   81   78   76   75   73   73   74   77   82   90  101  114  128  141
  153  164  171  176  178  180  182  185  190  198  207  216  223  228  228  226
  221  215  208  201  194  188  182  178  176  176  177  180  184  187  189  190
  189  187  182  179  176  178  178  175  154                                   
    57.5-180.0 180.0   5.0 450.0                            LAT/LON1/LON2/DLON/H
  162  166  160  153  145  138  130  122  115  108  102   97   93   89   86   83
   79   76   73   71   69   68   67   69   72   77   85   95  107  119  133  145
  156  166  173  177  180  183  185  190  196  205  215  224  231  235  234  231
  225  219  212  206  201  195  190  185  182  181  182  184  187  190  191  191
  190  187  184  181  180  183  184  180  162                                   
    55.0-180.0 180.0   5.0 450.0                            LAT/LON1/LON2/DLON/H
  172  176  171  162  153  143  133  122  113  105   97   92   88   84   81   77
   74   71   68   65   63   62   63   65   70   77   87   98  111  124  136  148
  158  167  175  180  184  187  191  196  204  213  223  232  239  241  240  236
  231  225  220  216  212  208  203  198  194  191  190  191  192  193  193  192
  190  188  185  184  184  188  189  186  172                                   
    52.5-180.0 180.0   5.0 450.0                            LAT/LON1/LON2/DLON/H
  183  187  183  173  162  150  138  124  113  102   93   87   82   79   76   73
   70   67   64   61   59   59   60   63   69   77   88  100  113  126  138  150
  160  169  178  185  191  195  200  205  213  222  232  240  246  248  246  242
  238  234  231  229  227  224  219  213  207  203  199  198  198  197  196  194
  191  189  187  187  188  193  194  190  183                                   
    50.0-180.0 180.0   5.0 450.0                            LAT/LON1/LON2/DLON/H
  193  198  193  183  171  158  144  128  114  101   91   84   78   75   72   70
   68   66   64   62   60   59   60   63   69   77   88  100  113  126  139  150
  161  172  183  192  200  206  211  216  223  232  241  249  253  255  253  250
  247  245  244  243  242  240  235  228  221  214  209  205  203  201  199  197
  194  192  190  191  193  198  199  195  193                                   
    47.5-180.0 180.0   5.0 450.0                            LAT/LON1/LON2/DLON/H
  200  204  201  191  179  165  150  133  117  103   91   83   77   73   70   69
   69   68   67   66   64   63   63   66   70   78   88  100  112  125  138  150
  163  176  189  201  211  218  223  228  235  242  250  257  262  263  262  259
  257  256  256  256  256  253  248  240  231  223  216  211  208  206  203  201
  198  197  195  196  198  202  203  197  200                                   
    45.0-180.0 180.0   5.0 450.0                            LAT/LON1/LON2/DLON/H
  202  206  202  193  183  169  154  137  121  106   95   86   79   75   72   72
   72   73   74   73   72   71   70   72   75   81   89   99  111  124  137  151
  165  181  196  210  221  229  235  240  245  252  260  267  272  273  273  271
  270  269  268  268  266  263  256  248  239  230  222  217  214  212  210  208
  206  205  203  203  203  206  205  198  202                                   
    42.5-180.0 180.0   5.0 450.0                            LAT/LON1/LON2/DLON/H
  198  201  197  189  182  169  154  139  124  111  100   92   85   80   77   76
   78   80   82   83   83   82   81   81   82   86   92  100  111  123  137  152
  168  185  203  218  231  239  245  250  255  263  271  278  284  287  287  286
  285  283  281  279  275  271  264  255  245  236  229  225  222  220  219  219
  217  216  213  211  209  209  206  197  198                                   
    40.0-180.0 180.0   5.0 450.0                            LAT/LON1/LON2/DLON/H
  190  190  187  179  173  162  150  137  125  115  106   99   93   87   84   83
   85   88   91   93   94   93   93   92   93   94   98  104  113  125  138  154
  171  190  208  224  237  246  252  258  264  272  282  291  298  303  305  305
  303  300  296  292  287  281  274  265  256  247  240  236  234  233  233  233
  232  231  226  222  216  212  207  195  190                                   
    37.5-180.0 180.0   5.0 450.0                            LAT/LON1/LON2/DLON/H
  181  178  174  164  160  150  141  132  124  116  111  107  101   96   92   90
   91   95   99  102  104  104  104  104  104  105  107  111  118  129  142  157
  175  193  211  227  240  249  256  263  272  282  294  305  314  321  325  326
  325  321  316  310  305  299  292  283  274  265  258  254  252  251  251  251
  250  248  241  233  224  216  208  194  181                                   
    35.0-180.0 180.0   5.0 450.0                            LAT/LON1/LON2/DLON/H
  174  167  161  149  145  136  130  124  119  116  114  113  109  104   99   97
   97  100  104  108  111  113  115  116  116  116  117  120  126  135  147  162
  178  195  212  227  239  249  258  267  279  292  306  319  331  340  347  350
  349  346  342  337  332  327  321  313  303  293  285  279  276  273  272  271
  269  265  256  246  233  222  211  196  174                                   
    32.5-180.0 180.0   5.0 450.0                            LAT/LON1/LON2/DLON/H
  173  162  154  139  133  124  120  116  114  114  115  117  115  111  106  102
  101  103  107  112  116  120  123  126  127  128  128  129  134  142  153  167
  181  196  211  224  236  248  259  271  285  301  318  333  347  358  367  372
  374  374  373  371  370  367  362  353  342  329  318  310  304  299  295  292
  287  282  271  259  244  229  217  201  173                                   
    30.0-180.0 180.0   5.0 450.0                            LAT/LON1/LON2/DLON/H
  180  165  155  136  128  118  115  111  111  112  116  119  120  116  111  106
  105  106  109  113  118  124  129  134  137  138  138  138  142  149  158  170
  183  195  208  221  233  246  260  275  292  310  328  345  360  373  383  392
  398  402  406  410  414  415  411  401  387  371  356  344  334  325  318  311
  304  297  285  272  256  240  227  211  180                                   
    27.5-180.0 180.0   5.0 450.0                            LAT/LON1/LON2/DLON/H
  196  176  165  143  132  122  118  114  114  114  118  122  124  121  116  110
  107  107  110  115  121  127  134  140  144  145  145  145  147  153  161  171
  182  194  205  217  230  245  262  280  299  318  336  353  368  382  395  406
  417  427  438  448  457  462  460  449  432  413  393  377  363  350  339  329
  319  310  297  284  269  254  240  225  196                                   
    25.0-180.0 180.0   5.0 450.0                            LAT/LON1/LON2/DLON/H
  216  194  182  159  147  136  131  125  123  122  124  127  128  126  120  114
  110  110  112  117  123  131  138  145  149  149  148  147  148  153  160  170
  180  191  202  215  230  247  266  286  306  324  341  357  371  385  400  415
  430  446  462  478  493  501  500  489  470  447  425  405  388  372  357  344
  331  321  309  297  284  270  256  242  216                                   
    22.5-180.0 180.0   5.0 450.0                            LAT/LON1/LON2/DLON/H
  239  215  203  181  167  156  151  144  139  136  135  136  135  132  126  120
  115  114  116  121  127  135  142  148  151  150  147  145  144  148  156  166
  177  188  201  215  231  250  271  292  312  329  344  358  371  385  401  418
  436  456  477  497  515  525  525  514  494  471  448  427  408  390  373  358
  344  333  321  310  299  287  274  261  239                                   
    20.0-180.0 180.0   5.0 450.0                            LAT/LON1/LON2/DLON/H
  258  235  223  204  190  179  173  166  160  154  150  148  145  140  134  127
  121  119  121  126  133  140  147  151  151  148  142  138  136  140  148  159
  172  186  200  217  235  255  277  298  317  333  346  359  371  384  400  418
  438  459  482  504  522  534  534  524  505  483  462  443  424  406  388  372
  357  346  335  325  316  305  292  279  258                                   
    17.5-180.0 180.0   5.0 450.0                            LAT/LON1/LON2/DLON/H
  272  250  239  223  209  198  193  187  180  173  167  162  157  151  144  136
  130  127  128  133  139  146  150  152  149  143  134  127  125  129  138  152
  167  183  201  219  240  261  282  303  321  336  349  361  372  385  400  418
  437  458  481  502  519  529  529  521  505  488  470  454  437  420  403  387
  373  363  352  342  333  323  309  295  272                                   
    15.0-180.0 180.0   5.0 450.0                            LAT/LON1/LON2/DLON/H
  280  259  249  234  221  210  204  200  195  188  182  176  170  163  155  146
  139  135  136  139  145  150  152  151  145  136  125  116  113  117  128  144
  162  181  202  223  244  265  286  306  323  339  353  366  378  391  406  422
  440  459  478  496  509  517  517  510  500  487  475  463  450  434  419  404
  391  382  372  361  351  339  324  307  280                                   
    12.5-180.0 180.0   5.0 450.0                            LAT/LON1/LON2/DLON/H
  284  264  253  238  226  212  206  203  200  195  190  185  180  173  165  157
  149  144  143  145  148  151  151  147  139  127  115  105  102  107  120  137
  158  180  203  225  247  268  287  306  324  342  358  374  389  403  417  432
  448  464  479  492  500  505  504  500  494  487  480  472  461  448  434  422
  411  402  393  380  368  353  335  317  284                                   
    10.0-180.0 180.0   5.0 450.0                            LAT/LON1/LON2/DLON/H
  287  267  256  239  225  209  201  197  196  194  191  188  184  179  172  165
  157  152  149  148  148  147  145  139  130  118  106   96   93   99  114  133
  156  179  203  226  247  267  285  303  323  343  364  384  402  419  435  450
  464  477  487  494  497  498  498  496  493  491  487  481  472  460  448  437
  428  420  411  397  383  363  344  324  287                                   
     7.5-180.0 180.0   5.0 450.0                            LAT/LON1/LON2/DLON/H
  291  273  261  240  225  205  193  188  187  186  186  185  182  179  174  168
  162  156  151  147  144  140  134  128  120  110   98   90   88   95  111  131
