data/edconvlstm_nd/pred1710.15i
     1.0            IONOSPHERE MAPS     GNSS                IONEX VERSION / TYPE
pyspatialgeodesy        IME             05-JAN-18 20:20     PGM / RUN BY / DATE 
Map Name                                                    COMMENT             
Predicted global ionosphere maps (GIM).                     DESCRIPTION         
  2015     6    20     0     0     0                        EPOCH OF FIRST MAP  
  2015     6    21     0     0     0                        EPOCH OF LAST MAP   
  7200                                                      INTERVAL            
    13                                                      # OF MAPS IN FILE   
  NONE                                                      MAPPING FUNCTION    
10.0                                                        ELEVATION CUTOFF    
One-way carrier phase leveled to code                       OBSERVABLES USED    
  6371.0                                                    BASE RADIUS         
 2                                                          MAP DIMENSION       
   450.0 450.0   0.0                                        HGT1 / HGT2 / DHGT  
    87.5 -87.5  -2.5                                        LAT1 / LAT2 / DLAT  
  -180.0 180.0   5.0                                        LON1 / LON2 / DLON  
    -1                                                      EXPONENT            
                                                            END OF HEADER       
[from data line 3003]
     8                                                      START OF TEC MAP    
  2015     6    20    14     0     0                        EPOCH OF CURRENT MAP
    87.5-180.0 180.0   5.0 450.0                            LAT/LON1/LON2/DLON/H
  167  164  158  165  167  167  166  165  166  168  167  168  168  168  168  168
  168  168  168  167  167  167  167  166  166  165  165  165  164  164  163  163
  162  162  161  161  161  160  160  159  159  159  159  159  159  159  159  159
  159  159  159  159  159  159  159  160  160  160  160  160  160  160  159  159
  159  160  159  159  165  165  170  169  167                                   
    85.0-180.0 180.0   5.0 450.0                            LAT/LON1/LON2/DLON/H
  156  159  168  165  164  168  169  170  171  172  172  173  173  173  173  174
  174  173  173  173  173  173  173  172  172  172  171  171  170  170  169  168
  168  167  166  166  165  164  164  163  163  163  163  163  163  163  163  164
  164  164  164  164  164  164  164  164  164  164  164  164  164  164  164  164
  164  165  162  161  161  159  163  167  156                                   
    82.5-180.0 180.0   5.0 450.0                            LAT/LON1/LON2/DLON/H
  140  152  155  153  153  158  161  163  163  165  165  166  166  167  167  167
  168  168  168  168  168  169  169  169  169  169  169  168  168  168  167  166
  165  164  163  162  161  160  159  158  158  157  158  158  158  159  159  159
  160  160  160  160  160  160  160  160  160  159  159  158  158  157  156  155
  155  154  151  153  151  158  156  148  140                                   
    80.0-180.0 180.0   5.0 450.0                            LAT/LON1/LON2/DLON/H
  135  145  150  150  150  152  155  159  160  162  162  164  164  165  165  165
  166  166  166  167  167  167  167  167  168  168  168  168  168  168  167  166
  165  164  162  160  159  157  156  156  155  155  156  157  158  159  160  161
  161  162  162  163  163  163  162  162  162  161  160  159  158  156  155  154
  153  151  148  149  145  145  148  141  135                                   
    77.5-180.0 180.0   5.0 450.0                            LAT/LON1/LON2/DLON/H
  136  139  144  145  145  149  151  154  155  157  157  158  158  159  159  160
  160  161  161  162  163  163  164  165  165  166  167  168  168  169  169  168
  167  166  164  162  160  159  158  157  157  157  159  160  162  163  165  166
  167  168  169  169  169  169  169  168  167  166  165  163  161  158  156  153
  151  148  144  144  144  139  141  140  136                                   
    75.0-180.0 180.0   5.0 450.0                            LAT/LON1/LON2/DLON/H
  131  135  137  140  141  146  148  150  152  154  154  154  155  155  155  156
  157  157  158  159  160  160  161  162  163  164  166  167  169  170  171  171
  171  169  168  166  163  162  160  160  160  161  163  165  167  169  171  173
  174  175  175  175  175  175  175  175  174  173  172  170  167  164  161  158
  154  150  145  141  140  137  138  129  131                                   
    72.5-180.0 180.0   5.0 450.0                            LAT/LON1/LON2/DLON/H
  125  130  132  137  137  142  146  148  150  151  150  151  151  151  151  151
  152  153  154  155  156  157  157  158  159  160  162  164  167  169  171  172
  172  171  170  168  165  163  162  161  162  163  166  168  171  174  176  177
  178  178  178  178  178  178  179  179  179  179  178  176  174  170  166  162
  156  151  146  141  137  134  134  131  125                                   
    70.0-180.0 180.0   5.0 450.0                            LAT/LON1/LON2/DLON/H
  124  127  130  134  134  139  143  146  148  150  149  149  149  149  149  149
  150  151  152  153  154  154  154  154  154  155  157  159  163  166  169  171
  172  172  170  168  166  164  162  162  163  164  167  170  173  175  177  178
  178  177  176  176  176  177  178  180  181  183  183  182  181  177  173  168
  162  156  149  143  138  135  136  132  124                                   
    67.5-180.0 180.0   5.0 450.0                            LAT/LON1/LON2/DLON/H
  124  128  131  135  135  141  146  150  152  154  154  154  154  153  153  153
  154  155  156  157  157  156  155  154  153  154  155  158  161  165  169  171
  173  173  172  170  168  166  164  164  165  168  171  174  177  179  179  179
  178  176  175  174  174  176  178  182  185  189  191  192  191  188  184  180
  173  165  158  150  143  138  137  134  124                                   
    65.0-180.0 180.0   5.0 450.0                            LAT/LON1/LON2/DLON/H
  125  128  130  134  134  140  145  150  154  157  158  159  158  158  157  158
  158  159  160  161  160  159  157  155  153  153  154  156  160  164  168  171
  173  174  173  171  169  167  166  166  167  170  173  176  179  180  180  178
  175  172  170  169  170  172  177  182  188  193  197  199  200  198  194  189
  182  174  166  158  150  145  144  141  125                                   
    62.5-180.0 180.0   5.0 450.0                            LAT/LON1/LON2/DLON/H
  126  129  130  133  132  138  144  151  156  160  162  163  164  164  164  164
  165  165  166  166  165  164  161  158  156  154  155  157  161  165  169  172
  174  174  174  172  170  168  168  168  170  173  176  179  181  182  180  177
  174  170  166  165  167  170  176  184  191  198  203  206  206  205  202  197
  189  182  173  165  156  150  149  145  126                                   
    60.0-180.0 180.0   5.0 450.0                            LAT/LON1/LON2/DLON/H
  127  128  128  130  128  134  140  147  153  159  162  165  167  168  168  169
  169  170  170  170  169  167  164  161  159  158  158  160  163  167  171  174
  175  176  175  174  172  171  171  172  174  177  181  184  185  185  182  178
  173  169  165  164  166  171  178  187  195  202  207  210  211  209  205  200
  193  185  177  169  160  153  152  148  127                                   
    57.5-180.0 180.0   5.0 450.0                            LAT/LON1/LON2/DLON/H
  127  127  125  125  122  128  134  141  148  155  160  165  168  170  172  173
  173  174  174  173  172  170  168  166  164  163  163  166  169  172  175  177
  178  179  178  177  177  176  177  178  181  184  188  190  191  190  187  183
  177  172  169  168  171  176  184  193  201  207  211  213  212  210  206  200
  193  185  177  170  161  154  153  149  127                                   
    55.0-180.0 180.0   5.0 450.0                            LAT/LON1/LON2/DLON/H
  126  124  122  121  116  121  126  133  141  148  154  160  166  170  173  175
  176  176  176  175  174  173  171  169  168  168  170  172  175  178  180  181
  182  182  182  183  183  183  185  187  190  193  196  198  199  198  194  189
  184  179  176  176  179  184  192  200  207  212  214  213  211  207  202  197
  189  182  174  167  159  152  151  148  126                                   
    52.5-180.0 180.0   5.0 450.0                            LAT/LON1/LON2/DLON/H
  125  122  120  117  112  115  119  125  132  139  147  154  162  168  173  176
  178  178  178  177  176  175  174  173  172  173  176  179  182  184  185  186
  186  187  188  190  191  193  195  197  200  203  206  208  208  206  203  198
  193  189  186  186  189  194  201  208  213  215  215  212  207  202  197  191
  184  177  168  162  154  148  147  144  125                                   
    50.0-180.0 180.0   5.0 450.0                            LAT/LON1/LON2/DLON/H
  123  121  119  116  109  112  115  119  125  132  140  149  158  167  174  179
  181  182  181  180  179  178  177  177  177  179  181  185  187  189  190  190
  191  193  196  199  202  205  208  210  213  215  217  218  217  215  211  207
  203  200  197  197  199  204  209  214  217  217  214  209  203  197  192  186
  179  172  164  157  150  144  142  140  123                                   
    47.5-180.0 180.0   5.0 450.0                            LAT/LON1/LON2/DLON/H
  122  120  119  116  109  111  113  117  122  128  136  146  157  168  178  185
  188  189  188  187  185  184  183  183  183  185  187  190  192  194  194  195
  197  200  205  210  215  220  223  226  228  229  230  229  227  224  220  217
  213  210  208  207  208  211  215  218  219  218  213  207  200  194  189  184
  177  170  161  154  146  141  138  137  122                                   
    45.0-180.0 180.0   5.0 450.0                            LAT/LON1/LON2/DLON/H
  120  120  120  118  111  113  115  118  122  128  136  148  160  174  185  194
  199  200  200  198  196  194  192  191  191  192  193  196  197  198  199  201
  204  210  217  225  232  238  242  244  246  246  244  241  237  233  229  226
  223  220  217  214  213  215  217  219  219  217  212  205  199  194  190  186
  179  172  163  155  146  140  137  134  120                                   
    42.5-180.0 180.0   5.0 450.0                            LAT/LON1/LON2/DLON/H
  119  121  121  120  115  117  119  121  126  132  140  153  168  183  196  206
  212  215  215  213  210  207  204  202  201  201  201  203  204  204  205  208
  214  223  233  244  253  260  265  267  267  265  261  256  249  243  238  235
  232  228  224  220  217  217  217  218  218  216  211  206  201  197  195  191
  185  178  168  159  149  142  137  134  119                                   
    40.0-180.0 180.0   5.0 450.0                            LAT/LON1/LON2/DLON/H
  119  123  122  121  118  120  123  126  131  138  148  161  178  194  210  221
  228  232  232  230  226  223  219  215  213  212  212  212  212  213  215  220
  228  240  254  267  278  287  292  294  293  289  282  273  264  256  250  245
  242  238  233  227  222  219  218  218  217  215  212  208  205  203  201  199
  193  186  176  166  155  146  141  136  119                                   
    37.5-180.0 180.0   5.0 450.0                            LAT/LON1/LON2/DLON/H
  121  125  124  122  120  123  127  131  137  145  156  171  189  207  223  236
  244  248  249  247  243  238  234  230  227  225  225  225  225  225  228  235
  247  262  278  294  307  317  323  324  322  315  305  294  282  272  264  260
  256  251  244  236  229  223  220  219  218  216  214  211  209  209  208  206
  201  194  184  174  163  153  146  140  121                                   
    35.0-180.0 180.0   5.0 450.0                            LAT/LON1/LON2/DLON/H
  125  128  126  123  122  124  129  134  141  150  163  179  198  217  235  249
  258  262  263  261  257  253  248  244  242  240  240  240  241  242  247  256
  270  287  306  323  338  348  354  356  352  343  331  317  303  292  283  278
  273  268  260  250  240  232  227  224  221  219  216  214  213  213  213  211
  205  199  189  181  170  160  153  145  125                                   
    32.5-180.0 180.0   5.0 450.0                            LAT/LON1/LON2/DLON/H
  132  133  129  125  123  125  129  135  143  153  166  184  204  225  243  258
  268  273  274  272  268  264  260  257  256  256  257  259  260  263  269  280
  296  315  335  353  367  378  384  385  380  370  356  341  327  315  307  301
  296  290  280  269  257  246  238  231  226  222  218  216  214  214  213  210
  204  199  190  184  175  166  159  150  132                                   
    30.0-180.0 180.0   5.0 450.0                            LAT/LON1/LON2/DLON/H
  140  140  134  128  126  126  130  134  142  152  166  185  206  227  247  262
  273  279  281  279  276  272  269  268  269  272  275  278  281  285  293  306
  324  344  363  380  393  403  408  409  403  393  380  365  352  342  334  329
  323  316  305  292  277  263  251  241  232  224  218  214  211  209  207  204
  198  194  187  183  177  171  165  155  140                                   
    27.5-180.0 180.0   5.0 450.0                            LAT/LON1/LON2/DLON/H
  150  148  141  135  131  130  132  134  140  149  163  181  203  225  246  263
  275  282  284  282  279  277  276  278  282  287  292  297  302  309  319  333
  351  370  388  403  414  422  426  425  420  411  399  387  377  369  363  358
  353  344  332  316  298  280  264  249  236  224  215  208  203  200  196  192
  187  184  179  178  176  174  168  160  150                                   
    25.0-180.0 180.0   5.0 450.0                            LAT/LON1/LON2/DLON/H
  158  157  149  143  139  137  136  135  139  146  158  175  197  220  241  260
  273  281  284  283  281  280  282  286  293  301  309  316  323  331  342  357
  375  393  408  419  427  433  435  434  430  422  413  405  399  394  391  386
  380  370  356  337  316  293  272  252  235  220  208  198  192  187  183  178
  173  171  168  171  172  174  170  163  158                                   
    22.5-180.0 180.0   5.0 450.0                            LAT/LON1/LON2/DLON/H
  163  164  156  152  149  146  143  139  139  143  153  168  189  211  234  254
  269  278  282  283  282  283  287  295  304  314  323  332  341  351  363  379
  395  411  423  430  435  438  439  437  434  428  423  419  417  416  414  410
  403  390  372  350  324  298  273  249  229  212  198  187  179  173  169  164
  160  159  157  162  166  171  168  163  163                                   
    20.0-180.0 180.0   5.0 450.0                            LAT/LON1/LON2/DLON/H
  164  167  160  159  157  155  151  145  142  142  149  162  180  202  225  246
  263  274  280  282  283  287  294  303  315  326  337  347  357  369  382  397
  412  425  433  438  439  439  439  437  435  432  430  430  432  433  432  427
  417  402  380  353  324  294  266  241  220  202  188  177  169  162  158  154
  150  150  149  153  159  165  163  160  164                                   
    17.5-180.0 180.0   5.0 450.0                            LAT/LON1/LON2/DLON/H
  159  165  161  162  162  160  157  150  144  143  146  156  173  193  216  238
  256  270  278  282  286  292  301  313  325  337  349  360  372  384  398  412
  425  436  442  443  442  441  439  438  437  436  437  440  444  446  445  438
  425  405  379  349  316  284  255  230  210  194  181  171  163  157  152  149
  145  145  143  147  152  158  156  154  159                                   
    15.0-180.0 180.0   5.0 450.0                            LAT/LON1/LON2/DLON/H
  149  157  155  158  160  160  159  152  146  143  144  152  166  185  207  230
  250  265  276  283  289  297  309  322  336  348  360  372  384  398  412  425
  437  446  450  450  448  446  444  443  442  443  446  450  454  455  451  442
  425  402  373  339  304  271  243  219  201  188  177  169  162  157  153  150
  146  145  142  143  146  150  148  145  149                                   
    12.5-180.0 180.0   5.0 450.0                            LAT/LON1/LON2/DLON/H
  136  145  144  148  152  154  155  150  145  142  142  149  161  178  199  222
  244  261  274  283  292  303  317  331  345  357  369  382  396  411  425  438
  448  455  459  459  458  456  455  453  453  454  457  460  462  460  453  440
  421  395  363  327  291  258  231  210  195  185  177  171  166  161  158  155
  152  149  144  143  142  142  139  135  136                                   
    10.0-180.0 180.0   5.0 450.0                            LAT/LON1/LON2/DLON/H
  123  132  130  135  140  143  146  143  140  139  140  145  156  172  192  215
  238  257  272  284  295  308  322  338  352  365  377  390  406  422  437  449
  458  465  469  471  471  471  469  468  467  466  467  467  466  461  450  434
  412  384  351  314  278  247  222  203  191  184  179  175  171  168  165  163
  158  155  148  143  140  136  131  126  123                                   
     7.5-180.0 180.0   5.0 450.0                            LAT/LON1/LON2/DLON/H
  113  120  117  121  125  128  133  133  133  133  136  142  152  167  187  210
  233  253  270  283  296  310  326  342  357  370  383  398  415  432  448  459
