data/edconvlstm_nd/pred0690.15i
     1.0            IONOSPHERE MAPS     GNSS                IONEX VERSION / TYPE
pyspatialgeodesy        IME             05-JAN-18 20:20     PGM / RUN BY / DATE 
Map Name                                                    COMMENT             
Predicted global ionosphere maps (GIM).                     DESCRIPTION         
  2015     3    10     0     0     0                        EPOCH OF FIRST MAP  
  2015     3    11     0     0     0                        EPOCH OF LAST MAP   
  7200                                                      INTERVAL            
    13                                                      # OF MAPS IN FILE   
  NONE                                                      MAPPING FUNCTION    
10.0                                                        ELEVATION CUTOFF    
One-way carrier phase leveled to code                       OBSERVABLES USED    
  6371.0                                                    BASE RADIUS         
 2                                                          MAP DIMENSION       
   450.0 450.0   0.0                                        HGT1 / HGT2 / DHGT  
    87.5 -87.5  -2.5                                        LAT1 / LAT2 / DLAT  
  -180.0 180.0   5.0                                        LON1 / LON2 / DLON  
    -1                                                      EXPONENT            
                                                            END OF HEADER       
[from data line 2145]
     6                                                      START OF TEC MAP    
  2015     3    10    10     0     0                        EPOCH OF CURRENT MAP
    87.5-180.0 180.0   5.0 450.0                            LAT/LON1/LON2/DLON/H
   86   84   79   86   91   92   92   92   96  100  103  106  108  110  112  114
  115  116  117  118  118  119  119  119  119  119  119  119  118  118  118  118
  117  117  116  115  114  113  112  111  110  108  107  106  105  103  102  101
  100   99   98   96   95   94   93   91   90   88   86   85   83   81   79   78
   77   78   76   74   78   78   89   93   86                                   
    85.0-180.0 180.0   5.0 450.0                            LAT/LON1/LON2/DLON/H
   69   74   78   78   82   87   89   93   97  102  105  109  111  114  116  118
  120  121  122  123  124  124  124  125  125  125  126  126  126  126  126  126
  126  125  125  124  123  122  121  120  119  118  116  115  113  112  111  109
  107  106  104  103  101   99   97   95   93   90   88   86   83   81   78   76
   75   75   70   68   67   70   75   80   69                                   
    82.5-180.0 180.0   5.0 450.0                            LAT/LON1/LON2/DLON/H
   49   57   61   63   66   71   75   80   85   91   95  100  104  107  110  112
  114  115  117  118  118  119  120  121  122  123  124  125  126  127  128  129
  130  130  131  131  131  131  131  130  130  129  128  127  126  124  123  121
  120  118  116  114  111  109  106  103   99   96   92   88   83   79   74   70
   67   64   59   57   58   60   55   57   49                                   
    80.0-180.0 180.0   5.0 450.0                            LAT/LON1/LON2/DLON/H
   43   43   47   51   54   56   62   68   75   80   86   91   95   98  101  103
  105  106  107  107  108  109  109  110  111  113  114  116  118  120  122  125
  127  129  131  132  134  135  136  137  138  138  139  139  139  138  138  138
  137  136  135  133  131  129  126  122  118  114  109  103   97   91   84   78
   72   66   59   55   52   51   51   52   43                                   
    77.5-180.0 180.0   5.0 450.0                            LAT/LON1/LON2/DLON/H
   49   43   44   46   46   49   55   60   67   72   77   82   86   89   91   93
   94   95   96   97   97   98   99  101  102  104  107  110  113  117  120  124
  128  132  136  140  144  147  150  153  155  158  160  162  163  165  166  167
  168  169  169  169  168  167  165  162  158  153  147  141  133  124  115  106
   96   87   76   70   62   53   52   55   49                                   
    75.0-180.0 180.0   5.0 450.0                            LAT/LON1/LON2/DLON/H
   52   46   42   44   44   47   50   54   59   64   67   71   74   76   78   79
   80   81   81   82   83   85   86   88   91   93   96  100  104  109  114  119
  125  130  136  141  147  152  157  161  166  170  174  178  182  185  189  192
  195  198  200  202  203  203  202  200  197  193  187  181  173  163  153  142
  129  117  103   90   80   67   63   58   52                                   
    72.5-180.0 180.0   5.0 450.0                            LAT/LON1/LON2/DLON/H
   60   53   47   47   45   48   51   53   56   59   62   65   66   68   68   69
   70   70   72   73   75   78   81   83   87   90   94   98  103  109  115  121
  128  135  142  149  155  162  168  174  180  186  191  197  202  207  212  217
  222  227  231  234  237  238  238  237  234  230  225  218  210  201  190  178
  165  150  135  119  104   88   81   76   60                                   
    70.0-180.0 180.0   5.0 450.0                            LAT/LON1/LON2/DLON/H
   71   61   55   53   49   50   51   52   54   55   56   58   58   58   58   59
   59   60   62   65   69   72   76   80   84   89   93   98  104  110  117  124
  131  139  146  154  161  168  175  182  189  196  202  208  214  220  227  233
  239  245  250  255  257  259  259  257  254  249  244  237  229  220  209  198
  184  170  155  138  122  106  100   94   71                                   
    67.5-180.0 180.0   5.0 450.0                            LAT/LON1/LON2/DLON/H
   77   68   62   60   55   55   55   54   55   55   55   56   55   55   54   54
   55   57   60   63   68   73   78   83   87   92   96  101  107  114  122  129
  137  144  152  159  166  173  180  187  194  201  207  213  220  226  232  239
  245  251  257  261  263  264  263  260  256  250  244  237  229  220  209  199
  186  173  160  143  129  115  108  104   77                                   
    65.0-180.0 180.0   5.0 450.0                            LAT/LON1/LON2/DLON/H
   80   72   66   63   58   57   56   56   55   55   55   55   54   53   52   52
   53   55   58   62   67   73   78   83   88   93   98  104  111  119  127  135
  144  151  158  165  172  178  185  193  200  207  213  220  226  231  237  243
  249  254  259  262  263  262  259  254  248  241  234  226  217  207  196  185
  173  160  149  135  124  114  109  107   80                                   
    62.5-180.0 180.0   5.0 450.0                            LAT/LON1/LON2/DLON/H
   77   69   64   62   58   56   56   55   55   55   54   54   53   52   52   52
   52   54   57   61   65   71   76   81   86   92   98  104  113  122  132  142
  151  159  165  171  177  183  190  197  205  212  219  225  231  236  241  245
  250  254  258  259  259  256  251  244  236  227  218  209  198  187  174  162
  150  137  127  115  107  100   98   99   77                                   
    60.0-180.0 180.0   5.0 450.0                            LAT/LON1/LON2/DLON/H
   72   63   58   57   53   52   52   52   52   52   52   53   52   51   51   51
   51   52   54   57   61   65   69   74   80   86   93  101  111  123  135  147
  158  166  173  178  184  189  196  204  211  219  227  233  238  243  246  250
  253  256  259  259  258  254  247  239  229  219  209  198  186  172  158  143
  129  115  105   94   89   83   83   85   72                                   
    57.5-180.0 180.0   5.0 450.0                            LAT/LON1/LON2/DLON/H
   67   57   53   51   49   47   47   48   48   49   49   50   51   51   51   50
   50   51   51   52   54   57   60   65   71   77   86   97  110  124  140  154
  167  177  184  189  194  200  206  214  222  231  239  246  252  256  259  261
  264  266  267  267  266  261  254  245  235  225  214  202  189  173  156  138
  121  105   94   83   78   71   72   74   67                                   
    55.0-180.0 180.0   5.0 450.0                            LAT/LON1/LON2/DLON/H
   68   56   51   48   46   44   45   44   45   45   46   47   48   49   50   50
   50   50   49   48   48   49   52   55   61   69   80   93  108  126  145  163
  178  190  198  204  209  215  221  229  238  247  256  264  270  275  278  279
  281  282  283  283  282  277  271  262  253  243  232  220  206  189  169  149
  129  110   98   86   80   71   70   71   68                                   
    52.5-180.0 180.0   5.0 450.0                            LAT/LON1/LON2/DLON/H
   75   62   56   51   49   47   46   45   44   44   44   46   47   49   51   52
   52   51   49   48   46   45   46   49   56   64   77   92  110  131  153  173
  191  206  216  223  229  235  241  249  257  267  276  285  293  298  301  302
  303  303  304  304  303  299  293  285  276  268  258  247  233  216  195  173
  150  130  116  101   94   83   80   78   75                                   
    50.0-180.0 180.0   5.0 450.0                            LAT/LON1/LON2/DLON/H
   89   76   69   62   59   56   53   50   47   46   46   47   49   52   55   57
   57   56   54   51   48   46   46   49   55   65   79   96  116  138  161  184
  205  222  235  245  252  259  266  273  281  290  300  309  317  323  326  327
  326  326  326  325  323  319  312  305  297  290  282  272  259  242  221  200
  176  157  141  125  117  105  100   95   89                                   
    47.5-180.0 180.0   5.0 450.0                            LAT/LON1/LON2/DLON/H
  107   96   88   80   76   72   67   61   56   53   52   53   56   59   63   66
   67   66   64   61   57   54   53   55   62   72   86  103  124  146  169  193
  215  235  252  265  276  285  292  300  307  315  324  333  341  347  350  349
  347  344  342  340  336  330  322  314  306  299  292  283  271  256  237  217
  196  178  162  148  141  129  124  116  107                                   
    45.0-180.0 180.0   5.0 450.0                            LAT/LON1/LON2/DLON/H
  125  117  110  102   98   92   86   77   70   65   64   65   68   72   76   79
   80   80   78   75   71   67   65   67   72   82   96  113  132  153  175  198
  222  244  264  281  296  309  319  326  333  340  347  355  362  367  369  366
  362  356  352  346  339  330  320  309  300  292  285  276  264  249  233  216
  199  185  172  161  157  147  142  136  125                                   
    42.5-180.0 180.0   5.0 450.0                            LAT/LON1/LON2/DLON/H
  137  135  128  123  120  114  107   96   88   82   80   82   85   90   93   95
   96   95   94   91   87   83   80   80   85   94  107  123  139  157  177  199
  222  246  270  292  312  329  342  352  359  364  370  376  382  385  384  380
  373  366  359  351  341  328  314  300  288  277  267  255  241  226  210  196
  184  174  164  158  158  153  149  145  137                                   
    40.0-180.0 180.0   5.0 450.0                            LAT/LON1/LON2/DLON/H
  140  143  140  138  137  132  126  115  106  100   98  101  106  110  113  113
  113  112  110  107  103   98   94   93   96  104  116  129  143  158  175  195
  218  245  272  300  325  347  365  378  386  391  395  400  403  405  402  397
  389  381  374  365  353  338  321  305  289  275  259  241  221  201  183  169
  158  151  144  141  145  142  142  140  140                                   
    37.5-180.0 180.0   5.0 450.0                            LAT/LON1/LON2/DLON/H
  133  140  140  142  145  142  138  130  123  117  117  121  126  131  133  132
  129  126  124  120  116  110  105  102  104  110  120  132  144  157  171  189
  213  241  273  306  337  366  389  405  416  422  426  430  432  433  430  424
  418  413  407  400  389  374  356  339  322  303  281  255  225  195  170  151
  138  129  122  119  123  121  123  124  133                                   
    35.0-180.0 180.0   5.0 450.0                            LAT/LON1/LON2/DLON/H
  121  130  132  135  141  141  141  137  133  130  132  138  145  149  150  147
  143  138  134  129  124  117  110  106  106  112  121  133  144  155  168  185
  209  240  276  314  352  386  415  437  451  460  466  470  472  473  471  467
  465  464  464  461  453  441  426  411  394  373  346  310  269  227  191  163
  142  127  114  106  106  101  103  104  121                                   
    32.5-180.0 180.0   5.0 450.0                            LAT/LON1/LON2/DLON/H
  110  117  120  124  131  131  136  136  135  137  141  150  158  163  164  159
  153  146  139  133  126  119  111  106  106  112  122  134  146  156  169  186
  212  246  285  328  370  409  444  471  490  504  513  520  524  526  526  527
  530  536  542  546  545  539  530  519  505  485  454  411  359  305  256  216
  184  159  136  118  110   96   92   91  110                                   
    30.0-180.0 180.0   5.0 450.0                            LAT/LON1/LON2/DLON/H
  108  111  111  113  119  120  126  129  132  137  144  154  164  170  171  166
  158  149  141  133  125  117  109  105  106  113  125  139  152  164  178  196
  224  260  302  347  393  436  474  506  532  551  566  577  585  590  594  599
  609  624  639  652  658  660  660  657  648  630  597  549  488  423  363  310
  266  230  195  164  144  115  100   93  108                                   
    27.5-180.0 180.0   5.0 450.0                            LAT/LON1/LON2/DLON/H
  118  116  110  109  112  111  118  123  128  134  142  152  163  170  171  167
  159  149  140  130  122  114  108  106  108  117  131  148  164  179  195  215
  244  283  327  373  420  464  504  540  571  596  617  634  648  658  666  678
  695  718  743  764  780  791  799  805  803  788  756  706  641  569  500  438
  383  335  286  242  208  163  132  114  118                                   
    25.0-180.0 180.0   5.0 450.0                            LAT/LON1/LON2/DLON/H
  145  136  122  115  114  110  117  121  125  130  137  147  156  163  166  163
  156  147  137  127  119  113  110  110  115  126  142  162  181  199  217  240
  272  312  358  404  449  492  532  569  603  633  659  682  701  716  730  747
  771  801  833  861  883  901  918  932  937  927  899  852  789  718  647  579
  517  462  400  345  296  236  188  158  145                                   
    22.5-180.0 180.0   5.0 450.0                            LAT/LON1/LON2/DLON/H
  188  171  150  135  126  120  123  126  127  130  134  141  148  154  156  155
  150  142  133  125  119  115  114  117  124  137  156  177  198  219  240  267
  302  345  391  437  480  519  556  592  625  657  686  713  736  756  774  795
  823  856  890  920  944  966  988 1007 1017 1012  990  951  898  835  770  703
  642  587  521  457  397  324  264  226  188                                   
    20.0-180.0 180.0   5.0 450.0                            LAT/LON1/LON2/DLON/H
  242  216  190  166  149  139  138  138  136  135  135  137  140  144  147  147
  144  138  131  124  120  118  120  125  134  148  167  189  213  236  262  293
  333  378  424  467  506  541  574  606  637  666  695  723  749  772  793  816
  844  875  906  932  954  975  996 1016 1029 1028 1012  983  942  892  838  782
  730  684  623  559  495  415  351  309  242                                   
    17.5-180.0 180.0   5.0 450.0                            LAT/LON1/LON2/DLON/H
  299  264  236  206  180  166  161  157  151  146  140  137  136  137  138  139
  138  135  130  125  122  122  125  132  142  156  174  197  222  250  281  317
  360  407  452  492  527  558  586  613  639  665  691  718  745  769  791  813
  837  861  884  901  916  932  949  965  976  976  966  946  917  881  843  800
  761  731  685  630  570  492  431  391  299                                   
    15.0-180.0 180.0   5.0 450.0                            LAT/LON1/LON2/DLON/H
  351  310  283  249  216  199  189  182  172  161  151  143  137  134  134  134
  134  132  129  125  123  124  128  135  144  157  176  200  228  260  297  338
  383  430  473  511  542  569  593  616  637  659  681  706  731  753  773  791
  808  822  833  840  845  852  862  871  876  875  868  857  840  817  792  763
  739  724  698  657  610  540  488  454  351                                   
    12.5-180.0 180.0   5.0 450.0                            LAT/LON1/LON2/DLON/H
  394  351  325  291  253  233  219  209  195  181  167  154  144  137  133  132
  132  131  128  125  124  124  128  133  141  154  174  201  233  270  311  355
  402  448  489  525  554  578  599  619  637  655  673  694  715  735  750  761
  769  773  773  769  765  764  764  764  761  756  752  748  741  728  713  694
  681  679  670  644  613  559  517  489  394                                   
    10.0-180.0 180.0   5.0 450.0                            LAT/LON1/LON2/DLON/H
  425  385  359  327  287  264  247  234  219  203  186  170  156  145  137  134
  132  130  128  125  123  123  124  127  135  149  171  202  240  281  325  371
  417  462  502  535  562  585  606  625  642  658  673  690  707  722  732  737
  738  734  726  716  707  699  691  681  669  659  654  654  654  648  638  624
  616  619  620  607  591  555  522  497  425                                   
     7.5-180.0 180.0   5.0 450.0                            LAT/LON1/LON2/DLON/H
  443  409  384  354  315  290  271  255  239  222  204  187  171  156  145  138
  134  131  129  126  122  120  118  119  127  144  172  208  250  295  339  385
