data/edconvlstm_nd/pred2830.15i
     1.0            IONOSPHERE MAPS     GNSS                IONEX VERSION / TYPE
pyspatialgeodesy        IME             05-JAN-18 20:20     PGM / RUN BY / DATE 
Map Name                                                    COMMENT             
Predicted global ionosphere maps (GIM).                     DESCRIPTION         
  2015    10    10     0     0     0                        EPOCH OF FIRST MAP  
  2015    10    11     0     0     0                        EPOCH OF LAST MAP   
  7200                                                      INTERVAL            
    13                                                      # OF MAPS IN FILE   
  NONE                                                      MAPPING FUNCTION    
10.0                                                        ELEVATION CUTOFF    
One-way carrier phase leveled to code                       OBSERVABLES USED    
  6371.0                                                    BASE RADIUS         
 2                                                          MAP DIMENSION       
   450.0 450.0   0.0                                        HGT1 / HGT2 / DHGT  
    87.5 -87.5  -2.5                                        LAT1 / LAT2 / DLAT  
  -180.0 180.0   5.0                                        LON1 / LON2 / DLON  
    -1                                                      EXPONENT            
                                                            END OF HEADER       
[from data line 3861]
    10                                                      START OF TEC MAP    
  2015    10    10    18     0     0                        EPOCH OF CURRENT MAP
    87.5-180.0 180.0   5.0 450.0                            LAT/LON1/LON2/DLON/H
   73   73   70   72   77   73   73   69   70   73   73   75   76   77   79   80
   81   82   83   84   84   84   84   84   84   83   83   82   81   80   80   79
   78   77   76   75   74   74   73   72   72   72   71   71   71   71   71   70
   70   70   70   70   71   71   71   71   71   71   71   71   70   70   70   70
   70   69   66   62   66   65   81   85   73                                   
    85.0-180.0 180.0   5.0 450.0                            LAT/LON1/LON2/DLON/H
   76   71   82   64   65   68   67   68   69   72   72   74   76   78   80   82
   84   85   87   88   89   89   90   90   90   89   88   88   87   86   84   83
   82   81   79   78   77   76   75   74   73   73   72   71   71   71   70   70
   70   70   70   70   70   70   70   70   70   70   70   70   69   69   69   69
   69   67   63   59   62   63   70   67   76                                   
    82.5-180.0 180.0   5.0 450.0                            LAT/LON1/LON2/DLON/H
   58   57   60   53   56   58   60   60   62   65   67   70   73   76   79   82
   85   88   90   92   93   94   94   94   94   93   92   91   90   88   86   84
   82   81   79   77   75   73   72   70   69   68   67   66   66   65   65   65
   65   65   65   65   65   65   65   65   65   65   65   65   65   64   64   63
   63   61   57   54   58   66   61   59   58                                   
    80.0-180.0 180.0   5.0 450.0                            LAT/LON1/LON2/DLON/H
   40   41   48   43   46   44   49   50   54   58   61   66   70   74   78   82
   86   89   92   94   95   96   96   95   94   93   92   90   88   85   83   80
   78   75   73   71   68   66   64   63   61   60   59   58   58   57   57   57
   57   57   58   58   59   59   60   60   60   60   60   60   59   59   58   57
   57   56   54   53   51   55   51   56   40                                   
    77.5-180.0 180.0   5.0 450.0                            LAT/LON1/LON2/DLON/H
   47   42   41   37   40   39   43   45   49   53   57   63   69   75   81   86
   91   95   98  100  101  101  101  100   98   96   94   91   88   86   82   79
   76   73   70   68   65   62   60   58   56   54   52   51   50   50   50   50
   50   51   52   52   53   54   54   55   55   55   55   55   55   54   54   53
   53   52   51   49   47   47   46   52   47                                   
    75.0-180.0 180.0   5.0 450.0                            LAT/LON1/LON2/DLON/H
   36   37   36   34   37   37   40   42   47   52   57   64   71   78   84   90
   95   99  102  104  104  104  102  101   98   96   93   90   87   84   80   77
   74   71   68   66   63   61   58   56   54   52   50   49   48   48   48   48
   49   50   51   52   52   53   53   53   53   54   54   54   54   54   53   53
   53   53   52   49   48   45   43   40   36                                   
    72.5-180.0 180.0   5.0 450.0                            LAT/LON1/LON2/DLON/H
   42   40   38   39   39   39   42   44   47   52   57   64   71   79   86   93
   98  102  104  105  104  102   99   96   93   89   86   82   79   76   73   70
   67   64   62   59   57   54   52   49   47   45   43   41   41   40   41   42
   43   44   45   46   46   46   47   47   47   47   47   47   48   48   48   48
   48   47   46   43   42   42   43   44   42                                   
    70.0-180.0 180.0   5.0 450.0                            LAT/LON1/LON2/DLON/H
   40   40   40   41   42   42   44   46   51   56   61   68   76   83   90   96
  101  105  107  107  105  102   98   94   90   86   82   78   75   72   69   66
   63   61   59   57   55   52   50   47   45   42   41   39   39   39   39   40
   42   43   44   45   45   45   45   45   44   45   45   45   46   46   47   47
   46   46   46   43   44   44   48   48   40                                   
    67.5-180.0 180.0   5.0 450.0                            LAT/LON1/LON2/DLON/H
   42   43   42   45   46   47   50   52   56   60   65   72   79   86   93   99
  104  107  108  108  105  101   96   91   85   80   75   71   67   64   62   59
   57   55   53   51   49   47   45   42   40   37   35   34   34   34   35   37
   39   40   41   42   42   41   41   40   40   40   40   41   42   42   43   43
   43   42   40   38   38   41   43   43   42                                   
    65.0-180.0 180.0   5.0 450.0                            LAT/LON1/LON2/DLON/H
   38   41   41   45   47   48   51   54   59   63   68   74   81   88   94  100
  105  109  110  110  107  103   97   90   84   77   72   68   64   60   58   55
   53   51   49   47   46   44   41   39   36   34   32   31   31   31   33   34
   36   38   38   39   38   37   37   36   36   36   36   37   38   39   40   39
   39   38   37   35   36   40   43   44   38                                   
    62.5-180.0 180.0   5.0 450.0                            LAT/LON1/LON2/DLON/H
   34   38   38   43   47   49   53   56   61   65   70   76   82   89   96  102
  108  112  115  115  112  108  101   93   86   78   72   67   62   58   55   52
   50   48   46   44   42   40   38   35   33   31   29   28   28   29   30   32
   33   34   35   35   34   33   32   31   31   31   32   34   35   36   36   35
   34   33   31   30   31   34   36   37   34                                   
    60.0-180.0 180.0   5.0 450.0                            LAT/LON1/LON2/DLON/H
   29   34   34   40   43   45   50   53   59   63   69   75   81   88   95  102
  109  114  119  120  119  114  107   99   90   82   75   69   64   60   56   53
   50   47   45   43   41   39   36   34   32   29   28   27   27   27   28   29
   30   31   31   30   29   27   26   26   26   27   28   30   31   32   32   31
   29   28   26   24   26   30   31   33   29                                   
    57.5-180.0 180.0   5.0 450.0                            LAT/LON1/LON2/DLON/H
   25   31   32   37   41   43   48   52   58   62   68   74   80   87   95  103
  111  118  124  127  127  123  116  107   98   89   81   75   70   66   62   58
   55   52   49   47   44   42   39   37   35   33   31   30   30   30   30   30
   30   30   29   27   26   25   24   24   24   25   26   28   30   30   30   29
   27   25   23   22   23   27   28   30   25                                   
    55.0-180.0 180.0   5.0 450.0                            LAT/LON1/LON2/DLON/H
   24   31   32   37   41   42   47   51   57   61   66   73   79   86   94  103
  112  121  129  133  134  131  124  115  106   97   89   83   79   74   70   67
   63   60   57   54   51   48   46   43   41   39   38   36   35   34   34   33
   32   30   28   27   25   24   24   24   24   25   27   28   30   30   30   29
   27   25   23   22   23   26   26   29   24                                   
    52.5-180.0 180.0   5.0 450.0                            LAT/LON1/LON2/DLON/H
   27   33   35   40   44   45   49   52   57   61   66   72   79   86   94  103
  113  123  131  137  139  136  130  121  112  104   98   93   89   85   81   77
   74   70   67   64   61   58   55   53   51   49   47   45   43   42   40   37
   35   33   31   30   28   27   27   27   27   28   29   31   32   33   33   32
   30   28   26   25   27   29   29   32   27                                   
    50.0-180.0 180.0   5.0 450.0                            LAT/LON1/LON2/DLON/H
   33   40   42   47   50   52   56   57   61   63   68   73   80   87   95  104
  114  124  133  139  141  138  132  125  117  110  106  102   99   96   92   88
   84   81   78   75   72   69   66   64   61   60   58   56   53   50   47   44
   41   39   37   36   35   35   35   35   34   35   35   36   37   38   38   37
   35   34   33   32   33   35   36   38   33                                   
    47.5-180.0 180.0   5.0 450.0                            LAT/LON1/LON2/DLON/H
   43   49   53   58   61   64   66   67   68   70   73   78   84   90   98  107
  117  127  135  140  142  139  133  126  120  116  113  112  109  106  102   98
   94   91   88   86   83   79   76   74   72   70   68   65   62   58   55   52
   49   47   46   46   46   46   46   45   44   44   43   44   44   45   45   45
   43   42   42   41   42   44   45   47   43                                   
    45.0-180.0 180.0   5.0 450.0                            LAT/LON1/LON2/DLON/H
   53   60   64   70   74   79   80   80   80   81   83   86   91   97  105  113
  123  132  139  143  143  140  134  128  124  122  122  121  119  115  111  106
  102   99   97   94   91   88   85   82   80   78   75   72   69   65   62   59
   58   57   57   58   58   59   59   58   56   54   53   52   53   53   54   54
   53   52   52   51   51   53   55   56   53                                   
    42.5-180.0 180.0   5.0 450.0                            LAT/LON1/LON2/DLON/H
   62   69   74   83   88   93   95   96   95   95   96   99  103  108  115  123
  132  140  146  148  147  143  138  133  131  130  131  131  129  124  119  113
  109  106  104  102   99   95   91   88   85   82   80   76   73   70   67   66
   65   66   68   69   71   72   71   69   66   63   61   61   61   62   63   63
   62   62   61   59   59   61   63   64   62                                   
    40.0-180.0 180.0   5.0 450.0                            LAT/LON1/LON2/DLON/H
   67   75   81   92   99  106  110  112  111  112  113  115  118  122  129  137
  145  152  156  157  155  151  146  142  140  141  143  143  140  134  127  121
  117  115  113  111  107  102   97   92   88   85   82   78   75   72   71   70
   71   73   76   78   81   82   81   78   74   71   68   67   68   69   70   71
   70   69   68   65   64   65   67   69   67                                   
    37.5-180.0 180.0   5.0 450.0                            LAT/LON1/LON2/DLON/H
   69   77   84   97  107  116  121  125  127  129  130  132  134  139  145  153
  161  167  170  170  167  163  158  155  154  155  157  156  152  146  139  133
  130  128  126  122  117  110  103   97   92   87   84   80   77   74   73   74
   75   78   81   83   86   87   86   83   79   75   72   72   73   74   75   76
   75   74   72   68   65   66   66   70   69                                   
    35.0-180.0 180.0   5.0 450.0                            LAT/LON1/LON2/DLON/H
   69   76   84   99  111  121  129  136  140  144  147  149  151  155  162  169
  177  182  184  183  181  177  173  171  170  172  173  171  167  161  155  152
  150  149  146  140  132  122  113  104   97   91   87   83   80   77   76   77
   78   80   82   85   87   89   89   86   81   77   75   75   76   77   78   78
   77   75   73   69   64   64   63   68   69                                   
    32.5-180.0 180.0   5.0 450.0                            LAT/LON1/LON2/DLON/H
   69   76   84   99  112  123  134  143  150  157  161  164  167  171  178  185
  191  195  196  196  195  192  189  187  187  188  189  188  185  181  178  178
  179  178  174  166  154  140  126  115  106   99   93   89   86   83   81   80
   80   80   81   83   86   89   90   88   84   80   77   77   78   79   79   79
   77   75   73   68   63   62   59   67   69                                   
    30.0-180.0 180.0   5.0 450.0                            LAT/LON1/LON2/DLON/H
   71   78   86  100  114  123  135  147  157  165  171  176  180  185  192  199
  203  206  206  206  206  205  203  202  202  204  205  206  205  205  207  211
  216  216  210  198  181  162  144  129  118  110  104  100   96   93   90   86
   83   81   80   82   86   90   92   92   88   84   82   82   82   82   82   81
   78   76   73   70   65   63   59   67   71                                   
    27.5-180.0 180.0   5.0 450.0                            LAT/LON1/LON2/DLON/H
   78   85   93  104  117  126  137  149  160  170  179  185  191  197  205  211
  214  214  213  213  214  214  214  214  215  218  221  225  228  233  241  251
  258  259  251  234  212  188  165  148  135  125  119  115  111  107  102   96
   90   84   82   83   88   95   99  100   97   94   91   91   90   89   88   85
   82   80   77   74   69   67   63   71   78                                   
    25.0-180.0 180.0   5.0 450.0                            LAT/LON1/LON2/DLON/H
   90   97  104  111  123  131  141  152  164  175  184  193  201  209  217  223
  224  223  220  220  221  222  223  224  227  232  239  246  254  264  278  293
  303  304  294  272  244  215  189  168  153  144  138  134  130  126  119  111
  101   94   90   91   97  105  112  114  112  108  105  104  102  100   98   94
   90   88   84   82   78   75   70   77   90                                   
    22.5-180.0 180.0   5.0 450.0                            LAT/LON1/LON2/DLON/H
  105  111  117  123  134  141  149  159  170  181  191  202  213  223  232  238
  238  234  231  229  230  232  234  236  242  250  260  271  283  298  316  334
  346  347  333  307  274  241  212  189  173  163  158  154  152  147  140  130
  119  110  105  107  113  122  130  132  131  126  123  120  118  114  111  107
  101   99   95   93   90   86   80   86  105                                   
    20.0-180.0 180.0   5.0 450.0                            LAT/LON1/LON2/DLON/H
  120  125  131  136  147  154  162  170  180  191  203  216  229  242  253  259
  259  255  250  247  247  249  251  255  262  273  287  301  316  333  353  373
  384  383  367  337  301  264  233  209  193  183  178  176  174  171  164  154
  143  133  128  129  135  144  151  153  151  146  141  137  134  130  126  121
  115  112  107  105  101   97   90   96  120                                   
    17.5-180.0 180.0   5.0 450.0                            LAT/LON1/LON2/DLON/H
  132  136  142  149  162  169  178  185  195  207  220  235  252  268  281  289
  290  287  282  279  277  278  279  283  292  305  321  337  352  370  388  405
  415  410  391  359  322  284  253  229  212  202  197  196  196  195  190  181
  170  161  155  155  160  167  172  173  169  162  156  152  148  144  140  135
  128  125  117  115  110  104   97  105  132                                   
    15.0-180.0 180.0   5.0 450.0                            LAT/LON1/LON2/DLON/H
  139  143  151  161  176  186  197  205  216  229  244  262  281  299  316  327
  332  331  328  325  323  320  319  323  332  347  364  379  392  404  418  430
  435  428  407  375  338  302  272  249  232  222  217  216  217  218  215  208
  199  190  184  182  184  187  189  187  181  174  167  162  159  155  151  146
  138  133  124  120  115  107  100  110  139                                   
    12.5-180.0 180.0   5.0 450.0                            LAT/LON1/LON2/DLON/H
  139  146  157  171  190  203  219  229  242  255  272  292  314  335  355  370
  380  385  386  384  381  376  372  373  382  396  411  423  430  437  443  449
  448  438  417  388  354  321  293  271  255  243  237  235  237  238  237  232
  224  215  208  204  201  200  197  192  185  177  171  166  163  160  157  152
  143  137  126  120  113  105   98  111  139                                   
    10.0-180.0 180.0   5.0 450.0                            LAT/LON1/LON2/DLON/H
  135  145  160  179  202  220  241  254  269  285  304  325  348  371  393  413
  429  440  447  448  445  438  431  429  436  448  459  466  467  465  464  462
  457  445  426  401  372  344  319  298  280  266  257  253  254  255  254  250
  242  233  224  216  208  202  195  187  179  172  166  162  160  158  156  152
  143  136  124  115  108   99   92  107  135                                   
     7.5-180.0 180.0   5.0 450.0                            LAT/LON1/LON2/DLON/H
  130  142  161  184  213  236  262  279  297  315  335  356  380  403  427  451
  472  490  502  508  506  498  489  485  488  496  503  503  497  488  480  473
