data/edconvlstm_nd/pred0770.15i
     1.0            IONOSPHERE MAPS     GNSS                IONEX VERSION / TYPE
pyspatialgeodesy        IME             05-JAN-18 20:20     PGM / RUN BY / DATE 
Map Name                                                    COMMENT             
Predicted global ionosphere maps (GIM).                     DESCRIPTION         
  2015     3    18     0     0     0                        EPOCH OF FIRST MAP  
  2015     3    19     0     0     0                        EPOCH OF LAST MAP   
  7200                                                      INTERVAL            
    13                                                      # OF MAPS IN FILE   
  NONE                                                      MAPPING FUNCTION    
10.0                                                        ELEVATION CUTOFF    
One-way carrier phase leveled to code                       OBSERVABLES USED    
  6371.0                                                    BASE RADIUS         
 2                                                          MAP DIMENSION       
   450.0 450.0   0.0                                        HGT1 / HGT2 / DHGT  
    87.5 -87.5  -2.5                                        LAT1 / LAT2 / DLAT  
  -180.0 180.0   5.0                                        LON1 / LON2 / DLON  
    -1                                                      EXPONENT            
                                                            END OF HEADER       
[from data line 1716]
     5                                                      START OF TEC MAP    
  2015     3    18     8     0     0                        EPOCH OF CURRENT MAP
    87.5-180.0 180.0   5.0 450.0                            LAT/LON1/LON2/DLON/H
  116  118  117  121  124  127  128  129  135  140  143  148  151  154  156  158
  159  160  160  160  159  157  156  154  151  149  147  144  141  139  137  135
  132  130  129  127  125  124  122  121  120  119  119  118  117  117  116  116
  115  115  114  113  112  111  110  108  107  106  104  103  101  100   99   98
   98   99   98   98  103  104  113  123  116                                   
    85.0-180.0 180.0   5.0 450.0                            LAT/LON1/LON2/DLON/H
  108  118  124  125  129  135  139  143  149  155  159  164  168  172  175  177
  178  179  179  178  176  174  172  169  166  163  160  156  153  150  147  144
  142  140  137  136  134  133  132  131  130  130  129  129  129  128  128  127
  127  126  125  123  122  120  118  116  114  112  110  107  105  104  102  101
  102  103   99  100   97   99  102  108  108                                   
    82.5-180.0 180.0   5.0 450.0                            LAT/LON1/LON2/DLON/H
   99  114  118  118  122  131  137  143  150  157  163  169  174  178  181  183
  184  185  184  182  180  177  173  169  165  161  157  153  149  146  143  140
  138  136  135  134  133  133  133  133  134  134  135  136  137  138  138  138
  138  138  137  135  133  130  127  124  120  116  112  107  103  100   96   94
   93   92   89   91   91   91   86   83   99                                   
    80.0-180.0 180.0   5.0 450.0                            LAT/LON1/LON2/DLON/H
   97  105  109  113  116  123  130  138  146  154  159  166  170  174  176  177
  177  176  174  171  168  163  159  154  149  144  140  135  132  129  127  125
  124  123  123  124  125  127  129  131  134  137  140  144  147  150  153  156
  158  159  160  159  158  155  151  147  142  136  130  123  116  110  105  100
   96   93   88   88   86   85   85   80   97                                   
    77.5-180.0 180.0   5.0 450.0                            LAT/LON1/LON2/DLON/H
  103  104  108  112  112  120  127  134  142  148  153  159  162  165  166  166
  165  162  159  155  151  146  140  135  129  124  120  116  114  112  111  111
  112  113  116  119  123  127  132  137  142  148  155  161  168  175  181  187
  192  196  199  201  201  199  196  190  184  176  167  158  148  139  131  123
  116  110  102  100   96   88   85   89  103                                   
    75.0-180.0 180.0   5.0 450.0                            LAT/LON1/LON2/DLON/H
  110  111  109  111  111  117  122  127  134  139  142  146  147  148  147  146
  143  140  136  132  127  122  117  112  107  102   99   96   94   93   94   95
   98  102  107  112  119  126  133  141  150  159  169  179  190  201  212  222
  231  238  245  249  251  250  247  242  234  225  214  203  191  180  169  160
  150  141  131  121  115  104  102  103  110                                   
    72.5-180.0 180.0   5.0 450.0                            LAT/LON1/LON2/DLON/H
  122  119  116  117  115  119  124  128  133  136  137  138  137  136  133  131
  128  125  121  118  114  110  105  101   97   93   90   88   87   87   89   92
   96  101  108  115  123  132  142  152  163  175  188  201  215  229  243  256
  268  279  287  293  297  297  295  290  282  272  260  247  235  222  210  200
  189  178  168  156  145  130  125  125  122                                   
    70.0-180.0 180.0   5.0 450.0                            LAT/LON1/LON2/DLON/H
  137  129  125  122  118  120  123  126  130  131  130  129  126  123  119  116
  113  110  108  106  104  102   99   96   93   91   88   87   86   86   88   92
   96  102  110  118  128  138  149  160  173  187  202  219  235  252  269  284
  298  310  320  327  331  331  329  323  314  303  291  278  265  252  240  230
  219  208  198  184  171  154  149  148  137                                   
    67.5-180.0 180.0   5.0 450.0                            LAT/LON1/LON2/DLON/H
  141  133  128  124  120  121  124  126  128  129  127  125  121  117  113  109
  107  105  105  105  105  104  103  101   99   97   95   93   92   92   93   96
  100  106  113  122  131  142  153  166  180  195  212  230  249  267  284  300
  315  326  336  342  345  345  342  336  327  316  304  291  278  265  254  245
  235  225  216  201  188  170  163  162  141                                   
    65.0-180.0 180.0   5.0 450.0                            LAT/LON1/LON2/DLON/H
  142  132  126  122  117  118  120  123  126  127  125  124  120  116  112  110
  109  109  110  112  113  114  113  112  111  109  106  104  102  101  101  103
  107  112  120  128  137  148  160  173  188  205  223  243  262  281  298  313
  325  335  342  347  348  347  343  336  327  316  304  292  279  267  257  248
  239  230  220  206  194  176  168  168  142                                   
    62.5-180.0 180.0   5.0 450.0                            LAT/LON1/LON2/DLON/H
  136  125  118  113  108  109  112  115  119  121  121  121  120  117  115  114
  115  117  119  122  124  124  124  123  121  118  115  112  109  108  107  109
  112  118  125  134  143  154  166  180  196  214  233  253  273  291  307  320
  329  336  340  341  341  338  334  327  318  308  297  285  273  262  251  242
  233  224  215  200  188  170  163  163  136                                   
    60.0-180.0 180.0   5.0 450.0                            LAT/LON1/LON2/DLON/H
  128  115  107  101   95   95   97  101  105  109  112  115  116  116  117  118
  121  124  127  129  131  130  128  126  123  120  116  113  110  108  108  110
  115  122  130  140  151  163  175  190  206  224  244  265  284  301  315  324
  331  334  334  334  331  328  323  317  310  301  291  281  269  258  246  236
  225  215  205  190  178  160  153  152  128                                   
    57.5-180.0 180.0   5.0 450.0                            LAT/LON1/LON2/DLON/H
  123  109  100   91   84   82   82   84   89   93   98  104  108  111  115  119
  123  127  130  131  130  128  124  121  117  113  110  107  105  104  105  110
  117  127  138  151  163  176  190  204  221  239  259  279  298  313  325  332
  335  335  333  330  327  323  319  314  308  302  294  285  275  263  250  238
  225  212  200  185  172  153  145  144  123                                   
    55.0-180.0 180.0   5.0 450.0                            LAT/LON1/LON2/DLON/H
  126  110   99   88   79   73   71   70   72   76   81   88   95  101  107  113
  118  123  125  125  122  118  113  108  103  100   97   95   95   96  100  107
  119  133  149  165  180  194  208  223  239  257  276  296  314  328  338  343
  344  341  338  334  329  326  322  318  314  310  304  298  289  278  264  250
  234  219  205  188  175  154  146  142  126                                   
    52.5-180.0 180.0   5.0 450.0                            LAT/LON1/LON2/DLON/H
  137  121  109   95   83   74   67   61   60   61   66   72   80   88   96  103
  109  113  114  113  109  104   98   92   88   85   83   83   83   86   94  105
  122  141  162  182  199  215  230  244  260  277  295  314  331  345  353  357
  357  353  348  343  339  334  331  328  325  322  319  314  307  297  284  269
  251  235  219  201  187  166  157  151  137                                   
    50.0-180.0 180.0   5.0 450.0                            LAT/LON1/LON2/DLON/H
  156  141  127  112   98   84   72   61   55   52   54   59   66   74   83   90
   96  100  101   99   95   89   83   78   75   73   72   72   74   79   89  105
  126  151  176  199  220  237  252  266  281  297  315  333  349  361  370  373
  372  368  363  357  351  346  342  338  334  332  330  328  323  314  302  287
  270  253  237  219  205  184  175  167  156                                   
    47.5-180.0 180.0   5.0 450.0                            LAT/LON1/LON2/DLON/H
  176  164  149  134  119  103   87   70   59   51   49   51   57   64   71   78
   83   86   87   86   82   78   73   70   67   66   66   66   69   75   87  106
  131  160  189  216  238  257  272  286  300  316  332  349  364  376  384  387
  386  382  377  370  363  356  349  342  337  334  332  330  327  321  311  298
  283  268  252  235  222  203  193  186  176                                   
    45.0-180.0 180.0   5.0 450.0                            LAT/LON1/LON2/DLON/H
  191  182  169  156  142  125  106   86   69   57   50   50   53   58   64   69
   73   75   76   76   75   73   71   69   68   67   66   67   69   75   89  110
  138  169  199  228  252  272  288  303  317  331  346  361  375  387  395  398
  397  393  387  379  370  360  349  339  331  325  321  320  318  314  306  297
  285  273  259  245  232  215  206  200  191                                   
    42.5-180.0 180.0   5.0 450.0                            LAT/LON1/LON2/DLON/H
  196  190  180  170  159  144  126  105   85   69   59   55   56   60   64   67
   69   70   72   74   75   76   76   76   75   75   74   73   74   81   95  116
  144  175  206  234  259  281  299  315  329  343  357  371  383  394  401  404
  403  399  392  383  372  359  346  332  320  310  304  300  298  295  290  284
  275  267  257  244  233  217  208  204  196                                   
    40.0-180.0 180.0   5.0 450.0                            LAT/LON1/LON2/DLON/H
  189  184  178  172  164  153  139  120  101   84   72   67   66   68   70   71
   71   72   75   79   83   86   88   89   89   88   87   85   86   91  105  125
  152  181  209  237  262  285  306  324  340  354  367  379  391  400  406  409
  408  404  398  389  377  363  348  332  317  303  292  285  280  276  272  268
  262  256  247  236  226  210  201  198  189                                   
    37.5-180.0 180.0   5.0 450.0                            LAT/LON1/LON2/DLON/H
  174  169  164  159  156  149  141  128  113   97   86   81   80   81   82   81
   81   82   85   90   97  102  105  106  106  105  102  100  100  104  116  135
  158  184  209  235  261  286  310  331  350  365  379  391  400  408  414  416
  417  415  410  403  393  381  367  352  335  318  303  291  281  274  268  262
  256  249  240  229  218  199  191  186  174                                   
    35.0-180.0 180.0   5.0 450.0                            LAT/LON1/LON2/DLON/H
  161  151  146  138  137  134  132  126  116  105   97   93   94   95   96   96
   95   96  100  107  115  121  123  124  123  121  118  114  113  116  126  142
  162  184  208  232  259  287  315  340  362  380  395  407  416  423  429  433
  435  436  435  432  427  419  410  398  383  366  348  331  315  302  291  280
  270  260  248  233  220  196  187  179  161                                   
    32.5-180.0 180.0   5.0 450.0                            LAT/LON1/LON2/DLON/H
  158  142  132  118  114  112  115  115  112  106  102  102  105  108  110  110
  111  113  118  125  132  137  140  139  137  134  130  126  123  125  133  147
  165  185  207  231  259  290  322  351  377  398  415  428  439  447  454  460
  466  472  476  478  479  478  476  472  462  448  428  407  386  366  348  331
  314  298  281  259  243  212  201  188  158                                   
    30.0-180.0 180.0   5.0 450.0                            LAT/LON1/LON2/DLON/H
  174  149  132  108   98   93   98  102  103  102  103  106  111  116  120  122
  124  127  132  139  145  149  151  150  148  144  139  133  130  131  139  152
  169  187  209  234  264  298  332  365  394  418  439  455  468  480  490  499
  510  522  533  543  551  559  565  569  568  558  539  516  490  464  438  413
  388  364  340  312  292  255  239  219  174                                   
    27.5-180.0 180.0   5.0 450.0                            LAT/LON1/LON2/DLON/H
  212  181  152  117   96   85   88   92   95   97  100  105  111  118  124  128
  131  135  141  146  151  154  156  155  153  149  143  138  135  137  145  158
  174  193  214  241  273  309  346  381  413  440  463  484  501  517  531  547
  564  583  603  621  638  654  669  682  688  684  669  646  617  586  553  520
  486  455  424  390  366  322  300  274  212                                   
    25.0-180.0 180.0   5.0 450.0                            LAT/LON1/LON2/DLON/H
  273  237  196  148  116   96   92   93   94   95   97  102  109  115  121  127
  132  136  140  144  148  152  155  156  154  151  146  142  141  144  153  166
  182  201  223  251  285  323  361  397  430  459  486  510  532  553  573  595
  620  647  676  703  728  750  772  792  805  807  797  776  749  716  679  639
  598  560  524  485  456  408  377  349  273                                   
    22.5-180.0 180.0   5.0 450.0                            LAT/LON1/LON2/DLON/H
  349  311  258  202  159  130  116  109  104  102  100  102  106  111  116  121
  126  131  134  136  140  145  150  152  152  151  148  146  146  151  160  174
  191  210  234  264  299  337  374  410  443  474  503  531  557  582  607  635
  667  701  737  770  798  824  848  872  890  898  894  879  857  827  790  748
  705  665  625  584  550  499  460  432  349                                   
    20.0-180.0 180.0   5.0 450.0                            LAT/LON1/LON2/DLON/H
  425  388  329  272  220  184  159  143  130  120  113  110  109  110  112  115
  120  123  125  127  130  135  141  146  149  150  149  148  150  155  166  180
  197  217  242  273  309  347  383  418  451  483  514  544  572  600  630  662
  697  735  772  805  831  854  876  899  919  931  934  928  915  894  864  826
  786  749  712  670  631  578  536  510  425                                   
    17.5-180.0 180.0   5.0 450.0                            LAT/LON1/LON2/DLON/H
  489  453  396  346  291  252  217  192  169  151  136  127  120  116  114  114
  117  119  119  119  120  126  133  140  146  149  149  149  150  155  166  181
  199  220  246  278  314  350  386  420  454  486  518  549  579  608  638  671
  706  742  775  802  820  835  849  867  886  900  910  914  914  906  888  860
  829  800  769  728  684  630  592  569  489                                   
    15.0-180.0 180.0   5.0 450.0                            LAT/LON1/LON2/DLON/H
  530  496  448  411  361  323  282  250  219  193  171  155  142  132  124  121
  120  120  117  115  114  119  127  136  144  148  149  147  147  151  161  176
  195  218  245  277  313  349  384  418  453  487  519  549  578  606  635  665
  696  725  749  765  772  775  780  791  805  821  836  850  863  869  865  851
  832  814  790  751  705  650  618  598  530                                   
    12.5-180.0 180.0   5.0 450.0                            LAT/LON1/LON2/DLON/H
  549  517  482  459  419  386  345  309  272  240  213  192  174  158  145  136
  132  128  122  117  114  117  126  136  144  147  147  143  141  143  153  169
  190  214  242  274  309  345  380  415  451  485  517  546  573  599  625  650
  673  693  706  710  706  699  696  700  710  725  743  765  787  805  813  811
  804  796  780  744  697  641  613  598  549                                   
    10.0-180.0 180.0   5.0 450.0                            LAT/LON1/LON2/DLON/H
  553  523  500  490  463  436  397  360  321  285  255  232  211  191  173  160
  151  143  134  126  121  123  130  139  145  147  144  138  134  135  146  164
  187  213  242  273  307  341  375  411  448  483  515  542  567  590  612  632
  648  659  663  659  649  638  631  631  637  649  667  690  717  740  755  760
  762  761  751  719  674  617  591  579  553                                   
     7.5-180.0 180.0   5.0 450.0                            LAT/LON1/LON2/DLON/H
  553  526  511  509  493  472  437  400  360  323  292  268  248  226  206  188
  174  163  151  140  133  133  137  142  146  146  141  133  128  130  142  162
