data/edconvlstm_nd/pred3460.15i
     1.0            IONOSPHERE MAPS     GNSS                IONEX VERSION / TYPE
pyspatialgeodesy        IME             05-JAN-18 20:20     PGM / RUN BY / DATE 
Map Name                                                    COMMENT             
Predicted global ionosphere maps (GIM).                     DESCRIPTION         
  2015    12    12     0     0     0                        EPOCH OF FIRST MAP  
  2015    12    13     0     0     0                        EPOCH OF LAST MAP   
  7200                                                      INTERVAL            
    13                                                      # OF MAPS IN FILE   
  NONE                                                      MAPPING FUNCTION    
10.0                                                        ELEVATION CUTOFF    
One-way carrier phase leveled to code                       OBSERVABLES USED    
  6371.0                                                    BASE RADIUS         
 2                                                          MAP DIMENSION       
   450.0 450.0   0.0                                        HGT1 / HGT2 / DHGT  
    87.5 -87.5  -2.5                                        LAT1 / LAT2 / DLAT  
  -180.0 180.0   5.0                                        LON1 / LON2 / DLON  
    -1                                                      EXPONENT            
                                                            END OF HEADER       
[from data line 2145]
     6                                                      START OF TEC MAP    
  2015    12    12    10     0     0                        EPOCH OF CURRENT MAP
    87.5-180.0 180.0   5.0 450.0                            LAT/LON1/LON2/DLON/H
   37   48   47   50   51   50   50   46   46   47   47   47   47   46   46   46
   45   45   44   44   44   43   43   43   43   42   42   42   42   41   41   41
   40   40   39   39   38   38   37   37   36   35   35   35   34   34   34   33
   33   33   33   33   34   34   34   34   35   35   35   35   36   36   36   37
   38   39   38   37   43   49   63   64   37                                   
    85.0-180.0 180.0   5.0 450.0                            LAT/LON1/LON2/DLON/H
   37   58   66   55   56   58   58   57   57   58   57   57   56   56   55   55
   54   54   54   54   54   54   54   54   54   54   54   54   54   54   54   53
   53   53   52   52   51   50   50   49   49   48   47   47   46   45   45   45
   44   44   44   44   44   45   45   45   46   46   46   47   47   48   48   49
   50   51   48   47   52   56   68   64   37                                   
    82.5-180.0 180.0   5.0 450.0                            LAT/LON1/LON2/DLON/H
   39   52   65   57   57   57   57   56   55   55   53   53   51   50   49   48
   48   47   47   47   47   48   48   49   49   50   50   50   51   51   51   51
   51   50   50   50   50   49   49   48   47   47   46   45   44   43   43   42
   42   42   41   42   42   42   43   43   43   44   44   45   45   45   46   47
   48   49   47   46   54   58   60   57   39                                   
    80.0-180.0 180.0   5.0 450.0                            LAT/LON1/LON2/DLON/H
   47   53   67   59   61   58   57   55   55   53   51   50   47   45   43   42
   41   41   41   41   42   43   44   45   46   48   49   49   50   50   51   51
   51   52   52   52   52   52   52   51   51   50   49   48   47   46   45   44
   44   43   43   43   44   44   45   45   45   46   46   46   46   47   47   47
   48   49   49   48   53   59   62   61   47                                   
    77.5-180.0 180.0   5.0 450.0                            LAT/LON1/LON2/DLON/H
   57   59   63   56   57   56   56   54   53   50   46   44   41   38   36   34
   33   32   33   33   35   37   38   40   42   44   45   46   47   47   48   48
   49   49   50   51   52   53   53   53   53   52   51   50   49   48   47   47
   46   46   47   47   48   48   49   49   49   49   48   48   47   47   46   46
   45   45   44   44   45   46   52   53   57                                   
    75.0-180.0 180.0   5.0 450.0                            LAT/LON1/LON2/DLON/H
   46   53   55   52   54   55   54   51   50   47   42   40   36   33   30   28
   27   27   28   29   31   34   37   39   42   43   45   45   46   46   46   46
   47   48   50   52   54   56   58   59   59   59   59   58   57   56   55   55
   55   55   55   55   56   56   56   56   56   55   54   53   51   50   48   47
   46   44   43   41   43   42   45   44   46                                   
    72.5-180.0 180.0   5.0 450.0                            LAT/LON1/LON2/DLON/H
   43   48   50   47   50   53   52   49   47   44   39   36   32   28   26   24
   23   22   23   25   28   31   35   38   41   43   43   44   43   43   42   43
   44   46   49   52   56   60   63   65   67   68   68   68   67   66   65   65
   65   65   65   65   64   64   63   62   61   59   58   56   54   52   50   48
   46   44   43   40   41   40   42   43   43                                   
    70.0-180.0 180.0   5.0 450.0                            LAT/LON1/LON2/DLON/H
   38   43   48   46   49   49   48   47   45   43   38   35   32   29   26   24
   23   23   24   27   30   34   38   42   44   46   46   45   43   42   41   41
   42   45   49   54   60   65   70   74   77   79   80   80   80   79   78   77
   77   76   75   74   73   71   69   67   65   63   60   58   56   54   52   50
   48   45   44   40   41   39   44   44   38                                   
    67.5-180.0 180.0   5.0 450.0                            LAT/LON1/LON2/DLON/H
   33   40   44   43   45   46   46   45   44   42   38   36   33   31   28   27
   26   26   27   29   33   37   41   45   47   48   47   45   42   40   39   39
   41   44   50   56   63   70   76   81   85   88   90   91   91   90   89   88
   86   85   82   80   77   73   70   66   63   60   58   56   55   53   51   50
   48   45   43   39   39   38   41   40   33                                   
    65.0-180.0 180.0   5.0 450.0                            LAT/LON1/LON2/DLON/H
   31   39   42   42   43   45   44   44   43   42   39   39   37   35   33   32
   31   31   31   34   37   41   45   49   51   51   49   46   43   40   39   39
   42   47   53   61   69   77   84   91   96  100  102  103  104  103  102  100
   97   94   90   86   80   75   70   65   61   58   55   54   53   52   51   50
   49   46   45   41   42   41   43   43   31                                   
    62.5-180.0 180.0   5.0 450.0                            LAT/LON1/LON2/DLON/H
   32   39   41   42   43   44   43   42   42   41   40   40   39   39   38   37
   36   35   36   37   40   44   48   51   52   51   49   45   42   40   40   42
   46   52   60   68   77   86   93  100  106  110  113  115  115  115  113  111
  107  103   97   90   83   76   68   62   57   54   52   50   50   49   49   49
   48   47   47   43   44   42   44   44   32                                   
    60.0-180.0 180.0   5.0 450.0                            LAT/LON1/LON2/DLON/H
   35   41   43   42   42   42   40   39   38   38   38   39   39   40   40   40
   38   37   37   37   39   42   45   47   48   47   44   41   39   39   41   45
   51   59   68   77   86   94  101  108  113  118  122  124  125  125  123  120
  116  110  103   95   86   76   68   61   55   51   49   47   46   46   46   46
   46   45   46   44   45   43   45   45   35                                   
    57.5-180.0 180.0   5.0 450.0                            LAT/LON1/LON2/DLON/H
   40   45   46   44   43   42   40   38   37   36   36   38   39   41   41   41
   40   38   37   36   37   39   41   42   42   41   40   38   38   40   45   51
   60   70   80   89   97  105  112  118  123  128  132  135  136  137  135  132
  128  121  114  105   95   84   75   67   60   56   53   51   49   47   46   46
   46   45   47   46   48   46   48   47   40                                   
    55.0-180.0 180.0   5.0 450.0                            LAT/LON1/LON2/DLON/H
   47   50   50   48   46   45   42   39   36   35   35   36   38   40   41   41
   40   38   36   34   34   35   36   37   37   36   35   36   38   43   50   60
   71   83   93  102  110  117  123  128  133  138  143  146  149  149  148  146
  141  135  128  119  108   98   88   79   73   68   64   60   57   54   51   49
   48   47   50   49   51   49   51   50   47                                   
    52.5-180.0 180.0   5.0 450.0                            LAT/LON1/LON2/DLON/H
   53   56   56   53   51   50   46   42   38   36   35   36   37   39   41   41
   40   37   35   33   32   33   33   33   33   32   32   34   39   47   58   70
   83   96  107  116  124  130  135  140  145  150  155  159  162  163  162  160
  156  151  144  135  125  115  105   97   90   85   80   75   70   65   59   56
   53   52   54   53   56   53   55   53   53                                   
    50.0-180.0 180.0   5.0 450.0                            LAT/LON1/LON2/DLON/H
   58   62   61   60   57   57   53   48   43   40   37   37   38   40   41   41
   40   38   35   33   32   32   32   32   31   31   32   35   42   52   66   80
   95  108  120  129  137  143  149  154  158  164  169  173  176  177  176  173
  170  165  159  151  142  132  123  115  108  103   98   92   85   78   70   65
   61   58   59   58   60   59   60   59   58                                   
    47.5-180.0 180.0   5.0 450.0                            LAT/LON1/LON2/DLON/H
   62   66   66   67   65   66   62   57   51   47   43   42   41   42   43   43
   42   40   38   36   35   34   34   33   32   32   34   39   47   59   74   90
  104  118  130  140  149  156  163  168  173  178  183  187  189  189  187  184
  180  175  170  163  154  145  135  127  121  116  110  104   97   89   82   75
   70   67   66   64   65   64   65   65   62                                   
    45.0-180.0 180.0   5.0 450.0                            LAT/LON1/LON2/DLON/H
   63   68   69   72   71   75   72   68   62   57   52   50   48   48   48   48
   47   45   43   41   40   40   39   38   37   37   40   46   55   68   83   98
  112  126  138  150  160  169  177  184  189  194  197  200  200  199  196  191
  187  182  176  169  160  150  140  132  125  120  115  110  104   97   90   85
   80   76   74   70   70   69   70   71   63                                   
    42.5-180.0 180.0   5.0 450.0                            LAT/LON1/LON2/DLON/H
   61   67   68   74   75   81   80   78   74   69   64   61   59   58   58   57
   56   54   52   50   49   48   48   47   46   47   50   56   66   78   92  106
  119  132  145  158  171  183  193  200  205  208  210  211  210  207  202  196
  191  185  179  172  162  150  139  129  122  116  111  107  103   99   95   91
   88   84   81   76   74   73   73   74   61                                   
    40.0-180.0 180.0   5.0 450.0                            LAT/LON1/LON2/DLON/H
   58   63   64   72   75   82   83   84   83   80   76   74   72   70   69   68
   67   65   63   61   60   59   58   58   57   58   62   69   79   90  102  114
  126  139  152  166  182  196  208  216  221  222  223  222  219  215  209  202
  196  190  183  175  163  150  137  125  115  108  103   99   97   96   95   95
   93   90   86   80   77   73   72   73   58                                   
    37.5-180.0 180.0   5.0 450.0                            LAT/LON1/LON2/DLON/H
   54   59   59   67   71   78   82   86   87   87   86   85   84   83   82   81
   79   77   75   73   72   71   70   69   69   71   76   83   93  103  114  125
  135  147  161  177  194  211  224  232  235  235  234  232  229  225  219  212
  206  200  194  185  173  157  141  126  113  103   96   92   91   92   94   96
   97   93   90   83   77   71   69   70   54                                   
    35.0-180.0 180.0   5.0 450.0                            LAT/LON1/LON2/DLON/H
   53   55   53   60   64   71   76   82   86   89   91   93   93   94   93   92
   90   89   87   85   83   81   80   78   79   82   89   97  107  118  128  138
  148  160  175  192  210  227  240  247  250  249  247  245  243  240  235  231
  226  222  217  209  196  180  162  143  126  112  101   94   91   92   95   98
   99   96   93   84   77   68   65   65   53                                   
    32.5-180.0 180.0   5.0 450.0                            LAT/LON1/LON2/DLON/H
   53   53   49   53   56   62   67   74   80   85   90   95   98  100  101  100
   99   98   96   95   92   90   87   86   87   92  101  111  122  133  144  155
  166  179  194  210  228  244  257  263  265  264  263  262  263  263  262  260
  259  258  256  250  239  222  202  180  159  139  123  111  104  101  102  104
  104  101   97   87   78   66   63   62   53                                   
    30.0-180.0 180.0   5.0 450.0                            LAT/LON1/LON2/DLON/H
   56   53   46   48   49   53   58   64   71   78   85   92   98  102  104  105
  105  105  104  102   99   95   92   90   93  100  110  123  136  150  163  175
  188  202  217  233  250  264  275  281  283  283  284  286  290  294  297  300
  304  307  308  306  297  282  262  238  213  187  164  145  132  124  120  118
  115  110  106   94   84   69   67   64   56                                   
    27.5-180.0 180.0   5.0 450.0                            LAT/LON1/LON2/DLON/H
   63   57   47   46   45   47   50   55   61   68   76   85   92   98  102  105
  107  108  108  106  102   97   93   93   96  105  118  133  150  166  182  198
  214  230  245  260  274  287  296  302  304  306  310  317  325  333  341  349
  357  364  370  371  366  354  335  310  282  252  223  197  175  160  148  140
  133  125  119  105   95   79   77   72   63                                   
    25.0-180.0 180.0   5.0 450.0                            LAT/LON1/LON2/DLON/H
   73   65   53   49   46   46   47   49   54   59   67   75   84   91   96  101
  105  108  109  106  102   97   93   93   98  109  124  142  162  182  203  223
  242  260  275  288  300  311  319  325  330  335  343  353  366  378  390  402
  413  424  434  439  438  429  413  389  359  325  291  259  230  206  186  171
  157  145  137  121  111   95   94   88   73                                   
    22.5-180.0 180.0   5.0 450.0                            LAT/LON1/LON2/DLON/H
   89   81   67   59   54   51   49   49   51   54   60   67   75   82   88   94
  100  104  106  104  100   95   93   94  100  112  129  150  174  198  223  248
  270  290  305  317  327  336  344  351  359  368  380  394  409  424  439  453
  467  480  492  500  503  497  483  461  431  396  359  323  288  256  228  205
  185  169  157  140  130  116  116  109   89                                   
    20.0-180.0 180.0   5.0 450.0                            LAT/LON1/LON2/DLON/H
  109  102   89   79   71   64   60   56   55   56   59   63   68   74   80   87
   94   99  101  100   97   93   92   94  102  115  135  158  185  214  243  271
  296  317  333  344  352  360  369  379  390  402  417  433  449  465  480  494
  508  522  534  543  546  543  531  510  483  449  413  375  338  302  268  239
  213  194  178  160  151  139  137  132  109                                   
    17.5-180.0 180.0   5.0 450.0                            LAT/LON1/LON2/DLON/H
  132  128  117  105   95   85   78   71   67   65   64   65   67   70   75   81
   88   94   96   96   94   92   92   96  105  120  142  168  197  229  260  291
  317  339  355  365  374  382  392  404  418  434  450  466  481  496  508  520
  531  541  550  557  559  555  545  527  503  473  440  405  370  334  298  266
  237  216  197  179  169  158  156  152  132                                   
    15.0-180.0 180.0   5.0 450.0                            LAT/LON1/LON2/DLON/H
  152  153  146  133  122  109  101   92   85   79   75   72   71   72   75   80
   86   91   93   94   93   93   95  100  111  128  151  179  209  242  275  306
  333  354  370  381  390  400  412  426  443  460  476  490  502  512  521  528
  534  539  543  544  543  539  529  514  494  469  441  412  381  348  314  282
  253  231  211  194  182  172  168  166  152                                   
    12.5-180.0 180.0   5.0 450.0                            LAT/LON1/LON2/DLON/H
  166  170  168  156  145  130  123  113  104   96   89   84   80   78   79   82
   87   91   93   94   94   95   99  107  120  138  162  191  222  254  286  316
  342  363  379  391  401  413  427  443  461  478  493  504  512  517  521  523
  524  523  521  518  514  508  499  486  469  449  427  403  377  349  319  289
  261  240  219  203  190  177  172  171  166                                   
    10.0-180.0 180.0   5.0 450.0                            LAT/LON1/LON2/DLON/H
  171  176  179  166  158  144  138  130  122  113  105   97   92   88   86   88
   90   93   95   96   97  100  106  116  130  150  175  203  234  265  295  322
  347  367  383  396  408  421  437  454  472  489  501  508  512  513  513  513
  510  506  499  493  487  480  471  460  445  428  410  390  368  343  317  290
  265  244  224  208  193  177  171  169  171                                   
     7.5-180.0 180.0   5.0 450.0                            LAT/LON1/LON2/DLON/H
  169  174  177  165  159  147  144  139  133  126  118  110  103   98   95   95
   96   97   99  100  103  108  115  126  141  162  187  216  245  274  301  325
