data/edconvlstm_nd/pred0790.15i
     1.0            IONOSPHERE MAPS     GNSS                IONEX VERSION / TYPE
pyspatialgeodesy        IME             05-JAN-18 20:20     PGM / RUN BY / DATE 
Map Name                                                    COMMENT             
Predicted global ionosphere maps (GIM).                     DESCRIPTION         
  2015     3    20     0     0     0                        EPOCH OF FIRST MAP  
  2015     3    21     0     0     0                        EPOCH OF LAST MAP   
  7200                                                      INTERVAL            
    13                                                      # OF MAPS IN FILE   
  NONE                                                      MAPPING FUNCTION    
10.0                                                        ELEVATION CUTOFF    
One-way carrier phase leveled to code                       OBSERVABLES USED    
  6371.0                                                    BASE RADIUS         
 2                                                          MAP DIMENSION       
   450.0 450.0   0.0                                        HGT1 / HGT2 / DHGT  
    87.5 -87.5  -2.5                                        LAT1 / LAT2 / DLAT  
  -180.0 180.0   5.0                                        LON1 / LON2 / DLON  
    -1                                                      EXPONENT            
                                                            END OF HEADER       
[from data line 2145]
     6                                                      START OF TEC MAP    
  2015     3    20    10     0     0                        EPOCH OF CURRENT MAP
    87.5-180.0 180.0   5.0 450.0                            LAT/LON1/LON2/DLON/H
   85   98  100  106  107  109  109  105  106  108  108  109  109  109  109  109
  109  109  109  109  109  109  109  110  110  110  111  111  112  112  113  113
  114  114  114  115  115  115  115  115  114  114  114  113  112  112  111  110
  109  108  107  106  105  104  103  102  101  100   99   99   98   97   97   97
   97   98   96   95   99  101  111  106   85                                   
    85.0-180.0 180.0   5.0 450.0                            LAT/LON1/LON2/DLON/H
   90  108  119  111  112  116  116  116  117  118  118  118  118  118  117  117
  117  117  117  117  117  117  118  118  119  120  121  122  123  124  125  126
  127  128  129  129  130  130  130  130  130  129  129  128  127  126  124  123
  122  120  119  118  116  115  114  113  112  111  110  109  109  108  107  107
  108  109  104  101  101  106  114  114   90                                   
    82.5-180.0 180.0   5.0 450.0                            LAT/LON1/LON2/DLON/H
   93  106  119  110  111  114  115  114  115  115  114  114  113  112  111  110
  109  109  109  109  109  110  110  111  112  113  115  117  118  120  122  125
  127  129  131  132  134  135  136  136  136  136  135  134  133  132  130  128
  126  125  123  121  119  118  116  115  114  112  111  110  109  108  108  108
  108  108  103  101  103  108  107  104   93                                   
    80.0-180.0 180.0   5.0 450.0                            LAT/LON1/LON2/DLON/H
   95  102  112  106  107  107  108  108  108  108  106  105  103  101   99   97
   95   94   93   93   93   94   94   96   97   99  102  104  107  111  114  117
  121  124  128  131  134  136  138  139  140  140  139  138  137  135  133  131
  129  127  125  124  122  120  119  117  115  114  112  111  110  108  107  106
  106  105  103  101  100  106  109  102   95                                   
    77.5-180.0 180.0   5.0 450.0                            LAT/LON1/LON2/DLON/H
  101  103  108  104  103  104  105  104  104  102   99   97   93   90   87   84
   81   79   78   77   77   78   79   81   83   86   90   94   98  103  108  113
  118  124  129  134  138  142  145  147  148  149  148  147  146  144  142  140
  138  136  134  132  131  130  128  127  125  124  122  120  118  116  114  113
  111  109  106  104  102   99  102   98  101                                   
    75.0-180.0 180.0   5.0 450.0                            LAT/LON1/LON2/DLON/H
   95   99  101   99   98  101  100   98   96   94   89   86   81   76   72   68
   64   62   60   60   60   61   62   65   68   72   76   81   87   93  100  106
  113  120  127  134  140  145  149  152  154  155  154  153  152  150  147  145
  143  141  140  139  138  137  136  135  134  132  130  127  125  122  120  118
  115  112  108  102  102   99  101   91   95                                   
    72.5-180.0 180.0   5.0 450.0                            LAT/LON1/LON2/DLON/H
   93   97   99   98   98  102  102   99   96   92   86   81   75   69   64   59
   55   52   51   50   51   52   54   57   61   66   71   77   83   90   98  106
  114  122  131  139  146  153  158  161  163  164  164  163  161  158  156  153
  151  150  149  149  149  149  149  148  147  145  142  139  136  133  130  127
  124  120  116  109  105  101  100   95   93                                   
    70.0-180.0 180.0   5.0 450.0                            LAT/LON1/LON2/DLON/H
   89   93   98   97   97  101  100   98   95   90   84   78   71   64   57   52
   48   45   43   43   44   46   49   52   56   61   67   73   80   87   95  104
  113  123  132  141  150  157  162  166  168  169  168  166  164  161  158  155
  153  152  152  152  153  154  154  153  151  149  145  141  137  133  130  127
  123  119  115  108  103   99  101   97   89                                   
    67.5-180.0 180.0   5.0 450.0                            LAT/LON1/LON2/DLON/H
   80   87   92   94   95  101  102  101   97   93   87   81   73   66   60   54
   50   47   46   46   48   50   52   56   59   64   68   74   80   87   94  103
  113  123  133  143  152  159  165  168  170  170  168  166  163  160  157  155
  153  152  152  153  155  156  156  155  152  149  144  138  133  128  124  121
  118  114  109  102   96   92   91   89   80                                   
    65.0-180.0 180.0   5.0 450.0                            LAT/LON1/LON2/DLON/H
   70   78   84   88   91   99  101  102  100   97   91   86   79   72   66   61
   57   55   54   55   56   58   60   62   65   68   72   76   81   87   95  104
  114  125  136  147  156  163  168  170  171  170  169  166  163  160  158  156
  154  154  155  156  158  159  158  156  152  147  140  133  127  121  116  112
  108  105   99   92   87   84   83   83   70                                   
    62.5-180.0 180.0   5.0 450.0                            LAT/LON1/LON2/DLON/H
   57   66   73   77   82   92   96   98   98   97   93   90   84   79   73   69
   67   65   65   66   67   68   69   70   71   73   75   78   82   87   94  104
  115  128  140  151  161  167  171  172  171  170  167  165  163  161  160  159
  159  159  160  161  162  162  161  157  152  145  137  129  121  114  107  103
   98   94   88   80   74   70   69   72   57                                   
    60.0-180.0 180.0   5.0 450.0                            LAT/LON1/LON2/DLON/H
   47   53   60   64   69   78   83   87   89   90   90   89   86   82   79   76
   74   74   74   75   75   75   75   74   74   74   75   76   79   85   92  103
  116  131  146  158  168  173  175  174  172  168  165  163  162  162  163  165
  166  168  169  170  170  169  165  161  154  146  137  128  119  111  103   97
   91   84   78   69   63   57   55   59   47                                   
    57.5-180.0 180.0   5.0 450.0                            LAT/LON1/LON2/DLON/H
   40   43   49   52   56   63   68   73   76   80   82   84   83   82   81   80
   80   80   81   81   80   79   77   75   73   72   73   74   77   83   92  105
  121  139  156  170  180  184  184  181  176  171  167  165  166  169  173  178
  182  185  187  187  185  182  177  170  163  155  147  138  129  120  111  103
   95   86   78   68   60   51   47   51   40                                   
    55.0-180.0 180.0   5.0 450.0                            LAT/LON1/LON2/DLON/H
   41   38   43   43   44   49   53   57   61   65   69   73   76   77   78   78
   80   81   81   81   79   77   73   71   69   68   69   71   75   81   92  108
  128  149  169  185  195  198  196  190  183  177  172  170  172  178  186  194
  202  207  209  208  204  198  191  183  176  169  162  156  148  140  130  120
  109   98   88   76   67   55   48   51   41                                   
    52.5-180.0 180.0   5.0 450.0                            LAT/LON1/LON2/DLON/H
   49   41   43   40   37   39   42   44   47   51   56   61   65   68   70   72
   75   77   77   76   74   70   67   64   63   64   66   69   74   82   95  113
  136  161  184  202  212  215  211  204  195  187  180  178  181  188  200  213
  224  231  233  230  223  214  205  196  189  185  181  178  173  166  157  146
  133  120  109   95   84   69   59   59   49                                   
    50.0-180.0 180.0   5.0 450.0                            LAT/LON1/LON2/DLON/H
   64   52   51   44   38   37   37   36   38   42   46   50   54   57   60   64
   67   69   70   69   66   62   58   57   58   61   65   70   76   85  100  120
  146  174  200  220  231  234  230  221  211  201  193  188  190  199  213  229
  243  252  254  249  239  227  215  206  200  197  197  197  196  192  184  173
  159  146  133  119  106   90   80   76   64                                   
    47.5-180.0 180.0   5.0 450.0                            LAT/LON1/LON2/DLON/H
   83   70   65   56   46   42   39   37   36   38   40   43   46   48   51   55
   58   61   61   60   57   53   51   51   54   60   66   73   81   91  107  129
  157  187  215  237  250  254  251  244  233  221  209  202  201  209  224  241
  257  267  268  261  248  233  219  209  204  203  205  208  211  209  203  194
  181  168  155  141  129  114  104   98   83                                   
    45.0-180.0 180.0   5.0 450.0                            LAT/LON1/LON2/DLON/H
  101   89   83   73   62   56   51   46   43   42   41   42   42   43   45   48
   51   53   54   53   50   47   45   47   52   60   69   79   88  100  117  139
  168  199  228  251  267  274  274  269  259  246  231  218  213  218  231  249
  265  275  274  265  249  233  218  207  201  201  204  210  214  215  211  203
  192  180  167  156  145  134  125  118  101                                   
    42.5-180.0 180.0   5.0 450.0                            LAT/LON1/LON2/DLON/H
  113  104  101   91   81   75   69   62   57   53   50   47   45   44   44   46
   48   50   50   48   45   42   42   45   52   62   74   86   98  111  128  150
  177  207  236  261  279  290  295  294  287  274  256  239  228  227  237  253
  269  277  275  265  249  231  216  205  198  196  198  202  206  208  206  200
  191  181  170  160  152  144  137  131  113                                   
    40.0-180.0 180.0   5.0 450.0                            LAT/LON1/LON2/DLON/H
  117  113  112  106  100   95   89   83   77   71   65   60   55   51   49   49
   50   50   49   47   43   41   41   45   53   66   80   95  108  123  140  160
  186  213  241  265  286  302  313  317  315  303  284  263  246  240  245  259
  272  280  278  268  253  238  223  211  202  195  193  193  195  195  194  190
  182  174  163  154  147  142  137  132  117                                   
    37.5-180.0 180.0   5.0 450.0                            LAT/LON1/LON2/DLON/H
  113  113  115  113  111  110  107  103   98   91   83   76   69   64   60   58
   57   56   54   50   46   43   43   48   57   71   87  103  119  134  151  170
  193  218  243  268  290  310  327  338  341  332  314  291  270  259  260  270
  283  291  292  285  274  262  249  236  223  211  200  193  189  187  184  180
  173  166  155  146  137  132  128  124  113                                   
    35.0-180.0 180.0   5.0 450.0                            LAT/LON1/LON2/DLON/H
  105  108  111  111  114  116  117  116  113  107  100   94   86   80   74   71
   68   65   62   58   53   50   49   54   63   77   94  112  129  146  162  181
  201  224  247  271  296  320  342  359  366  361  345  323  301  286  284  293
  306  318  323  322  317  310  301  288  271  250  230  213  201  193  187  183
  176  167  156  143  131  122  117  112  105                                   
    32.5-180.0 180.0   5.0 450.0                            LAT/LON1/LON2/DLON/H
   99  102  105  105  109  114  118  120  119  116  112  107  100   94   89   84
   81   77   73   69   64   61   59   62   71   84  101  120  139  157  175  193
  213  234  256  280  306  333  359  381  392  391  378  358  337  323  320  330
  346  363  375  382  384  383  378  366  346  317  287  259  238  223  213  206
  198  188  174  157  138  122  113  106   99                                   
    30.0-180.0 180.0   5.0 450.0                            LAT/LON1/LON2/DLON/H
  102  102  102   99  103  106  112  115  117  116  115  113  109  105  101   97
   93   89   86   82   77   73   71   73   80   92  108  128  148  168  188  208
  228  249  271  296  323  352  381  405  420  423  414  398  380  368  368  381
  404  428  448  463  472  478  478  468  444  409  368  330  299  277  262  252
  241  230  213  191  164  140  125  112  102                                   
    27.5-180.0 180.0   5.0 450.0                            LAT/LON1/LON2/DLON/H
  117  114  108   99   99  100  104  107  109  110  111  112  112  110  108  105
  102  100   97   94   90   86   83   84   89  100  116  136  158  181  203  225
  247  269  294  320  349  379  408  433  450  457  452  441  428  422  427  446
  476  507  535  557  574  585  590  581  556  515  466  418  378  348  329  315
  302  289  270  244  210  177  153  134  117                                   
    25.0-180.0 180.0   5.0 450.0                            LAT/LON1/LON2/DLON/H
  149  140  127  109  105  100  101  101  101  103  105  108  109  110  110  109
  108  107  105  103  100   97   94   95   99  109  125  146  169  195  220  245
  270  296  325  354  383  412  440  464  482  492  493  487  481  482  494  520
  556  593  626  652  672  686  693  687  661  618  563  509  462  426  402  384
  370  357  335  308  269  230  197  171  149                                   
    22.5-180.0 180.0   5.0 450.0                            LAT/LON1/LON2/DLON/H
  194  183  162  134  122  111  106  102   99   99  100  103  106  107  109  109
  110  111  111  110  108  106  105  105  108  118  134  156  182  210  239  268
  298  329  362  393  423  450  474  497  516  529  535  537  538  546  565  596
  635  674  707  731  749  761  767  760  736  694  640  584  535  496  467  447
  431  419  397  373  332  291  250  219  194                                   
    20.0-180.0 180.0   5.0 450.0                            LAT/LON1/LON2/DLON/H
  249  236  211  174  152  134  123  113  105  101   99  101  103  105  107  109
  111  113  115  115  115  115  113  113  116  126  143  167  196  227  259  293
  327  364  400  433  462  487  509  530  550  567  579  587  596  611  635  668
  706  741  767  783  793  798  798  789  766  728  680  630  583  544  514  491
  474  463  445  427  389  351  308  276  249                                   
    17.5-180.0 180.0   5.0 450.0                            LAT/LON1/LON2/DLON/H
  302  292  267  225  193  170  151  135  121  111  105  104  104  105  107  109
  113  116  119  121  122  122  121  120  124  134  153  179  210  244  279  316
  355  394  433  466  494  518  539  561  583  603  621  636  651  670  696  727
  759  785  800  805  803  797  790  777  755  723  685  644  604  567  536  511
  493  483  469  457  427  398  359  333  302                                   
    15.0-180.0 180.0   5.0 450.0                            LAT/LON1/LON2/DLON/H
  347  342  321  279  241  214  188  167  146  130  119  112  109  108  109  112
  115  119  122  125  127  128  127  126  130  141  161  189  222  258  296  335
  376  417  455  488  516  540  562  586  611  636  659  679  698  719  742  766
  788  802  804  797  784  770  757  741  721  696  667  637  604  570  538  510
  489  478  468  462  442  424  396  380  347                                   
    12.5-180.0 180.0   5.0 450.0                            LAT/LON1/LON2/DLON/H
  379  378  364  327  288  259  229  204  178  157  139  128  120  116  115  117
  119  122  125  128  131  132  131  131  135  147  168  197  231  268  307  347
  388  428  466  498  527  552  578  605  634  663  688  711  731  750  768  784
  794  794  784  767  748  730  715  700  683  664  643  621  594  562  528  495
  469  455  447  445  434  429  412  409  379                                   
    10.0-180.0 180.0   5.0 450.0                            LAT/LON1/LON2/DLON/H
  398  400  393  362  325  297  266  239  210  186  164  148  136  128  125  124
  125  126  128  131  134  135  135  135  140  152  173  203  237  274  312  352
  392  430  466  498  527  556  585  617  650  681  707  729  748  765  777  784
  783  773  754  732  710  692  679  666  652  637  621  603  580  549  512  474
  444  426  417  417  414  418  412  420  398                                   
     7.5-180.0 180.0   5.0 450.0                            LAT/LON1/LON2/DLON/H
  405  409  407  381  348  323  293  267  238  212  189  170  154  144  137  134
  132  131  131  132  135  137  137  138  143  155  177  207  241  277  314  351
