data/edconvlstm_nd/pred3500.15i
     1.0            IONOSPHERE MAPS     GNSS                IONEX VERSION / TYPE
pyspatialgeodesy        IME             05-JAN-18 20:20     PGM / RUN BY / DATE 
Map Name                                                    COMMENT             
Predicted global ionosphere maps (GIM).                     DESCRIPTION         
  2015    12    16     0     0     0                        EPOCH OF FIRST MAP  
  2015    12    17     0     0     0                        EPOCH OF LAST MAP   
  7200                                                      INTERVAL            
    13                                                      # OF MAPS IN FILE   
  NONE                                                      MAPPING FUNCTION    
10.0                                                        ELEVATION CUTOFF    
One-way carrier phase leveled to code                       OBSERVABLES USED    
  6371.0                                                    BASE RADIUS         
 2                                                          MAP DIMENSION       
   450.0 450.0   0.0                                        HGT1 / HGT2 / DHGT  
    87.5 -87.5  -2.5                                        LAT1 / LAT2 / DLAT  
  -180.0 180.0   5.0                                        LON1 / LON2 / DLON  
    -1                                                      EXPONENT            
                                                            END OF HEADER       
[from data line 1716]
     5                                                      START OF TEC MAP    
  2015    12    16     8     0     0                        EPOCH OF CURRENT MAP
    87.5-180.0 180.0   5.0 450.0                            LAT/LON1/LON2/DLON/H
   31   43   39   40   40   39   39   33   33   34   33   33   32   32   31   31
   31   30   30   30   30   30   30   30   31   31   31   31   31   31   32   32
   32   32   32   32   31   31   31   31   31   31   31   31   31   32   32   32
   33   33   33   33   34   34   34   34   34   34   34   34   34   33   33   34
   35   35   34   34   40   48   60   60   31                                   
    85.0-180.0 180.0   5.0 450.0                            LAT/LON1/LON2/DLON/H
   26   53   55   48   49   51   49   48   47   48   46   46   45   44   44   43
   43   43   43   43   43   43   43   43   44   44   44   45   45   45   46   46
   46   46   45   45   45   44   44   44   43   43   43   43   43   43   44   44
   44   45   45   46   46   46   47   47   47   47   47   47   47   47   47   47
   48   49   46   47   51   55   66   59   26                                   
    82.5-180.0 180.0   5.0 450.0                            LAT/LON1/LON2/DLON/H
   31   44   59   50   50   50   49   47   47   46   45   45   43   42   41   41
   40   39   39   39   39   39   39   40   40   41   42   42   43   43   44   44
   44   44   44   43   43   42   42   42   41   41   41   41   41   41   42   42
   43   43   44   45   45   45   46   46   46   46   46   46   46   46   46   46
   47   47   46   45   55   53   55   50   31                                   
    80.0-180.0 180.0   5.0 450.0                            LAT/LON1/LON2/DLON/H
   40   46   60   51   54   51   51   48   48   47   45   44   43   41   40   38
   37   36   36   35   35   36   36   37   38   39   40   41   42   43   44   44
   45   45   44   44   43   43   42   41   41   40   40   40   40   41   42   42
   43   44   45   46   46   47   47   47   47   47   47   46   46   46   46   46
   47   47   47   47   53   54   54   51   40                                   
    77.5-180.0 180.0   5.0 450.0                            LAT/LON1/LON2/DLON/H
   50   51   58   50   50   49   49   48   47   46   43   43   41   39   37   35
   33   32   31   31   31   31   32   33   34   36   37   39   40   41   42   43
   43   43   43   42   41   39   38   37   37   36   36   37   38   39   40   42
   44   46   47   48   49   50   50   50   50   50   49   48   48   47   46   45
   45   44   43   44   45   39   43   45   50                                   
    75.0-180.0 180.0   5.0 450.0                            LAT/LON1/LON2/DLON/H
   41   48   52   47   47   49   49   47   46   46   43   42   40   38   36   35
   33   32   31   30   31   31   32   34   35   37   39   40   42   43   43   44
   43   43   42   41   40   38   37   36   36   36   36   37   39   42   44   47
   50   52   54   56   57   57   58   57   57   56   55   53   52   51   49   48
   46   44   43   41   43   35   39   37   41                                   
    72.5-180.0 180.0   5.0 450.0                            LAT/LON1/LON2/DLON/H
   41   46   49   43   45   49   49   47   46   46   44   43   41   40   38   36
   34   33   32   32   32   33   34   36   37   39   41   42   43   43   44   43
   43   42   41   40   39   38   37   37   37   38   40   42   46   49   53   57
   61   64   66   68   69   69   69   68   66   65   63   61   59   57   55   52
   50   47   46   44   44   36   38   37   41                                   
    70.0-180.0 180.0   5.0 450.0                            LAT/LON1/LON2/DLON/H
   40   44   48   44   44   47   47   46   46   46   44   44   43   42   41   39
   38   37   36   36   36   37   38   40   42   43   44   45   45   44   44   43
   42   41   40   40   39   39   39   40   41   44   47   52   56   62   67   72
   76   79   81   83   83   82   81   78   76   73   71   69   66   63   61   58
   55   51   50   46   44   36   40   38   40                                   
    67.5-180.0 180.0   5.0 450.0                            LAT/LON1/LON2/DLON/H
   36   40   44   41   42   45   45   44   44   44   43   44   44   44   43   42
   40   39   38   38   38   39   41   42   44   45   45   44   43   41   39   38
   37   36   36   36   36   37   39   41   45   49   55   62   68   75   81   87
   91   94   96   96   95   93   90   86   82   79   75   72   70   67   63   60
   57   52   51   46   43   35   37   35   36                                   
    65.0-180.0 180.0   5.0 450.0                            LAT/LON1/LON2/DLON/H
   34   39   42   40   40   43   43   43   43   44   44   45   46   46   46   46
   45   43   42   41   42   42   44   45   46   46   45   43   40   38   36   34
   33   33   33   34   36   39   42   46   52   59   67   76   85   93  100  105
  109  112  113  112  110  106  102   96   91   86   81   78   74   71   67   63
   59   54   52   46   44   36   37   36   34                                   
    62.5-180.0 180.0   5.0 450.0                            LAT/LON1/LON2/DLON/H
   33   37   40   39   39   43   42   42   42   43   43   46   47   48   49   49
   48   46   45   44   43   44   45   46   46   46   44   41   37   34   32   30
   30   30   32   34   38   42   47   54   62   71   82   92  102  111  118  123
  127  129  129  128  124  120  113  107  100   93   87   82   78   74   69   65
   59   54   51   45   42   33   35   36   33                                   
    60.0-180.0 180.0   5.0 450.0                            LAT/LON1/LON2/DLON/H
   32   35   37   37   37   40   40   40   40   40   41   43   45   47   48   48
   47   46   44   42   41   42   43   43   43   42   39   36   32   29   27   26
   26   28   31   35   40   46   53   61   71   83   95  106  117  126  133  138
  140  142  142  140  137  131  125  117  108  100   93   87   81   75   69   63
   57   50   47   41   38   30   30   32   32                                   
    57.5-180.0 180.0   5.0 450.0                            LAT/LON1/LON2/DLON/H
   32   33   36   36   36   39   40   39   39   39   39   41   43   45   47   47
   46   44   42   40   39   39   40   40   40   38   35   32   29   26   24   24
   26   29   33   39   46   53   62   72   83   96  109  121  132  141  147  151
  154  155  155  154  151  147  140  132  123  113  105   97   89   81   73   65
   57   49   45   40   37   28   28   32   32                                   
    55.0-180.0 180.0   5.0 450.0                            LAT/LON1/LON2/DLON/H
   35   33   36   37   36   39   40   39   38   38   37   39   40   42   44   45
   44   42   40   37   36   36   36   37   36   35   32   29   26   24   23   24
   27   32   38   46   54   63   73   84   96  109  122  135  146  154  159  163
  165  167  168  168  167  164  158  150  141  131  121  112  102   91   80   70
   60   51   47   42   40   30   30   34   35                                   
    52.5-180.0 180.0   5.0 450.0                            LAT/LON1/LON2/DLON/H
   40   36   38   39   38   41   42   41   40   38   37   38   38   40   42   43
   43   41   38   36   35   34   35   35   35   33   31   28   26   24   24   26
   31   37   45   55   65   75   85   96  109  122  135  147  157  165  170  174
  176  179  182  184  184  182  177  170  161  152  141  130  119  106   93   80
   68   58   54   48   47   37   36   40   40                                   
    50.0-180.0 180.0   5.0 450.0                            LAT/LON1/LON2/DLON/H
   48   42   43   43   41   45   46   45   43   41   39   38   38   39   41   42
   42   41   39   37   35   35   36   36   36   34   31   29   27   26   26   29
   35   43   54   65   76   87   98  109  121  134  146  158  168  176  181  185
  188  192  195  198  200  199  195  189  181  171  161  149  136  122  107   93
   80   70   66   60   59   49   48   52   48                                   
    47.5-180.0 180.0   5.0 450.0                            LAT/LON1/LON2/DLON/H
   58   51   50   49   46   51   52   51   49   46   43   41   40   40   42   43
   44   43   41   40   40   40   41   41   40   38   34   31   29   28   29   33
   40   50   62   75   88  100  111  122  133  145  157  168  178  186  192  196
  200  204  208  211  213  212  209  203  195  186  176  164  151  136  121  107
   94   84   80   74   73   65   64   67   58                                   
    45.0-180.0 180.0   5.0 450.0                            LAT/LON1/LON2/DLON/H
   66   60   58   57   52   57   58   57   56   53   49   47   44   44   45   46
   47   47   46   47   48   49   51   51   49   44   40   35   32   30   31   35
   43   55   69   84   99  112  123  134  145  155  166  177  187  196  202  207
  212  216  219  222  222  220  216  210  202  193  184  172  159  145  131  118
  106   97   93   88   88   81   80   83   66                                   
    42.5-180.0 180.0   5.0 450.0                            LAT/LON1/LON2/DLON/H
   72   68   66   63   58   62   63   63   63   62   58   55   51   50   50   51
   52   53   54   56   59   62   64   63   59   53   46   40   35   32   33   37
   46   59   75   92  108  123  136  147  156  166  176  186  196  205  213  219
  223  226  228  229  227  223  217  210  202  194  184  173  161  148  136  125
  115  107  103   99   98   92   91   94   72                                   
    40.0-180.0 180.0   5.0 450.0                            LAT/LON1/LON2/DLON/H
   74   71   70   67   61   65   66   68   69   70   68   65   61   58   57   57
   58   60   63   68   73   77   78   76   69   61   52   44   38   35   35   39
   48   63   81  100  118  135  148  159  169  177  186  196  205  215  223  229
  233  235  235  232  228  221  214  206  198  190  181  170  159  148  138  128
  120  113  108  104  102   95   94   98   74                                   
    37.5-180.0 180.0   5.0 450.0                            LAT/LON1/LON2/DLON/H
   73   71   70   67   61   64   66   69   73   76   76   76   72   68   65   64
   65   68   73   79   85   90   90   86   77   67   56   48   41   38   38   43
   53   69   89  110  130  148  162  174  182  190  197  206  215  225  233  238
  241  241  239  234  228  220  212  204  197  189  180  169  159  149  140  132
  124  115  109  103   99   90   89   93   73                                   
    35.0-180.0 180.0   5.0 450.0                            LAT/LON1/LON2/DLON/H
   70   67   66   63   58   59   62   67   73   78   82   83   81   77   73   71
   71   75   80   88   95   99   98   92   82   71   60   52   46   44   45   51
   63   80  102  124  146  164  179  190  198  204  210  217  226  235  243  248
  250  248  244  238  231  224  217  211  204  197  188  177  167  157  148  140
  131  120  111  101   93   81   79   82   70                                   
    32.5-180.0 180.0   5.0 450.0                            LAT/LON1/LON2/DLON/H
   68   63   62   58   53   53   55   60   68   76   82   87   87   84   79   76
   76   80   86   93  100  104  102   95   84   73   63   56   53   53   56   64
   78   96  119  142  164  183  198  208  215  220  225  232  240  248  255  259
  260  257  253  248  243  238  234  230  226  219  210  199  188  177  167  158
  145  130  118  103   91   72   69   72   68                                   
    30.0-180.0 180.0   5.0 450.0                            LAT/LON1/LON2/DLON/H
   69   62   59   54   50   48   50   54   61   69   78   85   88   86   83   80
   79   83   89   96  102  104  101   94   84   74   67   63   62   65   71   81
   97  116  139  163  185  204  219  229  235  239  244  250  258  265  271  274
  274  271  268  266  265  264  265  264  262  256  246  235  223  211  200  187
  171  151  134  114   97   70   66   68   69                                   
    27.5-180.0 180.0   5.0 450.0                            LAT/LON1/LON2/DLON/H
   77   67   62   55   50   48   47   49   54   61   70   79   84   85   82   80
   80   84   90   96  100  101   98   92   84   76   71   69   72   78   87  100
  117  138  162  186  208  227  241  251  258  262  266  272  280  287  292  294
  293  291  290  292  296  302  308  312  312  306  297  285  272  258  244  228
  207  183  162  136  115   82   74   73   77                                   
    25.0-180.0 180.0   5.0 450.0                            LAT/LON1/LON2/DLON/H
   93   79   71   63   57   53   50   49   51   56   63   71   77   80   79   78
   79   83   88   93   96   96   94   90   84   79   76   76   81   90  103  118
  138  160  184  208  230  249  264  275  282  287  292  299  307  314  318  319
  318  317  320  326  337  349  361  370  372  368  358  344  330  314  297  276
  251  224  199  169  145  107   97   92   93                                   
    22.5-180.0 180.0   5.0 450.0                            LAT/LON1/LON2/DLON/H
  118   99   88   78   71   66   60   55   53   54   59   65   71   74   74   75
   76   80   85   88   90   91   91   89   87   83   82   83   90  101  116  134
  155  178  202  227  249  269  285  297  306  313  320  329  338  345  348  349
  348  350  356  368  384  403  420  432  437  432  422  407  391  373  352  328
  299  270  242  211  186  145  131  124  118                                   
    20.0-180.0 180.0   5.0 450.0                            LAT/LON1/LON2/DLON/H
  149  127  113  101   91   84   76   68   62   59   60   63   67   70   71   72
   74   77   81   84   85   87   90   91   91   90   89   90   97  109  125  145
  167  191  216  240  264  285  302  316  327  337  347  358  369  377  381  382
  383  387  397  413  433  455  475  489  493  488  476  461  445  425  402  374
  344  315  287  257  232  192  175  167  149                                   
    17.5-180.0 180.0   5.0 450.0                            LAT/LON1/LON2/DLON/H
  183  159  143  128  116  107   98   87   77   70   67   67   69   70   71   71
   73   76   78   80   82   85   90   95   98   98   97   97  102  112  129  149
  172  197  223  248  273  295  315  331  345  358  371  384  396  406  411  413
  416  423  435  453  475  497  515  526  528  522  510  496  480  461  437  409
  379  353  326  301  277  239  221  213  183                                   
    15.0-180.0 180.0   5.0 450.0                            LAT/LON1/LON2/DLON/H
  215  190  174  156  141  132  122  110   98   88   81   78   77   76   76   75
   76   77   78   79   81   86   93  102  107  108  105  103  104  113  128  148
  173  199  226  253  278  302  323  342  359  374  390  405  418  428  434  438
  443  452  465  482  501  519  532  539  538  530  519  507  493  476  454  428
  402  379  356  336  313  279  262  254  215                                   
    12.5-180.0 180.0   5.0 450.0                            LAT/LON1/LON2/DLON/H
  238  214  201  180  163  153  146  136  123  111  101   94   91   88   86   84
   83   82   81   81   83   89   99  110  118  118  113  107  106  112  126  146
  172  199  227  255  281  306  329  350  369  386  403  419  432  442  448  454
  460  469  481  495  509  521  528  531  527  519  510  500  489  475  456  434
  411  393  374  358  338  307  290  283  238                                   
    10.0-180.0 180.0   5.0 450.0                            LAT/LON1/LON2/DLON/H
  252  229  217  194  179  169  164  158  147  135  124  115  109  104  100   96
   93   91   88   86   88   95  107  120  128  127  120  112  108  112  126  146
  172  200  229  256  283  308  332  354  375  394  412  426  438  447  453  459
  465  474  484  494  503  509  512  511  506  499  491  483  475  463  448  430
  411  397  381  367  349  320  304  296  252                                   
     7.5-180.0 180.0   5.0 450.0                            LAT/LON1/LON2/DLON/H
  256  234  223  198  185  176  175  174  167  158  147  138  130  123  117  112
  107  102   98   95   97  104  116  129  135  133  125  116  112  116  129  150
