data/edconvlstm_nd/pred2470.15i
     1.0            IONOSPHERE MAPS     GNSS                IONEX VERSION / TYPE
pyspatialgeodesy        IME             05-JAN-18 20:20     PGM / RUN BY / DATE 
Map Name                                                    COMMENT             
Predicted global ionosphere maps (GIM).                     DESCRIPTION         
  2015     9     4     0     0     0                        EPOCH OF FIRST MAP  
  2015     9     5     0     0     0                        EPOCH OF LAST MAP   
  7200                                                      INTERVAL            
    13                                                      # OF MAPS IN FILE   
  NONE                                                      MAPPING FUNCTION    
10.0                                                        ELEVATION CUTOFF    
One-way carrier phase leveled to code                       OBSERVABLES USED    
  6371.0                                                    BASE RADIUS         
 2                                                          MAP DIMENSION       
   450.0 450.0   0.0                                        HGT1 / HGT2 / DHGT  
    87.5 -87.5  -2.5                                        LAT1 / LAT2 / DLAT  
  -180.0 180.0   5.0                                        LON1 / LON2 / DLON  
    -1                                                      EXPONENT            
                                                            END OF HEADER       
[from data line 3432]
     9                                                      START OF TEC MAP    
  2015     9     4    16     0     0                        EPOCH OF CURRENT MAP
    87.5-180.0 180.0   5.0 450.0                            LAT/LON1/LON2/DLON/H
  123  131  128  134  138  138  137  136  136  139  138  139  139  139  140  140
  140  140  140  140  140  139  139  138  138  137  136  135  134  133  132  131
  130  129  128  128  127  126  125  125  125  124  124  124  124  124  124  124
  124  124  124  125  125  125  126  126  126  126  127  127  127  128  128  128
  128  129  127  124  132  127  137  132  123                                   
    85.0-180.0 180.0   5.0 450.0                            LAT/LON1/LON2/DLON/H
  128  132  145  135  136  142  142  144  144  146  146  147  147  148  148  149
  149  149  149  149  149  148  147  147  146  145  143  142  141  139  138  137
  135  134  133  132  131  130  129  128  128  127  127  127  126  126  126  127
  127  127  127  128  128  129  129  130  130  130  131  131  131  132  132  132
  133  133  129  126  127  124  129  127  128                                   
    82.5-180.0 180.0   5.0 450.0                            LAT/LON1/LON2/DLON/H
  114  126  130  125  129  135  138  140  140  143  143  145  145  146  147  148
  148  149  149  149  149  148  148  147  145  144  142  140  138  136  134  132
  131  129  128  126  125  124  123  122  121  121  120  120  120  119  120  120
  120  121  121  122  123  123  124  124  125  125  125  125  125  125  125  125
  125  124  121  120  119  126  119  113  114                                   
    80.0-180.0 180.0   5.0 450.0                            LAT/LON1/LON2/DLON/H
   99  106  114  113  116  118  123  127  130  133  134  136  137  138  139  140
  141  142  142  143  143  143  142  141  140  138  136  134  131  129  126  124
  122  120  118  117  115  114  113  112  110  109  108  108  107  107  107  107
  107  108  109  110  110  111  112  112  112  112  112  112  111  111  110  110
  110  109  107  106  102  105  103  102   99                                   
    77.5-180.0 180.0   5.0 450.0                            LAT/LON1/LON2/DLON/H
   94   96  100  100  104  109  113  117  120  123  124  126  128  129  131  132
  133  134  136  137  138  138  138  138  137  136  134  131  129  126  123  121
  119  117  115  113  112  111  110  108  107  105  103  102  101  100  100  100
  101  101  102  103  104  104  104  104  104  104  103  102  101   99   98   97
   96   94   93   92   92   90   90   93   94                                   
    75.0-180.0 180.0   5.0 450.0                            LAT/LON1/LON2/DLON/H
   82   86   86   89   94  100  103  108  111  115  116  118  120  121  122  124
  125  127  129  131  133  134  136  136  137  136  135  133  130  127  125  122
  120  118  116  115  114  113  111  110  108  105  103  101   99   97   96   96
   96   97   97   98   99   99   99   98   98   97   95   94   93   91   89   88
   87   85   84   81   81   80   80   74   82                                   
    72.5-180.0 180.0   5.0 450.0                            LAT/LON1/LON2/DLON/H
   74   78   78   84   87   94   99  103  105  109  110  112  113  114  115  117
  118  120  123  126  129  131  134  136  137  137  136  134  132  129  126  123
  121  119  118  118  117  116  115  113  110  107  103  100   97   95   94   93
   94   94   94   95   95   95   94   93   92   90   89   87   86   84   82   81
   79   77   76   73   72   73   74   73   74                                   
    70.0-180.0 180.0   5.0 450.0                            LAT/LON1/LON2/DLON/H
   70   74   74   79   83   88   92   97  100  104  105  107  108  109  110  111
  113  115  118  121  125  129  133  136  139  140  139  138  136  132  129  126
  124  122  121  121  120  120  118  116  113  109  105  101   97   94   93   92
   91   91   92   91   91   90   88   87   85   84   82   81   80   79   78   77
   76   74   73   70   70   71   74   73   70                                   
    67.5-180.0 180.0   5.0 450.0                            LAT/LON1/LON2/DLON/H
   67   72   73   78   81   87   92   96  100  103  105  107  108  108  109  110
  112  114  117  121  125  130  135  138  141  143  143  142  139  135  131  128
  125  123  123  123  123  122  121  119  116  111  106  102   97   94   92   91
   91   91   91   90   89   87   85   83   81   79   79   78   78   77   77   77
   75   73   72   69   68   69   71   69   67                                   
    65.0-180.0 180.0   5.0 450.0                            LAT/LON1/LON2/DLON/H
   63   70   70   75   77   83   88   93   97  101  104  106  108  109  110  111
  113  115  118  122  126  131  135  140  143  145  146  144  142  138  134  130
  126  124  123  123  124  124  123  121  117  113  107  102   98   94   92   91
   90   90   89   88   86   83   80   78   76   75   75   75   75   76   76   76
   75   74   73   70   69   71   74   72   63                                   
    62.5-180.0 180.0   5.0 450.0                            LAT/LON1/LON2/DLON/H
   60   67   67   71   74   80   85   90   95  100  103  107  109  111  113  114
  116  119  121  124  128  131  135  140  143  145  146  145  142  139  134  130
  127  124  123  123  123  123  123  121  117  113  108  102   97   94   91   90
   90   89   88   85   82   79   76   73   72   72   72   73   74   75   75   75
   74   73   72   69   68   69   72   71   60                                   
    60.0-180.0 180.0   5.0 450.0                            LAT/LON1/LON2/DLON/H
   57   63   63   67   69   75   80   86   92   97  102  106  110  113  116  119
  121  123  125  127  129  131  134  138  141  143  144  144  142  139  135  131
  128  125  124  123  123  124  123  121  118  114  109  103   98   94   92   90
   89   88   86   84   80   77   73   71   70   70   71   73   74   75   75   74
   73   71   70   67   67   68   71   69   57                                   
    57.5-180.0 180.0   5.0 450.0                            LAT/LON1/LON2/DLON/H
   55   59   60   64   66   72   78   83   89   95  101  106  111  116  120  125
  128  130  131  131  131  132  133  135  138  141  142  143  142  140  137  134
  131  129  128  127  127  127  127  125  122  118  113  108  102   98   95   93
   92   91   88   85   81   78   75   73   73   73   75   76   77   76   75   74
   72   70   69   66   65   66   69   68   55                                   
    55.0-180.0 180.0   5.0 450.0                            LAT/LON1/LON2/DLON/H
   56   59   60   64   66   72   77   83   89   95  100  107  113  119  125  131
  135  137  138  136  134  132  132  133  135  138  140  142  142  141  140  138
  137  136  135  134  134  134  134  132  129  125  120  114  109  104  101   99
   97   95   93   89   85   82   79   78   79   80   81   82   81   79   77   74
   71   69   68   65   65   66   68   68   56                                   
    52.5-180.0 180.0   5.0 450.0                            LAT/LON1/LON2/DLON/H
   60   61   63   67   69   75   81   86   91   97  102  108  115  122  130  137
  142  145  145  142  138  134  132  132  134  136  139  141  143  143  144  144
  144  144  144  144  144  144  143  141  138  134  128  123  117  112  109  106
  104  102  100   96   93   90   88   87   88   90   91   90   88   84   80   77
   73   70   69   67   67   68   70   70   60                                   
    50.0-180.0 180.0   5.0 450.0                            LAT/LON1/LON2/DLON/H
   67   68   70   74   76   82   88   93   98  103  107  113  119  127  136  144
  151  154  153  149  143  138  135  134  136  138  141  143  144  146  147  149
  151  152  154  155  155  155  154  151  148  143  138  132  127  122  118  116
  114  112  110  106  103  100   99   99  100  102  102  100   97   91   86   81
   77   75   74   73   73   73   75   74   67                                   
    47.5-180.0 180.0   5.0 450.0                            LAT/LON1/LON2/DLON/H
   75   77   79   84   85   93   98  103  108  113  117  122  128  136  145  153
  160  164  163  158  151  145  142  141  142  143  145  146  147  148  150  153
  156  159  162  164  165  166  164  162  157  152  147  141  136  131  128  126
  124  123  121  118  114  112  110  111  113  114  114  111  106  100   94   89
   85   83   82   81   82   82   83   81   75                                   
    45.0-180.0 180.0   5.0 450.0                            LAT/LON1/LON2/DLON/H
   84   87   89   94   96  103  109  115  120  126  130  135  141  148  156  165
  171  174  173  168  161  155  152  151  152  152  152  151  149  150  152  155
  160  164  169  172  174  175  174  171  166  160  154  149  144  140  137  136
  135  133  131  128  125  122  121  121  123  124  124  121  116  109  103   98
   94   93   92   91   92   91   92   89   84                                   
    42.5-180.0 180.0   5.0 450.0                            LAT/LON1/LON2/DLON/H
   91   94   96  102  105  113  119  127  133  140  145  151  157  164  171  178
  183  185  183  178  172  167  165  164  165  164  161  157  153  152  153  157
  162  168  174  179  183  184  183  179  174  167  161  155  151  148  145  144
  144  143  140  137  133  129  128  129  130  132  131  128  124  118  112  108
  105  104  103  102  101  100   99   96   91                                   
    40.0-180.0 180.0   5.0 450.0                            LAT/LON1/LON2/DLON/H
   94   98   99  106  109  118  126  136  145  154  161  169  175  181  187  192
  195  195  192  187  182  179  178  178  178  176  171  164  159  156  157  161
  167  174  181  188  192  195  193  189  182  175  167  161  157  154  153  152
  151  150  147  142  137  133  131  132  133  134  134  132  129  125  121  118
  115  114  113  110  108  106  104  101   94                                   
    37.5-180.0 180.0   5.0 450.0                            LAT/LON1/LON2/DLON/H
   93   97   98  104  109  118  127  140  152  165  175  185  192  198  202  205
  205  204  200  196  192  191  191  192  191  188  181  173  167  164  165  170
  177  186  194  201  207  209  208  202  194  185  176  169  165  162  160  159
  157  155  151  145  139  134  132  131  132  133  134  133  131  129  127  125
  123  122  119  116  112  108  105  102   93                                   
    35.0-180.0 180.0   5.0 450.0                            LAT/LON1/LON2/DLON/H
   90   93   93   98  103  113  124  139  155  171  185  197  205  211  214  215
  213  210  206  203  201  201  202  203  202  198  192  185  179  178  181  188
  197  206  215  223  229  231  229  221  211  199  189  180  175  171  169  166
  163  159  153  147  139  134  130  129  129  130  130  130  130  130  130  130
  128  126  123  118  112  107  103  100   90                                   
    32.5-180.0 180.0   5.0 450.0                            LAT/LON1/LON2/DLON/H
   86   87   87   90   95  104  117  134  153  172  189  204  214  220  222  221
  218  214  210  209  209  210  212  212  211  208  204  199  197  200  206  216
  227  238  247  254  259  260  256  247  234  220  207  197  189  184  180  176
  171  164  157  148  140  133  129  126  125  125  126  126  127  128  130  131
  130  128  124  117  111  104  101   98   86                                   
    30.0-180.0 180.0   5.0 450.0                            LAT/LON1/LON2/DLON/H
   84   83   81   83   87   96  109  127  148  169  188  204  216  222  224  223
  219  215  213  213  216  218  220  221  220  218  217  217  221  229  240  254
  267  278  287  293  296  295  288  277  262  245  230  218  209  202  196  189
  181  172  162  152  143  135  130  126  124  122  121  122  123  125  128  130
  129  127  123  116  109  102   99   96   84                                   
    27.5-180.0 180.0   5.0 450.0                            LAT/LON1/LON2/DLON/H
   85   82   78   78   82   90  103  120  142  164  183  200  212  219  221  220
  217  215  215  218  223  227  229  229  229  230  233  239  250  264  280  298
  314  325  332  336  335  331  322  308  291  274  258  244  233  224  216  207
  196  184  172  160  150  141  135  130  125  122  119  118  119  121  124  127
  127  126  123  116  110  102  101   96   85                                   
    25.0-180.0 180.0   5.0 450.0                            LAT/LON1/LON2/DLON/H
   89   84   78   78   80   89  101  117  138  158  177  192  204  212  215  215
  214  214  218  224  232  237  239  239  240  244  253  265  282  302  323  344
  361  372  376  375  371  362  351  336  319  302  286  272  260  249  239  228
  214  200  186  172  161  152  144  137  131  124  119  116  116  118  121  124
  125  125  123  118  113  106  105  100   89                                   
    22.5-180.0 180.0   5.0 450.0                            LAT/LON1/LON2/DLON/H
   95   89   81   81   83   92  104  118  137  155  171  185  196  203  208  210
  212  216  223  233  243  249  252  253  256  263  276  294  315  339  364  386
  402  410  410  405  396  384  371  356  341  326  311  298  286  275  263  250
  235  218  202  188  176  166  157  148  139  130  122  116  114  115  117  120
  122  124  124  121  118  112  111  106   95                                   
    20.0-180.0 180.0   5.0 450.0                            LAT/LON1/LON2/DLON/H
  101   95   85   86   88   97  109  123  139  154  168  179  189  197  204  209
  214  221  231  244  256  264  268  270  275  286  302  323  347  372  396  416
  429  434  430  420  407  394  380  367  356  344  333  321  309  297  285  271
  255  237  220  204  191  180  171  161  150  138  127  118  114  113  114  117
  120  124  125  124  123  118  118  112  101                                   
    17.5-180.0 180.0   5.0 450.0                            LAT/LON1/LON2/DLON/H
  104   99   89   90   93  102  115  128  143  157  168  178  187  196  204  212
  220  230  243  257  271  280  286  290  297  310  329  351  374  396  417  432
  441  441  434  421  407  393  381  372  364  357  348  338  327  315  303  288
  271  253  234  218  205  194  184  173  161  147  133  122  115  113  113  115
  118  122  125  126  125  121  121  116  104                                   
    15.0-180.0 180.0   5.0 450.0                            LAT/LON1/LON2/DLON/H
  104  100   89   92   95  105  119  133  148  162  172  182  191  201  211  221
  232  244  257  272  286  296  303  310  320  335  354  375  394  411  426  436
  440  437  427  413  399  387  378  372  368  365  359  350  339  327  314  299
  282  263  244  228  214  204  194  184  171  155  140  127  118  114  113  114
  115  120  123  124  124  121  120  116  104                                   
    12.5-180.0 180.0   5.0 450.0                            LAT/LON1/LON2/DLON/H
  100   97   87   91   94  104  119  134  151  166  178  189  199  211  223  236
  248  260  273  287  300  311  320  329  341  357  376  393  407  419  427  432
  432  426  415  402  389  380  374  372  372  371  366  357  345  331  317  301
  284  265  247  231  218  208  200  190  178  162  145  131  122  116  114  113
  113  116  119  120  119  116  115  111  100                                   
    10.0-180.0 180.0   5.0 450.0                            LAT/LON1/LON2/DLON/H
   93   91   83   87   91   99  116  133  152  170  184  197  209  223  238  252
  265  277  289  300  312  322  332  344  358  375  392  406  416  422  426  427
  423  416  405  394  384  378  376  376  377  376  370  359  345  329  312  296
  278  259  241  226  214  206  198  190  179  164  148  134  124  119  115  113
  111  112  113  112  111  108  106  103   93                                   
     7.5-180.0 180.0   5.0 450.0                            LAT/LON1/LON2/DLON/H
   86   85   79   83   86   94  111  129  151  171  189  204  219  235  252  268
  281  293  302  312  321  331  342  355  371  388  403  415  421  425  426  424
