data/edconvlstm_nd/pred2950.15i
     1.0            IONOSPHERE MAPS     GNSS                IONEX VERSION / TYPE
pyspatialgeodesy        IME             05-JAN-18 20:20     PGM / RUN BY / DATE 
Map Name                                                    COMMENT             
Predicted global ionosphere maps (GIM).                     DESCRIPTION         
  2015    10    22     0     0     0                        EPOCH OF FIRST MAP  
  2015    10    23     0     0     0                        EPOCH OF LAST MAP   
  7200                                                      INTERVAL            
    13                                                      # OF MAPS IN FILE   
  NONE                                                      MAPPING FUNCTION    
10.0                                                        ELEVATION CUTOFF    
One-way carrier phase leveled to code                       OBSERVABLES USED    
  6371.0                                                    BASE RADIUS         
 2                                                          MAP DIMENSION       
   450.0 450.0   0.0                                        HGT1 / HGT2 / DHGT  
    87.5 -87.5  -2.5                                        LAT1 / LAT2 / DLAT  
  -180.0 180.0   5.0                                        LON1 / LON2 / DLON  
    -1                                                      EXPONENT            
                                                            END OF HEADER       
[from data line 3861]
    10                                                      START OF TEC MAP    
  2015    10    22    18     0     0                        EPOCH OF CURRENT MAP
    87.5-180.0 180.0   5.0 450.0                            LAT/LON1/LON2/DLON/H
  128  132  127  135  140  140  141  140  141  145  145  147  148  150  151  152
  153  154  154  154  154  153  152  151  150  148  146  144  142  140  138  136
  133  131  129  127  125  123  122  120  119  117  116  115  115  114  113  113
  113  113  113  113  113  114  114  115  115  116  116  117  118  119  119  120
  121  122  121  119  126  123  134  130  128                                   
    85.0-180.0 180.0   5.0 450.0                            LAT/LON1/LON2/DLON/H
  131  128  139  130  132  139  140  145  147  150  151  154  156  158  160  161
  163  164  164  164  163  163  161  160  157  155  152  150  147  144  140  137
  134  132  129  126  124  122  120  118  116  114  112  111  110  109  108  108
  107  107  107  107  107  108  108  109  110  110  111  112  113  113  114  115
  117  118  116  113  114  115  117  118  131                                   
    82.5-180.0 180.0   5.0 450.0                            LAT/LON1/LON2/DLON/H
  111  114  117  116  121  128  135  139  143  147  151  155  158  162  165  168
  170  172  173  173  172  171  169  166  162  159  154  150  145  141  136  132
  128  125  121  118  115  112  109  106  104  101   99   97   95   93   92   91
   91   90   90   90   91   91   92   93   93   94   95   96   97   97   98   99
  101  101  100  101  102  111  102  102  111                                   
    80.0-180.0 180.0   5.0 450.0                            LAT/LON1/LON2/DLON/H
   90   93  101  101  106  109  118  126  133  139  144  150  154  159  163  167
  170  172  173  173  172  169  166  161  156  150  144  138  132  125  120  115
  110  106  103  100   97   94   91   89   86   84   81   79   77   76   75   74
   74   75   75   76   77   78   79   81   82   82   83   84   84   85   85   86
   87   88   88   88   83   87   81   90   90                                   
    77.5-180.0 180.0   5.0 450.0                            LAT/LON1/LON2/DLON/H
   88   86   92   92   98  104  113  121  129  135  142  150  156  163  168  173
  177  180  181  181  180  177  173  167  160  152  144  136  128  120  114  108
  104  100   97   94   92   89   87   84   81   78   75   73   70   69   67   67
   67   68   69   71   72   74   76   77   78   79   79   80   80   80   80   80
   80   80   81   83   80   77   76   85   88                                   
    75.0-180.0 180.0   5.0 450.0                            LAT/LON1/LON2/DLON/H
   80   81   84   86   93   99  107  115  124  132  139  147  154  162  168  174
  179  183  185  186  185  181  176  169  161  152  142  132  123  115  108  102
   98   95   93   91   90   89   87   85   82   79   76   73   71   70   69   69
   70   71   73   75   77   79   80   81   82   82   82   82   81   80   80   80
   79   80   81   80   76   72   69   68   80                                   
    72.5-180.0 180.0   5.0 450.0                            LAT/LON1/LON2/DLON/H
   79   78   81   87   90   97  106  113  121  129  137  146  154  162  169  176
  182  188  191  193  193  190  185  177  167  157  145  134  123  114  106  100
   96   94   92   92   91   90   89   86   83   80   76   73   70   69   68   69
   70   72   74   76   78   80   81   82   82   81   81   80   78   77   76   75
   74   75   76   75   73   70   69   72   79                                   
    70.0-180.0 180.0   5.0 450.0                            LAT/LON1/LON2/DLON/H
   79   78   81   86   90   97  104  113  121  129  137  145  152  160  167  175
  182  189  194  198  199  197  193  185  175  163  151  138  127  117  108  102
   98   95   94   94   93   93   91   89   85   81   77   74   71   70   69   70
   72   74   76   78   80   81   82   82   81   80   79   77   75   74   72   71
   70   70   73   73   72   69   72   73   79                                   
    67.5-180.0 180.0   5.0 450.0                            LAT/LON1/LON2/DLON/H
   78   77   80   87   93  101  109  119  127  135  143  150  157  164  171  179
  188  197  204  210  213  212  208  200  190  178  165  152  140  129  120  113
  107  104  101  100   98   97   94   90   86   81   77   73   71   69   69   71
   72   74   76   78   79   79   79   79   78   77   76   74   72   70   68   67
   66   66   67   67   67   67   68   70   78                                   
    65.0-180.0 180.0   5.0 450.0                            LAT/LON1/LON2/DLON/H
   71   72   75   85   91  101  111  122  132  141  148  154  160  166  173  182
  192  202  212  220  224  225  222  215  205  193  180  168  156  145  136  127
  120  115  110  107  103   99   95   90   85   79   74   71   68   67   67   68
   69   70   70   71   71   71   70   70   69   68   67   66   64   62   60   59
   58   58   60   60   61   63   65   69   71                                   
    62.5-180.0 180.0   5.0 450.0                            LAT/LON1/LON2/DLON/H
   62   64   67   79   88  100  112  126  137  146  154  160  165  171  178  187
  198  210  221  231  237  238  235  229  219  208  197  186  175  165  155  146
  137  128  121  114  107  101   94   88   81   75   70   66   64   63   63   63
   63   62   62   61   60   59   59   59   59   59   58   57   56   54   52   51
   49   49   50   50   51   53   56   60   62                                   
    60.0-180.0 180.0   5.0 450.0                            LAT/LON1/LON2/DLON/H
   51   55   59   73   83   96  111  126  139  150  158  165  170  175  182  191
  203  217  230  240  246  248  245  239  230  221  212  203  195  186  177  167
  156  145  133  123  113  104   96   87   80   74   69   65   63   61   60   59
   57   55   53   51   49   48   48   48   49   51   51   51   50   48   47   45
   43   42   43   42   42   44   47   53   51                                   
    57.5-180.0 180.0   5.0 450.0                            LAT/LON1/LON2/DLON/H
   43   49   54   69   80   94  110  126  141  153  163  170  175  180  188  198
  211  224  238  248  254  255  251  245  237  230  224  219  214  208  200  190
  177  163  149  136  123  112  101   92   84   78   73   70   67   65   62   60
   56   52   48   45   43   42   42   44   46   49   50   51   51   49   47   45
   43   41   41   39   38   39   40   47   43                                   
    55.0-180.0 180.0   5.0 450.0                            LAT/LON1/LON2/DLON/H
   42   51   57   71   83   97  113  129  144  157  167  175  181  187  195  206
  218  232  244  253  258  257  253  246  240  235  233  232  231  228  222  212
  199  183  167  151  136  123  112  102   95   88   83   80   77   74   70   65
   59   53   48   44   42   42   44   46   50   54   56   58   58   56   55   53
   50   48   47   44   41   40   40   47   42                                   
    52.5-180.0 180.0   5.0 450.0                            LAT/LON1/LON2/DLON/H
   50   60   67   80   92  106  120  135  150  162  172  180  187  194  203  214
  226  239  249  256  258  256  251  245  241  239  240  243  245  245  241  231
  218  201  184  167  152  139  127  118  110  104   99   95   91   87   81   75
   68   61   55   51   49   50   52   56   61   65   68   70   70   69   67   66
   63   61   60   56   52   49   47   52   50                                   
    50.0-180.0 180.0   5.0 450.0                            LAT/LON1/LON2/DLON/H
   67   77   86   98  110  122  135  147  159  170  179  187  194  202  211  223
  235  246  254  258  258  255  250  245  242  243  247  253  258  259  256  247
  233  216  199  183  168  156  145  136  128  122  116  112  107  102   95   88
   80   73   67   64   63   64   67   71   76   80   83   84   84   84   83   82
   80   79   78   75   69   65   61   63   67                                   
    47.5-180.0 180.0   5.0 450.0                            LAT/LON1/LON2/DLON/H
   89   98  109  120  132  144  154  164  173  182  189  196  203  212  221  232
  243  252  258  260  259  255  250  247  247  250  257  264  269  270  266  256
  243  227  211  197  183  172  162  153  145  138  132  126  120  114  107  100
   93   87   82   79   79   81   84   88   92   95   97   98   98   97   97   97
   96   97   97   95   89   83   79   78   89                                   
    45.0-180.0 180.0   5.0 450.0                            LAT/LON1/LON2/DLON/H
  111  120  132  143  155  167  175  183  190  197  203  209  215  223  232  242
  252  259  262  263  261  258  256  255  257  262  269  275  279  278  271  261
  248  233  220  207  195  185  175  166  157  149  142  135  128  121  115  109
  103   98   95   94   95   96   99  101  104  106  107  107  107  107  107  108
  108  110  111  112  107  101   97   95  111                                   
    42.5-180.0 180.0   5.0 450.0                            LAT/LON1/LON2/DLON/H
  128  136  149  162  175  188  195  203  208  214  218  223  228  235  244  253
  260  266  268  269  268  266  266  268  272  277  283  287  287  282  274  262
  250  238  226  216  206  196  186  176  165  155  146  137  130  123  117  113
  109  106  105  104  105  106  107  109  110  110  111  111  111  111  112  113
  114  117  119  121  119  113  110  110  128                                   
    40.0-180.0 180.0   5.0 450.0                            LAT/LON1/LON2/DLON/H
  135  143  157  174  189  203  212  220  226  232  235  239  243  249  256  263
  269  273  276  277  278  279  281  285  290  295  298  298  294  287  277  266
  256  246  238  228  219  208  196  184  171  159  147  136  127  121  116  113
  111  110  109  109  109  110  110  110  110  109  109  110  110  111  112  113
  114  117  120  123  122  118  116  119  135                                   
    37.5-180.0 180.0   5.0 450.0                            LAT/LON1/LON2/DLON/H
  133  142  157  178  195  210  224  234  242  248  252  255  258  262  268  274
  279  282  286  289  292  295  299  303  308  311  312  309  303  294  285  278
  272  266  259  251  239  226  211  195  180  164  150  137  127  120  116  114
  112  112  111  111  110  109  108  107  107  106  106  106  107  107  108  109
  109  112  115  117  117  113  112  119  133                                   
    35.0-180.0 180.0   5.0 450.0                            LAT/LON1/LON2/DLON/H
  125  136  151  174  195  211  229  244  255  263  268  271  273  276  280  284
  288  293  297  303  308  313  317  321  325  327  326  322  316  309  305  303
  303  302  297  287  272  253  233  214  195  176  159  144  132  125  121  118
  117  116  114  112  110  109  107  106  106  105  105  106  106  105  105  104
  103  105  107  109  107  105  103  113  125                                   
    32.5-180.0 180.0   5.0 450.0                            LAT/LON1/LON2/DLON/H
  119  130  145  170  191  209  231  249  264  275  282  285  288  290  292  295
  299  304  310  317  324  329  333  336  339  340  340  338  335  335  338  344
  352  355  352  339  317  292  265  241  219  198  178  161  148  140  134  131
  128  125  122  118  115  112  111  110  111  111  111  110  109  108  106  104
  100  100  102  102  100   96   95  105  119                                   
    30.0-180.0 180.0   5.0 450.0                            LAT/LON1/LON2/DLON/H
  119  131  145  168  189  206  231  252  271  285  294  298  301  303  305  307
  310  315  323  332  339  343  346  349  352  355  357  360  364  372  386  403
  418  426  422  404  374  338  305  276  251  229  208  190  175  165  158  153
  148  142  136  130  126  123  123  123  124  125  124  122  119  116  112  108
  103  102  102  101   98   93   93  101  119                                   
    27.5-180.0 180.0   5.0 450.0                            LAT/LON1/LON2/DLON/H
  129  140  153  174  192  209  233  255  276  292  303  310  314  316  317  319
  322  328  336  345  351  355  358  361  367  373  381  390  403  423  448  476
  500  511  503  475  433  387  345  313  287  265  245  226  210  198  189  182
  175  166  158  150  145  143  143  145  147  147  144  140  135  129  123  118
  111  109  108  107  103   98   97  102  129                                   
    25.0-180.0 180.0   5.0 450.0                            LAT/LON1/LON2/DLON/H
  146  156  169  186  203  217  240  261  282  299  312  320  325  328  330  332
  335  341  349  357  362  366  370  376  385  398  412  430  454  486  523  560
  589  598  581  540  484  427  379  345  320  300  281  262  246  233  223  215
  205  195  185  177  171  170  171  173  175  173  168  160  152  143  136  130
  123  121  118  118  114  107  107  109  146                                   
    22.5-180.0 180.0   5.0 450.0                            LAT/LON1/LON2/DLON/H
  167  175  188  203  219  232  252  270  291  309  323  332  339  343  345  347
  350  356  363  369  374  378  385  396  412  432  456  483  517  558  603  644
  670  670  640  584  516  451  399  363  341  324  307  291  275  262  253  244
  235  225  215  207  202  200  201  203  203  198  189  178  166  156  148  141
  135  132  129  130  126  119  118  119  167                                   
    20.0-180.0 180.0   5.0 450.0                            LAT/LON1/LON2/DLON/H
  185  192  206  221  238  250  268  284  304  321  336  347  355  361  364  366
  369  374  380  385  390  397  407  425  449  479  512  547  588  631  675  709
  724  710  667  600  524  453  400  365  345  332  318  304  290  279  271  265
  259  252  245  237  232  229  229  228  226  218  205  190  176  164  156  149
  143  142  137  139  135  129  126  131  185                                   
    17.5-180.0 180.0   5.0 450.0                            LAT/LON1/LON2/DLON/H
  195  205  220  237  257  269  286  301  320  338  354  367  377  384  388  391
  395  399  404  409  414  424  441  467  500  539  579  617  655  691  722  742
  742  715  662  589  510  439  386  353  335  323  312  300  289  282  278  277
  277  274  270  264  258  253  250  247  240  229  214  196  180  168  160  154
  148  147  142  142  137  133  130  139  195                                   
    15.0-180.0 180.0   5.0 450.0                            LAT/LON1/LON2/DLON/H
  195  210  228  249  274  287  306  320  339  358  375  391  404  413  419  424
  428  433  438  442  450  464  488  522  564  608  648  680  704  723  737  741
  728  693  635  562  485  417  366  334  317  306  296  286  278  275  277  283
  289  292  291  286  278  270  263  256  247  233  216  197  181  170  162  156
  150  148  141  139  133  130  128  142  195                                   
    12.5-180.0 180.0   5.0 450.0                            LAT/LON1/LON2/DLON/H
  187  209  232  257  289  306  328  342  362  382  401  419  434  446  455  463
  469  476  481  488  498  517  547  587  633  676  706  722  727  728  726  717
  696  657  601  534  464  401  353  322  302  289  279  270  265  267  276  288
  300  307  308  303  293  281  270  259  247  232  214  196  181  171  164  157
  150  146  137  131  124  121  121  137  187                                   
    10.0-180.0 180.0   5.0 450.0                            LAT/LON1/LON2/DLON/H
  175  205  233  264  302  325  351  368  389  410  430  450  468  483  495  506
  516  525  533  542  556  579  612  654  696  728  742  739  728  715  703  686
  661  624  574  516  456  402  357  324  301  285  272  263  261  267  281  299
  314  324  325  317  303  287  272  259  246  231  213  197  183  174  168  160
  151  144  132  122  113  111  111  128  175                                   
     7.5-180.0 180.0   5.0 450.0                            LAT/LON1/LON2/DLON/H
  164  200  232  269  313  343  375  395  418  440  462  484  503  520  536  550
  564  576  588  600  617  642  675  712  742  757  754  738  717  697  679  661
