data/edconvlstm_nd/pred2820.15i
     1.0            IONOSPHERE MAPS     GNSS                IONEX VERSION / TYPE
pyspatialgeodesy        IME             05-JAN-18 20:20     PGM / RUN BY / DATE 
Map Name                                                    COMMENT             
Predicted global ionosphere maps (GIM).                     DESCRIPTION         
  2015    10     9     0     0     0                        EPOCH OF FIRST MAP  
  2015    10    10     0     0     0                        EPOCH OF LAST MAP   
  7200                                                      INTERVAL            
    13                                                      # OF MAPS IN FILE   
  NONE                                                      MAPPING FUNCTION    
10.0                                                        ELEVATION CUTOFF    
One-way carrier phase leveled to code                       OBSERVABLES USED    
  6371.0                                                    BASE RADIUS         
 2                                                          MAP DIMENSION       
   450.0 450.0   0.0                                        HGT1 / HGT2 / DHGT  
    87.5 -87.5  -2.5                                        LAT1 / LAT2 / DLAT  
  -180.0 180.0   5.0                                        LON1 / LON2 / DLON  
    -1                                                      EXPONENT            
                                                            END OF HEADER       
[from data line 858]
     3                                                      START OF TEC MAP    
  2015    10     9     4     0     0                        EPOCH OF CURRENT MAP
    87.5-180.0 180.0   5.0 450.0                            LAT/LON1/LON2/DLON/H
   56   63   59   62   61   61   59   55   55   56   55   55   55   54   54   53
   53   52   51   50   49   48   48   47   46   46   45   44   44   44   43   43
   43   43   43   43   44   44   44   45   45   46   47   47   48   49   49   50
   50   51   51   52   52   52   52   53   53   53   53   53   53   53   53   54
   55   56   54   55   60   72   77   66   56                                   
    85.0-180.0 180.0   5.0 450.0                            LAT/LON1/LON2/DLON/H
   50   70   62   64   67   68   67   65   65   65   64   64   63   63   62   61
   60   58   57   56   54   53   52   51   50   49   48   48   47   47   47   47
   47   48   48   49   50   51   52   53   54   55   57   58   59   59   60   61
   61   62   62   63   63   63   63   63   63   63   63   63   63   62   62   63
   64   64   62   65   69   70   81   69   50                                   
    82.5-180.0 180.0   5.0 450.0                            LAT/LON1/LON2/DLON/H
   57   63   76   69   68   71   70   68   69   68   67   67   66   65   64   63
   61   59   57   55   53   51   49   47   46   45   44   43   42   42   42   42
   43   44   45   46   48   50   52   54   56   58   60   61   63   65   66   67
   68   68   69   69   70   70   70   70   70   70   69   69   68   68   67   67
   67   67   66   65   76   67   68   65   57                                   
    80.0-180.0 180.0   5.0 450.0                            LAT/LON1/LON2/DLON/H
   72   71   75   66   69   68   70   68   69   68   66   66   65   64   63   61
   59   57   54   52   50   47   45   43   41   39   38   37   37   36   37   38
   39   41   43   45   48   51   54   56   59   61   64   66   67   69   70   71
   72   73   74   74   74   74   74   74   73   73   72   72   71   70   69   69
   68   67   67   67   78   72   73   68   72                                   
    77.5-180.0 180.0   5.0 450.0                            LAT/LON1/LON2/DLON/H
   76   74   71   65   63   64   66   66   66   65   63   63   62   61   59   57
   55   53   51   48   45   43   40   37   35   33   31   29   29   29   29   31
   33   35   38   42   45   49   52   55   58   60   63   65   67   69   70   72
   73   73   74   74   75   75   75   75   75   74   74   73   72   71   69   69
   67   67   65   68   72   62   64   65   76                                   
    75.0-180.0 180.0   5.0 450.0                            LAT/LON1/LON2/DLON/H
   70   71   68   63   58   60   61   60   59   58   55   55   53   52   50   48
   46   45   43   41   39   37   35   32   30   28   26   25   24   24   25   26
   29   32   35   39   42   46   48   51   53   56   58   60   61   63   65   66
   67   68   69   70   71   71   72   73   73   73   73   73   72   71   70   69
   68   67   67   65   69   62   62   64   70                                   
    72.5-180.0 180.0   5.0 450.0                            LAT/LON1/LON2/DLON/H
   70   72   68   61   59   60   60   59   57   55   52   51   48   47   45   43
   41   40   39   38   37   36   34   32   30   28   26   25   24   24   25   26
   29   32   36   39   43   46   48   50   52   54   56   57   59   62   63   65
   67   68   69   71   72   73   75   76   77   78   78   78   78   77   76   76
   75   74   75   74   76   68   66   67   70                                   
    70.0-180.0 180.0   5.0 450.0                            LAT/LON1/LON2/DLON/H
   76   76   73   65   60   59   59   56   55   52   48   46   44   41   39   37
   36   35   35   35   35   35   35   34   33   31   29   28   27   26   27   29
   31   34   37   40   43   45   46   48   49   50   52   54   56   59   61   64
   66   67   69   70   72   74   76   78   79   81   82   82   82   81   81   81
   80   79   81   80   82   75   75   71   76                                   
    67.5-180.0 180.0   5.0 450.0                            LAT/LON1/LON2/DLON/H
   75   76   71   63   58   56   54   52   50   47   43   41   38   35   32   30
   29   29   30   31   32   33   34   34   33   32   30   29   27   27   27   28
   29   32   34   36   38   38   39   39   40   41   43   45   49   52   55   58
   61   63   64   66   68   70   73   75   77   79   80   80   80   79   79   79
   79   78   81   80   83   77   76   72   75                                   
    65.0-180.0 180.0   5.0 450.0                            LAT/LON1/LON2/DLON/H
   76   76   69   61   55   53   51   49   48   45   41   39   36   32   29   27
   26   27   28   29   31   33   34   35   35   34   32   31   29   28   28   28
   29   30   31   32   33   33   33   32   33   34   37   40   45   49   54   57
   60   63   65   66   69   71   73   76   78   79   80   81   81   80   79   79
   78   78   81   80   83   79   79   76   76                                   
    62.5-180.0 180.0   5.0 450.0                            LAT/LON1/LON2/DLON/H
   75   75   67   59   53   51   49   47   46   44   41   40   36   33   30   28
   27   27   28   30   32   34   35   36   36   36   34   33   32   30   29   29
   29   29   29   30   30   29   28   28   28   30   34   39   45   51   57   61
   65   67   69   71   74   76   78   80   82   83   84   84   83   82   81   80
   80   79   81   81   83   80   81   79   75                                   
    60.0-180.0 180.0   5.0 450.0                            LAT/LON1/LON2/DLON/H
   74   74   65   56   50   47   45   44   44   42   40   39   36   34   31   30
   29   29   30   31   32   33   34   34   34   34   33   32   31   30   29   27
   27   26   26   26   26   25   25   24   25   28   33   40   47   55   62   67
   71   74   77   79   81   83   85   87   87   88   88   87   86   85   84   83
   81   80   82   81   83   81   81   79   74                                   
    57.5-180.0 180.0   5.0 450.0                            LAT/LON1/LON2/DLON/H
   74   74   64   54   49   45   43   42   41   40   39   38   37   35   33   32
   32   32   32   32   32   32   32   31   30   30   30   29   29   28   27   26
   25   24   24   24   24   24   23   24   25   29   35   44   53   62   70   77
   82   85   89   91   94   96   97   97   96   95   94   94   93   92   90   89
   87   85   87   85   86   83   84   82   74                                   
    55.0-180.0 180.0   5.0 450.0                            LAT/LON1/LON2/DLON/H
   77   77   67   57   51   46   43   41   40   38   36   36   35   34   34   34
   34   34   33   32   31   29   28   26   25   25   25   26   26   26   25   24
   23   23   23   23   24   24   24   25   27   32   39   49   60   71   81   89
   95  100  104  107  109  111  110  109  107  104  102  101  101  100   99   99
   97   94   94   92   92   88   89   86   77                                   
    52.5-180.0 180.0   5.0 450.0                            LAT/LON1/LON2/DLON/H
   83   84   74   65   59   53   49   44   40   37   33   33   32   32   33   34
   35   35   33   31   29   26   24   22   21   21   22   23   24   24   24   24
   23   23   24   25   26   26   27   28   31   37   46   57   69   82   93  102
  110  116  121  125  128  128  126  122  118  114  111  109  109  110  110  110
  108  106  106  102  102   96   96   93   83                                   
    50.0-180.0 180.0   5.0 450.0                            LAT/LON1/LON2/DLON/H
   93   95   85   78   72   65   60   52   45   38   33   30   29   30   31   33
   34   34   32   30   27   24   22   20   20   20   20   22   23   24   25   26
   26   26   27   28   30   31   32   34   37   43   53   65   79   92  105  116
  125  134  141  145  148  147  142  136  129  123  119  118  118  120  121  123
  121  119  119  114  113  107  106  103   93                                   
    47.5-180.0 180.0   5.0 450.0                            LAT/LON1/LON2/DLON/H
  105  108   99   94   89   82   76   64   54   43   35   30   27   27   29   31
   32   32   30   28   25   23   22   21   21   21   22   23   25   27   28   29
   29   30   31   33   35   36   38   39   43   50   60   73   88  102  116  129
  141  151  160  165  167  164  158  149  140  132  127  125  126  128  131  133
  133  132  132  127  125  118  118  114  105                                   
    45.0-180.0 180.0   5.0 450.0                            LAT/LON1/LON2/DLON/H
  117  122  113  111  105   99   92   79   66   52   40   33   28   27   28   29
   30   30   28   26   25   24   24   24   25   25   26   27   29   30   32   33
   34   35   36   38   40   42   43   45   49   56   67   80   96  111  127  142
  156  168  177  183  184  180  172  161  149  140  134  132  133  135  138  142
  142  142  142  137  135  128  129  125  117                                   
    42.5-180.0 180.0   5.0 450.0                            LAT/LON1/LON2/DLON/H
  127  132  123  123  118  113  106   93   78   62   48   39   33   30   30   30
   30   29   28   26   26   27   29   30   31   32   32   32   33   35   36   38
   39   40   41   43   45   46   48   50   54   62   73   87  103  119  136  153
  168  182  192  198  199  195  185  172  159  149  142  139  140  142  144  147
  149  149  149  144  143  136  137  135  127                                   
    40.0-180.0 180.0   5.0 450.0                            LAT/LON1/LON2/DLON/H
  134  136  128  129  125  120  114  101   86   70   56   46   40   36   35   34
   32   31   29   29   30   32   35   38   39   39   39   38   38   39   41   42
   44   45   46   47   49   50   51   54   59   67   79   93  109  126  144  162
  179  194  205  211  212  208  199  186  173  162  154  150  149  149  150  153
  153  153  154  149  148  141  143  141  134                                   
    37.5-180.0 180.0   5.0 450.0                            LAT/LON1/LON2/DLON/H
  138  136  126  126  124  119  113  101   88   74   62   54   48   44   42   40
   38   36   35   35   37   40   43   46   47   46   45   43   43   43   45   47
   48   49   49   50   51   52   54   57   62   72   84   99  115  132  151  170
  188  203  215  222  225  222  215  204  192  181  173  168  165  162  161  161
  160  159  158  153  152  146  148  145  138                                   
    35.0-180.0 180.0   5.0 450.0                            LAT/LON1/LON2/DLON/H
  141  135  122  119  117  111  104   94   84   72   63   58   54   51   49   47
   46   44   43   44   46   48   51   53   53   52   50   48   47   47   49   51
   52   52   52   53   53   54   55   59   66   76   89  104  120  137  156  176
  195  211  224  234  239  239  235  228  218  209  201  194  188  183  179  177
  174  171  169  163  160  153  155  151  141                                   
    32.5-180.0 180.0   5.0 450.0                            LAT/LON1/LON2/DLON/H
  149  138  122  115  110  101   94   83   75   66   60   58   56   55   55   54
   53   52   53   54   55   57   58   57   56   55   53   52   52   52   54   56
   56   56   56   55   55   56   57   62   69   81   94  109  125  142  161  182
  201  219  234  246  255  261  262  258  252  244  237  229  221  213  207  202
  197  193  188  180  176  168  170  164  149                                   
    30.0-180.0 180.0   5.0 450.0                            LAT/LON1/LON2/DLON/H
  166  152  133  121  112   99   88   75   66   58   55   55   55   55   56   57
   58   59   60   62   63   63   61   60   58   57   57   57   58   59   61   62
   62   61   60   58   58   58   59   64   72   84   98  113  128  146  165  187
  208  228  246  262  276  287  294  295  292  287  280  272  263  253  245  239
  232  226  220  209  202  192  194  186  166                                   
    27.5-180.0 180.0   5.0 450.0                            LAT/LON1/LON2/DLON/H
  196  182  161  145  131  111   94   76   64   55   51   51   51   52   53   55
   58   61   63   65   65   64   62   60   59   60   62   64   66   68   70   71
   70   68   65   63   61   61   62   66   75   87  101  116  131  149  169  192
  216  238  260  281  302  320  332  339  340  337  332  324  314  303  293  286
  278  271  263  249  239  228  228  219  196                                   
    25.0-180.0 180.0   5.0 450.0                            LAT/LON1/LON2/DLON/H
  240  228  208  189  170  144  121   95   76   61   54   51   49   48   49   51
   54   57   60   62   62   61   60   59   61   65   69   74   78   80   82   81
   79   76   72   68   66   64   64   68   76   88  102  118  134  152  174  199
  225  251  277  304  331  356  374  385  391  392  389  382  373  362  351  343
  335  327  317  299  286  273  271  262  240                                   
    22.5-180.0 180.0   5.0 450.0                            LAT/LON1/LON2/DLON/H
  295  289  271  253  230  200  170  135  107   84   69   60   53   48   46   46
   48   51   53   54   55   55   57   59   65   72   80   86   91   93   94   93
   89   84   79   74   70   67   66   68   76   88  102  118  136  156  180  207
  236  266  297  329  361  390  412  428  437  441  440  437  429  420  411  404
  396  389  379  357  341  325  321  314  295                                   
    20.0-180.0 180.0   5.0 450.0                            LAT/LON1/LON2/DLON/H
  358  360  345  329  304  273  238  197  159  126  101   83   68   57   49   46
   44   44   44   45   46   50   55   62   72   83   93  100  104  106  105  102
   98   91   84   78   73   69   67   68   75   86  101  119  138  161  187  217
  249  283  317  352  387  418  441  457  468  474  476  476  472  467  461  458
  453  449  440  418  398  382  376  370  358                                   
    17.5-180.0 180.0   5.0 450.0                            LAT/LON1/LON2/DLON/H
  420  431  419  408  383  355  318  272  227  186  150  122   97   77   63   53
   46   42   39   39   42   48   58   70   83   96  107  114  117  116  114  109
  103   96   88   81   75   70   67   67   73   84  100  119  141  167  196  228
  263  298  334  370  404  434  456  471  481  488  493  495  496  495  494  495
  496  495  491  472  451  435  430  425  420                                   
    15.0-180.0 180.0   5.0 450.0                            LAT/LON1/LON2/DLON/H
  474  492  483  477  455  432  396  352  304  256  213  175  142  113   89   72
   59   49   43   41   45   54   67   83   98  113  123  127  127  123  119  113
  107   99   90   82   76   71   67   67   72   83   99  121  145  173  205  239
  275  312  347  381  412  438  457  470  479  487  493  499  503  506  510  515
  520  524  524  512  493  480  478  472  474                                   
    12.5-180.0 180.0   5.0 450.0                            LAT/LON1/LON2/DLON/H
  513  534  527  525  509  493  462  422  376  327  280  237  197  161  130  105
   85   71   61   57   61   71   86  102  118  131  137  138  133  127  120  114
  108  100   91   84   78   73   68   67   70   81   99  122  148  179  212  248
  284  320  354  384  410  432  448  459  468  476  484  492  499  505  511  519
  526  534  539  534  521  513  514  507  513                                   
    10.0-180.0 180.0   5.0 450.0                            LAT/LON1/LON2/DLON/H
  536  555  549  549  541  532  507  474  432  386  339  296  255  216  181  150
  126  107   94   88   90   99  113  127  140  148  149  144  136  127  119  113
  107  100   93   86   80   75   70   67   70   80   98  122  151  182  216  253
  289  323  354  381  403  420  434  444  452  461  470  480  489  497  504  512
  520  529  538  540  534  533  536  528  536                                   
     7.5-180.0 180.0   5.0 450.0                            LAT/LON1/LON2/DLON/H
  546  561  555  552  551  547  527  500  464  422  381  342  306  270  235  203
  176  155  140  132  131  137  145  154  159  160  155  146  135  124  117  111
