data/edconvlstm_nd/pred0200.15i
     1.0            IONOSPHERE MAPS     GNSS                IONEX VERSION / TYPE
pyspatialgeodesy        IME             05-JAN-18 20:20     PGM / RUN BY / DATE 
Map Name                                                    COMMENT             
Predicted global ionosphere maps (GIM).                     DESCRIPTION         
  2015     1    20     0     0     0                        EPOCH OF FIRST MAP  
  2015     1    21     0     0     0                        EPOCH OF LAST MAP   
  7200                                                      INTERVAL            
    13                                                      # OF MAPS IN FILE   
  NONE                                                      MAPPING FUNCTION    
10.0                                                        ELEVATION CUTOFF    
One-way carrier phase leveled to code                       OBSERVABLES USED    
  6371.0                                                    BASE RADIUS         
 2                                                          MAP DIMENSION       
   450.0 450.0   0.0                                        HGT1 / HGT2 / DHGT  
    87.5 -87.5  -2.5                                        LAT1 / LAT2 / DLAT  
  -180.0 180.0   5.0                                        LON1 / LON2 / DLON  
    -1                                                      EXPONENT            
                                                            END OF HEADER       
[from data line 1716]
     5                                                      START OF TEC MAP    
  2015     1    20     8     0     0                        EPOCH OF CURRENT MAP
    87.5-180.0 180.0   5.0 450.0                            LAT/LON1/LON2/DLON/H
   43   48   45   49   51   51   51   48   50   52   53   54   54   54   54   54
   54   54   53   53   52   52   51   50   50   49   49   48   48   47   47   46
   45   45   44   44   43   42   42   41   40   40   39   39   38   38   37   36
   36   35   35   34   34   33   32   32   31   31   30   30   30   29   29   30
   31   32   31   32   37   44   56   58   43                                   
    85.0-180.0 180.0   5.0 450.0                            LAT/LON1/LON2/DLON/H
   30   48   48   49   53   56   57   58   59   61   61   62   63   63   63   63
   63   63   62   62   62   62   61   61   61   60   60   60   59   59   59   58
   58   57   56   56   55   55   54   53   53   52   51   51   50   49   48   47
   47   46   45   44   43   42   41   39   38   37   37   36   35   35   35   35
   37   38   35   37   41   43   51   51   30                                   
    82.5-180.0 180.0   5.0 450.0                            LAT/LON1/LON2/DLON/H
   25   33   44   45   47   50   52   53   55   56   56   58   58   57   57   57
   57   56   56   56   55   55   55   55   55   55   55   55   55   55   54   54
   54   54   54   54   53   53   53   53   53   52   52   51   51   50   49   49
   48   46   45   44   43   41   39   38   36   34   33   31   30   29   29   29
   29   30   29   30   39   36   36   38   25                                   
    80.0-180.0 180.0   5.0 450.0                            LAT/LON1/LON2/DLON/H
   26   28   38   39   45   46   49   50   52   53   53   54   54   53   52   51
   50   50   49   49   49   49   49   50   50   51   51   52   52   52   53   53
   54   54   54   55   55   56   56   57   57   57   57   57   57   57   57   56
   55   54   53   52   50   48   46   43   41   38   35   32   30   28   26   26
   25   25   25   25   33   32   33   36   26                                   
    77.5-180.0 180.0   5.0 450.0                            LAT/LON1/LON2/DLON/H
   34   32   36   37   41   45   48   50   52   53   53   53   52   51   49   48
   46   45   45   44   44   45   45   46   47   48   49   50   50   51   51   51
   52   53   54   55   56   57   59   60   62   63   64   66   67   68   68   69
   70   70   70   70   69   67   64   61   58   54   49   45   40   36   33   31
   28   27   25   25   27   21   25   32   34                                   
    75.0-180.0 180.0   5.0 450.0                            LAT/LON1/LON2/DLON/H
   29   31   33   36   39   44   47   48   50   51   50   50   48   46   44   42
   40   39   39   39   40   41   42   44   46   47   49   49   50   50   50   50
   50   51   52   54   56   58   61   64   68   71   74   77   80   83   85   88
   91   93   95   96   96   95   92   88   84   78   72   66   60   53   48   43
   38   34   31   27   29   22   26   26   29                                   
    72.5-180.0 180.0   5.0 450.0                            LAT/LON1/LON2/DLON/H
   31   32   34   35   38   43   47   47   48   49   48   47   45   42   40   38
   36   35   35   36   37   39   42   44   46   49   50   51   51   50   49   49
   48   49   50   53   56   60   64   69   75   80   85   91   96  101  106  111
  117  121  125  127  128  128  125  121  116  109  102   94   85   77   69   61
   54   48   44   38   37   30   31   33   31                                   
    70.0-180.0 180.0   5.0 450.0                            LAT/LON1/LON2/DLON/H
   35   32   36   37   38   41   43   44   46   46   44   44   41   38   36   34
   32   32   32   34   36   39   42   45   48   51   52   52   51   49   47   46
   45   45   47   49   54   59   66   73   80   88   95  103  110  118  125  133
  140  147  153  157  158  158  155  150  144  136  127  118  108   98   88   79
   70   61   56   48   44   37   40   40   35                                   
    67.5-180.0 180.0   5.0 450.0                            LAT/LON1/LON2/DLON/H
   36   33   36   37   37   40   42   43   43   43   42   41   39   36   34   32
   30   30   31   33   35   39   43   46   50   52   53   51   49   46   43   40
   39   39   41   44   50   57   65   74   83   93  103  113  122  132  141  151
  160  168  174  179  181  180  176  170  162  154  144  134  123  112  101   91
   80   70   65   55   50   41   43   43   36                                   
    65.0-180.0 180.0   5.0 450.0                            LAT/LON1/LON2/DLON/H
   38   35   36   38   37   39   41   41   42   42   41   40   38   36   34   32
   31   31   31   34   37   40   45   49   52   54   54   52   48   44   40   37
   36   36   38   43   50   58   68   79   91  103  115  126  138  149  159  170
  180  188  195  199  200  197  192  184  175  166  155  145  133  121  109   98
   86   75   69   58   54   45   46   48   38                                   
    62.5-180.0 180.0   5.0 450.0                            LAT/LON1/LON2/DLON/H
   40   35   36   38   37   39   40   41   41   41   40   40   39   37   35   34
   33   32   33   35   38   41   45   49   52   53   52   49   46   41   37   35
   34   35   39   45   53   64   75   88  102  116  129  142  155  166  177  188
  197  205  211  214  213  208  201  191  181  170  159  148  137  124  111   98
   85   74   67   57   52   43   44   48   40                                   
    60.0-180.0 180.0   5.0 450.0                            LAT/LON1/LON2/DLON/H
   42   36   36   38   37   39   39   39   39   39   39   39   38   37   36   35
   34   34   34   35   37   39   43   46   48   48   47   44   41   37   33   32
   32   35   41   49   60   72   85  100  115  130  145  159  171  183  193  203
  211  218  222  223  219  212  202  191  180  169  158  147  136  123  108   94
   80   68   61   52   48   39   40   44   42                                   
    57.5-180.0 180.0   5.0 450.0                            LAT/LON1/LON2/DLON/H
   44   37   36   39   38   40   40   40   39   39   39   39   39   39   38   38
   37   36   35   35   36   37   39   42   43   43   42   39   36   33   31   31
   34   39   48   58   71   86  101  116  132  148  164  178  191  202  211  219
  226  230  233  231  225  216  204  192  180  170  160  150  139  125  110   95
   79   65   58   49   47   37   37   42   44                                   
    55.0-180.0 180.0   5.0 450.0                            LAT/LON1/LON2/DLON/H
   46   39   38   41   41   42   41   40   40   39   38   39   39   39   40   40
   39   38   36   35   35   35   37   38   39   39   38   36   33   31   31   33
   37   46   57   71   87  103  120  136  152  168  184  198  211  221  228  234
  239  241  241  238  231  220  207  194  183  174  166  158  147  133  117  100
   83   68   60   51   49   38   38   42   46                                   
    52.5-180.0 180.0   5.0 450.0                            LAT/LON1/LON2/DLON/H
   51   43   42   44   44   45   44   43   41   40   39   39   40   40   42   42
   42   41   39   37   35   35   36   37   38   38   37   35   33   32   33   36
   43   54   69   87  105  124  142  158  174  189  205  219  230  239  245  249
  251  251  250  245  236  224  211  199  189  182  176  169  159  146  129  111
   94   78   69   60   56   45   44   46   51                                   
    50.0-180.0 180.0   5.0 450.0                            LAT/LON1/LON2/DLON/H
   57   50   48   49   49   49   49   46   44   43   41   41   41   42   44   45
   45   44   42   40   39   39   40   42   43   42   41   39   37   36   37   42
   50   64   82  103  125  145  164  180  195  210  225  238  249  257  261  263
  262  260  257  251  241  230  217  205  197  192  187  182  173  160  143  126
  108   93   84   73   69   57   55   55   57                                   
    47.5-180.0 180.0   5.0 450.0                            LAT/LON1/LON2/DLON/H
   65   57   54   55   54   55   54   51   49   46   45   44   44   44   46   48
   49   49   48   47   47   48   50   52   53   52   50   47   44   43   44   48
   58   73   94  118  143  165  185  201  215  229  243  255  266  273  275  275
  272  267  262  255  246  234  221  211  203  199  196  191  183  170  154  138
  122  108   99   88   83   72   69   68   65                                   
    45.0-180.0 180.0   5.0 450.0                            LAT/LON1/LON2/DLON/H
   72   64   61   60   59   61   60   57   55   52   50   49   48   49   50   52
   54   56   56   56   58   61   65   68   68   67   63   58   54   51   51   54
   64   80  103  130  158  183  203  219  233  246  258  270  280  286  287  284
  279  273  266  258  249  237  225  214  206  202  199  194  185  173  158  144
  130  118  110  100   94   84   82   80   72                                   
    42.5-180.0 180.0   5.0 450.0                            LAT/LON1/LON2/DLON/H
   78   69   65   65   64   66   65   63   61   59   57   56   55   55   57   59
   62   64   66   69   73   78   83   86   85   82   76   70   64   59   57   60
   69   86  110  139  169  196  218  234  247  259  270  282  291  297  297  292
  285  276  268  260  251  240  228  217  208  202  197  191  181  169  155  143
  131  121  113  104   99   90   88   88   78                                   
    40.0-180.0 180.0   5.0 450.0                            LAT/LON1/LON2/DLON/H
   80   72   67   68   68   70   70   69   68   67   65   65   64   64   65   68
   71   74   78   83   88   94  100  102  101   96   88   80   72   66   63   66
   75   92  116  146  177  205  228  245  257  269  280  291  301  306  306  300
  291  281  272  264  256  246  234  222  211  203  195  186  175  162  149  137
  126  116  109  100   95   87   85   88   80                                   
    37.5-180.0 180.0   5.0 450.0                            LAT/LON1/LON2/DLON/H
   80   71   66   68   70   73   73   73   73   73   74   75   74   75   76   78
   82   86   90   96  102  109  114  116  113  106   97   87   79   73   70   72
   81   97  122  152  183  211  234  252  265  277  288  300  310  316  316  310
  300  290  282  275  268  260  249  236  223  211  200  188  175  160  146  134
  123  112  102   92   86   77   77   82   80                                   
    35.0-180.0 180.0   5.0 450.0                            LAT/LON1/LON2/DLON/H
   79   69   65   68   70   74   75   75   76   78   80   82   84   85   86   88
   92   96  102  107  114  120  123  123  118  110  101   92   84   79   77   79
   88  104  128  157  187  215  238  257  271  284  296  309  320  328  329  325
  316  307  300  295  291  286  276  263  249  234  219  204  189  173  158  144
  130  115  103   89   81   69   69   75   79                                   
    32.5-180.0 180.0   5.0 450.0                            LAT/LON1/LON2/DLON/H
   80   69   65   67   71   74   75   75   77   79   82   87   90   92   94   97
  101  106  112  117  122  126  127  125  118  110  101   93   88   84   83   86
   96  112  135  162  191  218  242  261  278  292  306  321  334  345  349  347
  341  334  330  328  328  326  318  306  291  274  257  241  224  207  190  174
  155  136  119  101   89   73   70   73   80                                   
    30.0-180.0 180.0   5.0 450.0                            LAT/LON1/LON2/DLON/H
   87   76   71   71   74   75   75   74   75   77   81   87   91   95   99  103
  108  114  120  124  127  128  126  121  114  106   99   93   89   87   88   93
  104  120  143  169  196  223  247  268  286  303  319  337  353  367  376  378
  376  373  372  374  378  379  374  364  349  331  314  297  280  263  244  225
  202  178  156  132  115   93   88   83   87                                   
    27.5-180.0 180.0   5.0 450.0                            LAT/LON1/LON2/DLON/H
  104   93   85   82   83   81   79   75   74   75   79   84   89   94   99  105
  111  118  124  127  127  126  122  115  108  101   95   91   89   90   93  100
  112  129  152  177  204  230  254  277  298  317  337  357  378  396  410  417
  420  421  424  431  438  442  440  431  417  401  384  369  353  336  317  296
  269  241  214  184  162  135  125  110  104                                   
    25.0-180.0 180.0   5.0 450.0                            LAT/LON1/LON2/DLON/H
  133  122  112  102   99   93   87   80   76   75   77   81   85   90   96  103
  110  118  123  125  124  121  115  109  102   96   91   90   90   92   97  105
  119  138  162  188  214  240  265  290  313  336  358  381  406  429  448  461
  469  475  483  493  504  510  510  503  491  476  462  449  436  421  402  379
  349  319  288  254  228  196  179  155  133                                   
    22.5-180.0 180.0   5.0 450.0                            LAT/LON1/LON2/DLON/H
  174  164  149  132  124  113  103   92   85   80   79   80   82   86   91   98
  106  113  117  119  118  114  109  103   97   92   89   89   91   94  100  110
  125  146  171  199  226  253  279  306  331  356  381  408  435  462  485  503
  516  528  540  553  565  573  574  569  559  548  537  528  519  506  489  464
  434  402  369  334  303  267  245  214  174                                   
    20.0-180.0 180.0   5.0 450.0                            LAT/LON1/LON2/DLON/H
  225  216  195  170  156  140  126  112  101   94   89   86   85   86   89   94
  101  106  110  111  110  108  104   98   93   90   89   90   92   95  101  112
  128  151  179  209  238  266  294  322  350  377  404  432  462  491  517  539
  556  571  585  599  611  618  620  617  610  602  596  592  587  578  562  539
  510  479  446  411  378  339  311  278  225                                   
    17.5-180.0 180.0   5.0 450.0                            LAT/LON1/LON2/DLON/H
  278  269  245  214  193  173  156  140  127  117  108  101   95   92   91   94
   97  101  103  104  104  103  100   96   92   91   91   92   93   95  100  111
  129  154  184  217  248  279  309  338  366  394  422  451  481  511  539  561
  580  596  610  622  632  637  639  636  632  629  628  629  628  623  610  589
  563  536  505  473  437  399  370  338  278                                   
    15.0-180.0 180.0   5.0 450.0                            LAT/LON1/LON2/DLON/H
  323  315  289  256  230  208  190  174  161  149  137  125  114  105  100   98
   98   98   98   99   99   99   98   96   94   94   94   94   93   93   97  108
  127  154  187  222  256  289  320  350  378  406  434  462  492  521  547  568
  586  600  612  621  627  629  629  628  627  628  631  636  638  636  626  607
  584  561  534  506  470  434  408  381  323                                   
    12.5-180.0 180.0   5.0 450.0                            LAT/LON1/LON2/DLON/H
  351  344  320  289  261  239  222  210  199  187  173  156  140  127  116  108
  103   99   97   96   98   99  100  100   99   98   97   95   92   91   94  105
  125  154  188  225  261  295  327  357  385  412  439  466  494  520  543  562
  576  588  597  602  605  604  603  603  604  608  614  620  625  623  614  597
  576  555  530  506  473  440  418  400  351                                   
    10.0-180.0 180.0   5.0 450.0                            LAT/LON1/LON2/DLON/H
  360  350  332  305  279  260  248  241  234  225  210  192  172  154  138  124
  113  104   99   98  100  103  106  106  105  103  101   97   92   90   93  105
  126  155  190  227  264  298  331  360  388  414  439  464  490  513  532  547
  559  568  574  577  577  575  574  574  577  582  588  595  599  597  587  570
  548  527  503  480  450  419  401  392  360                                   
     7.5-180.0 180.0   5.0 450.0                            LAT/LON1/LON2/DLON/H
  349  334  323  301  281  267  261  261  259  254  242  224  203  182  163  144
  128  114  106  104  107  111  114  114  111  108  104   99   94   91   95  107
