data/edconvlstm_nd/pred0740.15i
     1.0            IONOSPHERE MAPS     GNSS                IONEX VERSION / TYPE
pyspatialgeodesy        IME             05-JAN-18 20:20     PGM / RUN BY / DATE 
Map Name                                                    COMMENT             
Predicted global ionosphere maps (GIM).                     DESCRIPTION         
  2015     3    15     0     0     0                        EPOCH OF FIRST MAP  
  2015     3    16     0     0     0                        EPOCH OF LAST MAP   
  7200                                                      INTERVAL            
    13                                                      # OF MAPS IN FILE   
  NONE                                                      MAPPING FUNCTION    
10.0                                                        ELEVATION CUTOFF    
One-way carrier phase leveled to code                       OBSERVABLES USED    
  6371.0                                                    BASE RADIUS         
 2                                                          MAP DIMENSION       
   450.0 450.0   0.0                                        HGT1 / HGT2 / DHGT  
    87.5 -87.5  -2.5                                        LAT1 / LAT2 / DLAT  
  -180.0 180.0   5.0                                        LON1 / LON2 / DLON  
    -1                                                      EXPONENT            
                                                            END OF HEADER       
[from data line 2574]
     7                                                      START OF TEC MAP    
  2015     3    15    12     0     0                        EPOCH OF CURRENT MAP
    87.5-180.0 180.0   5.0 450.0                            LAT/LON1/LON2/DLON/H
  102  101   97  107  113  116  117  119  123  128  131  134  137  139  142  144
  145  147  149  150  151  152  153  154  154  155  155  155  156  155  155  155
  154  154  153  152  150  149  147  145  143  141  138  136  133  130  127  124
  121  118  114  111  108  105  103  100   98   96   94   92   91   90   89   88
   88   89   88   87   92   92  103  111  102                                   
    85.0-180.0 180.0   5.0 450.0                            LAT/LON1/LON2/DLON/H
   81   89   98   99  103  111  115  120  125  130  133  137  140  143  146  148
  150  152  154  155  157  158  159  161  162  163  164  164  165  166  166  166
  165  165  164  163  161  159  157  155  152  149  146  143  139  135  131  127
  123  119  115  111  107  103   99   96   93   90   87   85   83   82   81   80
   81   82   79   79   80   85   89   95   81                                   
    82.5-180.0 180.0   5.0 450.0                            LAT/LON1/LON2/DLON/H
   54   69   75   79   84   92   99  106  112  118  123  128  132  135  138  141
  143  145  147  149  151  153  155  157  159  162  164  166  167  169  170  171
  171  171  171  170  169  167  165  162  159  155  151  146  141  136  130  124
  119  113  107  101   96   91   86   81   77   73   70   67   64   62   60   59
   58   59   56   58   61   68   65   69   54                                   
    80.0-180.0 180.0   5.0 450.0                            LAT/LON1/LON2/DLON/H
   42   53   61   67   72   79   87   96  104  111  116  122  125  129  131  133
  134  136  137  139  140  142  144  147  150  153  156  159  162  164  166  168
  170  170  171  171  170  169  168  165  163  159  155  150  145  139  133  127
  121  115  109  103   98   92   87   82   77   73   68   65   61   58   55   53
   51   50   47   48   49   54   56   59   42                                   
    77.5-180.0 180.0   5.0 450.0                            LAT/LON1/LON2/DLON/H
   48   52   56   59   64   72   79   88   96  102  108  113  116  118  120  121
  122  122  123  124  126  129  132  135  139  144  148  153  157  161  165  168
  170  172  174  175  176  176  176  175  173  170  166  162  157  151  145  139
  133  128  122  117  112  107  102   97   93   88   83   78   74   69   65   62
   59   55   51   52   52   50   52   59   48                                   
    75.0-180.0 180.0   5.0 450.0                            LAT/LON1/LON2/DLON/H
   49   55   53   57   61   69   75   81   89   95   99  103  105  106  107  107
  107  107  107  109  111  114  119  124  129  136  142  148  154  159  164  168
  172  175  177  179  181  183  184  184  184  182  179  176  172  167  162  157
  152  148  143  140  136  132  128  123  118  113  108  102   97   92   87   83
   77   73   68   63   62   59   61   56   49                                   
    72.5-180.0 180.0   5.0 450.0                            LAT/LON1/LON2/DLON/H
   55   60   57   60   61   69   74   79   84   89   92   94   95   96   95   95
   95   95   96   99  102  107  113  120  128  136  144  152  159  165  170  175
  178  181  184  187  190  192  194  196  196  196  194  191  188  184  180  176
  172  169  166  164  161  159  155  151  145  139  133  127  121  114  109  104
   98   92   87   80   77   73   74   71   55                                   
    70.0-180.0 180.0   5.0 450.0                            LAT/LON1/LON2/DLON/H
   62   66   64   65   64   69   72   75   79   82   84   85   85   85   84   83
   84   85   87   91   96  103  111  120  130  141  151  160  169  176  181  186
  189  192  194  197  200  202  205  207  208  208  207  205  202  199  195  192
  189  187  185  184  182  179  176  170  164  156  148  140  133  126  120  115
  109  104   99   92   88   85   87   84   62                                   
    67.5-180.0 180.0   5.0 450.0                            LAT/LON1/LON2/DLON/H
   65   71   69   70   68   72   73   75   77   79   79   80   79   79   78   78
   80   82   86   91   98  107  116  127  139  151  163  173  182  189  195  199
  202  203  205  207  209  211  214  216  217  218  217  215  213  209  206  203
  201  199  198  196  194  191  186  179  171  161  151  141  133  125  119  115
  110  106  102   95   92   91   93   91   65                                   
    65.0-180.0 180.0   5.0 450.0                            LAT/LON1/LON2/DLON/H
   65   72   70   71   68   70   70   70   71   72   72   73   72   72   72   73
   76   79   85   91  100  110  121  133  146  160  173  185  194  202  209  213
  216  217  219  220  221  223  225  227  228  229  228  226  223  220  216  213
  210  207  205  202  199  194  187  178  167  155  142  130  120  112  105  101
   98   95   94   89   89   90   93   94   65                                   
    62.5-180.0 180.0   5.0 450.0                            LAT/LON1/LON2/DLON/H
   62   68   67   67   63   64   63   63   64   64   65   65   66   66   67   69
   73   78   84   91  100  111  122  136  150  164  178  190  201  210  217  222
  226  229  230  231  232  233  234  236  237  238  237  235  232  228  224  219
  215  210  206  201  196  189  180  169  156  142  128  115  103   94   87   83
   80   78   78   75   77   79   84   87   62                                   
    60.0-180.0 180.0   5.0 450.0                            LAT/LON1/LON2/DLON/H
   59   62   61   61   55   55   54   54   54   55   56   58   58   60   61   64
   68   74   80   88   97  107  119  132  146  161  176  189  201  211  220  227
  233  237  240  241  243  244  245  246  247  248  247  246  242  238  233  227
  220  213  206  199  192  183  173  161  147  133  118  105   93   84   76   71
   67   64   64   62   65   67   73   77   59                                   
    57.5-180.0 180.0   5.0 450.0                            LAT/LON1/LON2/DLON/H
   60   59   58   56   50   49   47   47   47   49   50   52   53   54   56   59
   63   68   75   82   90  100  111  125  139  154  169  184  196  208  218  228
  237  244  249  252  254  256  257  259  260  261  261  260  256  252  246  238
  230  220  211  202  192  183  173  161  148  135  122  110   99   89   81   74
   68   63   61   58   60   61   65   70   60                                   
    55.0-180.0 180.0   5.0 450.0                            LAT/LON1/LON2/DLON/H
   67   62   60   56   50   48   46   45   45   46   48   50   50   51   52   54
   58   62   68   75   83   93  104  117  132  148  163  177  190  203  215  227
  239  250  258  264  267  269  271  273  275  277  277  276  273  268  261  253
  243  232  220  209  199  189  180  170  159  148  138  128  119  111  102   93
   84   76   72   66   67   64   67   70   67                                   
    52.5-180.0 180.0   5.0 450.0                            LAT/LON1/LON2/DLON/H
   80   73   69   64   59   56   53   51   50   51   52   52   52   51   51   52
   54   58   64   71   79   88  100  114  129  145  161  175  188  200  213  227
  242  256  267  275  280  284  286  289  292  294  295  293  289  284  277  268
  257  245  233  221  211  202  193  185  176  169  162  156  150  143  134  124
  112  101   94   86   84   79   79   78   80                                   
    50.0-180.0 180.0   5.0 450.0                            LAT/LON1/LON2/DLON/H
   97   90   86   81   76   72   69   65   64   63   63   61   59   56   54   53
   55   58   64   71   80   90  103  118  134  151  166  179  191  202  215  230
  246  263  277  287  294  299  302  306  310  312  312  309  304  297  290  281
  270  258  245  234  224  216  208  200  193  188  185  182  180  175  168  157
  143  131  120  111  108  102   99   94   97                                   
    47.5-180.0 180.0   5.0 450.0                            LAT/LON1/LON2/DLON/H
  114  109  107  102   99   95   92   86   83   81   79   76   71   67   63   60
   61   64   70   78   88  100  114  130  146  163  178  190  200  209  220  235
  253  271  287  299  308  314  319  324  328  329  327  322  315  306  298  288
  278  266  255  244  235  226  218  209  202  197  195  196  196  194  189  179
  165  153  141  132  130  125  121  114  114                                   
    45.0-180.0 180.0   5.0 450.0                            LAT/LON1/LON2/DLON/H
  126  127  126  124  123  121  117  110  106  102   98   94   88   82   77   74
   73   76   82   91  103  116  131  147  164  181  194  205  212  219  228  242
  259  278  295  310  320  328  335  341  345  346  341  333  322  311  300  290
  280  270  259  249  240  230  219  208  198  191  188  189  191  192  188  181
  169  159  149  142  142  140  137  131  126                                   
    42.5-180.0 180.0   5.0 450.0                            LAT/LON1/LON2/DLON/H
  128  136  139  142  144  143  139  133  126  122  117  113  107  102   97   93
   92   94  100  109  121  135  150  166  182  198  211  219  224  229  236  248
  265  284  303  319  332  343  352  360  364  363  356  343  328  314  301  291
  281  271  261  251  241  229  215  198  183  172  166  166  167  168  167  162
  154  147  140  136  140  142  141  136  128                                   
    40.0-180.0 180.0   5.0 450.0                            LAT/LON1/LON2/DLON/H
  121  135  142  150  156  157  155  149  142  137  132  129  126  122  119  115
  114  115  120  129  140  153  167  182  197  211  222  229  233  236  242  252
  269  289  310  329  346  360  373  382  387  385  375  358  339  322  308  296
  286  277  267  258  247  232  214  193  172  156  146  141  140  139  137  134
  128  124  120  119  125  130  132  129  121                                   
    37.5-180.0 180.0   5.0 450.0                            LAT/LON1/LON2/DLON/H
  108  126  136  146  155  159  159  155  150  146  143  142  142  142  141  139
  136  136  139  146  157  168  180  192  204  216  226  232  236  239  245  256
  273  295  319  342  364  383  398  410  416  413  401  382  360  341  326  315
  305  296  288  278  267  251  230  205  181  160  146  136  129  123  118  113
  107  104  101   99  105  110  115  113  108                                   
    35.0-180.0 180.0   5.0 450.0                            LAT/LON1/LON2/DLON/H
   94  111  122  133  143  148  151  149  147  146  146  149  153  157  160  159
  156  154  155  159  168  177  187  196  206  216  225  231  235  240  247  261
  280  305  333  361  388  412  432  446  453  450  437  417  395  376  363  353
  345  337  329  320  310  294  273  247  222  200  182  166  152  139  127  118
  109  102   96   90   93   93   98   97   94                                   
    32.5-180.0 180.0   5.0 450.0                            LAT/LON1/LON2/DLON/H
   86   98  106  116  124  128  134  135  136  138  142  150  158  167  173  174
  171  166  164  167  173  181  189  196  204  213  222  229  235  242  253  270
  293  322  354  388  421  449  472  489  496  494  482  463  444  429  419  413
  407  400  393  386  377  363  344  322  300  279  260  240  219  196  176  160
  145  132  120  105  101   92   93   89   86                                   
    30.0-180.0 180.0   5.0 450.0                            LAT/LON1/LON2/DLON/H
   88   93   93  101  106  109  116  118  121  126  133  144  156  169  178  181
  178  172  168  169  175  182  189  195  203  212  221  230  239  251  266  286
  313  346  384  423  461  493  518  536  544  542  532  518  505  497  493  492
  490  486  480  475  468  458  444  428  413  397  379  355  326  294  265  240
  217  198  176  152  137  116  106   95   88                                   
    27.5-180.0 180.0   5.0 450.0                            LAT/LON1/LON2/DLON/H
  105  100   90   94   96   97  103  106  109  115  123  135  149  164  175  179
  176  170  166  167  173  181  189  197  205  215  226  238  252  268  288  312
  343  380  421  465  505  539  565  582  590  590  584  576  571  572  578  584
  586  585  582  579  576  571  564  558  551  543  527  500  463  422  383  349
  319  293  261  228  200  164  139  119  105                                   
    25.0-180.0 180.0   5.0 450.0                            LAT/LON1/LON2/DLON/H
  137  122  100   99   97   95  101  103  105  110  116  126  139  153  164  168
  167  162  159  162  171  182  193  203  213  225  239  255  273  294  318  347
  380  419  463  507  549  582  607  622  629  630  629  629  635  646  661  675
  682  685  684  683  683  683  685  687  689  686  672  644  603  555  510  470
  434  402  361  321  280  232  193  163  137                                   
    22.5-180.0 180.0   5.0 450.0                            LAT/LON1/LON2/DLON/H
  181  158  127  117  110  105  108  109  109  111  114  120  129  140  149  153
  153  150  150  157  170  185  199  212  226  241  259  280  302  328  356  386
  421  460  503  546  585  616  637  650  657  660  663  671  686  707  730  749
  761  764  763  763  764  767  771  778  783  782  769  741  700  653  609  569
  533  501  457  414  364  309  261  224  181                                   
    20.0-180.0 180.0   5.0 450.0                            LAT/LON1/LON2/DLON/H
  228  202  166  148  131  123  123  121  118  117  116  117  122  128  134  138
  139  139  144  154  171  190  207  223  241  260  283  308  335  364  395  427
  461  498  536  575  609  636  654  666  672  677  684  698  720  747  775  795
  806  808  804  801  801  802  804  807  807  802  785  757  719  679  643  611
  583  558  520  481  432  379  333  294  228                                   
    17.5-180.0 180.0   5.0 450.0                            LAT/LON1/LON2/DLON/H
  269  244  209  184  159  146  142  137  130  125  120  117  117  119  122  126
  128  132  141  155  175  196  216  235  255  279  306  336  367  399  431  463
  495  527  559  591  619  642  659  670  678  685  695  711  736  765  791  809
  815  812  804  797  792  788  783  775  763  745  719  688  656  626  604  585
  568  556  534  506  469  425  390  355  269                                   
    15.0-180.0 180.0   5.0 450.0                            LAT/LON1/LON2/DLON/H
  297  277  248  219  187  171  163  153  141  133  125  119  115  114  115  118
  122  130  141  159  180  202  223  244  267  294  325  359  393  427  459  489
  517  543  569  594  618  638  655  669  680  690  701  718  740  765  785  795
  794  785  772  760  749  739  724  703  674  637  597  562  535  518  510  506
  503  505  501  488  469  441  420  392  297                                   
    12.5-180.0 180.0   5.0 450.0                            LAT/LON1/LON2/DLON/H
  313  299  277  247  214  194  182  167  152  140  131  123  117  113  112  115
  121  130  145  164  186  208  229  250  274  304  340  377  413  447  477  504
  528  549  570  590  611  631  651  669  685  698  710  725  742  758  768  768
  758  741  724  708  693  677  654  620  573  517  464  424  401  395  400  407
  417  429  440  443  442  432  423  401  313                                   
    10.0-180.0 180.0   5.0 450.0                            LAT/LON1/LON2/DLON/H
  321  315  298  267  235  212  196  178  160  147  137  129  122  117  114  116
  123  134  149  169  191  213  233  254  280  313  352  392  428  460  487  511
  531  550  568  585  604  625  649  674  695  712  725  737  747  753  751  740
  721  700  680  663  646  626  596  552  493  424  361  318  300  301  313  326
  340  358  376  390  402  408  408  389  321                                   
     7.5-180.0 180.0   5.0 450.0                            LAT/LON1/LON2/DLON/H
  324  326  311  280  249  223  204  184  165  152  144  137  130  124  120  121
  127  138  153  173  195  216  237  259  287  324  365  405  440  468  492  513
