data/edconvlstm_nd/pred3210.15i
     1.0            IONOSPHERE MAPS     GNSS                IONEX VERSION / TYPE
pyspatialgeodesy        IME             05-JAN-18 20:20     PGM / RUN BY / DATE 
Map Name                                                    COMMENT             
Predicted global ionosphere maps (GIM).                     DESCRIPTION         
  2015    11    17     0     0     0                        EPOCH OF FIRST MAP  
  2015    11    18     0     0     0                        EPOCH OF LAST MAP   
  7200                                                      INTERVAL            
    13                                                      # OF MAPS IN FILE   
  NONE                                                      MAPPING FUNCTION    
10.0                                                        ELEVATION CUTOFF    
One-way carrier phase leveled to code                       OBSERVABLES USED    
  6371.0                                                    BASE RADIUS         
 2                                                          MAP DIMENSION       
   450.0 450.0   0.0                                        HGT1 / HGT2 / DHGT  
    87.5 -87.5  -2.5                                        LAT1 / LAT2 / DLAT  
  -180.0 180.0   5.0                                        LON1 / LON2 / DLON  
    -1                                                      EXPONENT            
                                                            END OF HEADER       
[from data line 3861]
    10                                                      START OF TEC MAP    
  2015    11    17    18     0     0                        EPOCH OF CURRENT MAP
    87.5-180.0 180.0   5.0 450.0                            LAT/LON1/LON2/DLON/H
   97  102   99  104  109  108  108  105  106  108  107  108  108  108  108  108
  108  107  106  105  104  102  101   99   97   95   94   92   91   89   88   87
   86   85   84   83   83   82   82   82   82   82   82   83   83   84   85   86
   86   87   88   89   90   91   92   93   93   94   94   95   95   96   96   96
   97   97   94   91   97   96  110  109   97                                   
    85.0-180.0 180.0   5.0 450.0                            LAT/LON1/LON2/DLON/H
  102  101  112   99  100  106  106  108  109  112  111  112  112  113  112  112
  111  110  109  107  105  103  101   99   97   95   93   92   90   88   87   86
   84   83   82   81   81   80   79   79   79   79   79   79   80   80   81   82
   83   84   85   86   87   88   89   90   91   92   93   93   94   94   95   95
   96   96   92   87   90   91   96   96  102                                   
    82.5-180.0 180.0   5.0 450.0                            LAT/LON1/LON2/DLON/H
   83   85   89   84   88   94   98  100  101  104  105  107  107  108  108  108
  107  106  104  101   99   96   93   90   88   85   83   81   79   78   77   75
   74   73   72   71   70   69   68   67   66   65   65   65   66   66   67   68
   69   70   72   73   75   76   78   79   80   80   81   81   82   82   82   81
   82   81   78   76   79   90   83   83   83                                   
    80.0-180.0 180.0   5.0 450.0                            LAT/LON1/LON2/DLON/H
   61   63   72   68   72   74   81   85   89   93   96   99  100  102  102  102
  101   99   96   93   89   85   81   77   73   70   68   66   65   64   63   63
   62   62   61   60   59   57   56   54   53   52   52   51   52   53   54   55
   57   59   61   63   65   67   68   69   70   70   70   70   69   68   68   67
   66   66   64   63   61   66   62   70   61                                   
    77.5-180.0 180.0   5.0 450.0                            LAT/LON1/LON2/DLON/H
   57   55   58   55   61   64   71   75   80   84   88   93   96   99  100  101
  100   98   94   90   85   80   74   69   65   61   58   57   56   56   56   57
   58   58   57   56   55   52   50   47   45   43   42   42   42   43   44   47
   49   52   55   57   60   62   63   64   64   64   64   63   61   60   58   56
   54   53   52   52   51   51   50   59   57                                   
    75.0-180.0 180.0   5.0 450.0                            LAT/LON1/LON2/DLON/H
   44   45   47   46   52   55   61   65   72   78   83   89   94   98  101  102
  102  100   97   92   86   80   74   68   62   58   55   54   53   54   56   57
   59   60   59   58   56   54   50   47   44   42   41   40   41   42   44   46
   49   52   55   58   60   62   64   64   64   64   63   61   59   57   55   52
   50   49   48   45   44   42   38   39   44                                   
    72.5-180.0 180.0   5.0 450.0                            LAT/LON1/LON2/DLON/H
   43   44   44   46   47   51   56   60   65   71   77   83   90   95   99  102
  103  102   99   95   89   82   75   68   61   56   52   50   50   51   54   56
   58   60   60   59   56   53   49   45   42   39   38   37   38   39   42   45
   48   51   53   56   58   59   60   61   60   60   59   57   55   53   50   48
   45   43   43   40   39   37   36   40   43                                   
    70.0-180.0 180.0   5.0 450.0                            LAT/LON1/LON2/DLON/H
   43   45   46   48   49   51   54   58   64   70   76   84   90   96  101  106
  108  109  108  105  100   94   86   79   71   65   60   57   57   58   60   62
   64   65   65   63   60   56   52   48   45   42   41   41   43   45   47   50
   52   55   57   58   60   61   61   61   61   61   60   59   58   56   54   51
   48   47   47   44   43   41   43   47   43                                   
    67.5-180.0 180.0   5.0 450.0                            LAT/LON1/LON2/DLON/H
   48   50   51   54   55   57   60   64   68   73   79   86   93   99  105  110
  114  116  117  116  113  108  100   92   84   76   70   65   63   63   64   66
   67   67   66   63   59   55   50   47   44   43   43   44   46   48   50   53
   54   56   57   58   58   58   59   60   60   61   61   61   60   59   57   56
   54   52   51   48   46   46   45   48   48                                   
    65.0-180.0 180.0   5.0 450.0                            LAT/LON1/LON2/DLON/H
   48   52   53   57   58   61   64   68   73   79   84   91   97  102  108  113
  118  123  126  128  128  124  118  110  101   93   85   79   75   73   72   72
   71   69   65   61   56   51   47   44   42   42   43   45   47   49   51   52
   53   53   52   52   52   52   53   54   56   58   59   60   61   60   60   59
   57   56   56   54   51   52   51   55   48                                   
    62.5-180.0 180.0   5.0 450.0                            LAT/LON1/LON2/DLON/H
   47   51   51   57   60   65   68   74   80   86   92   98  103  108  112  117
  123  129  135  139  141  140  136  128  119  110  101   94   88   85   82   79
   75   70   64   57   51   45   41   39   38   39   41   44   46   48   48   48
   48   46   44   43   43   43   45   47   50   53   56   58   59   59   59   58
   57   56   56   53   50   50   49   53   47                                   
    60.0-180.0 180.0   5.0 450.0                            LAT/LON1/LON2/DLON/H
   43   45   47   54   58   64   70   79   87   95  102  108  112  116  119  123
  128  135  142  149  153  154  152  146  138  128  119  112  106  100   95   90
   83   74   65   56   48   41   37   35   36   38   40   43   44   45   44   43
   41   38   36   34   33   35   37   41   45   49   52   55   56   56   55   55
   53   52   52   49   46   45   44   50   43                                   
    57.5-180.0 180.0   5.0 450.0                            LAT/LON1/LON2/DLON/H
   37   39   41   50   56   64   74   86   98  109  118  124  127  129  131  133
  138  144  151  158  164  167  166  162  156  148  140  134  128  122  116  108
   97   85   73   61   51   44   39   38   39   41   44   45   46   45   43   40
   37   34   31   30   30   31   35   39   44   49   53   54   55   54   53   51
   49   48   47   44   41   39   38   44   37                                   
    55.0-180.0 180.0   5.0 450.0                            LAT/LON1/LON2/DLON/H
   34   36   38   48   57   67   82   98  114  127  138  145  148  148  148  148
  151  155  161  168  174  178  179  177  172  167  162  157  153  147  140  130
  116  101   86   71   60   52   47   46   47   49   50   51   50   48   45   41
   38   35   33   32   32   34   38   44   49   54   57   57   56   54   52   50
   48   46   46   42   39   35   33   41   34                                   
    52.5-180.0 180.0   5.0 450.0                            LAT/LON1/LON2/DLON/H
   36   37   40   51   62   76   94  114  134  150  162  169  172  172  170  168
  168  170  173  178  183  187  189  189  188  185  183  181  178  173  165  153
  138  120  102   86   73   65   60   58   59   60   61   61   58   55   51   48
   45   44   42   42   43   45   49   54   60   64   65   64   61   57   54   52
   50   49   49   46   42   37   33   41   36                                   
    50.0-180.0 180.0   5.0 450.0                            LAT/LON1/LON2/DLON/H
   44   44   49   61   74   92  113  136  158  176  189  197  199  199  196  193
  191  189  189  191  194  198  201  202  203  203  203  203  201  197  187  173
  155  136  117  100   88   79   75   73   73   74   74   73   70   66   63   60
   59   59   59   59   60   62   65   70   74   77   77   74   69   64   60   57
   56   56   57   55   50   45   40   47   44                                   
    47.5-180.0 180.0   5.0 450.0                            LAT/LON1/LON2/DLON/H
   59   58   64   77   92  112  136  161  184  204  217  225  228  227  225  221
  217  212  208  207  208  211  214  217  219  220  222  222  219  213  201  185
  165  145  126  110   99   92   88   86   86   87   87   85   82   79   77   77
   77   79   80   80   80   81   83   87   89   91   89   84   78   72   68   66
   65   67   69   68   64   59   54   58   59                                   
    45.0-180.0 180.0   5.0 450.0                            LAT/LON1/LON2/DLON/H
   75   74   81   95  112  134  159  186  209  229  242  250  254  255  254  250
  244  237  231  226  225  227  230  234  236  237  237  235  230  220  205  186
  165  145  127  114  105  100   97   96   96   97   97   96   94   92   91   92
   95   97   99   99   98   98   98  100  101  101   98   93   86   80   76   75
   75   79   82   83   80   75   70   72   75                                   
    42.5-180.0 180.0   5.0 450.0                            LAT/LON1/LON2/DLON/H
   90   89   97  113  131  154  179  206  229  249  262  271  277  280  280  278
  272  263  255  249  246  247  250  253  254  254  250  244  233  218  200  179
  158  139  124  114  108  105  103  103  103  103  103  103  102  101  102  104
  107  110  111  110  108  106  105  106  106  105  103   98   92   87   84   83
   84   88   92   94   92   88   84   87   90                                   
    40.0-180.0 180.0   5.0 450.0                            LAT/LON1/LON2/DLON/H
   98   99  108  127  146  168  194  220  242  262  276  287  294  300  303  303
  297  289  279  272  269  270  272  273  272  268  260  249  233  214  192  171
  152  136  125  117  113  111  110  109  109  108  108  108  107  106  107  109
  111  113  113  111  108  105  104  104  104  104  102   98   94   90   89   89
   90   94   98  100   98   94   91   95   98                                   
    37.5-180.0 180.0   5.0 450.0                            LAT/LON1/LON2/DLON/H
   98  100  112  134  154  177  202  228  250  269  284  297  307  316  323  324
  320  312  303  296  293  292  293  292  288  281  270  254  235  214  193  174
  159  146  138  132  129  126  123  120  118  115  114  112  111  109  108  108
  108  108  106  103  100   98   97   98   99   99   98   96   94   92   91   91
   92   95   97   98   95   91   88   95   98                                   
    35.0-180.0 180.0   5.0 450.0                            LAT/LON1/LON2/DLON/H
   92   96  109  134  156  179  205  230  252  272  288  303  317  329  337  341
  339  332  324  318  315  314  312  309  303  294  281  265  247  228  211  198
  187  179  172  166  160  154  147  140  133  128  123  120  116  112  108  105
  102   99   95   92   90   89   90   92   94   95   95   95   94   93   92   92
   91   92   93   92   86   81   78   88   92                                   
    32.5-180.0 180.0   5.0 450.0                            LAT/LON1/LON2/DLON/H
   84   90  105  131  155  178  205  230  252  273  291  308  324  338  349  354
  353  348  342  337  334  331  327  322  315  308  298  287  274  263  253  248
  243  239  231  221  209  196  183  169  157  147  139  132  125  119  112  106
   99   93   88   84   84   86   89   92   95   97   99   99   99   98   96   94
   91   89   88   85   77   71   67   79   84                                   
    30.0-180.0 180.0   5.0 450.0                            LAT/LON1/LON2/DLON/H
   78   87  103  129  155  177  205  230  253  274  294  313  331  346  358  364
  364  360  356  352  348  343  337  331  327  325  323  321  319  319  321  325
  327  324  313  295  273  250  227  206  187  172  159  149  141  132  123  114
  105   96   90   87   88   92   98  103  107  109  111  111  111  108  105  100
   94   90   87   82   74   65   61   73   78                                   
    27.5-180.0 180.0   5.0 450.0                            LAT/LON1/LON2/DLON/H
   79   90  109  133  161  183  210  233  256  277  298  318  337  353  365  371
  371  369  365  362  357  350  343  339  340  346  356  368  381  395  411  427
  435  431  411  380  344  308  274  244  219  199  184  172  162  153  144  133
  122  112  105  103  106  112  119  125  128  131  132  132  130  126  120  112
  103   97   92   86   78   69   63   72   79                                   
    25.0-180.0 180.0   5.0 450.0                            LAT/LON1/LON2/DLON/H
   88  101  122  146  175  197  224  244  266  285  305  325  344  360  371  376
  376  374  371  367  361  353  347  346  354  372  396  424  454  486  517  543
  554  542  509  462  409  359  314  276  246  224  208  197  188  181  173  164
  153  142  135  133  136  143  150  155  158  159  159  159  155  148  139  128
  116  110  103   98   90   80   73   78   88                                   
    22.5-180.0 180.0   5.0 450.0                            LAT/LON1/LON2/DLON/H
  106  119  141  166  197  219  245  263  282  299  316  334  351  366  376  380
  381  379  375  370  362  354  350  355  372  402  442  487  534  580  621  650
  656  633  585  522  454  391  338  295  263  241  228  220  215  212  208  202
  193  183  176  173  176  181  186  189  189  189  188  186  181  171  159  145
  131  124  117  113  107   97   88   91  106                                   
    20.0-180.0 180.0   5.0 450.0                            LAT/LON1/LON2/DLON/H
  130  141  164  190  223  246  271  288  304  318  332  347  361  374  382  386
  386  384  379  372  364  357  357  369  396  438  491  550  607  660  701  723
  718  683  623  549  471  399  341  297  267  249  240  238  239  242  244  242
  236  228  220  216  216  218  219  218  216  214  212  210  203  192  177  160
  145  138  130  129  123  114  105  108  130                                   
    17.5-180.0 180.0   5.0 450.0                            LAT/LON1/LON2/DLON/H
  153  163  186  215  249  273  299  315  330  341  352  364  375  386  393  396
  396  392  386  378  370  366  371  391  428  480  542  606  664  711  741  749
  732  687  621  542  460  386  327  285  259  247  244  248  256  266  274  277
  275  267  259  252  248  246  243  238  233  230  227  225  218  206  189  171
  155  147  138  138  134  126  119  125  153                                   
    15.0-180.0 180.0   5.0 450.0                            LAT/LON1/LON2/DLON/H
  170  180  205  235  272  298  326  342  357  368  377  386  395  403  409  412
  411  407  399  390  382  383  395  423  468  525  589  649  697  728  740  732
  704  655  589  513  434  363  307  269  248  241  244  253  266  281  294  301
  302  295  286  276  268  261  254  247  240  236  233  231  224  212  195  177
  159  151  141  140  136  131  127  137  170                                   
    12.5-180.0 180.0   5.0 450.0                            LAT/LON1/LON2/DLON/H
  177  189  217  249  288  317  348  366  383  395  404  412  420  428  434  437
  436  430  421  410  405  410  430  465  513  571  629  677  706  717  710  689
  654  606  545  476  406  343  292  259  243  239  245  257  272  289  304  314
  316  310  299  287  275  265  255  246  239  234  232  229  224  212  196  177
  159  149  138  135  130  128  126  139  177                                   
    10.0-180.0 180.0   5.0 450.0                            LAT/LON1/LON2/DLON/H
  175  191  222  256  297  329  363  384  404  419  430  441  450  458  465  469
  468  462  451  441  438  448  473  513  562  615  660  689  699  691  670  640
  603  558  506  449  391  337  294  264  250  248  254  264  278  294  309  319
  321  314  302  287  273  260  249  240  233  229  227  224  218  207  191  173
  155  144  131  125  120  119  118  134  175                                   
     7.5-180.0 180.0   5.0 450.0                            LAT/LON1/LON2/DLON/H
  169  190  222  258  300  335  371  396  419  438  454  467  479  490  500  506
  507  501  491  481  480  494  523  564  610  652  680  691  685  665  636  603
