data/edconvlstm_nd/pred1770.15i
     1.0            IONOSPHERE MAPS     GNSS                IONEX VERSION / TYPE
pyspatialgeodesy        IME             05-JAN-18 20:20     PGM / RUN BY / DATE 
Map Name                                                    COMMENT             
Predicted global ionosphere maps (GIM).                     DESCRIPTION         
  2015     6    26     0     0     0                        EPOCH OF FIRST MAP  
  2015     6    27     0     0     0                        EPOCH OF LAST MAP   
  7200                                                      INTERVAL            
    13                                                      # OF MAPS IN FILE   
  NONE                                                      MAPPING FUNCTION    
10.0                                                        ELEVATION CUTOFF    
One-way carrier phase leveled to code                       OBSERVABLES USED    
  6371.0                                                    BASE RADIUS         
 2                                                          MAP DIMENSION       
   450.0 450.0   0.0                                        HGT1 / HGT2 / DHGT  
    87.5 -87.5  -2.5                                        LAT1 / LAT2 / DLAT  
  -180.0 180.0   5.0                                        LON1 / LON2 / DLON  
    -1                                                      EXPONENT            
                                                            END OF HEADER       
[from data line 429]
     2                                                      START OF TEC MAP    
  2015     6    26     2     0     0                        EPOCH OF CURRENT MAP
    87.5-180.0 180.0   5.0 450.0                            LAT/LON1/LON2/DLON/H
  111  117  119  120  118  116  113  112  113  113  114  115  115  116  116  116
  117  117  117  117  117  117  116  116  115  114  114  113  112  111  110  110
  109  108  107  107  106  105  105  105  104  104  104  104  104  104  104  104
  104  104  104  104  104  104  104  105  105  105  105  105  106  106  106  107
  108  109  108  107  110  114  118  116  111                                   
    85.0-180.0 180.0   5.0 450.0                            LAT/LON1/LON2/DLON/H
  114  129  119  125  128  126  125  125  125  126  126  127  127  128  128  128
  128  128  128  128  127  127  126  125  124  123  122  121  120  119  117  116
  115  114  113  113  112  112  111  111  111  111  110  110  110  110  110  110
  110  110  110  111  111  111  111  112  112  113  114  114  115  115  116  117
  119  121  119  121  118  120  124  118  114                                   
    82.5-180.0 180.0   5.0 450.0                            LAT/LON1/LON2/DLON/H
  121  127  137  133  132  133  132  133  135  135  135  136  136  137  137  137
  137  137  136  136  135  134  133  132  131  129  127  126  124  122  120  119
  117  116  115  114  114  113  113  113  113  113  113  113  113  113  113  113
  113  113  113  113  113  114  114  115  116  117  118  119  120  121  122  124
  125  126  125  124  130  120  121  118  121                                   
    80.0-180.0 180.0   5.0 450.0                            LAT/LON1/LON2/DLON/H
  131  136  134  132  131  131  134  136  137  138  138  139  139  139  139  139
  139  138  137  137  136  135  133  132  130  128  125  123  121  118  116  115
  113  112  112  111  111  112  112  113  113  114  114  114  115  115  115  115
  115  115  115  115  115  115  115  116  117  117  119  120  121  123  124  127
  128  128  127  127  138  131  134  127  131                                   
    77.5-180.0 180.0   5.0 450.0                            LAT/LON1/LON2/DLON/H
  133  137  135  136  129  131  136  138  140  140  140  141  141  141  140  140
  139  138  137  136  135  134  132  130  128  126  123  120  118  116  114  112
  111  111  111  112  112  114  115  116  117  119  120  120  121  122  122  122
  122  122  121  121  121  121  121  121  121  122  122  124  125  126  128  131
  132  133  130  133  139  134  134  133  133                                   
    75.0-180.0 180.0   5.0 450.0                            LAT/LON1/LON2/DLON/H
  130  134  133  136  129  131  134  137  140  141  141  141  141  139  138  135
  133  132  130  129  128  126  125  123  120  118  114  111  109  107  105  104
  104  105  106  108  110  112  114  116  118  120  121  122  123  124  125  125
  125  125  124  123  123  122  122  121  121  121  121  122  124  125  127  130
  131  132  131  127  133  132  133  134  130                                   
    72.5-180.0 180.0   5.0 450.0                            LAT/LON1/LON2/DLON/H
  122  131  132  134  129  131  136  139  143  144  145  145  144  141  138  134
  131  128  125  123  122  121  119  117  114  112  108  105  103  101  101  101
  102  104  107  109  112  115  118  121  123  125  127  128  130  131  132  132
  132  132  131  130  129  128  127  126  125  125  125  125  126  127  129  132
  134  135  135  132  133  130  130  134  122                                   
    70.0-180.0 180.0   5.0 450.0                            LAT/LON1/LON2/DLON/H
  120  126  129  132  126  128  133  139  144  146  147  147  145  141  136  131
  126  122  118  116  114  113  111  109  107  104  101   98   96   95   95   96
   99  102  105  109  113  116  119  121  124  126  128  130  132  134  135  136
  136  136  135  134  133  131  130  128  127  126  125  125  125  126  128  131
  133  134  134  133  133  130  131  133  120                                   
    67.5-180.0 180.0   5.0 450.0                            LAT/LON1/LON2/DLON/H
  117  123  124  127  121  123  129  135  141  144  146  147  144  140  134  127
  121  115  111  108  106  105  103  101   98   95   92   90   88   88   89   91
   94   98  102  106  109  112  114  117  119  121  123  126  128  130  132  133
  134  134  133  132  131  130  128  126  125  124  123  122  122  122  124  127
  128  129  130  129  130  127  128  131  117                                   
    65.0-180.0 180.0   5.0 450.0                            LAT/LON1/LON2/DLON/H
  116  120  121  124  118  119  125  131  138  142  145  147  145  141  134  127
  120  114  109  105  103  101   99   97   94   91   88   86   85   85   87   89
   92   96  100  103  106  108  110  112  114  116  119  122  125  128  130  131
  132  132  132  131  130  128  127  126  125  124  123  122  121  121  122  124
  126  127  128  127  129  127  129  133  116                                   
    62.5-180.0 180.0   5.0 450.0                            LAT/LON1/LON2/DLON/H
  119  122  122  124  117  117  122  128  135  140  144  147  146  143  137  130
  123  116  111  107  105  102  100   97   94   91   88   86   85   86   88   90
   93   96   98  101  103  104  105  107  108  111  114  118  122  125  127  129
  130  130  129  129  128  127  127  127  126  126  125  125  124  123  123  125
  125  126  127  127  129  129  131  136  119                                   
    60.0-180.0 180.0   5.0 450.0                            LAT/LON1/LON2/DLON/H
  124  127  127  127  119  117  120  125  131  135  139  143  144  142  138  133
  126  120  115  111  108  106  103   99   96   92   90   88   88   89   90   91
   93   94   96   97   97   98   99  100  102  105  109  114  118  122  124  126
  127  127  126  126  126  126  127  128  129  129  130  130  129  127  127  127
  127  127  128  128  131  131  134  140  124                                   
    57.5-180.0 180.0   5.0 450.0                            LAT/LON1/LON2/DLON/H
  132  135  135  135  126  122  122  124  127  130  134  138  140  141  139  135
  130  125  121  117  114  110  107  103   99   96   94   92   92   93   93   93
   93   93   92   92   92   93   93   95   97  101  106  111  116  120  123  125
  125  125  125  125  126  127  128  130  133  135  136  137  136  134  133  132
  130  130  130  130  133  135  139  145  132                                   
    55.0-180.0 180.0   5.0 450.0                            LAT/LON1/LON2/DLON/H
  141  145  146  146  136  130  128  126  127  126  128  132  135  137  137  135
  132  129  125  122  118  115  111  107  103  100   98   97   97   97   96   95
   93   91   89   88   88   88   89   91   95   99  104  110  116  120  123  125
  125  125  125  126  127  129  131  134  137  141  143  145  144  142  140  138
  135  134  133  132  136  138  143  150  141                                   
    52.5-180.0 180.0   5.0 450.0                            LAT/LON1/LON2/DLON/H
  150  155  158  158  149  142  138  133  129  126  125  126  129  131  133  133
  132  130  127  124  121  117  113  109  106  103  101  101  101  101   99   97
   93   90   87   85   85   86   88   91   94   99  105  111  117  121  124  126
  127  128  128  130  131  134  136  139  143  146  150  152  152  150  147  144
  141  138  137  135  138  141  146  154  150                                   
    50.0-180.0 180.0   5.0 450.0                            LAT/LON1/LON2/DLON/H
  156  164  168  171  163  156  151  143  137  130  125  124  125  127  128  129
  129  128  126  124  122  118  115  111  108  106  105  105  105  105  103  100
   95   91   88   86   87   88   91   94   97  102  107  113  119  124  127  130
  132  133  135  137  139  141  143  146  149  152  155  157  158  156  153  150
  146  142  141  138  141  144  149  157  156                                   
    47.5-180.0 180.0   5.0 450.0                            LAT/LON1/LON2/DLON/H
  160  170  176  181  175  170  165  156  148  138  130  126  125  125  125  126
  125  125  124  122  120  118  115  112  109  108  108  109  110  110  109  105
  101   96   93   92   93   95   98  100  103  107  111  117  122  127  131  135
  138  141  144  147  149  151  153  154  156  158  160  161  162  160  157  154
  150  147  145  142  144  146  151  159  160                                   
    45.0-180.0 180.0   5.0 450.0                            LAT/LON1/LON2/DLON/H
  162  173  180  188  185  181  177  170  161  149  139  133  129  126  125  124
  123  122  121  120  118  117  115  113  112  112  113  115  116  117  116  114
  110  106  103  103  104  106  108  109  111  113  116  121  126  131  136  141
  146  151  156  160  163  164  165  164  164  164  164  165  164  163  160  158
  154  151  150  147  148  149  153  160  162                                   
    42.5-180.0 180.0   5.0 450.0                            LAT/LON1/LON2/DLON/H
  165  175  181  191  191  189  187  181  174  163  152  144  138  133  129  126
  123  121  120  119  118  117  116  116  116  118  120  122  125  126  127  125
  123  120  118  117  118  119  120  120  120  120  121  124  129  135  141  148
  156  163  169  174  178  179  179  177  174  172  170  169  167  165  163  161
  159  157  157  153  155  155  158  164  165                                   
    40.0-180.0 180.0   5.0 450.0                            LAT/LON1/LON2/DLON/H
  170  178  183  192  194  193  193  190  185  176  166  158  151  144  138  132
  128  124  121  120  119  119  119  121  123  126  129  132  135  138  139  140
  139  137  135  134  134  134  133  131  129  127  126  128  133  138  146  155
  165  174  182  189  193  195  195  192  188  183  179  175  173  170  168  166
  164  164  165  162  164  163  165  170  170                                   
    37.5-180.0 180.0   5.0 450.0                            LAT/LON1/LON2/DLON/H
  180  185  188  196  198  197  198  198  195  188  179  172  165  158  150  143
  136  131  127  124  123  123  125  128  132  136  141  144  148  151  154  155
  156  154  153  151  149  147  145  141  137  133  131  132  136  142  150  161
  172  183  193  201  207  210  211  209  204  197  191  186  181  177  175  173
  172  172  174  173  176  174  177  179  180                                   
    35.0-180.0 180.0   5.0 450.0                            LAT/LON1/LON2/DLON/H
  197  199  199  204  207  205  206  205  204  199  192  187  180  173  165  156
  148  141  135  132  130  131  134  138  143  149  154  159  162  165  168  170
  171  170  168  165  162  158  154  149  143  139  136  136  138  144  153  164
  177  189  200  209  217  223  226  226  221  214  207  200  194  189  185  184
  182  183  185  185  189  188  192  193  197                                   
    32.5-180.0 180.0   5.0 450.0                            LAT/LON1/LON2/DLON/H
  220  221  220  222  224  220  220  218  217  211  205  200  195  189  181  172
  162  154  147  142  140  141  145  150  157  164  169  174  177  179  180  182
  182  181  178  174  169  165  159  153  147  142  139  138  140  144  152  164
  177  190  202  213  223  232  239  242  239  233  225  217  210  204  200  197
  194  194  197  197  202  204  209  210  220                                   
    30.0-180.0 180.0   5.0 450.0                            LAT/LON1/LON2/DLON/H
  246  249  248  249  251  246  244  239  235  227  220  215  210  204  197  187
  178  168  161  155  153  154  158  164  172  179  185  189  190  190  190  189
  188  185  182  177  171  166  160  154  148  143  140  139  139  142  149  160
  173  186  199  211  225  238  249  255  255  250  243  235  228  221  216  212
  208  207  208  208  214  218  225  228  246                                   
    27.5-180.0 180.0   5.0 450.0                            LAT/LON1/LON2/DLON/H
  273  280  281  284  286  282  278  270  262  250  240  233  227  221  213  204
  194  184  175  169  166  168  172  180  188  195  200  202  201  198  194  190
  186  183  178  173  168  162  156  150  145  141  138  136  135  137  142  152
  164  178  192  207  223  240  255  265  268  265  259  252  246  239  234  228
  222  219  219  218  224  231  240  245  273                                   
    25.0-180.0 180.0   5.0 450.0                            LAT/LON1/LON2/DLON/H
  296  308  313  321  327  326  322  310  297  281  266  256  247  239  231  222
  211  200  191  184  181  183  188  195  202  208  211  211  207  201  193  185
  179  174  169  164  159  154  148  143  138  135  133  131  129  129  133  141
  154  168  184  200  219  239  258  271  277  277  273  268  263  257  251  245
  238  232  230  228  233  242  253  261  296                                   
    22.5-180.0 180.0   5.0 450.0                            LAT/LON1/LON2/DLON/H
  313  329  341  355  366  370  368  355  339  318  298  283  271  261  251  241
  230  218  208  201  197  199  203  210  215  217  217  214  207  197  186  175
  166  160  155  151  147  143  138  133  129  126  125  123  121  120  122  130
  143  159  176  195  216  238  259  274  283  285  283  281  278  274  269  263
  254  248  244  239  243  251  264  275  313                                   
    20.0-180.0 180.0   5.0 450.0                            LAT/LON1/LON2/DLON/H
  322  342  359  381  398  408  409  398  380  357  333  313  298  285  274  262
  250  238  226  218  214  214  218  222  223  221  217  211  201  189  174  161
  151  144  140  137  135  132  128  123  119  116  115  114  112  110  113  120
  134  151  170  191  215  238  260  276  286  291  292  293  293  291  287  282
  274  267  262  255  255  263  276  288  322                                   
    17.5-180.0 180.0   5.0 450.0                            LAT/LON1/LON2/DLON/H
  326  348  367  394  416  431  437  430  414  390  365  343  325  310  297  285
  271  258  245  235  230  229  230  230  226  219  211  201  189  176  160  146
  135  128  126  125  125  123  119  113  109  107  106  105  103  102  104  113
  127  146  167  191  215  240  262  278  289  295  300  304  307  308  307  304
  297  290  285  277  273  278  290  302  326                                   
    15.0-180.0 180.0   5.0 450.0                            LAT/LON1/LON2/DLON/H
  329  349  368  396  421  438  447  445  433  413  389  367  348  332  318  305
  292  277  263  252  244  240  238  233  223  211  198  186  173  160  146  132
  122  117  115  116  117  115  111  105  101   98   98   97   96   95   98  107
  122  143  167  192  218  243  264  281  293  302  309  316  323  327  329  328
  324  319  314  305  298  298  309  320  329                                   
    12.5-180.0 180.0   5.0 450.0                            LAT/LON1/LON2/DLON/H
  334  350  366  391  415  431  441  442  435  419  400  381  363  348  334  320
  307  293  278  265  254  247  239  229  214  196  180  167  156  145  134  123
  114  110  109  110  111  109  105   99   94   91   91   91   90   89   93  102
  119  141  167  194  221  247  268  285  299  310  320  330  339  346  351  354
  353  351  347  338  328  324  334  343  334                                   
    10.0-180.0 180.0   5.0 450.0                            LAT/LON1/LON2/DLON/H
  347  357  367  384  403  415  422  424  421  410  397  382  367  353  340  327
  314  300  285  271  258  246  233  218  198  178  162  150  141  134  125  117
  111  107  106  106  106  103   99   93   88   86   86   86   85   84   88   98
  116  139  166  195  223  249  272  291  306  319  332  345  356  366  374  380
  381  382  381  372  362  355  363  371  347                                   
     7.5-180.0 180.0   5.0 450.0                            LAT/LON1/LON2/DLON/H
  367  371  374  382  393  398  400  400  398  392  383  372  360  348  335  323
  311  298  284  268  253  237  220  200  179  159  144  135  130  126  121  116
