data/edconvlstm_nd/pred2900.15i
     1.0            IONOSPHERE MAPS     GNSS                IONEX VERSION / TYPE
pyspatialgeodesy        IME             05-JAN-18 20:20     PGM / RUN BY / DATE 
Map Name                                                    COMMENT             
Predicted global ionosphere maps (GIM).                     DESCRIPTION         
  2015    10    17     0     0     0                        EPOCH OF FIRST MAP  
  2015    10    18     0     0     0                        EPOCH OF LAST MAP   
  7200                                                      INTERVAL            
    13                                                      # OF MAPS IN FILE   
  NONE                                                      MAPPING FUNCTION    
10.0                                                        ELEVATION CUTOFF    
One-way carrier phase leveled to code                       OBSERVABLES USED    
  6371.0                                                    BASE RADIUS         
 2                                                          MAP DIMENSION       
   450.0 450.0   0.0                                        HGT1 / HGT2 / DHGT  
    87.5 -87.5  -2.5                                        LAT1 / LAT2 / DLAT  
  -180.0 180.0   5.0                                        LON1 / LON2 / DLON  
    -1                                                      EXPONENT            
                                                            END OF HEADER       
     1                                                      START OF TEC MAP    
  2015    10    17     0     0     0                        EPOCH OF CURRENT MAP
    87.5-180.0 180.0   5.0 450.0                            LAT/LON1/LON2/DLON/H
   89   84   72   62   62   70   67   66   68   69   70   72   73   75   75   76
   76   76   75   74   73   72   70   69   67   65   63   62   60   59   57   56
   55   54   53   52   52   52   52   52   52   52   53   53   54   55   55   56
   57   57   58   58   58   58   59   58   58   58   58   58   57   57   56   56
   56   56   55   56   48   67   69   68   89                                   
    85.0-180.0 180.0   5.0 450.0                            LAT/LON1/LON2/DLON/H
   79   85   63   64   66   76   73   72   74   75   77   79   81   82   83   83
   83   83   82   80   79   76   74   72   69   66   64   61   59   57   55   54
   52   51   51   51   51   51   52   53   54   55   57   58   59   61   62   63
   64   65   66   67   67   68   68   68   68   68   68   67   67   66   66   65
   65   64   65   70   71   78   87   77   79                                   
    82.5-180.0 180.0   5.0 450.0                            LAT/LON1/LON2/DLON/H
   70   61   68   63   64   75   72   71   76   79   82   86   89   91   92   93
   93   92   90   87   84   80   76   72   67   62   58   54   50   47   44   42
   40   39   39   39   39   40   42   43   45   48   50   52   54   56   58   60
   61   63   64   65   65   66   66   66   66   66   65   64   64   63   62   62
   61   59   59   59   65   62   72   75   70                                   
    80.0-180.0 180.0   5.0 450.0                            LAT/LON1/LON2/DLON/H
   80   70   72   63   67   73   72   73   80   83   88   93   97  100  102  103
  103  101   98   94   89   83   77   70   64   58   53   48   43   40   37   35
   33   32   32   32   32   33   35   37   39   41   43   46   48   51   53   55
   56   58   59   60   61   62   62   63   63   63   63   63   63   62   62   62
   61   59   60   59   73   65   79   95   80                                   
    77.5-180.0 180.0   5.0 450.0                            LAT/LON1/LON2/DLON/H
   92   83   74   73   73   77   76   80   87   91   97  103  108  112  115  115
  114  112  108  103   96   89   81   73   65   58   51   46   41   37   34   32
   31   30   30   30   31   32   33   34   36   38   40   42   45   47   48   50
   51   52   53   54   55   56   57   58   59   60   61   61   62   62   63   63
   63   64   65   67   73   74   82  103   92                                   
    75.0-180.0 180.0   5.0 450.0                            LAT/LON1/LON2/DLON/H
  104   89   89   87   84   88   85   88   95   99  105  110  115  117  118  118
  115  112  106  100   93   85   76   67   59   53   47   42   38   36   34   32
   32   31   31   32   32   33   34   35   36   37   39   40   41   43   44   44
   45   45   46   46   47   48   50   52   54   56   58   59   61   63   65   66
   66   69   72   71   79   90   96  109  104                                   
    72.5-180.0 180.0   5.0 450.0                            LAT/LON1/LON2/DLON/H
  111  102  103   99   96   95   94   97  104  106  110  115  117  117  116  113
  109  104   98   92   84   77   69   61   55   50   45   42   39   38   37   36
   36   35   35   35   34   34   34   34   34   34   35   35   36   36   36   36
   36   35   35   35   36   37   39   42   45   48   51   54   57   60   63   66
   68   71   78   80   90  101  110  124  111                                   
    70.0-180.0 180.0   5.0 450.0                            LAT/LON1/LON2/DLON/H
  123  116  118  117  111  110  107  109  115  115  117  119  118  115  110  105
   99   92   86   79   73   66   60   55   50   47   44   43   43   43   43   43
   42   42   41   40   39   38   37   36   35   35   35   35   35   35   34   34
   33   32   31   30   31   33   35   39   43   48   52   57   60   64   68   71
   73   77   85   89  100  114  119  129  123                                   
    67.5-180.0 180.0   5.0 450.0                            LAT/LON1/LON2/DLON/H
  130  128  128  128  120  117  114  115  119  118  118  116  112  105   97   89
   82   75   69   63   58   54   50   46   44   42   42   42   43   44   45   45
   44   42   41   39   37   35   33   31   30   30   29   29   30   29   29   28
   27   25   24   23   24   26   29   34   39   46   52   57   62   65   69   73
   74   78   86   91  103  117  121  131  130                                   
    65.0-180.0 180.0   5.0 450.0                            LAT/LON1/LON2/DLON/H
  133  131  132  131  124  120  116  118  122  120  119  115  108   98   88   78
   69   63   58   54   51   48   45   42   41   41   41   43   45   46   46   45
   43   41   38   35   32   30   28   27   26   26   26   27   28   28   28   27
   25   23   21   20   21   23   27   33   40   48   56   63   68   72   75   77
   78   80   88   92  102  117  121  132  133                                   
    62.5-180.0 180.0   5.0 450.0                            LAT/LON1/LON2/DLON/H
  133  132  133  132  124  120  116  119  123  122  120  116  107   96   84   73
   65   60   56   53   51   48   46   44   42   42   43   45   47   47   47   44
   41   37   33   30   28   26   24   24   24   25   26   28   29   30   30   30
   28   25   23   22   22   25   30   37   46   56   65   72   78   82   85   86
   85   86   92   93  100  114  118  130  133                                   
    60.0-180.0 180.0   5.0 450.0                            LAT/LON1/LON2/DLON/H
  133  132  134  131  123  118  113  116  121  121  120  116  107   96   84   75
   68   64   61   59   57   54   50   47   45   44   44   46   47   47   45   41
   37   32   28   25   23   22   21   22   23   26   28   31   33   34   35   34
   32   29   26   24   24   27   33   41   52   63   73   81   87   92   95   96
   94   93   97   96  101  112  115  129  133                                   
    57.5-180.0 180.0   5.0 450.0                            LAT/LON1/LON2/DLON/H
  137  136  138  134  124  118  112  115  120  120  120  117  109   99   89   81
   77   74   72   70   67   62   56   51   47   45   45   46   47   45   42   38
   33   28   24   22   21   21   21   23   26   29   32   36   38   40   40   39
   37   33   30   28   28   31   38   47   58   70   80   89   96  101  106  108
  106  104  108  105  108  115  119  134  137                                   
    55.0-180.0 180.0   5.0 450.0                            LAT/LON1/LON2/DLON/H
  148  148  149  144  133  124  117  117  120  120  120  117  111  104   97   91
   88   86   84   81   76   69   62   54   49   46   46   46   46   44   41   36
   31   27   24   23   23   24   26   29   32   35   39   43   45   47   47   45
   42   39   35   33   33   37   44   53   65   76   86   95  103  109  116  121
  121  120  124  121  123  127  130  146  148                                   
    52.5-180.0 180.0   5.0 450.0                            LAT/LON1/LON2/DLON/H
  169  169  168  163  151  139  129  126  126  123  120  118  113  108  104  101
   99   97   94   90   83   74   65   57   51   48   47   48   47   45   42   37
   33   30   28   28   30   32   35   38   41   45   48   51   53   54   53   51
   48   45   42   40   41   45   52   62   72   82   91   99  107  116  125  134
  137  139  144  142  145  148  151  167  169                                   
    50.0-180.0 180.0   5.0 450.0                            LAT/LON1/LON2/DLON/H
  195  198  195  190  178  164  151  143  137  130  124  120  115  112  109  108
  107  104  100   94   87   78   68   60   55   52   51   51   51   49   46   42
   38   37   37   39   41   44   47   50   52   55   58   60   62   62   61   58
   56   53   51   50   52   57   65   74   83   90   97  104  112  123  135  147
  154  160  166  166  171  175  178  193  195                                   
    47.5-180.0 180.0   5.0 450.0                            LAT/LON1/LON2/DLON/H
  223  229  225  222  209  195  180  167  155  142  132  125  119  116  114  113
  111  107  102   95   88   80   72   65   60   58   57   57   57   54   51   48
   46   46   48   51   55   58   61   63   64   66   68   70   70   70   68   67
   65   63   63   64   68   75   82   90   97  102  106  112  120  130  144  159
  170  179  187  190  197  204  208  220  223                                   
    45.0-180.0 180.0   5.0 450.0                            LAT/LON1/LON2/DLON/H
  244  254  249  248  238  225  210  194  178  159  144  133  125  121  119  117
  114  108  102   96   90   84   79   73   69   66   65   64   62   60   57   54
   53   55   58   63   68   71   73   74   75   76   77   78   78   78   77   76
   76   76   78   82   87   95  103  110  114  117  119  122  129  140  155  170
  183  193  204  209  218  226  232  241  244                                   
    42.5-180.0 180.0   5.0 450.0                            LAT/LON1/LON2/DLON/H
  253  266  261  263  257  248  235  219  201  178  159  145  135  130  127  123
  118  111  104   99   96   93   89   85   81   77   74   70   67   63   59   57
   58   61   65   71   77   80   82   82   82   83   84   86   86   87   87   87
   88   90   94   99  106  115  123  129  132  132  133  135  141  151  165  180
  192  203  214  220  230  240  246  253  253                                   
    40.0-180.0 180.0   5.0 450.0                            LAT/LON1/LON2/DLON/H
  251  264  259  263  261  257  248  236  219  196  175  159  148  142  138  133
  126  118  112  109  107  107  104  100   94   87   81   74   68   63   60   58
   59   63   69   75   81   85   87   88   88   89   90   92   94   96   97   98
  100  102  107  113  121  130  138  144  146  146  146  148  154  163  176  189
  199  208  219  226  234  244  251  258  251                                   
    37.5-180.0 180.0   5.0 450.0                            LAT/LON1/LON2/DLON/H
  244  253  248  251  252  252  247  240  228  208  189  173  163  157  152  146
  139  132  128  126  126  126  123  116  106   95   85   76   68   63   59   59
   60   64   70   77   83   88   91   92   92   93   96   98  101  103  105  107
  108  110  114  120  128  137  146  152  155  156  156  159  166  176  188  199
  206  213  223  229  236  246  254  262  244                                   
    35.0-180.0 180.0   5.0 450.0                            LAT/LON1/LON2/DLON/H
  240  246  240  238  238  239  236  234  228  214  198  186  177  172  168  163
  157  152  148  147  147  145  139  128  114   99   87   77   69   64   62   63
   65   69   74   81   87   92   95   97   97   99  101  104  107  110  112  112
  113  113  115  119  127  137  147  154  159  161  163  168  177  190  202  213
  217  222  231  236  243  253  262  275  240                                   
    32.5-180.0 180.0   5.0 450.0                            LAT/LON1/LON2/DLON/H
  252  254  245  235  230  227  224  225  224  215  204  196  190  186  184  180
  176  172  170  168  165  158  147  131  114   99   88   80   75   72   73   75
   78   81   85   90   95   99  102  104  104  105  107  110  113  115  115  114
  112  110  109  112  119  130  142  151  158  162  166  174  187  203  219  230
  235  238  246  250  259  270  283  301  252                                   
    30.0-180.0 180.0   5.0 450.0                            LAT/LON1/LON2/DLON/H
  288  287  272  253  239  229  222  221  221  216  210  205  201  198  197  194
  192  189  186  181  172  159  142  124  109   98   92   88   88   90   94   98
  100  102  103  105  108  110  112  113  113  114  115  116  117  118  117  113
  108  102   99  100  108  120  134  146  155  161  168  179  197  218  238  252
  258  261  269  273  285  298  316  342  288                                   
    27.5-180.0 180.0   5.0 450.0                            LAT/LON1/LON2/DLON/H
  351  351  326  297  274  254  239  233  230  225  220  216  212  209  207  204
  201  198  192  181  165  145  126  111  103  100  102  106  111  118  125  130
  132  131  128  125  124  124  124  124  124  124  124  123  123  121  117  111
  102   94   88   88   95  109  126  140  151  159  169  184  206  232  258  278
  288  293  301  304  321  339  361  397  351                                   
    25.0-180.0 180.0   5.0 450.0                            LAT/LON1/LON2/DLON/H
  438  440  409  370  337  306  281  266  257  249  241  234  228  222  216  211
  205  198  186  168  145  123  106  100  102  111  121  132  143  153  162  168
  168  163  155  147  141  137  136  135  135  135  134  132  128  124  117  108
   97   85   78   77   85  101  120  137  151  161  172  189  215  247  280  306
  322  331  340  344  367  389  419  463  438                                   
    22.5-180.0 180.0   5.0 450.0                            LAT/LON1/LON2/DLON/H
  535  544  514  471  428  387  349  324  307  292  279  265  252  240  228  217
  206  192  173  148  122  101   93   98  112  131  150  166  180  192  201  206
  203  194  181  168  157  150  147  146  147  146  144  140  135  127  118  106
   93   80   72   71   79   97  118  138  154  166  179  198  227  263  301  334
  357  372  384  391  418  446  485  533  535                                   
    20.0-180.0 180.0   5.0 450.0                            LAT/LON1/LON2/DLON/H
  621  640  624  586  538  490  444  408  382  359  336  314  291  269  249  229
  210  188  161  131  106   93   95  111  136  163  185  203  216  227  235  237
  232  219  201  183  168  160  156  157  158  157  155  149  141  132  119  106
   91   78   70   70   78   96  120  143  161  175  189  210  240  279  321  360
  390  412  428  440  468  499  546  594  621                                   
    17.5-180.0 180.0   5.0 450.0                            LAT/LON1/LON2/DLON/H
  680  710  712  688  644  598  551  512  479  447  415  382  348  315  284  254
  224  193  159  129  108  103  115  142  175  205  226  239  247  254  258  257
  249  233  212  192  176  167  165  166  168  168  165  158  148  136  121  106
   91   78   71   71   80   99  123  147  168  184  201  223  254  294  339  381
  416  444  465  482  510  539  590  632  680                                   
    15.0-180.0 180.0   5.0 450.0                            LAT/LON1/LON2/DLON/H
  701  740  759  752  721  687  651  617  584  549  509  467  424  379  337  295
  255  215  177  148  133  136  159  193  228  253  266  269  268  267  267  262
  252  234  214  195  181  174  174  176  178  177  173  164  153  138  123  106
   91   79   72   73   82  101  125  150  172  191  210  234  266  307  352  396
  435  467  492  513  538  560  607  642  701                                   
    12.5-180.0 180.0   5.0 450.0                            LAT/LON1/LON2/DLON/H
  687  730  761  770  757  741  721  701  677  644  604  559  510  459  408  358
  309  262  221  193  184  197  226  262  290  302  299  287  274  266  260  253
  242  226  209  194  185  182  184  187  188  185  178  168  155  139  123  106
   92   80   74   74   83  101  124  148  171  192  214  241  275  316  361  406
  446  480  507  530  550  563  603  629  687                                   
    10.0-180.0 180.0   5.0 450.0                            LAT/LON1/LON2/DLON/H
  652  693  730  751  754  756  755  751  739  715  681  641  595  545  492  438
  384  334  292  267  265  283  313  339  349  340  317  289  266  251  242  235
  226  214  203  195  192  193  196  198  195  188  179  167  153  137  121  104
   90   79   73   73   81   97  118  142  165  188  213  243  280  322  366  410
  450  485  514  537  553  558  587  605  652                                   
     7.5-180.0 180.0   5.0 450.0                            LAT/LON1/LON2/DLON/H
  610  646  685  712  726  741  754  765  766  753  729  699  662  621  575  525
  473  424  385  364  365  382  401  407  393  359  316  276  248  232  225  220
