data/edconvlstm_nd/pred2450.15i
     1.0            IONOSPHERE MAPS     GNSS                IONEX VERSION / TYPE
pyspatialgeodesy        IME             05-JAN-18 20:20     PGM / RUN BY / DATE 
Map Name                                                    COMMENT             
Predicted global ionosphere maps (GIM).                     DESCRIPTION         
  2015     9     2     0     0     0                        EPOCH OF FIRST MAP  
  2015     9     3     0     0     0                        EPOCH OF LAST MAP   
  7200                                                      INTERVAL            
    13                                                      # OF MAPS IN FILE   
  NONE                                                      MAPPING FUNCTION    
10.0                                                        ELEVATION CUTOFF    
One-way carrier phase leveled to code                       OBSERVABLES USED    
  6371.0                                                    BASE RADIUS         
 2                                                          MAP DIMENSION       
   450.0 450.0   0.0                                        HGT1 / HGT2 / DHGT  
    87.5 -87.5  -2.5                                        LAT1 / LAT2 / DLAT  
  -180.0 180.0   5.0                                        LON1 / LON2 / DLON  
    -1                                                      EXPONENT            
                                                            END OF HEADER       
[from data line 3003]
     8                                                      START OF TEC MAP    
  2015     9     2    14     0     0                        EPOCH OF CURRENT MAP
    87.5-180.0 180.0   5.0 450.0                            LAT/LON1/LON2/DLON/H
  125  133  131  137  139  139  138  136  136  138  136  137  136  136  135  135
  135  134  134  134  134  134  133  133  133  133  133  133  132  132  132  131
  131  131  130  130  129  129  129  128  128  128  128  128  128  128  128  128
  128  128  129  129  129  129  129  129  129  129  129  130  130  130  130  130
  131  132  131  129  135  131  142  136  125                                   
    85.0-180.0 180.0   5.0 450.0                            LAT/LON1/LON2/DLON/H
  128  133  144  135  134  139  138  140  139  140  139  139  138  138  137  137
  137  137  137  137  137  137  137  137  137  137  137  137  137  137  137  137
  136  136  135  135  134  134  133  133  132  132  132  132  132  132  132  132
  132  132  133  133  133  133  133  132  132  132  132  132  132  132  132  132
  134  134  131  128  127  126  133  134  128                                   
    82.5-180.0 180.0   5.0 450.0                            LAT/LON1/LON2/DLON/H
  118  128  132  126  125  129  131  131  131  131  130  130  129  128  128  128
  128  128  128  128  129  130  130  131  132  133  134  134  135  135  135  135
  135  134  134  133  132  131  131  130  129  129  128  128  128  128  128  128
  129  129  129  129  128  128  127  127  126  125  125  124  123  123  123  123
  124  124  121  120  119  126  121  117  118                                   
    80.0-180.0 180.0   5.0 450.0                            LAT/LON1/LON2/DLON/H
  108  112  119  116  114  115  117  120  120  120  119  119  118  118  117  117
  117  118  119  120  121  122  124  125  127  128  130  131  131  132  132  132
  131  130  129  128  127  126  125  124  123  122  121  121  121  121  121  121
  122  122  122  121  121  120  119  117  116  115  113  112  111  110  109  109
  110  110  108  109  106  108  110  108  108                                   
    77.5-180.0 180.0   5.0 450.0                            LAT/LON1/LON2/DLON/H
  102  101  106  105  104  106  108  110  110  110  109  109  109  109  108  109
  110  111  112  114  116  119  121  124  126  129  131  133  134  135  135  135
  134  133  131  130  128  126  124  123  121  120  119  118  118  118  118  118
  118  118  118  117  116  115  113  111  109  106  104  102  100   98   97   96
   96   95   94   96   97   94   96   97  102                                   
    75.0-180.0 180.0   5.0 450.0                            LAT/LON1/LON2/DLON/H
   87   90   91   93   94   97   98  100  101  102  101  102  101  102  102  103
  105  106  109  111  114  118  121  124  128  131  133  136  137  138  139  138
  137  136  134  132  130  128  126  124  122  120  119  118  117  117  117  117
  117  117  116  116  114  112  110  107  104  101   98   96   93   91   90   89
   88   87   86   84   86   84   85   79   87                                   
    72.5-180.0 180.0   5.0 450.0                            LAT/LON1/LON2/DLON/H
   74   77   78   82   83   88   90   93   93   95   94   95   96   97   99  100
  103  105  108  111  115  119  123  126  130  134  136  139  141  142  142  142
  141  139  137  135  132  130  127  125  123  121  119  117  116  115  115  114
  114  114  113  111  109  107  104  101   97   94   91   88   86   84   82   81
   80   78   78   75   75   74   75   74   74                                   
    70.0-180.0 180.0   5.0 450.0                            LAT/LON1/LON2/DLON/H
   66   67   68   72   72   76   79   82   84   87   88   90   92   94   96   99
  102  105  108  112  116  120  124  128  132  135  138  140  142  143  143  143
  142  140  138  136  133  131  128  126  124  121  119  117  115  114  112  112
  111  110  109  107  105  102   98   95   91   88   86   83   82   80   79   78
   76   74   74   70   69   68   70   70   66                                   
    67.5-180.0 180.0   5.0 450.0                            LAT/LON1/LON2/DLON/H
   58   59   60   64   65   69   73   77   80   83   86   89   93   96  100  103
  106  110  113  116  120  124  128  132  135  138  140  142  143  144  144  143
  142  141  139  136  134  132  129  127  125  122  120  117  114  112  110  109
  108  107  106  103  101   97   94   90   87   85   83   82   81   80   80   79
   78   75   74   69   67   65   65   64   58                                   
    65.0-180.0 180.0   5.0 450.0                            LAT/LON1/LON2/DLON/H
   53   53   53   57   57   61   65   69   73   78   82   87   92   97  101  106
  109  112  115  118  122  125  129  132  136  138  140  142  142  143  143  142
  141  140  138  136  134  132  130  128  126  124  121  118  115  112  109  107
  106  104  103  100   97   94   90   87   84   82   81   82   82   82   82   82
   80   78   76   72   69   66   66   65   53                                   
    62.5-180.0 180.0   5.0 450.0                            LAT/LON1/LON2/DLON/H
   50   48   47   51   50   54   58   62   67   72   77   84   90   97  103  108
  112  114  117  119  122  125  128  132  135  137  138  140  140  141  141  141
  140  139  137  135  133  131  129  128  126  124  121  118  114  110  107  105
  103  102  101   98   95   91   87   84   82   81   81   82   83   84   84   84
   83   80   79   74   70   66   65   65   50                                   
    60.0-180.0 180.0   5.0 450.0                            LAT/LON1/LON2/DLON/H
   49   45   43   45   43   46   50   54   59   65   71   78   86   94  101  106
  110  113  114  116  118  121  124  128  131  134  135  136  137  138  139  140
  140  138  136  134  132  130  129  128  127  125  122  119  114  110  107  105
  103  102  101   98   95   91   87   83   81   81   82   83   85   85   85   84
   83   80   79   75   71   67   65   65   49                                   
    57.5-180.0 180.0   5.0 450.0                            LAT/LON1/LON2/DLON/H
   51   44   42   43   40   42   45   48   53   58   65   73   81   90   97  103
  107  110  111  112  113  116  120  124  128  131  133  135  137  139  141  142
  142  141  139  137  134  133  132  131  131  129  126  122  118  114  111  108
  107  107  106  104  100   96   91   88   86   85   86   88   89   88   87   85
   82   80   78   75   71   67   66   65   51                                   
    55.0-180.0 180.0   5.0 450.0                            LAT/LON1/LON2/DLON/H
   54   46   43   44   40   41   43   46   49   54   59   68   76   85   93   99
  103  105  105  106  108  112  116  121  126  130  133  135  138  141  144  146
  147  147  145  142  139  138  137  136  136  134  132  128  124  120  117  115
  115  115  114  112  109  104   98   94   92   92   93   94   94   92   89   85
   81   78   77   74   71   67   67   66   54                                   
    52.5-180.0 180.0   5.0 450.0                            LAT/LON1/LON2/DLON/H
   59   51   49   49   44   44   45   47   49   53   57   64   72   80   88   94
   98  100  101  102  104  108  114  120  125  130  134  137  141  145  149  152
  154  154  152  149  147  145  145  144  144  142  139  135  131  127  125  124
  124  125  124  123  119  113  107  103  100  100  101  102  101   98   92   87
   82   77   76   73   72   69   69   68   59                                   
    50.0-180.0 180.0   5.0 450.0                            LAT/LON1/LON2/DLON/H
   66   60   57   58   52   52   52   52   53   56   59   64   71   78   85   91
   95   97   98  100  103  108  114  121  127  132  137  141  145  150  155  159
  161  162  161  159  157  156  155  155  153  151  147  143  139  136  134  134
  134  135  135  133  128  122  116  111  109  109  110  111  110  105   99   91
   85   79   78   75   74   72   72   71   66                                   
    47.5-180.0 180.0   5.0 450.0                            LAT/LON1/LON2/DLON/H
   73   69   68   69   64   63   62   62   61   62   64   68   73   79   85   90
   94   97   99  101  105  110  117  125  132  137  142  146  150  155  160  164
  167  169  169  168  168  168  168  167  165  161  157  152  148  145  143  143
  143  143  143  140  135  129  122  117  115  116  118  120  119  114  107   99
   91   85   82   79   77   76   77   75   73                                   
    45.0-180.0 180.0   5.0 450.0                            LAT/LON1/LON2/DLON/H
   80   79   78   81   77   76   74   73   72   72   72   75   79   83   88   93
   97  100  103  106  110  116  123  131  138  143  148  151  155  158  163  167
  171  174  177  178  180  182  183  182  178  173  167  161  156  153  151  150
  150  149  147  143  138  131  124  120  119  121  124  127  127  123  117  109
  101   94   90   86   83   82   83   80   80                                   
    42.5-180.0 180.0   5.0 450.0                            LAT/LON1/LON2/DLON/H
   86   87   86   90   88   87   85   84   83   82   82   84   87   91   95   99
  102  106  109  113  118  124  130  137  144  150  154  156  158  161  165  169
  174  179  184  190  195  199  200  199  194  186  178  171  165  161  159  157
  155  153  149  144  138  130  124  120  119  122  127  131  133  131  125  119
  111  104  100   94   90   88   88   85   86                                   
    40.0-180.0 180.0   5.0 450.0                            LAT/LON1/LON2/DLON/H
   89   91   91   96   94   94   93   92   91   90   90   93   96   99  103  106
  110  113  117  121  126  131  138  144  150  156  159  161  162  163  166  171
  178  186  194  203  211  218  220  218  212  203  192  183  176  171  168  165
  162  157  152  146  138  130  123  119  119  122  127  133  135  134  131  126
  120  114  109  103   97   93   92   88   89                                   
    37.5-180.0 180.0   5.0 450.0                            LAT/LON1/LON2/DLON/H
   90   93   92   96   95   95   94   94   94   95   96  100  104  108  112  115
  118  121  125  130  134  139  144  150  155  160  164  165  166  167  170  176
  186  197  209  221  232  240  244  241  233  222  210  199  191  186  181  177
  173  167  160  152  143  134  126  121  120  122  127  131  134  134  132  129
  125  121  116  110  102   97   95   91   90                                   
    35.0-180.0 180.0   5.0 450.0                            LAT/LON1/LON2/DLON/H
   90   91   89   92   91   91   91   91   92   94   98  104  110  116  120  124
  126  129  133  137  141  145  149  154  159  164  168  170  171  173  178  187
  200  215  231  245  258  266  270  267  258  246  233  221  212  205  201  197
  192  185  177  168  157  146  136  129  126  126  128  130  132  131  130  129
  126  123  119  113  106  100   98   92   90                                   
    32.5-180.0 180.0   5.0 450.0                            LAT/LON1/LON2/DLON/H
   89   89   86   86   84   84   83   84   86   89   95  104  114  122  128  132
  134  137  140  144  148  151  154  157  162  168  173  177  180  184  193  206
  223  241  259  275  287  295  297  294  285  273  259  248  239  233  228  225
  220  214  206  196  183  169  156  145  138  134  132  131  129  127  126  125
  123  121  119  113  107  101  100   94   89                                   
    30.0-180.0 180.0   5.0 450.0                            LAT/LON1/LON2/DLON/H
   89   88   83   81   78   76   75   75   77   82   90  102  115  126  134  138
  140  143  146  150  154  156  158  160  165  171  178  185  191  200  214  232
  253  274  293  307  318  323  324  320  312  302  290  279  271  266  263  261
  258  254  246  235  220  203  185  170  159  149  142  136  130  125  122  120
  118  116  115  111  106  102  104   96   89                                   
    27.5-180.0 180.0   5.0 450.0                            LAT/LON1/LON2/DLON/H
   91   90   83   79   74   71   70   68   70   75   84   98  114  128  138  143
  146  148  152  156  159  161  162  164  168  175  185  195  207  221  240  263
  288  311  329  341  347  350  349  345  339  331  322  314  308  304  303  303
  303  300  293  281  264  243  221  202  185  170  157  145  135  127  121  117
  114  112  111  107  106  104  108  101   91                                   
    25.0-180.0 180.0   5.0 450.0                            LAT/LON1/LON2/DLON/H
   95   95   87   80   74   70   68   65   66   70   80   95  112  128  139  146
  149  152  156  161  165  167  167  168  172  181  193  208  225  246  270  297
  325  347  363  371  373  372  369  366  362  358  353  348  345  343  344  346
  348  347  341  328  308  284  258  234  213  193  175  159  144  132  123  118
  112  109  108  105  105  107  113  106   95                                   
    22.5-180.0 180.0   5.0 450.0                            LAT/LON1/LON2/DLON/H
  101  102   93   86   79   74   71   67   67   70   78   92  110  127  139  146
  151  155  160  166  170  172  172  174  178  189  204  224  246  272  301  331
  359  380  392  395  393  388  384  382  382  382  381  379  378  378  380  383
  386  386  380  367  345  318  289  263  239  216  195  174  157  142  131  123
  115  110  107  104  106  111  118  112  101                                   
    20.0-180.0 180.0   5.0 450.0                            LAT/LON1/LON2/DLON/H
  106  111  101   93   86   80   77   72   71   72   79   92  108  124  137  145
  151  157  163  169  174  177  178  180  186  199  217  241  268  297  329  360
  387  405  412  411  405  399  395  395  398  401  404  405  406  406  408  411
  414  413  406  391  368  340  310  283  258  235  212  190  171  155  142  132
  122  115  111  107  109  115  122  117  106                                   
    17.5-180.0 180.0   5.0 450.0                            LAT/LON1/LON2/DLON/H
  111  118  109  101   94   87   85   79   77   77   81   92  106  121  134  143
  150  157  164  171  176  180  182  186  195  210  232  259  289  321  353  383
  406  421  425  421  413  406  404  406  411  417  423  425  426  426  426  427
  427  425  416  399  375  347  318  292  269  247  226  205  186  169  156  145
  133  125  118  112  113  119  125  120  111                                   
    15.0-180.0 180.0   5.0 450.0                            LAT/LON1/LON2/DLON/H
  114  122  114  107   99   93   91   85   82   81   83   92  104  118  130  141
  150  158  165  172  177  182  186  193  205  224  249  279  310  342  372  399
  418  429  430  425  417  412  412  416  423  431  436  438  438  436  433  430
  427  421  409  391  367  339  313  290  270  252  233  215  198  183  171  159
  147  137  128  120  119  122  126  121  114                                   
    12.5-180.0 180.0   5.0 450.0                            LAT/LON1/LON2/DLON/H
  115  123  116  109  102   95   93   87   84   82   83   90  101  114  127  139
  149  158  166  172  177  182  189  200  216  239  268  299  330  360  387  409
  425  432  432  427  422  420  423  428  435  442  445  445  442  437  430  423
  415  405  390  370  346  321  298  279  263  249  234  219  205  193  183  172
  160  149  139  130  126  125  126  121  115                                   
    10.0-180.0 180.0   5.0 450.0                            LAT/LON1/LON2/DLON/H
  114  120  114  107  100   94   91   86   82   80   81   87   97  110  124  138
  150  160  168  173  177  183  192  208  229  256  287  319  349  376  399  417
  428  433  433  431  430  431  435  441  447  449  449  445  438  429  419  408
  396  382  364  343  320  297  277  263  251  241  229  217  206  197  189  181
  170  160  150  140  133  128  126  119  114                                   
     7.5-180.0 180.0   5.0 450.0                            LAT/LON1/LON2/DLON/H
  113  116  109  103   97   90   87   81   77   75   76   82   93  107  122  138
  153  164  172  176  179  185  198  217  243  274  307  338  367  391  410  423
