data/edconvlstm_nd/pred2290.15i
     1.0            IONOSPHERE MAPS     GNSS                IONEX VERSION / TYPE
pyspatialgeodesy        IME             05-JAN-18 20:20     PGM / RUN BY / DATE 
Map Name                                                    COMMENT             
Predicted global ionosphere maps (GIM).                     DESCRIPTION         
  2015     8    17     0     0     0                        EPOCH OF FIRST MAP  
  2015     8    18     0     0     0                        EPOCH OF LAST MAP   
  7200                                                      INTERVAL            
    13                                                      # OF MAPS IN FILE   
  NONE                                                      MAPPING FUNCTION    
10.0                                                        ELEVATION CUTOFF    
One-way carrier phase leveled to code                       OBSERVABLES USED    
  6371.0                                                    BASE RADIUS         
 2                                                          MAP DIMENSION       
   450.0 450.0   0.0                                        HGT1 / HGT2 / DHGT  
    87.5 -87.5  -2.5                                        LAT1 / LAT2 / DLAT  
  -180.0 180.0   5.0                                        LON1 / LON2 / DLON  
    -1                                                      EXPONENT            
                                                            END OF HEADER       
[from data line 3003]
     8                                                      START OF TEC MAP    
  2015     8    17    14     0     0                        EPOCH OF CURRENT MAP
    87.5-180.0 180.0   5.0 450.0                            LAT/LON1/LON2/DLON/H
   91   97   96  100  104  103  102   98   99  101  100  101  100  101  101  101
  101  102  102  102  103  103  103  104  104  104  104  104  104  104  104  104
  103  103  103  103  103  102  102  102  102  102  102  102  102  102  102  101
  101  101  101  100  100  100   99   99   99   99   98   98   98   98   98   98
   98   99   97   94   99   95  106  103   91                                   
    85.0-180.0 180.0   5.0 450.0                            LAT/LON1/LON2/DLON/H
   94   97  109   96   96  100   99  100  100  102  101  101  101  102  102  102
  103  104  104  105  106  106  107  107  108  108  109  109  109  109  109  109
  108  108  108  108  108  108  108  107  107  107  107  107  107  107  106  106
  106  105  104  104  103  103  102  102  101  101  101  100  100  100  100  100
  101  101   96   92   92   92   98   99   94                                   
    82.5-180.0 180.0   5.0 450.0                            LAT/LON1/LON2/DLON/H
   84   91   96   90   90   93   94   95   95   95   95   96   96   96   97   97
   98   99  101  102  103  105  106  107  108  109  110  110  110  110  110  110
  109  109  109  108  108  108  108  108  108  109  109  109  108  108  108  107
  107  106  105  104  103  102  101  101  100   99   98   97   97   96   96   96
   96   96   92   89   89   96   90   87   84                                   
    80.0-180.0 180.0   5.0 450.0                            LAT/LON1/LON2/DLON/H
   79   81   87   85   83   82   84   86   86   87   87   88   88   88   89   90
   91   93   94   96   98  100  102  104  106  107  108  108  108  108  108  107
  106  105  105  104  104  104  104  104  105  105  105  105  105  105  105  104
  103  102  101  100   99   97   96   95   94   93   92   91   90   89   89   89
   89   88   87   85   82   86   87   86   79                                   
    77.5-180.0 180.0   5.0 450.0                            LAT/LON1/LON2/DLON/H
   84   82   83   82   81   82   82   84   85   85   84   85   85   85   86   87
   89   91   93   96   98  101  104  106  108  110  111  112  112  111  111  109
  108  107  106  105  104  104  104  104  105  106  106  107  107  107  107  107
  106  105  103  102  100   99   97   95   93   92   91   89   88   87   87   86
   86   85   84   84   82   81   83   84   84                                   
    75.0-180.0 180.0   5.0 450.0                            LAT/LON1/LON2/DLON/H
   76   77   75   76   76   78   79   80   81   82   81   82   82   83   83   85
   87   89   91   94   97  100  103  106  108  110  111  112  112  112  111  110
  108  107  105  104  103  103  103  104  105  106  107  107  108  108  107  107
  106  104  103  101   99   97   95   93   91   90   88   87   86   85   84   84
   83   83   82   79   79   78   80   73   76                                   
    72.5-180.0 180.0   5.0 450.0                            LAT/LON1/LON2/DLON/H
   71   72   70   73   72   76   78   79   79   80   80   81   81   82   83   84
   86   89   91   94   97  100  102  105  107  109  111  112  112  112  111  110
  108  106  105  104  103  103  103  104  105  106  107  107  108  107  107  106
  105  103  102  100   98   96   94   91   89   87   86   84   83   82   81   81
   80   79   79   76   75   76   77   74   71                                   
    70.0-180.0 180.0   5.0 450.0                            LAT/LON1/LON2/DLON/H
   65   66   65   67   67   70   71   74   76   77   78   79   80   81   82   83
   85   88   90   92   95   97   99  101  103  105  106  107  108  108  108  107
  106  105  104  103  103  103  103  104  105  107  107  107  107  106  105  103
  102  100   98   96   94   92   90   88   86   84   82   81   80   79   78   77
   77   75   75   72   72   72   76   73   65                                   
    67.5-180.0 180.0   5.0 450.0                            LAT/LON1/LON2/DLON/H
   58   60   60   62   63   66   69   72   74   77   78   80   81   83   84   86
   88   90   91   93   94   95   96   98   99  100  101  102  104  104  105  105
  105  104  104  103  103  103  104  105  106  107  107  107  105  104  102  100
   98   96   95   93   91   89   87   85   83   81   80   78   77   76   75   74
   74   72   71   67   66   68   70   67   58                                   
    65.0-180.0 180.0   5.0 450.0                            LAT/LON1/LON2/DLON/H
   53   56   54   57   57   60   63   67   70   74   76   79   81   83   85   87
   89   91   92   92   92   92   92   92   92   93   94   96   98  100  101  103
  104  105  105  105  105  106  107  108  109  109  109  107  105  102   99   97
   95   93   91   90   88   86   84   82   81   79   78   76   75   73   72   71
   70   68   67   64   64   66   69   66   53                                   
    62.5-180.0 180.0   5.0 450.0                            LAT/LON1/LON2/DLON/H
   49   51   49   52   52   55   58   62   66   70   73   77   80   83   86   88
   90   91   92   91   90   88   87   86   86   86   87   89   92   95   98  101
  103  105  106  107  107  108  109  110  111  111  110  108  104  100   97   94
   92   90   89   88   86   85   83   81   79   78   76   75   73   70   68   66
   64   62   61   59   59   61   64   63   49                                   
    60.0-180.0 180.0   5.0 450.0                            LAT/LON1/LON2/DLON/H
   47   49   46   48   48   49   52   56   60   64   68   73   77   81   84   87
   89   89   89   87   85   83   81   79   79   79   80   83   86   90   95   99
  103  106  108  109  110  111  112  113  113  113  111  108  103   99   95   92
   90   89   89   88   87   85   83   81   79   77   75   73   71   67   64   61
   58   55   54   52   54   56   61   60   47                                   
    57.5-180.0 180.0   5.0 450.0                            LAT/LON1/LON2/DLON/H
   48   48   45   47   46   47   48   51   55   59   63   68   73   77   81   84
   86   87   86   84   81   79   76   75   74   75   77   79   83   88   94  100
  106  110  113  114  115  116  117  117  118  117  114  111  106  101   97   94
   93   93   94   93   92   90   88   85   83   81   78   75   72   67   62   57
   53   50   49   47   50   53   58   58   48                                   
    55.0-180.0 180.0   5.0 450.0                            LAT/LON1/LON2/DLON/H
   50   50   46   47   45   45   46   48   51   54   58   63   68   73   77   80
   82   83   82   80   77   75   73   72   72   73   75   78   83   89   96  103
  110  115  119  121  122  122  122  123  123  121  119  115  109  105  101   99
   99  100  101  101  100   98   95   91   88   86   83   79   75   69   62   56
   51   47   46   44   47   50   57   56   50                                   
    52.5-180.0 180.0   5.0 450.0                            LAT/LON1/LON2/DLON/H
   53   52   49   49   47   46   46   47   48   51   54   59   63   68   73   76
   78   79   78   76   74   73   72   72   73   75   77   80   85   92   99  108
  116  122  126  129  129  129  129  129  129  127  124  120  115  111  108  107
  108  109  111  111  109  106  102   98   95   92   89   85   80   73   66   59
   52   47   46   43   47   50   56   56   53                                   
    50.0-180.0 180.0   5.0 450.0                            LAT/LON1/LON2/DLON/H
   56   55   52   53   49   49   48   48   48   50   52   56   61   65   69   72
   74   75   74   73   73   73   74   75   77   79   82   85   90   96  105  114
  123  130  135  138  139  139  138  137  136  134  130  126  122  118  116  116
  117  119  120  119  117  113  109  105  102   99   96   93   87   80   72   65
   58   52   50   46   49   52   58   57   56                                   
    47.5-180.0 180.0   5.0 450.0                            LAT/LON1/LON2/DLON/H
   58   58   55   56   52   52   51   50   50   51   53   57   60   64   67   70
   72   73   73   73   74   75   78   81   84   86   89   91   96  102  111  121
  131  139  145  148  149  149  148  147  144  141  138  133  129  127  125  125
  126  127  127  126  122  118  113  109  106  104  103  100   95   89   82   74
   67   61   57   53   54   56   62   60   58                                   
    45.0-180.0 180.0   5.0 450.0                            LAT/LON1/LON2/DLON/H
   60   60   57   58   55   55   54   53   53   54   56   59   62   65   68   70
   71   73   73   75   77   80   84   88   92   94   97   99  103  109  118  128
  139  148  155  159  161  161  160  158  155  151  146  142  138  135  134  134
  134  133  131  128  124  119  114  111  109  108  107  106  103   98   92   86
   79   73   68   63   62   62   67   65   60                                   
    42.5-180.0 180.0   5.0 450.0                            LAT/LON1/LON2/DLON/H
   62   62   58   60   57   57   57   57   57   58   60   64   66   69   70   72
   73   75   76   78   82   86   91   96  100  103  105  107  111  117  125  136
  147  157  165  171  175  176  175  172  167  162  157  152  148  145  144  142
  140  137  133  128  122  117  113  110  109  109  110  110  109  106  102   98
   92   86   81   75   72   70   73   70   62                                   
    40.0-180.0 180.0   5.0 450.0                            LAT/LON1/LON2/DLON/H
   64   63   59   61   58   58   58   59   60   63   65   69   72   74   75   76
   77   79   81   84   88   93   98  104  108  111  113  115  119  124  133  143
  155  166  176  184  190  192  192  188  183  176  170  164  160  156  153  150
  146  140  133  126  119  114  111  109  108  109  111  112  113  112  111  108
  104   98   93   87   82   79   81   77   64                                   
    37.5-180.0 180.0   5.0 450.0                            LAT/LON1/LON2/DLON/H
   68   66   59   61   58   58   59   60   62   66   70   74   77   79   81   82
   83   84   87   89   93   99  104  110  115  118  121  123  127  133  141  151
  164  177  189  199  206  211  211  208  201  193  185  179  174  170  165  160
  153  144  135  126  119  114  111  109  109  110  111  113  115  116  116  115
  113  108  104   97   91   88   89   85   68                                   
    35.0-180.0 180.0   5.0 450.0                            LAT/LON1/LON2/DLON/H
   75   70   62   63   58   58   58   61   64   68   73   79   83   86   87   88
   90   91   93   96   99  104  109  114  119  124  127  131  135  141  150  161
  174  188  203  215  225  232  233  229  222  213  204  197  191  186  180  172
  163  153  142  133  125  119  116  113  112  112  112  114  116  118  119  120
  118  115  112  106  100   96   97   92   75                                   
    32.5-180.0 180.0   5.0 450.0                            LAT/LON1/LON2/DLON/H
   84   76   67   66   61   58   58   60   64   70   76   83   88   92   94   96
   97   99  101  103  105  109  113  118  123  128  134  139  144  151  160  172
  186  203  219  234  247  254  256  253  245  235  226  218  211  205  198  190
  180  169  157  147  138  132  127  123  119  117  115  115  116  118  120  121
  120  118  116  111  107  103  105   99   84                                   
    30.0-180.0 180.0   5.0 450.0                            LAT/LON1/LON2/DLON/H
   94   85   74   72   65   61   60   61   65   70   78   86   93   98  102  104
  106  108  109  110  112  114  117  121  126  133  140  147  153  161  171  184
  201  220  239  256  269  278  281  277  269  259  250  242  235  228  221  213
  203  192  181  170  160  151  144  137  131  125  121  118  117  118  119  121
  120  119  118  114  111  109  112  105   94                                   
    27.5-180.0 180.0   5.0 450.0                            LAT/LON1/LON2/DLON/H
  105   94   84   80   72   67   64   63   66   72   79   88   97  104  110  114
  116  118  118  119  119  120  122  125  130  138  146  155  164  173  185  200
  219  239  260  278  293  302  304  301  294  284  275  268  261  255  248  240
  232  222  212  200  188  177  166  156  146  137  129  123  119  118  119  119
  118  117  117  115  113  113  117  110  105                                   
    25.0-180.0 180.0   5.0 450.0                            LAT/LON1/LON2/DLON/H
  113  103   94   90   81   74   70   68   70   74   82   91  101  111  118  124
  127  128  129  129  128  128  128  131  136  143  153  164  176  187  201  218
  239  261  283  301  315  324  327  324  318  309  301  295  289  284  278  272
  265  257  247  234  220  205  190  176  163  150  138  129  123  119  118  117
  116  115  115  113  114  115  120  114  113                                   
    22.5-180.0 180.0   5.0 450.0                            LAT/LON1/LON2/DLON/H
  118  110  103   99   90   82   77   74   74   78   85   95  106  117  127  134
  138  139  140  139  138  137  137  138  143  151  162  175  189  203  219  238
  260  284  305  324  337  345  348  346  340  333  327  322  318  313  309  304
  299  292  282  267  249  230  211  194  178  162  148  136  127  121  118  116
  114  112  112  111  112  115  120  115  118                                   
    20.0-180.0 180.0   5.0 450.0                            LAT/LON1/LON2/DLON/H
  118  113  109  106   98   90   84   80   80   82   88   98  111  124  135  143
  148  150  151  151  149  148  147  147  151  160  172  188  204  221  239  260
  283  306  327  344  356  364  367  366  362  357  352  349  346  343  340  336
  332  325  313  295  273  249  226  207  189  172  156  142  131  123  119  116
  112  111  110  109  110  114  118  114  118                                   
    17.5-180.0 180.0   5.0 450.0                            LAT/LON1/LON2/DLON/H
  114  113  111  110  104   96   90   86   84   86   91  101  114  129  142  152
  158  161  162  162  161  159  158  158  162  171  185  202  221  240  260  282
  306  328  347  362  373  380  383  384  382  379  376  375  373  371  369  366
  361  352  337  315  288  261  236  215  197  181  164  149  136  127  121  117
  112  110  109  107  108  111  115  111  114                                   
    15.0-180.0 180.0   5.0 450.0                            LAT/LON1/LON2/DLON/H
  107  110  110  110  106   99   94   89   88   88   92  102  116  132  146  158
  165  169  171  172  172  171  170  171  175  184  199  219  240  261  283  305
  327  348  365  377  386  393  397  400  401  400  399  399  398  397  395  391
  384  371  352  327  296  266  240  219  203  187  171  156  142  131  124  119
  114  111  109  107  107  109  111  107  107                                   
    12.5-180.0 180.0   5.0 450.0                            LAT/LON1/LON2/DLON/H
  100  105  106  107  104   98   95   90   88   88   92  100  114  131  148  161
  169  175  178  180  181  182  182  184  189  199  216  237  260  283  305  327
  347  365  378  388  396  403  409  414  417  418  419  420  421  420  416  410
  400  383  360  330  298  266  240  221  206  193  177  162  147  136  128  122
  116  113  110  107  106  107  107  103  100                                   
    10.0-180.0 180.0   5.0 450.0                            LAT/LON1/LON2/DLON/H
   93  100  101  101  100   94   92   88   86   86   88   96  110  128  145  160
  171  178  183  187  190  192  194  198  205  217  235  257  281  305  327  346
  364  378  388  395  402  409  416  423  429  432  435  437  437  436  431  422
  408  387  360  328  295  264  239  221  208  196  182  166  152  140  132  125
  119  116  112  109  107  107  105  101   93                                   
     7.5-180.0 180.0   5.0 450.0                            LAT/LON1/LON2/DLON/H
   90   97   96   96   95   90   89   85   83   82   83   90  103  121  140  156
  169  178  186  192  197  202  207  213  222  236  255  277  301  324  345  362
