data/edconvlstm_nd/pred1060.15i
     1.0            IONOSPHERE MAPS     GNSS                IONEX VERSION / TYPE
pyspatialgeodesy        IME             05-JAN-18 20:20     PGM / RUN BY / DATE 
Map Name                                                    COMMENT             
Predicted global ionosphere maps (GIM).                     DESCRIPTION         
  2015     4    16     0     0     0                        EPOCH OF FIRST MAP  
  2015     4    17     0     0     0                        EPOCH OF LAST MAP   
  7200                                                      INTERVAL            
    13                                                      # OF MAPS IN FILE   
  NONE                                                      MAPPING FUNCTION    
10.0                                                        ELEVATION CUTOFF    
One-way carrier phase leveled to code                       OBSERVABLES USED    
  6371.0                                                    BASE RADIUS         
 2                                                          MAP DIMENSION       
   450.0 450.0   0.0                                        HGT1 / HGT2 / DHGT  
    87.5 -87.5  -2.5                                        LAT1 / LAT2 / DLAT  
  -180.0 180.0   5.0                                        LON1 / LON2 / DLON  
    -1                                                      EXPONENT            
                                                            END OF HEADER       
[from data line 4290]
    11                                                      START OF TEC MAP    
  2015     4    16    20     0     0                        EPOCH OF CURRENT MAP
    87.5-180.0 180.0   5.0 450.0                            LAT/LON1/LON2/DLON/H
  209  204  191  199  201  203  203  203  204  206  207  209  210  212  212  213
  213  213  212  211  210  208  206  204  202  199  197  194  191  189  186  184
  182  180  178  176  175  173  172  172  171  171  171  171  171  172  173  174
  175  176  177  179  180  182  183  185  186  187  189  190  191  192  193  193
  193  194  193  195  205  203  202  202  209                                   
    85.0-180.0 180.0   5.0 450.0                            LAT/LON1/LON2/DLON/H
  205  207  212  207  206  212  213  216  218  221  223  226  228  230  232  233
  233  233  232  231  229  226  223  220  217  213  210  206  202  198  195  191
  188  185  183  180  178  177  176  175  175  175  175  176  177  178  179  181
  183  185  187  189  191  193  195  197  199  201  202  204  205  206  207  207
  209  208  208  207  212  200  201  205  205                                   
    82.5-180.0 180.0   5.0 450.0                            LAT/LON1/LON2/DLON/H
  185  196  198  197  201  209  214  219  222  228  233  239  244  248  252  254
  255  255  253  251  247  243  239  234  228  223  217  211  205  199  194  188
  183  179  174  171  168  166  164  163  162  162  163  164  165  167  169  171
  174  177  180  183  186  189  193  196  199  201  204  206  207  209  210  210
  210  208  207  210  209  211  201  191  185                                   
    80.0-180.0 180.0   5.0 450.0                            LAT/LON1/LON2/DLON/H
  168  175  180  179  181  187  193  203  211  220  228  238  245  252  257  260
  261  260  258  254  249  244  238  231  225  218  211  205  198  191  184  177
  171  165  160  156  152  150  148  146  146  146  147  148  150  152  154  157
  161  164  168  172  176  180  184  187  191  194  196  199  200  201  202  202
  202  200  198  198  193  183  177  177  168                                   
    77.5-180.0 180.0   5.0 450.0                            LAT/LON1/LON2/DLON/H
  160  155  161  160  165  173  180  192  204  217  229  242  253  263  269  273
  274  272  268  262  256  248  241  234  227  220  213  207  200  192  185  178
  171  165  159  154  150  147  145  143  142  142  142  143  145  147  149  152
  155  159  162  166  170  174  178  181  184  187  190  192  193  194  194  193
  191  189  187  185  184  170  166  171  160                                   
    75.0-180.0 180.0   5.0 450.0                            LAT/LON1/LON2/DLON/H
  148  142  143  143  147  156  164  177  192  209  225  241  255  266  273  277
  276  272  266  257  249  240  232  225  219  213  208  202  197  190  184  177
  170  164  158  153  148  145  142  141  139  139  139  139  141  142  144  146
  149  152  155  158  161  164  167  169  172  174  176  177  178  178  178  177
  175  173  171  168  166  154  153  151  148                                   
    72.5-180.0 180.0   5.0 450.0                            LAT/LON1/LON2/DLON/H
  143  136  138  140  142  150  160  174  191  210  229  248  264  277  284  287
  284  277  266  254  243  232  223  216  211  207  203  200  196  191  185  179
  172  165  159  153  149  145  142  140  139  138  137  138  138  139  141  143
  145  147  149  151  153  155  157  158  160  161  162  162  163  162  162  161
  159  158  157  154  154  145  148  152  143                                   
    70.0-180.0 180.0   5.0 450.0                            LAT/LON1/LON2/DLON/H
  145  139  139  141  141  148  157  171  189  210  230  251  269  282  289  290
  284  274  259  243  228  215  206  199  196  194  193  192  190  186  182  175
  169  162  155  149  144  140  137  135  134  132  132  131  132  133  134  136
  137  139  140  142  142  143  143  144  144  144  145  145  145  144  144  144
  142  142  143  142  145  141  148  151  145                                   
    67.5-180.0 180.0   5.0 450.0                            LAT/LON1/LON2/DLON/H
  151  149  150  153  153  158  165  179  195  217  238  261  280  294  301  300
  292  278  259  239  221  205  195  188  186  186  187  187  186  184  179  173
  166  158  151  144  139  135  131  129  127  125  124  124  124  125  127  128
  130  132  133  133  133  133  133  132  132  132  132  132  132  132  132  132
  131  132  133  133  139  139  148  153  151                                   
    65.0-180.0 180.0   5.0 450.0                            LAT/LON1/LON2/DLON/H
  154  156  158  161  161  164  170  181  197  218  240  263  284  299  307  306
  297  280  259  236  214  197  185  178  176  177  178  180  180  178  173  167
  159  150  142  134  128  123  119  116  114  112  111  110  110  111  112  114
  116  118  119  119  118  118  117  116  116  116  116  116  117  116  117  117
  117  119  122  123  132  137  149  154  154                                   
    62.5-180.0 180.0   5.0 450.0                            LAT/LON1/LON2/DLON/H
  155  161  164  169  169  172  176  185  199  218  240  264  286  303  313  314
  306  290  268  244  220  201  187  178  175  174  176  177  177  175  170  164
  155  145  135  127  119  113  109  105  102  100   98   96   95   96   97   99
  101  102  103  103  103  102  101  101  101  101  102  103  104  104  105  105
  106  108  112  114  125  132  144  150  155                                   
    60.0-180.0 180.0   5.0 450.0                            LAT/LON1/LON2/DLON/H
  151  161  166  172  173  175  178  186  198  216  237  261  284  304  317  322
  318  304  284  260  236  215  199  188  182  180  179  180  180  178  174  167
  158  147  136  125  116  109  103   99   96   92   89   86   84   83   83   84
   86   87   88   88   88   88   87   87   88   89   91   93   94   95   96   97
   98  101  105  108  118  127  139  145  151                                   
    57.5-180.0 180.0   5.0 450.0                            LAT/LON1/LON2/DLON/H
  147  159  167  173  177  179  182  187  197  213  232  256  280  303  320  331
  332  323  307  285  262  240  221  207  198  193  191  191  191  190  187  180
  170  158  145  133  122  113  107  102   97   93   89   84   80   77   76   75
   75   76   77   77   77   77   77   79   80   82   84   87   88   89   91   92
   94   98  103  105  115  124  135  141  147                                   
    55.0-180.0 180.0   5.0 450.0                            LAT/LON1/LON2/DLON/H
  146  160  170  177  183  187  189  194  202  215  232  254  279  303  325  341
  348  345  333  315  293  271  250  234  222  215  211  211  211  211  209  203
  193  180  165  150  137  127  119  113  108  103   97   91   85   79   76   73
   72   71   71   71   71   72   74   76   78   81   83   86   87   88   90   93
   95  101  107  110  118  127  137  143  146                                   
    52.5-180.0 180.0   5.0 450.0                            LAT/LON1/LON2/DLON/H
  152  167  180  187  196  202  205  209  215  225  240  259  282  308  332  352
  364  367  360  345  325  302  281  263  250  241  237  236  237  238  237  231
  221  206  190  173  159  147  138  131  125  119  112  105   97   89   83   78
   75   73   72   72   72   74   77   80   83   86   88   89   90   91   93   97
  101  109  117  122  130  139  148  154  152                                   
    50.0-180.0 180.0   5.0 450.0                            LAT/LON1/LON2/DLON/H
  168  184  199  206  217  227  231  235  240  248  259  274  294  318  343  366
  382  388  385  373  354  333  312  294  279  270  266  265  267  268  266  259
  248  232  215  197  181  167  157  150  143  137  130  122  113  105   97   90
   85   82   80   79   80   83   86   90   94   97   98   98   97   97  100  104
  110  121  132  141  150  160  169  176  168                                   
    47.5-180.0 180.0   5.0 450.0                            LAT/LON1/LON2/DLON/H
  194  211  226  235  247  259  265  270  276  282  289  300  316  336  359  382
  399  408  407  397  380  361  341  323  309  300  296  295  296  295  291  282
  268  251  233  215  198  183  172  164  157  151  145  138  130  121  113  106
  100   95   93   92   93   96  101  106  110  112  111  109  107  106  108  113
  122  136  151  164  176  188  200  209  194                                   
    45.0-180.0 180.0   5.0 450.0                            LAT/LON1/LON2/DLON/H
  228  246  261  271  284  296  304  311  318  324  328  335  345  361  380  400
  416  425  425  416  402  385  367  351  338  330  325  323  320  315  307  294
  278  261  242  225  208  193  181  172  165  159  155  149  143  136  128  121
  115  110  107  106  108  112  118  123  127  128  126  122  117  115  116  122
  133  151  170  188  203  219  234  247  228                                   
    42.5-180.0 180.0   5.0 450.0                            LAT/LON1/LON2/DLON/H
  264  284  299  309  322  334  343  352  361  368  371  375  381  391  405  421
  434  441  440  433  421  406  391  377  365  357  351  345  338  328  314  297
  280  263  246  230  214  199  186  175  167  162  158  155  151  146  139  133
  128  124  121  120  122  127  133  138  142  142  138  132  126  122  123  129
  141  162  185  207  226  247  265  282  264                                   
    40.0-180.0 180.0   5.0 450.0                            LAT/LON1/LON2/DLON/H
  296  318  334  343  357  367  377  388  399  408  412  415  418  424  433  444
  452  456  454  447  437  425  413  400  389  380  372  363  351  336  317  298
  280  265  252  239  225  209  194  180  170  164  160  158  156  152  147  142
  138  135  133  132  134  139  145  150  152  150  145  138  131  126  126  132
  144  167  192  218  238  264  287  306  296                                   
    37.5-180.0 180.0   5.0 450.0                            LAT/LON1/LON2/DLON/H
  319  344  361  369  382  390  403  414  428  440  446  450  452  456  461  467
  472  473  469  463  454  444  433  421  410  399  389  377  362  344  324  305
  290  278  270  260  247  230  212  194  180  171  166  163  161  158  154  150
  147  145  143  143  145  149  154  157  158  155  148  139  131  126  125  130
  142  166  192  220  242  270  298  318  319                                   
    35.0-180.0 180.0   5.0 450.0                            LAT/LON1/LON2/DLON/H
  336  361  379  384  397  404  418  430  447  462  471  478  482  485  489  492
  493  492  488  481  473  463  452  439  427  416  405  393  378  360  342  327
  318  312  308  302  289  269  246  223  203  188  179  174  171  167  163  159
  157  156  155  156  157  160  163  164  162  157  148  139  130  124  122  127
  138  161  188  216  239  269  300  320  336                                   
    32.5-180.0 180.0   5.0 450.0                            LAT/LON1/LON2/DLON/H
  349  374  392  396  408  414  428  441  460  477  490  500  506  511  515  517
  516  514  509  503  494  484  470  456  442  431  422  413  402  391  380  373
  371  372  373  367  352  328  298  267  240  218  204  194  187  182  176  172
  171  171  172  172  173  174  175  173  168  160  150  140  130  124  122  125
  136  158  184  212  236  266  300  319  349                                   
    30.0-180.0 180.0   5.0 450.0                            LAT/LON1/LON2/DLON/H
  363  388  406  411  424  430  445  457  476  493  507  520  529  536  540  541
  540  537  532  525  516  503  488  472  458  448  444  441  440  439  440  444
  450  457  458  449  428  398  361  323  287  258  236  222  211  203  197  193
  192  193  195  196  196  195  192  187  178  168  156  144  135  128  126  129
  139  160  185  213  237  267  302  320  363                                   
    27.5-180.0 180.0   5.0 450.0                            LAT/LON1/LON2/DLON/H
  381  405  424  434  451  460  476  487  503  518  532  544  554  561  565  566
  564  560  555  547  536  521  504  487  475  470  472  481  492  505  519  533
  545  551  547  529  500  463  421  377  335  299  271  252  240  231  225  221
  221  223  225  226  224  220  214  204  192  178  164  152  143  136  134  138
  148  170  194  222  246  276  311  329  381                                   
    25.0-180.0 180.0   5.0 450.0                            LAT/LON1/LON2/DLON/H
  401  426  447  464  489  503  522  533  548  559  570  580  588  593  594  593
  589  584  577  567  553  536  518  503  495  496  509  529  554  580  604  623
  633  631  614  585  547  504  459  413  369  329  299  279  267  261  257  255
  256  258  260  260  255  248  238  225  208  191  176  163  154  147  146  151
  162  185  210  238  263  293  327  347  401                                   
    22.5-180.0 180.0   5.0 450.0                            LAT/LON1/LON2/DLON/H
  421  449  471  497  532  553  577  591  605  614  621  628  632  632  629  624
  617  609  598  585  568  549  532  521  519  529  551  582  617  650  676  691
  690  672  640  598  552  507  463  419  377  340  312  295  289  287  288  290
  293  296  296  293  285  274  260  243  224  206  189  176  167  161  160  165
  178  202  229  258  283  314  348  371  421                                   
    20.0-180.0 180.0   5.0 450.0                            LAT/LON1/LON2/DLON/H
  436  470  495  527  571  599  629  648  665  674  681  685  686  681  672  662
  650  637  622  603  582  563  548  543  549  567  596  632  669  699  718  720
  702  667  619  565  514  468  428  391  356  326  306  298  301  309  317  324
  329  331  329  322  310  294  276  256  235  215  199  188  179  174  173  178
  191  217  246  276  301  335  369  396  436                                   
    17.5-180.0 180.0   5.0 450.0                            LAT/LON1/LON2/DLON/H
  443  484  512  550  601  635  670  693  715  729  739  744  742  734  721  705
  689  671  650  626  600  580  570  571  584  607  637  670  700  720  724  708
  671  618  556  494  440  397  365  339  315  297  288  292  306  325  343  355
  361  361  356  344  326  306  283  260  238  219  204  194  187  182  182  186
  199  226  256  288  315  350  386  416  443                                   
    15.0-180.0 180.0   5.0 450.0                            LAT/LON1/LON2/DLON/H
  443  488  522  562  617  655  693  720  746  767  782  792  792  784  768  750
  731  710  685  655  626  606  599  605  622  645  670  693  710  713  700  665
  611  543  471  405  353  317  295  281  270  264  268  284  310  339  364  379
  385  382  371  354  332  307  281  257  234  215  202  194  189  186  186  190
  202  229  259  291  320  357  394  425  443                                   
    12.5-180.0 180.0   5.0 450.0                            LAT/LON1/LON2/DLON/H
  437  483  521  563  618  658  695  725  755  782  805  822  827  822  808  791
  773  752  724  691  660  640  635  644  660  678  693  703  704  692  662  612
  545  468  393  329  283  255  242  238  239  245  259  285  319  354  381  396
  398  390  374  352  326  298  271  246  224  207  196  190  187  186  187  190
  200  225  255  286  316  354  392  423  437                                   
    10.0-180.0 180.0   5.0 450.0                            LAT/LON1/LON2/DLON/H
  428  475  515  556  609  645  680  708  742  775  806  830  842  843  834  822
  808  790  764  732  701  681  676  683  696  706  710  706  694  669  627  568
  495  418  347  290  250  229  222  226  235  250  272  301  336  370  393  403
  400  385  363  337  309  281  255  231  211  196  187  183  183  184  185  187
  196  218  244  273  305  344  382  411  428                                   
     7.5-180.0 180.0   5.0 450.0                            LAT/LON1/LON2/DLON/H
  421  468  512  551  597  627  654  678  713  750  787  819  838  846  845  840
  833  821  800  771  742  723  716  720  727  728  723  710  688  656  609  549
