data/edconvlstm_nd/pred3400.15i
     1.0            IONOSPHERE MAPS     GNSS                IONEX VERSION / TYPE
pyspatialgeodesy        IME             05-JAN-18 20:20     PGM / RUN BY / DATE 
Map Name                                                    COMMENT             
Predicted global ionosphere maps (GIM).                     DESCRIPTION         
  2015    12     6     0     0     0                        EPOCH OF FIRST MAP  
  2015    12     7     0     0     0                        EPOCH OF LAST MAP   
  7200                                                      INTERVAL            
    13                                                      # OF MAPS IN FILE   
  NONE                                                      MAPPING FUNCTION    
10.0                                                        ELEVATION CUTOFF    
One-way carrier phase leveled to code                       OBSERVABLES USED    
  6371.0                                                    BASE RADIUS         
 2                                                          MAP DIMENSION       
   450.0 450.0   0.0                                        HGT1 / HGT2 / DHGT  
    87.5 -87.5  -2.5                                        LAT1 / LAT2 / DLAT  
  -180.0 180.0   5.0                                        LON1 / LON2 / DLON  
    -1                                                      EXPONENT            
                                                            END OF HEADER       
[from data line 4290]
    11                                                      START OF TEC MAP    
  2015    12     6    20     0     0                        EPOCH OF CURRENT MAP
    87.5-180.0 180.0   5.0 450.0                            LAT/LON1/LON2/DLON/H
   76   76   73   75   80   77   77   74   75   78   78   79   79   80   80   80
   80   79   78   77   76   75   73   72   71   69   68   67   66   66   65   64
   64   63   63   62   62   62   62   61   61   61   61   61   61   61   60   60
   60   60   60   60   60   60   59   59   59   59   59   59   59   59   59   59
   60   60   56   54   60   63   82   88   76                                   
    85.0-180.0 180.0   5.0 450.0                            LAT/LON1/LON2/DLON/H
   83   81   91   73   74   78   78   80   81   84   84   85   86   86   87   86
   86   85   84   83   81   80   78   76   75   73   72   71   70   69   68   67
   67   66   66   66   65   65   65   64   64   64   64   63   63   63   62   62
   61   61   61   60   60   60   60   59   59   59   59   59   59   59   59   59
   60   60   57   54   60   64   72   67   83                                   
    82.5-180.0 180.0   5.0 450.0                            LAT/LON1/LON2/DLON/H
   65   67   71   64   69   73   76   78   80   83   84   87   87   88   88   88
   87   86   84   82   79   76   74   71   69   67   65   64   62   61   61   60
   59   59   59   59   59   58   58   58   58   57   57   56   56   55   55   54
   54   53   53   52   52   52   51   51   50   50   50   50   49   49   49   49
   50   49   47   47   55   67   64   64   65                                   
    80.0-180.0 180.0   5.0 450.0                            LAT/LON1/LON2/DLON/H
   46   51   61   57   62   63   71   74   78   82   85   88   89   90   90   89
   88   85   82   79   75   71   67   64   61   58   56   55   54   53   52   52
   53   53   53   54   54   54   54   54   54   54   54   53   52   52   51   51
   50   50   49   49   48   47   47   46   46   45   44   44   43   43   42   42
   42   43   42   44   45   53   49   58   46                                   
    77.5-180.0 180.0   5.0 450.0                            LAT/LON1/LON2/DLON/H
   53   50   53   51   59   61   69   73   78   82   86   90   93   94   94   93
   91   87   83   78   73   68   63   58   54   51   48   46   45   45   45   45
   46   47   49   50   50   51   51   51   51   50   50   49   49   48   48   48
   47   47   47   47   46   46   45   45   44   43   42   41   40   39   38   37
   37   37   37   38   40   43   44   54   53                                   
    75.0-180.0 180.0   5.0 450.0                            LAT/LON1/LON2/DLON/H
   43   43   46   45   53   56   62   67   74   80   85   90   93   95   94   93
   89   85   80   74   68   62   56   51   47   44   41   39   39   39   40   41
   43   45   47   49   50   51   52   52   52   52   51   51   51   50   50   50
   50   50   51   51   50   50   50   49   48   47   46   45   44   42   41   40
   40   41   41   40   40   39   36   38   43                                   
    72.5-180.0 180.0   5.0 450.0                            LAT/LON1/LON2/DLON/H
   50   46   47   48   50   52   59   63   68   73   78   84   88   90   89   87
   83   78   72   66   59   53   47   42   37   34   31   30   29   30   31   33
   35   38   40   42   44   45   45   46   45   45   44   44   44   44   44   44
   45   46   46   46   47   47   46   46   45   44   43   42   41   39   38   37
   36   36   35   33   33   35   35   41   50                                   
    70.0-180.0 180.0   5.0 450.0                            LAT/LON1/LON2/DLON/H
   49   47   49   49   51   52   57   61   68   74   80   86   90   92   92   90
   85   80   74   68   62   56   50   45   40   37   34   32   31   32   33   35
   37   40   42   44   45   46   46   46   46   46   45   45   45   46   46   47
   48   49   50   50   51   51   51   51   51   50   49   48   47   46   45   44
   42   42   41   40   40   41   44   49   49                                   
    67.5-180.0 180.0   5.0 450.0                            LAT/LON1/LON2/DLON/H
   56   54   54   55   56   57   61   65   70   76   82   89   93   95   94   92
   88   82   77   71   65   60   54   49   44   40   36   34   32   32   33   34
   36   37   39   40   41   41   41   41   41   41   41   41   41   42   43   44
   45   46   47   48   49   49   50   50   50   50   50   49   49   47   47   46
   44   43   41   39   39   42   42   47   56                                   
    65.0-180.0 180.0   5.0 450.0                            LAT/LON1/LON2/DLON/H
   56   57   58   61   60   61   64   68   74   80   87   94   98  100  100   97
   94   89   84   79   75   70   64   59   53   47   42   39   36   35   34   35
   35   36   36   36   36   36   36   36   36   36   37   37   38   38   39   40
   41   42   43   44   45   46   47   48   49   49   50   50   50   49   48   47
   46   46   45   44   43   47   48   53   56                                   
    62.5-180.0 180.0   5.0 450.0                            LAT/LON1/LON2/DLON/H
   59   63   63   67   68   69   71   75   81   87   95  102  107  109  109  107
  104  100   96   92   87   82   76   70   62   55   48   43   39   37   35   35
   34   33   32   31   30   30   30   30   31   31   32   33   34   34   35   36
   36   37   38   38   39   40   41   43   45   46   47   48   48   48   47   47
   45   45   44   42   41   45   46   51   59                                   
    60.0-180.0 180.0   5.0 450.0                            LAT/LON1/LON2/DLON/H
   60   66   68   74   74   75   78   82   88   95  104  112  118  121  122  121
  118  115  111  107  102   96   89   80   71   62   54   47   42   39   36   35
   33   31   29   27   26   25   26   26   27   28   30   31   31   32   32   32
   32   32   32   32   33   34   36   38   40   42   44   45   45   45   45   45
   43   43   42   40   40   44   45   51   60                                   
    57.5-180.0 180.0   5.0 450.0                            LAT/LON1/LON2/DLON/H
   61   69   74   81   84   86   90   94  101  109  118  126  133  137  139  139
  137  134  130  125  118  111  102   91   80   69   60   53   47   43   41   38
   36   33   30   28   27   26   26   28   29   31   33   34   34   34   33   32
   32   31   30   30   30   32   33   36   39   41   43   44   45   44   44   44
   43   42   41   40   39   42   43   49   61                                   
    55.0-180.0 180.0   5.0 450.0                            LAT/LON1/LON2/DLON/H
   65   74   83   92   97  100  105  110  117  125  134  143  150  155  159  160
  159  156  150  143  134  124  113  100   88   76   67   59   54   50   47   45
   42   39   36   33   32   31   32   34   36   39   40   41   41   40   39   37
   35   33   32   31   32   33   34   37   40   43   44   45   45   45   45   44
   43   43   42   40   39   41   42   49   65                                   
    52.5-180.0 180.0   5.0 450.0                            LAT/LON1/LON2/DLON/H
   71   81   93  104  112  118  124  130  136  143  152  160  168  174  179  181
  181  177  170  160  149  136  122  109   96   85   75   68   63   60   57   54
   51   48   45   43   42   42   44   46   49   52   53   54   53   51   48   45
   43   41   39   38   37   38   40   42   45   47   48   49   48   48   48   47
   46   46   46   44   42   44   45   53   71                                   
    50.0-180.0 180.0   5.0 450.0                            LAT/LON1/LON2/DLON/H
   80   91  106  119  130  138  145  152  157  164  170  177  184  191  197  201
  201  197  188  176  162  147  133  119  107   97   88   82   77   73   70   66
   63   59   57   55   55   56   59   62   65   67   69   68   67   64   61   57
   54   51   49   47   47   47   48   50   52   54   54   54   53   52   52   52
   51   52   52   50   49   50   51   59   80                                   
    47.5-180.0 180.0   5.0 450.0                            LAT/LON1/LON2/DLON/H
   91  103  120  135  148  159  167  174  179  184  188  193  199  207  214  218
  219  214  203  189  174  159  145  133  122  113  105   98   93   87   83   78
   73   70   68   68   69   71   74   77   80   83   84   83   81   77   73   70
   66   63   61   59   57   57   58   59   60   61   60   59   58   57   57   57
   57   58   59   58   57   59   61   69   91                                   
    45.0-180.0 180.0   5.0 450.0                            LAT/LON1/LON2/DLON/H
  102  115  134  150  165  178  187  194  198  201  203  207  212  219  226  231
  232  227  216  201  186  172  159  149  140  132  124  117  109  101   93   86
   81   77   76   77   80   83   87   90   93   95   95   94   92   88   84   80
   77   74   71   69   67   66   66   67   67   67   66   64   63   62   61   61
   61   62   64   65   65   69   72   81  102                                   
    42.5-180.0 180.0   5.0 450.0                            LAT/LON1/LON2/DLON/H
  112  126  145  163  178  192  202  210  213  215  215  218  222  228  235  241
  241  236  226  213  199  187  177  168  161  153  144  133  122  111  101   92
   85   81   81   83   87   92   95   99  101  102  103  101   99   95   90   87
   83   81   78   76   74   73   72   72   71   70   69   67   66   65   65   65
   64   65   67   70   71   77   83   92  112                                   
    40.0-180.0 180.0   5.0 450.0                            LAT/LON1/LON2/DLON/H
  118  133  152  171  187  201  212  220  223  225  224  225  229  235  242  247
  248  243  235  224  212  203  195  188  180  171  160  146  132  118  105   94
   87   84   84   88   93   97  101  103  105  106  106  104  101   97   93   89
   86   83   81   79   77   75   74   73   72   71   70   69   68   67   67   66
   64   65   67   70   74   82   89  100  118                                   
    37.5-180.0 180.0   5.0 450.0                            LAT/LON1/LON2/DLON/H
  121  137  155  175  191  204  216  225  228  230  229  230  234  240  247  251
  252  249  243  235  227  219  212  204  195  184  170  154  138  122  109   99
   92   89   91   94   99  103  105  106  107  107  107  105  101   97   92   88
   85   82   80   77   76   74   73   72   71   70   69   69   68   68   67   65
   63   62   64   68   72   83   92  104  121                                   
    35.0-180.0 180.0   5.0 450.0                            LAT/LON1/LON2/DLON/H
  122  140  156  176  191  204  217  225  229  232  232  234  238  244  250  255
  256  254  250  245  239  233  225  215  204  190  174  158  142  129  118  110
  105  103  105  107  110  111  112  111  110  109  108  105  102   97   92   87
   83   80   77   75   73   72   71   70   70   69   69   69   68   68   67   64
   60   58   59   64   69   81   91  105  122                                   
    32.5-180.0 180.0   5.0 450.0                            LAT/LON1/LON2/DLON/H
  124  142  158  177  192  203  215  223  229  232  235  238  243  249  254  257
  258  258  257  254  250  242  232  220  206  191  176  162  150  141  136  132
  130  130  129  129  128  126  123  119  116  114  112  109  105  100   94   89
   84   80   77   74   72   71   71   70   70   70   70   70   69   68   66   62
   57   55   56   60   65   79   90  104  124                                   
    30.0-180.0 180.0   5.0 450.0                            LAT/LON1/LON2/DLON/H
  127  148  163  180  194  204  214  222  229  233  238  243  249  255  259  260
  261  262  262  261  256  247  233  218  204  190  179  171  166  165  166  168
  169  169  166  161  155  147  139  133  127  123  120  116  112  107  101   95
   90   85   81   78   76   74   73   73   73   73   73   73   72   70   67   62
   57   54   55   60   64   79   92  105  127                                   
    27.5-180.0 180.0   5.0 450.0                            LAT/LON1/LON2/DLON/H
  134  157  173  188  201  209  217  224  231  236  243  250  257  262  264  264
  264  264  265  264  258  246  231  215  203  194  190  190  193  200  208  215
  219  217  210  199  186  172  160  149  141  136  131  127  122  118  113  107
  101   96   91   87   84   82   80   79   79   80   79   79   76   73   69   65
   60   58   59   63   68   82   97  109  134                                   
    25.0-180.0 180.0   5.0 450.0                            LAT/LON1/LON2/DLON/H
  145  169  187  201  213  220  226  230  236  241  249  257  265  270  270  268
  266  266  266  264  256  243  228  216  209  208  212  221  232  245  259  269
  273  269  256  238  217  198  181  167  157  150  144  139  135  131  127  122
  117  112  106  101   97   93   90   88   87   87   87   85   82   78   74   69
   65   65   67   71   77   90  107  116  145                                   
    22.5-180.0 180.0   5.0 450.0                            LAT/LON1/LON2/DLON/H
  159  185  204  218  231  237  240  242  245  249  256  265  273  277  277  273
  270  268  266  261  252  240  230  224  226  235  248  264  280  297  312  322
  323  314  295  270  243  218  198  182  171  162  156  150  147  144  141  139
  135  130  124  118  112  106  100   96   94   94   93   92   88   83   79   75
   72   74   77   83   89  103  120  128  159                                   
    20.0-180.0 180.0   5.0 450.0                            LAT/LON1/LON2/DLON/H
  174  200  222  236  252  259  261  260  260  262  267  274  281  285  284  279
  274  270  266  260  251  243  240  245  258  276  296  315  332  346  357  363
  359  344  319  288  257  230  209  193  180  171  163  158  154  153  152  151
  149  145  140  133  125  117  109  103  100   98   98   96   92   87   83   80
   79   83   88   95  103  117  135  142  174                                   
    17.5-180.0 180.0   5.0 450.0                            LAT/LON1/LON2/DLON/H
  188  214  238  254  273  281  284  282  280  280  282  286  292  294  292  287
  280  273  267  261  256  255  262  278  302  328  351  368  379  386  388  385
  374  352  323  290  258  232  212  197  185  174  166  160  156  155  156  157
  157  155  150  143  135  124  115  107  102  100   99   97   93   89   85   83
   84   90   97  106  116  131  149  157  188                                   
    15.0-180.0 180.0   5.0 450.0                            LAT/LON1/LON2/DLON/H
  199  225  251  268  291  301  307  306  304  302  302  304  307  307  304  297
  289  280  273  268  267  275  294  323  355  385  406  415  415  409  400  386
  366  340  309  277  249  227  210  197  185  174  164  157  152  152  154  156
  158  157  154  148  139  128  118  109  102   99   97   95   92   88   85   85
   86   94  103  113  125  142  162  171  199                                   
    12.5-180.0 180.0   5.0 450.0                            LAT/LON1/LON2/DLON/H
  205  232  259  278  304  317  329  330  330  328  326  326  326  325  320  312
  302  292  284  282  288  306  336  374  412  440  452  449  435  415  392  368
  341  313  284  257  235  219  207  196  185  173  161  152  146  145  147  150
  153  153  152  147  140  130  120  110  102   98   94   92   90   87   85   85
   87   96  106  117  131  150  171  183  205                                   
    10.0-180.0 180.0   5.0 450.0                            LAT/LON1/LON2/DLON/H
  207  236  264  284  312  329  345  350  354  354  352  352  351  348  342  333
  321  310  303  304  317  344  383  426  464  485  485  466  437  404  372  340
  311  283  259  239  225  215  207  199  188  174  160  149  141  139  140  143
  146  147  147  144  139  131  122  112  104   98   93   90   88   86   85   86
   88   97  107  119  135  156  178  192  207                                   
     7.5-180.0 180.0   5.0 450.0                            LAT/LON1/LON2/DLON/H
  208  238  266  286  316  336  357  366  374  378  379  380  379  376  370  359
  347  335  329  334  352  386  430  473  504  513  499  467  427  387  349  315
