data/edconvlstm_nd/pred0840.15i
     1.0            IONOSPHERE MAPS     GNSS                IONEX VERSION / TYPE
pyspatialgeodesy        IME             05-JAN-18 20:20     PGM / RUN BY / DATE 
Map Name                                                    COMMENT             
Predicted global ionosphere maps (GIM).                     DESCRIPTION         
  2015     3    25     0     0     0                        EPOCH OF FIRST MAP  
  2015     3    26     0     0     0                        EPOCH OF LAST MAP   
  7200                                                      INTERVAL            
    13                                                      # OF MAPS IN FILE   
  NONE                                                      MAPPING FUNCTION    
10.0                                                        ELEVATION CUTOFF    
One-way carrier phase leveled to code                       OBSERVABLES USED    
  6371.0                                                    BASE RADIUS         
 2                                                          MAP DIMENSION       
   450.0 450.0   0.0                                        HGT1 / HGT2 / DHGT  
    87.5 -87.5  -2.5                                        LAT1 / LAT2 / DLAT  
  -180.0 180.0   5.0                                        LON1 / LON2 / DLON  
    -1                                                      EXPONENT            
                                                            END OF HEADER       
[from data line 3432]
     9                                                      START OF TEC MAP    
  2015     3    25    16     0     0                        EPOCH OF CURRENT MAP
    87.5-180.0 180.0   5.0 450.0                            LAT/LON1/LON2/DLON/H
  161  170  168  178  183  185  185  186  187  190  191  193  194  195  196  197
  198  199  200  200  200  200  200  200  200  199  198  197  196  195  194  192
  191  189  188  186  184  182  181  179  177  175  174  172  171  170  169  168
  167  166  165  165  164  164  164  163  163  163  163  163  163  163  164  164
  164  166  165  164  170  168  173  166  161                                   
    85.0-180.0 180.0   5.0 450.0                            LAT/LON1/LON2/DLON/H
  162  171  186  181  184  190  192  196  198  201  202  204  205  206  208  209
  210  211  212  212  213  213  212  212  211  211  210  208  207  205  204  202
  200  198  196  194  191  189  187  184  182  180  178  176  175  174  172  172
  171  170  170  170  169  169  169  169  169  169  168  169  169  169  169  170
  171  172  170  168  170  168  169  169  162                                   
    82.5-180.0 180.0   5.0 450.0                            LAT/LON1/LON2/DLON/H
  146  163  168  169  175  183  189  194  196  200  202  206  208  210  212  214
  216  218  219  220  221  221  221  221  220  219  217  215  213  211  208  206
  203  200  196  193  190  186  183  179  176  173  170  167  165  164  163  162
  161  161  161  161  162  162  162  161  161  161  160  160  159  159  159  159
  160  160  158  159  157  167  158  155  146                                   
    80.0-180.0 180.0   5.0 450.0                            LAT/LON1/LON2/DLON/H
  127  140  148  151  156  160  166  174  179  184  187  191  194  197  199  202
  205  207  209  211  212  213  213  213  213  211  210  207  205  202  199  195
  191  188  184  179  175  171  166  162  158  155  152  149  147  146  146  146
  147  148  149  151  152  153  153  153  153  152  151  150  148  147  146  146
  146  146  145  145  139  143  139  140  127                                   
    77.5-180.0 180.0   5.0 450.0                            LAT/LON1/LON2/DLON/H
  120  125  130  131  135  140  146  153  158  163  167  172  176  180  183  187
  191  195  198  202  205  208  210  211  211  210  208  206  202  199  195  191
  187  183  179  175  170  165  160  155  150  146  142  139  137  136  136  138
  140  142  145  147  150  152  152  152  152  150  148  145  143  141  139  137
  136  135  134  135  131  129  129  130  120                                   
    75.0-180.0 180.0   5.0 450.0                            LAT/LON1/LON2/DLON/H
  109  115  115  116  119  124  128  133  140  146  150  155  159  163  167  171
  176  182  188  194  200  205  209  212  213  213  211  208  204  200  196  191
  187  183  178  173  168  163  157  152  146  141  137  134  132  131  132  134
  137  141  145  149  152  154  155  155  153  151  148  144  140  137  135  133
  132  131  131  129  125  123  125  115  109                                   
    72.5-180.0 180.0   5.0 450.0                            LAT/LON1/LON2/DLON/H
  105  110  109  111  111  114  119  123  128  134  137  142  146  150  154  159
  166  174  183  192  202  210  217  221  223  223  221  217  212  207  201  196
  191  187  183  178  173  168  162  157  151  145  140  136  134  133  133  136
  139  143  147  152  155  157  158  158  155  152  147  143  138  134  132  130
  129  128  129  127  124  123  127  120  105                                   
    70.0-180.0 180.0   5.0 450.0                            LAT/LON1/LON2/DLON/H
  106  109  108  108  107  109  112  117  122  127  130  134  136  140  143  149
  157  167  180  193  206  218  228  234  238  237  234  229  223  216  209  203
  198  193  188  184  179  174  169  163  157  151  145  141  137  136  135  136
  139  142  146  149  152  154  154  152  149  145  140  135  130  126  124  123
  122  123  125  125  124  125  131  123  106                                   
    67.5-180.0 180.0   5.0 450.0                            LAT/LON1/LON2/DLON/H
  105  108  107  109  108  111  114  119  123  128  131  133  135  138  141  147
  156  169  185  202  219  234  246  254  257  256  252  245  238  229  221  214
  208  203  198  194  190  185  180  175  169  162  156  151  146  142  140  138
  138  139  141  143  144  145  144  142  139  134  129  124  119  115  114  114
  114  116  119  119  119  121  126  120  105                                   
    65.0-180.0 180.0   5.0 450.0                            LAT/LON1/LON2/DLON/H
   99  103  101  105  105  109  113  118  123  128  131  133  134  136  139  146
  156  171  190  210  230  248  261  270  274  273  268  261  253  245  236  229
  222  216  211  207  202  198  193  188  182  176  169  162  155  149  143  139
  135  132  131  130  129  128  127  124  121  116  111  106  102   99   97   97
   98  101  105  106  108  112  118  114   99                                   
    62.5-180.0 180.0   5.0 450.0                            LAT/LON1/LON2/DLON/H
   86   91   90   96   98  104  109  116  122  128  131  134  136  137  141  148
  160  177  197  219  241  259  273  282  286  285  281  275  268  261  254  247
  239  233  227  221  216  211  207  201  196  189  182  174  165  156  147  138
  130  123  118  114  111  109  107  105  102   99   95   90   86   83   81   80
   81   83   86   87   88   93   97   97   86                                   
    60.0-180.0 180.0   5.0 450.0                            LAT/LON1/LON2/DLON/H
   70   74   75   82   86   92  100  108  116  123  129  133  136  139  143  152
  165  183  204  227  248  266  280  288  291  291  289  286  283  279  275  269
  262  254  246  239  233  227  222  217  212  205  198  189  178  166  153  141
  129  118  110  103   98   95   93   92   90   87   84   80   77   73   70   68
   67   66   68   67   68   71   74   76   70                                   
    57.5-180.0 180.0   5.0 450.0                            LAT/LON1/LON2/DLON/H
   54   57   60   68   73   80   88   97  107  116  124  131  136  141  148  158
  172  191  212  233  253  270  282  289  292  294  295  297  299  300  299  295
  288  279  270  261  253  246  241  236  230  224  216  206  194  181  165  150
  135  122  110  102   95   92   90   88   88   87   85   82   78   74   70   66
   62   59   57   54   53   53   54   58   54                                   
    55.0-180.0 180.0   5.0 450.0                            LAT/LON1/LON2/DLON/H
   43   46   50   57   62   69   77   86   97  107  118  127  136  144  154  167
  182  201  220  240  258  272  282  288  292  296  301  308  315  321  324  321
  315  305  294  283  274  267  261  256  251  244  237  226  214  199  182  165
  148  133  121  111  104  100   98   97   97   97   97   95   92   87   82   76
   69   63   58   52   48   45   44   47   43                                   
    52.5-180.0 180.0   5.0 450.0                            LAT/LON1/LON2/DLON/H
   41   43   48   54   58   64   72   80   90  101  114  126  137  149  162  177
  194  212  231  248  263  275  283  289  294  300  309  320  332  342  347  345
  338  327  315  304  294  287  281  276  271  265  257  247  234  219  202  185
  168  153  140  130  122  117  115  115  115  116  117  116  113  109  103   96
   87   78   71   62   56   49   46   47   41                                   
    50.0-180.0 180.0   5.0 450.0                            LAT/LON1/LON2/DLON/H
   51   51   55   59   62   68   74   81   91  102  115  129  142  157  173  190
  208  226  242  258  271  281  289  295  301  308  319  333  348  359  364  362
  354  343  331  320  312  306  301  296  291  285  277  267  254  239  222  206
  190  175  163  152  144  139  136  135  136  137  138  138  137  134  129  122
  112  103   94   84   75   67   62   59   51                                   
    47.5-180.0 180.0   5.0 450.0                            LAT/LON1/LON2/DLON/H
   72   69   71   73   74   80   85   91  100  112  125  139  153  169  186  204
  222  239  255  269  281  292  300  307  314  322  333  347  360  370  373  370
  361  350  340  332  326  322  318  313  308  302  294  283  271  256  240  224
  209  195  182  171  162  155  151  149  149  151  153  154  155  154  151  146
  137  129  121  112  103   94   88   81   72                                   
    45.0-180.0 180.0   5.0 450.0                            LAT/LON1/LON2/DLON/H
   98   94   93   93   93   98  102  108  117  130  142  156  169  185  202  219
  237  252  266  280  293  305  316  325  331  339  348  358  367  373  373  367
  359  351  345  341  339  338  335  330  324  317  308  297  284  269  253  237
  222  207  193  180  168  159  154  151  150  152  155  158  161  163  164  162
  156  151  144  139  132  124  119  110   98                                   
    42.5-180.0 180.0   5.0 450.0                            LAT/LON1/LON2/DLON/H
  124  119  114  115  115  118  123  129  140  153  165  178  190  204  219  235
  250  264  277  290  305  320  334  344  351  356  361  366  370  371  368  363
  357  354  354  356  358  358  355  349  342  333  323  310  296  280  262  245
  227  210  193  177  163  151  144  139  139  140  144  148  154  159  163  165
  163  161  158  157  154  149  145  137  124                                   
    40.0-180.0 180.0   5.0 450.0                            LAT/LON1/LON2/DLON/H
  141  137  130  132  133  137  143  151  163  177  190  202  213  224  237  251
  263  275  287  300  317  335  351  362  368  370  371  371  371  370  368  366
  367  370  377  384  388  388  382  374  363  352  339  325  308  289  269  249
  229  208  188  169  151  138  128  123  122  124  128  133  139  146  152  157
  159  160  161  163  163  163  160  155  141                                   
    37.5-180.0 180.0   5.0 450.0                            LAT/LON1/LON2/DLON/H
  147  143  136  141  144  148  156  167  182  198  213  225  235  245  256  267
  277  287  297  312  329  349  366  377  382  382  380  378  378  380  383  389
  398  410  423  433  437  432  421  407  392  377  362  344  324  302  279  256
  233  210  187  165  146  130  120  115  114  115  119  123  128  135  141  147
  149  152  154  158  160  162  161  157  147                                   
    35.0-180.0 180.0   5.0 450.0                            LAT/LON1/LON2/DLON/H
  141  138  133  138  145  148  160  174  193  213  230  244  255  266  276  285
  293  301  312  326  344  363  379  389  393  393  393  394  400  409  421  438
  458  480  498  508  506  493  474  451  430  411  391  370  347  323  298  274
  250  226  202  179  158  141  131  125  124  125  127  130  133  136  140  144
  145  146  147  149  150  152  152  148  141                                   
    32.5-180.0 180.0   5.0 450.0                            LAT/LON1/LON2/DLON/H
  130  127  123  128  136  139  155  171  195  218  240  258  272  284  295  305
  313  321  330  344  361  378  392  401  406  409  414  424  440  461  488  519
  552  582  602  607  595  570  538  506  477  452  428  403  378  353  329  307
  285  263  240  217  197  180  169  164  162  161  161  160  159  158  158  158
  155  152  149  145  141  140  140  135  130                                   
    30.0-180.0 180.0   5.0 450.0                            LAT/LON1/LON2/DLON/H
  119  116  113  116  123  126  143  162  189  217  243  266  285  301  315  326
  335  344  355  368  383  397  408  416  423  433  448  471  501  539  584  632
  677  712  728  722  695  654  608  564  528  497  470  443  418  394  374  356
  340  324  305  285  266  250  239  232  228  224  220  215  208  201  196  191
  183  175  165  154  143  135  133  124  119                                   
    27.5-180.0 180.0   5.0 450.0                            LAT/LON1/LON2/DLON/H
  116  113  108  108  111  113  131  151  181  212  242  270  294  315  333  347
  359  370  382  396  409  420  428  436  448  467  496  536  585  643  706  768
  820  851  855  832  787  730  671  620  577  543  514  487  463  444  429  419
  412  404  393  378  361  346  334  325  317  309  299  288  275  263  252  242
  228  215  198  179  159  143  135  122  116                                   
    25.0-180.0 180.0   5.0 450.0                            LAT/LON1/LON2/DLON/H
  123  119  110  106  106  106  123  143  174  207  240  272  301  327  349  367
  382  396  411  426  438  446  453  464  483  515  560  617  685  760  836  901
  947  965  953  913  853  785  720  664  620  585  557  532  511  495  487  486
  489  492  489  480  467  454  441  429  416  402  386  369  350  332  316  302
  284  267  242  218  189  163  149  129  123                                   
    22.5-180.0 180.0   5.0 450.0                            LAT/LON1/LON2/DLON/H
  140  135  120  112  108  107  122  141  171  205  240  274  306  336  362  384
  403  421  439  455  468  476  484  499  528  574  634  707  787  868  942  999
 1031 1033 1004  951  884  814  749  695  654  622  596  574  555  542  538  543
  555  566  572  570  561  549  535  519  501  481  460  439  417  396  377  360
  341  321  291  263  226  192  172  147  140                                   
    20.0-180.0 180.0   5.0 450.0                            LAT/LON1/LON2/DLON/H
  163  155  135  125  117  115  127  145  174  207  242  278  313  346  375  399
  421  443  464  483  497  507  519  541  581  639  710  789  868  942 1002 1043
 1057 1043 1004  947  881  817  761  716  681  655  632  611  591  577  572  579
  594  611  623  626  621  609  594  575  552  528  505  482  460  439  421  404
  385  366  335  305  263  223  199  172  163                                   
    17.5-180.0 180.0   5.0 450.0                            LAT/LON1/LON2/DLON/H
  186  174  152  139  129  126  138  155  182  213  247  283  320  356  387  413
  438  463  487  509  526  539  556  587  636  701  774  847  913  968 1007 1027
 1024 1000  958  906  853  803  762  730  705  684  664  641  617  597  586  588
  601  618  632  637  633  623  607  587  563  538  515  493  474  456  440  424
  408  392  363  334  292  250  223  197  186                                   
    15.0-180.0 180.0   5.0 450.0                            LAT/LON1/LON2/DLON/H
  202  187  164  149  139  138  149  167  193  223  255  291  329  366  399  428
  454  482  509  534  553  571  594  631  685  749  814  873  917  947  961  961
  947  921  886  848  813  784  760  742  726  710  690  664  634  604  582  574
  579  590  600  604  600  591  577  560  539  517  496  478  462  448  435  421
  406  393  369  343  305  264  238  215  202                                   
    12.5-180.0 180.0   5.0 450.0                            LAT/LON1/LON2/DLON/H
  208  191  168  155  145  146  160  178  205  235  266  301  340  378  413  443
  471  501  530  557  579  601  629  670  723  781  833  870  890  894  888  874
  856  835  813  794  780  771  763  755  746  733  713  683  644  603  568  546
  538  539  542  541  538  531  522  511  495  478  461  448  436  424  413  399
  385  374  355  333  301  265  240  221  208                                   
    10.0-180.0 180.0   5.0 450.0                            LAT/LON1/LON2/DLON/H
  205  186  165  154  147  150  166  187  216  247  278  313  352  392  428  460
  490  521  552  579  603  628  659  702  751  800  835  851  849  835  815  796
  780  768  762  762  766  772  775  774  767  755  733  700  654  601  552  515
  493  482  476  473  471  469  467  463  453  440  427  416  406  396  384  368
  353  342  326  308  283  253  231  214  205                                   
     7.5-180.0 180.0   5.0 450.0                            LAT/LON1/LON2/DLON/H
  194  176  156  149  145  149  169  193  224  257  289  326  365  406  444  477
  509  541  573  601  626  653  687  729  773  810  829  828  811  787  763  745
