data/edconvlstm_nd/pred2410.15i
     1.0            IONOSPHERE MAPS     GNSS                IONEX VERSION / TYPE
pyspatialgeodesy        IME             05-JAN-18 20:20     PGM / RUN BY / DATE 
Map Name                                                    COMMENT             
Predicted global ionosphere maps (GIM).                     DESCRIPTION         
  2015     8    29     0     0     0                        EPOCH OF FIRST MAP  
  2015     8    30     0     0     0                        EPOCH OF LAST MAP   
  7200                                                      INTERVAL            
    13                                                      # OF MAPS IN FILE   
  NONE                                                      MAPPING FUNCTION    
10.0                                                        ELEVATION CUTOFF    
One-way carrier phase leveled to code                       OBSERVABLES USED    
  6371.0                                                    BASE RADIUS         
 2                                                          MAP DIMENSION       
   450.0 450.0   0.0                                        HGT1 / HGT2 / DHGT  
    87.5 -87.5  -2.5                                        LAT1 / LAT2 / DLAT  
  -180.0 180.0   5.0                                        LON1 / LON2 / DLON  
    -1                                                      EXPONENT            
                                                            END OF HEADER       
     1                                                      START OF TEC MAP    
  2015     8    29     0     0     0                        EPOCH OF CURRENT MAP
    87.5-180.0 180.0   5.0 450.0                            LAT/LON1/LON2/DLON/H
   90   82   79   72   71   73   69   67   67   66   66   66   66   66   65   65
   64   64   63   62   61   60   59   58   57   56   55   54   53   52   52   51
   50   50   50   50   50   50   50   50   51   51   52   53   53   54   55   56
   57   58   59   59   60   61   62   63   63   64   65   65   66   66   67   68
   69   69   69   69   63   76   82   81   90                                   
    85.0-180.0 180.0   5.0 450.0                            LAT/LON1/LON2/DLON/H
   85   87   69   74   75   80   75   73   73   72   71   71   71   71   70   70
   69   68   67   66   65   64   62   61   60   58   57   56   54   53   52   52
   51   50   50   50   50   50   50   50   51   52   53   54   55   56   57   58
   60   61   62   63   64   66   67   68   69   70   71   72   73   73   74   75
   76   76   76   80   80   88   95   88   85                                   
    82.5-180.0 180.0   5.0 450.0                            LAT/LON1/LON2/DLON/H
   80   71   80   78   77   83   77   75   77   75   75   76   76   76   75   75
   74   73   71   69   67   65   63   60   58   55   53   51   49   47   45   43
   42   41   40   40   40   40   40   40   41   42   43   45   46   48   50   51
   53   55   57   59   61   63   65   66   68   70   72   73   74   75   77   78
   79   79   78   76   81   76   82   86   80                                   
    80.0-180.0 180.0   5.0 450.0                            LAT/LON1/LON2/DLON/H
   93   79   78   74   77   79   76   75   77   75   76   77   77   77   77   77
   76   75   74   71   69   66   63   59   56   53   50   47   45   43   41   40
   38   37   36   36   35   35   35   36   36   37   39   40   42   44   46   48
   50   52   55   57   59   61   63   65   67   68   70   72   73   75   76   77
   78   76   76   73   89   83   90  101   93                                   
    77.5-180.0 180.0   5.0 450.0                            LAT/LON1/LON2/DLON/H
  104   90   79   83   80   81   79   80   81   80   81   82   83   83   84   84
   83   82   81   78   75   71   68   64   60   56   53   50   47   45   44   42
   41   40   39   38   37   37   37   37   38   39   40   42   44   46   49   51
   53   56   58   60   62   64   66   68   70   72   74   76   78   79   80   81
   82   83   81   80   88   91   92  107  104                                   
    75.0-180.0 180.0   5.0 450.0                            LAT/LON1/LON2/DLON/H
  111   91   86   90   85   86   82   81   84   82   83   84   85   86   86   86
   86   85   83   81   77   73   69   64   60   56   53   51   49   48   47   46
   45   44   43   42   41   40   39   39   39   40   42   44   47   50   52   55
   57   60   61   63   65   67   69   71   73   75   77   79   81   83   84   85
   84   84   85   79   86   96   94  106  111                                   
    72.5-180.0 180.0   5.0 450.0                            LAT/LON1/LON2/DLON/H
  107   92   89   91   86   84   81   82   84   83   84   86   87   88   89   89
   89   88   86   84   80   76   71   66   62   58   55   53   52   52   52   52
   51   50   49   47   45   43   42   41   41   42   44   46   49   52   54   57
   59   60   61   62   63   64   66   68   70   73   75   78   80   82   83   84
   83   83   86   82   85   94   97  112  107                                   
    70.0-180.0 180.0   5.0 450.0                            LAT/LON1/LON2/DLON/H
  110   97   95   99   94   92   89   90   93   91   92   94   95   95   96   96
   96   94   92   89   85   80   75   70   65   61   59   57   57   58   59   60
   60   58   56   54   51   48   46   45   45   47   49   51   54   57   60   62
   64   65   66   66   67   68   69   71   74   77   80   83   86   88   90   91
   89   88   91   89   90   98  101  114  110                                   
    67.5-180.0 180.0   5.0 450.0                            LAT/LON1/LON2/DLON/H
  112  102  100  104   98   95   92   93   96   95   96   97   98   98   99   98
   97   96   93   90   86   80   75   69   64   60   57   56   57   58   60   61
   60   59   56   52   49   46   44   42   43   44   46   49   53   56   58   61
   62   63   63   63   63   64   65   67   70   74   78   82   85   88   90   91
   89   88   91   88   92   99  102  116  112                                   
    65.0-180.0 180.0   5.0 450.0                            LAT/LON1/LON2/DLON/H
  114  104  102  106  101   98   95   96  100   99  100  102  102  102  102  101
  100   98   95   92   87   81   75   69   63   58   56   55   56   57   59   59
   58   56   53   48   44   41   39   38   38   40   43   46   50   53   55   57
   59   59   59   59   59   59   61   64   67   72   77   82   86   88   90   91
   90   89   92   89   93  102  105  120  114                                   
    62.5-180.0 180.0   5.0 450.0                            LAT/LON1/LON2/DLON/H
  117  106  105  109  104  101   98   99  103  103  105  106  107  106  106  104
  103  100   98   94   89   83   76   69   63   58   55   54   54   55   56   56
   55   51   47   42   38   35   33   33   34   37   40   43   46   49   51   53
   54   54   55   54   54   55   57   60   65   70   76   81   86   89   91   92
   90   90   92   90   94  104  106  122  117                                   
    60.0-180.0 180.0   5.0 450.0                            LAT/LON1/LON2/DLON/H
  118  108  107  111  106  102   98  100  104  104  106  107  108  107  107  105
  103  101   98   94   89   83   76   69   62   57   53   52   51   52   52   51
   48   44   40   35   32   29   29   29   31   33   36   38   41   43   44   46
   47   48   48   48   49   50   52   56   61   67   73   79   83   86   89   90
   89   88   92   90   94  105  107  124  118                                   
    57.5-180.0 180.0   5.0 450.0                            LAT/LON1/LON2/DLON/H
  121  111  110  114  109  104  100  102  105  104  105  106  106  106  106  104
  103  100   97   94   89   83   76   68   61   56   52   50   49   49   48   47
   43   39   34   30   28   26   26   28   30   32   34   35   36   37   38   39
   40   41   42   42   44   46   49   53   59   65   71   76   80   83   85   87
   86   87   91   90   95  106  109  126  121                                   
    55.0-180.0 180.0   5.0 450.0                            LAT/LON1/LON2/DLON/H
  125  116  116  119  114  109  105  105  106  104  104  104  104  103  103  102
  101   98   95   92   87   82   75   68   61   56   52   50   49   48   47   44
   41   36   32   29   27   27   27   29   31   32   33   34   34   33   33   34
   35   36   37   39   41   44   48   53   58   65   70   75   78   80   83   85
   85   87   93   93   98  109  112  129  125                                   
    52.5-180.0 180.0   5.0 450.0                            LAT/LON1/LON2/DLON/H
  131  123  124  127  122  116  112  111  111  106  104  102  101  100  100   99
   98   95   93   89   85   80   74   68   62   57   54   52   51   50   49   46
   42   37   34   32   31   31   32   33   35   35   35   34   33   32   31   31
   32   34   35   38   41   45   50   56   62   67   72   76   78   80   82   84
   86   89   96   97  103  114  116  133  131                                   
    50.0-180.0 180.0   5.0 450.0                            LAT/LON1/LON2/DLON/H
  138  132  133  137  131  127  124  121  119  112  107  103  100   99   98   97
   95   93   90   87   83   80   76   71   66   62   59   58   57   56   54   51
   47   43   40   39   39   39   40   40   40   40   38   37   35   33   33   33
   34   35   37   40   44   50   56   63   69   74   78   81   82   82   84   87
   89   94  103  105  111  120  123  138  138                                   
    47.5-180.0 180.0   5.0 450.0                            LAT/LON1/LON2/DLON/H
  144  141  142  146  142  138  136  134  129  120  113  107  102  100   98   97
   95   92   89   86   84   81   79   76   73   69   67   66   65   64   62   59
   56   53   50   50   50   50   50   49   48   46   44   42   40   38   38   38
   39   40   43   46   51   58   66   73   79   84   87   88   89   89   90   93
   97  102  112  114  120  128  129  143  144                                   
    45.0-180.0 180.0   5.0 450.0                            LAT/LON1/LON2/DLON/H
  149  148  149  154  150  148  148  146  141  131  122  114  108  104  101   99
   96   93   90   88   86   86   85   84   82   79   78   77   76   75   73   70
   67   64   63   62   63   63   62   60   58   55   52   50   48   47   46   47
   47   48   50   54   60   68   77   84   91   95   97   98   98   98  100  103
  107  113  123  124  129  135  136  148  149                                   
    42.5-180.0 180.0   5.0 450.0                            LAT/LON1/LON2/DLON/H
  152  152  152  158  157  156  157  156  153  143  134  125  118  112  108  104
  100   96   93   92   92   93   94   94   93   91   90   89   88   87   85   83
   80   78   77   77   77   77   75   73   70   66   63   61   59   57   57   57
   57   57   58   62   69   78   87   95  101  105  108  109  110  110  112  116
  120  126  134  134  138  142  141  152  152                                   
    40.0-180.0 180.0   5.0 450.0                            LAT/LON1/LON2/DLON/H
  153  153  153  160  160  160  162  163  163  155  147  139  131  123  117  111
  106  102  100   99  101  103  105  106  105  104  102  101  100   99   97   95
   93   92   91   92   92   91   89   86   83   80   77   74   72   70   68   67
   66   65   66   69   76   86   96  104  110  114  116  119  120  122  125  129
  133  139  146  144  145  148  146  157  153                                   
    37.5-180.0 180.0   5.0 450.0                            LAT/LON1/LON2/DLON/H
  157  155  153  160  162  162  164  168  171  166  161  154  146  137  129  121
  115  110  108  109  112  115  117  118  117  116  115  113  112  111  109  107
  106  105  105  106  105  105  103  101   98   96   93   90   86   82   79   77
   74   72   71   74   81   92  102  111  116  120  123  126  129  132  136  141
  145  150  156  152  153  154  152  163  157                                   
    35.0-180.0 180.0   5.0 450.0                            LAT/LON1/LON2/DLON/H
  164  160  157  161  165  164  167  173  178  177  175  170  163  153  143  133
  125  120  119  120  123  126  128  129  128  127  126  125  124  123  121  120
  119  118  119  119  119  118  117  116  115  113  110  106  100   94   88   84
   80   76   74   77   84   95  106  115  120  124  127  131  135  140  145  151
  155  160  165  160  161  163  160  172  164                                   
    32.5-180.0 180.0   5.0 450.0                            LAT/LON1/LON2/DLON/H
  178  172  167  169  171  169  173  179  187  189  189  187  180  170  158  146
  137  131  130  131  134  136  137  138  137  137  137  138  137  135  134  132
  131  131  131  131  131  131  131  132  131  130  127  120  112  103   94   88
   82   77   75   76   84   96  108  117  123  126  129  134  140  146  152  159
  163  168  173  169  170  174  173  185  178                                   
    30.0-180.0 180.0   5.0 450.0                            LAT/LON1/LON2/DLON/H
  199  192  187  185  185  182  185  191  199  202  204  203  197  187  173  160
  149  143  141  141  143  144  144  145  145  147  149  151  151  149  147  145
  144  144  143  142  142  142  144  145  146  145  140  131  120  107   96   88
   81   76   72   74   81   94  108  118  124  128  132  137  144  152  159  167
  172  178  183  180  183  190  192  203  199                                   
    27.5-180.0 180.0   5.0 450.0                            LAT/LON1/LON2/DLON/H
  225  220  216  211  208  204  205  208  215  218  221  220  215  204  189  174
  162  154  150  149  149  150  150  151  153  157  161  164  165  164  161  159
  157  155  153  151  150  151  153  155  156  154  148  137  123  108   94   84
   77   71   68   69   76   90  105  118  125  130  135  143  151  159  168  177
  183  190  197  195  201  211  215  226  225                                   
    25.0-180.0 180.0   5.0 450.0                            LAT/LON1/LON2/DLON/H
  254  252  249  244  238  233  234  233  235  236  238  237  231  221  206  189
  175  164  158  156  155  155  157  159  164  170  175  179  180  177  174  170
  167  164  160  156  154  154  156  159  160  158  151  138  122  104   89   79
   71   66   62   63   70   84  101  116  127  134  142  152  162  172  182  192
  200  208  217  216  224  236  243  252  254                                   
    22.5-180.0 180.0   5.0 450.0                            LAT/LON1/LON2/DLON/H
  284  282  283  279  272  268  266  261  259  257  255  253  247  237  222  205
  188  175  167  163  162  164  167  172  178  185  190  193  193  189  184  179
  174  169  162  156  153  152  154  156  157  154  147  134  117   99   84   72
   65   59   56   56   63   77   96  113  128  140  153  165  178  190  201  213
  223  233  243  243  252  265  273  279  284                                   
    20.0-180.0 180.0   5.0 450.0                            LAT/LON1/LON2/DLON/H
  311  310  314  313  306  304  300  291  285  278  273  269  263  254  239  221
  202  187  176  172  173  177  183  190  197  202  205  205  202  196  189  183
  177  169  160  151  145  143  145  147  148  146  140  128  113   95   79   67
   60   54   49   48   53   67   87  109  129  147  164  182  198  213  226  240
  252  264  275  277  285  296  303  306  311                                   
    17.5-180.0 180.0   5.0 450.0                            LAT/LON1/LON2/DLON/H
  334  335  341  344  339  337  332  321  311  300  292  286  280  271  257  238
  218  200  189  186  189  197  207  214  219  220  218  213  205  197  188  181
  173  163  152  141  133  131  132  134  136  136  132  123  109   93   77   65
   56   48   42   39   43   56   78  103  128  152  176  199  220  238  255  270
  285  299  311  313  320  328  332  331  334                                   
    15.0-180.0 180.0   5.0 450.0                            LAT/LON1/LON2/DLON/H
  353  357  366  372  370  368  362  350  338  324  312  304  298  289  275  256
  234  216  206  205  213  224  235  241  241  236  226  215  203  191  182  174
  165  154  140  129  122  120  121  123  125  126  125  119  108   93   78   65
   54   45   37   32   34   46   68   96  126  156  185  214  240  263  283  301
  317  333  347  350  354  358  360  355  353                                   
    12.5-180.0 180.0   5.0 450.0                            LAT/LON1/LON2/DLON/H
  370  379  389  398  398  398  392  379  365  350  336  326  318  309  294  275
  253  236  227  230  241  255  266  267  260  246  229  211  194  181  172  164
  155  143  130  120  114  113  114  117  119  121  121  118  109   96   80   66
   54   43   34   28   29   39   61   90  123  157  192  225  256  283  306  327
  346  363  378  383  387  387  386  378  370                                   
    10.0-180.0 180.0   5.0 450.0                            LAT/LON1/LON2/DLON/H
  389  402  414  423  427  427  421  409  396  379  364  352  342  331  315  295
  274  258  252  258  271  285  292  287  271  249  224  201  183  170  161  155
  147  137  126  118  113  113  115  117  119  121  122  120  112   99   83   68
   54   42   32   26   26   36   57   86  120  157  195  231  266  296  322  345
  366  386  403  410  415  414  413  404  389                                   
     7.5-180.0 180.0   5.0 450.0                            LAT/LON1/LON2/DLON/H
  411  429  441  449  455  456  451  441  429  412  395  381  368  355  337  317
  297  283  279  285  297  307  307  295  272  244  215  191  172  161  155  151
