data/edconvlstm_nd/pred2490.15i
     1.0            IONOSPHERE MAPS     GNSS                IONEX VERSION / TYPE
pyspatialgeodesy        IME             05-JAN-18 20:20     PGM / RUN BY / DATE 
Map Name                                                    COMMENT             
Predicted global ionosphere maps (GIM).                     DESCRIPTION         
  2015     9     6     0     0     0                        EPOCH OF FIRST MAP  
  2015     9     7     0     0     0                        EPOCH OF LAST MAP   
  7200                                                      INTERVAL            
    13                                                      # OF MAPS IN FILE   
  NONE                                                      MAPPING FUNCTION    
10.0                                                        ELEVATION CUTOFF    
One-way carrier phase leveled to code                       OBSERVABLES USED    
  6371.0                                                    BASE RADIUS         
 2                                                          MAP DIMENSION       
   450.0 450.0   0.0                                        HGT1 / HGT2 / DHGT  
    87.5 -87.5  -2.5                                        LAT1 / LAT2 / DLAT  
  -180.0 180.0   5.0                                        LON1 / LON2 / DLON  
    -1                                                      EXPONENT            
                                                            END OF HEADER       
[from data line 858]
     3                                                      START OF TEC MAP    
  2015     9     6     4     0     0                        EPOCH OF CURRENT MAP
    87.5-180.0 180.0   5.0 450.0                            LAT/LON1/LON2/DLON/H
   96  101  101  104  104  102  100   98   98   99   99  100  101  101  101  101
  100  100   99   98   97   96   95   93   92   91   89   88   87   86   85   85
   84   84   83   83   83   84   84   84   85   85   86   86   87   88   88   89
   90   91   91   92   92   92   93   93   93   93   93   93   93   93   93   93
   95   96   94   94  100  106  110   99   96                                   
    85.0-180.0 180.0   5.0 450.0                            LAT/LON1/LON2/DLON/H
   96  111  103  107  109  109  108  107  107  108  108  109  109  109  109  108
  108  107  106  104  103  101   99   97   95   93   91   90   88   87   86   86
   85   85   85   86   86   87   87   88   89   91   92   93   94   95   97   98
   99  101  102  103  104  104  105  105  106  106  106  106  106  106  105  106
  108  109  106  108  107  109  114  104   96                                   
    82.5-180.0 180.0   5.0 450.0                            LAT/LON1/LON2/DLON/H
  104  108  115  109  109  111  110  109  110  110  110  111  111  111  111  111
  110  109  107  105  103  100   98   95   92   89   86   84   82   81   80   79
   79   79   80   80   82   83   84   86   88   89   91   93   95   97   99  102
  104  106  107  109  111  112  113  114  114  115  115  115  114  114  113  114
  114  114  111  111  117  109  105   99  104                                   
    80.0-180.0 180.0   5.0 450.0                            LAT/LON1/LON2/DLON/H
  111  109  105  100  102  102  103  103  103  104  103  104  105  105  106  106
  105  104  103  100   97   94   90   86   82   78   75   72   70   69   68   68
   68   69   70   71   73   75   77   79   81   83   85   88   90   93   96   98
  101  104  106  109  111  112  114  115  115  115  115  115  114  114  113  113
  112  110  109  109  117  112  111  100  111                                   
    77.5-180.0 180.0   5.0 450.0                            LAT/LON1/LON2/DLON/H
  110  105   99   96   93   95   97   97   97   97   96   97   98   99  100  101
  101  101  100   98   95   91   86   81   76   71   67   64   61   60   59   60
   61   62   64   66   68   70   73   75   78   80   83   86   89   92   95   98
  102  105  108  111  114  116  117  119  119  119  119  118  117  116  114  113
  112  111  108  110  112  104  103   99  110                                   
    75.0-180.0 180.0   5.0 450.0                            LAT/LON1/LON2/DLON/H
  102  101   93   91   87   89   89   88   87   86   84   85   85   86   87   89
   90   91   91   89   87   83   78   73   67   62   58   54   52   51   50   51
   53   55   57   59   61   63   66   68   70   72   75   78   81   84   88   91
   95   99  103  106  109  111  113  115  116  116  116  115  114  112  111  110
  108  107  105  102  105  101  100   98  102                                   
    72.5-180.0 180.0   5.0 450.0                            LAT/LON1/LON2/DLON/H
  100  101   94   90   89   90   90   88   86   83   80   79   79   79   80   82
   84   86   87   86   85   82   77   72   66   60   56   52   50   49   50   51
   53   55   57   60   62   64   66   68   70   73   75   79   82   86   90   94
   98  103  106  110  113  115  117  119  120  120  120  119  118  117  115  115
  113  111  111  109  110  104  102  100  100                                   
    70.0-180.0 180.0   5.0 450.0                            LAT/LON1/LON2/DLON/H
  104  104   98   94   91   90   89   86   83   78   74   72   69   68   69   70
   73   75   77   78   78   76   72   67   62   57   52   49   48   47   48   50
   52   53   55   57   58   60   61   63   66   69   72   76   81   85   90   95
   99  103  107  111  114  116  118  120  121  121  122  121  120  119  118  118
  116  114  115  114  114  110  109  105  104                                   
    67.5-180.0 180.0   5.0 450.0                            LAT/LON1/LON2/DLON/H
  104  105   99   94   92   90   88   84   80   75   68   65   61   59   58   58
   60   63   65   67   68   67   64   60   56   51   48   46   44   44   45   46
   47   48   49   49   50   51   52   55   58   62   67   72   78   84   89   94
   99  103  107  110  113  115  117  118  119  120  121  121  120  119  117  117
  116  114  115  114  115  112  111  107  104                                   
    65.0-180.0 180.0   5.0 450.0                            LAT/LON1/LON2/DLON/H
  105  106   99   96   93   91   89   85   81   75   68   63   57   53   51   51
   52   54   56   58   59   58   57   54   51   48   45   44   44   44   44   45
   45   44   43   42   42   42   44   47   52   58   65   72   80   87   93   98
  103  107  111  114  116  118  120  121  123  124  124  125  124  123  121  120
  119  117  118  117  118  115  115  111  105                                   
    62.5-180.0 180.0   5.0 450.0                            LAT/LON1/LON2/DLON/H
  107  108  100   97   95   92   91   87   83   76   69   63   57   52   49   47
   46   47   48   50   50   50   49   47   46   44   44   43   44   44   44   44
   42   40   38   36   34   35   37   41   48   56   66   75   85   93  100  106
  111  115  119  122  124  125  127  128  129  130  131  132  131  129  127  125
  123  121  121  119  120  117  118  114  107                                   
    60.0-180.0 180.0   5.0 450.0                            LAT/LON1/LON2/DLON/H
  109  108  100   96   94   91   90   86   83   76   69   64   58   52   48   45
   43   42   41   41   41   41   40   39   39   39   40   42   43   44   44   42
   39   36   32   29   28   28   31   37   45   56   67   80   91  100  108  115
  120  124  128  130  132  134  134  135  137  138  139  139  138  136  133  130
  126  124  123  121  121  118  118  115  109                                   
    57.5-180.0 180.0   5.0 450.0                            LAT/LON1/LON2/DLON/H
  113  111  102   98   96   93   91   87   83   76   70   65   59   54   49   45
   42   39   37   35   34   33   33   33   33   35   38   41   43   44   43   41
   38   33   29   26   25   26   30   36   46   58   72   86   99  109  118  125
  130  135  139  142  144  145  146  146  147  148  149  149  148  145  140  137
  132  128  127  124  124  120  120  118  113                                   
    55.0-180.0 180.0   5.0 450.0                            LAT/LON1/LON2/DLON/H
  119  116  108  105  102   98   95   90   84   77   70   66   60   55   51   46
   42   38   34   31   29   27   27   27   29   32   36   40   43   44   44   41
   38   34   30   28   27   28   32   39   49   63   77   93  106  118  127  134
  141  146  151  155  158  159  159  159  159  159  159  159  157  153  148  143
  138  133  131  127  127  124  124  122  119                                   
    52.5-180.0 180.0   5.0 450.0                            LAT/LON1/LON2/DLON/H
  128  127  120  117  113  108  105   98   90   81   73   67   62   57   53   48
   43   38   34   30   27   25   24   25   27   31   35   40   44   46   45   43
   41   38   35   34   34   36   40   46   56   69   84   99  114  126  136  144
  151  158  164  169  172  174  173  172  171  170  169  168  165  161  156  150
  145  140  137  133  132  129  130  129  128                                   
    50.0-180.0 180.0   5.0 450.0                            LAT/LON1/LON2/DLON/H
  139  141  136  134  130  125  121  111  101   88   78   71   65   60   56   51
   46   41   36   32   28   26   26   27   29   33   38   42   46   48   48   47
   46   45   44   45   46   48   51   56   65   77   91  106  121  134  145  154
  162  171  178  184  188  189  188  186  183  180  178  175  172  168  162  157
  152  147  144  140  139  137  139  138  139                                   
    47.5-180.0 180.0   5.0 450.0                            LAT/LON1/LON2/DLON/H
  150  157  154  153  150  146  141  129  116  101   87   78   70   65   60   56
   51   46   41   37   34   32   32   33   35   39   43   46   50   51   52   53
   53   54   56   58   60   62   64   68   74   84   98  113  128  141  153  164
  173  183  192  199  203  204  202  198  193  189  185  181  177  173  168  163
  158  155  152  148  147  145  148  148  150                                   
    45.0-180.0 180.0   5.0 450.0                            LAT/LON1/LON2/DLON/H
  160  170  169  171  169  166  161  149  134  117  100   88   79   72   66   61
   57   52   49   46   43   43   42   43   45   47   50   52   54   56   57   59
   61   65   68   72   75   76   77   79   84   92  104  119  135  149  162  174
  184  194  203  211  216  217  214  209  202  196  191  186  182  177  172  168
  164  162  160  156  155  153  156  156  160                                   
    42.5-180.0 180.0   5.0 450.0                            LAT/LON1/LON2/DLON/H
  166  179  178  182  183  180  177  165  151  132  115  101   89   80   74   68
   64   60   58   56   56   56   56   57   58   58   59   59   60   61   62   65
   69   74   79   83   86   87   87   88   91   99  111  126  143  158  171  183
  194  204  213  221  226  227  224  218  210  203  197  191  187  181  177  173
  170  168  166  164  162  159  162  161  166                                   
    40.0-180.0 180.0   5.0 450.0                            LAT/LON1/LON2/DLON/H
  169  181  180  185  188  187  184  174  161  144  127  113  101   91   83   77
   72   69   68   67   68   70   71   71   71   70   68   67   66   66   67   70
   75   80   85   90   93   94   94   94   98  106  119  134  151  167  180  192
  202  211  219  227  232  235  233  227  220  212  205  200  194  189  183  180
  176  174  173  170  168  163  164  161  169                                   
    37.5-180.0 180.0   5.0 450.0                            LAT/LON1/LON2/DLON/H
  170  178  175  180  185  183  182  175  165  150  136  123  111  101   93   86
   81   78   77   77   79   81   83   83   82   80   77   74   71   70   71   74
   78   83   88   92   95   96   96   98  103  112  126  142  159  175  188  199
  208  215  223  231  238  242  242  238  232  225  218  213  207  201  195  190
  185  183  181  177  174  166  165  161  170                                   
    35.0-180.0 180.0   5.0 450.0                            LAT/LON1/LON2/DLON/H
  172  175  169  171  177  174  173  167  160  149  138  129  120  110  102   95
   89   86   84   85   87   89   91   91   90   87   84   80   77   75   75   77
   80   84   88   91   93   94   96   99  106  117  132  149  166  181  194  203
  211  218  225  234  243  250  253  252  248  242  237  231  226  219  212  205
  199  194  191  187  182  172  170  162  172                                   
    32.5-180.0 180.0   5.0 450.0                            LAT/LON1/LON2/DLON/H
  181  178  169  167  171  164  162  156  151  143  136  131  125  117  110  102
   97   93   90   90   91   94   95   96   95   93   89   85   82   79   79   80
   82   84   86   87   89   91   94   99  108  121  137  154  170  185  197  205
  212  219  228  238  249  259  266  268  267  263  259  255  250  243  235  227
  218  211  207  200  195  184  180  171  181                                   
    30.0-180.0 180.0   5.0 450.0                            LAT/LON1/LON2/DLON/H
  201  195  184  177  176  165  159  150  144  136  132  130  126  121  115  108
  102   97   94   93   93   94   96   97   97   96   93   90   86   83   82   82
   83   84   84   84   85   87   91   98  108  123  139  155  171  185  196  205
  213  221  232  244  258  271  281  287  288  287  285  283  279  272  264  254
  243  235  228  220  215  204  201  191  201                                   
    27.5-180.0 180.0   5.0 450.0                            LAT/LON1/LON2/DLON/H
  233  227  217  206  200  183  172  157  145  135  130  129  127  123  117  111
  105  100   96   93   92   93   95   97   98   98   97   94   90   87   86   85
   85   85   83   83   83   84   89   96  107  122  137  153  168  182  194  204
  214  225  238  253  270  285  298  307  311  312  313  312  310  305  297  287
  275  266  258  247  243  233  232  223  233                                   
    25.0-180.0 180.0   5.0 450.0                            LAT/LON1/LON2/DLON/H
  275  275  268  255  243  223  206  182  163  146  137  133  129  125  119  113
  107  101   95   92   90   91   94   96   98   99   99   97   94   91   89   88
   88   87   85   84   83   84   88   94  105  118  133  149  163  177  190  203
  217  231  247  265  284  302  317  327  334  338  340  341  342  340  334  325
  313  303  294  282  278  270  271  266  275                                   
    22.5-180.0 180.0   5.0 450.0                            LAT/LON1/LON2/DLON/H
  325  332  330  317  303  283  261  229  200  174  156  145  137  130  122  115
  108  101   94   90   89   90   93   96   99  101  101  100   97   94   92   92
   92   91   89   87   86   86   87   92  101  113  127  142  157  172  187  203
  221  240  260  280  300  319  335  348  356  361  365  369  372  373  370  364
  355  346  337  324  319  313  316  317  325                                   
    20.0-180.0 180.0   5.0 450.0                            LAT/LON1/LON2/DLON/H
  377  392  393  383  370  353  330  293  256  219  190  170  154  141  129  119
  110  101   95   90   89   91   95   98  101  103  103  101   99   96   95   95
   96   96   95   92   90   88   88   90   97  107  121  137  152  168  186  206
  227  250  273  296  316  335  352  365  375  383  388  394  400  404  406  403
  397  391  383  370  364  359  363  369  377                                   
    17.5-180.0 180.0   5.0 450.0                            LAT/LON1/LON2/DLON/H
  425  445  447  442  433  421  400  363  321  276  237  206  181  160  142  127
  115  105   97   93   92   94   98  102  104  105  105  103  100   98   97   98
  100  100  100   98   95   91   88   88   93  103  117  133  150  168  187  210
  235  261  287  310  331  349  365  380  391  401  409  417  425  432  437  439
  437  433  428  416  408  404  408  417  425                                   
    15.0-180.0 180.0   5.0 450.0                            LAT/LON1/LON2/DLON/H
  463  483  485  483  478  472  456  424  382  333  287  248  215  187  163  142
  126  114  105  100   99  101  104  107  109  109  107  105  102  100   99  101
  103  104  104  102   98   93   89   88   91  101  116  133  151  170  191  215
  242  271  298  322  342  359  376  391  405  416  426  436  446  456  465  470
  471  470  467  457  449  444  447  457  463                                   
    12.5-180.0 180.0   5.0 450.0                            LAT/LON1/LON2/DLON/H
  486  503  501  499  497  495  485  461  425  379  332  289  252  219  189  164
  144  128  118  111  109  110  113  114  115  113  111  107  104  102  102  104
  106  106  106  104  100   95   90   88   92  102  117  135  154  173  195  220
  248  278  307  331  350  367  384  401  416  430  441  452  464  476  487  495
  498  500  498  490  481  476  478  487  486                                   
    10.0-180.0 180.0   5.0 450.0                            LAT/LON1/LON2/DLON/H
  497  505  497  489  489  490  485  470  441  402  359  319  282  249  218  190
  167  149  136  128  124  123  123  123  121  119  115  111  108  106  106  107
  107  107  106  103  100   95   91   90   94  104  120  139  158  177  199  224
  253  283  312  336  356  374  392  410  426  440  453  465  478  491  502  511
  517  519  520  513  504  499  500  505  497                                   
     7.5-180.0 180.0   5.0 450.0                            LAT/LON1/LON2/DLON/H
  497  496  480  464  461  461  458  451  431  400  364  331  300  271  243  216
  192  172  158  148  141  136  133  131  129  126  122  117  113  110  110  109
