data/edconvlstm_nd/pred3500.15i
     1.0            IONOSPHERE MAPS     GNSS                IONEX VERSION / TYPE
pyspatialgeodesy        IME             05-JAN-18 20:20     PGM / RUN BY / DATE 
Map Name                                                    COMMENT             
Predicted global ionosphere maps (GIM).                     DESCRIPTION         
  2015    12    16     0     0     0                        EPOCH OF FIRST MAP  
  2015    12    17     0     0     0                        EPOCH OF LAST MAP   
  7200                                                      INTERVAL            
    13                                                      # OF MAPS IN FILE   
  NONE                                                      MAPPING FUNCTION    
10.0                                                        ELEVATION CUTOFF    
One-way carrier phase leveled to code                       OBSERVABLES USED    
  6371.0                                                    BASE RADIUS         
 2                                                          MAP DIMENSION       
   450.0 450.0   0.0                                        HGT1 / HGT2 / DHGT  
    87.5 -87.5  -2.5                                        LAT1 / LAT2 / DLAT  
  -180.0 180.0   5.0                                        LON1 / LON2 / DLON  
    -1                                                      EXPONENT            
                                                            END OF HEADER       
[from data line 4290]
    11                                                      START OF TEC MAP    
  2015    12    16    20     0     0                        EPOCH OF CURRENT MAP
    87.5-180.0 180.0   5.0 450.0                            LAT/LON1/LON2/DLON/H
   68   68   62   63   68   65   64   60   60   63   62   63   63   63   64   64
   64   64   64   63   63   62   62   61   61   60   60   59   58   58   58   57
   57   57   57   57   57   57   57   58   58   59   59   60   61   61   62   63
   63   64   64   65   65   65   65   65   65   65   65   65   64   64   63   63
   62   61   57   53   56   56   75   83   68                                   
    85.0-180.0 180.0   5.0 450.0                            LAT/LON1/LON2/DLON/H
   71   68   75   57   58   61   59   60   60   63   62   63   64   64   65   65
   66   66   65   65   65   64   64   63   62   62   61   61   60   60   59   59
   58   58   58   58   58   58   58   58   59   60   60   61   62   63   64   65
   66   66   67   68   68   69   69   69   69   69   68   68   67   67   66   65
   65   63   58   53   57   58   64   59   71                                   
    82.5-180.0 180.0   5.0 450.0                            LAT/LON1/LON2/DLON/H
   49   51   54   45   50   51   52   53   54   56   57   59   60   61   62   63
   63   63   63   62   61   60   60   59   58   57   56   56   55   54   54   53
   53   52   52   51   51   51   51   51   51   52   53   54   55   56   58   59
   61   62   64   65   65   66   66   66   66   66   65   64   63   62   61   60
   59   55   51   48   53   63   57   56   49                                   
    80.0-180.0 180.0   5.0 450.0                            LAT/LON1/LON2/DLON/H
   27   32   42   35   40   38   42   44   48   51   53   57   58   60   61   62
   62   62   61   60   58   57   55   54   52   51   51   50   50   49   49   48
   48   47   47   46   45   45   45   45   45   46   47   48   50   52   54   57
   59   61   63   65   66   67   67   67   66   66   64   63   61   60   58   55
   54   52   48   45   44   49   41   48   27                                   
    77.5-180.0 180.0   5.0 450.0                            LAT/LON1/LON2/DLON/H
   35   33   35   30   36   36   42   45   49   53   56   61   64   67   68   69
   68   67   65   63   60   58   55   53   52   50   49   49   49   49   48   48
   47   47   46   44   43   42   41   40   40   41   42   43   46   48   52   55
   59   62   65   67   69   70   71   71   70   68   67   65   63   60   58   55
   53   50   47   45   42   41   37   48   35                                   
    75.0-180.0 180.0   5.0 450.0                            LAT/LON1/LON2/DLON/H
   27   28   30   29   35   37   42   48   54   60   65   71   75   78   80   80
   79   77   74   70   66   62   59   56   53   52   51   50   51   51   51   51
   50   49   48   46   44   43   41   40   39   39   40   41   44   47   51   54
   58   62   65   68   70   71   71   70   69   68   66   64   62   60   58   56
   54   53   50   46   42   37   30   32   27                                   
    72.5-180.0 180.0   5.0 450.0                            LAT/LON1/LON2/DLON/H
   36   35   36   38   40   43   51   56   61   67   73   80   85   88   90   90
   89   85   81   76   70   65   60   55   52   49   48   48   48   48   48   48
   48   47   45   43   40   38   35   33   32   32   32   33   36   39   42   47
   51   54   58   60   62   62   62   62   61   59   58   57   55   54   52   51
   49   48   45   41   38   34   31   36   36                                   
    70.0-180.0 180.0   5.0 450.0                            LAT/LON1/LON2/DLON/H
   40   41   43   46   50   54   61   68   76   83   90   98  103  107  109  110
  108  104   99   93   86   78   72   65   60   57   54   53   52   52   53   52
   52   50   48   45   42   39   36   33   32   31   31   32   35   37   41   45
   48   52   54   56   57   58   57   57   56   55   55   54   54   53   53   53
   51   51   50   47   44   40   40   45   40                                   
    67.5-180.0 180.0   5.0 450.0                            LAT/LON1/LON2/DLON/H
   50   51   54   58   64   69   77   84   91   98  105  112  118  123  126  126
  124  121  115  108  100   91   82   73   66   60   56   53   52   51   50   50
   49   47   44   41   37   34   31   29   27   27   27   28   30   32   35   38
   41   44   46   47   47   47   46   46   46   46   46   47   48   49   50   50
   50   49   48   45   43   42   41   46   50                                   
    65.0-180.0 180.0   5.0 450.0                            LAT/LON1/LON2/DLON/H
   54   58   62   69   75   81   89   97  105  112  120  128  134  139  143  145
  144  141  136  129  120  109   98   87   77   68   61   56   52   50   48   47
   45   42   39   35   32   29   26   24   23   23   24   25   26   28   30   32
   34   36   36   37   36   35   35   35   36   37   39   41   43   45   47   49
   49   49   50   48   47   48   47   53   54                                   
    62.5-180.0 180.0   5.0 450.0                            LAT/LON1/LON2/DLON/H
   58   64   69   77   85   93  101  109  117  124  131  139  146  152  157  161
  162  160  156  149  140  128  115  101   87   75   65   57   51   47   44   41
   39   35   32   28   25   22   20   19   19   20   21   22   23   24   25   27
   27   28   27   27   26   25   25   25   26   28   31   34   37   40   43   44
   45   45   46   44   44   45   46   52   58                                   
    60.0-180.0 180.0   5.0 450.0                            LAT/LON1/LON2/DLON/H
   60   67   74   83   91  100  109  118  125  132  140  148  155  163  169  175
  178  178  176  169  160  147  132  115   99   83   70   59   52   46   42   38
   34   30   26   22   19   17   16   16   17   18   19   21   22   22   23   23
   23   22   21   19   18   17   17   18   20   23   26   30   33   36   39   40
   41   41   42   41   41   44   46   53   60                                   
    57.5-180.0 180.0   5.0 450.0                            LAT/LON1/LON2/DLON/H
   61   69   77   88   98  108  118  127  134  141  148  155  163  171  180  187
  191  193  191  186  176  164  148  130  111   93   78   66   56   50   44   40
   35   30   26   22   19   17   17   17   19   21   23   24   25   25   25   24
   23   21   19   17   16   15   15   16   19   22   25   29   32   35   37   39
   39   40   41   39   39   43   45   54   61                                   
    55.0-180.0 180.0   5.0 450.0                            LAT/LON1/LON2/DLON/H
   65   74   84   95  107  117  128  137  144  150  156  163  171  179  188  196
  202  204  202  197  188  175  159  141  122  104   88   75   65   58   52   46
   41   35   30   26   23   22   22   23   25   27   29   31   31   31   30   29
   28   26   23   21   19   18   18   20   23   26   29   32   34   37   39   40
   41   42   43   42   42   45   46   57   65                                   
    52.5-180.0 180.0   5.0 450.0                            LAT/LON1/LON2/DLON/H
   72   82   94  105  118  130  141  150  156  161  165  171  178  186  195  202
  207  209  206  201  192  181  166  150  132  115  100   87   78   70   63   56
   50   44   39   35   32   31   31   33   35   37   40   41   41   40   40   38
   37   35   33   31   29   28   29   30   33   36   38   39   40   42   43   45
   47   49   52   51   50   52   53   65   72                                   
    50.0-180.0 180.0   5.0 450.0                            LAT/LON1/LON2/DLON/H
   85   95  108  120  133  146  158  166  171  175  178  181  187  194  201  207
  210  210  206  200  192  183  171  157  142  127  113  102   92   83   75   68
   61   54   49   46   44   43   43   45   47   49   51   52   52   51   51   50
   50   49   48   46   45   44   45   47   49   50   51   50   49   49   51   54
   57   61   65   66   64   64   65   76   85                                   
    47.5-180.0 180.0   5.0 450.0                            LAT/LON1/LON2/DLON/H
  100  110  125  137  151  165  176  185  189  192  193  194  198  202  207  211
  211  208  203  197  190  183  174  164  152  139  127  115  105   95   86   76
   68   62   58   56   55   55   55   56   58   59   61   61   61   61   62   63
   64   65   65   64   64   63   64   66   67   67   65   62   59   57   59   63
   68   74   80   83   80   80   81   91  100                                   
    45.0-180.0 180.0   5.0 450.0                            LAT/LON1/LON2/DLON/H
  116  127  143  155  169  184  195  204  208  210  209  209  210  213  215  215
  212  207  200  194  189  184  179  172  162  151  139  126  114  102   90   80
   71   65   62   62   63   64   65   65   66   67   68   69   69   70   71   74
   77   80   81   82   82   82   83   85   85   83   78   73   68   65   67   72
   79   87   94   98   97   97   97  107  116                                   
    42.5-180.0 180.0   5.0 450.0                            LAT/LON1/LON2/DLON/H
  129  140  157  170  184  200  212  221  224  227  225  224  224  224  224  221
  216  208  201  195  191  189  186  181  172  161  147  133  118  103   89   77
   68   63   63   65   68   70   71   72   72   72   73   74   75   76   79   82
   87   91   94   95   96   97   98   99   98   94   88   81   75   72   74   79
   86   95  103  109  108  109  110  121  129                                   
    40.0-180.0 180.0   5.0 450.0                            LAT/LON1/LON2/DLON/H
  138  150  166  180  196  211  223  233  237  240  239  238  237  236  234  229
  222  214  206  202  200  199  197  192  182  168  152  134  117  100   85   72
   64   61   63   67   72   75   76   76   75   75   76   77   79   81   84   88
   93   97  100  102  103  104  105  105  104  100   94   86   79   76   78   83
   89   98  106  112  112  114  117  130  138                                   
    37.5-180.0 180.0   5.0 450.0                            LAT/LON1/LON2/DLON/H
  141  154  171  185  201  216  229  239  245  249  249  249  248  247  245  240
  233  225  218  214  213  212  209  202  190  173  154  134  115   97   83   72
   66   65   68   74   80   83   84   82   80   80   80   82   84   86   88   92
   95   99  101  103  103  104  105  105  104  100   94   87   81   78   79   83
   88   95  102  107  108  112  117  132  141                                   
    35.0-180.0 180.0   5.0 450.0                            LAT/LON1/LON2/DLON/H
  141  154  171  186  202  215  229  240  247  253  255  257  258  258  257  252
  246  239  234  231  229  227  221  210  195  176  156  136  118  103   91   84
   80   81   85   91   95   97   96   92   89   87   88   89   91   92   94   95
   97   98   99   99   99  100  100  100   99   96   91   86   81   78   78   81
   83   88   94   98   99  105  112  130  141                                   
    32.5-180.0 180.0   5.0 450.0                            LAT/LON1/LON2/DLON/H
  140  155  172  185  200  211  225  236  246  253  258  263  266  268  268  265
  260  254  250  247  245  239  230  216  200  181  162  145  131  122  116  113
  113  114  117  120  122  120  115  108  103  100  100  101  102  103  102  101
  100   98   96   95   94   94   94   94   93   91   88   85   81   78   78   78
   78   80   84   88   90   98  107  127  140                                   
    30.0-180.0 180.0   5.0 450.0                            LAT/LON1/LON2/DLON/H
  142  159  176  187  200  208  220  231  242  251  260  267  273  278  279  278
  273  268  264  261  256  247  235  220  205  190  177  167  160  158  159  162
  164  165  165  163  158  151  141  131  122  118  117  118  118  117  114  110
  105  100   96   93   91   91   91   91   90   89   87   85   83   80   78   76
   74   74   78   82   86   96  107  128  142                                   
    27.5-180.0 180.0   5.0 450.0                            LAT/LON1/LON2/DLON/H
  151  169  187  195  206  211  219  228  239  249  260  271  280  286  289  289
  285  280  274  269  261  250  237  225  214  207  203  202  205  212  221  229
  232  230  223  213  201  186  170  156  145  140  137  137  136  133  129  122
  114  106  100   95   93   93   93   92   91   90   89   88   86   83   80   77
   73   73   77   83   88  101  115  136  151                                   
    25.0-180.0 180.0   5.0 450.0                            LAT/LON1/LON2/DLON/H
  166  187  205  210  220  221  226  231  241  251  264  275  287  295  299  299
  294  288  280  272  262  250  240  232  231  234  241  251  263  279  295  306
  308  300  284  264  241  219  198  181  168  161  158  156  154  151  144  136
  126  116  108  103  100  100  100   99   98   96   95   94   92   88   84   80
   75   77   82   90   99  115  131  151  166                                   
    22.5-180.0 180.0   5.0 450.0                            LAT/LON1/LON2/DLON/H
  187  210  229  233  242  241  242  244  251  260  272  284  296  305  310  309
  304  295  285  274  262  252  246  247  256  271  289  309  329  351  370  380
  377  361  334  303  272  244  219  200  186  179  175  172  169  165  158  150
  139  129  120  114  112  112  112  111  108  106  103  101   98   93   88   84
   80   84   92  104  116  135  153  172  187                                   
    20.0-180.0 180.0   5.0 450.0                            LAT/LON1/LON2/DLON/H
  211  236  256  261  271  269  268  267  271  278  287  298  310  319  323  322
  316  305  292  279  267  260  261  271  291  317  344  370  394  415  430  435
  424  397  361  322  286  255  229  210  197  190  185  182  178  174  168  160
  150  141  132  127  125  125  125  124  121  117  112  107  102   97   91   87
   85   93  103  120  135  157  177  196  211                                   
    17.5-180.0 180.0   5.0 450.0                            LAT/LON1/LON2/DLON/H
  234  261  283  291  303  302  301  298  299  304  312  321  330  338  343  342
  334  321  307  293  283  281  288  307  335  368  400  426  446  459  464  458
  437  403  362  320  283  253  229  212  201  193  188  184  180  175  170  164
  157  149  142  138  136  137  138  136  132  126  119  112  105   98   93   89
   89  100  113  134  152  176  198  218  234                                   
    15.0-180.0 180.0   5.0 450.0                            LAT/LON1/LON2/DLON/H
  253  282  307  318  334  336  337  334  335  338  343  350  358  366  370  369
  361  348  333  321  313  315  328  353  386  421  450  469  477  476  468  450
  421  383  341  302  269  242  223  209  199  192  186  180  175  171  167  163
  159  153  148  145  144  145  146  145  140  133  124  115  107   99   93   90
   91  105  121  144  163  189  213  235  253                                   
    12.5-180.0 180.0   5.0 450.0                            LAT/LON1/LON2/DLON/H
  265  297  325  340  360  366  371  370  373  376  380  386  393  400  405  405
  399  387  374  363  359  364  379  405  438  468  489  494  487  471  448  420
  386  349  312  278  252  231  215  204  196  189  182  174  168  163  160  159
  156  153  149  147  146  147  149  148  144  137  127  117  107   99   93   91
   93  108  125  148  168  195  221  244  265                                   
    10.0-180.0 180.0   5.0 450.0                            LAT/LON1/LON2/DLON/H
  271  306  337  354  379  389  400  403  409  413  418  424  431  439  446  448
  445  436  426  418  415  422  437  460  485  505  512  502  479  450  418  384
  349  315  285  260  240  225  214  204  196  188  179  170  163  157  155  154
  153  151  148  145  144  146  147  148  144  137  127  117  107   99   94   92
   95  110  127  149  169  196  222  246  271                                   
     7.5-180.0 180.0   5.0 450.0                            LAT/LON1/LON2/DLON/H
  274  311  344  363  390  405  422  429  439  447  453  460  469  479  488  494
  494  490  483  478  477  482  493  508  522  528  520  497  464  427  390  354
