data/edconvlstm_nd/pred0090.15i
     1.0            IONOSPHERE MAPS     GNSS                IONEX VERSION / TYPE
pyspatialgeodesy        IME             05-JAN-18 20:20     PGM / RUN BY / DATE 
Map Name                                                    COMMENT             
Predicted global ionosphere maps (GIM).                     DESCRIPTION         
  2015     1     9     0     0     0                        EPOCH OF FIRST MAP  
  2015     1    10     0     0     0                        EPOCH OF LAST MAP   
  7200                                                      INTERVAL            
    13                                                      # OF MAPS IN FILE   
  NONE                                                      MAPPING FUNCTION    
10.0                                                        ELEVATION CUTOFF    
One-way carrier phase leveled to code                       OBSERVABLES USED    
  6371.0                                                    BASE RADIUS         
 2                                                          MAP DIMENSION       
   450.0 450.0   0.0                                        HGT1 / HGT2 / DHGT  
    87.5 -87.5  -2.5                                        LAT1 / LAT2 / DLAT  
  -180.0 180.0   5.0                                        LON1 / LON2 / DLON  
    -1                                                      EXPONENT            
                                                            END OF HEADER       
     1                                                      START OF TEC MAP    
  2015     1     9     0     0     0                        EPOCH OF CURRENT MAP
    87.5-180.0 180.0   5.0 450.0                            LAT/LON1/LON2/DLON/H
   96   92   83   77   76   82   79   78   79   79   79   80   80   80   80   79
   78   77   76   74   73   71   70   68   66   65   64   63   62   61   60   60
   60   60   60   60   61   61   62   62   63   64   65   66   67   68   70   71
   72   73   73   74   75   75   75   75   75   75   74   74   73   72   72   72
   71   70   69   70   62   77   81   75   96                                   
    85.0-180.0 180.0   5.0 450.0                            LAT/LON1/LON2/DLON/H
   92   95   75   80   85   93   90   89   90   90   91   92   92   92   91   91
   89   87   85   83   81   78   75   73   70   68   66   64   63   62   61   61
   61   61   61   62   62   63   64   66   67   68   70   72   73   75   77   78
   80   81   82   83   84   85   85   85   84   84   83   82   81   80   79   79
   78   77   77   81   81   87   96   85   92                                   
    82.5-180.0 180.0   5.0 450.0                            LAT/LON1/LON2/DLON/H
   83   76   87   86   90   99   97   97  101  102  104  106  106  106  105  103
  101   98   94   90   86   81   77   72   68   64   60   58   55   54   52   52
   52   52   53   54   55   57   58   60   62   65   67   70   73   75   78   81
   83   85   87   88   89   89   89   89   88   87   85   84   82   80   79   78
   77   75   74   73   79   72   81   84   83                                   
    80.0-180.0 180.0   5.0 450.0                            LAT/LON1/LON2/DLON/H
   98   90   92   88   99  104  107  110  117  119  122  124  125  125  124  121
  118  113  108  102   95   88   81   75   69   63   59   55   52   50   49   49
   49   50   51   53   55   57   59   61   64   67   69   72   75   78   81   84
   87   90   91   93   94   94   94   93   91   89   87   85   83   80   79   78
   76   74   73   72   87   80   90  103   98                                   
    77.5-180.0 180.0   5.0 450.0                            LAT/LON1/LON2/DLON/H
  112  108  101  107  111  119  124  132  139  142  147  149  150  148  146  141
  136  129  121  113  104   95   87   78   71   65   60   56   54   52   52   53
   54   55   57   59   62   64   66   69   71   73   76   78   81   83   86   89
   91   94   96   97   98   98   97   95   93   90   88   85   82   80   78   77
   76   76   75   75   86   87   92  110  112                                   
    75.0-180.0 180.0   5.0 450.0                            LAT/LON1/LON2/DLON/H
  125  116  117  125  129  140  145  152  161  164  167  168  167  163  157  150
  142  132  122  112  102   92   83   75   68   63   59   56   55   55   56   57
   59   61   64   66   69   71   73   75   77   79   80   81   83   85   87   89
   91   93   94   95   96   95   94   92   90   87   84   81   79   77   76   75
   74   76   78   74   86   96   99  113  125                                   
    72.5-180.0 180.0   5.0 450.0                            LAT/LON1/LON2/DLON/H
  125  124  129  136  142  150  158  167  174  177  178  177  172  166  157  147
  136  125  114  103   94   85   77   70   65   62   59   58   58   59   61   63
   66   68   70   73   75   77   78   79   79   80   80   79   79   79   80   81
   82   84   85   86   86   85   84   82   79   76   74   71   70   69   69   70
   70   72   78   76   86   99  106  126  125                                   
    70.0-180.0 180.0   5.0 450.0                            LAT/LON1/LON2/DLON/H
  133  134  141  152  158  169  176  184  191  192  191  186  179  169  156  143
  130  117  105   95   86   79   73   68   65   63   62   62   63   65   67   69
   71   73   75   76   78   79   80   80   80   79   78   77   75   74   74   74
   75   76   77   78   78   77   76   75   72   70   68   67   66   67   69   72
   73   76   83   84   93  108  115  133  133                                   
    67.5-180.0 180.0   5.0 450.0                            LAT/LON1/LON2/DLON/H
  139  145  151  163  170  179  186  194  200  199  196  189  179  165  150  135
  120  106   95   85   77   72   68   65   63   62   62   63   64   65   67   67
   68   68   68   69   69   69   70   70   70   69   68   66   64   62   60   60
   60   61   62   63   64   64   64   62   61   60   59   59   60   62   65   70
   74   78   86   87   98  115  121  141  139                                   
    65.0-180.0 180.0   5.0 450.0                            LAT/LON1/LON2/DLON/H
  145  152  159  172  179  188  195  203  208  206  202  194  182  166  150  133
  117  103   91   82   76   72   69   67   65   65   64   64   64   64   63   62
   61   59   57   56   56   57   57   58   58   58   57   56   54   52   50   49
   49   50   51   52   54   55   55   54   54   54   54   56   59   63   68   74
   80   86   94   97  107  124  131  151  145                                   
    62.5-180.0 180.0   5.0 450.0                            LAT/LON1/LON2/DLON/H
  154  163  169  182  190  198  205  212  217  215  210  202  189  173  156  138
  122  107   96   88   82   78   75   72   70   68   66   65   63   61   59   55
   52   48   45   44   43   44   45   46   48   48   49   48   46   45   43   42
   42   43   44   46   48   50   51   51   52   53   55   59   64   69   77   84
   91   98  107  111  119  137  143  162  154                                   
    60.0-180.0 180.0   5.0 450.0                            LAT/LON1/LON2/DLON/H
  166  177  182  194  201  208  213  219  224  221  217  210  198  183  166  148
  132  118  107   99   92   87   83   78   74   70   66   62   59   55   51   47
   42   37   34   32   31   32   34   36   38   40   41   42   41   40   38   37
   37   38   39   42   44   47   49   51   52   55   59   65   71   79   88   97
  104  112  123  127  135  151  157  174  166                                   
    57.5-180.0 180.0   5.0 450.0                            LAT/LON1/LON2/DLON/H
  186  198  201  210  216  220  222  227  229  227  223  216  206  193  178  162
  147  133  122  113  104   97   90   82   75   68   62   57   52   48   44   39
   34   30   27   25   25   26   28   30   33   35   37   38   39   38   36   35
   35   35   37   39   42   45   49   52   55   60   66   74   82   92  103  113
  121  129  142  148  156  169  176  192  186                                   
    55.0-180.0 180.0   5.0 450.0                            LAT/LON1/LON2/DLON/H
  215  228  228  233  236  236  234  234  234  229  225  219  212  201  189  175
  162  149  137  126  115  104   94   83   74   64   57   51   46   42   39   35
   31   27   25   24   24   26   28   30   33   35   38   39   40   40   38   37
   36   36   37   40   43   47   51   55   60   67   75   85   96  108  120  131
  140  150  164  173  183  194  201  216  215                                   
    52.5-180.0 180.0   5.0 450.0                            LAT/LON1/LON2/DLON/H
  251  267  262  261  261  256  248  243  238  231  225  220  214  206  197  186
  174  161  149  135  122  108   96   84   72   62   53   47   42   40   37   35
   33   31   30   30   31   32   34   36   38   40   42   44   46   46   45   43
   42   41   42   44   47   51   56   61   68   76   86   97  110  123  137  149
  159  170  186  198  212  223  231  245  251                                   
    50.0-180.0 180.0   5.0 450.0                            LAT/LON1/LON2/DLON/H
  290  310  299  293  291  281  266  254  244  233  225  219  214  208  201  192
  181  169  155  140  125  111   98   85   74   63   54   48   44   42   41   40
   39   39   39   41   43   44   45   46   47   49   51   54   55   56   55   54
   52   51   51   52   55   59   64   70   76   85   96  108  123  137  152  166
  177  189  206  221  239  252  262  276  290                                   
    47.5-180.0 180.0   5.0 450.0                            LAT/LON1/LON2/DLON/H
  326  349  334  324  320  307  286  268  253  237  226  218  212  207  201  193
  183  171  156  141  125  112  101   90   79   69   60   54   50   49   48   47
   47   48   50   54   57   59   59   59   59   60   62   65   67   69   69   68
   66   64   63   64   66   69   73   78   84   93  104  117  132  148  164  179
  191  204  222  238  260  276  289  302  326                                   
    45.0-180.0 180.0   5.0 450.0                            LAT/LON1/LON2/DLON/H
  348  374  359  347  345  330  305  283  264  244  230  220  213  207  201  193
  182  169  154  139  125  115  106   98   88   79   70   64   60   57   56   54
   54   56   60   64   69   71   72   71   70   71   73   77   80   82   83   82
   81   79   78   77   78   79   82   85   91   99  110  123  140  157  175  191
  204  217  233  249  272  291  306  320  348                                   
    42.5-180.0 180.0   5.0 450.0                            LAT/LON1/LON2/DLON/H
  353  379  366  357  357  345  320  297  276  254  238  226  217  210  202  193
  181  167  152  138  127  120  114  108  101   92   83   76   70   65   61   58
   58   60   64   71   76   79   80   79   79   80   83   86   90   93   94   95
   95   93   91   89   88   88   89   91   96  104  115  129  147  166  187  205
  219  232  245  258  278  297  313  327  353                                   
    40.0-180.0 180.0   5.0 450.0                            LAT/LON1/LON2/DLON/H
  342  364  354  350  354  346  326  306  286  265  248  235  225  216  207  196
  182  167  152  140  133  128  125  121  115  106   96   86   77   69   63   59
   58   60   65   72   78   82   83   83   83   85   89   94   98  101  103  105
  105  103  101   98   96   94   94   96  101  108  120  136  156  179  203  225
  240  252  263  271  283  299  315  328  342                                   
    37.5-180.0 180.0   5.0 450.0                            LAT/LON1/LON2/DLON/H
  323  339  332  331  338  335  321  307  291  273  258  246  236  226  215  202
  187  171  158  148  143  140  138  133  126  116  104   92   81   71   65   60
   59   61   65   72   78   82   83   84   86   89   93   98  102  105  108  110
  110  109  107  104  101   98   98  100  105  114  127  145  168  195  224  251
  271  282  290  293  297  307  319  332  323                                   
    35.0-180.0 180.0   5.0 450.0                            LAT/LON1/LON2/DLON/H
  308  319  313  311  318  320  312  304  293  279  266  257  248  238  226  211
  195  181  169  162  157  154  149  141  131  119  107   94   83   75   69   65
   64   65   69   74   79   82   84   86   88   92   97  101  104  107  109  111
  111  111  108  105  102  100  100  103  110  120  136  157  184  216  252  286
  310  324  330  328  326  329  336  346  308                                   
    32.5-180.0 180.0   5.0 450.0                            LAT/LON1/LON2/DLON/H
  312  319  312  306  310  312  308  303  296  285  275  267  259  249  237  222
  206  193  183  177  171  164  154  142  130  118  107   97   89   84   80   78
   77   78   80   83   86   88   89   91   94   98  102  104  105  106  107  108
  109  108  106  103  100   99  100  105  114  128  147  172  204  242  286  327
  358  375  382  378  373  370  371  376  312                                   
    30.0-180.0 180.0   5.0 450.0                            LAT/LON1/LON2/DLON/H
  344  349  336  323  322  323  319  315  307  296  285  277  269  260  247  232
  217  205  196  189  180  167  152  136  124  115  109  105  102  100  100  100
  101  101  101  100  100  100  100  102  104  106  108  108  106  105  104  104
  104  103  101   99   97   97  100  107  118  136  159  189  228  274  325  375
  413  436  445  442  437  432  424  425  344                                   
    27.5-180.0 180.0   5.0 450.0                            LAT/LON1/LON2/DLON/H
  406  412  390  367  360  358  352  344  333  317  303  292  281  270  255  240
  225  213  203  193  180  163  144  128  119  117  118  121  124  126  129  132
  134  133  130  125  122  119  118  118  118  118  116  112  107  104  102  101
  100  100   98   96   96   97  101  109  124  145  173  210  255  309  369  427
  472  501  514  515  517  514  498  492  406                                   
    25.0-180.0 180.0   5.0 450.0                            LAT/LON1/LON2/DLON/H
  493  506  475  440  427  419  410  396  378  355  333  315  298  282  264  246
  229  215  203  190  173  153  135  123  122  128  138  147  154  159  164  167
  168  166  160  153  147  142  139  137  134  130  125  117  110  105  102  100
  100   99   98   97   98   99  104  113  130  155  189  232  284  345  412  475
  527  561  579  587  599  606  585  573  493                                   
    22.5-180.0 180.0   5.0 450.0                            LAT/LON1/LON2/DLON/H
  591  618  586  540  519  507  491  471  444  412  380  351  325  301  276  252
  230  212  196  180  162  144  131  128  136  151  167  181  190  195  199  201
  200  196  189  179  171  165  160  156  150  142  133  123  114  108  104  103
  102  102  102  102  102  103  107  117  135  164  203  252  310  377  447  514
  570  608  631  646  670  692  675  657  591                                   
    20.0-180.0 180.0   5.0 450.0                            LAT/LON1/LON2/DLON/H
  685  731  704  655  628  611  590  564  530  489  446  405  367  331  297  264
  235  209  188  170  153  142  138  145  163  185  206  221  228  231  231  231
  229  223  214  203  194  187  180  172  163  152  140  128  118  112  108  107
  106  106  106  106  106  107  111  121  141  172  216  269  332  401  472  540
  597  637  665  687  721  754  748  728  685                                   
    17.5-180.0 180.0   5.0 450.0                            LAT/LON1/LON2/DLON/H
  757  821  806  762  733  714  693  664  627  582  531  478  427  378  331  286
  246  213  186  166  154  150  158  176  202  230  251  262  264  262  259  257
  254  246  236  224  213  204  194  184  172  158  144  131  121  115  112  110
  110  109  110  110  110  111  115  126  147  181  228  285  349  418  487  551
  606  646  678  706  745  784  792  772  757                                   
    15.0-180.0 180.0   5.0 450.0                            LAT/LON1/LON2/DLON/H
  798  873  871  840  814  798  779  755  721  677  623  563  503  441  381  323
  271  227  195  174  167  173  191  219  251  280  297  302  297  289  282  278
  273  264  252  239  226  214  203  190  175  160  145  132  122  116  114  112
  112  112  112  113  114  115  120  133  156  193  242  300  363  427  490  548
  597  634  668  700  739  778  799  783  798                                   
    12.5-180.0 180.0   5.0 450.0                            LAT/LON1/LON2/DLON/H
  802  878  891  875  856  846  835  819  795  759  709  650  584  516  445  376
  311  258  219  198  195  209  236  271  305  330  340  335  323  309  299  292
  284  273  259  244  231  218  205  190  174  158  143  131  122  117  114  113
  112  112  113  114  116  119  127  143  169  207  256  313  372  431  484  532
  573  605  638  673  709  744  776  766  802                                   
    10.0-180.0 180.0   5.0 450.0                            LAT/LON1/LON2/DLON/H
  776  845  869  867  855  851  849  846  837  815  776  723  661  592  517  441
  367  305  260  238  238  258  290  326  357  374  374  360  340  321  306  295
  284  271  257  243  230  218  203  187  171  155  141  129  121  116  113  111
  110  110  111  112  116  123  135  154  183  222  270  323  377  427  471  509
  541  568  599  634  667  697  735  732  776                                   
     7.5-180.0 180.0   5.0 450.0                            LAT/LON1/LON2/DLON/H
  731  791  821  825  817  816  820  831  840  836  813  773  720  657  587  511
  434  367  318  294  294  315  347  379  401  407  394  371  344  321  303  290
