data/edconvlstm_nd/pred0680.15i
     1.0            IONOSPHERE MAPS     GNSS                IONEX VERSION / TYPE
pyspatialgeodesy        IME             05-JAN-18 20:20     PGM / RUN BY / DATE 
Map Name                                                    COMMENT             
Predicted global ionosphere maps (GIM).                     DESCRIPTION         
  2015     3     9     0     0     0                        EPOCH OF FIRST MAP  
  2015     3    10     0     0     0                        EPOCH OF LAST MAP   
  7200                                                      INTERVAL            
    13                                                      # OF MAPS IN FILE   
  NONE                                                      MAPPING FUNCTION    
10.0                                                        ELEVATION CUTOFF    
One-way carrier phase leveled to code                       OBSERVABLES USED    
  6371.0                                                    BASE RADIUS         
 2                                                          MAP DIMENSION       
   450.0 450.0   0.0                                        HGT1 / HGT2 / DHGT  
    87.5 -87.5  -2.5                                        LAT1 / LAT2 / DLAT  
  -180.0 180.0   5.0                                        LON1 / LON2 / DLON  
    -1                                                      EXPONENT            
                                                            END OF HEADER       
[from data line 2145]
     6                                                      START OF TEC MAP    
  2015     3     9    10     0     0                        EPOCH OF CURRENT MAP
    87.5-180.0 180.0   5.0 450.0                            LAT/LON1/LON2/DLON/H
  108  113  113  120  125  127  128  129  133  137  140  143  145  147  149  150
  152  154  155  156  157  159  160  161  162  163  164  165  166  167  168  168
  169  169  169  170  169  169  169  168  167  165  163  161  159  156  153  150
  146  143  139  135  131  127  123  119  115  111  108  105  102  100   99   98
   98   99   98   97  102  103  113  118  108                                   
    85.0-180.0 180.0   5.0 450.0                            LAT/LON1/LON2/DLON/H
   98  113  123  122  126  133  136  140  144  148  150  153  155  157  158  159
  161  162  163  165  166  168  169  171  173  174  176  178  180  181  183  184
  186  187  188  188  189  189  188  188  187  185  183  180  177  173  169  165
  160  155  150  144  139  133  127  122  117  112  108  104  101   99   97   96
   97   98   95   95   95  100  105  110   98                                   
    82.5-180.0 180.0   5.0 450.0                            LAT/LON1/LON2/DLON/H
   83  105  113  112  115  124  129  134  139  143  146  149  150  152  153  153
  154  155  156  157  159  160  162  165  168  171  174  177  180  184  187  190
  193  196  199  201  203  204  205  204  204  202  200  197  193  189  184  178
  172  165  157  150  142  133  125  117  109  102   95   90   85   81   79   78
   78   79   77   79   82   90   89   89   83                                   
    80.0-180.0 180.0   5.0 450.0                            LAT/LON1/LON2/DLON/H
   77   95  103  105  109  115  121  128  134  138  140  143  144  144  144  144
  143  143  143  144  145  147  149  152  156  160  164  169  174  179  184  189
  194  199  203  207  211  213  215  217  217  216  215  212  209  205  201  195
  189  181  173  165  155  145  135  125  115  105   96   88   81   76   72   70
   69   68   68   69   72   79   84   82   77                                   
    77.5-180.0 180.0   5.0 450.0                            LAT/LON1/LON2/DLON/H
   82   93   99  100  102  109  115  121  127  130  131  133  133  132  131  129
  127  126  126  126  127  129  132  135  140  145  150  156  163  170  177  184
  192  199  206  212  218  222  226  229  231  232  232  231  230  227  224  220
  215  209  202  194  185  174  162  150  137  125  113  103   94   86   80   76
   74   72   70   73   75   76   80   82   82                                   
    75.0-180.0 180.0   5.0 450.0                            LAT/LON1/LON2/DLON/H
   82   93   93   95   96  103  107  111  116  119  119  120  118  116  113  111
  108  106  106  106  107  110  114  118  123  129  135  142  150  158  166  175
  184  193  202  210  217  224  230  234  238  240  242  243  244  244  243  242
  241  238  233  227  219  209  197  184  170  156  142  129  117  108  100   95
   90   87   85   82   84   82   85   80   82                                   
    72.5-180.0 180.0   5.0 450.0                            LAT/LON1/LON2/DLON/H
   85   92   91   92   92   97  102  105  109  110  110  109  107  104  100   96
   94   92   92   93   95   98  103  108  113  119  126  133  141  149  158  167
  177  187  197  206  215  222  229  235  239  243  247  250  253  256  259  262
  264  265  264  261  256  247  236  223  207  191  175  160  146  134  125  118
  112  108  104  101   99   95   95   91   85                                   
    70.0-180.0 180.0   5.0 450.0                            LAT/LON1/LON2/DLON/H
   90   91   89   88   87   90   93   96   99  101  100   99   95   91   87   83
   81   80   80   82   86   90   96  101  107  113  119  125  133  140  149  159
  169  179  189  199  208  216  223  229  234  239  244  249  254  260  266  272
  278  283  286  286  283  276  265  252  235  218  199  182  166  152  141  133
  126  121  117  112  108  103  105  101   90                                   
    67.5-180.0 180.0   5.0 450.0                            LAT/LON1/LON2/DLON/H
   88   87   84   83   81   84   87   90   93   94   94   92   89   85   81   77
   75   75   77   80   85   90   96  101  107  111  116  122  128  135  143  153
  163  173  182  192  200  208  214  220  226  231  237  243  250  258  266  276
  284  292  298  300  298  292  282  269  252  233  214  195  177  161  148  139
  131  125  120  114  110  105  105  103   88                                   
    65.0-180.0 180.0   5.0 450.0                            LAT/LON1/LON2/DLON/H
   85   83   78   77   75   77   80   84   87   89   89   88   85   81   77   74
   73   73   76   80   85   91   97  102  106  110  114  118  124  131  140  150
  160  171  180  189  197  203  210  215  221  226  232  239  247  256  267  278
  288  297  304  307  307  301  292  278  261  242  222  201  182  164  149  137
  127  119  114  107  104  100  101  102   85                                   
    62.5-180.0 180.0   5.0 450.0                            LAT/LON1/LON2/DLON/H
   78   75   70   69   67   69   72   76   80   83   84   84   82   78   75   73
   72   73   76   80   85   91   96  100  103  106  109  113  119  127  137  149
  161  172  182  190  197  203  208  213  218  224  230  237  246  256  267  279
  290  299  306  309  308  303  294  281  265  246  226  205  185  165  147  132
  119  108  101   93   90   86   89   93   78                                   
    60.0-180.0 180.0   5.0 450.0                            LAT/LON1/LON2/DLON/H
   73   68   63   61   58   60   63   67   71   75   77   79   77   75   72   70
   70   71   73   77   81   85   89   92   94   97   99  104  112  123  136  151
  166  179  190  198  204  209  213  217  221  227  233  240  250  260  272  283
  294  302  308  310  309  304  296  284  270  253  234  214  193  171  150  131
  114   99   90   80   77   72   76   81   73                                   
    57.5-180.0 180.0   5.0 450.0                            LAT/LON1/LON2/DLON/H
   72   64   59   56   53   53   55   58   63   67   70   72   72   70   69   67
   67   67   69   71   73   76   79   81   83   85   89   96  106  120  138  157
  176  192  204  213  218  222  225  229  232  237  244  251  261  272  284  295
  304  311  316  317  315  310  303  293  281  267  251  232  211  188  165  142
  121  102   90   77   73   66   68   74   72                                   
    55.0-180.0 180.0   5.0 450.0                            LAT/LON1/LON2/DLON/H
   77   67   60   57   53   51   51   53   56   59   62   65   65   65   64   63
   63   63   63   64   64   65   67   68   71   75   80   89  103  121  143  167
  190  209  223  233  238  241  244  246  249  254  260  268  278  290  301  312
  320  326  328  328  325  320  314  305  296  285  272  256  237  215  191  166
  140  118  103   87   80   71   72   75   77                                   
    52.5-180.0 180.0   5.0 450.0                            LAT/LON1/LON2/DLON/H
   90   78   70   64   59   55   54   52   53   55   57   59   60   60   60   60
   60   60   59   58   57   57   57   59   63   68   76   88  105  127  153  180
  207  229  245  256  262  264  266  268  270  275  281  289  299  311  322  332
  339  344  344  343  339  333  326  319  311  303  293  280  265  245  221  196
  169  145  126  108   99   88   86   86   90                                   
    50.0-180.0 180.0   5.0 450.0                            LAT/LON1/LON2/DLON/H
  107   95   87   79   73   67   64   59   58   58   59   59   59   59   59   59
   60   60   59   57   55   54   54   57   61   68   79   93  112  137  165  196
  224  249  267  279  285  289  291  293  295  299  305  313  322  333  344  353
  360  362  362  358  353  346  338  330  322  314  306  296  283  266  246  223
  197  174  154  136  125  113  110  106  107                                   
    47.5-180.0 180.0   5.0 450.0                            LAT/LON1/LON2/DLON/H
  126  116  108   99   92   85   81   74   71   68   67   66   64   63   63   63
   64   64   63   61   59   58   58   61   67   76   89  105  126  151  180  210
  239  265  284  298  307  312  316  319  322  325  330  337  346  356  365  373
  378  380  377  372  364  355  344  333  322  313  304  294  283  270  253  235
  214  195  177  160  151  140  135  129  126                                   
    45.0-180.0 180.0   5.0 450.0                            LAT/LON1/LON2/DLON/H
  142  134  129  120  114  108  102   94   89   85   83   80   77   74   73   73
   74   74   74   73   71   69   70   73   80   91  104  122  142  166  193  222
  250  275  296  312  323  332  339  344  348  352  356  361  368  376  384  391
  394  394  390  383  373  360  345  330  314  300  288  276  265  252  240  226
  212  199  185  174  168  160  156  149  142                                   
    42.5-180.0 180.0   5.0 450.0                            LAT/LON1/LON2/DLON/H
  150  147  145  139  135  130  125  117  110  106  102   98   94   91   88   87
   88   89   89   89   87   86   87   90   97  108  122  139  159  181  204  229
  255  279  301  319  335  348  359  368  374  379  382  386  392  397  403  407
  409  408  404  395  383  367  349  328  307  287  269  252  237  223  211  201
  192  185  176  171  170  167  165  160  150                                   
    40.0-180.0 180.0   5.0 450.0                            LAT/LON1/LON2/DLON/H
  148  151  152  150  150  147  145  138  131  126  122  118  114  110  107  105
  105  106  107  107  106  104  104  106  113  123  138  155  173  192  212  233
  256  279  302  324  344  362  377  390  400  406  411  414  418  421  425  427
  428  427  424  417  405  389  368  343  317  291  265  240  217  198  182  171
  163  159  155  155  158  158  160  157  148                                   
    37.5-180.0 180.0   5.0 450.0                            LAT/LON1/LON2/DLON/H
  139  146  149  151  156  156  157  152  146  142  139  136  132  128  125  122
  122  122  123  123  122  120  119  120  125  135  150  167  185  202  219  236
  256  278  302  328  353  376  396  414  427  437  443  447  449  451  453  455
  457  459  459  456  448  433  413  387  358  326  293  259  227  197  174  157
  145  138  135  134  139  140  147  144  139                                   
    35.0-180.0 180.0   5.0 450.0                            LAT/LON1/LON2/DLON/H
  128  137  140  144  152  154  158  156  153  151  149  148  146  144  140  137
  135  134  134  134  132  130  128  128  133  143  158  176  194  210  224  239
  257  280  306  336  365  393  419  441  459  472  481  486  488  490  493  497
  503  510  516  519  517  506  489  464  434  400  361  319  276  236  201  175
  154  141  132  126  127  126  134  130  128                                   
    32.5-180.0 180.0   5.0 450.0                            LAT/LON1/LON2/DLON/H
  124  131  130  134  143  144  150  151  150  150  151  153  154  153  151  148
  144  142  140  139  137  135  133  132  137  147  162  181  200  217  231  246
  264  288  317  350  384  416  447  473  495  512  524  531  536  540  545  553
  566  581  595  607  611  607  595  575  547  513  470  422  370  319  273  235
  204  180  161  145  139  129  134  125  124                                   
    30.0-180.0 180.0   5.0 450.0                            LAT/LON1/LON2/DLON/H
  133  133  125  128  134  134  138  140  141  143  147  151  155  157  156  153
  149  144  141  138  136  134  133  133  138  148  164  185  206  224  240  257
  277  303  336  372  409  445  478  508  534  555  570  581  590  598  609  624
  645  669  693  712  725  729  724  712  691  660  617  564  505  444  388  338
  295  260  229  199  181  159  154  135  133                                   
    27.5-180.0 180.0   5.0 450.0                            LAT/LON1/LON2/DLON/H
  157  149  132  130  133  128  130  130  131  134  139  145  151  155  155  153
  148  143  138  135  133  131  131  132  138  148  166  188  211  233  252  271
  294  324  360  399  438  476  511  543  572  596  615  631  646  661  679  702
  731  764  797  824  844  856  860  857  845  820  781  727  664  596  531  473
  420  374  329  285  253  216  196  165  157                                   
    25.0-180.0 180.0   5.0 450.0                            LAT/LON1/LON2/DLON/H
  199  182  155  146  142  132  129  127  127  129  133  139  145  150  151  149
  145  140  134  130  128  128  129  131  137  149  167  191  218  242  265  288
  315  348  387  428  468  506  541  574  604  630  654  676  697  719  745  775
  811  851  889  922  946  964  976  981  977  959  926  877  814  745  676  612
  553  502  446  389  345  294  257  214  199                                   
    22.5-180.0 180.0   5.0 450.0                            LAT/LON1/LON2/DLON/H
  258  230  194  175  164  148  139  134  130  129  131  135  140  144  146  144
  141  136  131  127  125  126  127  131  137  150  169  195  223  251  277  304
  336  373  414  455  494  531  565  597  627  655  682  709  737  765  796  831
  870  912  950  982 1006 1026 1042 1053 1056 1045 1019  978  921  855  789  725
  667  617  557  495  441  381  330  276  258                                   
    20.0-180.0 180.0   5.0 450.0                            LAT/LON1/LON2/DLON/H
  326  289  248  217  196  174  160  150  142  138  136  137  139  140  141  140
  137  133  128  125  124  125  126  130  137  151  171  198  228  259  289  322
  358  397  438  478  516  550  582  612  641  670  700  731  762  794  827  862
  899  935  967  992 1012 1030 1047 1061 1067 1062 1044 1010  962  904  845  788
  738  697  641  580  524  461  404  345  326                                   
    17.5-180.0 180.0   5.0 450.0                            LAT/LON1/LON2/DLON/H
  391  350  309  269  238  211  191  176  164  154  147  143  141  139  138  136
  134  131  128  125  124  124  125  129  136  150  171  199  232  266  301  337
  376  416  456  494  530  562  593  621  649  678  709  742  775  807  838  867
  896  921  942  957  970  983  997 1008 1013 1010  996  970  932  885  837  792
  754  726  684  630  579  519  463  408  391                                   
    15.0-180.0 180.0   5.0 450.0                            LAT/LON1/LON2/DLON/H
  437  399  365  324  285  255  231  210  192  176  164  154  147  142  138  135
  133  131  129  127  125  124  123  125  132  146  169  199  234  271  309  348
  388  428  467  503  537  568  598  627  655  685  716  749  781  810  835  855
  871  883  890  893  896  900  907  912  913  909  898  878  850  814  778  745
  720  706  682  640  600  547  497  454  437                                   
    12.5-180.0 180.0   5.0 450.0                            LAT/LON1/LON2/DLON/H
  460  431  406  367  327  297  271  247  223  202  184  169  157  147  140  135
  133  132  130  128  126  122  120  120  126  140  165  198  235  275  315  356
  396  435  472  507  540  571  601  631  660  691  723  755  785  808  825  834
  838  835  828  819  811  808  807  805  801  794  785  771  750  723  695  671
  656  652  644  617  590  550  508  477  460                                   
    10.0-180.0 180.0   5.0 450.0                            LAT/LON1/LON2/DLON/H
  466  445  428  393  356  328  302  277  251  227  205  186  170  156  145  138
  135  133  132  130  126  121  115  113  118  134  162  199  239  281  323  364
  404  441  476  509  540  571  602  632  664  696  729  761  788  806  816  817
  809  795  776  757  742  733  727  720  712  702  694  683  667  644  619  596
  585  586  588  575  561  535  505  482  466                                   
     7.5-180.0 180.0   5.0 450.0                            LAT/LON1/LON2/DLON/H
  460  448  435  401  369  344  319  294  269  244  222  201  182  165  152  142
  137  135  134  131  126  119  110  106  112  130  163  204  249  292  333  373
