data/edconvlstm_nd/pred0340.15i
     1.0            IONOSPHERE MAPS     GNSS                IONEX VERSION / TYPE
pyspatialgeodesy        IME             05-JAN-18 20:20     PGM / RUN BY / DATE 
Map Name                                                    COMMENT             
Predicted global ionosphere maps (GIM).                     DESCRIPTION         
  2015     2     3     0     0     0                        EPOCH OF FIRST MAP  
  2015     2     4     0     0     0                        EPOCH OF LAST MAP   
  7200                                                      INTERVAL            
    13                                                      # OF MAPS IN FILE   
  NONE                                                      MAPPING FUNCTION    
10.0                                                        ELEVATION CUTOFF    
One-way carrier phase leveled to code                       OBSERVABLES USED    
  6371.0                                                    BASE RADIUS         
 2                                                          MAP DIMENSION       
   450.0 450.0   0.0                                        HGT1 / HGT2 / DHGT  
    87.5 -87.5  -2.5                                        LAT1 / LAT2 / DLAT  
  -180.0 180.0   5.0                                        LON1 / LON2 / DLON  
    -1                                                      EXPONENT            
                                                            END OF HEADER       
[from data line 2574]
     7                                                      START OF TEC MAP    
  2015     2     3    12     0     0                        EPOCH OF CURRENT MAP
    87.5-180.0 180.0   5.0 450.0                            LAT/LON1/LON2/DLON/H
   72   78   78   81   83   83   83   80   82   84   85   86   86   87   87   87
   87   87   87   87   87   87   87   87   88   88   88   88   88   88   88   88
   87   86   85   84   83   81   79   78   76   75   73   72   72   71   71   71
   71   71   72   73   73   74   75   76   77   78   78   78   79   79   78   79
   79   80   78   75   80   79   92   92   72                                   
    85.0-180.0 180.0   5.0 450.0                            LAT/LON1/LON2/DLON/H
   71   78   87   75   75   79   80   82   83   86   86   88   88   89   89   89
   89   90   90   90   90   90   90   91   92   93   93   94   95   95   95   95
   94   93   91   89   87   85   82   79   77   75   73   71   70   69   69   69
   70   71   72   73   75   76   78   79   81   82   83   83   83   83   83   83
   83   82   77   73   74   75   83   85   71                                   
    82.5-180.0 180.0   5.0 450.0                            LAT/LON1/LON2/DLON/H
   59   66   72   64   63   66   69   71   73   75   76   78   79   79   80   80
   80   80   80   80   81   82   83   84   86   88   91   93   95   97   98   99
   99   98   96   94   91   87   83   79   75   72   69   66   64   63   63   63
   64   65   67   69   71   74   76   79   81   82   83   84   84   84   82   81
   80   78   73   69   70   74   69   69   59                                   
    80.0-180.0 180.0   5.0 450.0                            LAT/LON1/LON2/DLON/H
   54   54   61   56   54   53   58   62   66   68   70   72   73   74   74   74
   74   74   74   74   75   77   79   81   85   89   94   98  103  106  109  111
  112  111  109  106  102   96   91   85   79   74   69   66   63   62   61   62
   63   65   68   71   75   78   82   85   88   90   92   93   92   91   89   86
   83   79   74   68   64   66   64   65   54                                   
    77.5-180.0 180.0   5.0 450.0                            LAT/LON1/LON2/DLON/H
   57   52   53   51   49   51   55   59   63   65   67   70   71   72   72   72
   72   72   72   73   74   77   80   85   90   97  104  112  119  126  132  136
  138  139  137  134  129  122  115  107  100   93   87   82   78   76   76   76
   78   80   83   87   91   95   99  103  107  109  111  112  112  109  106  102
   96   90   82   76   69   60   57   60   57                                   
    75.0-180.0 180.0   5.0 450.0                            LAT/LON1/LON2/DLON/H
   52   50   48   49   49   52   55   58   62   64   66   68   69   69   69   69
   69   69   69   70   72   75   80   87   94  103  113  123  132  141  149  155
  159  161  160  157  152  145  137  128  120  112  106  101   97   95   94   94
   96   98  100  103  106  110  113  116  120  122  124  125  125  123  119  114
  107   99   90   79   74   63   57   52   52                                   
    72.5-180.0 180.0   5.0 450.0                            LAT/LON1/LON2/DLON/H
   55   54   51   53   53   58   60   62   64   66   67   68   69   69   69   69
   68   68   69   71   74   78   84   92  101  111  122  133  145  155  164  172
  177  181  181  180  176  170  164  156  148  141  135  130  127  125  123  123
  123  124  124  124  125  125  126  127  129  131  132  133  133  131  128  123
  116  108   99   88   82   71   64   62   55                                   
    70.0-180.0 180.0   5.0 450.0                            LAT/LON1/LON2/DLON/H
   62   62   61   62   61   65   66   67   68   69   69   70   70   70   69   69
   69   69   70   73   77   83   90   98  108  118  129  140  151  162  171  180
  186  191  194  195  193  190  186  181  175  170  166  162  159  157  156  154
  152  149  146  141  137  132  129  126  125  124  125  125  126  125  123  119
  114  108  101   92   86   78   76   73   62                                   
    67.5-180.0 180.0   5.0 450.0                            LAT/LON1/LON2/DLON/H
   67   71   71   73   72   77   77   77   77   76   76   76   76   76   76   76
   76   77   79   82   87   93  101  109  118  127  136  146  155  164  174  182
  190  196  202  205  207  207  206  204  202  199  197  194  192  190  188  185
  180  173  164  154  143  132  123  115  110  108  107  107  108  108  108  107
  105  101   97   90   88   83   81   79   67                                   
    65.0-180.0 180.0   5.0 450.0                            LAT/LON1/LON2/DLON/H
   71   78   79   81   81   86   86   85   84   83   81   81   81   81   82   82
   83   84   86   90   96  102  110  117  125  133  140  147  155  163  172  181
  190  199  207  213  219  223  226  228  228  228  228  227  225  223  219  213
  205  193  179  162  144  127  111   99   90   85   82   82   83   84   86   87
   87   87   87   84   86   85   86   86   71                                   
    62.5-180.0 180.0   5.0 450.0                            LAT/LON1/LON2/DLON/H
   70   79   81   83   83   90   90   90   88   86   85   85   85   86   87   88
   89   90   92   96  101  108  115  122  129  135  141  146  153  161  170  180
  190  201  211  221  230  237  243  248  251  253  254  253  251  247  242  233
  221  206  187  165  142  120  100   83   71   64   60   59   59   61   63   65
   67   69   72   72   77   79   82   84   70                                   
    60.0-180.0 180.0   5.0 450.0                            LAT/LON1/LON2/DLON/H
   65   73   76   78   78   85   87   87   86   84   83   84   85   87   88   89
   90   91   92   95  100  106  113  119  126  132  138  144  152  160  171  182
  195  208  220  232  243  252  260  267  272  275  276  275  272  267  259  249
  235  217  195  170  144  119   96   77   63   54   48   46   45   45   47   48
   50   53   58   59   66   69   73   77   65                                   
    57.5-180.0 180.0   5.0 450.0                            LAT/LON1/LON2/DLON/H
   57   64   66   67   69   76   80   80   80   79   79   80   82   85   87   88
   88   88   88   90   93   99  105  113  120  128  136  145  155  167  180  194
  209  223  237  250  261  272  281  288  294  298  299  297  293  286  276  264
  249  231  208  183  156  130  106   87   72   62   55   51   48   46   45   45
   45   46   51   53   60   61   65   71   57                                   
    55.0-180.0 180.0   5.0 450.0                            LAT/LON1/LON2/DLON/H
   52   55   56   56   59   65   70   71   72   72   73   75   78   81   83   84
   83   82   81   81   84   89   96  105  115  126  138  151  166  181  198  214
  231  246  260  273  284  294  303  311  317  321  321  319  313  304  294  281
  266  247  226  201  175  150  128  109   95   85   77   72   67   63   59   55
   52   52   55   55   62   60   61   66   52                                   
    52.5-180.0 180.0   5.0 450.0                            LAT/LON1/LON2/DLON/H
   52   51   50   49   52   58   62   64   65   66   67   69   72   75   78   78
   77   74   72   72   75   80   88   99  112  128  145  164  183  203  222  241
  259  275  289  300  310  319  327  334  340  343  344  340  333  324  312  298
  283  265  245  223  200  177  157  140  127  118  110  104   98   91   84   77
   71   68   69   68   73   68   65   68   52                                   
    50.0-180.0 180.0   5.0 450.0                            LAT/LON1/LON2/DLON/H
   58   54   51   49   51   56   60   61   62   62   64   66   69   71   73   73
   71   69   67   67   70   76   85   99  116  136  158  182  206  228  250  271
  289  305  319  329  337  344  351  356  362  365  365  361  354  343  331  316
  301  284  265  244  224  204  186  171  160  151  144  138  131  123  114  105
   96   91   89   88   91   84   78   78   58                                   
    47.5-180.0 180.0   5.0 450.0                            LAT/LON1/LON2/DLON/H
   71   67   60   57   57   61   63   63   63   64   64   66   68   70   71   70
   69   67   66   66   70   78   89  105  126  150  176  203  229  254  276  297
  316  333  346  355  362  367  371  376  380  383  384  380  373  362  348  333
  317  299  281  262  242  223  207  193  183  175  168  162  155  147  137  128
  118  113  109  108  110  104   97   93   71                                   
    45.0-180.0 180.0   5.0 450.0                            LAT/LON1/LON2/DLON/H
   88   85   78   73   71   72   72   70   69   69   69   70   71   71   71   71
   70   69   69   72   77   87  100  118  141  167  196  224  250  274  296  317
  337  354  367  377  383  386  389  392  395  398  398  395  388  376  362  346
  328  310  290  270  250  231  214  201  190  182  175  169  162  155  147  139
  130  126  121  121  126  123  115  111   88                                   
    42.5-180.0 180.0   5.0 450.0                            LAT/LON1/LON2/DLON/H
  103  105   98   92   88   86   84   80   78   77   76   76   76   76   75   75
   75   75   78   82   89  100  115  134  158  185  213  240  264  286  307  328
  349  368  384  395  400  403  404  405  407  409  409  405  397  385  370  352
  333  313  292  270  249  228  210  195  183  174  167  160  154  147  141  135
  129  126  122  123  130  131  126  123  103                                   
    40.0-180.0 180.0   5.0 450.0                            LAT/LON1/LON2/DLON/H
  112  119  115  110  105  100   96   90   87   85   85   85   84   83   82   82
   83   85   88   94  103  116  132  152  175  201  227  251  273  292  312  334
  357  380  400  413  419  421  420  419  418  418  417  412  403  390  374  355
  334  313  291  268  245  223  203  186  172  161  152  145  138  131  126  122
  118  116  113  114  121  126  124  123  112                                   
    37.5-180.0 180.0   5.0 450.0                            LAT/LON1/LON2/DLON/H
  112  124  125  120  116  109  104   98   94   93   93   94   93   92   91   91
   93   95   99  106  116  130  147  167  190  215  238  259  278  296  317  342
  370  398  422  438  446  446  443  438  435  431  426  419  409  394  377  359
  339  318  297  274  251  228  206  187  171  157  146  135  126  118  113  110
  106  103  100   98  104  109  110  111  112                                   
    35.0-180.0 180.0   5.0 450.0                            LAT/LON1/LON2/DLON/H
  104  120  125  121  118  111  107  101   98   98   99  101  101  101  100  100
  102  104  109  116  127  142  160  181  204  227  249  268  286  305  330  359
  393  427  456  475  483  482  476  467  459  451  443  432  419  404  388  371
  354  337  319  300  278  255  232  211  191  175  160  146  134  123  116  111
  106  101   94   87   87   88   91   94  104                                   
    32.5-180.0 180.0   5.0 450.0                            LAT/LON1/LON2/DLON/H
   94  111  118  115  112  106  104   99   97   98  101  105  106  107  107  108
  109  111  115  122  134  150  170  193  217  240  262  281  301  325  354  391
  431  472  505  526  534  531  520  507  494  481  468  454  439  424  410  397
  385  374  363  349  331  310  287  264  242  223  204  187  171  156  146  137
  129  119  107   92   84   77   75   78   94                                   
    30.0-180.0 180.0   5.0 450.0                            LAT/LON1/LON2/DLON/H
   88  103  109  107  105   99   98   94   93   96  100  104  108  110  111  113
  113  115  118  125  138  157  180  205  232  257  280  302  327  356  393  437
  485  532  569  592  598  590  576  558  540  523  505  488  472  458  447  439
  435  433  429  422  410  392  371  347  324  301  281  260  240  221  206  193
  179  164  145  121  103   84   72   69   88                                   
    27.5-180.0 180.0   5.0 450.0                            LAT/LON1/LON2/DLON/H
   93  104  105  103   99   94   93   89   88   91   95  100  105  109  111  113
  114  115  118  127  142  164  191  220  249  277  303  331  362  399  444  496
  551  602  642  664  666  655  636  614  593  573  553  534  518  506  500  500
  504  510  515  515  509  495  476  453  429  406  383  361  338  315  295  275
  255  235  207  176  147  115   89   74   93                                   
    25.0-180.0 180.0   5.0 450.0                            LAT/LON1/LON2/DLON/H
  111  118  111  107  101   94   92   87   84   86   89   94   99  103  107  110
  111  113  118  128  147  174  205  238  269  300  331  365  404  450  503  562
  621  675  713  731  729  713  691  668  647  626  607  589  576  568  568  575
  587  602  613  618  616  604  586  564  540  517  495  473  450  425  401  376
  349  324  287  251  211  168  127   99  111                                   
    22.5-180.0 180.0   5.0 450.0                            LAT/LON1/LON2/DLON/H
  146  146  129  121  110  101   97   90   85   84   85   88   92   97  101  104
  106  110  117  132  156  187  223  258  291  325  361  401  448  501  561  624
  684  735  768  779  772  753  732  712  694  676  660  647  638  636  642  656
  674  693  707  713  709  697  677  655  631  609  589  570  550  527  503  473
  443  415  372  335  287  240  188  148  146                                   
    20.0-180.0 180.0   5.0 450.0                            LAT/LON1/LON2/DLON/H
  192  187  161  146  128  117  109   98   90   86   84   85   88   92   96   99
  102  108  119  139  168  204  242  279  314  350  390  435  488  546  609  672
  730  774  798  802  790  773  756  742  730  719  708  700  697  700  711  729
  749  767  778  780  771  753  730  704  679  658  640  626  611  594  573  544
  514  487  446  411  364  317  265  218  192                                   
    17.5-180.0 180.0   5.0 450.0                            LAT/LON1/LON2/DLON/H
  242  232  202  179  152  138  125  112  101   93   88   87   88   91   94   97
  101  109  124  150  184  224  263  300  336  374  416  465  520  579  641  700
  750  784  799  798  787  775  765  760  755  750  746  743  745  752  765  782
  800  813  817  811  794  770  740  710  682  659  643  632  624  613  598  573
  546  523  490  462  424  384  339  294  242                                   
    15.0-180.0 180.0   5.0 450.0                            LAT/LON1/LON2/DLON/H
  288  274  244  213  179  160  145  129  115  105   97   94   93   95   97   99
  103  113  133  164  202  244  283  320  356  394  438  487  541  598  654  705
  745  769  778  776  770  766  766  769  772  773  773  774  778  786  798  811
  823  828  823  808  784  752  717  682  649  623  606  597  593  588  578  558
  535  517  495  477  453  425  393  354  288                                   
    12.5-180.0 180.0   5.0 450.0                            LAT/LON1/LON2/DLON/H
  322  306  279  242  203  181  164  147  132  120  111  106  104  104  104  105
  110  122  145  179  221  263  303  338  373  411  454  502  552  603  651  692
  722  739  746  748  750  756  765  776  784  788  789  791  794  801  809  817
  821  817  804  781  751  715  677  638  601  571  550  540  537  535  529  513
  494  481  469  460  452  439  418  388  322                                   
    10.0-180.0 180.0   5.0 450.0                            LAT/LON1/LON2/DLON/H
  339  325  300  262  222  196  179  163  149  137  127  121  118  117  115  115
  119  132  158  195  238  281  319  354  388  425  467  511  557  599  638  669
  692  706  716  724  735  750  767  782  792  797  797  796  796  799  802  804
  800  789  771  744  712  676  638  599  560  525  500  486  480  478  473  460
  444  434  428  427  429  428  415  391  339                                   
     7.5-180.0 180.0   5.0 450.0                            LAT/LON1/LON2/DLON/H
  340  329  306  269  233  205  187  174  162  152  144  138  135  132  129  127
  130  143  170  208  253  296  334  368  402  438  478  519  558  592  621  645
