data/edconvlstm_nd/pred2200.15i
     1.0            IONOSPHERE MAPS     GNSS                IONEX VERSION / TYPE
pyspatialgeodesy        IME             05-JAN-18 20:20     PGM / RUN BY / DATE 
Map Name                                                    COMMENT             
Predicted global ionosphere maps (GIM).                     DESCRIPTION         
  2015     8     8     0     0     0                        EPOCH OF FIRST MAP  
  2015     8     9     0     0     0                        EPOCH OF LAST MAP   
  7200                                                      INTERVAL            
    13                                                      # OF MAPS IN FILE   
  NONE                                                      MAPPING FUNCTION    
10.0                                                        ELEVATION CUTOFF    
One-way carrier phase leveled to code                       OBSERVABLES USED    
  6371.0                                                    BASE RADIUS         
 2                                                          MAP DIMENSION       
   450.0 450.0   0.0                                        HGT1 / HGT2 / DHGT  
    87.5 -87.5  -2.5                                        LAT1 / LAT2 / DLAT  
  -180.0 180.0   5.0                                        LON1 / LON2 / DLON  
    -1                                                      EXPONENT            
                                                            END OF HEADER       
[from data line 429]
     2                                                      START OF TEC MAP    
  2015     8     8     2     0     0                        EPOCH OF CURRENT MAP
    87.5-180.0 180.0   5.0 450.0                            LAT/LON1/LON2/DLON/H
  123  124  127  128  128  125  122  121  122  122  122  122  122  122  122  122
  121  121  120  119  118  117  116  115  114  113  112  111  110  109  108  107
  107  106  105  105  105  105  105  105  105  106  106  107  107  108  109  109
  110  111  111  112  112  113  113  114  114  114  115  115  115  115  115  116
  118  119  118  117  119  121  123  122  123                                   
    85.0-180.0 180.0   5.0 450.0                            LAT/LON1/LON2/DLON/H
  126  136  127  134  138  134  132  132  132  133  132  132  132  132  131  131
  130  129  128  127  125  124  122  121  119  118  116  114  113  112  110  109
  108  108  107  107  106  106  106  107  107  108  108  109  110  111  112  113
  114  116  117  118  119  120  121  122  123  123  124  125  125  126  126  127
  129  131  129  131  127  127  129  122  126                                   
    82.5-180.0 180.0   5.0 450.0                            LAT/LON1/LON2/DLON/H
  132  136  143  143  143  142  141  141  142  142  141  141  141  140  139  138
  137  136  134  132  130  128  126  124  122  119  117  115  112  110  109  107
  106  105  104  104  104  104  104  105  105  106  107  109  110  111  113  114
  116  117  119  120  122  123  125  126  128  129  130  131  132  133  134  136
  137  138  137  136  140  128  127  123  132                                   
    80.0-180.0 180.0   5.0 450.0                            LAT/LON1/LON2/DLON/H
  141  144  140  143  143  142  144  145  146  146  145  145  144  143  142  141
  139  137  135  133  131  128  126  123  119  116  113  110  107  104  102  101
   99   98   98   98   98   98   99   99  100  102  103  105  106  108  110  112
  114  116  118  120  122  124  125  127  129  130  132  133  135  136  137  139
  140  140  139  138  146  139  141  132  141                                   
    77.5-180.0 180.0   5.0 450.0                            LAT/LON1/LON2/DLON/H
  147  149  143  148  145  144  148  150  151  150  149  148  147  145  144  142
  140  138  136  134  132  129  126  123  119  115  111  107  104  101   99   97
   96   96   96   96   97   98   99  100  101  103  104  106  108  110  112  114
  116  119  121  123  125  127  129  130  132  133  135  137  138  139  141  143
  144  146  142  144  149  143  143  138  147                                   
    75.0-180.0 180.0   5.0 450.0                            LAT/LON1/LON2/DLON/H
  148  148  142  149  145  145  148  149  150  149  147  146  144  141  139  137
  134  133  131  129  128  125  122  118  114  109  105  100   96   93   91   90
   89   89   90   91   93   94   95   96   97   99  100  102  104  106  109  111
  114  116  119  121  123  125  127  128  130  131  133  134  136  138  139  142
  143  144  142  138  143  141  141  140  148                                   
    72.5-180.0 180.0   5.0 450.0                            LAT/LON1/LON2/DLON/H
  142  147  143  148  146  146  149  150  152  150  148  145  142  138  135  132
  129  127  126  125  124  123  120  116  112  106  101   96   92   89   87   86
   86   87   89   90   92   93   95   96   97   98   99  101  104  107  110  113
  116  119  121  124  126  127  129  130  132  133  134  136  137  139  141  144
  145  146  146  143  144  140  140  141  142                                   
    70.0-180.0 180.0   5.0 450.0                            LAT/LON1/LON2/DLON/H
  142  144  143  147  145  145  148  149  151  149  146  142  138  132  127  123
  120  118  117  117  117  116  114  110  105  100   94   88   84   81   80   80
   81   82   84   86   88   89   90   91   92   93   94   97  100  103  107  111
  114  117  120  122  124  126  127  128  130  131  132  134  135  137  139  143
  144  146  147  145  146  143  143  143  142                                   
    67.5-180.0 180.0   5.0 450.0                            LAT/LON1/LON2/DLON/H
  141  144  142  146  143  143  145  146  148  146  142  138  132  125  119  113
  109  107  106  107  107  107  105  102   96   90   84   78   74   72   71   71
   73   75   76   78   79   80   80   80   81   82   85   88   92   96  100  105
  109  112  115  117  118  120  121  123  124  126  127  129  131  133  135  139
  141  143  144  143  144  142  143  144  141                                   
    65.0-180.0 180.0   5.0 450.0                            LAT/LON1/LON2/DLON/H
  141  144  143  145  142  141  143  145  146  144  140  135  129  121  113  107
  102   99   98   98   99   99   98   94   89   82   76   71   67   65   65   66
   67   69   70   71   71   71   71   71   72   74   77   81   86   91   96  101
  105  108  110  112  114  115  117  119  120  122  124  127  129  131  133  137
  139  141  143  142  144  143  146  148  141                                   
    62.5-180.0 180.0   5.0 450.0                            LAT/LON1/LON2/DLON/H
  143  147  146  148  143  141  143  144  145  143  139  135  128  120  112  104
   99   95   94   94   94   94   92   88   83   77   71   67   64   63   63   64
   65   65   66   66   65   65   64   64   66   68   72   78   83   89   95  100
  103  106  107  109  110  112  114  116  119  122  124  127  129  132  134  138
  140  142  144  142  145  145  149  153  143                                   
    60.0-180.0 180.0   5.0 450.0                            LAT/LON1/LON2/DLON/H
  146  151  150  151  145  142  143  143  144  141  138  134  128  121  112  105
   99   94   92   91   91   90   87   83   78   73   68   65   63   63   63   64
   64   64   63   62   61   60   60   61   63   66   71   77   83   90   96  100
  103  105  105  106  108  110  112  116  119  123  126  129  132  134  137  140
  141  143  145  144  146  147  151  156  146                                   
    57.5-180.0 180.0   5.0 450.0                            LAT/LON1/LON2/DLON/H
  152  157  156  157  150  144  144  143  142  140  137  134  129  122  115  107
  101   96   93   91   89   87   84   80   75   71   68   66   66   67   67   67
   66   65   63   61   60   59   60   61   64   68   73   80   87   94   99  103
  105  106  106  107  108  110  114  118  122  126  130  133  136  138  141  144
  144  146  147  146  148  149  153  160  152                                   
    55.0-180.0 180.0   5.0 450.0                            LAT/LON1/LON2/DLON/H
  158  164  163  164  156  149  147  144  142  138  135  132  128  123  117  111
  105  100   96   93   90   87   83   78   75   72   71   71   72   73   74   73
   71   68   66   64   63   63   64   66   69   73   79   85   93   99  105  108
  110  110  109  110  111  114  118  123  127  132  135  138  141  143  145  148
  148  149  150  148  150  151  156  163  158                                   
    52.5-180.0 180.0   5.0 450.0                            LAT/LON1/LON2/DLON/H
  165  170  170  171  164  156  152  147  143  138  134  131  127  123  119  114
  109  104  100   96   92   88   83   79   76   75   75   77   79   81   81   79
   76   73   70   69   69   70   71   74   77   81   86   92   99  105  111  114
  115  115  115  115  117  121  125  130  134  138  141  143  145  147  149  151
  151  152  153  151  153  154  159  165  165                                   
    50.0-180.0 180.0   5.0 450.0                            LAT/LON1/LON2/DLON/H
  171  177  177  179  173  164  160  153  148  141  135  131  127  124  120  116
  113  109  105  101   96   92   87   83   81   81   83   85   88   89   89   86
   83   80   78   77   78   80   82   84   87   90   94   99  105  112  117  121
  123  123  123  124  126  130  134  138  142  144  146  147  148  150  151  154
  154  155  156  154  156  157  161  168  171                                   
    47.5-180.0 180.0   5.0 450.0                            LAT/LON1/LON2/DLON/H
  176  182  183  186  181  174  169  161  155  147  139  134  129  125  122  119
  117  114  111  107  103   98   93   90   88   89   91   93   96   96   95   93
   90   87   86   87   89   91   94   95   97   98  101  105  110  116  123  128
  131  132  133  134  137  140  144  147  150  150  151  150  151  151  153  156
  157  159  160  158  160  160  165  171  176                                   
    45.0-180.0 180.0   5.0 450.0                            LAT/LON1/LON2/DLON/H
  179  185  187  191  188  182  178  171  165  155  147  140  134  129  126  124
  122  120  118  115  111  106  101   98   97   97   99  101  102  102  101   98
   96   95   95   97  100  103  104  105  105  105  106  109  113  120  128  134
  139  142  143  145  148  151  154  156  157  156  155  153  152  153  154  158
  160  163  165  163  165  164  169  176  179                                   
    42.5-180.0 180.0   5.0 450.0                            LAT/LON1/LON2/DLON/H
  181  188  190  195  194  190  187  182  176  166  157  149  142  137  133  130
  129  128  126  123  119  114  110  106  105  106  107  108  108  106  105  103
  102  103  104  107  110  112  113  112  111  109  109  111  116  123  132  140
  147  151  154  156  159  162  164  165  165  163  160  157  156  156  158  162
  164  168  172  170  171  170  175  182  181                                   
    40.0-180.0 180.0   5.0 450.0                            LAT/LON1/LON2/DLON/H
  186  192  194  199  199  196  195  191  187  178  169  161  153  146  142  139
  137  136  135  132  127  122  117  115  114  114  114  114  112  110  108  108
  108  110  113  116  118  119  118  117  115  113  112  113  118  126  136  146
  154  159  163  166  169  172  174  175  173  170  167  164  162  162  164  168
  172  176  181  179  180  179  183  190  186                                   
    37.5-180.0 180.0   5.0 450.0                            LAT/LON1/LON2/DLON/H
  193  199  201  205  206  203  203  200  198  190  182  174  166  158  153  149
  147  145  143  139  134  128  124  122  121  121  121  119  117  114  113  113
  114  117  120  122  123  122  120  119  117  115  114  116  120  128  139  150
  159  166  170  174  178  182  184  185  183  180  176  173  172  172  174  179
  182  188  193  192  192  190  194  201  193                                   
    35.0-180.0 180.0   5.0 450.0                            LAT/LON1/LON2/DLON/H
  206  212  213  216  216  212  212  210  208  202  194  186  178  171  165  160
  157  154  150  144  139  133  129  127  127  128  127  125  122  119  118  118
  121  123  125  125  124  122  120  119  118  117  117  118  122  130  141  152
  161  169  174  179  185  191  194  196  194  191  188  186  185  186  189  193
  197  202  208  206  207  204  208  215  206                                   
    32.5-180.0 180.0   5.0 450.0                            LAT/LON1/LON2/DLON/H
  225  230  231  233  232  226  225  221  219  213  206  199  191  184  177  171
  166  160  154  148  141  135  132  131  132  134  134  132  128  125  124  125
  126  128  128  127  124  120  118  118  119  119  120  121  124  130  140  151
  160  168  175  182  191  199  205  208  207  205  203  202  202  204  207  212
  215  220  225  223  223  221  226  232  225                                   
    30.0-180.0 180.0   5.0 450.0                            LAT/LON1/LON2/DLON/H
  250  254  256  257  254  247  243  237  234  227  219  212  204  197  189  181
  173  165  157  149  141  136  134  135  137  140  140  139  136  133  131  131
  131  131  129  126  121  118  116  117  119  121  122  123  124  128  136  146
  156  164  173  183  195  207  216  221  222  220  219  220  221  224  227  232
  235  239  243  242  242  240  246  253  250                                   
    27.5-180.0 180.0   5.0 450.0                            LAT/LON1/LON2/DLON/H
  278  283  286  288  283  274  268  259  253  244  235  227  219  210  201  191
  180  168  158  148  141  137  136  138  142  146  147  146  143  140  138  136
  135  132  128  123  119  115  115  116  120  122  123  122  121  123  129  138
  148  158  170  184  201  216  228  235  237  236  235  237  240  244  248  252
  254  258  262  260  261  260  268  275  278                                   
    25.0-180.0 180.0   5.0 450.0                            LAT/LON1/LON2/DLON/H
  308  313  319  322  318  309  300  288  279  267  256  245  236  225  214  201
  186  172  159  148  142  138  139  142  147  151  153  152  150  146  143  139
  135  131  125  120  116  114  114  116  119  121  120  117  114  114  119  128
  139  152  167  186  207  227  241  249  251  250  249  251  256  261  267  271
  274  277  281  279  281  282  291  300  308                                   
    22.5-180.0 180.0   5.0 450.0                            LAT/LON1/LON2/DLON/H
  336  343  351  357  354  347  337  323  311  297  283  270  257  244  229  212
  194  176  162  151  145  143  144  148  153  156  158  156  153  149  144  138
  133  127  121  117  114  113  113  115  117  118  115  110  105  104  108  117
  130  146  166  189  214  237  253  261  262  261  260  263  269  277  284  290
  292  296  300  299  301  304  316  325  336                                   
    20.0-180.0 180.0   5.0 450.0                            LAT/LON1/LON2/DLON/H
  361  368  379  388  388  383  375  362  349  333  317  300  284  267  248  227
  206  185  169  158  152  151  153  156  159  160  160  158  153  148  141  135
  128  122  117  115  114  114  114  114  114  112  108  102   95   93   97  107
  122  142  166  193  221  245  261  269  270  269  269  274  282  292  301  308
  312  316  320  320  322  326  340  350  361                                   
    17.5-180.0 180.0   5.0 450.0                            LAT/LON1/LON2/DLON/H
  381  388  401  412  415  414  408  398  387  372  354  335  316  294  271  246
  222  199  182  171  165  164  164  165  164  163  160  155  150  144  137  129
  123  118  115  115  115  116  115  113  110  106  101   94   87   84   88   99
  117  140  167  197  226  250  266  274  276  276  278  285  296  308  319  328
  332  337  341  342  344  348  362  373  381                                   
    15.0-180.0 180.0   5.0 450.0                            LAT/LON1/LON2/DLON/H
  397  402  415  428  433  435  432  426  419  407  390  371  349  324  297  269
  242  219  201  189  183  179  177  174  170  164  157  151  144  138  131  125
  120  116  116  117  119  119  117  113  108  102   96   88   81   79   82   94
  113  138  167  198  227  251  267  275  279  282  289  299  313  327  340  349
  355  360  363  364  365  368  383  394  397                                   
    12.5-180.0 180.0   5.0 450.0                            LAT/LON1/LON2/DLON/H
  410  412  424  435  441  445  445  443  440  432  419  401  378  351  322  292
  265  241  224  211  203  196  190  182  172  162  153  145  138  133  127  123
  119  118  118  121  123  123  120  114  108  101   94   87   80   77   80   92
  111  137  166  196  225  248  264  275  282  290  301  316  332  348  361  371
  377  382  385  385  385  387  400  412  410                                   
    10.0-180.0 180.0   5.0 450.0                            LAT/LON1/LON2/DLON/H
  421  420  428  436  443  447  447  448  448  444  435  420  398  371  342  313
  286  264  246  232  221  210  199  186  172  158  147  139  133  129  127  124
  122  122  123  126  127  127  123  116  109  102   95   88   82   78   81   91
  110  135  163  192  219  242  260  273  285  298  314  332  351  368  382  392
  398  403  405  404  402  402  415  427  421                                   
     7.5-180.0 180.0   5.0 450.0                            LAT/LON1/LON2/DLON/H
  431  428  432  436  441  444  443  444  445  444  438  426  407  381  354  326
  302  281  263  248  234  219  202  185  168  153  141  134  130  129  129  128
