data/edconvlstm_nd/pred0270.15i
     1.0            IONOSPHERE MAPS     GNSS                IONEX VERSION / TYPE
pyspatialgeodesy        IME             05-JAN-18 20:20     PGM / RUN BY / DATE 
Map Name                                                    COMMENT             
Predicted global ionosphere maps (GIM).                     DESCRIPTION         
  2015     1    27     0     0     0                        EPOCH OF FIRST MAP  
  2015     1    28     0     0     0                        EPOCH OF LAST MAP   
  7200                                                      INTERVAL            
    13                                                      # OF MAPS IN FILE   
  NONE                                                      MAPPING FUNCTION    
10.0                                                        ELEVATION CUTOFF    
One-way carrier phase leveled to code                       OBSERVABLES USED    
  6371.0                                                    BASE RADIUS         
 2                                                          MAP DIMENSION       
   450.0 450.0   0.0                                        HGT1 / HGT2 / DHGT  
    87.5 -87.5  -2.5                                        LAT1 / LAT2 / DLAT  
  -180.0 180.0   5.0                                        LON1 / LON2 / DLON  
    -1                                                      EXPONENT            
                                                            END OF HEADER       
[from data line 2574]
     7                                                      START OF TEC MAP    
  2015     1    27    12     0     0                        EPOCH OF CURRENT MAP
    87.5-180.0 180.0   5.0 450.0                            LAT/LON1/LON2/DLON/H
   76   92   94   98  101  102  103   98   99  102  101  102  102  102  102  102
  102  102  102  102  102  101  101  101  101  101  101  101  100  100  100   99
   98   98   96   95   94   92   90   89   87   85   83   82   80   79   78   77
   76   76   76   76   77   77   78   79   80   81   82   83   84   85   86   88
   89   91   89   87   91   91  105  101   76                                   
    85.0-180.0 180.0   5.0 450.0                            LAT/LON1/LON2/DLON/H
   85   99  112   98   98  103  103  103  103  105  104  105  104  104  103  103
  102  102  102  102  102  102  102  102  103  103  104  104  104  104  104  104
  103  102  100   98   96   94   92   89   87   85   82   80   79   77   76   75
   75   75   76   76   78   79   81   83   85   87   89   91   92   94   95   96
   98   99   94   90   91   93  104  105   85                                   
    82.5-180.0 180.0   5.0 450.0                            LAT/LON1/LON2/DLON/H
   86   95  106   94   95   98   99   99   99   99   98   97   95   94   92   90
   89   88   87   87   87   87   87   88   89   91   92   93   95   96   96   97
   97   96   95   94   92   89   86   83   80   77   74   71   68   66   64   62
   62   62   63   64   66   69   72   75   78   82   85   88   90   92   94   96
   97   98   94   89   91   97   96   93   86                                   
    80.0-180.0 180.0   5.0 450.0                            LAT/LON1/LON2/DLON/H
   82   83   96   86   86   84   86   86   86   86   84   83   80   78   75   73
   71   70   69   69   69   70   71   73   75   78   81   84   87   89   92   94
   95   96   96   95   93   90   87   83   79   75   71   66   62   59   56   54
   52   52   53   55   57   61   65   70   74   79   83   87   90   92   93   94
   95   94   91   88   85   88   89   88   82                                   
    77.5-180.0 180.0   5.0 450.0                            LAT/LON1/LON2/DLON/H
   83   78   83   77   75   76   77   77   77   76   72   71   68   65   62   60
   58   56   56   56   57   59   61   64   68   72   76   81   86   91   96  100
  104  107  109  109  109  107  104  100   95   90   85   79   73   67   63   59
   56   54   54   56   59   63   68   74   80   85   90   95   97   99   99   98
   96   93   90   86   81   76   75   75   83                                   
    75.0-180.0 180.0   5.0 450.0                            LAT/LON1/LON2/DLON/H
   71   71   73   70   69   71   71   71   70   69   65   63   59   56   53   51
   49   48   48   49   51   54   57   61   66   71   77   83   90   96  103  110
  116  121  125  128  129  129  127  124  120  115  109  102   94   87   80   73
   68   64   63   63   65   69   74   80   86   93   98  102  104  105  104  102
   98   94   89   81   78   70   67   62   71                                   
    72.5-180.0 180.0   5.0 450.0                            LAT/LON1/LON2/DLON/H
   69   71   71   71   70   74   74   74   72   70   66   63   60   57   54   51
   50   49   49   51   53   56   60   65   70   76   82   89   97  105  114  124
  133  141  148  153  157  159  159  158  155  150  144  137  128  118  108   99
   90   83   78   75   75   78   82   87   93   99  104  108  110  110  109  106
  101   95   91   82   78   70   66   65   69                                   
    70.0-180.0 180.0   5.0 450.0                            LAT/LON1/LON2/DLON/H
   71   74   77   77   76   80   79   79   78   76   73   70   67   64   61   59
   58   58   59   60   63   67   71   76   81   86   92   99  107  116  127  138
  150  161  171  179  185  189  192  193  191  189  184  176  167  156  143  130
  118  106   97   91   87   87   88   92   96  100  104  108  109  109  108  105
  100   95   91   83   79   74   73   71   71                                   
    67.5-180.0 180.0   5.0 450.0                            LAT/LON1/LON2/DLON/H
   72   79   82   85   85   90   90   90   88   86   84   82   79   78   76   75
   74   74   75   77   80   83   87   91   95   99  103  109  116  126  138  152
  167  181  193  204  212  219  223  226  227  226  222  216  207  195  180  164
  147  132  118  107   99   94   92   92   94   96   98  100  101  101  100   98
   95   91   89   82   80   77   75   73   72                                   
    65.0-180.0 180.0   5.0 450.0                            LAT/LON1/LON2/DLON/H
   73   83   86   90   91   97   97   98   97   96   94   94   93   92   91   91
   91   91   92   94   96   99  102  105  107  109  111  116  123  134  148  164
  181  198  213  226  236  243  249  253  256  257  255  251  242  230  214  195
  175  155  136  121  108   98   92   88   86   85   85   85   85   85   85   85
   84   82   82   79   80   80   79   78   73                                   
    62.5-180.0 180.0   5.0 450.0                            LAT/LON1/LON2/DLON/H
   71   81   85   89   91   98   98   99   99   99   98   99  100  102  102  103
  103  103  104  105  106  109  110  111  112  112  113  117  125  137  154  173
  194  213  230  244  254  262  268  273  276  279  279  275  268  255  238  218
  195  172  150  130  113  100   89   81   75   70   68   66   65   65   65   66
   67   68   71   70   73   75   76   76   71                                   
    60.0-180.0 180.0   5.0 450.0                            LAT/LON1/LON2/DLON/H
   65   74   77   81   83   89   90   91   92   92   94   96   99  102  104  106
  106  106  106  106  106  107  108  108  108  107  108  113  123  138  158  181
  204  226  244  258  269  276  281  286  290  293  294  291  284  272  255  233
  210  185  161  138  118  101   87   75   65   58   53   49   47   47   47   49
   51   53   57   58   63   65   68   68   65                                   
    57.5-180.0 180.0   5.0 450.0                            LAT/LON1/LON2/DLON/H
   57   64   66   69   71   76   78   79   80   82   84   87   91   95   99  101
  101  101  100   99   98   99  100  100  100  100  103  110  123  142  165  191
  217  241  260  274  283  289  293  297  300  303  305  303  297  285  268  247
  224  199  175  151  130  111   94   79   67   57   49   43   40   38   38   39
   41   43   49   50   56   57   59   61   57                                   
    55.0-180.0 180.0   5.0 450.0                            LAT/LON1/LON2/DLON/H
   50   54   56   58   59   63   64   66   67   69   71   75   79   83   87   89
   90   89   87   86   85   86   87   89   90   93   99  110  127  149  176  205
  233  257  276  289  297  301  303  305  307  310  311  310  304  294  279  259
  237  214  191  169  148  128  109   93   79   67   57   49   44   40   38   38
   39   41   46   47   52   51   52   54   50                                   
    52.5-180.0 180.0   5.0 450.0                            LAT/LON1/LON2/DLON/H
   47   48   49   51   51   54   55   56   57   58   60   63   66   70   73   75
   76   75   73   72   72   73   76   80   85   91  101  116  137  163  193  223
  251  274  291  303  308  310  310  311  312  314  315  314  310  301  288  271
  252  232  211  191  170  151  133  116  100   87   76   68   60   54   50   47
   46   46   50   51   55   52   52   53   47                                   
    50.0-180.0 180.0   5.0 450.0                            LAT/LON1/LON2/DLON/H
   49   49   49   50   49   51   52   52   53   54   55   57   58   60   62   64
   65   64   63   62   62   65   70   77   85   96  111  130  155  183  213  243
  269  290  305  314  317  317  315  314  314  315  317  317  313  306  296  282
  266  249  231  213  194  176  158  141  127  113  102   92   84   76   69   63
   59   58   60   59   63   60   58   58   49                                   
    47.5-180.0 180.0   5.0 450.0                            LAT/LON1/LON2/DLON/H
   56   57   56   56   54   56   56   56   56   57   57   57   57   57   57   58
   59   59   59   58   60   64   71   81   93  108  127  150  177  205  234  261
  284  302  314  320  321  320  317  315  315  316  317  317  315  310  302  291
  279  265  249  232  214  196  179  163  149  137  126  116  106   97   88   81
   75   72   72   71   74   72   71   69   56                                   
    45.0-180.0 180.0   5.0 450.0                            LAT/LON1/LON2/DLON/H
   67   70   68   69   66   67   66   65   66   67   67   66   63   61   60   60
   61   62   62   62   65   70   79   92  107  125  146  171  198  226  252  274
  293  307  317  321  322  320  318  316  316  316  317  317  316  312  306  298
  288  275  261  244  226  208  191  176  162  151  140  130  120  110  101   93
   87   83   83   82   86   87   86   84   67                                   
    42.5-180.0 180.0   5.0 450.0                            LAT/LON1/LON2/DLON/H
   78   84   83   84   81   81   79   79   80   82   82   80   76   73   70   69
   70   71   71   72   75   82   92  106  123  143  165  190  216  240  262  281
  296  307  315  320  321  320  319  318  318  318  318  318  316  312  307  300
  292  280  266  248  229  210  192  177  164  152  141  131  122  112  104   98
   92   89   89   89   94   98   99   96   78                                   
    40.0-180.0 180.0   5.0 450.0                            LAT/LON1/LON2/DLON/H
   86   95   96   98   94   94   92   92   94   97   98   97   93   88   85   84
   84   84   84   85   88   95  106  120  138  158  180  203  226  247  265  281
  294  305  314  320  323  324  325  324  324  324  323  320  317  313  307  300
  292  280  265  247  226  205  186  170  156  144  133  123  113  105   98   94
   91   89   90   90   95  101  103  101   86                                   
    37.5-180.0 180.0   5.0 450.0                            LAT/LON1/LON2/DLON/H
   89  101  102  105  103  102  100  102  104  109  111  112  108  104  100   99
   99   98   97   97  100  107  118  133  150  169  189  210  230  249  265  280
  294  307  318  327  332  336  337  338  337  336  333  328  323  316  309  301
  292  281  265  246  224  202  181  164  149  136  123  112  103   95   91   90
   90   89   90   88   92   96   99   98   89                                   
    35.0-180.0 180.0   5.0 450.0                            LAT/LON1/LON2/DLON/H
   89  100  103  106  105  104  103  105  109  114  118  120  119  116  113  112
  111  110  108  107  110  117  128  143  159  177  195  214  231  248  264  280
  297  315  330  343  352  357  360  361  360  357  352  344  336  326  317  308
  298  287  272  254  232  209  187  168  152  137  123  111  101   94   92   93
   95   94   95   89   89   88   91   90   89                                   
    32.5-180.0 180.0   5.0 450.0                            LAT/LON1/LON2/DLON/H
   87   96   99  102  102  102  102  103  107  112  118  122  123  122  121  120
  120  118  115  114  116  124  136  151  167  184  201  217  233  248  265  285
  308  332  353  371  382  390  393  394  393  388  381  370  358  346  334  324
  315  306  294  277  256  234  212  192  174  158  143  129  118  112  110  113
  115  114  112  100   93   84   85   83   87                                   
    30.0-180.0 180.0   5.0 450.0                            LAT/LON1/LON2/DLON/H
   87   93   94   97   98   98   98   99  102  107  112  117  120  121  122  123
  123  120  117  117  121  131  145  161  177  193  209  223  237  253  272  297
  327  358  386  408  423  431  435  435  433  428  418  406  391  376  363  353
  346  340  331  319  301  280  258  237  218  202  186  172  161  153  151  154
  155  152  147  126  111   91   87   83   87                                   
    27.5-180.0 180.0   5.0 450.0                            LAT/LON1/LON2/DLON/H
   92   95   93   95   97   97   98   96   97  100  104  108  112  115  118  120
  120  119  117  118  125  137  154  172  190  206  220  233  247  263  286  316
  354  392  427  453  468  477  480  480  478  472  462  449  433  417  403  394
  390  388  385  377  363  345  323  302  283  266  251  237  226  217  213  213
  212  206  196  168  143  112  101   92   92                                   
    25.0-180.0 180.0   5.0 450.0                            LAT/LON1/LON2/DLON/H
  106  104  100   99  102  103  102   99   97   95   97   99  102  106  110  114
  115  114  115  119  129  146  166  187  206  222  235  248  261  279  306  342
  385  430  468  496  512  520  523  523  521  516  507  495  480  465  453  446
  445  448  450  447  437  420  400  379  359  343  329  316  304  293  286  282
  277  268  252  219  186  146  125  111  106                                   
    22.5-180.0 180.0   5.0 450.0                            LAT/LON1/LON2/DLON/H
  128  122  114  112  114  115  114  107  102   97   93   92   94   97  102  105
  108  109  112  120  135  156  180  203  223  239  252  265  280  301  330  369
  416  462  502  529  545  553  556  557  557  554  548  539  527  515  505  501
  504  511  518  519  511  496  475  453  433  417  404  392  380  367  355  346
  336  325  304  271  233  187  157  139  128                                   
    20.0-180.0 180.0   5.0 450.0                            LAT/LON1/LON2/DLON/H
  155  147  134  129  131  131  130  122  113  104   96   91   89   91   94   98
  101  104  111  123  142  167  194  218  239  255  269  283  300  323  354  394
  439  484  522  548  563  571  575  579  581  582  580  575  567  560  554  553
  559  568  577  579  571  555  532  509  488  472  460  449  436  420  404  390
  376  364  340  313  273  228  194  172  155                                   
    17.5-180.0 180.0   5.0 450.0                            LAT/LON1/LON2/DLON/H
  180  171  156  149  148  147  147  138  127  115  103   94   88   88   89   92
   96  101  111  127  150  178  207  232  252  268  283  299  318  342  373  411
  453  494  528  552  567  575  581  587  593  597  600  599  596  593  590  591
  598  607  614  614  604  584  559  533  511  494  482  472  459  441  422  404
  388  376  354  334  298  259  226  204  180                                   
    15.0-180.0 180.0   5.0 450.0                            LAT/LON1/LON2/DLON/H
  197  190  174  165  162  160  160  152  141  128  113  100   91   88   88   89
   93  100  113  132  158  188  216  241  260  276  291  309  329  355  385  419
  457  493  524  547  561  570  578  586  595  603  609  612  612  611  610  610
  615  621  624  620  606  582  553  525  501  483  471  461  448  430  409  389
  372  362  344  331  303  273  246  224  197                                   
    12.5-180.0 180.0   5.0 450.0                            LAT/LON1/LON2/DLON/H
  202  196  183  173  169  165  167  161  151  138  121  107   96   90   88   89
   92  101  116  138  165  195  223  245  263  279  294  313  336  362  391  423
  456  488  516  537  551  561  571  582  594  604  611  615  616  615  613  611
  611  612  609  600  582  556  526  496  470  450  437  426  413  395  374  353
  336  327  315  308  289  269  248  229  202                                   
    10.0-180.0 180.0   5.0 450.0                            LAT/LON1/LON2/DLON/H
  195  191  181  171  168  163  166  163  155  143  127  112  101   93   90   89
   92  102  119  143  171  201  227  247  264  278  294  314  339  367  396  425
  454  482  508  527  542  554  566  579  593  604  611  614  613  609  604  598
  592  587  579  566  545  519  490  460  433  410  394  381  367  350  330  310
  294  286  278  274  263  252  236  219  195                                   
     7.5-180.0 180.0   5.0 450.0                            LAT/LON1/LON2/DLON/H
  183  179  171  162  160  155  159  158  152  142  128  114  103   96   91   90
   93  103  122  147  177  205  230  248  263  276  293  316  343  372  400  428
