data/edconvlstm_nd/pred1570.15i
     1.0            IONOSPHERE MAPS     GNSS                IONEX VERSION / TYPE
pyspatialgeodesy        IME             05-JAN-18 20:20     PGM / RUN BY / DATE 
Map Name                                                    COMMENT             
Predicted global ionosphere maps (GIM).                     DESCRIPTION         
  2015     6     6     0     0     0                        EPOCH OF FIRST MAP  
  2015     6     7     0     0     0                        EPOCH OF LAST MAP   
  7200                                                      INTERVAL            
    13                                                      # OF MAPS IN FILE   
  NONE                                                      MAPPING FUNCTION    
10.0                                                        ELEVATION CUTOFF    
One-way carrier phase leveled to code                       OBSERVABLES USED    
  6371.0                                                    BASE RADIUS         
 2                                                          MAP DIMENSION       
   450.0 450.0   0.0                                        HGT1 / HGT2 / DHGT  
    87.5 -87.5  -2.5                                        LAT1 / LAT2 / DLAT  
  -180.0 180.0   5.0                                        LON1 / LON2 / DLON  
    -1                                                      EXPONENT            
                                                            END OF HEADER       
[from data line 2574]
     7                                                      START OF TEC MAP    
  2015     6     6    12     0     0                        EPOCH OF CURRENT MAP
    87.5-180.0 180.0   5.0 450.0                            LAT/LON1/LON2/DLON/H
  198  192  184  189  190  190  189  188  189  190  190  190  190  190  191  191
  191  191  191  191  191  191  190  190  190  189  189  189  188  188  188  188
  188  188  188  188  188  188  188  189  189  190  190  191  192  193  193  194
  195  196  196  197  197  198  198  198  198  198  198  198  197  197  196  196
  194  195  192  192  195  196  198  199  198                                   
    85.0-180.0 180.0   5.0 450.0                            LAT/LON1/LON2/DLON/H
  184  184  191  188  186  189  190  191  192  192  193  193  194  194  195  195
  195  196  196  196  196  195  195  195  194  194  194  193  193  192  192  192
  192  191  191  191  191  192  192  192  193  194  195  196  197  198  199  200
  201  203  204  204  205  206  206  207  207  207  206  206  205  205  203  202
  202  202  197  196  194  193  196  203  184                                   
    82.5-180.0 180.0   5.0 450.0                            LAT/LON1/LON2/DLON/H
  170  180  181  177  176  180  181  182  184  185  186  188  189  190  191  191
  192  192  193  193  193  192  192  192  191  191  190  190  189  189  188  188
  187  187  186  186  186  186  186  186  187  188  189  191  193  194  196  198
  200  202  204  205  207  208  208  209  209  208  208  207  206  204  202  200
  198  196  190  191  187  194  195  186  170                                   
    80.0-180.0 180.0   5.0 450.0                            LAT/LON1/LON2/DLON/H
  168  176  177  176  174  176  178  181  184  186  188  190  192  193  194  195
  196  196  196  196  196  195  195  194  194  193  193  192  192  191  190  190
  189  188  188  187  186  186  186  186  187  188  190  192  194  197  199  202
  205  207  209  211  213  214  214  215  215  214  213  212  210  208  206  203
  201  198  192  192  187  187  192  182  168                                   
    77.5-180.0 180.0   5.0 450.0                            LAT/LON1/LON2/DLON/H
  171  172  175  174  172  175  177  180  184  187  189  191  194  195  197  198
  199  199  199  199  198  198  197  196  196  196  195  195  195  195  195  195
  195  194  193  192  191  190  189  189  190  191  193  195  197  200  203  206
  209  212  214  216  218  219  219  220  220  219  218  217  214  212  209  206
  203  199  192  191  190  187  188  184  171                                   
    75.0-180.0 180.0   5.0 450.0                            LAT/LON1/LON2/DLON/H
  171  173  171  172  171  174  177  180  184  188  190  194  196  198  199  200
  201  201  200  200  199  198  198  197  197  197  197  198  199  200  201  202
  202  202  201  199  198  196  195  194  194  195  197  199  201  204  207  209
  212  214  216  218  219  220  221  221  221  221  220  219  218  216  213  211
  207  203  197  193  191  189  190  181  171                                   
    72.5-180.0 180.0   5.0 450.0                            LAT/LON1/LON2/DLON/H
  171  174  172  172  170  173  176  179  183  187  189  192  195  197  198  198
  199  198  198  197  197  196  195  194  194  194  195  197  199  202  204  206
  207  208  207  206  204  201  199  198  198  198  199  201  203  205  207  209
  211  212  213  213  214  214  215  215  216  217  217  217  217  216  214  213
  209  206  201  197  193  192  193  188  171                                   
    70.0-180.0 180.0   5.0 450.0                            LAT/LON1/LON2/DLON/H
  176  176  174  173  169  171  173  176  180  183  186  189  191  193  194  194
  194  194  193  193  192  191  190  189  189  189  190  193  196  200  204  208
  211  212  212  210  208  205  202  200  199  199  200  202  203  205  206  207
  207  206  205  205  204  204  204  205  207  209  211  213  214  215  215  215
  213  210  206  203  199  198  200  195  176                                   
    67.5-180.0 180.0   5.0 450.0                            LAT/LON1/LON2/DLON/H
  181  181  178  176  171  172  173  175  178  181  184  187  189  191  192  192
  192  192  191  191  190  189  188  187  186  186  187  190  194  199  205  210
  214  216  216  215  212  209  206  204  203  203  204  205  206  206  206  205
  204  202  199  197  196  195  196  197  200  204  208  211  215  217  219  220
  219  217  214  211  206  206  206  203  181                                   
    65.0-180.0 180.0   5.0 450.0                            LAT/LON1/LON2/DLON/H
  186  185  180  177  170  169  169  169  172  175  177  181  183  186  187  188
  188  188  188  188  188  187  186  185  184  183  184  187  191  197  204  210
  215  218  219  218  215  212  209  207  206  206  207  208  208  208  207  204
  201  198  194  191  189  188  189  191  195  200  206  211  215  219  222  223
  223  223  221  219  215  215  216  212  186                                   
    62.5-180.0 180.0   5.0 450.0                            LAT/LON1/LON2/DLON/H
  188  186  181  176  167  164  162  162  163  166  168  172  176  179  181  183
  184  185  185  186  186  186  186  185  183  182  183  185  190  196  203  210
  216  220  221  220  217  214  212  210  209  210  211  212  212  211  209  205
  201  197  193  189  187  187  188  191  195  201  207  213  219  222  225  227
  227  227  225  224  220  220  221  217  188                                   
    60.0-180.0 180.0   5.0 450.0                            LAT/LON1/LON2/DLON/H
  187  184  177  171  161  157  153  151  152  153  156  160  165  170  174  177
  179  181  182  183  185  186  186  185  185  184  184  186  191  197  205  212
  218  222  224  223  221  218  216  214  214  215  216  217  217  215  212  209
  204  200  196  193  191  191  192  195  200  206  212  218  223  226  228  229
  228  228  226  225  222  221  222  218  187                                   
    57.5-180.0 180.0   5.0 450.0                            LAT/LON1/LON2/DLON/H
  184  180  173  166  154  149  145  141  140  140  142  147  153  159  165  170
  174  177  179  181  184  186  187  188  188  188  189  191  196  202  210  217
  223  227  229  229  227  225  223  222  222  222  223  224  223  221  218  215
  210  207  204  201  200  200  202  205  210  215  220  225  228  230  231  230
  228  227  225  224  221  220  221  216  184                                   
    55.0-180.0 180.0   5.0 450.0                            LAT/LON1/LON2/DLON/H
  181  174  167  160  149  144  138  133  130  128  129  134  140  148  156  162
  168  172  176  179  182  185  188  190  192  193  195  199  204  210  217  224
  230  234  236  237  237  235  234  233  232  232  232  232  231  228  225  222
  219  216  214  213  213  213  214  217  220  224  228  231  233  234  233  231
  228  226  223  221  218  217  217  212  181                                   
    52.5-180.0 180.0   5.0 450.0                            LAT/LON1/LON2/DLON/H
  177  169  163  157  146  141  136  129  124  121  119  122  128  136  146  155
  162  168  173  177  181  185  189  193  196  199  203  208  213  219  226  232
  238  243  246  248  249  249  248  246  245  244  243  241  239  236  233  230
  228  226  225  225  225  225  226  228  229  232  234  236  237  236  234  232
  228  226  223  220  216  214  213  207  177                                   
    50.0-180.0 180.0   5.0 450.0                            LAT/LON1/LON2/DLON/H
  175  166  161  157  148  144  139  131  125  119  115  115  119  127  137  148
  157  165  171  176  181  186  191  196  200  205  210  216  223  229  235  241
  247  253  258  262  264  265  265  263  261  258  255  251  248  244  241  238
  236  235  235  235  235  235  234  235  235  236  237  238  238  238  236  235
  231  229  226  222  217  214  211  203  175                                   
    47.5-180.0 180.0   5.0 450.0                            LAT/LON1/LON2/DLON/H
  175  166  163  159  153  150  146  139  132  124  117  113  115  121  130  142
  154  164  171  178  183  188  193  199  204  210  217  224  230  237  243  249
  256  263  270  276  281  284  284  282  279  274  269  264  258  253  249  245
  243  242  241  241  240  239  238  237  236  236  237  238  239  240  240  240
  238  237  233  229  222  217  212  203  175                                   
    45.0-180.0 180.0   5.0 450.0                            LAT/LON1/LON2/DLON/H
  176  168  167  164  159  159  157  151  144  134  125  118  115  118  127  138
  151  163  173  181  188  193  198  203  208  214  222  229  236  242  249  255
  263  272  282  291  299  304  305  304  300  294  286  279  271  264  258  253
  250  248  245  243  241  239  237  236  235  234  235  237  240  243  246  248
  248  248  244  239  230  223  216  206  176                                   
    42.5-180.0 180.0   5.0 450.0                            LAT/LON1/LON2/DLON/H
  180  173  172  169  166  166  166  163  157  148  137  127  121  120  126  137
  151  165  177  187  194  199  203  207  212  218  225  232  239  246  252  260
  270  281  294  307  317  325  328  327  323  316  307  297  287  278  270  263
  258  254  249  245  240  237  235  234  233  233  235  238  242  248  254  259
  261  261  257  251  240  231  222  211  180                                   
    40.0-180.0 180.0   5.0 450.0                            LAT/LON1/LON2/DLON/H
  184  180  178  173  170  171  173  171  169  162  152  140  130  126  128  138
  151  166  181  192  201  206  210  212  216  220  227  234  241  248  255  265
  277  291  307  323  336  347  352  353  349  342  332  320  307  295  285  276
  269  262  255  248  243  238  236  235  235  236  238  242  248  256  264  271
  274  275  270  263  250  239  229  216  184                                   
    37.5-180.0 180.0   5.0 450.0                            LAT/LON1/LON2/DLON/H
  190  187  185  176  172  172  174  175  176  173  164  153  141  134  133  139
  152  168  184  197  207  213  216  217  219  223  229  236  243  250  259  271
  285  303  322  340  357  369  377  380  377  370  360  346  331  317  304  294
  285  276  267  258  251  246  243  243  244  245  247  252  258  267  276  284
  287  287  280  271  257  246  234  222  190                                   
    35.0-180.0 180.0   5.0 450.0                            LAT/LON1/LON2/DLON/H
  197  196  192  179  173  170  171  174  177  178  173  164  152  142  138  142
  152  168  185  200  212  218  221  221  222  225  231  238  246  255  265  280
  297  318  339  360  378  392  402  406  406  400  389  375  358  342  329  317
  307  296  286  275  266  261  259  259  260  261  263  266  272  280  289  296
  297  295  286  276  261  249  238  226  197                                   
    32.5-180.0 180.0   5.0 450.0                            LAT/LON1/LON2/DLON/H
  207  206  200  184  174  168  167  169  174  178  177  171  160  149  142  143
  152  166  183  200  213  220  223  223  224  227  233  241  250  261  275  292
  313  336  359  380  398  413  425  431  432  427  417  403  386  370  356  344
  334  323  311  300  290  285  283  283  283  283  283  285  288  294  301  305
  303  299  288  276  261  250  240  230  207                                   
    30.0-180.0 180.0   5.0 450.0                            LAT/LON1/LON2/DLON/H
  218  218  210  193  179  170  165  165  169  175  177  173  164  154  146  144
  150  163  179  196  209  218  221  222  224  228  235  245  256  270  287  307
  331  356  379  399  417  432  443  451  453  449  440  427  412  397  384  374
  365  354  342  330  321  315  313  312  311  309  307  305  305  307  310  311
  306  299  286  274  259  249  241  233  218                                   
    27.5-180.0 180.0   5.0 450.0                            LAT/LON1/LON2/DLON/H
  230  230  222  204  189  176  168  164  166  171  174  172  166  157  148  145
  148  158  173  189  203  212  216  219  222  228  237  250  264  280  300  324
  350  375  397  416  431  445  455  463  465  463  456  445  433  420  410  402
  395  386  375  363  353  348  345  343  339  334  328  322  318  316  315  312
  305  296  281  269  256  248  242  237  230                                   
    25.0-180.0 180.0   5.0 450.0                            LAT/LON1/LON2/DLON/H
  240  242  234  218  203  189  178  170  167  169  171  170  166  158  150  145
  146  154  167  182  194  203  209  213  218  227  239  254  271  291  313  339
  366  391  411  427  440  451  460  466  469  468  464  456  447  438  432  426
  421  413  403  392  383  377  373  368  361  352  342  332  324  319  315  310
  301  290  276  264  252  247  243  240  240                                   
    22.5-180.0 180.0   5.0 450.0                            LAT/LON1/LON2/DLON/H
  245  250  243  231  218  205  192  181  174  171  169  168  164  158  150  144
  144  150  161  174  185  194  200  206  214  226  241  258  277  299  324  351
  377  400  419  432  442  450  457  462  465  466  464  460  455  450  446  443
  439  432  422  412  404  397  392  385  374  361  347  334  323  315  309  303
  294  284  270  260  249  245  244  241  245                                   
    20.0-180.0 180.0   5.0 450.0                            LAT/LON1/LON2/DLON/H
  243  250  245  239  230  220  209  196  184  176  171  168  163  157  150  144
  143  147  157  168  177  185  192  199  210  224  241  261  282  305  330  357
  382  404  420  431  439  445  450  454  458  459  460  459  458  456  454  452
  448  441  432  422  414  408  402  392  378  362  345  329  316  306  299  293
  285  276  264  254  245  242  241  238  243                                   
    17.5-180.0 180.0   5.0 450.0                            LAT/LON1/LON2/DLON/H
  233  241  239  238  234  229  221  209  196  184  175  168  163  156  149  143
  142  146  154  163  171  178  185  194  207  223  242  262  284  307  333  359
  383  403  418  428  435  439  443  447  450  453  455  457  458  458  457  454
  449  441  431  422  415  410  403  392  376  357  338  320  305  294  287  281
  274  267  257  248  239  237  236  231  233                                   
    15.0-180.0 180.0   5.0 450.0                            LAT/LON1/LON2/DLON/H
  216  224  224  225  227  227  224  216  203  190  178  169  162  154  147  142
  141  145  152  161  167  173  181  192  206  224  243  263  284  308  333  358
  382  401  416  426  432  437  440  444  447  451  454  457  458  458  456  451
  443  433  422  414  409  406  400  389  372  351  330  310  294  282  275  269
  263  257  248  240  231  228  227  220  216                                   
    12.5-180.0 180.0   5.0 450.0                            LAT/LON1/LON2/DLON/H
  195  201  202  204  210  213  215  212  203  191  179  169  160  152  144  138
  138  143  151  158  165  171  179  191  207  226  245  264  285  309  333  358
  381  400  415  426  434  439  444  448  451  454  457  459  460  457  452  444
  433  420  409  402  400  399  395  385  368  347  324  303  285  272  264  259
  253  247  239  231  222  217  214  206  195                                   
    10.0-180.0 180.0   5.0 450.0                            LAT/LON1/LON2/DLON/H
  176  180  180  179  186  190  196  197  193  185  175  165  156  147  139  133
  133  139  147  155  162  169  179  193  211  229  248  267  288  311  335  360
  382  402  418  430  439  447  453  457  461  463  464  464  461  455  446  435
  420  406  395  390  390  392  391  383  366  344  321  298  280  266  257  250
  243  237  229  221  212  205  202  192  176                                   
     7.5-180.0 180.0   5.0 450.0                            LAT/LON1/LON2/DLON/H
  162  163  161  158  162  164  172  175  176  172  166  158  149  140  132  126
  126  132  141  151  159  168  180  197  216  235  254  272  293  316  340  364
