data/edconvlstm_nd/pred2700.15i
     1.0            IONOSPHERE MAPS     GNSS                IONEX VERSION / TYPE
pyspatialgeodesy        IME             05-JAN-18 20:20     PGM / RUN BY / DATE 
Map Name                                                    COMMENT             
Predicted global ionosphere maps (GIM).                     DESCRIPTION         
  2015     9    27     0     0     0                        EPOCH OF FIRST MAP  
  2015     9    28     0     0     0                        EPOCH OF LAST MAP   
  7200                                                      INTERVAL            
    13                                                      # OF MAPS IN FILE   
  NONE                                                      MAPPING FUNCTION    
10.0                                                        ELEVATION CUTOFF    
One-way carrier phase leveled to code                       OBSERVABLES USED    
  6371.0                                                    BASE RADIUS         
 2                                                          MAP DIMENSION       
   450.0 450.0   0.0                                        HGT1 / HGT2 / DHGT  
    87.5 -87.5  -2.5                                        LAT1 / LAT2 / DLAT  
  -180.0 180.0   5.0                                        LON1 / LON2 / DLON  
    -1                                                      EXPONENT            
                                                            END OF HEADER       
[from data line 3861]
    10                                                      START OF TEC MAP    
  2015     9    27    18     0     0                        EPOCH OF CURRENT MAP
    87.5-180.0 180.0   5.0 450.0                            LAT/LON1/LON2/DLON/H
  119  125  120  126  131  130  130  129  130  133  133  135  137  138  140  141
  143  144  145  145  146  146  146  146  145  145  144  143  142  141  140  139
  138  137  135  134  133  133  132  131  130  130  129  129  129  129  129  129
  129  129  128  128  128  127  127  127  126  125  125  124  124  123  122  122
  121  121  119  117  124  121  133  129  119                                   
    85.0-180.0 180.0   5.0 450.0                            LAT/LON1/LON2/DLON/H
  124  124  134  122  123  128  129  132  134  137  138  141  143  145  147  149
  151  153  154  155  156  156  156  156  155  154  153  152  151  149  148  146
  145  143  142  140  139  138  137  136  135  135  134  134  134  134  134  134
  134  134  134  134  133  133  132  132  131  130  129  128  127  127  126  125
  125  124  119  115  117  116  120  118  124                                   
    82.5-180.0 180.0   5.0 450.0                            LAT/LON1/LON2/DLON/H
  102  109  111  106  110  116  121  124  127  131  134  138  142  145  149  152
  155  158  160  161  162  163  163  162  162  160  159  157  155  152  150  147
  145  142  140  138  136  134  132  130  129  128  128  127  127  127  128  128
  128  128  128  128  128  127  126  125  124  123  121  120  118  117  115  114
  113  111  107  106  106  115  108  104  102                                   
    80.0-180.0 180.0   5.0 450.0                            LAT/LON1/LON2/DLON/H
   78   82   89   87   91   94  101  107  113  119  123  129  134  139  144  148
  152  155  158  160  161  161  161  161  159  157  155  152  149  145  142  138
  135  132  128  125  122  119  117  114  113  111  110  110  110  111  112  113
  113  114  115  115  114  114  112  111  109  107  105  103  101  100   98   96
   95   93   91   89   86   90   86   90   78                                   
    77.5-180.0 180.0   5.0 450.0                            LAT/LON1/LON2/DLON/H
   70   71   74   73   79   84   92   99  105  111  117  124  131  137  143  148
  153  158  161  164  166  167  167  166  165  162  160  156  152  148  144  140
  136  131  127  123  118  114  110  107  103  101   99   98   98   98  100  101
  103  104  105  105  105  104  102  100   97   95   92   90   87   85   83   81
   80   78   77   76   75   74   74   80   70                                   
    75.0-180.0 180.0   5.0 450.0                            LAT/LON1/LON2/DLON/H
   58   62   63   65   72   78   85   92  100  108  115  122  129  135  141  147
  152  157  161  165  167  169  169  169  167  165  162  158  154  149  144  140
  135  130  125  120  115  110  105  100   96   92   90   88   87   88   89   91
   93   95   96   96   96   94   92   89   87   84   81   79   77   75   74   73
   72   71   70   67   66   65   63   62   58                                   
    72.5-180.0 180.0   5.0 450.0                            LAT/LON1/LON2/DLON/H
   56   61   61   67   71   79   87   94  101  109  115  123  130  136  142  148
  154  159  163  167  170  172  173  173  171  169  165  161  156  151  146  141
  136  131  126  121  115  109  103   96   90   85   81   78   77   77   79   81
   83   85   86   86   85   83   81   78   74   71   69   67   65   65   65   65
   64   64   65   61   59   60   60   63   56                                   
    70.0-180.0 180.0   5.0 450.0                            LAT/LON1/LON2/DLON/H
   57   63   63   70   75   82   88   97  104  112  119  126  132  138  143  148
  153  158  163  167  171  173  175  175  174  171  167  163  158  152  147  142
  137  132  126  121  115  108  101   94   86   80   74   71   69   68   69   71
   74   75   76   76   75   73   69   66   63   60   58   57   57   57   59   60
   61   61   63   61   59   60   62   64   57                                   
    67.5-180.0 180.0   5.0 450.0                            LAT/LON1/LON2/DLON/H
   60   67   69   77   83   90   98  106  113  120  126  133  138  143  148  152
  156  161  166  171  175  178  180  180  178  175  171  166  161  155  150  144
  139  134  129  123  117  110  103   95   86   79   72   68   65   64   65   67
   69   70   71   70   68   65   62   59   56   53   52   52   52   54   56   59
   60   61   62   60   58   59   59   61   60                                   
    65.0-180.0 180.0   5.0 450.0                            LAT/LON1/LON2/DLON/H
   60   69   71   81   87   95  102  110  117  124  131  137  142  146  149  153
  157  161  166  171  176  180  181  181  179  176  172  167  162  156  151  146
  140  135  129  124  117  110  103   94   85   77   70   64   61   59   59   60
   62   62   62   61   59   56   53   50   48   46   45   46   47   49   52   55
   57   58   59   58   57   58   58   61   60                                   
    62.5-180.0 180.0   5.0 450.0                            LAT/LON1/LON2/DLON/H
   59   68   72   83   91  100  107  115  121  128  135  141  145  149  152  155
  158  162  167  173  178  181  182  182  179  176  172  168  163  159  154  148
  143  137  131  124  118  111  103   94   85   76   69   63   59   57   56   56
   56   56   55   53   51   49   47   45   44   43   43   43   45   46   49   51
   52   53   54   52   51   51   51   55   59                                   
    60.0-180.0 180.0   5.0 450.0                            LAT/LON1/LON2/DLON/H
   56   65   71   83   92  101  108  116  123  129  136  142  146  150  152  154
  157  162  167  172  176  179  180  179  177  174  171  168  165  162  159  154
  148  141  134  126  119  111  103   95   86   77   69   63   59   56   55   53
   52   51   49   47   45   44   43   42   42   42   43   43   44   45   46   47
   47   47   47   44   44   44   45   49   56                                   
    57.5-180.0 180.0   5.0 450.0                            LAT/LON1/LON2/DLON/H
   52   63   71   84   94  103  111  118  124  130  137  143  147  150  152  155
  157  161  166  170  174  176  177  175  173  171  170  170  170  170  168  163
  157  149  141  132  124  116  108   99   90   82   74   68   64   60   57   55
   52   49   46   44   43   43   44   45   47   48   48   48   47   46   46   45
   44   43   42   39   38   38   39   44   52                                   
    55.0-180.0 180.0   5.0 450.0                            LAT/LON1/LON2/DLON/H
   53   65   76   89   98  108  115  121  127  132  138  143  148  151  153  155
  157  160  164  167  170  172  172  171  169  169  170  173  177  179  179  175
  169  160  151  141  132  124  115  106   97   89   82   76   71   67   63   59
   54   50   47   45   45   46   49   52   55   57   57   56   54   51   49   47
   44   42   40   37   36   36   37   42   53                                   
    52.5-180.0 180.0   5.0 450.0                            LAT/LON1/LON2/DLON/H
   58   71   84   97  107  116  123  128  132  136  140  144  148  151  153  155
  156  158  161  164  166  167  167  166  166  167  172  178  184  189  191  188
  181  172  162  152  143  134  125  116  108  100   93   87   82   77   72   67
   61   56   52   50   51   54   58   63   67   69   69   67   63   59   55   52
   48   46   44   42   41   40   41   46   58                                   
    50.0-180.0 180.0   5.0 450.0                            LAT/LON1/LON2/DLON/H
   68   83   96  109  119  129  135  139  141  143  145  148  151  153  155  156
  157  158  160  161  163  163  163  164  165  168  175  183  192  198  200  197
  190  181  172  162  154  145  137  128  119  112  106  100   96   90   85   78
   72   66   62   60   61   64   69   75   79   82   82   79   75   70   65   61
   58   56   54   52   51   51   52   55   68                                   
    47.5-180.0 180.0   5.0 450.0                            LAT/LON1/LON2/DLON/H
   82   97  111  123  134  144  149  152  153  154  154  155  156  158  159  160
  161  161  161  161  162  163  164  165  167  172  179  188  197  202  203  200
  193  185  177  170  163  156  148  139  131  124  119  114  109  104   98   91
   84   78   74   72   73   76   81   86   91   93   93   91   87   82   78   74
   71   69   69   68   67   66   67   69   82                                   
    45.0-180.0 180.0   5.0 450.0                            LAT/LON1/LON2/DLON/H
   97  111  124  136  147  157  162  166  166  166  165  165  165  166  167  168
  167  166  165  165  165  167  169  171  174  179  185  193  199  202  200  196
  189  183  178  174  170  164  157  149  142  135  130  126  122  117  111  104
   97   90   86   84   84   86   90   95   99  101  102  101   99   95   91   88
   85   84   85   84   84   83   83   83   97                                   
    42.5-180.0 180.0   5.0 450.0                            LAT/LON1/LON2/DLON/H
  108  122  132  145  156  168  174  178  179  180  178  176  176  176  177  178
  177  175  173  173  174  176  179  181  184  188  193  197  199  198  194  188
  183  179  177  176  175  172  166  158  151  144  140  136  132  127  120  113
  106  100   95   92   92   93   95   99  102  105  107  108  108  106  104  102
   99   98   99   98   98   96   97   96  108                                   
    40.0-180.0 180.0   5.0 450.0                            LAT/LON1/LON2/DLON/H
  114  125  135  148  160  172  180  187  190  192  191  189  188  189  190  191
  190  187  185  185  186  189  193  195  198  199  201  202  200  196  190  184
  180  179  180  183  184  181  175  167  159  152  147  143  139  133  126  119
  112  105  100   97   95   95   96   98  101  105  109  112  114  114  114  112
  110  108  108  107  106  104  104  104  114                                   
    37.5-180.0 180.0   5.0 450.0                            LAT/LON1/LON2/DLON/H
  114  123  131  145  158  171  182  192  199  202  202  202  202  203  204  205
  204  202  200  199  201  205  209  211  212  212  212  211  207  202  196  191
  189  191  195  199  200  196  189  179  169  161  155  149  144  137  129  121
  114  107  102   98   95   94   94   96   99  104  109  114  118  120  121  120
  116  113  111  109  107  104  104  106  114                                   
    35.0-180.0 180.0   5.0 450.0                            LAT/LON1/LON2/DLON/H
  109  116  125  139  153  167  181  194  203  210  213  214  215  217  218  219
  218  216  215  215  218  222  225  227  227  227  227  226  224  221  218  216
  217  221  226  229  227  220  209  195  182  172  163  156  148  140  131  122
  114  107  101   97   94   93   93   95   99  105  111  117  122  125  125  123
  118  114  110  106  102  100   99  102  109                                   
    32.5-180.0 180.0   5.0 450.0                            LAT/LON1/LON2/DLON/H
  104  110  120  134  148  161  178  193  206  216  221  225  227  230  232  233
  232  231  230  231  234  237  240  242  243  244  247  250  253  256  258  262
  267  272  276  275  267  253  235  216  200  186  175  165  155  144  134  124
  116  108  102   97   95   94   96   99  104  110  116  123  127  129  129  125
  119  113  107  101   96   93   91   97  104                                   
    30.0-180.0 180.0   5.0 450.0                            LAT/LON1/LON2/DLON/H
  101  109  120  132  146  159  176  192  208  220  228  234  239  242  245  246
  245  245  244  246  248  251  254  257  260  265  273  284  296  307  318  328
  337  344  343  334  317  293  267  242  221  203  189  176  164  152  140  129
  120  113  106  102  100  101  105  110  115  122  128  132  135  135  132  127
  120  113  106   98   92   88   86   93  101                                   
    27.5-180.0 180.0   5.0 450.0                            LAT/LON1/LON2/DLON/H
  104  114  127  136  150  162  179  194  211  224  235  243  250  254  257  258
  258  258  258  259  262  265  268  273  280  291  307  327  350  372  393  412
  425  429  420  399  369  334  300  269  244  223  206  191  177  163  150  140
  131  123  116  112  111  114  119  126  133  138  143  146  146  143  138  131
  122  115  108  100   93   89   86   93  104                                   
    25.0-180.0 180.0   5.0 450.0                            LAT/LON1/LON2/DLON/H
  113  125  139  147  161  171  186  200  216  230  242  252  260  266  270  272
  272  272  273  274  276  279  285  293  305  323  348  378  412  445  476  500
  514  512  492  457  413  369  328  293  265  242  223  207  191  177  165  155
  146  138  132  128  128  132  139  146  153  158  160  160  157  151  144  136
  127  121  114  107  100   95   91   98  113                                   
    22.5-180.0 180.0   5.0 450.0                            LAT/LON1/LON2/DLON/H
  127  141  155  163  176  186  199  211  225  238  250  262  272  280  284  287
  288  289  290  291  294  299  307  320  338  363  396  434  475  515  551  576
  585  573  541  495  442  391  346  310  281  258  238  221  206  192  181  173
  165  158  152  148  148  153  160  167  172  175  175  173  166  158  149  141
  133  129  123  118  111  105   99  107  127                                   
    20.0-180.0 180.0   5.0 450.0                            LAT/LON1/LON2/DLON/H
  142  157  171  180  194  204  216  225  237  250  261  274  286  295  302  306
  309  311  313  315  318  325  337  356  380  412  448  489  531  570  602  620
  620  600  561  509  452  400  355  319  291  268  249  232  217  205  197  191
  185  178  172  168  168  172  178  184  187  187  185  180  172  162  153  145
  139  137  131  128  122  115  109  116  142                                   
    17.5-180.0 180.0   5.0 450.0                            LAT/LON1/LON2/DLON/H
  154  170  184  195  211  222  234  243  253  265  276  290  303  314  323  330
  335  340  343  346  351  361  378  402  431  465  501  537  571  599  618  624
  616  591  551  500  447  397  355  322  296  273  254  237  224  214  209  205
  202  196  190  185  185  188  192  195  195  193  188  182  173  163  154  147
  141  141  137  135  129  122  115  124  154                                   
    15.0-180.0 180.0   5.0 450.0                            LAT/LON1/LON2/DLON/H
  160  176  191  206  224  238  252  261  272  283  295  309  324  338  350  359
  368  375  381  386  393  406  427  455  487  519  548  572  589  598  601  597
  583  558  522  478  432  389  352  323  297  275  255  238  226  219  216  216
  214  210  204  199  198  199  200  199  196  191  185  178  169  159  151  145
  140  141  137  136  130  123  117  127  160                                   
    12.5-180.0 180.0   5.0 450.0                            LAT/LON1/LON2/DLON/H
  158  174  190  209  231  249  267  278  291  304  317  333  349  365  379  393
  405  415  424  432  442  458  481  510  541  566  583  588  585  577  566  553
  537  516  487  453  416  382  352  325  300  276  254  236  225  220  220  222
  222  219  213  208  206  204  202  198  191  184  176  169  160  152  145  139
  135  135  131  129  124  119  113  125  158                                   
    10.0-180.0 180.0   5.0 450.0                            LAT/LON1/LON2/DLON/H
  149  167  184  207  234  256  278  294  310  325  341  358  376  394  411  427
  443  457  469  480  492  510  533  561  586  601  602  589  568  546  526  509
  494  478  459  435  409  383  359  334  308  281  256  236  223  219  221  225
  226  224  219  213  209  205  200  192  183  174  165  157  150  142  136  132
  127  126  121  119  114  110  106  118  149                                   
     7.5-180.0 180.0   5.0 450.0                            LAT/LON1/LON2/DLON/H
  139  157  177  203  233  260  287  307  327  346  364  383  403  422  441  460
  478  495  510  523  537  555  577  600  617  620  606  580  549  520  497  480
