data/edconvlstm_nd/pred0090.15i
     1.0            IONOSPHERE MAPS     GNSS                IONEX VERSION / TYPE
pyspatialgeodesy        IME             05-JAN-18 20:20     PGM / RUN BY / DATE 
Map Name                                                    COMMENT             
Predicted global ionosphere maps (GIM).                     DESCRIPTION         
  2015     1     9     0     0     0                        EPOCH OF FIRST MAP  
  2015     1    10     0     0     0                        EPOCH OF LAST MAP   
  7200                                                      INTERVAL            
    13                                                      # OF MAPS IN FILE   
  NONE                                                      MAPPING FUNCTION    
10.0                                                        ELEVATION CUTOFF    
One-way carrier phase leveled to code                       OBSERVABLES USED    
  6371.0                                                    BASE RADIUS         
 2                                                          MAP DIMENSION       
   450.0 450.0   0.0                                        HGT1 / HGT2 / DHGT  
    87.5 -87.5  -2.5                                        LAT1 / LAT2 / DLAT  
  -180.0 180.0   5.0                                        LON1 / LON2 / DLON  
    -1                                                      EXPONENT            
                                                            END OF HEADER       
[from data line 3003]
     8                                                      START OF TEC MAP    
  2015     1     9    14     0     0                        EPOCH OF CURRENT MAP
    87.5-180.0 180.0   5.0 450.0                            LAT/LON1/LON2/DLON/H
   76   85   85   88   92   91   91   87   88   90   90   90   90   90   90   91
   91   91   91   91   91   90   90   90   89   89   89   88   88   87   87   86
   86   85   85   85   84   84   84   84   83   83   84   84   84   85   85   86
   86   87   88   88   89   89   90   90   90   90   90   90   90   90   90   90
   90   90   87   83   86   84   97   94   76                                   
    85.0-180.0 180.0   5.0 450.0                            LAT/LON1/LON2/DLON/H
   81   87   99   82   83   86   86   87   87   89   88   89   89   89   90   90
   90   91   91   91   92   92   92   92   92   92   92   91   91   90   90   89
   88   88   87   87   86   86   86   85   85   85   85   86   86   86   87   88
   88   89   90   90   91   92   92   93   93   93   93   93   93   93   93   92
   93   92   86   81   81   82   90   90   81                                   
    82.5-180.0 180.0   5.0 450.0                            LAT/LON1/LON2/DLON/H
   71   76   81   73   74   77   79   79   80   82   82   83   83   84   84   85
   85   86   86   87   87   88   88   89   89   89   88   88   87   87   86   85
   84   83   82   81   80   79   78   78   77   77   77   77   77   77   78   79
   79   80   81   82   83   84   84   85   85   86   86   86   86   85   85   85
   85   84   79   74   76   82   77   76   71                                   
    80.0-180.0 180.0   5.0 450.0                            LAT/LON1/LON2/DLON/H
   60   60   67   61   62   60   63   65   67   68   68   70   70   71   71   72
   73   74   75   77   78   79   81   82   83   84   84   84   84   83   83   82
   81   79   78   77   75   74   72   71   70   69   68   67   67   67   67   68
   69   70   71   72   73   74   75   76   76   77   77   77   77   76   76   75
   75   74   71   68   65   68   67   69   60                                   
    77.5-180.0 180.0   5.0 450.0                            LAT/LON1/LON2/DLON/H
   60   56   56   52   52   52   55   57   59   60   60   62   62   63   64   65
   66   67   69   72   74   77   80   83   85   87   89   89   90   90   89   88
   87   86   84   83   81   79   76   74   71   69   66   64   63   62   62   62
   63   63   65   66   67   69   70   70   71   71   71   71   71   71   70   69
   68   67   64   62   59   55   56   57   60                                   
    75.0-180.0 180.0   5.0 450.0                            LAT/LON1/LON2/DLON/H
   48   49   47   47   47   49   50   51   53   54   55   56   56   56   56   57
   58   60   63   67   71   76   82   87   91   95   97   99  100  100   99   99
   98   97   95   94   91   89   86   82   78   74   70   66   63   61   60   59
   59   60   61   63   64   65   67   67   68   69   69   69   69   69   68   68
   66   65   62   57   57   51   51   43   48                                   
    72.5-180.0 180.0   5.0 450.0                            LAT/LON1/LON2/DLON/H
   48   50   48   50   50   52   54   55   56   57   56   57   57   56   56   56
   57   60   64   69   76   83   91   99  105  111  114  116  117  117  117  116
  115  114  113  112  110  106  102   97   91   85   79   73   68   64   61   60
   59   59   60   61   62   63   64   65   66   66   67   67   67   67   66   66
   65   63   61   56   55   52   52   48   48                                   
    70.0-180.0 180.0   5.0 450.0                            LAT/LON1/LON2/DLON/H
   49   53   53   55   55   57   58   59   60   60   60   59   58   57   56   56
   57   60   65   73   82   93  105  116  125  133  138  140  141  141  140  139
  138  137  137  135  133  130  125  118  111  102   94   86   79   73   68   65
   63   62   62   62   63   64   65   66   66   67   67   68   68   68   68   69
   68   66   65   60   59   57   60   55   49                                   
    67.5-180.0 180.0   5.0 450.0                            LAT/LON1/LON2/DLON/H
   52   59   59   61   62   65   66   68   67   67   66   65   63   61   59   59
   60   63   70   79   92  106  121  135  148  157  163  166  166  165  164  162
  161  160  160  159  157  153  147  139  130  120  110  100   91   83   76   71
   68   65   64   64   64   64   65   65   66   66   66   67   67   68   68   69
   69   68   67   62   60   61   62   57   52                                   
    65.0-180.0 180.0   5.0 450.0                            LAT/LON1/LON2/DLON/H
   54   62   61   65   66   70   70   72   71   71   69   68   65   63   62   61
   62   67   75   87  102  120  139  157  172  183  190  193  194  193  191  189
  188  187  187  186  183  178  171  162  152  140  128  117  106   96   87   79
   73   69   66   64   63   63   63   64   64   64   65   66   66   67   68   69
   70   69   69   65   64   66   67   64   54                                   
    62.5-180.0 180.0   5.0 450.0                            LAT/LON1/LON2/DLON/H
   54   61   61   65   67   71   72   73   72   72   70   69   67   65   64   64
   66   71   81   95  113  134  155  175  192  205  213  217  217  216  215  213
  212  212  211  209  205  199  191  180  169  156  143  130  117  105   94   83
   74   67   62   59   57   56   57   57   58   59   59   60   61   62   63   65
   66   66   66   63   62   63   64   63   54                                   
    60.0-180.0 180.0   5.0 450.0                            LAT/LON1/LON2/DLON/H
   51   56   56   60   62   66   67   68   68   68   66   66   65   64   64   65
   69   75   86  102  122  144  167  189  207  221  230  235  237  237  236  236
  235  234  233  229  224  216  206  195  182  169  155  141  127  113   98   85
   73   63   55   50   48   47   47   48   49   50   51   52   53   54   55   57
   58   59   60   57   57   58   59   60   51                                   
    57.5-180.0 180.0   5.0 450.0                            LAT/LON1/LON2/DLON/H
   46   49   49   53   56   60   60   62   62   62   62   62   62   63   64   67
   73   81   93  110  130  153  177  199  218  233  244  251  254  256  257  257
  257  256  253  249  242  233  222  209  196  182  168  153  137  121  104   88
   73   60   51   44   40   39   40   41   43   44   46   47   47   48   49   51
   52   53   55   53   54   53   54   56   46                                   
    55.0-180.0 180.0   5.0 450.0                            LAT/LON1/LON2/DLON/H
   43   44   43   48   50   53   54   56   57   57   57   58   59   61   64   69
   76   87  100  117  138  160  183  205  225  241  254  262  267  271  273  275
  276  275  271  266  257  247  235  222  209  195  180  165  148  129  111   92
   75   60   49   42   37   35   36   37   39   41   42   43   44   44   45   47
   48   49   52   51   53   51   52   55   43                                   
    52.5-180.0 180.0   5.0 450.0                            LAT/LON1/LON2/DLON/H
   43   43   41   45   47   50   51   52   53   53   53   54   55   58   63   70
   80   92  107  125  144  166  188  209  229  247  260  270  277  282  287  290
  291  290  287  280  272  261  249  236  222  208  192  176  158  139  119   99
   81   66   54   45   40   38   38   39   41   43   44   44   44   44   45   46
   48   50   54   54   57   55   56   57   43                                   
    50.0-180.0 180.0   5.0 450.0                            LAT/LON1/LON2/DLON/H
   47   47   45   48   49   52   52   53   53   53   52   52   53   56   61   70
   83   98  114  132  151  172  193  214  234  251  266  276  284  290  296  300
  302  302  298  293  284  274  263  250  236  221  205  187  169  149  129  109
   92   77   65   55   49   46   45   46   48   49   49   49   48   48   48   50
   52   56   61   62   66   65   65   64   47                                   
    47.5-180.0 180.0   5.0 450.0                            LAT/LON1/LON2/DLON/H
   56   56   54   56   57   59   59   58   58   56   55   54   53   55   61   71
   86  103  121  140  159  179  199  220  240  258  272  282  289  295  299  303
  306  306  304  300  294  286  276  264  249  233  216  198  178  159  139  121
  105   91   79   70   63   59   57   57   58   58   58   56   55   54   55   57
   60   64   70   73   78   78   79   75   56                                   
    45.0-180.0 180.0   5.0 450.0                            LAT/LON1/LON2/DLON/H
   68   69   67   68   69   70   69   68   66   64   61   58   56   57   63   74
   90  109  129  148  168  187  208  229  249  266  279  287  291  295  298  301
  302  303  303  302  299  294  287  277  262  245  226  206  186  167  149  133
  118  106   95   85   77   71   68   67   67   67   66   65   63   62   62   64
   68   73   79   84   90   93   93   87   68                                   
    42.5-180.0 180.0   5.0 450.0                            LAT/LON1/LON2/DLON/H
   79   82   80   81   82   83   81   79   76   73   70   66   62   62   67   78
   95  116  137  157  177  197  219  241  261  277  287  291  292  292  292  293
  294  296  298  300  302  302  298  289  275  256  235  214  193  174  157  142
  130  119  108   97   88   80   76   74   74   74   73   71   69   68   68   71
   74   79   85   91   98  103  103   97   79                                   
    40.0-180.0 180.0   5.0 450.0                            LAT/LON1/LON2/DLON/H
   88   91   91   92   93   93   91   88   85   83   79   75   71   70   74   86
  104  125  146  167  188  209  232  255  275  289  296  296  292  288  286  286
  288  292  297  303  309  314  313  305  290  270  246  223  201  181  164  151
  139  127  116  105   93   84   79   76   76   76   75   73   72   71   72   74
   77   81   86   92  100  105  106  101   88                                   
    37.5-180.0 180.0   5.0 450.0                            LAT/LON1/LON2/DLON/H
   92   97   97   99  100  100   97   94   91   90   87   84   80   80   84   96
  115  136  158  178  199  222  246  269  289  302  305  301  295  289  287  288
  292  299  308  318  328  334  335  327  311  289  263  238  214  193  175  160
  147  134  122  108   95   85   78   76   75   76   75   74   72   72   73   75
   76   79   83   87   95  100  101   98   92                                   
    35.0-180.0 180.0   5.0 450.0                            LAT/LON1/LON2/DLON/H
   94   98   98  101  103  101   99   96   94   93   92   91   90   90   96  109
  128  149  171  191  212  235  260  283  302  313  315  310  303  298  299  304
  313  325  337  350  362  369  368  359  341  317  290  262  236  213  192  174
  158  143  128  112   97   85   78   75   75   75   74   74   73   74   75   76
   77   77   80   82   88   90   92   92   94                                   
    32.5-180.0 180.0   5.0 450.0                            LAT/LON1/LON2/DLON/H
   95   97   96  100  101   98   96   93   93   94   95   96   97  100  109  124
  143  165  186  206  227  249  273  296  314  324  326  323  319  320  327  340
  356  373  389  403  414  418  415  402  382  356  327  298  270  243  218  196
  176  157  139  121  105   92   83   79   78   78   78   78   79   81   83   84
   83   82   82   82   85   84   86   86   95                                   
    30.0-180.0 180.0   5.0 450.0                            LAT/LON1/LON2/DLON/H
   97   96   92   96   97   93   91   88   88   91   94   98  102  108  120  138
  159  181  203  223  243  265  286  307  323  334  339  342  346  356  373  395
  418  441  459  473  480  480  472  456  433  405  375  344  314  284  255  228
  204  182  162  142  124  109   99   93   90   89   88   90   93   96   99  101
   99   97   96   93   93   87   88   85   97                                   
    27.5-180.0 180.0   5.0 450.0                            LAT/LON1/LON2/DLON/H
  103   98   90   94   93   88   85   82   83   86   90   96  103  113  129  150
  174  199  221  242  261  280  299  317  332  344  355  366  382  405  434  466
  497  524  543  553  554  548  535  515  491  462  432  400  367  334  301  271
  244  220  198  178  158  141  128  119  113  110  109  111  116  122  127  130
  128  126  123  117  113  104  102   93  103                                   
    25.0-180.0 180.0   5.0 450.0                            LAT/LON1/LON2/DLON/H
  114  105   92   94   92   85   83   79   79   81   85   92  101  115  135  160
  189  217  241  262  281  297  312  326  340  356  374  397  426  462  502  542
  578  606  623  628  623  611  595  573  548  520  490  458  425  390  355  323
  295  271  249  229  208  188  171  158  147  141  138  141  148  156  164  168
  168  167  162  155  146  133  127  109  114                                   
    22.5-180.0 180.0   5.0 450.0                            LAT/LON1/LON2/DLON/H
  130  116   99   98   95   86   84   79   78   78   81   87   98  114  139  169
  202  234  262  284  301  314  325  335  350  370  397  432  475  521  567  609
  645  670  684  685  676  661  643  622  598  572  544  513  480  446  412  380
  353  330  310  290  268  246  224  206  190  180  175  177  185  196  206  212
  214  216  210  202  186  169  159  132  130                                   
    20.0-180.0 180.0   5.0 450.0                            LAT/LON1/LON2/DLON/H
  148  130  109  104  100   90   88   82   80   79   80   85   96  115  143  178
  216  252  283  306  322  332  339  347  364  389  426  471  522  572  619  658
  689  710  719  718  708  693  676  657  636  612  586  558  528  497  466  437
  413  393  374  354  331  306  280  257  236  222  214  215  224  236  248  256
  261  266  259  251  228  207  191  156  148                                   
    17.5-180.0 180.0   5.0 450.0                            LAT/LON1/LON2/DLON/H
  165  144  121  111  106   95   93   87   84   81   81   86   98  119  151  190
  232  271  304  328  343  350  355  363  382  414  458  510  563  611  653  686
  711  726  731  728  718  706  691  675  658  637  614  589  563  536  511  487
  467  450  433  413  389  361  332  305  280  262  251  251  259  271  284  293
  300  307  301  292  265  238  217  178  165                                   
    15.0-180.0 180.0   5.0 450.0                            LAT/LON1/LON2/DLON/H
  177  156  132  116  110   99   98   92   88   85   85   90  104  128  163  206
  251  292  326  350  364  370  373  383  406  443  492  544  594  636  669  694
  711  720  722  719  712  703  693  681  666  648  627  605  584  563  544  526
  509  495  479  459  433  404  373  342  315  294  282  279  285  296  308  316
  323  331  326  317  287  256  231  192  177                                   
    12.5-180.0 180.0   5.0 450.0                            LAT/LON1/LON2/DLON/H
  182  162  139  120  112  101  101   95   92   89   90   97  113  140  179  225
  272  314  348  372  384  390  394  406  433  474  522  571  613  645  669  686
  695  700  701  699  697  693  687  678  666  649  629  610  593  578  563  549
  535  521  504  483  457  426  395  365  337  315  301  297  300  308  316  321
  327  333  329  319  289  257  231  194  182                                   
    10.0-180.0 180.0   5.0 450.0                            LAT/LON1/LON2/DLON/H
  178  161  140  121  113  101  102   97   93   92   94  104  124  155  197  245
  293  335  368  391  403  409  415  430  460  501  546  588  620  644  659  668
  673  675  676  678  680  681  679  672  660  643  624  607  593  582  571  558
  544  527  508  484  457  428  399  371  345  323  308  302  302  306  310  312
  313  316  311  300  273  242  216  185  178                                   
     7.5-180.0 180.0   5.0 450.0                            LAT/LON1/LON2/DLON/H
  168  154  136  119  111  101  102   98   95   94   98  111  134  169  213  263
  311  352  385  406  419  426  434  452  483  523  563  597  621  635  644  649
