data/edconvlstm_nd/pred2850.15i
     1.0            IONOSPHERE MAPS     GNSS                IONEX VERSION / TYPE
pyspatialgeodesy        IME             05-JAN-18 20:20     PGM / RUN BY / DATE 
Map Name                                                    COMMENT             
Predicted global ionosphere maps (GIM).                     DESCRIPTION         
  2015    10    12     0     0     0                        EPOCH OF FIRST MAP  
  2015    10    13     0     0     0                        EPOCH OF LAST MAP   
  7200                                                      INTERVAL            
    13                                                      # OF MAPS IN FILE   
  NONE                                                      MAPPING FUNCTION    
10.0                                                        ELEVATION CUTOFF    
One-way carrier phase leveled to code                       OBSERVABLES USED    
  6371.0                                                    BASE RADIUS         
 2                                                          MAP DIMENSION       
   450.0 450.0   0.0                                        HGT1 / HGT2 / DHGT  
    87.5 -87.5  -2.5                                        LAT1 / LAT2 / DLAT  
  -180.0 180.0   5.0                                        LON1 / LON2 / DLON  
    -1                                                      EXPONENT            
                                                            END OF HEADER       
[from data line 4719]
    12                                                      START OF TEC MAP    
  2015    10    12    22     0     0                        EPOCH OF CURRENT MAP
    87.5-180.0 180.0   5.0 450.0                            LAT/LON1/LON2/DLON/H
   91   82   73   74   79   74   73   69   70   72   71   72   72   73   73   73
   72   72   71   70   69   68   66   65   63   62   61   60   59   58   57   57
   56   56   56   56   56   57   57   57   58   58   59   59   60   61   61   62
   62   62   63   63   63   64   64   64   64   64   65   65   65   65   65   64
   65   64   61   59   65   67   87   95   91                                   
    85.0-180.0 180.0   5.0 450.0                            LAT/LON1/LON2/DLON/H
   95   86   92   73   73   75   74   75   76   78   77   78   79   79   79   79
   79   78   77   76   74   72   71   69   67   65   64   63   62   61   60   60
   59   59   59   60   60   60   61   61   62   63   63   64   64   65   65   65
   66   66   66   66   67   67   67   67   67   67   67   67   67   67   67   67
   68   67   64   60   66   71   75   73   95                                   
    82.5-180.0 180.0   5.0 450.0                            LAT/LON1/LON2/DLON/H
   75   72   73   66   69   72   73   73   75   76   78   80   81   82   83   83
   82   82   80   78   76   74   71   68   66   63   61   59   57   55   54   54
   53   53   53   54   54   55   56   56   57   57   58   59   59   59   60   60
   60   61   61   61   62   62   62   63   63   63   63   63   63   63   62   62
   62   61   58   58   65   78   71   73   75                                   
    80.0-180.0 180.0   5.0 450.0                            LAT/LON1/LON2/DLON/H
   55   59   65   60   64   63   69   71   75   78   81   84   85   87   87   87
   86   85   83   80   76   72   68   64   60   56   53   50   48   46   45   44
   44   45   45   46   47   49   50   51   52   53   53   54   54   55   55   55
   55   56   56   57   57   57   58   58   58   58   58   58   58   58   57   57
   57   57   57   57   57   66   59   69   55                                   
    77.5-180.0 180.0   5.0 450.0                            LAT/LON1/LON2/DLON/H
   65   63   65   62   68   69   75   78   82   85   89   93   97   99  100  100
  100   98   95   91   86   81   76   71   65   60   56   52   49   47   45   45
   45   45   46   47   48   49   50   51   52   52   52   52   52   51   51   51
   51   51   51   51   52   52   53   53   54   54   54   54   54   54   54   54
   54   55   56   58   58   63   61   74   65                                   
    75.0-180.0 180.0   5.0 450.0                            LAT/LON1/LON2/DLON/H
   59   62   64   61   68   71   76   80   86   91   95  100  103  106  107  106
  105  102   99   94   89   84   78   72   66   61   56   53   50   48   47   47
   47   48   49   51   52   53   54   55   55   55   54   54   53   51   50   49
   49   48   48   48   48   49   49   50   50   51   51   51   51   51   51   52
   52   56   57   58   57   60   57   61   59                                   
    72.5-180.0 180.0   5.0 450.0                            LAT/LON1/LON2/DLON/H
   69   70   71   73   73   76   81   84   88   92   96  101  104  106  107  106
  104  102   98   93   87   81   75   69   63   57   53   49   47   45   45   45
   46   47   49   50   51   52   52   52   51   50   49   47   45   44   42   40
   39   38   37   37   38   38   39   40   40   41   42   42   42   42   43   44
   45   48   50   50   51   58   59   67   69                                   
    70.0-180.0 180.0   5.0 450.0                            LAT/LON1/LON2/DLON/H
   71   75   77   78   78   81   84   87   93   97  101  104  106  107  106  104
  102   98   94   90   85   79   73   67   62   57   53   50   48   48   48   49
   50   51   52   53   53   54   53   53   52   50   49   47   45   42   40   38
   37   35   35   34   35   35   36   37   38   39   39   40   40   41   42   43
   45   48   52   54   57   65   71   77   71                                   
    67.5-180.0 180.0   5.0 450.0                            LAT/LON1/LON2/DLON/H
   82   85   85   87   88   89   92   94   97   99  102  105  106  105  103  100
   97   94   90   86   81   76   71   65   60   55   51   49   47   47   47   48
   49   50   50   50   50   49   48   47   46   44   43   41   39   37   35   33
   31   30   29   29   30   31   32   33   35   36   37   38   38   39   40   42
   44   48   51   53   56   67   70   77   82                                   
    65.0-180.0 180.0   5.0 450.0                            LAT/LON1/LON2/DLON/H
   83   88   89   93   92   93   95   96   99  101  103  104  103  101   98   94
   91   88   86   83   79   75   70   64   59   54   50   48   47   46   47   47
   47   47   46   45   43   42   40   39   38   37   36   35   33   32   30   29
   27   27   26   26   27   28   29   31   32   34   35   37   38   39   41   43
   46   50   54   58   61   73   78   85   83                                   
    62.5-180.0 180.0   5.0 450.0                            LAT/LON1/LON2/DLON/H
   89   94   94   97   97   98   99   99  101  102  103  103  101   98   95   92
   89   87   86   84   81   77   72   65   59   53   49   46   44   44   43   43
   42   41   39   36   34   32   31   30   30   29   29   28   28   27   26   25
   24   24   23   23   24   25   26   28   30   32   34   36   38   40   43   46
   48   53   56   59   61   73   77   83   89                                   
    60.0-180.0 180.0   5.0 450.0                            LAT/LON1/LON2/DLON/H
   92   96   97  102  101  100  101  101  103  103  104  103  101   98   95   92
   91   90   90   89   87   83   76   69   62   55   50   46   44   42   41   40
   38   35   32   29   26   25   23   23   23   24   24   24   24   24   23   23
   22   22   21   21   22   23   24   26   28   30   33   36   39   42   45   49
   53   57   60   62   64   75   79   86   92                                   
    57.5-180.0 180.0   5.0 450.0                            LAT/LON1/LON2/DLON/H
   96  101  102  107  107  105  107  106  107  106  107  105  104  101   99   98
   98   99   99   99   96   91   84   75   67   59   53   48   45   43   41   38
   35   32   29   25   23   21   21   21   22   23   24   25   25   25   24   23
   22   22   21   21   21   22   23   25   27   30   33   36   40   45   50   55
   59   64   67   68   68   77   79   86   96                                   
    55.0-180.0 180.0   5.0 450.0                            LAT/LON1/LON2/DLON/H
  103  108  111  116  116  114  115  114  114  112  112  111  109  107  106  107
  108  110  111  110  107  101   92   83   73   65   58   53   49   46   43   40
   36   32   29   26   23   22   22   23   24   26   28   29   29   29   28   26
   25   23   22   22   21   22   23   24   27   29   33   37   42   47   54   60
   66   72   75   75   74   82   82   89  103                                   
    52.5-180.0 180.0   5.0 450.0                            LAT/LON1/LON2/DLON/H
  111  118  123  127  128  126  127  125  124  121  120  118  117  116  116  117
  119  121  122  120  116  108   99   90   80   73   66   61   56   52   48   44
   40   36   33   31   29   28   29   30   32   35   36   37   37   36   34   32
   30   28   26   25   24   24   25   26   28   31   34   38   44   50   58   66
   74   81   85   86   83   89   89   95  111                                   
    50.0-180.0 180.0   5.0 450.0                            LAT/LON1/LON2/DLON/H
  123  130  137  141  143  142  142  140  137  133  131  129  127  126  126  128
  129  131  130  128  122  114  105   96   89   82   76   70   65   60   55   50
   46   43   40   39   38   39   40   42   44   46   48   49   48   46   43   40
   37   35   33   31   30   30   30   31   33   35   38   41   47   54   63   72
   81   90   96   97   95  100   98  103  123                                   
    47.5-180.0 180.0   5.0 450.0                            LAT/LON1/LON2/DLON/H
  136  142  150  154  157  158  158  156  152  148  144  141  139  138  137  138
  138  138  137  133  127  119  111  104   98   92   87   81   74   67   61   56
   52   50   49   48   49   50   52   54   57   59   60   61   59   56   53   50
   47   44   42   40   39   39   39   40   40   42   44   47   51   58   67   78
   88   98  106  109  108  112  111  115  136                                   
    45.0-180.0 180.0   5.0 450.0                            LAT/LON1/LON2/DLON/H
  147  151  160  165  169  171  171  170  167  163  158  155  152  150  149  148
  146  145  142  138  131  125  118  113  108  103   97   90   81   73   66   60
   57   55   56   57   59   61   63   65   67   70   71   71   69   66   63   60
   58   55   53   52   51   50   50   50   51   51   52   54   58   64   73   83
   94  105  115  120  121  125  126  128  147                                   
    42.5-180.0 180.0   5.0 450.0                            LAT/LON1/LON2/DLON/H
  155  158  165  171  175  179  181  181  179  176  172  169  166  163  160  158
  155  152  149  144  139  133  128  124  120  114  107   97   86   75   67   61
   59   59   60   63   66   68   70   72   75   77   78   78   77   74   72   69
   68   66   65   64   63   63   63   62   62   61   61   63   66   71   80   89
  100  112  122  130  132  138  140  142  155                                   
    40.0-180.0 180.0   5.0 450.0                            LAT/LON1/LON2/DLON/H
  160  161  167  173  177  181  185  187  187  187  185  183  180  177  173  169
  165  162  159  155  150  146  141  137  132  124  114  101   87   75   66   61
   59   60   63   67   70   73   75   77   78   80   82   82   81   79   77   76
   76   75   75   74   73   73   73   73   72   71   70   71   74   80   87   96
  106  118  129  138  142  150  152  155  160                                   
    37.5-180.0 180.0   5.0 450.0                            LAT/LON1/LON2/DLON/H
  165  165  168  174  177  181  185  190  192  194  194  195  194  191  187  182
  178  175  173  170  166  162  156  151  143  132  118  102   86   73   64   61
   61   63   67   71   74   77   78   79   80   82   84   84   83   81   80   80
   81   81   81   80   80   80   80   79   78   77   77   78   82   87   95  104
  113  124  136  146  151  161  164  169  165                                   
    35.0-180.0 180.0   5.0 450.0                            LAT/LON1/LON2/DLON/H
  173  172  174  177  180  181  186  191  195  199  202  204  206  204  201  198
  194  192  191  189  185  179  172  163  152  138  120  101   85   73   66   64
   66   69   73   76   79   81   82   82   83   84   85   85   84   82   82   82
   83   83   83   82   82   82   82   81   79   78   79   82   87   94  103  112
  121  133  145  156  161  172  176  182  173                                   
    32.5-180.0 180.0   5.0 450.0                            LAT/LON1/LON2/DLON/H
  188  188  188  189  189  187  191  195  200  204  209  213  216  217  216  213
  212  211  210  208  202  194  184  172  158  140  121  102   87   78   74   75
   77   80   83   86   87   88   88   87   88   88   89   88   85   83   82   82
   83   82   81   80   80   79   79   78   76   76   78   82   90   99  110  121
  131  144  158  169  174  187  192  199  188                                   
    30.0-180.0 180.0   5.0 450.0                            LAT/LON1/LON2/DLON/H
  213  215  215  212  210  203  204  205  209  212  217  222  227  229  230  229
  228  228  227  223  214  203  190  175  159  142  124  107   96   90   90   93
   96   98   99   99   98   97   96   95   95   95   95   93   89   86   83   83
   82   80   78   76   75   74   74   73   71   70   73   80   90  103  117  131
  144  158  173  185  191  206  214  219  213                                   
    27.5-180.0 180.0   5.0 450.0                            LAT/LON1/LON2/DLON/H
  247  253  254  247  243  232  228  225  225  225  229  233  238  242  243  244
  244  243  240  232  220  205  189  174  159  144  130  118  112  111  114  118
  120  120  117  113  110  108  106  105  105  105  105  101   96   91   87   84
   82   79   75   72   70   69   68   67   65   64   67   76   89  105  124  142
  158  175  192  205  213  229  240  243  247                                   
    25.0-180.0 180.0   5.0 450.0                            LAT/LON1/LON2/DLON/H
  288  298  301  290  285  271  263  254  250  246  246  248  253  256  258  258
  258  255  249  236  219  201  184  170  158  148  141  136  136  139  144  147
  147  142  134  127  121  117  115  115  116  117  116  113  106   99   93   88
   84   78   73   68   66   65   64   63   61   60   63   72   87  107  130  152
  172  193  212  227  237  255  270  270  288                                   
    22.5-180.0 180.0   5.0 450.0                            LAT/LON1/LON2/DLON/H
  330  342  347  335  331  318  306  293  283  274  270  269  272  274  275  275
  273  267  256  239  217  197  180  169  162  159  158  160  165  170  175  175
  169  159  147  136  128  123  122  123  126  128  128  125  118  109  101   94
   87   80   73   67   64   63   63   61   59   57   60   69   85  108  134  161
  185  210  232  249  260  281  299  298  330                                   
    20.0-180.0 180.0   5.0 450.0                            LAT/LON1/LON2/DLON/H
  366  380  387  376  376  364  353  337  323  310  301  297  296  297  296  295
  291  282  267  245  220  198  183  176  175  177  182  188  195  200  200  195
  184  169  153  139  129  125  125  128  133  138  139  136  129  120  110  100
   91   82   73   67   64   63   63   62   60   58   60   68   85  109  138  168
  196  224  248  267  281  302  324  322  366                                   
    17.5-180.0 180.0   5.0 450.0                            LAT/LON1/LON2/DLON/H
  392  408  416  408  412  404  397  381  367  351  340  332  328  326  324  320
  315  304  285  260  233  211  199  196  198  204  211  218  222  223  217  206
  190  170  152  137  128  124  126  132  139  145  148  146  139  128  117  106
   95   84   75   68   65   65   65   64   62   60   61   69   86  110  141  173
  203  234  259  280  296  318  343  342  392                                   
    15.0-180.0 180.0   5.0 450.0                            LAT/LON1/LON2/DLON/H
  406  423  433  428  437  434  432  420  409  395  382  373  367  363  358  354
  346  334  314  287  261  241  231  229  232  237  242  245  244  238  225  208
  187  166  148  134  126  125  128  135  143  150  154  152  144  133  121  109
   97   86   77   70   67   67   68   67   65   63   64   72   88  112  143  177
  208  240  267  288  305  328  354  355  406                                   
    12.5-180.0 180.0   5.0 450.0                            LAT/LON1/LON2/DLON/H
  409  427  438  435  449  452  457  451  445  435  426  417  411  405  400  394
  387  375  355  330  305  286  277  274  274  274  273  268  260  245  226  204
  182  162  146  134  129  129  134  141  149  155  157  154  147  135  122  109
   97   87   78   72   70   69   70   69   67   66   67   75   91  115  146  179
  211  242  270  291  310  332  360  362  409                                   
    10.0-180.0 180.0   5.0 450.0                            LAT/LON1/LON2/DLON/H
  408  426  437  435  452  460  472  472  472  468  464  459  455  450  445  440
  434  424  407  385  362  344  333  326  319  310  299  286  270  248  224  201
  180  163  151  143  140  141  146  152  157  159  159  154  145  133  120  107
   95   86   79   74   71   71   71   70   68   67   69   78   94  119  150  182
  213  244  271  292  311  335  364  367  408                                   
     7.5-180.0 180.0   5.0 450.0                            LAT/LON1/LON2/DLON/H
  407  425  435  432  450  461  477  482  489  492  493  494  493  491  488  485
  482  476  463  444  424  406  390  376  360  341  321  300  277  252  227  205
