data/edconvlstm_nd/pred0900.15i
     1.0            IONOSPHERE MAPS     GNSS                IONEX VERSION / TYPE
pyspatialgeodesy        IME             05-JAN-18 20:20     PGM / RUN BY / DATE 
Map Name                                                    COMMENT             
Predicted global ionosphere maps (GIM).                     DESCRIPTION         
  2015     3    31     0     0     0                        EPOCH OF FIRST MAP  
  2015     4     1     0     0     0                        EPOCH OF LAST MAP   
  7200                                                      INTERVAL            
    13                                                      # OF MAPS IN FILE   
  NONE                                                      MAPPING FUNCTION    
10.0                                                        ELEVATION CUTOFF    
One-way carrier phase leveled to code                       OBSERVABLES USED    
  6371.0                                                    BASE RADIUS         
 2                                                          MAP DIMENSION       
   450.0 450.0   0.0                                        HGT1 / HGT2 / DHGT  
    87.5 -87.5  -2.5                                        LAT1 / LAT2 / DLAT  
  -180.0 180.0   5.0                                        LON1 / LON2 / DLON  
    -1                                                      EXPONENT            
                                                            END OF HEADER       
[from data line 858]
     3                                                      START OF TEC MAP    
  2015     3    31     4     0     0                        EPOCH OF CURRENT MAP
    87.5-180.0 180.0   5.0 450.0                            LAT/LON1/LON2/DLON/H
  150  150  149  152  151  148  146  144  146  147  149  151  152  153  154  155
  156  156  155  155  153  152  150  149  147  145  143  141  140  138  137  136
  135  134  134  133  133  134  134  135  136  137  138  139  140  142  144  145
  147  148  150  151  153  154  155  156  157  158  158  158  158  158  157  157
  157  158  156  154  156  154  153  145  150                                   
    85.0-180.0 180.0   5.0 450.0                            LAT/LON1/LON2/DLON/H
  157  162  151  154  155  152  152  152  153  155  156  159  161  164  166  167
  168  168  167  166  164  162  159  156  152  149  146  142  140  137  135  133
  132  131  131  131  131  132  133  135  137  139  141  144  146  149  152  155
  157  160  163  165  168  170  172  174  175  177  178  179  179  179  178  178
  178  178  173  173  166  164  161  153  157                                   
    82.5-180.0 180.0   5.0 450.0                            LAT/LON1/LON2/DLON/H
  173  167  165  156  153  150  148  148  150  152  154  158  162  166  169  172
  173  173  173  171  168  164  159  154  149  143  138  133  129  126  123  121
  119  118  118  119  120  122  124  127  130  133  137  141  146  150  154  159
  163  167  171  175  179  183  187  190  193  196  199  201  202  202  202  203
  202  200  194  193  191  179  171  157  173                                   
    80.0-180.0 180.0   5.0 450.0                            LAT/LON1/LON2/DLON/H
  186  176  161  151  149  144  143  142  144  146  150  156  162  168  173  177
  179  180  179  176  172  166  160  152  145  137  130  124  119  114  111  109
  107  107  108  109  111  114  117  121  126  130  136  141  146  152  157  163
  168  174  179  185  190  196  201  206  211  216  220  223  226  228  229  230
  228  224  219  216  215  203  200  175  186                                   
    77.5-180.0 180.0   5.0 450.0                            LAT/LON1/LON2/DLON/H
  201  185  170  158  148  141  139  138  139  141  145  152  159  167  173  178
  181  182  181  178  173  165  157  148  139  130  122  115  109  105  102  100
  100  100  102  105  108  112  117  122  127  133  139  145  151  157  163  169
  175  181  187  194  200  207  214  221  227  234  240  245  249  253  255  257
  256  255  248  245  243  228  220  203  201                                   
    75.0-180.0 180.0   5.0 450.0                            LAT/LON1/LON2/DLON/H
  215  201  182  166  153  144  138  134  133  134  137  143  150  156  163  168
  171  172  170  167  161  154  145  136  126  117  109  102   97   93   91   90
   91   92   95   98  102  107  113  119  125  131  138  144  151  157  163  168
  174  180  186  193  200  208  216  224  232  240  247  254  260  265  270  274
  275  275  271  264  262  252  245  230  215                                   
    72.5-180.0 180.0   5.0 450.0                            LAT/LON1/LON2/DLON/H
  231  222  203  183  169  156  148  140  137  134  135  139  143  148  152  156
  158  159  158  155  151  144  137  128  120  112  104   99   94   92   90   90
   92   94   96  100  105  110  116  122  129  136  143  150  157  163  168  174
  179  185  190  197  203  211  219  227  235  243  251  258  265  272  278  283
  287  289  289  285  283  273  266  255  231                                   
    70.0-180.0 180.0   5.0 450.0                            LAT/LON1/LON2/DLON/H
  254  243  226  204  187  171  159  148  141  135  132  132  132  133  134  135
  136  136  136  135  133  129  124  118  111  104   98   94   91   89   88   88
   89   91   93   96  100  105  111  117  125  132  140  147  154  160  166  171
  177  182  188  194  200  207  214  222  230  238  245  253  261  268  275  282
  287  292  295  294  295  289  285  276  254                                   
    67.5-180.0 180.0   5.0 450.0                            LAT/LON1/LON2/DLON/H
  265  259  243  222  205  186  171  158  147  137  130  125  121  117  114  112
  111  112  113  114  114  113  110  107  102   97   93   90   88   87   86   86
   86   86   87   88   91   94   99  106  113  121  130  138  146  153  160  166
  172  177  183  188  194  200  207  214  221  228  236  243  251  258  265  272
  279  284  290  291  294  290  289  285  265                                   
    65.0-180.0 180.0   5.0 450.0                            LAT/LON1/LON2/DLON/H
  273  269  256  236  220  201  184  169  156  143  132  122  113  105   99   94
   93   93   95   98  101  102  101   99   96   93   90   88   87   86   85   84
   82   81   79   78   79   81   85   91   99  109  118  128  138  147  155  162
  169  175  181  187  192  198  203  209  216  223  230  237  244  251  257  264
  270  275  281  283  287  286  288  287  273                                   
    62.5-180.0 180.0   5.0 450.0                            LAT/LON1/LON2/DLON/H
  275  274  264  246  231  212  195  178  163  148  134  122  110   99   90   83
   81   82   85   89   93   95   96   95   92   90   88   86   86   85   83   81
   78   74   71   68   67   68   71   77   86   97  108  120  132  142  152  161
  169  177  184  190  195  200  205  211  217  223  230  237  244  251  256  262
  266  270  274  275  278  277  281  282  275                                   
    60.0-180.0 180.0   5.0 450.0                            LAT/LON1/LON2/DLON/H
  275  274  266  249  236  216  199  182  166  150  135  121  108   95   85   78
   75   76   80   85   89   92   92   91   88   86   85   84   83   82   81   77
   73   68   63   59   57   57   60   67   76   88  102  115  129  141  153  163
  173  183  191  198  203  208  213  219  225  231  239  246  253  260  265  270
  272  273  275  273  273  270  274  274  275                                   
    57.5-180.0 180.0   5.0 450.0                            LAT/LON1/LON2/DLON/H
  278  276  268  251  239  219  201  183  167  150  135  120  107   94   84   78
   76   78   82   86   90   91   91   88   86   83   82   82   82   81   79   75
   70   65   60   56   53   53   57   63   73   86  101  116  130  144  158  171
  183  195  205  213  219  224  229  235  241  248  256  265  273  280  285  289
  289  288  286  281  278  271  273  272  278                                   
    55.0-180.0 180.0   5.0 450.0                            LAT/LON1/LON2/DLON/H
  288  282  274  256  244  222  203  183  166  148  133  119  105   94   85   80
   80   82   86   89   91   91   89   86   84   82   81   81   81   81   78   75
   70   66   61   58   57   57   60   66   76   89  104  120  135  151  166  181
  197  211  224  234  241  247  252  258  265  272  281  291  300  308  314  317
  316  313  308  299  292  282  282  279  288                                   
    52.5-180.0 180.0   5.0 450.0                            LAT/LON1/LON2/DLON/H
  305  296  285  267  253  230  210  187  168  148  132  118  105   94   87   84
   84   86   89   92   92   91   88   86   84   83   83   84   84   84   82   78
   75   72   69   68   67   67   70   75   84   96  111  127  143  160  177  195
  214  232  247  260  269  276  282  288  295  303  312  321  331  339  345  349
  347  343  336  325  314  302  300  296  305                                   
    50.0-180.0 180.0   5.0 450.0                            LAT/LON1/LON2/DLON/H
  329  317  303  284  268  244  222  197  175  154  135  120  107   96   90   87
   87   89   91   92   92   90   89   87   87   88   90   91   91   90   88   86
   84   82   82   83   83   83   84   87   95  107  121  137  154  172  191  212
  234  255  275  290  302  311  318  324  330  337  345  353  362  369  375  378
  377  373  366  353  341  329  326  323  329                                   
    47.5-180.0 180.0   5.0 450.0                            LAT/LON1/LON2/DLON/H
  357  342  325  306  287  264  241  214  189  165  144  126  112  100   93   89
   88   89   91   92   92   91   92   93   96   99  101  102  102  100   97   95
   95   96   98  100  101  100   99  101  107  118  133  150  167  186  207  230
  255  280  303  323  337  348  356  362  367  373  378  383  389  394  398  400
  400  398  392  380  368  359  355  353  357                                   
    45.0-180.0 180.0   5.0 450.0                            LAT/LON1/LON2/DLON/H
  383  367  348  331  309  287  264  236  210  182  158  138  121  108   98   93
   90   90   91   92   94   96  100  104  110  114  117  117  114  111  107  106
  106  109  114  117  118  116  113  113  118  130  146  164  182  202  224  249
  277  305  331  352  370  383  393  399  404  407  408  409  410  410  411  412
  413  412  409  401  391  385  382  381  383                                   
    42.5-180.0 180.0   5.0 450.0                            LAT/LON1/LON2/DLON/H
  403  385  366  351  329  309  287  261  233  203  176  153  134  118  106   99
   95   93   95   98  102  108  114  122  129  134  135  132  126  121  117  116
  118  122  127  131  131  128  123  122  128  141  160  180  200  220  242  268
  297  326  354  378  398  414  425  432  436  437  435  431  427  422  419  418
  419  420  419  415  408  405  403  402  403                                   
    40.0-180.0 180.0   5.0 450.0                            LAT/LON1/LON2/DLON/H
  413  395  376  363  342  325  305  282  255  224  195  170  148  130  117  108
  102  102  105  111  118  127  137  146  153  156  154  147  138  130  126  126
  129  134  139  141  140  134  128  127  135  152  174  197  218  238  260  286
  314  343  371  397  419  438  451  460  464  463  459  453  445  437  431  428
  427  428  429  426  421  420  418  415  413                                   
    37.5-180.0 180.0   5.0 450.0                            LAT/LON1/LON2/DLON/H
  419  398  379  365  348  332  315  296  271  241  212  186  163  144  130  119
  114  115  121  130  141  153  164  173  179  179  173  162  150  142  139  139
  142  146  149  148  144  136  129  130  141  162  188  213  234  254  275  299
  326  354  383  410  434  455  472  483  489  489  486  480  471  462  455  450
  448  448  448  444  438  438  433  425  419                                   
    35.0-180.0 180.0   5.0 450.0                            LAT/LON1/LON2/DLON/H
  426  403  382  364  350  335  318  302  280  253  225  200  177  158  143  133
  129  132  141  153  168  180  191  199  203  201  192  180  167  160  157  158
  160  161  160  155  147  137  130  132  146  171  199  226  247  266  285  307
  333  360  389  417  443  468  488  503  514  519  520  517  512  505  498  494
  490  488  485  476  469  466  456  442  426                                   
    32.5-180.0 180.0   5.0 450.0                            LAT/LON1/LON2/DLON/H
  445  421  395  371  356  338  319  304  283  259  233  210  189  171  157  147
  145  149  161  176  191  204  214  221  225  224  216  204  193  187  185  185
  184  181  174  165  153  141  134  137  152  178  207  233  254  271  288  309
  334  362  390  420  449  477  502  523  541  553  562  566  567  566  563  560
  557  552  545  531  519  511  493  474  445                                   
    30.0-180.0 180.0   5.0 450.0                            LAT/LON1/LON2/DLON/H
  485  459  427  395  375  353  328  310  289  266  242  220  199  182  169  161
  159  164  176  191  205  218  228  238  246  250  248  241  233  228  226  224
  218  208  195  180  165  152  144  146  161  185  212  235  253  268  285  306
  332  360  391  422  453  485  515  543  569  590  609  623  633  640  644  645
  644  640  630  609  593  577  549  526  485                                   
    27.5-180.0 180.0   5.0 450.0                            LAT/LON1/LON2/DLON/H
  549  522  482  442  415  388  355  331  307  283  258  235  213  196  182  173
  170  174  184  196  209  221  235  251  270  284  292  292  288  284  281  274
  261  243  221  201  183  169  160  160  171  190  212  232  247  262  279  302
  330  361  394  427  461  496  531  566  599  630  658  682  702  718  730  738
  743  742  732  708  687  665  624  599  549                                   
    25.0-180.0 180.0   5.0 450.0                            LAT/LON1/LON2/DLON/H
  636  609  561  513  477  446  405  374  345  317  289  262  237  216  200  188
  182  181  185  193  204  217  238  266  299  328  347  355  355  351  344  331
  308  279  249  223  203  187  177  174  180  193  210  225  239  255  275  302
  334  369  405  441  478  516  555  595  635  673  708  741  769  793  811  826
  837  842  837  814  791  765  720  692  636                                   
    22.5-180.0 180.0   5.0 450.0                            LAT/LON1/LON2/DLON/H
  735  707  654  601  556  520  474  437  404  372  340  308  277  250  228  211
  198  189  186  189  198  215  245  287  336  380  409  423  424  418  405  383
  348  307  268  237  216  200  189  182  183  190  203  217  232  251  277  309
  347  386  426  464  503  543  585  628  672  714  755  792  825  854  877  895
  912  924  926  911  888  863  823  794  735                                   
    20.0-180.0 180.0   5.0 450.0                            LAT/LON1/LON2/DLON/H
  833  802  749  694  641  603  554  514  479  446  410  373  336  302  273  248
  226  208  197  194  202  224  264  319  381  435  469  483  480  467  446  412
  366  315  270  238  218  202  190  180  176  180  191  206  226  252  285  324
  367  411  453  494  533  574  618  662  707  751  792  831  865  894  919  939
  959  976  987  981  962  940  913  888  833                                   
    17.5-180.0 180.0   5.0 450.0                            LAT/LON1/LON2/DLON/H
  913  880  831  777  721  683  636  596  561  529  493  454  412  372  336  304
  274  246  226  218  226  253  300  364  432  488  518  524  510  485  451  406
  352  298  254  225  207  193  180  168  162  165  176  196  223  257  298  343
  391  438  483  524  564  605  649  693  737  779  818  854  886  913  936  956
  976  997 1015 1018 1005  985  973  958  913                                   
    15.0-180.0 180.0   5.0 450.0                            LAT/LON1/LON2/DLON/H
  964  927  889  838  785  751  710  672  640  611  578  540  497  455  416  380
  343  308  281  268  276  305  356  421  485  531  548  537  507  466  420  369
  316  267  230  206  191  178  165  152  145  148  162  187  222  265  312  362
  412  461  507  549  588  629  672  715  756  795  830  863  892  916  935  953
  972  991 1013 1024 1016  999  996  996  964                                   
    12.5-180.0 180.0   5.0 450.0                            LAT/LON1/LON2/DLON/H
  984  946  919  873  828  801  767  734  706  680  651  617  578  539  502  468
  431  394  364  348  354  382  429  484  532  557  552  519  470  417  366  319
  274  235  206  188  176  164  150  137  130  134  152  183  224  273  324  376
  427  476  521  562  601  641  682  724  763  798  830  860  887  909  926  940
  955  971  993 1006 1002  987  992 1005  984                                   
    10.0-180.0 180.0   5.0 450.0                            LAT/LON1/LON2/DLON/H
  982  946  929  888  852  831  804  775  751  727  703  674  641  609  580  554
  526  495  467  451  453  474  507  541  562  558  525  471  410  354  308  271
  239  211  191  177  167  155  141  128  122  128  148  184  230  281  333  384
  433  480  524  564  603  641  682  723  760  792  823  852  879  902  917  928
  939  949  965  977  975  964  972  995  982                                   
     7.5-180.0 180.0   5.0 450.0                            LAT/LON1/LON2/DLON/H
  970  938  929  894  865  849  824  797  772  748  725  701  675  651  634  622
  609  591  571  557  554  561  571  575  563  528  472  405  344  296  262  238
