data/edconvlstm_nd/pred2610.15i
     1.0            IONOSPHERE MAPS     GNSS                IONEX VERSION / TYPE
pyspatialgeodesy        IME             05-JAN-18 20:20     PGM / RUN BY / DATE 
Map Name                                                    COMMENT             
Predicted global ionosphere maps (GIM).                     DESCRIPTION         
  2015     9    18     0     0     0                        EPOCH OF FIRST MAP  
  2015     9    19     0     0     0                        EPOCH OF LAST MAP   
  7200                                                      INTERVAL            
    13                                                      # OF MAPS IN FILE   
  NONE                                                      MAPPING FUNCTION    
10.0                                                        ELEVATION CUTOFF    
One-way carrier phase leveled to code                       OBSERVABLES USED    
  6371.0                                                    BASE RADIUS         
 2                                                          MAP DIMENSION       
   450.0 450.0   0.0                                        HGT1 / HGT2 / DHGT  
    87.5 -87.5  -2.5                                        LAT1 / LAT2 / DLAT  
  -180.0 180.0   5.0                                        LON1 / LON2 / DLON  
    -1                                                      EXPONENT            
                                                            END OF HEADER       
[from data line 858]
     3                                                      START OF TEC MAP    
  2015     9    18     4     0     0                        EPOCH OF CURRENT MAP
    87.5-180.0 180.0   5.0 450.0                            LAT/LON1/LON2/DLON/H
   83   91   88   91   89   89   86   83   83   83   83   83   83   82   82   81
   80   79   77   76   75   73   72   71   69   68   67   66   65   65   64   63
   63   62   62   62   62   62   62   62   62   63   63   64   65   65   66   67
   68   69   70   70   71   72   73   74   74   75   76   76   77   77   77   78
   80   82   80   81   86   95  101   92   83                                   
    85.0-180.0 180.0   5.0 450.0                            LAT/LON1/LON2/DLON/H
   80   99   89   92   94   95   93   92   91   91   90   90   90   89   88   87
   85   84   82   80   78   76   74   73   71   70   68   67   67   66   66   65
   65   65   65   65   65   65   66   66   67   68   68   69   70   71   73   74
   75   76   78   79   80   81   82   83   84   85   86   87   88   88   88   90
   92   93   91   93   94   98  104   95   80                                   
    82.5-180.0 180.0   5.0 450.0                            LAT/LON1/LON2/DLON/H
   88   94  102   94   92   94   93   92   92   92   91   91   90   89   88   87
   85   82   80   77   74   72   69   66   64   62   61   59   59   58   58   58
   58   58   59   59   60   60   61   62   63   64   65   66   68   69   71   73
   75   77   79   80   82   84   85   87   88   89   91   92   92   93   93   95
   96   96   94   95  103   96   93   89   88                                   
    80.0-180.0 180.0   5.0 450.0                            LAT/LON1/LON2/DLON/H
   96   97   95   86   87   87   88   86   87   86   85   86   85   84   83   82
   80   77   74   71   67   63   60   56   54   51   50   49   48   48   49   50
   50   51   52   53   54   54   55   56   57   58   59   61   63   65   67   70
   72   75   77   80   82   84   86   88   90   91   93   94   95   95   95   96
   97   95   96   96  105  100   99   90   96                                   
    77.5-180.0 180.0   5.0 450.0                            LAT/LON1/LON2/DLON/H
   96   94   89   83   78   80   81   81   81   80   79   80   80   80   80   79
   77   75   72   69   64   60   55   51   48   45   43   42   42   42   44   45
   47   48   49   50   51   51   52   52   53   54   56   58   61   64   67   70
   74   77   80   83   85   88   90   92   94   96   97   98   99   99  100  100
   99   99   96   99  101   92   90   87   96                                   
    75.0-180.0 180.0   5.0 450.0                            LAT/LON1/LON2/DLON/H
   89   89   84   78   71   74   74   72   71   71   69   71   71   72   73   73
   72   71   69   65   61   56   51   46   42   39   37   36   37   38   40   42
   45   47   48   48   49   48   48   48   48   50   51   54   58   62   66   70
   74   77   81   83   86   88   91   93   95   97   99  100  101  102  102  102
  101  100   98   95   98   91   88   86   89                                   
    72.5-180.0 180.0   5.0 450.0                            LAT/LON1/LON2/DLON/H
   87   88   84   75   71   72   72   70   69   67   65   67   67   69   70   71
   72   72   70   67   63   58   53   47   42   39   37   36   37   39   42   45
   48   50   51   52   51   50   49   48   49   50   53   57   62   67   72   77
   81   85   88   90   93   95   97   99  101  103  105  107  109  110  110  111
  110  108  108  106  106   96   92   89   87                                   
    70.0-180.0 180.0   5.0 450.0                            LAT/LON1/LON2/DLON/H
   93   91   88   78   72   71   70   67   65   62   60   61   61   62   64   66
   68   69   69   67   63   58   52   47   42   38   36   36   37   40   44   47
   50   52   53   52   50   48   46   46   46   49   52   58   64   70   76   82
   86   90   92   94   95   97   98  100  103  105  108  110  112  114  115  116
  115  113  114  112  112  103  100   95   93                                   
    67.5-180.0 180.0   5.0 450.0                            LAT/LON1/LON2/DLON/H
   94   93   89   79   73   70   68   65   62   58   55   55   54   55   57   60
   62   64   64   63   60   56   50   45   40   36   34   34   36   39   43   46
   48   49   49   47   44   41   39   38   39   43   48   55   63   71   78   83
   87   90   91   92   92   93   95   97   99  102  106  109  111  113  115  116
  116  115  116  115  115  108  104  100   94                                   
    65.0-180.0 180.0   5.0 450.0                            LAT/LON1/LON2/DLON/H
   99   97   93   83   76   73   71   67   63   59   54   53   52   52   54   56
   58   60   61   60   58   54   49   44   40   37   35   35   37   40   43   45
   47   47   45   42   38   35   33   33   36   41   48   57   66   74   82   87
   90   92   92   91   91   92   93   95   99  102  106  110  113  115  117  119
  119  118  120  119  120  114  111  107   99                                   
    62.5-180.0 180.0   5.0 450.0                            LAT/LON1/LON2/DLON/H
  104  103   98   89   82   78   75   71   66   61   56   54   52   51   52   53
   55   56   57   56   54   51   47   43   40   37   36   37   38   40   43   44
   45   44   41   37   33   30   29   30   34   41   49   60   70   79   86   91
   93   93   92   91   91   91   93   96  100  105  109  113  117  119  121  123
  123  122  124  123  124  119  117  114  104                                   
    60.0-180.0 180.0   5.0 450.0                            LAT/LON1/LON2/DLON/H
  109  109  103   93   86   82   79   73   69   63   57   54   51   50   49   49
   50   51   51   50   48   45   42   39   37   36   36   36   38   39   41   41
   41   39   36   32   29   26   26   28   34   42   52   62   73   82   88   92
   93   93   92   91   91   92   95   99  103  108  113  118  121  123  125  126
  126  124  126  125  126  122  120  118  109                                   
    57.5-180.0 180.0   5.0 450.0                            LAT/LON1/LON2/DLON/H
  117  115  109   99   92   88   84   77   72   65   59   55   52   49   48   47
   46   46   45   43   41   39   37   36   35   35   35   36   38   39   39   39
   37   35   33   30   27   26   27   30   36   45   56   67   77   85   90   94
   95   95   94   94   95   98  101  106  111  117  122  126  129  132  133  133
  131  129  130  129  130  126  125  124  117                                   
    55.0-180.0 180.0   5.0 450.0                            LAT/LON1/LON2/DLON/H
  125  123  117  107   99   94   89   82   75   67   60   56   52   49   47   45
   43   42   40   38   36   34   33   33   33   34   36   37   38   38   38   37
   36   34   32   30   29   29   30   35   42   51   61   72   81   88   93   96
   97   98   99  101  104  108  112  118  123  128  133  137  140  141  142  141
  139  135  135  133  134  130  130  129  125                                   
    52.5-180.0 180.0   5.0 450.0                            LAT/LON1/LON2/DLON/H
  136  133  127  117  109  104   98   89   81   71   63   58   53   50   47   45
   42   40   38   35   34   32   32   33   35   37   38   40   40   40   39   38
   37   36   35   35   34   35   38   42   49   58   68   77   85   91   96  100
  103  105  109  112  117  121  127  132  137  141  145  148  151  152  153  152
  148  144  142  140  141  136  137  136  136                                   
    50.0-180.0 180.0   5.0 450.0                            LAT/LON1/LON2/DLON/H
  147  145  139  131  123  118  111  101   90   79   69   62   57   53   50   47
   44   42   39   37   36   36   36   38   40   42   44   45   44   43   42   41
   41   41   42   43   43   45   47   51   58   65   74   82   90   96  101  106
  111  116  122  127  132  138  143  148  151  154  157  159  161  163  163  162
  159  154  152  148  148  144  145  145  147                                   
    47.5-180.0 180.0   5.0 450.0                            LAT/LON1/LON2/DLON/H
  158  158  152  146  139  134  127  116  104   90   78   70   63   58   54   51
   49   47   45   44   44   44   45   47   49   51   52   52   50   49   48   47
   47   48   50   52   53   55   57   60   65   72   80   88   95  102  109  116
  123  130  137  143  149  154  158  161  164  165  166  168  170  171  172  172
  168  164  161  157  157  153  154  154  158                                   
    45.0-180.0 180.0   5.0 450.0                            LAT/LON1/LON2/DLON/H
  166  168  163  161  154  150  144  132  119  105   91   81   73   66   61   58
   56   55   55   55   56   57   58   60   61   61   61   59   57   55   54   54
   54   56   59   61   62   63   65   67   72   78   86   94  102  110  118  127
  136  145  152  158  163  167  170  172  173  173  173  174  176  177  178  179
  176  172  170  166  166  162  163  163  166                                   
    42.5-180.0 180.0   5.0 450.0                            LAT/LON1/LON2/DLON/H
  172  175  171  171  167  164  159  148  135  120  106   95   85   76   70   66
   65   65   67   69   71   72   73   73   73   71   69   66   63   61   60   60
   61   63   65   67   68   68   69   72   76   83   92  101  110  119  129  140
  150  158  165  171  174  177  179  179  180  180  181  181  182  183  184  185
  184  181  178  174  174  170  171  170  172                                   
    40.0-180.0 180.0   5.0 450.0                            LAT/LON1/LON2/DLON/H
  175  178  175  176  174  173  169  160  148  134  121  109   98   88   80   75
   73   75   78   82   85   86   86   85   82   79   75   71   67   65   65   65
   65   67   68   69   70   70   71   74   79   87   97  108  118  129  140  151
  161  170  176  180  183  185  186  188  189  190  191  192  192  192  192  193
  192  189  188  184  183  178  178  176  175                                   
    37.5-180.0 180.0   5.0 450.0                            LAT/LON1/LON2/DLON/H
  179  180  176  176  175  174  172  165  156  144  132  121  109   98   89   83
   81   83   88   93   96   97   96   93   89   83   78   73   70   68   68   68
   68   68   68   69   69   69   71   75   82   91  103  115  126  138  150  161
  171  179  184  187  190  193  196  200  204  208  210  211  210  208  206  205
  203  201  199  196  194  188  186  183  179                                   
    35.0-180.0 180.0   5.0 450.0                            LAT/LON1/LON2/DLON/H
  187  185  179  174  173  171  168  164  158  149  139  129  118  107   97   90
   88   90   95  100  103  104  102   97   92   85   80   75   72   71   70   70
   69   68   67   67   67   68   70   76   84   95  108  121  133  145  157  168
  178  185  191  195  200  206  213  220  228  235  240  241  239  234  228  225
  221  217  216  212  210  202  199  194  187                                   
    32.5-180.0 180.0   5.0 450.0                            LAT/LON1/LON2/DLON/H
  204  198  188  177  173  167  162  158  154  148  140  132  122  112  102   96
   93   95   99  104  106  106  103   99   93   87   81   77   74   73   72   71
   69   67   65   65   65   67   70   77   86   99  113  126  139  150  162  173
  183  191  198  206  215  225  237  249  261  272  279  280  277  269  260  253
  246  242  240  235  233  223  220  212  204                                   
    30.0-180.0 180.0   5.0 450.0                            LAT/LON1/LON2/DLON/H
  233  223  209  190  180  167  158  151  148  143  137  131  122  113  105   99
   96   98  101  104  105  105  103   99   94   88   83   80   78   76   75   73
   70   67   65   64   65   67   71   78   88  101  115  129  141  153  165  176
  187  197  208  220  235  251  268  285  301  314  323  325  321  311  299  289
  280  274  271  265  263  253  250  240  233                                   
    27.5-180.0 180.0   5.0 450.0                            LAT/LON1/LON2/DLON/H
  275  263  243  217  198  178  161  150  143  137  131  126  119  111  105  100
   98   98   99  101  101  101  100   98   95   92   88   85   82   80   78   75
   72   69   66   65   66   69   73   79   89  102  116  129  142  154  166  179
  192  206  222  240  260  282  303  323  342  357  367  370  365  354  341  329
  319  312  309  302  301  291  289  277  275                                   
    25.0-180.0 180.0   5.0 450.0                            LAT/LON1/LON2/DLON/H
  327  316  290  256  229  200  174  156  144  135  127  120  114  108  103   99
   97   96   95   95   95   96   98   98   98   96   94   91   88   85   82   78
   74   71   69   68   69   71   75   80   89  100  114  128  141  154  167  183
  199  218  239  263  289  315  338  359  377  392  402  405  402  392  381  370
  359  353  350  343  343  335  333  320  327                                   
    22.5-180.0 180.0   5.0 450.0                            LAT/LON1/LON2/DLON/H
  383  375  344  305  270  233  199  172  154  139  127  118  111  105  101   98
   95   92   90   88   89   91   95   99  102  102  101   98   94   90   86   81
   78   75   73   72   73   74   76   79   86   97  111  126  140  155  171  189
  210  233  259  288  317  344  367  386  402  414  423  427  426  421  413  406
  398  393  391  384  385  380  377  365  383                                   
    20.0-180.0 180.0   5.0 450.0                            LAT/LON1/LON2/DLON/H
  434  431  398  356  317  274  232  198  172  151  134  122  112  106  102   99
   94   89   84   82   82   87   94  101  106  108  107  105  100   95   90   85
   82   79   78   77   77   76   76   77   83   93  108  124  140  157  176  197
  222  250  280  311  341  367  388  402  412  421  427  433  436  437  436  434
  430  428  427  422  424  421  418  407  434                                   
    17.5-180.0 180.0   5.0 450.0                            LAT/LON1/LON2/DLON/H
  471  473  443  402  362  317  270  230  199  172  150  133  121  113  108  103
   97   89   82   79   79   85   94  104  110  113  113  110  105   99   93   89
   86   84   82   81   80   78   75   75   79   90  106  124  143  162  183  208
  235  266  297  329  358  382  398  407  411  415  419  425  433  441  448  453
  455  456  457  453  454  453  449  440  471                                   
    15.0-180.0 180.0   5.0 450.0                            LAT/LON1/LON2/DLON/H
  489  494  469  432  397  353  306  264  229  199  174  153  138  128  121  114
  106   96   87   81   82   88   98  108  114  117  116  113  109  103   97   93
   90   88   87   85   82   78   74   73   77   88  105  126  147  168  191  218
  247  279  311  341  368  388  399  403  402  402  404  411  423  437  451  463
  470  475  478  475  475  475  471  463  489                                   
    12.5-180.0 180.0   5.0 450.0                            LAT/LON1/LON2/DLON/H
  489  493  471  441  412  374  331  292  259  228  202  180  163  150  141  132
  122  110   99   93   92   98  106  114  119  119  118  116  112  107  102   98
   95   92   90   87   83   78   74   72   76   88  107  129  152  174  198  226
  256  287  318  346  370  387  395  396  392  389  390  397  412  431  450  467
  478  486  491  488  486  485  481  475  489                                   
    10.0-180.0 180.0   5.0 450.0                            LAT/LON1/LON2/DLON/H
  476  475  456  430  409  378  342  310  281  254  230  209  192  178  167  156
  144  131  120  112  110  113  118  122  124  123  121  118  116  112  108  103
   99   96   92   88   84   78   74   72   77   90  110  133  156  179  203  230
  260  290  319  345  367  382  390  390  387  383  382  390  405  426  448  467
  480  490  495  493  489  486  483  479  476                                   
     7.5-180.0 180.0   5.0 450.0                            LAT/LON1/LON2/DLON/H
  458  452  434  409  394  369  341  316  295  273  253  235  219  206  194  183
  171  158  146  137  133  132  133  133  131  127  125  123  122  119  114  109
