data/edconvlstm_nd/pred2870.15i
     1.0            IONOSPHERE MAPS     GNSS                IONEX VERSION / TYPE
pyspatialgeodesy        IME             05-JAN-18 20:20     PGM / RUN BY / DATE 
Map Name                                                    COMMENT             
Predicted global ionosphere maps (GIM).                     DESCRIPTION         
  2015    10    14     0     0     0                        EPOCH OF FIRST MAP  
  2015    10    15     0     0     0                        EPOCH OF LAST MAP   
  7200                                                      INTERVAL            
    13                                                      # OF MAPS IN FILE   
  NONE                                                      MAPPING FUNCTION    
10.0                                                        ELEVATION CUTOFF    
One-way carrier phase leveled to code                       OBSERVABLES USED    
  6371.0                                                    BASE RADIUS         
 2                                                          MAP DIMENSION       
   450.0 450.0   0.0                                        HGT1 / HGT2 / DHGT  
    87.5 -87.5  -2.5                                        LAT1 / LAT2 / DLAT  
  -180.0 180.0   5.0                                        LON1 / LON2 / DLON  
    -1                                                      EXPONENT            
                                                            END OF HEADER       
[from data line 3432]
     9                                                      START OF TEC MAP    
  2015    10    14    16     0     0                        EPOCH OF CURRENT MAP
    87.5-180.0 180.0   5.0 450.0                            LAT/LON1/LON2/DLON/H
   73   81   82   85   90   89   90   87   89   92   93   94   95   97   98   99
  100  101  101  101  101  101  101  100   99   98   97   96   94   93   92   91
   89   88   87   86   85   84   83   82   81   81   81   80   80   80   80   80
   80   81   81   81   81   81   81   81   81   81   81   80   80   80   80   80
   81   80   77   74   77   77   91   91   73                                   
    85.0-180.0 180.0   5.0 450.0                            LAT/LON1/LON2/DLON/H
   79   84   98   81   83   87   88   90   92   96   96   99  100  102  104  106
  107  108  109  110  110  110  109  109  108  106  105  103  102  100   98   97
   95   93   91   90   88   87   86   85   84   83   83   82   82   82   82   83
   83   83   83   83   83   84   84   83   83   83   83   83   83   83   82   82
   83   82   77   73   76   77   85   82   79                                   
    82.5-180.0 180.0   5.0 450.0                            LAT/LON1/LON2/DLON/H
   64   71   78   70   73   77   80   83   86   89   92   95   98  101  103  106
  108  110  111  112  112  112  111  110  109  107  105  103  100   98   96   94
   91   89   87   85   83   81   79   78   77   76   75   75   75   75   75   75
   76   76   77   77   77   77   77   77   77   77   76   76   76   75   75   74
   75   73   70   66   70   80   76   74   64                                   
    80.0-180.0 180.0   5.0 450.0                            LAT/LON1/LON2/DLON/H
   50   55   66   60   63   64   69   73   77   81   85   90   93   97  101  104
  107  110  112  113  113  113  111  109  107  104  101   98   95   92   89   86
   83   80   78   75   73   71   69   67   66   65   64   64   65   65   66   68
   69   70   71   72   73   74   74   74   73   73   72   72   71   71   70   70
   69   69   67   64   62   69   67   70   50                                   
    77.5-180.0 180.0   5.0 450.0                            LAT/LON1/LON2/DLON/H
   53   53   55   51   55   57   62   66   71   75   79   85   90   95  100  105
  110  113  116  117  117  116  114  111  107  102   98   94   89   86   82   78
   75   72   69   66   63   61   58   56   55   54   53   54   55   56   58   60
   62   65   67   68   69   70   70   70   69   69   68   68   67   66   66   65
   65   64   62   60   58   58   60   63   53                                   
    75.0-180.0 180.0   5.0 450.0                            LAT/LON1/LON2/DLON/H
   41   44   45   44   48   51   55   59   64   69   73   79   84   91   97  103
  109  114  118  120  120  119  115  111  106  100   95   90   85   81   77   74
   71   68   65   62   59   56   54   51   50   48   48   48   49   51   54   57
   60   63   65   67   68   69   69   68   67   66   65   65   64   64   64   64
   64   64   63   59   57   54   52   48   41                                   
    72.5-180.0 180.0   5.0 450.0                            LAT/LON1/LON2/DLON/H
   40   41   40   42   44   47   51   54   58   62   66   72   78   85   92  100
  108  114  119  122  122  120  116  110  103   96   89   83   78   73   70   67
   64   62   59   56   53   51   48   45   43   41   40   41   42   44   47   50
   54   57   59   61   62   62   61   60   59   57   56   56   56   56   57   58
   58   58   57   53   51   49   49   48   40                                   
    70.0-180.0 180.0   5.0 450.0                            LAT/LON1/LON2/DLON/H
   35   38   38   39   42   44   47   51   56   59   63   68   73   81   89   98
  108  116  123  127  128  126  121  115  106   98   90   83   77   73   70   67
   65   63   61   58   55   52   49   46   44   42   40   40   41   42   45   48
   52   55   57   59   59   58   57   55   53   51   50   50   50   51   53   55
   56   56   56   52   51   48   51   49   35                                   
    67.5-180.0 180.0   5.0 450.0                            LAT/LON1/LON2/DLON/H
   34   36   36   38   41   44   48   52   56   58   61   65   71   78   87   97
  108  119  127  133  135  133  128  120  110  100   91   83   77   73   70   67
   65   64   62   59   57   54   51   48   45   42   40   39   39   40   42   45
   48   50   52   53   52   51   49   46   44   42   41   41   42   44   47   49
   51   51   51   47   46   44   45   42   34                                   
    65.0-180.0 180.0   5.0 450.0                            LAT/LON1/LON2/DLON/H
   29   32   32   36   39   42   46   50   54   57   59   63   67   74   83   95
  107  120  131  138  142  141  136  127  116  105   96   87   81   77   74   72
   70   68   66   64   61   58   55   52   48   45   42   40   39   39   40   41
   43   45   45   45   44   42   40   37   35   33   32   33   34   37   40   43
   46   47   48   45   44   43   44   42   29                                   
    62.5-180.0 180.0   5.0 450.0                            LAT/LON1/LON2/DLON/H
   26   29   29   33   37   40   45   49   53   55   58   61   65   72   81   93
  107  121  134  144  149  149  144  135  124  113  102   94   88   84   80   78
   75   73   70   68   65   62   59   56   52   48   44   41   38   37   37   37
   38   38   38   37   35   33   31   29   27   26   25   26   28   30   33   37
   39   41   42   40   39   38   38   37   26                                   
    60.0-180.0 180.0   5.0 450.0                            LAT/LON1/LON2/DLON/H
   23   25   25   30   32   35   40   45   49   52   55   58   63   69   78   90
  105  120  135  146  153  154  150  142  131  120  110  102   97   92   89   86
   83   79   76   73   70   67   64   60   56   51   46   42   38   36   34   33
   32   31   30   28   27   25   23   22   21   20   20   21   23   25   27   30
   33   34   36   34   35   34   34   33   23                                   
    57.5-180.0 180.0   5.0 450.0                            LAT/LON1/LON2/DLON/H
   22   24   24   28   30   33   38   42   47   51   54   59   63   69   78   90
  104  120  136  148  156  159  156  149  140  130  121  114  109  105  102   98
   94   90   85   82   78   75   72   68   63   58   53   47   43   39   36   33
   31   28   26   25   23   22   21   21   21   21   21   22   23   24   26   29
   30   32   34   33   34   33   33   33   22                                   
    55.0-180.0 180.0   5.0 450.0                            LAT/LON1/LON2/DLON/H
   24   25   26   29   30   31   35   40   45   50   55   61   66   72   80   91
  105  121  136  149  158  162  160  155  147  139  132  126  122  119  116  112
  107  102   97   93   89   86   82   78   73   67   61   55   49   45   40   36
   33   30   27   25   24   24   24   25   25   26   27   27   28   28   29   31
   32   33   35   35   36   35   35   36   24                                   
    52.5-180.0 180.0   5.0 450.0                            LAT/LON1/LON2/DLON/H
   30   31   30   33   32   33   36   40   45   52   58   64   71   77   85   95
  107  122  136  149  158  163  163  159  154  148  143  139  136  133  130  126
  121  116  111  106  102   99   95   91   85   78   72   65   59   54   49   44
   40   36   33   31   31   31   33   34   36   37   37   38   37   37   37   37
   38   39   41   41   42   41   41   42   30                                   
    50.0-180.0 180.0   5.0 450.0                            LAT/LON1/LON2/DLON/H
   39   39   39   40   38   38   39   43   48   55   63   71   78   84   92  101
  112  125  138  150  159  164  165  164  160  157  153  151  149  147  144  140
  135  130  125  120  117  114  110  104   98   91   84   78   72   66   60   55
   50   46   43   42   42   43   45   48   50   51   52   51   51   49   49   48
   48   48   51   51   51   51   50   50   39                                   
    47.5-180.0 180.0   5.0 450.0                            LAT/LON1/LON2/DLON/H
   49   50   49   50   47   46   47   50   55   62   71   79   87   94  101  109
  119  130  142  153  161  166  169  169  167  165  163  161  160  158  155  151
  147  142  137  134  131  128  124  118  111  104   97   90   84   78   73   68
   63   59   56   55   55   57   59   62   65   66   67   66   65   63   62   61
   60   60   62   63   63   62   62   60   49                                   
    45.0-180.0 180.0   5.0 450.0                            LAT/LON1/LON2/DLON/H
   59   61   60   61   57   57   56   59   64   72   81   90   98  106  113  120
  129  138  149  158  165  170  173  175  175  174  172  170  168  166  163  159
  155  151  148  146  144  142  138  131  123  115  108  101   95   90   84   79
   74   70   68   67   67   69   72   75   78   79   80   79   77   76   74   73
   72   73   74   74   74   73   73   70   59                                   
    42.5-180.0 180.0   5.0 450.0                            LAT/LON1/LON2/DLON/H
   67   70   68   71   68   68   67   71   76   85   93  103  111  119  126  133
  141  149  158  165  172  176  179  182  182  182  180  177  174  170  167  163
  160  157  156  155  155  154  149  142  134  125  117  110  104   98   92   87
   82   79   76   76   76   78   81   84   87   88   88   87   86   85   84   84
   83   83   84   83   82   81   81   77   67                                   
    40.0-180.0 180.0   5.0 450.0                            LAT/LON1/LON2/DLON/H
   72   74   73   77   76   77   78   82   89   98  107  117  125  133  140  147
  154  161  169  175  180  184  187  189  190  189  187  182  178  173  169  166
  164  163  164  165  166  165  160  152  142  132  123  116  109  102   96   91
   86   83   81   80   80   82   85   88   90   92   92   92   91   90   90   90
   89   89   89   88   87   85   84   81   72                                   
    37.5-180.0 180.0   5.0 450.0                            LAT/LON1/LON2/DLON/H
   73   75   74   80   80   83   86   93  101  111  121  131  139  147  154  161
  168  175  181  187  191  194  196  197  197  196  192  187  181  177  174  172
  172  173  175  178  179  178  172  163  151  139  129  120  112  105   98   92
   87   83   81   80   80   82   84   88   90   92   93   93   92   92   93   93
   92   92   92   90   88   85   83   81   73                                   
    35.0-180.0 180.0   5.0 450.0                            LAT/LON1/LON2/DLON/H
   72   73   73   79   81   85   91  101  111  123  134  144  153  161  169  175
  182  188  194  199  202  204  205  205  204  202  197  192  188  185  184  185
  187  190  193  196  197  194  187  175  162  148  136  125  116  107   99   93
   87   84   81   79   79   80   83   86   90   92   93   93   93   93   94   94
   93   92   92   90   87   83   80   79   72                                   
    32.5-180.0 180.0   5.0 450.0                            LAT/LON1/LON2/DLON/H
   71   70   70   77   79   85   94  106  119  133  145  157  166  175  182  189
  195  201  206  211  213  214  213  212  210  207  204  200  199  200  203  208
  213  217  221  223  223  217  207  193  177  161  147  134  123  113  104   97
   91   87   83   81   80   81   83   87   91   94   96   96   96   95   95   95
   93   92   91   89   86   81   78   77   71                                   
    30.0-180.0 180.0   5.0 450.0                            LAT/LON1/LON2/DLON/H
   72   70   69   75   78   84   95  109  125  140  154  167  178  187  195  201
  207  213  218  222  224  223  221  218  215  214  213  214  217  224  233  242
  249  256  259  259  255  246  233  216  198  180  164  149  136  125  115  108
  102   96   91   88   86   86   88   93   97  101  104  104  103  101  100   98
   95   94   93   91   87   82   78   78   72                                   
    27.5-180.0 180.0   5.0 450.0                            LAT/LON1/LON2/DLON/H
   75   72   71   75   78   84   95  110  128  145  161  174  186  197  205  212
  218  224  229  233  234  232  228  224  222  223  226  234  244  258  272  286
  296  303  305  302  294  281  264  244  224  206  188  172  158  145  135  128
  121  114  108  102   99   98  100  104  109  114  116  116  114  111  108  105
  101   99   98   95   92   86   82   81   75                                   
    25.0-180.0 180.0   5.0 450.0                            LAT/LON1/LON2/DLON/H
   80   76   74   77   80   86   97  112  130  148  164  179  193  204  214  221
  228  234  239  243  244  241  236  232  231  236  245  260  279  299  319  336
  348  354  354  347  335  318  298  277  256  237  219  202  187  174  164  156
  149  141  133  125  120  118  119  122  126  130  132  131  128  124  119  115
  110  107  105  103  100   93   88   86   80                                   
    22.5-180.0 180.0   5.0 450.0                            LAT/LON1/LON2/DLON/H
   86   82   79   81   84   90  101  115  133  150  167  183  197  210  221  230
  237  244  250  254  254  251  246  243  245  254  271  293  318  344  368  387
  400  404  401  390  374  354  332  311  291  272  254  237  220  207  197  190
  182  173  163  153  147  143  142  143  145  148  148  147  143  137  132  127
  121  118  114  112  108  101   95   91   86                                   
    20.0-180.0 180.0   5.0 450.0                            LAT/LON1/LON2/DLON/H
   92   87   83   85   90   96  107  120  137  154  170  186  201  215  227  238
  247  256  262  266  266  263  259  258  264  279  302  329  360  389  415  434
  444  446  439  425  406  385  363  344  326  308  290  272  255  242  232  225
  217  207  195  183  175  169  166  164  164  163  163  160  155  148  142  137
  131  127  123  120  116  107  100   96   92                                   
    17.5-180.0 180.0   5.0 450.0                            LAT/LON1/LON2/DLON/H
   95   90   87   89   95  102  115  127  143  160  175  191  206  222  236  249
  261  271  278  282  282  279  276  279  289  309  336  368  400  430  454  470
  477  475  465  449  430  409  390  373  358  342  324  304  286  272  262  254
  246  235  223  210  201  193  188  182  178  176  173  169  163  156  150  144
  138  134  129  125  120  110  102   98   95                                   
    15.0-180.0 180.0   5.0 450.0                            LAT/LON1/LON2/DLON/H
   95   91   87   91   98  107  122  135  152  168  183  200  216  233  249  265
  279  290  298  302  302  299  299  305  320  344  374  406  437  463  483  494
  497  491  478  462  444  427  412  399  386  370  351  330  310  294  283  275
  267  257  244  232  222  213  204  196  189  184  179  174  167  160  153  147
  141  137  131  127  121  110  101   98   95                                   
    12.5-180.0 180.0   5.0 450.0                            LAT/LON1/LON2/DLON/H
   92   88   86   91   99  110  128  143  161  178  195  213  231  249  268  286
  302  315  323  327  326  324  326  336  355  382  413  443  469  489  502  507
  504  495  482  467  453  441  430  421  409  393  371  347  324  306  294  287
  279  270  259  247  237  227  216  205  196  188  182  176  169  160  153  147
  141  137  129  125  118  107   98   95   92                                   
    10.0-180.0 180.0   5.0 450.0                            LAT/LON1/LON2/DLON/H
   88   85   83   88   97  110  131  148  169  189  209  229  250  271  292  312
  329  343  351  354  352  351  356  371  394  422  451  476  496  508  514  513
  505  495  482  470  461  454  447  440  428  410  384  356  330  310  298  290
  283  275  266  255  245  235  223  210  199  190  183  176  168  159  151  145
  138  133  125  120  114  104   94   92   88                                   
     7.5-180.0 180.0   5.0 450.0                            LAT/LON1/LON2/DLON/H
   85   83   80   84   93  108  131  152  176  200  224  248  271  294  318  340
  359  373  380  382  380  380  388  406  432  461  486  505  517  521  521  515
