data/edconvlstm_nd/pred2970.15i
     1.0            IONOSPHERE MAPS     GNSS                IONEX VERSION / TYPE
pyspatialgeodesy        IME             05-JAN-18 20:20     PGM / RUN BY / DATE 
Map Name                                                    COMMENT             
Predicted global ionosphere maps (GIM).                     DESCRIPTION         
  2015    10    24     0     0     0                        EPOCH OF FIRST MAP  
  2015    10    25     0     0     0                        EPOCH OF LAST MAP   
  7200                                                      INTERVAL            
    13                                                      # OF MAPS IN FILE   
  NONE                                                      MAPPING FUNCTION    
10.0                                                        ELEVATION CUTOFF    
One-way carrier phase leveled to code                       OBSERVABLES USED    
  6371.0                                                    BASE RADIUS         
 2                                                          MAP DIMENSION       
   450.0 450.0   0.0                                        HGT1 / HGT2 / DHGT  
    87.5 -87.5  -2.5                                        LAT1 / LAT2 / DLAT  
  -180.0 180.0   5.0                                        LON1 / LON2 / DLON  
    -1                                                      EXPONENT            
                                                            END OF HEADER       
[from data line 1716]
     5                                                      START OF TEC MAP    
  2015    10    24     8     0     0                        EPOCH OF CURRENT MAP
    87.5-180.0 180.0   5.0 450.0                            LAT/LON1/LON2/DLON/H
   68   73   69   71   72   72   70   67   69   71   71   73   73   74   75   76
   76   77   77   78   78   79   79   79   79   79   80   80   80   80   80   80
   81   81   81   81   81   81   81   81   82   82   83   83   84   84   84   85
   85   85   84   84   83   82   81   80   78   77   75   73   72   70   68   67
   67   68   65   64   69   72   82   83   68                                   
    85.0-180.0 180.0   5.0 450.0                            LAT/LON1/LON2/DLON/H
   60   73   73   70   71   73   74   74   75   77   77   79   80   81   82   82
   83   84   84   85   85   85   86   86   87   87   88   88   88   89   89   90
   90   90   90   91   91   91   92   93   93   94   95   96   97   97   98   99
   99   99   98   98   97   95   94   92   90   88   85   83   80   78   76   74
   74   73   68   67   66   70   76   77   60                                   
    82.5-180.0 180.0   5.0 450.0                            LAT/LON1/LON2/DLON/H
   58   61   68   62   62   64   64   65   67   68   69   71   72   73   74   74
   75   75   75   75   75   76   76   76   76   77   78   78   79   80   81   82
   83   84   85   87   88   89   91   93   95   97  100  102  104  107  109  110
  111  112  112  111  110  108  106  103  100   96   92   88   84   80   76   73
   71   69   64   62   65   62   57   58   58                                   
    80.0-180.0 180.0   5.0 450.0                            LAT/LON1/LON2/DLON/H
   61   55   59   55   56   54   56   57   60   61   63   65   66   67   67   67
   68   67   67   66   66   66   65   65   66   66   67   68   69   71   73   74
   76   78   80   82   84   86   89   92   96  100  104  109  114  118  122  126
  129  131  132  132  131  128  125  122  117  112  107  101   95   89   83   78
   74   69   65   61   62   58   57   56   61                                   
    77.5-180.0 180.0   5.0 450.0                            LAT/LON1/LON2/DLON/H
   66   54   55   53   50   51   53   54   57   59   60   63   64   65   66   66
   66   65   64   63   62   62   61   60   60   61   61   63   65   67   69   72
   74   77   79   82   85   88   91   96  101  107  114  122  129  137  144  150
  155  159  162  163  162  160  157  152  147  140  133  126  118  110  102   95
   87   81   74   71   66   54   52   55   66                                   
    75.0-180.0 180.0   5.0 450.0                            LAT/LON1/LON2/DLON/H
   64   55   52   51   48   50   51   51   53   55   56   58   59   60   61   61
   61   60   59   57   56   55   54   53   53   54   55   57   59   62   65   69
   72   75   77   80   83   86   90   96  103  111  121  131  142  153  163  172
  180  186  190  192  192  190  187  182  176  169  160  152  143  133  124  115
  106   97   89   80   75   62   59   57   64                                   
    72.5-180.0 180.0   5.0 450.0                            LAT/LON1/LON2/DLON/H
   67   58   53   51   49   51   52   52   53   54   55   58   59   60   60   61
   61   60   59   57   56   54   53   52   51   52   53   55   58   62   66   69
   73   76   79   82   85   89   94  101  110  120  133  146  160  174  186  197
  207  214  219  222  222  221  217  212  205  197  188  179  169  159  149  139
  129  118  110   99   90   76   69   69   67                                   
    70.0-180.0 180.0   5.0 450.0                            LAT/LON1/LON2/DLON/H
   74   60   57   54   50   51   51   51   52   53   53   55   56   57   57   58
   58   58   57   56   55   54   53   52   51   52   53   55   58   62   66   70
   74   77   80   83   86   90   96  104  115  127  142  158  174  190  204  216
  227  234  240  243  243  241  237  231  224  215  206  196  186  175  164  154
  143  132  123  111  101   87   83   82   74                                   
    67.5-180.0 180.0   5.0 450.0                            LAT/LON1/LON2/DLON/H
   72   60   55   53   49   50   51   51   51   52   52   54   54   55   56   57
   58   58   59   58   58   57   55   54   54   54   54   56   58   61   65   69
   73   76   79   82   86   91   97  106  118  133  149  167  185  201  216  228
  238  246  250  253  253  250  245  239  231  222  212  202  192  181  170  159
  148  136  127  115  104   91   85   86   72                                   
    65.0-180.0 180.0   5.0 450.0                            LAT/LON1/LON2/DLON/H
   72   58   53   52   48   49   50   50   51   52   52   53   54   54   55   56
   57   59   60   60   60   60   59   58   57   57   57   58   59   61   64   68
   72   76   80   84   88   94  102  113  127  143  161  180  198  215  229  240
  249  255  259  260  259  255  250  242  233  224  214  204  193  182  170  159
  147  135  125  112  103   91   86   88   72                                   
    62.5-180.0 180.0   5.0 450.0                            LAT/LON1/LON2/DLON/H
   69   55   49   48   45   46   47   49   49   50   51   52   52   52   53   55
   56   58   59   60   61   60   60   59   59   58   57   57   57   58   61   64
   68   73   79   85   91   99  109  122  137  155  174  193  211  226  239  248
  255  260  262  262  261  256  250  242  232  222  212  201  191  179  167  154
  141  128  117  105   95   83   80   84   69                                   
    60.0-180.0 180.0   5.0 450.0                            LAT/LON1/LON2/DLON/H
   67   52   45   43   41   42   43   45   46   47   48   49   49   49   50   52
   53   55   56   57   58   58   58   57   57   56   55   53   53   53   55   58
   64   71   78   87   96  106  118  133  149  168  188  206  223  237  247  255
  260  263  265  265  263  258  251  243  232  222  212  201  190  178  164  150
  136  120  109   96   88   75   72   77   67                                   
    57.5-180.0 180.0   5.0 450.0                            LAT/LON1/LON2/DLON/H
   69   52   45   42   40   40   42   43   45   45   46   46   46   47   48   49
   51   52   53   54   54   54   54   54   54   53   51   50   48   48   50   54
   61   71   81   93  105  118  131  147  165  184  203  221  236  248  257  263
  267  270  272  273  271  267  260  251  241  230  220  209  198  185  170  155
  139  122  110   96   88   74   70   74   69                                   
    55.0-180.0 180.0   5.0 450.0                            LAT/LON1/LON2/DLON/H
   77   59   51   46   43   42   43   43   44   44   44   44   44   45   46   48
   49   50   50   50   50   50   51   51   51   51   49   47   45   44   47   52
   62   74   88  103  117  132  147  163  181  200  218  235  249  260  268  273
  278  281  284  286  285  282  275  266  256  245  234  224  213  200  185  168
  150  132  120  105   96   82   77   79   77                                   
    52.5-180.0 180.0   5.0 450.0                            LAT/LON1/LON2/DLON/H
   91   74   65   57   52   50   49   48   47   45   44   44   44   45   46   48
   49   49   49   49   49   49   50   51   51   51   49   47   44   44   47   54
   66   81   98  116  133  148  164  180  197  215  232  248  261  272  280  286
  291  295  300  303  303  300  293  284  274  263  253  243  232  219  204  187
  169  150  137  122  113   98   93   91   91                                   
    50.0-180.0 180.0   5.0 450.0                            LAT/LON1/LON2/DLON/H
  109   95   85   76   68   65   61   56   53   49   47   46   45   46   48   50
   51   51   51   51   51   52   53   55   55   55   53   50   47   47   50   59
   73   91  111  130  149  165  181  196  212  229  245  260  274  285  293  300
  306  311  316  320  320  317  310  300  290  280  270  261  251  238  224  207
  188  170  156  141  133  119  114  109  109                                   
    47.5-180.0 180.0   5.0 450.0                            LAT/LON1/LON2/DLON/H
  127  117  107   97   89   84   77   69   63   57   52   50   49   50   52   54
   55   55   55   56   57   59   61   63   63   63   60   56   53   52   56   66
   82  102  123  144  164  181  196  211  226  242  257  272  286  297  306  314
  320  326  331  334  333  329  320  310  300  290  282  273  264  252  238  222
  204  187  172  157  149  137  135  129  127                                   
    45.0-180.0 180.0   5.0 450.0                            LAT/LON1/LON2/DLON/H
  140  134  126  118  110  103   95   84   75   67   60   57   56   56   58   60
   61   61   62   64   67   70   72   74   74   72   68   63   59   57   62   72
   89  110  133  156  176  193  209  224  238  253  268  283  297  309  319  326
  332  337  340  341  339  332  323  312  301  292  285  277  269  257  243  228
  211  194  179  164  158  148  147  143  140                                   
    42.5-180.0 180.0   5.0 450.0                            LAT/LON1/LON2/DLON/H
  144  140  135  130  124  118  109   98   88   78   70   66   64   64   66   67
   67   68   71   74   79   83   85   86   84   80   74   68   63   61   65   76
   93  115  139  162  183  202  219  234  250  265  280  294  308  321  330  337
  341  344  345  344  339  330  319  307  297  289  283  276  267  256  241  226
  208  192  176  162  156  146  147  146  144                                   
    40.0-180.0 180.0   5.0 450.0                            LAT/LON1/LON2/DLON/H
  138  133  131  130  128  123  116  107   97   87   80   76   74   74   74   74
   75   76   80   85   91   95   96   95   91   84   77   69   63   62   66   77
   95  117  141  165  188  208  227  244  260  276  291  306  320  332  340  346
  348  349  348  345  339  329  317  305  295  288  282  275  266  252  237  220
  201  183  166  151  144  133  135  135  138                                   
    37.5-180.0 180.0   5.0 450.0                            LAT/LON1/LON2/DLON/H
  123  117  116  117  120  118  114  108  101   93   87   84   83   83   83   83
   82   84   89   95  101  105  104   99   92   84   75   67   61   61   66   78
   95  117  142  167  191  214  235  254  272  289  304  319  332  343  351  355
  357  357  356  353  347  338  326  315  306  299  292  284  272  257  238  219
  198  177  158  140  130  115  117  117  123                                   
    35.0-180.0 180.0   5.0 450.0                            LAT/LON1/LON2/DLON/H
  109   96   95   98  103  104  103  102   99   95   92   91   91   91   91   91
   91   93   98  105  110  111  107   99   89   79   70   62   58   59   66   79
   97  119  144  170  196  221  244  265  285  303  319  333  346  357  364  368
  370  371  372  372  369  362  353  343  334  327  319  309  295  276  255  233
  209  185  163  140  126  104  104  102  109                                   
    32.5-180.0 180.0   5.0 450.0                            LAT/LON1/LON2/DLON/H
  101   82   78   80   85   87   90   91   93   92   93   94   96   98   99   99
  100  102  108  113  116  114  106   95   83   73   64   58   56   59   68   82
  101  124  149  176  203  230  255  279  300  319  335  350  362  372  380  385
  389  393  398  403  406  404  399  391  382  374  365  353  336  316  293  269
  243  216  192  163  144  113  109  102  101                                   
    30.0-180.0 180.0   5.0 450.0                            LAT/LON1/LON2/DLON/H
  108   82   74   71   74   75   79   82   85   88   91   95   99  102  105  107
  109  112  117  120  120  114  103   90   78   68   60   56   56   62   73   89
  109  132  158  186  214  242  269  293  316  336  353  367  380  391  399  407
  414  424  435  448  457  462  461  455  448  439  428  414  397  376  353  329
  302  274  248  214  191  151  142  125  108                                   
    27.5-180.0 180.0   5.0 450.0                            LAT/LON1/LON2/DLON/H
  135  103   88   79   76   74   76   77   81   85   89   94   99  104  109  113
  116  120  124  125  122  112   99   86   75   66   60   57   60   68   81   99
  120  145  172  200  229  257  284  309  332  353  371  387  400  412  423  434
  447  463  482  502  519  530  534  533  526  517  505  490  473  452  430  407
  381  354  327  290  265  219  201  174  135                                   
    25.0-180.0 180.0   5.0 450.0                            LAT/LON1/LON2/DLON/H
  182  147  125  106   97   89   85   83   84   86   89   93   97  103  109  115
  120  124  128  127  121  110   98   86   77   70   65   64   67   78   94  113
  136  161  189  218  247  275  301  325  349  370  389  407  423  437  451  466
  485  507  534  561  584  601  610  612  607  598  585  570  553  534  514  493
  470  446  419  381  355  307  278  245  182                                   
    22.5-180.0 180.0   5.0 450.0                            LAT/LON1/LON2/DLON/H
  245  211  183  154  136  121  110  101   96   94   93   94   97  101  108  114
  120  125  128  126  119  109   98   90   84   79   76   74   79   91  109  130
  154  180  208  238  266  293  317  340  363  386  407  427  446  463  481  501
  524  552  584  615  641  661  674  679  676  667  654  639  623  607  590  573
  554  534  509  474  446  398  362  328  245                                   
    20.0-180.0 180.0   5.0 450.0                            LAT/LON1/LON2/DLON/H
  316  286  252  217  190  168  148  132  119  111  105  100   99  101  105  111
  117  122  124  123  116  108  100   96   95   93   90   89   94  107  125  146
  170  197  226  255  283  308  331  353  376  400  423  446  468  489  510  533
  560  591  623  654  680  700  713  719  717  709  696  682  668  655  643  630
  617  604  583  554  524  480  440  408  316                                   
    17.5-180.0 180.0   5.0 450.0                            LAT/LON1/LON2/DLON/H
  383  359  323  286  253  226  198  174  153  138  124  114  107  104  105  109
  113  117  119  118  113  106  103  104  107  108  107  105  109  120  138  159
  184  211  240  269  296  320  341  363  386  411  437  463  487  511  535  560
  587  617  647  674  696  712  723  728  727  720  708  696  684  675  667  659
  651  643  628  605  575  536  501  474  383                                   
    15.0-180.0 180.0   5.0 450.0                            LAT/LON1/LON2/DLON/H
  434  416  383  351  316  287  253  224  196  174  153  136  122  113  110  109
  111  114  115  113  109  106  107  114  121  125  124  121  122  130  146  167
  192  220  250  278  305  327  348  370  394  421  449  476  503  528  553  578
  604  631  656  676  691  702  709  712  712  707  699  689  680  674  668  662
  656  650  639  620  593  558  533  512  434                                   
    12.5-180.0 180.0   5.0 450.0                            LAT/LON1/LON2/DLON/H
  466  451  424  400  369  342  307  276  244  217  190  167  146  130  120  115
  113  113  113  111  108  108  114  125  136  142  139  133  130  136  150  172
  197  226  255  283  309  331  353  375  400  428  457  486  514  540  565  589
  613  636  654  667  675  679  682  685  687  686  682  676  669  662  657  650
  641  633  621  604  578  547  531  519  466                                   
    10.0-180.0 180.0   5.0 450.0                            LAT/LON1/LON2/DLON/H
  479  462  441  427  405  384  353  324  292  262  233  205  178  156  139  128
  121  117  115  113  111  114  124  137  150  155  151  142  136  140  154  175
  201  229  257  285  310  332  355  378  405  433  463  492  520  546  572  595
  617  635  648  655  657  657  658  661  666  669  669  665  659  651  643  632
  619  605  589  568  544  516  505  502  479                                   
     7.5-180.0 180.0   5.0 450.0                            LAT/LON1/LON2/DLON/H
  479  458  442  435  423  410  385  361  331  303  275  245  216  188  165  148
  136  128  123  120  120  124  134  148  161  164  158  148  141  144  158  178
