data/edconvlstm_nd/pred3140.15i
     1.0            IONOSPHERE MAPS     GNSS                IONEX VERSION / TYPE
pyspatialgeodesy        IME             05-JAN-18 20:20     PGM / RUN BY / DATE 
Map Name                                                    COMMENT             
Predicted global ionosphere maps (GIM).                     DESCRIPTION         
  2015    11    10     0     0     0                        EPOCH OF FIRST MAP  
  2015    11    11     0     0     0                        EPOCH OF LAST MAP   
  7200                                                      INTERVAL            
    13                                                      # OF MAPS IN FILE   
  NONE                                                      MAPPING FUNCTION    
10.0                                                        ELEVATION CUTOFF    
One-way carrier phase leveled to code                       OBSERVABLES USED    
  6371.0                                                    BASE RADIUS         
 2                                                          MAP DIMENSION       
   450.0 450.0   0.0                                        HGT1 / HGT2 / DHGT  
    87.5 -87.5  -2.5                                        LAT1 / LAT2 / DLAT  
  -180.0 180.0   5.0                                        LON1 / LON2 / DLON  
    -1                                                      EXPONENT            
                                                            END OF HEADER       
[from data line 3432]
     9                                                      START OF TEC MAP    
  2015    11    10    16     0     0                        EPOCH OF CURRENT MAP
    87.5-180.0 180.0   5.0 450.0                            LAT/LON1/LON2/DLON/H
   65   74   74   77   81   80   81   77   78   81   82   83   85   86   87   88
   90   90   91   92   92   93   93   93   93   92   92   91   91   90   89   89
   88   87   86   85   84   83   82   81   80   79   79   78   78   78   78   78
   78   78   79   79   79   79   79   79   79   78   78   78   78   77   77   76
   76   76   72   68   71   70   85   86   65                                   
    85.0-180.0 180.0   5.0 450.0                            LAT/LON1/LON2/DLON/H
   69   73   87   71   73   76   76   78   78   82   82   85   86   88   90   91
   93   95   96   97   98   98   98   99   98   98   98   97   96   95   94   93
   91   90   88   87   85   84   83   81   80   79   78   78   77   77   77   77
   77   78   78   78   78   78   78   78   78   78   78   78   77   77   77   76
   76   74   69   65   67   68   76   74   69                                   
    82.5-180.0 180.0   5.0 450.0                            LAT/LON1/LON2/DLON/H
   55   58   67   57   62   64   66   68   70   73   75   78   80   83   85   88
   90   92   93   95   96   96   97   97   96   96   95   94   93   92   91   89
   87   86   84   82   79   77   75   73   72   70   69   68   68   67   68   68
   68   69   69   70   70   70   71   71   71   71   70   70   69   69   68   67
   67   65   60   56   60   67   64   61   55                                   
    80.0-180.0 180.0   5.0 450.0                            LAT/LON1/LON2/DLON/H
   34   38   49   43   47   46   50   52   55   59   61   65   68   72   75   79
   82   85   87   89   90   90   91   90   90   89   87   86   85   83   82   80
   78   76   73   71   68   66   63   61   59   58   56   56   56   56   57   58
   59   61   62   63   64   64   65   65   65   65   64   63   62   61   60   59
   58   56   53   51   49   54   50   53   34                                   
    77.5-180.0 180.0   5.0 450.0                            LAT/LON1/LON2/DLON/H
   39   36   36   31   34   34   37   39   43   46   49   54   58   63   67   71
   75   79   82   84   86   86   86   86   85   83   82   80   78   77   75   73
   71   69   67   64   61   58   54   52   49   47   46   46   47   48   50   52
   54   56   58   60   61   62   62   62   62   61   60   59   58   56   55   53
   51   48   45   43   40   39   39   43   39                                   
    75.0-180.0 180.0   5.0 450.0                            LAT/LON1/LON2/DLON/H
   26   27   27   26   29   29   32   33   37   41   44   49   54   59   64   70
   75   79   83   86   88   88   88   87   85   83   81   78   76   74   72   71
   69   66   64   61   57   54   50   47   45   43   42   43   44   46   49   53
   56   59   62   63   64   65   64   64   63   62   60   59   58   56   55   53
   51   49   47   42   41   36   34   30   26                                   
    72.5-180.0 180.0   5.0 450.0                            LAT/LON1/LON2/DLON/H
   35   34   31   32   32   33   35   36   38   40   43   47   51   57   63   68
   74   79   84   87   89   90   89   88   85   82   79   75   72   70   68   66
   65   63   60   57   54   50   46   43   40   39   38   39   41   45   49   53
   57   61   63   65   66   65   64   62   61   59   58   57   56   55   54   53
   51   49   47   42   40   36   35   36   35                                   
    70.0-180.0 180.0   5.0 450.0                            LAT/LON1/LON2/DLON/H
   39   38   38   39   40   40   41   42   44   46   48   52   56   61   67   73
   79   85   91   95   98   99   99   97   94   90   86   81   78   75   72   71
   69   67   65   61   58   53   49   45   42   40   40   42   45   49   53   58
   63   66   68   69   68   67   64   62   59   58   57   56   56   56   56   55
   54   53   53   48   47   43   45   44   39                                   
    67.5-180.0 180.0   5.0 450.0                            LAT/LON1/LON2/DLON/H
   47   47   45   47   49   50   51   52   52   53   54   57   60   65   70   77
   83   89   95  100  104  107  107  105  102   97   91   86   81   78   76   74
   73   71   68   65   61   56   51   47   44   42   41   43   46   50   55   60
   64   66   68   67   65   62   59   56   53   52   51   52   52   53   54   55
   55   54   53   49   47   45   44   44   47                                   
    65.0-180.0 180.0   5.0 450.0                            LAT/LON1/LON2/DLON/H
   48   48   46   51   53   56   57   58   59   60   60   62   65   69   74   81
   87   94  101  107  112  116  117  116  113  108  102   96   91   87   85   83
   82   80   77   72   67   62   56   51   47   44   43   44   46   50   54   58
   61   62   62   60   57   53   49   46   44   43   43   44   46   47   49   50
   51   51   51   49   48   48   48   48   48                                   
    62.5-180.0 180.0   5.0 450.0                            LAT/LON1/LON2/DLON/H
   46   46   44   50   53   56   58   60   61   62   63   66   69   73   78   84
   90   97  104  111  118  123  126  126  123  119  113  108  103   99   97   95
   93   91   87   81   75   68   61   55   50   46   44   44   45   47   49   52
   53   54   52   49   45   41   37   35   34   34   35   37   39   41   42   43
   44   44   45   43   43   43   44   44   46                                   
    60.0-180.0 180.0   5.0 450.0                            LAT/LON1/LON2/DLON/H
   38   39   37   42   44   47   50   54   57   60   62   66   70   74   79   85
   91   98  105  113  121  128  133  135  134  131  126  122  118  115  114  112
  110  106  100   92   84   75   66   59   53   48   44   42   42   42   43   43
   43   42   40   37   33   29   27   25   25   27   28   31   33   34   35   36
   36   35   36   34   36   37   38   39   38                                   
    57.5-180.0 180.0   5.0 450.0                            LAT/LON1/LON2/DLON/H
   29   31   29   33   35   37   41   45   50   55   60   65   71   76   82   87
   94  100  108  116  126  134  141  146  147  146  143  140  138  137  137  135
  132  126  118  109   98   87   77   68   60   54   49   45   42   40   39   38
   37   36   33   30   27   24   23   23   24   26   28   30   32   33   33   32
   32   30   31   30   31   32   33   35   29                                   
    55.0-180.0 180.0   5.0 450.0                            LAT/LON1/LON2/DLON/H
   24   26   23   27   27   28   31   36   42   49   56   63   71   78   85   91
   98  104  112  121  132  142  151  158  162  163  162  161  161  162  162  160
  156  149  138  126  113  100   88   78   70   62   56   50   46   42   39   37
   36   34   31   29   27   25   25   26   28   31   33   36   37   36   35   34
   32   30   30   29   31   31   31   34   24                                   
    52.5-180.0 180.0   5.0 450.0                            LAT/LON1/LON2/DLON/H
   24   27   23   25   24   23   25   30   36   44   53   63   72   81   90   97
  104  112  120  130  141  153  164  173  178  181  183  183  185  186  186  184
  179  169  156  142  127  113  101   91   81   73   66   59   53   49   45   42
   41   39   38   36   35   34   35   36   39   42   44   46   46   45   43   41
   38   36   36   35   36   36   36   38   24                                   
    50.0-180.0 180.0   5.0 450.0                            LAT/LON1/LON2/DLON/H
   33   34   29   30   26   25   26   29   36   44   54   65   76   86   96  106
  114  122  131  142  155  168  180  190  197  201  203  205  206  207  206  202
  195  183  169  154  139  125  113  103   93   85   78   71   64   59   55   53
   52   52   51   50   49   49   50   52   54   56   58   59   59   57   55   52
   49   47   48   47   48   47   46   48   33                                   
    47.5-180.0 180.0   5.0 450.0                            LAT/LON1/LON2/DLON/H
   47   47   42   42   37   35   34   36   42   51   60   71   83   94  106  116
  127  136  147  158  172  186  198  209  216  220  222  223  223  222  218  212
  202  189  174  159  145  133  122  113  104   97   89   82   76   72   69   67
   67   68   68   68   67   67   67   68   69   71   71   72   71   70   67   65
   62   62   63   63   64   63   62   62   47                                   
    45.0-180.0 180.0   5.0 450.0                            LAT/LON1/LON2/DLON/H
   65   64   60   60   55   53   50   52   56   64   74   84   95  106  118  130
  141  153  164  177  191  205  218  228  234  237  237  236  233  229  222  212
  200  187  173  160  148  138  129  120  113  105   98   92   87   83   81   81
   83   84   85   85   84   83   82   82   82   82   81   81   81   80   79   77
   75   75   77   79   80   80   79   77   65                                   
    42.5-180.0 180.0   5.0 450.0                            LAT/LON1/LON2/DLON/H
   81   80   78   78   74   73   71   72   77   85   93  102  112  122  133  146
  158  171  184  197  211  224  236  244  249  250  248  244  237  229  219  207
  194  182  171  161  152  143  135  127  119  112  104   98   94   91   90   91
   93   95   96   96   94   92   91   89   88   87   86   86   86   86   86   86
   85   85   88   90   91   92   92   90   81                                   
    40.0-180.0 180.0   5.0 450.0                            LAT/LON1/LON2/DLON/H
   89   89   89   91   91   91   90   94   99  108  117  125  132  141  151  163
  176  189  203  216  230  242  252  258  261  260  255  248  238  227  215  203
  191  182  174  168  161  154  145  136  126  117  109  102   97   95   95   96
   98  100  100   99   97   95   93   91   89   88   87   87   87   88   88   89
   89   90   92   94   95   96   96   96   89                                   
    37.5-180.0 180.0   5.0 450.0                            LAT/LON1/LON2/DLON/H
   86   88   89   95   98  100  104  110  119  131  140  148  155  162  172  183
  196  209  222  234  246  257  265  269  269  266  260  252  241  229  218  208
  201  196  193  189  183  175  164  150  137  124  114  105  100   97   96   97
   98   99   98   97   94   92   90   89   88   88   87   87   87   88   88   89
   88   89   90   91   91   91   91   93   86                                   
    35.0-180.0 180.0   5.0 450.0                            LAT/LON1/LON2/DLON/H
   75   78   80   87   93   98  107  118  132  148  160  170  177  184  193  204
  216  228  240  251  261  270  275  277  276  272  267  259  250  242  235  231
  231  233  233  231  223  210  193  174  155  138  124  113  105  101   98   97
   97   97   95   93   90   89   88   89   90   91   91   91   91   90   90   89
   87   86   86   84   82   80   80   84   75                                   
    32.5-180.0 180.0   5.0 450.0                            LAT/LON1/LON2/DLON/H
   59   62   64   71   79   86   99  116  136  157  174  187  196  205  215  226
  238  249  259  268  276  282  285  285  283  281  277  274  270  268  270  276
  284  293  297  293  281  260  235  209  183  161  143  129  119  112  107  104
  102  100   97   94   92   91   92   96   99  102  104  103  102   99   96   93
   89   87   85   80   75   70   68   74   59                                   
    30.0-180.0 180.0   5.0 450.0                            LAT/LON1/LON2/DLON/H
   46   48   47   53   60   67   84  105  131  158  180  198  212  224  237  249
  261  270  279  286  291  295  295  294  293  293  295  297  302  311  323  340
  358  373  378  371  352  322  288  253  221  195  173  156  143  134  127  122
  118  113  109  105  103  103  106  111  118  123  125  125  122  116  110  105
   98   94   90   82   75   66   62   67   46                                   
    27.5-180.0 180.0   5.0 450.0                            LAT/LON1/LON2/DLON/H
   40   40   36   39   44   50   68   91  121  152  180  203  222  240  257  272
  283  293  299  304  308  309  308  307  307  311  319  330  346  366  391  419
  447  466  472  459  430  390  346  304  268  238  214  195  180  169  160  153
  147  141  135  130  126  126  130  137  145  152  156  155  150  142  133  125
  116  110  103   93   83   71   62   65   40                                   
    25.0-180.0 180.0   5.0 450.0                            LAT/LON1/LON2/DLON/H
   44   42   34   34   36   40   58   81  112  146  177  205  229  253  274  292
  305  315  320  324  326  325  323  322  325  333  349  370  397  429  466  506
  541  564  566  545  506  455  404  357  319  287  262  242  227  215  205  197
  190  182  175  168  162  160  163  170  179  186  190  189  183  172  161  151
  140  134  124  113   99   84   70   68   44                                   
    22.5-180.0 180.0   5.0 450.0                            LAT/LON1/LON2/DLON/H
   59   53   42   39   38   41   58   79  109  143  175  206  235  263  289  310
  325  335  341  344  344  342  340  340  346  360  383  414  451  494  541  588
  627  649  646  616  568  510  455  407  369  339  314  294  279  267  257  250
  242  233  224  214  205  200  200  205  213  220  223  221  214  203  191  179
  168  161  149  138  121  101   83   75   59                                   
    20.0-180.0 180.0   5.0 450.0                            LAT/LON1/LON2/DLON/H
   80   71   58   52   49   52   68   87  115  147  179  211  243  274  302  326
  343  354  360  362  362  360  358  360  370  390  420  458  502  551  602  651
  690  708  698  662  608  549  494  449  414  385  362  343  329  318  309  302
  294  284  272  259  247  239  236  237  242  246  248  245  237  226  215  204
  193  186  172  163  143  120   99   85   80                                   
    17.5-180.0 180.0   5.0 450.0                            LAT/LON1/LON2/DLON/H
  101   89   77   70   67   70   86  103  129  159  189  221  254  287  317  342
  360  371  377  380  379  378  377  382  396  422  457  499  546  594  643  688
  721  732  718  679  626  570  520  481  449  423  401  382  368  358  351  344
  335  324  310  295  280  269  263  261  261  262  261  256  249  239  230  220
  210  204  189  181  160  135  112   97  101                                   
    15.0-180.0 180.0   5.0 450.0                            LAT/LON1/LON2/DLON/H
  118  104   94   87   85   92  109  126  150  177  206  238  271  304  334  359
  377  389  395  397  397  396  398  407  425  454  492  535  580  623  664  699
  722  727  710  673  626  578  536  503  474  449  426  406  392  382  375  369
  360  347  333  317  302  290  281  275  271  267  262  255  248  240  233  227
  218  213  197  188  167  143  120  107  118                                   
    12.5-180.0 180.0   5.0 450.0                            LAT/LON1/LON2/DLON/H
  124  112  106  100  100  112  131  150  174  201  229  260  292  324  354  378
  396  408  414  416  416  417  421  433  456  487  525  566  605  638  666  689
  703  702  685  654  616  579  547  519  493  466  440  418  401  390  383  376
  367  354  340  326  313  301  290  281  273  264  255  246  237  231  227  222
  216  211  195  185  165  143  121  112  124                                   
    10.0-180.0 180.0   5.0 450.0                            LAT/LON1/LON2/DLON/H
  121  110  109  106  110  126  150  172  198  225  253  284  316  347  376  399
  417  429  435  437  438  440  447  463  487  519  556  591  621  642  657  668
  674  670  656  634  608  583  560  536  510  479  448  421  401  388  379  371
  361  349  337  325  314  303  293  282  270  258  244  232  222  216  214  211
  206  200  185  173  154  136  116  112  121                                   
     7.5-180.0 180.0   5.0 450.0                            LAT/LON1/LON2/DLON/H
  110  102  104  104  112  133  162  188  217  247  276  307  339  369  397  420
  438  451  458  461  462  466  476  495  520  551  583  611  631  641  645  647
