data/edconvlstm_nd/pred0760.15i
     1.0            IONOSPHERE MAPS     GNSS                IONEX VERSION / TYPE
pyspatialgeodesy        IME             05-JAN-18 20:20     PGM / RUN BY / DATE 
Map Name                                                    COMMENT             
Predicted global ionosphere maps (GIM).                     DESCRIPTION         
  2015     3    17     0     0     0                        EPOCH OF FIRST MAP  
  2015     3    18     0     0     0                        EPOCH OF LAST MAP   
  7200                                                      INTERVAL            
    13                                                      # OF MAPS IN FILE   
  NONE                                                      MAPPING FUNCTION    
10.0                                                        ELEVATION CUTOFF    
One-way carrier phase leveled to code                       OBSERVABLES USED    
  6371.0                                                    BASE RADIUS         
 2                                                          MAP DIMENSION       
   450.0 450.0   0.0                                        HGT1 / HGT2 / DHGT  
    87.5 -87.5  -2.5                                        LAT1 / LAT2 / DLAT  
  -180.0 180.0   5.0                                        LON1 / LON2 / DLON  
    -1                                                      EXPONENT            
                                                            END OF HEADER       
[from data line 429]
     2                                                      START OF TEC MAP    
  2015     3    17     2     0     0                        EPOCH OF CURRENT MAP
    87.5-180.0 180.0   5.0 450.0                            LAT/LON1/LON2/DLON/H
  156  161  163  162  159  156  151  148  148  147  145  144  142  141  139  137
  135  133  131  129  127  126  124  122  121  120  119  118  117  117  117  117
  117  118  118  119  121  122  123  125  127  129  131  133  135  137  140  142
  144  147  149  151  153  155  156  157  158  159  159  160  160  159  159  160
  160  162  160  159  159  159  159  160  156                                   
    85.0-180.0 180.0   5.0 450.0                            LAT/LON1/LON2/DLON/H
  164  170  158  164  165  161  158  156  155  154  152  151  149  147  145  143
  140  138  135  133  130  128  125  123  120  118  117  115  114  113  112  112
  112  113  114  115  117  119  121  124  127  130  133  136  139  143  146  150
  153  157  160  163  166  168  170  172  173  175  175  176  175  175  174  174
  175  176  173  174  166  165  164  163  164                                   
    82.5-180.0 180.0   5.0 450.0                            LAT/LON1/LON2/DLON/H
  169  169  170  168  166  163  161  160  160  159  157  156  154  152  150  147
  144  141  137  133  130  126  122  118  115  111  108  105  103  101  100  100
  100  100  102  103  105  108  111  115  118  122  127  131  136  140  145  150
  155  159  164  168  172  176  179  182  184  186  187  188  188  188  188  188
  187  186  183  181  181  171  169  164  169                                   
    80.0-180.0 180.0   5.0 450.0                            LAT/LON1/LON2/DLON/H
  174  175  168  167  166  165  166  167  168  167  166  165  163  161  157  154
  149  145  140  135  130  124  119  114  109  104   99   96   93   90   89   88
   88   89   90   93   95   98  102  105  109  113  118  122  127  132  137  142
  148  153  159  164  169  174  178  182  185  188  190  192  193  193  194  195
  194  191  187  185  190  182  185  173  174                                   
    77.5-180.0 180.0   5.0 450.0                            LAT/LON1/LON2/DLON/H
  184  180  174  176  172  171  175  177  178  178  177  176  174  171  167  162
  156  150  144  137  131  125  118  112  106  101   96   91   88   85   84   83
   84   85   87   89   92   95   98  101  105  108  112  115  119  123  127  132
  137  142  148  154  160  165  171  176  181  185  189  192  194  196  198  200
  200  199  194  195  199  194  195  188  184                                   
    75.0-180.0 180.0   5.0 450.0                            LAT/LON1/LON2/DLON/H
  196  194  186  187  183  183  185  187  189  189  187  186  183  178  173  166
  159  151  144  137  130  123  117  110  104   98   93   89   85   82   81   80
   81   82   84   86   89   91   93   95   97   99  101  103  105  108  111  114
  118  123  129  135  142  149  156  163  169  175  181  186  190  193  197  201
  202  204  203  199  203  204  206  203  196                                   
    72.5-180.0 180.0   5.0 450.0                            LAT/LON1/LON2/DLON/H
  205  208  202  200  197  196  198  199  201  201  199  197  192  185  177  168
  159  150  142  134  128  122  116  111  105  100   95   90   87   84   83   83
   83   85   86   88   89   91   92   93   93   94   94   94   95   96   98  100
  104  109  114  121  129  137  145  154  162  170  176  183  188  193  198  204
  207  210  213  212  216  215  218  217  205                                   
    70.0-180.0 180.0   5.0 450.0                            LAT/LON1/LON2/DLON/H
  223  224  218  214  210  208  208  208  210  209  206  202  195  186  174  163
  151  141  133  126  121  116  112  108  104   99   94   90   86   84   82   82
   83   83   84   85   86   86   86   86   85   85   84   84   84   84   85   87
   90   95  101  108  117  127  137  147  157  167  175  183  190  195  201  208
  213  217  222  224  230  231  236  234  223                                   
    67.5-180.0 180.0   5.0 450.0                            LAT/LON1/LON2/DLON/H
  234  238  231  225  218  215  213  213  214  212  209  204  195  183  169  155
  141  130  122  117  113  110  108  104  101   96   91   87   83   80   78   78
   77   77   77   77   76   75   74   73   72   72   72   72   71   72   73   75
   78   83   90   98  108  119  131  144  156  167  177  186  194  200  206  213
  218  223  229  231  239  242  247  248  234                                   
    65.0-180.0 180.0   5.0 450.0                            LAT/LON1/LON2/DLON/H
  244  248  240  232  223  218  214  213  214  212  208  202  192  178  163  148
  134  123  115  111  108  107  105  102   98   94   88   83   79   76   74   73
   71   70   69   67   65   63   62   61   61   62   63   64   64   65   67   69
   73   78   86   95  107  119  133  147  160  173  185  195  204  210  216  222
  227  231  237  239  247  250  257  260  244                                   
    62.5-180.0 180.0   5.0 450.0                            LAT/LON1/LON2/DLON/H
  252  255  247  237  227  218  213  210  210  207  203  197  187  174  159  144
  131  121  114  111  109  107  105  102   97   91   85   80   76   73   70   68
   66   64   61   58   56   54   53   53   54   56   59   61   63   65   67   70
   75   81   89  100  112  126  141  156  171  185  198  209  218  225  231  237
  240  242  247  248  253  257  264  268  252                                   
    60.0-180.0 180.0   5.0 450.0                            LAT/LON1/LON2/DLON/H
  259  261  252  240  228  216  208  204  202  199  195  189  181  169  157  144
  133  124  118  115  112  109  106  100   94   87   81   76   73   70   68   66
   63   60   57   53   51   49   49   50   53   56   60   64   67   70   72   76
   81   88   97  108  122  136  152  167  183  198  212  224  234  242  248  253
  254  255  257  257  260  262  269  273  259                                   
    57.5-180.0 180.0   5.0 450.0                            LAT/LON1/LON2/DLON/H
  270  270  260  246  233  218  206  199  195  190  184  179  172  164  155  146
  138  131  125  121  117  112  106   99   91   84   79   75   73   71   70   68
   65   61   58   54   52   51   52   54   58   62   67   71   75   78   80   84
   90   97  108  120  134  149  164  180  196  211  226  239  250  259  265  270
  271  270  271  269  270  269  276  279  270                                   
    55.0-180.0 180.0   5.0 450.0                            LAT/LON1/LON2/DLON/H
  285  284  272  256  243  226  211  199  191  182  175  169  163  158  153  148
  142  137  131  125  119  112  105   97   89   84   80   78   77   77   76   74
   71   68   64   61   60   60   61   64   68   73   77   81   84   87   89   93
   99  108  119  132  146  160  176  191  207  222  237  251  263  273  280  286
  287  286  286  283  282  279  285  288  285                                   
    52.5-180.0 180.0   5.0 450.0                            LAT/LON1/LON2/DLON/H
  306  303  290  274  261  242  224  208  194  181  169  161  156  152  150  148
  145  139  133  125  118  110  103   96   91   87   86   86   88   88   88   85
   82   78   75   73   73   74   76   79   82   86   89   92   94   95   97  101
  108  117  129  142  156  171  185  200  215  229  244  258  270  282  291  298
  301  301  302  297  296  291  297  300  306                                   
    50.0-180.0 180.0   5.0 450.0                            LAT/LON1/LON2/DLON/H
  329  325  311  297  285  266  246  225  206  186  170  158  151  148  147  146
  143  137  130  121  114  108  103  100   97   96   97   99  102  103  101   98
   94   90   87   87   89   91   93   96   98   99  101  102  103  103  104  108
  115  125  138  152  166  179  193  207  221  234  248  260  273  285  296  305
  310  312  314  310  309  306  311  316  329                                   
    47.5-180.0 180.0   5.0 450.0                            LAT/LON1/LON2/DLON/H
  349  346  333  322  311  294  273  249  225  200  178  162  152  147  146  144
  140  132  123  116  111  108  108  108  109  110  113  115  117  116  113  107
  102   98   97   99  102  106  110  111  112  112  112  112  111  110  111  114
  121  133  146  160  174  187  199  212  225  237  249  260  272  283  295  305
  312  317  320  318  319  318  326  333  349                                   
    45.0-180.0 180.0   5.0 450.0                            LAT/LON1/LON2/DLON/H
  361  359  349  342  333  319  299  276  249  220  193  172  158  151  147  143
  136  127  118  112  111  114  118  122  125  128  130  131  129  124  117  110
  104  101  101  105  111  118  122  123  123  122  121  120  118  117  117  120
  128  140  154  167  180  193  205  217  229  241  251  260  270  280  291  302
  309  316  321  321  325  327  337  347  361                                   
    42.5-180.0 180.0   5.0 450.0                            LAT/LON1/LON2/DLON/H
  364  362  356  351  345  334  318  298  272  242  212  188  171  161  154  146
  136  126  118  115  119  126  134  141  145  146  145  141  134  124  114  105
   99   98  101  108  116  124  130  132  131  130  128  127  125  124  124  127
  135  147  160  174  186  197  209  222  235  246  255  263  271  280  290  300
  308  315  321  324  329  334  344  355  364                                   
    40.0-180.0 180.0   5.0 450.0                            LAT/LON1/LON2/DLON/H
  359  356  352  349  345  336  325  310  289  261  232  208  189  176  166  155
  143  132  126  127  135  146  156  162  164  161  154  145  132  118  106   98
   94   96  101  110  120  129  135  138  137  136  135  134  133  132  131  134
  141  153  166  178  189  200  213  227  241  253  263  270  278  286  295  304
  312  318  324  329  334  340  351  360  359                                   
    37.5-180.0 180.0   5.0 450.0                            LAT/LON1/LON2/DLON/H
  352  349  343  338  335  328  320  310  295  273  248  227  209  195  183  170
  156  146  142  147  157  170  179  182  179  170  158  144  128  113  102   96
   96  100  108  116  126  134  141  143  144  143  142  142  142  141  139  141
  147  157  169  180  190  201  214  231  248  262  273  282  290  299  309  318
  324  330  336  340  345  351  361  367  352                                   
    35.0-180.0 180.0   5.0 450.0                            LAT/LON1/LON2/DLON/H
  352  348  338  328  324  316  309  304  294  278  260  242  227  214  201  188
  175  167  165  172  183  194  199  196  187  174  160  144  129  115  107  105
  109  116  123  131  137  144  149  151  151  151  151  151  151  149  146  146
  150  159  169  178  188  200  215  234  255  272  287  298  309  320  332  343
  349  353  358  361  364  371  380  381  352                                   
    32.5-180.0 180.0   5.0 450.0                            LAT/LON1/LON2/DLON/H
  368  364  349  332  324  313  304  299  292  281  267  255  243  232  219  206
  195  189  190  197  206  211  209  201  189  176  164  152  140  131  127  130
  137  145  151  154  156  158  160  161  161  159  159  159  158  154  150  148
  150  157  166  175  186  199  217  239  262  284  302  318  333  350  367  380
  387  390  395  395  396  402  409  407  368                                   
    30.0-180.0 180.0   5.0 450.0                            LAT/LON1/LON2/DLON/H
  404  401  382  358  345  330  315  306  298  287  276  266  256  246  234  222
  213  209  210  214  217  215  208  197  187  180  175  172  168  165  167  174
  183  191  192  188  182  177  175  172  170  167  165  163  161  156  150  147
  147  153  163  174  186  202  222  247  274  299  321  342  364  388  412  431
  442  447  450  446  444  446  450  447  404                                   
    27.5-180.0 180.0   5.0 450.0                            LAT/LON1/LON2/DLON/H
  462  463  439  410  393  373  351  335  320  305  292  280  270  259  246  233
  224  220  219  217  212  205  195  189  188  192  199  207  213  219  227  239
  249  251  243  228  211  197  189  182  177  171  167  163  160  154  147  143
  143  150  161  175  191  210  233  261  291  319  344  369  397  429  461  487
  504  514  518  511  507  506  506  503  462                                   
    25.0-180.0 180.0   5.0 450.0                            LAT/LON1/LON2/DLON/H
  538  544  520  489  468  444  414  387  363  341  320  304  288  273  256  241
  229  221  214  205  194  184  180  184  196  215  237  258  276  291  305  317
  321  314  293  264  235  213  198  187  178  169  163  158  153  148  141  138
  140  149  163  181  201  224  252  283  316  346  373  400  432  468  504  536
  559  575  583  578  575  575  575  573  538                                   
    22.5-180.0 180.0   5.0 450.0                            LAT/LON1/LON2/DLON/H
  624  636  617  588  564  539  500  462  427  394  365  339  316  292  269  247
  230  217  203  187  173  167  173  191  218  252  288  320  347  367  381  387
  382  362  329  288  250  220  200  185  173  162  153  148  144  140  135  134
  139  151  169  191  217  245  278  314  350  382  409  437  468  504  541  574
  602  623  635  636  635  642  651  652  624                                   
    20.0-180.0 180.0   5.0 450.0                            LAT/LON1/LON2/DLON/H
  707  722  712  691  667  642  599  552  506  463  423  388  354  321  289  260
  237  217  197  178  166  168  185  217  258  303  346  382  409  426  432  430
  416  387  345  296  252  218  194  177  162  150  141  137  134  132  130  132
  140  156  179  207  238  272  310  350  389  422  449  475  503  535  569  601
  630  655  672  679  681  695  717  723  707                                   
    17.5-180.0 180.0   5.0 450.0                            LAT/LON1/LON2/DLON/H
  775  788  789  778  757  736  694  643  591  540  491  446  403  361  319  284
  255  231  209  191  184  194  223  266  314  361  400  429  446  451  448  439
  419  385  338  286  241  207  183  165  150  138  131  128  128  128  128  132
  143  163  190  223  259  299  341  384  424  457  484  508  533  560  590  618
  646  672  692  706  711  729  760  774  775                                   
    15.0-180.0 180.0   5.0 450.0                            LAT/LON1/LON2/DLON/H
  817  824  837  837  822  807  770  722  668  613  559  509  459  409  362  322
  290  266  246  232  232  250  287  334  379  415  439  450  449  441  429  414
  390  354  308  260  221  192  172  156  142  132  127  126  127  128  130  135
  148  171  201  237  277  320  365  410  449  481  507  530  553  578  603  627
  653  677  700  719  726  745  778  800  817                                   
    12.5-180.0 180.0   5.0 450.0                            LAT/LON1/LON2/DLON/H
  834  836  858  866  859  850  820  778  728  674  620  568  517  465  415  373
  342  321  307  300  307  331  369  410  440  454  453  441  421  401  383  364
  340  305  265  228  199  180  166  154  142  134  130  131  133  134  135  140
  153  177  208  246  288  333  379  422  459  490  516  539  562  585  608  630
  653  677  701  724  732  748  778  806  834                                   
    10.0-180.0 180.0   5.0 450.0                            LAT/LON1/LON2/DLON/H
  835  834  861  875  875  871  847  810  766  718  668  620  571  520  472  433
  407  392  385  386  399  424  454  478  485  472  443  408  373  346  326  308
  285  256  227  204  188  179  170  161  150  143  140  141  142  142  141  145
  157  179  211  249  291  336  381  422  457  486  511  535  559  583  606  627
  650  673  699  724  733  745  771  803  835                                   
     7.5-180.0 180.0   5.0 450.0                            LAT/LON1/LON2/DLON/H
  832  831  860  878  881  879  858  826  787  745  702  660  616  571  528  494
  474  467  468  476  490  509  524  525  504  463  410  358  318  292  277  263
