data/edconvlstm_nd/pred2850.15i
     1.0            IONOSPHERE MAPS     GNSS                IONEX VERSION / TYPE
pyspatialgeodesy        IME             05-JAN-18 20:20     PGM / RUN BY / DATE 
Map Name                                                    COMMENT             
Predicted global ionosphere maps (GIM).                     DESCRIPTION         
  2015    10    12     0     0     0                        EPOCH OF FIRST MAP  
  2015    10    13     0     0     0                        EPOCH OF LAST MAP   
  7200                                                      INTERVAL            
    13                                                      # OF MAPS IN FILE   
  NONE                                                      MAPPING FUNCTION    
10.0                                                        ELEVATION CUTOFF    
One-way carrier phase leveled to code                       OBSERVABLES USED    
  6371.0                                                    BASE RADIUS         
 2                                                          MAP DIMENSION       
   450.0 450.0   0.0                                        HGT1 / HGT2 / DHGT  
    87.5 -87.5  -2.5                                        LAT1 / LAT2 / DLAT  
  -180.0 180.0   5.0                                        LON1 / LON2 / DLON  
    -1                                                      EXPONENT            
                                                            END OF HEADER       
[from data line 858]
     3                                                      START OF TEC MAP    
  2015    10    12     4     0     0                        EPOCH OF CURRENT MAP
    87.5-180.0 180.0   5.0 450.0                            LAT/LON1/LON2/DLON/H
   48   58   53   55   55   56   54   51   51   52   52   53   53   53   53   53
   53   52   51   51   50   49   48   47   47   46   45   44   44   43   42   42
   42   41   41   41   41   41   41   41   42   42   43   43   44   44   45   46
   46   47   47   48   48   49   49   49   49   49   49   49   49   49   48   49
   50   50   49   49   53   67   72   61   48                                   
    85.0-180.0 180.0   5.0 450.0                            LAT/LON1/LON2/DLON/H
   42   63   54   56   58   60   59   58   58   59   59   60   60   60   60   59
   59   58   57   55   54   53   52   51   50   49   48   47   46   46   45   45
   45   45   45   46   47   47   48   49   50   51   52   53   54   55   56   57
   58   59   60   61   61   62   62   62   62   62   62   62   62   61   60   60
   61   61   59   61   66   66   77   65   42                                   
    82.5-180.0 180.0   5.0 450.0                            LAT/LON1/LON2/DLON/H
   48   52   64   57   56   59   58   58   59   60   61   62   63   63   63   62
   61   59   58   56   54   52   50   48   46   45   43   42   41   40   40   39
   39   40   41   41   43   44   45   47   49   50   52   54   56   57   59   61
   62   64   65   66   67   68   69   69   69   69   69   69   68   67   66   66
   65   65   63   61   73   62   64   60   48                                   
    80.0-180.0 180.0   5.0 450.0                            LAT/LON1/LON2/DLON/H
   63   61   64   52   55   53   55   55   57   58   58   60   61   61   61   60
   59   57   55   53   50   48   46   43   41   39   37   36   35   34   34   34
   35   36   37   39   40   42   44   47   49   51   53   56   58   60   62   64
   66   68   70   72   73   74   75   76   77   77   77   76   76   75   74   73
   73   71   71   69   79   70   68   65   63                                   
    77.5-180.0 180.0   5.0 450.0                            LAT/LON1/LON2/DLON/H
   72   66   60   50   47   47   49   50   52   53   54   57   58   59   60   59
   58   56   53   51   47   44   41   38   35   32   30   29   27   27   27   27
   29   30   32   34   36   38   41   43   46   48   51   54   56   59   61   64
   66   68   71   73   75   77   78   80   80   81   81   81   81   81   80   80
   78   78   76   77   78   65   64   63   72                                   
    75.0-180.0 180.0   5.0 450.0                            LAT/LON1/LON2/DLON/H
   69   66   60   50   44   45   45   45   47   48   49   52   54   55   56   55
   54   52   50   47   43   40   36   33   30   28   26   25   24   24   25   25
   27   28   30   32   34   36   38   40   43   45   47   50   52   55   57   60
   62   65   67   70   72   75   77   79   80   81   82   82   83   83   83   83
   82   82   83   80   83   72   69   68   69                                   
    72.5-180.0 180.0   5.0 450.0                            LAT/LON1/LON2/DLON/H
   75   70   64   52   46   46   46   45   46   46   47   50   52   53   54   54
   53   51   49   46   43   39   36   33   30   28   27   26   26   26   27   29
   30   32   33   35   36   38   39   41   43   45   47   50   52   55   57   60
   63   65   68   71   74   77   80   82   84   85   86   86   86   87   87   88
   89   90   93   93   94   84   80   77   75                                   
    70.0-180.0 180.0   5.0 450.0                            LAT/LON1/LON2/DLON/H
   85   78   73   60   51   48   46   45   45   45   45   47   48   50   50   50
   49   48   46   44   42   39   36   34   32   31   30   30   30   31   33   34
   36   37   38   38   39   39   40   41   42   44   46   49   51   54   57   59
   62   65   68   72   75   79   82   85   87   88   89   88   88   88   88   89
   91   93   98   99  102   94   92   87   85                                   
    67.5-180.0 180.0   5.0 450.0                            LAT/LON1/LON2/DLON/H
   89   83   77   62   52   48   45   43   41   40   40   41   42   42   42   42
   42   42   41   40   38   36   35   33   32   31   31   31   32   33   35   36
   37   37   37   36   36   35   35   35   36   38   40   43   46   49   52   55
   58   61   64   68   72   77   81   84   86   87   87   86   85   83   83   84
   86   88   94   97  102   97   96   91   89                                   
    65.0-180.0 180.0   5.0 450.0                            LAT/LON1/LON2/DLON/H
   93   87   80   66   55   50   46   43   41   39   38   38   38   38   38   38
   38   38   38   38   37   36   35   34   34   33   33   34   35   36   36   37
   37   36   35   34   33   32   31   31   32   33   36   39   43   46   50   53
   56   60   63   68   73   78   82   86   89   90   89   87   85   83   81   81
   82   84   90   94  100   98   97   95   93                                   
    62.5-180.0 180.0   5.0 450.0                            LAT/LON1/LON2/DLON/H
   94   90   83   69   58   52   48   45   42   40   38   38   36   36   35   35
   36   37   38   38   38   38   37   36   36   35   35   36   36   37   37   37
   36   35   33   31   30   28   27   27   28   31   34   38   42   46   50   54
   58   61   65   70   76   81   87   91   94   96   95   93   90   87   84   83
   82   83   88   91   97   96   96   95   94                                   
    60.0-180.0 180.0   5.0 450.0                            LAT/LON1/LON2/DLON/H
   95   91   85   70   60   54   49   46   43   40   37   37   35   34   34   34
   35   36   37   38   38   38   37   36   35   34   34   34   34   34   34   33
   32   30   29   27   25   24   23   23   25   27   31   36   41   46   50   55
   58   62   67   72   78   85   91   96  100  102  102  100   97   94   91   88
   86   85   89   90   95   93   93   92   95                                   
    57.5-180.0 180.0   5.0 450.0                            LAT/LON1/LON2/DLON/H
   97   92   87   73   64   57   52   48   45   41   38   37   35   34   34   34
   35   37   37   38   38   37   35   34   33   32   31   31   31   30   30   28
   27   26   25   24   23   22   21   22   23   26   31   36   42   47   53   57
   62   66   71   77   83   90   97  103  107  110  111  111  109  107  104  101
   97   94   96   95   98   94   93   91   97                                   
    55.0-180.0 180.0   5.0 450.0                            LAT/LON1/LON2/DLON/H
  100   96   91   78   69   62   56   51   47   42   39   37   35   35   35   35
   36   37   37   37   35   34   32   30   29   28   28   27   27   27   26   25
   23   23   22   22   22   22   22   22   24   28   32   38   44   50   56   61
   66   71   77   83   89   96  103  110  115  119  122  123  123  122  120  118
  114  108  108  105  106   98   96   93  100                                   
    52.5-180.0 180.0   5.0 450.0                            LAT/LON1/LON2/DLON/H
  107  102   97   85   77   69   63   56   50   45   40   38   36   35   36   37
   37   37   36   35   33   30   29   27   26   25   25   25   25   25   24   23
   23   23   23   24   25   25   25   26   28   31   36   42   49   55   61   67
   72   78   84   91   97  104  111  117  123  127  131  135  137  138  138  137
  132  126  124  119  117  107  104  100  107                                   
    50.0-180.0 180.0   5.0 450.0                            LAT/LON1/LON2/DLON/H
  116  112  107   96   88   81   74   64   56   48   42   39   37   37   37   38
   38   37   35   33   30   28   27   26   26   26   26   26   26   26   25   25
   25   26   27   29   30   31   32   32   34   38   43   49   55   62   68   74
   81   87   94  100  107  113  119  125  130  135  140  145  149  152  153  153
  149  144  140  134  130  119  116  110  116                                   
    47.5-180.0 180.0   5.0 450.0                            LAT/LON1/LON2/DLON/H
  127  123  117  109  101   94   86   75   65   54   46   42   39   38   39   39
   38   37   34   31   29   28   28   28   29   29   30   30   30   30   30   29
   30   31   33   36   38   39   40   40   42   46   52   58   64   70   77   83
   91   98  105  112  118  123  128  133  137  142  147  152  156  160  162  163
  160  155  152  145  142  130  128  122  127                                   
    45.0-180.0 180.0   5.0 450.0                            LAT/LON1/LON2/DLON/H
  135  133  126  121  113  107   99   87   75   62   52   46   42   41   41   40
   39   37   34   32   31   31   33   34   36   36   36   36   36   36   35   35
   36   38   41   44   47   48   48   49   51   55   61   68   74   80   87   94
  102  109  117  123  129  134  138  141  145  148  152  156  160  163  164  165
  163  159  156  150  148  138  137  132  135                                   
    42.5-180.0 180.0   5.0 450.0                            LAT/LON1/LON2/DLON/H
  140  139  132  129  122  117  110   98   85   71   60   53   48   45   44   42
   41   39   37   36   37   39   41   44   45   45   44   42   41   41   40   40
   41   43   47   51   54   55   56   57   60   65   72   78   85   91   97  104
  113  121  129  135  140  144  148  151  153  156  159  161  163  164  163  162
  159  155  153  149  149  141  141  137  140                                   
    40.0-180.0 180.0   5.0 450.0                            LAT/LON1/LON2/DLON/H
  142  140  133  131  126  122  116  105   93   80   68   61   55   52   49   47
   45   44   44   45   47   50   53   54   54   52   49   47   45   43   43   43
   44   47   51   55   58   60   61   63   67   73   81   89   95  101  107  115
  123  132  139  146  151  156  159  163  165  167  169  170  169  167  164  160
  155  150  148  145  146  139  139  137  142                                   
    37.5-180.0 180.0   5.0 450.0                            LAT/LON1/LON2/DLON/H
  141  138  131  128  125  122  116  107   97   86   76   69   64   60   57   54
   53   53   55   58   61   64   65   64   61   57   52   48   45   44   44   44
   46   48   52   57   60   62   64   67   72   80   90   98  105  111  117  124
  133  141  149  156  162  168  173  178  181  184  185  185  183  179  172  166
  158  150  147  144  144  137  137  134  141                                   
    35.0-180.0 180.0   5.0 450.0                            LAT/LON1/LON2/DLON/H
  142  136  127  122  120  117  112  105   98   88   81   77   72   69   65   64
   63   66   69   73   76   77   76   71   65   59   53   48   45   44   44   45
   46   49   53   57   60   63   65   69   76   85   96  106  113  119  125  133
  141  150  158  166  174  182  190  197  202  207  209  210  208  202  194  185
  174  163  157  152  150  141  140  135  142                                   
    32.5-180.0 180.0   5.0 450.0                            LAT/LON1/LON2/DLON/H
  149  139  127  118  115  111  106  100   94   87   83   81   78   76   73   73
   74   79   84   88   89   87   82   74   66   59   52   48   46   45   45   47
   48   50   53   57   60   63   65   70   78   89  101  112  120  126  133  140
  149  158  167  177  188  199  210  220  228  235  240  243  242  238  230  220
  207  192  183  173  169  155  153  144  149                                   
    30.0-180.0 180.0   5.0 450.0                            LAT/LON1/LON2/DLON/H
  166  151  135  122  116  108  101   94   89   84   81   81   81   80   79   79
   83   89   95   98   97   91   82   73   65   58   54   51   50   50   51   52
   53   54   56   58   60   63   65   71   79   91  104  116  125  132  139  147
  157  166  177  189  203  218  233  246  256  266  273  279  282  282  277  268
  254  237  224  210  201  183  179  166  166                                   
    27.5-180.0 180.0   5.0 450.0                            LAT/LON1/LON2/DLON/H
  195  176  155  138  127  114  102   92   85   80   78   79   80   80   80   82
   86   93   99  100   95   87   77   69   64   61   60   60   60   60   60   60
   60   60   61   61   62   63   66   71   80   92  105  118  128  137  145  154
  165  176  189  204  222  240  257  272  285  297  307  317  324  328  327  322
  310  293  277  257  245  222  217  199  195                                   
    25.0-180.0 180.0   5.0 450.0                            LAT/LON1/LON2/DLON/H
  236  214  189  167  151  131  114   98   88   80   76   76   77   77   77   79
   84   89   93   92   86   77   70   65   65   68   72   75   75   75   74   73
   71   69   67   66   65   65   67   71   80   92  105  119  130  141  151  162
  174  188  203  221  242  263  283  299  313  326  338  350  361  370  376  376
  366  351  334  311  296  270  263  242  236                                   
    22.5-180.0 180.0   5.0 450.0                            LAT/LON1/LON2/DLON/H
  284  262  232  208  187  161  138  116  100   87   80   77   75   74   72   73
   76   79   80   77   72   66   63   66   73   82   90   95   96   94   91   87
   84   79   75   72   69   68   68   72   79   91  105  119  132  144  157  170
  185  201  219  240  264  288  309  325  339  351  364  377  391  405  416  423
  419  407  391  365  346  320  310  289  284                                   
    20.0-180.0 180.0   5.0 450.0                            LAT/LON1/LON2/DLON/H
  332  314  282  256  231  202  174  145  122  104   92   85   79   74   70   68
   67   67   65   62   58   58   62   72   86  101  112  118  118  114  108  101
   95   89   83   78   73   71   70   73   79   90  104  119  134  148  162  178
  196  215  236  260  286  311  332  348  360  370  381  394  410  428  445  457
  459  453  438  412  391  367  355  334  332                                   
    17.5-180.0 180.0   5.0 450.0                            LAT/LON1/LON2/DLON/H
  374  360  330  306  279  248  217  183  155  132  115  103   92   83   74   68
   62   58   54   51   51   56   67   84  104  122  135  140  138  131  122  113
  104   96   89   83   78   74   73   74   79   89  103  119  135  150  167  185
  205  228  252  279  306  332  352  366  374  381  390  402  418  437  458  475
  482  481  470  447  424  403  391  372  374                                   
    15.0-180.0 180.0   5.0 450.0                            LAT/LON1/LON2/DLON/H
  403  393  368  347  323  293  262  227  196  169  147  131  115  101   88   76
   66   58   52   50   53   64   81  103  126  145  156  159  153  143  131  120
  110  101   94   87   82   78   75   75   79   89  103  119  135  152  170  190
  213  238  265  293  321  346  365  375  381  385  391  401  415  435  456  476
  487  490  484  465  443  426  416  397  403                                   
    12.5-180.0 180.0   5.0 450.0                            LAT/LON1/LON2/DLON/H
  418  410  391  375  356  331  303  270  239  210  187  167  148  130  112   95
   81   70   63   62   68   83  105  128  150  165  173  172  163  150  136  123
  113  104   97   91   86   82   78   77   80   89  102  118  135  152  171  193
  218  245  274  303  330  353  370  378  382  384  387  395  407  425  446  465
  478  485  483  469  450  438  430  412  418                                   
    10.0-180.0 180.0   5.0 450.0                            LAT/LON1/LON2/DLON/H
  423  415  400  388  376  357  335  306  278  251  228  208  187  166  146  126
  109   95   87   87   97  114  136  157  174  183  185  179  167  153  138  124
  114  106  100   96   91   86   82   79   81   89  102  117  134  151  170  192
  219  248  277  305  331  353  368  376  378  380  382  389  400  416  434  452
  465  473  474  466  451  443  437  421  423                                   
     7.5-180.0 180.0   5.0 450.0                            LAT/LON1/LON2/DLON/H
  425  416  403  391  385  372  355  333  310  287  266  248  228  207  186  165
  147  132  125  126  136  153  172  187  196  197  191  181  168  153  138  125
