data/edconvlstm_nd/pred1290.15i
     1.0            IONOSPHERE MAPS     GNSS                IONEX VERSION / TYPE
pyspatialgeodesy        IME             05-JAN-18 20:20     PGM / RUN BY / DATE 
Map Name                                                    COMMENT             
Predicted global ionosphere maps (GIM).                     DESCRIPTION         
  2015     5     9     0     0     0                        EPOCH OF FIRST MAP  
  2015     5    10     0     0     0                        EPOCH OF LAST MAP   
  7200                                                      INTERVAL            
    13                                                      # OF MAPS IN FILE   
  NONE                                                      MAPPING FUNCTION    
10.0                                                        ELEVATION CUTOFF    
One-way carrier phase leveled to code                       OBSERVABLES USED    
  6371.0                                                    BASE RADIUS         
 2                                                          MAP DIMENSION       
   450.0 450.0   0.0                                        HGT1 / HGT2 / DHGT  
    87.5 -87.5  -2.5                                        LAT1 / LAT2 / DLAT  
  -180.0 180.0   5.0                                        LON1 / LON2 / DLON  
    -1                                                      EXPONENT            
                                                            END OF HEADER       
[from data line 4719]
    12                                                      START OF TEC MAP    
  2015     5     9    22     0     0                        EPOCH OF CURRENT MAP
    87.5-180.0 180.0   5.0 450.0                            LAT/LON1/LON2/DLON/H
  189  173  156  164  163  163  164  163  163  164  164  165  165  166  166  166
  166  166  166  166  165  165  164  163  163  162  161  161  160  160  159  159
  158  158  158  157  157  157  156  156  156  155  155  155  155  154  154  154
  154  154  154  154  154  154  154  154  154  154  154  154  154  155  155  155
  154  155  154  156  167  169  171  180  189                                   
    85.0-180.0 180.0   5.0 450.0                            LAT/LON1/LON2/DLON/H
  177  176  178  173  168  172  174  175  175  177  177  177  178  178  178  178
  178  178  177  177  176  175  174  173  172  172  171  170  170  169  169  168
  168  168  167  167  167  166  166  166  165  165  165  164  164  164  163  163
  163  163  163  163  163  163  163  163  163  164  164  164  164  165  165  165
  166  166  166  166  170  164  165  173  177                                   
    82.5-180.0 180.0   5.0 450.0                            LAT/LON1/LON2/DLON/H
  160  165  168  164  162  167  172  173  172  174  175  176  176  177  176  176
  175  174  172  171  169  168  166  165  163  162  161  161  160  159  159  158
  158  158  157  157  157  157  157  156  156  155  155  154  154  153  153  153
  153  153  153  153  153  154  154  155  155  156  156  157  157  158  158  158
  159  158  159  164  166  173  166  169  160                                   
    80.0-180.0 180.0   5.0 450.0                            LAT/LON1/LON2/DLON/H
  161  172  179  172  170  172  178  182  184  187  188  190  191  191  191  189
  188  186  183  181  178  176  175  173  172  171  170  169  168  168  167  167
  166  166  166  166  166  166  166  165  165  165  164  163  162  162  161  161
  160  160  161  161  162  162  163  163  164  165  165  166  166  167  168  168
  169  169  170  173  172  169  168  177  161                                   
    77.5-180.0 180.0   5.0 450.0                            LAT/LON1/LON2/DLON/H
  172  173  185  177  176  180  184  187  189  193  194  197  198  198  196  194
  191  187  184  180  177  174  173  171  170  169  169  168  167  167  166  166
  165  165  165  166  166  166  166  166  166  165  164  163  162  161  161  160
  160  160  160  161  162  163  164  164  165  166  166  167  168  168  169  170
  170  171  173  177  182  176  182  197  172                                   
    75.0-180.0 180.0   5.0 450.0                            LAT/LON1/LON2/DLON/H
  183  186  194  186  183  187  190  193  197  202  204  207  208  208  205  202
  197  192  187  183  180  178  176  176  175  175  175  174  174  173  172  171
  170  169  169  169  169  169  169  169  169  168  166  165  164  162  161  161
  161  161  162  162  163  164  165  166  167  168  168  169  170  171  172  174
  174  177  181  182  186  181  188  194  183                                   
    72.5-180.0 180.0   5.0 450.0                            LAT/LON1/LON2/DLON/H
  194  196  203  199  192  194  196  199  201  206  209  212  213  212  209  204
  198  192  186  182  179  177  176  177  177  178  177  177  175  173  171  169
  167  166  165  165  165  165  165  164  163  162  160  158  156  155  154  153
  154  154  155  156  158  159  160  161  162  163  164  165  166  167  169  170
  171  175  180  184  187  186  195  208  194                                   
    70.0-180.0 180.0   5.0 450.0                            LAT/LON1/LON2/DLON/H
  208  208  212  206  197  197  198  200  203  209  212  216  217  216  212  206
  200  193  187  183  180  180  181  182  183  183  183  181  178  175  171  167
  164  162  160  159  158  157  156  155  153  151  149  146  144  142  141  141
  142  143  144  146  148  149  151  152  154  155  156  158  159  160  163  166
  167  172  179  185  191  192  204  214  208                                   
    67.5-180.0 180.0   5.0 450.0                            LAT/LON1/LON2/DLON/H
  224  223  227  221  211  208  208  209  211  216  221  225  227  226  222  217
  210  203  198  195  194  194  196  198  199  199  197  194  189  184  178  173
  168  164  161  159  157  155  154  151  149  146  142  139  136  135  134  134
  135  137  140  142  144  146  148  150  152  154  156  158  159  161  164  167
  170  175  182  189  195  198  210  222  224                                   
    65.0-180.0 180.0   5.0 450.0                            LAT/LON1/LON2/DLON/H
  234  232  234  228  217  212  209  209  212  217  222  227  230  230  227  223
  217  211  207  205  206  207  209  211  211  210  206  201  194  187  179  172
  165  160  155  151  148  145  143  139  136  132  127  123  120  118  118  119
  121  123  126  129  132  134  137  139  142  145  148  151  154  157  160  163
  166  172  180  188  196  201  215  225  234                                   
    62.5-180.0 180.0   5.0 450.0                            LAT/LON1/LON2/DLON/H
  241  239  241  235  224  217  213  211  213  218  223  229  233  235  234  231
  228  225  223  222  223  225  227  227  226  223  217  210  202  194  185  176
  168  161  155  150  145  141  137  133  128  123  118  114  110  108  108  109
  111  114  118  121  124  127  130  133  137  142  147  151  155  159  162  165
  168  173  180  187  195  200  213  224  241                                   
    60.0-180.0 180.0   5.0 450.0                            LAT/LON1/LON2/DLON/H
  244  242  244  238  228  220  215  212  213  217  222  229  234  238  239  240
  239  238  238  239  240  241  242  241  238  233  226  218  209  200  191  182
  173  164  156  150  144  138  134  129  123  118  112  107  103  100  100  101
  104  107  110  113  117  120  124  128  134  140  147  153  159  163  168  171
  172  177  183  187  195  200  212  221  244                                   
    57.5-180.0 180.0   5.0 450.0                            LAT/LON1/LON2/DLON/H
  243  242  245  240  231  224  218  214  214  217  221  228  234  239  243  246
  248  250  251  253  254  254  253  251  246  240  233  226  218  210  201  191
  181  171  162  154  146  140  135  130  124  118  112  106  102   99   98   99
  101  104  107  110  113  117  121  127  134  142  151  159  167  173  178  181
  183  186  190  192  196  200  209  217  243                                   
    55.0-180.0 180.0   5.0 450.0                            LAT/LON1/LON2/DLON/H
  242  241  246  241  236  229  224  220  218  220  223  228  235  241  247  252
  256  259  261  262  263  262  260  257  252  246  240  234  228  221  213  204
  193  182  170  161  152  146  140  135  129  123  117  111  106  103  102  102
  103  105  107  110  113  117  122  129  137  147  158  169  178  186  192  196
  197  200  202  201  202  203  210  217  242                                   
    52.5-180.0 180.0   5.0 450.0                            LAT/LON1/LON2/DLON/H
  242  241  247  244  241  237  232  229  227  227  228  231  236  243  250  256
  261  264  265  266  266  265  263  260  256  251  247  244  240  234  227  217
  205  192  179  168  160  153  148  142  137  131  125  120  115  111  109  109
  109  110  111  113  115  119  125  132  142  154  166  179  190  199  207  213
  215  217  218  215  212  210  213  220  242                                   
    50.0-180.0 180.0   5.0 450.0                            LAT/LON1/LON2/DLON/H
  245  243  251  249  249  248  245  242  240  238  237  239  242  247  254  260
  264  266  267  267  267  266  265  263  261  259  257  255  253  248  240  228
  214  200  186  175  166  160  156  151  146  141  135  130  125  122  120  118
  117  117  117  118  120  123  129  137  148  161  175  189  202  213  222  229
  232  236  236  233  227  221  222  230  245                                   
    47.5-180.0 180.0   5.0 450.0                            LAT/LON1/LON2/DLON/H
  253  250  257  258  258  260  258  257  256  254  251  250  251  255  260  264
  267  268  267  267  268  269  270  270  270  269  268  267  265  259  249  235
  219  203  189  179  172  167  163  159  155  149  144  139  136  133  131  129
  127  126  125  124  126  129  134  142  153  167  182  197  211  223  234  243
  248  253  254  251  245  236  235  244  253                                   
    45.0-180.0 180.0   5.0 450.0                            LAT/LON1/LON2/DLON/H
  265  261  267  269  271  274  273  274  274  272  269  266  265  267  270  272
  272  272  271  272  274  278  281  283  283  283  282  279  274  266  254  237
  220  203  190  181  176  173  170  166  162  157  152  148  146  144  142  140
  138  135  133  132  132  135  139  147  158  172  188  204  219  232  244  254
  260  268  270  270  263  254  251  264  265                                   
    42.5-180.0 180.0   5.0 450.0                            LAT/LON1/LON2/DLON/H
  281  277  282  284  285  288  288  291  292  292  288  285  283  283  284  284
  283  281  280  283  288  293  298  301  300  298  294  289  280  268  253  235
  216  200  189  183  180  179  177  174  169  164  159  156  155  154  153  151
  148  145  142  140  139  141  144  151  162  176  193  210  225  239  252  262
  270  279  284  286  281  273  270  286  281                                   
    40.0-180.0 180.0   5.0 450.0                            LAT/LON1/LON2/DLON/H
  302  298  301  303  303  304  304  307  310  311  309  307  305  303  303  301
  298  296  297  302  309  317  322  322  319  313  305  295  282  267  249  230
  213  199  190  187  187  187  186  183  177  171  167  165  165  165  164  163
  159  155  151  148  147  147  149  154  164  178  196  214  231  246  258  269
  277  288  295  299  297  291  290  308  302                                   
    37.5-180.0 180.0   5.0 450.0                            LAT/LON1/LON2/DLON/H
  327  324  327  325  325  323  323  326  330  332  332  330  329  327  326  323
  320  319  322  329  338  345  348  345  337  326  314  299  283  265  246  229
  213  202  197  196  198  200  198  194  188  182  178  176  176  177  176  174
  170  166  162  158  154  152  152  155  164  179  197  217  236  252  265  276
  285  297  305  311  311  309  310  330  327                                   
    35.0-180.0 180.0   5.0 450.0                            LAT/LON1/LON2/DLON/H
  355  354  358  353  353  348  348  349  354  357  358  357  356  355  352  349
  346  346  351  360  369  374  373  365  353  338  321  304  286  267  250  234
  222  214  211  212  214  215  213  208  202  196  192  191  190  190  189  186
  182  177  172  167  162  157  154  155  163  177  197  219  240  257  272  284
  293  306  315  323  324  326  330  350  355                                   
    32.5-180.0 180.0   5.0 450.0                            LAT/LON1/LON2/DLON/H
  386  388  394  386  387  381  380  380  385  388  389  389  388  386  382  378
  374  375  381  390  397  399  393  381  366  350  332  314  295  278  263  250
  241  235  232  232  233  232  230  225  219  213  210  208  207  205  202  198
  194  188  182  176  168  161  155  154  161  175  196  220  243  262  279  292
  302  316  326  336  337  342  350  370  386                                   
    30.0-180.0 180.0   5.0 450.0                            LAT/LON1/LON2/DLON/H
  419  424  432  424  429  422  422  420  424  427  428  428  426  422  417  410
  405  405  410  417  421  419  409  395  380  365  350  334  317  301  288  278
  270  263  258  254  251  248  244  240  235  232  230  228  225  221  216  210
  205  199  192  184  174  164  156  153  158  172  194  219  244  265  285  301
  313  329  341  352  353  361  372  391  419                                   
    27.5-180.0 180.0   5.0 450.0                            LAT/LON1/LON2/DLON/H
  453  460  472  465  476  471  471  469  473  474  474  473  470  465  456  445
  437  433  436  439  440  433  422  410  399  389  379  366  351  336  323  313
  303  293  282  272  263  257  252  250  249  250  249  247  243  236  229  222
  215  208  200  190  178  166  156  152  156  170  191  216  242  266  288  308
  324  343  357  370  371  380  394  413  453                                   
    25.0-180.0 180.0   5.0 450.0                            LAT/LON1/LON2/DLON/H
  486  494  509  508  526  525  526  525  528  529  528  526  521  513  500  485
  471  463  460  459  455  447  436  429  426  424  420  410  395  379  364  349
  334  317  298  281  266  256  253  254  258  263  266  265  259  250  241  232
  224  215  206  194  180  167  156  152  155  167  187  211  237  263  288  312
  333  357  373  388  390  399  416  436  486                                   
    22.5-180.0 180.0   5.0 450.0                            LAT/LON1/LON2/DLON/H
  514  523  541  546  573  577  582  583  587  588  586  583  576  566  549  530
  510  496  487  480  472  464  457  457  464  471  471  461  443  420  398  376
  353  328  301  277  258  247  245  250  261  271  278  278  273  263  251  240
  231  221  209  195  180  166  156  152  155  166  184  206  232  258  286  314
  339  368  387  405  408  418  435  458  514                                   
    20.0-180.0 180.0   5.0 450.0                            LAT/LON1/LON2/DLON/H
  534  543  564  575  610  620  630  636  643  645  644  641  633  621  602  579
  554  534  519  508  497  490  489  497  511  523  524  509  481  448  415  383
  353  322  291  263  242  231  232  242  258  274  285  287  282  271  259  247
  235  223  209  194  178  165  156  153  157  167  183  203  227  253  282  313
  342  375  398  418  423  433  451  478  534                                   
    17.5-180.0 180.0   5.0 450.0                            LAT/LON1/LON2/DLON/H
  547  554  577  591  632  648  663  674  686  692  694  693  688  676  656  631
  603  579  560  545  534  528  532  545  562  573  567  541  500  454  410  371
  336  303  272  245  226  217  221  235  254  273  287  291  287  276  263  250
  236  222  207  190  174  162  155  154  159  168  183  201  224  250  280  312
  343  379  405  427  433  446  463  494  547                                   
    15.0-180.0 180.0   5.0 450.0                            LAT/LON1/LON2/DLON/H
  552  558  580  596  639  658  678  694  712  723  731  735  733  724  707  683
  655  630  610  594  583  579  584  597  609  610  591  550  496  438  387  345
  311  282  255  233  217  212  218  234  254  273  287  292  287  277  263  249
  234  218  201  183  168  158  153  153  159  168  181  199  221  248  278  311
  343  381  408  432  440  455  474  506  552                                   
    12.5-180.0 180.0   5.0 450.0                            LAT/LON1/LON2/DLON/H
  555  561  580  595  636  657  677  696  718  735  749  759  764  761  749  730
  706  683  665  650  640  635  637  643  643  628  591  535  470  408  356  318
  290  268  249  234  223  221  228  243  260  276  287  290  285  274  260  244
  228  210  192  175  161  152  149  151  156  164  176  193  217  245  277  310
  343  380  409  434  445  464  483  515  555                                   
    10.0-180.0 180.0   5.0 450.0                            LAT/LON1/LON2/DLON/H
  558  568  585  597  634  652  672  689  712  732  750  766  777  781  777  765
  749  732  718  706  696  689  683  675  657  622  568  502  434  374  330  300
  281  269  260  253  248  248  254  264  275  283  288  287  281  269  254  237
  219  200  182  166  153  146  144  146  150  156  167  184  210  241  275  309
  341  378  409  434  447  470  492  522  558                                   
     7.5-180.0 180.0   5.0 450.0                            LAT/LON1/LON2/DLON/H
  564  582  597  606  640  655  671  684  704  722  741  759  774  784  787  784
  777  768  760  752  742  729  712  687  649  595  529  459  397  350  317  299
