data/edconvlstm_nd/pred1130.15i
     1.0            IONOSPHERE MAPS     GNSS                IONEX VERSION / TYPE
pyspatialgeodesy        IME             05-JAN-18 20:20     PGM / RUN BY / DATE 
Map Name                                                    COMMENT             
Predicted global ionosphere maps (GIM).                     DESCRIPTION         
  2015     4    23     0     0     0                        EPOCH OF FIRST MAP  
  2015     4    24     0     0     0                        EPOCH OF LAST MAP   
  7200                                                      INTERVAL            
    13                                                      # OF MAPS IN FILE   
  NONE                                                      MAPPING FUNCTION    
10.0                                                        ELEVATION CUTOFF    
One-way carrier phase leveled to code                       OBSERVABLES USED    
  6371.0                                                    BASE RADIUS         
 2                                                          MAP DIMENSION       
   450.0 450.0   0.0                                        HGT1 / HGT2 / DHGT  
    87.5 -87.5  -2.5                                        LAT1 / LAT2 / DLAT  
  -180.0 180.0   5.0                                        LON1 / LON2 / DLON  
    -1                                                      EXPONENT            
                                                            END OF HEADER       
[from data line 1287]
     4                                                      START OF TEC MAP    
  2015     4    23     6     0     0                        EPOCH OF CURRENT MAP
    87.5-180.0 180.0   5.0 450.0                            LAT/LON1/LON2/DLON/H
  229  220  216  219  221  222  221  221  224  226  227  229  230  231  232  232
  232  232  232  232  231  230  229  228  227  225  224  222  221  219  218  217
  216  215  214  213  213  212  212  211  211  211  210  210  210  209  209  209
  208  208  207  206  205  204  203  203  202  201  200  199  199  198  198  198
  198  201  201  203  208  210  210  215  229                                   
    85.0-180.0 180.0   5.0 450.0                            LAT/LON1/LON2/DLON/H
  219  212  212  215  218  220  223  225  228  230  232  234  236  237  239  239
  240  240  240  239  238  237  235  234  231  229  227  225  223  221  219  218
  217  216  215  215  215  215  215  215  215  215  215  215  215  215  215  215
  215  214  213  212  211  210  209  207  206  205  204  203  202  201  200  200
  201  202  199  204  202  205  210  213  219                                   
    82.5-180.0 180.0   5.0 450.0                            LAT/LON1/LON2/DLON/H
  213  210  209  207  210  212  214  217  221  224  227  230  233  235  237  238
  239  239  238  237  235  232  229  225  221  218  214  210  207  205  203  202
  201  201  202  203  204  205  207  208  209  211  212  213  214  215  216  217
  217  217  217  216  215  214  213  212  210  208  207  205  204  202  200  200
  198  198  195  199  201  201  206  197  213                                   
    80.0-180.0 180.0   5.0 450.0                            LAT/LON1/LON2/DLON/H
  208  207  202  201  204  206  209  213  217  221  224  228  231  234  237  238
  239  239  238  235  232  228  223  217  211  205  199  194  190  188  186  186
  186  188  190  193  196  200  203  206  209  212  214  217  220  222  224  226
  228  229  230  230  230  229  228  226  225  223  221  219  217  215  212  211
  209  206  201  202  203  201  208  192  208                                   
    77.5-180.0 180.0   5.0 450.0                            LAT/LON1/LON2/DLON/H
  209  203  200  198  199  200  202  204  209  212  215  219  222  225  228  230
  231  232  230  228  224  218  212  204  196  188  181  175  170  167  167  168
  171  175  180  186  192  198  203  208  213  217  222  226  230  235  239  243
  246  249  251  252  252  252  251  250  248  246  244  241  239  236  233  231
  227  224  217  215  215  210  208  198  209                                   
    75.0-180.0 180.0   5.0 450.0                            LAT/LON1/LON2/DLON/H
  210  206  200  197  196  195  196  197  200  201  203  206  209  211  213  215
  217  218  217  215  212  206  199  190  180  171  162  155  150  147  148  150
  156  163  171  180  188  197  204  211  217  223  229  235  242  249  256  262
  268  272  275  277  278  277  276  275  273  270  268  265  263  260  257  254
  250  246  239  232  228  223  220  211  210                                   
    72.5-180.0 180.0   5.0 450.0                            LAT/LON1/LON2/DLON/H
  213  211  204  199  196  193  193  191  192  192  192  192  193  193  195  196
  198  199  200  200  198  193  187  178  168  158  149  142  136  134  136  140
  147  156  167  178  189  199  208  215  222  229  236  245  254  263  273  282
  289  295  299  301  302  301  299  296  293  290  287  284  281  278  275  272
  268  265  259  253  245  237  233  226  213                                   
    70.0-180.0 180.0   5.0 450.0                            LAT/LON1/LON2/DLON/H
  218  214  208  201  196  191  189  187  186  184  181  179  177  175  174  174
  176  178  180  182  182  179  175  167  158  149  140  132  127  125  127  132
  141  152  164  177  188  199  208  216  223  231  240  250  262  275  287  299
  308  315  319  321  320  318  314  310  305  301  297  293  289  286  282  280
  277  274  269  264  256  249  246  240  218                                   
    67.5-180.0 180.0   5.0 450.0                            LAT/LON1/LON2/DLON/H
  217  215  208  201  195  189  186  183  181  178  174  170  165  161  157  156
  156  158  161  164  166  166  164  159  152  143  135  128  124  122  124  129
  137  149  161  174  186  197  206  213  221  229  240  253  268  284  300  314
  325  332  336  336  333  328  322  316  309  304  298  293  288  283  279  276
  273  271  268  264  258  251  249  244  217                                   
    65.0-180.0 180.0   5.0 450.0                            LAT/LON1/LON2/DLON/H
  214  212  204  196  190  183  180  177  176  172  168  163  157  150  145  141
  139  140  143  147  150  152  152  149  144  138  132  126  122  121  122  127
  135  146  158  171  182  192  201  208  216  226  238  255  273  293  312  328
  340  347  349  347  342  335  326  318  310  302  295  289  283  277  271  267
  263  261  258  256  252  248  246  242  214                                   
    62.5-180.0 180.0   5.0 450.0                            LAT/LON1/LON2/DLON/H
  211  207  199  189  183  175  172  169  168  166  163  158  152  144  137  131
  128  127  128  131  134  136  137  136  134  130  127  123  121  120  121  125
  131  141  153  165  176  186  194  202  210  222  238  257  280  303  324  342
  354  361  362  358  350  340  330  320  311  303  295  288  281  273  265  259
  253  250  247  245  243  239  239  234  211                                   
    60.0-180.0 180.0   5.0 450.0                            LAT/LON1/LON2/DLON/H
  211  206  196  184  177  167  163  159  158  156  155  152  147  140  133  125
  120  116  115  116  118  119  120  120  119  119  118  118  117  117  118  120
  126  134  145  157  169  179  188  196  207  220  239  262  288  315  338  357
  369  375  374  368  358  347  336  326  317  309  303  295  288  278  268  260
  251  245  241  238  237  234  234  227  211                                   
    57.5-180.0 180.0   5.0 450.0                            LAT/LON1/LON2/DLON/H
  220  213  203  187  179  166  158  151  148  146  145  144  142  137  130  122
  115  110  106  104  103  103  102  103  104  106  108  111  112  113  113  115
  120  128  139  152  164  176  185  195  207  224  246  273  302  331  355  374
  386  390  388  381  371  360  349  340  332  326  321  315  307  297  286  274
  262  253  246  241  240  237  237  229  220                                   
    55.0-180.0 180.0   5.0 450.0                            LAT/LON1/LON2/DLON/H
  240  232  222  204  193  176  164  151  143  137  135  135  135  132  127  121
  113  106  101   96   93   90   89   89   91   95  100  104  107  109  109  111
  115  123  135  149  163  176  187  198  212  232  257  288  320  350  375  394
  404  408  405  398  388  378  369  361  356  352  349  344  338  328  316  302
  287  275  265  257  253  250  250  242  240                                   
    52.5-180.0 180.0   5.0 450.0                            LAT/LON1/LON2/DLON/H
  270  262  252  233  220  199  182  161  146  134  129  128  128  128  125  120
  114  107  101   95   89   85   82   82   84   89   95  101  105  107  108  109
  113  122  135  150  166  180  193  206  222  245  274  307  341  372  397  415
  425  428  426  419  411  402  394  389  386  384  382  379  373  364  352  338
  321  307  294  281  276  273  273  266  270                                   
    50.0-180.0 180.0   5.0 450.0                            LAT/LON1/LON2/DLON/H
  306  300  291  273  258  236  213  185  161  141  129  125  124  124  124  121
  117  112  106  101   95   89   86   85   87   92   98  104  107  109  109  110
  115  124  138  155  172  188  202  217  236  262  294  330  365  396  421  438
  447  451  449  444  437  430  424  420  417  416  414  411  406  398  387  374
  358  342  327  312  304  301  300  297  306                                   
    47.5-180.0 180.0   5.0 450.0                            LAT/LON1/LON2/DLON/H
  340  336  329  315  300  278  252  218  186  158  139  130  126  125  125  125
  123  121  118  114  109  104  100   99  100  103  108  112  114  115  114  114
  119  129  144  163  181  198  213  231  253  282  316  354  390  421  444  460
  470  473  473  470  465  460  454  450  447  444  441  436  430  422  413  401
  387  372  357  340  330  328  327  327  340                                   
    45.0-180.0 180.0   5.0 450.0                            LAT/LON1/LON2/DLON/H
  364  363  358  349  336  317  290  254  216  183  158  143  135  132  131  132
  133  134  134  133  130  127  124  122  121  122  123  124  124  122  120  120
  125  135  151  170  189  207  225  245  270  302  339  378  414  445  467  482
  491  496  497  496  493  488  483  477  472  466  460  453  445  436  427  416
  404  392  378  360  350  347  347  349  364                                   
    42.5-180.0 180.0   5.0 450.0                            LAT/LON1/LON2/DLON/H
  372  371  368  364  354  341  318  284  246  210  181  162  150  144  142  143
  146  150  154  157  157  156  154  152  149  146  142  139  135  131  128  127
  131  140  156  176  196  216  236  259  287  323  362  402  438  467  489  503
  511  516  519  521  520  515  509  501  493  486  477  467  455  444  434  424
  413  402  389  373  362  358  359  358  372                                   
    40.0-180.0 180.0   5.0 450.0                            LAT/LON1/LON2/DLON/H
  366  359  355  352  348  341  325  299  266  232  204  183  169  161  158  158
  162  169  175  181  185  187  187  184  178  171  163  155  148  142  137  135
  137  146  161  180  202  223  246  273  305  344  385  424  459  487  507  521
  529  535  540  544  545  541  535  527  518  510  500  488  474  460  447  436
  425  414  402  385  373  366  366  360  366                                   
    37.5-180.0 180.0   5.0 450.0                            LAT/LON1/LON2/DLON/H
  354  337  328  319  318  314  307  292  269  243  219  202  189  180  175  175
  179  187  196  205  212  216  217  214  207  196  183  171  162  154  148  145
  145  152  165  184  206  230  256  288  324  365  407  445  478  504  522  535
  543  551  558  565  570  570  566  560  555  550  542  529  514  497  481  467
  454  442  430  411  397  385  378  365  354                                   
    35.0-180.0 180.0   5.0 450.0                            LAT/LON1/LON2/DLON/H
  351  321  302  283  279  274  271  266  254  239  224  213  203  196  191  190
  194  203  213  225  234  241  244  241  233  219  204  190  178  170  162  157
  154  158  169  187  210  237  268  303  344  387  428  464  493  516  533  545
  555  565  577  588  598  604  607  609  611  612  609  599  584  565  546  529
  514  501  487  463  445  427  409  386  351                                   
    32.5-180.0 180.0   5.0 450.0                            LAT/LON1/LON2/DLON/H
  374  331  298  266  253  240  234  233  229  224  218  215  211  206  203  202
  206  214  226  239  251  260  265  264  256  242  225  210  198  188  179  170
  165  165  174  191  216  245  280  320  363  406  445  478  503  524  540  554
  567  581  598  616  634  649  662  675  687  698  702  697  684  666  646  626
  609  595  579  547  525  498  464  434  374                                   
    30.0-180.0 180.0   5.0 450.0                            LAT/LON1/LON2/DLON/H
  435  380  331  284  257  234  218  213  210  209  209  211  212  211  210  210
  213  221  233  247  261  274  282  284  278  265  248  232  219  208  197  186
  177  174  181  198  223  255  293  335  380  422  458  487  509  528  545  562
  580  601  625  653  680  706  730  755  779  800  813  814  805  789  769  749
  730  716  698  660  630  596  544  508  435                                   
    27.5-180.0 180.0   5.0 450.0                            LAT/LON1/LON2/DLON/H
  541  477  411  348  306  270  241  224  214  209  208  211  214  215  214  214
  216  223  235  250  267  283  296  301  298  287  271  255  241  230  218  204
  192  186  190  205  230  264  304  347  392  432  465  491  511  530  551  573
  599  627  660  696  733  769  804  840  875  905  926  932  927  914  897  877
  858  844  826  786  748  708  646  607  541                                   
    25.0-180.0 180.0   5.0 450.0                            LAT/LON1/LON2/DLON/H
  680  617  538  461  402  354  309  277  254  238  228  225  224  223  221  219
  219  224  235  251  270  291  308  318  317  307  292  276  262  251  238  221
  206  196  197  211  236  270  310  354  397  436  467  491  512  533  559  588
  621  658  698  741  786  830  872  916  958  996 1021 1032 1031 1022 1008  989
  971  959  942  902  860  818  761  723  680                                   
    22.5-180.0 180.0   5.0 450.0                            LAT/LON1/LON2/DLON/H
  825  771  693  610  538  481  423  374  334  302  277  261  251  243  237  231
  228  229  238  254  275  299  319  332  334  324  308  292  279  268  253  234
  214  201  200  212  237  271  311  353  395  433  465  490  514  539  571  607
  647  690  736  784  832  879  924  969 1014 1054 1083 1098 1101 1097 1087 1072
 1054 1044 1032  995  954  911  871  839  825                                   
    20.0-180.0 180.0   5.0 450.0                            LAT/LON1/LON2/DLON/H
  943  903  843  763  691  631  566  505  450  400  357  325  301  283  268  256
  247  244  250  264  285  309  330  344  345  335  319  302  288  274  256  234
  211  196  194  206  231  265  305  346  388  427  461  490  518  549  586  628
  674  721  770  819  866  910  952  993 1035 1072 1101 1118 1126 1127 1123 1112
 1098 1090 1084 1053 1020  975  955  934  943                                   
    17.5-180.0 180.0   5.0 450.0                            LAT/LON1/LON2/DLON/H
 1017  989  951  883  822  769  709  645  583  520  462  414  375  345  319  298
  281  272  272  283  301  322  341  351  350  338  319  300  281  263  241  217
  194  180  179  193  220  254  293  334  377  418  456  492  526  562  604  650
  698  748  797  843  885  923  956  989 1022 1053 1078 1095 1106 1112 1113 1108
 1098 1092 1092 1069 1048 1004  997  987 1017                                   
    15.0-180.0 180.0   5.0 450.0                            LAT/LON1/LON2/DLON/H
 1040 1012  989  939  895  858  812  759  701  638  574  516  466  425  390  358
  331  314  307  311  322  337  350  355  349  331  306  280  257  235  213  191
  171  160  162  178  205  240  278  320  364  409  453  494  534  575  620  668
  718  767  814  855  891  920  945  968  991 1012 1028 1041 1052 1062 1068 1069
 1064 1061 1064 1047 1039  999  997  994 1040                                   
    12.5-180.0 180.0   5.0 450.0                            LAT/LON1/LON2/DLON/H
 1011  974  953  918  891  871  845  812  773  722  664  607  556  511  470  431
  396  369  353  347  349  355  358  353  337  310  280  250  226  205  186  167
  151  143  148  164  191  225  264  306  352  401  449  496  541  585  632  681
  730  778  821  857  887  910  928  944  958  968  974  979  987  999 1009 1013
 1012 1012 1016 1003 1004  971  967  966 1011                                   
    10.0-180.0 180.0   5.0 450.0                            LAT/LON1/LON2/DLON/H
  948  898  870  839  822  815  808  800  784  754  710  663  620  581  543  503
  465  431  406  390  380  372  360  342  315  283  250  222  200  182  166  151
  139  134  139  155  180  212  250  294  342  393  445  496  543  590  637  686
  735  781  821  854  880  899  915  927  934  935  933  931  937  948  959  964
  964  964  967  956  961  934  925  924  948                                   
     7.5-180.0 180.0   5.0 450.0                            LAT/LON1/LON2/DLON/H
  876  812  772  736  719  720  728  740  748  738  712  678  647  618  590  558
  523  487  456  430  406  382  354  322  288  255  226  202  183  169  156  144
