data/edconvlstm_nd/pred0390.15i
     1.0            IONOSPHERE MAPS     GNSS                IONEX VERSION / TYPE
pyspatialgeodesy        IME             05-JAN-18 20:20     PGM / RUN BY / DATE 
Map Name                                                    COMMENT             
Predicted global ionosphere maps (GIM).                     DESCRIPTION         
  2015     2     8     0     0     0                        EPOCH OF FIRST MAP  
  2015     2     9     0     0     0                        EPOCH OF LAST MAP   
  7200                                                      INTERVAL            
    13                                                      # OF MAPS IN FILE   
  NONE                                                      MAPPING FUNCTION    
10.0                                                        ELEVATION CUTOFF    
One-way carrier phase leveled to code                       OBSERVABLES USED    
  6371.0                                                    BASE RADIUS         
 2                                                          MAP DIMENSION       
   450.0 450.0   0.0                                        HGT1 / HGT2 / DHGT  
    87.5 -87.5  -2.5                                        LAT1 / LAT2 / DLAT  
  -180.0 180.0   5.0                                        LON1 / LON2 / DLON  
    -1                                                      EXPONENT            
                                                            END OF HEADER       
[from data line 3003]
     8                                                      START OF TEC MAP    
  2015     2     8    14     0     0                        EPOCH OF CURRENT MAP
    87.5-180.0 180.0   5.0 450.0                            LAT/LON1/LON2/DLON/H
  128  130  127  136  140  141  142  141  144  147  148  149  150  152  153  154
  155  156  156  157  157  157  157  157  156  156  155  154  152  151  149  147
  145  143  140  138  135  132  130  127  124  122  120  118  116  115  114  113
  112  112  112  113  113  114  114  115  116  117  118  119  120  121  121  122
  123  125  124  123  128  126  135  134  128                                   
    85.0-180.0 180.0   5.0 450.0                            LAT/LON1/LON2/DLON/H
  118  122  134  130  131  137  139  143  146  149  150  152  154  156  157  159
  160  162  163  164  164  165  165  165  165  165  164  163  162  160  158  156
  153  150  147  143  140  136  133  129  126  122  119  117  115  113  112  111
  110  110  111  111  112  113  114  115  116  118  119  120  120  121  122  122
  124  125  122  120  119  119  122  126  118                                   
    82.5-180.0 180.0   5.0 450.0                            LAT/LON1/LON2/DLON/H
   95  102  108  108  110  115  121  125  128  132  134  137  140  142  145  147
  149  152  154  156  157  159  160  161  162  163  163  162  161  160  158  155
  152  149  145  140  135  130  125  119  114  109  105  101   98   95   93   92
   92   92   92   93   95   97   98  100  102  104  105  106  107  107  107  107
  107  107  104  103  101  107  101  102   95                                   
    80.0-180.0 180.0   5.0 450.0                            LAT/LON1/LON2/DLON/H
   82   83   90   92   94   96  102  108  112  116  119  122  125  128  131  134
  137  140  143  146  149  152  154  157  159  160  162  162  163  162  161  159
  156  153  148  143  136  129  122  115  107  100   94   89   85   82   80   79
   79   80   82   84   87   91   94   97  100  102  104  105  106  105  104  103
  102  100   96   94   88   87   84   87   82                                   
    77.5-180.0 180.0   5.0 450.0                            LAT/LON1/LON2/DLON/H
   80   74   78   80   81   85   89   94   98  100  103  106  108  111  114  117
  121  125  129  134  139  144  149  154  159  163  166  169  172  173  174  174
  173  170  167  161  154  146  137  128  118  109  101   93   87   83   79   78
   78   79   81   85   89   93   98  102  106  109  111  112  112  110  108  105
  102   98   93   90   86   78   76   80   80                                   
    75.0-180.0 180.0   5.0 450.0                            LAT/LON1/LON2/DLON/H
   78   75   75   78   79   82   84   87   89   91   92   93   95   96   99  102
  105  110  116  123  130  138  146  154  161  168  174  180  185  189  192  195
  195  194  192  187  180  171  161  150  138  127  116  107   99   92   88   85
   84   85   87   91   96  101  106  111  116  119  121  122  122  120  118  115
  110  105  100   93   90   81   78   71   78                                   
    72.5-180.0 180.0   5.0 450.0                            LAT/LON1/LON2/DLON/H
   84   83   83   87   87   91   92   92   92   91   90   89   89   89   90   92
   96  102  109  118  128  139  150  161  171  181  189  197  204  210  215  220
  223  224  223  220  213  205  194  183  170  157  145  133  123  114  106  101
   98   96   97   99  103  108  113  118  122  125  127  127  127  126  125  122
  118  113  108  102   98   91   89   84   84                                   
    70.0-180.0 180.0   5.0 450.0                            LAT/LON1/LON2/DLON/H
   96   97   99  102  103  106  105  104  102   99   95   92   89   87   86   87
   91   97  106  117  130  144  159  173  186  197  207  216  225  232  240  246
  250  253  253  250  244  236  225  213  200  187  174  161  149  137  127  118
  111  106  104  104  105  108  112  115  118  120  121  122  123  123  123  122
  120  118  115  110  108  103  103   96   96                                   
    67.5-180.0 180.0   5.0 450.0                            LAT/LON1/LON2/DLON/H
  106  113  116  121  125  129  128  126  121  117  111  106  101   97   94   94
   96  102  112  125  141  158  175  191  205  218  229  238  247  256  264  271
  276  279  280  277  271  262  252  240  228  216  203  190  177  164  151  138
  126  117  110  106  104  105  106  107  108  109  109  110  111  113  115  118
  120  120  120  116  115  113  112  105  106                                   
    65.0-180.0 180.0   5.0 450.0                            LAT/LON1/LON2/DLON/H
  110  120  124  131  137  143  141  139  135  130  123  117  110  105  101  100
  102  107  118  132  150  168  187  205  220  234  245  255  265  274  283  290
  296  300  300  296  289  280  269  258  247  237  226  214  201  186  170  153
  136  122  110  101   95   92   90   89   88   87   86   86   88   91   95  101
  106  111  114  112  114  115  114  110  110                                   
    62.5-180.0 180.0   5.0 450.0                            LAT/LON1/LON2/DLON/H
  103  113  118  128  136  143  144  143  140  136  130  124  118  113  108  106
  108  114  124  139  157  177  196  214  230  243  254  265  275  285  295  304
  311  314  313  308  300  290  279  269  259  250  241  231  219  203  185  164
  142  123  106   92   83   77   72   69   66   63   61   61   63   66   72   80
   87   94   99   99  102  103  102  101  103                                   
    60.0-180.0 180.0   5.0 450.0                            LAT/LON1/LON2/DLON/H
   87   95  100  111  120  128  131  132  130  129  126  122  118  113  110  109
  111  117  128  143  161  180  199  216  231  244  256  268  279  291  303  313
  321  324  323  317  308  297  286  276  268  261  255  246  234  218  197  173
  148  124  103   86   74   65   59   54   50   46   43   42   43   46   52   60
   67   75   81   81   84   83   83   85   87                                   
    57.5-180.0 180.0   5.0 450.0                            LAT/LON1/LON2/DLON/H
   67   71   75   86   95  103  107  110  111  112  112  112  110  108  106  107
  111  118  130  145  162  180  198  214  229  242  255  268  282  296  310  322
  330  334  333  327  318  307  296  287  280  275  269  262  251  234  212  186
  158  132  108   89   75   65   57   51   46   42   38   36   36   38   43   49
   55   62   67   67   69   64   64   68   67                                   
    55.0-180.0 180.0   5.0 450.0                            LAT/LON1/LON2/DLON/H
   51   51   52   63   70   77   82   85   88   91   94   96   97   97   98  102
  108  119  132  147  164  180  196  211  225  239  253  268  284  301  317  331
  341  346  345  340  331  320  310  302  296  291  286  279  268  251  228  202
  173  146  121  102   87   76   68   61   56   51   47   44   43   44   46   50
   54   58   63   61   61   54   51   55   51                                   
    52.5-180.0 180.0   5.0 450.0                            LAT/LON1/LON2/DLON/H
   43   40   39   48   53   58   62   65   68   73   77   80   83   85   89   96
  106  120  136  152  168  183  198  212  226  241  256  273  291  309  326  341
  352  358  359  355  347  339  330  322  316  311  306  298  286  269  246  220
  192  166  142  122  107   95   87   80   76   72   69   66   65   63   63   64
   65   67   69   66   65   56   50   52   43                                   
    50.0-180.0 180.0   5.0 450.0                            LAT/LON1/LON2/DLON/H
   47   41   38   45   48   51   54   55   58   62   66   69   72   76   82   93
  108  126  144  162  178  192  206  220  234  249  266  284  302  319  336  350
  361  368  371  370  366  360  353  346  340  333  326  316  302  285  263  238
  212  187  165  146  130  118  108  102   98   96   95   94   93   91   89   87
   84   84   84   81   80   70   62   59   47                                   
    47.5-180.0 180.0   5.0 450.0                            LAT/LON1/LON2/DLON/H
   61   55   51   56   57   58   59   58   59   62   65   67   69   73   81   95
  114  136  158  178  194  208  221  235  249  265  282  299  315  329  342  353
  363  371  377  380  381  379  375  369  362  353  342  329  314  295  274  252
  229  206  185  166  149  134  124  117  114  113  115  116  117  116  113  109
  105  103  102  100  100   92   84   76   61                                   
    45.0-180.0 180.0   5.0 450.0                            LAT/LON1/LON2/DLON/H
   81   77   73   76   77   76   75   71   71   72   73   74   75   78   87  104
  126  152  177  197  214  228  241  255  270  286  301  314  325  334  341  349
  356  365  375  384  390  394  393  388  380  368  353  336  318  299  279  258
  238  217  196  176  157  141  128  119  116  117  120  124  127  127  126  122
  118  116  115  116  119  115  109   99   81                                   
    42.5-180.0 180.0   5.0 450.0                            LAT/LON1/LON2/DLON/H
  101  101   99  101  102  100   97   91   89   89   88   88   87   90  100  118
  143  171  197  218  235  249  263  276  291  305  317  326  331  333  334  337
  344  355  369  384  397  406  408  404  394  378  360  339  319  298  279  259
  240  220  199  178  157  137  121  110  106  106  110  115  120  123  123  122
  119  119  120  123  130  131  128  119  101                                   
    40.0-180.0 180.0   5.0 450.0                            LAT/LON1/LON2/DLON/H
  115  120  121  124  125  122  119  112  108  107  106  105  104  107  117  136
  162  190  216  237  254  268  282  295  308  320  328  331  330  326  323  325
  334  350  370  391  409  421  425  421  408  390  368  344  321  299  279  260
  242  222  200  177  154  132  113  100   92   91   93   98  103  107  109  111
  111  112  115  119  128  134  134  128  115                                   
    37.5-180.0 180.0   5.0 450.0                            LAT/LON1/LON2/DLON/H
  120  127  131  136  140  136  133  127  123  121  120  120  120  124  135  155
  180  207  232  252  269  283  296  308  319  327  331  330  325  320  317  322
  336  359  386  413  435  448  452  445  430  409  383  357  332  309  289  270
  251  230  208  184  160  136  116  100   89   83   82   83   86   89   93   97
   98  101  104  108  117  123  127  123  120                                   
    35.0-180.0 180.0   5.0 450.0                            LAT/LON1/LON2/DLON/H
  116  125  129  135  140  137  136  131  128  128  128  129  132  139  152  172
  196  221  243  262  279  293  305  315  323  328  330  328  324  321  323  335
  358  390  425  457  480  492  493  483  465  441  413  385  358  335  315  296
  277  256  233  209  185  162  141  122  108   97   90   85   83   83   86   90
   93   95   97   98  103  107  114  111  116                                   
    32.5-180.0 180.0   5.0 450.0                            LAT/LON1/LON2/DLON/H
  111  116  119  126  131  127  128  125  124  124  127  131  138  148  164  185
  208  231  251  269  286  300  310  318  323  327  328  329  329  334  346  369
  404  447  490  526  549  557  552  538  516  490  461  431  405  382  363  344
  325  304  281  259  237  215  194  175  157  141  127  115  106  101  100  102
  103  103  103   98   99   97  103   99  111                                   
    30.0-180.0 180.0   5.0 450.0                            LAT/LON1/LON2/DLON/H
  109  109  107  114  116  113  115  113  113  114  118  126  137  152  172  194
  217  238  257  275  291  305  315  320  323  326  330  337  347  363  389  427
  476  530  582  620  639  640  628  608  583  555  525  496  471  451  433  416
  397  377  355  334  315  296  276  256  235  215  194  175  159  147  141  139
  136  132  127  116  110  100  102   93  109                                   
    27.5-180.0 180.0   5.0 450.0                            LAT/LON1/LON2/DLON/H
  117  110  101  106  106  100  102  100  101  102  107  116  131  151  175  199
  223  244  263  281  298  312  320  323  325  329  339  355  379  411  453  506
  569  634  690  726  739  731  711  685  657  628  600  573  552  535  521  507
  490  471  451  432  416  399  381  361  338  313  287  262  238  219  206  198
  189  180  168  152  140  122  115   98  117                                   
    25.0-180.0 180.0   5.0 450.0                            LAT/LON1/LON2/DLON/H
  135  122  105  106  103   95   97   94   93   94   98  107  124  147  175  203
  228  249  269  289  307  320  328  329  331  339  357  387  426  474  532  598
  671  740  795  824  827  810  784  754  726  699  674  651  635  623  615  606
  592  575  556  539  524  509  492  471  447  421  392  363  334  307  286  270
  254  240  220  201  184  159  143  117  135                                   
    22.5-180.0 180.0   5.0 450.0                            LAT/LON1/LON2/DLON/H
  165  145  120  115  110   99   99   96   94   92   94  102  119  145  175  206
  233  257  278  299  318  331  338  340  344  359  388  430  484  546  614  688
  763  829  874  893  886  862  832  803  777  754  733  717  706  702  700  695
  685  668  648  629  611  595  578  558  535  510  483  453  421  390  364  341
  319  302  276  256  233  206  183  148  165                                   
    20.0-180.0 180.0   5.0 450.0                            LAT/LON1/LON2/DLON/H
  199  175  145  132  123  111  109  105  101   97   96  103  119  146  178  211
  241  267  290  312  331  344  350  355  365  388  428  482  546  616  689  763
  830  883  914  920  905  878  849  823  803  785  771  760  755  757  760  759
  748  729  703  676  653  632  612  593  573  554  533  508  478  446  416  389
  365  347  320  301  277  252  228  187  199                                   
    17.5-180.0 180.0   5.0 450.0                            LAT/LON1/LON2/DLON/H
  230  205  174  153  140  126  123  117  112  107  104  109  124  151  185  220
  252  279  304  326  345  357  365  374  392  425  474  536  604  674  743  806
  859  896  912  908  889  863  838  818  804  793  784  779  779  784  789  788
  774  747  712  674  640  612  589  571  557  546  534  518  494  464  434  404
  379  362  340  325  306  285  265  223  230                                   
    15.0-180.0 180.0   5.0 450.0                            LAT/LON1/LON2/DLON/H
  249  228  199  173  155  140  135  129  123  118  114  118  133  159  194  230
  264  294  320  342  360  373  383  397  424  465  521  583  647  708  763  811
  848  870  877  868  850  827  808  796  789  785  781  779  781  786  790  785
  766  729  681  631  586  551  525  509  501  499  497  491  475  451  422  392
  366  350  333  321  311  296  282  246  249                                   
    12.5-180.0 180.0   5.0 450.0                            LAT/LON1/LON2/DLON/H
  251  237  215  188  166  149  144  137  132  127  124  128  143  170  205  243
  279  310  337  360  376  389  402  423  457  505  561  618  669  714  753  785
  810  824  827  818  802  786  773  769  769  770  770  769  771  774  773  763
  735  688  628  567  514  473  447  433  431  436  444  447  439  421  395  366
  340  322  308  300  296  287  278  250  251                                   
    10.0-180.0 180.0   5.0 450.0                            LAT/LON1/LON2/DLON/H
  240  233  218  193  170  151  145  139  135  132  131  137  153  181  217  256
  294  327  355  378  394  407  424  451  492  542  593  637  673  701  726  748
  766  777  779  773  762  752  747  748  753  758  760  760  759  757  751  734
  698  642  573  505  448  407  382  373  376  387  400  408  405  390  366  338
  311  293  278  271  271  265  260  237  240                                   
     7.5-180.0 180.0   5.0 450.0                            LAT/LON1/LON2/DLON/H
  223  221  211  189  167  148  141  136  133  133  135  144  162  191  228  269
  309  344  373  396  413  428  448  481  524  573  615  646  666  682  697  714
