data/edconvlstm_nd/pred1210.15i
     1.0            IONOSPHERE MAPS     GNSS                IONEX VERSION / TYPE
pyspatialgeodesy        IME             05-JAN-18 20:20     PGM / RUN BY / DATE 
Map Name                                                    COMMENT             
Predicted global ionosphere maps (GIM).                     DESCRIPTION         
  2015     5     1     0     0     0                        EPOCH OF FIRST MAP  
  2015     5     2     0     0     0                        EPOCH OF LAST MAP   
  7200                                                      INTERVAL            
    13                                                      # OF MAPS IN FILE   
  NONE                                                      MAPPING FUNCTION    
10.0                                                        ELEVATION CUTOFF    
One-way carrier phase leveled to code                       OBSERVABLES USED    
  6371.0                                                    BASE RADIUS         
 2                                                          MAP DIMENSION       
   450.0 450.0   0.0                                        HGT1 / HGT2 / DHGT  
    87.5 -87.5  -2.5                                        LAT1 / LAT2 / DLAT  
  -180.0 180.0   5.0                                        LON1 / LON2 / DLON  
    -1                                                      EXPONENT            
                                                            END OF HEADER       
[from data line 2574]
     7                                                      START OF TEC MAP    
  2015     5     1    12     0     0                        EPOCH OF CURRENT MAP
    87.5-180.0 180.0   5.0 450.0                            LAT/LON1/LON2/DLON/H
  148  141  135  143  148  150  152  153  158  162  164  167  170  172  174  176
  178  179  181  182  183  184  184  185  186  186  186  187  187  187  187  186
  186  185  184  183  181  179  178  175  173  171  169  166  164  162  159  157
  155  153  151  149  147  145  143  141  140  138  136  135  134  132  131  130
  129  130  129  129  134  134  142  145  148                                   
    85.0-180.0 180.0   5.0 450.0                            LAT/LON1/LON2/DLON/H
  127  128  135  136  139  145  149  154  159  163  166  170  173  175  178  180
  182  183  185  186  187  188  189  190  191  192  193  194  195  195  195  195
  195  194  193  192  190  188  185  183  180  177  174  171  168  165  162  159
  157  154  152  149  147  145  142  140  138  136  134  132  131  129  127  126
  126  126  122  122  121  122  128  134  127                                   
    82.5-180.0 180.0   5.0 450.0                            LAT/LON1/LON2/DLON/H
  104  114  117  118  122  130  137  143  149  155  159  164  167  170  172  174
  176  177  179  180  181  183  184  186  188  190  192  194  196  197  199  200
  201  200  200  198  196  193  190  186  183  178  174  170  166  162  158  155
  152  149  146  143  141  138  136  133  131  128  125  123  120  117  114  112
  110  108  104  106  106  112  112  107  104                                   
    80.0-180.0 180.0   5.0 450.0                            LAT/LON1/LON2/DLON/H
  100  106  111  116  120  126  135  144  152  158  163  169  172  175  177  179
  179  180  180  181  181  182  183  185  187  189  192  195  198  201  204  206
  207  208  207  206  204  201  197  193  189  184  180  175  171  168  164  162
  159  157  155  153  152  150  148  146  144  141  138  135  131  128  124  120
  117  113  107  107  103  104  109  102  100                                   
    77.5-180.0 180.0   5.0 450.0                            LAT/LON1/LON2/DLON/H
  110  110  114  118  122  129  137  145  154  160  165  170  174  176  178  178
  178  177  177  176  176  177  178  180  182  186  189  194  198  203  207  211
  214  216  217  216  214  211  207  203  198  193  189  184  181  178  176  175
  174  173  173  172  172  171  170  169  167  165  162  159  155  151  146  141
  135  130  122  120  117  111  113  111  110                                   
    75.0-180.0 180.0   5.0 450.0                            LAT/LON1/LON2/DLON/H
  117  118  117  122  125  133  140  147  155  162  166  171  173  175  175  175
  174  172  171  171  170  171  172  174  178  182  187  192  198  205  210  215
  219  222  223  223  221  218  214  209  204  200  195  192  190  189  188  189
  190  191  192  193  194  195  195  195  194  193  190  188  184  179  174  169
  162  155  146  139  134  127  126  117  117                                   
    72.5-180.0 180.0   5.0 450.0                            LAT/LON1/LON2/DLON/H
  124  125  122  126  127  134  140  146  153  158  162  165  167  168  168  167
  166  165  164  164  164  165  168  171  175  180  185  192  199  206  213  219
  224  227  229  228  226  222  218  213  208  203  200  197  197  197  198  200
  202  204  207  209  210  212  212  213  212  212  210  208  205  201  196  191
  184  177  168  159  151  142  140  134  124                                   
    70.0-180.0 180.0   5.0 450.0                            LAT/LON1/LON2/DLON/H
  132  129  126  127  126  131  135  140  146  150  153  155  157  157  156  156
  155  155  156  157  159  162  165  170  175  181  187  195  203  211  218  225
  229  233  234  233  230  225  220  214  209  204  201  200  200  202  204  206
  209  211  213  215  216  217  217  217  217  216  215  214  211  209  205  201
  196  189  181  172  163  154  153  147  132                                   
    67.5-180.0 180.0   5.0 450.0                            LAT/LON1/LON2/DLON/H
  134  130  127  127  124  127  130  133  137  141  143  145  146  146  147  147
  148  150  152  156  160  164  169  174  180  187  194  202  210  218  226  232
  237  240  240  239  235  229  223  217  211  207  205  204  205  207  209  212
  213  215  215  215  215  214  213  212  211  209  208  207  206  205  203  201
  197  192  186  177  168  160  157  152  134                                   
    65.0-180.0 180.0   5.0 450.0                            LAT/LON1/LON2/DLON/H
  133  128  124  123  118  118  119  121  125  127  129  131  132  133  134  135
  138  142  147  152  158  165  171  177  184  191  199  207  216  224  232  239
  244  247  247  245  240  234  227  220  215  210  208  208  209  211  213  214
  214  213  211  208  205  202  199  196  194  193  192  191  191  191  190  190
  188  185  180  174  167  161  158  153  133                                   
    62.5-180.0 180.0   5.0 450.0                            LAT/LON1/LON2/DLON/H
  129  123  118  115  109  107  107  108  110  112  114  116  118  119  121  123
  128  133  140  148  155  163  170  177  184  192  200  209  218  227  235  242
  248  251  252  250  246  239  232  225  219  215  213  212  213  214  215  214
  212  209  204  199  194  189  184  180  177  176  175  175  175  176  176  176
  175  174  170  165  160  154  152  147  129                                   
    60.0-180.0 180.0   5.0 450.0                            LAT/LON1/LON2/DLON/H
  125  118  111  107  100   96   94   94   95   97   99  101  103  105  107  111
  117  124  132  140  148  155  162  170  177  186  194  204  214  223  233  241
  248  253  255  255  251  245  238  231  225  221  218  218  218  219  218  216
  213  207  201  194  187  181  176  171  168  167  167  167  168  168  168  168
  167  165  162  157  153  147  144  139  125                                   
    57.5-180.0 180.0   5.0 450.0                            LAT/LON1/LON2/DLON/H
  125  115  108  103   95   89   86   84   84   84   86   88   90   93   96  100
  107  114  123  131  138  145  151  158  166  175  184  195  205  216  226  237
  246  253  258  260  258  253  247  240  234  229  227  226  226  226  225  222
  218  212  205  198  191  185  180  176  174  173  174  175  175  175  174  172
  169  165  161  156  150  143  139  133  125                                   
    55.0-180.0 180.0   5.0 450.0                            LAT/LON1/LON2/DLON/H
  129  118  110  104   95   89   84   79   78   77   77   79   81   83   87   92
   99  107  115  122  129  134  139  146  153  162  173  183  195  207  218  230
  242  252  260  265  266  263  258  251  245  240  236  235  235  235  234  232
  228  223  217  211  206  201  198  195  194  194  195  196  197  195  193  188
  182  176  169  162  155  146  140  133  129                                   
    52.5-180.0 180.0   5.0 450.0                            LAT/LON1/LON2/DLON/H
  139  127  119  113  104   97   90   83   78   75   74   74   75   77   81   86
   94  102  111  117  122  126  131  136  144  153  164  175  187  199  212  225
  239  253  264  272  276  275  271  265  258  252  248  246  245  246  246  245
  243  240  236  232  229  226  224  222  222  222  224  225  226  224  219  213
  204  194  185  176  166  155  148  140  139                                   
    50.0-180.0 180.0   5.0 450.0                            LAT/LON1/LON2/DLON/H
  151  139  133  127  119  112  103   94   87   81   78   76   75   75   78   84
   93  102  111  117  121  124  128  134  142  151  162  173  184  196  209  224
  240  256  270  281  288  289  287  281  273  266  261  258  257  258  259  260
  260  259  257  255  254  253  251  250  250  250  252  254  254  251  245  237
  225  214  202  192  181  169  161  153  151                                   
    47.5-180.0 180.0   5.0 450.0                            LAT/LON1/LON2/DLON/H
  162  153  148  144  137  131  121  110  101   93   87   82   79   78   80   87
   96  106  115  122  126  130  134  140  148  157  167  178  188  200  213  228
  245  262  279  293  302  306  304  299  291  283  276  272  270  271  273  274
  276  276  276  276  275  273  271  269  268  268  269  270  270  267  261  251
  239  227  214  203  192  182  175  167  162                                   
    45.0-180.0 180.0   5.0 450.0                            LAT/LON1/LON2/DLON/H
  168  163  161  160  154  149  140  129  118  109  100   94   88   86   87   93
  102  113  123  131  136  140  145  152  161  170  180  189  199  209  222  236
  254  272  291  306  317  323  323  319  311  303  295  289  286  286  287  288
  290  290  290  288  286  283  279  275  271  269  269  269  269  266  260  250
  238  226  214  203  195  188  183  176  168                                   
    42.5-180.0 180.0   5.0 450.0                            LAT/LON1/LON2/DLON/H
  166  166  167  168  166  163  156  146  136  126  117  109  102   98   98  102
  112  123  133  142  148  154  161  169  177  187  195  203  212  222  234  249
  266  285  304  321  334  342  344  341  335  327  319  312  307  305  304  304
  303  301  299  295  291  284  277  269  262  258  256  255  254  251  245  236
  224  213  202  193  187  184  182  176  166                                   
    40.0-180.0 180.0   5.0 450.0                            LAT/LON1/LON2/DLON/H
  157  163  165  168  170  169  166  158  150  142  134  126  119  113  111  114
  122  132  143  152  160  167  175  184  193  201  209  216  225  235  247  262
  280  299  319  338  353  363  367  367  364  358  350  343  336  332  328  325
  321  316  310  303  295  286  275  264  255  248  243  240  237  233  227  218
  207  195  184  175  171  172  174  167  157                                   
    37.5-180.0 180.0   5.0 450.0                            LAT/LON1/LON2/DLON/H
  144  154  158  160  166  166  167  163  159  155  150  144  137  130  127  128
  133  141  150  160  168  177  186  196  204  212  219  226  235  246  260  276
  294  314  335  355  372  385  393  398  398  395  390  384  376  369  363  356
  349  341  332  322  312  300  287  274  262  253  246  241  235  229  221  211
  199  186  172  161  157  158  162  153  144                                   
    35.0-180.0 180.0   5.0 450.0                            LAT/LON1/LON2/DLON/H
  133  145  147  149  155  156  160  160  161  162  161  159  153  147  142  140
  142  148  156  165  174  184  193  203  211  217  223  231  242  255  272  290
  309  330  352  374  394  410  423  432  438  440  439  435  428  421  413  404
  394  383  372  361  350  337  323  308  296  285  276  268  259  249  238  226
  211  194  177  161  152  151  154  142  133                                   
    32.5-180.0 180.0   5.0 450.0                            LAT/LON1/LON2/DLON/H
  130  140  139  138  142  143  149  152  157  162  166  168  166  161  155  151
  150  153  160  169  178  188  198  207  214  220  226  235  247  264  283  304
  326  348  372  395  418  439  456  471  483  491  495  495  491  485  477  468
  458  446  435  424  413  400  386  372  360  349  338  327  314  299  284  268
  249  228  204  182  167  158  156  140  130                                   
    30.0-180.0 180.0   5.0 450.0                            LAT/LON1/LON2/DLON/H
  137  143  136  133  134  133  139  143  150  158  166  171  171  168  163  158
  155  157  163  172  183  193  203  211  218  223  230  240  255  275  297  321
  345  369  395  421  446  471  492  512  529  544  554  559  560  557  553  546
  537  528  518  508  499  488  475  463  451  440  428  414  396  376  356  335
  312  287  257  227  204  186  174  153  137                                   
    27.5-180.0 180.0   5.0 450.0                            LAT/LON1/LON2/DLON/H
  157  158  143  138  135  132  136  138  144  153  161  168  170  169  165  160
  158  160  167  177  189  200  210  219  225  231  239  250  268  290  315  341
  368  394  421  450  478  504  529  552  574  593  609  620  627  630  630  628
  624  618  611  604  597  589  579  568  558  547  534  517  495  470  446  421
  394  366  329  292  260  234  209  183  157                                   
    25.0-180.0 180.0   5.0 450.0                            LAT/LON1/LON2/DLON/H
  190  186  163  154  148  142  141  140  143  149  155  161  164  163  160  157
  157  161  171  183  197  210  221  230  237  245  254  268  287  311  338  366
  394  422  451  480  509  537  563  587  611  633  653  669  682  691  698  702
  703  701  698  695  691  685  676  666  656  644  631  612  589  562  535  508
  480  451  411  369  327  293  259  229  190                                   
    22.5-180.0 180.0   5.0 450.0                            LAT/LON1/LON2/DLON/H
  232  223  196  182  170  161  156  150  147  148  149  152  153  153  151  150
  153  160  174  190  206  220  233  243  253  264  276  293  314  339  366  395
  423  452  481  509  538  564  589  613  637  660  681  700  717  732  745  755
  760  762  762  761  757  751  742  730  718  704  689  670  647  621  595  568
  543  519  482  439  392  354  316  284  232                                   
    20.0-180.0 180.0   5.0 450.0                            LAT/LON1/LON2/DLON/H
  275  264  236  218  199  187  176  164  155  149  145  143  142  141  140  141
  146  158  175  194  212  229  244  258  272  286  303  322  344  369  396  424
  451  479  506  533  559  584  607  629  651  672  692  712  730  748  764  777
  785  789  790  788  784  775  762  745  727  709  691  671  649  625  603  580
  561  546  520  483  439  401  369  338  275                                   
    17.5-180.0 180.0   5.0 450.0                            LAT/LON1/LON2/DLON/H
  310  299  274  253  229  214  198  181  166  154  144  137  133  130  129  132
  140  154  174  195  215  234  251  269  288  308  330  352  375  399  424  450
  476  501  525  549  572  595  616  635  654  672  689  706  723  741  757  770
  777  780  779  776  769  757  739  716  691  665  642  620  598  578  560  543
  531  526  517  492  459  427  405  378  310                                   
    15.0-180.0 180.0   5.0 450.0                            LAT/LON1/LON2/DLON/H
  329  321  301  281  254  237  217  197  177  160  145  134  127  123  122  125
  133  149  170  192  213  233  253  275  300  326  352  377  401  425  448  471
  494  516  536  556  576  597  617  635  651  665  677  690  703  718  731  740
  743  743  739  734  726  711  689  660  627  595  567  542  521  502  487  474
  469  474  480  470  453  431  418  396  329                                   
    12.5-180.0 180.0   5.0 450.0                            LAT/LON1/LON2/DLON/H
  335  331  316  297  271  251  231  209  186  167  149  136  127  121  119  121
  130  145  165  186  207  228  250  276  306  337  368  396  421  444  465  486
  505  523  540  556  574  593  613  631  645  656  663  670  679  688  695  698
  697  692  686  680  672  657  633  602  565  528  496  469  448  429  414  402
  400  411  427  430  428  417  411  392  335                                   
    10.0-180.0 180.0   5.0 450.0                            LAT/LON1/LON2/DLON/H
  333  333  321  302  279  258  238  216  193  173  155  141  131  124  121  122
  128  141  159  178  199  220  244  274  307  343  377  408  434  456  476  494
  510  524  537  549  565  584  605  624  638  646  650  653  656  659  660  658
  652  645  639  634  628  616  594  563  526  488  453  425  402  381  363  348
  344  355  374  386  394  392  389  371  333                                   
     7.5-180.0 180.0   5.0 450.0                            LAT/LON1/LON2/DLON/H
  324  328  316  297  278  257  239  218  197  178  161  148  138  131  126  125
  129  139  154  171  191  212  239  271  307  346  382  415  441  462  480  495
