data/edconvlstm_nd/pred0930.15i
     1.0            IONOSPHERE MAPS     GNSS                IONEX VERSION / TYPE
pyspatialgeodesy        IME             05-JAN-18 20:20     PGM / RUN BY / DATE 
Map Name                                                    COMMENT             
Predicted global ionosphere maps (GIM).                     DESCRIPTION         
  2015     4     3     0     0     0                        EPOCH OF FIRST MAP  
  2015     4     4     0     0     0                        EPOCH OF LAST MAP   
  7200                                                      INTERVAL            
    13                                                      # OF MAPS IN FILE   
  NONE                                                      MAPPING FUNCTION    
10.0                                                        ELEVATION CUTOFF    
One-way carrier phase leveled to code                       OBSERVABLES USED    
  6371.0                                                    BASE RADIUS         
 2                                                          MAP DIMENSION       
   450.0 450.0   0.0                                        HGT1 / HGT2 / DHGT  
    87.5 -87.5  -2.5                                        LAT1 / LAT2 / DLAT  
  -180.0 180.0   5.0                                        LON1 / LON2 / DLON  
    -1                                                      EXPONENT            
                                                            END OF HEADER       
[from data line 1716]
     5                                                      START OF TEC MAP    
  2015     4     3     8     0     0                        EPOCH OF CURRENT MAP
    87.5-180.0 180.0   5.0 450.0                            LAT/LON1/LON2/DLON/H
  155  151  149  158  161  162  162  162  164  167  168  169  170  171  171  171
  171  171  170  170  169  168  167  165  164  163  162  161  160  159  158  157
  157  157  157  157  157  158  158  159  159  160  161  161  161  161  161  161
  161  160  160  159  158  156  155  154  152  151  149  148  146  145  144  143
  143  145  143  143  147  146  152  153  155                                   
    85.0-180.0 180.0   5.0 450.0                            LAT/LON1/LON2/DLON/H
  146  149  153  157  161  165  167  170  172  175  176  178  179  179  180  179
  179  179  178  177  176  174  173  171  170  169  167  166  165  164  164  164
  164  164  165  166  168  169  170  172  173  175  176  177  178  178  179  178
  178  177  176  175  173  171  168  166  164  161  159  156  154  152  150  148
  148  149  144  144  141  142  147  149  146                                   
    82.5-180.0 180.0   5.0 450.0                            LAT/LON1/LON2/DLON/H
  143  151  151  150  153  158  161  164  167  170  171  173  174  174  174  174
  173  172  170  169  167  165  163  161  159  158  156  155  154  154  155  156
  158  160  163  166  170  174  178  182  185  189  192  195  197  198  199  200
  199  199  197  195  193  190  186  182  178  174  170  166  162  158  154  151
  148  146  141  140  139  139  140  134  143                                   
    80.0-180.0 180.0   5.0 450.0                            LAT/LON1/LON2/DLON/H
  146  147  146  147  150  153  157  161  165  168  169  171  171  171  170  168
  166  164  161  159  156  153  150  147  145  143  141  140  140  140  142  145
  148  153  158  164  171  178  185  191  197  203  209  213  217  220  223  224
  225  225  224  222  220  217  213  208  203  198  193  187  182  176  171  166
  161  156  150  148  144  141  146  131  146                                   
    77.5-180.0 180.0   5.0 450.0                            LAT/LON1/LON2/DLON/H
  152  145  145  145  146  149  153  156  160  162  162  163  162  161  158  155
  152  149  145  142  139  136  133  130  127  125  123  123  123  125  128  133
  139  147  156  166  177  188  198  209  218  227  235  242  248  253  258  261
  264  265  265  264  262  259  255  251  245  239  233  226  220  213  205  199
  191  184  173  168  162  149  148  139  152                                   
    75.0-180.0 180.0   5.0 450.0                            LAT/LON1/LON2/DLON/H
  152  146  140  140  141  143  145  148  151  152  152  151  148  145  141  137
  132  128  125  122  119  116  114  111  109  107  106  105  106  109  113  120
  128  139  151  164  179  193  207  220  233  244  254  263  272  279  285  291
  295  299  301  301  300  298  295  290  285  279  273  266  259  251  243  236
  226  217  204  190  179  165  160  149  152                                   
    72.5-180.0 180.0   5.0 450.0                            LAT/LON1/LON2/DLON/H
  153  146  140  138  137  138  140  142  143  143  141  138  133  128  122  117
  112  109  106  104  103  102  101  100   98   97   96   96   97  100  106  114
  124  137  152  169  186  203  220  235  249  262  274  284  294  303  311  318
  324  329  332  334  334  333  329  325  320  314  308  302  295  288  280  273
  263  252  239  221  204  185  176  167  153                                   
    70.0-180.0 180.0   5.0 450.0                            LAT/LON1/LON2/DLON/H
  157  146  139  134  131  130  131  132  133  132  128  124  117  109  102   96
   92   89   88   88   89   90   91   91   91   90   90   90   92   95  101  110
  122  137  154  173  192  211  229  245  260  274  286  297  308  317  326  335
  342  348  352  355  355  353  350  345  340  334  328  322  316  309  302  295
  286  275  261  242  223  202  192  184  157                                   
    67.5-180.0 180.0   5.0 450.0                            LAT/LON1/LON2/DLON/H
  155  144  135  129  126  123  124  124  125  122  118  112  104   95   87   81
   77   75   76   78   81   84   87   88   89   89   89   89   91   94  101  110
  123  138  156  176  196  215  234  251  266  280  292  303  314  324  333  341
  349  355  359  361  360  358  353  348  342  336  330  324  319  313  306  300
  292  282  269  251  231  210  198  191  155                                   
    65.0-180.0 180.0   5.0 450.0                            LAT/LON1/LON2/DLON/H
  154  143  132  125  120  116  116  116  117  115  111  105   96   86   77   71
   67   66   68   72   77   82   85   88   89   89   89   89   91   96  102  112
  126  142  160  179  199  219  238  255  271  285  297  309  319  328  337  345
  351  356  359  360  358  354  348  342  335  328  322  316  311  305  299  294
  286  278  266  250  233  214  203  196  154                                   
    62.5-180.0 180.0   5.0 450.0                            LAT/LON1/LON2/DLON/H
  155  144  131  122  115  109  108  108  109  108  105  100   91   82   73   67
   63   63   66   70   76   80   84   86   87   88   88   88   91   96  103  114
  128  144  162  181  200  219  238  256  272  287  301  312  322  331  338  345
  350  353  355  354  351  345  338  331  324  317  310  304  298  292  286  280
  273  265  255  241  228  212  202  195  155                                   
    60.0-180.0 180.0   5.0 450.0                            LAT/LON1/LON2/DLON/H
  159  148  135  122  112  104  100   98   99   98   97   94   88   80   72   67
   64   64   66   70   75   79   81   82   83   82   83   84   87   93  102  113
  127  143  161  179  198  217  236  255  273  289  304  317  327  335  342  346
  350  352  352  350  346  340  333  325  317  310  303  296  289  282  274  267
  259  251  243  231  221  208  200  191  159                                   
    57.5-180.0 180.0   5.0 450.0                            LAT/LON1/LON2/DLON/H
  171  159  146  128  116  103   96   91   89   89   89   88   85   79   74   69
   67   67   69   72   75   77   77   77   76   75   75   77   81   89   99  111
  126  142  159  177  195  214  233  253  273  293  310  325  336  344  350  353
  356  357  357  355  351  345  338  330  322  314  307  299  291  281  271  262
  252  244  237  227  219  208  201  191  171                                   
    55.0-180.0 180.0   5.0 450.0                            LAT/LON1/LON2/DLON/H
  189  177  164  142  127  109   97   87   83   81   81   82   81   78   75   72
   71   72   73   75   76   75   73   71   69   67   68   70   75   84   95  109
  124  141  157  174  191  210  230  252  275  298  319  337  350  359  364  367
  369  370  370  369  366  361  355  347  339  331  323  314  304  292  280  268
  256  247  239  229  224  214  208  197  189                                   
    52.5-180.0 180.0   5.0 450.0                            LAT/LON1/LON2/DLON/H
  212  200  188  164  146  124  107   91   83   78   77   78   78   78   77   76
   76   77   79   79   78   76   73   69   65   64   63   66   72   81   93  108
  125  142  158  174  190  207  227  251  277  305  330  352  368  378  384  387
  389  391  392  393  391  387  381  372  364  355  347  337  326  313  298  284
  270  259  249  239  234  224  219  209  212                                   
    50.0-180.0 180.0   5.0 450.0                            LAT/LON1/LON2/DLON/H
  234  224  211  188  170  146  125  104   90   82   78   78   79   79   80   80
   82   83   85   85   84   81   76   72   68   66   65   67   73   82   96  112
  129  146  161  176  190  207  227  252  282  313  343  369  388  400  407  411
  414  416  419  421  421  417  410  400  390  381  371  361  349  335  319  303
  288  276  264  253  247  237  232  224  234                                   
    47.5-180.0 180.0   5.0 450.0                            LAT/LON1/LON2/DLON/H
  251  241  230  212  194  170  147  123  106   93   87   85   84   84   85   86
   88   90   93   93   92   89   86   81   77   74   73   74   78   88  102  119
  137  154  169  182  194  209  229  256  289  324  358  386  408  423  431  436
  439  443  447  450  449  444  435  423  410  398  386  376  364  350  335  319
  303  291  278  266  258  247  241  237  251                                   
    45.0-180.0 180.0   5.0 450.0                            LAT/LON1/LON2/DLON/H
  255  247  238  228  213  193  171  147  127  112  102   98   95   93   93   93
   95   98  101  103  103  102   99   95   91   87   84   84   88   97  111  129
  147  165  179  190  201  215  236  264  299  337  373  404  428  444  454  460
  465  469  473  475  474  466  454  437  420  403  389  377  365  353  339  324
  310  299  285  273  263  252  245  244  255                                   
    42.5-180.0 180.0   5.0 450.0                            LAT/LON1/LON2/DLON/H
  246  239  233  231  221  207  191  170  150  134  123  116  111  107  105  104
  105  107  111  114  116  116  114  111  107  102   98   96   99  107  122  140
  160  177  191  201  211  225  246  277  313  353  390  422  447  465  477  484
  490  495  498  500  496  486  469  447  424  403  384  370  357  345  333  321
  309  298  285  273  261  248  241  240  246                                   
    40.0-180.0 180.0   5.0 450.0                            LAT/LON1/LON2/DLON/H
  225  218  215  217  215  208  200  186  170  156  144  136  130  124  119  116
  116  118  122  126  129  130  129  126  121  115  110  107  109  118  133  152
  172  190  204  214  225  239  262  294  332  371  409  441  466  486  499  509
  517  523  527  528  523  511  491  464  436  408  385  367  352  340  328  316
  305  295  281  269  255  238  231  226  225                                   
    37.5-180.0 180.0   5.0 450.0                            LAT/LON1/LON2/DLON/H
  202  190  188  191  194  195  195  191  182  172  163  156  149  142  136  132
  130  131  134  138  142  143  141  138  132  126  119  116  118  127  143  164
  184  202  217  228  240  257  283  316  355  394  430  462  488  509  525  539
  549  558  564  567  563  551  530  501  468  436  407  384  366  351  337  324
  311  300  284  269  254  231  222  209  202                                   
    35.0-180.0 180.0   5.0 450.0                            LAT/LON1/LON2/DLON/H
  186  166  161  161  167  171  179  183  182  178  174  170  165  159  153  148
  145  145  148  151  154  154  151  146  140  132  125  122  125  135  152  173
  195  214  230  244  258  279  307  342  381  419  454  485  512  536  557  575
  591  605  615  622  622  613  594  567  532  496  463  435  411  392  374  357
  340  325  306  287  267  236  223  201  186                                   
    32.5-180.0 180.0   5.0 450.0                            LAT/LON1/LON2/DLON/H
  189  157  145  138  143  146  158  167  172  175  176  176  175  171  167  162
  159  159  161  164  165  163  158  152  144  135  129  126  129  140  158  181
  204  225  243  260  278  302  334  370  409  446  479  510  539  566  594  619
  643  664  682  695  701  699  687  664  632  595  558  524  495  468  445  421
  399  379  355  331  306  266  244  213  189                                   
    30.0-180.0 180.0   5.0 450.0                            LAT/LON1/LON2/DLON/H
  220  173  149  134  132  132  141  152  160  166  171  175  177  178  176  172
  170  170  172  174  174  170  164  156  147  138  131  129  133  145  163  187
  211  234  255  276  299  327  361  398  436  472  504  535  567  600  635  670
  703  733  760  782  797  805  802  788  762  728  689  651  614  580  549  517
  489  462  433  402  373  325  291  252  220                                   
    27.5-180.0 180.0   5.0 450.0                            LAT/LON1/LON2/DLON/H
  281  220  183  156  144  137  140  147  153  159  165  170  175  178  179  178
  177  178  180  181  179  175  168  160  151  142  135  132  136  148  167  190
  216  242  267  292  319  351  387  424  460  494  527  559  595  634  676  720
  764  804  840  871  897  914  923  919  903  875  839  798  756  715  675  637
  601  569  534  497  462  408  358  318  281                                   
    25.0-180.0 180.0   5.0 450.0                            LAT/LON1/LON2/DLON/H
  368  296  247  208  183  167  160  160  160  162  164  168  172  176  178  178
  178  180  182  183  182  177  171  164  156  148  140  137  140  151  169  192
  219  248  278  308  339  373  409  445  480  513  545  579  618  663  713  765
  816  865  909  947  980 1006 1023 1030 1024 1005  974  936  892  847  803  759
  719  685  646  602  563  503  440  404  368                                   
    22.5-180.0 180.0   5.0 450.0                            LAT/LON1/LON2/DLON/H
  466  393  338  292  251  225  205  194  185  179  175  174  174  175  176  176
  176  178  180  181  181  178  174  169  163  155  147  141  142  151  168  192
  221  254  288  322  357  392  428  462  495  526  559  595  637  685  739  795
  852  905  952  994 1031 1061 1083 1097 1099 1089 1066 1033  993  949  906  862
  821  788  749  699  658  595  524  499  466                                   
    20.0-180.0 180.0   5.0 450.0                            LAT/LON1/LON2/DLON/H
  554  489  437  394  341  306  274  251  231  215  201  191  185  181  178  175
  174  174  175  177  177  177  176  173  169  161  151  143  141  148  165  191
  223  259  297  334  371  407  441  473  504  536  569  606  649  698  752  809
  864  916  962 1003 1038 1068 1092 1109 1117 1114 1099 1073 1039 1002  965  926
  889  860  825  773  729  665  596  587  554                                   
    17.5-180.0 180.0   5.0 450.0                            LAT/LON1/LON2/DLON/H
  617  564  525  491  436  397  358  325  294  267  243  223  206  195  186  178
  173  170  169  170  172  173  174  174  171  163  151  141  138  145  162  189
  223  262  303  343  380  416  449  480  511  543  577  614  656  703  753  805
  854  899  938  972 1002 1029 1051 1069 1081 1084 1077 1059 1033 1004  975  944
  914  890  863  812  766  703  642  650  617                                   
    15.0-180.0 180.0   5.0 450.0                            LAT/LON1/LON2/DLON/H
  651  604  580  559  513  479  440  402  365  330  296  265  239  218  201  187
  176  168  165  165  166  168  171  172  170  161  148  137  132  139  157  185
  221  263  306  347  385  420  453  484  516  549  584  621  661  702  746  788
  827  860  889  913  935  955  975  993 1008 1016 1016 1007  989  969  947  925
  902  884  862  814  769  707  658  678  651                                   
    12.5-180.0 180.0   5.0 450.0                            LAT/LON1/LON2/DLON/H
  655  609  596  587  557  534  501  465  428  390  351  312  276  246  221  200
  183  171  164  161  161  163  166  168  166  157  142  129  124  131  149  179
  218  262  306  347  385  420  453  485  519  554  590  627  663  699  734  766
  793  814  830  844  858  873  889  907  924  937  943  941  932  918  904  888
  870  855  835  789  746  685  648  672  655                                   
    10.0-180.0 180.0   5.0 450.0                            LAT/LON1/LON2/DLON/H
  640  587  580  580  569  557  533  502  469  434  394  352  311  274  243  216
  193  176  166  160  158  159  162  164  161  149  134  120  116  124  144  177
  217  262  305  345  381  416  449  483  519  556  593  630  664  695  723  746
  763  774  781  787  796  806  820  837  855  871  881  885  882  874  865  853
  838  823  802  757  714  655  626  647  640                                   
     7.5-180.0 180.0   5.0 450.0                            LAT/LON1/LON2/DLON/H
  619  563  554  556  558  556  537  512  484  453  418  378  336  297  262  231
  205  184  171  163  161  161  162  160  153  140  125  114  112  123  145  178
