data/edconvlstm_nd/pred2940.15i
     1.0            IONOSPHERE MAPS     GNSS                IONEX VERSION / TYPE
pyspatialgeodesy        IME             05-JAN-18 20:20     PGM / RUN BY / DATE 
Map Name                                                    COMMENT             
Predicted global ionosphere maps (GIM).                     DESCRIPTION         
  2015    10    21     0     0     0                        EPOCH OF FIRST MAP  
  2015    10    22     0     0     0                        EPOCH OF LAST MAP   
  7200                                                      INTERVAL            
    13                                                      # OF MAPS IN FILE   
  NONE                                                      MAPPING FUNCTION    
10.0                                                        ELEVATION CUTOFF    
One-way carrier phase leveled to code                       OBSERVABLES USED    
  6371.0                                                    BASE RADIUS         
 2                                                          MAP DIMENSION       
   450.0 450.0   0.0                                        HGT1 / HGT2 / DHGT  
    87.5 -87.5  -2.5                                        LAT1 / LAT2 / DLAT  
  -180.0 180.0   5.0                                        LON1 / LON2 / DLON  
    -1                                                      EXPONENT            
                                                            END OF HEADER       
     1                                                      START OF TEC MAP    
  2015    10    21     0     0     0                        EPOCH OF CURRENT MAP
    87.5-180.0 180.0   5.0 450.0                            LAT/LON1/LON2/DLON/H
  109  105  101   92   91   95   93   92   93   93   94   96   96   97   97   96
   96   95   94   93   92   91   89   87   86   84   83   81   80   78   77   76
   75   74   73   73   72   72   72   72   73   73   74   75   76   77   78   79
   80   81   82   83   84   85   85   86   86   86   86   86   86   86   85   86
   86   86   85   85   81   90   97   94  109                                   
    85.0-180.0 180.0   5.0 450.0                            LAT/LON1/LON2/DLON/H
  105  104   81   85   88   94   90   88   89   89   90   91   92   92   92   92
   91   90   88   87   85   83   81   78   76   74   72   70   68   67   65   64
   64   63   63   63   64   64   65   66   67   69   70   72   74   76   77   79
   81   83   84   86   87   88   90   90   91   92   92   92   92   92   92   91
   92   91   91   94   94  101  109  105  105                                   
    82.5-180.0 180.0   5.0 450.0                            LAT/LON1/LON2/DLON/H
  100   88   94   90   90   97   92   90   93   94   95   97   98   99   99   99
   98   96   94   91   88   84   81   77   74   70   67   64   62   59   58   57
   56   56   56   57   57   58   60   62   63   66   68   70   73   76   78   81
   84   86   89   91   93   95   97   98   99  100  101  102  102  102  102  102
  101   99   98   97  101   92  100  102  100                                   
    80.0-180.0 180.0   5.0 450.0                            LAT/LON1/LON2/DLON/H
  111   97   94   88   91   93   92   92   96   98  101  105  108  109  110  110
  108  105  102   97   92   87   81   76   70   66   62   58   56   54   52   52
   51   51   51   52   52   53   54   55   57   59   61   64   67   70   74   77
   80   83   86   89   92   95   97  100  102  104  105  107  108  108  109  110
  109  106  105  102  115  103  114  122  111                                   
    77.5-180.0 180.0   5.0 450.0                            LAT/LON1/LON2/DLON/H
  125  111  100  101   97   99   99  102  108  111  116  121  125  128  129  128
  126  122  117  110  103   96   88   81   75   69   65   61   59   57   56   56
   56   57   57   57   58   58   58   59   60   61   63   65   68   71   74   77
   80   83   86   89   92   95   98  101  103  106  109  111  114  116  118  119
  119  119  117  117  122  118  123  139  125                                   
    75.0-180.0 180.0   5.0 450.0                            LAT/LON1/LON2/DLON/H
  138  120  117  116  109  111  109  111  119  122  128  133  137  139  139  137
  132  127  119  111  103   94   85   78   71   66   62   60   59   59   60   61
   62   63   64   64   63   62   61   61   60   61   62   64   66   69   71   74
   76   79   81   83   86   88   91   94   97  101  105  109  113  116  120  123
  124  127  128  124  130  135  138  149  138                                   
    72.5-180.0 180.0   5.0 450.0                            LAT/LON1/LON2/DLON/H
  143  134  133  129  123  121  121  125  132  135  140  144  147  147  145  140
  134  126  117  107   97   88   79   72   66   62   59   59   59   61   63   66
   68   69   69   69   67   65   63   61   59   58   59   59   61   63   64   66
   67   69   69   71   72   74   77   80   84   88   93   98  104  110  116  121
  124  128  134  134  141  146  152  165  143                                   
    70.0-180.0 180.0   5.0 450.0                            LAT/LON1/LON2/DLON/H
  156  149  148  147  139  137  136  139  145  147  151  154  154  151  146  139
  130  120  110  100   90   80   72   66   61   58   57   58   60   63   67   70
   73   74   74   72   69   66   62   59   57   56   56   57   59   60   62   63
   63   63   63   63   64   65   68   72   76   82   88   94  101  108  115  122
  127  131  139  143  150  159  163  173  156                                   
    67.5-180.0 180.0   5.0 450.0                            LAT/LON1/LON2/DLON/H
  165  162  160  160  151  149  146  149  154  155  157  157  155  150  142  133
  122  111  101   91   81   73   66   60   56   53   52   53   56   60   64   67
   69   70   69   66   62   58   54   50   48   48   49   50   53   55   56   57
   56   55   54   52   52   53   56   61   67   73   81   89   96  104  112  119
  125  130  138  142  152  163  166  177  165                                   
    65.0-180.0 180.0   5.0 450.0                            LAT/LON1/LON2/DLON/H
  170  168  166  167  160  157  153  157  161  161  162  161  156  149  139  128
  117  107   97   89   81   73   66   60   55   52   51   51   53   56   59   62
   63   62   60   57   52   47   43   41   40   40   42   45   48   51   53   53
   52   50   47   45   45   46   49   55   62   71   80   89   98  106  114  121
  126  131  138  142  151  163  167  178  170                                   
    62.5-180.0 180.0   5.0 450.0                            LAT/LON1/LON2/DLON/H
  172  172  171  172  167  163  159  162  166  166  166  164  158  149  139  128
  118  109  101   95   88   80   73   66   60   55   52   51   51   52   54   55
   55   54   51   47   42   38   35   34   34   36   39   43   47   50   52   52
   50   47   43   41   40   42   46   53   63   73   84   95  105  114  123  129
  133  136  142  143  149  160  165  177  172                                   
    60.0-180.0 180.0   5.0 450.0                            LAT/LON1/LON2/DLON/H
  172  175  175  174  169  165  160  163  167  167  167  164  159  150  141  132
  124  117  112  107  101   93   84   75   66   59   54   51   50   49   50   49
   48   46   43   40   36   33   31   30   32   35   39   43   48   51   52   52
   49   45   41   38   37   39   45   55   66   79   92  105  116  126  135  141
  144  145  149  148  149  156  162  175  172                                   
    57.5-180.0 180.0   5.0 450.0                            LAT/LON1/LON2/DLON/H
  175  181  181  178  172  168  161  163  167  166  166  164  160  153  146  140
  135  131  128  123  116  107   95   84   73   64   58   53   51   49   48   47
   45   43   41   38   35   34   33   33   36   39   43   48   52   54   55   53
   50   45   40   37   37   41   48   60   74   89  103  117  129  140  150  157
  159  159  162  159  157  159  165  179  175                                   
    55.0-180.0 180.0   5.0 450.0                            LAT/LON1/LON2/DLON/H
  184  193  192  186  179  172  165  165  168  166  166  164  161  157  153  150
  148  147  144  138  129  117  104   91   79   70   63   58   55   53   51   50
   48   47   45   43   42   42   42   43   46   49   53   56   59   60   59   57
   53   49   44   41   41   46   55   69   84  100  115  129  142  154  165  173
  176  176  179  176  173  171  175  190  184                                   
    52.5-180.0 180.0   5.0 450.0                            LAT/LON1/LON2/DLON/H
  201  211  207  199  190  182  175  172  173  170  167  166  163  161  160  160
  160  158  154  146  135  122  108   96   85   77   71   67   64   61   60   58
   57   56   55   55   55   56   57   59   61   63   66   67   68   68   67   64
   60   56   52   49   50   56   67   80   95  110  125  139  152  165  178  188
  192  195  198  197  194  190  194  209  201                                   
    50.0-180.0 180.0   5.0 450.0                            LAT/LON1/LON2/DLON/H
  223  234  228  218  209  199  191  187  184  178  174  171  169  168  168  168
  167  163  157  146  134  121  109   99   92   86   82   79   76   74   72   70
   69   69   69   71   72   74   76   78   79   80   81   81   80   78   76   74
   71   67   64   63   65   71   82   95  109  122  134  147  160  174  188  200
  207  212  218  218  219  216  219  234  223                                   
    47.5-180.0 180.0   5.0 450.0                            LAT/LON1/LON2/DLON/H
  247  259  251  242  231  222  215  208  203  194  187  181  178  177  176  175
  171  164  154  142  130  119  110  104  100   97   95   93   90   87   84   82
   81   81   82   85   88   91   93   95   96   97   96   94   92   90   88   87
   85   83   82   81   84   90  100  112  123  134  143  154  167  181  196  210
  219  227  235  238  243  245  249  261  247                                   
    45.0-180.0 180.0   5.0 450.0                            LAT/LON1/LON2/DLON/H
  269  281  273  267  255  248  242  235  227  216  205  198  193  190  187  182
  174  162  149  137  126  118  113  111  111  110  109  106  102   97   93   89
   88   88   90   94   98  103  106  108  109  110  110  108  105  103  102  101
  101  101  101  101  104  110  119  129  138  146  153  162  174  188  203  217
  228  238  248  253  263  269  275  284  269                                   
    42.5-180.0 180.0   5.0 450.0                            LAT/LON1/LON2/DLON/H
  284  295  288  284  275  270  267  262  254  241  229  219  212  207  201  192
  179  164  149  137  129  124  122  123  124  123  120  114  107   99   93   89
   87   88   91   96  102  108  112  116  118  120  120  119  118  116  115  115
  117  118  118  118  121  127  135  144  151  158  164  172  183  196  210  224
  234  244  255  262  274  284  292  299  284                                   
    40.0-180.0 180.0   5.0 450.0                            LAT/LON1/LON2/DLON/H
  291  300  294  292  287  285  285  283  278  266  254  243  234  227  219  206
  190  172  157  146  140  138  138  139  138  133  125  115  104   94   87   83
   82   84   88   95  102  109  115  119  123  126  128  129  128  127  126  127
  128  129  130  130  133  138  146  155  162  168  174  182  193  205  218  230
  238  246  257  265  276  287  297  304  291                                   
    37.5-180.0 180.0   5.0 450.0                            LAT/LON1/LON2/DLON/H
  293  298  292  291  290  291  292  295  294  285  275  266  257  250  240  226
  208  189  175  166  162  160  159  155  148  137  123  108   95   86   80   78
   78   81   87   95  104  111  117  121  126  130  134  136  136  135  134  134
  135  135  134  134  136  142  151  160  168  175  182  191  203  215  227  236
  241  248  258  266  275  284  296  305  293                                   
    35.0-180.0 180.0   5.0 450.0                            LAT/LON1/LON2/DLON/H
  294  295  289  286  288  290  292  297  301  297  290  284  278  271  262  248
  230  214  202  195  191  186  177  165  150  133  115  100   89   82   79   80
   83   87   93  101  109  117  122  126  130  134  138  141  141  139  137  135
  134  132  130  129  131  138  149  160  171  179  188  199  212  226  238  246
  249  254  263  269  276  283  297  309  294                                   
    32.5-180.0 180.0   5.0 450.0                            LAT/LON1/LON2/DLON/H
  303  301  293  286  287  287  288  294  301  302  300  297  294  289  282  270
  255  242  232  225  218  205  187  166  144  125  110   98   91   89   91   95
   99  104  109  115  122  128  131  133  136  139  142  144  143  140  136  131
  127  122  119  117  121  129  142  155  168  180  192  206  222  238  251  260
  264  269  277  282  287  293  309  323  303                                   
    30.0-180.0 180.0   5.0 450.0                            LAT/LON1/LON2/DLON/H
  328  322  310  297  294  289  286  292  300  305  306  306  305  303  297  288
  276  265  257  247  233  211  183  157  135  121  112  107  107  112  120  127
  132  134  136  138  141  144  145  145  144  144  145  145  142  137  131  124
  117  110  105  104  108  118  132  148  163  178  192  209  229  249  266  280
  287  294  304  307  313  319  334  352  328                                   
    27.5-180.0 180.0   5.0 450.0                            LAT/LON1/LON2/DLON/H
  374  363  344  325  314  301  293  295  303  310  314  316  315  313  309  301
  291  281  270  254  231  201  169  145  131  126  128  134  143  155  168  176
  179  176  172  168  166  164  161  157  154  150  148  145  141  134  125  116
  107   99   94   93   98  110  125  143  159  175  191  210  233  257  280  300
  315  328  340  344  353  361  374  396  374                                   
    25.0-180.0 180.0   5.0 450.0                            LAT/LON1/LON2/DLON/H
  438  421  396  372  349  327  312  309  315  321  326  328  327  324  319  311
  300  286  269  246  215  182  154  139  139  148  163  181  199  217  231  237
  234  224  210  199  190  183  176  170  163  156  151  146  139  130  121  111
  101   93   88   88   94  107  125  144  161  177  194  213  237  263  292  319
  343  364  382  388  404  414  427  450  438                                   
    22.5-180.0 180.0   5.0 450.0                            LAT/LON1/LON2/DLON/H
  509  486  463  436  400  368  344  335  338  343  347  348  345  339  331  321
  306  286  261  230  197  167  150  150  165  191  220  247  271  289  299  298
  286  266  243  222  207  196  188  179  170  162  154  146  138  129  119  109
   99   91   86   86   94  109  128  149  168  184  201  221  244  273  305  339
  372  401  424  435  458  472  488  511  509                                   
    20.0-180.0 180.0   5.0 450.0                            LAT/LON1/LON2/DLON/H
  574  548  533  509  462  422  391  375  374  377  379  377  371  361  350  335
  315  288  256  221  190  169  167  184  217  256  293  321  341  352  352  341
  319  289  259  233  214  202  193  185  176  166  157  148  139  130  119  109
  100   91   86   86   95  111  133  157  178  196  214  233  257  286  322  361
  402  438  465  482  509  526  546  571  574                                   
    17.5-180.0 180.0   5.0 450.0                            LAT/LON1/LON2/DLON/H
  622  599  594  577  525  482  447  428  422  422  421  416  406  394  379  361
  336  303  266  231  207  200  214  247  291  334  366  386  393  390  377  355
  323  288  254  227  210  200  193  188  180  171  161  152  143  133  122  112
  102   94   88   88   96  114  139  165  189  210  229  249  273  304  342  385
  431  471  502  523  552  567  593  618  622                                   
    15.0-180.0 180.0   5.0 450.0                            LAT/LON1/LON2/DLON/H
  649  632  638  631  583  543  508  487  479  476  473  465  452  437  421  401
  373  338  301  270  256  264  293  336  379  410  426  425  412  392  366  335
  300  264  234  213  201  195  192  190  185  177  167  158  148  137  126  115
  106   97   91   90   98  117  144  173  200  223  243  265  291  323  363  408
  456  498  530  553  580  591  620  647  649                                   
    12.5-180.0 180.0   5.0 450.0                            LAT/LON1/LON2/DLON/H
  655  649  662  665  629  599  570  550  541  536  530  520  506  491  475  456
  430  396  363  341  339  359  396  435  462  469  457  430  396  360  325  292
  260  232  212  200  195  194  195  195  191  184  176  167  156  144  132  120
  110  101   94   92   99  118  146  177  206  231  255  279  307  342  383  429
  477  517  547  569  591  597  627  655  655                                   
    10.0-180.0 180.0   5.0 450.0                            LAT/LON1/LON2/DLON/H
  650  652  670  682  663  646  626  611  601  595  587  577  563  550  538  524
  502  474  447  435  444  471  503  524  523  498  454  402  351  308  274  245
  223  207  199  197  199  202  205  205  201  195  186  177  165  152  138  125
  115  105   97   93   99  118  146  177  207  234  261  289  321  358  400  446
  490  527  554  573  589  591  619  649  650                                   
     7.5-180.0 180.0   5.0 450.0                            LAT/LON1/LON2/DLON/H
  643  650  670  688  685  681  671  663  655  649  641  630  619  610  603  595
  580  559  541  538  552  575  591  585  549  490  419  351  296  258  232  215
