data/edconvlstm_nd/pred1830.15i
     1.0            IONOSPHERE MAPS     GNSS                IONEX VERSION / TYPE
pyspatialgeodesy        IME             05-JAN-18 20:20     PGM / RUN BY / DATE 
Map Name                                                    COMMENT             
Predicted global ionosphere maps (GIM).                     DESCRIPTION         
  2015     7     2     0     0     0                        EPOCH OF FIRST MAP  
  2015     7     3     0     0     0                        EPOCH OF LAST MAP   
  7200                                                      INTERVAL            
    13                                                      # OF MAPS IN FILE   
  NONE                                                      MAPPING FUNCTION    
10.0                                                        ELEVATION CUTOFF    
One-way carrier phase leveled to code                       OBSERVABLES USED    
  6371.0                                                    BASE RADIUS         
 2                                                          MAP DIMENSION       
   450.0 450.0   0.0                                        HGT1 / HGT2 / DHGT  
    87.5 -87.5  -2.5                                        LAT1 / LAT2 / DLAT  
  -180.0 180.0   5.0                                        LON1 / LON2 / DLON  
    -1                                                      EXPONENT            
                                                            END OF HEADER       
[from data line 3432]
     9                                                      START OF TEC MAP    
  2015     7     2    16     0     0                        EPOCH OF CURRENT MAP
    87.5-180.0 180.0   5.0 450.0                            LAT/LON1/LON2/DLON/H
  161  158  150  158  159  159  158  157  157  159  158  158  158  158  158  158
  158  157  157  156  155  155  154  153  152  151  150  149  148  147  147  146
  145  145  145  144  144  144  144  145  145  146  146  147  148  148  149  150
  151  152  152  153  154  154  155  155  156  156  156  156  156  157  156  156
  156  156  155  155  162  160  166  162  161                                   
    85.0-180.0 180.0   5.0 450.0                            LAT/LON1/LON2/DLON/H
  154  155  163  158  157  161  161  163  163  164  164  164  164  165  165  165
  164  164  163  163  162  161  160  159  157  156  155  154  152  151  150  149
  148  147  147  147  146  146  147  147  148  148  149  150  151  152  154  155
  156  157  158  159  160  161  162  162  163  163  163  164  164  164  163  163
  164  163  160  159  159  154  158  159  154                                   
    82.5-180.0 180.0   5.0 450.0                            LAT/LON1/LON2/DLON/H
  139  147  149  147  147  151  154  155  155  157  157  158  159  159  160  160
  160  160  159  159  158  157  155  154  152  151  149  147  145  144  142  141
  139  138  138  137  137  137  138  138  139  140  142  143  144  146  148  149
  151  152  154  155  156  157  158  159  159  159  159  159  159  158  158  157
  156  155  152  153  150  155  149  143  139                                   
    80.0-180.0 180.0   5.0 450.0                            LAT/LON1/LON2/DLON/H
  133  139  144  144  143  145  148  152  154  156  157  159  160  161  162  162
  163  163  162  162  161  160  158  156  154  152  149  147  144  142  140  138
  136  135  134  134  134  134  134  135  136  137  139  140  142  144  146  148
  150  152  153  155  156  157  158  158  159  159  158  158  157  156  155  154
  153  152  149  149  144  140  140  137  133                                   
    77.5-180.0 180.0   5.0 450.0                            LAT/LON1/LON2/DLON/H
  134  133  138  139  140  143  145  149  151  153  154  156  158  159  161  162
  163  164  164  164  164  163  162  160  158  155  153  150  147  144  142  140
  138  137  136  136  136  136  136  137  138  139  140  142  143  145  147  149
  151  153  154  156  156  157  157  158  157  157  156  155  154  152  151  149
  148  145  143  143  142  134  135  136  134                                   
    75.0-180.0 180.0   5.0 450.0                            LAT/LON1/LON2/DLON/H
  132  133  135  138  139  143  145  148  150  153  154  156  158  160  161  163
  165  167  168  169  169  169  169  167  165  162  159  156  153  150  148  146
  144  143  143  143  143  143  143  143  144  144  145  146  147  149  150  152
  153  155  156  157  157  158  157  157  157  156  155  154  153  151  150  148
  146  144  143  139  138  132  132  125  132                                   
    72.5-180.0 180.0   5.0 450.0                            LAT/LON1/LON2/DLON/H
  130  133  135  141  140  145  147  150  150  152  152  154  155  157  159  161
  163  165  168  170  171  172  172  171  169  166  163  159  156  153  151  149
  148  148  148  148  148  148  148  148  148  147  148  148  149  149  150  152
  153  154  154  155  155  154  154  153  153  152  151  150  149  148  147  145
  143  141  140  137  134  130  131  129  130                                   
    70.0-180.0 180.0   5.0 450.0                            LAT/LON1/LON2/DLON/H
  134  137  140  144  144  147  149  151  151  152  151  152  153  154  156  158
  161  164  167  169  172  173  174  173  171  168  164  161  157  155  153  151
  151  151  152  152  152  152  152  151  150  149  149  148  148  149  149  150
  150  151  151  151  151  150  149  149  148  148  147  147  147  146  146  145
  144  141  141  138  136  133  135  133  134                                   
    67.5-180.0 180.0   5.0 450.0                            LAT/LON1/LON2/DLON/H
  140  144  149  153  153  157  158  159  158  158  156  156  156  157  158  161
  163  167  170  173  176  178  178  178  176  172  168  164  160  158  156  156
  156  156  157  158  158  158  157  156  155  153  152  152  151  151  151  152
  152  152  152  151  150  150  149  148  148  148  149  149  150  150  150  150
  149  147  146  143  140  137  139  137  140                                   
    65.0-180.0 180.0   5.0 450.0                            LAT/LON1/LON2/DLON/H
  145  151  155  159  159  162  163  163  161  160  157  157  156  157  159  161
  164  167  171  174  177  179  180  179  177  173  169  164  161  158  157  158
  158  159  160  161  161  160  159  157  156  154  153  152  152  152  152  152
  151  151  150  149  148  148  147  147  147  148  149  151  152  153  154  154
  152  151  150  148  145  143  146  143  145                                   
    62.5-180.0 180.0   5.0 450.0                            LAT/LON1/LON2/DLON/H
  147  154  159  163  163  167  167  167  164  162  159  159  159  160  162  164
  167  170  172  175  178  180  181  180  178  174  170  165  162  160  160  160
  162  163  163  163  163  161  160  158  157  156  155  154  154  154  154  153
  152  151  150  149  148  147  147  147  148  149  151  152  154  155  156  156
  155  153  152  150  147  145  148  146  147                                   
    60.0-180.0 180.0   5.0 450.0                            LAT/LON1/LON2/DLON/H
  145  153  158  162  162  167  167  167  164  162  160  159  160  162  165  168
  170  172  174  175  177  179  180  180  178  175  171  167  164  163  163  165
  166  167  167  166  165  163  161  160  159  158  158  158  158  158  157  156
  154  152  151  149  148  148  147  148  149  150  152  154  155  156  156  156
  153  151  149  147  145  143  148  146  145                                   
    57.5-180.0 180.0   5.0 450.0                            LAT/LON1/LON2/DLON/H
  140  147  153  158  159  164  165  165  163  161  159  160  162  165  169  172
  174  175  175  175  176  178  180  180  179  177  174  171  170  169  171  172
  173  174  173  171  169  167  165  164  163  163  164  164  164  164  163  161
  158  156  153  152  151  150  150  151  151  152  153  154  155  155  155  153
  150  146  144  141  139  137  143  142  140                                   
    55.0-180.0 180.0   5.0 450.0                            LAT/LON1/LON2/DLON/H
  132  139  146  151  153  160  162  163  162  161  159  161  163  168  172  176
  177  177  175  174  175  176  179  181  181  180  179  177  177  178  180  181
  182  181  180  178  175  173  171  170  170  171  172  172  173  172  170  166
  163  160  157  156  155  155  155  155  154  154  154  154  154  153  151  148
  143  139  135  133  130  129  135  136  132                                   
    52.5-180.0 180.0   5.0 450.0                            LAT/LON1/LON2/DLON/H
  124  131  138  145  147  156  160  162  162  161  161  162  166  171  176  179
  180  179  176  173  173  175  178  181  184  185  185  185  186  187  189  191
  191  189  187  185  183  181  179  178  178  179  181  182  181  180  177  172
  168  164  162  160  160  160  160  159  158  157  155  154  152  150  147  142
  137  131  127  124  122  121  127  129  124                                   
    50.0-180.0 180.0   5.0 450.0                            LAT/LON1/LON2/DLON/H
  118  125  132  140  144  154  160  164  165  165  165  167  170  175  180  183
  183  180  176  173  172  174  178  183  188  190  192  193  195  197  199  199
  199  197  195  193  191  190  189  188  189  189  190  191  190  187  183  178
  173  169  167  166  166  167  167  166  163  160  157  154  151  147  143  139
  132  126  121  118  115  115  120  122  118                                   
    47.5-180.0 180.0   5.0 450.0                            LAT/LON1/LON2/DLON/H
  115  123  129  138  144  155  163  169  172  173  173  175  177  181  185  187
  187  184  179  175  174  176  181  187  193  197  200  202  204  205  206  206
  205  204  203  202  202  201  201  200  200  200  200  200  198  194  189  183
  178  174  173  173  174  174  174  172  169  164  160  155  151  147  143  138
  131  125  120  116  113  112  116  118  115                                   
    45.0-180.0 180.0   5.0 450.0                            LAT/LON1/LON2/DLON/H
  114  123  129  139  146  159  169  176  181  184  185  186  187  190  192  193
  193  189  185  181  179  181  186  193  199  204  208  211  212  213  213  212
  211  211  211  213  214  215  215  214  213  212  211  209  206  201  195  188
  183  180  179  180  182  183  182  180  175  169  163  158  154  150  145  141
  134  127  122  118  114  113  116  117  114                                   
    42.5-180.0 180.0   5.0 450.0                            LAT/LON1/LON2/DLON/H
  115  124  130  141  149  163  174  184  192  197  199  200  201  201  202  202
  201  199  194  190  188  190  194  201  207  213  217  219  221  221  220  220
  220  221  224  227  230  232  232  230  228  226  224  221  216  209  202  195
  190  187  187  188  190  191  190  187  181  175  168  163  158  155  151  146
  140  134  129  124  119  117  118  118  115                                   
    40.0-180.0 180.0   5.0 450.0                            LAT/LON1/LON2/DLON/H
  116  125  130  141  151  165  178  191  201  209  213  216  216  216  215  215
  214  211  208  204  201  202  205  210  216  222  226  229  230  230  230  231
  233  237  242  248  252  254  253  251  247  244  241  236  229  221  212  204
  199  196  196  197  198  198  196  192  187  180  173  168  164  161  158  154
  147  141  136  131  125  122  122  120  116                                   
    37.5-180.0 180.0   5.0 450.0                            LAT/LON1/LON2/DLON/H
  115  123  128  138  149  163  178  193  207  219  227  231  233  232  231  230
  229  228  225  221  217  216  217  221  227  232  237  241  243  244  245  248
  254  261  269  275  280  281  278  275  270  266  261  255  247  236  226  217
  210  206  205  205  204  203  200  196  190  183  177  173  170  167  165  161
  154  148  142  137  130  126  124  121  115                                   
    35.0-180.0 180.0   5.0 450.0                            LAT/LON1/LON2/DLON/H
  112  119  122  131  142  157  173  191  209  225  237  245  249  249  249  248
  247  246  243  238  234  230  230  232  238  244  250  255  259  262  266  273
  282  292  302  309  312  311  307  302  296  291  285  278  267  255  243  232
  223  218  214  211  208  205  201  197  191  184  179  176  174  172  169  165
  158  152  146  140  134  128  126  121  112                                   
    32.5-180.0 180.0   5.0 450.0                            LAT/LON1/LON2/DLON/H
  108  113  114  122  132  147  165  185  206  226  242  255  262  265  266  266
  265  264  260  255  249  244  242  243  249  256  264  271  278  284  293  303
  316  329  340  346  346  343  336  330  323  318  311  302  290  276  261  248
  237  228  221  215  210  204  199  194  188  183  179  176  175  174  171  166
  158  152  146  141  135  129  125  120  108                                   
    30.0-180.0 180.0   5.0 450.0                            LAT/LON1/LON2/DLON/H
  104  106  106  112  122  137  155  176  200  223  244  261  273  279  282  282
  282  280  276  269  262  255  252  253  260  269  279  289  299  309  322  337
  353  367  377  381  378  371  363  355  348  342  334  324  311  295  278  262
  248  237  226  216  208  201  194  188  183  178  175  174  173  171  168  162
  154  148  142  138  133  128  124  119  104                                   
    27.5-180.0 180.0   5.0 450.0                            LAT/LON1/LON2/DLON/H
  101  101  100  105  113  128  148  169  194  218  242  263  279  289  294  296
  296  293  288  280  271  264  260  263  270  281  294  307  320  333  350  368
  386  401  408  408  401  391  381  373  366  360  352  341  326  309  291  273
  256  241  227  214  203  194  187  181  176  171  168  167  167  165  161  156
  148  142  137  134  131  126  123  119  101                                   
    25.0-180.0 180.0   5.0 450.0                            LAT/LON1/LON2/DLON/H
  101  100   98  101  109  124  143  164  189  214  239  262  281  295  303  306
  306  303  296  288  278  270  268  271  280  293  307  323  338  355  373  393
  411  424  428  423  413  401  390  382  375  369  361  349  334  316  297  278
  259  242  225  210  197  187  180  173  168  163  159  158  157  156  152  147
  140  135  131  129  128  125  122  120  101                                   
    22.5-180.0 180.0   5.0 450.0                            LAT/LON1/LON2/DLON/H
  105  104  100  103  110  125  144  164  186  210  234  258  280  296  307  312
  312  309  302  292  283  276  274  278  289  303  319  336  353  371  390  409
  425  433  433  424  411  398  387  380  374  368  359  348  333  315  296  277
  257  238  220  204  191  181  174  167  160  154  150  148  147  145  142  138
  132  128  125  124  125  124  122  121  105                                   
    20.0-180.0 180.0   5.0 450.0                            LAT/LON1/LON2/DLON/H
  109  110  106  109  115  129  148  166  186  207  229  253  275  293  306  313
  314  311  305  296  287  281  280  286  297  313  330  347  364  381  398  414
  426  430  425  413  398  386  377  371  366  360  351  339  325  308  290  271
  251  232  214  198  186  177  170  163  155  147  141  138  136  135  133  130
  125  122  120  121  123  123  122  122  109                                   
    17.5-180.0 180.0   5.0 450.0                            LAT/LON1/LON2/DLON/H
  113  116  113  116  122  135  153  169  187  205  224  246  268  287  301  310
  313  312  306  298  291  287  288  295  306  322  339  356  372  387  401  413
  419  418  409  395  381  370  363  359  354  347  338  326  313  298  281  263
  244  225  208  194  183  175  169  161  152  143  135  130  127  126  125  123
  119  118  116  117  120  121  120  121  113                                   
    15.0-180.0 180.0   5.0 450.0                            LAT/LON1/LON2/DLON/H
  115  120  118  121  126  139  156  171  187  202  219  238  259  278  293  304
  309  310  307  301  296  294  296  304  316  331  348  364  378  390  400  407
  409  403  391  377  364  356  351  348  343  336  326  315  302  288  272  255
  237  219  203  190  181  175  169  161  151  140  130  124  121  120  119  118
  115  114  112  112  115  116  115  117  115                                   
    12.5-180.0 180.0   5.0 450.0                            LAT/LON1/LON2/DLON/H
  112  119  118  121  126  138  154  169  184  197  212  230  249  267  283  295
  303  307  307  304  302  301  305  314  326  341  358  373  385  395  401  403
  400  391  378  364  354  348  345  341  336  328  318  307  296  283  267  250
  231  213  198  187  179  174  168  161  150  138  128  121  117  116  115  114
  111  110  108  107  109  109  108  110  112                                   
    10.0-180.0 180.0   5.0 450.0                            LAT/LON1/LON2/DLON/H
  106  113  113  116  121  131  148  162  177  191  205  222  239  256  272  286
  297  303  307  307  307  309  314  323  336  352  368  383  394  402  405  404
  397  386  372  360  352  347  344  340  334  325  315  305  295  282  266  247
  227  209  193  182  175  171  166  158  148  136  126  119  115  113  113  111
  107  106  103  101  102  101  100  101  106                                   
     7.5-180.0 180.0   5.0 450.0                            LAT/LON1/LON2/DLON/H
   97  103  104  107  111  121  136  151  168  183  198  215  231  248  263  278
  290  299  305  309  311  315  322  333  347  363  380  395  406  412  413  410
