data/edconvlstm_nd/pred0330.15i
     1.0            IONOSPHERE MAPS     GNSS                IONEX VERSION / TYPE
pyspatialgeodesy        IME             05-JAN-18 20:20     PGM / RUN BY / DATE 
Map Name                                                    COMMENT             
Predicted global ionosphere maps (GIM).                     DESCRIPTION         
  2015     2     2     0     0     0                        EPOCH OF FIRST MAP  
  2015     2     3     0     0     0                        EPOCH OF LAST MAP   
  7200                                                      INTERVAL            
    13                                                      # OF MAPS IN FILE   
  NONE                                                      MAPPING FUNCTION    
10.0                                                        ELEVATION CUTOFF    
One-way carrier phase leveled to code                       OBSERVABLES USED    
  6371.0                                                    BASE RADIUS         
 2                                                          MAP DIMENSION       
   450.0 450.0   0.0                                        HGT1 / HGT2 / DHGT  
    87.5 -87.5  -2.5                                        LAT1 / LAT2 / DLAT  
  -180.0 180.0   5.0                                        LON1 / LON2 / DLON  
    -1                                                      EXPONENT            
                                                            END OF HEADER       
[from data line 2145]
     6                                                      START OF TEC MAP    
  2015     2     2    10     0     0                        EPOCH OF CURRENT MAP
    87.5-180.0 180.0   5.0 450.0                            LAT/LON1/LON2/DLON/H
   61   73   74   78   79   80   80   77   78   81   81   82   82   82   82   82
   81   81   81   80   80   80   79   79   79   79   79   80   80   80   80   81
   81   81   82   82   82   81   81   80   79   78   77   76   74   73   71   69
   68   66   64   62   61   60   58   58   57   56   56   56   56   56   56   57
   59   61   61   61   68   71   84   85   61                                   
    85.0-180.0 180.0   5.0 450.0                            LAT/LON1/LON2/DLON/H
   63   83   92   83   82   86   87   88   88   90   90   90   90   90   89   89
   88   87   87   86   86   86   86   86   86   86   86   87   88   88   89   90
   91   92   93   94   95   95   95   95   94   93   92   90   88   86   84   81
   79   76   74   71   69   67   65   64   63   62   61   61   61   62   63   64
   67   69   66   66   70   75   84   85   63                                   
    82.5-180.0 180.0   5.0 450.0                            LAT/LON1/LON2/DLON/H
   64   80   94   84   82   84   86   86   87   87   86   86   85   84   82   81
   79   78   77   76   75   75   75   75   75   76   76   78   79   81   83   85
   88   91   93   96   98  100  102  103  103  103  102  101   99   97   94   91
   87   84   80   77   73   70   67   65   63   62   61   60   60   61   61   63
   65   68   67   68   74   80   78   76   64                                   
    80.0-180.0 180.0   5.0 450.0                            LAT/LON1/LON2/DLON/H
   70   81   94   86   83   82   84   84   85   85   83   83   81   78   76   74
   72   70   68   67   67   66   66   66   67   68   69   71   73   76   79   83
   87   92   97  102  106  111  114  117  119  120  121  120  119  117  114  110
  106  102   97   92   87   83   79   75   72   69   67   66   65   65   66   67
   69   71   72   72   77   85   88   84   70                                   
    77.5-180.0 180.0   5.0 450.0                            LAT/LON1/LON2/DLON/H
   81   89   96   90   85   86   87   87   87   86   83   82   79   76   73   70
   68   66   65   64   63   63   64   64   65   66   68   70   73   76   81   86
   93  100  107  115  122  129  136  141  145  149  151  152  152  151  149  145
  141  136  131  125  119  112  106  101   96   92   88   85   84   83   82   83
   83   84   85   86   88   88   92   91   81                                   
    75.0-180.0 180.0   5.0 450.0                            LAT/LON1/LON2/DLON/H
   79   91   94   91   86   89   89   88   87   85   82   80   76   72   69   66
   63   61   60   60   61   62   63   64   66   67   69   70   73   76   81   87
   94  103  112  122  132  141  150  158  165  171  176  180  182  183  183  181
  177  172  167  160  152  144  137  129  122  116  110  106  102  100   98   97
   96   96   96   93   96   95   98   91   79                                   
    72.5-180.0 180.0   5.0 450.0                            LAT/LON1/LON2/DLON/H
   80   91   93   91   87   92   93   91   90   87   84   80   76   72   68   64
   62   60   60   61   63   65   68   70   72   73   74   74   76   78   82   88
   96  106  117  129  141  153  165  175  185  194  201  208  213  217  218  218
  216  212  206  198  190  181  171  161  152  143  135  128  122  117  113  110
  108  106  106  102  103  101  102   99   80                                   
    70.0-180.0 180.0   5.0 450.0                            LAT/LON1/LON2/DLON/H
   80   89   92   90   87   91   92   92   91   88   85   81   76   72   67   64
   61   60   61   64   67   71   76   79   81   82   82   81   81   82   84   90
   98  108  121  134  148  162  176  188  200  212  222  232  240  246  250  251
  250  246  240  232  222  210  198  186  174  162  151  141  132  124  118  113
  109  105  104  100  100   99  103  101   80                                   
    67.5-180.0 180.0   5.0 450.0                            LAT/LON1/LON2/DLON/H
   72   81   85   85   84   91   93   94   93   91   88   85   81   76   72   68
   66   66   67   71   76   82   87   91   93   93   92   89   87   86   88   93
  102  113  126  141  156  171  186  200  214  227  240  251  261  269  274  276
  276  272  265  256  244  231  217  202  187  172  158  145  133  123  114  107
  101   96   94   89   89   88   92   92   72                                   
    65.0-180.0 180.0   5.0 450.0                            LAT/LON1/LON2/DLON/H
   63   72   76   78   79   87   91   93   94   93   91   89   85   81   77   73
   71   71   73   77   83   90   96  101  103  102   99   95   92   91   92   98
  107  119  133  149  166  182  197  212  227  242  256  269  280  289  295  297
  296  291  283  272  259  244  228  211  193  176  160  144  129  116  104   94
   86   80   78   73   75   74   79   83   63                                   
    62.5-180.0 180.0   5.0 450.0                            LAT/LON1/LON2/DLON/H
   53   60   65   68   71   80   85   89   91   92   91   90   87   84   80   77
   75   75   76   80   86   93   99  102  104  102   99   95   92   91   93  100
  111  125  141  158  175  192  208  223  239  254  268  282  294  302  308  309
  306  300  290  278  264  247  230  211  193  174  157  139  123  107   93   81
   71   63   60   56   58   57   63   70   53                                   
    60.0-180.0 180.0   5.0 450.0                            LAT/LON1/LON2/DLON/H
   46   49   54   58   61   69   75   79   83   85   86   86   85   83   80   78
   75   74   75   78   82   87   92   94   95   93   90   87   85   86   91  101
  114  131  149  168  186  203  219  234  249  264  279  292  304  311  315  315
  310  303  292  279  263  246  228  210  191  173  156  138  121  104   87   73
   61   52   49   44   47   44   51   59   46                                   
    57.5-180.0 180.0   5.0 450.0                            LAT/LON1/LON2/DLON/H
   44   43   47   51   54   60   65   70   74   76   79   80   80   80   78   76
   73   72   71   72   75   77   80   81   80   78   76   75   76   81   90  104
  121  141  162  182  201  218  234  248  262  277  291  303  313  320  322  320
  314  305  294  281  266  249  232  214  197  181  165  149  132  114   97   81
   66   56   51   46   48   43   48   55   44                                   
    55.0-180.0 180.0   5.0 450.0                            LAT/LON1/LON2/DLON/H
   49   45   46   48   50   54   59   62   65   68   71   73   74   74   73   72
   70   67   66   65   66   66   66   66   64   63   62   64   69   78   92  109
  130  153  176  198  218  235  250  263  276  289  302  313  322  327  328  325
  318  309  299  286  272  257  241  225  209  195  182  168  154  137  119  102
   86   74   68   62   62   55   57   62   49                                   
    52.5-180.0 180.0   5.0 450.0                            LAT/LON1/LON2/DLON/H
   63   54   53   51   51   54   57   58   60   62   64   67   68   69   69   68
   66   64   62   61   60   59   57   55   53   52   53   58   67   80   98  120
  144  169  194  217  237  253  267  279  291  302  313  322  330  334  334  331
  325  317  307  296  283  269  254  239  225  214  203  192  180  166  149  133
  116  103   97   89   88   79   78   78   63                                   
    50.0-180.0 180.0   5.0 450.0                            LAT/LON1/LON2/DLON/H
   81   71   66   61   59   60   61   60   60   61   62   64   65   66   66   66
   65   64   62   61   59   57   54   51   48   48   52   59   72   89  110  135
  161  188  213  236  256  272  285  295  305  314  323  331  337  341  341  338
  333  327  319  309  298  284  269  254  241  230  221  212  203  192  178  163
  147  135  127  120  118  110  106  101   81                                   
    47.5-180.0 180.0   5.0 450.0                            LAT/LON1/LON2/DLON/H
  101   91   84   77   73   71   70   67   65   64   65   65   66   66   66   66
   66   66   66   65   64   62   58   55   53   54   59   69   85  105  128  153
  180  206  231  254  274  289  301  310  318  325  332  338  344  347  348  346
  342  337  331  323  312  298  282  265  250  238  229  222  216  207  195  182
  168  157  150  144  143  137  132  124  101                                   
    45.0-180.0 180.0   5.0 450.0                            LAT/LON1/LON2/DLON/H
  117  110  103   95   90   87   83   79   75   73   72   71   71   70   70   70
   71   72   73   74   74   72   69   66   64   66   73   85  103  123  147  171
  197  222  247  269  289  304  316  324  330  335  339  344  349  352  353  352
  350  346  342  334  323  308  289  269  252  237  227  220  214  207  198  187
  175  165  157  153  154  151  147  141  117                                   
    42.5-180.0 180.0   5.0 450.0                            LAT/LON1/LON2/DLON/H
  124  121  117  111  107  103   99   93   89   86   83   82   80   78   77   77
   78   81   83   86   86   85   83   80   79   82   90  104  121  142  164  188
  212  236  260  283  302  318  330  337  342  345  348  350  353  355  356  356
  354  352  347  340  329  312  291  269  248  231  219  210  203  197  188  179
  168  158  150  145  147  148  148  144  124                                   
    40.0-180.0 180.0   5.0 450.0                            LAT/LON1/LON2/DLON/H
  121  122  122  119  118  115  111  107  102   99   96   93   90   88   86   85
   87   90   93   97   99   98   96   94   93   97  105  119  137  157  179  201
  224  248  273  296  317  333  345  352  356  358  358  359  360  360  360  359
  357  354  350  343  332  315  294  271  248  229  214  202  194  186  177  168
  157  145  135  128  129  131  134  134  121                                   
    37.5-180.0 180.0   5.0 450.0                            LAT/LON1/LON2/DLON/H
  110  114  117  117  121  119  118  115  112  109  106  104  100   97   94   93
   95   98  102  106  108  108  106  103  103  107  116  130  149  170  191  214
  237  262  288  313  335  352  365  372  375  375  374  373  371  370  368  365
  362  359  355  349  340  326  307  285  263  242  225  211  199  189  179  169
  155  140  126  113  109  108  114  115  110                                   
    35.0-180.0 180.0   5.0 450.0                            LAT/LON1/LON2/DLON/H
   99  103  107  109  115  116  117  117  116  114  112  110  108  104  101  100
  101  104  108  111  113  112  110  107  106  110  120  136  157  179  202  227
  252  280  308  335  358  377  390  398  401  401  398  395  391  387  383  378
  374  370  367  364  359  350  336  318  300  281  263  247  233  220  208  195
  179  159  138  116  104   95  100   99   99                                   
    32.5-180.0 180.0   5.0 450.0                            LAT/LON1/LON2/DLON/H
   94   96   98   99  105  106  110  112  114  114  113  113  111  108  106  104
  104  107  110  113  114  112  109  105  105  109  121  139  162  187  214  241
  271  302  334  364  389  409  423  431  435  434  432  427  422  416  409  402
  396  393  392  393  393  391  384  374  362  347  332  316  300  284  270  254
  234  209  182  149  125  105  104   96   94                                   
    30.0-180.0 180.0   5.0 450.0                            LAT/LON1/LON2/DLON/H
  101   98   97   93   96   97  101  104  107  108  110  110  110  109  107  105
  106  108  111  113  112  109  105  101  101  107  120  141  167  197  228  260
  295  331  367  399  426  446  461  470  475  476  473  469  463  455  447  438
  431  429  431  437  444  450  452  451  446  437  426  412  395  378  361  343
  320  291  258  215  180  144  133  113  101                                   
    27.5-180.0 180.0   5.0 450.0                            LAT/LON1/LON2/DLON/H
  124  116  106   96   94   92   95   97  100  102  104  105  106  106  105  104
  105  107  109  110  108  105  101   98   98  104  120  144  175  210  246  283
  322  363  403  438  466  487  502  512  519  522  522  519  513  505  496  487
  481  480  487  498  513  526  537  543  545  543  537  526  510  492  474  454
  429  398  359  309  263  212  186  154  124                                   
    25.0-180.0 180.0   5.0 450.0                            LAT/LON1/LON2/DLON/H
  165  150  130  110  102   95   96   95   96   98   99  101  102  102  101  101
  102  104  106  106  104  101   98   96   97  105  123  151  187  227  267  309
  353  397  439  476  504  525  541  552  561  568  572  572  569  563  555  548
  544  547  559  576  596  616  632  643  651  654  652  643  629  612  593  572
  546  513  470  416  361  298  255  214  165                                   
    22.5-180.0 180.0   5.0 450.0                            LAT/LON1/LON2/DLON/H
  220  200  170  138  123  110  106  103  101  100   99   99   99   99   98   97
   98  101  103  103  101   99   98   97  100  111  132  164  204  247  291  336
  382  429  473  509  537  558  573  587  599  610  619  624  625  623  618  615
  616  624  640  662  685  707  724  737  746  751  750  744  731  714  695  673
  647  616  572  518  457  388  334  286  220                                   
    20.0-180.0 180.0   5.0 450.0                            LAT/LON1/LON2/DLON/H
  284  260  224  182  156  138  128  120  114  110  106  103  101   99   97   96
   97   99  101  101  100  100  100  102  108  121  145  180  223  269  315  361
  408  455  498  534  560  580  596  612  627  643  657  668  674  677  677  679
  685  698  717  739  762  781  795  805  811  814  812  804  790  772  752  729
  704  678  638  591  530  466  408  360  284                                   
    17.5-180.0 180.0   5.0 450.0                            LAT/LON1/LON2/DLON/H
  343  318  283  238  200  179  160  147  135  126  118  112  107  103  100   98
   98  100  101  101  101  102  104  109  118  135  161  199  243  289  335  381
  427  472  513  546  572  592  609  626  645  665  684  700  711  718  723  729
  740  755  774  794  812  825  833  836  835  832  824  812  794  772  749  725
  701  681  652  615  563  510  460  417  343                                   
    15.0-180.0 180.0   5.0 450.0                            LAT/LON1/LON2/DLON/H
  384  362  335  293  250  226  201  182  163  148  134  124  116  110  105  103
  103  104  104  103  103  105  110  118  130  149  178  217  261  306  350  393
  436  478  515  547  572  593  612  632  654  678  700  720  734  744  752  761
  774  789  806  822  833  838  837  832  822  810  795  775  750  721  692  665
  642  626  609  585  549  512  475  446  384                                   
    12.5-180.0 180.0   5.0 450.0                            LAT/LON1/LON2/DLON/H
  400  383  367  335  295  270  242  218  193  171  152  137  125  117  112  109
  108  109  108  107  106  109  116  126  141  163  195  234  276  318  359  398
  437  475  510  540  566  589  611  633  658  684  709  731  746  757  767  776
  789  802  815  824  829  826  818  804  787  766  741  713  679  642  606  574
  550  537  527  515  497  478  455  440  400                                   
    10.0-180.0 180.0   5.0 450.0                            LAT/LON1/LON2/DLON/H
  393  381  375  353  323  301  273  247  219  193  169  149  134  124  118  115
  114  113  112  110  110  113  120  132  150  176  210  248  288  327  364  399
  434  469  502  532  560  585  610  634  661  689  715  737  752  763  771  779
  789  799  807  810  808  800  787  768  745  719  688  652  611  566  524  486
  459  445  439  435  431  425  414  409  393                                   
     7.5-180.0 180.0   5.0 450.0                            LAT/LON1/LON2/DLON/H
  375  367  366  353  335  315  289  264  235  208  182  159  142  130  122  119
  117  116  115  112  112  114  122  136  158  189  223  261  298  333  366  399
