data/edconvlstm_nd/pred2960.15i
     1.0            IONOSPHERE MAPS     GNSS                IONEX VERSION / TYPE
pyspatialgeodesy        IME             05-JAN-18 20:20     PGM / RUN BY / DATE 
Map Name                                                    COMMENT             
Predicted global ionosphere maps (GIM).                     DESCRIPTION         
  2015    10    23     0     0     0                        EPOCH OF FIRST MAP  
  2015    10    24     0     0     0                        EPOCH OF LAST MAP   
  7200                                                      INTERVAL            
    13                                                      # OF MAPS IN FILE   
  NONE                                                      MAPPING FUNCTION    
10.0                                                        ELEVATION CUTOFF    
One-way carrier phase leveled to code                       OBSERVABLES USED    
  6371.0                                                    BASE RADIUS         
 2                                                          MAP DIMENSION       
   450.0 450.0   0.0                                        HGT1 / HGT2 / DHGT  
    87.5 -87.5  -2.5                                        LAT1 / LAT2 / DLAT  
  -180.0 180.0   5.0                                        LON1 / LON2 / DLON  
    -1                                                      EXPONENT            
                                                            END OF HEADER       
[from data line 3432]
     9                                                      START OF TEC MAP    
  2015    10    23    16     0     0                        EPOCH OF CURRENT MAP
    87.5-180.0 180.0   5.0 450.0                            LAT/LON1/LON2/DLON/H
  112  120  119  127  133  135  136  136  138  143  144  147  149  152  154  155
  157  158  159  159  159  159  158  157  156  155  153  151  149  147  145  142
  140  138  136  134  132  130  129  127  126  125  125  124  124  124  124  124
  124  125  125  125  125  125  125  125  125  125  124  124  124  123  122  122
  121  122  119  115  120  116  125  121  112                                   
    85.0-180.0 180.0   5.0 450.0                            LAT/LON1/LON2/DLON/H
  114  115  128  119  123  132  134  139  143  148  151  155  158  162  165  168
  170  172  173  174  174  174  173  172  170  168  165  162  159  156  153  150
  147  144  141  138  135  133  131  129  128  126  125  125  125  124  125  125
  125  126  127  127  128  128  128  128  127  127  126  125  124  123  122  121
  121  120  115  109  109  108  110  111  114                                   
    82.5-180.0 180.0   5.0 450.0                            LAT/LON1/LON2/DLON/H
   92   97  101  100  108  117  125  131  137  144  150  157  162  168  173  178
  181  185  187  188  189  188  187  185  183  179  175  171  166  161  157  152
  147  142  138  134  130  127  124  121  119  117  116  115  115  115  115  116
  117  118  119  121  122  122  122  122  121  120  119  117  115  112  109  107
  106  103   98   94   93  100   90   90   92                                   
    80.0-180.0 180.0   5.0 450.0                            LAT/LON1/LON2/DLON/H
   68   69   76   77   84   91  101  110  120  129  137  147  155  162  169  176
  181  185  188  190  191  190  189  186  183  178  173  167  160  154  147  140
  134  128  123  118  113  109  105  102  100   97   96   95   95   96   97   99
  102  104  107  110  112  114  115  115  114  113  110  107  104  100   96   92
   89   85   81   77   71   73   66   73   68                                   
    77.5-180.0 180.0   5.0 450.0                            LAT/LON1/LON2/DLON/H
   60   57   59   60   67   75   85   96  107  118  128  140  150  160  169  178
  184  190  194  197  199  199  198  196  192  187  180  173  166  158  150  142
  135  128  122  116  110  105  100   96   92   89   87   86   85   86   88   90
   94   98  102  107  110  113  115  116  115  113  110  106  101   96   90   85
   80   76   72   69   63   59   55   64   60                                   
    75.0-180.0 180.0   5.0 450.0                            LAT/LON1/LON2/DLON/H
   48   49   47   50   55   62   71   81   93  105  117  129  141  153  163  172
  180  187  193  198  201  203  203  202  199  194  187  180  172  163  155  146
  139  131  125  118  113  107  102   97   92   88   84   82   81   81   82   85
   89   94   99  104  109  113  116  117  117  115  111  107  102   96   90   85
   79   75   71   66   61   55   51   49   48                                   
    72.5-180.0 180.0   5.0 450.0                            LAT/LON1/LON2/DLON/H
   48   49   46   49   51   58   66   75   86   98  110  123  136  148  160  170
  179  188  195  202  207  211  214  214  212  208  202  195  187  178  170  161
  153  146  139  133  126  120  114  107  101   95   89   85   82   80   81   82
   86   90   96  101  107  111  115  116  116  115  111  107  102   96   91   86
   81   77   74   69   65   61   58   58   48                                   
    70.0-180.0 180.0   5.0 450.0                            LAT/LON1/LON2/DLON/H
   50   52   49   51   51   55   60   69   79   91  103  117  129  141  152  163
  173  182  192  201  209  216  221  224  224  222  217  210  202  194  185  177
  169  162  155  148  141  134  127  119  111  103   96   89   84   81   79   79
   80   83   88   93   98  102  106  108  109  108  106  102   98   94   90   86
   82   79   78   75   72   69   69   67   50                                   
    67.5-180.0 180.0   5.0 450.0                            LAT/LON1/LON2/DLON/H
   53   56   53   54   54   57   62   70   79   90  102  115  127  138  149  160
  170  181  192  204  214  224  232  236  238  237  234  228  220  212  204  196
  188  181  174  166  158  150  141  132  122  113  104   95   88   82   78   76
   75   76   79   82   86   90   93   96   98   98   97   95   93   90   87   85
   83   81   80   77   75   75   74   71   53                                   
    65.0-180.0 180.0   5.0 450.0                            LAT/LON1/LON2/DLON/H
   51   55   51   53   51   55   58   66   76   87   99  111  123  134  144  155
  165  177  190  203  216  228  238  245  248  249  246  241  235  228  220  213
  205  197  189  180  171  161  151  140  130  119  109   99   90   82   75   70
   67   65   64   65   67   70   73   76   79   81   82   82   81   80   78   77
   76   76   76   74   74   75   75   73   51                                   
    62.5-180.0 180.0   5.0 450.0                            LAT/LON1/LON2/DLON/H
   44   48   44   47   46   50   55   63   73   85   97  109  121  132  142  153
  164  176  189  204  218  230  241  249  254  256  254  251  246  240  234  227
  219  211  201  191  180  168  156  144  133  121  111  100   90   81   73   65
   59   54   51   49   49   51   53   57   60   63   66   67   68   68   68   67
   66   66   67   64   64   65   65   65   44                                   
    60.0-180.0 180.0   5.0 450.0                            LAT/LON1/LON2/DLON/H
   35   38   35   39   39   42   49   58   69   81   94  107  119  131  141  152
  163  176  189  203  217  230  240  249  254  256  256  254  252  248  243  238
  231  222  211  199  186  172  159  146  133  122  111  101   91   81   72   62
   54   47   41   37   35   35   37   40   44   48   52   55   57   57   57   57
   56   55   54   52   51   51   51   53   35                                   
    57.5-180.0 180.0   5.0 450.0                            LAT/LON1/LON2/DLON/H
   27   29   27   32   33   36   44   54   66   80   94  108  120  132  143  155
  167  179  192  204  216  228  237  245  250  253  255  255  255  254  252  248
  242  234  222  208  194  178  164  150  137  126  116  106   97   87   77   66
   56   47   39   33   30   29   30   33   38   42   47   50   52   53   53   52
   50   48   46   43   41   39   38   42   27                                   
    55.0-180.0 180.0   5.0 450.0                            LAT/LON1/LON2/DLON/H
   25   26   25   31   31   35   43   54   67   81   96  110  124  136  148  161
  173  185  196  207  216  224  232  238  244  248  251  254  257  259  259  258
  253  245  233  219  203  187  172  158  145  134  125  116  107   97   87   76
   65   55   46   40   35   33   34   37   41   45   50   53   56   56   56   54
   51   48   46   41   39   34   31   36   25                                   
    52.5-180.0 180.0   5.0 450.0                            LAT/LON1/LON2/DLON/H
   32   31   31   36   36   41   49   59   73   87  102  116  130  143  156  169
  182  193  202  210  216  222  227  232  238  243  249  254  258  263  265  266
  262  255  244  231  215  199  184  170  157  146  137  129  121  112  102   91
   81   71   62   55   50   48   48   50   53   57   61   64   66   67   66   64
   61   57   54   49   46   39   35   38   32                                   
    50.0-180.0 180.0   5.0 450.0                            LAT/LON1/LON2/DLON/H
   47   45   45   49   49   54   61   71   84   98  112  126  140  153  167  180
  192  202  210  215  218  221  225  230  236  242  249  255  261  266  270  271
  269  263  254  242  228  214  199  185  172  162  152  144  136  128  118  109
   99   90   82   76   71   69   69   70   73   75   78   80   81   82   81   80
   77   74   71   67   62   55   49   49   47                                   
    47.5-180.0 180.0   5.0 450.0                            LAT/LON1/LON2/DLON/H
   69   66   65   67   67   72   79   88  100  114  127  141  154  167  180  193
  204  213  218  221  222  223  226  231  238  245  252  258  263  267  270  271
  270  265  259  250  239  227  214  200  188  176  167  158  151  142  133  124
  115  108  101   96   92   90   90   91   92   94   95   96   97   97   98   97
   96   94   92   89   85   78   73   68   69                                   
    45.0-180.0 180.0   5.0 450.0                            LAT/LON1/LON2/DLON/H
   91   89   86   87   87   91   97  107  119  133  146  159  171  183  195  207
  216  223  226  227  227  228  231  237  245  253  259  262  264  265  265  265
  264  262  259  254  247  238  227  213  200  187  177  168  160  151  143  134
  126  119  114  110  107  105  105  105  106  106  107  107  108  109  110  112
  111  112  112  111  109  103   99   91   91                                   
    42.5-180.0 180.0   5.0 450.0                            LAT/LON1/LON2/DLON/H
  109  107  103  103  103  107  113  123  136  151  165  178  190  202  212  222
  229  233  234  234  234  235  240  247  255  262  266  266  264  260  258  256
  256  257  258  257  254  248  237  223  208  194  182  172  163  154  145  136
  128  122  118  114  112  111  110  111  111  111  111  111  112  114  117  119
  121  123  124  125  126  122  120  112  109                                   
    40.0-180.0 180.0   5.0 450.0                            LAT/LON1/LON2/DLON/H
  117  116  111  112  112  116  123  135  150  167  182  197  210  221  231  238
  242  244  243  242  242  244  250  258  266  271  272  269  262  255  251  250
  252  256  261  265  265  260  249  233  215  197  183  172  162  153  143  134
  126  120  115  111  109  108  108  108  109  109  109  109  110  113  116  120
  122  125  127  129  132  130  128  123  117                                   
    37.5-180.0 180.0   5.0 450.0                            LAT/LON1/LON2/DLON/H
  115  114  109  112  114  119  127  141  158  178  197  214  229  241  250  255
  256  255  253  251  251  254  260  267  274  278  277  271  263  255  252  253
  260  268  278  285  286  280  266  246  223  202  185  172  162  152  142  133
  124  117  111  107  104  102  102  103  104  104  105  105  107  109  112  116
  117  119  121  123  126  126  124  122  115                                   
    35.0-180.0 180.0   5.0 450.0                            LAT/LON1/LON2/DLON/H
  104  103  100  104  109  114  126  142  163  185  207  228  245  259  268  271
  271  268  264  262  262  265  269  275  281  283  282  277  270  266  267  274
  286  300  313  321  321  311  293  267  239  214  194  179  167  157  147  138
  130  122  115  109  105  102  101  102  103  104  104  105  106  108  110  112
  112  112  112  112  114  113  110  111  104                                   
    32.5-180.0 180.0   5.0 450.0                            LAT/LON1/LON2/DLON/H
   92   91   89   94  100  107  121  140  163  189  214  237  258  274  284  287
  286  282  278  275  275  275  278  281  285  288  289  288  288  291  300  316
  335  354  369  376  372  356  331  299  266  236  213  195  183  173  164  156
  149  141  133  126  119  115  113  113  114  114  114  114  115  115  116  115
  111  109  106  103  102   99   95   98   92                                   
    30.0-180.0 180.0   5.0 450.0                            LAT/LON1/LON2/DLON/H
   83   82   82   85   93   99  117  136  162  189  216  242  265  284  296  301
  300  296  293  290  289  287  286  286  290  296  302  309  319  333  353  378
  406  430  446  449  438  414  381  343  305  271  244  224  211  202  196  190
  184  178  170  161  152  145  142  141  140  139  138  137  135  134  132  128
  121  115  109  102   97   91   83   88   83                                   
    27.5-180.0 180.0   5.0 450.0                            LAT/LON1/LON2/DLON/H
   82   81   80   83   90   97  115  135  161  188  216  243  268  289  304  311
  312  311  308  306  303  298  294  293  298  309  323  341  363  390  423  459
  494  522  536  532  512  479  438  395  353  316  287  266  252  244  240  238
  236  232  224  214  204  195  189  186  183  179  176  172  169  164  159  151
  141  133  122  112  103   93   81   84   82                                   
    25.0-180.0 180.0   5.0 450.0                            LAT/LON1/LON2/DLON/H
   90   89   86   87   93  100  118  137  162  188  214  241  267  289  306  317
  321  323  323  321  317  310  304  303  312  329  354  384  419  459  503  549
  590  618  626  613  582  540  494  448  406  368  337  314  300  293  292  295
  297  296  290  281  269  259  250  243  237  230  223  217  210  203  195  183
  170  159  145  133  120  106   88   88   90                                   
    22.5-180.0 180.0   5.0 450.0                            LAT/LON1/LON2/DLON/H
  105  102   96   97  101  108  126  144  168  191  215  239  264  287  306  319
  328  332  335  334  329  322  316  318  333  359  394  436  482  532  584  635
  677  700  700  676  636  589  540  496  455  418  386  362  346  340  342  348
  355  358  355  346  335  323  312  303  293  283  272  263  254  244  233  218
  202  190  173  161  144  125  103   98  105                                   
    20.0-180.0 180.0   5.0 450.0                            LAT/LON1/LON2/DLON/H
  121  117  107  107  111  119  137  155  177  198  218  240  263  286  306  322
  334  342  346  347  342  336  333  341  362  398  442  493  545  600  654  703
  738  752  742  710  665  616  570  530  493  459  427  400  382  374  376  384
  394  401  401  395  384  373  361  350  338  325  312  301  289  278  265  248
  231  219  199  188  168  145  122  113  121                                   
    17.5-180.0 180.0   5.0 450.0                            LAT/LON1/LON2/DLON/H
  134  128  116  114  118  127  147  166  187  208  226  246  267  290  311  329
  343  353  360  361  358  354  357  371  401  444  495  549  603  655  702  741
  765  767  748  711  666  622  583  549  518  486  454  423  400  388  388  396
  408  417  421  418  409  399  387  376  363  350  336  323  310  298  285  268
  251  239  220  209  187  163  140  128  134                                   
    15.0-180.0 180.0   5.0 450.0                            LAT/LON1/LON2/DLON/H
  141  134  120  117  120  132  153  175  198  219  238  257  279  301  323  342
  358  371  379  381  380  379  388  409  446  494  547  600  648  690  725  749
  758  749  724  689  649  613  582  556  531  501  467  432  403  385  380  386
  397  408  415  415  409  401  391  380  368  355  341  328  315  303  290  274
  259  248  230  220  198  174  152  140  141                                   
    12.5-180.0 180.0   5.0 450.0                            LAT/LON1/LON2/DLON/H
  143  135  120  115  118  131  155  180  207  232  253  275  297  321  344  364
  382  395  404  407  408  412  426  455  497  546  597  642  678  706  724  732
  728  713  688  658  627  600  579  561  539  510  472  431  395  370  360  362
  372  384  393  396  393  386  378  368  358  346  333  319  306  294  282  268
  254  245  228  219  200  179  158  146  143                                   
    10.0-180.0 180.0   5.0 450.0                            LAT/LON1/LON2/DLON/H
  141  133  118  112  114  129  155  184  215  244  270  296  322  347  372  393
  412  426  435  439  443  452  472  505  549  596  639  672  694  705  708  704
  693  676  656  634  614  598  585  571  550  518  475  428  386  355  340  338
  346  358  368  373  373  367  360  351  342  331  318  305  291  279  268  254
  241  233  219  211  195  177  158  148  141                                   
     7.5-180.0 180.0   5.0 450.0                            LAT/LON1/LON2/DLON/H
  139  131  118  112  113  128  156  187  222  256  288  318  348  377  403  426
  446  461  471  477  483  497  522  558  601  641  673  691  698  695  688  678
