data/edconvlstm_nd/pred2350.15i
     1.0            IONOSPHERE MAPS     GNSS                IONEX VERSION / TYPE
pyspatialgeodesy        IME             05-JAN-18 20:20     PGM / RUN BY / DATE 
Map Name                                                    COMMENT             
Predicted global ionosphere maps (GIM).                     DESCRIPTION         
  2015     8    23     0     0     0                        EPOCH OF FIRST MAP  
  2015     8    24     0     0     0                        EPOCH OF LAST MAP   
  7200                                                      INTERVAL            
    13                                                      # OF MAPS IN FILE   
  NONE                                                      MAPPING FUNCTION    
10.0                                                        ELEVATION CUTOFF    
One-way carrier phase leveled to code                       OBSERVABLES USED    
  6371.0                                                    BASE RADIUS         
 2                                                          MAP DIMENSION       
   450.0 450.0   0.0                                        HGT1 / HGT2 / DHGT  
    87.5 -87.5  -2.5                                        LAT1 / LAT2 / DLAT  
  -180.0 180.0   5.0                                        LON1 / LON2 / DLON  
    -1                                                      EXPONENT            
                                                            END OF HEADER       
[from data line 3432]
     9                                                      START OF TEC MAP    
  2015     8    23    16     0     0                        EPOCH OF CURRENT MAP
    87.5-180.0 180.0   5.0 450.0                            LAT/LON1/LON2/DLON/H
  120  125  121  127  129  128  127  125  125  127  125  126  125  125  125  125
  125  125  125  124  124  124  123  122  122  121  120  119  118  118  117  116
  115  114  114  113  113  112  112  112  112  112  112  113  113  113  114  114
  115  115  116  116  117  118  118  119  119  120  120  121  121  122  122  122
  123  124  122  120  127  123  134  130  120                                   
    85.0-180.0 180.0   5.0 450.0                            LAT/LON1/LON2/DLON/H
  123  126  137  127  126  130  129  131  131  132  131  131  131  131  130  130
  130  130  130  129  129  128  128  127  126  125  124  123  121  120  119  117
  116  115  114  113  113  112  112  112  111  112  112  112  112  113  113  114
  115  115  116  117  118  119  119  120  121  122  123  123  124  125  125  126
  127  127  124  121  121  120  126  126  123                                   
    82.5-180.0 180.0   5.0 450.0                            LAT/LON1/LON2/DLON/H
  109  118  124  119  119  123  125  126  125  126  126  126  126  126  126  127
  127  127  127  127  127  126  126  125  124  122  121  119  117  115  113  111
  110  108  107  105  104  104  103  103  103  103  103  104  104  105  106  106
  107  108  109  110  111  112  113  114  115  116  117  118  118  119  119  120
  121  120  117  117  116  124  119  115  109                                   
    80.0-180.0 180.0   5.0 450.0                            LAT/LON1/LON2/DLON/H
   98  104  114  112  111  111  114  118  118  120  119  121  121  121  122  123
  123  124  124  125  125  125  124  124  122  121  119  117  114  111  108  106
  103  101   99   97   95   94   94   93   93   93   94   94   95   95   96   97
   98   99  100  101  102  103  104  105  106  107  107  108  108  109  109  110
  111  110  109  109  105  107  108  109   98                                   
    77.5-180.0 180.0   5.0 450.0                            LAT/LON1/LON2/DLON/H
   97   97  104  103  104  106  109  112  113  114  114  115  116  117  118  119
  121  122  124  125  126  127  127  127  126  124  122  119  116  113  109  106
  103  100   97   95   93   92   91   90   90   90   90   90   90   91   92   93
   94   95   96   97   98   98   99   99   99  100  100  100  100  100  100  100
  100   99   98   98   98   96   99  102   97                                   
    75.0-180.0 180.0   5.0 450.0                            LAT/LON1/LON2/DLON/H
   88   90   93   95   97  101  103  106  108  110  110  112  112  114  115  117
  119  122  124  126  128  130  131  131  131  130  128  125  122  119  115  111
  108  104  101   99   97   95   94   93   92   92   91   91   91   91   91   92
   93   93   94   94   95   95   95   95   94   94   93   93   93   93   92   92
   92   92   91   88   89   87   89   83   88                                   
    72.5-180.0 180.0   5.0 450.0                            LAT/LON1/LON2/DLON/H
   80   81   85   91   92   96  100  103  104  106  106  107  109  110  112  114
  117  120  123  126  129  131  133  134  134  133  132  129  126  122  118  114
  111  107  104  102  100   98   97   95   94   93   92   91   90   90   90   90
   91   91   91   91   91   90   89   88   87   86   85   85   84   84   83   83
   82   81   81   78   77   77   79   79   80                                   
    70.0-180.0 180.0   5.0 450.0                            LAT/LON1/LON2/DLON/H
   77   76   79   85   87   91   94   98  100  102  103  105  106  108  110  112
  115  118  121  124  128  131  133  135  136  136  134  132  130  126  123  120
  116  113  110  108  106  104  102  101   99   97   96   94   92   91   91   91
   90   90   90   89   88   87   85   83   81   80   79   78   78   77   77   77
   76   75   75   72   72   71   74   74   77                                   
    67.5-180.0 180.0   5.0 450.0                            LAT/LON1/LON2/DLON/H
   74   74   78   84   87   92   96  100  102  104  105  107  109  111  113  115
  117  119  122  125  129  132  134  136  137  137  136  135  132  130  127  124
  121  119  116  114  112  110  109  107  105  103  101   99   97   95   94   94
   93   93   92   91   89   86   84   81   79   78   76   76   75   75   75   75
   74   72   71   68   67   67   68   68   74                                   
    65.0-180.0 180.0   5.0 450.0                            LAT/LON1/LON2/DLON/H
   72   73   76   82   86   90   94   98  101  104  106  109  111  114  116  117
  119  121  123  125  127  130  132  134  136  136  136  135  133  132  130  129
  127  125  123  120  118  117  115  113  111  109  106  104  102  100   98   97
   96   95   94   92   89   86   83   80   78   76   75   74   74   73   73   73
   72   71   71   68   67   68   68   69   72                                   
    62.5-180.0 180.0   5.0 450.0                            LAT/LON1/LON2/DLON/H
   71   73   76   82   85   90   94   98  101  105  108  112  115  118  120  122
  123  124  124  125  126  128  130  132  133  133  133  133  133  133  133  132
  131  129  127  125  123  121  119  117  116  114  111  109  106  104  102  101
  100   98   96   94   90   87   83   80   78   76   75   74   74   73   73   72
   71   70   70   68   67   67   68   68   71                                   
    60.0-180.0 180.0   5.0 450.0                            LAT/LON1/LON2/DLON/H
   70   73   75   81   83   88   92   96  100  104  108  113  117  122  125  126
  127  126  125  124  124  125  126  127  129  129  130  131  132  133  135  135
  135  134  132  129  127  125  123  122  120  119  117  114  112  109  107  105
  103  101   99   96   92   88   85   82   80   78   77   76   75   73   72   71
   70   68   68   66   66   67   69   69   70                                   
    57.5-180.0 180.0   5.0 450.0                            LAT/LON1/LON2/DLON/H
   69   72   75   80   82   87   91   95   98  103  107  113  119  125  129  131
  132  130  128  125  124  123  124  125  126  127  128  130  133  136  138  141
  141  140  138  135  132  130  128  128  127  126  124  122  119  117  114  112
  109  107  104  100   96   92   89   87   85   84   83   81   78   75   73   71
   68   67   67   65   66   67   70   70   69                                   
    55.0-180.0 180.0   5.0 450.0                            LAT/LON1/LON2/DLON/H
   67   72   75   79   81   86   90   93   97  101  106  112  119  126  132  135
  136  134  130  127  124  123  122  123  124  125  127  130  134  138  142  146
  147  147  144  141  138  136  135  135  135  134  133  131  128  125  122  119
  116  113  109  105  101   97   95   93   92   91   90   87   83   78   74   70
   67   65   65   64   64   66   70   70   67                                   
    52.5-180.0 180.0   5.0 450.0                            LAT/LON1/LON2/DLON/H
   66   71   74   78   80   85   89   93   96  100  105  111  119  126  133  137
  139  137  134  129  126  124  123  124  124  126  128  131  135  141  146  151
  153  153  151  148  145  143  143  143  144  144  143  141  139  135  132  128
  124  121  117  112  108  104  102  101  101  100   98   94   89   82   76   70
   66   64   64   63   64   66   70   70   66                                   
    50.0-180.0 180.0   5.0 450.0                            LAT/LON1/LON2/DLON/H
   65   70   73   78   79   85   90   94   98  102  106  112  119  127  135  140
  143  142  138  133  130  127  127  127  127  128  130  133  138  144  150  156
  159  160  158  156  154  153  153  154  155  155  155  153  150  146  142  138
  134  130  125  120  116  112  110  110  110  110  108  103   96   87   79   73
   68   66   66   65   65   67   70   70   65                                   
    47.5-180.0 180.0   5.0 450.0                            LAT/LON1/LON2/DLON/H
   65   69   72   77   79   86   92   98  102  107  110  116  122  130  138  144
  147  147  144  140  136  133  133  133  133  133  134  136  141  147  154  160
  164  166  165  165  164  164  164  165  166  167  166  165  162  159  154  150
  145  141  135  130  125  121  119  119  120  120  117  112  104   95   86   78
   73   70   70   69   69   69   72   71   65                                   
    45.0-180.0 180.0   5.0 450.0                            LAT/LON1/LON2/DLON/H
   65   69   71   77   79   87   95  102  108  114  118  124  130  137  144  150
  154  155  152  148  145  142  141  141  141  141  140  142  145  151  157  164
  169  172  174  175  175  177  178  179  180  180  179  178  175  172  167  162
  157  152  146  140  134  129  127  127  127  128  126  121  113  103   94   87
   81   78   77   75   74   74   74   73   65                                   
    42.5-180.0 180.0   5.0 450.0                            LAT/LON1/LON2/DLON/H
   66   69   71   76   79   88   98  108  116  124  129  135  141  147  154  160
  164  165  163  159  155  153  151  151  150  149  148  148  151  156  163  170
  176  181  184  187  190  192  194  194  194  193  193  191  189  185  180  175
  168  162  155  149  142  137  133  132  133  133  132  128  121  113  105   98
   93   89   87   84   82   79   78   77   66                                   
    40.0-180.0 180.0   5.0 450.0                            LAT/LON1/LON2/DLON/H
   68   69   70   75   78   88  100  112  123  134  142  148  154  160  166  171
  175  176  174  171  167  164  162  161  161  159  157  157  159  164  171  179
  187  193  199  204  208  210  212  211  210  209  207  206  204  200  194  186
  179  171  163  155  148  141  137  135  135  135  135  132  128  122  116  110
  105  101   99   95   90   86   84   81   68                                   
    37.5-180.0 180.0   5.0 450.0                            LAT/LON1/LON2/DLON/H
   70   69   69   75   77   88  101  116  130  143  153  162  168  174  179  184
  187  188  186  182  178  175  173  172  171  169  168  168  171  176  184  194
  203  211  219  225  229  232  233  231  228  226  224  222  219  214  207  197
  188  178  169  160  151  143  137  134  133  134  134  134  132  129  125  121
  117  113  109  104   98   92   89   86   70                                   
    35.0-180.0 180.0   5.0 450.0                            LAT/LON1/LON2/DLON/H
   72   71   70   74   76   87  101  117  134  150  163  174  181  187  191  195
  197  198  196  193  189  185  183  181  181  180  181  182  187  194  204  215
  226  236  244  251  256  258  257  253  249  245  243  240  236  230  219  207
  194  183  172  161  151  143  136  131  129  129  130  132  132  132  131  129
  126  122  118  112  105   98   95   92   72                                   
    32.5-180.0 180.0   5.0 450.0                            LAT/LON1/LON2/DLON/H
   75   73   72   75   76   86  100  118  136  154  169  182  191  197  201  204
  206  206  205  202  198  194  192  191  191  192  195  200  207  216  229  242
  255  267  276  282  285  285  282  277  271  266  263  260  255  245  232  216
  200  185  173  161  150  140  133  127  124  124  125  127  130  132  133  133
  130  127  124  118  110  103  100   97   75                                   
    30.0-180.0 180.0   5.0 450.0                            LAT/LON1/LON2/DLON/H
   79   77   75   77   78   88  101  118  137  155  172  186  196  202  206  209
  211  212  211  209  206  203  201  200  201  205  211  220  230  243  258  274
  289  302  311  316  317  314  309  301  294  289  285  281  273  261  244  224
  204  187  172  159  148  138  130  124  120  118  119  121  124  128  130  131
  130  128  125  121  114  108  105  101   79                                   
    27.5-180.0 180.0   5.0 450.0                            LAT/LON1/LON2/DLON/H
   84   82   80   81   83   92  104  119  137  155  171  185  196  203  208  210
  213  214  216  215  214  212  210  211  214  220  230  242  257  273  291  309
  326  339  347  349  347  342  334  325  317  311  306  301  292  276  255  232
  209  189  172  158  146  136  129  123  118  115  114  115  118  122  125  127
  126  125  124  121  116  111  110  105   84                                   
    25.0-180.0 180.0   5.0 450.0                            LAT/LON1/LON2/DLON/H
   90   88   86   87   89   98  109  122  138  154  169  183  193  201  206  210
  213  216  219  221  222  222  222  223  228  237  251  267  285  304  324  343
  360  372  378  378  373  365  355  345  337  331  327  320  309  290  266  240
  215  193  174  159  147  138  131  125  120  115  112  111  112  115  118  120
  120  121  122  120  117  113  113  109   90                                   
    22.5-180.0 180.0   5.0 450.0                            LAT/LON1/LON2/DLON/H
   96   94   92   94   97  106  116  128  141  154  167  179  189  197  203  208
  212  218  223  228  231  233  235  238  245  257  273  292  312  333  353  373
  388  399  402  399  391  381  371  362  354  349  344  337  323  303  277  248
  222  199  179  163  151  142  136  131  126  119  113  109  108  109  111  113
  113  116  118  119  118  115  116  111   96                                   
    20.0-180.0 180.0   5.0 450.0                            LAT/LON1/LON2/DLON/H
  101  100   97  100  104  113  124  134  145  156  166  176  185  193  201  207
  214  221  228  236  242  247  251  256  264  278  295  316  337  358  377  394
  407  414  415  410  401  392  382  373  367  362  358  350  335  313  286  257
  231  207  187  171  158  150  145  141  135  127  118  111  107  106  106  107
  108  112  116  118  118  116  117  112  101                                   
    17.5-180.0 180.0   5.0 450.0                            LAT/LON1/LON2/DLON/H
  104  103  100  104  109  119  130  140  149  158  166  174  183  192  201  209
  218  227  236  246  255  262  268  275  285  299  318  338  359  377  394  407
  416  421  419  413  405  396  388  381  376  372  368  359  344  322  294  266
  240  218  197  180  168  160  156  153  147  138  126  116  110  106  105  105
  106  110  114  117  118  116  116  112  104                                   
    15.0-180.0 180.0   5.0 450.0                            LAT/LON1/LON2/DLON/H
  104  103  100  105  111  121  133  144  153  161  168  176  184  194  204  215
  225  235  246  257  267  277  285  294  306  320  339  358  376  392  404  413
  419  420  417  411  403  396  390  385  382  379  374  365  350  328  301  274
  250  228  208  191  178  170  167  165  159  149  136  124  115  110  107  106
  106  109  114  116  116  115  114  110  104                                   
    12.5-180.0 180.0   5.0 450.0                            LAT/LON1/LON2/DLON/H
  102  101   97  102  108  119  133  144  155  164  171  179  188  199  211  223
  235  246  257  268  279  290  301  312  325  340  357  375  390  402  411  416
  418  416  412  405  399  394  390  387  385  382  377  368  352  330  305  280
  257  236  217  199  186  178  175  174  169  159  145  133  123  116  112  110
  109  111  113  114  114  111  110  106  102                                   
    10.0-180.0 180.0   5.0 450.0                            LAT/LON1/LON2/DLON/H
   98   97   92   98  103  114  129  142  154  165  174  183  194  206  220  234
  246  257  267  278  289  301  314  327  342  357  373  389  402  411  416  417
  415  411  405  398  393  389  388  387  385  382  377  367  350  329  305  281
  259  240  221  203  189  181  179  178  174  164  152  139  130  123  119  116
  113  113  113  112  110  107  105  102   98                                   
     7.5-180.0 180.0   5.0 450.0                            LAT/LON1/LON2/DLON/H
   94   93   87   92   97  107  123  137  152  165  177  188  201  214  229  244
  257  268  277  286  296  309  324  339  355  370  386  400  411  418  420  418
