data/edconvlstm_nd/pred3060.15i
     1.0            IONOSPHERE MAPS     GNSS                IONEX VERSION / TYPE
pyspatialgeodesy        IME             05-JAN-18 20:20     PGM / RUN BY / DATE 
Map Name                                                    COMMENT             
Predicted global ionosphere maps (GIM).                     DESCRIPTION         
  2015    11     2     0     0     0                        EPOCH OF FIRST MAP  
  2015    11     3     0     0     0                        EPOCH OF LAST MAP   
  7200                                                      INTERVAL            
    13                                                      # OF MAPS IN FILE   
  NONE                                                      MAPPING FUNCTION    
10.0                                                        ELEVATION CUTOFF    
One-way carrier phase leveled to code                       OBSERVABLES USED    
  6371.0                                                    BASE RADIUS         
 2                                                          MAP DIMENSION       
   450.0 450.0   0.0                                        HGT1 / HGT2 / DHGT  
    87.5 -87.5  -2.5                                        LAT1 / LAT2 / DLAT  
  -180.0 180.0   5.0                                        LON1 / LON2 / DLON  
    -1                                                      EXPONENT            
                                                            END OF HEADER       
[from data line 858]
     3                                                      START OF TEC MAP    
  2015    11     2     4     0     0                        EPOCH OF CURRENT MAP
    87.5-180.0 180.0   5.0 450.0                            LAT/LON1/LON2/DLON/H
   62   69   64   64   63   63   60   57   57   58   58   59   59   59   60   60
   60   60   60   60   60   60   60   60   60   60   60   60   60   60   60   60
   60   60   60   61   61   61   61   61   61   62   62   62   62   62   63   63
   63   63   64   64   64   65   65   65   65   65   65   65   65   64   64   64
   65   65   64   64   68   78   85   77   62                                   
    85.0-180.0 180.0   5.0 450.0                            LAT/LON1/LON2/DLON/H
   52   71   58   60   61   61   59   57   57   57   56   57   58   58   58   59
   59   59   59   59   59   59   59   59   59   59   59   59   59   60   60   60
   61   62   62   63   64   65   66   66   67   68   68   69   69   70   70   71
   71   72   73   73   74   75   76   76   77   77   77   77   77   77   76   76
   76   76   73   75   76   78   86   77   52                                   
    82.5-180.0 180.0   5.0 450.0                            LAT/LON1/LON2/DLON/H
   57   60   65   56   53   53   51   48   49   49   49   50   50   51   52   52
   53   53   53   53   53   53   52   52   51   51   51   51   51   51   52   52
   54   55   57   58   60   62   63   65   66   67   68   69   70   71   72   73
   74   75   76   78   80   81   83   84   86   87   87   88   88   87   86   86
   85   84   81   79   86   75   74   71   57                                   
    80.0-180.0 180.0   5.0 450.0                            LAT/LON1/LON2/DLON/H
   69   64   60   47   45   42   42   39   39   39   39   40   42   43   44   46
   46   47   47   47   47   47   46   45   44   43   42   42   42   43   44   45
   47   49   52   54   57   59   61   63   65   66   67   68   69   70   70   71
   73   75   77   79   82   85   88   91   94   96   98   99   99   99   98   97
   96   93   91   87   94   83   81   76   69                                   
    77.5-180.0 180.0   5.0 450.0                            LAT/LON1/LON2/DLON/H
   79   69   59   48   40   38   36   34   34   33   34   36   38   41   43   45
   47   48   49   49   48   47   46   44   42   40   39   38   38   38   39   41
   43   46   49   52   55   58   61   63   65   66   66   67   67   67   68   69
   71   74   77   81   86   91   96  100  105  108  111  113  114  114  114  114
  112  110  105  104  103   86   83   81   79                                   
    75.0-180.0 180.0   5.0 450.0                            LAT/LON1/LON2/DLON/H
   83   75   63   52   42   39   36   33   32   31   32   34   37   40   43   45
   48   49   50   51   50   49   47   45   43   41   40   38   38   38   39   41
   43   46   49   52   55   57   59   61   62   62   62   62   62   62   62   63
   65   69   74   79   86   93  100  107  113  118  122  125  127  128  128  128
  126  124  122  116  115  102   97   91   83                                   
    72.5-180.0 180.0   5.0 450.0                            LAT/LON1/LON2/DLON/H
   93   84   72   59   48   44   41   37   35   34   34   36   39   41   44   47
   49   51   52   53   52   51   50   48   46   44   42   41   41   41   42   44
   46   49   51   54   57   59   61   62   62   63   62   62   61   61   62   63
   66   71   77   85   94  103  112  120  127  133  137  140  142  142  143  143
  142  141  140  136  134  119  112  106   93                                   
    70.0-180.0 180.0   5.0 450.0                            LAT/LON1/LON2/DLON/H
  107   95   83   69   56   50   45   40   38   35   34   36   37   39   41   44
   46   47   48   49   49   49   48   46   45   44   43   43   43   44   45   46
   48   50   52   53   55   56   57   58   59   59   59   59   59   59   61   63
   67   73   82   91  102  114  124  134  141  146  150  152  152  152  151  152
  151  150  150  147  145  133  128  121  107                                   
    67.5-180.0 180.0   5.0 450.0                            LAT/LON1/LON2/DLON/H
  114  101   88   75   61   54   48   43   39   36   34   35   35   35   36   38
   39   40   41   42   42   42   42   41   41   41   41   42   43   43   44   45
   46   47   48   48   49   49   49   50   51   51   52   53   54   56   59   62
   68   76   86   98  111  124  136  145  152  157  158  158  157  155  153  153
  151  149  150  148  147  138  133  128  114                                   
    65.0-180.0 180.0   5.0 450.0                            LAT/LON1/LON2/DLON/H
  121  107   93   80   66   58   52   47   43   39   37   36   35   34   34   34
   34   35   36   37   37   37   37   37   38   39   41   42   44   45   46   46
   46   46   46   45   44   43   43   44   45   47   49   52   55   59   63   68
   75   85   97  111  125  139  152  162  168  171  171  169  166  162  158  156
  154  151  151  148  148  140  138  135  121                                   
    62.5-180.0 180.0   5.0 450.0                            LAT/LON1/LON2/DLON/H
  126  112   98   85   71   62   55   50   47   43   40   38   35   33   32   32
   32   32   32   33   32   32   33   34   36   38   41   43   45   47   47   47
   47   46   44   42   41   40   39   40   42   46   50   55   60   65   71   78
   87   97  111  126  142  157  170  179  185  186  185  182  178  173  168  165
  160  156  155  151  150  142  141  139  126                                   
    60.0-180.0 180.0   5.0 450.0                            LAT/LON1/LON2/DLON/H
  132  118  103   87   74   64   57   52   48   44   40   38   35   33   31   30
   30   30   30   29   29   28   28   29   32   35   39   42   45   47   47   47
   46   44   42   40   38   37   37   38   41   46   52   59   66   73   80   88
   98  110  124  140  156  171  184  193  199  200  199  196  191  186  181  177
  171  164  162  156  154  144  144  141  132                                   
    57.5-180.0 180.0   5.0 450.0                            LAT/LON1/LON2/DLON/H
  141  127  111   94   79   68   60   53   49   44   40   37   34   32   31   30
   30   30   29   28   26   25   25   26   29   33   38   42   45   46   46   46
   45   44   42   41   39   38   38   39   43   49   56   65   74   83   91  100
  110  122  137  153  169  185  197  206  212  214  213  211  208  204  200  196
  189  180  176  168  165  152  151  148  141                                   
    55.0-180.0 180.0   5.0 450.0                            LAT/LON1/LON2/DLON/H
  157  141  125  105   90   76   66   57   50   44   38   35   32   31   31   31
   32   32   31   29   26   24   23   25   28   32   38   42   45   46   46   46
   45   45   45   44   44   43   43   44   48   54   62   72   82   92  101  111
  121  134  148  164  181  196  208  217  223  225  226  225  224  223  220  216
  209  200  194  184  179  164  164  160  157                                   
    52.5-180.0 180.0   5.0 450.0                            LAT/LON1/LON2/DLON/H
  179  163  145  126  109   92   78   65   55   45   38   34   31   30   31   33
   35   35   34   32   29   26   25   27   30   35   40   45   47   48   48   48
   48   49   50   51   52   52   52   53   56   62   70   80   91  101  111  121
  132  145  160  175  191  205  217  226  232  235  237  238  238  238  238  235
  229  221  213  202  196  181  181  177  179                                   
    50.0-180.0 180.0   5.0 450.0                            LAT/LON1/LON2/DLON/H
  205  191  172  154  135  116   99   80   65   51   41   35   32   31   34   37
   39   40   39   37   34   32   31   33   37   42   47   51   53   53   52   52
   53   56   59   62   63   63   63   64   66   71   79   88   99  110  121  132
  144  157  172  187  202  216  227  235  240  243  245  247  248  249  249  248
  243  237  230  218  213  200  201  198  205                                   
    47.5-180.0 180.0   5.0 450.0                            LAT/LON1/LON2/DLON/H
  231  219  201  186  166  145  125  103   82   63   49   40   36   35   38   41
   44   46   46   45   43   42   42   44   48   52   57   59   60   59   58   58
   61   64   69   73   75   76   75   75   76   81   88   97  109  121  133  145
  157  171  185  200  215  227  237  244  248  250  250  251  251  252  252  252
  249  244  238  229  226  216  220  219  231                                   
    45.0-180.0 180.0   5.0 450.0                            LAT/LON1/LON2/DLON/H
  250  242  227  215  196  175  154  129  104   80   62   51   45   44   45   48
   51   53   54   54   55   55   56   58   61   64   67   69   68   66   65   65
   68   73   78   83   85   86   85   85   86   90   97  107  119  132  145  158
  172  186  200  215  228  239  247  252  254  253  252  250  248  247  246  246
  244  242  238  232  232  227  232  233  250                                   
    42.5-180.0 180.0   5.0 450.0                            LAT/LON1/LON2/DLON/H
  258  252  242  234  217  199  179  154  128  102   80   67   59   57   57   58
   60   62   64   67   69   71   72   73   74   76   77   77   75   73   72   72
   75   80   86   90   92   93   93   92   94   98  105  116  129  143  158  173
  187  201  215  228  240  250  256  259  259  255  251  246  242  239  236  235
  234  233  232  230  233  230  236  238  258                                   
    40.0-180.0 180.0   5.0 450.0                            LAT/LON1/LON2/DLON/H
  253  247  241  235  224  210  193  172  148  122  100   86   78   74   72   72
   72   74   77   81   86   88   88   87   86   85   84   83   81   79   77   78
   81   86   91   94   96   97   97   97   99  105  113  125  139  154  170  185
  200  214  227  240  250  259  264  266  263  258  252  245  239  234  230  228
  227  226  228  228  232  230  236  236  253                                   
    37.5-180.0 180.0   5.0 450.0                            LAT/LON1/LON2/DLON/H
  240  232  226  219  214  204  192  178  158  136  117  104   96   92   89   87
   87   88   92   98  103  105  103   98   94   90   89   87   85   84   83   84
   87   90   94   96   97   98   98   99  103  110  120  133  148  164  180  195
  210  223  236  247  258  267  272  273  271  265  258  252  246  241  237  235
  233  232  234  234  238  234  236  231  240                                   
    35.0-180.0 180.0   5.0 450.0                            LAT/LON1/LON2/DLON/H
  227  213  204  193  191  183  176  169  157  141  127  118  112  108  105  103
  102  104  109  115  119  119  114  106   99   94   92   91   90   89   89   90
   92   94   96   97   97   97   98  100  105  114  125  139  154  170  186  201
  215  227  240  252  264  274  281  284  282  278  273  269  266  263  262  261
  259  258  258  256  258  250  247  234  227                                   
    32.5-180.0 180.0   5.0 450.0                            LAT/LON1/LON2/DLON/H
  224  202  186  168  163  156  151  149  145  136  128  124  121  119  118  117
  117  120  125  130  132  129  120  110  101   96   95   95   96   96   96   97
   98   99   99   98   97   97   98  101  107  116  128  143  158  173  188  202
  215  228  240  254  268  281  291  297  299  298  297  298  301  303  306  308
  307  304  304  297  295  282  272  250  224                                   
    30.0-180.0 180.0   5.0 450.0                            LAT/LON1/LON2/DLON/H
  238  209  184  156  144  133  127  127  127  125  122  122  123  123  124  124
  126  130  134  138  137  131  121  110  102   98   99  101  103  104  104  104
  104  104  102  100   98   97   98  101  108  118  130  144  159  174  188  201
  214  226  239  254  271  289  303  314  321  325  331  339  348  358  366  372
  372  370  367  355  349  330  314  285  238                                   
    27.5-180.0 180.0   5.0 450.0                            LAT/LON1/LON2/DLON/H
  273  238  203  164  143  124  114  112  113  112  113  116  118  120  122  124
  128  131  135  135  132  125  116  107  103  102  106  109  112  113  113  113
  112  110  106  103  100   99   99  102  108  118  130  144  158  172  186  198
  211  224  239  256  277  300  320  337  349  360  373  389  407  424  437  447
  450  449  444  427  417  392  369  336  273                                   
    25.0-180.0 180.0   5.0 450.0                            LAT/LON1/LON2/DLON/H
  331  293  245  196  165  137  120  112  109  108  107  109  111  112  114  116
  120  123  124  122  118  112  107  104  105  109  114  119  123  124  123  122
  119  116  111  107  103  101  100  102  108  117  129  143  157  171  184  197
  211  226  243  263  289  316  343  366  385  403  422  445  469  493  512  525
  531  533  527  506  492  464  435  402  331                                   
    22.5-180.0 180.0   5.0 450.0                            LAT/LON1/LON2/DLON/H
  407  369  309  254  210  174  147  131  122  116  112  109  106  104  103  104
  106  107  105  102   98   96   98  102  109  117  125  131  134  134  133  131
  127  122  116  110  106  103  101  102  106  115  127  142  157  171  186  201
  217  234  254  278  307  340  372  401  425  448  472  500  528  555  577  592
  602  606  601  581  562  536  505  473  407                                   
    20.0-180.0 180.0   5.0 450.0                            LAT/LON1/LON2/DLON/H
  491  457  392  332  278  233  196  171  154  141  131  121  112  103   97   94
   92   90   86   82   80   83   91  103  117  129  138  143  144  143  141  137
  132  125  118  112  107  103  101  100  104  113  127  143  159  176  192  210
  229  249  273  300  332  367  402  434  462  487  514  542  570  597  619  634
  645  652  650  634  613  593  568  539  491                                   
    17.5-180.0 180.0   5.0 450.0                            LAT/LON1/LON2/DLON/H
  565  539  480  420  359  308  263  229  204  184  167  150  132  115  102   92
   85   79   73   69   69   77   91  110  129  144  152  154  152  149  145  140
  134  126  119  112  107  103   99   98  102  112  127  145  164  183  203  224
  246  270  296  325  358  393  427  459  488  513  538  564  590  612  630  643
  653  660  662  654  636  625  611  588  565                                   
    15.0-180.0 180.0   5.0 450.0                            LAT/LON1/LON2/DLON/H
  612  596  551  501  441  390  340  300  269  243  219  195  169  144  122  105
   93   83   74   69   71   82  102  126  147  161  165  161  155  150  145  140
  133  126  118  112  107  102   98   97  101  112  128  149  171  192  215  239
  264  291  320  349  380  412  444  474  500  523  545  566  586  603  614  622
  629  636  641  641  631  630  624  611  612                                   
    12.5-180.0 180.0   5.0 450.0                            LAT/LON1/LON2/DLON/H
  627  621  593  557  508  461  412  371  337  308  280  252  222  190  160  136
  118  104   93   88   90  103  125  150  169  178  175  166  156  149  144  139
  133  126  119  113  108  102   97   96  100  112  130  153  177  201  226  252
  280  309  338  367  396  424  452  478  500  520  538  555  569  579  584  587
  591  597  605  611  609  616  615  610  627                                   
    10.0-180.0 180.0   5.0 450.0                            LAT/LON1/LON2/DLON/H
  619  620  607  584  550  511  467  430  397  368  341  313  282  247  213  184
  161  144  132  126  128  140  160  180  193  193  183  169  157  150  145  141
  136  130  123  117  111  105   99   96  100  113  132  156  181  207  233  260
  290  320  350  377  403  428  452  473  492  509  525  539  549  555  557  556
  558  562  571  580  584  595  595  596  619                                   
     7.5-180.0 180.0   5.0 450.0                            LAT/LON1/LON2/DLON/H
  603  607  602  587  566  537  498  467  437  412  389  366  338  306  272  241
  217  199  187  180  181  188  201  211  214  206  191  175  163  156  152  149
