data/edconvlstm_nd/pred0370.15i
     1.0            IONOSPHERE MAPS     GNSS                IONEX VERSION / TYPE
pyspatialgeodesy        IME             05-JAN-18 20:20     PGM / RUN BY / DATE 
Map Name                                                    COMMENT             
Predicted global ionosphere maps (GIM).                     DESCRIPTION         
  2015     2     6     0     0     0                        EPOCH OF FIRST MAP  
  2015     2     7     0     0     0                        EPOCH OF LAST MAP   
  7200                                                      INTERVAL            
    13                                                      # OF MAPS IN FILE   
  NONE                                                      MAPPING FUNCTION    
10.0                                                        ELEVATION CUTOFF    
One-way carrier phase leveled to code                       OBSERVABLES USED    
  6371.0                                                    BASE RADIUS         
 2                                                          MAP DIMENSION       
   450.0 450.0   0.0                                        HGT1 / HGT2 / DHGT  
    87.5 -87.5  -2.5                                        LAT1 / LAT2 / DLAT  
  -180.0 180.0   5.0                                        LON1 / LON2 / DLON  
    -1                                                      EXPONENT            
                                                            END OF HEADER       
[from data line 2574]
     7                                                      START OF TEC MAP    
  2015     2     6    12     0     0                        EPOCH OF CURRENT MAP
    87.5-180.0 180.0   5.0 450.0                            LAT/LON1/LON2/DLON/H
  111  118  119  128  132  134  135  135  138  141  142  144  146  147  149  150
  150  151  152  152  153  153  153  153  153  153  153  152  152  151  150  149
  148  147  145  143  141  139  136  133  130  127  123  120  116  113  110  107
  104  102  100   98   97   96   96   96   96   97   98   99  100  101  102  104
  106  108  108  108  114  115  126  123  111                                   
    85.0-180.0 180.0   5.0 450.0                            LAT/LON1/LON2/DLON/H
  108  120  130  125  126  133  135  139  141  144  146  148  149  151  152  153
  154  155  155  156  157  157  158  159  159  160  160  161  161  161  161  160
  160  158  157  154  151  148  144  140  135  131  126  120  115  111  106  102
   98   95   93   91   90   90   90   91   92   93   95   97   99  101  102  105
  108  110  108  106  108  113  119  122  108                                   
    82.5-180.0 180.0   5.0 450.0                            LAT/LON1/LON2/DLON/H
   94  108  113  109  110  115  119  123  125  128  129  131  132  133  134  135
  136  136  137  138  139  141  142  144  146  148  150  153  155  157  159  160
  161  161  160  158  156  152  147  142  135  128  121  113  105   98   91   85
   80   75   72   70   68   68   69   70   72   74   77   80   83   86   88   91
   94   96   94   94   98  108  106  106   94                                   
    80.0-180.0 180.0   5.0 450.0                            LAT/LON1/LON2/DLON/H
   86   94   99   97   98   99  104  107  111  113  114  116  116  116  117  117
  117  117  118  119  121  122  125  127  131  134  138  142  147  151  155  159
  162  164  165  165  163  159  154  148  140  131  122  112  102   92   83   76
   69   63   59   57   56   56   57   59   62   66   70   74   78   81   84   87
   90   91   91   90   90   98  100   99   86                                   
    77.5-180.0 180.0   5.0 450.0                            LAT/LON1/LON2/DLON/H
   85   87   89   87   86   89   92   95   98   98   98   99   98   97   96   95
   94   94   95   97   99  102  105  110  115  120  126  133  140  147  155  162
  169  175  179  181  182  180  176  170  161  151  140  128  116  104   93   84
   75   69   64   60   59   59   60   63   66   71   75   80   85   89   93   96
   97   97   96   96   95   94   96   95   85                                   
    75.0-180.0 180.0   5.0 450.0                            LAT/LON1/LON2/DLON/H
   78   84   82   82   81   84   85   86   87   87   86   84   82   79   77   75
   74   73   74   76   79   84   89   95  101  109  117  125  135  145  156  166
  177  186  193  199  202  203  200  195  187  178  166  154  141  128  116  105
   96   88   82   78   75   74   74   75   78   82   86   91   96  100  104  106
  107  107  105  101  100   98   97   88   78                                   
    72.5-180.0 180.0   5.0 450.0                            LAT/LON1/LON2/DLON/H
   76   83   81   82   80   84   85   85   84   82   79   76   72   68   65   62
   60   59   61   64   68   74   81   88   96  105  114  124  135  147  160  173
  186  199  210  218  225  228  228  225  219  211  200  189  176  164  151  140
  130  121  113  106  101   97   94   93   93   95   97  100  104  108  111  114
  115  114  113  109  107  105  104   98   76                                   
    70.0-180.0 180.0   5.0 450.0                            LAT/LON1/LON2/DLON/H
   77   84   85   85   83   86   86   86   85   82   77   73   67   62   57   54
   51   51   53   57   64   71   80   89   99  108  118  128  140  153  167  182
  197  211  224  235  243  249  251  250  246  240  231  221  210  199  188  177
  166  156  146  137  128  119  112  106  102   99   98   99  101  103  106  109
  111  111  111  108  107  108  110  105   77                                   
    67.5-180.0 180.0   5.0 450.0                            LAT/LON1/LON2/DLON/H
   74   84   86   88   88   93   93   93   91   88   83   78   72   66   61   57
   55   55   58   63   70   79   89  100  110  119  129  139  150  163  177  193
  208  224  238  250  259  266  269  270  268  264  258  251  242  232  222  211
  200  189  177  164  151  138  125  113  103   96   91   89   89   90   92   96
   98  100  102  100  101  105  107  104   74                                   
    65.0-180.0 180.0   5.0 450.0                            LAT/LON1/LON2/DLON/H
   67   81   83   87   88   94   95   96   94   91   87   81   76   70   66   62
   60   60   63   69   77   88   99  111  121  131  140  150  161  174  188  204
  220  236  250  262  271  278  283  285  285  283  279  274  267  259  250  239
  228  215  200  184  166  147  129  112   97   85   76   71   68   68   69   72
   76   79   83   84   89   95  100  100   67                                   
    62.5-180.0 180.0   5.0 450.0                            LAT/LON1/LON2/DLON/H
   57   71   73   78   81   88   91   93   93   91   87   83   79   75   71   69
   67   67   70   75   84   94  106  118  129  139  148  158  169  182  197  213
  230  245  259  270  279  286  290  293  294  294  293  290  285  278  269  257
  244  229  212  193  172  150  127  106   87   73   61   54   49   47   47   49
   52   56   62   64   71   77   85   87   57                                   
    60.0-180.0 180.0   5.0 450.0                            LAT/LON1/LON2/DLON/H
   47   58   59   65   68   75   79   83   84   84   82   80   77   75   73   72
   71   70   72   76   84   94  105  117  129  139  150  161  174  188  205  222
  239  254  267  277  285  290  294  297  300  301  302  301  297  290  280  267
  253  236  218  198  175  151  126  103   83   67   55   46   40   36   34   35
   36   39   45   47   55   60   68   72   47                                   
    57.5-180.0 180.0   5.0 450.0                            LAT/LON1/LON2/DLON/H
   40   46   46   51   54   60   65   70   72   73   73   73   72   72   72   72
   71   70   70   73   79   87   98  111  123  136  148  162  177  194  213  232
  249  265  277  285  291  295  299  302  306  309  312  311  308  301  290  276
  260  243  224  204  182  159  135  112   93   77   65   56   49   43   39   36
   35   36   40   42   49   51   57   62   40                                   
    55.0-180.0 180.0   5.0 450.0                            LAT/LON1/LON2/DLON/H
   41   41   38   41   43   48   53   58   61   62   63   65   66   67   68   69
   68   67   66   67   71   78   89  101  115  130  146  163  181  201  222  242
  260  276  287  294  299  302  305  308  313  318  322  323  320  312  300  285
  268  251  233  215  196  175  153  132  115  101   90   82   75   68   61   55
   50   48   51   51   56   54   57   60   41                                   
    52.5-180.0 180.0   5.0 450.0                            LAT/LON1/LON2/DLON/H
   50   44   38   39   40   43   48   51   54   56   57   58   60   62   64   64
   64   62   61   60   63   70   81   94  110  128  146  166  187  209  232  253
  272  288  299  305  309  311  314  318  323  329  335  337  334  326  313  297
  280  263  247  231  215  197  178  161  145  133  125  118  112  104   95   87
   78   74   74   72   74   70   69   68   50                                   
    50.0-180.0 180.0   5.0 450.0                            LAT/LON1/LON2/DLON/H
   68   58   48   46   46   48   50   52   54   56   56   57   58   60   61   62
   61   60   58   58   61   68   79   94  112  131  152  174  197  220  243  264
  283  299  310  316  320  322  325  329  335  343  349  352  350  342  328  312
  294  278  264  251  237  222  205  189  175  165  158  153  147  140  131  121
  111  104  103   99  100   95   91   86   68                                   
    47.5-180.0 180.0   5.0 450.0                            LAT/LON1/LON2/DLON/H
   90   80   69   64   62   61   62   62   63   63   63   63   62   62   63   63
   62   61   59   60   63   71   84  101  120  142  164  187  209  230  251  272
  290  306  318  326  331  334  337  342  349  356  363  366  365  357  344  327
  310  295  282  270  257  242  225  209  194  183  177  172  167  161  152  143
  133  127  125  122  124  121  117  109   90                                   
    45.0-180.0 180.0   5.0 450.0                            LAT/LON1/LON2/DLON/H
  110  104   94   89   85   82   80   78   77   76   75   74   72   70   69   68
   67   66   65   67   72   81   96  114  135  158  180  200  219  237  255  273
  291  308  322  332  340  345  350  355  362  368  374  378  377  370  357  341
  324  309  295  282  268  251  232  212  195  182  173  167  163  157  151  144
  137  133  131  131  136  139  137  130  110                                   
    42.5-180.0 180.0   5.0 450.0                            LAT/LON1/LON2/DLON/H
  122  123  117  113  109  104  100   96   93   92   91   89   86   82   79   77
   76   75   75   77   84   95  111  131  153  174  194  212  226  239  253  269
  287  306  323  338  349  357  364  370  376  381  385  388  386  380  368  352
  334  318  302  286  269  248  225  201  180  162  150  143  137  133  128  125
  121  120  120  122  131  140  142  137  122                                   
    40.0-180.0 180.0   5.0 450.0                            LAT/LON1/LON2/DLON/H
  122  131  130  128  126  121  116  110  107  106  105  104  101   96   92   88
   86   85   86   89   97  110  127  147  168  188  205  218  228  236  248  264
  284  306  328  347  362  374  384  390  394  398  399  400  397  390  378  362
  344  325  306  286  265  240  213  185  160  139  124  113  106  102   99   97
   96   96   98  100  110  123  131  129  122                                   
    37.5-180.0 180.0   5.0 450.0                            LAT/LON1/LON2/DLON/H
  112  127  131  132  133  127  123  117  114  113  114  115  113  109  104  100
   97   96   96  100  108  122  140  160  180  198  212  222  228  234  246  264
  288  316  342  366  386  401  412  419  422  422  421  419  415  407  395  378
  358  337  315  292  267  240  211  181  154  131  113  100   91   85   82   81
   80   79   79   78   86   98  109  110  112                                   
    35.0-180.0 180.0   5.0 450.0                            LAT/LON1/LON2/DLON/H
   99  115  122  125  128  124  120  115  113  113  117  120  121  118  113  109
  106  104  104  108  117  132  151  170  189  205  217  225  231  238  253  277
  307  341  373  401  424  442  454  460  462  460  455  450  444  435  422  405
  384  361  337  312  286  259  231  203  177  155  136  122  111  103   98   95
   90   84   79   71   72   77   88   89   99                                   
    32.5-180.0 180.0   5.0 450.0                            LAT/LON1/LON2/DLON/H
   88  102  108  112  116  113  111  107  106  108  113  119  123  122  119  115
  112  110  110  114  124  140  159  179  197  212  224  233  241  254  275  306
  344  384  421  453  478  497  510  516  516  511  504  496  488  478  464  447
  426  403  379  354  330  306  282  259  238  220  204  190  178  168  159  151
  140  127  113   93   81   74   79   75   88                                   
    30.0-180.0 180.0   5.0 450.0                            LAT/LON1/LON2/DLON/H
   86   95   96  100  104  101  101   98   97   99  106  114  119  121  120  118
  115  113  114  119  131  148  169  188  206  222  235  248  263  283  314  354
  400  446  487  522  548  567  579  584  582  576  567  557  547  536  522  506
  487  466  444  422  401  382  365  350  337  325  314  303  291  278  265  250
  231  209  184  150  123   98   90   76   86                                   
    27.5-180.0 180.0   5.0 450.0                            LAT/LON1/LON2/DLON/H
   99   99   93   95   97   94   95   91   89   91   98  106  113  117  117  116
  115  114  116  124  138  158  181  201  220  237  254  273  296  327  368  417
  470  521  566  601  626  643  653  657  655  647  637  627  616  606  594  580
  565  548  530  514  499  487  479  472  466  461  456  449  438  423  404  381
  353  321  283  237  194  150  122   95   99                                   
    25.0-180.0 180.0   5.0 450.0                            LAT/LON1/LON2/DLON/H
  128  118  101   99  100   96   97   92   88   88   93  100  106  110  112  112
  113  114  119  129  147  171  196  218  237  257  279  306  340  381  431  487
  546  601  646  679  700  714  722  725  723  717  708  698  689  680  671  663
  653  643  632  622  614  610  608  607  608  608  607  603  593  576  552  522
  484  445  395  341  283  223  174  134  128                                   
    22.5-180.0 180.0   5.0 450.0                            LAT/LON1/LON2/DLON/H
  174  154  124  115  112  107  106  100   94   92   92   97  101  104  106  108
  110  114  122  136  158  185  213  237  258  281  310  345  388  437  494  556
  618  673  715  743  760  770  776  779  778  774  767  759  752  747  743  740
  738  735  731  727  724  723  723  724  725  726  726  723  714  696  670  635
  594  553  497  441  374  308  243  190  174                                   
    20.0-180.0 180.0   5.0 450.0                            LAT/LON1/LON2/DLON/H
  229  200  162  141  131  123  122  114  106  100   97   97   99  101  102  105
  109  115  126  144  170  201  230  256  280  308  342  385  434  490  551  614
  675  726  762  784  796  803  809  813  814  811  806  801  797  795  795  798
  803  806  807  805  802  798  794  790  785  781  778  775  766  750  725  690
  650  615  563  512  449  385  316  254  229                                   
    17.5-180.0 180.0   5.0 450.0                            LAT/LON1/LON2/DLON/H
  279  246  206  174  154  143  139  130  119  111  104  101  100  100  101  104
  108  117  130  152  181  215  246  274  301  333  373  420  474  532  593  653
  709  753  782  798  807  814  821  827  829  828  825  821  819  819  823  831
  839  846  848  844  836  825  812  797  781  768  757  749  740  725  703  672
  639  613  576  536  487  432  373  313  279                                   
    15.0-180.0 180.0   5.0 450.0                            LAT/LON1/LON2/DLON/H
  315  282  247  207  177  162  154  144  133  122  112  106  102  100  101  104
  109  119  135  160  191  226  259  290  320  356  399  450  504  561  617  671
  717  752  775  789  798  808  817  825  828  828  825  821  820  822  828  838
  848  855  856  848  833  812  787  757  726  698  677  662  650  636  618  593
  569  554  536  511  483  442  397  348  315                                   
    12.5-180.0 180.0   5.0 450.0                            LAT/LON1/LON2/DLON/H
  331  303  274  232  196  175  166  155  144  132  120  111  106  103  102  104
  110  121  139  165  199  235  269  301  335  374  421  473  525  577  625  669
  706  733  752  765  778  791  804  814  818  817  813  809  807  809  816  826
  836  841  838  825  803  772  734  690  644  601  568  546  531  518  504  486
  470  465  462  454  445  421  392  354  331                                   
    10.0-180.0 180.0   5.0 450.0                            LAT/LON1/LON2/DLON/H
  329  308  287  247  210  183  172  161  151  139  127  118  111  107  105  106
  111  122  141  169  203  240  275  310  347  391  439  490  539  583  622  656
  684  706  723  738  755  773  789  800  805  803  798  792  789  790  796  804
  811  812  805  787  760  723  676  622  564  510  469  441  424  412  402  388
  379  380  386  389  395  386  368  337  329                                   
     7.5-180.0 180.0   5.0 450.0                            LAT/LON1/LON2/DLON/H
  315  302  286  252  217  187  173  164  155  144  133  124  117  112  108  108
  111  122  142  171  207  244  281  319  360  407  457  505  549  585  615  640
