data/edconvlstm_nd/pred1930.15i
     1.0            IONOSPHERE MAPS     GNSS                IONEX VERSION / TYPE
pyspatialgeodesy        IME             05-JAN-18 20:20     PGM / RUN BY / DATE 
Map Name                                                    COMMENT             
Predicted global ionosphere maps (GIM).                     DESCRIPTION         
  2015     7    12     0     0     0                        EPOCH OF FIRST MAP  
  2015     7    13     0     0     0                        EPOCH OF LAST MAP   
  7200                                                      INTERVAL            
    13                                                      # OF MAPS IN FILE   
  NONE                                                      MAPPING FUNCTION    
10.0                                                        ELEVATION CUTOFF    
One-way carrier phase leveled to code                       OBSERVABLES USED    
  6371.0                                                    BASE RADIUS         
 2                                                          MAP DIMENSION       
   450.0 450.0   0.0                                        HGT1 / HGT2 / DHGT  
    87.5 -87.5  -2.5                                        LAT1 / LAT2 / DLAT  
  -180.0 180.0   5.0                                        LON1 / LON2 / DLON  
    -1                                                      EXPONENT            
                                                            END OF HEADER       
[from data line 3003]
     8                                                      START OF TEC MAP    
  2015     7    12    14     0     0                        EPOCH OF CURRENT MAP
    87.5-180.0 180.0   5.0 450.0                            LAT/LON1/LON2/DLON/H
  157  155  148  153  157  157  156  155  156  157  157  157  157  157  157  157
  157  156  156  156  155  155  154  154  153  153  152  152  151  150  150  149
  149  148  148  147  147  146  146  146  146  146  146  147  147  148  148  149
  149  150  150  150  151  151  151  151  152  152  152  152  152  152  152  151
  151  152  150  149  156  151  156  156  157                                   
    85.0-180.0 180.0   5.0 450.0                            LAT/LON1/LON2/DLON/H
  152  155  163  157  158  162  162  163  164  165  165  165  166  166  166  166
  166  165  165  165  164  164  163  162  162  161  160  160  159  158  157  156
  155  154  153  153  152  151  150  150  150  150  150  150  151  151  152  152
  153  154  155  155  156  157  157  158  158  158  158  159  159  159  159  159
  159  160  156  154  154  146  150  152  152                                   
    82.5-180.0 180.0   5.0 450.0                            LAT/LON1/LON2/DLON/H
  134  150  150  147  150  156  158  159  160  162  163  164  165  165  166  166
  167  167  167  167  166  166  165  165  165  164  163  163  162  162  161  160
  159  157  156  155  153  152  151  150  149  149  149  149  150  150  151  152
  153  154  154  155  156  157  157  157  158  158  157  157  157  156  155  155
  154  153  149  150  147  150  144  132  134                                   
    80.0-180.0 180.0   5.0 450.0                            LAT/LON1/LON2/DLON/H
  125  137  140  141  142  145  147  151  153  155  156  158  159  160  161  162
  162  162  162  162  161  161  161  160  160  159  159  159  158  158  157  156
  154  153  151  149  147  145  143  142  141  140  140  140  141  142  143  144
  145  147  148  149  150  150  151  151  151  151  151  151  150  149  148  147
  146  145  141  140  134  133  133  123  125                                   
    77.5-180.0 180.0   5.0 450.0                            LAT/LON1/LON2/DLON/H
  126  133  135  135  138  142  144  147  150  152  153  156  158  159  161  162
  163  164  164  164  164  164  163  163  163  164  164  164  165  165  165  164
  163  161  158  156  153  150  147  145  143  142  142  142  143  144  145  147
  148  150  151  152  153  153  154  154  154  153  153  152  150  149  147  145
  143  141  135  134  133  126  125  121  126                                   
    75.0-180.0 180.0   5.0 450.0                            LAT/LON1/LON2/DLON/H
  120  129  126  129  133  138  139  142  145  148  149  151  154  156  158  159
  161  161  162  162  162  162  162  162  163  164  165  166  168  169  169  169
  169  167  164  161  157  154  150  147  145  143  143  143  144  145  147  148
  150  151  152  153  154  154  155  155  155  155  154  153  152  150  148  147
  144  140  135  129  127  122  121  110  120                                   
    72.5-180.0 180.0   5.0 450.0                            LAT/LON1/LON2/DLON/H
  117  126  122  128  130  137  139  141  143  145  146  149  151  154  156  158
  159  160  161  161  161  161  161  162  163  165  167  169  172  174  176  177
  177  176  173  169  165  161  156  152  150  148  147  147  148  150  151  153
  154  155  155  156  156  157  157  157  158  158  158  158  157  155  154  151
  148  144  137  131  126  120  119  111  117                                   
    70.0-180.0 180.0   5.0 450.0                            LAT/LON1/LON2/DLON/H
  116  125  121  127  129  135  136  138  140  142  143  145  148  150  153  155
  156  157  157  157  157  157  157  158  160  163  166  169  173  176  179  181
  182  181  179  175  170  165  160  156  153  152  151  152  153  154  156  156
  157  157  157  156  156  157  157  158  159  160  161  162  162  162  161  159
  155  150  143  135  130  122  121  113  116                                   
    67.5-180.0 180.0   5.0 450.0                            LAT/LON1/LON2/DLON/H
  116  127  124  130  131  137  137  139  140  141  142  145  147  149  152  153
  154  154  154  154  153  154  154  156  158  161  164  168  172  176  180  183
  184  184  182  178  174  168  164  160  157  156  156  157  159  160  161  161
  161  160  159  158  157  158  158  160  162  165  167  169  170  170  170  168
  164  159  151  142  134  125  122  115  116                                   
    65.0-180.0 180.0   5.0 450.0                            LAT/LON1/LON2/DLON/H
  117  128  125  131  131  137  137  138  139  140  141  143  145  147  149  150
  151  151  150  149  149  149  150  152  155  158  162  166  171  176  180  183
  185  185  184  180  176  171  167  163  162  162  163  164  166  168  168  167
  165  163  161  160  159  159  161  164  167  171  174  177  179  180  180  178
  174  169  161  150  142  132  128  122  117                                   
    62.5-180.0 180.0   5.0 450.0                            LAT/LON1/LON2/DLON/H
  118  129  126  131  130  136  136  136  137  138  139  141  144  146  148  148
  148  147  146  145  145  145  147  150  154  157  162  166  171  175  180  183
  185  186  184  181  177  173  169  167  167  168  170  173  175  176  175  173
  170  167  164  163  162  163  166  170  174  179  183  186  189  190  189  187
  183  177  168  157  148  136  132  127  118                                   
    60.0-180.0 180.0   5.0 450.0                            LAT/LON1/LON2/DLON/H
  118  128  125  129  128  133  133  133  135  136  137  139  141  144  145  145
  144  142  141  140  140  142  145  149  154  158  163  167  172  176  180  184
  186  187  185  183  179  176  174  173  174  176  179  182  184  185  184  181
  177  173  170  168  168  170  174  178  183  188  193  196  198  198  197  194
  188  182  173  161  152  140  135  130  118                                   
    57.5-180.0 180.0   5.0 450.0                            LAT/LON1/LON2/DLON/H
  118  126  123  126  124  130  129  130  132  133  134  136  139  141  142  142
  141  138  137  136  137  140  145  151  157  162  167  172  177  181  184  187
  189  190  189  187  184  181  180  181  183  186  190  193  195  195  193  189
  185  180  178  177  178  180  185  190  195  200  204  206  206  205  202  198
  191  185  175  163  154  142  137  132  118                                   
    55.0-180.0 180.0   5.0 450.0                            LAT/LON1/LON2/DLON/H
  119  124  122  123  120  126  126  127  128  130  131  133  135  137  138  138
  137  135  134  134  136  140  147  154  161  168  174  179  183  187  191  193
  195  195  194  192  190  189  189  190  193  197  201  205  206  205  202  198
  194  190  187  187  189  193  198  203  208  211  214  214  212  209  205  199
  192  185  175  164  155  143  138  134  119                                   
    52.5-180.0 180.0   5.0 450.0                            LAT/LON1/LON2/DLON/H
  122  124  121  122  118  123  123  124  126  127  128  129  131  133  134  134
  134  133  132  133  136  142  150  158  167  175  181  187  192  196  199  201
  202  202  202  200  199  198  198  201  204  208  213  215  216  215  212  208
  203  200  198  199  201  205  210  215  219  221  222  220  217  212  206  199
  192  184  174  164  156  145  140  136  122                                   
    50.0-180.0 180.0   5.0 450.0                            LAT/LON1/LON2/DLON/H
  127  126  122  122  117  122  122  123  125  126  126  127  128  129  131  132
  133  133  134  136  140  146  155  164  173  181  189  195  200  204  207  209
  211  211  210  209  208  208  209  212  215  219  223  226  226  225  221  217
  214  211  210  211  213  217  221  224  227  228  227  223  218  212  206  200
  192  185  176  166  159  148  144  141  127                                   
    47.5-180.0 180.0   5.0 450.0                            LAT/LON1/LON2/DLON/H
  134  131  126  125  120  123  124  125  127  127  127  127  127  128  130  132
  135  137  139  142  147  153  161  169  178  187  195  202  208  212  216  218
  219  220  220  220  219  220  221  223  226  230  233  235  236  234  231  228
  225  223  222  222  223  226  228  230  231  230  228  224  218  212  207  201
  194  188  180  172  164  155  150  147  134                                   
    45.0-180.0 180.0   5.0 450.0                            LAT/LON1/LON2/DLON/H
  141  138  132  131  124  127  127  128  130  131  130  129  128  129  132  136
  140  144  148  152  157  162  169  176  184  192  201  208  214  219  223  226
  228  230  231  231  232  233  234  236  239  242  244  246  246  245  242  240
  237  235  233  232  231  232  232  232  232  230  227  222  217  213  208  204
  199  195  187  179  172  164  158  155  141                                   
    42.5-180.0 180.0   5.0 450.0                            LAT/LON1/LON2/DLON/H
  149  145  139  137  130  132  132  133  135  136  135  134  133  134  138  143
  148  154  159  164  168  173  178  183  190  197  206  213  220  226  231  235
  239  242  244  246  247  249  250  251  253  255  257  258  258  257  255  253
  250  247  244  241  238  236  234  232  231  228  224  221  217  214  212  210
  207  203  196  189  182  174  167  163  149                                   
    40.0-180.0 180.0   5.0 450.0                            LAT/LON1/LON2/DLON/H
  155  153  146  143  136  137  137  138  141  142  141  141  140  142  146  152
  159  166  172  177  181  184  187  191  196  203  211  219  227  234  240  246
  252  257  262  265  267  269  270  270  271  272  273  273  273  271  269  267
  264  260  255  250  245  240  237  234  231  227  224  221  218  217  217  217
  215  213  206  199  192  184  176  171  155                                   
    37.5-180.0 180.0   5.0 450.0                            LAT/LON1/LON2/DLON/H
  159  159  152  148  141  140  140  142  145  148  148  149  149  152  157  164
  171  178  185  190  194  196  198  200  204  210  219  227  236  244  252  261
  270  278  285  290  293  294  294  294  293  292  292  291  289  287  285  282
  278  274  267  260  253  247  242  238  234  231  227  224  222  222  224  225
  224  223  216  209  200  192  184  177  159                                   
    35.0-180.0 180.0   5.0 450.0                            LAT/LON1/LON2/DLON/H
  163  164  156  152  145  143  143  145  148  152  154  157  159  163  169  176
  183  189  196  202  206  208  209  211  214  220  228  238  248  258  269  281
  293  305  314  321  324  325  324  321  318  315  312  310  306  303  300  297
  293  288  281  273  265  259  253  248  244  239  235  232  230  230  232  233
  232  231  223  216  207  199  190  182  163                                   
    32.5-180.0 180.0   5.0 450.0                            LAT/LON1/LON2/DLON/H
  165  168  160  156  148  146  145  146  150  156  160  164  169  174  180  187
  193  199  205  211  216  219  221  222  226  232  241  252  263  276  290  306
  322  338  349  357  360  360  357  352  345  339  334  328  323  318  314  311
  307  302  296  288  281  275  270  265  259  254  248  244  241  239  240  240
  238  236  228  221  212  203  194  186  165                                   
    30.0-180.0 180.0   5.0 450.0                            LAT/LON1/LON2/DLON/H
  169  173  163  159  152  150  148  148  152  158  164  171  178  185  192  197
  202  207  212  219  225  229  232  234  238  246  256  268  282  297  315  335
  356  374  388  396  399  396  390  382  372  362  354  346  339  333  328  325
  322  318  313  307  301  296  291  286  280  273  265  259  253  250  247  245
  241  238  229  223  215  206  198  189  169                                   
    27.5-180.0 180.0   5.0 450.0                            LAT/LON1/LON2/DLON/H
  173  177  166  164  156  154  151  150  154  161  168  178  187  195  202  207
  211  214  219  225  232  238  243  246  252  260  272  286  302  321  342  366
  389  410  426  434  435  430  420  408  395  382  371  361  352  345  341  338
  337  334  331  327  323  320  315  309  301  292  282  273  265  258  253  248
  242  237  228  223  215  208  201  193  173                                   
    25.0-180.0 180.0   5.0 450.0                            LAT/LON1/LON2/DLON/H
  177  182  169  168  161  158  155  153  156  164  172  183  194  204  212  217
  219  221  225  232  240  247  253  258  264  274  288  304  322  344  368  394
  420  442  458  465  464  456  444  429  413  398  384  373  364  358  354  353
  353  352  351  348  345  342  336  328  318  305  293  282  272  262  254  246
  239  233  225  221  214  208  203  197  177                                   
    22.5-180.0 180.0   5.0 450.0                            LAT/LON1/LON2/DLON/H
  180  185  172  172  165  163  159  157  160  167  176  188  201  212  221  226
  228  230  233  239  247  255  261  267  275  286  301  320  341  364  390  418
  444  466  480  486  483  473  459  443  425  409  395  384  376  371  369  369
  370  370  369  367  363  358  349  338  324  309  294  282  271  260  250  240
  232  226  219  216  211  207  204  198  180                                   
    20.0-180.0 180.0   5.0 450.0                            LAT/LON1/LON2/DLON/H
  181  186  173  174  168  166  163  161  163  170  179  192  206  219  229  235
  238  240  243  248  255  262  268  275  283  296  312  333  356  381  408  435
  460  480  493  496  492  482  467  450  433  418  405  395  388  385  385  387
  388  388  386  382  375  365  352  336  318  301  286  273  262  251  240  230
  221  215  210  208  204  202  201  195  181                                   
    17.5-180.0 180.0   5.0 450.0                            LAT/LON1/LON2/DLON/H
  176  182  170  172  167  166  165  163  166  172  181  193  208  223  235  243
  248  250  253  258  263  268  273  280  289  302  320  343  368  394  420  446
  468  486  496  499  494  484  470  454  439  426  415  407  403  402  403  405
  406  404  399  391  379  364  346  326  305  286  270  257  247  237  227  217
  208  203  199  197  194  193  193  186  176                                   
    15.0-180.0 180.0   5.0 450.0                            LAT/LON1/LON2/DLON/H
  166  172  163  164  161  160  161  162  165  171  180  192  208  224  239  249
  257  261  264  268  270  273  277  283  293  307  327  351  377  404  430  453
  473  487  496  497  492  483  471  458  446  435  426  420  418  419  421  423
  422  417  408  395  378  357  335  311  288  268  253  240  231  222  213  203
  195  190  186  184  182  181  180  173  166                                   
    12.5-180.0 180.0   5.0 450.0                            LAT/LON1/LON2/DLON/H
  152  158  150  151  149  148  151  154  159  166  174  187  203  221  238  253
  263  270  275  277  277  278  280  286  296  312  334  359  387  415  440  460
  477  488  494  495  491  483  473  463  453  445  439  435  434  436  438  438
  434  425  411  393  372  348  322  297  274  254  239  227  219  211  203  193
  184  179  175  172  169  167  165  156  152                                   
    10.0-180.0 180.0   5.0 450.0                            LAT/LON1/LON2/DLON/H
  137  143  137  135  133  131  136  141  148  155  164  177  194  214  234  252
  267  277  282  284  284  283  284  290  302  319  343  370  400  428  451  470
  482  491  495  495  491  484  476  469  462  456  451  448  448  449  450  447
  440  427  409  388  363  337  310  285  262  244  230  220  213  206  198  189
  179  173  167  163  158  153  149  139  137                                   
     7.5-180.0 180.0   5.0 450.0                            LAT/LON1/LON2/DLON/H
  125  131  125  121  117  114  120  125  133  140  149  162  180  202  225  247
  265  279  287  290  289  288  290  298  311  330  355  384  415  443  465  481
