data/edconvlstm_nd/pred2970.15i
     1.0            IONOSPHERE MAPS     GNSS                IONEX VERSION / TYPE
pyspatialgeodesy        IME             05-JAN-18 20:20     PGM / RUN BY / DATE 
Map Name                                                    COMMENT             
Predicted global ionosphere maps (GIM).                     DESCRIPTION         
  2015    10    24     0     0     0                        EPOCH OF FIRST MAP  
  2015    10    25     0     0     0                        EPOCH OF LAST MAP   
  7200                                                      INTERVAL            
    13                                                      # OF MAPS IN FILE   
  NONE                                                      MAPPING FUNCTION    
10.0                                                        ELEVATION CUTOFF    
One-way carrier phase leveled to code                       OBSERVABLES USED    
  6371.0                                                    BASE RADIUS         
 2                                                          MAP DIMENSION       
   450.0 450.0   0.0                                        HGT1 / HGT2 / DHGT  
    87.5 -87.5  -2.5                                        LAT1 / LAT2 / DLAT  
  -180.0 180.0   5.0                                        LON1 / LON2 / DLON  
    -1                                                      EXPONENT            
                                                            END OF HEADER       
[from data line 2145]
     6                                                      START OF TEC MAP    
  2015    10    24    10     0     0                        EPOCH OF CURRENT MAP
    87.5-180.0 180.0   5.0 450.0                            LAT/LON1/LON2/DLON/H
   64   70   68   71   73   74   73   70   72   74   75   77   77   79   80   80
   81   82   83   84   85   86   86   87   88   89   90   91   91   92   93   93
   94   94   94   94   94   94   93   93   92   91   90   90   89   87   86   85
   83   81   79   77   75   73   71   69   67   65   63   62   61   60   59   59
   59   60   59   58   62   64   77   82   64                                   
    85.0-180.0 180.0   5.0 450.0                            LAT/LON1/LON2/DLON/H
   57   70   76   70   71   75   75   76   77   80   80   81   82   83   84   84
   85   86   87   88   89   90   92   93   94   96   97   99  100  102  103  104
  105  106  107  107  107  107  107  107  106  105  104  103  101   99   97   95
   93   90   87   84   81   78   75   72   69   67   64   62   61   60   59   59
   60   61   57   56   58   63   70   73   57                                   
    82.5-180.0 180.0   5.0 450.0                            LAT/LON1/LON2/DLON/H
   49   60   69   63   63   66   67   68   70   71   72   73   73   73   74   74
   75   75   76   77   78   80   81   83   85   87   89   92   94   97  100  102
  104  107  109  110  112  113  114  115  115  115  115  114  112  110  108  105
  102   98   94   89   85   80   76   71   67   63   60   57   54   52   50   50
   50   51   48   48   53   58   55   56   49                                   
    80.0-180.0 180.0   5.0 450.0                            LAT/LON1/LON2/DLON/H
   51   55   64   60   60   60   62   63   64   65   65   66   65   65   64   64
   64   64   65   65   66   68   70   72   74   77   80   83   87   91   94   98
  102  106  109  112  115  118  121  123  125  126  127  127  126  125  123  120
  117  112  107  102   96   90   84   79   73   67   62   58   54   51   48   47
   46   46   45   46   49   54   56   57   51                                   
    77.5-180.0 180.0   5.0 450.0                            LAT/LON1/LON2/DLON/H
   60   60   64   61   59   61   62   62   64   63   62   62   61   60   59   58
   57   57   57   58   59   61   63   65   68   71   74   79   83   88   93   98
  104  109  114  119  124  128  132  136  140  143  146  148  149  149  148  147
  144  140  135  129  122  115  108  101   94   87   80   74   68   63   59   56
   54   52   51   52   54   51   54   58   60                                   
    75.0-180.0 180.0   5.0 450.0                            LAT/LON1/LON2/DLON/H
   59   62   63   62   59   62   61   60   60   59   57   56   54   52   51   49
   48   48   48   49   51   53   55   58   61   64   68   73   78   84   90   96
  103  109  115  121  127  133  140  146  152  158  163  167  171  173  174  173
  172  168  164  158  152  145  137  128  120  112  104   96   89   83   77   73
   68   65   63   60   62   58   60   57   59                                   
    72.5-180.0 180.0   5.0 450.0                            LAT/LON1/LON2/DLON/H
   61   63   63   62   59   62   62   60   59   58   56   54   52   50   48   47
   46   46   47   48   50   52   55   57   60   64   68   73   79   85   92   99
  106  113  120  127  135  142  150  158  166  174  181  188  194  198  201  202
  201  199  196  191  184  177  168  159  150  140  130  121  113  105   98   92
   86   82   79   74   73   68   68   67   61                                   
    70.0-180.0 180.0   5.0 450.0                            LAT/LON1/LON2/DLON/H
   63   62   63   61   58   59   58   57   56   55   53   52   49   47   45   44
   44   45   46   49   51   54   57   60   63   67   71   76   82   89   96  103
  111  118  126  133  141  149  158  168  177  187  196  204  211  217  221  223
  223  222  219  214  207  199  190  180  169  159  148  137  128  118  110  103
   96   90   87   81   77   73   74   74   63                                   
    67.5-180.0 180.0   5.0 450.0                            LAT/LON1/LON2/DLON/H
   57   57   57   57   55   57   56   56   55   54   53   52   50   49   47   46
   47   49   51   55   58   61   64   67   70   73   77   81   87   94  101  109
  116  124  131  139  147  156  165  175  186  196  206  214  222  227  231  234
  234  233  230  225  218  210  200  189  178  166  154  143  133  123  114  106
   99   92   88   80   76   72   71   72   57                                   
    65.0-180.0 180.0   5.0 450.0                            LAT/LON1/LON2/DLON/H
   51   50   50   52   50   52   52   53   53   53   53   52   51   50   49   48
   50   52   56   60   64   68   71   73   76   78   81   86   92   99  106  115
  123  131  138  147  155  164  174  185  196  206  216  224  231  236  240  241
  241  239  236  230  223  213  202  190  178  165  153  141  130  119  110  101
   94   87   82   74   71   66   66   69   51                                   
    62.5-180.0 180.0   5.0 450.0                            LAT/LON1/LON2/DLON/H
   44   42   42   45   44   47   48   49   50   51   51   52   51   50   49   49
   51   54   58   62   67   70   73   75   77   79   82   86   93  100  109  118
  127  136  145  154  163  173  183  194  205  215  224  231  236  240  242  242
  241  239  235  228  220  209  197  184  171  158  145  133  121  110  100   92
   84   76   71   64   60   55   56   61   44                                   
    60.0-180.0 180.0   5.0 450.0                            LAT/LON1/LON2/DLON/H
   40   37   36   40   38   41   42   43   45   46   48   49   48   48   48   48
   50   52   56   60   64   67   69   71   72   74   77   82   89   98  108  119
  130  141  151  161  171  182  193  204  214  223  231  236  239  241  242  241
  240  237  233  226  217  206  193  179  164  151  138  126  114  103   93   84
   75   67   62   55   52   46   47   53   40                                   
    57.5-180.0 180.0   5.0 450.0                            LAT/LON1/LON2/DLON/H
   43   38   37   39   37   39   39   40   41   43   45   46   46   46   46   46
   47   50   53   56   59   61   62   63   65   67   71   77   84   95  107  120
  133  146  159  171  182  193  205  216  226  234  240  243  245  246  245  245
  243  241  236  230  221  209  195  181  166  153  140  128  117  106   96   87
   77   69   64   56   53   45   46   51   43                                   
    55.0-180.0 180.0   5.0 450.0                            LAT/LON1/LON2/DLON/H
   54   47   44   44   41   41   40   39   39   41   42   44   44   44   44   44
   45   47   49   51   53   54   55   55   57   60   64   71   80   92  106  122
  137  153  168  181  194  206  218  229  238  245  250  253  253  253  253  252
  251  249  246  240  231  219  206  191  177  163  152  141  130  120  110  101
   91   82   77   69   65   56   54   57   54                                   
    52.5-180.0 180.0   5.0 450.0                            LAT/LON1/LON2/DLON/H
   71   64   60   57   52   49   46   42   41   41   41   43   43   44   44   44
   45   46   47   48   49   49   49   50   52   56   62   69   80   92  108  125
  143  161  177  192  206  219  231  242  251  258  262  264  265  265  264  264
  264  262  259  254  245  234  220  206  193  181  170  161  151  142  133  123
  114  105  100   91   86   76   73   71   71                                   
    50.0-180.0 180.0   5.0 450.0                            LAT/LON1/LON2/DLON/H
   92   87   81   75   68   63   56   49   46   44   43   44   45   46   46   47
   47   48   49   49   49   48   48   50   53   58   64   73   83   96  112  131
  151  170  188  204  219  232  245  256  265  272  276  278  278  279  279  279
  278  277  274  268  259  248  236  222  210  199  190  182  174  166  157  148
  139  130  124  116  111  102   98   92   92                                   
    47.5-180.0 180.0   5.0 450.0                            LAT/LON1/LON2/DLON/H
  112  109  104   96   88   81   71   61   54   50   48   49   49   50   51   52
   53   54   54   54   54   53   53   55   59   65   72   81   91  104  120  138
  159  179  198  216  231  245  258  269  279  285  290  292  293  294  294  293
  292  289  285  278  269  259  246  234  223  213  205  198  192  184  176  167
  158  149  143  135  132  125  122  114  112                                   
    45.0-180.0 180.0   5.0 450.0                            LAT/LON1/LON2/DLON/H
  125  125  121  114  106   98   86   74   65   60   56   56   57   58   60   61
   62   62   63   64   64   63   63   65   69   76   84   92  102  113  128  145
  166  187  207  225  242  257  270  282  291  298  303  305  307  307  307  305
  302  297  290  283  273  262  250  238  228  219  212  206  199  192  184  175
  166  157  150  143  142  139  138  131  125                                   
    42.5-180.0 180.0   5.0 450.0                            LAT/LON1/LON2/DLON/H
  127  131  127  124  118  110   99   87   77   71   67   66   67   68   70   71
   71   73   74   76   76   75   75   77   81   88   96  104  112  122  135  151
  171  192  213  233  250  266  281  293  303  310  314  317  319  319  318  314
  309  301  292  283  272  261  249  237  227  218  211  204  198  190  181  171
  161  152  144  138  139  138  139  134  127                                   
    40.0-180.0 180.0   5.0 450.0                            LAT/LON1/LON2/DLON/H
  118  123  123  123  121  116  107   97   88   81   77   76   77   79   80   80
   81   83   85   87   87   86   85   87   91   98  106  113  120  128  140  155
  174  195  217  238  258  275  291  304  314  321  325  329  331  331  329  324
  316  307  297  286  275  263  251  238  227  218  209  201  192  182  171  160
  148  137  128  121  123  123  126  125  118                                   
    37.5-180.0 180.0   5.0 450.0                            LAT/LON1/LON2/DLON/H
  102  108  109  113  115  114  109  103   96   90   87   86   87   88   89   89
   89   91   93   95   95   94   92   92   95  102  110  118  125  133  143  158
  177  199  222  245  266  285  302  315  325  332  337  341  343  344  343  338
  331  322  312  302  291  279  265  252  239  227  216  204  192  179  166  152
  137  123  111  102  102  101  106  106  102                                   
    35.0-180.0 180.0   5.0 450.0                            LAT/LON1/LON2/DLON/H
   87   91   93   99  104  106  106  103  100   96   94   94   95   96   97   96
   96   96   98  100  100   97   93   91   94  101  109  118  127  136  147  161
  181  204  229  254  277  298  315  329  339  346  352  356  360  363  364  362
  357  351  344  336  326  314  300  285  270  255  240  224  209  193  176  159
  141  122  106   92   87   82   88   89   87                                   
    32.5-180.0 180.0   5.0 450.0                            LAT/LON1/LON2/DLON/H
   81   81   82   87   93   97  100  100  100   99   98   99  101  103  103  102
  101  100  102  102  101   95   89   86   88   96  106  117  128  139  152  168
  188  213  239  266  292  314  332  346  357  364  370  377  383  390  394  397
  397  396  394  390  383  371  356  339  321  303  284  266  247  229  210  191
  169  146  125  103   92   79   83   82   81                                   
    30.0-180.0 180.0   5.0 450.0                            LAT/LON1/LON2/DLON/H
   87   83   81   82   86   89   94   96   98   99  100  102  104  107  108  106
  105  104  104  103   99   91   83   79   81   90  102  117  131  145  159  177
  199  225  254  283  310  334  353  368  379  387  395  404  414  425  435  443
  451  457  461  461  456  445  429  410  390  370  349  329  309  290  270  250
  226  200  174  144  125  102  101   93   87                                   
    27.5-180.0 180.0   5.0 450.0                            LAT/LON1/LON2/DLON/H
  110  101   93   88   87   88   91   93   95   97   99  102  105  108  110  109
  108  106  106  103   96   86   77   72   76   86  101  118  136  153  171  191
  215  243  274  305  334  358  378  393  405  415  425  438  452  468  484  499
  514  527  538  543  540  530  514  494  472  450  429  408  389  370  351  331
  306  278  249  212  186  153  142  124  110                                   
    25.0-180.0 180.0   5.0 450.0                            LAT/LON1/LON2/DLON/H
  149  136  120  105   98   94   93   93   94   96   98  101  104  108  110  110
  109  108  107  102   93   82   72   69   74   86  103  123  144  165  187  210
  236  266  299  331  361  385  405  421  434  446  460  476  495  516  538  560
  581  601  617  625  624  614  597  577  556  534  513  493  475  458  440  421
  396  369  336  296  265  224  201  174  149                                   
    22.5-180.0 180.0   5.0 450.0                            LAT/LON1/LON2/DLON/H
  200  184  159  134  118  107  101   97   96   97   98   99  102  105  108  110
  110  109  107  101   91   79   71   69   77   91  110  133  157  182  207  233
  262  294  327  360  389  413  432  448  463  479  496  517  539  564  590  616
  642  666  684  694  692  681  665  645  625  604  584  566  550  534  518  500
  478  453  419  381  347  302  269  237  200                                   
    20.0-180.0 180.0   5.0 450.0                            LAT/LON1/LON2/DLON/H
  256  240  206  170  145  126  114  106  102  100   99   99  100  103  106  108
  109  109  107  101   90   78   71   73   83  101  122  146  173  201  230  260
  290  323  356  388  415  438  456  473  490  509  530  553  578  605  632  660
  686  710  727  734  730  718  702  684  665  646  628  611  596  581  566  548
  530  511  481  450  415  372  335  301  256                                   
    17.5-180.0 180.0   5.0 450.0                            LAT/LON1/LON2/DLON/H
  306  293  254  211  177  150  132  120  111  107  104  102  100  101  103  106
  108  109  107   99   88   77   73   79   93  114  138  163  191  221  253  286
  318  350  382  411  436  457  475  493  512  534  557  582  608  634  659  684
  707  726  739  742  736  723  707  691  674  657  640  623  607  590  574  556
  540  528  508  487  458  422  389  356  306                                   
    15.0-180.0 180.0   5.0 450.0                            LAT/LON1/LON2/DLON/H
  344  337  299  253  211  180  156  139  126  119  112  107  103  101  102  105
  107  108  106   98   87   78   77   87  106  130  155  182  210  241  275  309
  341  372  401  427  449  469  487  506  528  551  576  601  625  648  670  689
  706  719  725  724  716  703  689  675  660  645  628  611  591  570  548  527
  512  504  496  487  468  444  420  392  344                                   
    12.5-180.0 180.0   5.0 450.0                            LAT/LON1/LON2/DLON/H
  368  367  334  290  246  212  184  164  147  135  125  116  109  105  104  105
  107  108  104   96   86   79   82   97  120  148  174  200  228  259  294  327
  359  387  413  437  457  476  495  515  538  563  587  610  631  650  667  680
  690  696  697  694  686  675  664  652  639  625  607  587  563  534  504  476
  457  452  453  455  449  439  426  403  368                                   
    10.0-180.0 180.0   5.0 450.0                            LAT/LON1/LON2/DLON/H
  381  386  359  319  278  244  215  192  171  156  142  130  119  111  108  107
  108  107  103   95   86   82   89  108  136  166  193  218  245  276  309  341
  371  397  421  441  460  479  498  520  544  568  591  611  629  645  657  666
  670  671  670  666  660  653  645  635  624  609  590  567  536  499  460  423
  399  392  397  408  415  416  413  396  381                                   
     7.5-180.0 180.0   5.0 450.0                            LAT/LON1/LON2/DLON/H
  387  396  375  341  305  273  243  219  195  177  161  146  133  122  115  112
  111  108  103   95   88   87   97  119  150  183  211  236  262  291  321  352
