data/edconvlstm_nd/pred1590.15i
     1.0            IONOSPHERE MAPS     GNSS                IONEX VERSION / TYPE
pyspatialgeodesy        IME             05-JAN-18 20:20     PGM / RUN BY / DATE 
Map Name                                                    COMMENT             
Predicted global ionosphere maps (GIM).                     DESCRIPTION         
  2015     6     8     0     0     0                        EPOCH OF FIRST MAP  
  2015     6     9     0     0     0                        EPOCH OF LAST MAP   
  7200                                                      INTERVAL            
    13                                                      # OF MAPS IN FILE   
  NONE                                                      MAPPING FUNCTION    
10.0                                                        ELEVATION CUTOFF    
One-way carrier phase leveled to code                       OBSERVABLES USED    
  6371.0                                                    BASE RADIUS         
 2                                                          MAP DIMENSION       
   450.0 450.0   0.0                                        HGT1 / HGT2 / DHGT  
    87.5 -87.5  -2.5                                        LAT1 / LAT2 / DLAT  
  -180.0 180.0   5.0                                        LON1 / LON2 / DLON  
    -1                                                      EXPONENT            
                                                            END OF HEADER       
[from data line 4719]
    12                                                      START OF TEC MAP    
  2015     6     8    22     0     0                        EPOCH OF CURRENT MAP
    87.5-180.0 180.0   5.0 450.0                            LAT/LON1/LON2/DLON/H
  211  192  173  179  179  180  179  178  178  178  177  177  176  176  175  175
  174  174  173  173  173  172  172  172  171  171  171  171  170  170  169  169
  168  168  167  167  166  166  165  165  164  163  163  162  162  161  161  160
  160  160  159  159  159  159  159  159  160  160  161  161  162  163  164  165
  165  166  167  170  181  184  183  197  211                                   
    85.0-180.0 180.0   5.0 450.0                            LAT/LON1/LON2/DLON/H
  198  195  195  190  185  190  189  190  190  190  189  188  187  187  186  185
  185  184  184  184  184  183  183  183  183  183  183  182  182  182  181  180
  180  179  178  177  176  175  174  173  172  171  170  169  168  167  166  165
  164  163  162  162  161  161  161  161  161  162  162  163  164  165  167  168
  170  172  174  176  184  175  177  190  198                                   
    82.5-180.0 180.0   5.0 450.0                            LAT/LON1/LON2/DLON/H
  183  188  188  188  187  193  193  194  192  191  190  189  187  186  184  183
  182  182  181  181  181  181  182  182  182  182  182  182  181  181  180  179
  178  177  176  175  174  173  172  171  169  168  166  165  163  161  159  158
  156  155  154  153  152  152  152  152  152  153  153  154  156  157  159  161
  163  164  167  174  180  186  184  183  183                                   
    80.0-180.0 180.0   5.0 450.0                            LAT/LON1/LON2/DLON/H
  187  193  197  195  192  197  197  199  198  197  194  192  190  187  185  183
  181  180  180  180  180  181  182  182  183  183  183  183  182  181  180  179
  179  178  177  176  176  175  174  173  171  170  168  166  164  162  159  157
  156  154  153  151  151  150  150  149  150  150  151  152  153  155  157  159
  162  164  168  174  179  173  178  187  187                                   
    77.5-180.0 180.0   5.0 450.0                            LAT/LON1/LON2/DLON/H
  198  196  205  205  204  210  210  212  210  208  204  201  197  193  189  187
  185  183  183  184  185  187  188  190  191  191  191  190  189  188  186  185
  185  184  184  184  184  184  183  183  181  180  178  176  173  171  169  166
  164  163  161  160  159  158  158  158  158  158  158  159  160  161  163  165
  167  169  173  178  188  179  188  203  198                                   
    75.0-180.0 180.0   5.0 450.0                            LAT/LON1/LON2/DLON/H
  204  203  208  209  207  214  214  215  214  212  208  203  198  193  188  184
  181  180  180  181  183  186  188  190  191  191  191  189  187  186  184  183
  182  182  182  182  183  184  184  184  183  182  180  178  175  173  171  169
  167  166  164  164  163  162  162  162  161  162  162  162  163  164  166  168
  169  172  176  178  186  178  187  197  204                                   
    72.5-180.0 180.0   5.0 450.0                            LAT/LON1/LON2/DLON/H
  210  210  216  220  218  225  226  228  225  223  218  212  205  199  192  187
  184  183  183  185  188  191  194  196  197  196  195  192  190  187  184  183
  182  182  183  184  186  187  188  188  188  186  184  182  179  177  175  174
  173  172  172  171  171  171  171  171  171  171  171  172  173  174  175  177
  177  180  183  185  190  184  194  209  210                                   
    70.0-180.0 180.0   5.0 450.0                            LAT/LON1/LON2/DLON/H
  217  216  220  222  220  227  230  232  231  229  224  218  210  202  195  189
  185  183  184  186  189  193  196  198  198  197  195  191  188  184  181  179
  178  178  178  180  182  183  185  185  184  183  180  178  175  173  171  171
  170  171  171  172  173  173  174  174  175  175  176  177  179  180  182  184
  184  186  190  192  196  192  202  214  217                                   
    67.5-180.0 180.0   5.0 450.0                            LAT/LON1/LON2/DLON/H
  229  228  233  235  233  240  242  245  245  243  238  232  224  216  207  201
  196  194  194  197  201  204  208  209  209  208  204  200  196  191  188  185
  184  183  184  185  187  189  189  189  188  186  183  180  177  174  173  173
  174  175  177  179  180  181  182  183  185  186  188  190  192  194  197  199
  200  203  206  207  210  204  214  226  229                                   
    65.0-180.0 180.0   5.0 450.0                            LAT/LON1/LON2/DLON/H
  240  237  241  241  238  244  247  250  251  250  247  241  233  225  216  209
  204  202  202  205  208  212  215  217  216  214  211  206  202  197  193  190
  188  187  187  187  188  188  188  187  185  181  177  173  170  167  166  167
  168  171  173  176  178  180  182  184  186  189  192  196  199  202  206  209
  211  215  219  221  225  219  229  240  240                                   
    62.5-180.0 180.0   5.0 450.0                            LAT/LON1/LON2/DLON/H
  254  251  253  251  247  252  254  257  258  259  255  251  243  235  227  220
  215  213  213  216  219  223  225  226  226  224  222  218  214  210  206  203
  200  197  196  194  193  192  191  188  185  180  175  170  165  162  161  162
  164  167  170  173  176  178  181  184  187  192  196  201  206  211  216  220
  223  228  233  236  240  234  244  255  254                                   
    60.0-180.0 180.0   5.0 450.0                            LAT/LON1/LON2/DLON/H
  268  264  264  260  254  258  259  261  263  263  261  257  250  242  235  229
  224  223  223  225  228  231  233  235  235  234  233  231  228  225  222  218
  214  211  207  203  200  197  194  190  185  179  172  166  160  157  155  155
  157  160  164  167  170  173  176  180  185  191  197  203  209  215  222  228
  232  238  245  248  253  248  259  269  268                                   
    57.5-180.0 180.0   5.0 450.0                            LAT/LON1/LON2/DLON/H
  281  278  276  271  264  266  265  266  266  266  263  259  254  247  240  235
  232  231  231  233  235  238  239  241  242  243  243  244  243  242  239  236
  231  225  219  214  208  203  198  193  187  180  172  164  158  153  151  150
  152  155  158  161  164  167  171  176  181  188  196  203  210  217  225  232
  238  246  254  258  263  259  271  282  281                                   
    55.0-180.0 180.0   5.0 450.0                            LAT/LON1/LON2/DLON/H
  294  291  288  284  275  276  274  273  272  270  266  261  255  249  244  240
  238  237  238  239  241  242  244  245  248  250  253  256  257  258  256  252
  246  240  232  225  217  210  204  197  190  182  174  165  158  152  149  148
  149  151  153  155  158  161  165  171  178  185  193  201  209  217  226  235
  242  251  259  264  269  267  280  291  294                                   
    52.5-180.0 180.0   5.0 450.0                            LAT/LON1/LON2/DLON/H
  305  304  301  297  289  289  285  282  280  276  270  264  257  251  246  244
  242  243  243  244  245  245  246  248  251  256  260  265  268  269  268  264
  259  251  243  234  225  217  209  202  194  186  177  168  160  154  150  148
  148  149  150  151  153  156  160  166  174  182  191  199  207  216  226  235
  244  254  263  267  273  272  285  296  305                                   
    50.0-180.0 180.0   5.0 450.0                            LAT/LON1/LON2/DLON/H
  314  316  313  310  304  304  301  297  292  286  278  270  262  255  251  249
  248  248  249  250  249  249  250  251  255  260  266  271  275  277  276  272
  267  260  252  242  233  224  215  207  199  191  182  173  165  159  154  151
  150  150  150  150  151  153  158  164  172  181  189  198  207  216  226  237
  246  257  266  270  275  275  287  298  314                                   
    47.5-180.0 180.0   5.0 450.0                            LAT/LON1/LON2/DLON/H
  323  327  325  324  319  321  318  314  309  301  291  281  272  264  259  257
  256  256  257  256  256  255  254  256  259  265  271  276  280  281  280  277
  272  266  259  250  240  230  221  212  204  196  188  180  172  166  161  158
  155  154  153  152  151  153  157  163  171  180  190  198  207  217  228  240
  251  262  271  274  278  277  289  299  323                                   
    45.0-180.0 180.0   5.0 450.0                            LAT/LON1/LON2/DLON/H
  331  337  336  336  335  338  337  333  329  321  310  299  289  280  273  269
  267  266  266  266  265  263  262  263  266  271  277  281  283  283  282  279
  276  272  266  258  249  238  228  219  211  203  196  189  181  175  170  167
  164  161  158  156  154  155  158  164  172  182  191  201  211  221  234  247
  258  269  278  281  283  282  292  302  331                                   
    42.5-180.0 180.0   5.0 450.0                            LAT/LON1/LON2/DLON/H
  339  346  346  347  348  353  354  352  349  343  334  323  312  301  292  285
  281  279  279  278  277  276  275  275  278  282  286  288  289  288  286  284
  282  280  276  269  259  248  237  227  219  213  206  200  193  187  181  178
  174  170  166  162  159  158  160  166  174  183  194  205  216  228  242  256
  267  279  288  290  292  290  298  308  339                                   
    40.0-180.0 180.0   5.0 450.0                            LAT/LON1/LON2/DLON/H
  348  355  356  356  359  365  368  369  369  366  360  351  340  328  316  306
  299  295  293  293  292  291  291  292  294  297  300  300  299  296  294  292
  292  291  288  282  272  260  248  238  230  224  219  213  206  200  194  189
  185  180  174  168  163  161  162  167  175  185  197  210  223  237  252  266
  279  291  300  303  303  301  309  319  348                                   
    37.5-180.0 180.0   5.0 450.0                            LAT/LON1/LON2/DLON/H
  358  365  367  366  370  376  380  383  388  389  387  381  372  359  344  330
  319  312  309  309  309  310  311  313  315  318  319  318  314  310  307  305
  305  305  302  296  285  273  260  250  243  238  234  228  220  213  206  201
  195  188  181  174  167  164  164  167  175  185  199  214  229  245  261  277
  290  303  312  316  317  315  323  333  358                                   
    35.0-180.0 180.0   5.0 450.0                            LAT/LON1/LON2/DLON/H
  371  377  379  377  382  387  393  397  405  411  414  413  405  392  374  355
  340  330  326  326  328  331  334  337  340  342  342  339  334  328  324  322
  321  320  316  309  298  284  272  263  257  253  249  243  234  225  217  210
  202  194  186  177  169  164  163  166  173  184  199  216  234  252  269  285
  299  312  322  328  330  330  340  350  371                                   
    32.5-180.0 180.0   5.0 450.0                            LAT/LON1/LON2/DLON/H
  386  391  394  392  398  402  408  413  424  434  442  445  440  426  405  382
  363  349  343  343  347  352  358  363  367  369  367  363  356  348  342  338
  335  332  326  316  305  292  280  272  267  265  261  255  245  234  224  215
  206  197  186  176  168  162  160  162  168  180  196  215  235  254  273  290
  304  319  330  338  342  344  357  367  386                                   
    30.0-180.0 180.0   5.0 450.0                            LAT/LON1/LON2/DLON/H
  403  408  412  411  419  423  429  435  447  460  471  478  474  460  438  411
  388  371  362  362  367  374  383  389  393  394  391  384  375  365  357  349
  343  335  326  315  303  291  282  275  273  271  269  262  251  238  226  215
  205  194  183  172  163  157  155  156  162  174  190  210  231  253  273  290
  304  321  334  345  351  356  372  383  403                                   
    27.5-180.0 180.0   5.0 450.0                            LAT/LON1/LON2/DLON/H
  420  426  431  434  444  449  456  463  476  490  503  512  510  496  472  443
  416  396  385  382  388  397  406  413  417  415  409  399  386  374  362  351
  339  327  314  302  290  281  274  270  270  270  268  262  250  235  222  209
  198  187  175  164  155  149  147  148  154  165  181  201  223  246  267  286
  302  320  336  348  357  364  383  395  420                                   
    25.0-180.0 180.0   5.0 450.0                            LAT/LON1/LON2/DLON/H
  434  442  450  457  471  479  488  496  510  524  538  547  546  533  509  479
  449  426  411  407  411  419  428  434  434  428  417  403  387  372  356  340
  324  307  291  278  268  261  257  257  258  260  260  254  242  226  212  199
  187  175  163  152  144  138  137  138  144  154  169  189  211  235  259  279
  297  317  335  349  360  370  390  402  434                                   
    22.5-180.0 180.0   5.0 450.0                            LAT/LON1/LON2/DLON/H
  445  455  465  477  496  508  521  530  545  559  572  581  581  570  548  519
  488  462  443  435  436  443  449  451  445  433  416  396  377  358  339  320
  299  278  260  247  239  236  236  238  241  245  245  239  228  213  198  184
  172  160  148  137  130  125  124  126  132  141  155  174  197  223  248  271
  291  314  333  348  360  372  392  405  445                                   
    20.0-180.0 180.0   5.0 450.0                            LAT/LON1/LON2/DLON/H
  450  461  474  489  512  530  547  559  575  589  602  612  613  605  586  560
  530  502  481  468  465  467  467  462  449  428  404  380  358  336  315  293
  269  247  228  216  211  211  214  218  223  227  227  222  211  196  181  168
  156  144  132  122  115  112  112  114  120  129  142  160  183  210  238  264
  287  311  332  347  359  371  390  404  450                                   
    17.5-180.0 180.0   5.0 450.0                            LAT/LON1/LON2/DLON/H
  448  460  475  491  517  539  561  577  594  609  623  633  637  633  620  599
  573  545  521  504  495  490  483  468  445  417  386  358  334  312  290  266
  242  220  202  192  191  194  199  204  208  211  211  206  195  180  166  153
  141  129  117  108  102  100  100  103  109  117  129  146  169  198  229  258
  283  309  331  346  358  369  386  401  448                                   
    15.0-180.0 180.0   5.0 450.0                            LAT/LON1/LON2/DLON/H
  441  453  468  482  510  535  560  578  598  614  628  641  648  650  644  631
  610  584  559  538  523  510  494  470  437  401  366  336  312  290  268  246
  223  202  187  181  182  188  195  199  202  202  200  193  182  168  153  140
  128  116  105   97   92   90   92   95  100  108  119  135  159  189  222  254
  281  308  330  344  355  366  381  397  441                                   
    12.5-180.0 180.0   5.0 450.0                            LAT/LON1/LON2/DLON/H
  433  444  458  468  495  519  545  564  585  601  617  632  643  651  653  647
  634  613  589  566  546  525  500  466  426  385  347  317  294  274  254  234
  214  197  186  183  187  195  201  204  204  201  195  186  174  159  145  131
  119  107   97   89   85   84   86   89   94  101  112  128  152  183  218  251
  280  307  329  343  353  364  378  394  433                                   
    10.0-180.0 180.0   5.0 450.0                            LAT/LON1/LON2/DLON/H
  427  439  451  455  479  499  523  540  559  575  591  607  622  634  642  645
  639  625  605  583  559  532  499  459  414  370  333  304  283  265  248  232
  216  203  197  197  204  212  218  218  213  206  196  184  170  155  140  126
  113  101   91   85   82   81   83   86   90   97  107  123  147  179  215  250
  279  306  327  342  351  363  378  393  427                                   
     7.5-180.0 180.0   5.0 450.0                            LAT/LON1/LON2/DLON/H
  429  442  451  450  469  484  502  514  529  542  556  572  587  602  615  623
  625  618  603  583  559  529  493  449  403  359  323  297  277  262  249  236
