data/edconvlstm_nd/pred1720.15i
     1.0            IONOSPHERE MAPS     GNSS                IONEX VERSION / TYPE
pyspatialgeodesy        IME             05-JAN-18 20:20     PGM / RUN BY / DATE 
Map Name                                                    COMMENT             
Predicted global ionosphere maps (GIM).                     DESCRIPTION         
  2015     6    21     0     0     0                        EPOCH OF FIRST MAP  
  2015     6    22     0     0     0                        EPOCH OF LAST MAP   
  7200                                                      INTERVAL            
    13                                                      # OF MAPS IN FILE   
  NONE                                                      MAPPING FUNCTION    
10.0                                                        ELEVATION CUTOFF    
One-way carrier phase leveled to code                       OBSERVABLES USED    
  6371.0                                                    BASE RADIUS         
 2                                                          MAP DIMENSION       
   450.0 450.0   0.0                                        HGT1 / HGT2 / DHGT  
    87.5 -87.5  -2.5                                        LAT1 / LAT2 / DLAT  
  -180.0 180.0   5.0                                        LON1 / LON2 / DLON  
    -1                                                      EXPONENT            
                                                            END OF HEADER       
[from data line 858]
     3                                                      START OF TEC MAP    
  2015     6    21     4     0     0                        EPOCH OF CURRENT MAP
    87.5-180.0 180.0   5.0 450.0                            LAT/LON1/LON2/DLON/H
  189  189  188  190  190  188  185  183  184  184  184  184  184  185  185  185
  185  184  184  184  183  183  182  182  181  180  179  178  177  177  176  175
  175  174  174  174  173  173  173  173  173  173  173  174  174  174  174  174
  175  175  175  175  175  174  174  174  174  174  174  175  175  175  175  176
  177  180  180  181  186  185  183  179  189                                   
    85.0-180.0 180.0   5.0 450.0                            LAT/LON1/LON2/DLON/H
  194  197  191  195  198  196  196  195  196  196  195  196  196  196  196  196
  196  195  195  195  194  194  193  192  191  190  189  188  188  187  186  185
  185  184  184  183  183  183  183  183  183  183  183  184  184  184  184  184
  184  184  184  184  184  184  184  183  183  183  183  183  183  184  184  185
  187  189  188  192  188  189  188  184  194                                   
    82.5-180.0 180.0   5.0 450.0                            LAT/LON1/LON2/DLON/H
  200  200  199  196  197  196  196  196  197  196  196  196  195  195  195  195
  194  194  194  193  192  192  191  190  188  187  186  184  183  182  181  180
  179  179  179  179  179  179  179  180  180  180  181  181  182  182  183  183
  183  183  183  183  183  182  182  181  181  181  181  181  181  181  181  183
  184  186  184  189  192  188  186  178  200                                   
    80.0-180.0 180.0   5.0 450.0                            LAT/LON1/LON2/DLON/H
  197  200  193  192  194  195  196  196  196  195  194  193  192  192  191  190
  190  190  189  188  188  187  185  184  182  180  179  177  175  174  173  173
  173  173  173  174  174  175  176  177  178  179  180  181  182  183  184  184
  185  185  185  185  184  183  183  182  181  180  180  180  180  180  180  181
  182  183  181  186  191  189  194  179  197                                   
    77.5-180.0 180.0   5.0 450.0                            LAT/LON1/LON2/DLON/H
  195  195  192  193  192  194  196  195  195  192  189  188  186  184  183  182
  182  181  181  180  180  179  178  176  174  171  169  167  166  165  165  165
  166  167  168  170  172  174  176  177  179  181  183  184  186  187  189  190
  190  191  191  190  189  188  187  186  184  183  182  182  181  181  181  182
  182  184  181  185  191  188  188  182  195                                   
    75.0-180.0 180.0   5.0 450.0                            LAT/LON1/LON2/DLON/H
  191  194  190  192  192  194  195  193  192  188  184  181  178  175  173  171
  170  170  170  170  170  169  168  166  163  161  158  156  155  155  156  157
  159  162  165  168  171  174  177  179  182  184  187  189  191  193  195  196
  197  198  197  196  195  193  192  190  188  186  185  184  183  183  183  184
  184  185  183  182  185  186  186  183  191                                   
    72.5-180.0 180.0   5.0 450.0                            LAT/LON1/LON2/DLON/H
  187  194  190  192  192  193  195  193  191  186  181  176  171  167  164  161
  160  160  161  162  162  162  161  159  156  154  151  150  149  150  152  155
  159  163  167  172  176  180  184  187  190  193  196  199  202  204  206  208
  208  208  207  206  203  201  198  195  193  191  190  189  188  188  188  189
  189  190  189  188  188  186  186  184  187                                   
    70.0-180.0 180.0   5.0 450.0                            LAT/LON1/LON2/DLON/H
  189  191  189  189  189  190  191  190  187  182  176  170  164  158  154  151
  150  150  151  152  153  154  153  151  148  145  143  142  143  145  148  153
  158  164  170  175  181  185  190  194  197  201  205  208  211  214  216  216
  216  215  213  210  206  202  199  195  193  191  190  189  189  189  190  191
  191  191  191  190  191  189  190  188  189                                   
    67.5-180.0 180.0   5.0 450.0                            LAT/LON1/LON2/DLON/H
  187  189  185  185  185  186  187  185  183  178  171  165  158  152  146  143
  141  141  142  144  146  146  146  144  141  139  137  137  138  141  146  152
  159  165  172  178  184  189  194  199  203  207  212  215  219  221  222  223
  221  219  215  210  204  199  194  190  187  186  185  185  186  187  188  190
  190  191  191  190  191  189  190  190  187                                   
    65.0-180.0 180.0   5.0 450.0                            LAT/LON1/LON2/DLON/H
  186  186  181  181  180  180  181  180  179  174  169  163  156  149  143  139
  136  136  137  139  140  141  140  139  136  135  134  135  138  142  148  154
  161  168  175  182  188  194  199  205  210  215  219  223  227  229  230  228
  226  221  215  209  201  195  189  184  181  180  180  181  183  185  186  189
  190  191  191  191  193  192  194  194  186                                   
    62.5-180.0 180.0   5.0 450.0                            LAT/LON1/LON2/DLON/H
  187  186  180  178  176  176  176  175  175  171  167  162  156  149  143  139
  136  135  135  136  137  137  136  135  133  132  133  135  139  144  151  157
  164  170  177  183  189  196  202  209  215  221  226  231  234  236  236  233
  229  223  215  207  198  190  183  179  176  175  176  178  180  183  185  188
  190  191  192  192  195  194  197  198  187                                   
    60.0-180.0 180.0   5.0 450.0                            LAT/LON1/LON2/DLON/H
  189  188  181  177  173  172  172  171  170  167  165  161  157  151  146  141
  137  135  134  134  134  133  132  131  130  130  132  136  141  146  152  158
  163  168  174  180  187  194  202  209  217  224  230  235  239  240  239  236
  231  223  215  205  196  187  180  175  172  172  173  175  179  181  184  187
  189  191  193  194  197  197  201  202  189                                   
    57.5-180.0 180.0   5.0 450.0                            LAT/LON1/LON2/DLON/H
  194  193  185  180  175  172  170  168  167  165  163  161  158  154  149  145
  140  137  135  133  131  130  128  127  128  129  133  137  142  147  152  156
  159  163  168  174  181  190  199  208  217  225  232  238  242  243  242  239
  233  225  216  207  197  188  181  176  173  172  173  176  179  182  185  188
  190  192  194  197  200  201  205  207  194                                   
    55.0-180.0 180.0   5.0 450.0                            LAT/LON1/LON2/DLON/H
  202  201  194  188  182  177  174  169  167  164  161  160  158  156  152  148
  144  139  136  132  129  127  125  125  126  129  133  138  143  147  149  151
  152  155  158  165  173  183  194  204  215  224  232  238  242  244  244  241
  236  229  220  212  203  194  187  181  178  176  176  178  181  184  186  190
  192  194  197  200  204  206  210  212  202                                   
    52.5-180.0 180.0   5.0 450.0                            LAT/LON1/LON2/DLON/H
  212  212  206  201  195  188  183  176  171  166  162  161  159  157  154  151
  146  141  137  132  129  126  124  124  127  130  135  140  143  145  145  145
  144  145  149  155  164  176  188  199  210  220  228  236  241  244  245  244
  240  235  228  221  213  205  198  191  186  183  182  183  185  187  189  192
  195  198  201  205  208  210  216  216  212                                   
    50.0-180.0 180.0   5.0 450.0                            LAT/LON1/LON2/DLON/H
  223  224  219  216  212  205  199  190  182  173  167  164  161  159  156  153
  148  144  139  134  129  127  126  127  130  134  139  142  144  143  141  139
  137  137  140  147  157  169  182  194  205  215  224  232  239  244  247  248
  246  243  239  234  227  220  212  205  198  193  190  189  189  191  193  197
  200  204  207  211  214  216  222  222  223                                   
    47.5-180.0 180.0   5.0 450.0                            LAT/LON1/LON2/DLON/H
  233  235  233  232  230  224  218  207  197  185  175  169  164  161  157  154
  150  145  140  136  132  129  129  131  135  140  144  146  145  142  138  135
  132  132  135  142  152  164  177  188  199  209  218  227  236  244  249  253
  255  254  252  249  244  237  229  220  212  205  199  196  194  195  198  202
  206  211  215  219  222  223  228  228  233                                   
    45.0-180.0 180.0   5.0 450.0                            LAT/LON1/LON2/DLON/H
  242  244  244  245  246  242  237  226  214  199  187  177  170  164  159  154
  150  146  142  138  135  134  135  138  143  148  151  151  148  143  138  134
  131  132  135  141  150  161  172  183  193  203  213  223  234  244  253  259
  264  266  267  265  260  254  246  236  227  217  209  204  201  200  203  208
  213  220  225  228  231  232  236  236  242                                   
    42.5-180.0 180.0   5.0 450.0                            LAT/LON1/LON2/DLON/H
  250  251  252  255  258  256  252  243  231  215  200  187  177  168  161  155
  150  146  143  140  138  138  141  146  152  157  158  157  152  146  140  137
  135  136  138  143  150  159  169  179  188  198  209  221  234  246  257  266
  273  278  280  279  276  270  262  253  242  232  222  214  209  208  210  216
  222  230  236  240  242  242  246  245  250                                   
    40.0-180.0 180.0   5.0 450.0                            LAT/LON1/LON2/DLON/H
  259  259  259  261  265  264  262  254  243  228  212  198  184  173  163  155
  149  146  143  142  141  143  147  153  160  165  166  163  157  151  146  143
  143  144  145  147  151  158  166  175  185  195  207  220  234  249  262  273
  281  287  290  291  289  284  278  270  260  249  238  229  222  219  220  226
  233  241  249  253  255  256  258  257  259                                   
    37.5-180.0 180.0   5.0 450.0                            LAT/LON1/LON2/DLON/H
  271  270  267  266  269  267  265  260  251  237  221  207  192  178  165  156
  149  145  143  142  143  146  152  160  168  173  174  170  164  158  153  152
  153  153  152  152  153  156  163  172  182  193  206  220  236  251  265  277
  286  293  297  299  299  297  294  288  280  271  260  249  241  235  235  239
  245  254  262  267  270  272  275  273  271                                   
    35.0-180.0 180.0   5.0 450.0                            LAT/LON1/LON2/DLON/H
  289  286  280  274  274  269  266  261  254  242  228  214  198  183  168  157
  149  144  142  142  144  149  156  165  174  180  181  178  171  165  162  161
  161  161  158  155  153  154  160  170  181  193  206  221  236  251  265  277
  287  294  300  305  308  309  309  308  303  296  287  276  265  257  254  255
  260  267  276  282  287  290  295  293  289                                   
    32.5-180.0 180.0   5.0 450.0                            LAT/LON1/LON2/DLON/H
  313  311  301  290  285  276  270  263  256  245  233  219  204  188  172  159
  150  144  142  142  145  151  160  171  180  186  188  184  178  172  168  167
  167  165  161  155  151  151  157  166  178  191  205  219  234  248  261  273
  283  292  300  307  314  320  325  328  329  325  318  307  295  284  277  275
  276  282  290  297  304  310  316  316  313                                   
    30.0-180.0 180.0   5.0 450.0                            LAT/LON1/LON2/DLON/H
  343  343  330  316  307  293  282  272  263  251  238  225  211  194  178  163
  152  146  143  144  148  155  165  177  186  193  194  190  184  177  172  169
  167  164  158  151  145  145  151  161  174  187  201  214  227  240  252  264
  275  286  297  308  319  330  340  349  354  355  350  340  327  314  302  296
  294  297  304  312  320  329  338  341  343                                   
    27.5-180.0 180.0   5.0 450.0                            LAT/LON1/LON2/DLON/H
  376  379  365  351  338  322  306  291  278  263  248  234  220  203  186  171
  158  150  146  147  152  161  173  184  194  199  199  194  187  178  171  166
  162  157  150  143  138  137  143  153  166  179  192  205  217  229  240  253
  266  280  294  309  324  340  355  368  377  382  380  371  358  342  328  318
  312  312  319  326  335  347  358  364  376                                   
    25.0-180.0 180.0   5.0 450.0                            LAT/LON1/LON2/DLON/H
  406  414  402  390  377  360  340  321  302  283  264  248  232  215  198  181
  167  157  152  153  159  170  182  194  201  204  202  195  186  175  165  157
  151  145  138  132  128  128  133  143  155  168  181  193  204  216  228  242
  258  275  294  312  331  349  367  383  395  402  402  395  383  367  352  339
  330  329  333  339  348  361  374  384  406                                   
    22.5-180.0 180.0   5.0 450.0                            LAT/LON1/LON2/DLON/H
  430  443  434  427  417  401  380  357  334  309  286  266  248  231  213  195
  179  167  161  162  169  181  194  204  209  208  202  193  181  167  154  143
  135  129  124  120  118  118  122  131  141  154  167  180  192  204  218  235
  254  275  297  318  339  358  377  393  405  412  414  409  399  386  372  359
  349  346  349  354  360  373  387  399  430                                   
    20.0-180.0 180.0   5.0 450.0                            LAT/LON1/LON2/DLON/H
  444  460  457  456  450  439  419  394  367  337  309  286  267  249  231  212
  194  181  174  174  183  195  207  214  214  208  198  185  170  154  139  127
  118  113  110  109  108  108  112  118  128  140  154  168  182  197  213  233
  256  280  304  326  347  366  382  396  407  413  416  414  408  399  388  377
  368  364  366  368  372  383  396  409  444                                   
    17.5-180.0 180.0   5.0 450.0                            LAT/LON1/LON2/DLON/H
  448  464  466  471  470  464  447  423  394  361  330  304  284  266  248  230
  211  196  188  189  197  209  218  221  215  203  187  171  155  138  122  110
  102   98   98   98   99  100  102  106  115  128  143  160  176  194  214  237
  262  288  313  335  354  371  384  394  402  408  411  412  410  406  401  394
  387  384  384  385  385  392  404  416  448                                   
    15.0-180.0 180.0   5.0 450.0                            LAT/LON1/LON2/DLON/H
  444  459  463  470  474  472  459  437  409  375  342  316  295  279  263  245
  227  212  203  203  210  220  225  222  209  190  171  152  136  120  106   95
   88   86   88   90   91   92   92   96  104  118  135  154  174  195  217  243
  270  297  321  342  359  373  383  389  395  399  403  407  410  411  411  409
  406  404  404  402  398  401  412  421  444                                   
    12.5-180.0 180.0   5.0 450.0                            LAT/LON1/LON2/DLON/H
  437  450  453  457  464  462  452  433  407  375  343  318  299  284  270  255
  239  224  216  215  220  225  225  215  195  172  149  131  116  103   92   83
   78   78   80   83   84   84   84   87   95  110  130  151  174  197  221  248
  276  303  327  346  361  372  379  384  387  391  397  403  409  415  419  422
  422  422  422  418  412  412  420  426  437                                   
    10.0-180.0 180.0   5.0 450.0                            LAT/LON1/LON2/DLON/H
  433  442  442  440  445  442  431  414  390  361  333  309  292  280  269  257
  244  232  224  223  224  224  216  199  175  149  127  110   98   89   81   75
   72   73   75   77   78   77   77   80   89  104  125  149  173  197  223  251
  279  305  328  346  360  370  375  379  382  386  393  401  409  418  425  432
  435  437  438  433  426  423  430  433  433                                   
     7.5-180.0 180.0   5.0 450.0                            LAT/LON1/LON2/DLON/H
  434  439  434  426  425  418  405  387  365  340  314  293  278  267  259  251
  242  233  226  223  221  214  200  178  151  126  106   92   84   78   74   71
