data/edconvlstm_nd/pred2950.15i
     1.0            IONOSPHERE MAPS     GNSS                IONEX VERSION / TYPE
pyspatialgeodesy        IME             05-JAN-18 20:20     PGM / RUN BY / DATE 
Map Name                                                    COMMENT             
Predicted global ionosphere maps (GIM).                     DESCRIPTION         
  2015    10    22     0     0     0                        EPOCH OF FIRST MAP  
  2015    10    23     0     0     0                        EPOCH OF LAST MAP   
  7200                                                      INTERVAL            
    13                                                      # OF MAPS IN FILE   
  NONE                                                      MAPPING FUNCTION    
10.0                                                        ELEVATION CUTOFF    
One-way carrier phase leveled to code                       OBSERVABLES USED    
  6371.0                                                    BASE RADIUS         
 2                                                          MAP DIMENSION       
   450.0 450.0   0.0                                        HGT1 / HGT2 / DHGT  
    87.5 -87.5  -2.5                                        LAT1 / LAT2 / DLAT  
  -180.0 180.0   5.0                                        LON1 / LON2 / DLON  
    -1                                                      EXPONENT            
                                                            END OF HEADER       
[from data line 1716]
     5                                                      START OF TEC MAP    
  2015    10    22     8     0     0                        EPOCH OF CURRENT MAP
    87.5-180.0 180.0   5.0 450.0                            LAT/LON1/LON2/DLON/H
   64   66   63   69   72   74   75   73   76   80   82   84   86   88   89   90
   91   92   93   93   94   94   95   95   96   96   96   96   97   97   97   97
   97   96   96   96   95   95   94   94   93   92   91   90   89   88   86   85
   83   81   79   77   75   73   70   68   65   63   60   58   56   55   53   52
   53   54   52   51   56   60   72   77   64                                   
    85.0-180.0 180.0   5.0 450.0                            LAT/LON1/LON2/DLON/H
   49   64   64   66   69   74   77   79   82   86   88   91   93   95   96   98
   99  100  101  101  102  103  103  104  105  105  106  106  107  107  107  108
  108  108  109  109  109  109  109  108  108  107  106  105  104  102  101   99
   96   94   91   88   84   81   77   74   70   66   63   59   57   54   52   51
   52   52   48   48   50   55   63   65   49                                   
    82.5-180.0 180.0   5.0 450.0                            LAT/LON1/LON2/DLON/H
   39   49   57   56   58   63   67   71   75   80   82   86   88   90   91   92
   93   94   94   95   95   96   97   97   98   99  100  101  102  103  105  106
  108  109  111  113  114  116  117  118  119  120  120  120  119  118  116  114
  111  108  104  100   96   91   86   80   74   69   63   57   53   48   44   42
   41   40   36   36   43   43   41   46   39                                   
    80.0-180.0 180.0   5.0 450.0                            LAT/LON1/LON2/DLON/H
   36   39   47   47   52   55   60   64   70   74   77   81   82   83   84   84
   84   84   84   84   84   84   85   86   86   87   89   90   92   94   96   99
  101  104  108  111  115  118  121  124  127  130  132  133  134  134  133  132
  130  127  123  119  114  108  102   95   87   80   72   64   56   49   43   38
   34   31   29   29   35   34   36   40   36                                   
    77.5-180.0 180.0   5.0 450.0                            LAT/LON1/LON2/DLON/H
   41   39   43   44   46   51   57   61   67   71   73   77   78   79   79   78
   77   76   76   75   75   75   76   76   77   78   79   81   83   85   88   92
   96  100  105  110  116  121  127  132  137  142  146  149  152  154  155  156
  155  154  152  149  144  139  132  124  116  106   96   86   76   66   57   49
   42   36   32   32   33   25   28   36   41                                   
    75.0-180.0 180.0   5.0 450.0                            LAT/LON1/LON2/DLON/H
   41   41   40   43   45   50   54   56   61   64   65   67   67   67   66   65
   64   63   62   62   62   63   64   65   66   67   69   70   72   75   78   82
   87   92   98  104  111  119  126  134  141  148  154  160  165  170  173  176
  178  179  179  178  175  171  165  158  149  139  128  117  106   94   83   73
   62   54   48   41   41   32   33   35   41                                   
    72.5-180.0 180.0   5.0 450.0                            LAT/LON1/LON2/DLON/H
   48   45   44   44   45   50   54   55   58   60   60   61   61   60   59   58
   57   56   56   56   57   59   60   62   63   65   66   68   70   72   75   79
   84   90   97  104  113  121  130  140  149  158  167  174  182  188  193  198
  202  205  208  208  208  205  200  194  186  176  166  154  142  129  117  105
   93   82   74   65   60   49   47   48   48                                   
    70.0-180.0 180.0   5.0 450.0                            LAT/LON1/LON2/DLON/H
   59   51   50   48   47   50   52   52   54   55   54   55   54   53   51   50
   50   50   50   52   54   56   59   61   63   65   66   67   68   70   73   77
   82   88   95  103  112  122  132  143  154  165  175  184  193  201  208  214
  220  225  229  232  232  231  228  222  214  205  194  183  170  157  144  132
  120  108   99   87   79   67   66   66   59                                   
    67.5-180.0 180.0   5.0 450.0                            LAT/LON1/LON2/DLON/H
   63   55   52   50   47   50   51   51   52   52   52   52   51   50   49   48
   48   49   50   53   55   59   62   64   66   67   67   67   68   69   71   75
   80   86   93  101  111  121  133  145  157  169  180  190  199  207  215  222
  228  234  239  243  245  245  242  237  229  220  210  198  186  174  161  149
  137  124  115  103   93   82   79   78   63                                   
    65.0-180.0 180.0   5.0 450.0                            LAT/LON1/LON2/DLON/H
   68   59   54   52   47   49   50   51   51   52   51   51   50   50   49   49
   50   51   53   56   59   62   65   68   69   70   69   68   68   69   71   74
   79   86   94  103  113  124  137  150  163  176  188  199  208  216  223  230
  236  243  248  253  255  255  252  246  238  229  218  207  195  182  169  157
  145  132  123  111  102   91   87   88   68                                   
    62.5-180.0 180.0   5.0 450.0                            LAT/LON1/LON2/DLON/H
   69   59   53   50   46   46   47   48   49   50   50   51   51   51   51   51
   53   54   56   59   62   65   67   69   70   70   68   67   66   66   69   73
   79   87   96  106  117  129  143  157  171  184  197  207  216  223  229  235
  242  248  253  258  260  260  256  249  240  230  219  207  195  183  169  156
  143  130  121  109  100   90   86   89   69                                   
    60.0-180.0 180.0   5.0 450.0                            LAT/LON1/LON2/DLON/H
   69   57   50   46   42   42   43   44   46   47   48   50   51   51   52   54
   55   56   58   59   61   63   65   66   66   65   63   61   60   60   64   70
   78   87   98  109  122  135  149  164  178  192  204  214  222  229  234  240
  245  251  257  262  264  263  258  250  240  229  218  206  194  181  166  152
  137  123  113  102   94   84   79   82   69                                   
    57.5-180.0 180.0   5.0 450.0                            LAT/LON1/LON2/DLON/H
   69   55   48   44   40   39   40   41   43   45   46   49   50   52   54   56
   57   58   58   58   59   59   60   61   61   59   57   54   53   55   60   68
   78   90  102  116  129  143  158  173  188  201  213  223  231  237  242  247
  252  258  265  269  272  270  265  256  246  234  223  211  199  185  170  154
  138  121  111   99   91   79   74   75   69                                   
    55.0-180.0 180.0   5.0 450.0                            LAT/LON1/LON2/DLON/H
   72   58   50   45   41   39   39   39   41   42   44   47   49   52   54   57
   58   58   57   56   54   54   54   55   55   54   51   49   48   51   57   67
   79   94  109  124  139  153  168  182  197  210  222  231  239  245  250  256
  262  268  275  281  283  281  276  267  256  245  234  223  211  198  182  165
  146  127  116  103   94   80   73   73   72                                   
    52.5-180.0 180.0   5.0 450.0                            LAT/LON1/LON2/DLON/H
   79   65   57   51   47   44   42   40   41   41   43   45   48   51   54   57
   58   58   56   53   51   50   51   52   53   52   49   47   46   49   57   68
   83  100  118  134  150  164  178  192  205  218  230  240  248  255  261  267
  274  281  288  294  297  295  289  280  269  259  249  239  229  217  201  183
  163  143  129  114  104   88   81   78   79                                   
    50.0-180.0 180.0   5.0 450.0                            LAT/LON1/LON2/DLON/H
   91   78   69   63   58   54   50   46   44   43   44   45   47   50   53   56
   58   58   55   52   49   49   51   53   55   55   52   50   49   52   60   73
   90  109  128  146  162  176  189  202  214  226  237  248  257  265  272  280
  287  295  302  308  310  308  302  293  282  272  263  255  247  236  222  204
  184  164  148  132  120  104   97   91   91                                   
    47.5-180.0 180.0   5.0 450.0                            LAT/LON1/LON2/DLON/H
  106   94   86   79   73   69   63   56   52   49   48   48   48   50   53   56
   58   58   56   53   51   52   55   59   62   63   60   57   55   57   65   79
   97  118  138  157  174  188  201  212  224  235  246  256  266  276  284  293
  300  308  314  319  320  317  310  300  289  280  272  265  259  250  238  222
  203  185  168  150  139  123  117  109  106                                   
    45.0-180.0 180.0   5.0 450.0                            LAT/LON1/LON2/DLON/H
  120  110  104   98   91   87   79   69   63   58   55   53   53   53   55   57
   59   60   58   57   57   59   64   69   73   74   71   66   63   64   72   86
  105  126  148  168  185  200  212  223  234  244  254  265  275  286  296  304
  312  319  324  326  325  321  312  302  290  281  273  268  262  255  245  232
  216  199  182  165  154  139  134  128  120                                   
    42.5-180.0 180.0   5.0 450.0                            LAT/LON1/LON2/DLON/H
  129  122  118  114  108  103   95   84   76   70   65   63   60   59   59   61
   63   64   64   64   65   69   75   81   85   85   81   75   71   71   78   92
  111  133  156  177  196  211  224  235  244  254  263  274  285  295  306  314
  322  327  330  331  328  322  312  300  288  278  271  265  260  254  245  234
  220  204  188  173  162  147  143  140  129                                   
    40.0-180.0 180.0   5.0 450.0                            LAT/LON1/LON2/DLON/H
  131  125  123  122  117  114  106   96   88   82   77   73   70   67   66   67
   69   70   72   74   76   81   87   92   95   93   88   81   76   76   83   97
  117  139  163  186  205  222  236  247  256  265  273  283  293  304  315  324
  331  335  337  337  334  327  317  305  292  281  272  265  258  251  242  231
  217  202  186  171  161  146  142  141  131                                   
    37.5-180.0 180.0   5.0 450.0                            LAT/LON1/LON2/DLON/H
  126  119  119  120  117  115  110  102   96   91   87   84   80   77   76   76
   77   80   83   85   88   92   97  100  100   97   91   84   79   80   88  102
  122  146  170  193  215  233  247  259  268  276  284  293  303  313  324  334
  342  347  351  352  350  344  335  324  311  299  287  277  267  256  244  231
  215  198  181  166  154  137  134  133  126                                   
    35.0-180.0 180.0   5.0 450.0                            LAT/LON1/LON2/DLON/H
  118  108  107  108  108  107  105  100   97   94   92   91   89   87   85   86
   88   91   95   97  100  102  103  104  102   97   90   84   81   83   93  108
  129  152  177  201  224  243  259  272  281  289  296  304  313  324  336  348
  359  368  375  380  382  380  374  364  352  338  324  310  295  280  263  246
  226  204  183  164  150  129  125  121  118                                   
    32.5-180.0 180.0   5.0 450.0                            LAT/LON1/LON2/DLON/H
  115  100   94   93   95   94   94   93   92   91   92   94   94   94   94   96
   99  103  107  109  110  109  107  105  101   95   89   83   82   87   98  115
  136  160  185  209  232  253  270  284  295  302  309  317  326  338  353  368
  384  399  413  425  433  436  433  426  415  401  385  367  348  327  305  282
  256  228  202  177  159  133  126  116  115                                   
    30.0-180.0 180.0   5.0 450.0                            LAT/LON1/LON2/DLON/H
  124  102   89   84   85   82   82   82   83   85   87   91   94   97  100  104
  108  113  117  119  118  115  110  105  100   94   88   84   84   91  104  122
  144  168  192  217  241  262  281  296  308  317  324  333  343  358  375  396
  419  442  464  484  499  509  512  508  499  485  468  447  424  399  371  342
  309  275  243  211  189  157  146  127  124                                   
    27.5-180.0 180.0   5.0 450.0                            LAT/LON1/LON2/DLON/H
  148  120  100   88   85   78   76   75   76   77   80   85   90   96  102  108
  114  120  124  125  123  118  113  108  102   96   90   86   88   96  110  130
  152  176  200  225  248  271  291  308  321  332  342  352  365  383  405  432
  463  495  526  555  578  595  603  603  597  585  568  546  520  491  459  423
  384  343  305  266  240  204  187  158  148                                   
    25.0-180.0 180.0   5.0 450.0                            LAT/LON1/LON2/DLON/H
  191  158  130  110  101   89   83   78   76   75   75   79   85   92  100  108
  115  122  126  127  125  121  117  112  107  101   94   90   92  101  117  138
  161  184  208  232  256  279  300  319  335  349  361  375  392  414  442  475
  513  554  593  630  660  682  695  699  697  687  671  650  623  592  557  517
  472  426  381  336  307  270  246  211  191                                   
    22.5-180.0 180.0   5.0 450.0                            LAT/LON1/LON2/DLON/H
  250  215  182  152  135  116  104   94   87   81   78   78   82   89   96  105
  112  118  122  124  124  123  121  119  114  108  100   95   97  107  124  146
  168  192  215  240  264  288  310  331  349  367  383  401  423  449  482  521
  565  611  656  697  729  753  768  774  775  769  756  738  713  683  648  607
  559  511  462  414  382  345  313  277  250                                   
    20.0-180.0 180.0   5.0 450.0                            LAT/LON1/LON2/DLON/H
  319  285  248  211  184  160  141  124  111   99   90   86   86   89   95  101
  106  111  115  119  122  124  125  125  122  115  107  102  104  114  131  152
  174  198  222  247  272  297  320  342  364  385  406  429  454  485  522  564
  610  658  703  742  771  791  803  810  812  809  801  788  770  745  715  676
  630  583  534  487  452  416  382  348  319                                   
    17.5-180.0 180.0   5.0 450.0                            LAT/LON1/LON2/DLON/H
  386  359  322  278  242  214  190  167  148  129  114  104   98   96   97   99
  102  105  109  113  118  123  127  129  128  123  115  109  110  119  135  155
  178  203  228  254  280  305  330  354  378  403  428  455  484  518  556  599
  644  689  728  758  779  791  798  801  803  803  801  795  784  767  744  711
  671  628  582  539  504  472  441  412  386                                   
    15.0-180.0 180.0   5.0 450.0                            LAT/LON1/LON2/DLON/H
  438  420  387  343  300  270  242  216  192  169  149  133  121  112  107  103
  102  102  104  109  115  121  128  132  133  129  121  114  114  121  137  158
  182  207  234  261  288  314  339  365  391  418  447  477  509  544  582  623
  663  700  729  748  758  760  759  759  760  762  765  765  761  752  737  711
  677  640  601  564  531  503  481  458  438                                   
    12.5-180.0 180.0   5.0 450.0                            LAT/LON1/LON2/DLON/H
  466  455  429  389  345  316  288  262  237  212  189  168  151  137  125  115
  108  104  104  108  113  121  128  135  137  133  125  118  116  122  138  160
  185  212  240  268  295  321  346  373  401  431  461  493  527  561  598  634
  668  696  714  722  720  714  708  705  706  710  716  720  720  716  706  686
  657  625  592  562  533  509  498  482  466                                   
    10.0-180.0 180.0   5.0 450.0                            LAT/LON1/LON2/DLON/H
  471  463  442  408  368  343  318  296  273  250  227  205  185  166  148  133
  121  114  111  112  116  123  130  137  139  136  127  119  117  124  141  164
  190  218  246  274  300  325  351  378  407  438  470  503  535  569  602  634
  663  683  692  690  682  672  665  662  664  669  676  680  681  678  669  651
  625  596  567  541  518  498  493  485  471                                   
     7.5-180.0 180.0   5.0 450.0                            LAT/LON1/LON2/DLON/H
  460  452  433  402  370  348  328  311  294  276  256  236  216  195  175  156
  141  130  124  122  124  128  134  139  140  136  128  121  121  130  147  170
