data/edconvlstm_nd/pred3170.15i
     1.0            IONOSPHERE MAPS     GNSS                IONEX VERSION / TYPE
pyspatialgeodesy        IME             05-JAN-18 20:20     PGM / RUN BY / DATE 
Map Name                                                    COMMENT             
Predicted global ionosphere maps (GIM).                     DESCRIPTION         
  2015    11    13     0     0     0                        EPOCH OF FIRST MAP  
  2015    11    14     0     0     0                        EPOCH OF LAST MAP   
  7200                                                      INTERVAL            
    13                                                      # OF MAPS IN FILE   
  NONE                                                      MAPPING FUNCTION    
10.0                                                        ELEVATION CUTOFF    
One-way carrier phase leveled to code                       OBSERVABLES USED    
  6371.0                                                    BASE RADIUS         
 2                                                          MAP DIMENSION       
   450.0 450.0   0.0                                        HGT1 / HGT2 / DHGT  
    87.5 -87.5  -2.5                                        LAT1 / LAT2 / DLAT  
  -180.0 180.0   5.0                                        LON1 / LON2 / DLON  
    -1                                                      EXPONENT            
                                                            END OF HEADER       
     1                                                      START OF TEC MAP    
  2015    11    13     0     0     0                        EPOCH OF CURRENT MAP
    87.5-180.0 180.0   5.0 450.0                            LAT/LON1/LON2/DLON/H
   81   75   59   50   48   57   53   51   52   52   52   53   53   53   53   53
   53   52   52   51   51   50   49   48   47   47   46   45   44   44   43   42
   41   41   40   40   40   40   39   39   39   40   40   40   41   42   42   43
   43   44   45   45   46   46   46   47   47   47   47   47   47   46   46   46
   46   46   46   46   38   58   60   59   81                                   
    85.0-180.0 180.0   5.0 450.0                            LAT/LON1/LON2/DLON/H
   68   74   54   52   53   64   60   57   58   57   58   58   58   58   58   57
   57   56   55   54   53   52   51   50   49   48   47   46   46   45   44   44
   43   43   43   43   43   44   44   45   46   47   48   49   50   51   53   54
   55   56   56   57   58   58   58   58   58   58   58   58   57   57   57   56
   56   55   56   61   63   70   80   70   68                                   
    82.5-180.0 180.0   5.0 450.0                            LAT/LON1/LON2/DLON/H
   56   46   54   46   45   56   51   47   50   49   50   51   51   51   51   50
   49   48   47   45   43   41   39   37   35   33   31   30   28   27   26   25
   25   25   25   25   26   27   29   30   32   34   37   39   41   43   45   47
   49   50   51   52   52   53   53   53   53   53   52   52   52   51   51   51
   50   48   49   49   56   53   65   67   56                                   
    80.0-180.0 180.0   5.0 450.0                            LAT/LON1/LON2/DLON/H
   63   56   61   48   49   53   50   47   50   50   51   53   54   54   53   52
   51   49   47   45   42   39   37   34   31   29   27   26   25   24   23   23
   23   23   23   23   24   25   26   28   30   32   34   36   38   40   42   44
   46   47   48   48   49   49   49   49   49   49   48   48   48   48   49   49
   48   47   48   48   63   56   71   86   63                                   
    77.5-180.0 180.0   5.0 450.0                            LAT/LON1/LON2/DLON/H
   73   70   61   56   55   58   53   52   56   55   57   59   60   60   60   59
   57   55   52   49   45   41   38   35   31   29   27   25   24   23   23   23
   23   24   24   24   25   25   26   27   28   30   32   34   36   38   40   41
   43   43   44   44   44   44   43   43   43   43   43   44   44   45   46   46
   47   49   50   53   60   60   69   89   73                                   
    75.0-180.0 180.0   5.0 450.0                            LAT/LON1/LON2/DLON/H
   83   73   74   70   65   68   61   60   64   64   65   66   66   66   64   61
   58   55   51   47   43   38   34   31   28   26   25   24   24   25   26   27
   27   28   28   28   28   28   28   28   29   29   31   32   34   35   37   38
   38   38   38   38   37   36   36   35   36   36   37   38   39   41   43   45
   45   48   53   52   60   71   78   92   83                                   
    72.5-180.0 180.0   5.0 450.0                            LAT/LON1/LON2/DLON/H
   90   83   86   81   79   78   73   73   76   75   76   76   74   72   69   65
   60   55   51   46   42   37   33   30   28   26   26   26   28   30   32   33
   34   35   34   33   32   30   29   28   27   27   27   28   29   30   31   31
   31   31   30   29   28   27   26   26   26   27   28   30   32   35   38   41
   43   46   55   57   66   79   89  104   90                                   
    70.0-180.0 180.0   5.0 450.0                            LAT/LON1/LON2/DLON/H
  103   98  101  100   96   95   90   89   92   89   89   87   83   78   73   66
   60   54   49   43   39   34   30   28   26   25   26   28   31   35   38   40
   42   42   40   38   36   33   31   29   28   27   27   28   29   30   30   30
   30   29   28   26   25   24   23   23   23   25   27   30   33   36   40   44
   47   51   60   64   74   90   97  109  103                                   
    67.5-180.0 180.0   5.0 450.0                            LAT/LON1/LON2/DLON/H
  113  111  114  114  109  107  102  101  103   99   97   93   87   80   72   64
   56   49   44   39   34   30   26   24   23   23   24   27   31   35   39   41
   42   42   39   36   32   29   26   23   22   22   23   23   24   25   26   26
   26   24   23   21   19   18   17   17   18   21   24   28   33   37   42   46
   49   53   63   67   79   96  102  113  113                                   
    65.0-180.0 180.0   5.0 450.0                            LAT/LON1/LON2/DLON/H
  120  119  122  122  117  115  109  110  112  108  105  100   92   83   73   64
   55   49   43   38   34   30   26   23   22   22   23   26   30   34   37   39
   39   38   34   30   26   22   20   18   18   19   20   21   23   24   25   25
   24   23   22   19   17   16   15   16   18   21   26   32   38   44   49   54
   56   60   69   73   84  101  107  118  120                                   
    62.5-180.0 180.0   5.0 450.0                            LAT/LON1/LON2/DLON/H
  125  125  128  127  122  119  114  115  118  115  112  107   98   88   77   67
   60   53   48   43   38   34   30   27   24   23   24   26   29   32   34   35
   34   32   28   24   20   17   16   16   17   19   21   23   24   26   26   26
   26   25   23   21   19   17   16   18   21   26   33   41   49   56   62   67
   68   71   79   81   90  106  112  123  125                                   
    60.0-180.0 180.0   5.0 450.0                            LAT/LON1/LON2/DLON/H
  128  130  133  129  123  119  113  114  118  116  114  110  103   93   83   74
   66   61   56   51   46   41   36   31   27   25   24   25   26   28   29   28
   27   24   21   17   15   13   13   15   17   20   23   26   27   28   29   29
   28   27   26   24   21   19   19   21   25   33   42   52   62   70   77   81
   82   84   91   93   99  110  117  130  128                                   
    57.5-180.0 180.0   5.0 450.0                            LAT/LON1/LON2/DLON/H
  137  138  140  134  126  121  113  114  117  116  114  111  105   97   89   82
   76   71   66   61   55   49   42   35   30   26   24   23   24   24   24   23
   21   19   16   14   13   13   15   18   21   25   28   31   32   32   32   32
   31   31   29   28   25   24   24   27   33   42   52   64   75   84   92   97
   98  100  107  108  114  121  127  141  137                                   
    55.0-180.0 180.0   5.0 450.0                            LAT/LON1/LON2/DLON/H
  152  153  153  145  136  128  118  116  117  115  113  110  106  101   95   90
   85   81   76   70   63   55   46   38   32   28   25   23   22   22   21   20
   19   18   17   16   17   18   21   25   29   33   36   38   38   38   37   36
   36   35   35   33   32   30   31   35   41   51   62   74   86   96  105  112
  115  118  126  128  133  137  143  158  152                                   
    52.5-180.0 180.0   5.0 450.0                            LAT/LON1/LON2/DLON/H
  174  175  173  164  155  144  131  125  122  117  113  110  106  103  100   96
   93   88   82   75   66   57   48   40   34   29   27   25   24   23   23   22
   22   22   23   24   25   28   31   35   39   43   46   46   46   44   42   41
   41   41   41   41   40   39   41   44   50   59   70   82   94  105  116  125
  130  135  145  148  155  159  163  179  174                                   
    50.0-180.0 180.0   5.0 450.0                            LAT/LON1/LON2/DLON/H
  200  204  198  190  182  168  153  142  134  123  116  111  107  105  103  100
   96   91   84   75   66   57   49   41   36   33   31   30   29   28   28   28
   29   30   33   35   38   41   44   47   51   54   55   56   54   52   50   49
   49   50   50   51   51   51   53   56   61   69   78   89  100  112  124  135
  143  151  163  168  178  183  187  202  200                                   
    47.5-180.0 180.0   5.0 450.0                            LAT/LON1/LON2/DLON/H
  225  232  225  220  212  198  182  166  151  135  123  115  110  107  105  101
   96   89   81   72   64   56   49   44   40   38   37   36   36   36   36   37
   38   41   45   48   52   55   57   59   62   64   65   64   63   60   58   57
   58   60   62   64   65   66   67   70   74   81   88   97  107  118  131  144
  155  166  178  185  198  207  210  223  225                                   
    45.0-180.0 180.0   5.0 450.0                            LAT/LON1/LON2/DLON/H
  241  253  246  245  238  226  211  192  172  151  134  122  115  111  107  102
   94   86   77   69   62   56   51   48   45   44   44   44   44   44   44   45
   47   50   55   59   63   66   67   68   70   71   72   72   71   69   68   68
   69   72   75   78   80   81   83   86   90   95  101  108  116  126  138  152
  165  177  190  198  212  223  226  236  241                                   
    42.5-180.0 180.0   5.0 450.0                            LAT/LON1/LON2/DLON/H
  244  257  253  255  251  243  231  214  192  167  147  133  123  116  110  102
   93   83   74   68   63   59   57   55   53   52   52   51   50   49   49   49
   52   56   61   66   70   72   73   74   75   76   78   79   79   79   78   79
   82   85   89   91   94   96   99  102  107  111  116  121  128  136  147  161
  173  185  198  205  217  229  232  241  244                                   
    40.0-180.0 180.0   5.0 450.0                            LAT/LON1/LON2/DLON/H
  234  245  241  246  245  241  234  222  204  180  160  144  133  124  115  105
   94   83   75   70   68   67   66   64   62   60   58   56   54   52   50   51
   53   57   63   68   72   74   75   76   77   80   83   85   87   88   88   90
   93   96   99  102  105  108  112  117  122  127  131  136  141  149  159  171
  181  192  203  208  216  226  230  240  234                                   
    37.5-180.0 180.0   5.0 450.0                            LAT/LON1/LON2/DLON/H
  218  222  217  221  224  223  221  215  203  185  168  154  143  133  123  111
   98   88   81   78   78   78   77   74   70   66   61   57   54   52   51   51
   53   58   63   68   72   75   76   78   80   83   87   90   93   95   96   98
  101  103  105  107  111  115  121  128  135  140  146  150  156  163  172  183
  191  199  209  211  214  221  227  241  218                                   
    35.0-180.0 180.0   5.0 450.0                            LAT/LON1/LON2/DLON/H
  206  202  196  195  196  197  197  197  192  181  170  160  152  143  132  119
  107   98   93   91   92   91   88   83   76   69   63   58   55   53   53   54
   57   61   66   70   74   77   79   81   84   88   92   95   98  100  101  102
  104  104  105  107  110  116  124  133  142  150  157  163  170  178  188  198
  204  210  219  219  220  224  234  254  206                                   
    32.5-180.0 180.0   5.0 450.0                            LAT/LON1/LON2/DLON/H
  212  202  193  183  177  176  175  178  179  174  168  163  158  150  141  130
  120  112  107  106  105  102   95   87   78   70   64   61   59   59   61   63
   67   70   75   78   82   84   86   88   91   94   97  100  101  102  102  102
  102  101  100  101  105  112  122  133  144  154  164  173  183  194  205  216
  222  228  236  237  239  242  256  281  212                                   
    30.0-180.0 180.0   5.0 450.0                            LAT/LON1/LON2/DLON/H
  247  233  217  196  182  174  169  170  172  171  169  166  162  157  149  140
  133  126  122  118  113  105   95   85   77   71   69   69   71   74   78   82
   86   89   92   94   95   96   97   98  100  102  103  104  103  101  100   98
   96   94   92   92   96  105  117  129  142  155  168  180  194  208  222  236
  244  251  261  263  270  275  292  325  247                                   
    27.5-180.0 180.0   5.0 450.0                            LAT/LON1/LON2/DLON/H
  317  301  272  240  218  201  189  184  182  179  176  173  169  163  156  150
  144  138  131  122  111   98   88   80   77   77   80   86   92   99  105  110
  114  116  117  115  114  112  111  110  110  110  110  107  104  100   96   93
   90   87   84   85   89   99  112  126  140  155  170  186  204  222  240  257
  270  281  292  297  313  323  344  384  317                                   
    25.0-180.0 180.0   5.0 450.0                            LAT/LON1/LON2/DLON/H
  417  404  363  320  290  262  238  223  214  205  196  188  180  171  164  158
  151  143  132  117  100   87   79   78   83   91  102  113  123  133  141  146
  149  149  146  140  134  129  125  122  120  119  115  111  105   99   93   89
   86   82   80   81   86   96  109  124  140  156  174  193  214  235  257  279
  297  314  329  337  363  384  411  457  417                                   
    22.5-180.0 180.0   5.0 450.0                            LAT/LON1/LON2/DLON/H
  534  529  487  438  401  361  321  291  270  251  234  217  200  186  175  166
  157  144  127  107   90   79   78   85   99  116  133  149  162  173  180  184
  185  181  173  163  152  143  137  132  129  126  121  115  107   99   93   88
   85   82   80   81   86   96  110  125  141  159  179  201  224  248  274  300
  324  347  366  381  417  452  488  536  534                                   
    20.0-180.0 180.0   5.0 450.0                            LAT/LON1/LON2/DLON/H
  644  654  627  583  539  491  436  390  353  322  292  261  234  211  193  179
  164  145  124  103   88   83   90  107  129  154  175  192  204  212  216  217
  214  205  192  177  163  152  145  140  136  132  127  119  111  102   95   90
   86   83   81   82   87   97  110  125  142  162  184  208  233  260  287  317
  347  376  401  425  469  514  560  606  644                                   
    17.5-180.0 180.0   5.0 450.0                            LAT/LON1/LON2/DLON/H
  721  751  746  717  675  626  566  508  459  414  369  325  283  249  222  200
  178  154  131  112  103  106  121  146  175  201  220  232  238  241  240  236
  228  215  199  182  167  156  149  145  141  137  132  124  115  106   98   93
   88   84   81   81   86   95  108  124  142  163  187  214  241  269  299  331
  366  400  430  461  507  556  607  649  721                                   
    15.0-180.0 180.0   5.0 450.0                            LAT/LON1/LON2/DLON/H
  745  794  810  800  770  730  676  621  569  517  461  403  348  301  264  232
  203  175  152  138  136  148  172  203  232  252  262  264  261  256  249  241
  229  213  196  180  167  157  151  148  145  141  136  129  119  109  101   94
   89   84   80   79   83   93  106  122  141  164  190  218  247  276  308  342
  380  417  451  485  528  571  621  656  745                                   
    12.5-180.0 180.0   5.0 450.0                            LAT/LON1/LON2/DLON/H
  716  775  806  814  801  778  741  700  657  608  551  487  424  367  319  277
  241  211  190  183  190  212  242  272  293  300  295  283  269  257  246  234
  220  205  190  176  165  157  153  150  148  144  139  131  122  111  102   94
   88   82   77   76   80   90  103  120  140  164  192  222  253  283  315  351
  390  428  464  497  532  564  605  632  716                                   
    10.0-180.0 180.0   5.0 450.0                            LAT/LON1/LON2/DLON/H
  656  711  750  768  772  766  750  730  705  671  623  564  501  440  385  336
  294  262  245  246  263  291  320  342  348  337  314  288  265  249  236  224
  211  198  185  175  166  161  157  154  151  147  141  133  123  112  101   93
   86   80   74   73   77   88  102  120  141  165  194  226  258  290  323  358
  396  434  469  498  523  543  573  591  656                                   
     7.5-180.0 180.0   5.0 450.0                            LAT/LON1/LON2/DLON/H
  585  629  666  687  702  711  712  714  711  697  666  621  568  513  458  405
  359  328  316  323  346  374  395  401  387  356  317  281  255  239  229  220
