data/edconvlstm_nd/pred2230.15i
     1.0            IONOSPHERE MAPS     GNSS                IONEX VERSION / TYPE
pyspatialgeodesy        IME             05-JAN-18 20:20     PGM / RUN BY / DATE 
Map Name                                                    COMMENT             
Predicted global ionosphere maps (GIM).                     DESCRIPTION         
  2015     8    11     0     0     0                        EPOCH OF FIRST MAP  
  2015     8    12     0     0     0                        EPOCH OF LAST MAP   
  7200                                                      INTERVAL            
    13                                                      # OF MAPS IN FILE   
  NONE                                                      MAPPING FUNCTION    
10.0                                                        ELEVATION CUTOFF    
One-way carrier phase leveled to code                       OBSERVABLES USED    
  6371.0                                                    BASE RADIUS         
 2                                                          MAP DIMENSION       
   450.0 450.0   0.0                                        HGT1 / HGT2 / DHGT  
    87.5 -87.5  -2.5                                        LAT1 / LAT2 / DLAT  
  -180.0 180.0   5.0                                        LON1 / LON2 / DLON  
    -1                                                      EXPONENT            
                                                            END OF HEADER       
[from data line 1716]
     5                                                      START OF TEC MAP    
  2015     8    11     8     0     0                        EPOCH OF CURRENT MAP
    87.5-180.0 180.0   5.0 450.0                            LAT/LON1/LON2/DLON/H
  111  114  112  116  118  118  117  114  116  118  118  119  120  120  121  121
  121  122  122  122  122  122  122  121  121  121  120  120  120  119  119  118
  118  118  117  117  116  116  116  115  115  115  115  115  115  114  114  114
  114  113  113  112  111  111  110  109  108  107  106  105  105  104  103  103
  103  105  104  103  108  108  116  116  111                                   
    85.0-180.0 180.0   5.0 450.0                            LAT/LON1/LON2/DLON/H
  109  119  123  121  123  126  126  126  128  129  129  130  131  131  131  132
  132  132  132  133  132  132  132  132  132  131  131  131  130  130  129  129
  129  128  128  127  127  127  127  126  126  126  126  126  126  125  125  125
  125  124  123  123  122  121  120  119  117  116  115  114  112  111  110  110
  111  113  108  108  105  109  114  116  109                                   
    82.5-180.0 180.0   5.0 450.0                            LAT/LON1/LON2/DLON/H
  112  121  127  123  124  127  128  128  130  131  130  131  131  131  131  131
  131  131  131  131  131  131  130  130  130  129  129  129  128  128  128  128
  128  128  128  128  128  128  128  128  128  128  129  129  129  129  130  130
  129  129  129  128  127  125  124  122  120  118  116  114  112  110  108  108
  108  108  105  106  107  109  106  103  112                                   
    80.0-180.0 180.0   5.0 450.0                            LAT/LON1/LON2/DLON/H
  115  121  124  125  126  127  128  129  130  130  128  128  127  126  126  125
  125  125  125  125  125  125  124  124  123  123  122  122  122  121  122  122
  123  123  124  125  126  126  127  128  129  129  130  131  132  133  134  134
  135  135  135  134  133  132  130  128  125  122  119  116  113  110  108  106
  106  105  103  104  105  109  113  106  115                                   
    77.5-180.0 180.0   5.0 450.0                            LAT/LON1/LON2/DLON/H
  119  123  126  129  129  132  132  132  131  129  126  125  122  120  119  118
  117  117  118  118  119  119  118  118  117  117  116  115  115  115  116  117
  118  120  122  124  126  128  129  131  132  134  136  137  139  141  143  145
  146  147  147  147  146  145  143  140  137  133  129  125  121  117  113  111
  109  107  104  106  108  107  109  110  119                                   
    75.0-180.0 180.0   5.0 450.0                            LAT/LON1/LON2/DLON/H
  116  124  123  127  127  131  130  128  127  124  119  116  112  109  107  106
  106  106  107  108  109  109  109  108  107  106  105  104  104  104  105  107
  109  112  116  119  122  125  128  130  133  135  138  140  143  145  148  150
  152  154  155  155  155  154  152  149  146  142  138  133  128  124  120  117
  113  111  107  105  107  108  111  108  116                                   
    72.5-180.0 180.0   5.0 450.0                            LAT/LON1/LON2/DLON/H
  115  124  122  125  126  129  128  126  123  120  114  110  105  102  100   98
   98   99  101  102  103  104  104  103  101   99   98   96   96   97   98  101
  105  109  113  118  122  127  130  134  137  141  144  147  150  153  156  159
  161  163  164  165  165  164  162  159  156  152  148  144  140  135  131  128
  125  121  118  115  114  114  113  112  115                                   
    70.0-180.0 180.0   5.0 450.0                            LAT/LON1/LON2/DLON/H
  117  120  119  120  119  121  119  117  114  110  104  100   95   92   90   89
   89   90   92   94   96   96   96   95   93   90   88   87   86   87   89   93
   97  103  108  114  120  125  130  135  139  143  147  151  154  157  160  162
  164  166  167  167  166  165  163  161  158  155  152  149  146  142  139  137
  134  130  126  123  120  119  120  118  117                                   
    67.5-180.0 180.0   5.0 450.0                            LAT/LON1/LON2/DLON/H
  113  115  112  111  110  110  108  106  103  100   95   91   88   85   83   83
   83   85   87   89   90   90   89   88   86   83   81   80   79   80   82   86
   91   97  104  111  117  124  129  135  140  145  149  153  157  159  162  163
  164  164  164  163  162  161  158  156  154  152  150  149  147  146  144  143
  141  137  134  130  125  123  121  119  113                                   
    65.0-180.0 180.0   5.0 450.0                            LAT/LON1/LON2/DLON/H
  111  110  105  103  100   98   96   94   93   91   87   85   83   81   80   80
   80   81   83   84   85   85   84   82   80   78   77   75   75   77   79   84
   89   96  103  110  117  125  132  138  145  151  156  160  163  165  166  167
  166  165  163  161  159  157  154  152  150  149  148  148  149  149  149  149
  148  146  143  138  133  130  128  124  111                                   
    62.5-180.0 180.0   5.0 450.0                            LAT/LON1/LON2/DLON/H
  109  107   99   96   90   88   85   83   82   81   80   80   78   78   77   77
   77   78   78   78   78   77   76   75   74   73   72   73   73   75   79   83
   88   95  102  110  118  126  134  142  149  156  163  168  171  172  172  170
  168  166  163  160  157  154  151  149  147  146  146  147  149  150  151  153
  153  152  149  145  139  136  133  129  109                                   
    60.0-180.0 180.0   5.0 450.0                            LAT/LON1/LON2/DLON/H
  110  106   97   91   83   79   75   72   72   71   71   73   73   73   73   73
   72   72   71   69   68   67   66   65   66   67   68   70   72   75   78   83
   88   95  102  110  118  126  135  144  154  162  170  175  178  179  178  175
  172  169  165  162  158  155  152  149  147  146  146  147  149  151  152  154
  155  154  153  149  144  141  138  133  110                                   
    57.5-180.0 180.0   5.0 450.0                            LAT/LON1/LON2/DLON/H
  116  111  101   93   83   76   70   66   64   64   64   66   67   68   68   68
   67   65   63   60   58   56   56   56   58   61   64   68   72   75   80   85
   90   97  104  112  120  129  139  149  159  169  178  185  188  189  187  184
  180  176  173  170  166  163  159  156  153  151  151  152  153  154  155  157
  157  157  156  154  150  148  144  139  116                                   
    55.0-180.0 180.0   5.0 450.0                            LAT/LON1/LON2/DLON/H
  126  121  111  101   89   80   71   65   61   59   58   59   60   61   61   61
   60   57   54   51   48   46   46   48   51   56   61   66   71   76   81   87
   93   99  107  115  123  133  143  154  165  177  187  194  198  199  197  194
  190  187  184  181  178  175  171  167  163  161  160  160  160  160  159  160
  160  160  160  158  156  155  151  147  126                                   
    52.5-180.0 180.0   5.0 450.0                            LAT/LON1/LON2/DLON/H
  139  136  126  116  102   91   80   70   63   57   54   54   54   54   54   54
   53   51   48   45   42   40   41   43   47   53   59   65   71   77   82   89
   95  103  111  120  129  138  149  160  172  184  195  203  208  209  208  205
  202  200  197  195  192  188  184  180  176  173  171  170  169  167  166  166
  165  165  165  164  162  163  159  154  139                                   
    50.0-180.0 180.0   5.0 450.0                            LAT/LON1/LON2/DLON/H
  153  151  144  134  120  107   94   81   70   62   55   52   50   49   49   49
   48   47   45   42   40   39   40   43   47   53   59   65   71   77   84   91
   99  108  117  126  136  146  156  167  180  192  204  212  218  220  219  217
  215  213  211  208  205  200  195  190  186  183  181  180  178  176  174  173
  173  172  172  171  170  171  167  162  153                                   
    47.5-180.0 180.0   5.0 450.0                            LAT/LON1/LON2/DLON/H
  165  164  159  151  138  126  111   96   83   71   61   55   51   48   47   47
   47   47   46   45   44   44   45   48   51   56   62   67   73   79   86   93
  103  113  124  134  145  155  165  176  188  200  211  220  226  229  229  228
  226  224  222  218  214  208  202  197  193  190  189  187  186  185  183  182
  182  182  181  180  178  178  174  169  165                                   
    45.0-180.0 180.0   5.0 450.0                            LAT/LON1/LON2/DLON/H
  171  171  168  162  152  141  128  112   97   84   72   63   57   52   50   50
   51   52   52   52   52   53   54   57   59   63   66   71   75   81   88   97
  107  119  131  143  154  164  174  185  196  207  218  227  234  237  239  239
  237  234  231  225  219  211  204  198  195  193  192  192  192  191  191  192
  192  193  192  189  186  184  179  173  171                                   
    42.5-180.0 180.0   5.0 450.0                            LAT/LON1/LON2/DLON/H
  171  171  169  166  159  150  139  125  112   98   85   75   67   61   58   57
   58   60   61   63   64   65   67   68   70   71   73   76   80   85   92  101
  112  125  138  151  163  173  183  194  204  215  225  234  241  246  248  249
  248  244  239  231  223  213  205  199  195  193  194  195  196  197  199  201
  203  204  203  199  194  189  182  176  171                                   
    40.0-180.0 180.0   5.0 450.0                            LAT/LON1/LON2/DLON/H
  167  165  164  161  156  151  143  133  122  110   99   89   80   73   69   67
   68   69   71   74   76   78   79   80   80   81   81   83   86   90   97  106
  117  130  144  158  171  182  192  202  212  222  232  241  249  255  259  261
  260  255  249  240  230  220  211  204  200  198  198  200  202  204  207  211
  215  217  215  210  201  193  185  177  167                                   
    37.5-180.0 180.0   5.0 450.0                            LAT/LON1/LON2/DLON/H
  161  157  155  151  147  143  139  133  126  118  110  102   94   86   81   79
   78   79   81   83   86   88   90   91   90   90   90   91   93   98  104  113
  123  136  150  164  177  188  199  209  220  230  240  249  258  265  271  275
  275  271  265  256  246  236  227  220  215  212  211  211  212  214  217  222
  226  229  226  220  210  199  189  179  161                                   
    35.0-180.0 180.0   5.0 450.0                            LAT/LON1/LON2/DLON/H
  159  151  147  140  135  131  130  127  125  121  117  112  105   98   93   89
   87   87   88   90   93   96   98   99   99   98   98  100  102  107  112  120
  129  141  154  168  181  193  205  216  227  237  248  258  268  278  286  292
  295  293  289  282  275  267  259  251  245  240  237  233  231  230  231  235
  239  241  239  232  220  207  195  184  159                                   
    32.5-180.0 180.0   5.0 450.0                            LAT/LON1/LON2/DLON/H
  162  151  144  132  124  120  119  118  119  119  119  117  113  107  102   97
   94   92   92   93   97  101  104  106  106  106  107  109  112  116  121  127
  135  146  158  171  184  197  209  221  233  245  256  268  280  292  303  313
  319  321  321  319  316  311  305  298  291  283  275  267  260  254  251  252
  254  255  252  244  233  219  207  193  162                                   
    30.0-180.0 180.0   5.0 450.0                            LAT/LON1/LON2/DLON/H
  174  160  150  132  120  112  110  110  112  114  117  118  116  112  107  103
   99   96   94   95   99  105  109  112  113  114  116  118  121  125  129  134
  141  150  161  173  187  200  212  225  238  252  265  278  292  307  322  335
  346  354  359  364  366  366  363  356  347  336  323  310  297  285  277  273
  271  270  266  259  249  236  223  208  174                                   
    27.5-180.0 180.0   5.0 450.0                            LAT/LON1/LON2/DLON/H
  193  177  164  141  125  113  108  106  107  110  114  117  117  114  110  106
  102   98   96   98  102  109  115  119  120  122  124  126  129  132  135  140
  145  154  164  176  189  202  215  229  243  258  273  289  305  323  341  358
  373  387  399  410  419  424  424  418  407  393  376  357  339  321  307  297
  291  288  283  276  268  256  243  227  193                                   
    25.0-180.0 180.0   5.0 450.0                            LAT/LON1/LON2/DLON/H
  217  199  185  159  140  123  115  109  108  109  113  116  117  115  112  109
  105  101  100  102  108  116  123  127  128  129  131  132  134  136  139  143
  149  156  166  178  191  204  217  232  248  264  282  299  318  338  359  379
  399  417  435  452  467  477  479  474  461  445  425  403  380  358  338  324
  314  308  302  294  288  278  265  249  217                                   
    22.5-180.0 180.0   5.0 450.0                            LAT/LON1/LON2/DLON/H
  241  222  208  182  161  142  130  120  116  114  115  118  118  117  115  112
  109  106  105  108  115  124  132  136  136  136  136  136  136  137  140  144
  150  158  168  180  193  206  219  235  252  270  290  310  331  353  376  398
  420  442  464  484  502  514  518  513  501  483  463  440  416  391  369  351
  338  330  323  314  309  300  286  270  241                                   
    20.0-180.0 180.0   5.0 450.0                            LAT/LON1/LON2/DLON/H
  260  241  228  204  184  165  150  139  130  125  123  124  123  122  120  118
  116  114  113  117  124  134  141  144  143  140  138  135  134  134  137  142
  149  159  170  182  195  208  222  238  256  277  299  322  345  368  391  414
  437  459  481  502  520  531  535  531  520  504  486  466  443  420  397  378
  364  355  347  336  330  319  304  289  260                                   
    17.5-180.0 180.0   5.0 450.0                            LAT/LON1/LON2/DLON/H
  272  253  242  222  205  188  173  160  149  141  137  135  133  130  128  127
  125  123  123  126  133  142  148  150  147  141  136  131  128  127  130  137
  146  158  170  184  197  211  225  242  261  284  308  334  358  382  405  427
  448  469  488  506  520  529  532  528  520  508  495  480  462  442  422  404
  390  381  372  358  349  335  318  303  272                                   
    15.0-180.0 180.0   5.0 450.0                            LAT/LON1/LON2/DLON/H
  278  258  249  234  221  206  192  180  168  159  153  149  145  142  139  137
  136  134  132  134  139  147  151  151  145  137  129  123  118  118  123  131
  143  157  171  186  200  215  230  247  268  292  319  346  372  395  417  437
  455  472  487  500  509  514  515  513  507  501  493  484  473  458  443  428
  416  407  397  381  367  348  328  313  278                                   
    12.5-180.0 180.0   5.0 450.0                            LAT/LON1/LON2/DLON/H
  281  260  252  241  230  218  207  196  185  175  169  164  160  155  151  148
  146  143  140  139  142  147  149  146  139  129  120  112  108  108  115  126
  140  156  171  187  203  219  236  254  275  300  328  356  382  406  426  443
  459  472  483  491  495  496  496  494  492  491  489  485  479  470  459  449
  439  431  421  402  383  358  335  321  281                                   
    10.0-180.0 180.0   5.0 450.0                            LAT/LON1/LON2/DLON/H
  285  263  255  246  236  226  216  206  196  188  182  178  173  167  162  159
  156  151  145  142  141  142  141  136  128  118  108  101   98  100  109  123
  139  155  172  189  207  224  242  260  282  307  335  363  389  411  430  446
  460  472  480  484  485  485  484  484  485  486  487  487  484  478  471  464
  457  451  441  420  397  366  341  327  285                                   
     7.5-180.0 180.0   5.0 450.0                            LAT/LON1/LON2/DLON/H
  294  271  263  253  243  232  222  213  203  195  190  186  182  176  171  166
  162  156  148  141  136  133  129  123  114  105   97   91   90   94  105  121
