data/edconvlstm_nd/pred1170.15i
     1.0            IONOSPHERE MAPS     GNSS                IONEX VERSION / TYPE
pyspatialgeodesy        IME             05-JAN-18 20:20     PGM / RUN BY / DATE 
Map Name                                                    COMMENT             
Predicted global ionosphere maps (GIM).                     DESCRIPTION         
  2015     4    27     0     0     0                        EPOCH OF FIRST MAP  
  2015     4    28     0     0     0                        EPOCH OF LAST MAP   
  7200                                                      INTERVAL            
    13                                                      # OF MAPS IN FILE   
  NONE                                                      MAPPING FUNCTION    
10.0                                                        ELEVATION CUTOFF    
One-way carrier phase leveled to code                       OBSERVABLES USED    
  6371.0                                                    BASE RADIUS         
 2                                                          MAP DIMENSION       
   450.0 450.0   0.0                                        HGT1 / HGT2 / DHGT  
    87.5 -87.5  -2.5                                        LAT1 / LAT2 / DLAT  
  -180.0 180.0   5.0                                        LON1 / LON2 / DLON  
    -1                                                      EXPONENT            
                                                            END OF HEADER       
[from data line 2145]
     6                                                      START OF TEC MAP    
  2015     4    27    10     0     0                        EPOCH OF CURRENT MAP
    87.5-180.0 180.0   5.0 450.0                            LAT/LON1/LON2/DLON/H
  232  212  201  205  209  211  212  213  217  221  224  228  231  234  238  241
  244  247  249  252  254  256  257  259  260  260  261  262  262  262  262  262
  261  261  260  258  257  255  253  251  249  246  243  241  238  235  232  229
  227  224  222  220  218  216  215  213  212  210  209  208  207  206  205  203
  202  203  201  201  203  208  208  221  232                                   
    85.0-180.0 180.0   5.0 450.0                            LAT/LON1/LON2/DLON/H
  201  186  190  190  192  197  200  204  209  214  218  223  228  233  238  242
  247  251  254  258  260  263  265  266  268  269  270  270  271  271  271  271
  271  270  269  268  267  265  262  260  257  254  251  247  244  240  237  233
  230  227  224  222  219  217  215  213  211  209  207  206  204  202  200  198
  196  196  191  193  190  192  199  210  201                                   
    82.5-180.0 180.0   5.0 450.0                            LAT/LON1/LON2/DLON/H
  174  171  169  168  171  176  180  184  191  197  203  210  217  224  231  237
  243  249  253  258  261  264  266  268  269  270  271  272  273  274  274  275
  275  275  274  274  272  271  268  266  263  259  255  252  248  244  240  236
  232  229  226  223  221  219  216  214  212  210  208  205  203  200  196  193
  189  186  179  180  178  182  188  180  174                                   
    80.0-180.0 180.0   5.0 450.0                            LAT/LON1/LON2/DLON/H
  169  163  160  158  159  161  166  172  179  186  194  202  210  218  226  234
  241  247  253  257  260  262  264  265  265  265  266  266  267  268  270  271
  273  274  275  276  276  276  275  273  271  268  265  261  258  254  251  248
  245  242  240  238  237  235  234  232  231  229  227  224  221  217  213  209
  203  198  188  186  180  175  181  169  169                                   
    77.5-180.0 180.0   5.0 450.0                            LAT/LON1/LON2/DLON/H
  176  165  161  158  157  157  161  165  171  177  184  192  200  209  218  226
  234  241  246  251  253  255  255  255  254  254  254  254  255  257  260  264
  268  271  275  278  281  282  283  283  282  281  279  277  275  273  271  269
  268  266  265  265  264  264  263  262  262  261  259  257  254  249  244  238
  231  223  211  205  200  191  187  179  176                                   
    75.0-180.0 180.0   5.0 450.0                            LAT/LON1/LON2/DLON/H
  186  176  168  164  160  159  161  162  167  171  176  183  190  198  207  215
  223  230  236  240  243  244  243  241  240  238  237  238  239  243  248  254
  260  267  273  279  284  288  291  292  293  294  294  293  293  293  293  294
  294  294  295  295  296  296  296  296  295  295  294  292  289  285  280  273
  264  255  242  230  220  210  204  193  186                                   
    72.5-180.0 180.0   5.0 450.0                            LAT/LON1/LON2/DLON/H
  197  188  179  173  167  164  164  163  164  166  168  172  177  184  191  199
  208  215  222  226  229  229  228  226  223  221  220  221  224  229  236  244
  253  262  271  279  286  292  296  299  301  303  305  307  309  311  313  315
  318  319  321  322  322  322  322  321  320  319  318  317  314  311  306  299
  290  281  267  254  240  229  221  213  197                                   
    70.0-180.0 180.0   5.0 450.0                            LAT/LON1/LON2/DLON/H
  208  197  189  182  174  169  166  163  162  160  159  161  164  168  174  182
  190  198  205  210  214  215  214  211  209  207  207  209  213  219  228  239
  250  261  272  281  289  295  300  304  307  310  313  316  320  324  328  332
  335  337  339  339  338  337  335  332  330  328  327  325  323  320  316  311
  303  294  281  268  254  243  236  229  208                                   
    67.5-180.0 180.0   5.0 450.0                            LAT/LON1/LON2/DLON/H
  210  202  195  188  179  173  168  163  159  155  152  151  151  154  158  165
  173  181  190  196  201  203  203  202  201  200  201  204  210  218  229  241
  253  266  277  287  295  301  306  310  313  316  320  324  329  334  338  342
  345  347  347  345  342  338  334  329  325  322  319  317  316  313  310  306
  300  293  282  271  258  247  241  236  210                                   
    65.0-180.0 180.0   5.0 450.0                            LAT/LON1/LON2/DLON/H
  207  201  193  185  176  168  162  156  152  147  142  139  138  139  142  147
  155  163  172  180  186  190  192  193  194  195  198  203  211  221  233  246
  259  272  284  293  301  307  311  314  317  321  325  329  334  339  344  347
  349  348  346  342  336  329  322  315  309  304  300  298  296  294  291  289
  284  279  271  262  252  245  240  235  207                                   
    62.5-180.0 180.0   5.0 450.0                            LAT/LON1/LON2/DLON/H
  199  194  187  177  166  157  151  144  140  135  131  128  125  125  126  130
  137  146  155  164  171  177  181  185  188  192  198  205  214  225  238  252
  266  279  291  300  308  313  317  320  323  327  331  336  340  345  348  349
  349  346  341  334  326  317  308  299  292  286  282  279  276  274  271  269
  265  261  255  248  241  236  232  228  199                                   
    60.0-180.0 180.0   5.0 450.0                            LAT/LON1/LON2/DLON/H
  192  187  178  166  153  142  134  127  124  120  117  115  113  111  112  115
  120  128  137  146  154  162  169  175  181  188  196  205  216  229  242  257
  271  285  297  307  314  320  324  328  331  335  340  345  349  352  353  353
  350  345  338  330  321  311  301  292  285  279  274  270  267  263  260  256
  252  249  243  238  232  228  225  219  192                                   
    57.5-180.0 180.0   5.0 450.0                            LAT/LON1/LON2/DLON/H
  190  184  174  158  143  129  120  112  109  106  105  103  102  100  100  102
  106  112  120  129  138  146  155  164  174  183  193  204  216  229  244  259
  275  289  302  313  322  329  334  339  343  348  353  358  362  364  364  361
  356  350  342  333  324  314  306  298  292  287  282  278  274  268  263  258
  252  247  242  236  230  226  223  214  190                                   
    55.0-180.0 180.0   5.0 450.0                            LAT/LON1/LON2/DLON/H
  196  188  177  157  140  123  112  102   98   96   95   95   95   93   92   93
   96  101  107  115  124  134  144  155  167  179  190  202  215  228  244  260
  276  292  306  319  330  339  346  353  359  365  371  377  380  381  379  375
  368  361  353  345  337  329  322  317  312  309  306  302  296  289  281  273
  265  259  252  245  238  233  228  217  196                                   
    52.5-180.0 180.0   5.0 450.0                            LAT/LON1/LON2/DLON/H
  210  200  189  167  148  129  115  103   97   93   92   93   92   91   90   90
   92   95  101  107  116  126  137  150  164  177  189  201  214  228  243  260
  278  295  311  326  340  351  361  370  378  386  393  399  402  402  398  393
  386  378  370  363  357  351  346  343  341  339  337  333  326  317  307  297
  287  279  270  261  252  245  238  225  210                                   
    50.0-180.0 180.0   5.0 450.0                            LAT/LON1/LON2/DLON/H
  226  216  205  184  166  146  129  114  105   99   97   96   95   93   92   92
   93   96  101  107  114  124  137  151  165  179  191  203  215  229  245  263
  281  300  318  335  351  365  377  388  399  408  416  422  425  424  419  413
  405  398  391  384  379  375  371  369  368  367  365  361  354  344  333  321
  309  300  289  278  268  258  249  236  226                                   
    47.5-180.0 180.0   5.0 450.0                            LAT/LON1/LON2/DLON/H
  239  229  220  202  187  168  150  133  121  113  108  106  104  101   99   99
  100  103  107  113  120  129  142  156  171  185  197  208  220  233  250  267
  286  306  325  344  363  379  394  407  419  429  438  444  445  443  438  431
  423  416  409  403  397  392  388  385  383  382  380  377  370  360  349  337
  325  315  302  290  277  265  255  243  239                                   
    45.0-180.0 180.0   5.0 450.0                            LAT/LON1/LON2/DLON/H
  240  233  226  214  203  188  172  155  141  131  124  119  116  113  111  110
  112  114  118  123  129  138  151  165  179  193  205  215  227  240  256  274
  293  313  333  353  373  392  410  425  438  449  458  462  463  460  454  446
  438  430  423  416  408  401  394  388  384  381  378  375  369  360  350  339
  328  318  305  291  277  263  251  241  240                                   
    42.5-180.0 180.0   5.0 450.0                            LAT/LON1/LON2/DLON/H
  229  223  219  214  209  199  187  172  159  148  140  134  130  126  124  123
  125  127  131  135  140  148  159  173  187  200  212  222  234  247  264  281
  300  319  339  361  383  404  424  441  456  468  477  480  480  475  468  460
  451  443  435  426  416  406  395  385  377  371  367  363  357  350  341  332
  322  313  298  283  266  249  237  228  229                                   
    40.0-180.0 180.0   5.0 450.0                            LAT/LON1/LON2/DLON/H
  209  202  202  201  201  196  190  179  169  160  153  148  143  140  138  137
  138  140  143  146  149  155  165  177  191  204  216  227  239  253  270  287
  305  323  343  366  390  415  438  458  476  489  498  502  500  494  486  478
  470  462  453  443  432  419  404  390  378  369  362  357  351  344  336  328
  318  308  291  273  252  232  218  209  209                                   
    37.5-180.0 180.0   5.0 450.0                            LAT/LON1/LON2/DLON/H
  187  179  179  179  182  181  180  176  170  165  161  158  155  152  150  149
  149  150  151  152  154  158  165  176  190  203  216  228  241  256  273  290
  307  325  346  370  398  426  454  478  499  516  526  531  529  523  515  507
  500  494  486  477  466  452  436  419  404  392  383  375  368  359  351  341
  329  316  295  272  246  222  204  192  187                                   
    35.0-180.0 180.0   5.0 450.0                            LAT/LON1/LON2/DLON/H
  175  164  161  158  160  161  165  165  164  164  164  165  164  163  161  159
  157  157  156  156  155  156  161  171  184  198  212  226  240  256  273  290
  307  326  348  375  407  440  472  502  528  549  563  570  570  565  559  553
  548  544  540  534  525  513  498  482  465  451  440  430  420  409  397  383
  368  349  323  292  260  229  205  188  175                                   
    32.5-180.0 180.0   5.0 450.0                            LAT/LON1/LON2/DLON/H
  183  169  160  151  148  147  151  154  157  161  165  169  171  171  169  166
  163  161  158  156  154  153  155  164  176  191  206  221  237  254  272  290
  308  328  352  383  418  456  493  528  559  586  605  617  622  621  618  616
  615  614  614  613  610  603  592  579  564  550  538  527  514  498  480  460
  438  413  378  339  300  261  230  207  183                                   
    30.0-180.0 180.0   5.0 450.0                            LAT/LON1/LON2/DLON/H
  215  198  182  164  154  148  150  152  156  162  169  174  178  178  176  172
  167  163  159  156  152  150  151  158  170  186  201  217  234  252  272  291
  311  334  361  395  433  473  514  552  588  621  647  666  677  682  685  687
  691  696  702  707  711  711  708  701  692  682  672  660  644  622  598  569
  538  504  461  412  365  318  281  252  215                                   
    27.5-180.0 180.0   5.0 450.0                            LAT/LON1/LON2/DLON/H
  271  255  231  204  185  172  168  166  167  172  177  182  185  184  181  176
  170  164  160  157  153  150  151  157  168  183  200  216  234  254  275  297
  320  345  375  411  450  491  532  571  610  647  679  705  723  736  745  754
  763  773  785  797  809  819  825  828  828  825  818  807  787  760  727  690
  650  609  559  501  447  394  354  320  271                                   
    25.0-180.0 180.0   5.0 450.0                            LAT/LON1/LON2/DLON/H
  344  332  302  266  240  221  207  198  192  192  192  194  193  190  186  179
  172  166  162  159  156  154  154  160  171  185  202  219  238  260  283  308
  334  362  394  429  467  505  543  582  621  659  695  726  750  770  785  800
  814  830  847  865  884  901  917  929  938  942  940  929  907  874  834  789
  742  699  648  586  529  473  436  401  344                                   
    22.5-180.0 180.0   5.0 450.0                            LAT/LON1/LON2/DLON/H
  421  413  383  343  313  288  264  245  230  221  214  209  203  197  190  182
  174  168  165  163  161  160  160  165  175  189  206  224  245  269  294  322
  350  381  413  447  481  515  548  582  619  657  694  727  755  779  800  819
  838  858  879  900  922  943  963  981  996 1005 1005  994  970  932  887  836
  786  744  699  640  588  538  511  480  421                                   
    20.0-180.0 180.0   5.0 450.0                            LAT/LON1/LON2/DLON/H
  484  480  456  422  391  364  330  301  276  257  241  228  216  204  194  185
  177  171  168  166  165  165  166  170  180  193  210  230  253  279  307  337
  367  399  430  461  491  519  546  575  608  642  677  711  741  768  793  815
  837  859  881  903  923  942  961  979  995 1004 1004  991  964  922  871  817
  766  730  696  647  607  569  558  537  484                                   
    17.5-180.0 180.0   5.0 450.0                            LAT/LON1/LON2/DLON/H
  519  518  506  483  457  431  393  357  322  294  270  249  230  213  200  190
  181  175  171  168  167  166  167  171  180  193  211  233  259  288  318  350
  382  413  443  471  497  519  541  564  591  620  651  683  714  742  769  793
  817  839  859  876  890  904  918  931  943  949  946  930  898  852  797  740
  691  661  640  605  582  559  563  555  519                                   
    15.0-180.0 180.0   5.0 450.0                            LAT/LON1/LON2/DLON/H
  519  523  524  514  496  473  436  398  360  326  296  270  245  225  208  196
  186  178  172  168  164  162  162  166  175  189  209  234  263  295  328  360
  392  423  451  477  500  519  537  556  576  599  625  654  683  711  737  761
  783  803  817  827  833  839  845  852  858  859  852  833  798  749  693  636
  590  565  554  533  526  516  530  534  519                                   
    12.5-180.0 180.0   5.0 450.0                            LAT/LON1/LON2/DLON/H
  490  500  512  515  505  485  452  415  378  344  314  286  260  237  218  204
  193  182  173  164  157  153  152  155  165  181  204  233  265  299  333  366
  397  427  455  480  503  522  539  554  570  587  608  632  658  683  707  728
  746  760  768  770  768  765  764  765  765  762  751  730  696  649  595  540
  497  474  467  457  460  460  476  486  490                                   
    10.0-180.0 180.0   5.0 450.0                            LAT/LON1/LON2/DLON/H
  448  463  482  491  489  472  444  410  377  347  320  295  271  248  229  214
  200  187  173  159  148  141  138  142  153  172  198  230  266  301  335  367
  397  427  455  481  505  526  545  561  575  589  605  625  646  667  686  703
  717  725  727  723  715  707  702  699  696  689  677  656  624  582  533  482
  440  415  407  401  407  409  421  429  448                                   
     7.5-180.0 180.0   5.0 450.0                            LAT/LON1/LON2/DLON/H
  409  425  443  453  457  444  420  391  362  337  316  296  276  255  237  221
  206  190  172  154  138  128  124  128  142  164  194  229  265  300  333  363
