data/edconvlstm_nd/pred0420.15i
     1.0            IONOSPHERE MAPS     GNSS                IONEX VERSION / TYPE
pyspatialgeodesy        IME             05-JAN-18 20:20     PGM / RUN BY / DATE 
Map Name                                                    COMMENT             
Predicted global ionosphere maps (GIM).                     DESCRIPTION         
  2015     2    11     0     0     0                        EPOCH OF FIRST MAP  
  2015     2    12     0     0     0                        EPOCH OF LAST MAP   
  7200                                                      INTERVAL            
    13                                                      # OF MAPS IN FILE   
  NONE                                                      MAPPING FUNCTION    
10.0                                                        ELEVATION CUTOFF    
One-way carrier phase leveled to code                       OBSERVABLES USED    
  6371.0                                                    BASE RADIUS         
 2                                                          MAP DIMENSION       
   450.0 450.0   0.0                                        HGT1 / HGT2 / DHGT  
    87.5 -87.5  -2.5                                        LAT1 / LAT2 / DLAT  
  -180.0 180.0   5.0                                        LON1 / LON2 / DLON  
    -1                                                      EXPONENT            
                                                            END OF HEADER       
[from data line 1716]
     5                                                      START OF TEC MAP    
  2015     2    11     8     0     0                        EPOCH OF CURRENT MAP
    87.5-180.0 180.0   5.0 450.0                            LAT/LON1/LON2/DLON/H
   95   92   86   92   95   96   96   96  100  104  106  109  111  112  114  115
  115  116  116  116  116  116  116  115  115  114  114  114  113  113  113  113
  112  112  112  112  112  112  112  112  111  111  110  110  109  108  107  106
  104  103  101   99   97   94   92   90   87   85   82   80   78   76   74   73
   72   72   71   71   75   79   90   96   95                                   
    85.0-180.0 180.0   5.0 450.0                            LAT/LON1/LON2/DLON/H
   73   78   75   81   84   89   92   95  100  104  107  110  112  115  116  118
  119  119  120  120  120  121  121  121  120  120  120  120  120  120  120  121
  121  121  122  122  123  123  123  124  124  124  124  123  123  122  121  120
  118  116  114  111  108  105  101   97   93   89   85   81   77   74   70   68
   67   67   63   65   64   68   72   79   73                                   
    82.5-180.0 180.0   5.0 450.0                            LAT/LON1/LON2/DLON/H
   59   55   59   62   66   70   74   78   84   89   93   98  101  104  106  107
  108  109  109  109  109  109  108  108  108  108  108  108  108  109  110  111
  112  114  115  117  119  121  123  125  126  128  129  130  131  132  132  131
  130  129  126  123  120  115  110  105   99   92   86   79   73   67   61   56
   53   50   46   47   51   47   46   53   59                                   
    80.0-180.0 180.0   5.0 450.0                            LAT/LON1/LON2/DLON/H
   51   41   43   47   54   58   64   69   76   82   88   93   97  101  103  104
  105  105  104  103  102  100   99   98   97   96   96   96   97   98  100  102
  104  107  110  114  117  121  125  129  133  137  141  145  148  151  154  156
  157  158  157  155  152  148  142  136  128  119  110  100   91   81   71   63
   55   48   42   39   40   34   35   42   51                                   
    77.5-180.0 180.0   5.0 450.0                            LAT/LON1/LON2/DLON/H
   53   37   37   43   46   52   58   64   71   77   83   90   94   98  100  101
  101   99   98   96   93   91   89   87   86   85   85   85   86   88   91   94
   98  102  107  112  118  124  130  137  143  151  158  165  172  179  186  192
  197  200  203  203  202  199  194  188  179  169  158  146  133  119  105   93
   80   69   57   51   46   31   30   40   53                                   
    75.0-180.0 180.0   5.0 450.0                            LAT/LON1/LON2/DLON/H
   53   39   35   41   43   49   55   59   65   71   76   82   86   89   91   91
   91   89   87   85   82   80   77   75   74   74   74   74   76   78   81   85
   89   94  101  107  115  122  131  140  149  159  170  181  193  204  215  225
  234  242  248  252  253  252  249  243  235  224  212  198  182  166  149  133
  116  100   85   71   62   44   41   43   53                                   
    72.5-180.0 180.0   5.0 450.0                            LAT/LON1/LON2/DLON/H
   59   45   40   43   44   49   54   57   62   66   70   75   78   81   82   83
   82   81   79   76   74   72   70   68   67   67   67   68   69   72   75   79
   84   90   97  104  113  122  132  143  155  169  182  197  212  228  243  257
  270  281  290  296  300  301  299  294  286  275  262  248  231  213  195  176
  157  138  121  102   88   66   60   61   59                                   
    70.0-180.0 180.0   5.0 450.0                            LAT/LON1/LON2/DLON/H
   68   52   49   50   48   51   54   56   59   61   64   67   69   71   72   72
   72   71   69   68   66   65   64   63   63   63   64   64   65   67   70   73
   78   84   91   99  108  118  130  143  157  172  189  207  226  245  263  281
  297  310  322  330  335  337  336  331  322  311  297  282  264  245  225  206
  186  165  146  125  108   86   80   80   68                                   
    67.5-180.0 180.0   5.0 450.0                            LAT/LON1/LON2/DLON/H
   72   57   54   55   53   56   58   59   60   61   62   64   66   66   67   67
   67   66   66   65   65   65   65   65   65   66   66   66   66   66   67   69
   73   79   86   94  104  115  128  142  158  176  195  215  236  258  278  298
  315  331  343  351  357  358  356  350  341  328  314  297  279  260  240  220
  200  179  160  138  120   97   90   92   72                                   
    65.0-180.0 180.0   5.0 450.0                            LAT/LON1/LON2/DLON/H
   75   61   58   58   56   58   61   61   62   62   63   64   64   64   65   64
   64   64   64   65   65   66   67   69   70   70   70   69   67   66   66   67
   70   76   83   92  104  116  130  146  164  183  204  225  248  270  292  312
  330  345  357  365  369  369  365  358  347  334  318  301  282  262  242  223
  202  181  162  140  123  101   95   98   75                                   
    62.5-180.0 180.0   5.0 450.0                            LAT/LON1/LON2/DLON/H
   75   60   56   56   55   58   60   62   62   63   64   65   65   65   64   64
   64   64   64   65   66   68   70   72   73   73   72   70   67   65   63   64
   67   73   81   92  105  120  136  153  171  192  213  235  258  280  301  320
  337  352  362  369  372  370  365  356  344  329  313  295  277  257  236  216
  195  174  156  134  118   95   90   95   75                                   
    60.0-180.0 180.0   5.0 450.0                            LAT/LON1/LON2/DLON/H
   75   56   52   51   51   54   57   59   60   62   63   64   65   65   64   64
   64   64   64   64   66   68   70   72   73   73   72   68   64   61   59   60
   63   71   81   95  110  127  144  162  182  202  223  245  267  288  307  325
  340  353  363  369  370  368  361  351  339  325  309  291  273  253  232  211
  189  167  149  127  112   87   83   88   75                                   
    57.5-180.0 180.0   5.0 450.0                            LAT/LON1/LON2/DLON/H
   78   56   49   47   48   49   52   55   57   59   62   64   65   65   65   65
   64   64   63   63   64   66   68   70   72   71   69   65   60   57   55   56
   62   71   85  102  120  139  157  176  196  216  236  257  277  296  313  329
  343  355  364  370  371  369  362  352  340  327  312  296  279  259  237  215
  192  169  150  128  113   86   81   84   78                                   
    55.0-180.0 180.0   5.0 450.0                            LAT/LON1/LON2/DLON/H
   87   62   52   48   47   47   49   51   54   56   59   62   63   64   65   65
   65   64   62   62   62   63   65   67   68   68   65   61   56   53   52   55
   63   76   93  112  133  154  173  192  211  231  250  269  287  304  319  334
  347  359  368  375  377  375  369  360  350  338  326  311  295  276  254  230
  205  182  162  139  125   95   88   89   87                                   
    52.5-180.0 180.0   5.0 450.0                            LAT/LON1/LON2/DLON/H
  104   76   63   56   53   51   51   52   53   55   58   60   62   64   65   66
   66   64   63   61   60   61   63   65   67   66   63   58   54   51   51   57
   67   83  104  127  150  171  191  209  228  246  264  282  298  313  327  340
  353  365  376  383  386  385  380  373  365  356  346  334  320  301  278  254
  227  203  183  159  145  115  106  104  104                                   
    50.0-180.0 180.0   5.0 450.0                            LAT/LON1/LON2/DLON/H
  125   97   83   72   67   62   59   57   57   58   59   61   62   64   66   68
   68   67   64   62   61   62   64   67   69   68   65   60   55   53   54   61
   75   94  118  143  167  189  208  226  243  261  278  294  309  323  335  348
  361  374  385  393  397  397  393  388  381  374  367  358  345  327  304  278
  250  225  204  181  168  139  129  126  125                                   
    47.5-180.0 180.0   5.0 450.0                            LAT/LON1/LON2/DLON/H
  147  121  108   96   87   80   74   69   66   65   65   65   66   67   69   71
   72   71   68   66   65   66   69   73   75   75   71   66   60   58   60   69
   84  106  132  159  184  206  225  241  258  275  291  307  321  333  345  357
  370  383  394  402  406  405  402  397  391  386  381  373  362  344  320  293
  264  239  218  196  185  160  150  149  147                                   
    45.0-180.0 180.0   5.0 450.0                            LAT/LON1/LON2/DLON/H
  162  141  131  120  111  101   94   86   81   78   76   75   74   75   76   78
   79   78   75   73   72   74   78   83   86   86   81   75   69   65   68   77
   94  117  145  173  198  220  238  255  271  287  304  319  332  344  355  366
  378  389  398  405  407  406  402  397  391  386  381  374  362  344  320  292
  262  238  216  198  189  169  161  163  162                                   
    42.5-180.0 180.0   5.0 450.0                            LAT/LON1/LON2/DLON/H
  166  149  144  138  130  121  113  106   99   95   91   89   88   87   87   88
   89   88   85   83   82   85   90   96   99   99   93   85   78   73   75   84
  102  126  155  183  209  230  249  265  282  299  316  331  344  355  364  374
  383  392  399  403  403  401  396  390  383  377  370  362  350  331  305  276
  246  221  200  184  177  161  157  162  166                                   
    40.0-180.0 180.0   5.0 450.0                            LAT/LON1/LON2/DLON/H
  157  144  145  141  138  131  127  121  116  112  109  107  104  102  101  101
  101  100   97   95   94   97  103  109  112  111  105   95   86   80   81   90
  107  132  161  190  216  239  258  275  293  312  329  345  357  366  374  382
  389  396  400  402  401  397  392  385  377  368  360  350  336  316  289  258
  227  200  178  161  153  137  137  144  157                                   
    37.5-180.0 180.0   5.0 450.0                            LAT/LON1/LON2/DLON/H
  142  128  131  131  132  129  129  128  126  124  123  123  121  119  116  115
  114  113  110  108  107  109  114  120  123  121  114  103   92   85   85   94
  111  136  166  196  223  246  266  286  306  325  344  359  371  379  386  392
  398  403  406  407  407  405  401  394  385  375  365  354  340  319  290  257
  223  192  168  145  133  112  114  119  142                                   
    35.0-180.0 180.0   5.0 450.0                            LAT/LON1/LON2/DLON/H
  127  110  112  111  116  116  121  124  127  129  131  134  134  132  130  127
  126  125  123  121  119  120  124  128  130  128  120  109   97   90   89   98
  116  141  171  202  230  255  277  298  320  341  361  377  388  395  402  408
  414  419  423  426  428  430  429  425  417  407  396  386  372  350  321  286
  249  214  186  155  137  104  102  102  127                                   
    32.5-180.0 180.0   5.0 450.0                            LAT/LON1/LON2/DLON/H
  124  101   97   93   98   99  105  112  118  124  131  138  142  141  139  137
  136  137  136  133  130  129  130  133  134  131  123  112  101   94   94  103
  121  147  178  210  240  266  291  314  337  360  380  397  408  417  424  431
  439  447  454  461  469  476  480  480  474  466  457  448  436  415  386  349
  310  272  241  201  175  128  117  107  124                                   
    30.0-180.0 180.0   5.0 450.0                            LAT/LON1/LON2/DLON/H
  143  112   98   89   88   87   92   98  105  113  124  135  142  144  143  142
  143  145  146  143  139  136  135  136  136  132  124  113  104   98   99  109
  129  156  187  221  252  281  307  333  358  382  404  421  434  445  454  464
  476  489  502  515  530  544  554  558  555  549  543  538  529  511  482  445
  403  363  328  282  250  190  165  145  143                                   
    27.5-180.0 180.0   5.0 450.0                            LAT/LON1/LON2/DLON/H
  189  150  126  106   98   90   90   91   95  102  114  127  136  141  142  143
  146  150  153  151  146  141  139  138  136  131  124  114  107  103  106  118
  138  166  199  234  268  299  328  355  381  407  431  451  467  481  494  509
  527  546  566  588  610  630  646  653  653  650  648  647  643  629  602  564
  521  480  440  389  353  283  242  216  189                                   
    25.0-180.0 180.0   5.0 450.0                            LAT/LON1/LON2/DLON/H
  264  219  183  152  134  117  107  101   97  100  108  120  130  135  138  140
  146  153  156  155  150  145  142  139  136  131  124  116  110  109  115  128
  149  178  213  249  285  318  349  379  407  435  462  486  507  525  544  565
  589  615  643  672  700  727  746  757  759  759  760  763  763  752  727  690
  647  607  563  512  471  398  341  313  264                                   
    22.5-180.0 180.0   5.0 450.0                            LAT/LON1/LON2/DLON/H
  364  314  267  226  195  170  149  132  118  112  113  121  128  132  135  138
  145  153  158  157  152  148  145  142  138  133  125  119  115  115  122  137
  159  189  225  263  302  338  371  402  433  464  495  524  550  575  600  626
  656  688  722  755  788  816  836  848  853  855  860  867  869  860  836  800
  760  722  678  631  587  519  455  427  364                                   
    20.0-180.0 180.0   5.0 450.0                            LAT/LON1/LON2/DLON/H
  473  421  368  320  276  244  212  186  160  143  134  134  136  137  137  140
  146  154  158  157  154  150  148  147  143  137  129  122  118  120  128  143
  167  199  237  277  317  355  391  424  458  492  527  562  595  626  656  686
  719  755  790  824  854  878  895  905  911  917  926  936  940  932  909  874
  837  804  766  726  681  625  566  539  473                                   
    17.5-180.0 180.0   5.0 450.0                            LAT/LON1/LON2/DLON/H
  567  519  469  421  365  329  290  255  220  191  171  161  156  151  148  148
  152  157  159  157  154  152  152  152  149  142  133  125  120  122  130  147
  173  208  248  290  332  371  408  443  479  516  556  596  635  671  704  737
  770  804  836  864  887  903  913  919  926  935  948  960  965  958  935  902
  866  838  809  776  737  692  649  628  567                                   
    15.0-180.0 180.0   5.0 450.0                            LAT/LON1/LON2/DLON/H
  629  588  546  505  446  410  369  330  289  251  222  202  188  177  168  163
  163  163  162  158  154  153  155  157  155  147  137  127  121  120  129  148
  178  216  258  302  344  384  422  459  496  536  579  623  666  705  740  771
  800  828  854  873  885  891  894  897  903  915  930  943  948  940  917  884
  850  824  803  776  747  711  682  675  629                                   
    12.5-180.0 180.0   5.0 450.0                            LAT/LON1/LON2/DLON/H
  651  615  583  551  500  468  431  395  354  313  278  252  231  213  197  186
  179  174  167  159  153  153  157  160  159  152  140  129  120  119  128  150
  183  224  269  313  355  395  433  471  509  550  594  641  686  726  758  785
  808  829  846  856  859  857  855  856  863  876  890  901  902  891  867  834
  802  776  760  736  717  688  670  673  651                                   
    10.0-180.0 180.0   5.0 450.0                            LAT/LON1/LON2/DLON/H
  639  605  579  556  517  493  465  437  403  365  330  300  276  253  233  216
  202  190  176  164  155  154  158  162  162  156  145  132  122  120  130  153
  189  233  279  323  364  403  441  478  516  557  602  648  693  731  760  782
  799  813  822  825  823  818  816  819  827  838  848  853  848  832  807  775
  744  719  702  680  666  641  629  636  639                                   
     7.5-180.0 180.0   5.0 450.0                            LAT/LON1/LON2/DLON/H
  607  571  547  529  503  485  467  450  427  397  366  339  314  291  269  248
  229  211  192  175  163  159  161  165  166  161  152  141  130  127  137  161
