data/edconvlstm_nd/pred0080.15i
     1.0            IONOSPHERE MAPS     GNSS                IONEX VERSION / TYPE
pyspatialgeodesy        IME             05-JAN-18 20:20     PGM / RUN BY / DATE 
Map Name                                                    COMMENT             
Predicted global ionosphere maps (GIM).                     DESCRIPTION         
  2015     1     8     0     0     0                        EPOCH OF FIRST MAP  
  2015     1     9     0     0     0                        EPOCH OF LAST MAP   
  7200                                                      INTERVAL            
    13                                                      # OF MAPS IN FILE   
  NONE                                                      MAPPING FUNCTION    
10.0                                                        ELEVATION CUTOFF    
One-way carrier phase leveled to code                       OBSERVABLES USED    
  6371.0                                                    BASE RADIUS         
 2                                                          MAP DIMENSION       
   450.0 450.0   0.0                                        HGT1 / HGT2 / DHGT  
    87.5 -87.5  -2.5                                        LAT1 / LAT2 / DLAT  
  -180.0 180.0   5.0                                        LON1 / LON2 / DLON  
    -1                                                      EXPONENT            
                                                            END OF HEADER       
[from data line 4290]
    11                                                      START OF TEC MAP    
  2015     1     8    20     0     0                        EPOCH OF CURRENT MAP
    87.5-180.0 180.0   5.0 450.0                            LAT/LON1/LON2/DLON/H
   81   76   66   67   70   66   66   62   63   65   65   66   68   70   71   73
   75   77   79   81   83   86   88   90   91   93   95   96   97   98   99   99
  100  100   99   99   98   97   96   94   93   91   90   88   87   85   84   83
   82   81   80   79   78   78   77   76   76   75   75   74   74   73   72   71
   70   69   66   63   69   68   87   94   81                                   
    85.0-180.0 180.0   5.0 450.0                            LAT/LON1/LON2/DLON/H
   79   72   76   58   57   59   58   59   60   62   62   64   66   68   70   73
   76   79   82   85   88   91   93   96   99  101  104  106  107  109  110  111
  111  111  111  110  109  107  105  103  101   99   96   94   92   90   87   86
   84   83   81   80   79   78   77   77   76   76   75   74   74   73   72   71
   70   68   63   58   62   63   71   70   79                                   
    82.5-180.0 180.0   5.0 450.0                            LAT/LON1/LON2/DLON/H
   53   53   54   44   45   47   49   49   50   52   54   57   59   62   65   68
   72   75   79   82   86   90   94   97  101  105  108  111  113  115  117  118
  119  119  119  117  115  113  110  107  103   99   95   92   88   85   82   79
   77   75   74   73   72   71   71   70   70   70   70   70   69   68   67   66
   65   62   58   56   61   68   62   63   53                                   
    80.0-180.0 180.0   5.0 450.0                            LAT/LON1/LON2/DLON/H
   33   36   44   34   35   32   38   41   44   48   51   55   59   62   66   70
   74   78   82   86   90   94   98  102  107  111  114  118  121  123  125  127
  128  127  127  125  122  118  114  109  104   99   93   88   83   79   75   72
   70   68   67   66   66   66   66   66   67   67   67   67   67   67   66   65
   63   61   58   56   54   56   49   58   33                                   
    77.5-180.0 180.0   5.0 450.0                            LAT/LON1/LON2/DLON/H
   40   40   42   35   38   38   45   48   53   58   62   69   74   78   83   87
   90   94   97  101  104  108  112  116  120  123  127  130  132  135  137  138
  138  138  137  135  131  127  121  115  108  101   95   88   82   77   73   70
   68   67   66   66   67   67   68   70   71   72   72   73   73   73   73   72
   71   69   66   65   63   59   54   64   40                                   
    75.0-180.0 180.0   5.0 450.0                            LAT/LON1/LON2/DLON/H
   41   46   48   43   48   52   59   65   72   81   87   95  100  106  109  113
  115  117  119  120  122  123  125  127  129  130  132  133  134  136  137  137
  137  137  136  133  130  125  120  114  107  100   93   86   81   76   73   70
   69   68   69   69   70   71   72   74   75   76   77   77   78   79   79   79
   78   78   76   72   69   63   56   56   41                                   
    72.5-180.0 180.0   5.0 450.0                            LAT/LON1/LON2/DLON/H
   56   60   62   63   65   72   82   90   98  108  116  125  132  137  141  143
  144  144  144  143  141  140  138  137  135  134  132  130  129  127  126  126
  125  124  123  121  118  114  110  104   98   91   85   79   74   70   67   66
   66   66   67   69   70   72   73   74   75   76   77   77   78   79   80   80
   79   80   79   75   73   69   66   71   56                                   
    70.0-180.0 180.0   5.0 450.0                            LAT/LON1/LON2/DLON/H
   67   73   79   81   85   95  105  117  128  141  151  161  168  174  177  178
  178  176  173  169  164  158  153  147  142  136  130  125  120  116  112  110
  108  106  105  103  101   99   96   92   88   83   79   74   71   68   67   67
   68   69   71   73   75   76   77   77   77   77   77   77   77   78   79   80
   80   81   82   81   81   79   81   85   67                                   
    67.5-180.0 180.0   5.0 450.0                            LAT/LON1/LON2/DLON/H
   85   91   99  104  110  122  135  148  160  173  184  196  204  210  214  215
  214  211  206  199  190  181  172  162  152  142  133  123  114  107  100   95
   92   89   87   86   85   84   82   81   79   76   73   71   69   67   67   68
   70   72   74   77   78   80   80   80   80   79   79   78   78   77   78   79
   79   81   82   82   82   83   85   93   85                                   
    65.0-180.0 180.0   5.0 450.0                            LAT/LON1/LON2/DLON/H
   94  101  112  120  127  141  155  170  183  197  209  221  230  237  241  244
  243  239  233  223  212  200  187  174  161  148  135  122  110   99   89   82
   76   72   69   67   66   66   66   67   67   67   66   65   65   64   65   66
   68   71   73   76   77   78   78   78   77   76   75   74   73   72   72   72
   73   75   78   80   82   86   91  102   94                                   
    62.5-180.0 180.0   5.0 450.0                            LAT/LON1/LON2/DLON/H
  103  109  121  132  141  156  171  186  199  213  225  237  247  255  261  264
  265  262  254  243  230  215  201  186  172  158  143  127  112   98   86   76
   68   62   57   54   52   52   53   55   57   58   59   60   60   60   60   61
   63   65   68   70   71   72   72   72   72   71   70   68   66   65   64   63
   63   65   69   71   74   78   85   97  103                                   
    60.0-180.0 180.0   5.0 450.0                            LAT/LON1/LON2/DLON/H
  106  112  125  138  149  164  180  196  209  223  235  247  257  265  272  278
  279  276  268  256  241  226  211  198  185  172  157  140  123  107   92   79
   69   60   53   48   45   44   45   47   50   52   54   55   55   55   54   55
   56   57   59   61   62   63   63   64   64   64   63   61   59   57   55   54
   53   55   58   61   64   70   77   91  106                                   
    57.5-180.0 180.0   5.0 450.0                            LAT/LON1/LON2/DLON/H
  106  112  127  143  157  172  190  206  220  233  244  254  263  271  279  285
  287  284  275  262  246  231  219  209  200  190  178  162  145  126  109   93
   80   69   60   52   47   45   44   46   48   51   52   53   53   51   50   49
   49   50   50   51   52   53   54   55   56   56   56   55   53   51   49   47
   46   47   50   52   55   60   66   82  106                                   
    55.0-180.0 180.0   5.0 450.0                            LAT/LON1/LON2/DLON/H
  105  114  131  149  167  183  203  220  235  247  257  265  272  279  285  290
  292  287  276  261  245  232  224  220  217  213  204  190  172  152  133  115
   99   86   74   64   57   52   50   50   52   53   55   55   53   51   48   46
   45   45   45   45   45   46   47   48   49   50   51   50   49   47   45   43
   42   43   46   48   50   54   59   74  105                                   
    52.5-180.0 180.0   5.0 450.0                            LAT/LON1/LON2/DLON/H
  105  117  137  158  180  200  222  242  257  269  278  283  286  289  292  294
  293  285  272  255  240  230  227  230  235  236  232  219  201  179  158  138
  121  106   93   82   73   66   62   60   60   61   61   60   58   55   51   49
   46   45   44   44   43   44   44   45   47   48   48   48   47   45   44   43
   42   44   47   49   50   54   57   70  105                                   
    50.0-180.0 180.0   5.0 450.0                            LAT/LON1/LON2/DLON/H
  109  125  148  172  199  224  249  272  289  302  309  310  309  306  304  301
  294  283  266  248  234  228  232  243  254  261  258  246  226  202  179  158
  141  126  114  102   93   85   79   75   73   72   71   69   67   63   59   56
   54   53   51   50   49   48   48   48   49   49   49   49   48   47   46   46
   46   49   52   55   56   60   61   72  109                                   
    47.5-180.0 180.0   5.0 450.0                            LAT/LON1/LON2/DLON/H
  117  138  164  191  223  253  282  308  328  342  347  346  339  330  321  311
  299  282  262  244  232  232  243  260  276  285  282  267  243  216  191  170
  153  140  129  120  111  104   97   92   88   85   83   81   78   75   72   69
   67   66   64   62   60   59   57   56   55   54   53   52   51   50   50   51
   51   56   60   64   66   70   72   81  117                                   
    45.0-180.0 180.0   5.0 450.0                            LAT/LON1/LON2/DLON/H
  130  155  184  213  249  284  317  347  369  385  390  386  375  360  344  326
  307  285  263  246  238  243  260  282  300  307  300  279  250  220  193  172
  156  146  138  132  126  120  113  107  101   98   95   93   91   88   86   84
   83   82   80   78   75   73   70   67   64   62   59   58   56   55   55   56
   57   62   68   73   78   84   88   98  130                                   
    42.5-180.0 180.0   5.0 450.0                            LAT/LON1/LON2/DLON/H
  146  176  208  238  276  314  350  383  408  426  432  427  414  394  370  346
  320  294  271  256  253  263  284  307  324  326  311  283  248  215  187  167
  153  145  140  138  136  132  126  119  112  108  105  103  102  100   99   98
   98   97   95   93   90   86   83   79   74   70   67   64   62   61   60   60
   61   66   72   80   87   97  105  119  146                                   
    40.0-180.0 180.0   5.0 450.0                            LAT/LON1/LON2/DLON/H
  165  199  235  264  302  340  378  412  439  459  468  464  450  427  399  369
  338  309  287  275  276  290  312  334  345  339  316  281  242  208  181  163
  151  144  142  142  142  140  135  128  120  115  112  111  110  109  108  108
  108  108  106  104  101   97   93   89   83   78   74   70   68   66   64   63
   62   66   73   81   91  106  119  140  165                                   
    37.5-180.0 180.0   5.0 450.0                            LAT/LON1/LON2/DLON/H
  185  225  262  289  326  363  400  432  460  481  493  493  481  458  428  394
  360  330  309  300  305  321  341  358  361  348  318  279  239  207  184  168
  157  151  149  149  151  149  144  135  127  121  118  117  116  115  114  113
  113  113  112  109  106  103  100   95   90   84   79   76   73   70   67   63
   60   62   69   78   89  109  129  156  185                                   
    35.0-180.0 180.0   5.0 450.0                            LAT/LON1/LON2/DLON/H
  206  252  290  315  349  382  417  445  470  492  507  512  505  485  456  421
  385  355  336  330  336  351  367  376  373  353  320  282  247  221  203  190
  179  172  167  165  165  162  155  145  135  128  124  122  121  119  117  116
  115  114  113  111  108  106  103   99   94   89   84   80   77   73   68   62
   57   58   63   72   85  110  135  167  206                                   
    32.5-180.0 180.0   5.0 450.0                            LAT/LON1/LON2/DLON/H
  230  282  321  343  373  401  430  452  474  494  511  521  520  507  482  448
  413  383  365  360  366  377  386  389  381  360  330  298  272  255  244  234
  222  210  200  193  188  181  171  159  147  138  133  130  127  123  120  118
  116  115  113  111  109  107  105  101   97   92   87   83   80   75   70   63
   57   56   61   70   84  112  143  177  230                                   
    30.0-180.0 180.0   5.0 450.0                            LAT/LON1/LON2/DLON/H
  259  315  355  374  402  423  445  459  476  493  510  524  530  524  505  475
  441  412  394  388  391  396  400  398  389  372  352  332  319  313  309  300
  285  265  247  232  220  208  194  178  164  153  145  140  135  130  126  122
  120  118  115  113  111  109  107  104  100   95   90   87   83   79   74   68
   62   62   66   74   89  121  155  190  259                                   
    27.5-180.0 180.0   5.0 450.0                            LAT/LON1/LON2/DLON/H
  292  352  393  408  435  449  464  470  480  493  510  527  538  539  526  500
  470  442  423  414  412  412  411  408  403  396  388  384  385  390  392  383
  362  333  304  280  261  242  222  202  185  171  161  154  147  140  135  131
  128  125  123  120  117  115  112  109  104   99   94   90   88   85   82   78
   73   75   79   88  104  137  174  206  292                                   
    25.0-180.0 180.0   5.0 450.0                            LAT/LON1/LON2/DLON/H
  330  389  430  445  470  480  489  487  491  500  515  533  548  553  546  525
  498  471  450  438  430  426  423  423  426  432  440  452  465  478  483  472
  444  406  367  333  304  278  253  230  209  192  180  170  162  154  148  144
  141  139  136  132  129  125  121  116  110  104   98   94   92   91   90   90
   89   95   99  109  126  160  199  226  330                                   
    22.5-180.0 180.0   5.0 450.0                            LAT/LON1/LON2/DLON/H
  367  423  463  481  507  514  519  513  513  517  529  546  561  569  566  550
  526  500  478  462  451  443  441  447  461  481  504  527  549  564  568  552
  518  473  425  383  346  314  285  257  233  214  199  187  178  170  164  161
  158  156  153  149  144  138  131  124  117  109  102   97   95   95   97  101
  105  115  121  135  152  186  226  249  367                                   
    20.0-180.0 180.0   5.0 450.0                            LAT/LON1/LON2/DLON/H
  398  450  488  511  542  550  554  548  546  547  555  568  581  589  588  577
  556  532  510  491  478  470  471  483  508  539  572  602  623  635  632  610
  571  522  470  422  381  345  313  283  256  234  217  203  193  186  181  178
  176  174  171  166  159  151  142  132  123  113  105   99   96   97  102  109
  117  132  142  159  178  211  253  274  398                                   
    17.5-180.0 180.0   5.0 450.0                            LAT/LON1/LON2/DLON/H
  420  466  503  533  570  582  590  587  587  588  592  599  607  614  614  605
  589  568  547  528  514  507  512  531  563  601  637  663  678  680  667  638
  596  546  494  446  405  368  334  303  275  250  231  216  206  199  194  192
  191  189  186  180  172  162  150  139  127  116  106   99   96   98  104  113
  124  144  157  178  200  232  276  296  420                                   
    15.0-180.0 180.0   5.0 450.0                            LAT/LON1/LON2/DLON/H
  428  469  506  540  583  602  617  623  629  632  634  637  639  643  643  638
  625  608  589  572  559  555  563  586  620  657  688  704  706  694  671  636
  593  545  498  455  416  381  348  317  287  261  240  224  213  205  201  198
  197  195  192  186  177  167  155  142  129  118  107  100   97   99  106  116
  128  149  166  190  214  248  292  314  428                                   
    12.5-180.0 180.0   5.0 450.0                            LAT/LON1/LON2/DLON/H
  423  460  497  533  580  606  631  647  662  670  673  673  672  673  674  672
  665  652  636  622  612  610  621  643  673  702  719  720  707  682  650  612
  571  529  489  451  417  385  355  324  295  267  244  226  213  205  199  195
  192  190  188  183  175  166  155  143  130  119  109  102  100  102  108  116
  128  149  168  193  221  258  303  326  423                                   
    10.0-180.0 180.0   5.0 450.0                            LAT/LON1/LON2/DLON/H
  408  443  481  515  563  594  627  652  676  691  698  699  699  701  704  706
  704  696  685  674  667  667  677  694  714  728  728  713  686  652  615  578
  541  507  474  443  414  385  356  327  297  268  243  223  209  198  190  184
  181  179  177  174  168  161  152  141  130  120  111  105  103  105  110  116
  124  144  164  190  221  263  308  333  408                                   
     7.5-180.0 180.0   5.0 450.0                            LAT/LON1/LON2/DLON/H
  388  425  462  492  538  572  609  639  670  692  704  710  713  718  726  734
  737  735  729  722  718  718  724  732  738  734  716  688  654  617  582  549
