data/edconvlstm_nd/pred2530.15i
     1.0            IONOSPHERE MAPS     GNSS                IONEX VERSION / TYPE
pyspatialgeodesy        IME             05-JAN-18 20:20     PGM / RUN BY / DATE 
Map Name                                                    COMMENT             
Predicted global ionosphere maps (GIM).                     DESCRIPTION         
  2015     9    10     0     0     0                        EPOCH OF FIRST MAP  
  2015     9    11     0     0     0                        EPOCH OF LAST MAP   
  7200                                                      INTERVAL            
    13                                                      # OF MAPS IN FILE   
  NONE                                                      MAPPING FUNCTION    
10.0                                                        ELEVATION CUTOFF    
One-way carrier phase leveled to code                       OBSERVABLES USED    
  6371.0                                                    BASE RADIUS         
 2                                                          MAP DIMENSION       
   450.0 450.0   0.0                                        HGT1 / HGT2 / DHGT  
    87.5 -87.5  -2.5                                        LAT1 / LAT2 / DLAT  
  -180.0 180.0   5.0                                        LON1 / LON2 / DLON  
    -1                                                      EXPONENT            
                                                            END OF HEADER       
[from data line 3432]
     9                                                      START OF TEC MAP    
  2015     9    10    16     0     0                        EPOCH OF CURRENT MAP
    87.5-180.0 180.0   5.0 450.0                            LAT/LON1/LON2/DLON/H
   90   95   93   97  100   99   99   97   98  101  100  102  103  104  105  106
  107  108  109  109  110  110  110  110  109  109  108  107  106  105  104  103
  102  101  100  100   99   98   98   97   97   97   97   97   97   97   97   97
   97   97   97   97   97   97   97   97   97   97   97   96   96   96   96   95
   95   95   93   90   96   93  106  104   90                                   
    85.0-180.0 180.0   5.0 450.0                            LAT/LON1/LON2/DLON/H
   93   92  103   88   87   92   92   94   95   98   98  100  101  103  105  106
  107  109  110  111  111  112  112  112  111  110  109  108  107  106  104  103
  102  101   99   98   98   97   96   96   96   96   96   96   96   96   96   96
   97   97   97   97   97   97   97   96   96   96   95   95   94   94   93   93
   93   92   87   83   84   84   92   93   93                                   
    82.5-180.0 180.0   5.0 450.0                            LAT/LON1/LON2/DLON/H
   79   80   84   77   78   81   84   85   86   89   90   93   94   97   99  101
  103  105  107  109  110  111  111  111  110  109  108  107  105  103  101   99
   98   96   95   93   92   92   91   91   90   91   91   91   92   92   93   93
   94   94   95   95   95   94   94   93   93   92   91   90   89   88   87   87
   86   85   81   78   80   86   81   79   79                                   
    80.0-180.0 180.0   5.0 450.0                            LAT/LON1/LON2/DLON/H
   69   66   74   69   68   68   73   75   78   80   82   86   88   91   94   98
  101  104  106  109  110  111  112  111  110  108  106  104  101   98   96   93
   90   88   86   85   83   82   82   81   81   82   82   83   84   85   87   88
   89   89   90   90   90   90   89   89   88   87   86   85   84   83   81   80
   79   78   75   74   71   74   74   76   69                                   
    77.5-180.0 180.0   5.0 450.0                            LAT/LON1/LON2/DLON/H
   74   68   70   67   66   68   72   74   75   77   79   82   85   89   93   97
  101  105  109  112  115  116  117  116  114  112  109  106  102   99   95   92
   89   86   84   82   80   79   78   77   77   78   78   80   81   82   84   86
   87   88   89   89   89   89   89   88   87   86   85   84   83   82   80   79
   78   76   75   74   72   70   71   75   74                                   
    75.0-180.0 180.0   5.0 450.0                            LAT/LON1/LON2/DLON/H
   69   67   67   66   66   69   71   73   74   77   78   81   84   88   92   96
  101  106  111  115  118  120  121  120  118  115  112  108  104  100   96   92
   89   86   84   82   80   78   77   76   76   76   77   78   80   82   83   85
   87   88   89   89   89   89   89   88   88   87   86   85   84   83   82   81
   80   78   77   73   73   69   69   64   69                                   
    72.5-180.0 180.0   5.0 450.0                            LAT/LON1/LON2/DLON/H
   70   68   67   69   67   71   73   74   73   74   75   77   79   82   86   91
   97  102  108  112  116  119  120  119  117  114  110  105  101   96   92   89
   86   84   81   79   77   75   73   72   72   71   72   72   73   75   76   78
   79   80   81   82   82   82   82   81   81   81   81   81   81   80   80   79
   78   77   76   72   70   69   69   68   70                                   
    70.0-180.0 180.0   5.0 450.0                            LAT/LON1/LON2/DLON/H
   69   68   70   70   69   72   73   74   74   75   74   76   77   79   83   87
   92   98  104  110  114  117  118  118  116  112  108  103   99   95   92   89
   86   84   82   80   78   76   74   72   70   69   69   69   69   70   71   72
   72   73   73   74   74   74   74   74   74   75   76   77   78   78   78   78
   77   76   75   72   71   69   71   71   69                                   
    67.5-180.0 180.0   5.0 450.0                            LAT/LON1/LON2/DLON/H
   69   70   71   74   74   76   79   80   79   79   78   79   79   81   83   87
   92   97  103  109  114  117  119  119  116  113  108  103   99   95   92   90
   88   86   84   82   80   77   75   72   70   68   67   66   65   65   64   64
   64   63   63   63   63   63   63   64   66   67   69   71   73   75   76   77
   76   75   74   70   68   68   68   67   69                                   
    65.0-180.0 180.0   5.0 450.0                            LAT/LON1/LON2/DLON/H
   65   68   70   74   74   78   80   81   81   82   81   82   82   82   84   87
   91   96  101  107  112  116  118  118  116  113  108  103   99   96   93   92
   90   89   88   86   83   80   77   74   72   69   67   65   63   61   59   57
   55   54   53   52   51   51   52   53   55   57   60   63   66   68   70   71
   71   71   70   68   67   67   67   67   65                                   
    62.5-180.0 180.0   5.0 450.0                            LAT/LON1/LON2/DLON/H
   61   65   68   71   72   77   80   82   82   83   83   84   84   85   86   88
   91   95  100  106  111  116  119  119  117  114  110  105  101   97   95   94
   93   92   91   89   86   83   80   77   74   71   69   65   62   58   55   51
   48   46   43   42   40   40   40   42   44   47   50   54   57   60   62   63
   64   64   64   62   61   61   61   61   61                                   
    60.0-180.0 180.0   5.0 450.0                            LAT/LON1/LON2/DLON/H
   55   60   63   67   68   72   75   78   80   81   82   84   85   86   87   88
   91   94   98  104  109  114  118  119  118  115  111  106  102   99   97   96
   96   95   93   91   89   86   83   81   78   76   72   69   64   59   54   49
   44   40   37   34   32   31   31   32   34   37   40   44   47   49   51   53
   53   53   54   53   54   55   55   56   55                                   
    57.5-180.0 180.0   5.0 450.0                            LAT/LON1/LON2/DLON/H
   50   56   58   62   63   68   71   74   76   78   80   83   85   87   89   90
   92   94   98  103  109  114  119  121  121  118  114  110  106  103  101  101
  100   99   98   96   94   91   89   87   86   84   81   77   72   65   59   52
   46   41   36   32   29   28   27   28   30   32   35   37   40   41   43   44
   45   45   46   45   48   48   50   51   50                                   
    55.0-180.0 180.0   5.0 450.0                            LAT/LON1/LON2/DLON/H
   47   52   55   58   59   64   67   69   71   74   76   80   84   87   90   92
   93   95   98  102  107  113  118  122  122  121  117  113  110  107  105  105
  104  103  102  101   99   97   96   95   95   94   91   87   82   75   67   59
   53   46   41   36   32   30   29   29   30   32   33   35   36   36   37   38
   38   39   40   40   43   44   46   47   47                                   
    52.5-180.0 180.0   5.0 450.0                            LAT/LON1/LON2/DLON/H
   45   50   53   56   56   62   64   67   68   71   73   77   82   86   90   92
   94   95   97  100  105  111  117  121  123  122  120  116  113  111  109  108
  108  108  107  106  105  104  104  104  104  104  103   99   93   86   78   71
   63   57   51   46   41   39   37   37   37   37   37   37   37   36   36   36
   36   37   37   37   41   42   44   46   45                                   
    50.0-180.0 180.0   5.0 450.0                            LAT/LON1/LON2/DLON/H
   46   51   53   55   56   62   65   67   68   70   72   75   80   85   89   93
   94   95   96   99  103  109  115  120  122  123  121  118  115  113  112  112
  112  112  111  111  111  111  112  112  113  114  112  109  104   98   91   84
   77   70   65   59   55   52   50   49   49   48   47   45   43   41   41   40
   40   40   41   40   44   44   46   46   46                                   
    47.5-180.0 180.0   5.0 450.0                            LAT/LON1/LON2/DLON/H
   48   53   55   57   58   66   69   71   72   73   74   76   80   85   90   94
   96   96   97   98  101  106  112  117  121  122  121  119  117  115  115  115
  115  116  116  117  117  118  119  120  121  121  120  117  113  108  102   96
   91   85   80   74   70   67   65   65   64   63   60   57   54   52   50   50
   49   49   49   47   50   49   50   50   48                                   
    45.0-180.0 180.0   5.0 450.0                            LAT/LON1/LON2/DLON/H
   51   56   57   59   62   70   74   78   79   81   80   81   83   87   91   95
   98   98   98   98  100  105  110  116  120  122  121  120  118  117  117  117
  118  120  121  123  124  126  126  127  127  126  125  123  120  116  112  108
  103   98   93   89   85   82   81   80   80   78   75   72   68   65   64   64
   63   62   61   58   59   57   57   55   51                                   
    42.5-180.0 180.0   5.0 450.0                            LAT/LON1/LON2/DLON/H
   54   58   58   61   65   74   79   85   88   90   89   89   89   92   95   99
  101  102  101  101  102  105  110  116  120  122  122  121  119  118  119  120
  122  124  127  130  132  134  134  134  132  131  129  127  125  123  120  117
  113  109  104  100   97   94   94   93   93   92   89   86   83   80   80   80
   79   77   75   70   69   66   64   62   54                                   
    40.0-180.0 180.0   5.0 450.0                            LAT/LON1/LON2/DLON/H
   55   59   58   62   66   77   84   91   97  100  100  100   98   99  101  103
  106  107  106  105  106  109  113  118  122  124  124  123  121  121  121  124
  127  130  134  138  142  144  144  142  139  136  133  132  130  129  127  125
  122  117  112  108  105  103  103  103  103  102  100   97   95   94   94   95
   94   92   89   83   79   75   72   69   55                                   
    37.5-180.0 180.0   5.0 450.0                            LAT/LON1/LON2/DLON/H
   57   60   58   61   66   78   86   95  104  110  111  111  109  108  108  109
  111  112  112  112  112  114  118  122  126  128  128  126  125  124  126  129
  134  139  145  150  154  157  156  154  149  145  142  140  139  138  136  134
  130  124  119  114  110  109  109  109  109  108  107  105  104  105  106  107
  106  104  100   93   88   83   78   76   57                                   
    35.0-180.0 180.0   5.0 450.0                            LAT/LON1/LON2/DLON/H
   59   61   58   60   66   76   86   97  107  116  120  122  120  117  116  116
  117  118  119  119  119  122  125  129  132  134  134  132  130  130  132  138
  144  152  159  166  171  174  173  170  165  160  156  153  152  150  148  145
  139  133  125  119  116  114  113  113  112  111  110  110  111  112  114  116
  115  112  108  100   94   89   84   82   59                                   
    32.5-180.0 180.0   5.0 450.0                            LAT/LON1/LON2/DLON/H
   63   64   61   61   65   75   84   96  108  119  127  131  130  127  125  123
  123  124  125  126  127  130  133  137  140  141  141  139  137  138  143  150
  159  169  178  186  192  195  195  191  186  181  177  173  170  167  164  159
  152  143  134  127  122  120  119  117  116  114  113  113  115  117  120  122
  120  117  113  105   99   93   90   88   63                                   
    30.0-180.0 180.0   5.0 450.0                            LAT/LON1/LON2/DLON/H
   70   70   67   66   68   76   84   94  107  120  131  138  139  137  134  131
  129  129  130  132  134  137  141  145  148  149  149  148  147  150  157  167
  179  192  203  211  218  221  221  218  214  208  203  198  193  188  183  176
  167  157  146  138  133  129  127  124  121  118  116  116  118  121  124  125
  123  120  116  109  103   98   96   95   70                                   
    27.5-180.0 180.0   5.0 450.0                            LAT/LON1/LON2/DLON/H
   81   80   78   74   76   81   86   94  106  119  132  142  147  146  142  138
  135  134  135  137  140  144  148  152  155  157  157  158  159  165  174  188
  204  218  231  241  248  251  251  249  245  240  234  227  219  211  203  195
  185  173  162  153  146  142  139  134  129  124  121  121  124  126  129  129
  127  124  120  114  108  103  103  101   81                                   
    25.0-180.0 180.0   5.0 450.0                            LAT/LON1/LON2/DLON/H
   93   92   91   87   88   91   94   98  107  119  133  145  152  154  150  145
  141  139  140  142  146  150  155  159  162  164  166  169  174  182  196  213
  231  249  263  273  280  283  284  282  279  274  266  256  245  234  224  214
  204  192  180  170  164  159  154  148  140  133  129  129  130  133  134  135
  132  129  125  119  114  110  110  107   93                                   
    22.5-180.0 180.0   5.0 450.0                            LAT/LON1/LON2/DLON/H
  106  104  105  101  102  105  105  106  111  121  134  148  157  160  158  153
  148  145  145  148  152  157  161  165  168  172  177  183  191  203  220  240
  262  281  296  307  313  316  317  316  313  307  298  285  269  255  242  232
  223  212  200  190  183  177  171  163  153  145  139  137  138  140  142  141
  139  137  132  127  122  117  117  114  106                                   
    20.0-180.0 180.0   5.0 450.0                            LAT/LON1/LON2/DLON/H
  116  114  116  114  115  118  117  116  118  126  137  151  161  166  166  161
  157  154  153  155  159  164  168  172  176  182  189  198  211  227  247  270
  292  313  328  339  345  348  348  347  345  339  327  311  291  273  259  250
  241  231  220  210  202  195  187  177  166  156  149  147  147  148  149  149
  147  146  142  136  130  125  123  119  116                                   
    17.5-180.0 180.0   5.0 450.0                            LAT/LON1/LON2/DLON/H
  122  120  121  121  123  128  128  126  127  133  142  155  167  173  174  171
  167  165  165  167  171  175  179  182  187  194  204  217  234  253  275  299
  322  342  357  368  374  376  377  376  373  366  354  334  311  290  276  266
  259  250  239  228  219  210  201  190  178  167  159  155  154  155  156  156
  155  156  152  146  139  131  126  123  122                                   
    15.0-180.0 180.0   5.0 450.0                            LAT/LON1/LON2/DLON/H
  122  120  119  121  124  131  135  135  136  141  150  162  173  181  184  183
  181  180  181  183  187  190  193  197  202  211  223  240  259  281  304  327
  349  367  382  392  398  401  401  400  398  391  377  355  330  307  292  283
  276  267  255  243  231  221  211  199  186  175  166  161  159  159  160  161
  162  164  160  155  145  135  127  124  122                                   
    12.5-180.0 180.0   5.0 450.0                            LAT/LON1/LON2/DLON/H
  118  114  110  113  116  126  135  139  144  151  159  171  182  191  196  197
  199  200  202  205  208  211  214  217  223  232  247  265  287  309  331  353
  372  388  401  411  418  421  422  421  419  412  397  375  348  325  308  298
  290  280  267  252  238  226  214  202  190  179  169  164  161  160  161  163
  165  169  166  160  149  136  125  121  118                                   
    10.0-180.0 180.0   5.0 450.0                            LAT/LON1/LON2/DLON/H
  111  105   98  100  104  115  129  139  150  160  170  182  193  203  210  215
  219  223  228  232  235  237  239  242  248  259  274  293  315  337  358  376
  391  405  417  427  433  437  439  439  436  429  415  393  366  342  324  312
  301  288  272  254  238  224  212  200  188  177  169  163  159  158  158  161
  163  169  167  161  149  134  120  117  111                                   
     7.5-180.0 180.0   5.0 450.0                            LAT/LON1/LON2/DLON/H
  105   96   85   87   90  102  121  137  154  169  182  195  207  217  226  234
  241  249  255  261  264  266  268  272  278  288  303  323  344  364  382  396
