data/edconvlstm_nd/pred3560.15i
     1.0            IONOSPHERE MAPS     GNSS                IONEX VERSION / TYPE
pyspatialgeodesy        IME             05-JAN-18 20:20     PGM / RUN BY / DATE 
Map Name                                                    COMMENT             
Predicted global ionosphere maps (GIM).                     DESCRIPTION         
  2015    12    22     0     0     0                        EPOCH OF FIRST MAP  
  2015    12    23     0     0     0                        EPOCH OF LAST MAP   
  7200                                                      INTERVAL            
    13                                                      # OF MAPS IN FILE   
  NONE                                                      MAPPING FUNCTION    
10.0                                                        ELEVATION CUTOFF    
One-way carrier phase leveled to code                       OBSERVABLES USED    
  6371.0                                                    BASE RADIUS         
 2                                                          MAP DIMENSION       
   450.0 450.0   0.0                                        HGT1 / HGT2 / DHGT  
    87.5 -87.5  -2.5                                        LAT1 / LAT2 / DLAT  
  -180.0 180.0   5.0                                        LON1 / LON2 / DLON  
    -1                                                      EXPONENT            
                                                            END OF HEADER       
[from data line 2145]
     6                                                      START OF TEC MAP    
  2015    12    22    10     0     0                        EPOCH OF CURRENT MAP
    87.5-180.0 180.0   5.0 450.0                            LAT/LON1/LON2/DLON/H
   23   31   29   31   33   32   31   27   28   29   29   29   29   28   28   27
   27   26   26   25   25   25   24   24   24   24   24   24   24   24   24   25
   25   25   25   24   24   24   24   24   24   24   24   24   24   24   24   24
   24   24   24   25   25   25   25   25   25   25   25   25   24   24   24   24
   25   25   23   22   28   32   46   51   23                                   
    85.0-180.0 180.0   5.0 450.0                            LAT/LON1/LON2/DLON/H
   17   41   47   37   39   41   41   41   41   42   41   42   41   40   40   39
   39   38   37   37   37   36   36   36   36   37   37   37   37   38   38   38
   38   38   38   38   37   37   37   36   36   35   35   35   35   35   35   35
   35   35   35   36   36   36   36   36   36   36   36   36   36   36   35   36
   36   36   33   32   36   39   50   42   17                                   
    82.5-180.0 180.0   5.0 450.0                            LAT/LON1/LON2/DLON/H
   12   32   44   40   40   41   42   41   42   42   42   42   40   39   38   37
   36   35   34   33   32   32   32   32   32   32   32   33   34   34   35   35
   35   35   35   35   34   34   34   33   33   32   32   32   32   32   33   33
   33   33   33   34   34   34   34   34   35   35   35   35   35   35   34   34
   35   35   32   31   39   39   39   34   12                                   
    80.0-180.0 180.0   5.0 450.0                            LAT/LON1/LON2/DLON/H
   21   34   47   42   45   43   44   44   45   45   44   44   42   41   39   37
   35   34   32   31   30   30   29   29   30   30   31   32   33   35   36   36
   37   37   37   36   36   35   35   34   34   33   33   33   34   34   34   35
   35   36   36   36   36   37   37   38   38   38   39   39   39   39   38   38
   38   37   36   35   39   41   42   40   21                                   
    77.5-180.0 180.0   5.0 450.0                            LAT/LON1/LON2/DLON/H
   34   41   44   40   41   42   43   44   45   44   42   42   40   38   36   34
   32   31   30   28   28   27   27   27   27   28   30   31   33   34   36   37
   38   38   37   37   36   35   34   33   33   33   33   34   34   35   36   37
   37   38   38   39   39   40   40   41   42   42   43   43   43   43   42   41
   40   38   36   35   34   32   37   37   34                                   
    75.0-180.0 180.0   5.0 450.0                            LAT/LON1/LON2/DLON/H
   27   36   37   37   39   41   42   42   43   43   40   39   37   35   33   32
   30   29   28   27   26   26   26   27   28   29   31   33   35   37   39   40
   41   41   40   39   37   36   35   34   34   34   35   37   38   40   41   43
   43   44   44   45   45   45   46   47   48   49   50   50   51   50   49   48
   45   42   39   34   35   31   35   33   27                                   
    72.5-180.0 180.0   5.0 450.0                            LAT/LON1/LON2/DLON/H
   30   35   35   35   38   41   44   43   43   42   39   38   35   33   31   30
   28   27   27   26   26   26   26   26   27   29   31   33   36   38   40   42
   42   42   41   40   38   37   36   36   36   38   40   43   46   48   50   51
   52   52   52   52   51   51   52   53   54   55   56   57   58   57   56   55
   52   49   45   40   38   34   36   36   30                                   
    70.0-180.0 180.0   5.0 450.0                            LAT/LON1/LON2/DLON/H
   33   37   38   39   42   43   43   43   43   42   39   37   34   32   31   30
   29   29   28   28   28   28   29   29   30   32   34   36   39   42   44   45
   46   46   44   43   41   40   40   41   43   46   50   54   58   61   63   65
   65   64   63   61   60   59   59   59   60   61   62   63   64   64   63   61
   59   55   52   46   43   39   43   42   33                                   
    67.5-180.0 180.0   5.0 450.0                            LAT/LON1/LON2/DLON/H
   36   40   41   42   45   46   46   46   45   43   40   38   36   34   33   32
   32   32   32   32   32   33   33   33   34   35   37   39   42   44   46   47
   48   47   46   45   44   43   45   47   51   57   62   68   73   77   79   79
   78   76   73   70   67   64   63   62   62   63   64   65   65   65   64   64
   62   59   56   49   46   42   45   43   36                                   
    65.0-180.0 180.0   5.0 450.0                            LAT/LON1/LON2/DLON/H
   42   46   45   47   49   51   50   49   48   46   43   42   40   39   38   38
   38   39   39   39   39   40   40   41   41   42   43   45   47   49   50   51
   51   51   50   50   50   52   55   60   67   74   82   89   95   99  100  100
   97   93   88   82   77   73   70   68   67   67   67   67   67   66   65   64
   64   61   60   54   51   49   51   50   42                                   
    62.5-180.0 180.0   5.0 450.0                            LAT/LON1/LON2/DLON/H
   49   53   50   52   54   55   53   51   50   47   45   45   44   44   44   44
   45   45   46   46   46   47   47   47   47   47   48   49   50   52   53   54
   55   55   56   57   59   63   69   77   86   96  106  114  120  123  124  121
  117  110  103   96   88   82   77   74   72   70   69   67   65   63   62   61
   61   60   60   55   54   52   54   54   49                                   
    60.0-180.0 180.0   5.0 450.0                            LAT/LON1/LON2/DLON/H
   55   58   55   56   57   57   53   50   48   47   45   46   47   48   49   49
   50   50   50   50   50   50   50   49   49   49   49   50   51   52   54   55
   57   59   61   65   70   76   85   96  108  120  131  140  145  147  146  142
  136  128  119  110  101   93   87   82   78   75   71   68   64   60   56   55
   54   54   57   54   55   53   56   55   55                                   
    57.5-180.0 180.0   5.0 450.0                            LAT/LON1/LON2/DLON/H
   60   62   59   60   58   57   52   49   46   45   44   46   48   50   52   53
   54   53   53   52   52   51   50   49   48   48   48   49   50   52   55   58
   61   65   70   76   84   94  106  119  133  147  158  167  172  173  170  165
  158  149  140  130  120  111  103   97   91   86   81   75   68   61   55   52
   51   51   55   54   56   55   57   56   60                                   
    55.0-180.0 180.0   5.0 450.0                            LAT/LON1/LON2/DLON/H
   64   65   63   63   59   57   51   46   43   42   42   44   47   50   52   53
   53   53   52   50   49   47   46   45   44   44   45   46   48   52   56   61
   66   73   81   90  100  113  127  142  157  171  183  191  195  195  192  187
  180  171  162  152  143  133  124  117  110  103   96   87   77   67   58   53
   50   50   55   54   58   56   59   58   64                                   
    52.5-180.0 180.0   5.0 450.0                            LAT/LON1/LON2/DLON/H
   67   68   67   66   61   57   51   44   40   39   39   41   44   47   49   50
   50   49   47   45   44   42   41   40   40   40   41   43   47   52   58   65
   73   82   92  104  116  130  145  161  177  191  203  211  214  215  212  207
  201  194  185  176  167  158  148  140  132  123  114  104   92   79   67   59
   55   54   58   58   61   60   61   60   67                                   
    50.0-180.0 180.0   5.0 450.0                            LAT/LON1/LON2/DLON/H
   70   71   72   71   65   61   53   45   40   38   37   39   41   43   45   46
   45   44   42   41   39   38   38   37   36   37   38   41   46   53   61   70
   81   92  104  117  130  145  160  176  192  206  217  224  228  229  228  224
  220  214  207  199  190  181  171  162  153  143  133  122  109   94   81   70
   64   62   65   64   67   65   65   64   70                                   
    47.5-180.0 180.0   5.0 450.0                            LAT/LON1/LON2/DLON/H
   71   74   77   77   71   67   59   51   44   40   38   39   40   41   42   42
   41   40   39   37   37   36   36   35   34   35   36   40   46   54   64   76
   88  101  114  127  141  156  171  186  201  214  225  233  237  240  240  238
  235  230  225  218  209  200  189  179  169  159  148  137  123  108   94   83
   75   72   73   72   73   71   70   70   71                                   
    45.0-180.0 180.0   5.0 450.0                            LAT/LON1/LON2/DLON/H
   72   77   81   82   78   76   69   60   53   48   45   44   43   42   42   42
   40   39   37   36   36   36   35   34   33   34   36   40   47   57   68   81
   94  108  122  135  149  163  177  192  205  218  228  236  242  246  248  248
  246  243  238  231  222  213  202  190  179  168  157  145  133  119  106   95
   86   82   81   79   78   76   75   76   72                                   
    42.5-180.0 180.0   5.0 450.0                            LAT/LON1/LON2/DLON/H
   71   78   83   86   84   84   79   72   66   62   57   55   52   50   48   46
   43   40   38   37   37   36   36   35   34   34   36   42   50   60   73   86
  100  114  128  141  155  168  182  195  208  219  229  237  244  250  253  255
  254  251  245  238  230  220  208  196  183  171  159  148  137  125  113  103
   95   89   87   83   82   80   79   80   71                                   
    40.0-180.0 180.0   5.0 450.0                            LAT/LON1/LON2/DLON/H
   67   76   81   85   85   88   86   84   81   78   74   71   67   64   60   56
   51   46   42   40   39   39   38   37   36   37   40   46   54   65   78   91
  105  119  133  147  160  174  186  199  210  221  230  238  246  252  257  260
  259  256  250  242  234  223  212  199  185  172  160  148  137  127  117  108
  100   94   89   85   84   81   79   82   67                                   
    37.5-180.0 180.0   5.0 450.0                            LAT/LON1/LON2/DLON/H
   62   72   76   79   81   87   89   90   92   93   92   90   86   82   77   71
   63   55   50   46   44   43   41   40   40   41   46   53   62   73   85   98
  112  125  139  154  168  181  194  205  216  225  234  242  249  257  262  265
  264  260  253  246  237  228  217  204  191  177  164  151  140  130  121  114
  105   97   92   86   83   79   79   81   62                                   
    35.0-180.0 180.0   5.0 450.0                            LAT/LON1/LON2/DLON/H
   58   66   68   70   72   79   84   90   97  102  105  106  104  101   95   87
   76   67   59   55   52   49   46   45   45   48   54   63   73   84   96  108
  121  135  149  165  180  194  206  217  227  235  243  250  257  265  270  272
  271  266  260  253  245  237  228  217  205  192  178  164  152  141  133  125
  116  106   97   89   85   79   79   82   58                                   
    32.5-180.0 180.0   5.0 450.0                            LAT/LON1/LON2/DLON/H
   59   63   63   62   62   68   75   83   94  103  111  115  117  115  110  101
   89   78   70   65   61   56   52   49   51   56   65   75   87   99  110  122
  134  148  164  180  197  211  224  235  244  251  258  264  271  278  283  285
  283  279  273  267  261  256  249  241  231  220  206  192  178  166  157  148
  137  124  113  100   94   84   84   85   59                                   
    30.0-180.0 180.0   5.0 450.0                            LAT/LON1/LON2/DLON/H
   68   67   63   57   54   58   64   72   84   97  107  115  120  121  118  109
   99   89   83   79   74   66   59   55   57   65   76   90  103  116  128  139
  152  167  184  201  218  234  247  257  266  273  279  285  291  297  302  304
  303  299  295  291  288  285  282  278  272  263  251  237  221  208  196  185
  172  156  141  124  115  100   99   97   68                                   
    27.5-180.0 180.0   5.0 450.0                            LAT/LON1/LON2/DLON/H
   89   82   74   63   55   55   57   62   73   85   97  106  114  118  117  111
  104   99   97   95   90   80   68   62   64   74   89  105  121  135  147  160
  174  190  208  227  244  260  272  283  292  299  305  311  317  323  328  331
  331  329  326  325  325  326  327  328  327  322  311  297  280  264  249  236
  220  201  183  161  149  129  127  119   89                                   
    25.0-180.0 180.0   5.0 450.0                            LAT/LON1/LON2/DLON/H
  122  111  100   83   69   63   60   60   67   75   84   93  101  107  108  107
  105  107  112  115  110   97   81   72   73   84  101  120  138  154  168  183
  198  216  235  255  272  287  300  310  319  326  334  340  347  354  360  364
  366  366  367  369  373  379  384  389  391  389  380  366  348  329  311  295
  275  254  233  208  194  171  166  153  122                                   
    22.5-180.0 180.0   5.0 450.0                            LAT/LON1/LON2/DLON/H
  168  155  142  120  101   87   77   70   69   72   76   82   88   94   98  100
  105  115  128  137  134  119   99   85   83   94  113  134  154  172  189  206
  224  244  264  283  300  314  325  335  344  353  361  370  378  386  394  400
  404  408  413  419  427  436  443  448  450  449  441  428  410  390  370  351
  330  307  285  258  243  220  212  197  168                                   
    20.0-180.0 180.0   5.0 450.0                            LAT/LON1/LON2/DLON/H
  221  209  195  172  148  128  110   94   85   81   78   79   82   87   92   99
  110  128  149  163  162  145  120  101   96  106  124  146  168  189  208  228
  249  270  290  309  324  336  346  356  365  375  385  396  406  416  425  434
  442  450  458  466  475  482  485  486  485  483  477  467  452  433  413  393
  372  351  330  304  289  269  260  246  221                                   
    17.5-180.0 180.0   5.0 450.0                            LAT/LON1/LON2/DLON/H
  272  264  251  231  205  181  156  134  116  103   93   87   87   91   97  106
  123  148  175  193  192  173  144  120  111  118  136  158  181  203  225  247
  270  293  313  330  343  353  362  371  381  392  403  415  427  439  450  461
  472  481  491  498  503  503  498  491  487  484  481  474  462  447  429  411
  393  376  359  337  323  308  301  291  272                                   
    15.0-180.0 180.0   5.0 450.0                            LAT/LON1/LON2/DLON/H
  311  310  301  286  261  238  209  183  159  139  121  110  105  107  113  125
  146  175  205  223  222  200  167  140  127  131  147  168  192  215  239  263
  288  311  331  346  356  364  372  380  390  402  415  427  440  452  465  477
  489  499  506  509  507  498  485  472  463  459  457  453  445  433  418  403
  389  378  366  351  340  331  328  321  311                                   
    12.5-180.0 180.0   5.0 450.0                            LAT/LON1/LON2/DLON/H
  332  338  333  325  305  284  258  233  206  183  160  144  136  135  141  153
  175  205  233  249  245  220  187  157  143  144  158  178  201  225  250  275
  301  325  343  357  366  372  378  386  396  408  420  432  445  457  470  482
  493  502  506  504  494  478  458  440  426  419  416  413  408  398  386  374
  363  357  352  344  337  333  335  332  332                                   
    10.0-180.0 180.0   5.0 450.0                            LAT/LON1/LON2/DLON/H
  332  343  344  340  328  312  291  270  247  224  201  184  173  170  174  185
  205  231  254  265  257  232  198  170  155  156  168  188  211  235  259  285
  311  334  352  364  371  377  383  390  399  410  421  432  443  455  467  479
  490  497  497  491  477  456  432  408  390  378  372  368  363  355  344  334
  326  323  323  320  318  317  323  322  332                                   
     7.5-180.0 180.0   5.0 450.0                            LAT/LON1/LON2/DLON/H
  314  329  334  332  328  317  302  288  271  253  234  218  208  204  205  213
  229  248  265  269  257  230  200  175  164  166  179  199  221  244  268  293
