data/edconvlstm_nd/pred3550.15i
     1.0            IONOSPHERE MAPS     GNSS                IONEX VERSION / TYPE
pyspatialgeodesy        IME             05-JAN-18 20:20     PGM / RUN BY / DATE 
Map Name                                                    COMMENT             
Predicted global ionosphere maps (GIM).                     DESCRIPTION         
  2015    12    21     0     0     0                        EPOCH OF FIRST MAP  
  2015    12    22     0     0     0                        EPOCH OF LAST MAP   
  7200                                                      INTERVAL            
    13                                                      # OF MAPS IN FILE   
  NONE                                                      MAPPING FUNCTION    
10.0                                                        ELEVATION CUTOFF    
One-way carrier phase leveled to code                       OBSERVABLES USED    
  6371.0                                                    BASE RADIUS         
 2                                                          MAP DIMENSION       
   450.0 450.0   0.0                                        HGT1 / HGT2 / DHGT  
    87.5 -87.5  -2.5                                        LAT1 / LAT2 / DLAT  
  -180.0 180.0   5.0                                        LON1 / LON2 / DLON  
    -1                                                      EXPONENT            
                                                            END OF HEADER       
[from data line 3432]
     9                                                      START OF TEC MAP    
  2015    12    21    16     0     0                        EPOCH OF CURRENT MAP
    87.5-180.0 180.0   5.0 450.0                            LAT/LON1/LON2/DLON/H
   74   87   89   92   97   97   98   95   96   99   99  101  102  103  104  105
  106  106  107  107  108  108  107  107  106  106  105  104  103  101  100   99
   98   96   95   93   92   90   88   87   85   84   82   81   80   79   78   77
   76   76   76   76   76   76   76   77   77   78   79   79   80   81   82   83
   84   85   82   78   81   81   96   97   74                                   
    85.0-180.0 180.0   5.0 450.0                            LAT/LON1/LON2/DLON/H
   83   92  107   90   91   97   96   98   99  102  102  103  104  106  107  108
  109  111  112  112  113  113  114  113  113  112  111  110  108  107  105  103
  101   99   97   95   93   91   89   87   85   83   81   79   77   75   74   73
   72   72   71   71   71   72   72   73   74   75   77   78   79   81   82   84
   86   86   83   78   80   81   90   88   83                                   
    82.5-180.0 180.0   5.0 450.0                            LAT/LON1/LON2/DLON/H
   73   82   91   79   82   86   88   89   90   92   92   95   95   97   99  100
  102  104  106  107  109  109  110  110  109  108  107  106  104  102  100   99
   97   95   93   90   88   86   83   81   78   76   73   71   69   67   65   63
   62   61   61   60   61   61   62   63   65   66   68   70   72   74   76   77
   80   80   76   73   76   85   81   79   73                                   
    80.0-180.0 180.0   5.0 450.0                            LAT/LON1/LON2/DLON/H
   60   66   79   69   70   70   75   76   78   79   79   82   83   85   87   90
   93   95   98  101  103  104  105  105  104  103  102  100   98   96   94   92
   90   88   87   85   83   80   78   75   73   70   67   65   62   60   58   56
   55   54   53   53   53   54   55   57   59   61   64   66   68   70   72   74
   75   76   74   71   67   72   69   73   60                                   
    77.5-180.0 180.0   5.0 450.0                            LAT/LON1/LON2/DLON/H
   65   63   66   59   61   62   65   66   67   67   67   69   71   73   76   80
   84   88   92   96  100  103  104  104  104  102  100   97   95   92   90   89
   87   86   85   84   82   81   79   76   74   71   69   67   64   62   61   59
   58   57   57   57   57   59   60   62   65   68   70   73   75   77   78   79
   79   78   76   73   68   64   62   68   65                                   
    75.0-180.0 180.0   5.0 450.0                            LAT/LON1/LON2/DLON/H
   56   56   58   54   55   57   58   58   59   59   58   59   60   62   65   69
   74   79   86   91   97  100  103  103  102   99   96   92   89   86   84   82
   82   81   81   81   80   79   78   76   75   73   71   70   69   68   67   67
   66   65   65   65   66   67   69   71   73   76   79   81   83   84   85   85
   84   83   81   75   70   62   56   53   56                                   
    72.5-180.0 180.0   5.0 450.0                            LAT/LON1/LON2/DLON/H
   60   57   57   54   52   54   55   54   52   51   49   49   49   50   53   57
   63   71   79   87   94  100  103  103  101   98   93   87   82   78   75   74
   73   73   74   74   75   74   74   73   72   71   71   72   72   73   74   74
   74   74   74   74   74   75   76   78   81   83   86   88   89   90   90   89
   86   84   81   75   70   62   57   58   60                                   
    70.0-180.0 180.0   5.0 450.0                            LAT/LON1/LON2/DLON/H
   64   60   61   59   56   56   56   55   54   53   49   48   46   46   48   52
   58   67   77   88   97  105  109  110  108  103   96   88   81   76   72   70
   69   70   70   71   71   71   71   70   70   70   71   74   76   79   81   83
   83   83   83   82   82   82   83   85   87   89   92   94   95   95   95   93
   90   87   85   79   74   66   65   65   64                                   
    67.5-180.0 180.0   5.0 450.0                            LAT/LON1/LON2/DLON/H
   70   66   68   66   64   63   64   63   61   58   54   52   49   47   48   51
   58   67   79   92  103  113  119  120  117  111  102   92   84   76   71   69
   68   68   68   69   68   68   67   66   66   67   69   73   77   81   85   87
   88   88   87   86   85   84   85   87   89   91   94   95   96   96   96   94
   92   88   86   80   75   69   67   66   70                                   
    65.0-180.0 180.0   5.0 450.0                            LAT/LON1/LON2/DLON/H
   75   73   75   74   70   70   71   71   69   66   62   58   54   51   50   52
   58   68   80   95  108  120  127  129  127  120  110   99   89   80   74   71
   69   69   68   68   66   64   62   60   59   60   63   67   73   78   82   84
   85   84   83   81   79   78   79   80   83   86   88   90   92   92   92   91
   89   87   86   82   79   75   74   73   75                                   
    62.5-180.0 180.0   5.0 450.0                            LAT/LON1/LON2/DLON/H
   78   77   79   77   74   74   74   75   73   72   68   64   59   55   54   55
   60   70   83   98  113  125  134  138  136  129  119  108   97   88   82   78
   76   74   73   71   68   64   60   56   54   54   56   60   65   70   74   76
   76   74   72   69   67   67   67   69   72   75   78   80   82   82   83   83
   82   81   81   79   77   75   75   73   78                                   
    60.0-180.0 180.0   5.0 450.0                            LAT/LON1/LON2/DLON/H
   79   78   79   77   73   73   73   74   73   73   70   67   63   59   57   58
   62   71   83   98  113  127  137  142  141  135  126  116  107   99   93   89
   87   85   82   79   74   68   62   56   52   50   51   53   57   60   62   63
   62   60   57   55   53   53   54   56   59   62   65   68   70   71   72   73
   73   73   75   74   74   74   74   72   79                                   
    57.5-180.0 180.0   5.0 450.0                            LAT/LON1/LON2/DLON/H
   77   76   76   74   70   69   69   70   71   71   70   69   66   63   62   62
   66   74   85   99  114  129  140  146  146  143  136  128  121  115  111  108
  105  103   99   95   89   81   74   66   59   55   52   52   53   54   54   54
   52   49   46   44   43   43   45   48   51   54   57   60   61   62   64   65
   66   67   69   69   70   70   70   69   77                                   
    55.0-180.0 180.0   5.0 450.0                            LAT/LON1/LON2/DLON/H
   74   73   73   70   66   65   64   65   66   68   68   69   68   68   67   69
   72   79   89  102  117  131  143  150  152  149  145  139  135  132  130  129
  127  125  121  116  109  101   92   83   74   66   61   57   54   52   50   48
   46   44   41   40   39   40   42   45   49   52   54   56   57   58   59   61
   62   63   66   65   67   66   66   65   74                                   
    52.5-180.0 180.0   5.0 450.0                            LAT/LON1/LON2/DLON/H
   71   71   70   68   64   62   60   61   63   65   66   68   70   72   74   76
   80   87   96  108  123  137  149  156  159  157  154  151  150  149  150  150
  150  148  145  140  134  126  117  106   95   84   75   67   61   56   52   49
   47   45   44   43   43   45   47   50   53   56   58   58   59   59   60   61
   62   63   65   65   65   64   62   62   71                                   
    50.0-180.0 180.0   5.0 450.0                            LAT/LON1/LON2/DLON/H
   70   70   70   68   65   63   61   62   62   64   66   70   73   78   82   86
   91   98  107  120  134  149  160  168  170  169  166  164  164  165  167  169
  170  169  166  163  159  152  143  132  119  106   93   82   73   65   60   57
   55   54   54   53   54   55   58   60   63   65   66   65   64   64   64   65
   66   67   68   67   67   65   61   62   70                                   
    47.5-180.0 180.0   5.0 450.0                            LAT/LON1/LON2/DLON/H
   71   72   72   73   70   70   67   67   67   68   70   75   80   86   92   99
  105  113  123  137  152  167  179  186  187  184  180  177  177  178  181  184
  185  185  184  182  179  174  167  156  142  127  112   98   86   77   71   68
   67   67   67   67   67   68   69   72   74   75   75   73   72   71   71   72
   72   72   73   72   71   67   64   64   71                                   
    45.0-180.0 180.0   5.0 450.0                            LAT/LON1/LON2/DLON/H
   72   75   77   80   78   79   77   77   77   78   80   85   91   99  107  115
  123  132  144  159  177  193  205  210  209  204  197  191  189  189  191  193
  195  195  196  196  195  192  185  174  160  144  128  112   99   89   83   81
   80   81   80   79   77   77   78   79   81   82   82   80   78   77   77   78
   77   78   78   77   75   71   68   68   72                                   
    42.5-180.0 180.0   5.0 450.0                            LAT/LON1/LON2/DLON/H
   73   78   80   87   87   89   89   90   90   92   95  101  109  118  127  136
  145  156  170  187  207  224  236  240  237  228  216  206  200  197  198  199
  201  202  204  206  206  204  198  188  173  157  139  123  109  100   94   92
   91   90   88   84   81   78   78   80   82   83   83   82   81   80   80   81
   81   81   82   80   78   75   72   71   73                                   
    40.0-180.0 180.0   5.0 450.0                            LAT/LON1/LON2/DLON/H
   72   78   81   90   93   97   99  102  104  108  114  122  132  143  153  163
  172  184  200  219  240  258  269  272  266  253  237  223  212  206  204  205
  207  210  213  216  217  215  209  198  183  165  148  131  118  109  103  101
   99   96   90   83   77   73   72   74   77   79   80   79   79   79   80   81
   81   82   83   82   79   76   74   74   72                                   
    37.5-180.0 180.0   5.0 450.0                            LAT/LON1/LON2/DLON/H
   69   75   79   90   94   99  104  110  116  124  134  147  160  173  184  194
  204  216  233  253  274  292  302  303  294  278  259  240  226  217  213  214
  217  222  227  231  232  229  221  208  192  174  156  140  128  119  114  110
  105   99   89   78   70   65   64   67   70   73   74   75   75   76   78   79
   80   80   81   80   78   75   72   73   69                                   
    35.0-180.0 180.0   5.0 450.0                            LAT/LON1/LON2/DLON/H
   65   69   73   85   89   94  102  112  123  138  154  172  190  206  219  229
  239  251  267  286  306  322  331  330  320  302  281  260  244  233  229  231
  236  244  251  255  255  249  238  222  205  186  169  153  141  133  128  123
  115  104   91   77   67   62   61   64   68   70   72   72   73   75   77   78
   78   78   80   79   76   72   69   71   65                                   
    32.5-180.0 180.0   5.0 450.0                            LAT/LON1/LON2/DLON/H
   62   64   67   77   81   86   95  109  125  146  170  195  219  239  255  266
  275  286  300  317  334  348  354  352  340  322  302  282  266  256  253  257
  266  276  285  289  286  277  262  244  224  205  188  173  163  155  149  143
  133  119  103   87   76   71   71   73   76   77   77   77   78   79   81   81
   80   80   81   79   75   70   66   68   62                                   
    30.0-180.0 180.0   5.0 450.0                            LAT/LON1/LON2/DLON/H
   61   62   64   71   72   76   86  101  123  149  180  212  243  268  287  301
  310  320  331  344  357  367  370  366  354  338  321  305  292  286  286  293
  304  318  328  331  326  313  294  272  251  232  215  202  192  186  180  173
  162  146  129  114  104   99   99  100   99   98   95   93   92   93   93   92
   90   88   87   84   79   71   66   67   61                                   
    27.5-180.0 180.0   5.0 450.0                            LAT/LON1/LON2/DLON/H
   66   64   65   68   67   68   78   93  118  149  185  224  260  290  314  330
  341  350  358  367  375  380  379  373  362  350  338  328  321  319  324  335
  350  367  378  380  371  354  331  307  285  266  250  238  229  224  219  212
  201  187  172  160  152  148  146  144  139  132  126  121  118  116  115  112
  107  103  101   95   88   78   70   69   66                                   
    25.0-180.0 180.0   5.0 450.0                            LAT/LON1/LON2/DLON/H
   77   73   73   72   67   66   74   89  114  147  187  229  269  305  333  354
  367  375  381  385  388  388  383  375  365  358  352  350  351  355  365  380
  400  418  429  429  417  395  369  344  322  303  288  277  270  265  262  256
  248  237  226  219  214  212  208  201  190  177  166  157  151  147  143  138
  131  126  121  112  103   90   80   74   77                                   
    22.5-180.0 180.0   5.0 450.0                            LAT/LON1/LON2/DLON/H
   93   87   86   81   74   71   76   89  113  147  187  231  274  313  345  370
  386  395  399  399  397  392  383  373  366  362  364  370  379  390  405  425
  447  466  476  473  458  433  405  379  358  340  326  315  308  304  302  299
  294  288  284  282  281  279  272  259  242  224  208  195  186  179  173  166
  158  151  144  134  123  107   93   84   93                                   
    20.0-180.0 180.0   5.0 450.0                            LAT/LON1/LON2/DLON/H
  110  104  101   94   85   81   84   95  118  149  188  231  276  317  353  381
  400  410  413  411  404  394  383  372  365  366  374  387  404  421  441  463
  486  503  511  505  487  461  434  409  389  373  359  348  340  335  333  332
  330  330  331  335  336  333  323  305  282  260  241  226  215  206  198  190
  180  174  165  156  143  124  108   97  110                                   
    17.5-180.0 180.0   5.0 450.0                            LAT/LON1/LON2/DLON/H
  126  120  116  107   97   93   96  106  127  156  192  234  278  321  359  390
  411  423  426  421  412  399  384  372  367  371  384  404  425  447  469  490
  510  524  529  521  502  478  453  431  414  398  384  370  360  353  349  348
  349  352  358  364  367  362  348  326  302  278  259  245  233  223  213  205
  195  190  180  172  159  140  122  111  126                                   
    15.0-180.0 180.0   5.0 450.0                            LAT/LON1/LON2/DLON/H
  136  130  125  117  107  103  108  118  138  166  199  239  282  326  366  399
  423  436  440  434  423  407  390  377  373  380  397  420  444  467  486  504
  519  528  530  522  505  484  463  446  430  415  399  381  366  354  348  345
  347  352  359  366  368  361  344  322  298  277  261  249  238  228  219  210
  200  196  186  181  168  150  133  123  136                                   
    12.5-180.0 180.0   5.0 450.0                            LAT/LON1/LON2/DLON/H
  138  134  127  120  112  109  117  129  150  177  209  248  290  334  375  410
  436  452  456  450  437  418  400  388  385  394  413  436  460  480  496  507
  516  521  521  514  500  484  468  454  441  424  404  382  360  343  332  326
  327  332  339  345  345  337  320  299  278  262  250  242  234  225  216  207
  198  194  184  180  169  152  137  130  138                                   
    10.0-180.0 180.0   5.0 450.0                            LAT/LON1/LON2/DLON/H
  133  129  122  116  109  110  122  137  161  189  221  258  300  344  386  423
  451  468  474  468  453  434  416  405  404  414  433  455  476  491  501  506
  509  510  508  503  494  483  472  461  447  429  404  376  348  325  309  301
  299  303  309  313  312  302  286  268  252  241  234  230  226  219  210  200
  191  186  176  172  163  149  134  130  133                                   
     7.5-180.0 180.0   5.0 450.0                            LAT/LON1/LON2/DLON/H
  124  120  112  107  103  107  123  143  169  200  233  271  312  355  397  434
  463  483  490  485  471  452  436  427  428  438  455  474  491  501  506  506
