data/edconvlstm_nd/pred2730.15i
     1.0            IONOSPHERE MAPS     GNSS                IONEX VERSION / TYPE
pyspatialgeodesy        IME             05-JAN-18 20:20     PGM / RUN BY / DATE 
Map Name                                                    COMMENT             
Predicted global ionosphere maps (GIM).                     DESCRIPTION         
  2015     9    30     0     0     0                        EPOCH OF FIRST MAP  
  2015    10     1     0     0     0                        EPOCH OF LAST MAP   
  7200                                                      INTERVAL            
    13                                                      # OF MAPS IN FILE   
  NONE                                                      MAPPING FUNCTION    
10.0                                                        ELEVATION CUTOFF    
One-way carrier phase leveled to code                       OBSERVABLES USED    
  6371.0                                                    BASE RADIUS         
 2                                                          MAP DIMENSION       
   450.0 450.0   0.0                                        HGT1 / HGT2 / DHGT  
    87.5 -87.5  -2.5                                        LAT1 / LAT2 / DLAT  
  -180.0 180.0   5.0                                        LON1 / LON2 / DLON  
    -1                                                      EXPONENT            
                                                            END OF HEADER       
[from data line 858]
     3                                                      START OF TEC MAP    
  2015     9    30     4     0     0                        EPOCH OF CURRENT MAP
    87.5-180.0 180.0   5.0 450.0                            LAT/LON1/LON2/DLON/H
  103  111  110  113  113  112  110  108  110  111  113  114  115  116  117  117
  117  117  116  115  114  112  111  109  107  105  103  101  100   98   97   95
   94   93   92   92   91   91   91   91   91   91   92   93   94   95   96   97
   99  100  101  102  103  104  104  105  105  106  106  106  106  106  105  106
  107  108  106  105  109  115  119  110  103                                   
    85.0-180.0 180.0   5.0 450.0                            LAT/LON1/LON2/DLON/H
  105  124  114  118  121  120  120  119  120  122  122  124  126  127  128  128
  128  128  126  125  123  120  118  115  112  109  107  104  102  100   98   96
   95   94   93   93   93   93   93   94   95   96   98  100  102  104  106  109
  111  113  115  117  119  121  123  124  125  126  127  127  127  127  127  127
  128  129  125  126  122  124  128  117  105                                   
    82.5-180.0 180.0   5.0 450.0                            LAT/LON1/LON2/DLON/H
  118  123  128  119  118  119  117  117  119  120  121  124  127  129  130  131
  131  130  128  126  122  118  114  110  106  101   97   94   91   88   86   84
   83   82   81   81   82   82   84   85   87   90   93   96   99  103  107  111
  115  119  123  127  130  134  136  139  141  143  144  145  146  146  146  146
  146  145  141  139  142  131  125  116  118                                   
    80.0-180.0 180.0   5.0 450.0                            LAT/LON1/LON2/DLON/H
  129  127  119  109  109  106  106  106  107  109  111  116  120  123  126  128
  129  128  126  122  118  112  106  101   95   89   84   80   76   74   71   70
   69   68   68   68   69   70   71   73   76   79   83   87   92   97  103  109
  114  120  126  131  136  141  145  148  152  154  156  158  159  160  160  161
  160  157  154  152  154  147  141  125  129                                   
    77.5-180.0 180.0   5.0 450.0                            LAT/LON1/LON2/DLON/H
  135  127  115  106   98   95   95   94   95   96   99  105  110  116  121  124
  126  126  124  120  114  108  101   93   86   80   75   70   67   65   63   62
   61   61   62   62   63   64   65   67   70   73   78   83   89   95  102  110
  117  125  132  139  145  151  156  161  165  168  171  173  175  176  176  177
  176  175  170  170  168  155  148  136  135                                   
    75.0-180.0 180.0   5.0 450.0                            LAT/LON1/LON2/DLON/H
  137  130  115  103   91   86   83   79   79   80   83   89   95  102  108  113
  116  117  115  111  106   99   92   84   77   71   66   62   60   58   57   57
   57   57   58   58   58   58   58   59   61   64   69   74   80   88   96  104
  113  122  130  138  146  153  159  164  169  172  176  178  181  183  184  186
  186  185  182  177  176  168  161  151  137                                   
    72.5-180.0 180.0   5.0 450.0                            LAT/LON1/LON2/DLON/H
  142  136  121  105   92   84   78   73   70   70   71   77   83   90   97  103
  107  108  108  105   99   93   86   78   72   66   62   60   59   58   59   60
   61   61   61   61   60   59   59   59   61   64   68   74   81   90   99  109
  119  128  138  147  155  162  168  173  177  181  183  186  188  190  192  195
  196  196  197  194  190  180  172  165  142                                   
    70.0-180.0 180.0   5.0 450.0                            LAT/LON1/LON2/DLON/H
  157  146  132  113   97   85   76   68   64   61   60   64   69   75   81   87
   91   94   94   92   88   82   76   70   65   61   58   57   58   59   61   63
   64   64   64   62   60   58   57   56   57   60   65   72   80   90  100  110
  121  132  142  151  159  167  173  178  181  184  185  187  189  191  193  197
  199  201  203  203  201  193  188  180  157                                   
    67.5-180.0 180.0   5.0 450.0                            LAT/LON1/LON2/DLON/H
  162  154  139  119  102   89   77   67   60   54   52   54   56   60   65   70
   75   77   78   77   75   70   66   61   58   55   54   55   56   58   61   63
   64   63   62   59   56   53   50   50   51   54   60   68   77   87   98  109
  120  131  141  150  159  166  172  176  179  180  181  181  181  182  184  188
  191  194  199  199  201  195  191  186  162                                   
    65.0-180.0 180.0   5.0 450.0                            LAT/LON1/LON2/DLON/H
  168  160  146  127  111   97   84   72   63   55   50   49   49   51   55   58
   62   65   66   66   64   61   58   55   53   52   52   54   56   59   61   63
   63   62   60   56   52   48   46   45   47   52   59   68   79   90  101  112
  123  133  143  152  161  168  174  178  180  180  180  179  178  178  178  181
  184  186  191  193  196  192  191  188  168                                   
    62.5-180.0 180.0   5.0 450.0                            LAT/LON1/LON2/DLON/H
  169  163  150  133  119  106   93   81   70   60   53   49   47   47   48   51
   53   55   57   57   56   54   52   51   50   50   51   53   55   57   59   60
   60   58   55   51   47   43   41   42   45   52   61   72   83   95  106  117
  126  136  146  155  164  172  178  182  184  184  182  180  178  177  176  177
  178  180  184  185  188  185  185  184  169                                   
    60.0-180.0 180.0   5.0 450.0                            LAT/LON1/LON2/DLON/H
  167  161  150  134  122  111  100   88   77   66   57   51   47   45   45   46
   47   49   50   50   49   48   47   46   46   47   48   50   52   53   54   54
   54   52   49   45   42   39   38   40   45   53   64   77   90  102  112  122
  131  140  149  159  169  177  184  188  190  190  188  185  183  180  178  178
  176  175  178  178  180  177  176  175  167                                   
    57.5-180.0 180.0   5.0 450.0                            LAT/LON1/LON2/DLON/H
  166  159  148  134  125  115  105   94   84   72   62   55   49   46   45   44
   45   46   46   46   45   44   43   43   43   44   45   47   48   49   49   49
   48   46   44   41   39   37   38   41   47   58   70   85   98  111  121  130
  138  147  156  167  177  187  194  199  201  201  199  197  194  191  188  186
  183  179  179  177  178  173  171  170  166                                   
    55.0-180.0 180.0   5.0 450.0                            LAT/LON1/LON2/DLON/H
  167  158  148  134  126  118  109   99   88   77   66   59   52   48   46   45
   45   44   44   43   42   41   41   41   42   43   44   45   46   46   45   45
   44   43   42   41   40   39   41   45   53   64   78   94  108  121  132  140
  148  157  167  178  190  200  207  212  214  214  213  211  209  206  203  200
  195  189  187  183  183  175  172  169  167                                   
    52.5-180.0 180.0   5.0 450.0                            LAT/LON1/LON2/DLON/H
  173  163  151  139  130  121  113  103   93   81   70   63   56   51   49   47
   46   45   44   42   41   41   41   42   44   45   47   47   47   46   45   45
   44   44   44   45   45   46   48   52   60   73   88  104  119  132  143  153
  162  171  182  193  205  215  222  227  228  228  226  225  224  222  219  215
  209  203  199  195  193  185  181  176  173                                   
    50.0-180.0 180.0   5.0 450.0                            LAT/LON1/LON2/DLON/H
  184  173  161  149  138  129  120  109   98   86   75   68   61   56   53   51
   49   47   45   44   43   44   45   48   50   52   53   54   53   51   50   49
   49   50   52   53   54   55   57   61   69   82   97  114  130  144  156  167
  177  188  199  211  222  231  237  240  241  239  237  236  235  233  231  228
  222  217  213  208  207  199  195  189  184                                   
    47.5-180.0 180.0   5.0 450.0                            LAT/LON1/LON2/DLON/H
  198  189  176  164  152  141  130  118  106   93   82   74   67   62   59   56
   53   51   49   48   48   50   53   56   60   62   64   63   62   60   58   57
   58   59   62   64   65   66   67   71   78   90  105  123  139  155  169  181
  194  206  218  229  238  245  250  251  250  247  244  242  241  239  237  234
  229  225  222  220  220  214  211  205  198                                   
    45.0-180.0 180.0   5.0 450.0                            LAT/LON1/LON2/DLON/H
  212  205  193  182  168  156  144  130  117  103   92   83   76   70   66   62
   59   56   54   55   56   60   64   68   72   74   75   75   73   70   68   67
   68   69   72   74   75   76   76   79   86   97  113  130  148  165  181  195
  210  223  235  244  252  256  258  257  255  251  247  245  242  240  237  234
  230  227  226  226  229  225  224  219  212                                   
    42.5-180.0 180.0   5.0 450.0                            LAT/LON1/LON2/DLON/H
  223  218  208  198  185  172  159  144  130  115  103   94   86   80   75   70
   66   63   63   64   67   72   77   81   84   86   86   85   82   79   77   76
   76   78   80   82   83   83   83   85   91  103  119  137  156  174  191  208
  223  237  248  255  260  262  262  260  257  254  250  247  243  240  236  232
  227  225  226  228  232  231  231  227  223                                   
    40.0-180.0 180.0   5.0 450.0                            LAT/LON1/LON2/DLON/H
  230  227  218  209  198  185  171  156  142  127  114  105   98   91   85   80
   75   73   73   76   80   85   90   93   95   96   94   92   89   85   83   81
   81   83   85   86   87   87   87   89   96  108  124  143  162  181  200  217
  233  246  255  260  263  263  262  261  260  258  256  253  249  244  239  233
  227  224  225  228  233  232  234  230  230                                   
    37.5-180.0 180.0   5.0 450.0                            LAT/LON1/LON2/DLON/H
  235  231  223  214  206  192  178  164  150  135  123  115  108  102   96   90
   86   84   85   89   94   99  102  104  104  102   99   95   91   88   85   84
   83   85   86   88   89   88   89   92   99  112  129  149  168  187  205  222
  237  249  257  260  261  261  262  264  266  268  269  267  264  259  252  244
  236  230  229  231  235  234  236  232  235                                   
    35.0-180.0 180.0   5.0 450.0                            LAT/LON1/LON2/DLON/H
  243  235  226  216  208  194  180  166  153  139  128  120  115  110  105  100
   97   95   97  102  107  111  112  112  109  105  101   96   92   89   86   85
   84   85   86   88   88   89   90   94  103  117  134  153  172  190  207  223
  237  247  254  257  258  260  265  271  279  286  291  294  292  288  280  270
  259  250  246  245  246  243  244  238  243                                   
    32.5-180.0 180.0   5.0 450.0                            LAT/LON1/LON2/DLON/H
  259  245  234  219  209  193  177  163  150  137  127  121  118  115  112  108
  105  105  108  112  117  119  119  116  112  107  102   97   93   90   87   86
   85   85   86   87   88   89   91   96  106  121  139  157  174  190  205  219
  232  242  249  253  257  263  272  285  300  313  324  331  333  330  323  313
  299  286  278  272  271  265  264  257  259                                   
    30.0-180.0 180.0   5.0 450.0                            LAT/LON1/LON2/DLON/H
  288  269  252  230  216  194  174  158  144  131  122  118  116  116  114  112
  110  110  113  117  120  122  121  118  114  109  105  100   97   93   90   88
   87   87   87   88   89   90   92   98  108  123  141  159  175  188  201  214
  226  236  244  251  259  271  287  306  328  348  365  376  383  383  378  368
  353  338  326  315  311  303  300  291  288                                   
    27.5-180.0 180.0   5.0 450.0                            LAT/LON1/LON2/DLON/H
  332  308  284  254  232  204  179  158  141  126  116  112  112  113  113  111
  109  109  111  114  117  119  120  119  117  115  112  108  104  101   97   94
   92   91   90   89   90   91   93   99  109  124  141  158  173  185  196  208
  220  232  243  255  269  287  308  334  361  386  408  425  436  440  439  431
  416  399  384  371  363  355  349  340  332                                   
    25.0-180.0 180.0   5.0 450.0                            LAT/LON1/LON2/DLON/H
  388  363  328  292  261  227  195  169  147  127  114  109  108  108  108  106
  104  103  103  105  108  112  116  121  124  125  124  121  117  112  108  103
  100   96   94   92   91   91   93   98  107  122  139  156  170  182  193  205
  218  233  249  267  287  310  336  365  395  423  448  468  483  492  495  490
  478  462  446  431  423  416  407  398  388                                   
    22.5-180.0 180.0   5.0 450.0                            LAT/LON1/LON2/DLON/H
  450  427  384  342  304  265  227  194  166  141  122  112  108  106  104  101
   96   93   91   92   96  104  114  126  135  140  141  138  134  128  121  115
  109  103   97   93   91   90   90   94  103  117  135  152  167  180  192  205
  222  241  262  286  311  337  365  394  423  451  476  498  515  528  535  536
  529  516  502  489  480  477  465  458  450                                   
    20.0-180.0 180.0   5.0 450.0                            LAT/LON1/LON2/DLON/H
  506  489  443  401  358  316  273  235  201  169  144  127  117  111  106   99
   91   85   81   81   87   99  116  134  149  158  161  158  153  145  136  126
  117  107   99   93   88   86   86   88   96  111  129  148  165  179  193  209
  229  253  279  307  336  363  389  416  441  466  488  508  526  541  553  559
  559  552  543  533  526  528  516  510  506                                   
    17.5-180.0 180.0   5.0 450.0                            LAT/LON1/LON2/DLON/H
  547  539  497  461  417  375  329  289  250  213  181  156  139  127  116  105
   94   85   79   78   85  101  124  148  168  179  182  178  171  160  148  135
  122  109   98   90   84   81   80   82   89  104  123  144  163  180  197  216
  239  267  297  328  357  384  407  428  448  467  484  501  517  533  548  559
  565  565  562  558  554  560  551  547  547                                   
    15.0-180.0 180.0   5.0 450.0                            LAT/LON1/LON2/DLON/H
  569  570  538  510  471  433  389  349  308  267  229  198  174  156  139  123
  109   97   89   88   96  114  141  168  190  201  201  195  184  170  155  139
  122  107   95   86   80   76   74   76   83   98  118  140  162  181  201  223
  249  280  312  344  373  397  417  433  447  460  472  484  498  514  530  543
  554  559  562  563  561  570  565  563  569                                   
    12.5-180.0 180.0   5.0 450.0                            LAT/LON1/LON2/DLON/H
  574  580  560  542  513  480  441  405  365  324  283  248  219  195  174  155
  138  125  116  114  121  140  167  194  213  220  216  205  190  174  156  138
  120  104   91   83   77   73   72   73   80   94  115  138  161  182  204  229
  258  289  322  354  382  404  421  434  444  453  461  469  480  493  508  523
  535  544  551  555  555  564  561  560  574                                   
    10.0-180.0 180.0   5.0 450.0                            LAT/LON1/LON2/DLON/H
  567  575  566  554  536  511  477  446  410  371  331  296  266  241  219  199
  182  169  159  156  161  177  201  222  234  234  223  207  189  171  153  134
  117  101   90   82   77   74   72   72   79   93  114  138  161  183  207  233
  263  295  327  358  384  405  421  434  443  451  457  464  472  482  495  509
  522  533  542  547  546  551  549  548  567                                   
     7.5-180.0 180.0   5.0 450.0                            LAT/LON1/LON2/DLON/H
  558  566  563  554  543  522  493  466  435  400  364  332  305  284  266  249
  236  224  216  211  212  221  235  246  248  239  222  202  183  165  147  130
