data/edconvlstm_nd/pred3470.15i
     1.0            IONOSPHERE MAPS     GNSS                IONEX VERSION / TYPE
pyspatialgeodesy        IME             05-JAN-18 20:20     PGM / RUN BY / DATE 
Map Name                                                    COMMENT             
Predicted global ionosphere maps (GIM).                     DESCRIPTION         
  2015    12    13     0     0     0                        EPOCH OF FIRST MAP  
  2015    12    14     0     0     0                        EPOCH OF LAST MAP   
  7200                                                      INTERVAL            
    13                                                      # OF MAPS IN FILE   
  NONE                                                      MAPPING FUNCTION    
10.0                                                        ELEVATION CUTOFF    
One-way carrier phase leveled to code                       OBSERVABLES USED    
  6371.0                                                    BASE RADIUS         
 2                                                          MAP DIMENSION       
   450.0 450.0   0.0                                        HGT1 / HGT2 / DHGT  
    87.5 -87.5  -2.5                                        LAT1 / LAT2 / DLAT  
  -180.0 180.0   5.0                                        LON1 / LON2 / DLON  
    -1                                                      EXPONENT            
                                                            END OF HEADER       
[from data line 858]
     3                                                      START OF TEC MAP    
  2015    12    13     4     0     0                        EPOCH OF CURRENT MAP
    87.5-180.0 180.0   5.0 450.0                            LAT/LON1/LON2/DLON/H
   39   49   44   46   45   46   44   41   41   41   41   42   42   41   41   41
   40   40   39   39   38   38   37   36   36   35   35   35   34   34   34   33
   33   33   33   33   33   33   33   33   34   34   34   34   34   34   34   34
   34   34   34   34   34   35   35   35   35   35   35   35   35   35   35   36
   37   38   36   37   41   57   63   54   39                                   
    85.0-180.0 180.0   5.0 450.0                            LAT/LON1/LON2/DLON/H
   31   54   46   49   51   53   52   51   51   51   50   50   50   49   48   48
   47   46   45   44   43   42   41   41   40   39   39   38   38   38   38   38
   38   38   39   39   40   40   41   42   42   43   43   43   44   44   44   44
   44   44   44   44   44   44   44   44   44   44   44   44   45   45   45   46
   47   48   46   49   55   56   69   55   31                                   
    82.5-180.0 180.0   5.0 450.0                            LAT/LON1/LON2/DLON/H
   35   42   55   50   50   53   52   51   52   52   51   51   50   49   48   47
   46   44   43   41   40   38   37   36   35   34   33   32   32   32   32   32
   33   33   34   35   36   38   39   40   41   42   43   43   44   44   44   44
   44   44   44   43   43   43   43   43   43   44   44   44   45   45   45   46
   46   47   46   45   58   48   52   49   35                                   
    80.0-180.0 180.0   5.0 450.0                            LAT/LON1/LON2/DLON/H
   47   49   54   46   49   48   50   49   50   50   48   49   47   46   44   43
   41   39   37   36   34   33   31   30   29   28   28   27   27   27   28   28
   29   30   32   34   35   37   39   40   42   43   44   45   46   46   46   45
   45   44   43   43   42   42   42   42   43   43   44   44   45   46   46   47
   48   47   49   48   60   52   50   50   47                                   
    77.5-180.0 180.0   5.0 450.0                            LAT/LON1/LON2/DLON/H
   53   52   48   41   41   41   44   44   45   45   43   43   42   40   38   36
   34   32   30   28   27   25   24   23   22   21   20   20   20   20   21   22
   23   25   27   29   31   33   35   37   39   41   42   43   43   43   43   43
   42   41   40   39   38   38   38   38   39   40   41   43   44   45   46   46
   47   47   46   48   52   40   40   41   53                                   
    75.0-180.0 180.0   5.0 450.0                            LAT/LON1/LON2/DLON/H
   46   48   45   38   36   38   40   40   41   41   39   39   38   36   34   31
   29   27   26   24   23   22   22   21   20   20   20   20   20   20   21   21
   23   24   26   28   30   32   34   36   38   40   41   42   43   43   42   42
   41   39   38   37   37   37   38   39   40   42   44   46   47   49   50   51
   50   51   51   48   52   42   41   40   46                                   
    72.5-180.0 180.0   5.0 450.0                            LAT/LON1/LON2/DLON/H
   48   48   45   37   36   38   41   42   42   42   40   40   38   36   33   31
   29   27   26   25   24   24   24   24   24   24   24   24   24   24   24   25
   26   27   28   30   32   34   36   38   40   41   43   44   45   45   44   44
   43   42   41   41   41   42   43   45   48   50   53   56   58   60   61   62
   62   61   63   61   61   50   47   46   48                                   
    70.0-180.0 180.0   5.0 450.0                            LAT/LON1/LON2/DLON/H
   56   53   51   42   39   40   43   44   45   44   42   42   39   36   33   31
   29   27   27   27   27   28   29   30   31   31   31   31   31   31   30   30
   30   31   31   32   33   34   36   38   39   41   43   44   44   45   45   45
   45   45   45   46   47   49   52   56   59   63   66   69   72   73   74   75
   75   74   75   73   72   62   59   54   56                                   
    67.5-180.0 180.0   5.0 450.0                            LAT/LON1/LON2/DLON/H
   60   57   53   44   40   40   42   43   44   43   42   41   38   35   32   29
   27   26   26   27   28   30   32   33   34   35   35   35   34   33   32   31
   31   30   30   29   30   30   31   32   34   35   37   38   39   40   41   41
   42   44   46   48   51   55   60   65   69   74   78   81   83   84   84   84
   83   82   84   81   80   71   67   62   60                                   
    65.0-180.0 180.0   5.0 450.0                            LAT/LON1/LON2/DLON/H
   67   61   55   46   40   39   41   42   44   44   42   42   39   36   33   30
   28   27   27   28   30   33   35   37   38   39   39   38   37   35   33   32
   30   29   28   27   26   26   27   28   29   30   32   33   34   35   37   39
   41   45   49   53   59   65   71   78   83   88   92   94   96   96   95   95
   93   92   93   90   90   81   77   73   67                                   
    62.5-180.0 180.0   5.0 450.0                            LAT/LON1/LON2/DLON/H
   73   66   59   49   42   39   40   42   43   44   43   43   41   38   35   33
   31   30   30   31   33   36   38   40   41   42   41   40   38   36   34   32
   30   28   27   26   25   25   25   26   27   28   29   30   31   33   35   38
   43   48   55   62   70   78   86   93  100  105  108  110  110  109  107  106
  104  102  102   99   99   90   87   83   73                                   
    60.0-180.0 180.0   5.0 450.0                            LAT/LON1/LON2/DLON/H
   80   71   62   50   42   38   38   39   40   41   41   42   40   38   36   34
   33   32   32   33   34   35   37   39   39   39   39   37   35   33   32   30
   28   27   25   24   23   23   23   24   25   26   27   27   28   30   33   38
   44   52   61   71   81   91  100  108  114  119  121  122  122  120  117  115
  112  110  110  107  106   98   94   90   80                                   
    57.5-180.0 180.0   5.0 450.0                            LAT/LON1/LON2/DLON/H
   87   76   66   53   43   38   37   37   37   38   38   39   39   38   37   36
   34   34   33   33   33   33   34   34   35   34   34   33   31   30   29   27
   26   26   25   24   24   23   24   25   26   27   27   28   29   31   35   41
   49   59   70   81   93  104  114  122  128  132  134  134  133  131  128  126
  122  119  119  115  114  105  101   97   87                                   
    55.0-180.0 180.0   5.0 450.0                            LAT/LON1/LON2/DLON/H
   96   84   72   60   48   41   38   35   35   34   34   35   35   36   36   36
   35   34   33   31   30   29   28   28   28   28   28   28   27   26   26   25
   26   26   26   26   26   26   27   28   29   30   31   31   32   34   39   47
   56   68   80   93  105  117  127  135  140  143  145  145  144  142  139  137
  133  129  128  124  122  112  108  103   96                                   
    52.5-180.0 180.0   5.0 450.0                            LAT/LON1/LON2/DLON/H
  108   95   83   70   58   49   43   38   35   32   31   32   32   33   34   35
   35   34   32   29   26   24   23   22   23   23   24   25   25   25   25   26
   27   28   30   31   31   32   33   34   36   37   37   38   39   42   48   56
   67   80   92  105  117  128  138  145  150  152  154  154  154  153  151  149
  145  141  139  133  130  118  115  110  108                                   
    50.0-180.0 180.0   5.0 450.0                            LAT/LON1/LON2/DLON/H
  120  108   97   86   73   63   55   46   40   34   31   30   31   32   34   35
   35   34   31   27   24   21   20   19   20   22   24   25   26   26   27   28
   31   34   36   38   39   40   40   42   44   45   46   47   49   53   60   69
   81   93  106  118  129  139  147  153  157  159  161  162  163  163  162  161
  158  153  150  143  139  125  122  118  120                                   
    47.5-180.0 180.0   5.0 450.0                            LAT/LON1/LON2/DLON/H
  131  121  112  103   91   82   72   60   50   41   35   32   31   32   34   36
   36   34   31   27   23   21   20   20   22   25   27   29   30   31   32   34
   37   41   44   47   48   48   49   50   52   54   56   57   60   65   73   84
   96  108  119  130  139  147  154  159  162  164  166  168  170  171  172  172
  169  164  160  151  145  131  128  125  131                                   
    45.0-180.0 180.0   5.0 450.0                            LAT/LON1/LON2/DLON/H
  138  131  123  118  108  100   90   77   64   52   43   38   35   35   37   38
   38   36   33   29   26   24   24   26   28   32   35   37   38   38   39   40
   44   48   53   56   56   56   56   57   59   62   64   67   71   77   87   98
  110  121  131  140  148  154  159  163  165  166  168  171  174  177  179  179
  177  172  167  158  151  136  133  130  138                                   
    42.5-180.0 180.0   5.0 450.0                            LAT/LON1/LON2/DLON/H
  139  134  128  126  118  113  104   92   78   65   53   47   43   41   42   42
   42   40   38   35   33   33   34   36   39   42   45   47   48   47   46   47
   50   55   60   63   63   62   62   62   65   68   71   75   81   89   99  111
  123  132  141  148  154  160  164  166  167  168  170  174  178  182  184  185
  183  178  173  163  155  139  135  134  139                                   
    40.0-180.0 180.0   5.0 450.0                            LAT/LON1/LON2/DLON/H
  134  128  122  122  117  115  109  100   88   76   65   58   53   50   49   49
   49   48   47   46   46   46   48   50   52   54   56   57   57   55   53   53
   56   61   65   67   67   66   65   66   68   72   77   82   89   98  110  122
  133  141  149  155  161  166  169  171  172  172  175  179  183  187  189  191
  189  184  179  170  160  143  137  136  134                                   
    37.5-180.0 180.0   5.0 450.0                            LAT/LON1/LON2/DLON/H
  126  115  107  107  103  103  101   96   90   81   73   68   63   61   59   58
   58   58   59   60   61   63   64   65   65   65   66   66   64   61   59   59
   61   64   68   70   69   68   67   68   71   76   82   88   97  107  119  131
  141  149  156  163  169  175  179  181  182  183  185  189  194  198  200  201
  199  194  190  181  170  151  143  141  126                                   
    35.0-180.0 180.0   5.0 450.0                            LAT/LON1/LON2/DLON/H
  119   99   88   84   80   81   82   82   81   78   75   74   72   70   69   69
   69   71   73   75   78   79   79   77   75   73   72   72   70   67   65   63
   64   67   70   71   70   68   68   70   74   80   87   94  104  116  128  140
  150  158  166  174  183  191  196  199  200  201  204  208  213  217  218  219
  217  212  209  201  190  170  158  153  119                                   
    32.5-180.0 180.0   5.0 450.0                            LAT/LON1/LON2/DLON/H
  121   89   72   62   55   55   58   62   66   68   70   74   75   76   77   78
   80   83   86   89   91   91   89   85   81   78   76   76   74   72   70   68
   68   69   70   71   70   69   69   72   77   84   92  101  111  124  137  149
  160  169  179  190  202  213  220  224  226  228  231  236  242  246  247  248
  246  242  240  233  224  202  188  178  121                                   
    30.0-180.0 180.0   5.0 450.0                            LAT/LON1/LON2/DLON/H
  136   92   68   50   38   34   36   41   48   55   61   69   74   77   80   83
   87   92   96   99  100   98   94   89   84   80   79   78   78   76   74   71
   70   71   71   70   69   69   70   73   79   87   96  106  119  133  147  161
  172  184  197  212  227  241  250  256  259  262  266  272  279  284  286  288
  286  283  283  277  271  248  234  217  136                                   
    27.5-180.0 180.0   5.0 450.0                            LAT/LON1/LON2/DLON/H
  168  114   83   55   36   24   23   27   34   43   52   61   69   74   79   85
   91   97  101  103  101   97   92   88   84   81   80   80   81   80   78   75
   74   73   72   70   69   68   70   74   81   89   99  112  126  142  158  174
  188  203  220  239  258  274  286  293  298  302  308  316  323  329  333  335
  334  332  333  329  326  306  291  269  168                                   
    25.0-180.0 180.0   5.0 450.0                            LAT/LON1/LON2/DLON/H
  219  160  121   84   56   35   25   25   29   36   45   54   62   69   75   82
   89   96   99   98   95   90   87   85   83   82   83   84   84   84   83   81
   79   77   74   71   68   68   70   74   81   90  102  116  133  152  170  189
  206  226  247  271  294  313  327  336  342  349  356  365  374  380  384  386
  385  385  387  384  385  369  354  330  219                                   
    22.5-180.0 180.0   5.0 450.0                            LAT/LON1/LON2/DLON/H
  284  225  181  137  102   71   50   40   37   39   45   51   57   63   69   77
   84   90   91   88   84   81   80   82   84   87   88   90   91   91   91   89
   87   83   78   72   68   67   68   72   79   89  102  119  139  161  183  205
  227  251  278  305  332  353  369  380  388  397  406  416  424  431  435  437
  436  436  438  436  440  432  416  392  284                                   
    20.0-180.0 180.0   5.0 450.0                            LAT/LON1/LON2/DLON/H
  355  302  256  211  172  133   99   77   63   57   55   56   58   61   65   71
   77   81   80   76   73   73   77   83   90   95   99  101  101  101  100   98
   95   89   82   74   68   66   66   70   76   87  102  121  145  170  196  223
  249  278  308  339  367  390  407  419  429  439  449  459  468  474  478  480
  478  477  480  480  486  486  472  450  355                                   
    17.5-180.0 180.0   5.0 450.0                            LAT/LON1/LON2/DLON/H
  419  378  336  295  254  210  167  134  107   90   78   72   68   66   67   70
   73   74   72   68   67   71   80   91  102  109  114  115  114  113  110  107
  102   95   86   76   69   65   64   66   73   84  101  124  150  179  209  239
  269  301  334  366  395  417  433  445  456  468  479  490  498  504  508  508
  506  505  507  509  517  525  513  495  419                                   
    15.0-180.0 180.0   5.0 450.0                            LAT/LON1/LON2/DLON/H
  464  441  408  375  335  290  240  199  163  135  114  100   89   82   78   77
   76   74   71   69   72   79   92  107  120  129  132  131  128  124  119  115
  109  100   90   80   71   65   63   64   71   83  102  127  156  188  220  253
  286  319  353  384  411  432  446  458  470  482  494  505  514  519  522  521
  519  517  518  520  529  543  536  521  464                                   
    12.5-180.0 180.0   5.0 450.0                            LAT/LON1/LON2/DLON/H
  488  481  461  435  401  356  304  260  220  186  159  138  121  108  100   94
   90   86   83   83   88   99  114  131  144  151  152  147  140  133  127  121
  115  106   96   86   76   68   64   65   71   84  105  132  163  196  229  263
  297  330  363  392  417  435  448  460  471  484  496  507  515  520  521  520
  517  514  515  517  526  541  538  525  488                                   
    10.0-180.0 180.0   5.0 450.0                            LAT/LON1/LON2/DLON/H
  494  498  487  466  439  399  349  306  267  233  205  182  162  145  132  122
  114  108  106  108  116  129  145  161  171  173  169  160  150  141  133  127
  121  114  105   94   83   74   68   68   74   89  112  140  171  204  237  270
  303  335  366  393  415  431  444  454  466  478  490  500  507  510  511  509
  506  503  504  505  512  525  523  513  494                                   
     7.5-180.0 180.0   5.0 450.0                            LAT/LON1/LON2/DLON/H
  488  496  489  468  448  414  370  332  298  269  245  224  205  187  172  158
  147  140  138  142  152  166  180  191  195  191  181  169  157  147  139  132
