data/edconvlstm_nd/pred1960.15i
     1.0            IONOSPHERE MAPS     GNSS                IONEX VERSION / TYPE
pyspatialgeodesy        IME             05-JAN-18 20:20     PGM / RUN BY / DATE 
Map Name                                                    COMMENT             
Predicted global ionosphere maps (GIM).                     DESCRIPTION         
  2015     7    15     0     0     0                        EPOCH OF FIRST MAP  
  2015     7    16     0     0     0                        EPOCH OF LAST MAP   
  7200                                                      INTERVAL            
    13                                                      # OF MAPS IN FILE   
  NONE                                                      MAPPING FUNCTION    
10.0                                                        ELEVATION CUTOFF    
One-way carrier phase leveled to code                       OBSERVABLES USED    
  6371.0                                                    BASE RADIUS         
 2                                                          MAP DIMENSION       
   450.0 450.0   0.0                                        HGT1 / HGT2 / DHGT  
    87.5 -87.5  -2.5                                        LAT1 / LAT2 / DLAT  
  -180.0 180.0   5.0                                        LON1 / LON2 / DLON  
    -1                                                      EXPONENT            
                                                            END OF HEADER       
[from data line 429]
     2                                                      START OF TEC MAP    
  2015     7    15     2     0     0                        EPOCH OF CURRENT MAP
    87.5-180.0 180.0   5.0 450.0                            LAT/LON1/LON2/DLON/H
  135  134  138  140  140  135  132  131  131  130  130  129  129  128  128  127
  126  125  124  123  121  120  119  117  116  115  113  112  111  110  109  109
  108  108  108  107  107  108  108  108  109  109  110  110  111  112  113  114
  115  116  117  118  119  120  121  122  122  123  124  125  125  125  126  127
  128  130  129  129  131  132  132  129  135                                   
    85.0-180.0 180.0   5.0 450.0                            LAT/LON1/LON2/DLON/H
  141  146  136  143  147  143  141  141  141  140  140  139  138  138  137  136
  134  133  132  130  128  126  124  122  120  118  116  114  113  111  110  109
  109  108  108  108  108  108  108  108  109  109  110  110  111  112  113  114
  115  117  118  120  121  122  124  125  126  127  128  129  130  131  131  133
  135  137  136  139  135  134  134  129  141                                   
    82.5-180.0 180.0   5.0 450.0                            LAT/LON1/LON2/DLON/H
  147  146  152  152  152  151  149  149  150  149  148  148  147  146  145  144
  142  140  138  136  133  131  128  125  121  118  115  113  110  108  107  106
  105  104  104  104  104  105  105  106  106  107  107  108  109  110  111  112
  114  116  118  119  121  123  125  127  129  130  132  133  135  135  136  138
  139  141  140  141  146  135  133  130  147                                   
    80.0-180.0 180.0   5.0 450.0                            LAT/LON1/LON2/DLON/H
  155  154  149  153  154  153  154  154  155  153  152  151  150  149  147  146
  144  142  140  137  134  131  127  123  118  114  110  106  103  101   99   98
   97   97   98   98   99  100  101  102  102  103  103  104  105  106  108  110
  112  114  117  119  122  124  127  129  131  133  134  136  137  138  139  140
  141  141  140  141  151  144  148  138  155                                   
    77.5-180.0 180.0   5.0 450.0                            LAT/LON1/LON2/DLON/H
  162  161  156  161  158  157  160  160  159  157  154  153  151  150  148  147
  145  144  142  139  136  132  128  123  118  113  108  104  100   97   96   95
   95   96   98  100  101  103  104  105  106  106  107  107  108  110  112  114
  117  120  123  126  129  132  134  136  138  140  141  142  143  144  145  146
  146  147  144  147  154  149  151  147  162                                   
    75.0-180.0 180.0   5.0 450.0                            LAT/LON1/LON2/DLON/H
  166  165  161  167  163  162  163  161  160  156  152  149  147  144  143  141
  140  139  138  136  134  130  126  121  115  109  103   98   94   91   90   90
   91   93   96   99  101  103  105  106  106  106  107  107  108  110  112  115
  118  122  125  129  132  135  137  139  141  143  144  145  146  146  146  148
  147  148  147  143  149  150  151  151  166                                   
    72.5-180.0 180.0   5.0 450.0                            LAT/LON1/LON2/DLON/H
  166  170  169  173  172  170  170  168  165  160  154  150  145  142  139  138
  137  137  136  136  135  132  128  123  117  111  105   99   95   92   91   92
   94   97  101  105  108  110  112  113  113  113  113  114  116  118  121  124
  128  131  135  138  141  144  146  148  149  151  152  152  153  153  153  155
  154  155  154  152  154  152  153  154  166                                   
    70.0-180.0 180.0   5.0 450.0                            LAT/LON1/LON2/DLON/H
  171  174  174  179  178  176  175  171  168  161  154  147  141  136  133  130
  130  130  131  131  132  130  128  123  117  111  105   99   95   92   92   93
   95   99  104  108  112  114  116  116  116  116  117  118  120  123  126  130
  134  138  141  144  146  148  150  151  153  154  155  156  157  157  157  159
  158  158  158  156  159  157  158  158  171                                   
    67.5-180.0 180.0   5.0 450.0                            LAT/LON1/LON2/DLON/H
  172  176  176  181  180  178  176  173  168  160  152  144  137  130  125  122
  121  121  123  124  126  126  124  121  116  110  104   99   95   92   91   92
   95   98  103  107  110  113  114  114  114  114  115  118  121  125  129  134
  138  142  144  146  148  149  150  151  152  154  155  156  157  158  158  160
  159  159  159  156  159  158  158  160  172                                   
    65.0-180.0 180.0   5.0 450.0                            LAT/LON1/LON2/DLON/H
  171  175  174  180  179  177  176  173  168  161  152  144  135  127  120  116
  114  114  115  118  120  121  120  117  113  108  104   99   96   94   93   93
   95   98  101  104  107  109  110  110  111  111  114  117  122  127  133  138
  141  144  146  147  147  148  149  150  152  154  155  157  159  160  160  162
  161  161  160  157  160  158  160  162  171                                   
    62.5-180.0 180.0   5.0 450.0                            LAT/LON1/LON2/DLON/H
  169  172  172  178  177  175  174  171  168  161  153  145  136  127  119  114
  110  109  110  112  114  115  115  113  110  107  103  101   99   97   95   95
   95   96   98  100  102  104  105  105  106  108  111  116  123  130  136  140
  144  145  146  147  147  148  149  150  153  155  158  160  162  163  164  165
  164  163  162  158  159  158  159  163  169                                   
    60.0-180.0 180.0   5.0 450.0                            LAT/LON1/LON2/DLON/H
  165  168  168  173  173  171  171  169  167  161  153  146  137  128  120  114
  109  107  107  107  108  108  107  106  104  102  101  101  100   99   98   96
   94   93   94   95   97   98   98   99  100  103  108  115  123  130  137  141
  144  145  145  145  146  147  149  152  155  158  161  164  166  167  168  169
  167  166  164  159  159  157  158  162  165                                   
    57.5-180.0 180.0   5.0 450.0                            LAT/LON1/LON2/DLON/H
  163  165  166  171  170  168  168  167  165  160  155  148  140  132  124  116
  111  108  106  105  104  102  100   98   97   97   99  101  102  102  100   97
   94   91   90   91   92   93   94   94   96  100  106  114  123  131  137  141
  143  143  143  144  146  149  153  157  161  165  168  170  171  172  172  173
  171  169  167  161  160  156  158  163  163                                   
    55.0-180.0 180.0   5.0 450.0                            LAT/LON1/LON2/DLON/H
  162  165  166  170  170  167  168  167  166  161  156  150  143  136  128  121
  115  111  107  104  101   98   94   92   91   92   96  100  103  104  102   98
   94   90   89   89   90   91   92   92   94   98  104  113  122  130  136  140
  141  142  143  146  150  155  160  166  170  174  176  177  177  176  176  176
  175  173  171  165  162  158  160  165  162                                   
    52.5-180.0 180.0   5.0 450.0                            LAT/LON1/LON2/DLON/H
  166  169  169  174  173  171  172  170  168  163  158  153  146  140  133  126
  121  116  112  107  103   97   92   89   88   90   95  100  105  107  105  101
   96   92   90   91   92   93   94   93   94   98  104  113  122  130  136  139
  140  142  145  150  156  164  171  177  182  185  186  185  183  181  179  179
  178  178  176  170  168  162  164  169  166                                   
    50.0-180.0 180.0   5.0 450.0                            LAT/LON1/LON2/DLON/H
  174  178  177  181  181  179  180  177  174  167  161  156  150  144  138  133
  128  124  120  115  109  103   96   92   91   93   98  104  109  111  109  104
   99   96   95   97   99  100   99   98   98  100  106  114  123  131  136  139
  142  145  151  158  167  176  185  191  196  197  196  193  189  184  182  182
  181  183  183  178  175  170  171  176  174                                   
    47.5-180.0 180.0   5.0 450.0                            LAT/LON1/LON2/DLON/H
  183  189  187  192  191  189  190  186  181  174  167  161  155  149  144  140
  137  133  130  125  120  113  107  102  100  102  106  111  115  116  114  110
  105  103  104  107  109  110  109  105  103  104  109  116  125  132  138  142
  147  152  160  170  180  191  199  205  209  209  206  201  194  188  184  184
  185  188  190  186  185  179  180  185  183                                   
    45.0-180.0 180.0   5.0 450.0                            LAT/LON1/LON2/DLON/H
  194  200  196  202  202  199  200  195  190  182  174  167  161  156  152  148
  146  144  141  138  134  128  122  118  116  116  119  122  124  124  121  117
  114  113  115  120  123  123  120  115  111  110  114  120  128  135  142  148
  154  163  173  184  195  205  213  218  221  220  216  209  200  192  188  188
  190  194  198  196  195  189  191  195  194                                   
    42.5-180.0 180.0   5.0 450.0                            LAT/LON1/LON2/DLON/H
  204  209  204  211  211  208  209  204  198  189  181  174  168  164  160  157
  155  154  153  151  148  144  140  137  136  135  136  136  136  134  130  127
  124  125  129  135  138  138  133  127  121  119  121  126  133  140  148  155
  164  175  186  198  209  218  225  229  231  229  225  218  208  199  194  194
  196  202  207  207  206  200  202  206  204                                   
    40.0-180.0 180.0   5.0 450.0                            LAT/LON1/LON2/DLON/H
  213  215  209  216  217  213  214  210  205  196  188  182  177  172  168  165
  163  163  162  162  161  159  158  157  157  156  155  152  149  145  140  137
  136  139  144  150  153  152  146  139  132  129  130  133  139  146  154  164
  175  187  200  211  220  228  233  237  239  239  236  229  220  210  204  203
  206  212  218  219  218  212  212  216  213                                   
    37.5-180.0 180.0   5.0 450.0                            LAT/LON1/LON2/DLON/H
  220  220  212  218  219  215  217  214  210  202  195  190  186  182  177  174
  171  170  169  170  170  171  173  175  177  177  174  169  162  156  151  148
  149  152  158  164  167  165  159  151  145  141  141  143  147  153  161  172
  185  198  210  220  228  234  238  243  246  248  247  243  235  225  218  217
  219  225  231  232  231  223  224  227  220                                   
    35.0-180.0 180.0   5.0 450.0                            LAT/LON1/LON2/DLON/H
  229  226  217  222  222  217  219  217  214  208  202  199  195  191  187  181
  177  175  174  174  176  179  185  190  194  195  191  183  175  167  161  159
  160  164  170  176  178  176  170  163  157  154  152  152  153  158  166  178
  191  205  216  224  231  236  241  247  253  258  261  259  253  244  237  234
  235  240  245  246  244  236  236  240  229                                   
    32.5-180.0 180.0   5.0 450.0                            LAT/LON1/LON2/DLON/H
  242  236  227  231  230  224  226  223  221  215  211  208  206  202  196  189
  183  178  176  176  179  185  193  201  207  208  204  195  185  176  170  167
  168  173  179  184  185  183  178  173  169  166  163  160  158  160  168  179
  193  206  217  224  230  236  243  251  260  269  275  276  273  265  257  254
  252  256  261  260  258  250  251  255  242                                   
    30.0-180.0 180.0   5.0 450.0                            LAT/LON1/LON2/DLON/H
  259  253  245  249  246  239  240  236  233  228  224  221  218  213  206  197
  189  182  179  179  182  189  199  209  216  218  213  203  192  182  176  173
  173  177  182  186  188  186  183  180  177  175  170  165  160  160  165  177
  191  203  214  222  229  236  246  257  269  281  290  294  292  286  279  274
  271  273  277  276  272  266  268  274  259                                   
    27.5-180.0 180.0   5.0 450.0                            LAT/LON1/LON2/DLON/H
  283  278  273  276  272  266  265  259  255  247  242  238  234  227  218  207
  196  188  183  182  186  194  204  215  222  223  217  207  195  185  178  174
  173  176  179  183  185  184  183  182  181  179  173  165  157  155  159  170
  184  198  209  218  228  239  251  266  280  294  305  310  311  306  299  294
  290  290  293  292  288  284  289  295  283                                   
    25.0-180.0 180.0   5.0 450.0                            LAT/LON1/LON2/DLON/H
  312  311  310  314  310  304  302  293  286  276  268  261  254  244  233  220
  208  198  192  190  194  201  211  220  225  224  216  206  194  184  176  170
  167  168  170  173  175  176  177  179  180  177  171  160  151  147  151  161
  176  191  204  217  230  245  261  278  294  308  319  325  327  323  318  313
  309  308  310  309  305  303  311  319  312                                   
    22.5-180.0 180.0   5.0 450.0                            LAT/LON1/LON2/DLON/H
  343  348  351  358  355  350  347  336  325  312  300  290  279  267  252  238
  224  213  206  203  206  212  220  226  227  222  212  201  189  178  168  161
  155  154  155  157  160  163  166  170  172  169  162  151  141  137  141  152
  168  185  202  218  236  255  274  293  310  323  332  338  340  339  336  333
  328  328  329  327  323  324  334  344  343                                   
    20.0-180.0 180.0   5.0 450.0                            LAT/LON1/LON2/DLON/H
  373  384  390  401  400  397  393  381  368  353  338  324  310  294  277  261
  246  234  226  222  222  226  230  231  227  218  205  192  179  168  157  147
  139  135  135  138  141  145  149  154  156  155  148  137  128  126  131  144
  162  182  202  224  246  268  290  309  325  337  345  350  353  354  354  353
  350  348  349  346  342  344  357  368  373                                   
    17.5-180.0 180.0   5.0 450.0                            LAT/LON1/LON2/DLON/H
  397  412  421  435  438  437  433  421  408  392  376  359  343  324  306  288
  273  260  250  243  241  241  241  236  226  211  195  181  167  155  142  130
  121  115  115  118  121  125  129  132  135  134  129  121  115  115  123  138
  157  180  206  232  258  283  306  325  340  351  357  362  366  370  373  375
  373  372  370  366  360  364  378  390  397                                   
    15.0-180.0 180.0   5.0 450.0                            LAT/LON1/LON2/DLON/H
  414  429  439  455  462  463  460  451  439  424  407  391  373  353  334  316
  301  286  275  265  259  255  249  238  222  202  183  167  153  140  127  114
  104   98   98  101  104  106  108  110  112  112  109  105  104  107  117  133
  154  180  209  239  268  295  319  339  353  363  370  375  381  388  394  399
  399  397  393  387  379  381  397  409  414                                   
    12.5-180.0 180.0   5.0 450.0                            LAT/LON1/LON2/DLON/H
  425  438  446  461  470  473  471  465  456  443  428  413  395  376  358  341
  325  310  296  283  273  263  252  235  214  190  170  153  139  126  113  101
   92   88   88   90   92   92   92   92   93   94   93   93   95  101  112  129
  151  178  210  243  274  302  326  347  363  374  382  389  397  406  416  423
  425  422  416  407  397  397  413  426  425                                   
    10.0-180.0 180.0   5.0 450.0                            LAT/LON1/LON2/DLON/H
  432  443  447  458  468  470  469  465  458  448  436  422  406  389  372  356
  341  326  310  295  280  265  247  225  200  175  154  138  126  115  105   96
   89   85   86   87   88   86   84   82   81   82   84   86   91   98  108  124
  145  173  206  241  273  302  327  349  368  382  392  402  412  424  436  445
  448  445  438  427  414  412  427  442  432                                   
     7.5-180.0 180.0   5.0 450.0                            LAT/LON1/LON2/DLON/H
  440  448  449  454  462  463  461  457  452  443  432  420  406  390  375  361
  347  332  315  297  278  258  235  209  182  157  139  126  117  110  103   97
