data/edconvlstm_nd/pred2430.15i
     1.0            IONOSPHERE MAPS     GNSS                IONEX VERSION / TYPE
pyspatialgeodesy        IME             05-JAN-18 20:20     PGM / RUN BY / DATE 
Map Name                                                    COMMENT             
Predicted global ionosphere maps (GIM).                     DESCRIPTION         
  2015     8    31     0     0     0                        EPOCH OF FIRST MAP  
  2015     9     1     0     0     0                        EPOCH OF LAST MAP   
  7200                                                      INTERVAL            
    13                                                      # OF MAPS IN FILE   
  NONE                                                      MAPPING FUNCTION    
10.0                                                        ELEVATION CUTOFF    
One-way carrier phase leveled to code                       OBSERVABLES USED    
  6371.0                                                    BASE RADIUS         
 2                                                          MAP DIMENSION       
   450.0 450.0   0.0                                        HGT1 / HGT2 / DHGT  
    87.5 -87.5  -2.5                                        LAT1 / LAT2 / DLAT  
  -180.0 180.0   5.0                                        LON1 / LON2 / DLON  
    -1                                                      EXPONENT            
                                                            END OF HEADER       
[from data line 4719]
    12                                                      START OF TEC MAP    
  2015     8    31    22     0     0                        EPOCH OF CURRENT MAP
    87.5-180.0 180.0   5.0 450.0                            LAT/LON1/LON2/DLON/H
  121  109   94   99  102   98   97   95   94   96   95   96   97   97   98   98
   99   99  100  100  100  100  100  100  100  100  100   99   99   99   99   99
   98   98   98   98   98   97   97   97   96   96   95   95   94   94   93   93
   93   92   92   92   91   91   91   91   91   91   90   90   90   90   90   90
   90   90   89   89   99   97  113  119  121                                   
    85.0-180.0 180.0   5.0 450.0                            LAT/LON1/LON2/DLON/H
  122  112  115  103  100  103  102  104  104  106  105  106  107  107  108  109
  110  110  111  111  111  111  111  111  111  111  110  110  109  109  109  108
  108  108  107  107  107  106  106  105  104  103  103  102  101  100   99   98
   98   97   97   96   96   96   95   95   95   95   95   95   95   95   95   95
   96   96   94   92   96   96   99  101  122                                   
    82.5-180.0 180.0   5.0 450.0                            LAT/LON1/LON2/DLON/H
  104  101  102   97   97  100  103  102  102  103  104  105  106  107  108  109
  110  111  112  112  112  112  112  111  111  110  109  108  107  106  106  105
  105  104  104  104  103  103  102  101  100   99   98   96   95   94   92   92
   91   90   90   89   89   89   89   89   89   89   89   90   90   90   90   90
   90   90   89   92   96  105   97  100  104                                   
    80.0-180.0 180.0   5.0 450.0                            LAT/LON1/LON2/DLON/H
   95   96  103   98   98   96  103  105  107  109  110  112  113  114  115  117
  118  119  120  120  120  120  119  118  116  114  112  110  108  107  105  104
  104  103  103  103  103  102  102  100   99   97   95   93   91   90   88   87
   86   85   85   85   85   85   85   86   86   87   87   88   88   88   89   89
   90   91   91   93   93   96   93  102   95                                   
    77.5-180.0 180.0   5.0 450.0                            LAT/LON1/LON2/DLON/H
  107  103  111  106  110  109  115  116  118  119  120  123  124  126  127  129
  130  131  132  133  133  132  130  128  125  122  119  115  112  109  107  106
  105  105  105  105  105  105  104  102  100   98   95   92   90   87   86   84
   83   83   83   83   84   85   86   87   88   89   90   90   91   92   93   93
   94   95   96   99  102  101  104  115  107                                   
    75.0-180.0 180.0   5.0 450.0                            LAT/LON1/LON2/DLON/H
  110  110  114  110  116  118  122  124  127  130  131  134  135  137  138  139
  140  141  142  142  142  141  139  136  132  128  123  118  113  109  106  104
  103  103  104  104  105  104  104  102  100   96   93   90   87   84   82   80
   80   80   80   81   82   84   85   87   88   90   91   92   93   94   96   97
   98  100  102  102  102  102  103  105  110                                   
    72.5-180.0 180.0   5.0 450.0                            LAT/LON1/LON2/DLON/H
  115  114  118  121  122  124  130  131  133  135  136  139  140  141  142  143
  144  145  146  146  146  144  142  138  133  127  120  113  107  101   97   95
   93   93   94   95   96   96   95   93   90   86   82   79   75   73   71   70
   69   70   71   73   75   77   79   81   83   85   87   88   90   91   93   94
   95   98  100   98   98  101  105  112  115                                   
    70.0-180.0 180.0   5.0 450.0                            LAT/LON1/LON2/DLON/H
  117  115  118  120  121  124  128  132  135  138  140  142  143  144  144  144
  145  145  146  146  146  145  143  140  134  127  119  111  103   97   91   88
   86   86   87   88   88   88   87   84   81   77   73   69   65   63   61   61
   61   62   63   65   67   70   72   75   77   80   82   84   85   87   89   91
   92   95   98   99  100  103  108  113  117                                   
    67.5-180.0 180.0   5.0 450.0                            LAT/LON1/LON2/DLON/H
  121  118  120  124  125  128  133  136  139  142  144  147  148  148  148  148
  147  148  148  149  150  149  148  144  139  131  123  114  104   96   90   85
   83   81   82   82   82   81   80   77   73   69   64   61   58   56   55   55
   56   57   59   61   63   66   68   71   74   77   79   82   84   86   88   91
   92   95   97   97   97  102  105  111  121                                   
    65.0-180.0 180.0   5.0 450.0                            LAT/LON1/LON2/DLON/H
  119  116  117  121  121  124  128  132  137  140  143  145  146  146  146  145
  145  145  146  147  148  149  148  146  141  135  126  117  107   98   91   85
   81   78   77   76   75   74   71   68   64   60   56   53   50   49   49   49
   50   51   52   53   55   58   60   63   67   70   73   76   79   81   84   86
   88   92   95   96   97  103  107  113  119                                   
    62.5-180.0 180.0   5.0 450.0                            LAT/LON1/LON2/DLON/H
  121  117  117  120  120  122  126  129  134  137  140  143  145  145  144  144
  143  143  144  146  149  150  151  149  146  140  133  124  114  105   96   89
   83   79   76   73   71   68   65   61   57   53   50   48   46   45   45   46
   46   46   47   48   49   51   54   57   61   65   69   72   76   79   82   85
   87   90   93   95   95  101  104  110  121                                   
    60.0-180.0 180.0   5.0 450.0                            LAT/LON1/LON2/DLON/H
  122  118  117  120  119  119  123  125  129  132  136  139  141  142  142  141
  141  142  143  146  149  151  153  153  151  147  141  134  125  116  107   98
   90   83   78   73   69   66   62   58   54   51   48   46   45   45   45   45
   44   43   43   42   43   45   47   51   55   60   65   69   74   78   81   85
   87   90   93   95   96  103  107  113  122                                   
    57.5-180.0 180.0   5.0 450.0                            LAT/LON1/LON2/DLON/H
  126  122  122  124  122  121  123  124  126  129  132  135  138  139  140  140
  141  142  144  147  150  153  155  156  156  154  151  145  138  130  120  109
   99   90   83   76   71   66   62   58   55   52   50   48   47   47   47   46
   44   42   40   39   39   40   43   47   52   57   63   68   74   78   83   87
   89   93   96   98   99  106  109  115  126                                   
    55.0-180.0 180.0   5.0 450.0                            LAT/LON1/LON2/DLON/H
  133  130  130  132  129  126  127  126  126  127  129  132  135  138  139  141
  142  144  146  149  153  156  158  160  160  161  160  157  151  144  134  122
  111   99   89   81   75   70   65   62   58   56   54   53   52   51   50   48
   45   42   40   38   37   39   42   46   51   57   63   69   75   80   86   90
   93   97  101  102  104  111  115  120  133                                   
    52.5-180.0 180.0   5.0 450.0                            LAT/LON1/LON2/DLON/H
  140  139  141  142  139  136  135  132  130  128  129  131  134  137  139  141
  143  146  149  152  155  158  159  161  163  165  166  166  162  156  146  134
  121  108   97   87   80   75   70   67   64   62   60   58   57   55   53   51
   48   44   41   39   39   40   43   47   52   58   64   70   76   83   89   95
   99  103  107  109  110  117  121  126  140                                   
    50.0-180.0 180.0   5.0 450.0                            LAT/LON1/LON2/DLON/H
  148  149  152  154  152  149  146  142  137  134  132  133  136  138  141  144
  147  150  153  156  159  160  161  163  165  168  171  173  171  165  156  143
  129  115  103   94   86   81   77   74   71   68   66   64   62   60   57   55
   52   48   45   43   43   44   47   51   56   61   66   73   79   86   94  100
  105  110  114  116  118  124  128  132  148                                   
    47.5-180.0 180.0   5.0 450.0                            LAT/LON1/LON2/DLON/H
  156  158  162  165  164  163  159  155  148  143  140  139  141  143  145  148
  151  155  158  161  162  163  163  164  167  171  175  177  176  171  161  149
  135  121  109   99   92   87   83   80   77   74   71   69   67   64   62   60
   57   54   52   51   51   52   54   57   61   65   70   76   83   91   99  106
  111  117  121  124  125  131  135  138  156                                   
    45.0-180.0 180.0   5.0 450.0                            LAT/LON1/LON2/DLON/H
  161  164  169  173  174  174  172  167  160  155  151  149  149  151  152  155
  157  161  164  166  166  166  165  166  169  174  178  181  179  174  164  151
  137  124  113  104   98   93   89   86   83   80   77   74   72   70   68   66
   64   63   62   61   61   61   63   65   68   71   75   81   88   96  105  113
  119  125  130  132  133  138  140  143  161                                   
    42.5-180.0 180.0   5.0 450.0                            LAT/LON1/LON2/DLON/H
  164  167  173  178  181  182  182  179  173  168  164  162  161  162  162  163
  165  168  170  171  170  169  168  169  173  178  182  184  181  174  164  151
  138  125  115  108  102   97   94   90   87   84   82   80   78   76   75   74
   74   73   73   72   71   71   72   73   74   77   81   87   95  103  112  121
  127  133  138  140  140  144  145  148  164                                   
    40.0-180.0 180.0   5.0 450.0                            LAT/LON1/LON2/DLON/H
  167  169  176  181  185  187  189  188  185  182  179  177  176  175  175  174
  175  176  176  176  175  173  173  175  179  184  187  187  182  173  162  149
  137  126  117  110  105  101   97   94   91   89   88   86   85   84   84   84
   84   84   83   82   81   80   79   79   80   82   87   94  102  111  121  130
  136  143  147  149  148  150  151  154  167                                   
    37.5-180.0 180.0   5.0 450.0                            LAT/LON1/LON2/DLON/H
  171  173  179  184  188  192  195  196  196  195  194  193  192  190  189  187
  186  185  183  182  180  179  179  183  188  192  194  191  183  172  159  146
  135  125  118  112  107  103   99   97   95   94   94   94   94   94   94   93
   93   93   92   90   87   85   83   82   83   86   92  100  110  121  131  140
  146  153  157  158  157  158  157  162  171                                   
    35.0-180.0 180.0   5.0 450.0                            LAT/LON1/LON2/DLON/H
  178  181  187  191  195  198  203  206  208  209  210  209  208  207  204  201
  198  195  191  188  186  186  188  193  199  202  202  196  185  171  157  144
  133  125  118  112  108  104  101   99   99  100  101  103  104  104  103  102
  101   99   97   93   90   86   83   82   83   88   96  106  118  130  141  151
  157  164  169  169  167  167  167  173  178                                   
    32.5-180.0 180.0   5.0 450.0                            LAT/LON1/LON2/DLON/H
  192  195  202  205  208  209  215  218  222  225  227  227  226  224  221  217
  212  206  201  196  194  195  200  206  212  214  211  201  187  171  155  142
  132  124  118  113  108  104  101  101  102  105  109  112  113  112  110  108
  105  101   97   92   88   83   80   79   81   87   97  109  123  137  150  160
  167  175  180  181  179  180  180  187  192                                   
    30.0-180.0 180.0   5.0 450.0                            LAT/LON1/LON2/DLON/H
  212  217  226  226  230  229  233  237  241  245  247  247  245  243  240  235
  229  221  213  207  205  208  215  222  227  227  220  207  189  171  154  141
  132  124  118  113  108  104  102  103  105  110  114  118  119  117  114  110
  104   99   93   88   83   79   76   75   78   85   96  110  126  142  156  168
  176  185  192  194  193  195  197  205  212                                   
    27.5-180.0 180.0   5.0 450.0                            LAT/LON1/LON2/DLON/H
  237  245  255  253  258  256  260  262  266  269  270  269  268  265  262  257
  249  239  229  222  221  225  233  241  244  240  229  212  191  171  154  141
  132  124  118  113  108  104  103  104  108  113  117  120  120  118  113  107
  101   94   88   82   78   74   72   72   75   82   94  109  126  143  159  173
  183  194  202  206  207  212  216  225  237                                   
    25.0-180.0 180.0   5.0 450.0                            LAT/LON1/LON2/DLON/H
  265  274  287  284  291  289  292  292  295  297  297  295  293  291  288  283
  274  262  251  243  242  247  255  261  261  253  237  216  193  172  155  142
  133  126  120  114  109  106  105  106  109  113  117  118  118  115  109  103
   96   89   83   79   75   73   72   72   75   81   91  106  123  141  159  175
  187  201  211  218  220  228  234  245  265                                   
    22.5-180.0 180.0   5.0 450.0                            LAT/LON1/LON2/DLON/H
  292  302  316  314  323  324  326  326  327  328  327  325  323  321  318  313
  304  291  278  270  269  274  281  284  279  265  244  220  195  174  157  144
  135  129  123  118  113  110  108  109  111  112  114  114  112  109  104   98
   92   87   82   79   77   76   75   76   77   81   90  102  119  138  157  176
  190  206  218  227  232  242  251  263  292                                   
    20.0-180.0 180.0   5.0 450.0                            LAT/LON1/LON2/DLON/H
  315  324  339  340  352  355  358  358  359  359  358  356  354  353  352  347
  338  325  312  303  301  305  308  306  296  276  250  223  198  177  160  148
  140  134  129  125  120  117  115  114  113  112  110  108  105  102   99   95
   91   87   84   82   82   82   83   82   82   84   90  100  115  134  155  175
  191  209  222  234  241  253  265  279  315                                   
    17.5-180.0 180.0   5.0 450.0                            LAT/LON1/LON2/DLON/H
  331  338  354  359  375  381  385  386  387  388  387  386  386  386  387  383
  375  362  349  339  336  337  336  329  311  285  255  226  202  182  166  155
  148  143  139  135  132  128  125  121  117  113  108  104  101   99   97   95
   93   91   89   89   90   91   91   90   89   88   91   99  112  131  153  174
  192  212  226  239  249  261  275  291  331                                   
    15.0-180.0 180.0   5.0 450.0                            LAT/LON1/LON2/DLON/H
  339  345  361  370  388  398  405  408  410  411  412  413  414  417  419  417
  411  399  386  376  371  368  362  348  324  293  260  230  207  188  174  164
  158  154  152  150  147  144  139  133  126  118  111  105  101   99   98   98
   97   96   96   96   97   99   99   97   94   92   92   98  110  129  152  175
  194  215  230  244  254  268  283  301  339                                   
    12.5-180.0 180.0   5.0 450.0                            LAT/LON1/LON2/DLON/H
  341  347  362  373  393  406  415  420  425  428  430  433  437  442  446  446
  442  432  420  410  403  396  384  363  333  298  263  234  213  196  183  174
  169  167  168  168  166  162  156  147  137  127  118  111  107  104  103  102
  102  101  100  101  102  102  102  100   96   93   92   97  109  128  152  176
  197  218  234  248  260  275  292  310  341                                   
    10.0-180.0 180.0   5.0 450.0                            LAT/LON1/LON2/DLON/H
  342  349  362  373  392  407  417  424  431  436  441  446  452  459  464  467
  464  457  447  437  427  416  399  373  338  300  265  238  218  202  191  183
  180  181  184  186  186  182  174  164  152  141  131  123  117  113  110  107
  105  103  101  100  101  101  100   98   94   91   90   95  108  128  153  178
  199  222  239  253  267  283  302  320  342                                   
     7.5-180.0 180.0   5.0 450.0                            LAT/LON1/LON2/DLON/H
  348  356  367  374  391  403  414  421  429  436  443  450  458  465  472  476
  476  471  463  453  442  427  406  376  339  300  265  240  221  207  197  191
