data/edconvlstm_nd/pred1410.15i
     1.0            IONOSPHERE MAPS     GNSS                IONEX VERSION / TYPE
pyspatialgeodesy        IME             05-JAN-18 20:20     PGM / RUN BY / DATE 
Map Name                                                    COMMENT             
Predicted global ionosphere maps (GIM).                     DESCRIPTION         
  2015     5    21     0     0     0                        EPOCH OF FIRST MAP  
  2015     5    22     0     0     0                        EPOCH OF LAST MAP   
  7200                                                      INTERVAL            
    13                                                      # OF MAPS IN FILE   
  NONE                                                      MAPPING FUNCTION    
10.0                                                        ELEVATION CUTOFF    
One-way carrier phase leveled to code                       OBSERVABLES USED    
  6371.0                                                    BASE RADIUS         
 2                                                          MAP DIMENSION       
   450.0 450.0   0.0                                        HGT1 / HGT2 / DHGT  
    87.5 -87.5  -2.5                                        LAT1 / LAT2 / DLAT  
  -180.0 180.0   5.0                                        LON1 / LON2 / DLON  
    -1                                                      EXPONENT            
                                                            END OF HEADER       
[from data line 2574]
     7                                                      START OF TEC MAP    
  2015     5    21    12     0     0                        EPOCH OF CURRENT MAP
    87.5-180.0 180.0   5.0 450.0                            LAT/LON1/LON2/DLON/H
  162  159  156  163  166  166  166  165  167  168  168  169  169  169  169  169
  169  169  169  169  169  168  168  168  168  167  167  166  166  165  165  164
  163  162  161  160  159  158  157  156  155  155  154  153  153  153  152  152
  152  152  152  152  152  152  152  152  152  152  152  152  152  152  152  153
  153  154  153  152  160  159  164  162  162                                   
    85.0-180.0 180.0   5.0 450.0                            LAT/LON1/LON2/DLON/H
  154  158  167  165  166  169  170  172  174  175  175  176  176  176  176  176
  176  176  176  176  176  176  176  176  176  175  175  175  174  174  173  172
  171  170  169  168  166  164  163  161  160  159  158  157  157  156  156  156
  157  157  157  158  158  158  159  159  159  159  159  159  158  158  158  158
  159  160  156  156  157  156  161  164  154                                   
    82.5-180.0 180.0   5.0 450.0                            LAT/LON1/LON2/DLON/H
  138  155  157  155  157  162  164  166  167  169  170  170  171  171  171  171
  172  172  172  172  172  173  173  174  174  175  175  175  176  176  176  175
  174  173  171  169  167  165  162  160  158  156  154  153  152  152  152  152
  153  154  155  155  156  157  157  157  157  157  156  155  154  153  152  151
  151  150  147  148  149  156  157  147  138                                   
    80.0-180.0 180.0   5.0 450.0                            LAT/LON1/LON2/DLON/H
  135  147  150  152  154  157  159  163  165  167  168  169  170  170  170  170
  170  170  171  171  171  171  172  173  173  174  176  177  178  179  180  180
  179  178  177  174  171  168  165  162  159  156  155  154  153  153  154  155
  157  158  160  161  162  163  164  164  163  162  161  159  157  155  153  151
  149  148  144  144  142  146  152  140  135                                   
    77.5-180.0 180.0   5.0 450.0                            LAT/LON1/LON2/DLON/H
  138  143  146  148  150  154  156  160  163  164  165  166  167  167  167  167
  167  167  167  167  168  168  169  170  171  173  175  177  180  183  185  187
  188  188  187  185  182  179  175  171  167  165  163  162  162  163  165  167
  169  172  174  176  177  178  179  178  177  176  174  171  168  164  160  157
  153  149  143  142  143  141  145  140  138                                   
    75.0-180.0 180.0   5.0 450.0                            LAT/LON1/LON2/DLON/H
  130  136  135  139  143  148  150  154  158  160  161  163  163  163  163  163
  163  163  163  164  164  164  164  165  167  169  172  175  179  184  188  193
  196  197  198  196  193  190  186  181  178  175  173  173  174  176  179  182
  185  188  190  192  194  194  194  194  192  190  187  184  179  175  169  164
  158  153  146  139  138  137  140  130  130                                   
    72.5-180.0 180.0   5.0 450.0                            LAT/LON1/LON2/DLON/H
  124  128  127  131  135  141  145  150  153  156  157  158  159  159  159  159
  159  160  160  160  160  160  160  161  161  163  166  171  176  183  190  196
  202  206  208  207  205  202  198  194  191  188  188  188  190  193  196  199
  202  205  207  208  208  208  208  207  205  203  200  196  192  187  181  175
  168  161  152  144  138  135  136  131  124                                   
    70.0-180.0 180.0   5.0 450.0                            LAT/LON1/LON2/DLON/H
  119  119  118  122  125  130  135  140  144  148  150  151  152  153  153  154
  154  154  155  155  155  155  155  154  154  156  158  163  169  177  186  195
  203  209  213  214  213  210  207  203  201  199  200  201  204  207  211  213
  215  216  217  216  215  214  212  211  209  208  206  203  200  196  190  185
  177  168  158  148  140  135  136  130  119                                   
    67.5-180.0 180.0   5.0 450.0                            LAT/LON1/LON2/DLON/H
  115  114  112  114  117  123  128  133  137  141  144  147  148  150  151  151
  152  153  154  154  154  154  153  152  151  151  153  156  163  172  182  192
  202  210  215  217  217  215  212  210  209  210  211  214  218  221  223  225
  225  224  221  219  216  213  211  209  209  208  208  208  207  204  201  196
  188  180  168  157  146  138  136  131  115                                   
    65.0-180.0 180.0   5.0 450.0                            LAT/LON1/LON2/DLON/H
  113  110  105  106  107  112  116  121  127  131  135  139  142  144  146  147
  148  150  151  152  152  152  151  150  148  148  148  152  158  167  177  189
  199  208  214  217  218  217  216  216  217  219  222  226  230  232  234  233
  230  226  221  216  212  208  206  205  205  206  208  210  211  211  209  206
  200  191  180  167  155  146  143  136  113                                   
    62.5-180.0 180.0   5.0 450.0                            LAT/LON1/LON2/DLON/H
  115  108  102  100   98  101  105  109  115  120  125  130  134  138  141  143
  144  146  147  149  150  150  150  149  148  147  147  150  155  164  174  186
  196  205  211  214  216  216  217  219  222  226  231  236  239  241  240  237
  232  226  219  212  207  203  200  200  202  205  208  212  215  217  217  215
  210  202  191  178  165  154  150  143  115                                   
    60.0-180.0 180.0   5.0 450.0                            LAT/LON1/LON2/DLON/H
  119  109  101   96   91   92   94   97  101  107  112  119  124  129  133  136
  138  140  142  144  145  147  148  148  148  147  148  151  156  164  174  185
  194  202  208  211  214  216  218  222  227  233  239  244  247  247  245  240
  233  226  218  211  205  201  200  200  203  207  211  216  221  224  225  223
  219  212  200  188  175  163  158  150  119                                   
    57.5-180.0 180.0   5.0 450.0                            LAT/LON1/LON2/DLON/H
  127  115  104   96   88   86   85   86   90   94  100  106  113  120  125  129
  132  134  136  138  141  143  146  148  149  150  152  156  162  170  179  188
  196  203  208  211  214  217  222  227  234  241  248  252  254  253  250  244
  237  229  222  215  211  208  207  208  211  215  220  225  229  232  233  232
  227  220  209  197  184  172  167  159  127                                   
    55.0-180.0 180.0   5.0 450.0                            LAT/LON1/LON2/DLON/H
  139  124  112  101   90   85   82   80   81   84   89   95  102  110  117  122
  126  129  131  134  136  140  143  147  150  154  158  163  170  178  187  195
  202  208  212  215  219  223  229  236  243  251  257  261  261  259  255  250
  244  237  231  226  222  220  220  222  224  228  232  235  239  241  241  239
  233  226  215  203  191  180  175  167  139                                   
    52.5-180.0 180.0   5.0 450.0                            LAT/LON1/LON2/DLON/H
  152  137  125  112   98   90   85   80   79   79   82   87   94  101  109  117
  122  126  130  132  135  139  143  147  152  157  164  171  179  188  197  204
  211  216  220  224  228  233  240  247  255  262  268  270  270  267  263  259
  254  249  245  241  238  237  237  238  240  242  245  247  248  249  248  245
  238  230  219  207  197  187  182  176  152                                   
    50.0-180.0 180.0   5.0 450.0                            LAT/LON1/LON2/DLON/H
  165  151  140  127  112  103   95   88   83   81   81   84   89   96  105  113
  121  127  132  135  138  142  145  150  155  162  170  179  189  198  207  215
  221  227  231  236  241  248  255  263  271  277  281  283  281  278  275  271
  267  264  261  257  255  252  252  252  253  254  255  256  256  255  253  249
  241  233  221  210  200  192  188  183  165                                   
    47.5-180.0 180.0   5.0 450.0                            LAT/LON1/LON2/DLON/H
  176  166  156  144  129  119  110  101   95   90   87   87   89   95  103  113
  123  132  139  143  147  150  152  156  161  167  176  186  197  207  216  225
  232  239  245  252  259  266  274  282  290  296  299  299  297  294  290  286
  283  280  276  271  267  263  261  260  260  261  261  261  260  259  256  251
  243  235  222  211  202  196  192  188  176                                   
    45.0-180.0 180.0   5.0 450.0                            LAT/LON1/LON2/DLON/H
  182  177  169  160  147  137  128  118  111  104   98   95   95   98  105  115
  127  139  148  155  160  162  163  165  169  174  183  193  204  214  224  233
  242  251  260  269  279  288  297  306  313  318  321  321  318  314  310  305
  300  295  289  281  274  267  262  260  260  260  260  260  259  258  256  252
  244  235  223  212  203  197  194  190  182                                   
    42.5-180.0 180.0   5.0 450.0                            LAT/LON1/LON2/DLON/H
  183  182  176  171  160  153  145  136  128  120  113  107  104  104  109  119
  132  146  159  168  174  176  177  177  179  183  190  200  210  220  230  239
  250  262  274  287  300  311  322  332  340  346  349  349  346  340  334  327
  320  311  301  289  277  266  259  255  254  254  255  255  256  255  255  252
  245  236  223  212  203  198  194  190  183                                   
    40.0-180.0 180.0   5.0 450.0                            LAT/LON1/LON2/DLON/H
  180  183  178  175  168  163  157  150  144  137  129  121  115  112  114  123
  137  152  167  179  186  189  190  189  190  193  199  207  216  225  234  244
  257  272  288  305  321  335  349  361  371  379  383  383  379  372  363  354
  343  330  315  299  282  268  257  252  250  250  250  251  252  253  253  251
  246  238  225  213  204  197  194  188  180                                   
    37.5-180.0 180.0   5.0 450.0                            LAT/LON1/LON2/DLON/H
  174  180  175  173  168  165  162  158  155  150  144  135  126  120  120  127
  140  157  173  186  195  199  200  200  200  203  208  215  223  230  238  249
  263  281  302  322  342  360  377  392  405  416  421  422  417  409  397  385
  371  355  336  316  295  278  265  257  253  252  251  252  252  253  254  253
  248  241  228  216  206  198  194  185  174                                   
    35.0-180.0 180.0   5.0 450.0                            LAT/LON1/LON2/DLON/H
  169  176  171  168  163  161  160  158  158  157  153  146  137  129  126  130
  142  158  175  190  200  206  208  209  210  213  218  224  230  236  244  255
  271  292  316  341  364  386  406  425  442  455  462  463  458  448  436  422
  406  389  369  346  324  304  288  277  270  266  263  261  260  260  260  259
  254  246  233  220  210  201  196  185  169                                   
    32.5-180.0 180.0   5.0 450.0                            LAT/LON1/LON2/DLON/H
  168  175  168  163  156  153  152  152  154  157  156  152  144  135  131  134
  144  159  176  191  201  208  213  215  218  222  228  233  239  244  251  263
  281  305  332  361  388  413  437  459  479  493  502  503  498  489  477  464
  450  434  415  393  370  349  331  316  305  295  287  281  277  274  272  269
  263  254  241  227  217  208  202  190  168                                   
    30.0-180.0 180.0   5.0 450.0                            LAT/LON1/LON2/DLON/H
  174  179  170  162  153  147  144  143  146  151  154  153  147  140  136  138
  147  161  176  190  201  209  215  220  225  231  237  244  250  255  263  275
  295  322  352  383  412  440  467  491  513  529  538  540  536  529  520  511
  502  490  475  456  435  413  393  374  356  339  324  311  301  294  288  283
  274  265  250  237  227  218  212  199  174                                   
    27.5-180.0 180.0   5.0 450.0                            LAT/LON1/LON2/DLON/H
  187  190  179  168  156  146  141  138  139  144  148  150  148  143  140  142
  150  163  177  191  201  210  217  224  231  238  246  255  262  269  279  293
  315  343  375  408  438  468  495  520  542  558  567  570  569  566  562  560
  557  552  542  528  510  490  467  443  418  392  368  347  330  317  307  298
  286  276  261  249  239  231  225  212  187                                   
    25.0-180.0 180.0   5.0 450.0                            LAT/LON1/LON2/DLON/H
  206  208  195  182  168  155  146  139  137  139  143  146  146  144  143  146
  154  167  180  193  203  212  220  227  236  245  255  266  277  287  299  315
  339  368  401  434  465  494  520  545  565  580  589  594  596  598  601  606
  610  612  608  599  585  566  541  512  479  444  410  381  357  339  324  311
  298  287  272  261  253  246  239  228  206                                   
    22.5-180.0 180.0   5.0 450.0                            LAT/LON1/LON2/DLON/H
  227  230  216  202  186  171  159  148  141  140  141  144  145  145  145  150
  158  171  184  197  207  215  223  231  241  252  265  279  293  307  322  341
  366  396  428  461  490  518  543  565  584  597  606  613  618  625  634  645
  655  662  663  657  646  628  603  570  530  487  445  408  379  356  338  323
  309  297  283  273  265  261  254  245  227                                   
    20.0-180.0 180.0   5.0 450.0                            LAT/LON1/LON2/DLON/H
  245  250  238  225  208  192  177  163  152  146  144  145  145  146  147  152
  161  174  188  200  211  219  227  236  247  259  275  292  310  329  348  370
  395  425  456  487  515  540  562  582  599  611  620  628  637  648  662  676
  688  696  698  694  684  667  642  607  564  516  470  429  395  369  349  333
  318  306  294  285  277  273  267  259  245                                   
    17.5-180.0 180.0   5.0 450.0                            LAT/LON1/LON2/DLON/H
  258  264  255  243  227  212  197  181  167  157  152  150  148  147  148  152
  161  174  189  203  214  223  232  242  253  268  286  307  329  352  375  398
  425  453  483  511  537  560  581  598  613  624  634  643  654  667  682  696
  706  712  711  706  696  681  657  623  580  532  484  441  406  379  359  342
  328  316  305  296  287  282  276  268  258                                   
    15.0-180.0 180.0   5.0 450.0                            LAT/LON1/LON2/DLON/H
  263  270  263  253  239  226  212  197  181  170  162  157  152  149  148  151
  159  171  187  202  215  226  237  248  262  279  299  323  348  375  401  426
  453  480  508  534  559  580  598  614  626  637  647  657  669  681  693  703
  708  708  703  696  686  672  651  620  579  534  488  447  412  385  365  350
  337  327  316  306  295  287  281  271  263                                   
    12.5-180.0 180.0   5.0 450.0                            LAT/LON1/LON2/DLON/H
  263  268  262  252  241  230  220  207  193  181  171  164  157  151  147  148
  153  165  181  198  214  228  242  256  273  292  315  341  369  397  426  453
  479  505  531  556  579  598  615  628  639  650  660  670  680  690  696  699
  697  691  682  672  662  649  630  603  567  526  485  446  414  388  369  355
  344  337  328  317  302  290  282  269  263                                   
    10.0-180.0 180.0   5.0 450.0                            LAT/LON1/LON2/DLON/H
  260  261  255  244  234  225  218  209  198  188  178  170  160  152  145  143
  146  156  172  191  210  228  246  265  285  308  332  359  389  419  449  477
  503  527  551  575  596  614  628  640  650  660  670  679  686  690  690  685
  677  667  656  645  636  624  607  583  551  515  478  443  412  388  370  358
  349  345  337  326  308  290  281  264  260                                   
     7.5-180.0 180.0   5.0 450.0                            LAT/LON1/LON2/DLON/H
  255  254  245  231  223  214  210  204  196  189  180  172  161  151  142  137
  138  147  162  183  205  227  250  273  298  324  350  378  408  439  470  498
