data/edconvlstm_nd/pred3420.15i
     1.0            IONOSPHERE MAPS     GNSS                IONEX VERSION / TYPE
pyspatialgeodesy        IME             05-JAN-18 20:20     PGM / RUN BY / DATE 
Map Name                                                    COMMENT             
Predicted global ionosphere maps (GIM).                     DESCRIPTION         
  2015    12     8     0     0     0                        EPOCH OF FIRST MAP  
  2015    12     9     0     0     0                        EPOCH OF LAST MAP   
  7200                                                      INTERVAL            
    13                                                      # OF MAPS IN FILE   
  NONE                                                      MAPPING FUNCTION    
10.0                                                        ELEVATION CUTOFF    
One-way carrier phase leveled to code                       OBSERVABLES USED    
  6371.0                                                    BASE RADIUS         
 2                                                          MAP DIMENSION       
   450.0 450.0   0.0                                        HGT1 / HGT2 / DHGT  
    87.5 -87.5  -2.5                                        LAT1 / LAT2 / DLAT  
  -180.0 180.0   5.0                                        LON1 / LON2 / DLON  
    -1                                                      EXPONENT            
                                                            END OF HEADER       
[from data line 3432]
     9                                                      START OF TEC MAP    
  2015    12     8    16     0     0                        EPOCH OF CURRENT MAP
    87.5-180.0 180.0   5.0 450.0                            LAT/LON1/LON2/DLON/H
   54   62   62   64   68   67   67   62   63   65   65   66   66   66   67   67
   68   68   68   68   69   69   69   68   68   68   68   67   67   67   67   66
   66   66   66   66   66   66   66   66   66   66   66   66   65   65   65   65
   65   65   65   65   64   64   64   64   63   63   63   63   62   62   62   62
   62   62   58   55   58   58   73   75   54                                   
    85.0-180.0 180.0   5.0 450.0                            LAT/LON1/LON2/DLON/H
   59   65   78   59   61   64   63   64   64   66   65   66   66   67   68   68
   69   70   70   71   71   72   72   72   72   72   72   71   71   71   71   70
   70   70   70   70   70   70   70   70   70   70   70   69   69   69   68   68
   68   67   67   67   66   66   65   65   65   65   64   64   64   63   63   63
   64   62   58   54   58   58   67   62   59                                   
    82.5-180.0 180.0   5.0 450.0                            LAT/LON1/LON2/DLON/H
   46   52   60   50   53   55   56   56   56   57   57   59   59   60   60   61
   62   63   63   64   65   65   66   66   66   65   65   65   64   64   64   64
   64   64   64   64   64   64   64   64   64   64   63   63   62   62   61   61
   60   60   59   59   59   58   58   58   57   57   56   56   56   55   55   55
   55   54   50   47   53   61   58   54   46                                   
    80.0-180.0 180.0   5.0 450.0                            LAT/LON1/LON2/DLON/H
   34   39   50   43   46   45   47   47   48   50   50   51   51   52   52   53
   54   55   56   57   58   59   59   59   59   58   58   57   56   56   56   56
   56   56   57   57   58   58   58   58   58   57   57   56   56   55   55   54
   54   54   54   54   54   54   53   53   53   52   52   51   51   50   50   49
   49   48   47   45   46   52   49   52   34                                   
    77.5-180.0 180.0   5.0 450.0                            LAT/LON1/LON2/DLON/H
   44   42   42   36   39   39   41   41   43   43   43   44   45   46   47   48
   50   51   53   55   56   57   58   57   56   55   53   52   50   49   48   48
   48   49   50   50   51   51   51   50   50   49   48   47   47   46   46   47
   47   48   49   49   50   50   50   50   50   50   49   48   47   46   45   44
   43   42   41   40   39   40   42   46   44                                   
    75.0-180.0 180.0   5.0 450.0                            LAT/LON1/LON2/DLON/H
   33   34   34   33   37   37   38   39   40   41   41   42   43   44   45   46
   49   51   54   57   59   60   61   60   58   56   53   50   47   45   44   44
   44   45   46   47   47   47   47   46   45   44   43   43   42   43   43   44
   45   47   48   50   51   52   53   53   53   53   52   51   50   49   47   46
   45   45   44   41   41   38   37   34   33                                   
    72.5-180.0 180.0   5.0 450.0                            LAT/LON1/LON2/DLON/H
   38   36   35   35   36   37   39   39   39   39   39   40   40   41   42   44
   47   51   55   59   62   65   65   65   62   58   54   49   46   43   41   40
   41   41   42   43   43   43   42   41   39   37   36   35   35   36   37   38
   40   42   45   47   49   50   51   52   53   52   52   51   49   48   47   45
   44   43   41   38   37   36   36   37   38                                   
    70.0-180.0 180.0   5.0 450.0                            LAT/LON1/LON2/DLON/H
   36   36   36   37   38   38   39   40   42   43   43   43   43   44   45   48
   52   56   62   68   73   77   79   78   75   70   64   58   53   49   47   46
   46   46   47   47   47   46   44   42   39   37   35   34   34   35   37   39
   41   43   46   48   50   52   54   55   56   56   56   55   54   52   51   50
   48   47   46   43   42   39   42   42   36                                   
    67.5-180.0 180.0   5.0 450.0                            LAT/LON1/LON2/DLON/H
   38   38   37   38   41   40   43   44   45   46   46   47   47   47   49   52
   56   62   69   77   84   90   92   92   89   83   76   69   63   58   55   54
   53   53   53   52   51   48   45   42   38   35   33   32   32   33   35   37
   39   41   43   45   47   49   51   52   54   55   55   54   54   52   52   51
   49   48   46   42   40   38   39   38   38                                   
    65.0-180.0 180.0   5.0 450.0                            LAT/LON1/LON2/DLON/H
   36   37   36   39   41   41   43   44   46   48   48   50   50   51   52   55
   60   67   76   86   95  102  106  106  103   97   89   82   76   71   68   66
   65   65   63   61   57   53   48   43   39   35   33   32   32   32   33   34
   35   36   37   38   40   42   45   47   49   51   52   52   52   51   50   50
   50   49   48   45   44   42   42   41   36                                   
    62.5-180.0 180.0   5.0 450.0                            LAT/LON1/LON2/DLON/H
   35   37   36   39   40   41   42   43   45   47   48   50   52   53   55   58
   63   71   81   92  102  111  116  117  114  108  101   94   89   85   82   81
   79   77   73   69   63   57   51   45   40   36   33   32   31   31   31   31
   30   30   30   30   31   33   36   39   42   44   45   46   46   46   46   47
   47   47   48   44   43   41   41   40   35                                   
    60.0-180.0 180.0   5.0 450.0                            LAT/LON1/LON2/DLON/H
   34   36   36   38   38   37   38   39   41   43   45   48   51   53   55   59
   64   72   83   94  106  115  120  121  119  114  109  104  101   99   97   96
   93   89   84   77   69   61   53   46   41   36   34   32   31   30   28   26
   25   23   22   21   22   24   27   30   33   36   38   39   39   40   40   42
   43   44   46   43   43   41   41   40   34                                   
    57.5-180.0 180.0   5.0 450.0                            LAT/LON1/LON2/DLON/H
   34   37   37   39   39   37   37   37   38   40   44   48   51   54   57   62
   68   76   86   98  109  117  122  124  122  119  116  115  114  114  114  113
  110  104   96   87   78   68   60   52   46   42   39   37   34   32   29   26
   23   20   18   17   18   19   22   26   29   32   34   35   36   36   37   39
   42   44   47   46   45   44   44   43   34                                   
    55.0-180.0 180.0   5.0 450.0                            LAT/LON1/LON2/DLON/H
   38   41   42   44   42   40   38   37   38   40   44   49   53   57   62   67
   73   82   92  103  112  119  123  124  124  123  122  124  127  130  131  130
  126  119  109   99   88   77   68   61   55   50   47   44   41   37   33   28
   24   20   18   17   17   19   22   25   29   32   34   35   35   36   37   40
   43   47   51   50   50   49   48   48   38                                   
    52.5-180.0 180.0   5.0 450.0                            LAT/LON1/LON2/DLON/H
   45   48   49   51   48   45   43   41   41   43   47   53   59   64   69   75
   82   91  101  110  118  123  125  125  125  126  129  134  140  145  147  146
  141  133  122  110   99   89   80   73   67   62   58   54   49   45   39   34
   30   26   24   23   23   24   27   30   34   37   39   40   40   40   42   44
   48   53   58   58   58   57   56   56   45                                   
    50.0-180.0 180.0   5.0 450.0                            LAT/LON1/LON2/DLON/H
   55   58   59   61   57   55   52   50   50   52   57   63   68   74   80   88
   96  105  114  122  127  130  130  130  130  132  138  145  152  158  161  159
  153  144  133  122  112  102   94   87   81   75   70   65   60   54   48   43
   39   36   34   34   34   35   37   40   43   45   47   48   48   48   49   52
   56   61   67   69   68   67   65   64   55                                   
    47.5-180.0 180.0   5.0 450.0                            LAT/LON1/LON2/DLON/H
   65   67   69   71   68   66   63   62   63   67   72   78   83   90   96  104
  113  122  130  136  139  140  139  138  138  142  148  157  164  169  171  167
  161  152  142  133  124  116  109  102   95   89   83   77   70   64   58   54
   50   49   48   48   48   49   50   52   53   55   56   57   57   57   59   62
   65   70   76   78   78   76   74   73   65                                   
    45.0-180.0 180.0   5.0 450.0                            LAT/LON1/LON2/DLON/H
   73   75   75   79   77   76   75   77   80   86   91   98  104  109  116  125
  134  143  150  154  155  154  152  151  151  155  161  169  174  177  175  171
  163  155  148  141  135  130  123  116  108  101   94   86   79   72   67   63
   61   61   61   61   61   61   61   61   62   63   64   65   65   66   68   70
   73   77   82   85   85   83   81   79   73                                   
    42.5-180.0 180.0   5.0 450.0                            LAT/LON1/LON2/DLON/H
   78   78   77   83   82   84   85   91   97  107  114  122  127  133  139  148
  157  165  171  174  173  171  169  167  167  170  175  180  182  181  176  170
  163  157  152  149  146  142  136  128  119  110  102   94   86   79   73   70
   69   69   70   70   69   68   67   66   66   67   68   69   70   72   74   76
   78   81   85   87   87   86   84   82   78                                   
    40.0-180.0 180.0   5.0 450.0                            LAT/LON1/LON2/DLON/H
   77   75   74   81   83   87   92  102  112  126  136  145  152  158  164  172
  180  187  191  193  192  190  187  185  185  186  188  189  187  182  175  168
  162  159  158  157  157  154  147  139  128  118  108   99   91   84   78   74
   73   73   72   71   70   68   66   66   65   66   67   69   71   74   77   79
   80   81   84   85   85   84   83   82   77                                   
    37.5-180.0 180.0   5.0 450.0                            LAT/LON1/LON2/DLON/H
   72   69   67   76   78   85   93  108  123  141  155  167  175  182  189  196
  203  208  210  211  210  207  205  202  200  200  198  195  190  182  175  169
  166  166  168  170  170  167  160  149  137  125  115  105   96   88   82   77
   74   72   71   68   66   63   62   62   62   63   64   66   70   73   77   79
   80   80   81   81   80   80   78   78   72                                   
    35.0-180.0 180.0   5.0 450.0                            LAT/LON1/LON2/DLON/H
   64   61   59   68   71   78   90  108  128  150  169  184  195  204  212  219
  224  227  227  227  225  223  220  216  213  210  206  201  194  187  181  178
  179  182  187  190  190  185  176  163  149  135  123  113  104   96   88   82
   77   72   68   64   61   59   58   59   60   61   62   65   68   72   76   79
   79   78   78   77   75   74   73   74   64                                   
    32.5-180.0 180.0   5.0 450.0                            LAT/LON1/LON2/DLON/H
   57   55   53   60   63   70   84  103  128  153  177  196  211  223  232  239
  243  244  242  240  238  236  232  227  221  217  212  208  203  199  197  199
  204  210  216  218  216  209  197  181  165  150  137  126  116  107   99   91
   84   76   70   64   61   59   60   62   63   64   65   67   70   74   78   81
   81   80   79   76   73   71   69   71   57                                   
    30.0-180.0 180.0   5.0 450.0                            LAT/LON1/LON2/DLON/H
   53   52   50   55   57   63   77   97  123  151  178  202  222  238  250  257
  260  258  255  252  249  245  240  233  226  222  219  218  218  220  225  233
  242  250  255  255  249  238  224  206  187  171  156  145  135  126  117  108
   98   89   81   74   70   70   72   74   76   76   76   77   79   82   85   87
   87   86   85   81   76   72   69   71   53                                   
    27.5-180.0 180.0   5.0 450.0                            LAT/LON1/LON2/DLON/H
   54   54   53   55   55   59   72   90  116  146  176  204  228  248  263  271
  273  270  266  261  257  251  244  236  230  227  229  234  242  252  264  278
  290  299  302  298  288  274  256  237  216  198  182  170  160  151  142  133
  122  112  102   95   92   92   95   97   98   98   96   95   95   96   98  100
   99   98   96   91   85   78   74   75   54                                   
    25.0-180.0 180.0   5.0 450.0                            LAT/LON1/LON2/DLON/H
   61   61   60   59   57   60   70   87  111  140  172  202  230  253  270  280
  282  278  273  267  261  254  246  238  234  236  244  258  274  293  312  330
  346  354  353  345  331  313  293  272  250  230  213  200  190  182  174  165
  155  144  135  128  125  126  128  130  129  127  123  120  118  117  117  117
  116  114  113  107   98   89   83   82   61                                   
    22.5-180.0 180.0   5.0 450.0                            LAT/LON1/LON2/DLON/H
   73   72   70   66   64   65   73   87  109  137  168  200  229  254  273  283
  285  281  275  268  261  254  247  241  241  250  266  288  313  339  364  386
  401  407  403  390  372  353  332  310  287  265  247  233  223  215  208  201
  192  182  173  167  164  165  166  166  163  158  153  149  145  142  139  137
  134  133  130  124  114  102   93   89   73                                   
    20.0-180.0 180.0   5.0 450.0                            LAT/LON1/LON2/DLON/H
   87   84   79   74   71   73   80   92  112  138  167  198  227  253  272  282
  284  279  272  265  259  252  248  247  254  270  295  325  356  387  414  436
  449  451  443  427  408  388  367  346  323  300  280  265  254  247  241  235
  227  218  210  205  201  200  199  196  191  185  179  174  169  165  160  156
  151  149  145  139  129  114  104   97   87                                   
    17.5-180.0 180.0   5.0 450.0                            LAT/LON1/LON2/DLON/H
  100   94   86   80   78   81   89  101  120  144  171  199  227  251  268  278
  279  274  267  260  254  251  251  257  272  297  328  364  399  430  455  473
  481  479  467  451  433  415  397  377  355  332  310  293  281  273  267  261
  254  246  239  232  228  224  220  215  209  202  196  191  187  181  175  169
  162  159  154  149  139  122  111  104  100                                   
    15.0-180.0 180.0   5.0 450.0                            LAT/LON1/LON2/DLON/H
  107   99   89   84   83   87   98  112  131  154  179  204  228  250  265  273
  273  268  261  255  251  251  258  273  297  329  365  402  435  463  482  493
  495  489  477  462  447  433  418  401  380  357  334  315  301  291  283  276
  269  260  253  245  239  233  227  221  214  208  203  199  195  189  181  173
  165  161  155  151  142  126  115  108  107                                   
    12.5-180.0 180.0   5.0 450.0                            LAT/LON1/LON2/DLON/H
  108   99   87   85   85   92  107  123  145  168  190  213  233  251  264  270
  270  265  258  252  251  256  271  295  327  364  402  436  463  482  493  497
  495  486  475  463  452  443  432  418  399  376  352  330  313  299  289  280
  271  262  253  245  238  231  223  216  210  204  200  197  193  187  179  170
  160  156  149  145  137  123  113  109  108                                   
    10.0-180.0 180.0   5.0 450.0                            LAT/LON1/LON2/DLON/H
  103   94   82   82   85   94  113  133  157  181  203  223  241  256  267  272
  272  267  261  256  257  268  291  323  361  400  435  462  480  490  493  491
  486  477  468  460  454  448  441  430  412  390  365  341  319  302  287  275
  264  255  246  237  229  221  213  207  201  197  193  189  185  178  169  160
  150  145  139  134  128  117  109  106  103                                   
     7.5-180.0 180.0   5.0 450.0                            LAT/LON1/LON2/DLON/H
   96   87   76   78   83   94  117  141  168  194  216  235  251  264  274  279
  279  276  272  269  273  289  317  355  395  432  461  479  488  490  488  483
