data/edconvlstm_nd/pred3480.15i
     1.0            IONOSPHERE MAPS     GNSS                IONEX VERSION / TYPE
pyspatialgeodesy        IME             05-JAN-18 20:20     PGM / RUN BY / DATE 
Map Name                                                    COMMENT             
Predicted global ionosphere maps (GIM).                     DESCRIPTION         
  2015    12    14     0     0     0                        EPOCH OF FIRST MAP  
  2015    12    15     0     0     0                        EPOCH OF LAST MAP   
  7200                                                      INTERVAL            
    13                                                      # OF MAPS IN FILE   
  NONE                                                      MAPPING FUNCTION    
10.0                                                        ELEVATION CUTOFF    
One-way carrier phase leveled to code                       OBSERVABLES USED    
  6371.0                                                    BASE RADIUS         
 2                                                          MAP DIMENSION       
   450.0 450.0   0.0                                        HGT1 / HGT2 / DHGT  
    87.5 -87.5  -2.5                                        LAT1 / LAT2 / DLAT  
  -180.0 180.0   5.0                                        LON1 / LON2 / DLON  
    -1                                                      EXPONENT            
                                                            END OF HEADER       
[from data line 3432]
     9                                                      START OF TEC MAP    
  2015    12    14    16     0     0                        EPOCH OF CURRENT MAP
    87.5-180.0 180.0   5.0 450.0                            LAT/LON1/LON2/DLON/H
   49   56   58   61   65   63   64   59   60   62   62   62   62   63   62   62
   62   62   62   61   60   60   59   58   58   57   56   56   55   55   54   53
   53   53   52   52   51   51   51   51   50   50   50   51   51   51   51   52
   52   53   53   53   54   54   55   55   55   55   56   56   56   56   56   56
   56   56   53   49   53   54   69   73   49                                   
    85.0-180.0 180.0   5.0 450.0                            LAT/LON1/LON2/DLON/H
   52   62   76   58   60   63   63   63   64   66   65   66   66   66   66   66
   66   66   66   66   65   65   64   64   63   62   62   61   60   59   59   58
   57   57   56   55   55   54   54   53   53   53   53   53   53   53   53   54
   54   55   55   56   56   57   57   58   58   59   59   59   59   59   59   59
   60   59   55   52   56   57   66   59   52                                   
    82.5-180.0 180.0   5.0 450.0                            LAT/LON1/LON2/DLON/H
   36   47   57   48   52   54   55   55   56   57   58   59   59   59   59   59
   59   59   59   58   58   57   57   56   55   54   54   53   52   51   50   50
   49   48   47   46   46   45   44   43   43   42   42   42   42   42   42   43
   43   44   44   45   46   47   47   48   48   49   49   50   50   50   50   50
   50   49   46   44   51   59   57   52   36                                   
    80.0-180.0 180.0   5.0 450.0                            LAT/LON1/LON2/DLON/H
   22   34   47   41   45   45   48   48   50   52   52   54   54   55   55   55
   55   55   54   54   53   52   51   50   49   48   47   47   46   45   44   44
   43   42   41   40   39   38   36   35   34   34   33   33   33   33   34   34
   35   36   37   38   40   41   42   43   43   44   45   45   45   45   45   45
   45   44   43   41   42   49   46   49   22                                   
    77.5-180.0 180.0   5.0 450.0                            LAT/LON1/LON2/DLON/H
   31   35   36   32   35   36   40   41   44   45   46   48   49   51   51   52
   52   53   53   52   52   51   50   48   47   46   44   43   42   41   41   40
   39   38   36   35   33   31   29   27   25   24   23   23   23   23   24   25
   26   28   29   31   33   34   36   37   38   39   40   40   40   40   39   38
   38   37   35   34   33   35   38   41   31                                   
    75.0-180.0 180.0   5.0 450.0                            LAT/LON1/LON2/DLON/H
   17   25   26   26   31   32   34   36   39   42   43   45   47   49   50   52
   53   54   55   55   55   54   53   52   50   49   47   46   44   43   43   42
   41   40   38   36   34   31   28   25   23   21   20   20   20   20   21   23
   24   26   28   30   31   33   34   35   37   37   38   39   39   39   38   38
   37   36   35   33   32   30   29   25   17                                   
    72.5-180.0 180.0   5.0 450.0                            LAT/LON1/LON2/DLON/H
   23   26   25   26   27   28   32   33   34   36   38   40   42   45   47   50
   52   55   56   58   58   58   57   56   54   52   50   48   46   45   43   42
   41   40   38   36   33   29   25   22   19   17   15   15   15   16   17   18
   20   22   24   25   27   28   29   30   31   32   33   34   34   35   35   34
   33   32   31   29   28   27   26   27   23                                   
    70.0-180.0 180.0   5.0 450.0                            LAT/LON1/LON2/DLON/H
   22   25   26   27   29   29   30   32   35   37   38   41   43   47   50   54
   58   62   66   69   71   72   72   70   68   65   62   59   57   54   53   51
   50   48   46   43   39   35   30   26   22   19   18   17   17   18   20   21
   23   25   26   27   28   28   29   29   30   31   32   33   35   36   37   37
   37   36   35   33   32   30   32   32   22                                   
    67.5-180.0 180.0   5.0 450.0                            LAT/LON1/LON2/DLON/H
   27   29   28   29   31   31   33   35   36   37   39   42   45   49   54   59
   65   70   76   80   83   85   86   84   82   79   74   70   66   63   61   59
   57   54   51   48   43   38   33   28   24   21   20   20   20   21   23   24
   26   27   27   27   27   26   26   26   27   28   29   31   33   35   36   38
   38   37   36   33   32   31   31   31   27                                   
    65.0-180.0 180.0   5.0 450.0                            LAT/LON1/LON2/DLON/H
   28   30   29   32   32   32   34   35   37   38   39   43   46   51   58   65
   72   79   86   92   97  100  101  101   98   94   89   83   78   74   71   68
   65   62   58   53   47   42   36   31   27   24   23   23   23   24   25   26
   27   27   26   25   24   23   22   22   22   23   25   28   30   32   35   36
   37   38   38   36   36   35   36   35   28                                   
    62.5-180.0 180.0   5.0 450.0                            LAT/LON1/LON2/DLON/H
   30   32   30   33   34   33   34   35   37   38   40   43   48   54   62   70
   79   88   95  102  108  112  114  113  110  105  100   94   88   84   79   76
   72   68   63   57   50   43   37   32   29   26   25   25   26   26   27   27
   26   25   23   22   20   18   17   17   17   19   21   24   27   30   32   34
   35   36   36   35   35   35   36   35   30                                   
    60.0-180.0 180.0   5.0 450.0                            LAT/LON1/LON2/DLON/H
   30   32   31   33   33   31   32   33   35   36   39   43   48   55   64   74
   84   93  101  109  115  119  121  121  118  114  108  103   97   92   88   83
   79   73   67   60   52   45   38   33   30   28   27   27   27   27   26   24
   23   21   19   16   14   12   12   12   13   15   18   21   24   26   28   30
   31   32   33   32   33   34   35   35   30                                   
    57.5-180.0 180.0   5.0 450.0                            LAT/LON1/LON2/DLON/H
   30   32   32   34   33   32   33   34   35   37   39   44   50   58   68   79
   89   99  107  115  120  124  126  126  124  120  116  112  107  103   99   94
   89   83   75   67   58   50   43   37   34   33   32   32   31   30   27   25
   22   19   17   15   13   11   11   12   13   16   19   22   25   27   28   29
   30   30   31   31   33   35   36   36   30                                   
    55.0-180.0 180.0   5.0 450.0                            LAT/LON1/LON2/DLON/H
   33   35   35   37   36   34   35   35   37   39   42   47   54   63   73   84
   94  104  112  119  125  128  129  129  128  126  123  121  117  114  111  106
  101   94   85   76   66   57   50   45   41   40   39   38   36   34   30   27
   23   20   18   16   14   14   14   16   18   21   24   27   29   30   31   31
   31   31   32   32   34   36   38   38   33                                   
    52.5-180.0 180.0   5.0 450.0                            LAT/LON1/LON2/DLON/H
   39   41   41   43   41   40   40   40   41   43   46   52   59   68   79   90
  101  110  118  124  128  130  131  131  131  131  130  129  128  126  123  118
  113  105   97   87   77   68   60   55   52   50   49   47   45   41   36   32
   29   26   24   23   22   22   23   25   28   32   34   37   38   38   38   37
   36   36   37   37   39   41   42   42   39                                   
    50.0-180.0 180.0   5.0 450.0                            LAT/LON1/LON2/DLON/H
   48   49   49   51   50   49   48   48   49   51   54   59   67   76   86   98
  108  118  126  131  134  135  135  135  136  137  138  139  138  137  133  129
  123  116  108   99   89   81   73   68   64   62   61   58   55   51   46   42
   39   37   35   34   34   34   36   39   42   45   47   49   49   49   47   46
   44   44   45   45   47   48   49   50   48                                   
    47.5-180.0 180.0   5.0 450.0                            LAT/LON1/LON2/DLON/H
   58   60   59   62   61   61   59   59   60   62   65   71   77   86   96  107
  118  128  135  140  142  142  142  142  143  145  147  148  147  144  140  136
  130  123  116  109  101   94   87   81   77   75   73   70   66   62   58   54
   52   51   50   49   49   49   51   53   56   58   60   60   60   59   58   56
   54   54   55   55   56   58   59   58   58                                   
    45.0-180.0 180.0   5.0 450.0                            LAT/LON1/LON2/DLON/H
   68   69   68   72   71   71   70   71   72   75   78   84   91   99  109  119
  130  139  146  151  153  153  152  152  152  154  155  155  153  148  143  137
  132  127  122  117  111  105   99   94   89   86   83   81   77   74   70   68
   66   65   64   63   62   62   63   65   67   68   68   68   67   66   66   65
   63   63   64   64   65   67   67   66   68                                   
    42.5-180.0 180.0   5.0 450.0                            LAT/LON1/LON2/DLON/H
   74   74   72   78   78   79   78   81   83   88   93  100  106  114  123  133
  143  152  159  164  166  166  164  164  164  164  163  160  155  148  141  135
  131  128  126  123  120  116  111  105   99   95   92   89   86   84   81   79
   78   77   75   73   71   70   70   71   71   71   70   70   70   70   70   70
   70   69   71   70   71   72   73   72   74                                   
    40.0-180.0 180.0   5.0 450.0                            LAT/LON1/LON2/DLON/H
   74   73   70   77   78   81   82   87   92  100  107  115  123  131  139  148
  157  166  173  178  181  180  178  176  174  173  170  164  155  146  138  133
  131  131  131  132  131  128  123  115  108  102   98   95   93   91   89   87
   85   83   79   76   73   71   70   70   69   68   67   67   67   69   70   71
   72   72   73   72   72   73   73   72   74                                   
    37.5-180.0 180.0   5.0 450.0                            LAT/LON1/LON2/DLON/H
   67   66   63   71   73   76   80   88   97  108  118  129  139  147  155  163
  172  180  187  193  195  194  191  187  184  180  174  166  156  147  140  138
  139  142  145  147  147  143  137  127  118  110  104  101   98   96   94   91
   88   84   78   73   69   67   66   66   65   63   62   61   63   65   68   70
   70   70   71   70   69   69   68   68   67                                   
    35.0-180.0 180.0   5.0 450.0                            LAT/LON1/LON2/DLON/H
   57   55   53   60   63   67   73   84   97  112  127  141  153  163  171  179
  186  193  200  206  208  207  202  196  191  185  179  170  161  154  152  155
  160  166  171  173  171  166  156  143  130  119  112  107  104  102   98   94
   89   82   75   68   64   62   62   62   61   60   58   58   60   63   66   68
   68   68   68   66   64   63   60   62   57                                   
    32.5-180.0 180.0   5.0 450.0                            LAT/LON1/LON2/DLON/H
   46   45   43   49   52   55   63   76   93  112  132  150  165  177  186  193
  199  206  212  216  218  216  210  203  196  190  185  179  174  173  178  187
  197  206  211  211  206  197  182  165  148  133  123  117  113  110  105   99
   91   82   74   67   63   62   63   64   64   62   60   60   62   64   67   68
   67   66   66   64   60   57   54   57   46                                   
    30.0-180.0 180.0   5.0 450.0                            LAT/LON1/LON2/DLON/H
   38   39   36   41   42   44   53   66   86  109  133  155  174  188  198  205
  211  216  221  225  226  222  215  206  199  196  194  195  198  205  218  234
  249  260  263  260  250  235  216  194  172  154  142  134  128  123  116  108
   99   89   80   73   70   71   74   76   75   73   71   70   71   73   74   73
   71   69   68   65   61   56   53   56   38                                   
    27.5-180.0 180.0   5.0 450.0                            LAT/LON1/LON2/DLON/H
   37   38   34   36   37   37   44   57   78  103  131  157  178  195  207  215
  220  224  228  230  230  225  217  208  203  204  209  218  230  248  269  293
  312  324  324  315  300  279  255  229  203  182  167  157  150  143  135  125
  115  104   96   91   90   92   95   98   97   94   91   90   89   89   87   84
   80   77   75   71   67   61   56   58   37                                   
    25.0-180.0 180.0   5.0 450.0                            LAT/LON1/LON2/DLON/H
   43   43   37   37   36   35   40   51   71   98  127  155  180  199  213  222
  227  230  232  233  232  226  217  211  210  217  230  249  271  297  327  357
  379  390  386  371  349  323  295  266  239  216  199  187  178  170  160  150
  139  130  123  120  120  123  127  128  127  123  118  115  113  110  106  101
   94   90   87   83   79   71   65   65   43                                   
    22.5-180.0 180.0   5.0 450.0                            LAT/LON1/LON2/DLON/H
   55   53   45   43   41   39   42   51   70   96  125  153  179  200  216  227
  232  235  235  235  232  226  219  216  221  235  257  284  315  350  385  418
  441  449  440  419  392  363  333  303  275  252  233  220  210  200  190  180
  170  162  157  156  158  161  163  162  158  152  146  142  138  133  127  119
  111  106  102   98   95   85   78   76   55                                   
    20.0-180.0 180.0   5.0 450.0                            LAT/LON1/LON2/DLON/H
   72   66   56   53   49   47   50   58   75  100  127  155  181  203  220  232
  238  239  238  236  233  228  224  226  237  259  289  323  360  399  436  468
  487  489  476  451  422  392  363  335  309  287  268  253  242  231  220  210
  201  195  192  192  194  195  194  190  184  176  169  163  158  152  145  136
  127  122  117  113  110  100   92   88   72                                   
    17.5-180.0 180.0   5.0 450.0                            LAT/LON1/LON2/DLON/H
   87   79   67   63   59   57   61   69   86  110  137  163  188  210  228  240
  246  247  244  241  237  234  234  242  260  288  324  363  402  439  472  497
  509  506  489  464  436  410  385  361  338  317  299  283  269  256  245  234
  226  222  220  219  219  218  214  208  199  190  182  177  172  166  158  149
  139  135  128  125  123  112  103   99   87                                   
    15.0-180.0 180.0   5.0 450.0                            LAT/LON1/LON2/DLON/H
   97   87   74   71   67   66   74   83  102  126  152  178  202  224  242  254
  260  260  256  251  247  246  251  265  289  323  361  400  436  466  490  505
  509  502  485  462  440  419  400  381  362  343  324  306  289  273  260  249
  241  236  233  232  230  227  221  213  203  194  187  182  178  173  166  157
  147  142  134  131  128  118  109  106   97                                   
    12.5-180.0 180.0   5.0 450.0                            LAT/LON1/LON2/DLON/H
  100   88   76   75   73   75   86   98  120  146  173  199  223  245  263  276
  282  281  276  270  266  268  277  296  325  360  398  432  460  480  493  498
  495  485  470  454  438  424  412  398  382  364  343  321  301  282  266  253
  244  238  234  231  228  224  218  209  200  192  186  183  180  176  170  161
  152  145  136  131  127  117  109  107  100                                   
    10.0-180.0 180.0   5.0 450.0                            LAT/LON1/LON2/DLON/H
   95   84   74   75   76   82   97  113  139  167  195  222  247  270  290  304
  310  310  304  298  295  298  310  333  364  399  432  458  475  484  486  483
  476  467  456  447  439  432  425  415  400  381  357  331  306  283  264  250
  239  231  226  222  219  216  210  203  196  189  184  182  180  177  173  165
  155  147  136  127  121  112  104  102   95                                   
     7.5-180.0 180.0   5.0 450.0                            LAT/LON1/LON2/DLON/H
   87   78   70   74   78   87  106  128  157  188  218  247  273  297  318  334
  343  344  340  334  332  336  351  374  404  435  460  476  483  483  478  471
