data/edconvlstm_nd/pred1240.15i
     1.0            IONOSPHERE MAPS     GNSS                IONEX VERSION / TYPE
pyspatialgeodesy        IME             05-JAN-18 20:20     PGM / RUN BY / DATE 
Map Name                                                    COMMENT             
Predicted global ionosphere maps (GIM).                     DESCRIPTION         
  2015     5     4     0     0     0                        EPOCH OF FIRST MAP  
  2015     5     5     0     0     0                        EPOCH OF LAST MAP   
  7200                                                      INTERVAL            
    13                                                      # OF MAPS IN FILE   
  NONE                                                      MAPPING FUNCTION    
10.0                                                        ELEVATION CUTOFF    
One-way carrier phase leveled to code                       OBSERVABLES USED    
  6371.0                                                    BASE RADIUS         
 2                                                          MAP DIMENSION       
   450.0 450.0   0.0                                        HGT1 / HGT2 / DHGT  
    87.5 -87.5  -2.5                                        LAT1 / LAT2 / DLAT  
  -180.0 180.0   5.0                                        LON1 / LON2 / DLON  
    -1                                                      EXPONENT            
                                                            END OF HEADER       
[from data line 429]
     2                                                      START OF TEC MAP    
  2015     5     4     2     0     0                        EPOCH OF CURRENT MAP
    87.5-180.0 180.0   5.0 450.0                            LAT/LON1/LON2/DLON/H
  174  179  181  180  180  177  174  173  174  174  174  174  174  173  172  172
  170  169  168  166  164  162  160  158  156  154  152  150  148  146  144  143
  142  141  140  139  139  139  139  139  139  140  141  142  143  144  146  147
  149  150  152  153  155  156  157  158  159  159  160  160  161  161  161  161
  163  165  164  165  168  167  166  167  174                                   
    85.0-180.0 180.0   5.0 450.0                            LAT/LON1/LON2/DLON/H
  183  186  173  180  185  182  181  181  182  182  182  182  181  181  180  179
  178  176  175  173  170  168  165  163  160  157  154  151  148  146  144  142
  140  139  138  137  136  136  136  137  138  139  140  141  143  145  146  148
  151  153  155  157  159  161  162  163  165  165  166  167  167  167  167  168
  169  171  170  173  168  169  168  167  183                                   
    82.5-180.0 180.0   5.0 450.0                            LAT/LON1/LON2/DLON/H
  184  181  182  182  183  182  181  182  184  184  184  185  185  184  184  183
  181  180  178  175  172  169  165  162  157  153  149  145  141  137  134  131
  129  127  126  125  125  125  126  127  128  129  131  133  135  138  141  143
  146  149  152  155  158  161  163  165  167  168  169  169  169  169  169  170
  170  171  170  171  173  164  164  160  184                                   
    80.0-180.0 180.0   5.0 450.0                            LAT/LON1/LON2/DLON/H
  180  180  174  176  179  180  182  185  187  187  187  188  188  188  187  186
  184  182  180  177  174  170  165  160  155  149  143  138  132  128  123  120
  118  116  115  115  115  116  117  118  120  122  124  127  129  132  136  139
  143  147  151  155  159  163  166  168  170  171  172  173  172  172  172  172
  172  171  169  168  174  166  171  162  180                                   
    77.5-180.0 180.0   5.0 450.0                            LAT/LON1/LON2/DLON/H
  177  175  172  175  175  176  181  184  186  187  187  187  187  186  185  184
  182  180  178  175  172  167  162  157  150  144  137  130  124  119  115  112
  110  109  109  109  111  112  114  116  118  120  122  124  127  130  134  138
  142  147  152  157  162  166  169  172  174  175  176  176  176  175  174  174
  173  173  168  169  173  166  167  163  177                                   
    75.0-180.0 180.0   5.0 450.0                            LAT/LON1/LON2/DLON/H
  175  174  170  174  173  176  179  182  184  184  184  184  182  180  178  176
  174  171  169  167  164  160  156  150  143  136  128  121  114  109  105  102
  101  101  102  104  106  109  111  113  115  117  119  120  123  126  130  134
  140  145  151  157  163  168  172  175  177  178  178  178  177  176  175  175
  174  174  171  167  170  166  167  165  175                                   
    72.5-180.0 180.0   5.0 450.0                            LAT/LON1/LON2/DLON/H
  170  174  172  174  174  175  179  181  184  183  182  180  177  173  169  165
  162  160  158  156  155  152  148  143  136  129  121  114  107  102   99   97
   96   97  100  103  106  110  113  115  117  118  119  121  123  127  131  137
  143  150  157  164  170  175  179  182  183  184  183  182  180  179  178  179
  178  178  177  174  175  169  170  169  170                                   
    70.0-180.0 180.0   5.0 450.0                            LAT/LON1/LON2/DLON/H
  175  175  173  175  174  175  178  180  183  182  179  176  171  165  158  153
  148  145  144  143  142  141  138  133  127  119  112  104   98   94   91   90
   91   93   96  100  104  108  111  113  115  115  117  118  121  125  131  138
  146  155  163  171  177  182  186  188  189  188  187  185  183  180  180  181
  180  181  181  180  181  177  178  176  175                                   
    67.5-180.0 180.0   5.0 450.0                            LAT/LON1/LON2/DLON/H
  178  178  175  176  174  174  178  180  183  181  179  174  168  159  151  143
  138  134  132  131  131  130  128  123  117  110  103   96   90   87   85   84
   85   87   90   94   98  102  105  107  109  109  111  113  117  123  131  140
  150  160  170  178  184  189  192  193  193  191  189  186  184  181  180  180
  180  182  183  182  185  182  183  184  178                                   
    65.0-180.0 180.0   5.0 450.0                            LAT/LON1/LON2/DLON/H
  184  182  178  179  175  174  177  180  183  182  179  175  167  158  149  140
  133  128  125  124  124  122  120  115  109  102   95   90   85   83   81   81
   82   84   86   90   93   97  100  102  103  104  106  110  115  124  134  146
  158  170  180  188  193  197  199  199  198  196  194  191  187  184  182  182
  182  184  185  185  189  188  191  193  184                                   
    62.5-180.0 180.0   5.0 450.0                            LAT/LON1/LON2/DLON/H
  191  187  184  183  178  176  178  180  183  182  181  177  170  161  152  143
  135  129  125  123  121  119  115  110  103   97   91   87   84   83   82   82
   82   83   84   86   89   92   95   97   99  101  104  109  116  127  140  155
  169  181  191  198  203  206  207  207  206  204  201  198  194  191  188  187
  186  187  189  189  193  193  197  201  191                                   
    60.0-180.0 180.0   5.0 450.0                            LAT/LON1/LON2/DLON/H
  198  194  191  188  183  178  178  179  182  181  180  178  173  166  158  150
  141  135  130  126  122  119  114  107  101   95   90   88   87   87   87   86
   85   84   84   85   87   90   93   95   97   99  103  109  119  132  148  164
  179  192  202  208  212  214  215  215  214  213  211  208  205  201  197  195
  193  192  193  193  197  198  203  207  198                                   
    57.5-180.0 180.0   5.0 450.0                            LAT/LON1/LON2/DLON/H
  208  205  202  197  191  184  182  180  181  179  178  177  174  170  165  158
  151  144  137  132  126  121  115  108  102   97   93   93   94   95   95   94
   91   88   86   86   88   91   94   97   99  101  105  113  124  139  156  173
  189  202  211  217  221  223  224  225  225  225  224  222  219  215  210  207
  203  201  200  199  202  203  209  214  208                                   
    55.0-180.0 180.0   5.0 450.0                            LAT/LON1/LON2/DLON/H
  221  219  216  211  204  195  190  185  182  178  175  174  173  172  169  165
  159  152  144  138  131  125  119  113  107  103  101  102  104  106  106  103
   99   95   92   91   93   96   99  102  104  105  109  117  129  145  163  181
  196  209  218  224  228  231  234  236  238  240  240  239  236  231  226  221
  216  212  210  207  209  211  217  223  221                                   
    52.5-180.0 180.0   5.0 450.0                            LAT/LON1/LON2/DLON/H
  237  238  234  229  222  213  205  196  189  181  175  173  172  172  171  169
  164  157  150  142  136  131  126  120  116  113  112  114  116  118  117  113
  108  103   99   99  101  105  108  110  111  112  115  122  134  150  167  185
  201  213  223  230  235  240  244  249  253  255  257  256  253  248  242  237
  231  226  224  219  220  221  227  235  237                                   
    50.0-180.0 180.0   5.0 450.0                            LAT/LON1/LON2/DLON/H
  256  259  255  252  246  237  227  215  203  190  181  175  173  172  172  170
  166  159  152  146  141  138  135  132  129  127  126  127  129  129  127  122
  116  111  108  108  111  115  119  120  119  119  121  127  138  153  170  187
  202  215  226  234  242  249  256  262  267  271  273  272  269  264  259  254
  248  244  241  236  235  236  242  251  256                                   
    47.5-180.0 180.0   5.0 450.0                            LAT/LON1/LON2/DLON/H
  276  281  279  278  272  265  255  241  226  209  194  184  179  176  174  171
  166  160  154  149  146  146  146  145  144  142  140  140  139  137  133  127
  121  117  116  118  122  126  129  129  127  126  126  131  141  155  171  188
  203  216  228  239  249  259  267  275  281  286  287  286  282  278  273  270
  265  262  261  256  254  255  261  270  276                                   
    45.0-180.0 180.0   5.0 450.0                            LAT/LON1/LON2/DLON/H
  297  303  301  303  300  295  286  272  256  235  217  202  192  185  180  174
  168  161  156  153  153  155  158  160  159  157  153  149  145  140  134  128
  123  121  122  126  132  136  139  138  135  132  131  135  144  157  172  188
  203  217  231  245  257  269  279  287  293  297  298  297  293  289  286  284
  282  282  282  278  277  277  284  293  297                                   
    42.5-180.0 180.0   5.0 450.0                            LAT/LON1/LON2/DLON/H
  317  322  321  324  324  322  317  306  290  269  247  228  213  201  192  183
  174  166  161  159  161  166  171  174  173  169  163  155  148  140  133  127
  124  124  128  134  140  145  146  145  142  138  138  141  149  160  174  189
  204  220  236  251  266  278  289  297  303  306  307  306  303  299  297  298
  298  301  303  301  300  301  308  317  317                                   
    40.0-180.0 180.0   5.0 450.0                            LAT/LON1/LON2/DLON/H
  336  338  336  340  343  343  342  335  324  304  282  261  242  225  210  197
  185  176  171  169  172  177  182  185  183  178  169  159  149  139  132  127
  126  129  135  142  148  152  153  152  149  147  146  149  155  165  178  192
  208  224  242  259  274  287  298  306  312  315  316  316  314  311  311  313
  316  320  324  324  324  325  334  341  336                                   
    37.5-180.0 180.0   5.0 450.0                            LAT/LON1/LON2/DLON/H
  355  353  350  352  356  358  359  358  352  337  318  296  275  254  235  217
  203  192  185  183  184  187  191  192  190  183  174  163  151  142  135  131
  132  137  144  151  157  160  161  160  159  158  158  159  164  172  183  197
  212  229  248  266  282  295  306  314  321  326  328  329  329  329  330  333
  336  342  346  346  346  349  359  366  355                                   
    35.0-180.0 180.0   5.0 450.0                            LAT/LON1/LON2/DLON/H
  377  373  366  364  367  368  371  373  372  363  349  330  308  285  262  242
  225  213  204  199  197  197  197  196  194  188  180  169  159  150  144  142
  144  150  157  163  167  169  170  171  172  172  172  172  175  180  189  202
  217  234  253  271  288  302  313  323  331  339  345  349  351  353  355  359
  362  366  370  369  369  374  385  394  377                                   
    32.5-180.0 180.0   5.0 450.0                            LAT/LON1/LON2/DLON/H
  407  401  390  382  384  383  383  386  388  384  374  359  339  315  291  268
  250  235  224  216  209  204  202  200  198  195  189  182  173  165  160  160
  163  169  174  178  179  180  181  184  186  188  187  186  186  189  196  207
  221  238  256  273  290  304  317  330  342  354  364  373  379  384  388  392
  395  397  399  396  395  401  413  425  407                                   
    30.0-180.0 180.0   5.0 450.0                            LAT/LON1/LON2/DLON/H
  447  442  427  415  413  409  405  406  408  405  398  385  366  343  318  293
  273  256  242  229  219  211  206  205  205  206  204  201  195  189  185  184
  188  192  195  195  193  193  194  198  201  203  201  197  195  195  200  210
  223  239  256  272  287  302  317  333  350  367  384  398  410  418  425  431
  433  435  434  428  425  433  445  461  447                                   
    27.5-180.0 180.0   5.0 450.0                            LAT/LON1/LON2/DLON/H
  496  495  477  464  459  453  445  441  440  435  426  413  395  370  343  317
  293  273  255  239  226  217  213  214  219  223  226  226  222  218  215  214
  215  217  215  211  207  205  206  210  213  214  210  204  199  197  200  209
  221  236  252  267  282  297  315  335  356  379  401  421  438  452  463  470
  475  476  474  466  462  470  481  501  496                                   
    25.0-180.0 180.0   5.0 450.0                            LAT/LON1/LON2/DLON/H
  550  555  539  528  521  515  504  496  489  480  468  451  430  402  371  340
  311  286  264  246  232  224  223  229  238  246  252  254  253  249  244  242
  239  236  230  223  216  213  214  217  219  218  212  204  197  194  196  204
  216  231  246  261  276  293  314  337  363  390  415  439  461  479  494  505
  513  515  514  505  500  509  522  546  550                                   
    22.5-180.0 180.0   5.0 450.0                            LAT/LON1/LON2/DLON/H
  604  615  606  601  594  589  577  566  555  542  524  503  476  443  406  367
  331  299  272  251  238  234  239  249  262  273  280  282  279  273  266  260
  253  245  235  225  218  215  216  218  218  214  207  198  190  187  189  197
  209  224  240  256  273  293  316  343  371  399  426  452  475  497  516  532
  543  549  549  543  538  546  563  590  604                                   
    20.0-180.0 180.0   5.0 450.0                            LAT/LON1/LON2/DLON/H
  650  666  666  671  665  665  655  645  632  615  593  567  534  495  449  401
  355  315  283  261  250  250  260  275  289  299  303  301  294  285  273  262
  251  239  228  219  213  211  211  211  209  204  196  188  181  179  181  190
  202  218  235  254  274  297  324  352  381  409  434  459  482  506  529  548
  563  573  576  574  571  579  601  628  650                                   
    17.5-180.0 180.0   5.0 450.0                            LAT/LON1/LON2/DLON/H
  682  702  713  726  724  729  725  717  706  689  665  635  599  554  501  443
  386  338  301  278  269  273  286  302  315  320  317  307  294  279  264  249
  235  223  213  206  203  202  202  199  194  188  182  176  172  171  174  183
  196  213  234  256  280  307  336  365  393  418  441  462  485  509  534  556
  576  588  596  598  597  604  632  658  682                                   
    15.0-180.0 180.0   5.0 450.0                            LAT/LON1/LON2/DLON/H
  698  719  739  759  761  772  772  770  762  747  725  696  658  611  553  488
  424  369  328  305  297  303  316  329  334  329  316  298  278  260  242  227
  213  202  194  191  191  192  189  184  177  171  167  165  164  165  168  176
  190  209  233  259  287  318  349  379  406  428  447  466  487  511  537  561
  583  599  609  616  617  623  653  676  698                                   
    12.5-180.0 180.0   5.0 450.0                            LAT/LON1/LON2/DLON/H
  703  721  746  769  775  788  791  792  788  778  760  735  700  655  597  531
  464  406  365  341  334  337  345  349  343  325  301  276  253  234  218  204
  192  184  180  180  182  182  178  169  160  155  153  155  157  159  162  170
  184  204  231  261  293  326  359  389  415  435  453  471  492  516  542  567
  590  607  619  630  633  637  667  688  703                                   
    10.0-180.0 180.0   5.0 450.0                            LAT/LON1/LON2/DLON/H
  703  717  741  761  768  779  782  783  781  775  761  742  713  674  622  560
  497  443  404  382  372  370  367  358  338  309  278  250  228  212  200  190
  181  175  173  174  177  176  169  157  147  142  143  148  151  153  155  162
  175  196  225  258  293  328  362  392  417  438  457  477  499  523  549  574
  598  615  628  641  646  650  679  697  703                                   
     7.5-180.0 180.0   5.0 450.0                            LAT/LON1/LON2/DLON/H
  703  712  732  747  750  756  753  750  747  741  730  715  693  662  619  568
  515  469  437  417  404  393  377  353  321  285  251  226  210  201  194  188
