data/edconvlstm_nd/pred3340.15i
     1.0            IONOSPHERE MAPS     GNSS                IONEX VERSION / TYPE
pyspatialgeodesy        IME             05-JAN-18 20:20     PGM / RUN BY / DATE 
Map Name                                                    COMMENT             
Predicted global ionosphere maps (GIM).                     DESCRIPTION         
  2015    11    30     0     0     0                        EPOCH OF FIRST MAP  
  2015    12     1     0     0     0                        EPOCH OF LAST MAP   
  7200                                                      INTERVAL            
    13                                                      # OF MAPS IN FILE   
  NONE                                                      MAPPING FUNCTION    
10.0                                                        ELEVATION CUTOFF    
One-way carrier phase leveled to code                       OBSERVABLES USED    
  6371.0                                                    BASE RADIUS         
 2                                                          MAP DIMENSION       
   450.0 450.0   0.0                                        HGT1 / HGT2 / DHGT  
    87.5 -87.5  -2.5                                        LAT1 / LAT2 / DLAT  
  -180.0 180.0   5.0                                        LON1 / LON2 / DLON  
    -1                                                      EXPONENT            
                                                            END OF HEADER       
[from data line 3432]
     9                                                      START OF TEC MAP    
  2015    11    30    16     0     0                        EPOCH OF CURRENT MAP
    87.5-180.0 180.0   5.0 450.0                            LAT/LON1/LON2/DLON/H
   50   55   52   53   57   54   54   50   51   54   54   55   56   58   59   60
   61   63   64   65   67   68   69   70   71   72   73   75   76   77   78   79
   80   82   83   84   85   86   86   87   88   88   89   89   89   89   89   89
   88   88   87   86   85   83   82   80   78   76   74   72   69   67   65   63
   62   60   55   50   52   50   67   73   50                                   
    85.0-180.0 180.0   5.0 450.0                            LAT/LON1/LON2/DLON/H
   49   51   62   43   44   47   46   47   47   50   50   52   53   54   56   58
   59   61   63   65   67   68   70   72   73   74   76   77   78   80   81   83
   84   85   87   88   89   90   91   92   93   93   94   94   94   94   94   93
   93   92   90   89   87   85   83   81   78   75   72   70   67   64   62   59
   58   55   48   43   46   45   56   53   49                                   
    82.5-180.0 180.0   5.0 450.0                            LAT/LON1/LON2/DLON/H
   31   37   43   34   36   38   40   40   40   42   43   45   45   47   48   50
   52   54   56   58   60   62   64   66   68   70   71   73   75   77   79   81
   82   84   86   87   88   90   91   92   93   93   94   94   95   95   95   95
   94   93   91   90   88   85   82   79   76   72   69   65   62   58   55   52
   50   46   41   37   41   46   43   41   31                                   
    80.0-180.0 180.0   5.0 450.0                            LAT/LON1/LON2/DLON/H
   19   22   35   29   30   28   32   33   34   36   37   39   40   42   43   45
   48   50   53   55   57   60   62   63   65   67   69   70   72   74   75   77
   78   80   81   82   83   83   84   85   85   86   86   87   88   88   89   89
   89   88   87   86   84   81   78   75   71   67   63   59   55   51   47   44
   41   38   34   32   32   36   34   39   19                                   
    77.5-180.0 180.0   5.0 450.0                            LAT/LON1/LON2/DLON/H
   29   28   31   26   29   29   33   34   36   37   37   40   41   43   45   48
   51   54   57   60   63   66   68   69   70   71   72   73   74   76   77   78
   79   80   80   80   80   79   78   78   78   78   78   79   80   81   82   83
   84   84   84   83   81   79   76   72   69   65   60   56   52   48   44   40
   37   34   30   29   28   27   29   35   29                                   
    75.0-180.0 180.0   5.0 450.0                            LAT/LON1/LON2/DLON/H
   28   30   33   32   36   37   41   42   44   46   46   48   50   52   54   57
   61   65   69   73   76   78   79   79   79   79   78   78   77   78   78   78
   78   78   78   76   75   73   71   69   67   67   67   68   69   71   73   75
   76   77   78   78   77   75   73   70   67   64   60   57   53   50   47   44
   41   40   37   34   34   31   30   29   28                                   
    72.5-180.0 180.0   5.0 450.0                            LAT/LON1/LON2/DLON/H
   41   41   42   45   47   50   53   55   55   56   56   58   59   61   64   68
   73   78   83   88   91   93   94   93   91   89   86   84   83   82   81   81
   80   79   77   74   71   67   63   59   56   55   54   54   56   58   60   63
   65   67   68   69   69   68   66   64   62   60   57   55   53   51   49   47
   45   43   42   38   37   36   36   38   41                                   
    70.0-180.0 180.0   5.0 450.0                            LAT/LON1/LON2/DLON/H
   49   49   52   54   57   60   62   65   66   68   67   69   70   73   77   82
   88   95  102  108  112  114  114  112  109  104  100   97   94   92   91   90
   88   86   82   78   72   66   60   55   51   48   47   47   48   50   53   56
   58   60   62   62   62   62   61   60   59   58   57   57   56   55   54   54
   53   52   52   49   47   46   48   49   49                                   
    67.5-180.0 180.0   5.0 450.0                            LAT/LON1/LON2/DLON/H
   56   56   57   61   64   67   70   73   74   75   75   77   78   81   86   92
  100  109  118  125  130  133  132  129  124  119  113  109  105  103  102  100
   98   95   90   84   76   68   61   54   48   45   43   42   43   45   47   50
   52   53   54   55   55   55   55   54   54   55   55   55   56   56   57   57
   57   56   56   53   51   50   49   50   56                                   
    65.0-180.0 180.0   5.0 450.0                            LAT/LON1/LON2/DLON/H
   55   56   57   61   64   67   70   73   75   77   78   80   82   86   92   99
  109  120  130  139  145  148  147  144  138  132  126  121  118  116  115  114
  111  107  100   92   82   73   63   55   49   45   42   41   42   43   44   45
   46   46   47   47   47   47   47   48   49   50   52   53   55   56   57   58
   59   59   60   57   55   55   54   54   55                                   
    62.5-180.0 180.0   5.0 450.0                            LAT/LON1/LON2/DLON/H
   51   52   52   57   60   62   64   67   70   73   75   78   81   86   93  102
  113  125  137  147  154  157  156  153  147  141  136  132  130  129  128  126
  123  118  110  100   88   77   67   58   52   48   45   44   43   43   42   42
   41   40   39   39   39   39   40   42   44   46   48   50   52   53   55   56
   56   57   58   55   53   52   52   51   51                                   
    60.0-180.0 180.0   5.0 450.0                            LAT/LON1/LON2/DLON/H
   44   45   46   50   51   53   54   58   61   64   68   72   77   83   91  100
  112  125  138  148  155  159  158  155  150  145  142  140  139  140  140  138
  134  127  118  106   94   82   71   63   56   52   50   48   46   44   42   39
   37   34   33   32   32   32   34   36   39   41   44   46   48   49   50   51
   51   51   52   49   49   48   49   47   44                                   
    57.5-180.0 180.0   5.0 450.0                            LAT/LON1/LON2/DLON/H
   37   40   41   45   45   46   47   50   54   58   63   68   74   81   89   99
  112  125  137  147  154  157  157  155  152  149  148  148  150  152  153  151
  146  138  127  115  101   89   79   71   65   62   59   56   53   49   45   40
   36   33   31   30   30   31   33   36   39   42   44   46   47   47   47   47
   47   47   48   46   45   45   46   45   37                                   
    55.0-180.0 180.0   5.0 450.0                            LAT/LON1/LON2/DLON/H
   35   38   40   44   43   44   44   46   50   55   61   67   74   81   90  100
  112  124  136  145  151  154  154  153  152  152  154  157  161  164  165  163
  157  148  136  123  110   98   89   82   76   73   69   65   61   55   49   43
   38   34   32   32   33   35   37   40   43   46   47   49   49   48   47   46
   45   45   46   44   44   44   45   45   35                                   
    52.5-180.0 180.0   5.0 450.0                            LAT/LON1/LON2/DLON/H
   38   42   44   47   47   47   46   48   51   57   63   71   78   85   94  104
  115  126  136  145  150  152  153  154  155  158  162  168  173  176  177  174
  167  156  144  132  120  109  101   94   89   85   81   76   70   63   56   49
   44   41   39   40   41   43   46   49   51   53   55   55   54   53   51   49
   47   47   48   47   47   47   48   48   38                                   
    50.0-180.0 180.0   5.0 450.0                            LAT/LON1/LON2/DLON/H
   46   50   53   56   55   55   54   55   59   64   71   79   86   94  102  112
  122  132  141  148  153  155  157  159  162  168  174  180  185  187  186  181
  173  163  151  140  130  121  114  107  102   97   92   86   79   72   64   58
   54   51   51   52   54   56   59   61   62   63   64   64   63   60   58   55
   53   52   53   53   53   53   54   54   46                                   
    47.5-180.0 180.0   5.0 450.0                            LAT/LON1/LON2/DLON/H
   57   61   64   68   66   67   65   67   70   77   84   92   99  107  115  124
  133  143  151  157  161  164  167  170  175  181  188  193  196  195  191  184
  175  165  156  147  140  133  126  120  114  109  102   95   88   81   74   69
   65   64   65   67   69   71   72   73   74   74   74   74   72   70   67   64
   61   60   61   61   62   62   62   62   57                                   
    45.0-180.0 180.0   5.0 450.0                            LAT/LON1/LON2/DLON/H
   68   71   73   78   77   78   77   79   83   91   99  108  115  122  130  139
  148  156  164  170  175  178  181  185  191  197  202  204  203  198  190  181
  172  164  158  153  148  144  138  132  125  117  110  103   96   89   83   79
   78   78   79   81   83   84   84   84   83   82   82   82   81   79   76   73
   69   68   69   70   70   71   70   70   68                                   
    42.5-180.0 180.0   5.0 450.0                            LAT/LON1/LON2/DLON/H
   74   77   78   84   84   86   86   90   95  105  114  124  132  139  147  155
  163  172  179  186  191  195  199  203  208  212  213  212  205  195  184  174
  167  162  159  158  157  153  148  141  132  124  116  108  102   96   92   89
   88   89   91   92   93   93   91   90   88   87   87   87   87   86   83   80
   76   74   75   76   76   76   75   74   74                                   
    40.0-180.0 180.0   5.0 450.0                            LAT/LON1/LON2/DLON/H
   75   76   77   84   85   87   89   96  104  116  128  139  147  155  163  171
  179  187  194  201  208  213  217  220  223  224  222  215  204  191  178  169
  163  162  163  165  166  163  157  148  138  128  120  112  106  101   98   96
   95   96   96   97   96   95   92   90   88   87   87   89   90   90   88   84
   80   77   77   77   77   77   75   75   75                                   
    37.5-180.0 180.0   5.0 450.0                            LAT/LON1/LON2/DLON/H
   70   69   69   77   79   83   87   97  108  124  137  150  160  169  177  185
  193  200  208  215  222  228  232  234  234  232  226  216  202  188  176  170
  168  170  174  178  179  175  166  155  143  132  123  116  110  106  102  100
   98   97   96   94   93   90   88   85   84   83   85   87   89   90   88   85
   80   77   76   76   75   74   71   73   70                                   
    35.0-180.0 180.0   5.0 450.0                            LAT/LON1/LON2/DLON/H
   61   59   59   67   69   73   80   92  108  126  143  158  170  181  190  198
  205  211  218  226  233  239  242  243  241  236  228  217  205  193  185  183
  186  191  197  200  198  191  178  164  149  137  128  120  114  109  105  101
   98   94   91   88   85   83   81   79   78   79   81   84   86   87   86   83
   79   75   74   72   70   69   65   68   61                                   
    32.5-180.0 180.0   5.0 450.0                            LAT/LON1/LON2/DLON/H
   53   51   49   56   58   61   70   84  104  125  145  163  178  190  200  208
  214  220  226  233  240  246  248  246  242  237  231  223  215  210  209  213
  220  228  232  232  225  212  195  177  160  146  135  127  121  115  109  103
   97   91   85   81   77   76   75   74   75   76   79   82   84   85   84   82
   77   73   71   69   66   64   61   64   53                                   
    30.0-180.0 180.0   5.0 450.0                            LAT/LON1/LON2/DLON/H
   49   46   44   48   49   52   61   76   97  121  144  165  182  196  208  216
  222  226  231  238  244  248  248  245  242  239  237  236  237  241  249  260
  271  279  280  273  259  240  217  195  176  160  148  139  131  124  116  108
   99   91   83   77   74   73   74   75   77   79   81   83   85   85   85   83
   78   74   72   69   66   62   59   62   49                                   
    27.5-180.0 180.0   5.0 450.0                            LAT/LON1/LON2/DLON/H
   50   48   44   46   46   47   55   69   91  116  141  164  184  201  214  223
  228  231  235  240  246  248  247  243  241  243  249  258  270  285  303  321
  335  341  336  321  299  272  245  219  197  180  166  156  146  138  128  119
  108   98   89   82   79   79   80   83   86   88   89   90   90   90   89   87
   83   80   77   74   70   65   62   64   50                                   
    25.0-180.0 180.0   5.0 450.0                            LAT/LON1/LON2/DLON/H
   57   55   50   49   48   49   55   68   88  112  138  163  185  204  219  229
  234  236  239  243  246  247  245  243  245  253  268  289  313  339  366  390
  406  408  395  371  339  306  275  247  224  205  190  178  167  157  147  136
  125  113  103   96   93   93   95   98  101  102  103  102  101   99   98   96
   92   90   87   83   79   73   70   69   57                                   
    22.5-180.0 180.0   5.0 450.0                            LAT/LON1/LON2/DLON/H
   70   65   60   57   55   55   61   71   90  113  138  162  186  206  223  234
  239  242  243  246  248  248  247  248  255  272  296  327  361  397  431  457
  470  466  445  413  375  339  306  278  254  234  218  203  191  181  171  160
  148  137  126  119  115  114  116  118  120  120  119  117  114  111  109  107
  104  102   99   95   92   84   80   76   70                                   
    20.0-180.0 180.0   5.0 450.0                            LAT/LON1/LON2/DLON/H
   84   77   70   67   65   65   70   80   97  118  141  165  188  209  227  239
  245  248  249  251  252  253  255  260  274  298  331  369  410  450  485  509
  516  505  477  440  401  365  334  308  285  265  246  231  217  207  197  186
  175  164  154  146  142  140  139  140  140  138  136  132  127  123  121  119
  116  115  111  108  104   96   90   85   84                                   
    17.5-180.0 180.0   5.0 450.0                            LAT/LON1/LON2/DLON/H
   95   87   79   75   73   74   81   91  107  128  150  173  195  215  233  245
  252  255  256  258  260  263  269  280  301  331  369  411  452  489  518  535
  535  517  486  450  414  383  357  334  314  293  274  256  242  230  220  210
  200  189  180  172  167  163  161  159  156  153  149  144  139  134  131  129
  126  124  121  118  114  105   97   93   95                                   
    15.0-180.0 180.0   5.0 450.0                            LAT/LON1/LON2/DLON/H
  100   91   83   80   79   81   91  102  120  142  164  186  206  225  242  254
  261  265  266  268  272  278  289  307  334  368  408  447  482  510  529  535
  528  507  478  446  418  394  374  357  339  319  298  279  262  249  238  228
  218  208  199  192  187  182  177  173  168  163  158  152  147  142  138  135
  131  130  125  122  119  109  101   99  100                                   
    12.5-180.0 180.0   5.0 450.0                            LAT/LON1/LON2/DLON/H
   99   89   82   80   80   84   98  112  133  157  180  202  222  239  254  266
  273  277  279  282  287  298  315  339  370  406  442  474  498  513  520  518
  505  485  460  437  418  403  390  377  361  341  319  297  278  263  250  238
  227  218  210  204  199  194  188  182  175  169  162  157  151  147  143  139
  134  131  126  122  118  109  102  101   99                                   
    10.0-180.0 180.0   5.0 450.0                            LAT/LON1/LON2/DLON/H
   92   84   77   78   78   86  103  121  146  172  198  221  240  257  270  281
  289  293  296  299  307  322  344  373  407  441  470  491  502  505  502  493
  479  461  445  431  421  414  407  398  383  362  338  313  291  272  256  241
  230  220  214  209  205  200  194  187  179  172  165  159  154  150  146  141
  134  130  124  119  115  106   99   99   92                                   
     7.5-180.0 180.0   5.0 450.0                            LAT/LON1/LON2/DLON/H
   85   78   72   74   76   86  108  129  157  186  214  239  259  275  288  299
  307  312  316  320  330  348  375  407  441  470  490  499  499  493  483  472
