data/edconvlstm_nd/pred3250.15i
     1.0            IONOSPHERE MAPS     GNSS                IONEX VERSION / TYPE
pyspatialgeodesy        IME             05-JAN-18 20:20     PGM / RUN BY / DATE 
Map Name                                                    COMMENT             
Predicted global ionosphere maps (GIM).                     DESCRIPTION         
  2015    11    21     0     0     0                        EPOCH OF FIRST MAP  
  2015    11    22     0     0     0                        EPOCH OF LAST MAP   
  7200                                                      INTERVAL            
    13                                                      # OF MAPS IN FILE   
  NONE                                                      MAPPING FUNCTION    
10.0                                                        ELEVATION CUTOFF    
One-way carrier phase leveled to code                       OBSERVABLES USED    
  6371.0                                                    BASE RADIUS         
 2                                                          MAP DIMENSION       
   450.0 450.0   0.0                                        HGT1 / HGT2 / DHGT  
    87.5 -87.5  -2.5                                        LAT1 / LAT2 / DLAT  
  -180.0 180.0   5.0                                        LON1 / LON2 / DLON  
    -1                                                      EXPONENT            
                                                            END OF HEADER       
[from data line 3003]
     8                                                      START OF TEC MAP    
  2015    11    21    14     0     0                        EPOCH OF CURRENT MAP
    87.5-180.0 180.0   5.0 450.0                            LAT/LON1/LON2/DLON/H
   71   79   81   83   87   86   87   82   83   85   84   85   84   84   84   83
   82   82   81   80   79   78   77   77   76   75   75   74   74   74   73   73
   73   72   72   71   70   70   69   68   68   67   67   66   66   66   66   67
   67   67   68   68   69   70   70   71   72   72   73   73   74   74   75   75
   76   76   74   72   78   78   92   89   71                                   
    85.0-180.0 180.0   5.0 450.0                            LAT/LON1/LON2/DLON/H
   78   84   98   79   80   83   84   84   85   86   85   85   84   84   83   82
   81   80   79   78   78   77   76   76   76   76   76   75   75   75   75   75
   75   74   74   74   73   72   72   71   70   69   68   68   67   67   67   67
   67   67   68   68   69   70   70   71   72   72   73   74   74   74   75   75
   76   76   72   69   73   75   86   84   78                                   
    82.5-180.0 180.0   5.0 450.0                            LAT/LON1/LON2/DLON/H
   68   75   82   73   74   77   80   80   80   81   80   80   79   78   76   74
   73   71   70   68   67   67   66   66   66   66   67   67   68   68   69   69
   70   70   70   69   68   67   66   65   63   61   59   58   57   56   55   55
   55   55   56   57   58   59   60   61   62   63   64   65   65   66   66   67
   68   68   65   63   68   77   75   73   68                                   
    80.0-180.0 180.0   5.0 450.0                            LAT/LON1/LON2/DLON/H
   61   64   73   67   67   67   71   71   73   73   72   72   70   68   66   64
   62   60   58   57   56   56   56   57   57   59   60   61   63   64   66   67
   68   68   69   68   68   66   64   62   59   56   53   51   49   47   46   45
   45   46   47   49   50   52   54   56   57   58   59   59   60   60   60   59
   60   60   59   58   59   66   67   68   61                                   
    77.5-180.0 180.0   5.0 450.0                            LAT/LON1/LON2/DLON/H
   64   62   64   60   61   63   67   69   70   69   68   68   66   64   61   59
   57   55   53   52   52   53   54   55   57   59   61   63   65   67   70   72
   73   75   76   76   75   73   70   67   62   58   53   48   45   42   40   39
   40   41   43   45   48   51   54   56   58   59   59   59   59   58   57   56
   56   55   54   53   53   53   56   58   64                                   
    75.0-180.0 180.0   5.0 450.0                            LAT/LON1/LON2/DLON/H
   52   54   54   54   56   58   60   62   63   63   62   61   59   56   54   51
   49   47   47   47   49   51   54   58   61   64   67   69   72   74   76   78
   80   82   84   84   84   82   79   75   69   63   57   51   46   42   40   39
   40   41   44   47   50   54   56   59   60   61   61   61   59   58   56   55
   53   52   51   48   50   47   47   43   52                                   
    72.5-180.0 180.0   5.0 450.0                            LAT/LON1/LON2/DLON/H
   51   52   51   53   54   57   59   60   60   60   58   57   55   52   49   47
   45   44   45   47   51   56   62   67   72   76   79   81   83   84   85   87
   89   91   92   94   93   92   89   84   77   70   62   55   49   44   42   40
   41   43   45   49   52   55   57   59   60   60   60   59   58   56   54   53
   51   49   49   46   47   45   45   45   51                                   
    70.0-180.0 180.0   5.0 450.0                            LAT/LON1/LON2/DLON/H
   48   50   50   53   53   55   55   56   57   57   55   54   51   48   45   43
   41   42   45   50   57   66   74   83   90   95   98   99   99   99   98   99
   99  101  102  104  104  103   99   94   88   80   71   63   56   51   48   46
   47   48   50   52   54   56   57   58   58   58   57   56   55   53   52   51
   49   48   48   46   47   45   49   49   48                                   
    67.5-180.0 180.0   5.0 450.0                            LAT/LON1/LON2/DLON/H
   47   50   49   52   54   55   56   57   57   57   55   54   51   48   45   43
   42   44   49   57   68   79   91  102  110  116  118  118  117  114  112  110
  110  110  111  112  112  111  108  103   96   88   79   71   64   58   55   53
   52   52   53   54   54   54   53   53   52   51   50   50   49   48   48   48
   48   47   48   45   46   46   48   46   47                                   
    65.0-180.0 180.0   5.0 450.0                            LAT/LON1/LON2/DLON/H
   42   47   46   50   51   52   52   54   54   54   53   52   50   47   44   42
   42   46   53   63   77   91  106  119  129  135  137  137  134  130  126  123
  120  119  119  119  119  118  115  110  103   95   86   78   71   65   61   58
   56   55   53   51   49   46   44   42   40   40   40   40   40   41   42   43
   44   44   46   44   46   47   50   48   42                                   
    62.5-180.0 180.0   5.0 450.0                            LAT/LON1/LON2/DLON/H
   36   42   41   46   47   48   48   50   51   51   50   50   48   45   43   42
   43   47   56   68   84  100  117  131  141  148  150  150  147  143  138  134
  131  128  127  126  124  122  119  114  107   99   91   83   75   69   64   60
   57   53   49   45   40   36   32   30   28   28   28   29   31   33   35   37
   39   40   42   41   43   44   46   45   36                                   
    60.0-180.0 180.0   5.0 450.0                            LAT/LON1/LON2/DLON/H
   29   35   35   40   41   41   42   43   44   45   45   45   44   42   40   40
   42   47   57   71   87  104  120  135  146  153  156  157  155  152  148  144
  141  137  134  132  129  126  122  116  110  102   94   86   78   71   65   60
   55   49   43   37   31   26   22   19   18   19   20   21   23   26   28   31
   33   34   37   37   39   39   41   40   29                                   
    57.5-180.0 180.0   5.0 450.0                            LAT/LON1/LON2/DLON/H
   24   30   30   36   36   37   38   39   40   41   42   42   41   40   39   40
   43   50   60   73   89  106  122  135  146  154  159  161  162  161  159  157
  154  150  146  142  138  133  128  123  116  109  101   92   84   77   69   63
   56   49   42   35   28   22   19   17   17   18   19   21   23   25   27   30
   32   33   36   35   37   36   37   37   24                                   
    55.0-180.0 180.0   5.0 450.0                            LAT/LON1/LON2/DLON/H
   23   29   29   35   36   36   37   37   38   39   39   40   39   39   39   41
   46   54   65   78   93  107  121  134  144  152  158  163  167  169  170  170
  168  164  160  155  149  144  138  133  126  119  111  102   93   84   76   68
   60   53   45   38   31   26   23   23   23   24   26   27   29   30   32   34
   35   36   38   37   38   36   35   36   23                                   
    52.5-180.0 180.0   5.0 450.0                            LAT/LON1/LON2/DLON/H
   29   32   33   38   39   40   40   39   39   39   39   39   39   40   42   46
   53   62   73   86   98  111  122  133  142  151  159  166  172  178  181  182
  181  178  174  168  162  157  151  146  140  133  125  115  105   95   85   77
   68   61   54   48   43   39   37   37   38   40   41   42   42   43   43   44
   44   44   46   44   45   41   40   39   29                                   
    50.0-180.0 180.0   5.0 450.0                            LAT/LON1/LON2/DLON/H
   41   42   42   47   48   50   48   47   45   44   43   43   43   44   48   54
   63   73   85   97  108  118  127  136  145  154  162  171  179  185  190  192
  192  190  186  181  176  171  166  161  156  149  141  131  120  109   98   89
   80   73   68   63   59   57   56   57   59   60   61   61   60   59   58   58
   57   57   58   57   57   53   51   49   41                                   
    47.5-180.0 180.0   5.0 450.0                            LAT/LON1/LON2/DLON/H
   57   57   56   61   62   65   61   58   55   53   51   50   50   52   56   64
   75   87   99  110  120  129  137  145  153  161  170  178  186  192  196  197
  197  196  194  191  188  184  181  176  171  165  156  146  135  123  112  102
   94   87   82   79   76   75   75   77   79   80   80   79   78   76   74   73
   71   71   71   70   71   69   67   63   57                                   
    45.0-180.0 180.0   5.0 450.0                            LAT/LON1/LON2/DLON/H
   74   74   71   77   78   80   75   72   67   64   62   60   60   62   68   77
   89  103  115  126  135  143  150  157  165  173  180  187  192  196  197  198
  198  198  198  199  198  197  194  190  184  177  169  159  147  135  123  113
  105   99   95   91   89   87   88   89   91   92   92   90   88   87   85   84
   82   82   83   83   85   85   85   80   74                                   
    42.5-180.0 180.0   5.0 450.0                            LAT/LON1/LON2/DLON/H
   87   86   83   89   91   92   88   84   79   77   73   72   72   75   81   92
  105  118  131  142  151  158  165  172  179  186  192  196  197  197  195  194
  195  198  202  207  209  209  207  202  195  187  178  167  156  144  132  121
  113  106  101   97   93   91   90   90   91   92   92   91   90   89   89   89
   88   88   89   89   94   96   98   93   87                                   
    40.0-180.0 180.0   5.0 450.0                            LAT/LON1/LON2/DLON/H
   91   91   89   96   98   99   95   92   88   86   84   84   84   88   95  106
  119  132  144  155  165  173  180  186  193  198  202  203  201  197  193  192
  195  202  211  219  224  225  221  214  204  194  184  173  161  149  137  126
  117  109  103   97   91   87   84   83   83   83   83   83   83   84   85   87
   87   87   88   89   94   99  101   98   91                                   
    37.5-180.0 180.0   5.0 450.0                            LAT/LON1/LON2/DLON/H
   86   88   86   94   97   99   97   95   93   93   92   93   95  100  108  119
  132  144  156  167  177  185  192  198  203  207  209  208  204  198  195  196
  203  216  230  242  248  248  241  230  216  203  190  179  167  155  142  130
  120  112  104   96   88   82   77   74   73   73   73   73   73   75   78   80
   81   81   82   82   87   93   95   94   86                                   
    35.0-180.0 180.0   5.0 450.0                            LAT/LON1/LON2/DLON/H
   75   78   77   85   89   92   92   92   93   94   96   99  103  110  119  131
  143  155  166  177  187  195  201  205  209  211  212  211  208  205  206  212
  226  245  264  278  284  281  270  254  235  218  202  189  177  165  152  140
  129  119  111  102   93   85   78   74   72   71   70   69   69   70   73   75
   76   75   75   74   77   81   83   84   75                                   
    32.5-180.0 180.0   5.0 450.0                            LAT/LON1/LON2/DLON/H
   64   67   66   74   78   81   83   85   88   92   96  102  108  117  129  141
  153  165  177  188  197  205  208  210  211  212  214  216  217  220  228  244
  266  291  313  328  332  325  309  287  264  242  224  209  196  184  171  159
  148  139  131  123  114  105   97   92   88   85   82   79   76   76   76   77
   76   74   73   70   70   70   70   73   64                                   
    30.0-180.0 180.0   5.0 450.0                            LAT/LON1/LON2/DLON/H
   57   60   59   64   68   70   73   76   81   86   92  100  110  122  136  150
  163  175  187  199  208  214  214  213  211  213  217  224  233  246  264  289
  320  351  376  390  391  379  357  331  303  278  258  241  228  215  202  191
  181  174  168  162  155  147  139  132  126  121  115  108  101   96   93   90
   87   82   79   72   70   66   63   66   57                                   
    27.5-180.0 180.0   5.0 450.0                            LAT/LON1/LON2/DLON/H
   59   61   58   61   63   63   65   68   73   78   86   95  108  123  140  156
  172  186  199  211  219  223  220  216  213  216  225  240  259  282  311  347
  385  420  446  457  454  437  412  382  352  325  304  286  272  259  247  237
  229  225  223  221  216  210  202  194  186  177  167  155  144  133  124  117
  109  102   96   86   80   71   65   64   59                                   
    25.0-180.0 180.0   5.0 450.0                            LAT/LON1/LON2/DLON/H
   70   71   66   67   66   65   64   64   67   72   78   89  103  120  140  160
  178  195  210  222  230  231  227  221  219  225  241  264  293  327  367  410
  453  491  515  523  515  494  466  435  406  379  358  340  325  313  302  294
  290  289  291  293  292  287  279  270  259  246  231  215  198  181  167  155
  143  133  123  111  102   87   77   70   70                                   
    22.5-180.0 180.0   5.0 450.0                            LAT/LON1/LON2/DLON/H
   90   88   80   79   76   73   70   67   67   69   74   83   97  116  139  161
  182  201  218  231  238  239  235  230  231  243  267  298  336  378  424  472
  517  554  574  576  563  540  512  483  456  433  413  397  383  371  361  355
  354  356  362  367  368  365  357  344  329  313  294  275  254  233  214  197
  181  170  156  144  132  112   96   84   90                                   
    20.0-180.0 180.0   5.0 450.0                            LAT/LON1/LON2/DLON/H
  114  109   97   94   90   85   80   74   72   71   73   80   94  114  138  162
  185  206  224  237  245  246  244  243  251  271  302  340  383  428  476  524
  566  598  612  609  592  569  544  520  498  479  462  448  435  424  415  410
  410  414  421  427  429  424  413  397  379  359  339  319  298  276  254  234
  216  204  188  177  163  140  120  104  114                                   
    17.5-180.0 180.0   5.0 450.0                            LAT/LON1/LON2/DLON/H
  137  129  114  108  103   96   90   83   79   76   77   83   96  115  140  165
  189  211  228  242  250  253  255  262  279  307  344  387  430  474  517  559
  594  617  624  617  600  580  560  543  527  513  501  489  477  466  458  452
  451  454  458  460  458  450  435  416  395  374  355  338  320  300  280  260
  241  229  212  203  188  165  143  127  137                                   
    15.0-180.0 180.0   5.0 450.0                            LAT/LON1/LON2/DLON/H
  152  144  128  120  112  103   98   90   85   83   83   89  102  122  147  173
  197  218  235  248  256  262  270  286  312  348  390  433  473  510  544  575
  599  613  614  606  592  577  565  554  545  536  528  518  508  497  488  480
  475  472  470  465  456  441  421  399  378  359  343  331  318  303  287  269
  252  241  224  217  202  181  161  145  152                                   
    12.5-180.0 180.0   5.0 450.0                            LAT/LON1/LON2/DLON/H
  156  151  136  125  116  106  101   93   89   88   90   98  112  134  160  186
  210  231  246  257  266  275  290  314  349  392  436  475  508  535  556  574
  587  593  591  584  576  568  563  559  555  551  546  538  528  517  506  495
  485  474  462  447  429  407  383  360  339  324  313  306  298  289  278  264
  249  240  225  218  204  186  169  154  156                                   
    10.0-180.0 180.0   5.0 450.0                            LAT/LON1/LON2/DLON/H
  151  148  136  125  115  105  101   94   90   91   96  107  125  149  177  204
  229  249  263  272  280  292  313  346  387  433  476  510  534  548  558  563
  567  568  567  564  562  561  561  562  563  562  558  551  542  530  517  502
  486  466  444  419  392  364  337  315  297  286  280  276  273  268  260  250
  238  231  218  210  198  183  168  154  151                                   
     7.5-180.0 180.0   5.0 450.0                            LAT/LON1/LON2/DLON/H
  142  141  132  121  112  101   99   92   90   93  101  116  137  165  195  225
  251  270  284  292  300  315  340  378  423  469  508  535  549  553  553  551
