data/edconvlstm_nd/pred2800.15i
     1.0            IONOSPHERE MAPS     GNSS                IONEX VERSION / TYPE
pyspatialgeodesy        IME             05-JAN-18 20:20     PGM / RUN BY / DATE 
Map Name                                                    COMMENT             
Predicted global ionosphere maps (GIM).                     DESCRIPTION         
  2015    10     7     0     0     0                        EPOCH OF FIRST MAP  
  2015    10     8     0     0     0                        EPOCH OF LAST MAP   
  7200                                                      INTERVAL            
    13                                                      # OF MAPS IN FILE   
  NONE                                                      MAPPING FUNCTION    
10.0                                                        ELEVATION CUTOFF    
One-way carrier phase leveled to code                       OBSERVABLES USED    
  6371.0                                                    BASE RADIUS         
 2                                                          MAP DIMENSION       
   450.0 450.0   0.0                                        HGT1 / HGT2 / DHGT  
    87.5 -87.5  -2.5                                        LAT1 / LAT2 / DLAT  
  -180.0 180.0   5.0                                        LON1 / LON2 / DLON  
    -1                                                      EXPONENT            
                                                            END OF HEADER       
     1                                                      START OF TEC MAP    
  2015    10     7     0     0     0                        EPOCH OF CURRENT MAP
    87.5-180.0 180.0   5.0 450.0                            LAT/LON1/LON2/DLON/H
   89   82   72   65   65   72   68   67   68   69   70   71   71   72   72   72
   72   72   71   70   69   68   67   66   65   64   63   61   60   59   58   57
   56   55   54   53   52   52   51   51   51   51   52   52   53   53   54   55
   55   56   57   58   58   59   59   60   60   60   60   60   60   60   60   60
   60   60   59   60   52   70   72   68   89                                   
    85.0-180.0 180.0   5.0 450.0                            LAT/LON1/LON2/DLON/H
   81   84   63   66   68   78   74   72   74   74   75   76   76   77   77   77
   77   76   75   74   73   72   70   68   67   65   63   62   60   58   56   55
   54   53   52   52   51   51   52   52   53   54   55   56   58   59   60   62
   63   64   65   66   67   68   69   69   70   70   71   71   71   71   71   70
   70   70   70   74   75   81   88   77   81                                   
    82.5-180.0 180.0   5.0 450.0                            LAT/LON1/LON2/DLON/H
   70   61   68   65   67   77   73   72   76   76   78   80   82   82   83   82
   82   81   79   77   75   72   70   67   64   60   57   54   51   48   45   43
   41   40   39   39   39   39   40   41   43   45   47   49   52   54   56   58
   60   62   64   65   66   67   68   69   70   71   71   71   71   71   71   70
   69   68   66   64   70   66   73   75   70                                   
    80.0-180.0 180.0   5.0 450.0                            LAT/LON1/LON2/DLON/H
   79   68   70   62   68   74   73   73   79   80   83   86   89   90   90   90
   89   87   85   82   79   75   71   67   63   59   55   51   47   44   41   38
   36   35   34   33   33   34   35   36   38   40   43   45   48   50   53   55
   57   59   61   63   65   66   68   69   70   71   72   73   73   72   72   72
   70   67   66   63   76   70   80   91   79                                   
    77.5-180.0 180.0   5.0 450.0                            LAT/LON1/LON2/DLON/H
   88   79   69   70   72   76   76   79   86   88   93   97  100  101  102  101
   99   96   93   89   85   81   76   71   66   61   56   52   47   44   40   37
   35   33   32   32   32   33   34   35   37   39   41   44   46   49   51   54
   56   58   59   61   63   65   67   69   71   72   74   75   75   75   75   74
   73   72   70   69   74   75   78   95   88                                   
    75.0-180.0 180.0   5.0 450.0                            LAT/LON1/LON2/DLON/H
   93   78   77   77   76   82   79   82   90   92   97  101  103  103  103  101
   98   94   90   85   81   76   71   67   62   57   53   49   45   41   39   36
   35   33   33   32   32   33   34   35   37   39   41   43   45   47   49   51
   52   54   55   57   59   61   64   66   69   71   73   75   76   77   77   76
   74   73   73   68   73   82   83   94   93                                   
    72.5-180.0 180.0   5.0 450.0                            LAT/LON1/LON2/DLON/H
   91   80   80   79   78   80   79   83   91   94   98  101  102  101   99   95
   90   85   80   76   71   67   63   60   56   53   49   46   43   41   39   37
   36   34   33   33   32   32   32   33   34   36   38   39   41   42   43   44
   45   45   46   47   49   51   54   57   61   64   67   70   72   73   74   74
   72   71   74   71   75   84   89  103   91                                   
    70.0-180.0 180.0   5.0 450.0                            LAT/LON1/LON2/DLON/H
   96   85   87   89   86   88   86   90   97  100  103  105  105  102   97   91
   85   78   72   67   63   60   57   54   52   50   48   46   44   43   42   41
   40   39   38   37   35   35   35   35   36   37   39   40   42   42   43   43
   43   43   43   44   45   48   51   55   60   64   68   72   74   76   77   77
   75   74   77   76   80   90   93  105   96                                   
    67.5-180.0 180.0   5.0 450.0                            LAT/LON1/LON2/DLON/H
   99   90   92   93   89   89   87   91   98  100  103  104  103   98   92   84
   75   68   61   56   52   49   47   45   44   43   42   41   40   40   40   40
   39   38   36   34   32   31   30   30   31   33   34   36   36   37   37   36
   35   35   35   35   37   40   44   49   54   59   64   69   71   73   75   75
   73   72   75   74   80   91   93  106   99                                   
    65.0-180.0 180.0   5.0 450.0                            LAT/LON1/LON2/DLON/H
  102   92   93   95   91   89   86   90   97   99  103  104  102   97   90   81
   71   62   55   49   45   43   41   40   39   38   37   37   38   38   39   39
   38   36   34   31   28   26   25   26   27   29   31   32   33   34   33   32
   31   30   30   30   32   35   39   45   52   58   64   69   72   74   76   76
   74   73   76   75   81   92   95  108  102                                   
    62.5-180.0 180.0   5.0 450.0                            LAT/LON1/LON2/DLON/H
  105   95   96   97   92   89   85   89   96   99  103  105  104   99   92   83
   73   64   56   50   46   42   40   38   36   35   35   35   35   36   37   37
   36   33   30   27   24   22   21   22   24   27   30   32   33   33   33   31
   30   29   28   29   30   34   39   46   53   60   67   72   76   79   80   80
   78   77   80   77   82   94   97  110  105                                   
    60.0-180.0 180.0   5.0 450.0                            LAT/LON1/LON2/DLON/H
  107   98   99   99   92   88   82   85   92   96  101  105  105  102   97   89
   80   71   62   56   50   45   41   37   35   33   32   32   33   33   34   33
   32   29   26   22   20   18   18   20   23   27   31   33   35   35   33   32
   30   28   28   28   30   34   39   47   55   63   70   76   80   83   85   86
   84   82   85   82   85   95   98  111  107                                   
    57.5-180.0 180.0   5.0 450.0                            LAT/LON1/LON2/DLON/H
  112  104  105  103   96   89   82   84   90   93   98  104  106  106  103   98
   91   82   73   65   57   50   44   39   35   32   31   30   30   31   31   30
   28   25   22   20   18   18   19   22   26   31   35   37   38   38   36   34
   32   30   29   30   32   36   42   50   58   67   74   80   85   88   91   93
   92   91   94   91   93  100  103  116  112                                   
    55.0-180.0 180.0   5.0 450.0                            LAT/LON1/LON2/DLON/H
  121  115  115  112  104   95   87   86   90   92   97  102  107  109  110  108
  103   95   85   75   64   55   47   41   36   33   31   30   30   30   29   28
   26   24   22   20   20   21   24   28   33   38   42   44   45   44   42   39
   37   35   33   33   35   39   46   54   63   72   79   85   89   93   98  101
  102  102  106  104  106  110  112  126  121                                   
    52.5-180.0 180.0   5.0 450.0                            LAT/LON1/LON2/DLON/H
  134  130  130  127  119  108   99   95   96   95   97  102  107  111  115  115
  112  105   95   83   71   60   51   45   40   37   35   33   32   31   30   28
   27   25   24   25   26   30   34   39   44   49   52   53   53   51   49   46
   43   41   39   39   41   45   52   61   70   78   84   89   94   98  104  109
  112  115  120  119  121  123  126  139  134                                   
    50.0-180.0 180.0   5.0 450.0                            LAT/LON1/LON2/DLON/H
  150  148  148  146  139  128  118  112  109  104  102  104  108  113  118  121
  119  112  101   88   76   65   57   51   46   44   41   40   38   35   33   31
   30   29   30   33   37   41   47   52   57   61   63   64   63   61   58   55
   52   50   48   48   49   54   61   70   79   86   92   96   99  103  110  117
  122  128  135  134  138  141  142  155  150                                   
    47.5-180.0 180.0   5.0 450.0                            LAT/LON1/LON2/DLON/H
  167  167  167  167  161  151  143  135  128  118  112  110  112  116  121  124
  123  116  105   92   81   71   64   59   56   53   51   48   45   41   38   36
   35   36   38   43   48   55   61   66   71   73   75   75   74   71   69   66
   64   61   60   59   60   65   72   80   89   96  101  103  106  110  116  125
  132  140  149  149  155  159  160  173  167                                   
    45.0-180.0 180.0   5.0 450.0                            LAT/LON1/LON2/DLON/H
  181  184  183  185  181  174  168  160  150  137  127  121  120  122  126  127
  125  118  108   96   86   78   73   70   67   65   62   57   52   47   43   41
   40   42   46   52   59   66   73   78   82   84   85   85   84   82   80   78
   76   74   72   71   72   77   83   92  100  107  110  112  114  117  124  133
  141  151  161  162  170  175  177  189  181                                   
    42.5-180.0 180.0   5.0 450.0                            LAT/LON1/LON2/DLON/H
  190  196  194  198  195  191  189  183  173  157  145  136  132  131  133  133
  129  121  111  101   93   88   84   82   80   77   71   64   57   51   46   44
   45   47   52   59   66   74   81   86   89   91   92   93   93   92   91   89
   87   85   83   82   84   88   95  103  111  117  120  121  122  125  131  141
  149  160  170  173  181  188  190  201  190                                   
    40.0-180.0 180.0   5.0 450.0                            LAT/LON1/LON2/DLON/H
  196  202  199  204  202  201  202  200  191  177  163  153  147  145  144  141
  135  127  117  109  104  100   98   95   91   85   77   67   58   51   47   46
   47   51   56   63   71   78   85   89   92   94   96   98   99  100   99   98
   96   94   92   91   93   97  104  112  120  125  129  130  132  134  140  148
  157  167  178  182  189  196  199  210  196                                   
    37.5-180.0 180.0   5.0 450.0                            LAT/LON1/LON2/DLON/H
  201  205  200  204  204  205  208  208  204  191  180  171  165  162  159  154
  146  136  127  121  117  114  111  105   97   87   76   65   56   49   47   47
   50   54   60   66   73   80   86   90   92   95   98  101  104  105  105  104
  102   99   97   97   99  104  110  118  126  132  135  138  140  143  149  157
  164  173  184  189  194  201  204  216  201                                   
    35.0-180.0 180.0   5.0 450.0                            LAT/LON1/LON2/DLON/H
  208  210  203  204  205  205  208  210  210  202  194  188  184  181  176  169
  159  148  140  134  130  126  118  108   96   83   71   60   52   48   47   50
   54   59   65   71   77   82   87   90   92   95   99  103  106  108  108  106
  103  100   99   99  102  107  114  121  129  135  140  143  147  152  158  165
  171  179  190  195  199  205  210  223  208                                   
    32.5-180.0 180.0   5.0 450.0                            LAT/LON1/LON2/DLON/H
  222  222  214  210  210  208  209  212  214  210  206  204  202  199  193  184
  172  160  151  144  138  129  117  102   87   74   64   56   50   49   51   57
   63   69   74   79   83   87   90   92   94   97  100  104  107  109  108  105
  102   98   97   98  101  107  114  121  128  135  141  146  152  159  166  173
  179  186  197  202  206  212  219  235  222                                   
    30.0-180.0 180.0   5.0 450.0                            LAT/LON1/LON2/DLON/H
  245  245  236  227  225  220  217  218  221  219  219  219  219  217  210  198
  184  170  157  147  137  123  106   89   75   65   59   55   54   56   62   70
   77   83   87   90   93   96   97   97   98  100  103  105  107  107  105  101
   97   93   92   93   98  104  111  118  125  132  139  147  155  164  173  181
  187  194  205  210  217  224  234  253  245                                   
    27.5-180.0 180.0   5.0 450.0                            LAT/LON1/LON2/DLON/H
  277  280  271  259  256  248  240  237  237  235  235  237  237  234  225  211
  193  175  157  142  126  108   90   75   66   61   60   62   66   72   80   90
   98  103  105  106  106  107  106  105  105  106  107  107  106  104  101   96
   91   87   85   87   92   99  107  114  121  129  137  146  157  169  180  189
  196  204  216  221  231  241  255  277  277                                   
    25.0-180.0 180.0   5.0 450.0                            LAT/LON1/LON2/DLON/H
  317  324  314  303  300  291  280  273  268  263  261  260  259  253  241  223
  201  177  153  131  111   93   78   68   64   66   72   78   86   95  105  115
  123  126  125  123  120  119  117  115  113  113  112  110  106  102   96   91
   85   80   79   81   86   93  101  110  118  126  136  147  160  173  187  198
  207  217  229  235  249  264  281  305  317                                   
    22.5-180.0 180.0   5.0 450.0                            LAT/LON1/LON2/DLON/H
  359  370  361  353  353  346  334  323  314  305  298  293  287  277  261  238
  210  180  150  123  100   84   74   71   74   82   93  104  115  125  134  143
  148  147  143  138  133  129  127  124  123  121  118  113  107  100   93   87
   81   76   74   75   81   88   97  106  116  125  137  149  164  180  195  209
  221  232  246  252  269  289  308  334  359                                   
    20.0-180.0 180.0   5.0 450.0                            LAT/LON1/LON2/DLON/H
  397  411  407  404  408  404  395  382  371  358  348  339  327  311  289  261
  227  189  153  122  100   87   83   86   96  109  124  138  148  156  163  168
  169  165  157  148  142  138  135  133  132  129  125  118  109  100   92   86
   80   75   72   72   76   84   93  104  116  127  140  154  171  188  206  223
  237  252  266  273  292  315  336  362  397                                   
    17.5-180.0 180.0   5.0 450.0                            LAT/LON1/LON2/DLON/H
  424  440  443  447  456  458  454  443  432  419  407  394  378  356  328  294
  253  209  168  134  113  104  105  115  130  147  162  173  180  183  184  185
  181  174  164  154  147  143  141  140  140  138  132  123  112  102   94   87
   81   76   71   70   73   80   91  103  117  131  146  162  180  199  220  240
  257  274  289  297  317  340  361  387  424                                   
    15.0-180.0 180.0   5.0 450.0                            LAT/LON1/LON2/DLON/H
  438  454  463  476  488  497  501  497  490  479  468  455  436  410  378  338
  292  243  197  162  142  137  144  159  175  190  200  204  202  199  195  191
  185  176  165  155  149  146  145  146  146  145  140  130  118  106   97   90
   84   77   72   69   70   77   89  103  119  135  152  170  190  212  235  258
  278  296  313  323  341  361  383  409  438                                   
    12.5-180.0 180.0   5.0 450.0                            LAT/LON1/LON2/DLON/H
  441  456  470  488  504  519  529  533  533  529  522  511  494  468  434  391
  343  291  243  207  188  187  197  211  223  229  229  222  212  202  195  189
  183  174  164  155  151  149  149  151  152  152  147  136  123  111  101   93
   86   78   71   67   67   74   87  103  121  139  157  177  200  225  251  276
  298  318  336  347  364  380  402  429  441                                   
    10.0-180.0 180.0   5.0 450.0                            LAT/LON1/LON2/DLON/H
  441  455  470  492  509  525  540  550  556  559  559  555  542  520  488  447
  400  350  304  269  252  250  257  264  264  257  244  227  210  196  189  184
  180  173  164  158  155  154  155  156  157  157  152  142  128  115  103   94
   86   78   70   64   64   71   84  102  121  140  160  183  209  237  266  293
  317  337  355  368  383  397  420  447  441                                   
     7.5-180.0 180.0   5.0 450.0                            LAT/LON1/LON2/DLON/H
  446  459  473  494  509  524  538  550  561  568  575  577  572  556  531  497
  457  413  373  341  324  317  314  306  291  270  245  220  200  188  183  182
