data/edconvlstm_nd/pred3520.15i
     1.0            IONOSPHERE MAPS     GNSS                IONEX VERSION / TYPE
pyspatialgeodesy        IME             05-JAN-18 20:20     PGM / RUN BY / DATE 
Map Name                                                    COMMENT             
Predicted global ionosphere maps (GIM).                     DESCRIPTION         
  2015    12    18     0     0     0                        EPOCH OF FIRST MAP  
  2015    12    19     0     0     0                        EPOCH OF LAST MAP   
  7200                                                      INTERVAL            
    13                                                      # OF MAPS IN FILE   
  NONE                                                      MAPPING FUNCTION    
10.0                                                        ELEVATION CUTOFF    
One-way carrier phase leveled to code                       OBSERVABLES USED    
  6371.0                                                    BASE RADIUS         
 2                                                          MAP DIMENSION       
   450.0 450.0   0.0                                        HGT1 / HGT2 / DHGT  
    87.5 -87.5  -2.5                                        LAT1 / LAT2 / DLAT  
  -180.0 180.0   5.0                                        LON1 / LON2 / DLON  
    -1                                                      EXPONENT            
                                                            END OF HEADER       
[from data line 429]
     2                                                      START OF TEC MAP    
  2015    12    18     2     0     0                        EPOCH OF CURRENT MAP
    87.5-180.0 180.0   5.0 450.0                            LAT/LON1/LON2/DLON/H
   46   50   40   41   37   41   36   35   36   37   38   39   40   40   41   42
   42   42   42   42   42   42   42   41   41   41   40   40   40   39   39   39
   39   39   39   39   39   40   40   40   40   41   41   41   41   41   41   41
   41   41   41   40   40   39   39   38   38   37   37   36   35   35   34   34
   35   34   32   31   30   48   50   42   46                                   
    85.0-180.0 180.0   5.0 450.0                            LAT/LON1/LON2/DLON/H
   32   44   35   39   39   41   40   39   41   42   43   45   46   47   48   48
   48   48   48   47   46   45   44   43   41   40   39   38   38   37   37   37
   37   37   37   38   39   40   41   42   43   44   44   45   45   45   45   45
   45   44   43   42   42   41   40   39   38   37   37   36   36   35   34   35
   35   35   34   36   43   42   57   42   32                                   
    82.5-180.0 180.0   5.0 450.0                            LAT/LON1/LON2/DLON/H
   19   24   42   38   36   39   37   37   41   43   45   47   49   51   52   53
   53   52   51   49   47   45   43   40   38   36   34   32   31   30   29   29
   29   30   31   32   33   35   37   39   41   42   44   45   45   45   45   45
   44   42   41   40   38   37   36   34   33   32   32   31   30   30   29   30
   30   30   28   26   39   31   40   44   19                                   
    80.0-180.0 180.0   5.0 450.0                            LAT/LON1/LON2/DLON/H
   32   38   47   41   42   39   41   41   46   49   51   54   57   59   61   61
   61   61   59   57   55   52   49   45   42   39   37   34   33   31   31   30
   31   31   33   34   36   39   41   44   46   48   50   51   51   51   51   49
   48   46   44   42   40   38   36   35   34   33   32   32   31   31   31   32
   33   32   33   32   48   42   44   53   32                                   
    77.5-180.0 180.0   5.0 450.0                            LAT/LON1/LON2/DLON/H
   44   50   49   44   41   40   42   44   49   51   54   57   60   63   64   65
   65   64   63   61   58   55   51   48   44   41   37   35   32   31   29   29
   29   30   31   34   36   39   42   45   47   50   52   53   53   53   52   50
   48   45   42   40   37   35   33   32   31   31   30   30   30   30   31   33
   34   36   35   37   45   42   43   49   44                                   
    75.0-180.0 180.0   5.0 450.0                            LAT/LON1/LON2/DLON/H
   49   55   58   52   45   45   45   47   51   54   55   59   61   63   64   64
   64   63   61   59   57   55   52   49   46   43   40   37   35   33   32   31
   31   32   33   35   38   40   43   46   49   51   52   53   53   52   50   48
   45   42   39   36   33   31   30   30   30   30   30   31   32   33   35   37
   38   41   43   42   52   53   53   57   49                                   
    72.5-180.0 180.0   5.0 450.0                            LAT/LON1/LON2/DLON/H
   61   64   67   59   54   52   52   54   57   58   59   61   62   62   61   60
   59   58   57   56   55   54   52   51   49   47   45   43   40   39   37   36
   36   36   37   38   40   42   44   47   48   50   51   51   50   49   47   44
   40   37   34   31   30   29   29   30   31   32   34   36   38   40   43   46
   48   51   57   57   65   66   67   70   61                                   
    70.0-180.0 180.0   5.0 450.0                            LAT/LON1/LON2/DLON/H
   77   77   80   73   64   61   61   61   64   64   63   64   62   60   57   55
   53   51   50   50   50   51   51   51   51   51   50   48   47   45   44   42
   41   41   40   41   42   43   44   45   46   47   47   47   46   44   41   39
   36   33   31   30   29   30   32   35   38   41   44   47   50   53   56   59
   61   64   70   71   79   80   82   83   77                                   
    67.5-180.0 180.0   5.0 450.0                            LAT/LON1/LON2/DLON/H
   90   89   90   83   72   67   66   66   67   66   64   62   58   53   49   44
   41   39   39   39   41   42   44   46   47   48   48   47   46   45   43   41
   39   38   36   36   35   35   36   36   36   36   36   35   33   31   29   27
   25   24   23   23   25   28   32   37   42   47   52   56   60   62   65   68
   70   72   79   80   88   91   93   93   90                                   
    65.0-180.0 180.0   5.0 450.0                            LAT/LON1/LON2/DLON/H
  102   99   97   90   79   72   70   70   71   69   66   63   57   50   43   38
   34   32   31   32   34   36   39   41   43   44   45   44   43   41   39   37
   35   33   31   29   28   28   27   27   27   26   25   24   23   21   20   19
   18   18   18   20   24   30   37   44   51   58   64   68   72   75   77   79
   80   82   87   88   97  100  103  104  102                                   
    62.5-180.0 180.0   5.0 450.0                            LAT/LON1/LON2/DLON/H
  110  107  105   98   86   79   76   76   77   74   71   67   59   51   43   37
   32   30   29   30   32   34   36   38   40   41   41   40   39   37   35   33
   30   28   26   24   23   22   22   21   21   21   20   19   18   16   16   15
   15   15   17   21   27   35   44   53   61   69   76   82   86   89   91   92
   93   93   97   96  104  107  111  113  110                                   
    60.0-180.0 180.0   5.0 450.0                            LAT/LON1/LON2/DLON/H
  117  114  111  103   92   83   80   79   80   77   73   69   62   53   45   39
   34   32   31   31   32   33   34   35   35   35   35   34   33   31   29   27
   25   23   21   20   19   19   18   18   18   18   18   17   16   15   14   13
   14   15   18   23   30   39   49   59   69   78   86   92   97  100  102  104
  103  102  105  104  110  112  115  117  117                                   
    57.5-180.0 180.0   5.0 450.0                            LAT/LON1/LON2/DLON/H
  124  122  119  110   98   89   84   83   83   80   76   71   65   57   50   44
   40   38   36   35   34   33   32   31   31   30   29   28   27   26   24   23
   21   20   19   19   19   19   19   20   20   20   20   19   18   17   16   16
   16   18   21   26   34   44   55   65   76   85   93  100  105  110  113  115
  115  113  115  113  118  118  122  123  124                                   
    55.0-180.0 180.0   5.0 450.0                            LAT/LON1/LON2/DLON/H
  134  132  128  119  108   97   91   88   86   81   77   72   66   60   55   51
   47   45   42   40   37   34   31   29   28   26   25   24   23   22   21   20
   20   20   20   21   22   23   24   25   25   26   26   26   25   24   23   22
   22   23   26   31   39   49   60   71   80   89   97  105  111  117  122  126
  126  125  127  125  129  127  130  129  134                                   
    52.5-180.0 180.0   5.0 450.0                            LAT/LON1/LON2/DLON/H
  147  145  141  133  122  110  102   96   92   84   78   73   67   62   59   56
   54   51   48   44   40   36   32   29   27   26   24   24   23   22   21   21
   22   23   25   27   29   30   32   33   34   35   35   35   34   33   32   31
   30   31   34   39   47   56   66   76   85   93  101  108  116  124  131  137
  139  138  141  139  142  137  139  138  147                                   
    50.0-180.0 180.0   5.0 450.0                            LAT/LON1/LON2/DLON/H
  161  161  156  150  140  129  119  110  101   91   81   74   68   64   62   60
   58   56   52   47   42   38   34   32   30   29   28   27   26   25   25   25
   26   29   32   35   38   40   42   43   44   45   45   45   45   44   43   42
   41   42   44   49   56   66   76   85   92   99  105  113  121  130  139  147
  150  151  154  152  154  148  151  148  161                                   
    47.5-180.0 180.0   5.0 450.0                            LAT/LON1/LON2/DLON/H
  175  176  171  168  161  150  140  127  115  100   87   78   71   66   64   62
   60   57   53   49   45   41   39   38   37   37   36   35   33   32   31   31
   32   35   40   44   48   50   52   53   54   54   55   55   55   54   54   53
   53   54   56   61   69   78   88   96  102  107  112  118  126  136  145  154
  159  162  165  163  165  158  161  159  175                                   
    45.0-180.0 180.0   5.0 450.0                            LAT/LON1/LON2/DLON/H
  184  186  182  183  179  171  160  147  131  113   97   85   76   70   66   63
   60   57   53   50   48   47   46   47   47   47   46   44   41   38   36   35
   37   41   46   51   56   59   60   60   61   62   63   63   64   64   64   65
   66   67   70   75   83   93  102  109  114  117  120  125  132  140  149  159
  165  169  172  170  172  165  168  166  184                                   
    42.5-180.0 180.0   5.0 450.0                            LAT/LON1/LON2/DLON/H
  186  189  186  191  191  185  177  164  147  127  109   95   84   76   70   65
   61   57   54   53   54   55   57   58   59   58   55   52   47   43   40   38
   40   44   50   56   61   64   65   65   65   66   68   69   70   72   73   75
   77   80   84   90   98  108  117  124  127  129  130  133  138  145  152  161
  167  171  175  173  174  168  170  168  186                                   
    40.0-180.0 180.0   5.0 450.0                            LAT/LON1/LON2/DLON/H
  181  184  182  191  194  191  185  174  159  139  121  107   94   85   77   70
   64   61   59   60   63   67   70   71   70   67   62   57   51   45   41   39
   41   45   51   58   63   66   67   67   68   70   72   74   76   78   80   83
   87   90   96  103  112  123  132  137  140  140  140  141  144  149  155  163
  168  172  176  174  174  168  169  168  181                                   
    37.5-180.0 180.0   5.0 450.0                            LAT/LON1/LON2/DLON/H
  174  175  173  182  187  186  183  175  163  146  130  117  106   95   86   78
   72   68   69   72   77   81   83   82   78   72   66   60   53   47   43   41
   42   47   53   60   65   68   69   69   70   73   76   78   81   83   86   89
   94   98  105  113  123  134  143  148  150  150  149  150  152  155  160  167
  172  176  179  177  177  171  171  170  174                                   
    35.0-180.0 180.0   5.0 450.0                            LAT/LON1/LON2/DLON/H
  170  169  165  171  175  174  172  168  160  147  134  124  115  106   97   88
   82   80   82   87   92   96   95   90   82   74   67   61   55   51   47   46
   48   52   58   64   69   72   73   73   74   77   80   83   85   87   89   93
   97  103  110  119  129  140  149  155  158  158  158  159  161  164  170  177
  183  187  191  190  188  183  183  181  170                                   
    32.5-180.0 180.0   5.0 450.0                            LAT/LON1/LON2/DLON/H
  178  174  166  165  165  162  160  157  151  142  133  127  120  113  106   98
   94   93   96  101  105  105  101   92   82   74   68   64   61   58   57   56
   58   61   66   72   76   79   79   79   80   83   86   88   89   89   90   93
   98  104  111  120  131  142  152  159  163  165  166  168  172  177  185  195
  203  209  214  214  213  209  211  207  178                                   
    30.0-180.0 180.0   5.0 450.0                            LAT/LON1/LON2/DLON/H
  204  198  184  173  167  159  153  148  143  135  129  125  121  116  111  106
  103  103  106  109  110  107   99   89   80   73   71   70   71   71   71   72
   73   76   79   83   86   88   88   87   88   90   92   93   92   90   90   91
   95  101  109  119  130  141  152  160  166  171  175  179  186  195  208  222
  234  242  250  250  252  249  254  249  204                                   
    27.5-180.0 180.0   5.0 450.0                            LAT/LON1/LON2/DLON/H
  251  245  223  200  187  172  160  150  142  132  125  122  119  115  111  108
  107  107  108  108  105   99   91   82   76   75   78   82   86   89   91   92
   94   95   97   98   98   98   97   96   96   96   97   96   93   90   87   87
   91   97  106  116  128  140  151  162  170  178  185  193  203  218  236  257
  272  284  294  295  300  299  309  303  251                                   
    25.0-180.0 180.0   5.0 450.0                            LAT/LON1/LON2/DLON/H
  316  312  281  249  229  207  187  168  153  138  128  121  116  112  108  106
  104  103  101   96   90   84   78   75   77   82   91  100  107  112  116  118
  120  119  117  114  111  109  106  104  102  101  100   97   92   87   83   83
   86   94  103  115  128  141  154  167  179  191  201  212  226  245  270  295
  315  330  341  343  350  354  368  365  316                                   
    22.5-180.0 180.0   5.0 450.0                            LAT/LON1/LON2/DLON/H
  392  390  352  314  292  264  234  205  180  158  140  127  117  110  105  101
   98   93   86   78   71   67   68   73   83   97  111  124  134  141  145  146
  145  140  134  126  120  115  112  108  105  102   99   95   90   83   79   78
   82   91  102  116  131  146  162  179  195  210  224  238  255  278  306  335
  359  375  387  390  399  410  428  428  392                                   
    20.0-180.0 180.0   5.0 450.0                            LAT/LON1/LON2/DLON/H
  465  467  429  391  368  338  300  262  226  194  166  145  127  114  106   99
   92   82   71   61   56   57   66   80   99  119  138  154  164  169  170  168
  162  153  142  131  122  116  112  108  104  100   96   91   85   78   74   74
   80   90  104  120  137  156  176  197  218  237  254  270  288  312  342  374
  399  416  428  432  441  459  481  486  465                                   
    17.5-180.0 180.0   5.0 450.0                            LAT/LON1/LON2/DLON/H
  523  532  499  468  448  419  377  331  287  246  209  177  150  130  116  105
   93   79   65   55   53   61   77   99  124  148  169  183  190  190  186  178
  168  155  140  127  118  112  108  104  100   95   91   86   80   74   71   73
   80   92  108  127  147  170  195  221  246  269  287  304  322  345  375  405
  430  447  458  462  471  494  520  529  523                                   
    15.0-180.0 180.0   5.0 450.0                            LAT/LON1/LON2/DLON/H
  558  574  554  535  520  495  453  405  356  309  265  224  188  160  140  124
  108   90   74   65   67   81  104  131  159  182  199  207  207  200  189  177
  163  147  131  118  110  105  102   99   95   91   87   83   78   73   70   73
   82   96  115  136  160  187  216  246  274  299  318  334  352  373  400  427
  449  464  473  477  483  508  537  551  558                                   
    12.5-180.0 180.0   5.0 450.0                            LAT/LON1/LON2/DLON/H
  568  590  584  579  573  554  515  470  423  376  328  282  240  205  180  160
  141  120  103   96  103  122  148  176  200  216  224  222  213  198  182  166
  150  135  120  109  103  100   98   96   93   89   86   83   78   74   73   77
   87  103  123  147  174  204  236  269  299  324  343  359  375  394  416  438
  454  465  472  475  478  501  532  550  568                                   
    10.0-180.0 180.0   5.0 450.0                            LAT/LON1/LON2/DLON/H
  560  582  589  596  599  588  556  519  478  435  390  344  300  264  236  215
  194  173  157  152  162  183  208  229  241  244  239  227  209  190  170  153
  138  125  114  106  101  100   99   97   95   93   90   87   83   80   79   84
   95  112  134  159  188  219  253  287  317  340  359  374  389  406  423  439
  449  456  460  462  463  482  511  534  560                                   
     7.5-180.0 180.0   5.0 450.0                            LAT/LON1/LON2/DLON/H
  542  560  575  590  601  597  575  547  515  481  442  401  361  327  301  281
  263  244  231  230  240  258  273  280  276  263  244  223  201  180  162  146
