data/edconvlstm_nd/pred1810.15i
     1.0            IONOSPHERE MAPS     GNSS                IONEX VERSION / TYPE
pyspatialgeodesy        IME             05-JAN-18 20:20     PGM / RUN BY / DATE 
Map Name                                                    COMMENT             
Predicted global ionosphere maps (GIM).                     DESCRIPTION         
  2015     6    30     0     0     0                        EPOCH OF FIRST MAP  
  2015     7     1     0     0     0                        EPOCH OF LAST MAP   
  7200                                                      INTERVAL            
    13                                                      # OF MAPS IN FILE   
  NONE                                                      MAPPING FUNCTION    
10.0                                                        ELEVATION CUTOFF    
One-way carrier phase leveled to code                       OBSERVABLES USED    
  6371.0                                                    BASE RADIUS         
 2                                                          MAP DIMENSION       
   450.0 450.0   0.0                                        HGT1 / HGT2 / DHGT  
    87.5 -87.5  -2.5                                        LAT1 / LAT2 / DLAT  
  -180.0 180.0   5.0                                        LON1 / LON2 / DLON  
    -1                                                      EXPONENT            
                                                            END OF HEADER       
[from data line 1716]
     5                                                      START OF TEC MAP    
  2015     6    30     8     0     0                        EPOCH OF CURRENT MAP
    87.5-180.0 180.0   5.0 450.0                            LAT/LON1/LON2/DLON/H
  121  122  121  126  127  126  124  120  121  121  120  120  120  119  118  117
  116  116  115  114  113  113  112  112  111  111  111  111  111  111  112  112
  112  113  113  114  114  114  114  115  115  115  116  116  116  117  117  118
  118  118  119  119  120  120  120  120  120  120  120  120  120  119  119  119
  120  121  120  119  125  123  129  122  121                                   
    85.0-180.0 180.0   5.0 450.0                            LAT/LON1/LON2/DLON/H
  123  130  133  131  132  132  132  131  131  131  130  130  129  128  127  126
  124  123  122  121  120  120  119  119  118  118  118  119  119  120  121  121
  122  123  124  124  125  125  126  126  126  127  127  127  128  128  129  129
  130  130  131  131  132  132  132  132  132  132  131  131  131  130  130  130
  131  132  128  127  124  126  131  130  123                                   
    82.5-180.0 180.0   5.0 450.0                            LAT/LON1/LON2/DLON/H
  128  135  139  134  133  134  134  133  133  133  132  131  130  129  127  126
  124  123  121  120  119  118  117  116  116  117  117  118  119  121  122  124
  125  127  128  129  131  131  132  132  133  133  134  134  134  135  136  136
  137  138  139  139  140  140  140  140  140  139  138  137  137  136  134  134
  134  134  130  131  131  133  129  123  128                                   
    80.0-180.0 180.0   5.0 450.0                            LAT/LON1/LON2/DLON/H
  132  135  135  134  134  133  133  133  132  132  130  129  127  125  123  121
  119  117  115  113  111  110  109  108  108  108  109  111  113  115  118  120
  123  125  128  130  131  132  133  134  134  135  135  136  137  138  139  140
  141  143  144  145  146  146  146  146  146  145  143  142  141  139  138  137
  136  135  133  133  132  137  140  127  132                                   
    77.5-180.0 180.0   5.0 450.0                            LAT/LON1/LON2/DLON/H
  135  135  136  136  135  136  135  135  135  133  131  130  127  125  123  120
  118  115  113  110  108  107  105  104  104  104  105  107  110  113  116  120
  124  128  131  134  136  138  139  140  140  141  141  142  143  145  146  148
  150  152  154  156  157  158  158  158  157  156  154  152  150  148  146  145
  143  142  137  138  138  137  138  134  135                                   
    75.0-180.0 180.0   5.0 450.0                            LAT/LON1/LON2/DLON/H
  129  133  129  131  130  132  131  130  130  129  126  124  122  119  117  114
  111  109  106  104  102   99   97   96   95   95   96   98  101  105  110  114
  120  124  128  132  135  137  138  139  139  140  141  142  144  145  148  150
  153  155  158  160  161  163  163  163  162  161  160  158  156  153  151  150
  148  146  141  137  138  139  140  134  129                                   
    72.5-180.0 180.0   5.0 450.0                            LAT/LON1/LON2/DLON/H
  126  131  127  128  128  131  130  129  128  127  124  122  120  118  116  113
  111  110  107  105  103  100   98   96   95   94   95   97  100  105  110  116
  122  128  133  137  140  142  143  144  145  146  147  148  150  152  154  157
  160  162  164  166  168  169  170  169  169  168  166  165  163  162  160  159
  158  155  152  148  145  144  142  138  126                                   
    70.0-180.0 180.0   5.0 450.0                            LAT/LON1/LON2/DLON/H
  128  128  124  123  122  122  121  120  119  118  115  114  112  110  109  108
  107  106  104  103  100   98   95   93   91   90   90   92   96  101  107  114
  121  127  133  137  141  143  144  145  146  147  149  151  153  155  157  159
  161  163  164  165  166  166  166  166  165  164  164  163  163  162  162  162
  162  160  157  153  149  148  147  142  128                                   
    67.5-180.0 180.0   5.0 450.0                            LAT/LON1/LON2/DLON/H
  125  125  120  119  117  116  114  112  111  109  107  106  105  104  103  103
  103  102  102  101   99   96   93   90   88   87   88   90   94   99  106  113
  120  127  133  137  141  143  145  147  148  150  152  154  157  159  160  161
  161  161  160  160  159  158  158  157  156  156  156  157  157  159  160  163
  164  163  161  157  153  152  149  143  125                                   
    65.0-180.0 180.0   5.0 450.0                            LAT/LON1/LON2/DLON/H
  127  127  121  118  115  112  109  106  104  102  100   99   98   98   98   98
   99   99   99   98   96   94   91   88   86   85   87   90   94  101  108  115
  122  129  135  140  143  146  149  151  153  156  159  162  165  166  167  166
  164  161  158  155  153  151  149  148  147  147  148  149  152  155  158  162
  165  166  165  162  159  158  156  150  127                                   
    62.5-180.0 180.0   5.0 450.0                            LAT/LON1/LON2/DLON/H
  131  132  125  122  116  112  107  102   99   96   93   93   92   92   92   93
   93   94   94   93   91   89   86   83   82   83   85   90   96  103  111  118
  125  132  137  142  146  149  152  155  158  162  167  171  174  175  174  171
  167  161  156  151  147  144  142  140  139  139  140  142  146  150  155  160
  165  167  167  166  163  163  162  157  131                                   
    60.0-180.0 180.0   5.0 450.0                            LAT/LON1/LON2/DLON/H
  139  140  133  128  121  115  108  100   95   90   87   86   85   85   85   85
   86   86   86   84   82   80   78   76   76   79   83   89   97  105  113  121
  128  134  139  144  148  151  154  158  162  167  173  178  181  182  180  176
  169  162  155  149  144  140  137  135  134  134  135  137  141  145  150  157
  162  166  167  167  166  167  167  162  139                                   
    57.5-180.0 180.0   5.0 450.0                            LAT/LON1/LON2/DLON/H
  148  151  145  139  131  123  113  102   94   87   82   80   78   77   77   77
   77   77   77   75   73   71   69   69   71   75   81   90   99  108  117  125
  131  137  142  146  150  154  158  162  167  173  179  184  188  189  186  181
  174  166  158  152  146  142  139  137  136  135  136  138  141  145  149  155
  160  165  167  167  167  170  171  167  148                                   
    55.0-180.0 180.0   5.0 450.0                            LAT/LON1/LON2/DLON/H
  157  163  157  151  143  133  120  106   95   86   78   74   71   70   69   69
   69   69   68   66   64   62   61   62   65   71   79   89  100  111  120  128
  134  139  144  149  154  158  162  166  171  176  182  188  192  193  191  186
  179  171  164  158  153  149  147  144  143  142  142  143  145  147  150  155
  159  163  165  167  168  172  173  170  157                                   
    52.5-180.0 180.0   5.0 450.0                            LAT/LON1/LON2/DLON/H
  165  172  169  163  155  143  128  112   98   86   76   70   66   64   62   62
   62   62   61   59   58   56   56   58   62   69   79   90  102  113  123  131
  137  143  149  154  159  164  168  171  175  180  185  190  193  195  194  190
  184  178  172  167  163  160  158  156  154  153  152  152  153  153  155  157
  160  163  165  166  168  172  174  171  165                                   
    50.0-180.0 180.0   5.0 450.0                            LAT/LON1/LON2/DLON/H
  171  179  176  172  164  152  136  118  102   88   76   69   63   60   58   57
   58   58   57   57   56   55   56   59   63   70   80   92  104  116  126  135
  142  148  155  161  167  173  176  179  181  184  187  191  194  196  196  194
  190  186  182  179  176  173  171  169  167  165  164  163  162  161  161  162
  163  165  166  167  169  172  174  172  171                                   
    47.5-180.0 180.0   5.0 450.0                            LAT/LON1/LON2/DLON/H
  173  181  179  175  168  156  141  123  106   91   79   70   63   59   57   56
   57   58   58   58   59   60   61   64   69   75   84   95  107  119  130  139
  147  155  163  171  179  184  188  190  190  190  191  193  196  198  199  199
  198  196  193  191  188  186  183  180  177  175  174  172  170  168  167  167
  168  169  170  170  171  174  175  172  173                                   
    45.0-180.0 180.0   5.0 450.0                            LAT/LON1/LON2/DLON/H
  172  178  176  173  167  156  142  125  110   95   83   75   67   62   60   59
   60   61   62   64   66   68   72   75   79   83   90   99  110  122  134  144
  154  164  174  184  193  199  203  204  202  200  198  198  200  202  204  206
  207  207  206  204  201  197  193  189  185  183  180  178  176  175  173  174
  175  176  176  176  176  177  177  173  172                                   
    42.5-180.0 180.0   5.0 450.0                            LAT/LON1/LON2/DLON/H
  169  172  169  166  160  150  139  125  113  100   90   82   74   69   66   65
   66   67   69   72   75   80   85   88   91   94   98  105  115  127  139  151
  163  174  186  197  208  216  220  220  217  213  209  207  207  209  212  215
  218  219  219  217  213  208  202  197  192  188  185  183  181  179  179  181
  183  185  185  185  184  184  182  177  169                                   
    40.0-180.0 180.0   5.0 450.0                            LAT/LON1/LON2/DLON/H
  166  165  161  156  150  141  133  122  114  105   97   90   83   77   73   72
   72   74   76   80   85   92   98  102  104  105  107  112  121  132  145  159
  172  185  198  211  222  231  236  237  234  229  223  219  218  219  223  227
  231  234  234  232  227  221  214  207  200  195  191  188  185  184  184  188
  191  195  197  196  194  193  191  183  166                                   
    37.5-180.0 180.0   5.0 450.0                            LAT/LON1/LON2/DLON/H
  166  161  153  146  139  131  125  118  114  108  104   99   92   86   82   79
   79   80   82   87   93  102  109  114  115  114  114  118  126  138  152  166
  180  194  208  222  234  244  251  253  250  245  239  234  232  233  237  242
  247  250  251  250  245  239  231  223  215  208  202  197  193  191  191  196
  201  207  209  209  207  204  202  193  166                                   
    35.0-180.0 180.0   5.0 450.0                            LAT/LON1/LON2/DLON/H
  171  161  150  140  131  123  119  114  113  111  109  106  100   94   89   86
   84   84   86   91   99  108  117  122  124  122  121  124  131  143  157  172
  186  200  214  228  241  253  261  264  264  259  254  249  246  247  252  258
  264  269  272  272  269  264  256  248  239  230  221  213  206  202  202  206
  212  219  223  223  220  218  215  204  171                                   
    32.5-180.0 180.0   5.0 450.0                            LAT/LON1/LON2/DLON/H
  181  166  153  139  129  119  115  112  112  112  112  111  106  100   94   90
   87   87   88   93  101  112  121  127  129  127  125  128  136  148  161  175
  189  202  216  229  243  255  265  270  272  270  265  261  260  261  266  274
  282  289  295  298  298  296  290  282  272  262  250  238  227  219  216  218
  224  231  236  235  233  230  228  217  181                                   
    30.0-180.0 180.0   5.0 450.0                            LAT/LON1/LON2/DLON/H
  195  177  162  146  133  122  117  113  113  113  114  113  109  102   96   92
   89   88   89   94  102  113  123  130  131  129  128  131  138  150  163  175
  188  200  212  225  239  252  263  270  274  274  272  270  270  273  280  289
  299  309  318  326  331  332  329  322  312  300  286  270  255  242  234  234
  237  243  247  247  245  242  239  229  195                                   
    27.5-180.0 180.0   5.0 450.0                            LAT/LON1/LON2/DLON/H
  210  190  175  158  143  130  123  117  116  115  115  114  110  103   97   92
   89   88   90   94  103  114  124  130  132  130  129  132  139  149  161  172
  182  193  204  217  231  244  256  265  272  275  275  276  278  283  291  302
  315  328  341  353  363  368  368  363  353  340  324  306  287  269  256  251
  250  255  258  256  254  250  247  238  210                                   
    25.0-180.0 180.0   5.0 450.0                            LAT/LON1/LON2/DLON/H
  224  203  190  173  157  143  134  126  122  118  116  114  110  104   98   93
   90   89   91   96  104  114  124  131  132  131  129  131  137  146  156  165
  173  183  194  208  222  235  248  258  267  272  276  279  284  291  301  314
  329  345  361  377  390  398  400  396  387  374  358  340  319  298  280  269
  264  266  267  264  261  256  252  244  224                                   
    22.5-180.0 180.0   5.0 450.0                            LAT/LON1/LON2/DLON/H
  234  213  202  187  172  157  147  137  130  124  119  116  111  105   99   94
   92   91   94   98  106  116  125  131  132  130  128  129  133  140  147  155
  163  173  185  199  214  229  242  253  263  270  277  283  290  299  311  325
  341  358  377  394  408  418  421  418  409  398  384  367  346  324  302  287
  278  276  275  271  266  259  254  246  234                                   
    20.0-180.0 180.0   5.0 450.0                            LAT/LON1/LON2/DLON/H
  238  218  210  197  184  170  160  150  140  131  125  120  115  109  103   98
   96   95   98  102  109  118  126  131  132  129  126  125  127  131  137  144
  152  164  178  195  211  227  240  252  263  272  281  289  298  308  321  335
  352  369  387  404  418  426  429  426  419  409  398  385  367  345  323  305
  292  287  284  279  271  261  254  246  238                                   
    17.5-180.0 180.0   5.0 450.0                            LAT/LON1/LON2/DLON/H
  237  219  213  202  192  179  170  161  151  140  132  126  121  115  109  104
  101  101  103  107  113  120  127  131  130  126  122  118  118  121  126  134
  144  158  175  194  213  230  245  258  269  279  288  297  307  318  331  345
  361  378  394  408  419  425  426  423  417  411  404  395  381  362  340  320
  306  299  295  287  277  264  254  245  237                                   
    15.0-180.0 180.0   5.0 450.0                            LAT/LON1/LON2/DLON/H
  234  217  213  202  194  182  176  168  160  149  140  134  129  123  116  111
  107  106  108  111  115  121  126  128  127  121  115  110  108  110  116  125
  138  155  176  198  219  238  254  268  279  289  298  307  317  328  341  355
  370  385  398  408  416  419  419  415  411  407  404  400  390  374  354  335
  320  312  306  297  286  269  256  245  234                                   
    12.5-180.0 180.0   5.0 450.0                            LAT/LON1/LON2/DLON/H
  233  217  213  201  193  182  177  172  166  156  148  142  136  130  124  117
  113  111  111  113  116  119  122  123  120  114  107  101   98  100  107  118
  135  155  179  203  227  248  265  279  291  300  308  316  326  337  350  364
  378  391  401  409  413  413  412  409  406  404  404  402  396  383  365  347
  332  324  318  309  296  276  262  248  233                                   
    10.0-180.0 180.0   5.0 450.0                            LAT/LON1/LON2/DLON/H
  236  221  216  201  192  180  176  172  168  161  153  147  142  136  129  122
  117  114  113  113  114  115  115  114  111  105   97   91   88   91   99  114
  133  156  181  208  233  255  274  289  301  309  315  322  330  341  354  369
  384  396  405  410  412  412  410  408  406  405  406  405  400  388  372  356
  342  334  328  319  306  286  270  255  236                                   
     7.5-180.0 180.0   5.0 450.0                            LAT/LON1/LON2/DLON/H
  246  231  224  205  193  179  174  171  168  162  155  149  144  138  131  123
  118  114  113  112  110  109  107  104  100   94   87   81   79   83   94  110
