data/edconvlstm_nd/pred0800.15i
     1.0            IONOSPHERE MAPS     GNSS                IONEX VERSION / TYPE
pyspatialgeodesy        IME             05-JAN-18 20:20     PGM / RUN BY / DATE 
Map Name                                                    COMMENT             
Predicted global ionosphere maps (GIM).                     DESCRIPTION         
  2015     3    21     0     0     0                        EPOCH OF FIRST MAP  
  2015     3    22     0     0     0                        EPOCH OF LAST MAP   
  7200                                                      INTERVAL            
    13                                                      # OF MAPS IN FILE   
  NONE                                                      MAPPING FUNCTION    
10.0                                                        ELEVATION CUTOFF    
One-way carrier phase leveled to code                       OBSERVABLES USED    
  6371.0                                                    BASE RADIUS         
 2                                                          MAP DIMENSION       
   450.0 450.0   0.0                                        HGT1 / HGT2 / DHGT  
    87.5 -87.5  -2.5                                        LAT1 / LAT2 / DLAT  
  -180.0 180.0   5.0                                        LON1 / LON2 / DLON  
    -1                                                      EXPONENT            
                                                            END OF HEADER       
[from data line 858]
     3                                                      START OF TEC MAP    
  2015     3    21     4     0     0                        EPOCH OF CURRENT MAP
    87.5-180.0 180.0   5.0 450.0                            LAT/LON1/LON2/DLON/H
   95   99   96  101  101  100   99   98  100  102  103  105  107  108  109  110
  110  110  110  109  109  108  106  105  104  102  100   99   98   96   95   94
   94   93   93   92   92   92   92   92   91   91   91   91   91   91   91   91
   91   91   91   91   91   91   91   92   92   92   92   92   91   91   90   91
   92   93   91   90   94  100  104   94   95                                   
    85.0-180.0 180.0   5.0 450.0                            LAT/LON1/LON2/DLON/H
   91  104   92   98  100  101  101  102  103  106  107  109  111  112  113  114
  114  114  114  113  112  110  108  106  104  102   99   97   96   94   93   92
   92   91   91   92   92   92   93   93   94   94   95   95   95   96   96   97
   97   97   98   98   99   99  100  100  101  101  102  102  102  102  101  102
  104  104  100  100   99  101  106   97   91                                   
    82.5-180.0 180.0   5.0 450.0                            LAT/LON1/LON2/DLON/H
   96   97  103   96   95   97   98   99  101  103  105  108  110  112  113  114
  114  114  113  111  109  106  103   99   96   92   89   86   83   82   80   80
   80   81   82   83   84   86   88   89   91   92   93   94   95   96   97   98
   99  101  102  103  104  106  107  109  110  112  113  114  114  114  114  115
  115  114  109  107  112  102   99   96   96                                   
    80.0-180.0 180.0   5.0 450.0                            LAT/LON1/LON2/DLON/H
  107  102   97   90   91   90   92   93   96   98  100  104  107  109  111  112
  112  111  109  106  103   99   94   89   84   80   75   72   69   67   66   66
   67   69   72   74   77   80   83   86   88   90   91   93   94   95   97   98
  100  102  104  106  109  111  114  117  120  122  124  126  128  129  129  130
  130  126  123  122  128  119  117  106  107                                   
    77.5-180.0 180.0   5.0 450.0                            LAT/LON1/LON2/DLON/H
  118  112  103   96   90   90   92   93   96   97   99  103  106  108  109  110
  109  108  105  102   97   92   87   81   75   70   65   61   58   56   56   57
   59   63   67   71   76   81   85   89   92   95   97   99  100  102  103  105
  108  111  114  118  122  126  130  135  139  143  146  149  152  153  155  155
  155  153  148  148  148  135  130  120  118                                   
    75.0-180.0 180.0   5.0 450.0                            LAT/LON1/LON2/DLON/H
  127  125  112  104   96   94   93   92   93   94   94   97   99  100  101  100
   99   96   93   90   85   80   75   69   64   59   54   50   48   47   47   49
   52   57   62   67   73   78   83   87   91   93   95   97   98  100  102  105
  108  112  117  122  128  134  140  145  151  156  160  164  167  169  171  172
  172  171  168  164  164  155  150  141  127                                   
    72.5-180.0 180.0   5.0 450.0                            LAT/LON1/LON2/DLON/H
  142  142  129  118  109  106  103  100   99   98   97   97   96   95   93   91
   88   86   83   80   77   73   69   65   61   56   53   50   48   47   48   51
   54   59   65   71   77   82   87   92   95   98  100  101  103  105  109  113
  118  124  130  138  145  152  159  166  171  176  180  184  186  188  189  190
  190  190  190  187  185  174  169  162  142                                   
    70.0-180.0 180.0   5.0 450.0                            LAT/LON1/LON2/DLON/H
  163  161  147  135  123  116  111  106  104  100   97   95   91   87   82   78
   75   72   70   69   68   66   65   63   60   58   55   53   52   52   53   55
   58   62   67   72   77   82   87   91   94   96   99  101  104  107  112  118
  125  133  142  151  160  168  176  182  188  192  195  196  197  197  197  197
  197  197  199  198  199  191  190  183  163                                   
    67.5-180.0 180.0   5.0 450.0                            LAT/LON1/LON2/DLON/H
  171  171  156  144  131  123  116  110  106  101   95   90   84   77   70   65
   61   59   58   59   60   62   62   63   62   61   60   58   57   56   56   57
   58   61   64   67   71   75   78   82   84   87   90   94   98  104  111  119
  129  140  151  162  172  181  188  193  198  200  201  201  199  196  193  191
  189  189  192  192  196  192  193  190  171                                   
    65.0-180.0 180.0   5.0 450.0                            LAT/LON1/LON2/DLON/H
  176  176  161  149  137  127  120  114  109  103   95   88   79   70   62   56
   53   52   53   56   60   63   66   68   68   68   67   65   63   62   60   59
   59   59   60   62   64   66   69   72   75   78   83   88   94  102  112  123
  135  149  162  174  185  194  201  206  209  210  209  207  203  198  191  186
  181  178  181  182  187  188  191  190  176                                   
    62.5-180.0 180.0   5.0 450.0                            LAT/LON1/LON2/DLON/H
  176  175  162  150  138  128  121  115  110  104   95   87   77   68   60   54
   52   52   55   60   65   69   72   74   74   74   73   71   68   65   62   59
   57   55   54   54   55   57   58   61   65   69   75   82   91  102  114  127
  142  157  172  186  198  207  213  217  219  219  218  215  210  202  193  185
  176  170  170  170  176  178  182  184  176                                   
    60.0-180.0 180.0   5.0 450.0                            LAT/LON1/LON2/DLON/H
  173  172  159  146  135  125  118  112  107  100   92   84   74   66   59   55
   54   56   60   65   70   74   76   76   76   74   72   69   66   62   58   54
   50   47   46   45   45   46   48   51   55   60   68   77   88  101  115  130
  147  164  180  195  207  216  223  226  228  229  228  225  220  212  202  191
  178  168  165  163  168  171  174  175  173                                   
    57.5-180.0 180.0   5.0 450.0                            LAT/LON1/LON2/DLON/H
  174  171  160  145  134  123  116  109  103   95   86   79   71   64   60   58
   59   62   67   71   74   76   75   74   71   68   66   63   60   56   51   47
   43   40   38   38   38   39   41   43   48   55   63   75   87  102  117  134
  152  170  187  203  216  226  232  236  239  240  240  239  236  229  219  207
  193  179  173  168  171  171  172  173  174                                   
    55.0-180.0 180.0   5.0 450.0                            LAT/LON1/LON2/DLON/H
  180  176  166  150  138  126  117  108   99   89   79   72   65   61   60   61
   63   67   70   73   74   73   70   66   62   59   56   54   51   48   44   39
   36   33   32   33   33   35   36   39   44   51   61   74   88  104  120  137
  155  174  192  209  223  234  241  246  250  252  254  255  254  250  242  231
  216  201  192  184  184  180  179  178  180                                   
    52.5-180.0 180.0   5.0 450.0                            LAT/LON1/LON2/DLON/H
  193  188  179  163  151  138  126  112   99   85   73   65   59   57   58   61
   64   68   70   71   70   66   62   57   52   49   47   45   44   41   38   35
   32   31   31   32   34   35   36   38   43   50   61   75   90  107  124  141
  159  178  197  214  229  241  250  257  262  265  269  271  273  271  266  257
  244  229  218  207  203  194  192  190  193                                   
    50.0-180.0 180.0   5.0 450.0                            LAT/LON1/LON2/DLON/H
  209  206  198  184  172  159  144  125  106   86   71   61   55   54   55   59
   62   64   65   64   62   58   54   49   45   42   41   41   41   40   37   35
   34   34   35   38   39   40   40   41   45   52   63   78   94  111  129  146
  164  182  201  219  235  249  260  268  274  279  283  286  289  290  288  282
  271  257  246  233  225  211  209  208  209                                   
    47.5-180.0 180.0   5.0 450.0                            LAT/LON1/LON2/DLON/H
  226  224  217  206  197  184  167  144  120   95   74   61   54   52   53   55
   57   57   57   55   54   51   48   45   43   41   42   43   44   44   42   41
   40   41   44   47   49   49   47   47   48   55   66   82   99  117  134  152
  169  187  206  224  241  256  268  278  286  291  296  299  302  304  303  300
  292  281  270  255  245  227  225  226  226                                   
    45.0-180.0 180.0   5.0 450.0                            LAT/LON1/LON2/DLON/H
  238  237  232  226  219  208  190  165  137  108   84   68   58   54   53   53
   52   51   49   49   49   49   49   48   47   47   49   51   52   52   51   49
   49   50   54   57   59   58   56   53   54   59   71   86  104  123  141  158
  175  193  211  228  245  261  275  287  296  303  307  310  311  312  312  311
  305  296  287  272  260  239  238  240  238                                   
    42.5-180.0 180.0   5.0 450.0                            LAT/LON1/LON2/DLON/H
  244  243  239  237  232  222  205  181  153  124   99   80   68   61   57   54
   51   48   47   48   51   54   56   57   58   58   60   62   63   62   60   58
   57   59   62   66   68   67   63   60   60   65   76   92  110  129  148  165
  182  199  216  232  249  265  280  294  306  314  318  320  320  319  318  317
  313  306  298  284  271  248  246  249  244                                   
    40.0-180.0 180.0   5.0 450.0                            LAT/LON1/LON2/DLON/H
  247  243  239  237  232  222  207  187  163  137  113   95   82   72   66   60
   55   52   52   55   62   68   72   73   73   73   73   73   72   70   66   64
   63   65   68   72   74   73   70   67   66   71   82   98  117  137  155  173
  190  206  221  236  252  268  285  302  316  327  332  334  333  330  328  326
  323  317  309  297  283  259  254  254  247                                   
    37.5-180.0 180.0   5.0 450.0                            LAT/LON1/LON2/DLON/H
  251  240  233  226  220  208  196  181  163  142  123  108   96   87   78   71
   65   63   65   71   80   87   91   91   88   86   84   82   79   75   71   69
   68   70   73   76   78   78   76   73   74   79   90  106  125  144  163  182
  199  214  228  242  256  272  291  312  331  346  355  358  357  354  351  349
  345  338  332  319  305  279  271  264  251                                   
    35.0-180.0 180.0   5.0 450.0                            LAT/LON1/LON2/DLON/H
  263  243  230  214  202  188  176  165  153  139  127  118  109  100   92   85
   81   80   85   93  103  109  111  107  101   95   91   87   83   79   76   74
   73   74   76   78   80   81   81   81   82   88  100  115  133  153  172  191
  208  224  237  249  263  280  302  327  353  374  389  396  398  397  395  392
  387  381  374  361  347  321  308  292  263                                   
    32.5-180.0 180.0   5.0 450.0                            LAT/LON1/LON2/DLON/H
  292  262  240  213  192  172  159  148  139  132  126  122  117  111  105  100
   98  101  107  116  124  128  125  118  109  102   97   94   90   87   83   81
   79   78   78   80   82   85   87   89   92   99  110  125  142  161  181  201
  219  235  249  261  275  293  318  349  381  411  433  447  455  457  458  457
  452  446  440  425  412  387  368  344  292                                   
    30.0-180.0 180.0   5.0 450.0                            LAT/LON1/LON2/DLON/H
  345  309  275  235  204  176  155  141  132  126  124  123  121  118  114  113
  114  119  126  134  140  139  133  124  115  110  107  106  103   99   95   92
   89   86   84   84   86   90   93   97  101  108  120  134  151  171  191  212
  232  250  265  279  294  314  342  377  416  454  484  506  520  528  533  535
  534  529  525  510  499  476  447  420  345                                   
    27.5-180.0 180.0   5.0 450.0                            LAT/LON1/LON2/DLON/H
  428  387  341  290  248  210  178  156  141  132  128  127  126  123  121  121
  125  131  138  144  145  142  136  129  124  124  126  127  126  121  116  111
  106  101   96   94   94   97  101  105  110  117  128  142  160  180  201  224
  247  268  287  305  324  347  377  416  459  501  538  566  586  600  610  616
  619  619  618  606  599  578  540  512  428                                   
    25.0-180.0 180.0   5.0 450.0                            LAT/LON1/LON2/DLON/H
  532  491  435  377  327  281  235  200  173  156  146  140  136  131  127  127
  131  137  142  144  143  140  138  138  141  148  156  162  162  157  149  141
  133  124  115  109  108  109  112  113  116  122  133  148  167  189  212  238
  264  291  316  340  363  390  423  462  505  548  588  620  644  662  676  687
  695  701  705  699  699  685  639  614  532                                   
    22.5-180.0 180.0   5.0 450.0                            LAT/LON1/LON2/DLON/H
  641  606  548  491  437  386  327  277  234  203  182  168  156  145  137  134
  135  139  142  142  141  142  147  157  171  187  202  211  212  204  192  179
  165  151  139  130  125  124  123  121  120  123  134  151  173  198  224  254
  285  318  350  380  409  439  472  509  549  590  629  661  687  707  722  736
  749  761  773  777  783  782  737  717  641                                   
    20.0-180.0 180.0   5.0 450.0                            LAT/LON1/LON2/DLON/H
  735  711  664  617  563  513  444  381  322  275  240  214  193  173  157  147
  144  145  145  144  146  154  169  190  215  239  259  270  268  256  238  218
  199  180  164  152  144  139  133  125  120  122  133  153  178  206  237  270
  307  346  384  421  455  487  520  554  591  628  662  691  714  732  746  760
  775  793  812  826  838  852  820  808  735                                   
    17.5-180.0 180.0   5.0 450.0                            LAT/LON1/LON2/DLON/H
  802  790  761  733  688  644  573  501  429  368  320  283  250  219  193  175
  165  162  160  160  166  182  207  239  272  300  319  326  320  301  277  251
  227  205  186  172  161  152  140  128  119  119  131  153  182  214  249  286
  327  371  415  458  496  531  565  598  632  663  691  713  730  743  753  763
  779  799  823  845  861  884  874  872  802                                   
    15.0-180.0 180.0   5.0 450.0                            LAT/LON1/LON2/DLON/H
  840  840  827  821  788  756  690  617  540  472  415  369  327  286  249  222
  205  198  194  196  207  230  264  302  336  360  372  371  357  331  301  271
  243  220  200  185  173  160  145  129  118  117  130  154  185  220  258  298
  342  389  438  485  528  568  604  637  668  694  715  730  740  746  750  756
  770  789  815  840  856  881  890  898  840                                   
    12.5-180.0 180.0   5.0 450.0                            LAT/LON1/LON2/DLON/H
  855  865  865  874  855  834  780  712  638  569  511  462  416  369  325  290
  269  258  255  258  272  299  336  372  397  408  407  395  373  341  306  273
  244  222  205  191  179  165  148  130  118  118  131  155  187  223  262  303
  349  398  450  500  547  588  627  661  690  712  727  738  744  746  746  747
  757  774  799  822  834  854  875  887  855                                   
    10.0-180.0 180.0   5.0 450.0                            LAT/LON1/LON2/DLON/H
  855  872  878  895  887  876  833  774  707  643  589  544  501  456  411  375
  353  343  340  345  359  385  415  437  444  437  420  398  368  333  295  261
  234  215  202  191  181  167  149  132  121  120  133  157  188  223  261  302
  348  398  450  500  545  588  626  661  688  708  723  734  742  745  745  744
  751  764  785  802  809  819  843  854  855                                   
     7.5-180.0 180.0   5.0 450.0                            LAT/LON1/LON2/DLON/H
  852  867  873  891  889  883  848  798  740  685  639  602  567  529  491  461
  444  438  439  444  455  470  483  483  467  441  412  382  350  313  275  242
