data/edconvlstm_nd/pred2070.15i
     1.0            IONOSPHERE MAPS     GNSS                IONEX VERSION / TYPE
pyspatialgeodesy        IME             05-JAN-18 20:20     PGM / RUN BY / DATE 
Map Name                                                    COMMENT             
Predicted global ionosphere maps (GIM).                     DESCRIPTION         
  2015     7    26     0     0     0                        EPOCH OF FIRST MAP  
  2015     7    27     0     0     0                        EPOCH OF LAST MAP   
  7200                                                      INTERVAL            
    13                                                      # OF MAPS IN FILE   
  NONE                                                      MAPPING FUNCTION    
10.0                                                        ELEVATION CUTOFF    
One-way carrier phase leveled to code                       OBSERVABLES USED    
  6371.0                                                    BASE RADIUS         
 2                                                          MAP DIMENSION       
   450.0 450.0   0.0                                        HGT1 / HGT2 / DHGT  
    87.5 -87.5  -2.5                                        LAT1 / LAT2 / DLAT  
  -180.0 180.0   5.0                                        LON1 / LON2 / DLON  
    -1                                                      EXPONENT            
                                                            END OF HEADER       
[from data line 5148]
    13                                                      START OF TEC MAP    
  2015     7    27     0     0     0                        EPOCH OF CURRENT MAP
    87.5-180.0 180.0   5.0 450.0                            LAT/LON1/LON2/DLON/H
  118  119  124  116  114  116  113  112  112  112  112  113  113  113  113  113
  114  113  113  113  113  112  111  110  109  108  107  106  105  103  102  101
  100   99   98   97   97   96   96   95   95   95   95   96   96   96   97   97
   97   98   98   99   99   99   99  100  100  100  100  101  101  101  101  102
  103  104  104  104  102  106  115  118  118                                   
    85.0-180.0 180.0   5.0 450.0                            LAT/LON1/LON2/DLON/H
  125  126  111  116  119  121  118  117  117  117  117  118  118  118  118  118
  118  118  118  118  118  117  116  115  114  112  111  109  107  106  104  103
  102  101  100   99   98   98   97   97   97   97   97   97   98   98   98   99
   99  100  100  100  101  101  101  102  102  102  103  103  103  104  104  105
  107  107  109  112  110  118  125  125  125                                   
    82.5-180.0 180.0   5.0 450.0                            LAT/LON1/LON2/DLON/H
  125  118  127  124  124  128  125  124  126  125  125  126  126  126  127  127
  127  127  127  126  126  125  124  122  120  118  116  113  111  108  106  104
  102  101  100   99   98   98   97   97   97   97   98   98   98   99   99  100
  100  101  101  102  102  103  103  104  104  105  105  106  106  107  108  109
  110  111  112  112  115  107  115  119  125                                   
    80.0-180.0 180.0   5.0 450.0                            LAT/LON1/LON2/DLON/H
  133  125  122  120  123  125  126  127  128  126  126  127  127  127  127  127
  127  127  127  127  126  125  124  122  119  116  113  110  106  103  101   98
   96   95   94   93   93   93   93   93   93   94   94   95   95   96   97   98
   98   99  100  100  101  101  102  102  102  103  103  103  104  104  105  106
  107  107  108  108  122  114  124  133  133                                   
    77.5-180.0 180.0   5.0 450.0                            LAT/LON1/LON2/DLON/H
  140  130  123  130  125  126  129  131  131  129  129  129  128  128  127  127
  127  128  128  128  128  127  126  123  120  117  113  109  105  101   98   96
   94   93   93   93   93   93   94   95   95   96   96   97   98   99  100  101
  102  103  104  105  105  106  106  106  106  106  106  106  106  107  107  108
  108  111  110  111  120  122  126  141  140                                   
    75.0-180.0 180.0   5.0 450.0                            LAT/LON1/LON2/DLON/H
  143  128  126  133  127  128  128  130  131  129  128  126  125  123  122  121
  121  122  122  123  124  123  122  119  116  112  107  102   98   95   92   90
   89   89   90   91   92   93   94   95   95   96   96   97   98   99  100  102
  103  104  106  107  107  108  108  108  108  108  108  107  107  107  108  109
  108  110  111  107  115  123  126  139  143                                   
    72.5-180.0 180.0   5.0 450.0                            LAT/LON1/LON2/DLON/H
  132  125  126  130  124  124  126  127  129  126  124  122  120  117  114  113
  112  113  114  115  116  116  115  113  109  104   99   94   89   86   84   83
   83   84   86   88   90   91   92   92   92   92   92   93   93   95   96   98
  100  101  103  104  105  106  106  107  107  107  107  108  108  108  109  109
  109  110  113  110  113  120  126  140  132                                   
    70.0-180.0 180.0   5.0 450.0                            LAT/LON1/LON2/DLON/H
  130  122  123  129  124  125  126  128  131  128  126  124  120  115  112  109
  108  108  109  111  112  113  112  109  105  100   95   89   85   82   81   81
   82   84   87   90   92   93   93   93   92   91   90   90   91   92   94   96
   98  100  102  104  105  106  107  108  109  110  111  112  112  112  113  115
  114  114  117  116  117  122  126  138  130                                   
    67.5-180.0 180.0   5.0 450.0                            LAT/LON1/LON2/DLON/H
  129  121  121  127  121  122  124  127  130  128  126  123  118  113  108  104
  102  102  103  105  107  108  107  104  100   94   89   83   79   77   76   77
   79   82   85   88   89   90   89   88   86   84   83   82   83   84   87   89
   91   94   96   97   99  100  102  104  106  108  110  112  113  114  115  117
  116  116  119  117  119  122  125  137  129                                   
    65.0-180.0 180.0   5.0 450.0                            LAT/LON1/LON2/DLON/H
  129  119  119  124  119  119  122  126  130  129  128  125  120  114  108  103
  100  100  101  103  105  106  105  102   97   92   86   81   78   76   76   77
   79   82   85   87   87   87   85   82   80   77   76   76   77   79   81   83
   86   88   89   91   93   95   98  101  104  108  111  114  116  117  118  120
  119  120  122  119  122  125  128  140  129                                   
    62.5-180.0 180.0   5.0 450.0                            LAT/LON1/LON2/DLON/H
  131  121  120  125  119  119  121  126  131  131  131  129  124  117  111  106
  103  102  103  105  107  107  106  103   98   93   88   83   81   80   80   81
   83   85   86   86   86   84   81   78   75   73   72   72   74   76   78   80
   82   84   85   86   88   91   94   99  104  108  113  117  119  121  123  124
  123  124  126  123  125  129  132  144  131                                   
    60.0-180.0 180.0   5.0 450.0                            LAT/LON1/LON2/DLON/H
  135  124  124  127  120  119  121  126  131  132  132  131  127  121  115  110
  106  105  106  108  110  110  109  105  101   96   92   88   87   86   86   87
   87   87   87   86   83   81   77   74   72   70   70   72   74   76   78   80
   80   81   82   83   85   88   92   98  104  110  115  120  123  124  126  127
  126  127  129  127  129  133  136  148  135                                   
    57.5-180.0 180.0   5.0 450.0                            LAT/LON1/LON2/DLON/H
  141  130  130  132  124  122  123  127  131  132  133  132  128  123  118  114
  111  110  111  113  114  114  112  109  105  101   98   96   95   95   94   93
   92   90   88   85   81   78   75   72   71   71   72   74   77   79   81   81
   81   81   81   82   84   88   93   99  106  113  119  123  126  127  129  129
  129  129  132  131  133  138  142  155  141                                   
    55.0-180.0 180.0   5.0 450.0                            LAT/LON1/LON2/DLON/H
  149  140  140  141  131  128  128  130  133  132  132  131  129  125  120  117
  115  115  116  117  118  118  116  113  110  107  106  105  105  104  103  101
   97   93   89   85   81   77   75   73   73   74   77   80   83   85   86   85
   84   82   82   83   86   91   97  104  111  118  123  127  129  130  131  132
  131  132  136  135  138  144  149  162  149                                   
    52.5-180.0 180.0   5.0 450.0                            LAT/LON1/LON2/DLON/H
  159  151  151  152  142  137  135  135  136  134  132  131  128  125  122  120
  119  119  121  122  123  122  121  119  117  115  115  115  115  114  112  108
  102   96   91   86   82   79   78   77   78   80   83   87   90   92   91   89
   87   85   85   87   92   97  104  111  118  124  129  131  132  133  133  134
  134  136  140  141  144  150  155  170  159                                   
    50.0-180.0 180.0   5.0 450.0                            LAT/LON1/LON2/DLON/H
  169  163  164  164  154  148  146  143  142  137  135  132  129  126  123  122
  122  124  126  127  128  128  127  125  124  124  125  126  126  124  119  113
  107  100   94   90   86   84   83   83   85   87   91   94   97   97   96   93
   91   89   90   93   99  106  113  120  126  131  134  135  136  135  135  137
  138  141  147  148  152  157  163  178  169                                   
    47.5-180.0 180.0   5.0 450.0                            LAT/LON1/LON2/DLON/H
  178  174  176  176  166  161  157  153  150  144  139  135  132  128  126  126
  127  129  131  133  134  134  134  133  133  134  135  136  135  131  125  118
  111  104   99   96   93   92   91   91   92   94   97  100  101  101   99   96
   94   93   95  100  107  115  122  129  134  137  139  139  139  138  139  141
  144  148  155  157  161  166  172  187  178                                   
    45.0-180.0 180.0   5.0 450.0                            LAT/LON1/LON2/DLON/H
  185  182  185  186  177  172  169  164  160  153  147  142  137  133  130  130
  132  134  137  139  140  141  141  142  143  144  145  145  142  136  129  122
  115  110  106  103  102  101  100   99   99  100  102  103  104  103  101   98
   96   96   99  106  114  122  130  136  140  142  143  143  143  143  145  148
  152  158  166  168  171  175  181  197  185                                   
    42.5-180.0 180.0   5.0 450.0                            LAT/LON1/LON2/DLON/H
  190  188  191  193  185  181  179  174  171  163  156  150  144  140  137  136
  138  140  143  145  147  148  149  150  152  154  154  152  147  140  132  124
  119  115  113  112  111  110  108  107  105  105  105  105  105  104  102   99
   98   99  103  110  118  127  134  140  144  146  147  148  149  150  153  157
  163  170  179  180  183  186  192  207  190                                   
    40.0-180.0 180.0   5.0 450.0                            LAT/LON1/LON2/DLON/H
  196  193  196  198  191  188  187  184  181  174  167  161  154  148  145  144
  145  147  149  151  153  154  156  158  160  162  161  158  151  142  134  127
  123  121  121  121  120  118  115  112  110  108  107  107  107  106  103  101
  100  101  105  111  120  128  136  142  146  149  152  154  156  159  163  169
  175  184  192  193  195  198  204  219  196                                   
    37.5-180.0 180.0   5.0 450.0                            LAT/LON1/LON2/DLON/H
  202  198  201  202  196  195  194  192  190  184  178  172  165  158  154  153
  153  154  156  157  159  160  163  165  167  168  167  162  154  144  135  130
  127  127  128  128  127  124  120  116  113  111  110  110  110  108  106  104
  103  103  105  110  118  126  134  141  147  152  157  161  166  170  175  182
  189  198  207  207  209  211  217  232  202                                   
    35.0-180.0 180.0   5.0 450.0                            LAT/LON1/LON2/DLON/H
  211  207  209  209  203  202  202  201  201  195  189  183  176  169  165  162
  162  162  162  163  164  166  168  171  173  173  171  165  156  146  138  133
  131  132  134  133  131  126  121  117  115  114  114  114  114  112  110  108
  105  104  104  108  114  122  131  140  148  156  163  171  177  183  189  197
  204  213  221  221  222  225  231  246  211                                   
    32.5-180.0 180.0   5.0 450.0                            LAT/LON1/LON2/DLON/H
  225  220  221  221  215  214  214  213  213  208  202  195  188  181  176  173
  172  171  170  169  170  172  174  176  177  176  172  166  158  148  140  136
  135  136  136  135  130  125  120  117  116  116  118  119  119  117  114  111
  107  104  102  103  109  117  128  139  150  160  171  180  189  196  203  211
  218  226  235  234  236  239  247  262  225                                   
    30.0-180.0 180.0   5.0 450.0                            LAT/LON1/LON2/DLON/H
  242  239  240  240  234  232  231  229  228  223  217  210  202  195  190  186
  183  181  178  177  177  178  180  180  179  177  172  166  159  150  143  139
  137  137  136  132  127  121  117  115  116  118  121  123  123  120  117  112
  107  102   98   98  103  112  125  139  152  165  178  190  201  209  216  224
  231  239  247  247  249  254  262  278  242                                   
    27.5-180.0 180.0   5.0 450.0                            LAT/LON1/LON2/DLON/H
  263  263  265  265  259  256  254  251  249  243  236  229  221  213  207  203
  199  195  190  187  187  187  187  185  181  176  171  165  158  151  144  139
  137  134  131  126  120  115  112  112  115  119  122  124  124  120  116  110
  104   98   94   93   97  108  123  140  156  171  185  199  210  220  228  235
  242  249  258  258  262  268  277  294  263                                   
    25.0-180.0 180.0   5.0 450.0                            LAT/LON1/LON2/DLON/H
  284  288  292  294  289  286  284  279  276  269  261  253  245  237  230  225
  220  213  207  202  200  199  196  191  183  175  168  162  156  149  143  137
  132  128  123  117  111  107  106  108  112  116  120  122  120  116  110  105
   99   93   88   87   93  105  123  142  160  176  192  206  218  228  236  244
  250  258  267  268  273  281  291  310  284                                   
    22.5-180.0 180.0   5.0 450.0                            LAT/LON1/LON2/DLON/H
  304  312  318  323  321  319  316  311  307  300  292  284  275  267  260  254
  248  239  230  223  218  214  207  197  185  173  164  157  151  145  139  132
  125  119  112  106  101   99  100  102  107  111  114  115  112  107  101   95
   90   85   82   82   89  104  123  145  164  181  197  211  223  234  242  250
  257  266  276  278  285  293  303  323  304                                   
    20.0-180.0 180.0   5.0 450.0                            LAT/LON1/LON2/DLON/H
  319  331  340  349  349  349  347  343  340  334  327  319  312  304  297  291
  283  272  260  249  240  232  220  205  187  171  158  150  144  139  131  123
  115  107  101   96   93   93   94   97  100  103  105  104  100   94   89   84
   81   78   76   79   88  104  125  147  168  185  200  214  227  237  247  256
  264  274  285  288  296  304  314  335  319                                   
    17.5-180.0 180.0   5.0 450.0                            LAT/LON1/LON2/DLON/H
  330  344  356  368  371  372  373  371  370  366  362  357  351  344  338  332
  323  311  296  281  267  252  234  213  189  168  152  142  136  130  122  114
  105   97   92   89   88   89   91   92   93   94   94   92   87   82   77   74
   73   72   73   77   87  104  126  149  169  186  201  215  228  240  251  262
  271  283  295  299  307  314  324  344  330                                   
    15.0-180.0 180.0   5.0 450.0                            LAT/LON1/LON2/DLON/H
  337  352  365  378  384  387  390  391  393  393  392  390  387  383  379  374
  366  353  335  315  294  272  247  219  190  165  146  133  126  120  112  104
   97   90   86   85   87   89   90   89   88   86   84   82   78   73   69   67
   67   68   71   76   87  104  125  148  168  185  201  215  229  242  255  267
  279  292  306  311  319  325  335  354  337                                   
    12.5-180.0 180.0   5.0 450.0                            LAT/LON1/LON2/DLON/H
  342  356  369  382  388  393  397  401  406  409  412  414  414  412  410  408
  402  390  371  346  318  288  256  222  189  161  139  125  116  110  105   99
   92   87   85   85   88   90   90   88   84   81   78   75   72   68   65   64
   65   67   70   75   85  101  122  143  164  181  198  214  229  244  259  273
  287  301  317  323  331  336  346  362  342                                   
    10.0-180.0 180.0   5.0 450.0                            LAT/LON1/LON2/DLON/H
  348  361  371  382  387  391  396  401  408  413  418  422  425  426  427  428
  425  416  397  369  335  298  259  221  186  156  133  117  109  104  101   96
   92   88   87   89   92   93   92   88   84   79   76   74   71   68   66   65
   65   67   70   74   83   97  115  136  157  176  194  211  229  245  262  278
  293  310  327  335  344  348  358  372  348                                   
     7.5-180.0 180.0   5.0 450.0                            LAT/LON1/LON2/DLON/H
  356  369  376  382  385  387  391  395  401  406  411  416  419  422  425  429
  430  424  407  378  340  297  255  215  179  150  127  112  105  102  100   98
