data/edconvlstm_nd/pred1820.15i
     1.0            IONOSPHERE MAPS     GNSS                IONEX VERSION / TYPE
pyspatialgeodesy        IME             05-JAN-18 20:20     PGM / RUN BY / DATE 
Map Name                                                    COMMENT             
Predicted global ionosphere maps (GIM).                     DESCRIPTION         
  2015     7     1     0     0     0                        EPOCH OF FIRST MAP  
  2015     7     2     0     0     0                        EPOCH OF LAST MAP   
  7200                                                      INTERVAL            
    13                                                      # OF MAPS IN FILE   
  NONE                                                      MAPPING FUNCTION    
10.0                                                        ELEVATION CUTOFF    
One-way carrier phase leveled to code                       OBSERVABLES USED    
  6371.0                                                    BASE RADIUS         
 2                                                          MAP DIMENSION       
   450.0 450.0   0.0                                        HGT1 / HGT2 / DHGT  
    87.5 -87.5  -2.5                                        LAT1 / LAT2 / DLAT  
  -180.0 180.0   5.0                                        LON1 / LON2 / DLON  
    -1                                                      EXPONENT            
                                                            END OF HEADER       
[from data line 3432]
     9                                                      START OF TEC MAP    
  2015     7     1    16     0     0                        EPOCH OF CURRENT MAP
    87.5-180.0 180.0   5.0 450.0                            LAT/LON1/LON2/DLON/H
  148  148  142  150  151  150  150  149  149  150  150  150  150  150  150  150
  150  150  149  149  149  148  148  147  146  146  145  144  144  143  143  142
  142  142  142  142  142  142  142  142  143  143  143  144  144  144  145  145
  145  145  145  145  146  146  146  145  145  145  145  145  145  145  145  145
  145  145  144  143  152  149  157  152  148                                   
    85.0-180.0 180.0   5.0 450.0                            LAT/LON1/LON2/DLON/H
  145  149  159  153  151  155  156  158  158  159  158  159  159  159  159  159
  158  158  158  157  157  156  155  154  154  153  152  151  150  149  148  147
  147  146  146  146  146  146  147  147  148  148  149  149  149  150  150  150
  150  150  150  150  150  150  150  150  150  149  149  149  149  149  149  149
  150  151  148  147  148  145  149  150  145                                   
    82.5-180.0 180.0   5.0 450.0                            LAT/LON1/LON2/DLON/H
  132  143  148  145  145  149  152  154  154  155  155  156  155  155  155  155
  155  155  155  154  154  153  152  151  150  149  147  146  145  143  142  141
  141  140  140  140  140  141  142  142  143  144  145  146  146  147  147  147
  147  147  146  146  145  145  144  144  143  143  142  142  141  141  141  141
  141  141  139  141  140  147  143  137  132                                   
    80.0-180.0 180.0   5.0 450.0                            LAT/LON1/LON2/DLON/H
  127  137  145  145  144  145  149  153  155  156  156  157  157  157  157  157
  157  157  157  157  156  156  155  153  152  150  148  146  144  142  140  139
  137  137  136  136  137  138  139  140  141  142  144  144  145  145  145  145
  145  144  143  143  142  141  140  139  139  138  137  136  136  135  135  135
  136  136  135  137  134  135  137  134  127                                   
    77.5-180.0 180.0   5.0 450.0                            LAT/LON1/LON2/DLON/H
  130  133  141  142  142  146  149  152  153  154  154  155  155  155  155  155
  156  156  157  157  157  157  156  155  154  152  150  147  144  142  139  137
  136  135  134  135  135  137  138  140  142  143  144  145  146  146  145  145
  144  143  142  140  139  138  137  135  134  133  132  131  130  129  129  129
  129  128  128  131  132  128  133  134  130                                   
    75.0-180.0 180.0   5.0 450.0                            LAT/LON1/LON2/DLON/H
  126  132  137  139  140  145  147  150  152  154  154  154  154  154  154  155
  155  156  157  158  159  160  159  159  157  156  153  150  148  145  142  139
  137  136  135  136  136  138  139  141  143  145  146  147  147  146  145  144
  143  141  140  138  137  135  134  133  131  130  129  128  127  126  126  126
  126  126  127  126  128  127  131  123  126                                   
    72.5-180.0 180.0   5.0 450.0                            LAT/LON1/LON2/DLON/H
  124  130  134  140  139  144  147  150  150  151  150  150  150  149  149  150
  151  153  154  156  158  159  159  158  157  155  153  150  147  144  141  138
  136  134  134  134  134  136  138  140  142  143  144  144  144  143  141  140
  138  136  135  133  132  131  130  129  128  127  126  125  124  123  123  123
  123  124  125  124  124  125  129  127  124                                   
    70.0-180.0 180.0   5.0 450.0                            LAT/LON1/LON2/DLON/H
  125  130  134  138  137  140  143  146  147  148  147  147  145  145  145  145
  146  148  150  152  154  155  156  155  154  152  150  147  144  141  139  136
  134  132  131  131  132  133  134  136  138  139  140  140  139  137  135  133
  131  130  128  127  127  126  125  125  124  124  123  123  122  122  122  123
  123  123  125  125  125  126  132  129  125                                   
    67.5-180.0 180.0   5.0 450.0                            LAT/LON1/LON2/DLON/H
  128  133  138  142  141  144  146  149  149  150  148  148  146  145  145  146
  147  149  151  153  155  156  155  155  153  151  148  145  143  140  138  136
  135  133  132  131  132  132  134  136  137  138  139  138  136  134  132  130
  128  127  127  127  127  127  127  127  127  127  127  127  127  126  127  128
  128  128  129  129  128  129  133  130  128                                   
    65.0-180.0 180.0   5.0 450.0                            LAT/LON1/LON2/DLON/H
  131  136  140  143  141  144  146  148  148  149  147  147  145  145  145  145
  147  149  150  152  153  152  151  150  147  145  142  140  139  137  136  135
  134  133  132  131  131  131  132  134  135  136  136  135  132  130  128  126
  125  124  125  125  126  127  127  128  128  129  129  129  129  129  130  131
  131  131  133  133  133  134  139  136  131                                   
    62.5-180.0 180.0   5.0 450.0                            LAT/LON1/LON2/DLON/H
  133  138  142  144  142  145  146  148  148  148  147  147  146  147  147  148
  150  151  152  153  152  150  148  146  143  140  138  136  136  136  136  136
  136  135  134  132  131  131  132  134  135  136  135  134  131  128  126  124
  124  124  125  127  128  129  130  131  132  132  133  133  133  133  133  133
  133  133  134  135  134  135  140  138  133                                   
    60.0-180.0 180.0   5.0 450.0                            LAT/LON1/LON2/DLON/H
  133  137  141  143  141  144  145  146  146  147  146  146  147  148  149  151
  153  154  154  153  151  148  145  141  138  136  134  133  134  135  137  138
  139  138  137  135  134  133  134  135  137  137  137  135  132  129  126  125
  125  126  128  129  131  132  133  134  134  135  135  135  135  135  134  133
  132  131  132  132  132  133  139  137  133                                   
    57.5-180.0 180.0   5.0 450.0                            LAT/LON1/LON2/DLON/H
  130  135  139  142  140  143  144  145  145  146  145  146  148  150  153  155
  157  157  156  154  151  147  143  140  137  135  134  134  136  138  141  144
  145  145  143  141  139  138  139  140  142  142  142  139  136  133  130  129
  129  131  132  134  135  136  136  137  137  137  137  137  137  135  134  132
  129  127  127  126  126  127  135  134  130                                   
    55.0-180.0 180.0   5.0 450.0                            LAT/LON1/LON2/DLON/H
  125  130  136  140  138  142  143  145  144  145  145  146  148  151  155  158
  160  160  158  155  151  147  144  141  139  138  138  139  141  144  148  152
  153  153  151  149  146  145  145  147  148  149  148  146  142  139  136  135
  135  136  137  138  139  139  139  139  139  138  138  137  136  134  132  129
  125  121  120  118  118  119  127  128  125                                   
    52.5-180.0 180.0   5.0 450.0                            LAT/LON1/LON2/DLON/H
  119  125  132  137  137  142  145  146  146  147  146  148  150  153  156  159
  160  160  158  154  151  148  146  144  144  144  145  146  149  153  157  160
  162  162  160  157  154  152  153  154  156  157  156  153  149  146  143  142
  142  142  142  143  143  142  141  141  139  138  137  136  134  132  129  125
  120  115  113  110  109  110  118  120  119                                   
    50.0-180.0 180.0   5.0 450.0                            LAT/LON1/LON2/DLON/H
  113  120  128  136  137  144  148  151  151  152  152  152  154  156  158  160
  160  159  157  154  151  150  150  150  152  153  154  156  159  162  166  169
  170  170  168  165  162  161  161  162  164  165  164  161  157  153  151  149
  148  148  148  147  146  145  144  143  141  139  137  136  133  130  127  122
  117  112  108  104  102  103  110  113  113                                   
    47.5-180.0 180.0   5.0 450.0                            LAT/LON1/LON2/DLON/H
  109  116  125  135  139  148  154  158  160  162  162  162  162  161  161  161
  160  159  156  154  153  153  155  158  161  163  164  166  168  171  174  177
  178  178  177  174  172  170  170  171  172  172  171  168  164  161  158  157
  156  155  153  152  151  149  148  146  144  141  139  136  134  130  127  123
  117  112  107  103  100   99  105  107  109                                   
    45.0-180.0 180.0   5.0 450.0                            LAT/LON1/LON2/DLON/H
  106  114  123  134  141  152  160  167  172  176  177  177  175  172  169  165
  163  160  158  157  157  160  163  167  170  172  174  176  177  179  182  185
  187  188  187  185  183  182  182  182  182  181  179  175  172  169  166  165
  164  162  160  158  156  155  154  152  149  146  142  139  136  133  130  126
  121  116  111  106  102  100  103  105  106                                   
    42.5-180.0 180.0   5.0 450.0                            LAT/LON1/LON2/DLON/H
  104  112  121  133  142  155  166  177  185  192  196  196  193  187  181  174
  169  165  163  163  165  168  172  176  179  181  183  184  186  188  190  194
  197  200  200  200  199  197  196  195  194  191  188  184  180  178  176  174
  172  170  167  165  164  163  161  159  156  152  148  145  141  138  135  132
  127  123  119  113  107  104  106  105  104                                   
    40.0-180.0 180.0   5.0 450.0                            LAT/LON1/LON2/DLON/H
  103  110  118  131  142  156  170  184  197  208  215  218  214  207  197  187
  179  175  173  173  175  179  182  185  188  189  191  192  194  197  201  206
  211  216  219  220  220  218  216  213  209  205  200  195  191  188  186  185
  182  179  176  174  172  171  170  168  164  160  155  151  148  145  142  139
  135  132  128  122  115  111  110  108  103                                   
    37.5-180.0 180.0   5.0 450.0                            LAT/LON1/LON2/DLON/H
  102  108  114  126  137  153  170  188  205  221  232  238  236  228  216  204
  194  188  186  187  189  192  194  195  196  197  199  202  205  210  216  223
  231  239  244  247  247  245  240  235  228  222  215  209  204  201  199  196
  193  189  185  182  181  180  178  175  171  166  162  158  154  151  149  147
  143  140  136  131  123  118  116  112  102                                   
    35.0-180.0 180.0   5.0 450.0                            LAT/LON1/LON2/DLON/H
  101  105  109  119  130  146  165  186  208  228  244  253  254  247  235  222
  211  205  202  202  204  205  206  206  205  206  209  213  219  226  235  246
  257  267  275  279  279  275  269  260  251  242  233  226  220  215  212  208
  203  198  193  190  187  185  183  179  175  170  166  162  159  157  154  152
  148  145  142  137  130  124  122  116  101                                   
    32.5-180.0 180.0   5.0 450.0                            LAT/LON1/LON2/DLON/H
   99  101  103  111  121  137  157  180  204  228  249  262  266  262  251  239
  228  221  218  218  219  219  218  217  216  218  222  229  237  248  260  274
  288  301  310  314  312  307  298  287  275  263  253  244  237  230  224  218
  212  205  199  194  190  187  183  178  173  169  165  163  161  159  156  153
  149  146  143  140  133  128  126  120   99                                   
    30.0-180.0 180.0   5.0 450.0                            LAT/LON1/LON2/DLON/H
   98   98   99  103  112  128  148  170  196  222  245  263  271  271  263  253
  243  237  234  233  232  231  230  229  229  232  239  248  259  272  287  304
  321  335  344  347  343  335  324  310  297  284  272  262  253  245  236  227
  218  209  201  194  188  183  177  171  166  163  160  159  158  157  155  152
  147  144  141  138  133  129  128  122   98                                   
    27.5-180.0 180.0   5.0 450.0                            LAT/LON1/LON2/DLON/H
   99   97   96   99  106  121  139  160  185  211  236  256  268  272  269  262
  254  249  246  245  244  243  242  242  244  249  258  269  283  298  316  334
  352  366  373  373  367  356  342  328  314  301  290  279  268  257  245  233
  222  210  200  190  182  174  167  160  155  152  151  151  151  151  149  146
  141  138  135  133  130  127  127  123   99                                   
    25.0-180.0 180.0   5.0 450.0                            LAT/LON1/LON2/DLON/H
  100   99   96   98  104  117  134  152  175  199  223  244  260  268  270  266
  262  258  256  255  254  254  254  256  260  268  278  291  306  323  341  360
  377  389  393  389  379  365  351  337  324  313  302  292  280  267  252  237
  222  209  196  184  173  163  154  147  142  140  139  140  141  142  141  138
  134  131  128  126  125  124  125  123  100                                   
    22.5-180.0 180.0   5.0 450.0                            LAT/LON1/LON2/DLON/H
  102  102   99  101  105  118  132  147  166  187  208  230  248  260  266  268
  267  265  264  263  263  264  267  271  277  286  298  311  326  343  360  378
  393  401  400  392  379  364  351  339  328  320  311  301  288  273  256  239
  222  205  190  176  163  151  141  134  130  128  128  129  130  131  131  130
  126  123  120  119  119  120  122  121  102                                   
    20.0-180.0 180.0   5.0 450.0                            LAT/LON1/LON2/DLON/H
  104  105  102  105  110  122  135  147  161  177  196  217  236  251  261  267
  270  271  272  272  273  275  280  286  294  303  315  328  342  357  373  388
  399  402  397  386  371  357  345  336  328  322  316  307  294  278  259  239
  220  202  185  169  154  142  132  126  123  121  120  120  121  122  122  122
  119  117  114  112  113  115  118  118  104                                   
    17.5-180.0 180.0   5.0 450.0                            LAT/LON1/LON2/DLON/H
  105  108  105  110  116  127  139  149  160  173  188  207  226  243  257  266
  273  277  280  281  284  288  293  300  308  318  328  340  353  366  379  391
  398  397  389  376  361  348  339  332  328  324  319  311  298  281  261  240
  220  200  182  164  149  137  128  123  120  118  116  115  114  114  115  116
  113  111  108  107  108  110  112  114  105                                   
    15.0-180.0 180.0   5.0 450.0                            LAT/LON1/LON2/DLON/H
  104  107  105  112  119  131  143  153  162  173  185  202  220  238  254  267
  277  284  289  292  295  300  307  314  321  329  338  348  359  371  382  391
  395  391  381  367  354  344  337  333  330  327  322  314  301  284  263  242
  221  200  180  162  147  136  129  125  123  120  117  113  110  109  110  111
  109  107  104  102  103  104  106  108  104                                   
    12.5-180.0 180.0   5.0 450.0                            LAT/LON1/LON2/DLON/H
   99  104  102  110  118  130  145  155  165  175  187  202  219  237  254  269
  282  292  299  303  308  313  319  325  332  338  345  354  364  375  384  391
  392  387  377  365  354  346  342  339  336  333  327  318  305  287  266  244
  222  200  180  162  147  137  132  130  128  125  120  114  109  107  108  109
  107  104  100   97   97   98  100  101   99                                   
    10.0-180.0 180.0   5.0 450.0                            LAT/LON1/LON2/DLON/H
   93   97   97  105  113  126  141  154  167  179  191  206  222  239  256  272
  287  299  307  313  318  323  329  334  339  345  351  360  369  379  387  392
  393  388  379  369  361  356  353  350  346  340  332  321  307  289  268  245
  223  200  179  161  147  139  135  134  133  129  123  116  111  108  108  108
  105  101   97   93   92   92   93   94   93                                   
     7.5-180.0 180.0   5.0 450.0                            LAT/LON1/LON2/DLON/H
   85   90   89   96  104  117  134  150  166  181  196  211  227  243  259  275
  291  304  314  321  326  331  336  341  345  350  357  365  375  384  391  395
