data/edconvlstm_nd/pred3090.15i
     1.0            IONOSPHERE MAPS     GNSS                IONEX VERSION / TYPE
pyspatialgeodesy        IME             05-JAN-18 20:20     PGM / RUN BY / DATE 
Map Name                                                    COMMENT             
Predicted global ionosphere maps (GIM).                     DESCRIPTION         
  2015    11     5     0     0     0                        EPOCH OF FIRST MAP  
  2015    11     6     0     0     0                        EPOCH OF LAST MAP   
  7200                                                      INTERVAL            
    13                                                      # OF MAPS IN FILE   
  NONE                                                      MAPPING FUNCTION    
10.0                                                        ELEVATION CUTOFF    
One-way carrier phase leveled to code                       OBSERVABLES USED    
  6371.0                                                    BASE RADIUS         
 2                                                          MAP DIMENSION       
   450.0 450.0   0.0                                        HGT1 / HGT2 / DHGT  
    87.5 -87.5  -2.5                                        LAT1 / LAT2 / DLAT  
  -180.0 180.0   5.0                                        LON1 / LON2 / DLON  
    -1                                                      EXPONENT            
                                                            END OF HEADER       
[from data line 1716]
     5                                                      START OF TEC MAP    
  2015    11     5     8     0     0                        EPOCH OF CURRENT MAP
    87.5-180.0 180.0   5.0 450.0                            LAT/LON1/LON2/DLON/H
   41   49   46   48   50   49   49   45   46   48   48   49   49   50   50   50
   51   51   51   51   51   51   51   51   51   51   51   51   52   52   52   52
   53   53   53   53   53   54   54   54   54   54   54   53   53   52   51   50
   49   48   47   46   45   44   43   42   41   41   40   39   39   38   38   38
   39   40   38   38   44   50   62   62   41                                   
    85.0-180.0 180.0   5.0 450.0                            LAT/LON1/LON2/DLON/H
   34   56   58   52   55   57   57   57   58   60   60   61   61   61   62   62
   62   62   62   62   62   62   62   62   62   62   63   63   63   64   64   65
   65   66   66   67   67   68   68   68   69   69   68   68   67   66   64   63
   62   60   58   57   55   54   53   51   50   50   49   48   48   47   47   47
   48   48   45   45   49   53   63   59   34                                   
    82.5-180.0 180.0   5.0 450.0                            LAT/LON1/LON2/DLON/H
   33   45   57   52   53   55   56   56   58   59   60   61   62   62   62   61
   61   60   59   59   58   58   57   57   57   58   58   59   59   60   61   62
   63   65   66   67   69   70   72   73   74   75   75   75   74   73   71   69
   67   65   62   60   58   56   54   52   51   50   49   48   47   46   45   45
   45   45   43   42   50   49   48   46   33                                   
    80.0-180.0 180.0   5.0 450.0                            LAT/LON1/LON2/DLON/H
   39   44   54   50   54   52   55   55   58   60   60   62   62   61   61   60
   58   57   56   54   53   53   52   52   52   53   54   55   56   57   59   61
   62   65   67   69   72   75   77   80   82   83   84   84   84   82   81   78
   75   73   70   67   64   61   59   57   56   54   53   51   50   49   48   47
   47   45   44   44   49   50   50   48   39                                   
    77.5-180.0 180.0   5.0 450.0                            LAT/LON1/LON2/DLON/H
   48   49   52   48   50   51   54   55   58   59   59   60   60   59   58   56
   54   52   51   49   48   47   47   47   48   48   50   51   53   55   57   59
   61   64   67   70   74   77   81   85   88   91   92   93   93   92   91   88
   85   82   79   76   73   70   68   66   65   63   62   60   59   57   55   54
   52   50   47   47   47   41   45   45   48                                   
    75.0-180.0 180.0   5.0 450.0                            LAT/LON1/LON2/DLON/H
   46   50   49   48   50   53   54   55   57   57   56   56   55   53   51   49
   47   45   43   42   41   41   41   42   43   45   47   49   51   54   56   58
   60   63   66   69   73   77   82   87   91   95   98  100  101  101   99   97
   95   92   89   86   84   81   80   78   77   76   75   73   72   70   68   66
   63   60   58   52   53   47   49   46   46                                   
    72.5-180.0 180.0   5.0 450.0                            LAT/LON1/LON2/DLON/H
   52   55   52   51   54   59   60   60   61   60   58   56   54   51   49   46
   44   42   41   40   39   40   41   42   45   47   50   53   55   57   59   61
   63   65   67   70   74   79   85   91   96  102  106  109  111  112  112  110
  108  106  104  101   99   97   96   95   93   92   91   89   88   86   83   81
   78   75   73   67   64   57   57   55   52                                   
    70.0-180.0 180.0   5.0 450.0                            LAT/LON1/LON2/DLON/H
   59   60   58   58   61   63   64   64   64   62   58   56   52   49   46   44
   42   40   39   39   39   40   42   45   48   52   55   58   61   63   64   65
   66   67   68   71   74   80   86   93  100  107  112  117  120  122  122  122
  121  120  119  117  116  114  112  111  109  107  105  102  100   96   93   91
   88   84   83   77   72   67   70   67   59                                   
    67.5-180.0 180.0   5.0 450.0                            LAT/LON1/LON2/DLON/H
   60   62   60   61   64   67   68   67   67   64   60   57   53   49   47   44
   42   41   41   41   42   43   46   49   52   56   59   62   65   66   66   66
   65   65   65   67   71   77   84   92  100  108  115  121  125  128  130  131
  131  131  131  130  129  127  125  122  118  115  111  107  102   98   93   90
   87   84   83   77   73   71   72   70   60                                   
    65.0-180.0 180.0   5.0 450.0                            LAT/LON1/LON2/DLON/H
   60   63   61   63   65   68   70   70   70   67   63   60   56   53   50   48
   47   46   46   47   48   49   51   54   57   60   64   66   68   69   68   67
   66   65   65   67   71   78   86   96  106  115  123  129  134  138  141  143
  146  148  149  149  148  146  142  137  132  125  119  112  105   98   92   87
   84   80   79   74   72   72   74   74   60                                   
    62.5-180.0 180.0   5.0 450.0                            LAT/LON1/LON2/DLON/H
   57   60   58   60   62   66   68   68   69   67   64   62   59   56   55   53
   53   52   52   53   53   54   55   57   59   61   63   65   66   66   65   64
   63   62   64   67   73   81   91  102  113  123  132  138  143  148  152  156
  160  164  167  169  168  165  160  153  144  135  126  116  107   97   88   81
   76   71   70   66   66   66   69   71   57                                   
    60.0-180.0 180.0   5.0 450.0                            LAT/LON1/LON2/DLON/H
   53   56   52   53   55   58   59   61   62   61   60   59   58   57   57   57
   57   57   56   56   55   55   55   55   55   56   57   57   57   57   56   56
   57   58   62   68   76   86   98  111  122  133  141  147  152  156  161  166
  173  179  184  187  187  184  177  168  157  146  134  122  110   98   86   76
   68   62   60   57   58   58   62   64   53                                   
    57.5-180.0 180.0   5.0 450.0                            LAT/LON1/LON2/DLON/H
   51   52   48   47   49   50   51   52   54   54   53   55   55   56   57   58
   59   59   58   57   55   53   51   50   49   49   49   48   47   47   47   49
   52   57   64   73   84   96  110  123  135  146  153  159  162  166  171  178
  187  195  203  208  208  205  197  187  175  163  150  137  123  109   94   81
   70   61   58   55   56   55   57   59   51                                   
    55.0-180.0 180.0   5.0 450.0                            LAT/LON1/LON2/DLON/H
   54   52   47   45   45   45   45   45   45   45   45   48   49   52   54   56
   57   57   56   53   51   48   46   44   42   41   40   39   38   37   39   42
   49   57   68   80   94  108  123  137  149  159  166  170  173  177  182  190
  200  211  221  227  228  224  217  206  195  183  171  158  145  129  113   98
   83   71   66   61   61   57   59   60   54                                   
    52.5-180.0 180.0   5.0 450.0                            LAT/LON1/LON2/DLON/H
   64   58   51   48   46   45   44   42   41   40   39   41   44   47   49   52
   53   52   51   48   45   43   40   39   37   36   34   33   31   31   34   40
   49   62   76   91  107  122  137  151  164  173  179  183  185  188  193  202
  214  226  236  243  245  241  234  224  213  203  193  182  170  156  140  123
  106   91   83   76   73   68   68   67   64                                   
    50.0-180.0 180.0   5.0 450.0                            LAT/LON1/LON2/DLON/H
   78   69   62   57   54   52   49   45   41   39   37   38   40   42   45   47
   47   47   45   43   41   39   37   36   36   35   34   32   30   31   34   42
   54   70   87  104  121  136  151  165  177  186  192  196  198  200  206  215
  226  239  250  256  257  253  246  237  227  219  211  203  194  182  167  150
  132  116  106   96   91   85   85   81   78                                   
    47.5-180.0 180.0   5.0 450.0                            LAT/LON1/LON2/DLON/H
   94   84   77   72   67   65   61   54   48   44   40   40   40   41   43   43
   44   43   41   40   38   37   37   38   38   38   38   36   34   34   38   48
   62   80   99  117  134  149  163  176  188  198  205  209  211  213  218  227
  238  249  259  264  263  259  251  242  234  226  220  215  208  199  187  172
  155  139  127  114  109  103  104  100   94                                   
    45.0-180.0 180.0   5.0 450.0                            LAT/LON1/LON2/DLON/H
  107   98   92   89   83   82   77   69   62   55   50   48   46   45   45   44
   44   42   41   40   40   40   41   42   44   45   45   43   42   42   46   56
   71   91  111  130  146  160  173  186  198  209  217  221  224  227  231  238
  247  256  263  265  263  257  249  240  232  225  220  215  210  203  194  182
  167  152  139  126  121  117  119  116  107                                   
    42.5-180.0 180.0   5.0 450.0                            LAT/LON1/LON2/DLON/H
  112  105  102  101   97   98   94   87   79   72   66   62   59   56   53   51
   49   48   47   46   46   46   47   49   51   53   53   52   51   51   55   65
   81  101  121  140  155  169  182  195  208  220  229  235  238  240  244  249
  255  260  263  263  258  251  242  233  225  217  211  206  201  194  187  178
  166  152  140  127  122  119  122  123  112                                   
    40.0-180.0 180.0   5.0 450.0                            LAT/LON1/LON2/DLON/H
  104  100  101  102  102  106  106  101   95   89   84   80   76   72   68   64
   62   60   58   57   57   56   57   58   59   61   61   60   59   59   64   74
   91  111  130  148  163  176  190  204  219  232  242  249  252  254  255  258
  261  263  262  259  253  245  236  227  219  210  202  194  187  180  172  165
  154  142  130  117  111  109  112  117  104                                   
    37.5-180.0 180.0   5.0 450.0                            LAT/LON1/LON2/DLON/H
   87   84   86   91   94  102  106  106  104  102  100   97   94   90   85   82
   79   77   75   73   71   69   67   66   66   66   66   66   65   66   72   83
  100  119  139  155  170  184  200  216  232  247  258  264  267  267  267  267
  267  266  263  259  253  246  239  231  222  213  203  192  180  170  161  152
  142  129  116  103   95   90   94  102   87                                   
    35.0-180.0 180.0   5.0 450.0                            LAT/LON1/LON2/DLON/H
   68   64   66   71   76   86   95   99  103  106  108  109  108  105  102   99
   97   95   93   91   87   83   79   74   71   70   69   69   69   72   79   91
  109  128  146  163  178  194  212  230  249  264  274  280  281  280  278  277
  275  273  270  267  264  260  255  250  243  233  222  208  192  178  164  153
  141  126  111   95   84   72   76   85   68                                   
    32.5-180.0 180.0   5.0 450.0                            LAT/LON1/LON2/DLON/H
   57   48   48   52   56   65   76   84   92  100  106  112  114  115  115  114
  114  113  111  108  103   96   89   81   75   71   70   71   73   78   86  100
  117  136  154  170  187  205  226  247  267  282  292  297  297  295  292  290
  289  288  287  287  288  289  289  287  283  275  263  248  230  211  193  178
  161  143  126  105   89   69   69   76   57                                   
    30.0-180.0 180.0   5.0 450.0                            LAT/LON1/LON2/DLON/H
   63   47   43   42   44   50   59   67   77   86   96  105  112  117  120  122
  124  125  124  120  114  106   96   86   78   73   72   74   77   83   93  108
  126  144  162  179  197  218  241  265  285  300  310  313  313  311  309  308
  309  310  314  319  326  333  339  341  340  336  326  312  293  271  250  230
  209  188  167  141  120   91   85   83   63                                   
    27.5-180.0 180.0   5.0 450.0                            LAT/LON1/LON2/DLON/H
   90   67   58   49   46   47   52   57   64   73   82   93  102  110  116  121
  126  128  129  126  119  111  100   89   81   76   75   77   82   90  101  117
  135  154  171  189  209  232  257  281  302  317  326  330  331  330  331  332
  336  341  350  362  376  390  401  409  412  412  406  395  377  354  329  305
  281  257  233  202  178  141  129  114   90                                   
    25.0-180.0 180.0   5.0 450.0                            LAT/LON1/LON2/DLON/H
  141  115   99   78   68   62   61   60   62   66   72   81   90   99  107  113
  119  124  125  123  118  110  101   92   85   80   79   82   88   97  110  126
  145  164  181  200  221  245  271  295  316  331  340  346  350  353  356  362
  369  380  394  413  434  454  471  483  491  495  495  488  473  450  423  396
  368  342  315  283  257  216  196  171  141                                   
    22.5-180.0 180.0   5.0 450.0                            LAT/LON1/LON2/DLON/H
  214  189  166  134  115  100   90   82   76   73   73   76   82   89   96  102
  108  113  115  115  112  107  101   94   88   84   84   87   94  104  118  136
  155  173  192  211  232  257  283  307  326  342  354  363  370  378  386  396
  408  422  441  465  492  518  539  555  566  574  578  576  565  544  517  487
  458  431  402  371  346  306  279  250  214                                   
    20.0-180.0 180.0   5.0 450.0                            LAT/LON1/LON2/DLON/H
  301  278  250  212  183  160  139  122  108   97   88   84   84   86   89   93
   97  101  104  105  104  101   98   94   90   87   88   91   98  109  125  143
  163  182  201  221  243  268  293  316  335  352  367  381  393  405  418  432
  447  465  486  513  542  569  592  608  621  631  639  641  634  617  591  561
  532  507  479  452  428  396  364  338  301                                   
    17.5-180.0 180.0   5.0 450.0                            LAT/LON1/LON2/DLON/H
  384  364  335  297  261  232  203  179  156  136  118  105   97   93   91   91
   92   94   96   97   97   96   94   92   90   89   90   94  101  112  128  148
  169  189  209  230  253  278  302  324  344  363  382  400  417  433  450  466
  483  502  523  548  575  601  621  636  647  657  666  672  668  655  633  606
  579  557  533  513  490  468  439  416  384                                   
    15.0-180.0 180.0   5.0 450.0                            LAT/LON1/LON2/DLON/H
  442  429  404  371  332  302  269  241  212  185  159  138  122  111  103   97
   94   94   94   94   93   91   90   90   90   90   91   94  100  111  128  149
  171  194  216  238  262  287  310  332  353  375  397  419  440  459  478  495
  512  529  548  568  591  611  627  639  647  656  664  670  669  659  640  616
  592  574  556  542  523  509  488  469  442                                   
    12.5-180.0 180.0   5.0 450.0                            LAT/LON1/LON2/DLON/H
  464  457  440  414  378  351  321  295  265  235  204  177  154  137  123  111
  104  100   98   96   93   91   89   89   90   91   91   91   96  107  124  147
  171  196  220  245  270  294  318  340  362  386  412  436  459  479  498  515
  531  545  560  575  591  606  618  626  632  637  643  647  646  637  621  600
  579  562  549  539  526  517  502  487  464                                   
    10.0-180.0 180.0   5.0 450.0                            LAT/LON1/LON2/DLON/H
  452  447  435  416  389  368  345  327  302  274  243  214  188  166  146  130
  119  112  108  104   99   95   92   93   94   93   90   89   92  102  120  143
  169  196  223  250  276  300  324  346  370  397  423  449  472  491  509  525
  539  550  560  570  582  593  602  608  612  614  615  616  612  604  590  571
  550  534  522  515  507  500  487  474  452                                   
     7.5-180.0 180.0   5.0 450.0                            LAT/LON1/LON2/DLON/H
  420  410  400  383  366  352  339  331  316  295  269  242  215  191  169  150
  135  127  121  116  110  104  101   99   98   95   90   87   88   97  115  139
