data/edconvlstm_nd/pred2510.15i
     1.0            IONOSPHERE MAPS     GNSS                IONEX VERSION / TYPE
pyspatialgeodesy        IME             05-JAN-18 20:20     PGM / RUN BY / DATE 
Map Name                                                    COMMENT             
Predicted global ionosphere maps (GIM).                     DESCRIPTION         
  2015     9     8     0     0     0                        EPOCH OF FIRST MAP  
  2015     9     9     0     0     0                        EPOCH OF LAST MAP   
  7200                                                      INTERVAL            
    13                                                      # OF MAPS IN FILE   
  NONE                                                      MAPPING FUNCTION    
10.0                                                        ELEVATION CUTOFF    
One-way carrier phase leveled to code                       OBSERVABLES USED    
  6371.0                                                    BASE RADIUS         
 2                                                          MAP DIMENSION       
   450.0 450.0   0.0                                        HGT1 / HGT2 / DHGT  
    87.5 -87.5  -2.5                                        LAT1 / LAT2 / DLAT  
  -180.0 180.0   5.0                                        LON1 / LON2 / DLON  
    -1                                                      EXPONENT            
                                                            END OF HEADER       
[from data line 2574]
     7                                                      START OF TEC MAP    
  2015     9     8    12     0     0                        EPOCH OF CURRENT MAP
    87.5-180.0 180.0   5.0 450.0                            LAT/LON1/LON2/DLON/H
   83   90   90   95   98   98   97   93   94   96   94   95   94   94   93   93
   93   92   92   92   92   91   91   91   91   90   90   90   90   90   90   89
   89   89   89   88   88   88   87   87   86   86   85   85   84   84   83   83
   83   82   82   81   81   80   80   80   79   79   79   79   79   80   80   81
   82   84   83   81   87   86   98   97   83                                   
    85.0-180.0 180.0   5.0 450.0                            LAT/LON1/LON2/DLON/H
   85   93  104   93   93   97   96   97   96   98   96   96   95   95   94   94
   94   93   93   93   93   93   94   94   94   94   94   95   95   95   95   95
   95   95   95   95   95   94   94   93   92   92   91   91   90   89   89   88
   87   87   86   85   85   84   84   83   83   83   82   82   82   83   83   84
   86   87   83   81   82   85   93   95   85                                   
    82.5-180.0 180.0   5.0 450.0                            LAT/LON1/LON2/DLON/H
   78   88   94   89   89   92   92   92   92   92   90   90   89   88   87   86
   86   86   86   86   87   87   88   88   89   90   90   91   92   93   94   94
   95   95   95   95   95   95   94   94   93   93   92   91   91   90   89   88
   88   87   86   85   84   82   81   80   79   78   78   77   77   76   76   77
   79   80   77   76   79   87   83   83   78                                   
    80.0-180.0 180.0   5.0 450.0                            LAT/LON1/LON2/DLON/H
   74   78   85   83   82   81   82   82   81   81   78   78   76   75   73   73
   73   73   74   74   75   77   78   79   80   82   83   84   86   87   89   90
   91   91   92   92   92   92   92   92   91   91   90   90   89   89   88   88
   87   86   84   83   82   80   78   77   75   74   72   71   70   69   68   69
   70   70   69   69   70   78   81   81   74                                   
    77.5-180.0 180.0   5.0 450.0                            LAT/LON1/LON2/DLON/H
   75   75   77   76   75   76   76   76   74   72   69   68   65   64   63   62
   63   64   65   67   69   71   73   74   76   78   80   81   83   85   87   88
   90   91   92   93   93   93   93   93   92   92   92   92   93   93   93   92
   92   91   90   88   86   84   82   79   77   75   72   70   68   66   65   64
   64   63   62   63   64   67   71   75   75                                   
    75.0-180.0 180.0   5.0 450.0                            LAT/LON1/LON2/DLON/H
   65   67   65   67   67   69   68   66   65   63   59   57   54   52   52   52
   53   55   57   60   63   66   68   70   72   74   76   78   80   82   84   87
   89   90   92   92   93   93   93   93   93   93   94   94   95   96   96   96
   96   96   94   93   91   89   86   83   80   77   74   71   69   66   64   62
   60   59   58   55   59   60   63   61   65                                   
    72.5-180.0 180.0   5.0 450.0                            LAT/LON1/LON2/DLON/H
   59   60   58   61   61   64   63   62   59   57   53   50   48   47   46   47
   49   52   56   60   64   67   70   72   73   74   75   77   79   81   84   87
   90   92   93   94   95   95   95   95   95   96   97   98   99  101  102  103
  103  103  102  100   98   96   93   89   86   82   79   75   72   68   65   63
   60   57   56   53   55   57   58   60   59                                   
    70.0-180.0 180.0   5.0 450.0                            LAT/LON1/LON2/DLON/H
   54   54   54   55   56   57   56   55   53   51   47   45   43   43   43   44
   47   52   56   61   66   70   73   74   75   75   75   76   78   81   84   87
   91   93   95   96   96   96   97   97   97   98  100  101  103  105  106  107
  108  108  107  105  103  100   97   93   90   86   82   79   75   71   67   64
   61   57   55   51   52   53   57   59   54                                   
    67.5-180.0 180.0   5.0 450.0                            LAT/LON1/LON2/DLON/H
   49   49   50   51   52   53   52   52   51   49   46   45   44   44   45   47
   51   56   62   68   73   77   79   79   78   77   76   76   77   80   84   87
   91   94   96   97   97   97   98   98   99  100  102  104  106  107  109  110
  111  111  110  109  106  103  100   96   93   89   85   82   78   74   70   67
   63   58   55   50   49   50   53   53   49                                   
    65.0-180.0 180.0   5.0 450.0                            LAT/LON1/LON2/DLON/H
   46   46   46   47   47   48   48   48   47   47   46   46   45   46   48   51
   56   62   68   74   79   83   84   84   82   79   77   77   78   80   84   89
   93   96   98   99   99  100  100  101  103  104  107  109  110  112  113  114
  114  114  113  111  109  106  102   98   95   91   88   85   82   78   74   70
   66   61   57   52   50   51   53   54   46                                   
    62.5-180.0 180.0   5.0 450.0                            LAT/LON1/LON2/DLON/H
   44   44   43   44   44   44   43   44   44   45   45   46   47   49   52   55
   60   66   73   79   84   87   88   86   83   80   78   77   77   80   84   89
   93   97   99  100  101  101  102  104  106  109  111  114  115  116  116  117
  116  116  115  113  110  107  103   99   96   93   90   87   84   81   76   72
   68   62   58   53   50   50   52   54   44                                   
    60.0-180.0 180.0   5.0 450.0                            LAT/LON1/LON2/DLON/H
   44   44   42   41   40   39   38   38   39   40   41   44   46   49   52   56
   61   67   73   79   83   86   87   85   82   79   76   75   76   79   84   89
   93   96   99  100  101  102  105  107  111  114  117  119  120  121  120  119
  119  118  116  114  112  108  104  100   96   93   91   89   86   83   79   74
   69   63   59   53   51   49   51   52   44                                   
    57.5-180.0 180.0   5.0 450.0                            LAT/LON1/LON2/DLON/H
   46   44   42   41   39   37   36   35   35   37   38   41   44   48   51   56
   61   66   71   77   81   84   85   84   81   79   76   76   77   80   85   90
   94   98  100  102  104  107  110  114  119  124  127  129  130  129  128  126
  125  124  122  120  117  113  109  104  100   98   96   94   92   89   84   79
   74   68   63   57   53   50   51   52   46                                   
    55.0-180.0 180.0   5.0 450.0                            LAT/LON1/LON2/DLON/H
   50   47   45   43   40   38   36   34   33   33   35   38   41   44   48   52
   57   62   67   72   77   80   82   82   81   79   78   78   79   82   87   92
   97  100  103  106  109  113  118  123  129  135  139  141  141  140  137  135
  133  132  130  128  125  121  116  111  107  104  102  101  100   97   92   87
   81   74   69   61   57   53   53   53   50                                   
    52.5-180.0 180.0   5.0 450.0                            LAT/LON1/LON2/DLON/H
   55   51   49   49   45   44   40   37   34   33   33   35   37   41   44   48
   53   58   63   68   73   77   80   82   83   82   81   81   83   86   90   95
  100  104  108  112  116  121  128  135  142  149  153  155  154  152  148  145
  143  141  140  138  134  130  125  119  115  112  111  111  109  107  102   97
   90   82   76   69   63   58   56   56   55                                   
    50.0-180.0 180.0   5.0 450.0                            LAT/LON1/LON2/DLON/H
   61   56   55   56   53   52   49   44   40   37   35   35   36   38   42   45
   50   55   60   66   72   77   81   85   87   87   87   87   88   91   95  100
  105  110  115  120  126  133  141  149  157  164  168  169  168  164  160  156
  152  150  149  146  143  138  133  127  123  120  120  120  120  118  113  107
  100   92   85   77   71   64   61   60   61                                   
    47.5-180.0 180.0   5.0 450.0                            LAT/LON1/LON2/DLON/H
   65   61   62   64   62   63   60   56   50   45   41   39   38   39   41   44
   49   55   61   67   74   80   85   90   93   94   94   94   94   96  100  105
  111  118  124  131  138  147  156  165  173  180  184  184  182  177  171  165
  161  158  156  153  149  144  138  132  128  127  127  128  129  127  123  117
  109  101   94   85   78   71   68   66   65                                   
    45.0-180.0 180.0   5.0 450.0                            LAT/LON1/LON2/DLON/H
   68   65   67   72   71   74   73   69   63   58   51   47   44   43   43   46
   51   57   64   72   79   85   91   96   99  101  101  101  100  102  106  111
  118  126  135  144  153  163  173  183  191  197  200  200  196  189  182  175
  169  164  161  157  152  147  141  135  131  130  131  133  134  133  130  124
  116  108  100   92   85   78   74   72   68                                   
    42.5-180.0 180.0   5.0 450.0                            LAT/LON1/LON2/DLON/H
   69   68   70   77   78   83   83   82   77   71   64   59   53   50   49   51
   56   63   70   78   85   91   96  101  105  107  107  106  106  107  111  117
  126  136  147  158  169  181  192  202  210  216  218  217  211  203  194  185
  177  171  165  160  154  147  141  136  133  132  134  135  137  136  132  127
  119  111  104   96   90   84   80   78   69                                   
    40.0-180.0 180.0   5.0 450.0                            LAT/LON1/LON2/DLON/H
   69   69   72   79   81   87   89   90   87   84   77   71   65   60   57   58
   63   69   77   85   91   96  101  105  108  111  111  110  110  111  116  124
  134  146  159  173  187  200  212  222  230  236  238  236  230  221  210  199
  189  181  172  165  157  150  144  140  137  136  137  138  137  135  131  125
  118  110  104   97   91   87   84   82   69                                   
    37.5-180.0 180.0   5.0 450.0                            LAT/LON1/LON2/DLON/H
   69   70   71   77   80   86   90   93   93   92   87   82   76   70   66   66
   69   76   84   91   96  100  103  106  109  112  113  114  114  116  122  131
  144  158  174  190  205  220  233  244  252  258  260  258  252  242  231  219
  208  197  187  177  168  160  154  149  147  145  144  143  140  135  129  123
  115  107  102   96   91   88   86   85   69                                   
    35.0-180.0 180.0   5.0 450.0                            LAT/LON1/LON2/DLON/H
   69   71   70   74   76   81   85   90   93   94   93   90   84   79   75   73
   75   81   88   95   99  101  103  105  109  112  115  117  119  123  130  141
  155  171  189  207  225  241  255  266  276  282  285  284  279  270  259  247
  235  223  211  199  189  180  173  169  166  163  159  154  147  138  130  122
  113  105  100   95   91   89   88   87   69                                   
    32.5-180.0 180.0   5.0 450.0                            LAT/LON1/LON2/DLON/H
   73   74   71   71   71   75   78   82   87   91   93   93   90   85   81   78
   79   84   91   97  101  102  102  104  108  113  118  122  126  132  140  152
  168  186  206  226  245  263  277  290  300  308  312  313  309  302  293  282
  271  259  247  234  222  212  205  200  196  190  183  173  161  148  136  126
  116  107  101   96   93   91   91   90   73                                   
    30.0-180.0 180.0   5.0 450.0                            LAT/LON1/LON2/DLON/H
   80   80   75   72   69   71   72   74   79   84   89   91   91   88   85   81
   81   85   91   97  101  102  102  104  110  117  124  130  137  144  154  167
  183  202  224  245  266  285  300  313  325  334  340  343  341  337  330  322
  313  303  291  278  266  255  247  241  235  227  215  200  182  165  149  137
  125  115  108  102   98   97   97   94   80                                   
    27.5-180.0 180.0   5.0 450.0                            LAT/LON1/LON2/DLON/H
   91   90   84   78   74   72   70   69   73   77   83   87   89   88   86   82
   81   84   90   96  101  103  104  107  114  123  133  141  150  158  169  183
  200  220  243  266  287  306  322  336  348  359  367  372  373  371  368  363
  358  350  340  328  316  304  295  287  279  267  251  231  209  188  169  155
  141  130  121  114  108  106  106  101   91                                   
    25.0-180.0 180.0   5.0 450.0                            LAT/LON1/LON2/DLON/H
  106  103   97   90   85   81   76   71   71   73   78   82   86   86   84   81
   80   82   88   96  102  105  108  113  121  132  143  154  164  175  187  201
  218  239  263  287  309  328  344  357  369  381  390  397  401  403  402  401
  399  395  388  377  364  352  341  332  321  306  287  263  238  213  193  177
  163  151  139  130  123  119  118  112  106                                   
    22.5-180.0 180.0   5.0 450.0                            LAT/LON1/LON2/DLON/H
  121  118  114  107  102   97   89   80   75   74   76   79   82   83   82   80
   78   80   87   96  103  109  114  120  130  143  156  168  180  192  205  220
  238  259  283  307  330  348  363  376  388  399  409  417  423  427  430  432
  433  432  427  418  405  392  380  368  354  337  315  289  262  237  217  200
  186  173  160  149  140  136  133  126  121                                   
    20.0-180.0 180.0   5.0 450.0                            LAT/LON1/LON2/DLON/H
  135  134  131  126  122  117  107   94   86   81   79   79   80   81   80   77
   76   79   86   96  105  113  120  129  140  154  168  181  194  208  222  238
  257  279  303  327  349  366  380  391  402  412  422  430  438  444  449  453
  457  457  454  446  434  420  406  392  376  356  333  306  280  256  236  221
  207  194  180  169  159  153  149  141  135                                   
    17.5-180.0 180.0   5.0 450.0                            LAT/LON1/LON2/DLON/H
  147  147  147  144  140  136  126  111   99   91   85   82   80   79   78   76
   75   78   86   96  107  117  126  137  150  164  179  193  208  223  239  256
  275  297  321  344  365  381  394  404  412  421  429  438  446  453  459  464
  468  470  468  460  448  434  419  403  385  365  341  315  290  267  249  236
  222  212  198  187  177  171  165  156  147                                   
    15.0-180.0 180.0   5.0 450.0                            LAT/LON1/LON2/DLON/H
  155  158  159  156  154  149  140  126  112  102   93   87   82   79   77   75
   74   78   86   97  109  120  131  144  158  173  188  204  220  236  253  271
  291  313  336  358  377  392  403  412  419  426  433  440  448  455  461  467
  471  472  470  462  451  437  421  404  386  365  342  317  294  274  257  244
  232  223  211  201  192  186  180  171  155                                   
    12.5-180.0 180.0   5.0 450.0                            LAT/LON1/LON2/DLON/H
  161  165  166  162  159  155  147  134  121  110  100   92   85   80   77   75
   75   79   87   98  111  123  136  150  165  181  197  213  230  249  267  286
  305  326  347  367  384  398  409  417  424  429  434  440  447  454  460  464
  467  468  465  457  446  432  417  401  383  363  340  318  296  277  261  248
  237  229  220  212  205  200  194  184  161                                   
    10.0-180.0 180.0   5.0 450.0                            LAT/LON1/LON2/DLON/H
  167  171  170  162  157  151  144  133  122  113  104   95   88   82   78   76
   76   80   89  100  113  126  140  156  173  190  206  223  241  260  280  299
  317  336  355  372  387  400  411  419  425  430  434  438  444  451  456  460
  462  461  457  449  438  426  413  398  381  362  340  319  298  280  263  250
  238  231  224  220  216  211  207  195  167                                   
     7.5-180.0 180.0   5.0 450.0                            LAT/LON1/LON2/DLON/H
  174  176  171  159  151  142  135  125  117  110  103   96   89   83   79   77
   78   83   92  103  116  130  145  163  181  199  216  233  252  272  292  310
