data/edconvlstm_nd/pred0460.15i
     1.0            IONOSPHERE MAPS     GNSS                IONEX VERSION / TYPE
pyspatialgeodesy        IME             05-JAN-18 20:20     PGM / RUN BY / DATE 
Map Name                                                    COMMENT             
Predicted global ionosphere maps (GIM).                     DESCRIPTION         
  2015     2    15     0     0     0                        EPOCH OF FIRST MAP  
  2015     2    16     0     0     0                        EPOCH OF LAST MAP   
  7200                                                      INTERVAL            
    13                                                      # OF MAPS IN FILE   
  NONE                                                      MAPPING FUNCTION    
10.0                                                        ELEVATION CUTOFF    
One-way carrier phase leveled to code                       OBSERVABLES USED    
  6371.0                                                    BASE RADIUS         
 2                                                          MAP DIMENSION       
   450.0 450.0   0.0                                        HGT1 / HGT2 / DHGT  
    87.5 -87.5  -2.5                                        LAT1 / LAT2 / DLAT  
  -180.0 180.0   5.0                                        LON1 / LON2 / DLON  
    -1                                                      EXPONENT            
                                                            END OF HEADER       
     1                                                      START OF TEC MAP    
  2015     2    15     0     0     0                        EPOCH OF CURRENT MAP
    87.5-180.0 180.0   5.0 450.0                            LAT/LON1/LON2/DLON/H
  136  142  144  129  127  128  125  122  122  120  119  118  117  116  115  113
  112  110  109  108  107  106  105  104  103  102  102  101  101  101  101  101
  102  102  102  103  104  104  105  106  108  109  110  111  113  114  116  117
  118  120  121  122  123  124  125  125  126  126  126  126  126  125  125  125
  125  126  125  126  123  125  134  148  136                                   
    85.0-180.0 180.0   5.0 450.0                            LAT/LON1/LON2/DLON/H
  143  146  128  127  127  130  125  122  121  119  118  116  114  113  111  109
  107  105  104  102  101   99   98   97   96   96   95   95   95   95   95   96
   96   97   98   99  100  101  103  104  106  108  109  111  113  115  117  119
  121  123  125  126  128  129  130  131  131  131  132  132  131  131  131  131
  131  131  132  135  130  137  147  156  143                                   
    82.5-180.0 180.0   5.0 450.0                            LAT/LON1/LON2/DLON/H
  147  142  144  138  138  139  133  130  130  128  126  124  122  119  117  114
  111  109  106  103  101   99   97   95   94   93   92   91   91   91   91   92
   92   93   94   95   97   98  100  102  104  106  108  111  113  115  118  120
  123  125  127  129  131  133  135  136  137  138  138  139  139  139  140  141
  140  140  141  142  142  136  145  152  147                                   
    80.0-180.0 180.0   5.0 450.0                            LAT/LON1/LON2/DLON/H
  155  151  149  143  143  144  141  140  140  138  136  134  131  127  124  119
  115  110  106  101   97   93   90   87   85   83   82   81   81   81   81   82
   83   84   85   86   87   89   90   92   93   95   97   99  101  103  106  108
  111  114  116  119  121  124  126  128  130  131  133  134  135  136  137  139
  139  139  141  141  150  142  155  171  155                                   
    77.5-180.0 180.0   5.0 450.0                            LAT/LON1/LON2/DLON/H
  170  163  160  161  159  161  160  162  163  160  158  156  153  148  142  136
  128  121  113  106  100   94   89   85   81   79   77   76   76   76   77   78
   79   80   81   82   83   84   85   86   86   87   88   89   90   92   93   95
   97  100  102  105  107  110  112  115  117  119  122  124  126  129  132  135
  137  140  143  146  154  155  166  188  170                                   
    75.0-180.0 180.0   5.0 450.0                            LAT/LON1/LON2/DLON/H
  190  187  186  187  186  188  187  189  192  190  188  185  180  173  165  155
  144  133  122  111  102   94   88   83   80   77   76   75   75   75   76   76
   77   78   79   80   81   81   81   81   81   81   80   80   80   80   81   82
   83   85   87   89   91   93   95   97  100  102  105  109  112  116  122  127
  132  138  145  148  159  170  182  201  190                                   
    72.5-180.0 180.0   5.0 450.0                            LAT/LON1/LON2/DLON/H
  206  217  218  217  217  219  219  223  225  224  222  218  212  203  191  177
  161  146  131  117  105   96   89   83   80   77   76   75   75   75   75   76
   76   77   77   77   77   77   76   75   74   73   71   70   69   68   68   68
   69   70   71   72   73   75   76   78   80   83   87   91   96  103  111  119
  127  137  150  158  172  184  198  218  206                                   
    70.0-180.0 180.0   5.0 450.0                            LAT/LON1/LON2/DLON/H
  234  246  246  247  247  248  248  250  253  251  249  245  238  226  211  193
  173  153  135  119  105   95   88   83   80   78   76   75   74   74   73   73
   73   73   73   72   72   71   70   69   68   66   64   62   61   60   59   59
   60   60   61   62   63   64   65   67   69   72   77   82   89   97  107  118
  129  141  157  170  188  204  216  234  234                                   
    67.5-180.0 180.0   5.0 450.0                            LAT/LON1/LON2/DLON/H
  255  272  270  269  269  269  267  268  270  269  266  262  253  240  223  202
  179  157  136  118  104   94   87   82   79   77   74   72   70   68   67   65
   64   63   62   60   59   58   58   57   56   55   54   53   52   51   50   50
   50   51   52   54   55   56   57   59   61   65   71   78   86   96  108  121
  134  148  166  180  202  220  232  251  255                                   
    65.0-180.0 180.0   5.0 450.0                            LAT/LON1/LON2/DLON/H
  271  287  283  282  282  281  276  277  278  276  274  269  261  248  230  208
  184  160  139  121  107   97   90   86   82   79   75   72   68   64   61   58
   55   52   50   48   47   46   45   45   46   46   46   46   46   45   45   45
   46   47   49   50   52   53   55   57   61   66   73   81   91  103  116  130
  144  159  178  193  214  233  246  266  271                                   
    62.5-180.0 180.0   5.0 450.0                            LAT/LON1/LON2/DLON/H
  279  294  291  287  287  283  277  276  277  275  273  269  262  249  232  212
  189  166  145  128  115  105   99   94   89   84   79   73   68   62   57   53
   49   45   42   39   37   37   37   38   40   42   43   44   45   45   44   45
   46   48   50   52   54   55   58   61   66   73   82   92  103  116  130  145
  158  173  191  205  224  242  256  276  279                                   
    60.0-180.0 180.0   5.0 450.0                            LAT/LON1/LON2/DLON/H
  282  296  293  287  285  280  273  271  271  268  265  262  256  245  231  213
  193  173  154  138  125  116  108  102   96   90   83   76   69   63   57   52
   47   42   38   35   33   33   34   36   39   42   45   47   47   47   47   47
   48   50   53   55   57   60   63   68   75   84   95  107  120  133  147  161
  174  187  204  216  232  247  262  283  282                                   
    57.5-180.0 180.0   5.0 450.0                            LAT/LON1/LON2/DLON/H
  285  299  295  288  286  280  271  268  266  261  257  253  247  239  228  215
  198  181  164  149  136  126  117  110  103   95   87   79   72   66   60   54
   49   44   40   37   35   35   37   40   44   48   52   54   54   53   52   51
   52   54   57   60   63   66   71   77   86   97  110  124  138  151  165  179
  190  202  217  228  241  252  267  291  285                                   
    55.0-180.0 180.0   5.0 450.0                            LAT/LON1/LON2/DLON/H
  292  306  301  294  293  286  277  271  266  258  251  246  240  234  226  216
  203  188  172  157  144  133  124  116  109  100   92   85   78   72   66   61
   56   51   47   44   43   44   46   50   54   59   63   65   65   63   61   59
   60   61   64   67   70   74   80   88   99  111  125  140  154  167  180  193
  204  215  229  239  251  259  273  300  292                                   
    52.5-180.0 180.0   5.0 450.0                            LAT/LON1/LON2/DLON/H
  304  319  313  306  307  301  292  284  275  263  253  244  237  232  226  218
  207  194  179  163  150  138  130  122  115  107  100   93   87   81   76   71
   66   62   59   57   56   58   60   64   68   73   77   79   78   76   73   70
   70   71   74   77   80   84   90   99  110  123  137  151  164  177  189  202
  213  225  239  249  262  269  282  310  304                                   
    50.0-180.0 180.0   5.0 450.0                            LAT/LON1/LON2/DLON/H
  320  337  329  325  328  323  315  305  293  277  262  249  240  234  229  222
  211  198  182  167  153  143  135  128  122  116  109  103   97   92   87   82
   77   73   71   71   72   73   76   79   83   87   91   93   92   89   86   83
   83   84   87   90   93   96  101  109  120  132  145  157  169  180  193  206
  218  231  246  257  272  282  294  323  320                                   
    47.5-180.0 180.0   5.0 450.0                            LAT/LON1/LON2/DLON/H
  337  356  349  348  351  349  342  331  317  297  278  262  250  242  235  227
  215  200  184  168  156  147  141  136  132  127  121  115  108  101   95   88
   83   80   80   81   84   86   89   91   95   98  102  105  105  103  100   98
   97   99  102  104  106  108  112  118  128  138  149  159  168  179  191  205
  218  234  251  263  281  294  308  336  337                                   
    45.0-180.0 180.0   5.0 450.0                            LAT/LON1/LON2/DLON/H
  350  371  365  367  371  371  367  358  343  322  300  280  265  254  245  234
  220  203  186  172  161  155  151  148  144  139  133  125  116  106   96   88
   82   80   81   85   90   94   97   99  101  105  109  113  114  113  111  110
  111  114  116  118  118  119  121  126  134  143  152  159  167  176  188  203
  217  234  252  266  286  303  319  344  350                                   
    42.5-180.0 180.0   5.0 450.0                            LAT/LON1/LON2/DLON/H
  357  379  374  377  380  380  379  374  362  343  321  300  284  271  259  245
  227  209  192  179  172  168  166  164  159  151  142  130  117  104   91   81
   75   74   78   85   92   98  101  102  104  108  112  116  119  119  119  120
  122  125  128  128  128  127  129  133  141  149  156  162  168  177  188  203
  218  235  253  268  288  307  326  347  357                                   
    40.0-180.0 180.0   5.0 450.0                            LAT/LON1/LON2/DLON/H
  361  380  375  376  376  375  375  373  367  352  334  316  301  287  274  257
  238  219  203  193  189  188  186  182  173  161  147  131  114   98   85   75
   70   71   77   86   95  101  104  105  106  109  114  118  121  123  124  125
  128  131  134  134  132  131  133  138  146  155  162  167  173  181  193  207
  222  238  257  272  290  308  328  348  361                                   
    37.5-180.0 180.0   5.0 450.0                            LAT/LON1/LON2/DLON/H
  363  379  371  366  365  359  356  357  355  347  335  323  312  301  288  271
  252  234  221  215  213  213  209  199  185  167  148  129  112   96   84   76
   73   75   82   93  102  108  110  110  111  113  117  120  123  124  125  127
  129  131  132  131  130  129  132  140  150  161  169  176  182  191  203  217
  231  246  264  279  295  313  334  352  363                                   
    35.0-180.0 180.0   5.0 450.0                            LAT/LON1/LON2/DLON/H
  371  385  374  360  354  342  334  333  335  332  327  321  316  310  300  285
  269  254  244  241  240  238  229  213  192  170  149  131  117  105   97   92
   90   94  101  111  118  122  122  121  120  121  123  124  125  125  125  124
  125  125  125  124  122  123  128  138  151  165  177  187  195  206  219  234
  247  262  280  294  309  327  348  366  371                                   
    32.5-180.0 180.0   5.0 450.0                            LAT/LON1/LON2/DLON/H
  397  408  394  371  357  336  320  315  317  316  315  315  315  314  308  298
  286  275  269  267  265  258  243  221  197  174  156  144  136  132  130  128
  129  132  138  143  147  147  143  139  136  135  134  132  130  127  124  122
  120  118  117  115  114  116  123  135  151  169  185  199  211  224  239  255
  270  285  303  317  335  353  373  393  397                                   
    30.0-180.0 180.0   5.0 450.0                            LAT/LON1/LON2/DLON/H
  446  457  439  407  385  355  328  315  312  309  309  310  313  315  314  309
  302  295  292  289  283  269  249  225  202  185  175  172  176  182  188  191
  192  192  193  192  188  181  173  165  159  155  150  145  139  133  128  124
  120  116  114  112  112  114  121  134  153  174  194  211  227  243  260  278
  295  313  333  346  369  390  407  430  446                                   
    27.5-180.0 180.0   5.0 450.0                            LAT/LON1/LON2/DLON/H
  518  528  508  473  444  405  367  342  328  319  314  313  316  319  320  318
  314  311  307  301  289  270  248  228  213  207  210  221  238  256  270  276
  276  271  263  252  238  223  208  196  187  179  171  162  153  145  138  132
  126  121  117  115  114  116  123  136  156  179  202  223  241  259  277  298
  317  339  361  375  408  435  450  478  518                                   
    25.0-180.0 180.0   5.0 450.0                            LAT/LON1/LON2/DLON/H
  601  611  596  564  532  487  436  397  369  349  336  328  326  326  326  325
  323  320  314  303  285  264  246  237  237  246  264  289  318  346  365  373
  369  355  334  310  285  262  242  226  214  203  192  180  168  158  151  144
  137  130  124  120  118  119  126  140  162  188  215  239  259  278  296  316
  337  361  385  401  443  482  501  537  601                                   
    22.5-180.0 180.0   5.0 450.0                            LAT/LON1/LON2/DLON/H
  683  691  687  670  637  591  531  477  435  401  377  360  349  342  337  333
  329  324  314  298  278  260  252  257  274  299  331  367  406  439  461  465
  452  424  388  350  316  287  264  247  234  221  208  193  180  170  161  154
  145  136  128  121  118  119  126  142  167  197  229  259  284  304  322  341
  362  387  410  429  478  528  560  605  683                                   
    20.0-180.0 180.0   5.0 450.0                            LAT/LON1/LON2/DLON/H
  749  754  763  766  739  696  636  575  520  474  437  408  386  369  355  344
  336  328  314  296  278  268  273  294  325  363  404  447  489  520  534  526
  496  452  403  358  320  291  270  254  241  228  213  198  185  174  166  158
  148  137  126  117  112  113  122  141  169  204  241  276  306  330  350  370
  392  415  439  462  513  571  618  674  749                                   
    17.5-180.0 180.0   5.0 450.0                            LAT/LON1/LON2/DLON/H
  784  790  808  831  814  783  731  671  613  559  512  472  438  408  383  364
  349  337  323  307  295  295  313  346  388  432  476  516  547  564  559  532
  486  430  375  329  296  273  257  245  235  223  208  193  181  172  164  156
  145  133  121  111  106  108  118  140  171  209  249  288  322  350  374  395
  418  442  466  492  542  601  660  725  784                                   
    15.0-180.0 180.0   5.0 450.0                            LAT/LON1/LON2/DLON/H
  783  792  818  855  852  836  798  748  694  641  591  545  502  461  423  394
  375  361  349  338  334  344  371  411  457  498  532  554  562  552  525  481
  425  366  315  278  255  242  234  227  220  209  196  182  171  163  157  150
  140  129  118  109  104  106  118  141  174  214  256  296  332  363  389  414
  439  463  488  515  559  612  675  746  783                                   
    12.5-180.0 180.0   5.0 450.0                            LAT/LON1/LON2/DLON/H
  753  766  799  843  853  853  831  794  752  707  663  619  572  523  476  439
  415  401  393  389  393  412  445  485  523  549  559  551  527  491  447  396
  340  287  247  224  214  212  212  210  205  196  183  171  161  155  151  146
  138  128  118  110  106  108  122  146  179  218  259  298  334  367  397  425
  452  477  502  529  565  608  667  737  753                                   
    10.0-180.0 180.0   5.0 450.0                            LAT/LON1/LON2/DLON/H
  714  727  761  805  827  840  833  810  781  751  719  683  641  590  539  497
  471  459  456  459  471  495  527  558  576  573  549  506  454  401  352  305
  259  221  197  188  191  197  201  201  197  189  177  165  156  151  148  144
  138  130  122  115  111  115  130  155  187  224  261  297  331  364  397  428
  458  484  509  535  563  596  647  710  714                                   
     7.5-180.0 180.0   5.0 450.0                            LAT/LON1/LON2/DLON/H
  680  690  720  759  787  809  812  801  786  770  753  732  699  654  605  562
  537  528  531  542  559  582  604  614  601  562  502  431  364  309  269  236
