data/edconvlstm_nd/pred3170.15i
     1.0            IONOSPHERE MAPS     GNSS                IONEX VERSION / TYPE
pyspatialgeodesy        IME             05-JAN-18 20:20     PGM / RUN BY / DATE 
Map Name                                                    COMMENT             
Predicted global ionosphere maps (GIM).                     DESCRIPTION         
  2015    11    13     0     0     0                        EPOCH OF FIRST MAP  
  2015    11    14     0     0     0                        EPOCH OF LAST MAP   
  7200                                                      INTERVAL            
    13                                                      # OF MAPS IN FILE   
  NONE                                                      MAPPING FUNCTION    
10.0                                                        ELEVATION CUTOFF    
One-way carrier phase leveled to code                       OBSERVABLES USED    
  6371.0                                                    BASE RADIUS         
 2                                                          MAP DIMENSION       
   450.0 450.0   0.0                                        HGT1 / HGT2 / DHGT  
    87.5 -87.5  -2.5                                        LAT1 / LAT2 / DLAT  
  -180.0 180.0   5.0                                        LON1 / LON2 / DLON  
    -1                                                      EXPONENT            
                                                            END OF HEADER       
[from data line 4290]
    11                                                      START OF TEC MAP    
  2015    11    13    20     0     0                        EPOCH OF CURRENT MAP
    87.5-180.0 180.0   5.0 450.0                            LAT/LON1/LON2/DLON/H
   83   83   80   81   86   83   82   79   80   82   82   83   84   84   85   85
   85   85   84   83   82   81   80   79   77   76   74   73   72   71   70   69
   69   69   68   68   68   68   68   68   68   68   69   69   69   69   69   69
   70   70   70   70   70   70   71   71   71   71   71   71   71   71   71   71
   71   71   68   64   69   71   88   92   83                                   
    85.0-180.0 180.0   5.0 450.0                            LAT/LON1/LON2/DLON/H
   89   87   98   79   80   83   83   85   86   89   89   91   91   92   93   93
   93   93   92   91   89   88   86   84   82   80   78   76   75   74   73   72
   72   72   71   71   71   71   71   71   71   71   71   71   71   70   70   70
   70   70   71   71   71   71   71   71   72   72   72   72   72   72   72   72
   73   72   68   64   69   73   78   73   89                                   
    82.5-180.0 180.0   5.0 450.0                            LAT/LON1/LON2/DLON/H
   68   71   75   67   72   75   78   80   83   86   89   91   93   95   96   97
   97   97   95   94   91   88   85   82   79   76   73   70   68   67   65   64
   64   63   63   63   63   63   62   62   62   61   61   60   60   59   59   59
   58   58   58   59   59   59   59   59   60   60   60   60   60   60   60   60
   60   59   56   54   61   73   67   66   68                                   
    80.0-180.0 180.0   5.0 450.0                            LAT/LON1/LON2/DLON/H
   41   49   59   55   61   62   69   72   78   82   87   91   94   97   99  100
  100   99   96   93   89   85   80   75   70   66   62   58   56   54   52   52
   52   52   52   53   53   53   54   53   53   52   52   51   50   49   49   48
   48   48   48   48   48   49   49   49   49   50   50   49   49   49   49   48
   48   48   47   47   47   56   49   56   41                                   
    77.5-180.0 180.0   5.0 450.0                            LAT/LON1/LON2/DLON/H
   45   47   49   48   56   59   66   72   78   83   89   95  101  105  108  109
  109  108  104  100   94   88   81   74   68   62   56   52   49   47   46   45
   45   46   46   47   48   48   48   47   46   44   42   40   39   37   36   35
   35   34   35   35   36   37   37   38   38   38   38   38   38   37   37   36
   36   37   37   38   38   42   40   49   45                                   
    75.0-180.0 180.0   5.0 450.0                            LAT/LON1/LON2/DLON/H
   30   39   42   43   52   57   64   71   79   86   93  100  106  111  115  116
  116  114  110  104   97   90   81   73   66   59   53   48   45   43   42   42
   43   44   45   46   47   48   47   46   45   43   40   37   35   33   31   31
   30   30   31   32   33   33   34   34   34   34   34   34   34   33   33   33
   33   34   35   35   35   35   32   32   30                                   
    72.5-180.0 180.0   5.0 450.0                            LAT/LON1/LON2/DLON/H
   39   44   46   50   55   61   69   75   81   88   95  103  109  115  118  120
  120  117  113  106   98   89   80   71   62   54   48   43   40   38   37   38
   38   40   41   42   43   43   43   41   39   36   33   29   26   24   22   21
   21   21   22   23   24   25   25   25   25   25   25   24   24   24   24   24
   24   25   25   25   26   30   30   34   39                                   
    70.0-180.0 180.0   5.0 450.0                            LAT/LON1/LON2/DLON/H
   38   47   51   57   63   70   77   84   92   99  106  113  119  124  126  128
  127  124  119  113  105   96   86   76   67   60   53   48   45   43   42   42
   42   43   44   44   45   45   44   42   39   36   32   29   26   24   22   22
   22   23   24   25   26   26   27   26   26   26   25   25   24   24   24   25
   25   25   27   28   31   34   39   43   38                                   
    67.5-180.0 180.0   5.0 450.0                            LAT/LON1/LON2/DLON/H
   48   56   60   67   75   82   91   97  103  109  115  122  126  130  132  132
  131  128  123  117  109  100   90   80   71   63   57   52   48   46   44   43
   42   41   41   41   40   40   39   37   34   31   28   25   22   21   20   20
   20   22   23   24   25   25   25   25   24   24   23   23   23   23   23   23
   23   24   24   25   28   35   38   43   48                                   
    65.0-180.0 180.0   5.0 450.0                            LAT/LON1/LON2/DLON/H
   49   60   65   75   83   92  100  107  115  121  127  131  135  137  137  137
  135  133  129  123  116  108   99   89   80   72   65   60   56   53   50   47
   44   41   39   37   36   35   33   32   30   28   25   23   21   20   20   21
   22   23   25   26   27   27   27   26   25   25   24   24   24   24   24   25
   25   26   27   28   32   40   45   50   49                                   
    62.5-180.0 180.0   5.0 450.0                            LAT/LON1/LON2/DLON/H
   53   65   70   81   91  101  110  118  126  131  137  141  144  145  144  143
  141  139  136  131  125  117  108   98   89   80   73   68   63   59   54   49
   44   39   35   31   29   28   27   26   25   23   22   21   20   20   20   21
   23   24   26   27   27   27   27   26   25   24   24   24   24   24   25   25
   25   26   27   27   30   39   42   49   53                                   
    60.0-180.0 180.0   5.0 450.0                            LAT/LON1/LON2/DLON/H
   54   66   72   84   94  104  115  124  133  140  146  150  153  153  152  150
  149  147  144  141  135  128  118  108   98   89   82   75   70   65   59   52
   45   38   32   27   24   23   22   22   22   21   21   20   20   21   22   23
   24   25   26   27   27   27   26   25   25   24   24   24   25   25   26   27
   26   27   27   28   30   38   41   49   54                                   
    57.5-180.0 180.0   5.0 450.0                            LAT/LON1/LON2/DLON/H
   56   68   75   88   98  108  120  130  141  148  155  160  163  163  162  161
  159  158  155  152  147  139  129  118  108   98   90   84   78   72   65   57
   48   39   32   27   24   22   22   22   23   23   23   24   24   25   26   27
   27   28   28   28   28   27   27   27   26   26   27   27   28   29   30   31
   30   31   31   31   31   38   40   49   56                                   
    55.0-180.0 180.0   5.0 450.0                            LAT/LON1/LON2/DLON/H
   62   75   83   94  105  113  126  136  148  156  164  170  173  174  174  173
  171  170  167  164  158  150  139  128  117  107   98   92   86   79   71   62
   53   44   36   31   28   26   26   27   28   29   30   30   31   31   32   32
   32   31   30   30   29   29   29   30   30   31   32   33   34   35   37   37
   37   37   38   37   36   41   42   52   62                                   
    52.5-180.0 180.0   5.0 450.0                            LAT/LON1/LON2/DLON/H
   73   86   96  106  116  124  136  146  157  165  173  179  183  184  185  184
  183  181  178  173  167  158  148  136  125  115  107  100   94   86   78   69
   59   50   43   39   36   35   36   36   38   39   40   40   41   41   41   40
   39   37   35   34   34   34   35   36   37   39   40   41   42   44   45   47
   47   48   48   48   46   50   50   60   73                                   
    50.0-180.0 180.0   5.0 450.0                            LAT/LON1/LON2/DLON/H
   89  103  115  124  134  142  152  162  170  177  184  189  193  195  196  195
  194  191  187  181  174  165  155  145  134  125  117  109  102   93   84   74
   65   57   52   48   47   47   48   49   50   51   52   53   53   52   51   50
   48   45   43   42   42   43   44   46   47   48   49   50   51   53   55   57
   58   60   61   61   60   63   64   72   89                                   
    47.5-180.0 180.0   5.0 450.0                            LAT/LON1/LON2/DLON/H
  109  124  138  146  156  165  174  182  187  193  197  200  203  205  206  205
  203  200  194  188  180  172  163  153  144  136  127  119  109   99   88   78
   69   63   59   57   58   59   60   61   62   63   64   65   65   64   63   61
   58   56   54   52   53   54   56   57   59   59   59   60   60   62   65   67
   68   71   73   75   75   79   83   89  109                                   
    45.0-180.0 180.0   5.0 450.0                            LAT/LON1/LON2/DLON/H
  129  144  159  168  178  188  196  203  207  210  211  212  213  214  215  214
  212  207  201  194  186  179  171  164  157  149  139  128  116  103   90   79
   70   65   63   64   66   69   71   72   73   74   75   75   75   74   73   71
   69   67   65   64   65   66   68   69   70   70   69   69   69   70   72   75
   76   79   82   85   88   94  102  108  129                                   
    42.5-180.0 180.0   5.0 450.0                            LAT/LON1/LON2/DLON/H
  144  160  175  186  196  208  215  223  225  227  225  225  224  224  224  223
  220  215  208  201  194  188  182  177  171  162  151  137  121  104   89   77
   69   65   65   68   72   76   79   81   82   82   83   83   83   82   81   79
   78   77   76   76   76   78   79   80   80   78   77   76   76   77   78   80
   81   84   87   90   96  105  116  125  144                                   
    40.0-180.0 180.0   5.0 450.0                            LAT/LON1/LON2/DLON/H
  152  170  184  197  209  221  229  237  239  241  238  236  235  234  234  233
  230  225  218  212  205  200  196  191  185  176  162  144  124  104   87   75
   68   66   67   72   78   83   86   88   88   89   89   88   87   86   86   85
   85   85   84   84   85   86   87   87   86   84   82   81   81   81   82   82
   82   84   87   90   97  109  122  135  152                                   
    37.5-180.0 180.0   5.0 450.0                            LAT/LON1/LON2/DLON/H
  152  171  186  201  214  227  237  245  249  251  249  247  245  244  244  244
  241  237  232  225  220  215  210  206  199  188  171  149  126  105   89   78
   72   71   74   79   86   91   95   96   96   95   94   92   90   89   88   88
   89   89   89   88   89   90   91   90   89   87   85   84   84   83   83   82
   80   80   83   86   92  107  121  136  152                                   
    35.0-180.0 180.0   5.0 450.0                            LAT/LON1/LON2/DLON/H
  147  167  182  198  213  227  239  248  254  257  257  256  255  255  255  255
  254  252  247  242  236  230  225  219  211  197  177  154  130  111   97   89
   86   86   89   95  101  105  107  107  105  103  100   97   94   91   90   90
   91   91   90   90   90   91   91   91   89   88   86   86   86   84   83   80
   76   75   77   81   86  102  116  134  147                                   
    32.5-180.0 180.0   5.0 450.0                            LAT/LON1/LON2/DLON/H
  143  164  179  193  210  222  236  247  256  261  264  264  265  265  267  268
  268  266  263  258  252  244  237  229  219  204  184  161  140  125  117  114
  113  114  116  119  123  125  125  123  119  114  109  104   99   96   94   93
   93   92   91   90   90   91   92   91   90   88   88   88   87   86   83   78
   73   72   74   78   83   99  113  133  143                                   
    30.0-180.0 180.0   5.0 450.0                            LAT/LON1/LON2/DLON/H
  144  166  182  194  210  220  234  246  257  265  270  274  276  277  279  280
  280  280  277  271  263  254  245  235  225  211  193  174  159  151  150  152
  154  154  153  153  152  150  147  141  135  129  122  115  109  103  100   99
   97   95   92   90   91   92   94   93   92   90   90   90   90   88   84   79
   73   72   74   80   86  103  118  138  144                                   
    27.5-180.0 180.0   5.0 450.0                            LAT/LON1/LON2/DLON/H
  153  178  196  205  222  228  241  252  264  272  280  285  289  291  292  292
  292  290  286  279  269  258  248  239  230  220  207  196  189  190  197  204
  206  203  197  190  183  177  169  161  153  145  137  130  122  115  111  108
  105  101   97   94   95   97   98   98   96   94   93   93   93   91   86   81
   75   76   79   88   96  114  131  149  153                                   
    25.0-180.0 180.0   5.0 450.0                            LAT/LON1/LON2/DLON/H
  172  200  220  229  247  253  265  272  282  289  296  301  305  307  307  305
  303  298  291  281  269  257  248  243  239  235  230  227  230  240  253  262
  263  254  240  225  212  200  188  178  169  161  154  146  138  131  125  121
  116  110  105  102  102  105  107  106  103  100   98   97   96   93   89   84
   79   82   88  100  112  132  150  166  172                                   
    22.5-180.0 180.0   5.0 450.0                            LAT/LON1/LON2/DLON/H
  198  227  251  263  286  293  305  310  316  320  324  327  328  328  326  322
  315  306  294  281  267  256  250  250  254  259  263  269  280  296  312  321
  316  299  275  251  231  214  200  189  181  176  171  164  156  148  142  136
  129  122  115  112  113  116  117  115  111  105  102  100   98   95   91   86
   83   89   97  114  130  152  173  187  198                                   
    20.0-180.0 180.0   5.0 450.0                            LAT/LON1/LON2/DLON/H
  228  258  285  303  333  344  359  362  366  367  366  364  362  359  353  344
  332  317  300  283  269  260  259  266  278  292  305  319  336  354  369  372
  358  330  296  264  238  218  204  194  189  187  185  180  173  165  157  150
  142  134  127  124  124  127  128  124  117  109  104  100   98   94   90   87
   86   94  105  125  145  169  195  211  228                                   
    17.5-180.0 180.0   5.0 450.0                            LAT/LON1/LON2/DLON/H
  256  288  318  343  380  398  418  423  426  424  420  414  408  401  391  377
  358  337  314  294  279  274  279  293  314  335  355  374  391  407  414  407
  381  342  300  263  234  213  200  194  194  196  197  194  188  179  170  161
  152  144  136  133  134  136  135  130  121  111  104   99   95   91   87   84
   85   96  108  131  155  181  213  231  256                                   
    15.0-180.0 180.0   5.0 450.0                            LAT/LON1/LON2/DLON/H
  279  314  348  378  422  447  473  482  488  486  481  473  464  454  440  422
  397  369  341  318  304  302  312  333  359  386  409  428  441  448  444  423
  385  338  291  252  223  204  195  194  198  204  208  206  198  188  177  167
  158  149  142  139  140  141  139  132  121  110  102   96   91   87   83   81
   82   94  109  132  157  188  224  245  279                                   
    12.5-180.0 180.0   5.0 450.0                            LAT/LON1/LON2/DLON/H
  293  333  371  403  452  484  516  531  542  544  541  534  525  515  500  479
  450  417  385  359  346  346  360  385  413  441  462  476  481  476  458  423
  376  325  277  240  214  199  194  197  205  214  218  214  205  192  180  168
  158  149  142  139  140  141  138  131  119  108   99   93   89   84   80   78
   79   91  107  129  156  190  228  250  293                                   
    10.0-180.0 180.0   5.0 450.0                            LAT/LON1/LON2/DLON/H
  300  345  386  418  468  505  543  564  581  589  591  589  583  576  563  543
  513  478  444  417  404  406  421  445  471  494  509  514  509  491  460  416
  364  313  269  236  215  205  203  209  218  227  229  223  210  194  179  166
  155  145  138  135  136  136  134  127  116  106   98   92   88   83   79   77
   79   90  106  127  155  190  229  251  300                                   
     7.5-180.0 180.0   5.0 450.0                            LAT/LON1/LON2/DLON/H
  302  352  394  424  472  512  553  578  601  616  624  628  629  628  621  606
  579  546  512  487  475  476  488  506  525  540  546  541  525  497  457  409
