data/edconvlstm_nd/pred2040.15i
     1.0            IONOSPHERE MAPS     GNSS                IONEX VERSION / TYPE
pyspatialgeodesy        IME             05-JAN-18 20:20     PGM / RUN BY / DATE 
Map Name                                                    COMMENT             
Predicted global ionosphere maps (GIM).                     DESCRIPTION         
  2015     7    23     0     0     0                        EPOCH OF FIRST MAP  
  2015     7    24     0     0     0                        EPOCH OF LAST MAP   
  7200                                                      INTERVAL            
    13                                                      # OF MAPS IN FILE   
  NONE                                                      MAPPING FUNCTION    
10.0                                                        ELEVATION CUTOFF    
One-way carrier phase leveled to code                       OBSERVABLES USED    
  6371.0                                                    BASE RADIUS         
 2                                                          MAP DIMENSION       
   450.0 450.0   0.0                                        HGT1 / HGT2 / DHGT  
    87.5 -87.5  -2.5                                        LAT1 / LAT2 / DLAT  
  -180.0 180.0   5.0                                        LON1 / LON2 / DLON  
    -1                                                      EXPONENT            
                                                            END OF HEADER       
[from data line 5148]
    13                                                      START OF TEC MAP    
  2015     7    24     0     0     0                        EPOCH OF CURRENT MAP
    87.5-180.0 180.0   5.0 450.0                            LAT/LON1/LON2/DLON/H
  119  118  125  118  117  119  117  117  118  118  119  120  120  120  120  120
  119  119  118  117  116  114  113  111  110  108  106  104  103  101   99   98
   97   95   94   93   92   92   91   91   90   90   90   90   90   90   91   91
   91   91   92   92   92   93   93   93   93   94   94   95   95   95   96   97
   98  100  100  101   99  104  113  121  119                                   
    85.0-180.0 180.0   5.0 450.0                            LAT/LON1/LON2/DLON/H
  124  127  114  119  125  128  126  126  128  128  129  129  130  130  129  129
  128  127  126  125  123  121  119  117  115  112  110  108  106  104  102  100
   98   97   96   95   94   93   92   92   92   92   92   92   92   92   92   93
   93   93   93   94   94   94   94   95   95   96   96   97   97   98   98  100
  101  103  105  108  106  114  123  125  124                                   
    82.5-180.0 180.0   5.0 450.0                            LAT/LON1/LON2/DLON/H
  123  120  129  129  132  138  136  137  140  140  141  142  142  142  141  140
  139  137  136  134  131  129  126  123  120  117  114  111  108  105  102  100
   98   96   95   94   93   93   92   92   92   92   93   93   93   94   94   94
   94   95   95   95   96   96   96   96   97   97   98   99   99  100  101  103
  104  105  107  107  110  104  112  116  123                                   
    80.0-180.0 180.0   5.0 450.0                            LAT/LON1/LON2/DLON/H
  128  125  125  126  131  136  139  142  145  145  146  146  146  145  144  142
  140  138  136  133  131  127  124  121  117  113  109  106  102   99   96   93
   91   90   89   88   88   88   89   89   90   90   91   91   92   92   93   93
   94   94   94   94   95   95   95   95   95   95   96   96   96   97   98   99
  100  100  101  100  113  107  117  127  128                                   
    77.5-180.0 180.0   5.0 450.0                            LAT/LON1/LON2/DLON/H
  133  128  123  131  132  135  141  145  147  147  148  148  147  145  143  141
  138  136  133  130  127  124  121  117  113  109  105  101   97   93   90   88
   87   86   86   86   87   88   89   90   91   92   93   94   95   95   96   97
   97   98   98   98   98   98   98   98   98   97   97   97   97   98   98   99
   99  101  100  101  108  111  115  130  133                                   
    75.0-180.0 180.0   5.0 450.0                            LAT/LON1/LON2/DLON/H
  135  124  122  131  132  135  138  141  145  144  144  143  141  139  136  132
  129  126  123  121  118  116  113  109  105  101   97   93   89   86   83   82
   81   82   83   85   87   89   91   92   94   95   96   96   97   98   99  100
  101  101  102  102  102  102  101  101  100  100   99   99   99   98   98   99
   98   99  100   94  101  110  112  126  135                                   
    72.5-180.0 180.0   5.0 450.0                            LAT/LON1/LON2/DLON/H
  124  119  119  126  127  128  132  135  139  138  137  136  133  130  126  122
  118  114  111  109  107  105  103  100   97   93   89   85   81   78   76   75
   76   77   79   82   85   88   90   92   93   94   95   95   96   97   99  100
  102  103  103  104  104  103  103  102  101  100  100   99   99   98   98   99
   97   98   99   96   98  105  112  128  124                                   
    70.0-180.0 180.0   5.0 450.0                            LAT/LON1/LON2/DLON/H
  124  115  117  125  126  127  130  133  137  136  135  133  130  125  120  115
  111  107  104  102  101  100   98   96   93   90   86   82   78   75   73   73
   74   77   80   84   87   90   92   94   95   95   95   96   97   98  100  102
  104  106  107  108  108  108  107  107  106  105  105  105  104  104  104  104
  103  102  104  102  103  109  113  128  124                                   
    67.5-180.0 180.0   5.0 450.0                            LAT/LON1/LON2/DLON/H
  126  118  118  124  123  124  126  128  132  131  130  129  125  120  115  109
  104  100   96   95   94   93   93   91   89   86   82   78   74   71   70   69
   71   73   77   80   84   86   88   89   89   88   88   88   89   91   94   97
  100  103  105  106  107  107  107  106  106  106  106  106  106  106  106  107
  105  105  107  104  107  111  115  130  126                                   
    65.0-180.0 180.0   5.0 450.0                            LAT/LON1/LON2/DLON/H
  129  120  120  124  122  121  122  125  128  128  128  126  123  119  113  107
  102   97   94   92   91   91   91   90   88   86   82   78   74   71   70   69
   70   72   75   78   81   83   84   84   83   81   81   81   82   85   88   91
   95   98  101  103  104  105  106  106  107  107  108  109  109  110  110  111
  110  110  113  110  114  118  122  137  129                                   
    62.5-180.0 180.0   5.0 450.0                            LAT/LON1/LON2/DLON/H
  136  126  126  128  124  121  121  123  126  126  126  126  124  120  115  109
  104   99   95   93   92   92   92   92   91   89   86   82   79   76   73   72
   72   73   75   77   79   80   80   79   77   75   75   75   76   79   82   86
   90   94   97  100  102  104  105  106  108  110  111  113  114  114  115  116
  115  116  119  117  121  126  131  145  136                                   
    60.0-180.0 180.0   5.0 450.0                            LAT/LON1/LON2/DLON/H
  141  132  133  133  127  123  121  122  124  124  125  125  124  122  118  113
  107  103   99   96   95   95   95   95   94   93   91   88   85   82   79   76
   75   74   74   75   76   76   76   74   73   71   70   71   72   75   78   81
   85   89   92   95   99  101  104  107  110  112  114  116  118  118  119  120
  120  121  124  123  128  134  139  153  141                                   
    57.5-180.0 180.0   5.0 450.0                            LAT/LON1/LON2/DLON/H
  147  140  141  140  132  127  124  123  124  123  123  124  124  123  120  116
  112  108  104  101  100   99   98   98   98   97   96   95   92   89   86   82
   79   76   75   75   75   75   74   73   72   70   70   71   72   74   76   79
   82   85   88   92   96  100  105  108  112  115  118  120  122  122  123  124
  124  125  129  128  133  141  146  161  147                                   
    55.0-180.0 180.0   5.0 450.0                            LAT/LON1/LON2/DLON/H
  153  148  149  148  139  134  131  128  127  124  123  123  124  123  121  119
  116  112  109  107  104  103  102  101  101  102  102  102  100   97   93   88
   83   79   77   75   75   76   76   75   75   74   74   75   76   77   78   79
   80   83   86   90   95  101  106  112  116  120  123  125  126  126  126  127
  127  129  132  132  138  146  152  167  153                                   
    52.5-180.0 180.0   5.0 450.0                            LAT/LON1/LON2/DLON/H
  158  155  157  157  148  143  140  135  132  127  125  124  123  122  121  120
  118  116  114  112  109  107  105  105  105  106  107  108  107  104   99   94
   88   82   79   78   78   79   80   81   81   81   82   83   83   83   82   82
   81   83   86   90   96  103  109  115  120  124  127  129  129  129  129  130
  130  131  136  135  141  150  156  171  158                                   
    50.0-180.0 180.0   5.0 450.0                            LAT/LON1/LON2/DLON/H
  162  161  165  166  158  154  151  146  141  134  129  126  124  122  121  121
  120  119  119  117  115  112  110  109  108  110  111  112  112  109  104   98
   91   86   82   81   82   85   87   89   90   91   92   93   93   91   89   86
   84   85   87   92   99  106  113  119  124  128  131  132  132  132  132  133
  133  135  139  139  144  152  159  175  162                                   
    47.5-180.0 180.0   5.0 450.0                            LAT/LON1/LON2/DLON/H
  166  167  171  174  169  165  164  159  153  143  137  131  127  124  122  121
  122  122  123  122  121  118  115  113  112  113  115  116  115  112  107  101
   95   89   86   86   89   92   95   98  100  101  102  103  102  100   96   92
   89   89   91   96  103  110  117  123  127  131  133  135  135  135  135  137
  137  140  145  144  148  155  161  177  166                                   
    45.0-180.0 180.0   5.0 450.0                            LAT/LON1/LON2/DLON/H
  170  171  176  181  178  176  176  171  165  155  147  140  133  128  125  124
  124  125  127  127  126  124  121  118  117  117  118  118  116  113  108  103
   97   93   92   93   96  100  104  107  109  110  111  112  111  108  104   99
   96   94   96  100  106  113  119  124  129  132  135  136  137  138  139  141
  143  146  151  150  153  159  165  181  170                                   
    42.5-180.0 180.0   5.0 450.0                            LAT/LON1/LON2/DLON/H
  174  175  181  187  186  185  186  183  177  167  159  151  143  136  131  128
  128  129  131  132  132  130  127  125  123  123  122  120  117  113  109  104
  101   98   98  100  104  108  112  114  116  117  118  119  118  115  111  106
  102  101  101  105  109  115  120  124  128  132  135  138  139  141  143  147
  150  154  161  159  161  165  170  186  174                                   
    40.0-180.0 180.0   5.0 450.0                            LAT/LON1/LON2/DLON/H
  180  180  186  192  193  193  194  192  188  180  172  164  156  148  141  136
  134  134  136  137  138  137  135  133  131  129  127  123  119  114  110  107
  105  104  105  108  112  116  119  121  122  122  123  124  123  121  117  112
  109  106  106  108  111  115  119  123  127  131  135  139  142  145  148  153
  158  164  171  170  171  173  178  194  180                                   
    37.5-180.0 180.0   5.0 450.0                            LAT/LON1/LON2/DLON/H
  189  187  192  198  200  200  202  200  198  192  185  179  171  162  153  146
  142  141  142  143  144  144  143  141  140  138  134  128  122  116  112  110
  110  111  113  116  120  123  125  126  126  126  127  128  128  126  122  118
  114  110  108  109  110  113  117  121  125  130  135  140  145  149  154  161
  167  175  183  182  182  184  189  205  189                                   
    35.0-180.0 180.0   5.0 450.0                            LAT/LON1/LON2/DLON/H
  201  198  202  207  209  209  210  210  209  204  200  194  187  178  169  160
  154  150  149  150  151  151  151  151  150  148  143  135  128  121  116  115
  116  118  121  124  127  129  130  130  129  129  130  131  131  129  125  121
  116  111  108  106  107  110  114  119  124  130  137  143  148  154  160  168
  175  185  195  194  195  197  203  220  201                                   
    32.5-180.0 180.0   5.0 450.0                            LAT/LON1/LON2/DLON/H
  216  212  216  220  221  222  223  223  223  219  216  212  205  196  186  176
  168  162  159  158  159  160  161  162  161  159  153  144  135  127  122  121
  122  124  126  128  130  131  132  131  131  131  131  132  132  130  126  120
  114  108  104  101  101  104  110  116  123  131  139  147  153  159  166  175
  184  195  206  207  209  212  219  237  216                                   
    30.0-180.0 180.0   5.0 450.0                            LAT/LON1/LON2/DLON/H
  233  229  234  237  239  240  242  242  243  239  236  232  225  217  206  195
  185  177  171  169  169  170  172  173  173  170  163  153  143  134  128  126
  126  127  128  129  130  130  130  130  130  130  131  131  130  127  122  115
  108  101   96   93   93   98  105  114  123  133  142  151  159  165  172  181
  191  204  217  218  222  227  237  257  233                                   
    27.5-180.0 180.0   5.0 450.0                            LAT/LON1/LON2/DLON/H
  252  248  254  258  261  264  267  267  269  266  261  256  249  240  229  217
  205  194  186  182  181  182  184  185  184  180  172  161  150  140  132  128
  127  126  126  125  125  125  125  126  126  127  127  127  124  119  113  106
   98   91   85   83   85   91  101  112  123  135  146  156  164  171  178  187
  198  212  226  230  235  243  255  276  252                                   
    25.0-180.0 180.0   5.0 450.0                            LAT/LON1/LON2/DLON/H
  269  267  274  281  285  291  297  299  301  297  292  285  277  266  254  241
  228  215  205  199  197  197  198  197  194  187  178  167  155  143  134  128
  123  120  118  117  116  116  117  118  119  119  119  117  113  107  100   93
   85   78   73   72   76   84   96  110  124  138  151  162  171  177  184  193
  204  219  235  240  248  257  271  295  269                                   
    22.5-180.0 180.0   5.0 450.0                            LAT/LON1/LON2/DLON/H
  283  282  292  303  310  320  329  333  336  333  327  319  308  296  283  269
  254  240  228  220  216  214  212  208  201  192  181  169  156  143  133  124
  116  111  107  105  104  104  105  106  107  108  107  104   99   93   86   78
   72   66   62   62   68   78   93  109  125  141  156  168  178  185  191  200
  212  228  245  252  261  270  286  312  283                                   
    20.0-180.0 180.0   5.0 450.0                            LAT/LON1/LON2/DLON/H
  293  295  307  321  330  343  356  363  368  367  362  353  342  329  315  300
  284  268  254  243  237  231  225  217  206  194  180  167  153  140  127  116
  107   99   95   92   92   92   93   94   94   94   92   88   83   77   71   65
   60   56   53   55   62   74   90  108  126  143  160  174  185  192  199  208
  220  238  256  264  274  282  299  327  293                                   
    17.5-180.0 180.0   5.0 450.0                            LAT/LON1/LON2/DLON/H
  300  303  317  333  344  358  373  383  391  393  390  383  373  360  347  332
  315  298  282  268  257  248  237  224  208  192  176  161  147  133  119  107
   96   89   85   83   83   83   82   82   81   80   77   74   69   64   59   55
   52   49   48   50   57   71   87  106  126  145  163  180  192  201  208  218
  231  249  269  278  287  294  311  339  300                                   
    15.0-180.0 180.0   5.0 450.0                            LAT/LON1/LON2/DLON/H
  304  310  323  339  350  363  378  390  401  406  408  405  397  387  375  361
  345  327  309  292  276  261  245  227  207  187  168  152  137  124  110   98
   88   82   79   77   77   76   74   72   70   68   65   62   58   55   52   49
   47   45   45   48   56   68   85  105  125  146  166  184  198  209  218  229
  244  263  282  292  300  305  321  350  304                                   
    12.5-180.0 180.0   5.0 450.0                            LAT/LON1/LON2/DLON/H
  308  315  327  341  350  360  372  383  395  404  410  412  410  404  395  384
  370  352  332  311  290  270  248  225  201  178  158  141  127  114  102   92
   84   80   77   77   76   73   69   65   62   60   57   55   52   50   48   47
   45   45   45   48   55   67   84  103  125  147  168  188  204  217  228  241
  257  276  296  306  313  316  332  360  308                                   
    10.0-180.0 180.0   5.0 450.0                            LAT/LON1/LON2/DLON/H
  315  322  330  342  348  353  359  367  378  389  399  406  409  408  404  396
  385  368  347  323  298  272  246  219  192  167  146  130  117  106   98   91
   85   82   81   80   78   74   68   63   59   57   54   53   51   50   49   48
   47   46   46   49   56   67   82  102  123  146  169  191  209  223  237  252
  269  289  308  318  325  326  343  370  315                                   
     7.5-180.0 180.0   5.0 450.0                            LAT/LON1/LON2/DLON/H
  323  330  336  343  346  346  347  350  358  367  378  389  397  400  400  396
  388  373  352  326  297  267  237  207  180  155  135  120  109  103   98   94
