data/edconvlstm_nd/pred3030.15i
     1.0            IONOSPHERE MAPS     GNSS                IONEX VERSION / TYPE
pyspatialgeodesy        IME             05-JAN-18 20:20     PGM / RUN BY / DATE 
Map Name                                                    COMMENT             
Predicted global ionosphere maps (GIM).                     DESCRIPTION         
  2015    10    30     0     0     0                        EPOCH OF FIRST MAP  
  2015    10    31     0     0     0                        EPOCH OF LAST MAP   
  7200                                                      INTERVAL            
    13                                                      # OF MAPS IN FILE   
  NONE                                                      MAPPING FUNCTION    
10.0                                                        ELEVATION CUTOFF    
One-way carrier phase leveled to code                       OBSERVABLES USED    
  6371.0                                                    BASE RADIUS         
 2                                                          MAP DIMENSION       
   450.0 450.0   0.0                                        HGT1 / HGT2 / DHGT  
    87.5 -87.5  -2.5                                        LAT1 / LAT2 / DLAT  
  -180.0 180.0   5.0                                        LON1 / LON2 / DLON  
    -1                                                      EXPONENT            
                                                            END OF HEADER       
[from data line 3861]
    10                                                      START OF TEC MAP    
  2015    10    30    18     0     0                        EPOCH OF CURRENT MAP
    87.5-180.0 180.0   5.0 450.0                            LAT/LON1/LON2/DLON/H
  131  136  134  142  147  146  147  145  146  148  147  148  148  148  148  147
  147  146  145  144  143  142  140  138  136  135  133  131  129  127  125  123
  121  120  118  116  115  114  112  111  110  110  109  109  108  108  109  109
  110  110  111  112  113  115  116  117  119  120  121  123  124  125  127  128
  129  131  129  128  135  135  143  134  131                                   
    85.0-180.0 180.0   5.0 450.0                            LAT/LON1/LON2/DLON/H
  140  139  151  141  142  147  148  151  152  155  155  156  156  157  157  157
  157  156  155  154  152  151  149  147  144  142  139  137  134  132  130  128
  125  124  122  120  118  117  115  114  112  111  110  110  109  109  109  109
  109  110  111  112  113  114  115  117  118  120  121  123  124  125  127  128
  130  131  130  127  128  130  131  131  140                                   
    82.5-180.0 180.0   5.0 450.0                            LAT/LON1/LON2/DLON/H
  125  126  130  130  134  139  144  147  149  152  154  156  157  159  160  160
  160  160  159  157  155  152  149  146  142  139  135  131  127  124  121  118
  115  112  110  107  105  103  101   98   96   95   93   92   91   90   90   90
   91   91   93   94   95   97   99  101  103  105  106  108  110  111  113  114
  116  117  116  116  117  126  117  117  125                                   
    80.0-180.0 180.0   5.0 450.0                            LAT/LON1/LON2/DLON/H
  108  106  112  114  118  120  128  133  138  142  146  150  152  155  156  158
  158  158  157  155  153  149  145  140  135  129  124  118  113  109  105  102
   99   96   93   91   89   86   84   81   79   77   75   73   72   72   71   72
   73   75   76   79   81   83   85   88   90   91   93   94   96   97   98   99
  101  102  102  103   97  101   95  102  108                                   
    77.5-180.0 180.0   5.0 450.0                            LAT/LON1/LON2/DLON/H
  102   92   94   98  105  110  119  126  132  137  142  148  152  156  159  162
  164  165  164  162  159  155  150  143  136  128  121  114  107  102   97   93
   90   87   84   82   79   76   73   69   66   63   60   58   56   56   56   57
   59   61   64   66   69   72   75   77   79   80   81   82   82   83   83   84
   84   85   87   88   85   82   79   87  102                                   
    75.0-180.0 180.0   5.0 450.0                            LAT/LON1/LON2/DLON/H
   81   75   75   81   87   94  102  110  119  126  133  140  146  151  156  160
  164  166  167  167  165  160  154  147  138  129  120  112  104   98   92   89
   86   83   81   79   77   74   70   66   62   58   55   52   50   50   50   51
   54   57   60   63   66   69   71   73   74   74   74   74   73   72   71   71
   70   72   73   73   70   65   61   61   81                                   
    72.5-180.0 180.0   5.0 450.0                            LAT/LON1/LON2/DLON/H
   68   61   61   71   75   84   94  103  111  119  127  135  142  149  156  162
  167  172  175  177  176  172  166  158  148  136  125  115  106   98   92   88
   85   82   80   78   75   71   66   61   56   51   47   44   42   41   42   44
   47   50   54   58   61   63   65   67   67   66   65   64   61   59   57   56
   54   55   56   56   54   51   50   55   68                                   
    70.0-180.0 180.0   5.0 450.0                            LAT/LON1/LON2/DLON/H
   56   51   53   62   67   76   85   96  106  115  124  132  140  147  154  162
  170  177  183  188  189  187  182  173  163  151  138  126  116  107  101   96
   92   89   86   83   79   75   69   63   57   51   46   43   41   41   42   45
   47   51   54   57   60   62   64   64   64   63   61   58   55   52   50   47
   45   45   46   46   47   45   47   51   56                                   
    67.5-180.0 180.0   5.0 450.0                            LAT/LON1/LON2/DLON/H
   52   49   50   61   68   78   89  101  111  120  129  138  145  153  161  170
  180  189  198  205  208  208  203  195  184  171  157  144  133  123  115  109
  103   99   94   90   84   78   72   65   57   51   46   42   41   41   42   45
   48   51   53   56   58   60   61   62   61   60   58   55   52   49   46   43
   41   41   41   41   41   42   43   47   52                                   
    65.0-180.0 180.0   5.0 450.0                            LAT/LON1/LON2/DLON/H
   45   46   48   60   68   79   90  102  113  123  132  141  148  156  164  174
  185  197  208  217  223  224  221  214  203  190  177  164  152  141  132  124
  116  109  102   95   88   81   73   65   57   51   45   42   40   40   42   43
   45   46   48   49   50   51   52   53   53   52   51   48   46   43   40   38
   36   36   38   38   40   43   45   50   45                                   
    62.5-180.0 180.0   5.0 450.0                            LAT/LON1/LON2/DLON/H
   44   46   48   62   71   83   95  108  120  130  139  148  155  163  172  182
  193  206  218  228  235  237  235  228  218  206  193  181  170  159  149  138
  128  118  107   98   89   80   71   63   55   48   43   40   39   39   39   40
   40   40   40   40   40   41   43   44   45   45   45   44   42   40   38   36
   34   35   36   37   39   42   44   49   44                                   
    60.0-180.0 180.0   5.0 450.0                            LAT/LON1/LON2/DLON/H
   44   47   51   65   74   86   99  112  124  135  145  154  162  170  178  189
  200  213  225  235  242  244  241  235  226  215  205  195  185  175  164  152
  139  125  112  100   88   78   69   61   54   47   43   40   39   38   38   37
   35   34   32   31   31   32   34   36   38   39   40   40   39   38   37   36
   35   35   37   38   40   43   45   51   44                                   
    57.5-180.0 180.0   5.0 450.0                            LAT/LON1/LON2/DLON/H
   47   51   56   70   80   92  105  118  130  141  152  161  170  179  188  198
  209  220  231  239  244  245  242  236  228  219  212  205  198  189  179  165
  150  133  117  102   90   80   71   63   56   50   46   44   43   41   40   38
   35   31   29   27   27   29   31   34   37   39   41   42   43   43   42   42
   41   42   43   43   44   46   48   54   47                                   
    55.0-180.0 180.0   5.0 450.0                            LAT/LON1/LON2/DLON/H
   54   59   66   79   90  102  114  126  138  148  159  170  180  189  199  209
  219  228  236  242  244  242  238  231  224  218  214  210  206  200  190  176
  159  140  122  107   94   84   75   68   62   57   53   51   50   48   46   42
   38   34   31   30   31   33   36   40   43   46   48   50   51   52   52   52
   52   52   54   53   52   52   53   59   54                                   
    52.5-180.0 180.0   5.0 450.0                            LAT/LON1/LON2/DLON/H
   65   70   78   92  104  115  127  138  147  157  168  179  190  200  210  219
  228  235  240  242  241  237  231  224  218  215  213  213  211  207  198  184
  166  147  129  113  101   92   84   77   72   67   64   62   60   59   56   52
   48   44   41   41   42   45   49   53   57   59   61   62   64   65   66   67
   66   67   68   67   64   62   61   66   65                                   
    50.0-180.0 180.0   5.0 450.0                            LAT/LON1/LON2/DLON/H
   79   83   93  107  121  133  144  153  161  170  179  190  201  212  222  230
  238  243  245  244  240  233  226  219  214  212  213  214  214  211  202  189
  171  153  136  121  111  102   96   89   84   80   77   75   73   71   68   64
   61   58   56   57   60   64   68   71   74   75   76   77   78   79   81   82
   82   82   83   82   78   74   73   74   79                                   
    47.5-180.0 180.0   5.0 450.0                            LAT/LON1/LON2/DLON/H
   92   96  108  123  138  152  162  171  177  185  193  202  213  223  232  240
  246  250  250  247  241  233  225  218  215  214  215  216  216  212  203  190
  174  157  142  130  121  114  108  102   96   92   88   86   84   82   79   76
   74   72   73   75   78   83   87   90   91   91   91   91   91   93   94   95
   95   96   96   95   91   86   85   84   92                                   
    45.0-180.0 180.0   5.0 450.0                            LAT/LON1/LON2/DLON/H
  102  106  119  136  153  170  180  189  195  202  208  216  225  234  242  249
  254  256  256  252  246  238  230  224  221  220  220  220  217  211  201  188
  173  159  147  138  131  125  119  112  106  101   97   94   91   89   86   84
   83   83   85   88   92   96  100  102  103  102  101  101  102  103  104  105
  105  105  105  105  102   96   95   95  102                                   
    42.5-180.0 180.0   5.0 450.0                            LAT/LON1/LON2/DLON/H
  108  112  125  146  164  183  195  206  212  219  224  231  237  244  250  255
  260  262  263  260  254  247  240  235  232  230  228  224  217  208  197  184
  171  160  151  144  139  133  126  119  112  106  101   97   94   90   87   85
   85   86   88   92   96  100  103  105  106  106  106  106  107  109  110  111
  110  110  110  109  107  102  101  103  108                                   
    40.0-180.0 180.0   5.0 450.0                            LAT/LON1/LON2/DLON/H
  107  112  125  149  170  190  206  219  227  235  240  246  250  254  258  262
  265  269  270  269  265  260  254  249  245  242  236  228  217  205  193  181
  171  163  156  151  146  140  132  124  115  108  103   98   93   88   84   82
   82   82   84   87   90   93   96   99  101  103  104  106  108  110  111  111
  110  109  109  108  106  102  101  106  107                                   
    37.5-180.0 180.0   5.0 450.0                            LAT/LON1/LON2/DLON/H
  102  107  121  146  169  191  210  227  238  248  255  260  263  265  266  268
  271  275  278  279  277  272  267  262  257  252  244  233  219  205  193  183
  176  171  166  162  156  148  139  129  120  112  105   99   93   87   82   79
   77   77   77   78   79   81   84   88   92   96   99  103  105  107  109  108
  106  104  104  103   99   96   94  102  102                                   
    35.0-180.0 180.0   5.0 450.0                            LAT/LON1/LON2/DLON/H
   95  100  113  139  162  185  208  228  244  257  266  272  275  276  276  277
  279  282  286  288  287  282  276  270  265  258  249  237  224  211  201  194
  191  188  185  179  172  161  150  138  128  120  113  106   98   91   85   80
   77   75   72   70   70   71   74   78   84   90   95   99  103  105  105  104
  101   99   98   96   91   88   85   95   95                                   
    32.5-180.0 180.0   5.0 450.0                            LAT/LON1/LON2/DLON/H
   90   94  107  131  154  176  202  225  245  262  274  283  287  288  287  286
  287  290  294  295  293  287  280  272  267  261  254  244  234  225  220  218
  218  217  214  206  196  182  168  155  144  136  128  121  113  105   98   92
   87   82   76   72   69   69   71   77   83   90   95  100  103  104  105  103
   99   96   94   91   84   80   77   88   90                                   
    30.0-180.0 180.0   5.0 450.0                            LAT/LON1/LON2/DLON/H
   89   94  105  126  148  167  194  219  242  262  278  290  298  300  300  297
  296  297  299  299  295  287  277  269  264  261  258  255  251  249  250  253
  257  258  254  244  229  211  195  180  168  160  152  145  138  130  123  116
  109  101   93   85   81   79   82   86   92   98  103  106  108  108  107  105
  100   97   94   90   82   76   73   83   89                                   
    27.5-180.0 180.0   5.0 450.0                            LAT/LON1/LON2/DLON/H
   94   99  110  128  148  165  190  214  239  260  280  295  306  311  311  309
  306  304  303  300  293  282  270  262  259  261  266  271  276  283  292  301
  309  311  305  290  270  248  228  211  199  190  183  177  171  164  158  151
  143  133  122  113  106  104  105  108  112  115  116  117  116  115  114  112
  106  103   99   94   86   79   75   82   94                                   
    25.0-180.0 180.0   5.0 450.0                            LAT/LON1/LON2/DLON/H
  104  110  121  137  155  170  193  214  238  259  280  298  311  320  322  319
  315  310  305  298  288  275  263  257  258  266  279  293  309  326  343  359
  370  371  361  341  314  287  263  244  230  221  214  209  205  201  197  191
  182  171  159  148  141  138  138  138  138  137  134  130  127  124  122  120
  115  112  107  102   95   86   80   85  104                                   
    22.5-180.0 180.0   5.0 450.0                            LAT/LON1/LON2/DLON/H
  118  124  136  152  170  183  204  222  242  262  282  301  317  328  332  330
  324  316  308  298  286  272  262  259  265  279  300  323  349  375  400  420
  432  430  414  386  353  321  293  272  256  246  239  235  232  230  228  224
  217  206  194  184  177  174  172  169  164  158  150  142  135  131  128  126
  122  120  114  111  105   95   88   91  118                                   
    20.0-180.0 180.0   5.0 450.0                            LAT/LON1/LON2/DLON/H
  132  139  152  170  189  202  222  237  254  272  289  307  324  337  343  342
  335  326  314  302  289  277  270  272  283  304  331  362  395  427  455  475
  483  475  452  418  380  344  313  289  270  257  249  245  243  243  243  241
  236  227  217  208  203  200  197  192  184  172  160  149  140  134  132  130
  126  126  119  117  112  102   94   99  132                                   
    17.5-180.0 180.0   5.0 450.0                            LAT/LON1/LON2/DLON/H
  143  152  167  187  209  223  244  257  272  287  303  320  336  350  358  358
  352  341  329  316  304  295  293  299  315  340  371  406  441  473  499  514
  514  498  469  432  391  353  320  293  271  255  244  237  235  235  236  236
  234  228  222  216  214  212  209  203  192  179  164  151  142  135  132  130
  126  126  119  118  114  106   99  107  143                                   
    15.0-180.0 180.0   5.0 450.0                            LAT/LON1/LON2/DLON/H
  149  161  180  202  226  243  265  279  294  309  323  339  355  370  379  381
  376  366  354  342  332  327  329  341  361  388  419  450  481  508  526  531
  523  502  470  432  391  352  318  288  263  242  226  216  211  209  211  212
  213  212  210  209  210  210  208  201  190  177  163  150  141  134  131  128
  124  123  116  115  111  105  100  111  149                                   
    12.5-180.0 180.0   5.0 450.0                            LAT/LON1/LON2/DLON/H
  150  166  188  212  239  259  284  300  318  333  348  364  380  396  407  412
  409  401  390  380  373  372  379  394  416  440  466  490  511  527  535  532
  518  494  462  425  386  347  312  280  251  226  205  190  180  176  176  180
  184  188  192  195  198  200  198  191  182  170  158  148  139  134  131  127
  121  119  111  109  106  102   98  111  150                                   
    10.0-180.0 180.0   5.0 450.0                            LAT/LON1/LON2/DLON/H
  147  168  193  219  248  271  299  318  339  358  375  391  409  426  439  447
  448  444  436  429  425  427  437  453  473  491  507  519  529  535  535  526
  509  484  453  418  381  343  308  275  243  214  189  169  155  147  147  152
  161  170  179  186  190  191  188  181  173  164  154  146  139  135  132  127
  120  116  107  103  100   98   95  109  147                                   
     7.5-180.0 180.0   5.0 450.0                            LAT/LON1/LON2/DLON/H
  143  168  196  221  252  278  309  332  357  380  399  419  438  456  473  485
  490  490  487  483  483  487  497  511  524  533  536  537  538  537  532  521
