data/edconvlstm_nd/pred1610.15i
     1.0            IONOSPHERE MAPS     GNSS                IONEX VERSION / TYPE
pyspatialgeodesy        IME             05-JAN-18 20:20     PGM / RUN BY / DATE 
Map Name                                                    COMMENT             
Predicted global ionosphere maps (GIM).                     DESCRIPTION         
  2015     6    10     0     0     0                        EPOCH OF FIRST MAP  
  2015     6    11     0     0     0                        EPOCH OF LAST MAP   
  7200                                                      INTERVAL            
    13                                                      # OF MAPS IN FILE   
  NONE                                                      MAPPING FUNCTION    
10.0                                                        ELEVATION CUTOFF    
One-way carrier phase leveled to code                       OBSERVABLES USED    
  6371.0                                                    BASE RADIUS         
 2                                                          MAP DIMENSION       
   450.0 450.0   0.0                                        HGT1 / HGT2 / DHGT  
    87.5 -87.5  -2.5                                        LAT1 / LAT2 / DLAT  
  -180.0 180.0   5.0                                        LON1 / LON2 / DLON  
    -1                                                      EXPONENT            
                                                            END OF HEADER       
[from data line 429]
     2                                                      START OF TEC MAP    
  2015     6    10     2     0     0                        EPOCH OF CURRENT MAP
    87.5-180.0 180.0   5.0 450.0                            LAT/LON1/LON2/DLON/H
  168  171  176  177  178  175  172  171  172  172  172  172  171  171  170  169
  169  168  167  166  165  164  163  162  161  160  159  158  157  155  154  153
  152  152  151  150  150  150  149  149  149  149  149  149  149  149  149  149
  150  150  150  150  151  151  152  152  153  153  154  154  155  155  156  157
  159  161  162  162  166  165  164  161  168                                   
    85.0-180.0 180.0   5.0 450.0                            LAT/LON1/LON2/DLON/H
  180  185  177  182  189  185  185  184  185  184  184  183  183  182  181  180
  178  177  176  175  173  172  170  168  167  165  163  161  160  158  157  155
  154  153  153  152  152  152  152  152  152  152  152  152  152  152  152  152
  153  153  153  154  154  155  156  156  157  158  159  160  161  162  163  165
  167  170  170  174  170  170  170  166  180                                   
    82.5-180.0 180.0   5.0 450.0                            LAT/LON1/LON2/DLON/H
  188  189  193  192  195  193  192  192  193  193  191  190  189  188  186  184
  182  180  178  176  174  172  170  168  165  163  160  157  155  152  150  149
  148  147  146  146  146  147  147  147  148  148  148  149  149  149  149  150
  150  150  151  152  152  153  154  155  156  157  158  160  161  163  165  168
  169  172  173  176  181  171  172  164  188                                   
    80.0-180.0 180.0   5.0 450.0                            LAT/LON1/LON2/DLON/H
  193  197  192  193  196  197  198  199  199  198  196  194  193  190  188  186
  184  182  180  178  176  173  171  168  165  161  157  154  150  147  145  143
  142  142  142  143  143  145  146  147  148  149  149  150  150  151  151  151
  152  152  153  153  154  155  155  156  157  158  159  160  162  163  165  168
  170  173  173  176  186  179  185  171  193                                   
    77.5-180.0 180.0   5.0 450.0                            LAT/LON1/LON2/DLON/H
  197  197  193  196  196  196  200  200  200  198  196  193  191  187  185  182
  180  178  177  175  174  172  169  166  162  158  153  148  144  140  138  136
  136  136  137  139  141  143  145  147  149  150  152  152  153  154  154  155
  155  156  156  157  158  158  159  159  159  160  160  161  162  163  165  168
  169  173  172  176  184  180  181  175  197                                   
    75.0-180.0 180.0   5.0 450.0                            LAT/LON1/LON2/DLON/H
  193  192  189  195  194  195  198  198  198  196  193  189  185  181  177  174
  172  170  170  169  169  168  166  163  158  153  147  141  136  131  128  127
  127  128  131  134  137  141  144  146  148  150  152  153  154  155  156  157
  158  159  160  161  162  162  162  162  162  162  162  162  162  163  164  166
  167  171  171  169  176  176  177  175  193                                   
    72.5-180.0 180.0   5.0 450.0                            LAT/LON1/LON2/DLON/H
  185  188  188  192  194  194  198  198  199  196  192  188  182  177  171  167
  164  163  164  165  166  166  165  162  157  151  145  138  132  127  124  124
  125  128  132  136  140  145  148  151  154  156  158  160  162  163  165  167
  169  170  171  172  172  173  173  173  172  172  171  170  169  169  169  171
  171  174  176  174  177  174  174  174  185                                   
    70.0-180.0 180.0   5.0 450.0                            LAT/LON1/LON2/DLON/H
  184  183  184  188  191  191  195  196  198  195  191  186  180  172  165  160
  156  155  156  158  160  162  162  159  154  147  140  132  126  121  119  119
  121  125  130  135  140  145  148  151  154  156  159  161  164  168  171  173
  175  177  179  179  180  181  181  180  180  179  178  176  175  173  173  174
  174  175  177  176  178  175  176  176  184                                   
    67.5-180.0 180.0   5.0 450.0                            LAT/LON1/LON2/DLON/H
  184  182  181  185  187  188  192  194  197  195  192  186  178  169  161  153
  149  147  148  150  153  155  156  153  148  141  133  126  120  116  115  116
  119  123  129  134  139  143  146  148  151  153  156  160  164  169  173  177
  180  182  183  184  185  185  186  186  186  185  184  182  180  178  177  177
  176  177  179  177  179  176  177  179  184                                   
    65.0-180.0 180.0   5.0 450.0                            LAT/LON1/LON2/DLON/H
  185  183  181  184  185  186  190  193  197  196  194  189  181  171  161  152
  145  142  142  144  147  149  149  147  142  135  128  122  117  114  114  116
  119  124  129  134  137  140  142  144  146  149  153  158  164  170  176  181
  184  186  187  187  188  189  190  192  192  192  191  190  187  185  183  183
  181  182  183  180  183  182  184  187  185                                   
    62.5-180.0 180.0   5.0 450.0                            LAT/LON1/LON2/DLON/H
  191  189  186  187  187  187  191  194  198  199  198  194  187  177  165  155
  147  142  140  141  142  144  143  141  136  130  125  120  117  116  117  119
  123  126  130  134  136  137  138  139  141  144  149  156  164  172  179  184
  187  188  189  189  190  192  194  197  199  200  200  199  197  194  192  191
  189  190  190  187  190  189  193  198  191                                   
    60.0-180.0 180.0   5.0 450.0                            LAT/LON1/LON2/DLON/H
  198  198  194  193  191  189  192  194  199  200  201  198  192  183  172  161
  151  144  140  139  139  139  137  134  130  126  123  120  120  120  122  125
  127  130  132  133  134  134  133  133  135  138  145  153  163  172  180  186
  188  189  188  188  190  193  197  202  205  208  209  208  206  203  201  200
  197  198  198  195  198  198  202  208  198                                   
    57.5-180.0 180.0   5.0 450.0                            LAT/LON1/LON2/DLON/H
  208  209  205  203  198  195  196  196  200  201  202  201  197  189  179  169
  158  150  144  140  138  136  133  130  127  125  124  124  126  128  130  132
  133  133  133  133  132  131  129  129  130  134  141  151  162  173  181  186
  188  188  187  188  190  194  200  206  212  216  217  217  215  212  210  209
  207  207  208  205  207  207  212  220  208                                   
    55.0-180.0 180.0   5.0 450.0                            LAT/LON1/LON2/DLON/H
  219  221  217  215  209  203  202  200  201  201  202  201  199  193  186  176
  166  158  150  145  140  136  133  130  127  127  128  130  134  137  139  139
  138  136  134  133  131  129  127  126  128  132  139  150  162  173  181  186
  188  187  186  187  190  196  204  212  219  223  225  225  223  221  219  218
  216  216  217  214  216  216  221  229  219                                   
    52.5-180.0 180.0   5.0 450.0                            LAT/LON1/LON2/DLON/H
  231  233  230  229  222  215  212  206  205  202  201  201  199  195  190  183
  174  166  158  152  146  141  137  134  132  133  136  139  144  146  147  146
  142  139  136  133  131  129  128  126  127  131  138  148  160  172  180  185
  186  186  186  188  193  201  210  220  227  232  233  232  230  228  226  226
  224  225  226  223  224  223  229  238  231                                   
    50.0-180.0 180.0   5.0 450.0                            LAT/LON1/LON2/DLON/H
  242  243  243  243  237  229  224  216  212  206  203  201  199  196  193  188
  182  175  168  161  155  150  146  143  143  144  147  151  154  155  154  150
  145  141  137  135  134  133  131  129  129  132  138  148  159  170  179  184
  186  187  189  192  199  208  219  229  237  241  242  240  237  235  233  234
  233  234  235  232  232  231  237  245  242                                   
    47.5-180.0 180.0   5.0 450.0                            LAT/LON1/LON2/DLON/H
  253  253  254  256  252  244  239  230  223  214  208  204  201  199  196  193
  189  184  178  173  168  163  160  158  157  158  160  163  164  163  159  154
  148  143  141  140  139  138  137  135  133  135  139  148  158  169  178  184
  188  191  194  200  208  219  231  241  248  251  251  248  245  242  242  242
  242  244  246  243  242  240  244  254  253                                   
    45.0-180.0 180.0   5.0 450.0                            LAT/LON1/LON2/DLON/H
  264  262  263  267  266  260  255  245  237  227  219  213  208  205  202  199
  196  192  189  185  182  179  176  175  174  175  175  175  173  169  163  157
  152  148  147  147  147  147  145  142  140  140  143  150  160  170  179  187
  192  197  203  211  221  232  244  254  261  263  262  259  255  252  252  253
  254  256  258  255  254  251  254  264  264                                   
    42.5-180.0 180.0   5.0 450.0                            LAT/LON1/LON2/DLON/H
  275  272  272  277  279  274  270  262  255  244  235  227  221  216  211  207
  204  201  199  197  196  195  194  193  193  193  192  189  183  176  169  162
  158  156  156  157  158  157  155  151  149  148  150  155  164  174  184  192
  200  207  215  224  235  247  258  268  274  276  275  272  268  266  265  267
  268  271  273  270  269  265  267  278  275                                   
    40.0-180.0 180.0   5.0 450.0                            LAT/LON1/LON2/DLON/H
  287  284  283  287  290  287  285  279  273  265  256  248  240  232  225  219
  214  211  210  210  210  210  211  212  213  212  209  203  195  185  177  171
  168  168  169  170  171  169  166  163  160  159  160  165  173  182  192  202
  210  219  228  238  249  261  272  282  288  291  291  289  286  284  283  284
  285  289  292  289  288  284  285  295  287                                   
    37.5-180.0 180.0   5.0 450.0                            LAT/LON1/LON2/DLON/H
  302  300  296  299  302  299  298  295  293  287  281  274  265  255  244  235
  228  224  222  222  223  225  228  231  232  232  227  219  208  197  188  183
  182  183  185  185  184  182  178  175  173  173  175  179  186  194  204  213
  223  232  242  252  263  274  285  295  303  308  310  309  308  306  304  305
  306  310  314  312  311  307  307  317  302                                   
    35.0-180.0 180.0   5.0 450.0                            LAT/LON1/LON2/DLON/H
  321  321  315  315  316  313  313  312  313  311  309  303  295  282  269  255
  245  239  236  235  236  239  244  249  253  252  247  237  225  213  204  199
  199  200  201  200  197  193  190  188  188  190  193  197  202  209  217  227
  236  245  254  264  275  286  297  308  318  325  330  332  332  330  328  328
  328  332  337  337  338  333  332  341  321                                   
    32.5-180.0 180.0   5.0 450.0                            LAT/LON1/LON2/DLON/H
  345  348  341  338  336  332  331  332  335  337  338  335  327  313  296  280
  266  257  252  249  250  254  261  269  274  275  269  257  243  230  221  217
  216  216  214  211  205  200  198  199  203  207  211  214  218  223  230  238
  247  256  265  274  285  297  309  321  332  342  350  355  356  355  353  351
  351  355  360  362  365  361  359  367  345                                   
    30.0-180.0 180.0   5.0 450.0                            LAT/LON1/LON2/DLON/H
  372  379  373  367  361  356  356  356  361  365  368  367  360  346  327  308
  291  279  271  266  266  271  280  289  297  298  291  278  262  247  237  231
  228  226  221  214  207  202  202  206  213  220  225  227  229  232  238  246
  254  262  271  281  293  306  319  333  345  357  367  374  378  378  375  373
  373  377  382  387  391  386  386  391  372                                   
    27.5-180.0 180.0   5.0 450.0                            LAT/LON1/LON2/DLON/H
  401  412  408  400  393  388  387  387  392  396  400  399  393  378  359  338
  319  304  293  286  285  290  300  312  320  320  312  296  277  260  248  240
  234  227  218  208  200  197  199  206  216  224  229  231  231  233  239  246
  255  264  274  285  299  314  329  344  357  370  381  390  395  397  395  393
  394  397  402  408  412  408  409  413  401                                   
    25.0-180.0 180.0   5.0 450.0                            LAT/LON1/LON2/DLON/H
  429  443  442  436  428  424  424  423  427  430  432  431  424  410  390  368
  348  331  318  309  307  311  322  334  342  340  328  309  287  267  251  239
  228  217  205  194  186  185  190  199  209  218  222  223  223  225  231  239
  250  260  272  287  304  322  339  354  367  379  390  399  406  411  412  412
  413  416  420  426  429  425  428  431  429                                   
    22.5-180.0 180.0   5.0 450.0                            LAT/LON1/LON2/DLON/H
  452  467  471  468  463  462  463  461  464  464  464  461  453  439  419  397
  376  358  343  333  330  334  344  355  359  353  336  313  288  264  245  228
  213  198  185  175  170  171  178  187  196  203  206  206  206  209  216  227
  239  253  268  286  307  329  348  363  375  385  394  404  413  420  425  428
  431  434  437  441  442  436  442  445  452                                   
    20.0-180.0 180.0   5.0 450.0                            LAT/LON1/LON2/DLON/H
  468  482  491  493  492  495  499  498  499  496  493  487  478  464  444  423
  402  383  368  357  353  356  364  371  370  357  335  306  278  251  229  209
  191  175  162  155  154  158  166  174  180  184  185  185  185  189  198  211
  226  243  263  285  310  335  356  371  381  389  397  406  416  427  436  443
  448  452  453  455  452  445  452  457  468                                   
    17.5-180.0 180.0   5.0 450.0                            LAT/LON1/LON2/DLON/H
  477  487  499  507  512  520  527  528  528  523  516  508  498  483  464  443
  422  404  388  377  372  373  378  379  370  350  321  288  257  230  206  185
  166  151  141  138  141  148  155  160  163  163  163  163  164  169  179  194
  212  233  257  284  313  341  363  378  387  393  400  409  420  434  447  458
  466  470  470  469  461  453  462  469  477                                   
    15.0-180.0 180.0   5.0 450.0                            LAT/LON1/LON2/DLON/H
  482  486  497  510  520  531  541  544  544  538  530  520  509  494  476  456
  436  418  403  391  385  383  382  376  359  331  296  261  230  204  182  162
  145  133  127  128  134  142  148  149  148  146  145  144  147  152  163  180
  200  224  253  284  316  345  369  385  394  399  405  414  427  442  459  474
  484  489  487  484  472  464  473  483  482                                   
    12.5-180.0 180.0   5.0 450.0                            LAT/LON1/LON2/DLON/H
  486  484  492  505  517  529  540  544  546  540  531  521  510  495  478  459
  440  423  408  397  389  383  375  361  335  301  264  230  202  181  163  146
  133  123  121  125  133  141  144  142  138  134  132  132  135  140  151  168
  190  217  249  283  318  349  374  390  400  407  413  422  436  454  474  491
  503  508  506  501  486  477  487  500  486                                   
    10.0-180.0 180.0   5.0 450.0                            LAT/LON1/LON2/DLON/H
  492  487  489  498  510  520  528  532  532  527  518  508  497  484  467  449
  432  417  404  393  382  371  356  334  302  265  229  200  180  165  153  141
  131  124  124  129  137  143  144  139  132  127  125  126  128  134  143  160
  182  212  246  282  318  350  376  394  406  414  422  433  449  469  490  509
  522  527  525  518  503  494  505  520  492                                   
     7.5-180.0 180.0   5.0 450.0                            LAT/LON1/LON2/DLON/H
  504  497  494  497  504  509  512  512  511  505  496  485  474  460  444  428
  412  399  388  378  365  348  327  298  264  228  199  178  167  161  155  147
