data/edconvlstm_nd/pred0170.15i
     1.0            IONOSPHERE MAPS     GNSS                IONEX VERSION / TYPE
pyspatialgeodesy        IME             05-JAN-18 20:20     PGM / RUN BY / DATE 
Map Name                                                    COMMENT             
Predicted global ionosphere maps (GIM).                     DESCRIPTION         
  2015     1    17     0     0     0                        EPOCH OF FIRST MAP  
  2015     1    18     0     0     0                        EPOCH OF LAST MAP   
  7200                                                      INTERVAL            
    13                                                      # OF MAPS IN FILE   
  NONE                                                      MAPPING FUNCTION    
10.0                                                        ELEVATION CUTOFF    
One-way carrier phase leveled to code                       OBSERVABLES USED    
  6371.0                                                    BASE RADIUS         
 2                                                          MAP DIMENSION       
   450.0 450.0   0.0                                        HGT1 / HGT2 / DHGT  
    87.5 -87.5  -2.5                                        LAT1 / LAT2 / DLAT  
  -180.0 180.0   5.0                                        LON1 / LON2 / DLON  
    -1                                                      EXPONENT            
                                                            END OF HEADER       
[from data line 4719]
    12                                                      START OF TEC MAP    
  2015     1    17    22     0     0                        EPOCH OF CURRENT MAP
    87.5-180.0 180.0   5.0 450.0                            LAT/LON1/LON2/DLON/H
  113  103   92   96  101   98   98   95   96   99   99  101  102  103  104  105
  105  105  105  105  105  105  104  104  103  103  103  102  102  102  102  102
  102  103  103  103  104  104  104  105  105  106  106  107  107  107  107  107
  107  107  107  106  106  105  104  103  102  101  100   99   98   96   95   94
   93   92   88   85   91   90  106  112  113                                   
    85.0-180.0 180.0   5.0 450.0                            LAT/LON1/LON2/DLON/H
  111  100  104   93   92   96   96   99  100  103  104  106  107  108  109  110
  111  111  111  110  110  109  109  108  107  107  107  106  106  106  106  107
  107  108  108  109  110  110  111  112  112  113  114  114  115  115  115  116
  115  115  115  114  114  113  112  110  109  107  106  104  102  101   99   97
   96   94   90   85   88   90   91   92  111                                   
    82.5-180.0 180.0   5.0 450.0                            LAT/LON1/LON2/DLON/H
   83   79   81   79   82   87   91   92   95   98  101  105  107  109  110  111
  111  110  109  107  105  103  101  100   98   97   96   95   95   95   95   96
   97   97   98   99  100  101  102  103  104  105  106  107  108  108  109  109
  110  110  110  110  110  109  108  107  105  103  101   99   97   94   92   89
   88   84   80   79   81   91   82   86   83                                   
    80.0-180.0 180.0   5.0 450.0                            LAT/LON1/LON2/DLON/H
   60   61   68   66   70   71   79   85   90   95  100  105  108  110  111  111
  110  107  104  101   97   93   89   86   83   81   80   80   80   80   81   82
   84   85   87   88   90   91   93   94   96   97   98   99  101  102  103  104
  105  105  106  106  106  105  104  103  101   99   96   93   90   87   84   81
   78   76   72   70   67   72   64   77   60                                   
    77.5-180.0 180.0   5.0 450.0                            LAT/LON1/LON2/DLON/H
   65   63   69   67   74   78   87   94  101  107  114  120  124  127  127  126
  123  118  111  104   97   91   84   79   75   72   71   70   70   71   72   74
   76   78   80   81   83   84   86   87   88   88   89   90   91   92   94   95
   97   98  100  101  102  102  102  101   99   97   95   92   88   85   82   78
   76   74   72   71   69   70   68   85   65                                   
    75.0-180.0 180.0   5.0 450.0                            LAT/LON1/LON2/DLON/H
   65   68   71   69   77   83   92  100  110  119  127  134  139  141  140  137
  131  123  114  104   95   86   78   71   67   64   62   62   62   64   66   68
   70   72   74   75   76   77   78   79   79   80   80   80   81   82   83   84
   86   88   89   91   92   93   93   92   91   89   87   84   81   78   76   74
   72   72   71   70   68   69   67   73   65                                   
    72.5-180.0 180.0   5.0 450.0                            LAT/LON1/LON2/DLON/H
   79   83   87   90   94  101  111  119  128  138  147  155  160  162  160  156
  147  137  124  111   98   86   76   68   62   58   57   56   57   59   61   63
   65   66   68   69   69   70   70   70   69   68   68   67   67   67   67   68
   70   71   73   75   77   79   80   80   79   78   76   74   72   70   69   68
   67   69   71   70   70   75   77   87   79                                   
    70.0-180.0 180.0   5.0 450.0                            LAT/LON1/LON2/DLON/H
   94  101  106  108  112  119  127  137  147  157  167  175  179  181  178  171
  161  148  134  118  104   91   80   71   65   60   58   58   58   59   61   62
   63   63   64   64   63   63   63   62   62   61   60   59   58   57   57   57
   58   59   61   63   65   67   68   68   68   68   66   65   64   63   63   64
   65   68   73   76   80   87   94  101   94                                   
    67.5-180.0 180.0   5.0 450.0                            LAT/LON1/LON2/DLON/H
  116  125  130  135  141  147  155  164  173  183  192  200  205  206  202  195
  184  169  153  136  120  105   92   81   74   68   64   62   62   61   61   61
   61   60   59   59   58   57   57   56   55   54   53   52   50   49   48   47
   48   48   50   52   54   56   58   59   59   59   58   58   57   57   58   60
   62   68   73   79   84   97  104  113  116                                   
    65.0-180.0 180.0   5.0 450.0                            LAT/LON1/LON2/DLON/H
  130  142  150  156  162  169  176  184  193  203  212  220  224  224  221  213
  202  187  171  153  136  120  106   95   85   77   71   67   64   61   59   57
   55   53   51   49   48   47   47   47   47   46   46   45   43   42   40   39
   39   39   40   41   43   45   47   48   49   49   49   48   48   48   50   53
   56   63   72   80   89  106  117  127  130                                   
    62.5-180.0 180.0   5.0 450.0                            LAT/LON1/LON2/DLON/H
  142  157  166  174  182  189  196  205  213  222  231  238  242  243  240  233
  222  209  193  176  158  141  125  111   98   87   78   70   64   59   55   51
   48   44   42   39   38   38   38   39   40   41   42   41   40   39   37   35
   33   33   33   34   36   38   39   41   42   42   42   42   42   43   44   47
   50   58   67   76   87  106  120  131  142                                   
    60.0-180.0 180.0   5.0 450.0                            LAT/LON1/LON2/DLON/H
  149  166  179  188  197  205  212  221  229  237  245  251  256  257  255  249
  240  229  214  198  181  163  145  128  112   97   85   74   65   58   52   47
   42   38   35   33   32   32   33   34   37   39   41   41   41   39   37   34
   32   31   31   31   33   34   36   37   38   38   39   39   39   39   41   43
   47   54   63   73   85  108  124  137  149                                   
    57.5-180.0 180.0   5.0 450.0                            LAT/LON1/LON2/DLON/H
  156  176  190  200  211  219  227  235  242  250  257  262  266  267  266  262
  255  246  233  218  201  182  163  144  125  107   92   79   68   59   52   45
   40   36   33   31   31   31   33   35   38   41   44   46   46   44   42   39
   36   34   34   34   34   36   37   38   39   40   40   41   41   41   42   45
   48   55   65   74   86  110  128  142  156                                   
    55.0-180.0 180.0   5.0 450.0                            LAT/LON1/LON2/DLON/H
  166  189  205  215  227  234  242  249  256  262  267  271  273  274  274  272
  266  258  246  232  215  197  177  156  136  117  100   85   74   64   56   49
   44   40   38   37   37   37   39   41   44   48   51   53   54   53   50   47
   45   42   41   41   41   42   44   45   46   46   47   47   48   48   50   52
   56   64   73   83   93  118  137  150  166                                   
    52.5-180.0 180.0   5.0 450.0                            LAT/LON1/LON2/DLON/H
  180  206  223  231  244  251  258  264  269  273  276  277  278  278  277  276
  271  264  252  238  222  205  186  166  146  127  110   96   84   74   66   59
   54   51   49   49   49   50   51   52   55   58   61   64   65   64   62   59
   57   54   53   52   53   53   54   55   56   56   56   57   58   59   61   65
   70   79   89   99  109  133  153  163  180                                   
    50.0-180.0 180.0   5.0 450.0                            LAT/LON1/LON2/DLON/H
  199  225  243  250  262  270  276  281  284  285  285  283  282  280  280  278
  273  265  254  240  225  209  192  175  157  140  124  111   99   89   80   73
   68   65   64   65   66   66   66   66   68   70   73   76   77   77   75   73
   71   69   68   67   67   67   67   68   67   67   67   67   68   71   74   80
   87   98  110  121  131  154  173  180  199                                   
    47.5-180.0 180.0   5.0 450.0                            LAT/LON1/LON2/DLON/H
  218  243  261  266  279  288  293  297  299  298  295  290  286  283  281  279
  273  265  253  240  226  213  199  185  170  155  141  128  116  105   95   86
   81   78   79   81   82   83   82   81   81   83   85   87   89   89   89   88
   87   85   84   83   82   82   81   80   79   78   77   77   78   81   86   94
  103  117  132  145  155  176  194  199  218                                   
    45.0-180.0 180.0   5.0 450.0                            LAT/LON1/LON2/DLON/H
  234  255  272  277  290  300  306  311  312  311  305  299  293  288  285  282
  276  267  255  243  231  221  210  199  186  173  159  145  132  118  105   95
   88   87   88   92   95   96   95   93   92   93   95   97   99  100  101  101
  101  100   99   98   97   95   94   92   89   87   85   85   86   89   95  105
  117  133  149  164  175  194  211  215  234                                   
    42.5-180.0 180.0   5.0 450.0                            LAT/LON1/LON2/DLON/H
  241  258  274  279  292  304  312  318  320  320  314  308  301  296  292  289
  283  273  262  252  242  234  226  216  204  189  173  157  140  123  108   96
   89   88   91   97  103  105  104  102  100  101  102  105  107  109  110  112
  113  113  111  110  108  106  103  100   97   93   91   90   90   93  100  111
  124  143  161  176  188  206  220  227  241                                   
    40.0-180.0 180.0   5.0 450.0                            LAT/LON1/LON2/DLON/H
  240  253  267  273  288  299  310  318  322  324  321  315  310  305  303  300
  295  287  278  269  261  254  246  234  219  201  181  160  140  121  104   91
   84   84   90   98  106  110  110  108  106  106  108  110  112  115  117  119
  120  121  119  117  115  112  109  105  101   97   94   92   92   95  102  113
  128  147  165  180  191  208  221  230  240                                   
    37.5-180.0 180.0   5.0 450.0                            LAT/LON1/LON2/DLON/H
  234  243  255  263  280  291  303  312  320  324  324  322  318  316  315  314
  311  306  299  292  285  277  266  250  229  205  180  156  134  114   98   87
   81   83   90  100  109  113  114  112  110  110  112  114  117  119  121  123
  124  124  123  120  118  115  112  108  103   99   95   93   93   95  102  114
  130  149  168  181  189  204  215  227  234                                   
    35.0-180.0 180.0   5.0 450.0                            LAT/LON1/LON2/DLON/H
  229  235  247  255  273  282  296  306  316  322  326  326  326  326  328  329
  329  327  323  317  310  299  283  261  233  203  174  149  127  111   99   91
   89   92   99  109  117  121  121  118  116  116  117  119  120  121  123  124
  124  124  122  120  118  116  113  108  104   99   96   94   94   96  104  117
  134  154  172  184  189  202  212  225  229                                   
    32.5-180.0 180.0   5.0 450.0                            LAT/LON1/LON2/DLON/H
  233  238  249  255  273  279  293  303  314  322  328  331  333  335  339  342
  345  345  343  338  329  314  292  264  232  199  169  146  129  120  115  113
  114  117  123  129  134  135  132  127  124  123  124  124  125  124  123  123
  122  120  119  117  116  115  112  108  104  100   98   96   97  100  110  125
  144  166  185  195  197  209  220  232  233                                   
    30.0-180.0 180.0   5.0 450.0                            LAT/LON1/LON2/DLON/H
  252  258  268  269  286  288  300  307  318  326  333  338  342  344  348  352
  355  357  356  350  338  320  294  263  230  199  173  156  148  149  154  159
  163  164  164  164  161  155  148  140  136  133  133  132  130  127  124  121
  119  116  114  114  114  113  112  108  105  102  100   99  101  107  120  139
  161  187  207  218  219  233  246  255  252                                   
    27.5-180.0 180.0   5.0 450.0                            LAT/LON1/LON2/DLON/H
  291  297  307  302  317  313  321  323  331  338  345  350  353  354  356  359
  362  363  361  353  338  317  290  262  234  209  192  185  189  203  219  231
  236  232  222  208  194  179  166  155  149  145  143  141  137  132  126  121
  116  112  110  110  111  112  111  109  106  104  103  104  107  116  132  157
  183  215  237  251  255  272  290  294  291                                   
    25.0-180.0 180.0   5.0 450.0                            LAT/LON1/LON2/DLON/H
  346  354  361  352  365  356  359  355  358  361  366  369  369  368  366  366
  366  364  359  348  331  310  288  266  249  236  230  236  254  281  308  325
  326  311  285  254  225  201  182  169  161  157  155  151  145  138  129  121
  114  109  107  107  109  111  111  109  106  105  105  107  112  124  145  176
  208  245  272  290  298  322  346  347  346                                   
    22.5-180.0 180.0   5.0 450.0                            LAT/LON1/LON2/DLON/H
  412  420  426  416  429  417  413  403  400  399  399  397  393  388  381  376
  372  366  356  342  324  306  292  283  279  280  288  307  337  375  409  426
  417  385  338  290  247  215  192  178  171  167  164  160  153  144  133  122
  113  107  104  104  107  108  109  107  105  105  106  109  116  130  156  193
  231  274  305  330  344  374  404  406  412                                   
    20.0-180.0 180.0   5.0 450.0                            LAT/LON1/LON2/DLON/H
  477  486  492  485  500  488  480  465  456  449  444  437  428  416  405  394
  385  374  359  342  324  312  309  314  327  343  363  391  428  469  501  508
  485  434  370  308  256  219  196  184  178  175  172  167  160  150  137  125
  114  106  102  102  103  105  105  104  103  104  105  109  118  135  166  206
  250  298  333  363  382  418  456  461  477                                   
    17.5-180.0 180.0   5.0 450.0                            LAT/LON1/LON2/DLON/H
  530  542  551  548  568  559  549  533  521  510  499  487  472  455  438  423
  409  393  375  355  340  334  343  364  391  419  447  476  509  540  559  552
  513  449  375  306  252  216  196  186  181  179  177  173  166  155  142  128
  116  106  101  100  100  101  102  102  102  103  105  110  120  140  174  218
  264  314  352  385  409  450  493  504  530                                   
    15.0-180.0 180.0   5.0 450.0                            LAT/LON1/LON2/DLON/H
  563  577  591  592  617  613  608  596  584  571  557  542  523  502  482  464
  446  427  407  387  375  377  397  430  467  500  523  541  557  570  571  548
  498  430  355  290  241  211  195  187  185  183  181  177  170  160  147  133
  120  109  103  100   99   99   99  100  102  104  107  113  124  146  182  227
  274  324  362  395  422  465  511  528  563                                   
    12.5-180.0 180.0   5.0 450.0                            LAT/LON1/LON2/DLON/H
  574  589  606  609  638  642  644  639  633  622  610  594  574  553  533  514
  495  476  456  439  431  440  467  505  543  568  576  572  564  554  537  504
  452  388  325  271  233  210  198  192  189  186  183  179  174  164  152  138
  125  114  106  101   99   98   99  102  105  108  112  117  130  153  190  235
  280  327  363  395  422  466  511  532  574                                   
    10.0-180.0 180.0   5.0 450.0                            LAT/LON1/LON2/DLON/H
  566  582  601  605  635  646  655  657  659  655  647  634  618  600  582  566
  550  534  518  505  502  514  541  575  602  609  593  563  531  502  474  438
  393  344  298  261  236  220  210  202  196  190  186  181  176  168  157  144
  132  121  112  106  102  101  103  106  111  115  118  124  137  162  198  240
  282  325  359  387  414  457  499  523  566                                   
     7.5-180.0 180.0   5.0 450.0                            LAT/LON1/LON2/DLON/H
  547  566  587  592  620  634  648  655  665  668  665  658  647  635  623  611
  601  591  580  573  574  585  606  628  635  618  577  523  474  434  402  372
