data/edconvlstm_nd/pred0750.15i
     1.0            IONOSPHERE MAPS     GNSS                IONEX VERSION / TYPE
pyspatialgeodesy        IME             05-JAN-18 20:20     PGM / RUN BY / DATE 
Map Name                                                    COMMENT             
Predicted global ionosphere maps (GIM).                     DESCRIPTION         
  2015     3    16     0     0     0                        EPOCH OF FIRST MAP  
  2015     3    17     0     0     0                        EPOCH OF LAST MAP   
  7200                                                      INTERVAL            
    13                                                      # OF MAPS IN FILE   
  NONE                                                      MAPPING FUNCTION    
10.0                                                        ELEVATION CUTOFF    
One-way carrier phase leveled to code                       OBSERVABLES USED    
  6371.0                                                    BASE RADIUS         
 2                                                          MAP DIMENSION       
   450.0 450.0   0.0                                        HGT1 / HGT2 / DHGT  
    87.5 -87.5  -2.5                                        LAT1 / LAT2 / DLAT  
  -180.0 180.0   5.0                                        LON1 / LON2 / DLON  
    -1                                                      EXPONENT            
                                                            END OF HEADER       
[from data line 2145]
     6                                                      START OF TEC MAP    
  2015     3    16    10     0     0                        EPOCH OF CURRENT MAP
    87.5-180.0 180.0   5.0 450.0                            LAT/LON1/LON2/DLON/H
  148  154  153  161  163  166  168  168  171  174  175  177  177  178  178  178
  178  178  178  177  177  176  176  176  176  175  175  175  175  175  175  174
  174  173  172  171  170  168  167  165  163  160  158  156  153  151  148  146
  144  141  139  137  134  132  130  128  127  125  124  123  123  123  122  123
  124  127  128  130  135  138  148  149  148                                   
    85.0-180.0 180.0   5.0 450.0                            LAT/LON1/LON2/DLON/H
  136  149  159  160  161  169  173  177  180  183  184  185  186  186  186  185
  185  184  183  183  182  182  182  181  182  182  182  182  183  183  184  184
  184  184  184  183  182  180  178  176  174  171  168  165  162  159  156  153
  149  146  143  139  136  132  129  126  124  121  119  118  116  116  115  116
  119  122  120  123  124  131  135  141  136                                   
    82.5-180.0 180.0   5.0 450.0                            LAT/LON1/LON2/DLON/H
  118  134  142  141  145  153  159  165  169  173  175  177  177  177  176  175
  174  172  171  170  169  168  168  168  168  169  170  172  173  175  177  179
  180  181  182  182  182  181  180  178  175  173  169  166  162  159  155  150
  146  141  137  132  127  122  117  112  107  103   99   96   93   90   89   89
   89   91   91   95  100  109  111  111  118                                   
    80.0-180.0 180.0   5.0 450.0                            LAT/LON1/LON2/DLON/H
  104  117  126  128  134  142  150  157  163  167  169  171  170  169  167  164
  161  158  155  152  150  149  148  147  148  149  151  153  156  160  163  167
  170  173  176  178  179  180  180  179  177  176  173  171  168  165  162  158
  154  150  145  140  134  128  122  116  110  104   99   94   89   85   81   79
   78   77   76   79   82   88   96   94  104                                   
    77.5-180.0 180.0   5.0 450.0                            LAT/LON1/LON2/DLON/H
   95  101  110  114  120  129  137  144  150  154  155  156  154  152  148  144
  140  135  131  128  125  123  122  122  123  125  127  131  136  141  147  153
  160  166  171  175  179  182  183  184  185  184  184  183  182  180  178  176
  173  170  166  161  156  150  144  137  130  123  116  109  102   96   90   85
   81   77   73   74   76   76   82   84   95                                   
    75.0-180.0 180.0   5.0 450.0                            LAT/LON1/LON2/DLON/H
   85   93   98  104  109  120  126  132  137  140  140  140  137  133  128  123
  118  113  108  105  102  100   99  100  101  104  108  113  119  126  134  143
  151  160  167  174  180  184  188  191  193  194  196  198  199  200  200  200
  200  198  196  192  188  183  177  170  163  155  148  140  132  124  116  109
  102   95   89   82   81   77   82   77   85                                   
    72.5-180.0 180.0   5.0 450.0                            LAT/LON1/LON2/DLON/H
   80   86   90   95  100  109  116  121  125  126  126  124  120  116  110  104
   99   94   91   88   86   85   85   86   88   91   95  101  108  117  126  137
  147  158  167  176  183  189  193  197  201  204  207  211  214  218  221  223
  224  225  224  222  220  216  211  205  198  190  182  174  165  156  147  139
  129  119  110  100   93   87   88   86   80                                   
    70.0-180.0 180.0   5.0 450.0                            LAT/LON1/LON2/DLON/H
   82   83   86   90   93  100  105  109  112  113  112  110  105  100   95   89
   85   81   79   77   77   77   78   79   82   85   90   96  104  113  123  135
  147  159  170  179  187  193  198  202  206  210  215  220  226  231  236  240
  243  244  245  244  242  239  234  229  222  215  207  198  189  180  171  162
  151  140  129  115  105   97   98   96   82                                   
    67.5-180.0 180.0   5.0 450.0                            LAT/LON1/LON2/DLON/H
   81   81   83   86   88   95   99  102  104  105  104  102   97   93   88   84
   80   78   77   77   78   79   81   83   85   88   92   97  104  114  125  137
  150  163  174  184  191  197  201  205  208  213  218  224  231  237  243  248
  252  254  255  254  253  250  245  240  233  225  217  208  199  190  181  173
  163  151  140  125  114  104  103  103   81                                   
    65.0-180.0 180.0   5.0 450.0                            LAT/LON1/LON2/DLON/H
   83   80   80   82   81   87   91   93   96   97   96   95   91   88   84   81
   80   79   80   82   84   85   87   89   91   93   96  101  108  117  128  142
  156  169  182  192  199  204  207  209  213  217  222  229  236  243  249  253
  256  258  258  257  255  251  246  240  233  224  215  206  197  188  180  172
  163  153  142  128  117  108  106  109   83                                   
    62.5-180.0 180.0   5.0 450.0                            LAT/LON1/LON2/DLON/H
   83   78   76   76   73   77   80   83   85   87   88   88   86   84   82   81
   81   82   84   86   89   91   92   93   94   96   99  103  110  119  131  145
  160  175  189  199  206  210  212  214  216  220  226  232  239  246  251  254
  256  256  255  253  249  245  240  233  225  216  206  196  187  178  169  162
  154  145  136  122  113  104  103  107   83                                   
    60.0-180.0 180.0   5.0 450.0                            LAT/LON1/LON2/DLON/H
   84   76   72   69   64   66   67   70   72   75   77   79   79   79   78   79
   80   82   85   87   89   90   91   91   92   94   96  101  108  117  130  146
  163  180  195  207  214  218  220  221  223  227  232  239  245  250  254  256
  256  254  252  249  245  240  235  228  220  211  200  190  180  170  161  153
  145  136  128  116  107   97   97  102   84                                   
    57.5-180.0 180.0   5.0 450.0                            LAT/LON1/LON2/DLON/H
   88   77   71   65   58   57   57   59   61   64   67   70   71   72   73   75
   77   80   82   84   85   85   85   85   85   88   91   96  104  115  130  147
  167  187  204  218  227  231  233  235  237  241  246  252  258  262  263  263
  262  259  255  252  248  243  238  232  225  216  206  195  184  174  164  155
  146  136  128  116  107   95   95   98   88                                   
    55.0-180.0 180.0   5.0 450.0                            LAT/LON1/LON2/DLON/H
   96   83   75   66   58   54   52   52   53   56   58   61   63   65   66   69
   72   75   77   78   78   77   76   76   77   80   85   92  101  114  130  149
  172  194  215  231  242  248  251  253  256  261  266  272  276  279  279  277
  274  270  266  262  258  255  251  246  240  233  224  214  203  191  180  169
  159  148  139  125  116  101   99  100   96                                   
    52.5-180.0 180.0   5.0 450.0                            LAT/LON1/LON2/DLON/H
  108   95   85   74   65   58   54   51   52   53   54   56   57   59   60   63
   66   69   72   73   72   71   69   70   72   76   83   92  102  116  133  154
  179  204  227  246  260  268  273  277  281  287  292  298  301  302  300  296
  291  287  282  278  275  272  269  266  262  257  250  241  231  218  206  194
  181  169  158  143  132  116  111  108  108                                   
    50.0-180.0 180.0   5.0 450.0                            LAT/LON1/LON2/DLON/H
  122  110  100   88   78   69   63   58   56   55   55   56   56   57   58   60
   64   67   70   71   71   70   68   69   72   79   87   97  108  122  140  163
  189  216  241  263  279  290  297  303  310  317  323  328  329  328  324  318
  311  306  301  296  293  290  287  285  283  280  276  269  259  247  233  220
  205  192  179  164  152  136  129  123  122                                   
    47.5-180.0 180.0   5.0 450.0                            LAT/LON1/LON2/DLON/H
  135  126  117  106   95   86   78   70   66   63   62   61   60   60   61   63
   65   69   72   75   76   75   75   76   80   88   97  107  119  133  150  173
  200  228  255  278  297  310  321  330  340  348  356  360  359  355  348  339
  331  323  316  310  305  301  297  295  294  293  291  286  277  265  251  237
  222  208  194  180  168  154  146  140  135                                   
    45.0-180.0 180.0   5.0 450.0                            LAT/LON1/LON2/DLON/H
  143  138  132  123  114  105   97   87   81   76   73   71   70   69   70   71
   73   77   81   84   87   88   88   89   94  102  111  121  132  145  162  184
  210  238  266  291  311  328  342  356  368  380  388  391  389  382  371  359
  347  337  327  319  311  303  297  293  291  290  289  285  277  265  251  236
  222  209  196  183  174  164  157  152  143                                   
    42.5-180.0 180.0   5.0 450.0                            LAT/LON1/LON2/DLON/H
  144  143  141  137  130  122  115  105   98   91   87   85   84   84   84   85
   86   89   94   99  103  104  105  106  110  117  126  135  145  156  172  192
  217  245  273  299  322  342  360  378  394  409  419  423  419  409  394  378
  363  349  336  325  313  302  292  284  279  276  273  269  261  249  234  220
  205  193  182  172  167  160  157  154  144                                   
    40.0-180.0 180.0   5.0 450.0                            LAT/LON1/LON2/DLON/H
  137  140  141  141  138  134  129  121  113  106  101  100  100  101  103  103
  103  105  110  115  120  122  122  123  125  130  138  146  154  164  178  197
  221  248  275  302  328  351  374  397  419  437  450  454  450  437  420  401
  383  366  351  337  323  308  293  281  271  264  258  251  241  227  212  197
  182  170  160  151  148  144  146  145  137                                   
    37.5-180.0 180.0   5.0 450.0                            LAT/LON1/LON2/DLON/H
  127  130  134  136  137  136  134  129  123  117  114  114  117  120  123  123
  122  122  126  131  136  138  137  135  135  138  144  151  158  167  180  198
  221  247  275  304  332  359  388  416  443  466  482  489  484  471  452  432
  413  397  382  367  351  334  316  299  284  272  260  249  235  219  201  184
  167  152  142  132  129  125  131  129  127                                   
    35.0-180.0 180.0   5.0 450.0                            LAT/LON1/LON2/DLON/H
  120  122  124  127  129  129  130  128  125  122  121  125  131  138  142  142
  140  138  139  144  148  149  146  141  138  140  145  152  159  168  180  198
  220  246  275  305  337  369  402  436  469  498  518  527  525  513  496  477
  461  446  433  420  405  388  368  348  328  310  293  277  259  240  218  198
  177  158  144  129  124  115  122  118  120                                   
    32.5-180.0 180.0   5.0 450.0                            LAT/LON1/LON2/DLON/H
  123  120  117  119  120  119  121  121  121  121  124  131  141  151  158  158
  155  151  150  153  156  155  149  142  138  139  144  151  159  169  182  199
  222  249  279  312  347  383  421  460  498  532  557  570  572  564  551  537
  526  516  508  499  487  471  451  429  407  384  363  342  321  298  274  249
  223  198  178  155  144  126  129  119  123                                   
    30.0-180.0 180.0   5.0 450.0                            LAT/LON1/LON2/DLON/H
  140  131  121  118  117  113  114  114  115  118  123  133  146  159  168  170
  166  160  157  158  159  156  148  140  136  137  143  152  161  173  187  206
  229  258  290  326  364  404  445  487  529  567  597  616  624  622  616  610
  606  604  603  600  592  580  562  540  516  492  467  444  420  395  368  339
  308  277  249  216  196  166  159  141  140                                   
    27.5-180.0 180.0   5.0 450.0                            LAT/LON1/LON2/DLON/H
  171  156  138  129  124  115  114  113  114  117  123  134  147  161  172  175
  171  165  160  159  158  153  146  138  135  137  145  156  168  182  199  219
  244  274  308  347  387  429  472  516  560  601  635  659  674  681  685  688
  694  702  709  713  712  703  688  668  645  620  595  570  546  520  491  458
  421  386  349  306  276  234  211  183  171                                   
    25.0-180.0 180.0   5.0 450.0                            LAT/LON1/LON2/DLON/H
  218  197  169  153  143  129  124  121  121  123  128  136  147  160  170  173
  171  164  159  156  154  150  144  138  136  141  151  165  180  196  215  237
  263  294  331  371  414  456  499  542  586  627  664  694  716  732  746  761
  777  795  810  820  823  819  807  790  769  746  722  698  673  646  615  580
  541  504  460  411  370  319  280  243  218                                   
    22.5-180.0 180.0   5.0 450.0                            LAT/LON1/LON2/DLON/H
  276  249  213  188  171  153  144  139  137  137  138  141  148  156  164  167
  165  160  154  151  149  146  142  139  140  148  161  177  194  213  233  256
  283  316  354  396  439  481  521  562  603  643  681  714  742  767  790  814
  838  861  881  894  899  897  890  877  860  840  818  794  768  740  709  673
  637  604  560  512  463  408  359  312  276                                   
    20.0-180.0 180.0   5.0 450.0                            LAT/LON1/LON2/DLON/H
  338  304  264  231  205  183  170  163  159  156  153  151  151  154  157  159
  157  153  148  145  143  142  140  140  145  155  170  188  207  227  248  273
  302  336  374  416  458  497  535  572  609  647  684  718  750  779  808  836
  864  888  906  918  922  922  917  909  897  881  861  837  810  780  748  713
  682  659  626  585  535  483  435  381  338                                   
    17.5-180.0 180.0   5.0 450.0                            LAT/LON1/LON2/DLON/H
  389  353  312  276  242  217  201  192  184  178  170  162  156  153  152  151
  149  146  141  139  138  138  138  142  149  161  177  196  215  237  261  287
  317  351  389  429  468  505  539  572  606  641  676  709  741  771  799  827
  851  871  884  890  892  891  888  884  877  865  848  826  798  766  731  697
  671  658  641  613  573  529  489  437  389                                   
    15.0-180.0 180.0   5.0 450.0                            LAT/LON1/LON2/DLON/H
  420  387  352  316  276  250  232  220  209  199  188  175  163  154  149  146
  143  140  136  133  132  132  135  141  150  164  180  198  220  244  270  299
  329  362  397  434  470  504  536  567  598  631  662  693  721  747  771  792
  809  820  825  825  822  818  816  815  812  806  794  776  750  715  677  641
  617  611  609  596  572  540  512  472  420                                   
    12.5-180.0 180.0   5.0 450.0                            LAT/LON1/LON2/DLON/H
  430  404  377  344  304  278  259  244  230  217  203  187  171  158  149  144
  141  138  133  129  127  127  131  138  149  162  178  198  221  248  277  307
  337  368  401  434  467  498  528  559  590  621  650  676  699  719  735  746
  752  753  751  745  737  732  729  728  729  728  723  710  685  649  607  567
  543  538  546  546  541  525  508  483  430                                   
    10.0-180.0 180.0   5.0 450.0                            LAT/LON1/LON2/DLON/H
  427  409  389  360  323  297  277  260  244  230  214  197  179  164  153  147
  143  139  134  128  124  124  128  135  146  159  175  196  222  251  281  311
  341  370  401  430  460  489  519  550  582  614  641  664  682  694  702  704
  701  696  689  680  671  664  660  659  661  664  663  653  630  591  543  498
  470  464  474  485  494  493  488  475  427                                   
     7.5-180.0 180.0   5.0 450.0                            LAT/LON1/LON2/DLON/H
  419  409  394  367  334  309  289  270  252  236  221  204  187  171  159  152
  148  144  137  130  125  123  125  132  142  155  173  197  225  255  285  314
