data/edconvlstm_nd/pred0100.15i
     1.0            IONOSPHERE MAPS     GNSS                IONEX VERSION / TYPE
pyspatialgeodesy        IME             05-JAN-18 20:20     PGM / RUN BY / DATE 
Map Name                                                    COMMENT             
Predicted global ionosphere maps (GIM).                     DESCRIPTION         
  2015     1    10     0     0     0                        EPOCH OF FIRST MAP  
  2015     1    11     0     0     0                        EPOCH OF LAST MAP   
  7200                                                      INTERVAL            
    13                                                      # OF MAPS IN FILE   
  NONE                                                      MAPPING FUNCTION    
10.0                                                        ELEVATION CUTOFF    
One-way carrier phase leveled to code                       OBSERVABLES USED    
  6371.0                                                    BASE RADIUS         
 2                                                          MAP DIMENSION       
   450.0 450.0   0.0                                        HGT1 / HGT2 / DHGT  
    87.5 -87.5  -2.5                                        LAT1 / LAT2 / DLAT  
  -180.0 180.0   5.0                                        LON1 / LON2 / DLON  
    -1                                                      EXPONENT            
                                                            END OF HEADER       
[from data line 429]
     2                                                      START OF TEC MAP    
  2015     1    10     2     0     0                        EPOCH OF CURRENT MAP
    87.5-180.0 180.0   5.0 450.0                            LAT/LON1/LON2/DLON/H
   79   83   77   78   77   76   73   71   72   72   72   73   73   73   72   72
   71   70   69   68   67   66   64   63   62   61   60   59   58   58   57   57
   57   57   57   57   57   57   58   58   58   58   59   59   59   59   60   60
   61   61   61   62   62   63   63   63   63   64   64   64   64   64   64   65
   67   67   65   65   66   79   82   74   79                                   
    85.0-180.0 180.0   5.0 450.0                            LAT/LON1/LON2/DLON/H
   77   86   72   78   79   79   76   74   74   74   74   74   74   74   74   74
   73   72   71   69   68   66   64   62   61   59   58   57   56   56   56   56
   56   56   57   58   58   59   60   60   61   61   62   62   63   63   63   64
   64   64   65   65   66   66   66   67   67   68   68   69   69   70   70   71
   73   74   72   75   78   79   88   77   77                                   
    82.5-180.0 180.0   5.0 450.0                            LAT/LON1/LON2/DLON/H
   78   75   89   85   82   82   78   77   78   78   77   78   79   79   79   78
   77   76   74   72   69   66   63   60   57   54   52   51   50   49   49   49
   50   51   52   53   55   56   57   59   60   60   61   62   62   62   63   63
   64   64   64   65   65   66   66   67   68   68   69   70   71   72   73   75
   76   77   76   74   85   75   79   82   78                                   
    80.0-180.0 180.0   5.0 450.0                            LAT/LON1/LON2/DLON/H
   95   92   94   88   88   84   84   82   84   83   82   84   84   85   85   85
   83   81   79   75   71   67   62   58   54   51   48   46   45   45   45   46
   47   48   50   52   54   56   58   59   60   61   62   62   62   62   62   62
   62   62   62   62   62   63   63   64   65   66   67   68   70   71   74   77
   79   80   81   81   96   91   93   95   95                                   
    77.5-180.0 180.0   5.0 450.0                            LAT/LON1/LON2/DLON/H
  110  109  104  100   95   92   93   93   94   92   92   93   94   95   95   94
   93   90   86   81   76   70   65   59   55   51   48   46   45   45   46   47
   49   51   53   56   59   61   63   65   66   67   67   67   67   66   65   65
   64   64   63   63   64   64   64   65   66   66   67   69   71   73   76   80
   84   88   88   92  103   99  101  102  110                                   
    75.0-180.0 180.0   5.0 450.0                            LAT/LON1/LON2/DLON/H
  121  120  118  114  105  102  100   98   98   97   95   96   97   97   97   96
   94   91   86   81   75   69   63   57   53   50   48   46   46   47   48   49
   52   54   57   60   63   65   68   69   71   71   71   70   69   67   66   64
   63   62   62   61   61   62   62   62   62   63   64   66   68   71   75   80
   84   89   94   95  108  111  113  111  121                                   
    72.5-180.0 180.0   5.0 450.0                            LAT/LON1/LON2/DLON/H
  133  134  132  126  120  114  111  108  106  103  100  100   99   99   98   96
   93   89   84   78   72   67   61   57   54   52   51   51   51   52   54   56
   57   60   62   64   67   69   72   73   74   74   74   72   70   68   66   64
   62   61   61   61   62   62   62   62   63   63   64   65   68   71   76   83
   88   95  103  107  119  121  123  122  133                                   
    70.0-180.0 180.0   5.0 450.0                            LAT/LON1/LON2/DLON/H
  152  151  147  143  136  129  124  119  116  111  106  104  101   99   96   93
   89   84   79   73   67   62   58   55   53   53   53   54   56   57   59   60
   61   62   63   64   66   68   69   71   72   72   72   70   68   65   63   61
   60   60   60   61   62   63   64   64   64   65   65   67   70   74   80   88
   94  101  111  117  129  132  135  131  152                                   
    67.5-180.0 180.0   5.0 450.0                            LAT/LON1/LON2/DLON/H
  166  165  158  155  148  139  133  126  121  114  107  102   97   93   89   84
   79   74   69   64   59   55   52   51   51   52   54   56   58   59   60   60
   59   58   58   58   58   59   60   61   62   63   63   61   59   57   54   53
   52   53   54   56   59   61   63   64   65   66   68   70   74   79   85   94
  100  108  117  123  135  139  142  138  166                                   
    65.0-180.0 180.0   5.0 450.0                            LAT/LON1/LON2/DLON/H
  178  175  168  166  159  150  142  135  129  119  110  103   96   90   84   79
   73   68   63   59   55   52   50   50   51   53   55   57   59   60   60   59
   57   54   52   50   49   49   50   51   53   54   54   53   52   50   48   47
   47   48   51   54   58   62   65   68   70   73   77   81   87   93  100  108
  115  121  129  133  144  148  151  149  178                                   
    62.5-180.0 180.0   5.0 450.0                            LAT/LON1/LON2/DLON/H
  188  185  179  176  171  162  154  146  138  127  116  107   97   89   82   76
   71   67   62   58   54   52   50   50   51   53   56   58   59   59   58   56
   52   49   45   42   40   40   40   42   44   46   48   48   47   46   44   43
   43   45   48   53   59   65   70   75   80   86   92   99  107  116  124  132
  138  142  147  149  156  159  162  160  188                                   
    60.0-180.0 180.0   5.0 450.0                            LAT/LON1/LON2/DLON/H
  194  192  186  183  179  170  161  153  144  131  119  108   97   88   81   76
   72   68   63   59   55   52   50   49   50   51   52   54   54   54   52   49
   45   41   37   34   32   32   32   35   37   40   42   43   43   42   40   39
   39   41   45   51   59   67   75   83   91  100  110  121  132  143  152  160
  164  165  168  166  169  171  175  173  194                                   
    57.5-180.0 180.0   5.0 450.0                            LAT/LON1/LON2/DLON/H
  202  201  195  191  187  179  169  160  149  135  121  109   98   89   83   79
   75   72   68   63   58   54   50   48   46   46   47   47   47   46   44   41
   38   34   31   29   27   27   29   31   34   38   40   42   42   41   39   38
   37   39   43   50   60   70   82   94  106  118  132  147  161  173  182  189
  191  190  190  185  186  186  191  190  202                                   
    55.0-180.0 180.0   5.0 450.0                            LAT/LON1/LON2/DLON/H
  213  213  207  200  196  187  176  165  153  137  121  109   98   89   85   82
   80   78   74   68   61   54   49   45   42   41   40   40   39   38   37   35
   33   31   29   28   28   29   30   32   35   39   42   44   44   43   40   38
   37   38   42   51   62   75   90  106  122  138  155  172  187  200  209  215
  215  212  210  205  204  202  208  208  213                                   
    52.5-180.0 180.0   5.0 450.0                            LAT/LON1/LON2/DLON/H
  228  228  221  212  208  198  185  171  157  139  122  108   97   90   86   85
   84   82   77   70   62   54   48   43   40   38   36   35   34   33   33   32
   32   32   33   33   34   35   37   38   41   44   46   48   49   47   44   41
   39   40   45   54   67   84  102  121  140  158  177  194  209  220  228  232
  232  228  226  221  221  219  225  226  228                                   
    50.0-180.0 180.0   5.0 450.0                            LAT/LON1/LON2/DLON/H
  245  246  237  227  223  211  196  180  162  142  123  108   97   90   88   87
   86   84   78   70   62   55   49   45   42   39   37   36   34   33   33   33
   35   37   40   43   45   47   48   48   50   52   54   56   56   55   52   48
   46   46   51   62   77   97  118  139  160  179  196  212  224  233  239  242
  240  238  238  235  237  233  240  241  245                                   
    47.5-180.0 180.0   5.0 450.0                            LAT/LON1/LON2/DLON/H
  261  262  252  242  238  226  209  190  170  147  127  111   99   92   89   87
   86   82   76   68   61   56   52   50   48   46   44   41   39   37   37   38
   40   45   50   54   58   60   60   60   60   62   63   65   65   64   61   58
   56   57   63   75   92  114  137  160  180  198  213  225  234  240  242  244
  242  241  243  243  247  244  250  252  261                                   
    45.0-180.0 180.0   5.0 450.0                            LAT/LON1/LON2/DLON/H
  272  273  262  255  251  239  222  202  179  155  133  117  104   96   91   87
   83   78   72   66   62   60   60   60   60   58   55   52   48   44   42   43
   46   52   58   64   68   71   71   70   70   71   72   74   75   74   72   70
   68   70   77   90  110  133  158  180  199  215  226  235  240  242  242  243
  242  242  246  247  254  251  255  257  272                                   
    42.5-180.0 180.0   5.0 450.0                            LAT/LON1/LON2/DLON/H
  276  276  266  261  258  248  231  212  189  165  143  125  112  102   94   88
   82   75   69   66   65   67   70   73   74   73   69   64   57   52   49   48
   51   57   64   70   75   78   78   77   77   78   80   82   84   84   83   82
   82   85   93  107  128  152  177  199  216  229  239  244  247  247  246  246
  246  248  252  254  259  256  259  260  276                                   
    40.0-180.0 180.0   5.0 450.0                            LAT/LON1/LON2/DLON/H
  276  273  264  261  258  250  236  219  198  174  153  136  122  111  101   92
   83   76   71   70   73   78   84   88   89   87   81   74   66   59   54   52
   54   60   67   74   79   81   82   82   82   84   87   89   91   92   92   92
   93   98  107  122  143  168  192  214  231  244  253  258  262  262  262  264
  264  266  270  270  271  265  267  267  276                                   
    37.5-180.0 180.0   5.0 450.0                            LAT/LON1/LON2/DLON/H
  276  270  260  255  253  246  235  221  203  182  162  146  133  121  110   99
   89   82   79   80   85   92   98  101  100   96   89   80   71   64   59   57
   58   62   69   76   81   83   84   84   86   89   92   95   97   98   99  100
  102  108  118  133  154  179  205  227  246  260  271  280  287  291  295  300
  302  304  306  302  297  286  287  285  276                                   
    35.0-180.0 180.0   5.0 450.0                            LAT/LON1/LON2/DLON/H
  286  274  260  250  247  240  231  220  205  185  168  154  143  133  122  110
  101   94   93   96  101  106  109  109  105   98   90   83   76   70   66   63
   64   67   73   79   83   86   86   87   90   93   97  100  102  103  103  105
  108  114  125  141  162  188  214  239  261  279  296  310  323  334  344  353
  358  360  360  350  340  325  325  321  286                                   
    32.5-180.0 180.0   5.0 450.0                            LAT/LON1/LON2/DLON/H
  312  294  272  254  248  240  230  219  204  186  170  159  150  142  132  123
  114  110  110  113  116  117  115  109  102   95   89   85   82   79   76   74
   74   76   81   85   89   90   91   92   94   98  102  104  105  104  105  106
  110  117  129  145  167  193  222  250  277  302  325  347  368  386  403  418
  426  429  427  414  399  382  381  374  312                                   
    30.0-180.0 180.0   5.0 450.0                            LAT/LON1/LON2/DLON/H
  361  338  304  275  264  252  237  223  206  187  170  160  154  148  141  133
  127  125  126  127  126  121  113  104   96   91   89   90   91   93   93   91
   91   92   94   97   99   99   98   98  100  103  106  106  106  104  103  105
  110  118  130  147  170  198  229  262  295  328  359  390  418  445  469  490
  502  506  504  489  472  456  453  443  361                                   
    27.5-180.0 180.0   5.0 450.0                            LAT/LON1/LON2/DLON/H
  434  409  362  321  303  283  260  239  215  191  171  160  154  150  145  140
  136  135  136  134  128  118  106   97   92   91   95  101  107  113  116  116
  115  114  114  114  113  110  107  106  106  107  108  107  104  101  100  102
  107  116  129  148  173  203  238  276  317  357  397  435  472  506  538  564
  581  589  588  574  557  544  536  522  434                                   
    25.0-180.0 180.0   5.0 450.0                            LAT/LON1/LON2/DLON/H
  523  501  444  393  368  340  306  273  238  204  178  162  154  149  145  142
  139  138  136  131  122  110   99   94   95  100  109  120  132  141  146  146
  144  141  138  135  130  124  118  113  111  109  106  103   99   95   94   96
  102  113  129  150  177  211  250  295  342  390  437  481  523  563  600  633
  655  667  671  660  646  640  628  609  523                                   
    22.5-180.0 180.0   5.0 450.0                            LAT/LON1/LON2/DLON/H
  616  601  543  487  455  421  374  328  278  231  194  170  157  149  144  139
  136  134  130  122  111  102   98  100  109  121  135  151  166  177  182  181
  177  170  164  156  147  137  127  119  112  107  101   95   90   87   86   90
   98  111  130  155  185  223  267  316  369  422  472  520  566  608  648  682
  708  724  734  731  724  730  721  696  616                                   
    20.0-180.0 180.0   5.0 450.0                            LAT/LON1/LON2/DLON/H
  697  694  642  590  554  515  459  401  337  276  225  190  168  153  144  137
  131  126  120  112  105  102  106  119  136  156  175  193  207  217  220  217
  209  199  187  175  161  146  132  120  110  101   93   85   79   77   78   83
   94  110  132  161  196  237  285  338  394  449  500  548  592  633  671  704
  730  748  762  768  770  790  793  768  697                                   
    17.5-180.0 180.0   5.0 450.0                            LAT/LON1/LON2/DLON/H
  757  764  726  684  646  607  548  484  411  339  275  225  191  167  151  139
  130  123  117  111  109  114  129  152  179  204  225  240  249  254  254  248
  235  220  203  186  168  150  133  118  106   95   84   75   69   68   71   78
   91  110  136  168  206  251  301  355  412  465  515  560  600  636  667  695
  718  735  752  767  776  809  827  810  757                                   
    15.0-180.0 180.0   5.0 450.0                            LAT/LON1/LON2/DLON/H
  789  804  782  753  717  681  626  563  490  413  340  278  230  195  170  152
  140  132  127  125  129  143  167  200  235  261  277  283  283  281  276  265
  248  228  208  188  168  148  131  115  101   89   77   68   63   62   66   75
   90  111  140  175  216  261  312  366  420  471  517  557  590  618  640  659
  677  693  712  733  748  787  818  814  789                                   
    12.5-180.0 180.0   5.0 450.0                            LAT/LON1/LON2/DLON/H
  790  813  806  789  757  727  679  626  561  488  414  346  288  241  207  184
  169  160  157  159  169  191  224  263  296  316  319  313  302  291  279  263
  244  222  201  181  162  144  127  112   99   86   75   66   60   60   65   75
   91  114  145  182  223  268  317  370  421  467  508  541  567  586  600  613
  626  641  660  683  700  739  775  785  790                                   
    10.0-180.0 180.0   5.0 450.0                            LAT/LON1/LON2/DLON/H
  766  793  799  790  765  741  703  662  612  553  487  420  357  304  264  236
  219  211  210  217  233  260  295  329  352  356  345  324  302  282  264  246
  227  208  190  172  155  139  124  111   99   88   77   68   63   63   69   79
   95  119  151  188  229  273  320  369  415  457  492  520  539  552  562  572
  584  598  617  638  653  684  719  739  766                                   
     7.5-180.0 180.0   5.0 450.0                            LAT/LON1/LON2/DLON/H
  730  755  766  763  743  724  697  670  637  596  544  487  429  376  335  306
  290  284  287  298  316  342  368  387  390  376  349  317  287  262  242  226
