data/edconvlstm_nd/pred2110.15i
     1.0            IONOSPHERE MAPS     GNSS                IONEX VERSION / TYPE
pyspatialgeodesy        IME             05-JAN-18 20:20     PGM / RUN BY / DATE 
Map Name                                                    COMMENT             
Predicted global ionosphere maps (GIM).                     DESCRIPTION         
  2015     7    30     0     0     0                        EPOCH OF FIRST MAP  
  2015     7    31     0     0     0                        EPOCH OF LAST MAP   
  7200                                                      INTERVAL            
    13                                                      # OF MAPS IN FILE   
  NONE                                                      MAPPING FUNCTION    
10.0                                                        ELEVATION CUTOFF    
One-way carrier phase leveled to code                       OBSERVABLES USED    
  6371.0                                                    BASE RADIUS         
 2                                                          MAP DIMENSION       
   450.0 450.0   0.0                                        HGT1 / HGT2 / DHGT  
    87.5 -87.5  -2.5                                        LAT1 / LAT2 / DLAT  
  -180.0 180.0   5.0                                        LON1 / LON2 / DLON  
    -1                                                      EXPONENT            
                                                            END OF HEADER       
[from data line 3432]
     9                                                      START OF TEC MAP    
  2015     7    30    16     0     0                        EPOCH OF CURRENT MAP
    87.5-180.0 180.0   5.0 450.0                            LAT/LON1/LON2/DLON/H
  135  136  130  137  140  139  139  137  138  140  139  140  140  140  140  141
  141  141  141  141  141  141  141  140  140  139  139  138  138  137  136  135
  134  134  133  132  131  131  130  130  129  129  129  128  128  129  129  129
  129  130  130  130  130  131  131  131  131  131  132  132  132  132  132  132
  132  133  132  130  139  135  145  140  135                                   
    85.0-180.0 180.0   5.0 450.0                            LAT/LON1/LON2/DLON/H
  133  134  143  136  136  140  140  142  143  145  144  145  145  146  146  146
  147  147  147  147  147  147  146  146  145  145  144  143  142  141  140  139
  138  136  135  134  133  132  131  130  129  129  128  128  128  128  129  129
  130  130  131  131  132  132  133  133  134  134  134  135  135  135  135  135
  136  136  133  131  132  130  134  135  133                                   
    82.5-180.0 180.0   5.0 450.0                            LAT/LON1/LON2/DLON/H
  119  126  129  126  127  131  134  136  136  138  138  140  140  141  142  142
  143  143  144  144  144  144  144  143  143  142  142  141  140  138  137  135
  134  132  130  128  126  125  123  122  121  120  120  120  120  120  121  121
  122  123  124  124  125  126  126  127  127  127  127  128  128  128  128  127
  128  127  124  125  124  131  125  121  119                                   
    80.0-180.0 180.0   5.0 450.0                            LAT/LON1/LON2/DLON/H
  112  117  124  124  124  125  129  133  134  137  137  139  139  140  141  142
  142  143  143  143  143  143  143  143  142  142  141  140  138  137  135  133
  131  128  126  123  121  119  117  115  114  113  113  113  113  114  115  116
  117  119  120  121  122  122  123  123  124  124  124  124  124  124  124  123
  124  123  121  121  117  118  118  117  112                                   
    77.5-180.0 180.0   5.0 450.0                            LAT/LON1/LON2/DLON/H
  115  114  120  121  122  125  128  132  133  134  135  137  137  139  139  140
  141  141  142  142  142  143  143  143  142  142  141  140  139  137  136  134
  131  129  126  123  120  117  115  113  112  111  110  111  112  113  115  116
  118  119  121  122  122  123  123  123  123  122  122  122  122  121  121  120
  119  118  116  117  117  113  115  116  115                                   
    75.0-180.0 180.0   5.0 450.0                            LAT/LON1/LON2/DLON/H
  111  113  115  119  121  125  127  130  131  134  134  136  137  138  138  139
  140  140  140  141  141  141  142  142  142  142  141  140  139  138  136  135
  133  130  128  125  122  119  116  114  113  112  112  112  113  115  117  119
  121  122  123  124  124  124  123  123  122  121  121  120  120  120  119  119
  118  117  116  113  113  110  111  104  111                                   
    72.5-180.0 180.0   5.0 450.0                            LAT/LON1/LON2/DLON/H
  106  109  112  118  119  123  126  128  129  131  131  133  134  135  135  136
  136  136  137  137  137  138  138  138  138  138  137  136  135  134  133  132
  131  129  127  124  121  118  116  114  112  111  112  113  114  116  118  120
  122  123  123  123  123  122  120  119  117  116  115  115  114  114  114  114
  113  111  110  107  106  104  106  105  106                                   
    70.0-180.0 180.0   5.0 450.0                            LAT/LON1/LON2/DLON/H
  105  107  110  115  116  119  121  124  125  127  127  129  130  131  132  132
  132  132  132  132  132  132  133  133  133  132  131  130  129  128  128  127
  127  126  125  123  120  118  115  113  112  112  112  113  115  117  119  121
  122  122  122  121  120  118  115  113  111  109  108  108  108  108  108  109
  108  106  105  103  102  100  104  103  105                                   
    67.5-180.0 180.0   5.0 450.0                            LAT/LON1/LON2/DLON/H
  103  106  111  116  118  121  123  125  126  127  128  130  132  133  134  134
  134  133  132  132  132  132  132  132  131  129  128  126  124  124  124  124
  125  125  125  123  121  119  117  116  115  115  116  117  120  122  123  125
  125  125  124  123  120  117  114  111  108  106  105  105  105  106  107  107
  107  105  103  100   97   97   99   98  103                                   
    65.0-180.0 180.0   5.0 450.0                            LAT/LON1/LON2/DLON/H
  100  105  109  115  117  119  121  122  123  125  126  129  131  133  134  134
  134  133  131  131  130  130  130  130  128  126  124  121  120  119  120  121
  123  124  124  123  122  120  118  117  117  118  119  121  123  125  127  127
  127  126  125  122  119  115  111  108  105  103  102  102  102  103  104  105
  104  102  101   97   95   95   99   98  100                                   
    62.5-180.0 180.0   5.0 450.0                            LAT/LON1/LON2/DLON/H
   96  103  109  114  116  119  120  121  121  123  125  128  132  134  136  136
  135  134  132  131  131  131  131  130  128  125  122  119  117  117  118  120
  123  124  125  125  123  122  120  120  120  122  124  126  128  130  130  131
  130  128  126  124  120  116  112  108  105  102  101  101  101  102  103  103
  102  100   98   95   92   91   95   95   96                                   
    60.0-180.0 180.0   5.0 450.0                            LAT/LON1/LON2/DLON/H
   93  101  107  112  114  117  118  118  118  120  122  126  130  134  136  137
  136  134  132  131  131  131  130  130  128  125  122  119  117  117  119  122
  125  127  128  127  125  124  123  123  124  126  129  132  134  135  135  134
  133  131  129  126  123  119  115  110  107  104  103  102  102  102  103  102
  100   98   95   91   88   88   93   93   93                                   
    57.5-180.0 180.0   5.0 450.0                            LAT/LON1/LON2/DLON/H
   90   98  105  111  113  116  117  117  116  117  119  124  129  133  136  137
  136  134  132  131  130  131  131  131  129  127  124  121  121  122  124  128
  131  133  133  132  130  129  128  129  131  134  137  140  141  142  141  139
  138  136  133  131  128  124  120  116  113  110  108  107  106  105  104  103
  100   97   94   89   86   85   90   91   90                                   
    55.0-180.0 180.0   5.0 450.0                            LAT/LON1/LON2/DLON/H
   88   96  103  109  111  115  117  116  115  116  117  121  126  131  134  135
  134  133  131  130  130  130  131  132  131  129  127  126  126  128  131  135
  139  140  140  139  137  135  135  136  139  142  145  148  149  149  147  145
  143  141  139  136  134  131  127  123  120  117  114  112  110  108  106  103
  100   96   93   88   85   83   88   89   88                                   
    52.5-180.0 180.0   5.0 450.0                            LAT/LON1/LON2/DLON/H
   88   94  101  108  111  116  118  118  116  116  116  120  124  128  131  132
  132  131  130  129  128  129  131  132  132  131  131  130  132  135  139  143
  147  148  148  146  145  144  144  145  148  151  155  157  157  156  154  151
  149  146  144  142  139  136  133  129  126  123  120  117  114  111  107  104
  101   97   94   90   86   84   88   89   88                                   
    50.0-180.0 180.0   5.0 450.0                            LAT/LON1/LON2/DLON/H
   89   94  100  108  111  117  120  121  120  119  119  121  124  127  129  131
  131  130  129  128  128  129  131  132  133  134  134  135  138  141  146  151
  154  156  156  155  154  154  155  156  159  162  164  165  165  164  161  158
  155  152  149  147  144  141  137  134  130  128  125  121  117  113  109  106
  103  100   97   93   89   86   90   90   89                                   
    47.5-180.0 180.0   5.0 450.0                            LAT/LON1/LON2/DLON/H
   91   94  100  108  112  119  124  127  127  126  125  126  127  129  131  132
  132  132  131  131  130  131  132  134  136  137  138  140  143  147  152  157
  160  163  163  164  165  166  168  169  171  173  174  174  174  172  169  165
  161  157  154  150  147  143  139  135  132  130  127  124  120  115  111  109
  106  104  102   98   94   91   94   93   91                                   
    45.0-180.0 180.0   5.0 450.0                            LAT/LON1/LON2/DLON/H
   92   95   99  108  113  121  129  134  135  136  136  136  136  136  137  137
  137  137  137  136  135  135  136  138  140  141  143  144  147  151  156  162
  166  169  172  175  178  180  183  185  185  185  185  184  183  180  177  173
  168  163  158  153  148  143  139  135  133  131  129  126  122  117  114  112
  110  109  109  106  101   97   99   97   92                                   
    42.5-180.0 180.0   5.0 450.0                            LAT/LON1/LON2/DLON/H
   93   95   98  107  113  123  132  140  145  148  149  150  150  149  148  147
  146  146  145  144  142  141  142  144  146  148  149  151  153  156  162  167
  173  178  183  188  193  198  201  202  201  199  197  195  193  191  187  182
  176  169  162  156  150  144  138  135  132  131  130  127  124  120  117  116
  116  116  116  113  108  104  104  101   93                                   
    40.0-180.0 180.0   5.0 450.0                            LAT/LON1/LON2/DLON/H
   92   94   95  104  110  121  134  144  153  159  163  166  166  165  162  160
  159  158  156  154  152  151  151  152  155  157  158  159  161  164  169  176
  183  190  197  205  212  218  221  221  218  215  211  208  206  203  198  192
  184  176  167  159  152  145  139  135  133  132  132  130  127  124  122  121
  121  122  122  119  113  109  108  104   92                                   
    37.5-180.0 180.0   5.0 450.0                            LAT/LON1/LON2/DLON/H
   90   91   91   99  106  118  132  146  158  168  176  181  183  182  178  175
  173  171  169  166  163  161  161  163  166  169  170  171  172  175  181  189
  198  207  216  225  234  240  243  242  238  232  228  224  221  217  211  203
  193  183  172  163  155  148  143  139  137  136  136  134  132  129  127  127
  127  128  128  124  118  113  111  105   90                                   
    35.0-180.0 180.0   5.0 450.0                            LAT/LON1/LON2/DLON/H
   87   87   86   92  100  112  127  144  160  174  186  194  198  198  194  189
  186  184  181  179  175  173  173  175  179  182  185  186  188  191  199  208
  219  230  240  250  258  264  266  263  258  251  246  241  237  232  224  214
  202  189  178  168  160  154  148  144  142  142  142  141  138  135  133  133
  132  132  132  127  120  114  111  105   87                                   
    32.5-180.0 180.0   5.0 450.0                            LAT/LON1/LON2/DLON/H
   85   84   81   86   93  105  121  139  158  175  191  203  210  210  207  201
  197  195  193  190  187  185  185  188  193  197  201  204  207  213  222  234
  246  258  268  277  284  288  289  285  278  271  265  260  254  247  237  224
  210  196  183  173  166  161  156  152  150  149  148  147  145  142  140  138
  137  136  134  129  121  114  110  104   85                                   
    30.0-180.0 180.0   5.0 450.0                            LAT/LON1/LON2/DLON/H
   84   81   77   80   86   98  114  133  153  173  192  207  216  218  215  210
  206  204  203  201  198  196  197  200  206  212  219  224  230  239  250  264
  277  289  298  305  309  311  310  305  298  291  284  277  270  260  248  233
  216  201  188  179  173  168  164  160  157  156  155  154  152  148  145  143
  140  138  135  129  121  114  110  103   84                                   
    27.5-180.0 180.0   5.0 450.0                            LAT/LON1/LON2/DLON/H
   85   80   75   77   82   93  109  127  147  169  189  207  218  222  220  216
  213  212  212  211  209  207  208  212  219  227  236  245  255  266  280  296
  310  320  327  330  331  330  328  323  316  309  302  294  284  271  256  238
  221  204  192  183  178  174  171  167  163  161  160  159  156  153  149  146
  142  139  135  129  122  114  110  103   85                                   
    25.0-180.0 180.0   5.0 450.0                            LAT/LON1/LON2/DLON/H
   89   82   76   77   80   90  105  123  143  164  185  204  217  222  222  220
  218  219  221  221  220  218  219  223  231  242  254  267  280  294  310  326
  340  348  350  349  347  345  342  337  331  325  317  307  295  279  261  242
  223  207  194  187  182  179  176  171  167  164  162  160  158  154  151  147
  142  139  135  129  123  115  111  105   89                                   
    22.5-180.0 180.0   5.0 450.0                            LAT/LON1/LON2/DLON/H
   94   87   80   79   81   91  106  122  140  161  181  200  214  221  223  223
  224  227  230  232  231  230  230  235  244  257  272  288  304  320  337  352
  364  368  367  363  358  355  352  349  344  338  329  318  302  284  264  243
  225  209  197  189  185  182  178  174  169  165  162  159  156  153  150  146
  141  138  134  129  125  118  115  109   94                                   
    20.0-180.0 180.0   5.0 450.0                            LAT/LON1/LON2/DLON/H
  100   93   86   84   86   94  108  123  141  159  179  197  212  221  225  227
  230  236  240  243  243  241  242  247  257  272  289  307  325  343  359  372
  380  382  377  370  365  362  360  359  355  349  339  326  308  287  265  245
  227  211  199  191  187  183  179  175  170  165  160  156  153  149  146  143
  138  135  132  129  126  121  119  113  100                                   
    17.5-180.0 180.0   5.0 450.0                            LAT/LON1/LON2/DLON/H
  104  100   92   90   91   99  113  127  144  161  179  196  211  221  227  232
  238  245  251  254  254  253  254  260  271  288  307  326  345  361  375  385
  390  388  382  374  369  368  369  368  365  359  348  333  313  291  268  248
  231  216  203  195  189  185  181  176  171  165  159  154  149  145  142  139
  134  132  130  128  127  124  122  117  104                                   
    15.0-180.0 180.0   5.0 450.0                            LAT/LON1/LON2/DLON/H
  106  104   96   95   95  103  117  132  148  164  181  197  212  224  232  239
  247  255  261  264  264  264  267  274  287  305  325  345  362  376  387  394
  396  392  384  377  374  375  377  378  376  369  357  340  319  296  274  255
  238  223  210  199  192  187  183  178  173  167  160  153  146  141  137  134
  129  127  126  126  126  124  123  118  106                                   
    12.5-180.0 180.0   5.0 450.0                            LAT/LON1/LON2/DLON/H
  105  106   99   97   98  105  120  135  152  168  183  200  215  227  237  246
  254  262  269  271  272  273  279  289  304  323  343  362  377  389  397  400
  399  394  386  380  379  382  386  388  386  378  366  348  327  304  282  264
  247  231  216  204  195  189  186  183  179  172  164  154  145  139  134  129
  124  122  121  121  123  122  122  117  105                                   
    10.0-180.0 180.0   5.0 450.0                            LAT/LON1/LON2/DLON/H
  102  105   98   97   97  105  119  135  153  170  186  202  218  231  242  251
  260  268  273  276  277  281  289  303  321  341  360  378  391  400  404  405
  402  396  388  383  383  388  393  396  393  385  372  355  334  312  291  273
  255  238  222  208  198  192  189  187  185  178  169  157  146  138  132  126
  120  117  116  116  117  117  117  113  102                                   
     7.5-180.0 180.0   5.0 450.0                            LAT/LON1/LON2/DLON/H
   97  101   95   94   94  101  116  133  153  171  187  204  220  233  245  254
  263  270  275  277  280  287  299  316  336  357  376  391  402  409  411  410
