data/edconvlstm_nd/pred3350.15i
     1.0            IONOSPHERE MAPS     GNSS                IONEX VERSION / TYPE
pyspatialgeodesy        IME             05-JAN-18 20:20     PGM / RUN BY / DATE 
Map Name                                                    COMMENT             
Predicted global ionosphere maps (GIM).                     DESCRIPTION         
  2015    12     1     0     0     0                        EPOCH OF FIRST MAP  
  2015    12     2     0     0     0                        EPOCH OF LAST MAP   
  7200                                                      INTERVAL            
    13                                                      # OF MAPS IN FILE   
  NONE                                                      MAPPING FUNCTION    
10.0                                                        ELEVATION CUTOFF    
One-way carrier phase leveled to code                       OBSERVABLES USED    
  6371.0                                                    BASE RADIUS         
 2                                                          MAP DIMENSION       
   450.0 450.0   0.0                                        HGT1 / HGT2 / DHGT  
    87.5 -87.5  -2.5                                        LAT1 / LAT2 / DLAT  
  -180.0 180.0   5.0                                        LON1 / LON2 / DLON  
    -1                                                      EXPONENT            
                                                            END OF HEADER       
[from data line 3432]
     9                                                      START OF TEC MAP    
  2015    12     1    16     0     0                        EPOCH OF CURRENT MAP
    87.5-180.0 180.0   5.0 450.0                            LAT/LON1/LON2/DLON/H
   55   62   61   64   68   66   66   61   62   64   64   65   65   65   66   66
   67   67   67   67   67   67   67   67   67   67   66   66   66   65   65   65
   64   64   64   64   64   63   63   63   63   63   63   63   62   62   62   62
   62   61   61   61   61   60   60   60   60   59   59   59   59   59   59   58
   59   59   56   53   57   56   73   76   55                                   
    85.0-180.0 180.0   5.0 450.0                            LAT/LON1/LON2/DLON/H
   58   62   75   57   58   61   60   61   60   63   61   62   62   63   63   64
   65   65   66   66   67   67   67   67   67   67   67   66   66   66   65   65
   64   64   64   64   64   63   63   63   63   63   63   63   63   62   62   62
   62   61   61   60   60   60   59   59   58   58   57   57   57   56   56   56
   57   56   52   48   53   53   64   61   58                                   
    82.5-180.0 180.0   5.0 450.0                            LAT/LON1/LON2/DLON/H
   43   50   59   50   53   54   56   55   55   56   56   57   57   57   57   58
   58   59   60   61   61   62   63   63   63   63   63   63   62   62   62   61
   61   60   60   60   60   60   60   59   59   59   58   58   58   57   57   56
   56   56   55   55   54   54   53   52   52   51   50   50   50   49   49   49
   50   49   46   44   50   58   55   53   43                                   
    80.0-180.0 180.0   5.0 450.0                            LAT/LON1/LON2/DLON/H
   32   38   52   46   47   44   48   48   49   49   49   49   49   49   49   50
   51   52   53   54   56   57   58   59   59   60   59   59   58   58   57   57
   56   56   56   56   56   56   55   55   55   54   53   53   52   52   51   51
   50   50   50   49   49   48   47   46   45   44   43   42   41   41   41   41
   41   41   41   41   43   49   49   51   32                                   
    77.5-180.0 180.0   5.0 450.0                            LAT/LON1/LON2/DLON/H
   41   42   47   42   44   43   46   47   47   46   45   46   46   46   46   47
   49   50   53   55   57   60   62   63   64   64   63   62   61   60   58   57
   57   56   56   56   56   55   54   53   52   51   49   48   47   47   46   46
   46   46   46   46   46   45   45   44   42   41   40   38   37   36   36   36
   36   36   36   37   39   41   44   48   41                                   
    75.0-180.0 180.0   5.0 450.0                            LAT/LON1/LON2/DLON/H
   34   39   43   42   44   45   47   47   48   48   46   47   46   46   47   48
   50   52   56   59   63   67   69   71   72   72   70   68   66   64   62   61
   60   59   59   58   58   57   55   53   51   49   47   46   45   44   44   44
   45   46   47   47   47   47   47   46   44   43   41   39   38   37   36   36
   36   38   38   37   40   39   40   36   34                                   
    72.5-180.0 180.0   5.0 450.0                            LAT/LON1/LON2/DLON/H
   40   42   44   45   46   48   50   50   49   49   47   46   46   46   46   47
   50   54   58   64   69   74   78   80   81   80   78   75   72   69   67   65
   63   62   62   61   59   57   55   52   48   45   42   40   38   38   38   39
   40   42   43   45   46   46   46   45   44   42   40   39   37   36   35   35
   35   36   37   36   38   38   39   39   40                                   
    70.0-180.0 180.0   5.0 450.0                            LAT/LON1/LON2/DLON/H
   40   42   46   47   48   49   51   52   52   52   50   50   49   49   49   51
   54   59   66   73   80   87   92   95   96   95   92   88   84   80   77   75
   73   71   70   68   66   62   58   54   49   44   40   37   36   35   36   37
   39   42   44   46   47   48   48   48   47   45   43   42   40   39   38   38
   38   39   40   40   41   40   43   43   40                                   
    67.5-180.0 180.0   5.0 450.0                            LAT/LON1/LON2/DLON/H
   43   44   46   48   50   52   54   56   56   55   54   54   53   53   53   56
   60   65   73   82   90   98  104  107  108  107  104   99   95   90   87   84
   81   79   77   74   71   66   60   54   47   41   37   33   32   31   32   34
   36   39   41   43   45   46   47   47   47   45   44   42   41   40   39   40
   40   40   41   39   40   39   40   39   43                                   
    65.0-180.0 180.0   5.0 450.0                            LAT/LON1/LON2/DLON/H
   42   43   44   47   49   51   53   55   56   57   56   57   57   57   58   61
   66   72   81   90  100  108  115  118  119  118  115  110  106  102   98   95
   92   89   86   82   76   70   62   55   47   41   35   32   30   30   31   32
   34   36   39   41   43   44   46   46   46   45   44   43   42   41   41   41
   41   42   43   42   43   42   42   42   42                                   
    62.5-180.0 180.0   5.0 450.0                            LAT/LON1/LON2/DLON/H
   42   41   41   45   47   49   50   52   54   55   56   58   59   61   63   66
   71   78   87   96  106  114  120  123  124  123  120  117  113  109  106  103
  100   96   91   86   79   71   62   54   46   39   34   31   29   29   29   30
   31   33   34   36   38   40   42   43   43   43   43   42   41   40   40   40
   41   41   43   41   42   40   41   40   42                                   
    60.0-180.0 180.0   5.0 450.0                            LAT/LON1/LON2/DLON/H
   41   39   40   42   43   44   44   46   48   51   54   57   60   62   65   69
   74   81   90   99  108  115  120  123  123  123  121  119  117  115  112  109
  106  101   95   87   79   70   61   53   46   40   35   33   31   30   30   29
   29   29   30   32   34   36   38   39   41   41   41   41   40   39   39   39
   39   40   41   40   41   40   40   40   41                                   
    57.5-180.0 180.0   5.0 450.0                            LAT/LON1/LON2/DLON/H
   41   40   40   42   42   42   42   43   45   48   52   57   61   65   69   73
   79   86   94  102  109  114  118  120  120  120  120  120  120  120  119  116
  112  106   99   91   82   73   64   56   50   45   42   40   38   37   35   33
   31   30   30   31   33   36   38   40   41   42   43   43   42   41   41   40
   40   41   42   41   42   41   41   42   41                                   
    55.0-180.0 180.0   5.0 450.0                            LAT/LON1/LON2/DLON/H
   43   43   44   46   45   44   42   41   43   46   51   57   63   68   73   78
   84   91   98  105  110  113  115  115  116  117  119  121  123  125  125  122
  118  111  103   94   85   76   69   62   57   54   52   50   49   46   43   39
   36   34   34   35   37   39   42   44   45   46   47   47   46   45   44   43
   42   43   44   43   44   43   43   44   43                                   
    52.5-180.0 180.0   5.0 450.0                            LAT/LON1/LON2/DLON/H
   47   49   51   52   51   49   45   44   44   47   52   59   66   72   78   84
   91   98  104  109  112  113  112  112  112  115  118  123  127  130  131  129
  123  116  108   99   91   83   77   71   68   66   65   63   62   58   54   49
   45   43   42   43   45   48   50   52   53   54   54   54   53   51   50   48
   47   46   48   47   48   48   48   49   47                                   
    50.0-180.0 180.0   5.0 450.0                            LAT/LON1/LON2/DLON/H
   53   57   59   61   59   58   53   50   50   53   58   65   72   79   86   93
  100  108  113  117  117  116  114  113  114  117  122  128  133  137  137  134
  129  121  113  105   98   92   87   83   80   79   78   77   75   71   66   61
   57   55   54   56   58   60   61   63   63   63   63   63   61   59   57   54
   52   52   53   53   54   54   54   54   53                                   
    47.5-180.0 180.0   5.0 450.0                            LAT/LON1/LON2/DLON/H
   59   64   68   70   69   68   63   61   60   63   68   75   82   89   96  104
  113  120  126  128  127  124  121  120  121  125  131  137  141  143  143  139
  133  126  119  112  107  102   98   95   92   91   90   88   86   82   77   73
   70   68   69   71   72   74   74   74   73   73   72   72   70   67   64   61
   58   57   58   58   60   60   60   60   59                                   
    45.0-180.0 180.0   5.0 450.0                            LAT/LON1/LON2/DLON/H
   63   69   73   77   77   78   74   73   73   77   82   89   95  102  110  119
  128  136  142  144  142  138  135  133  135  139  144  148  151  150  146  141
  135  129  124  120  116  113  110  106  103  100   99   97   94   90   86   83
   81   81   83   85   86   86   84   83   81   80   79   78   77   74   71   67
   63   62   62   63   65   65   65   64   63                                   
    42.5-180.0 180.0   5.0 450.0                            LAT/LON1/LON2/DLON/H
   64   69   73   79   81   83   82   84   86   92   98  105  111  118  126  136
  146  155  160  162  160  156  152  152  153  157  160  161  159  154  148  141
  136  131  129  127  126  124  121  116  111  107  104  101   99   96   93   91
   90   91   93   94   94   92   89   86   84   83   82   82   81   78   75   71
   67   65   64   65   67   68   68   67   64                                   
    40.0-180.0 180.0   5.0 450.0                            LAT/LON1/LON2/DLON/H
   61   65   67   76   79   84   86   91   97  106  114  122  128  135  144  154
  165  174  179  180  178  174  172  171  173  175  175  172  165  157  148  141
  136  135  135  136  137  136  132  126  118  112  107  104  101   99   96   95
   96   96   97   97   95   92   88   84   81   80   80   81   81   79   77   73
   69   66   65   64   66   67   67   68   61                                   
    37.5-180.0 180.0   5.0 450.0                            LAT/LON1/LON2/DLON/H
   55   56   57   67   72   79   85   95  105  117  127  136  144  152  162  173
  184  192  197  197  195  192  190  189  190  190  187  180  170  159  149  143
  141  142  145  149  152  150  145  136  126  118  111  107  104  101   99   98
   98   97   96   94   90   85   80   76   74   74   75   76   77   77   75   73
   69   66   64   63   64   64   63   66   55                                   
    35.0-180.0 180.0   5.0 450.0                            LAT/LON1/LON2/DLON/H
   49   46   45   56   61   69   79   92  107  123  136  148  157  167  178  190
  201  208  212  211  209  206  204  203  202  200  195  186  175  164  155  152
  153  157  163  169  171  169  162  150  138  126  118  112  108  105  103  100
   98   95   92   87   81   75   70   66   65   66   68   70   72   73   73   72
   69   66   64   62   61   60   58   62   49                                   
    32.5-180.0 180.0   5.0 450.0                            LAT/LON1/LON2/DLON/H
   44   39   36   45   50   57   69   85  105  124  141  156  168  180  192  204
  214  220  222  221  219  216  213  211  208  204  199  191  182  174  170  171
  176  183  191  197  198  194  184  170  155  141  131  124  118  114  110  105
  100   94   87   80   73   66   62   59   59   60   63   65   68   70   71   71
   70   67   66   63   61   57   55   60   44                                   
    30.0-180.0 180.0   5.0 450.0                            LAT/LON1/LON2/DLON/H
   41   35   31   38   40   46   58   76   98  120  141  159  175  189  203  215
  223  228  229  227  225  221  217  212  208  205  202  198  194  192  194  200
  210  220  228  233  233  226  213  196  178  163  151  142  135  128  122  115
  106   97   87   78   70   64   60   58   58   59   62   64   67   69   71   73
   72   71   70   67   64   59   55   59   41                                   
    27.5-180.0 180.0   5.0 450.0                            LAT/LON1/LON2/DLON/H
   44   37   31   35   35   39   50   68   91  115  138  160  178  195  210  222
  229  232  231  229  226  222  216  210  206  205  206  209  213  220  229  241
  254  266  274  277  273  262  247  227  208  191  177  166  157  149  140  130
  119  107   95   85   77   71   68   66   65   65   67   69   71   73   76   78
   78   78   77   75   71   65   60   61   44                                   
    25.0-180.0 180.0   5.0 450.0                            LAT/LON1/LON2/DLON/H
   51   45   37   38   37   39   48   64   86  111  136  159  181  199  214  225
  231  232  231  228  225  220  213  207  204  207  215  227  241  256  273  291
  307  319  325  323  315  300  282  262  241  223  208  196  185  174  163  151
  138  125  113  102   95   90   86   83   81   79   78   78   80   82   85   87
   87   87   87   85   82   74   67   66   51                                   
    22.5-180.0 180.0   5.0 450.0                            LAT/LON1/LON2/DLON/H
   63   56   48   46   44   45   52   66   87  112  137  161  183  202  217  226
  231  231  228  226  222  217  211  206  207  215  231  252  275  299  323  344
  361  371  372  365  352  335  316  295  275  256  240  226  213  200  188  175
  162  149  138  129  123  118  114  108  102   97   94   92   92   94   96   98
   98   98   97   96   94   85   77   72   63                                   
    20.0-180.0 180.0   5.0 450.0                            LAT/LON1/LON2/DLON/H
   78   70   62   58   55   56   62   75   95  119  144  168  189  207  220  227
  230  229  226  223  220  216  212  211  216  231  254  284  315  345  372  394
  408  413  408  397  380  362  343  323  305  287  270  253  238  225  212  200
  188  177  167  161  156  152  145  137  127  118  111  107  106  107  109  110
  109  109  106  106  105   96   87   81   78                                   
    17.5-180.0 180.0   5.0 450.0                            LAT/LON1/LON2/DLON/H
   92   84   75   72   69   69   77   89  109  133  157  179  199  214  225  230
  231  230  227  224  222  219  219  222  234  256  286  321  356  388  414  432
  440  438  428  413  395  378  361  344  328  311  293  275  258  243  231  220
  210  202  196  192  189  184  175  163  150  137  127  121  119  120  121  120
  117  116  112  113  112  104   95   90   92                                   
    15.0-180.0 180.0   5.0 450.0                            LAT/LON1/LON2/DLON/H
  102   94   87   84   82   83   93  106  126  150  174  195  213  226  234  238
  238  235  232  229  228  228  232  242  261  288  323  359  393  421  442  453
  454  447  433  416  400  385  371  359  345  329  310  290  271  255  243  233
  227  222  219  217  214  208  198  184  168  153  141  134  131  130  130  128
  122  119  114  114  113  106   98   95  102                                   
    12.5-180.0 180.0   5.0 450.0                            LAT/LON1/LON2/DLON/H
  104   99   93   93   93   96  108  122  143  168  191  213  229  241  248  250
  250  247  244  241  240  243  252  269  294  326  361  395  423  443  456  459
  455  443  428  412  398  387  377  368  356  341  321  299  277  260  248  240
  235  234  233  233  230  223  212  198  181  166  153  144  140  138  136  132
  124  119  112  110  108  103   96   96  104                                   
    10.0-180.0 180.0   5.0 450.0                            LAT/LON1/LON2/DLON/H
  100   97   94   97  101  107  122  137  159  184  207  229  245  257  264  268
  268  267  263  260  259  264  277  300  330  365  397  424  443  454  458  455
  447  435  421  408  397  388  382  375  365  350  328  303  279  260  248  241
  238  237  238  239  236  229  218  205  190  175  163  153  147  143  140  134
  125  118  108  104  101   96   90   92  100                                   
     7.5-180.0 180.0   5.0 450.0                            LAT/LON1/LON2/DLON/H
   92   91   90   96  103  113  132  149  172  196  220  242  260  272  282  288
  291  291  288  284  283  290  306  333  366  399  427  445  453  455  453  448
