data/edconvlstm_nd/pred3400.15i
     1.0            IONOSPHERE MAPS     GNSS                IONEX VERSION / TYPE
pyspatialgeodesy        IME             05-JAN-18 20:20     PGM / RUN BY / DATE 
Map Name                                                    COMMENT             
Predicted global ionosphere maps (GIM).                     DESCRIPTION         
  2015    12     6     0     0     0                        EPOCH OF FIRST MAP  
  2015    12     7     0     0     0                        EPOCH OF LAST MAP   
  7200                                                      INTERVAL            
    13                                                      # OF MAPS IN FILE   
  NONE                                                      MAPPING FUNCTION    
10.0                                                        ELEVATION CUTOFF    
One-way carrier phase leveled to code                       OBSERVABLES USED    
  6371.0                                                    BASE RADIUS         
 2                                                          MAP DIMENSION       
   450.0 450.0   0.0                                        HGT1 / HGT2 / DHGT  
    87.5 -87.5  -2.5                                        LAT1 / LAT2 / DLAT  
  -180.0 180.0   5.0                                        LON1 / LON2 / DLON  
    -1                                                      EXPONENT            
                                                            END OF HEADER       
[from data line 3432]
     9                                                      START OF TEC MAP    
  2015    12     6    16     0     0                        EPOCH OF CURRENT MAP
    87.5-180.0 180.0   5.0 450.0                            LAT/LON1/LON2/DLON/H
   55   62   62   65   69   67   68   64   65   67   67   68   68   68   68   69
   69   69   68   68   67   67   66   65   64   63   62   61   60   59   58   57
   56   55   54   53   52   52   51   51   50   50   50   50   50   50   50   50
   50   51   51   51   51   52   52   52   53   53   54   54   54   55   55   56
   57   57   55   52   56   57   74   77   55                                   
    85.0-180.0 180.0   5.0 450.0                            LAT/LON1/LON2/DLON/H
   60   66   81   63   64   67   67   68   68   71   70   71   71   72   73   73
   73   74   74   74   73   73   72   71   71   69   68   67   65   64   63   61
   60   59   57   56   55   54   53   53   52   52   51   51   51   51   51   51
   51   51   51   52   52   52   53   53   53   54   54   55   56   56   57   58
   59   59   55   52   57   58   69   66   60                                   
    82.5-180.0 180.0   5.0 450.0                            LAT/LON1/LON2/DLON/H
   50   57   66   57   59   61   63   63   64   65   66   67   67   68   69   69
   70   70   70   70   70   70   69   68   67   65   64   62   60   59   57   55
   54   52   51   49   48   47   46   45   44   44   43   43   43   43   43   43
   44   44   44   44   45   45   45   46   46   47   47   48   49   49   50   51
   53   53   50   49   56   65   64   62   50                                   
    80.0-180.0 180.0   5.0 450.0                            LAT/LON1/LON2/DLON/H
   44   49   62   55   57   55   59   59   61   62   62   64   65   66   67   68
   69   70   70   70   70   70   69   68   66   65   63   60   58   56   54   52
   50   48   47   45   43   42   41   40   39   38   38   38   38   38   39   39
   40   40   41   41   42   42   42   42   43   43   44   44   45   46   47   48
   50   51   50   51   52   59   59   64   44                                   
    77.5-180.0 180.0   5.0 450.0                            LAT/LON1/LON2/DLON/H
   57   54   56   51   53   53   56   57   58   59   59   61   62   63   65   67
   68   70   71   72   72   72   71   69   67   64   61   58   55   52   50   47
   45   43   42   40   38   36   34   33   32   31   30   31   31   32   33   35
   36   37   38   39   40   40   41   41   41   41   41   42   42   43   44   45
   47   48   48   49   49   52   56   60   57                                   
    75.0-180.0 180.0   5.0 450.0                            LAT/LON1/LON2/DLON/H
   49   50   51   48   51   51   53   53   54   55   55   57   58   60   62   65
   67   70   72   73   74   74   74   72   69   66   62   58   55   52   49   47
   45   43   42   40   38   36   35   33   32   31   30   31   32   33   35   37
   39   41   43   44   45   45   45   45   45   45   45   45   46   47   48   49
   51   53   53   52   53   51   51   48   49                                   
    72.5-180.0 180.0   5.0 450.0                            LAT/LON1/LON2/DLON/H
   54   51   50   49   48   49   51   50   50   50   49   50   52   54   56   59
   62   66   69   72   74   75   74   73   70   66   62   57   53   49   47   45
   43   42   40   38   36   34   32   29   28   26   26   26   28   30   32   35
   37   39   41   42   43   43   42   42   42   41   42   42   43   44   45   47
   48   49   50   48   48   48   50   50   54                                   
    70.0-180.0 180.0   5.0 450.0                            LAT/LON1/LON2/DLON/H
   50   49   50   48   49   48   48   48   49   49   49   50   51   53   55   59
   63   68   72   77   80   83   83   82   80   76   71   66   61   57   54   51
   50   48   47   45   42   39   36   33   31   29   29   29   30   33   35   38
   41   43   44   45   45   45   44   43   43   43   44   45   46   48   49   51
   52   52   53   51   51   50   53   53   50                                   
    67.5-180.0 180.0   5.0 450.0                            LAT/LON1/LON2/DLON/H
   49   47   47   47   49   48   50   51   51   50   49   50   51   53   55   59
   63   69   74   80   85   89   92   92   90   86   81   76   70   66   62   59
   57   54   52   50   47   43   39   35   32   30   29   30   31   33   36   38
   40   42   42   42   42   41   41   40   40   41   42   44   46   48   50   52
   53   53   52   49   47   47   48   47   49                                   
    65.0-180.0 180.0   5.0 450.0                            LAT/LON1/LON2/DLON/H
   43   43   44   46   47   47   49   50   51   50   50   51   51   53   55   59
   64   70   77   84   91   97  101  103  102   99   95   89   83   77   73   69
   66   63   59   55   51   47   42   38   34   31   30   30   31   33   35   36
   38   38   38   37   36   36   35   35   36   38   40   42   45   47   50   52
   53   53   53   50   48   47   47   46   43                                   
    62.5-180.0 180.0   5.0 450.0                            LAT/LON1/LON2/DLON/H
   39   40   40   43   45   46   47   48   50   50   50   51   52   54   57   61
   66   72   80   88   96  103  109  112  113  111  107  102   96   90   85   80
   75   70   66   60   55   49   43   39   35   32   30   30   31   32   33   33
   33   32   31   30   29   29   29   30   31   33   36   39   42   45   47   49
   50   50   50   47   45   43   42   41   39                                   
    60.0-180.0 180.0   5.0 450.0                            LAT/LON1/LON2/DLON/H
   36   37   37   41   41   41   42   44   46   47   48   49   51   54   57   62
   67   74   81   90   98  106  113  118  120  119  116  111  106  101   95   89
   83   77   70   63   57   50   44   39   35   32   30   30   30   30   29   28
   27   26   24   23   22   22   22   24   26   29   32   35   38   40   43   44
   45   45   45   43   41   39   38   38   36                                   
    57.5-180.0 180.0   5.0 450.0                            LAT/LON1/LON2/DLON/H
   35   35   36   40   40   39   40   41   43   45   47   50   53   57   61   66
   72   79   86   94  102  110  117  122  125  126  124  121  117  112  107  101
   94   86   78   70   62   55   49   43   39   37   35   34   33   32   30   28
   26   23   21   20   20   20   21   23   26   28   31   34   37   39   40   41
   42   42   43   41   40   38   37   37   35                                   
    55.0-180.0 180.0   5.0 450.0                            LAT/LON1/LON2/DLON/H
   38   39   40   42   41   39   39   40   42   44   47   51   56   61   67   73
   80   87   94  100  107  114  120  125  128  130  130  128  126  122  118  112
  105   96   87   78   70   63   56   51   47   45   43   41   40   38   35   31
   28   25   23   22   22   22   24   26   29   32   35   37   38   39   40   40
   40   41   42   41   41   40   39   39   38                                   
    52.5-180.0 180.0   5.0 450.0                            LAT/LON1/LON2/DLON/H
   44   46   46   48   46   44   42   42   44   46   50   55   61   68   75   83
   91   98  104  109  114  119  123  128  131  133  134  134  133  131  127  122
  115  106   97   88   80   73   68   63   59   57   54   52   50   47   43   39
   35   32   29   29   29   30   32   34   37   39   41   42   42   42   42   42
   42   43   45   45   45   45   45   45   44                                   
    50.0-180.0 180.0   5.0 450.0                            LAT/LON1/LON2/DLON/H
   53   56   56   58   55   52   49   48   49   52   56   62   69   77   86   95
  104  112  117  121  124  126  129  132  134  136  137  138  138  137  135  130
  124  116  107   99   92   87   82   77   74   71   68   66   63   59   54   49
   45   42   40   39   40   41   43   45   48   49   50   50   49   48   47   47
   47   48   50   51   52   53   54   53   53                                   
    47.5-180.0 180.0   5.0 450.0                            LAT/LON1/LON2/DLON/H
   63   67   68   69   66   63   59   58   59   63   67   74   81   89   99  109
  119  128  133  136  137  137  138  139  140  141  141  142  141  141  139  136
  130  124  117  110  105  101   97   93   89   86   83   79   76   71   66   61
   57   54   52   52   52   53   55   56   58   58   58   57   55   54   53   53
   53   55   58   59   61   63   64   63   63                                   
    45.0-180.0 180.0   5.0 450.0                            LAT/LON1/LON2/DLON/H
   71   76   77   79   77   74   71   71   72   77   82   88   95  103  113  124
  135  144  150  152  152  150  149  149  148  148  147  146  144  143  141  138
  133  129  124  120  117  115  111  107  103   99   95   91   87   82   76   71
   68   65   63   62   62   62   63   64   65   65   64   62   61   60   60   60
   61   62   65   67   69   72   74   73   71                                   
    42.5-180.0 180.0   5.0 450.0                            LAT/LON1/LON2/DLON/H
   74   79   81   86   85   84   82   84   87   93   99  106  112  120  129  139
  150  159  165  167  167  165  163  161  160  158  155  151  147  143  140  137
  134  131  130  129  128  127  124  120  114  109  104  100   95   90   84   79
   75   72   70   68   67   66   66   66   67   67   66   65   64   64   65   67
   67   69   71   72   74   77   79   78   74                                   
    40.0-180.0 180.0   5.0 450.0                            LAT/LON1/LON2/DLON/H
   73   77   79   86   87   88   88   93   99  108  115  123  129  136  144  154
  163  172  178  181  181  179  177  175  173  169  164  157  150  144  139  136
  134  134  135  137  138  138  135  130  123  117  111  106  100   95   89   84
   80   76   73   70   66   64   63   63   64   65   65   65   65   67   69   71
   72   72   74   74   74   77   78   78   73                                   
    37.5-180.0 180.0   5.0 450.0                            LAT/LON1/LON2/DLON/H
   67   69   71   81   83   86   90   98  107  118  128  138  145  152  159  167
  175  183  188  192  193  192  190  188  185  180  173  164  154  146  140  137
  137  139  143  147  151  151  147  140  132  124  116  110  104   98   92   87
   83   79   74   69   64   60   58   58   59   61   62   63   64   66   69   72
   73   72   73   72   71   72   72   73   67                                   
    35.0-180.0 180.0   5.0 450.0                            LAT/LON1/LON2/DLON/H
   60   59   59   70   74   78   85   96  109  124  137  149  158  166  173  179
  185  191  196  200  202  202  201  198  194  188  181  171  160  152  146  145
  147  152  158  164  167  167  161  152  142  131  123  115  108  102   97   92
   88   83   77   70   63   57   54   54   56   58   59   61   63   65   68   70
   71   70   69   67   65   64   62   65   60                                   
    32.5-180.0 180.0   5.0 450.0                            LAT/LON1/LON2/DLON/H
   53   50   48   59   63   67   75   89  105  123  140  156  168  177  184  189
  193  198  202  206  208  209  207  203  198  193  187  179  171  164  161  162
  167  174  182  188  191  188  180  168  155  143  132  123  116  110  106  102
   98   93   85   76   67   60   56   55   56   58   60   61   62   64   66   68
   68   66   65   62   58   56   54   57   53                                   
    30.0-180.0 180.0   5.0 450.0                            LAT/LON1/LON2/DLON/H
   49   44   41   50   53   56   65   79   97  118  139  157  173  184  192  197
  201  203  207  210  212  212  208  203  199  195  192  189  186  184  185  190
  198  207  215  221  221  215  204  189  174  159  146  136  129  124  121  119
  115  110  101   91   80   71   66   64   64   65   65   65   66   66   67   68
   66   63   62   58   55   51   50   53   49                                   
    27.5-180.0 180.0   5.0 450.0                            LAT/LON1/LON2/DLON/H
   48   43   38   45   47   48   56   69   88  110  133  155  174  188  198  204
  206  208  210  213  214  212  207  200  196  196  198  203  208  213  219  228
  238  248  256  259  257  247  233  215  197  180  166  155  148  144  143  143
  140  135  125  114  102   91   84   80   78   77   76   75   73   72   71   70
   68   65   63   59   56   52   52   52   48                                   
    25.0-180.0 180.0   5.0 450.0                            LAT/LON1/LON2/DLON/H
   52   47   41   45   46   47   53   64   82  103  127  150  172  189  201  208
  211  212  213  215  214  211  204  197  194  198  208  222  235  248  260  272
  284  294  301  301  295  282  264  243  223  205  190  179  172  170  170  171
  169  164  154  142  129  118  108  102   97   94   91   88   85   81   79   76
   73   70   68   64   62   58   59   57   52                                   
    22.5-180.0 180.0   5.0 450.0                            LAT/LON1/LON2/DLON/H
   60   55   48   50   51   52   56   65   81  100  122  145  167  186  200  209
  213  215  216  216  214  209  202  196  197  207  224  246  268  288  305  320
  332  341  345  341  331  314  293  271  250  232  216  205  199  198  199  200
  198  191  181  168  156  144  134  124  117  111  107  102   98   93   89   86
   82   80   77   73   72   69   71   66   60                                   
    20.0-180.0 180.0   5.0 450.0                            LAT/LON1/LON2/DLON/H
   69   64   57   59   60   62   66   74   87  104  123  143  164  183  198  208
  214  217  218  218  215  210  204  201  206  222  247  276  305  329  349  364
  375  381  381  373  359  340  318  296  276  257  242  231  225  223  224  224
  219  211  199  187  175  164  153  143  133  126  120  115  110  104  100   96
   92   90   88   84   83   81   83   77   69                                   
    17.5-180.0 180.0   5.0 450.0                            LAT/LON1/LON2/DLON/H
   77   73   66   67   70   74   80   88  100  114  129  146  163  180  196  208
  215  219  221  220  218  214  211  213  225  247  277  311  342  368  388  400
  407  408  403  393  376  356  335  315  296  280  265  254  246  243  241  237
  229  218  205  193  183  174  164  153  143  135  129  124  119  113  109  105
  102  100   97   93   92   91   92   86   77                                   
    15.0-180.0 180.0   5.0 450.0                            LAT/LON1/LON2/DLON/H
   81   78   72   74   78   84   93  103  116  130  142  155  168  182  197  209
  218  224  226  226  224  223  224  233  252  279  313  347  378  402  417  425
  425  421  412  398  382  363  344  327  312  297  283  271  261  254  248  239
  227  212  198  187  179  172  164  155  146  138  132  128  124  119  115  112
  109  108  104  100   99   97   97   92   81                                   
    12.5-180.0 180.0   5.0 450.0                            LAT/LON1/LON2/DLON/H
   81   78   73   75   81   89  103  117  132  147  158  169  179  190  202  215
  225  232  235  235  234  236  244  260  285  317  351  383  410  428  436  437
  431  421  409  395  379  362  347  334  322  310  296  282  269  258  246  232
  215  197  183  173  167  163  159  152  145  138  133  129  126  122  119  117
  114  113  109  103  101   98   96   93   81                                   
    10.0-180.0 180.0   5.0 450.0                            LAT/LON1/LON2/DLON/H
   76   73   68   72   78   89  107  124  144  161  175  185  194  203  214  226
  237  245  248  248  249  255  269  292  323  356  388  415  434  444  446  440
  429  416  402  388  373  360  349  339  331  320  305  289  272  256  239  220
  200  181  166  158  155  154  152  149  144  139  134  131  127  124  122  120
  117  115  110  104   99   95   91   89   76                                   
     7.5-180.0 180.0   5.0 450.0                            LAT/LON1/LON2/DLON/H
   69   66   61   65   72   84  106  126  150  171  189  202  212  221  231  243
  254  262  266  267  269  278  297  326  360  393  421  439  450  453  448  438
