data/edconvlstm_nd/pred1310.15i
     1.0            IONOSPHERE MAPS     GNSS                IONEX VERSION / TYPE
pyspatialgeodesy        IME             05-JAN-18 20:20     PGM / RUN BY / DATE 
Map Name                                                    COMMENT             
Predicted global ionosphere maps (GIM).                     DESCRIPTION         
  2015     5    11     0     0     0                        EPOCH OF FIRST MAP  
  2015     5    12     0     0     0                        EPOCH OF LAST MAP   
  7200                                                      INTERVAL            
    13                                                      # OF MAPS IN FILE   
  NONE                                                      MAPPING FUNCTION    
10.0                                                        ELEVATION CUTOFF    
One-way carrier phase leveled to code                       OBSERVABLES USED    
  6371.0                                                    BASE RADIUS         
 2                                                          MAP DIMENSION       
   450.0 450.0   0.0                                        HGT1 / HGT2 / DHGT  
    87.5 -87.5  -2.5                                        LAT1 / LAT2 / DLAT  
  -180.0 180.0   5.0                                        LON1 / LON2 / DLON  
    -1                                                      EXPONENT            
                                                            END OF HEADER       
[from data line 3432]
     9                                                      START OF TEC MAP    
  2015     5    11    16     0     0                        EPOCH OF CURRENT MAP
    87.5-180.0 180.0   5.0 450.0                            LAT/LON1/LON2/DLON/H
  198  189  178  185  188  189  188  187  188  189  189  189  190  190  190  190
  191  191  191  191  191  191  191  190  190  189  189  188  188  187  186  185
  184  182  181  180  179  177  176  175  174  173  172  172  171  171  170  170
  170  170  170  171  171  172  172  173  173  174  174  175  176  177  177  178
  178  179  179  180  188  188  188  193  198                                   
    85.0-180.0 180.0   5.0 450.0                            LAT/LON1/LON2/DLON/H
  180  180  186  183  182  186  186  187  187  187  187  187  188  188  188  188
  189  189  189  189  189  190  190  190  190  189  189  189  188  187  186  185
  184  182  181  179  177  176  174  173  172  170  169  169  168  168  168  168
  168  168  169  170  170  171  172  173  174  174  175  176  177  178  179  180
  181  182  181  182  184  177  182  188  180                                   
    82.5-180.0 180.0   5.0 450.0                            LAT/LON1/LON2/DLON/H
  158  171  173  171  172  177  177  177  177  178  178  178  179  180  180  181
  182  183  183  184  185  185  186  187  187  188  188  188  187  187  186  184
  183  181  179  176  174  171  169  167  165  163  162  161  161  160  160  161
  161  162  163  164  165  166  168  169  170  171  172  173  174  175  176  176
  177  177  175  179  178  181  178  166  158                                   
    80.0-180.0 180.0   5.0 450.0                            LAT/LON1/LON2/DLON/H
  153  164  168  167  165  167  168  170  172  173  173  174  176  177  178  180
  181  182  183  184  185  186  187  188  189  190  191  191  191  191  190  188
  186  183  180  177  174  171  167  164  162  160  158  157  156  156  157  157
  158  159  161  162  163  165  166  167  169  170  171  172  173  173  174  175
  176  175  173  175  172  166  167  158  153                                   
    77.5-180.0 180.0   5.0 450.0                            LAT/LON1/LON2/DLON/H
  157  162  165  165  162  164  163  165  167  168  168  170  173  175  177  179
  180  182  183  184  186  187  189  191  193  195  197  198  199  200  200  199
  197  194  191  187  184  180  176  172  169  167  165  164  163  163  164  165
  166  167  169  170  171  172  173  174  175  175  176  176  177  177  178  178
  178  177  174  175  175  165  165  160  157                                   
    75.0-180.0 180.0   5.0 450.0                            LAT/LON1/LON2/DLON/H
  157  163  162  163  160  162  161  162  164  166  167  170  173  175  178  180
  182  184  185  187  188  190  192  195  198  201  204  206  208  210  210  209
  207  205  201  197  193  188  184  180  177  174  172  171  170  171  171  172
  174  175  176  177  178  178  178  177  177  177  177  176  176  176  177  177
  177  176  174  171  171  163  164  153  157                                   
    72.5-180.0 180.0   5.0 450.0                            LAT/LON1/LON2/DLON/H
  158  164  163  165  161  164  163  163  164  166  167  170  173  177  180  182
  185  186  187  189  190  193  195  199  202  206  210  213  216  218  219  219
  217  214  211  207  202  197  193  189  185  183  181  180  180  180  181  182
  183  184  184  184  183  182  180  178  177  175  173  173  172  172  172  172
  172  171  169  167  166  160  161  156  158                                   
    70.0-180.0 180.0   5.0 450.0                            LAT/LON1/LON2/DLON/H
  160  165  165  169  165  168  167  167  168  169  171  174  178  181  184  186
  188  190  191  192  193  196  199  203  207  211  216  220  223  225  226  226
  224  221  217  213  208  203  198  194  192  190  189  188  188  189  189  190
  190  190  189  188  185  182  178  174  171  167  165  163  163  163  163  164
  164  163  163  161  161  157  160  156  160                                   
    67.5-180.0 180.0   5.0 450.0                            LAT/LON1/LON2/DLON/H
  162  169  170  177  175  179  178  178  178  179  180  183  187  190  192  194
  196  196  197  198  199  202  205  209  214  218  223  227  230  232  232  232
  230  227  223  218  213  208  204  201  200  199  198  199  199  199  200  200
  199  197  195  192  187  182  176  170  165  160  157  155  154  154  155  156
  155  156  155  153  153  151  154  153  162                                   
    65.0-180.0 180.0   5.0 450.0                            LAT/LON1/LON2/DLON/H
  160  170  172  182  182  187  186  186  186  187  188  191  194  196  198  199
  200  200  200  201  202  205  208  213  217  222  227  230  233  235  235  234
  233  229  225  220  214  210  206  205  204  205  206  207  207  207  207  206
  204  201  197  192  185  178  170  163  156  151  147  144  143  144  144  145
  145  146  145  144  145  145  149  149  160                                   
    62.5-180.0 180.0   5.0 450.0                            LAT/LON1/LON2/DLON/H
  155  168  172  184  187  193  193  193  193  194  195  198  200  202  203  203
  203  202  202  202  203  206  210  215  220  225  229  232  235  236  236  236
  234  231  226  221  215  211  209  208  209  212  214  215  216  216  214  212
  208  204  198  191  183  175  166  158  151  145  141  138  137  137  138  139
  138  138  137  135  136  136  139  141  155                                   
    60.0-180.0 180.0   5.0 450.0                            LAT/LON1/LON2/DLON/H
  147  162  169  182  187  194  195  195  196  197  198  201  202  203  204  203
  202  201  200  200  202  204  208  213  219  224  228  232  235  236  237  237
  236  233  228  223  218  214  213  213  216  220  223  226  226  225  222  218
  213  207  201  193  184  175  166  158  151  145  142  139  138  137  137  137
  135  134  132  129  129  128  130  132  147                                   
    57.5-180.0 180.0   5.0 450.0                            LAT/LON1/LON2/DLON/H
  138  155  164  177  183  191  193  193  195  196  198  200  202  202  201  200
  199  198  197  197  198  201  205  210  216  222  227  232  235  238  240  241
  241  239  235  229  224  221  220  222  226  231  235  238  237  235  231  226
  220  213  206  198  189  180  172  164  158  154  150  148  146  145  144  143
  140  137  133  128  126  124  124  125  138                                   
    55.0-180.0 180.0   5.0 450.0                            LAT/LON1/LON2/DLON/H
  132  148  160  171  178  186  188  189  191  193  195  197  198  198  197  196
  195  194  194  194  195  197  201  206  213  220  226  232  237  242  246  249
  250  249  245  240  235  232  231  234  239  245  250  251  250  246  241  235
  229  222  214  206  197  189  182  177  172  169  166  163  161  158  157  154
  151  147  142  135  130  125  123  124  132                                   
    52.5-180.0 180.0   5.0 450.0                            LAT/LON1/LON2/DLON/H
  130  144  156  166  173  182  185  186  188  190  192  194  195  194  193  192
  192  192  192  192  193  194  198  203  210  219  227  235  242  248  255  260
  263  263  261  256  251  247  247  250  255  261  265  265  263  258  252  245
  238  231  224  215  208  201  196  192  189  187  184  181  178  175  172  170
  166  162  156  149  141  133  128  128  130                                   
    50.0-180.0 180.0   5.0 450.0                            LAT/LON1/LON2/DLON/H
  132  145  155  163  170  180  184  186  189  192  194  196  195  193  192  191
  192  193  194  194  194  195  198  203  211  221  231  241  251  259  267  274
  279  281  279  275  270  266  266  268  273  277  280  279  274  268  262  255
  248  241  233  225  218  212  208  207  206  205  202  198  194  190  187  185
  182  180  174  167  158  147  139  139  132                                   
    47.5-180.0 180.0   5.0 450.0                            LAT/LON1/LON2/DLON/H
  139  149  157  165  172  183  188  191  196  200  203  203  201  198  195  195
  196  198  200  200  199  199  201  207  216  227  240  252  264  274  284  292
  298  301  300  297  292  288  287  289  292  294  294  290  284  277  270  263
  256  248  240  232  224  220  218  218  219  218  216  211  206  201  199  198
  196  195  191  185  175  164  154  154  139                                   
    45.0-180.0 180.0   5.0 450.0                            LAT/LON1/LON2/DLON/H
  149  156  162  170  178  190  197  202  209  215  218  217  214  209  206  205
  206  208  210  209  208  207  209  215  225  238  253  267  280  292  302  312
  319  323  323  320  316  313  311  311  311  310  306  300  292  284  276  269
  262  254  244  235  228  223  222  224  226  226  223  219  213  208  206  206
  206  207  204  200  190  179  168  168  149                                   
    42.5-180.0 180.0   5.0 450.0                            LAT/LON1/LON2/DLON/H
  159  164  167  177  186  199  209  217  226  234  238  238  233  227  222  220
  221  223  223  222  219  218  220  227  238  253  269  285  299  312  323  333
  341  347  348  347  344  340  338  335  332  327  319  310  299  290  282  274
  267  257  247  236  228  224  223  225  228  229  227  223  217  213  211  212
  212  214  212  210  200  189  178  178  159                                   
    40.0-180.0 180.0   5.0 450.0                            LAT/LON1/LON2/DLON/H
  167  170  172  184  196  210  222  233  244  254  260  260  256  249  244  241
  240  240  239  237  233  232  234  242  254  270  287  304  320  334  346  357
  367  375  379  379  377  374  369  364  357  347  335  322  309  298  289  281
  272  261  250  238  229  225  224  227  231  233  232  228  224  220  219  218
  218  219  216  213  203  193  183  182  167                                   
    37.5-180.0 180.0   5.0 450.0                            LAT/LON1/LON2/DLON/H
  171  175  175  188  202  218  233  246  260  272  280  282  279  273  268  264
  263  261  258  254  250  248  251  259  272  289  307  326  343  359  374  388
  400  411  418  421  420  415  408  398  387  372  356  339  323  310  300  290
  280  269  257  245  236  231  231  234  238  241  242  241  237  234  232  231
  228  226  220  214  203  193  183  179  171                                   
    35.0-180.0 180.0   5.0 450.0                            LAT/LON1/LON2/DLON/H
  175  178  177  190  206  221  239  254  270  284  294  300  300  297  293  290
  287  284  279  273  269  267  270  278  292  310  330  351  371  390  408  426
  444  459  470  475  473  466  454  440  423  404  383  363  344  329  317  306
  295  283  271  259  251  246  246  249  254  259  263  264  262  260  257  252
  245  238  227  217  203  192  182  175  175                                   
    32.5-180.0 180.0   5.0 450.0                            LAT/LON1/LON2/DLON/H
  179  181  179  191  206  221  240  255  272  289  302  311  316  317  317  315
  313  309  303  296  291  289  292  301  315  333  355  379  403  427  451  476
  499  520  534  539  535  523  507  487  465  441  417  393  372  355  340  328
  316  305  293  284  276  272  272  276  282  289  296  300  300  297  293  284
  271  259  241  226  208  194  184  173  179                                   
    30.0-180.0 180.0   5.0 450.0                            LAT/LON1/LON2/DLON/H
  187  187  183  194  207  220  238  253  270  287  303  317  326  333  338  340
  340  336  330  323  317  315  318  326  340  360  384  412  442  472  503  535
  564  589  604  608  599  582  559  535  509  483  456  430  406  386  369  355
  343  333  324  317  312  309  310  314  321  331  340  347  349  346  338  325
  306  287  264  243  221  202  190  176  187                                   
    27.5-180.0 180.0   5.0 450.0                            LAT/LON1/LON2/DLON/H
  199  197  189  198  210  221  237  250  267  284  302  319  334  346  356  363
  366  365  360  354  348  345  347  355  369  390  418  451  487  524  562  599
  633  658  671  669  655  632  605  578  550  523  495  467  442  419  400  385
  373  365  359  355  353  351  352  356  365  377  390  400  403  398  387  369
  345  321  293  269  241  218  204  187  199                                   
    25.0-180.0 180.0   5.0 450.0                            LAT/LON1/LON2/DLON/H
  214  211  198  205  215  223  238  250  265  283  301  321  340  357  372  384
  391  394  392  388  382  378  379  386  401  425  458  495  537  579  622  661
  693  714  721  713  692  665  637  610  584  558  531  503  475  450  429  412
  401  394  391  390  390  389  391  395  405  419  435  447  450  444  430  408
  381  355  325  298  267  239  223  205  214                                   
    22.5-180.0 180.0   5.0 450.0                            LAT/LON1/LON2/DLON/H
  231  228  210  212  220  227  240  252  267  285  304  326  347  368  387  403
  415  423  425  423  418  414  414  421  438  465  502  544  590  634  675  710
  736  749  748  733  709  681  653  628  607  585  560  532  503  475  451  433
  421  416  414  414  414  414  415  420  430  446  463  475  478  470  454  430
  404  380  351  325  292  262  244  228  231                                   
    20.0-180.0 180.0   5.0 450.0                            LAT/LON1/LON2/DLON/H
  246  244  222  219  224  230  243  256  272  291  311  334  357  379  400  420
  436  449  456  457  454  450  450  458  478  510  551  596  640  680  713  738
  755  760  753  734  709  680  655  636  619  602  581  554  524  493  467  446
  433  426  424  423  422  421  421  426  436  452  468  479  480  470  452  429
  405  386  364  341  310  280  264  251  246                                   
    17.5-180.0 180.0   5.0 450.0                            LAT/LON1/LON2/DLON/H
  255  255  232  224  227  232  246  261  279  300  321  344  368  390  412  433
  454  471  483  488  487  484  486  498  522  558  600  642  679  708  729  744
  753  752  742  722  696  670  650  636  625  613  595  569  538  506  476  454
  438  427  421  417  413  410  410  414  424  438  452  460  457  445  426  405
  385  372  358  341  315  288  275  266  255                                   
    15.0-180.0 180.0   5.0 450.0                            LAT/LON1/LON2/DLON/H
  256  256  235  225  227  232  249  267  288  310  332  356  379  401  422  444
  467  489  505  514  516  516  521  536  565  602  642  675  699  716  727  735
  739  735  723  703  679  658  642  634  628  621  605  580  549  515  484  458
  438  423  411  402  395  389  388  391  400  411  421  425  418  403  384  364
  349  342  334  324  305  283  275  268  256                                   
    12.5-180.0 180.0   5.0 450.0                            LAT/LON1/LON2/DLON/H
  247  247  229  219  221  227  249  271  296  320  343  366  389  410  431  453
  477  501  521  533  539  543  552  572  602  636  668  691  705  714  719  722
  722  716  703  685  665  649  639  635  634  629  615  590  558  523  490  462
  438  418  400  386  374  366  363  366  372  380  385  384  374  356  337  318
  305  302  299  295  283  267  262  256  247                                   
    10.0-180.0 180.0   5.0 450.0                            LAT/LON1/LON2/DLON/H
  229  230  215  207  209  218  245  271  300  326  350  374  397  418  438  460
  484  509  531  547  556  564  577  598  627  656  681  697  707  711  713  713
  709  702  689  673  658  647  642  643  644  640  625  600  566  531  497  467
  440  416  393  374  359  349  344  345  349  354  354  348  334  315  295  276
  264  262  262  260  254  243  240  235  229                                   
     7.5-180.0 180.0   5.0 450.0                            LAT/LON1/LON2/DLON/H
  208  208  196  189  192  205  236  267  300  328  354  379  402  424  444  466
  489  514  537  554  567  579  594  616  642  668  689  704  711  713  713  711
