data/edconvlstm_nd/pred0900.15i
     1.0            IONOSPHERE MAPS     GNSS                IONEX VERSION / TYPE
pyspatialgeodesy        IME             05-JAN-18 20:20     PGM / RUN BY / DATE 
Map Name                                                    COMMENT             
Predicted global ionosphere maps (GIM).                     DESCRIPTION         
  2015     3    31     0     0     0                        EPOCH OF FIRST MAP  
  2015     4     1     0     0     0                        EPOCH OF LAST MAP   
  7200                                                      INTERVAL            
    13                                                      # OF MAPS IN FILE   
  NONE                                                      MAPPING FUNCTION    
10.0                                                        ELEVATION CUTOFF    
One-way carrier phase leveled to code                       OBSERVABLES USED    
  6371.0                                                    BASE RADIUS         
 2                                                          MAP DIMENSION       
   450.0 450.0   0.0                                        HGT1 / HGT2 / DHGT  
    87.5 -87.5  -2.5                                        LAT1 / LAT2 / DLAT  
  -180.0 180.0   5.0                                        LON1 / LON2 / DLON  
    -1                                                      EXPONENT            
                                                            END OF HEADER       
[from data line 5148]
    13                                                      START OF TEC MAP    
  2015     4     1     0     0     0                        EPOCH OF CURRENT MAP
    87.5-180.0 180.0   5.0 450.0                            LAT/LON1/LON2/DLON/H
  156  168  177  165  159  159  156  153  152  150  149  149  147  146  145  144
  143  142  141  140  138  137  136  135  133  132  131  129  128  127  126  125
  125  124  124  124  124  124  124  125  125  126  127  128  129  130  131  132
  133  135  136  137  139  140  142  143  144  146  147  149  150  151  153  155
  156  158  159  160  158  155  163  175  156                                   
    85.0-180.0 180.0   5.0 450.0                            LAT/LON1/LON2/DLON/H
  177  180  168  169  171  171  167  164  163  161  159  158  156  155  153  152
  150  149  147  145  143  141  139  136  134  131  129  126  124  121  120  118
  117  116  115  115  115  116  117  118  119  121  123  125  127  128  130  133
  135  137  139  141  143  145  147  149  151  153  155  158  160  162  164  166
  169  171  174  177  170  175  180  190  177                                   
    82.5-180.0 180.0   5.0 450.0                            LAT/LON1/LON2/DLON/H
  184  184  188  184  183  181  177  175  174  171  168  167  165  163  162  160
  158  157  155  153  151  148  145  141  137  133  129  125  122  118  115  113
  111  110  109  109  109  110  112  113  115  117  119  122  124  127  129  132
  135  137  140  143  146  149  152  155  159  162  165  169  172  175  178  182
  184  186  189  189  187  177  186  188  184                                   
    80.0-180.0 180.0   5.0 450.0                            LAT/LON1/LON2/DLON/H
  200  200  196  192  193  193  192  191  190  185  183  181  179  177  175  173
  172  170  168  165  163  159  155  151  146  140  135  129  124  120  116  113
  111  110  109  110  111  113  114  116  119  121  123  126  128  130  133  135
  138  141  144  147  151  154  158  162  167  171  175  180  184  188  193  197
  200  201  204  205  210  201  212  216  200                                   
    77.5-180.0 180.0   5.0 450.0                            LAT/LON1/LON2/DLON/H
  221  215  213  212  206  204  205  205  203  199  196  193  191  189  186  184
  182  180  178  176  173  170  166  161  155  149  143  137  132  127  123  121
  119  118  119  120  121  123  125  127  128  130  131  132  133  135  136  138
  140  142  145  148  152  156  160  165  170  176  181  187  193  198  204  210
  213  217  219  221  225  225  231  242  221                                   
    75.0-180.0 180.0   5.0 450.0                            LAT/LON1/LON2/DLON/H
  244  236  232  232  224  222  220  218  216  211  207  204  201  197  194  190
  187  184  182  180  177  175  171  167  162  156  150  144  139  134  131  129
  128  128  129  131  133  135  136  138  138  138  138  137  137  136  136  137
  138  140  142  145  148  152  157  162  167  173  180  187  194  201  208  216
  221  227  231  229  234  242  248  261  244                                   
    72.5-180.0 180.0   5.0 450.0                            LAT/LON1/LON2/DLON/H
  253  258  255  251  244  240  236  233  231  225  220  216  211  205  198  193
  187  183  180  178  176  174  172  168  164  159  153  148  143  138  135  134
  133  134  135  137  139  141  142  142  141  140  138  135  133  131  130  130
  130  132  134  136  140  144  148  153  159  166  173  181  190  198  207  217
  224  232  241  241  246  253  262  278  253                                   
    70.0-180.0 180.0   5.0 450.0                            LAT/LON1/LON2/DLON/H
  273  277  275  273  266  260  255  251  248  242  236  230  223  214  204  195
  187  180  176  174  172  172  171  168  165  160  154  149  144  139  136  134
  134  135  136  137  139  140  140  139  137  134  131  127  124  121  119  118
  119  121  123  126  130  135  140  145  152  159  168  177  186  196  207  218
  228  237  248  252  260  270  279  291  273                                   
    67.5-180.0 180.0   5.0 450.0                            LAT/LON1/LON2/DLON/H
  288  298  295  293  286  280  274  268  265  259  253  246  236  225  212  199
  188  179  173  171  170  170  170  169  165  160  153  147  141  135  132  130
  129  129  129  130  130  130  129  127  124  121  116  112  108  105  103  103
  104  107  110  115  120  125  131  138  145  153  163  173  183  195  207  219
  230  241  253  259  271  282  291  303  288                                   
    65.0-180.0 180.0   5.0 450.0                            LAT/LON1/LON2/DLON/H
  300  311  309  306  300  294  287  282  279  274  269  262  252  239  223  208
  193  183  176  173  174  175  175  173  168  161  152  144  136  130  126  123
  121  120  119  118  117  115  113  111  108  104   99   95   91   88   86   86
   88   92   97  104  110  117  124  132  140  150  160  171  183  196  209  222
  233  245  258  265  278  291  300  310  300                                   
    62.5-180.0 180.0   5.0 450.0                            LAT/LON1/LON2/DLON/H
  308  320  318  315  309  302  295  291  290  286  283  278  269  255  239  221
  206  194  187  185  185  186  185  181  173  163  152  141  132  126  122  119
  116  114  111  108  105  102  100   97   94   91   87   83   79   76   75   76
   79   83   89   96  104  113  122  131  140  150  162  174  187  201  215  228
  240  252  266  273  283  296  305  315  308                                   
    60.0-180.0 180.0   5.0 450.0                            LAT/LON1/LON2/DLON/H
  314  326  323  318  314  306  298  295  295  293  292  290  283  271  255  238
  223  211  204  201  201  200  197  189  178  165  151  140  131  125  122  119
  116  112  107  102   98   94   92   89   87   85   82   78   75   72   71   72
   74   79   86   94  103  113  123  133  144  155  167  180  194  209  224  238
  251  263  276  283  291  300  309  318  314                                   
    57.5-180.0 180.0   5.0 450.0                            LAT/LON1/LON2/DLON/H
  323  335  330  324  320  311  302  298  298  298  298  298  294  284  271  255
  241  229  222  219  217  214  207  196  182  167  153  142  135  131  128  126
  122  116  109  103   97   93   91   90   89   87   85   81   78   75   74   74
   77   82   89   97  108  119  130  140  151  163  176  190  205  221  237  252
  265  278  292  298  303  309  317  326  323                                   
    55.0-180.0 180.0   5.0 450.0                            LAT/LON1/LON2/DLON/H
  339  351  345  336  332  322  312  307  305  304  304  304  301  294  283  269
  256  245  237  232  228  222  213  201  186  171  159  150  145  143  142  139
  134  127  118  110  104  100   99   98   98   97   95   92   88   85   84   84
   86   91   97  106  117  129  140  151  163  175  188  202  219  236  254  271
  285  299  313  319  323  325  331  341  339                                   
    52.5-180.0 180.0   5.0 450.0                            LAT/LON1/LON2/DLON/H
  364  377  368  359  355  345  334  325  321  316  314  312  309  302  292  279
  266  254  245  238  232  225  216  204  191  179  169  163  161  161  160  157
  150  141  131  122  116  112  112  112  113  112  110  107  103  100   98   99
  101  104  111  120  130  142  154  166  177  189  202  218  235  254  273  292
  309  325  340  345  349  350  355  364  364                                   
    50.0-180.0 180.0   5.0 450.0                            LAT/LON1/LON2/DLON/H
  397  412  402  393  390  380  368  357  348  339  331  325  319  310  299  285
  271  257  246  237  230  224  217  208  199  190  184  181  181  181  179  174
  165  155  144  135  129  127  127  128  129  128  126  122  118  116  115  116
  119  123  128  136  146  157  170  182  193  205  219  235  254  273  294  315
  333  352  368  374  380  382  385  393  397                                   
    47.5-180.0 180.0   5.0 450.0                            LAT/LON1/LON2/DLON/H
  431  450  444  435  433  425  414  400  387  372  358  346  334  322  307  291
  273  257  243  232  226  222  219  215  210  205  202  201  200  198  193  185
  175  164  153  146  142  140  141  142  143  141  138  135  132  131  132  135
  138  141  146  152  161  172  184  196  209  221  236  253  272  292  314  335
  354  374  391  400  410  415  419  423  431                                   
    45.0-180.0 180.0   5.0 450.0                            LAT/LON1/LON2/DLON/H
  464  487  486  481  480  475  465  451  435  414  394  374  357  339  320  299
  277  257  241  230  225  224  225  226  225  223  221  218  213  207  198  188
  176  166  158  153  151  151  152  153  152  150  148  145  143  144  147  151
  154  157  160  165  173  184  196  209  222  236  252  270  290  310  330  350
  369  389  407  418  434  441  448  449  464                                   
    42.5-180.0 180.0   5.0 450.0                            LAT/LON1/LON2/DLON/H
  489  517  522  521  522  521  515  503  486  462  436  411  387  363  339  313
  287  264  246  236  233  235  239  243  244  242  238  230  220  208  195  182
  172  164  160  159  159  160  161  161  160  157  155  153  153  155  159  164
  167  170  172  175  182  193  206  220  235  250  268  288  308  327  345  361
  378  396  414  428  447  458  468  467  489                                   
    40.0-180.0 180.0   5.0 450.0                            LAT/LON1/LON2/DLON/H
  508  538  548  551  554  557  555  548  533  508  480  451  422  394  365  335
  306  281  264  255  254  257  262  265  265  261  251  238  222  205  189  177
  169  166  167  169  172  173  174  172  169  166  164  162  163  165  169  173
  176  177  178  180  187  197  211  227  244  263  283  305  326  344  358  371
  384  400  417  432  453  466  479  478  508                                   
    37.5-180.0 180.0   5.0 450.0                            LAT/LON1/LON2/DLON/H
  522  553  566  569  575  580  582  579  569  547  520  490  460  429  398  365
  335  311  295  288  287  289  292  291  287  277  262  244  224  206  191  182
  179  181  186  191  195  195  193  190  185  182  179  177  176  177  178  180
  181  180  178  179  185  196  211  230  250  272  296  320  342  359  372  382
  391  404  420  436  456  471  486  485  522                                   
    35.0-180.0 180.0   5.0 450.0                            LAT/LON1/LON2/DLON/H
  538  569  582  584  591  597  600  601  594  577  553  525  496  465  434  402
  373  350  336  330  328  326  323  316  306  292  274  254  235  220  210  207
  211  218  225  230  231  228  223  216  210  205  201  198  195  191  188  186
  183  178  174  173  177  189  206  227  251  277  305  332  356  374  387  396
  404  416  431  446  464  480  496  496  538                                   
    32.5-180.0 180.0   5.0 450.0                            LAT/LON1/LON2/DLON/H
  562  595  607  606  610  615  617  619  616  603  582  557  530  501  472  442
  415  395  382  375  369  361  350  337  323  308  292  276  263  256  254  260
  269  278  284  285  280  271  261  250  241  235  230  225  218  209  200  191
  183  175  168  165  168  179  197  221  249  279  311  341  368  388  403  414
  424  437  453  466  485  501  514  517  562                                   
    30.0-180.0 180.0   5.0 450.0                            LAT/LON1/LON2/DLON/H
  600  637  648  642  643  645  643  643  641  630  613  590  564  537  510  483
  458  439  426  415  403  387  370  354  341  330  322  317  314  317  325  337
  348  356  356  348  335  319  303  288  277  269  262  255  243  228  212  196
  183  172  163  158  159  169  188  214  245  279  313  347  376  399  417  433
  449  466  484  497  519  535  545  551  600                                   
    27.5-180.0 180.0   5.0 450.0                            LAT/LON1/LON2/DLON/H
  652  695  707  699  695  693  685  682  678  667  650  628  603  576  549  523
  500  480  462  445  425  403  384  371  365  365  370  378  387  400  414  429
  439  440  431  412  389  365  344  326  312  302  293  282  266  246  223  203
  185  172  161  155  155  165  184  211  244  280  316  352  383  409  431  452
  475  499  521  536  564  585  591  599  652                                   
    25.0-180.0 180.0   5.0 450.0                            LAT/LON1/LON2/DLON/H
  715  764  780  773  764  757  745  736  729  717  700  677  650  622  594  566
  540  516  491  464  438  414  398  395  402  417  436  455  475  494  512  525
  528  519  496  464  430  399  375  355  340  328  317  304  285  260  233  209
  190  175  164  158  158  167  186  214  248  285  322  358  391  419  445  473
  503  534  561  581  617  644  651  662  715                                   
    22.5-180.0 180.0   5.0 450.0                            LAT/LON1/LON2/DLON/H
  781  833  854  851  839  830  815  802  792  779  761  737  708  677  646  615
  583  550  516  481  449  428  422  432  455  483  514  542  568  588  602  606
  597  572  535  490  448  415  390  371  356  343  330  314  294  268  240  215
  195  181  171  164  163  171  189  217  251  289  327  364  399  431  462  495
  532  569  601  628  670  705  718  733  781                                   
    20.0-180.0 180.0   5.0 450.0                            LAT/LON1/LON2/DLON/H
  843  893  918  920  906  898  883  870  859  847  829  806  776  743  707  671
  633  591  546  504  472  458  465  489  523  560  597  628  650  663  664  652
  626  586  536  485  441  409  388  372  358  343  328  311  291  268  242  219
  201  188  178  171  169  175  192  219  253  291  330  369  407  443  480  518
  560  601  639  672  717  758  779  803  843                                   
    17.5-180.0 180.0   5.0 450.0                            LAT/LON1/LON2/DLON/H
  893  933  961  966  955  949  938  927  918  909  896  876  849  815  778  738
  694  644  592  546  516  511  529  562  602  640  672  695  704  698  678  646
  605  555  501  452  414  389  373  360  345  329  312  296  279  260  240  220
  205  193  184  177  174  178  194  220  254  292  332  373  414  456  498  541
  587  629  670  709  752  793  823  857  893                                   
    15.0-180.0 180.0   5.0 450.0                            LAT/LON1/LON2/DLON/H
  924  950  979  985  979  977  971  964  960  957  950  938  917  889  854  813
  767  714  659  613  588  590  613  647  681  708  725  726  710  679  637  589
  540  489  442  403  377  361  350  338  321  303  286  272  261  248  233  219
  206  197  188  181  177  181  196  221  254  292  332  376  421  469  516  563
  611  653  695  736  774  810  846  889  924                                   
    12.5-180.0 180.0   5.0 450.0                            LAT/LON1/LON2/DLON/H
  933  946  976  983  981  983  982  979  981  984  986  984  973  953  925  890
  847  797  745  703  684  688  708  731  748  751  739  708  663  607  550  496
  448  408  376  355  342  335  326  313  295  275  258  247  241  234  225  215
  205  196  188  181  177  181  196  221  254  291  332  378  428  480  531  582
  630  671  713  753  785  817  853  902  933                                   
    10.0-180.0 180.0   5.0 450.0                            LAT/LON1/LON2/DLON/H
  930  935  964  970  969  974  976  977  983  992 1002 1009 1009 1001  983  957
  923  882  839  805  788  788  796  798  785  753  702  638  567  497  436  389
  356  336  327  324  324  322  314  297  275  253  236  228  225  222  217  208
  199  191  184  177  173  177  192  217  249  286  328  376  430  486  541  593
  641  682  723  762  790  819  853  904  930                                   
     7.5-180.0 180.0   5.0 450.0                            LAT/LON1/LON2/DLON/H
  927  930  958  961  959  963  966  969  976  988 1002 1016 1025 1027 1019 1004
  982  953  922  896  879  869  857  829  777  702  613  521  437  369  323  298
