data/edconvlstm_nd/pred0910.15i
     1.0            IONOSPHERE MAPS     GNSS                IONEX VERSION / TYPE
pyspatialgeodesy        IME             05-JAN-18 20:20     PGM / RUN BY / DATE 
Map Name                                                    COMMENT             
Predicted global ionosphere maps (GIM).                     DESCRIPTION         
  2015     4     1     0     0     0                        EPOCH OF FIRST MAP  
  2015     4     2     0     0     0                        EPOCH OF LAST MAP   
  7200                                                      INTERVAL            
    13                                                      # OF MAPS IN FILE   
  NONE                                                      MAPPING FUNCTION    
10.0                                                        ELEVATION CUTOFF    
One-way carrier phase leveled to code                       OBSERVABLES USED    
  6371.0                                                    BASE RADIUS         
 2                                                          MAP DIMENSION       
   450.0 450.0   0.0                                        HGT1 / HGT2 / DHGT  
    87.5 -87.5  -2.5                                        LAT1 / LAT2 / DLAT  
  -180.0 180.0   5.0                                        LON1 / LON2 / DLON  
    -1                                                      EXPONENT            
                                                            END OF HEADER       
[from data line 1287]
     4                                                      START OF TEC MAP    
  2015     4     1     6     0     0                        EPOCH OF CURRENT MAP
    87.5-180.0 180.0   5.0 450.0                            LAT/LON1/LON2/DLON/H
  158  161  157  161  159  158  155  152  153  154  154  154  154  153  153  152
  151  150  149  147  145  144  142  140  138  137  135  134  133  133  133  133
  133  134  135  136  137  139  140  141  142  144  145  146  147  148  149  150
  150  151  152  152  153  153  154  154  155  155  155  155  156  156  155  156
  157  159  158  158  161  160  162  158  158                                   
    85.0-180.0 180.0   5.0 450.0                            LAT/LON1/LON2/DLON/H
  162  170  167  168  166  167  167  166  167  168  168  169  169  169  169  168
  167  166  164  161  159  156  153  150  147  144  142  140  139  138  138  138
  139  140  142  144  146  148  150  152  154  157  159  160  162  164  165  167
  168  169  170  171  172  173  174  174  175  175  176  176  176  176  176  176
  177  178  174  174  168  168  167  165  162                                   
    82.5-180.0 180.0   5.0 450.0                            LAT/LON1/LON2/DLON/H
  171  173  172  164  160  160  161  161  163  165  166  169  170  171  172  171
  170  168  165  161  157  152  147  141  136  132  128  125  123  122  122  123
  125  128  131  134  138  142  146  149  153  157  160  163  166  168  171  173
  176  178  180  182  184  185  187  188  190  191  192  193  193  193  192  192
  191  190  185  183  181  176  170  158  171                                   
    80.0-180.0 180.0   5.0 450.0                            LAT/LON1/LON2/DLON/H
  176  173  166  159  155  153  154  156  158  161  164  168  170  173  174  174
  173  170  166  161  155  147  140  132  124  118  113  109  106  106  107  109
  113  118  123  129  135  141  148  153  159  164  169  173  177  181  185  188
  192  195  198  201  204  206  209  211  214  216  217  219  219  219  219  218
  216  212  205  202  197  189  188  168  176                                   
    77.5-180.0 180.0   5.0 450.0                            LAT/LON1/LON2/DLON/H
  182  169  164  157  148  146  147  148  151  154  158  164  168  172  174  175
  174  172  167  161  153  144  135  125  116  108  101   97   95   95   97  101
  107  114  122  131  140  149  157  165  172  178  184  189  194  199  204  208
  213  217  221  224  228  231  235  238  241  244  247  249  251  252  252  251
  248  243  233  227  222  207  199  185  182                                   
    75.0-180.0 180.0   5.0 450.0                            LAT/LON1/LON2/DLON/H
  190  177  166  157  147  143  141  140  143  146  150  156  161  166  169  171
  171  169  165  158  150  140  130  119  108   99   92   87   85   85   88   94
  102  111  121  132  144  154  164  174  182  190  196  203  209  215  221  227
  232  237  242  246  250  254  257  261  265  269  272  276  278  280  281  281
  278  273  265  252  245  229  220  208  190                                   
    72.5-180.0 180.0   5.0 450.0                            LAT/LON1/LON2/DLON/H
  201  190  178  165  154  146  141  139  139  140  144  149  154  159  163  166
  167  166  163  158  151  142  131  120  110  100   92   87   84   85   88   95
  103  114  126  138  151  163  174  184  193  201  209  217  224  231  238  245
  252  258  263  267  270  273  276  279  282  286  289  293  296  299  301  302
  301  298  293  281  271  254  243  233  201                                   
    70.0-180.0 180.0   5.0 450.0                            LAT/LON1/LON2/DLON/H
  221  206  194  177  163  151  143  137  135  133  134  138  143  147  151  155
  157  157  156  153  148  141  133  123  113  103   95   89   86   86   89   95
  104  115  127  140  153  165  176  187  196  205  214  223  232  241  250  259
  267  274  279  283  285  286  287  288  290  291  294  297  300  304  307  310
  312  311  308  299  292  277  268  259  221                                   
    67.5-180.0 180.0   5.0 450.0                            LAT/LON1/LON2/DLON/H
  231  219  207  189  174  159  148  138  133  128  127  129  132  135  139  143
  146  148  149  148  146  141  135  126  117  109  101   95   91   90   92   97
  105  114  126  138  150  162  173  184  194  204  214  224  235  247  259  269
  279  287  292  294  295  293  291  289  288  288  288  290  292  295  298  302
  305  307  308  302  298  288  280  273  231                                   
    65.0-180.0 180.0   5.0 450.0                            LAT/LON1/LON2/DLON/H
  239  228  217  198  183  166  152  141  132  125  121  120  122  124  128  132
  136  140  142  144  143  141  136  129  121  113  106  100   96   94   95   98
  104  112  121  132  144  155  166  177  188  200  212  225  238  252  266  279
  290  299  304  305  303  299  294  289  285  282  281  281  282  283  285  289
  292  295  298  296  296  290  284  278  239                                   
    62.5-180.0 180.0   5.0 450.0                            LAT/LON1/LON2/DLON/H
  239  230  220  201  187  170  155  141  130  121  114  112  112  114  118  122
  127  131  134  137  137  136  132  127  120  113  107  101   97   94   93   95
   99  105  113  123  133  145  156  168  181  194  208  224  239  256  272  287
  299  308  313  314  311  305  297  290  284  280  277  276  275  274  274  275
  276  279  282  282  284  281  278  272  239                                   
    60.0-180.0 180.0   5.0 450.0                            LAT/LON1/LON2/DLON/H
  234  225  217  198  185  168  153  138  125  114  107  103  103  104  108  112
  117  121  125  127  128  126  123  118  113  107  102   97   93   90   89   89
   92   97  104  113  123  134  147  160  174  189  206  223  241  259  277  293
  306  316  322  323  320  313  305  297  291  286  282  280  277  273  270  268
  266  266  267  267  270  267  266  258  234                                   
    57.5-180.0 180.0   5.0 450.0                            LAT/LON1/LON2/DLON/H
  230  219  212  193  183  166  149  134  120  107   99   95   94   96   99  103
  108  112  115  117  117  115  111  107  102   98   94   91   87   85   83   83
   85   89   96  105  116  128  141  156  172  189  207  226  245  264  283  300
  315  326  333  335  333  328  320  313  307  303  299  296  292  286  279  273
  267  263  261  259  261  256  255  246  230                                   
    55.0-180.0 180.0   5.0 450.0                            LAT/LON1/LON2/DLON/H
  230  216  209  191  182  165  148  130  115  101   92   88   87   88   91   95
  100  103  106  107  106  103   99   95   92   89   86   84   82   80   78   78
   80   84   92  102  113  127  141  157  174  192  211  231  251  271  290  308
  324  336  345  350  350  347  342  337  332  329  326  323  318  311  301  292
  281  273  267  261  260  253  250  240  230                                   
    52.5-180.0 180.0   5.0 450.0                            LAT/LON1/LON2/DLON/H
  239  222  214  195  187  169  151  132  114   99   89   83   82   83   85   89
   93   96   98   99   97   95   91   88   86   84   83   82   81   79   77   77
   79   84   92  103  116  131  146  163  180  199  219  240  260  280  299  318
  334  349  360  368  372  372  369  366  363  360  359  356  352  344  332  320
  305  294  284  274  270  260  256  245  239                                   
    50.0-180.0 180.0   5.0 450.0                            LAT/LON1/LON2/DLON/H
  256  238  228  209  199  181  161  139  120  102   90   84   81   81   83   85
   89   92   94   94   94   92   90   89   88   88   88   87   86   83   81   80
   83   88   97  109  123  138  154  171  189  209  229  250  271  291  311  329
  347  363  377  388  395  399  399  397  395  393  392  390  385  376  364  350
  334  321  309  296  290  279  273  262  256                                   
    47.5-180.0 180.0   5.0 450.0                            LAT/LON1/LON2/DLON/H
  280  261  249  230  218  198  176  153  131  111   97   89   84   83   83   84
   87   89   92   94   95   96   96   97   98   99   99   99   97   93   90   89
   90   96  105  118  132  147  163  180  199  219  240  262  283  304  323  342
  361  378  394  408  418  423  425  424  422  419  417  413  408  399  387  373
  358  345  333  320  313  303  296  287  280                                   
    45.0-180.0 180.0   5.0 450.0                            LAT/LON1/LON2/DLON/H
  306  289  274  255  239  217  194  169  145  124  109   99   92   88   86   86
   87   90   94   98  102  106  109  112  115  117  117  115  112  107  102   99
  100  105  113  125  139  154  170  187  206  227  249  272  295  316  337  356
  375  393  410  424  435  442  444  443  439  434  430  424  417  406  394  381
  368  358  348  338  333  328  321  314  306                                   
    42.5-180.0 180.0   5.0 450.0                            LAT/LON1/LON2/DLON/H
  330  314  298  277  256  233  208  183  160  139  122  111  103   97   93   91
   91   94   99  105  112  119  126  131  135  137  136  133  127  121  114  110
  109  112  120  131  144  159  175  192  212  234  258  282  306  329  350  370
  388  406  422  437  448  455  457  455  449  442  435  426  416  403  390  377
  366  358  352  347  346  346  342  334  330                                   
    40.0-180.0 180.0   5.0 450.0                            LAT/LON1/LON2/DLON/H
  346  331  314  289  265  239  215  192  170  150  135  124  115  108  103   99
   99  102  108  116  126  135  144  151  155  156  154  148  140  133  125  120
  117  118  123  133  146  161  177  196  217  241  266  292  317  340  362  382
  401  418  433  447  458  466  469  467  462  454  444  432  418  403  387  373
  362  355  351  349  352  356  354  346  346                                   
    37.5-180.0 180.0   5.0 450.0                            LAT/LON1/LON2/DLON/H
  356  338  320  289  263  235  211  191  173  157  144  135  127  120  115  110
  109  113  120  130  141  151  161  168  172  172  167  159  150  142  135  129
  124  123  125  133  146  161  179  199  222  247  274  302  328  352  374  394
  412  429  445  460  473  483  489  490  488  481  471  458  441  421  402  386
  372  363  357  355  358  364  362  351  356                                   
    35.0-180.0 180.0   5.0 450.0                            LAT/LON1/LON2/DLON/H
  363  341  319  283  254  224  200  184  169  157  148  141  136  131  126  123
  122  126  134  145  156  167  176  182  185  183  176  167  157  150  143  137
  131  127  127  134  146  162  181  203  228  255  284  312  339  363  386  406
  426  444  462  479  497  512  524  531  534  531  524  510  492  470  447  426
  408  394  384  376  377  379  374  358  363                                   
    32.5-180.0 180.0   5.0 450.0                            LAT/LON1/LON2/DLON/H
  375  349  322  279  247  214  190  175  164  155  148  145  142  140  137  135
  136  140  149  160  171  180  188  194  195  192  183  172  163  156  151  145
  139  132  131  136  147  165  185  209  236  265  295  324  351  376  398  420
  442  464  486  509  533  556  576  591  602  607  604  594  576  553  527  501
  477  457  440  422  416  411  399  377  375                                   
    30.0-180.0 180.0   5.0 450.0                            LAT/LON1/LON2/DLON/H
  402  372  337  289  253  217  190  176  165  157  151  148  147  147  146  146
  148  153  162  173  183  191  198  203  205  201  192  180  170  164  160  155
  148  140  136  139  151  169  192  217  245  275  307  337  364  389  413  437
  463  489  517  547  580  612  642  668  689  703  709  705  691  669  643  614
  584  555  528  497  481  463  439  414  402                                   
    27.5-180.0 180.0   5.0 450.0                            LAT/LON1/LON2/DLON/H
  449  416  373  321  281  242  211  193  180  169  161  156  154  153  154  155
  157  163  172  182  191  199  207  215  219  216  206  193  182  176  173  167
  159  148  142  144  156  176  200  227  256  287  319  350  379  405  430  458
  488  520  555  593  634  676  717  754  787  812  828  831  824  807  782  753
  719  683  646  599  570  536  498  470  449                                   
    25.0-180.0 180.0   5.0 450.0                            LAT/LON1/LON2/DLON/H
  517  484  435  381  337  295  257  233  214  198  183  173  166  164  163  163
  165  170  178  187  196  206  217  229  238  237  227  212  199  192  188  181
  170  157  148  149  161  182  208  236  267  299  332  365  395  423  451  482
  516  554  596  641  690  740  789  836  878  913  937  949  948  937  917  890
  857  819  775  717  673  624  574  545  517                                   
    22.5-180.0 180.0   5.0 450.0                            LAT/LON1/LON2/DLON/H
  603  572  518  465  416  372  327  296  269  245  222  203  189  181  177  174
  174  176  182  190  200  213  230  249  262  264  253  236  221  211  204  194
  178  162  150  151  164  186  214  244  275  309  345  380  413  443  474  508
  547  590  637  687  739  793  845  895  942  983 1012 1029 1033 1028 1016  995
  967  934  891  830  776  715  663  631  603                                   
    20.0-180.0 180.0   5.0 450.0                            LAT/LON1/LON2/DLON/H
  693  664  612  561  508  464  413  375  340  308  276  248  226  210  199  192
  188  186  188  195  206  223  246  271  289  292  280  261  242  228  215  199
  179  159  147  148  163  187  216  247  280  317  356  395  430  464  498  535
  578  624  672  723  774  824  872  919  964 1005 1037 1057 1065 1066 1062 1050
 1032 1008  974  919  862  797  752  719  693                                   
    17.5-180.0 180.0   5.0 450.0                            LAT/LON1/LON2/DLON/H
  773  743  697  648  595  551  497  455  417  380  343  307  276  252  234  222
  212  205  203  206  217  237  264  293  313  316  303  282  258  237  216  194
  171  151  140  143  159  185  215  247  282  322  365  407  447  484  521  561
  605  652  699  745  789  830  867  903  941  979 1011 1033 1045 1053 1057 1056
 1049 1037 1016  972  922  859  825  796  773                                   
    15.0-180.0 180.0   5.0 450.0                            LAT/LON1/LON2/DLON/H
  832  798  758  711  659  617  564  520  483  448  411  373  337  307  283  265
  250  237  229  228  236  255  282  310  330  333  319  294  263  234  208  183
  160  141  132  137  154  181  212  245  282  325  371  418  461  501  541  583
  628  672  714  753  786  813  835  858  884  915  946  971  989 1004 1018 1027
 1031 1030 1022  991  952  896  872  852  832                                   
    12.5-180.0 180.0   5.0 450.0                            LAT/LON1/LON2/DLON/H
  866  824  790  744  693  652  600  558  527  499  470  437  402  370  344  323
  304  285  269  261  263  277  300  324  340  342  325  293  256  223  195  171
  150  133  126  132  150  177  209  244  283  327  376  425  471  514  556  599
  643  684  720  749  771  785  793  801  815  839  868  895  920  943  965  983
  995 1001 1002  983  958  911  892  883  866                                   
    10.0-180.0 180.0   5.0 450.0                            LAT/LON1/LON2/DLON/H
  878  828  796  750  700  657  607  568  544  527  509  487  459  432  409  389
  369  346  323  306  298  303  317  334  344  340  316  280  243  210  184  162
  143  129  124  131  149  176  208  244  284  330  380  430  477  521  565  608
  650  687  717  739  753  759  757  756  762  780  806  835  864  892  918  939
  955  965  971  959  945  908  892  894  878                                   
     7.5-180.0 180.0   5.0 450.0                            LAT/LON1/LON2/DLON/H
  877  822  789  741  690  644  593  557  539  533  528  517  500  481  465  451
  434  410  382  356  338  331  333  338  338  324  296  261  227  199  176  157
