data/edconvlstm_nd/pred2590.15i
     1.0            IONOSPHERE MAPS     GNSS                IONEX VERSION / TYPE
pyspatialgeodesy        IME             05-JAN-18 20:20     PGM / RUN BY / DATE 
Map Name                                                    COMMENT             
Predicted global ionosphere maps (GIM).                     DESCRIPTION         
  2015     9    16     0     0     0                        EPOCH OF FIRST MAP  
  2015     9    17     0     0     0                        EPOCH OF LAST MAP   
  7200                                                      INTERVAL            
    13                                                      # OF MAPS IN FILE   
  NONE                                                      MAPPING FUNCTION    
10.0                                                        ELEVATION CUTOFF    
One-way carrier phase leveled to code                       OBSERVABLES USED    
  6371.0                                                    BASE RADIUS         
 2                                                          MAP DIMENSION       
   450.0 450.0   0.0                                        HGT1 / HGT2 / DHGT  
    87.5 -87.5  -2.5                                        LAT1 / LAT2 / DLAT  
  -180.0 180.0   5.0                                        LON1 / LON2 / DLON  
    -1                                                      EXPONENT            
                                                            END OF HEADER       
[from data line 2145]
     6                                                      START OF TEC MAP    
  2015     9    16    10     0     0                        EPOCH OF CURRENT MAP
    87.5-180.0 180.0   5.0 450.0                            LAT/LON1/LON2/DLON/H
   65   76   77   81   83   83   83   79   79   81   81   81   81   81   81   80
   80   80   80   80   80   80   80   80   80   79   79   79   79   78   78   77
   77   77   76   76   76   75   75   75   74   74   74   74   73   73   73   72
   72   71   71   70   70   69   69   68   67   67   66   66   66   65   65   66
   67   68   66   65   70   74   86   86   65                                   
    85.0-180.0 180.0   5.0 450.0                            LAT/LON1/LON2/DLON/H
   66   85   95   85   87   91   91   91   91   92   91   91   91   90   90   89
   89   89   88   88   89   89   89   89   89   89   89   89   89   89   89   89
   89   88   88   88   87   87   87   87   86   86   86   85   85   85   84   83
   83   82   81   80   79   78   77   76   75   74   73   73   72   72   71   72
   73   74   71   70   72   78   88   88   66                                   
    82.5-180.0 180.0   5.0 450.0                            LAT/LON1/LON2/DLON/H
   63   80   91   85   85   90   90   90   90   91   89   89   88   86   85   84
   83   83   83   83   83   83   84   84   85   86   86   86   87   87   87   87
   87   88   88   88   88   88   88   88   88   88   88   88   88   88   87   87
   86   85   83   82   81   79   77   75   74   72   70   68   67   66   65   65
   66   67   64   63   69   78   78   78   63                                   
    80.0-180.0 180.0   5.0 450.0                            LAT/LON1/LON2/DLON/H
   62   73   84   81   83   84   85   85   86   85   83   82   79   77   75   74
   73   72   72   72   73   74   75   77   78   79   80   81   82   82   83   84
   84   85   86   86   87   88   89   89   90   91   91   92   92   92   91   91
   90   88   87   85   83   80   78   75   72   69   66   63   60   58   56   55
   56   55   55   55   60   71   76   75   62                                   
    77.5-180.0 180.0   5.0 450.0                            LAT/LON1/LON2/DLON/H
   63   70   76   74   75   79   80   81   81   79   75   74   70   67   65   63
   62   61   62   63   65   66   68   70   72   74   76   77   78   79   80   81
   82   83   84   86   87   89   90   92   93   95   96   97   98   99   99   99
   98   96   95   93   90   87   83   80   75   71   67   62   58   55   51   49
   48   47   45   46   50   54   62   66   63                                   
    75.0-180.0 180.0   5.0 450.0                            LAT/LON1/LON2/DLON/H
   51   60   62   64   67   71   72   71   71   69   64   61   57   54   51   49
   48   48   50   52   54   57   60   63   66   68   70   72   73   75   76   77
   79   80   82   84   86   88   91   93   96   98  100  102  104  105  105  105
  104  103  102   99   97   93   89   85   80   75   70   64   59   54   49   46
   43   41   39   37   43   45   52   52   51                                   
    72.5-180.0 180.0   5.0 450.0                            LAT/LON1/LON2/DLON/H
   45   52   54   56   60   65   66   65   64   61   57   53   48   45   42   40
   40   41   43   45   49   53   57   60   64   66   68   70   72   73   75   76
   78   80   82   84   87   90   93   97  100  103  106  109  111  113  114  114
  114  113  111  109  107  103   99   95   90   84   78   72   66   60   55   50
   46   43   41   38   40   42   46   49   45                                   
    70.0-180.0 180.0   5.0 450.0                            LAT/LON1/LON2/DLON/H
   41   45   49   50   53   56   56   57   56   54   49   46   41   38   35   34
   34   35   38   41   46   50   55   59   62   65   67   69   70   72   73   75
   77   79   82   84   87   91   95   99  103  107  110  114  116  118  119  119
  119  118  117  115  113  110  106  102   97   92   86   80   74   68   62   57
   52   48   45   41   41   41   47   49   41                                   
    67.5-180.0 180.0   5.0 450.0                            LAT/LON1/LON2/DLON/H
   37   40   43   43   47   49   50   51   50   49   46   43   39   36   34   33
   34   35   38   42   46   51   55   59   62   65   67   68   69   71   72   74
   76   78   80   83   86   90   94   98  103  107  111  114  117  118  119  120
  120  119  118  117  115  112  109  106  102   97   92   87   82   77   71   67
   62   56   52   46   44   43   46   47   37                                   
    65.0-180.0 180.0   5.0 450.0                            LAT/LON1/LON2/DLON/H
   36   38   38   39   41   43   44   45   46   46   44   43   40   38   36   36
   36   38   41   44   48   53   57   60   63   65   67   68   69   71   73   75
   77   79   81   84   87   91   95  100  104  109  113  116  118  120  121  121
  121  121  120  119  118  116  113  110  106  103   99   95   90   86   81   77
   73   67   63   56   52   50   51   52   36                                   
    62.5-180.0 180.0   5.0 450.0                            LAT/LON1/LON2/DLON/H
   38   37   36   35   35   37   38   40   41   42   42   42   41   40   39   39
   39   41   43   46   49   53   56   59   62   64   66   67   69   71   73   75
   78   80   83   85   88   92   96  100  105  109  113  116  119  120  121  121
  122  122  121  121  120  118  116  113  110  107  103  100   97   93   90   86
   82   77   73   65   60   57   57   58   38                                   
    60.0-180.0 180.0   5.0 450.0                            LAT/LON1/LON2/DLON/H
   41   37   35   32   30   30   31   32   35   37   38   39   40   40   40   40
   41   42   43   45   47   50   53   55   58   60   62   64   66   69   72   75
   78   80   83   86   88   92   96  100  105  109  113  116  119  120  121  122
  123  123  123  123  122  121  119  116  113  109  106  104  101   98   95   92
   89   83   80   72   67   63   62   61   41                                   
    57.5-180.0 180.0   5.0 450.0                            LAT/LON1/LON2/DLON/H
   47   40   36   31   28   27   27   27   29   32   34   37   38   39   40   41
   41   41   42   43   44   46   48   50   53   56   59   62   65   68   72   75
   79   82   86   88   91   95   99  103  108  112  116  120  122  124  126  127
  129  130  131  131  130  129  126  123  119  115  112  110  107  105  102   99
   95   90   86   79   73   69   67   66   47                                   
    55.0-180.0 180.0   5.0 450.0                            LAT/LON1/LON2/DLON/H
   54   44   40   34   28   26   25   24   25   27   29   33   35   37   38   39
   39   39   38   39   39   41   43   45   48   52   56   60   64   68   72   77
   81   85   89   92   96   99  103  108  112  117  122  125  129  131  134  136
  138  139  140  141  140  138  135  131  127  123  119  117  114  112  109  106
  101   96   92   84   78   73   71   70   54                                   
    52.5-180.0 180.0   5.0 450.0                            LAT/LON1/LON2/DLON/H
   62   51   46   40   33   29   27   25   24   25   27   30   32   35   36   37
   37   36   35   35   35   36   38   42   45   50   55   60   64   69   74   79
   84   89   93   98  102  106  110  115  120  125  129  134  137  141  144  147
  149  151  151  151  150  148  144  140  135  131  128  125  123  121  118  114
  109  102   98   89   83   78   74   73   62                                   
    50.0-180.0 180.0   5.0 450.0                            LAT/LON1/LON2/DLON/H
   69   60   54   49   40   36   33   29   28   27   28   30   31   33   34   35
   35   34   33   32   32   34   36   40   45   50   56   61   66   71   76   81
   87   92   98  103  108  113  118  123  129  134  139  143  147  151  155  158
  160  161  161  160  158  155  151  146  142  138  136  134  133  131  128  124
  118  110  104   95   88   82   79   77   69                                   
    47.5-180.0 180.0   5.0 450.0                            LAT/LON1/LON2/DLON/H
   76   68   64   60   51   47   43   39   35   33   32   33   34   34   35   35
   34   33   33   32   32   34   37   41   47   53   59   65   70   74   79   84
   90   96  103  110  116  122  127  133  139  144  149  154  158  162  165  167
  168  168  167  164  161  157  153  149  145  143  141  141  141  141  139  135
  128  119  111  101   93   87   83   81   76                                   
    45.0-180.0 180.0   5.0 450.0                            LAT/LON1/LON2/DLON/H
   81   75   72   71   63   60   56   51   46   43   41   40   39   39   38   37
   36   35   35   34   35   36   40   45   51   58   64   70   74   78   82   87
   93  100  108  116  123  130  137  143  149  155  160  164  168  171  173  175
  174  172  169  165  160  155  150  146  144  143  144  146  148  149  148  145
  138  128  119  108   99   92   88   86   81                                   
    42.5-180.0 180.0   5.0 450.0                            LAT/LON1/LON2/DLON/H
   83   80   77   79   74   72   68   64   60   56   53   52   49   47   45   43
   41   41   40   40   40   42   45   50   56   63   70   75   79   82   85   90
   96  104  113  122  131  139  146  154  160  166  171  175  178  180  181  181
  179  175  170  164  157  151  146  142  141  142  145  150  154  156  156  154
  147  137  126  114  104   97   92   90   83                                   
    40.0-180.0 180.0   5.0 450.0                            LAT/LON1/LON2/DLON/H
   82   81   79   82   79   80   78   76   72   70   67   65   62   58   54   51
   49   48   48   48   48   49   51   56   62   69   75   80   83   86   89   93
  100  109  119  129  139  148  157  165  172  178  183  186  189  191  191  190
  186  181  174  166  158  151  145  141  140  142  147  153  158  161  162  160
  154  143  132  119  107  100   95   93   82                                   
    37.5-180.0 180.0   5.0 450.0                            LAT/LON1/LON2/DLON/H
   80   79   77   80   79   82   82   82   82   81   79   78   74   70   66   62
   59   58   58   57   56   56   57   61   66   73   79   84   88   90   93   98
  106  115  126  138  149  159  168  178  186  192  197  200  203  204  205  204
  200  194  187  178  169  160  152  147  146  148  153  159  164  166  166  164
  157  147  135  121  109  101   96   94   80                                   
    35.0-180.0 180.0   5.0 450.0                            LAT/LON1/LON2/DLON/H
   76   76   73   75   74   78   80   83   85   87   87   87   85   81   77   73
   70   68   67   66   64   62   62   64   69   76   83   89   93   96   99  105
  113  124  136  148  160  172  183  193  201  209  214  218  221  224  226  226
  224  219  213  205  195  184  174  166  163  164  167  171  174  174  171  166
  158  147  135  122  109  100   95   92   76                                   
    32.5-180.0 180.0   5.0 450.0                            LAT/LON1/LON2/DLON/H
   73   72   68   68   67   71   74   79   84   87   90   92   92   90   86   82
   79   77   75   73   70   67   65   66   71   78   86   93   98  103  107  114
  123  134  148  161  174  187  199  211  221  229  235  240  245  250  254  257
  258  257  253  247  238  225  212  201  194  192  192  192  190  185  178  169
  159  146  134  120  108   98   93   90   73                                   
    30.0-180.0 180.0   5.0 450.0                            LAT/LON1/LON2/DLON/H
   71   69   65   62   61   64   68   72   78   83   88   93   94   94   92   89
   86   84   81   78   73   69   67   68   73   81   90   98  105  110  116  124
  135  147  162  176  191  205  219  231  243  252  260  267  274  282  290  297
  302  305  306  302  293  280  263  249  238  232  228  223  215  203  189  175
  161  146  132  118  107   95   91   88   71                                   
    27.5-180.0 180.0   5.0 450.0                            LAT/LON1/LON2/DLON/H
   73   69   64   60   58   60   63   67   73   78   84   89   93   95   95   93
   91   88   85   81   75   71   68   69   75   84   93  103  111  119  127  136
  148  162  177  193  210  225  240  254  267  277  286  296  306  318  330  341
  351  359  363  362  355  341  322  304  290  280  271  261  246  227  207  186
  167  149  133  118  107   95   91   88   73                                   
    25.0-180.0 180.0   5.0 450.0                            LAT/LON1/LON2/DLON/H
   78   72   68   62   60   60   63   65   69   74   79   85   90   93   95   94
   92   90   86   81   76   71   69   71   77   87   98  108  118  128  138  150
  163  178  195  212  230  247  263  278  291  303  314  325  339  354  370  385
  399  410  418  420  414  399  379  359  342  329  317  302  282  257  230  203
  178  157  139  122  111   97   93   91   78                                   
    22.5-180.0 180.0   5.0 450.0                            LAT/LON1/LON2/DLON/H
   87   81   77   70   67   66   68   68   71   73   77   82   86   90   93   93
   92   89   85   80   75   71   69   72   80   90  102  114  126  137  150  164
  179  195  213  231  250  268  285  300  314  327  339  353  369  388  406  424
  440  453  463  466  460  446  426  406  388  374  360  343  319  289  256  225
  195  171  149  131  120  104   99   97   87                                   
    20.0-180.0 180.0   5.0 450.0                            LAT/LON1/LON2/DLON/H
   99   93   91   83   79   77   78   76   77   78   79   81   85   88   91   92
   90   87   83   78   73   69   69   73   82   93  106  119  132  147  162  178
  195  212  231  250  268  287  304  319  334  347  361  377  396  416  436  454
  470  483  492  495  490  477  458  439  423  409  395  377  352  320  284  250
  217  190  166  146  133  116  108  107   99                                   
    17.5-180.0 180.0   5.0 450.0                            LAT/LON1/LON2/DLON/H
  113  108  107  100   95   91   91   88   87   86   85   85   86   88   90   90
   88   84   80   75   70   67   68   73   82   95  109  123  139  156  174  193
  211  230  248  267  285  303  320  335  350  365  380  397  416  437  456  473
  487  498  505  506  501  490  474  458  444  433  420  403  378  346  311  275
  242  214  187  167  152  132  123  121  113                                   
    15.0-180.0 180.0   5.0 450.0                            LAT/LON1/LON2/DLON/H
  129  125  125  117  112  107  106  102  100   97   94   91   90   90   90   89
   86   82   77   72   67   65   66   72   83   96  111  128  146  165  186  207
  227  246  265  282  300  316  332  348  363  379  395  413  432  451  468  482
  492  499  503  503  499  489  476  464  454  445  435  420  397  366  332  298
  265  238  212  191  175  153  142  139  129                                   
    12.5-180.0 180.0   5.0 450.0                            LAT/LON1/LON2/DLON/H
  145  141  142  134  127  121  119  116  113  109  105  100   95   93   91   89
   86   82   77   71   66   63   65   72   84   98  115  133  153  175  198  221
  242  261  279  296  312  327  342  357  373  390  407  425  442  459  474  484
  490  494  495  493  489  481  472  463  456  450  442  428  406  377  345  314
  284  260  235  215  199  177  164  159  145                                   
    10.0-180.0 180.0   5.0 450.0                            LAT/LON1/LON2/DLON/H
  162  158  157  147  140  132  129  126  124  120  115  109  102   97   94   91
   88   83   78   72   67   64   65   73   85  101  119  139  160  184  209  233
  255  274  291  306  320  334  348  364  381  399  416  433  449  464  475  482
  486  487  486  484  480  474  467  461  456  450  442  427  406  378  349  321
  296  275  255  238  223  201  189  180  162                                   
     7.5-180.0 180.0   5.0 450.0                            LAT/LON1/LON2/DLON/H
  180  175  171  158  150  140  135  132  130  128  123  116  108  102   97   94
   91   86   81   75   69   66   68   75   88  106  125  146  168  193  218  242
