data/edconvlstm_nd/pred2140.15i
     1.0            IONOSPHERE MAPS     GNSS                IONEX VERSION / TYPE
pyspatialgeodesy        IME             05-JAN-18 20:20     PGM / RUN BY / DATE 
Map Name                                                    COMMENT             
Predicted global ionosphere maps (GIM).                     DESCRIPTION         
  2015     8     2     0     0     0                        EPOCH OF FIRST MAP  
  2015     8     3     0     0     0                        EPOCH OF LAST MAP   
  7200                                                      INTERVAL            
    13                                                      # OF MAPS IN FILE   
  NONE                                                      MAPPING FUNCTION    
10.0                                                        ELEVATION CUTOFF    
One-way carrier phase leveled to code                       OBSERVABLES USED    
  6371.0                                                    BASE RADIUS         
 2                                                          MAP DIMENSION       
   450.0 450.0   0.0                                        HGT1 / HGT2 / DHGT  
    87.5 -87.5  -2.5                                        LAT1 / LAT2 / DLAT  
  -180.0 180.0   5.0                                        LON1 / LON2 / DLON  
    -1                                                      EXPONENT            
                                                            END OF HEADER       
[from data line 1716]
     5                                                      START OF TEC MAP    
  2015     8     2     8     0     0                        EPOCH OF CURRENT MAP
    87.5-180.0 180.0   5.0 450.0                            LAT/LON1/LON2/DLON/H
  123  129  131  137  137  137  135  131  131  132  131  131  130  130  129  128
  127  127  126  125  125  124  124  123  123  123  122  122  122  122  122  122
  122  122  122  123  123  124  124  125  125  126  126  127  127  128  128  128
  129  129  129  129  129  129  129  128  128  128  128  128  128  128  127  128
  129  131  129  128  134  132  138  128  123                                   
    85.0-180.0 180.0   5.0 450.0                            LAT/LON1/LON2/DLON/H
  131  143  149  145  145  147  147  146  145  145  144  143  142  141  140  139
  138  137  136  135  134  133  133  132  132  132  131  131  131  131  131  132
  132  133  133  134  135  135  136  137  138  139  140  140  141  142  142  142
  142  142  142  142  142  141  141  141  140  140  140  140  139  139  139  140
  141  143  139  138  136  138  143  141  131                                   
    82.5-180.0 180.0   5.0 450.0                            LAT/LON1/LON2/DLON/H
  140  151  158  151  149  151  150  149  148  147  145  144  142  140  139  137
  135  134  132  131  131  130  129  129  129  128  128  128  129  129  130  130
  131  132  133  135  136  138  140  141  143  144  146  147  148  149  149  150
  150  150  150  149  149  148  148  147  146  146  145  144  144  144  143  144
  145  145  142  142  143  145  143  136  140                                   
    80.0-180.0 180.0   5.0 450.0                            LAT/LON1/LON2/DLON/H
  145  150  153  149  148  147  146  145  144  142  138  137  134  131  129  126
  124  122  121  120  119  118  118  118  117  118  118  118  119  119  120  121
  123  124  126  128  131  133  136  138  141  143  145  147  149  150  151  152
  152  152  152  152  151  151  150  149  148  147  146  145  144  143  142  142
  143  143  141  143  143  148  152  139  145                                   
    77.5-180.0 180.0   5.0 450.0                            LAT/LON1/LON2/DLON/H
  145  148  150  149  146  146  144  142  140  136  132  129  126  122  119  117
  114  113  111  110  110  110  109  110  110  111  111  112  113  114  115  117
  119  121  124  127  130  133  137  140  143  147  150  153  155  157  159  160
  161  162  162  161  161  160  159  158  157  156  154  153  151  150  148  147
  146  146  143  145  146  145  147  143  145                                   
    75.0-180.0 180.0   5.0 450.0                            LAT/LON1/LON2/DLON/H
  138  143  141  141  138  138  135  131  128  124  118  115  111  107  104  102
  100   98   97   97   97   97   97   98   99  100  101  102  103  104  106  108
  110  113  116  119  123  127  131  136  140  144  148  151  155  157  160  162
  163  164  164  164  164  163  163  162  161  160  158  156  155  153  151  150
  148  146  143  140  141  143  145  140  138                                   
    72.5-180.0 180.0   5.0 450.0                            LAT/LON1/LON2/DLON/H
  135  142  138  138  135  135  131  126  121  116  110  106  102   99   97   95
   94   93   93   93   94   94   95   96   97   98  100  101  103  104  106  108
  111  114  117  121  125  130  134  139  144  148  153  157  161  164  166  169
  170  171  172  172  171  171  170  170  169  168  167  166  164  162  160  159
  157  154  151  148  146  147  145  143  135                                   
    70.0-180.0 180.0   5.0 450.0                            LAT/LON1/LON2/DLON/H
  137  140  137  134  129  126  120  114  108  102   96   93   89   87   86   85
   85   85   86   87   88   89   90   91   92   94   95   97   99  101  104  106
  109  112  116  120  124  129  133  138  143  148  152  157  161  164  167  169
  171  172  172  171  171  170  170  169  169  169  169  168  167  166  164  162
  160  158  154  151  149  150  150  148  137                                   
    67.5-180.0 180.0   5.0 450.0                            LAT/LON1/LON2/DLON/H
  136  139  134  131  124  119  112  105   98   91   85   82   80   79   79   79
   80   81   82   83   84   85   86   87   89   90   92   95   97  100  103  105
  109  112  116  120  124  128  133  137  142  147  152  156  160  164  167  168
  170  170  169  168  167  167  166  166  166  167  167  167  167  166  165  164
  162  160  157  154  151  152  151  149  136                                   
    65.0-180.0 180.0   5.0 450.0                            LAT/LON1/LON2/DLON/H
  138  140  135  130  122  115  106   97   89   82   76   74   72   73   74   76
   77   79   80   80   81   82   82   84   85   87   90   93   96   99  103  107
  110  114  118  122  126  130  134  139  144  149  154  158  162  166  168  170
  170  170  169  167  166  165  164  164  164  165  166  167  167  166  166  165
  164  163  160  158  156  158  158  156  138                                   
    62.5-180.0 180.0   5.0 450.0                            LAT/LON1/LON2/DLON/H
  142  144  138  132  122  114  103   92   83   75   69   67   66   67   70   72
   74   76   76   77   77   77   77   78   79   82   85   89   94   99  104  108
  113  117  121  125  128  132  137  141  146  151  156  161  165  168  171  172
  172  171  170  168  166  165  164  164  164  165  166  166  166  166  165  165
  165  164  163  162  161  163  164  162  142                                   
    60.0-180.0 180.0   5.0 450.0                            LAT/LON1/LON2/DLON/H
  148  150  143  136  125  115  102   89   78   68   62   59   59   61   64   67
   69   70   70   70   69   68   68   69   71   74   78   84   90   96  103  109
  114  119  123  127  131  134  139  143  148  153  158  163  168  172  174  176
  176  175  174  172  170  168  167  167  167  167  167  167  167  166  164  164
  164  164  164  164  165  169  170  166  148                                   
    57.5-180.0 180.0   5.0 450.0                            LAT/LON1/LON2/DLON/H
  155  157  151  142  132  120  106   91   77   66   57   54   53   55   58   61
   63   64   63   62   61   60   60   61   63   67   72   79   86   95  103  110
  116  122  126  130  134  138  142  147  152  157  163  169  174  178  181  183
  184  183  183  181  180  178  177  176  175  175  174  173  171  169  167  166
  166  166  167  169  171  175  176  172  155                                   
    55.0-180.0 180.0   5.0 450.0                            LAT/LON1/LON2/DLON/H
  163  165  159  150  141  128  112   95   80   65   55   50   48   49   51   54
   55   56   55   54   52   52   52   53   56   60   66   74   83   93  103  111
  119  125  130  134  138  142  146  151  156  162  169  175  181  186  190  192
  194  195  195  194  193  191  189  188  186  185  184  182  179  176  172  171
  170  171  172  174  176  181  182  177  163                                   
    52.5-180.0 180.0   5.0 450.0                            LAT/LON1/LON2/DLON/H
  172  173  167  159  150  138  122  104   86   69   56   48   44   44   45   47
   49   49   49   48   47   46   47   49   52   57   64   72   82   93  104  114
  122  129  134  138  142  146  151  156  162  168  176  183  189  195  200  204
  207  208  209  208  207  205  203  200  198  197  195  192  189  185  181  179
  178  178  179  181  183  188  187  181  172                                   
    50.0-180.0 180.0   5.0 450.0                            LAT/LON1/LON2/DLON/H
  178  178  173  166  159  147  132  114   95   76   61   51   45   42   42   43
   44   45   45   44   44   45   47   49   53   58   65   74   84   95  106  117
  126  133  139  143  147  151  156  162  168  175  183  191  198  205  211  216
  220  222  223  222  220  217  214  211  209  207  205  203  199  195  192  190
  188  189  189  191  192  194  192  185  178                                   
    47.5-180.0 180.0   5.0 450.0                            LAT/LON1/LON2/DLON/H
  182  181  176  170  164  154  141  124  105   86   70   58   49   44   42   42
   43   44   44   45   46   48   51   54   58   63   70   78   88   99  110  121
  130  138  143  148  152  156  161  168  175  183  191  200  208  215  222  228
  232  234  234  233  229  225  221  217  214  213  212  210  208  205  203  201
  201  201  201  201  200  201  197  189  182                                   
    45.0-180.0 180.0   5.0 450.0                            LAT/LON1/LON2/DLON/H
  181  179  174  169  165  157  146  131  115   97   81   68   58   51   47   45
   45   46   47   49   51   54   58   62   66   71   77   84   93  103  114  124
  134  142  147  152  156  161  167  174  182  191  200  209  217  226  233  239
  243  245  244  240  235  229  223  218  216  215  215  215  215  213  213  213
  214  215  214  212  208  206  201  193  181                                   
    42.5-180.0 180.0   5.0 450.0                            LAT/LON1/LON2/DLON/H
  178  173  169  164  160  154  147  135  122  107   93   81   70   62   56   53
   52   52   53   56   59   62   67   71   75   79   85   91   99  108  118  127
  137  144  150  155  160  165  172  180  189  199  208  218  227  236  244  250
  254  255  252  247  239  231  224  219  217  216  217  218  219  220  222  224
  227  228  227  223  217  211  204  196  178                                   
    40.0-180.0 180.0   5.0 450.0                            LAT/LON1/LON2/DLON/H
  172  165  160  155  150  146  142  134  125  115  104   94   85   76   69   64
   62   61   62   64   67   71   75   78   82   86   91   97  104  112  120  129
  138  146  152  157  163  169  176  186  196  206  216  226  236  246  255  261
  265  266  262  255  246  237  229  224  222  222  223  224  225  228  231  235
  239  241  239  234  225  217  208  199  172                                   
    37.5-180.0 180.0   5.0 450.0                            LAT/LON1/LON2/DLON/H
  168  158  151  144  138  134  133  128  124  118  112  106   98   90   83   77
   73   72   72   73   76   78   81   84   87   91   96  101  108  114  122  130
  138  146  153  159  165  172  181  191  202  213  224  235  246  257  267  275
  279  280  277  270  262  252  245  240  237  236  236  236  237  238  242  247
  252  255  252  245  234  223  214  203  168                                   
    35.0-180.0 180.0   5.0 450.0                            LAT/LON1/LON2/DLON/H
  166  154  145  134  127  123  122  120  119  118  116  114  109  103   96   90
   85   82   81   81   83   84   86   88   90   94   99  104  110  116  123  130
  138  146  154  161  168  175  185  196  208  220  232  245  257  270  281  290
  296  299  298  294  288  280  274  269  267  264  262  259  256  255  257  262
  266  269  266  258  245  232  222  208  166                                   
    32.5-180.0 180.0   5.0 450.0                            LAT/LON1/LON2/DLON/H
  171  156  144  130  120  114  113  112  113  114  116  117  116  112  106  100
   95   91   89   88   89   90   91   91   93   96  100  106  111  117  123  130
  138  147  155  163  171  179  190  202  214  228  241  255  269  284  297  309
  318  324  327  327  324  321  317  313  310  306  300  293  286  280  279  281
  283  285  281  271  259  243  232  217  171                                   
    30.0-180.0 180.0   5.0 450.0                            LAT/LON1/LON2/DLON/H
  182  165  151  132  120  112  109  107  108  110  114  118  119  117  113  107
  101   97   95   95   95   96   97   97   97   99  103  108  113  118  123  130
  138  147  157  166  175  185  196  209  222  236  250  266  282  299  315  329
  341  352  360  366  369  370  369  368  364  358  348  336  323  312  306  304
  303  302  298  287  274  258  246  229  182                                   
    27.5-180.0 180.0   5.0 450.0                            LAT/LON1/LON2/DLON/H
  199  180  164  143  129  118  113  109  108  109  112  117  120  119  116  111
  106  102  100  101  103  105  106  105  104  105  107  111  115  119  124  130
  139  149  159  170  181  193  205  218  231  245  261  278  296  315  333  350
  366  381  395  407  417  422  425  425  422  413  400  383  365  349  336  329
  325  322  315  304  291  274  262  244  199                                   
    25.0-180.0 180.0   5.0 450.0                            LAT/LON1/LON2/DLON/H
  219  198  181  160  145  132  125  118  114  112  113  117  119  120  117  113
  108  105  104  107  111  116  118  117  115  114  113  115  117  120  125  131
  140  151  164  176  190  203  216  229  242  256  273  291  311  331  351  370
  389  409  428  446  460  469  474  475  471  462  447  427  405  384  367  355
  347  341  333  321  308  292  278  260  219                                   
    22.5-180.0 180.0   5.0 450.0                            LAT/LON1/LON2/DLON/H
  239  218  201  180  165  152  144  134  127  121  119  119  121  120  118  114
  110  107  108  113  120  128  132  132  129  124  121  119  119  121  126  133
  143  155  169  184  200  215  229  242  255  269  286  306  327  348  369  390
  411  433  456  476  492  503  508  509  504  495  479  459  436  413  393  378
  366  359  349  336  324  309  293  276  239                                   
    20.0-180.0 180.0   5.0 450.0                            LAT/LON1/LON2/DLON/H
  257  235  220  200  186  174  165  155  144  135  129  126  124  122  119  115
  111  110  112  119  129  139  145  146  142  135  127  122  119  121  125  133
  145  159  175  193  212  229  244  256  269  283  301  322  344  366  387  408
  430  453  475  495  509  518  521  520  516  508  494  476  455  432  412  396
  383  374  363  350  338  323  306  290  257                                   
    17.5-180.0 180.0   5.0 450.0                            LAT/LON1/LON2/DLON/H
  270  248  235  217  204  193  185  175  163  151  142  136  131  127  123  118
  114  113  116  124  135  147  155  157  152  142  131  122  117  118  123  133
  146  163  182  203  224  243  259  272  284  299  318  340  362  385  406  426
  447  467  487  502  512  516  516  514  510  503  493  479  462  442  424  408
  394  384  374  361  349  334  317  302  270                                   
    15.0-180.0 180.0   5.0 450.0                            LAT/LON1/LON2/DLON/H
  279  257  246  227  216  205  199  190  180  167  156  147  140  133  128  122
  118  116  119  126  138  150  159  161  155  143  130  118  112  113  119  131
  147  166  187  211  234  255  271  285  299  315  335  358  382  404  425  444
  462  479  493  501  504  503  500  496  493  489  483  473  460  444  428  414
  401  391  381  369  357  341  325  310  279                                   
    12.5-180.0 180.0   5.0 450.0                            LAT/LON1/LON2/DLON/H
  283  262  252  232  221  210  205  199  190  179  168  158  149  141  134  128
  123  120  120  126  136  147  155  157  150  138  124  112  105  106  114  128
  146  167  191  216  240  262  280  296  311  330  351  376  400  423  443  461
  476  489  496  498  495  490  484  480  478  476  472  465  455  442  428  416
  404  395  386  374  363  347  331  316  283                                   
    10.0-180.0 180.0   5.0 450.0                            LAT/LON1/LON2/DLON/H
  287  267  257  233  221  209  204  199  193  185  175  166  156  147  139  133
  127  123  121  124  130  138  145  146  140  128  114  103   97   98  108  124
  145  167  191  217  242  264  284  301  318  339  363  388  414  437  458  476
  490  498  501  498  491  483  477  473  472  470  466  460  450  438  426  414
  404  396  388  377  367  350  335  321  287                                   
     7.5-180.0 180.0   5.0 450.0                            LAT/LON1/LON2/DLON/H
  292  274  261  234  220  206  199  195  190  184  177  169  159  150  142  136
  130  125  121  119  122  127  130  130  124  115  103   94   89   92  103  120
