data/edconvlstm_nd/pred0290.15i
     1.0            IONOSPHERE MAPS     GNSS                IONEX VERSION / TYPE
pyspatialgeodesy        IME             05-JAN-18 20:20     PGM / RUN BY / DATE 
Map Name                                                    COMMENT             
Predicted global ionosphere maps (GIM).                     DESCRIPTION         
  2015     1    29     0     0     0                        EPOCH OF FIRST MAP  
  2015     1    30     0     0     0                        EPOCH OF LAST MAP   
  7200                                                      INTERVAL            
    13                                                      # OF MAPS IN FILE   
  NONE                                                      MAPPING FUNCTION    
10.0                                                        ELEVATION CUTOFF    
One-way carrier phase leveled to code                       OBSERVABLES USED    
  6371.0                                                    BASE RADIUS         
 2                                                          MAP DIMENSION       
   450.0 450.0   0.0                                        HGT1 / HGT2 / DHGT  
    87.5 -87.5  -2.5                                        LAT1 / LAT2 / DLAT  
  -180.0 180.0   5.0                                        LON1 / LON2 / DLON  
    -1                                                      EXPONENT            
                                                            END OF HEADER       
[from data line 4719]
    12                                                      START OF TEC MAP    
  2015     1    29    22     0     0                        EPOCH OF CURRENT MAP
    87.5-180.0 180.0   5.0 450.0                            LAT/LON1/LON2/DLON/H
   91   81   68   72   76   73   73   71   72   75   75   76   78   79   80   81
   81   82   82   82   81   81   80   80   79   78   77   76   75   74   73   72
   71   70   69   68   68   67   67   66   66   66   66   66   66   66   67   67
   67   68   68   68   68   68   68   67   67   66   66   65   64   63   62   61
   61   60   57   56   65   66   87   98   91                                   
    85.0-180.0 180.0   5.0 450.0                            LAT/LON1/LON2/DLON/H
   89   84   88   73   73   77   78   80   82   85   85   87   89   90   91   92
   92   92   92   92   91   90   89   88   87   86   84   83   82   80   79   77
   76   74   73   72   71   70   70   69   69   69   69   69   69   70   70   70
   71   71   71   71   71   71   71   70   69   69   68   67   66   65   64   63
   63   62   59   56   63   67   74   73   89                                   
    82.5-180.0 180.0   5.0 450.0                            LAT/LON1/LON2/DLON/H
   63   68   72   65   70   75   79   80   83   86   89   92   94   96   97   98
   98   98   97   97   96   95   93   92   91   89   88   86   84   83   81   79
   77   75   73   72   70   69   68   67   66   66   66   65   66   66   66   67
   68   68   69   69   69   69   69   68   67   66   65   63   62   60   59   57
   57   55   52   54   62   76   71   73   63                                   
    80.0-180.0 180.0   5.0 450.0                            LAT/LON1/LON2/DLON/H
   45   57   68   63   68   70   79   84   90   95  100  104  107  109  110  110
  109  108  106  105  103  101   99   97   95   93   92   90   87   85   83   80
   78   76   74   71   70   68   66   65   64   64   63   63   64   64   65   66
   67   68   69   70   70   71   70   69   68   66   64   62   60   57   55   53
   52   51   49   51   54   64   60   70   45                                   
    77.5-180.0 180.0   5.0 450.0                            LAT/LON1/LON2/DLON/H
   56   66   74   72   80   84   95  101  108  114  120  125  129  131  131  130
  127  124  121  117  114  112  110  108  107  105  104  103  101   99   97   95
   93   90   88   85   83   80   78   76   74   72   71   70   69   69   70   71
   72   73   75   76   77   78   78   77   75   73   71   68   65   62   60   57
   56   55   55   56   61   67   68   82   56                                   
    75.0-180.0 180.0   5.0 450.0                            LAT/LON1/LON2/DLON/H
   62   76   84   83   93   99  109  117  126  135  141  147  150  150  149  145
  140  134  128  123  118  115  112  110  109  108  107  106  105  104  102  100
   98   96   93   91   89   87   85   82   80   78   76   74   73   72   72   73
   74   75   77   79   80   80   80   79   78   76   73   70   67   64   62   61
   60   61   62   62   65   70   71   74   62                                   
    72.5-180.0 180.0   5.0 450.0                            LAT/LON1/LON2/DLON/H
   82   95  103  108  114  121  132  140  148  157  163  169  171  171  167  160
  152  142  133  125  118  112  109  107  105  105  104  104  103  102  101   99
   98   96   94   93   92   90   88   85   83   79   76   73   70   69   67   67
   68   69   71   73   74   75   75   74   73   71   69   66   64   62   61   60
   61   63   66   67   70   79   83   91   82                                   
    70.0-180.0 180.0   5.0 450.0                            LAT/LON1/LON2/DLON/H
   98  112  121  125  131  140  147  157  166  176  184  189  190  188  181  172
  160  147  135  124  116  109  104  101   99   98   97   96   95   93   92   90
   88   87   86   86   86   85   84   82   80   77   73   69   66   63   61   60
   60   61   63   65   66   67   67   66   65   64   62   60   59   58   59   60
   62   66   73   77   83   93  102  109   98                                   
    67.5-180.0 180.0   5.0 450.0                            LAT/LON1/LON2/DLON/H
  122  134  142  147  154  161  169  178  187  196  204  209  210  207  198  187
  172  157  142  129  117  108  102   97   93   90   88   86   84   82   80   78
   76   75   75   75   76   76   76   76   74   71   67   63   59   55   53   51
   51   52   54   55   57   58   58   59   58   57   57   56   55   56   58   61
   64   70   77   83   91  104  113  122  122                                   
    65.0-180.0 180.0   5.0 450.0                            LAT/LON1/LON2/DLON/H
  134  146  155  160  165  172  179  188  197  208  216  222  223  219  210  198
  183  166  150  135  122  111  101   94   88   82   78   74   71   67   64   61
   59   58   58   58   60   61   63   63   62   60   57   53   49   45   42   40
   40   41   42   44   45   47   48   48   49   49   49   50   50   52   55   59
   63   71   81   90  100  115  128  138  134                                   
    62.5-180.0 180.0   5.0 450.0                            LAT/LON1/LON2/DLON/H
  145  156  165  170  176  183  189  197  206  216  225  231  233  231  223  212
  198  182  166  150  134  120  108   96   87   78   71   66   60   56   52   48
   45   43   42   43   45   47   48   50   50   49   46   43   39   35   33   31
   31   31   33   35   36   38   40   41   42   44   45   47   48   50   54   58
   63   71   81   91  101  118  131  142  145                                   
    60.0-180.0 180.0   5.0 450.0                            LAT/LON1/LON2/DLON/H
  150  161  171  177  183  188  195  203  211  221  230  237  241  240  235  226
  214  200  185  169  152  135  119  104   90   79   70   63   57   52   47   42
   38   35   33   33   35   37   39   41   42   42   40   37   34   31   28   27
   26   27   28   30   32   34   36   38   40   42   44   46   48   51   54   59
   64   72   82   92  102  120  135  147  150                                   
    57.5-180.0 180.0   5.0 450.0                            LAT/LON1/LON2/DLON/H
  153  166  176  183  190  196  202  209  216  224  232  239  244  246  244  239
  230  219  205  189  171  152  132  114   98   85   75   67   61   56   50   45
   39   35   32   32   32   34   36   38   39   40   39   38   35   32   30   28
   27   28   29   30   32   34   37   39   42   45   48   50   52   54   57   61
   67   75   86   95  104  123  137  149  153                                   
    55.0-180.0 180.0   5.0 450.0                            LAT/LON1/LON2/DLON/H
  160  176  187  194  202  207  212  217  223  229  235  241  247  250  251  249
  243  235  222  206  187  167  145  125  108   94   85   78   73   68   62   56
   49   43   40   38   38   39   41   42   44   45   45   44   42   40   37   36
   35   35   35   37   38   40   43   46   49   52   55   56   58   59   62   67
   73   82   93  102  110  129  144  155  160                                   
    52.5-180.0 180.0   5.0 450.0                            LAT/LON1/LON2/DLON/H
  170  189  202  209  218  222  227  229  232  235  238  243  247  251  253  254
  250  243  232  217  198  177  155  135  118  106   98   93   89   84   78   70
   63   56   52   50   49   50   51   52   54   55   55   55   54   52   50   48
   47   47   47   48   49   51   53   57   60   62   64   65   65   66   69   74
   81   92  104  114  123  142  156  165  170                                   
    50.0-180.0 180.0   5.0 450.0                            LAT/LON1/LON2/DLON/H
  188  208  223  229  239  243  247  247  246  245  245  246  249  252  255  256
  253  247  236  221  202  183  163  144  130  120  114  110  106  101   93   84
   75   68   64   63   63   64   65   65   66   67   69   70   70   68   66   65
   64   63   63   63   64   65   67   70   73   75   75   75   74   74   78   84
   92  105  119  131  140  159  174  181  188                                   
    47.5-180.0 180.0   5.0 450.0                            LAT/LON1/LON2/DLON/H
  208  228  245  250  261  267  269  267  263  259  255  253  253  254  255  255
  252  245  234  220  203  186  169  154  142  134  128  124  118  111  101   90
   81   75   72   72   74   76   77   77   78   79   81   83   84   84   83   82
   81   81   80   80   80   81   82   85   87   87   86   84   82   82   86   93
  103  118  134  149  160  179  195  201  208                                   
    45.0-180.0 180.0   5.0 450.0                            LAT/LON1/LON2/DLON/H
  228  247  263  269  282  288  290  288  282  276  269  263  260  259  258  256
  251  242  231  218  205  191  178  166  156  148  141  133  123  112   98   86
   78   73   73   76   80   83   85   85   86   87   90   94   96   97   98   97
   97   97   96   96   95   96   97   99   99   98   96   92   90   89   94  102
  113  130  148  164  178  198  215  221  228                                   
    42.5-180.0 180.0   5.0 450.0                            LAT/LON1/LON2/DLON/H
  243  260  275  282  295  304  306  305  299  292  284  277  271  267  263  258
  251  242  231  220  210  200  190  180  170  160  149  136  121  105   89   77
   70   68   70   76   82   87   89   90   90   92   95  100  104  106  107  108
  109  110  110  109  109  109  109  110  110  108  104  100   97   96  101  111
  123  140  158  175  191  211  229  238  243                                   
    40.0-180.0 180.0   5.0 450.0                            LAT/LON1/LON2/DLON/H
  251  265  279  287  301  310  315  315  311  306  298  290  283  277  271  264
  255  245  236  228  221  214  206  196  184  170  153  134  114   96   80   70
   66   67   72   79   86   91   93   93   93   95   98  103  107  110  112  114
  116  117  118  118  118  118  118  119  118  115  111  106  103  104  109  119
  131  147  164  181  196  217  235  248  251                                   
    37.5-180.0 180.0   5.0 450.0                            LAT/LON1/LON2/DLON/H
  251  263  276  284  299  309  316  318  318  315  309  303  296  289  282  273
  264  255  247  242  239  233  225  212  196  177  155  133  112   94   82   77
   77   81   86   92   98  101  101  100   99   99  102  106  110  112  114  116
  118  120  122  122  122  123  123  123  122  120  116  112  110  111  117  126
  138  153  168  182  196  215  234  249  251                                   
    35.0-180.0 180.0   5.0 450.0                            LAT/LON1/LON2/DLON/H
  248  258  271  278  293  302  312  316  319  320  317  313  307  300  292  284
  275  268  264  262  260  254  243  227  206  183  160  139  121  110  106  108
  113  118  122  123  123  121  117  114  110  109  110  112  114  114  114  115
  117  120  122  123  123  124  125  125  124  122  119  116  115  117  124  134
  145  158  172  183  193  212  229  246  248                                   
    32.5-180.0 180.0   5.0 450.0                            LAT/LON1/LON2/DLON/H
  248  256  267  272  287  295  306  312  318  322  322  320  315  309  302  293
  286  282  281  281  280  272  257  237  214  192  173  158  151  151  159  170
  180  184  180  172  162  152  143  136  129  126  124  123  121  117  115  114
  115  117  119  120  121  122  124  124  123  122  120  119  119  123  131  142
  153  166  178  187  194  212  228  245  248                                   
    30.0-180.0 180.0   5.0 450.0                            LAT/LON1/LON2/DLON/H
  256  260  271  272  288  292  303  310  318  323  326  325  322  316  309  302
  296  294  295  297  294  284  265  244  223  207  197  196  204  220  241  261
  273  271  256  234  211  192  176  164  155  148  143  138  131  124  118  114
  113  114  115  116  117  119  121  121  120  120  119  120  122  127  137  149
  162  176  188  197  202  219  235  252  256                                   
    27.5-180.0 180.0   5.0 450.0                            LAT/LON1/LON2/DLON/H
  274  275  284  282  297  298  307  313  321  328  331  332  329  323  316  308
  303  303  305  306  301  288  268  249  236  231  237  253  278  311  344  371
  381  369  338  299  261  231  209  193  181  172  164  155  145  133  123  116
  113  112  111  112  113  115  116  116  116  116  116  118  122  129  141  156
  171  189  203  213  219  238  254  269  274                                   
    25.0-180.0 180.0   5.0 450.0                            LAT/LON1/LON2/DLON/H
  303  300  308  304  317  316  322  325  333  338  342  342  339  332  324  315
  310  309  310  309  302  287  270  258  256  267  291  325  367  412  453  481
  483  457  408  352  300  261  235  217  204  193  184  173  159  144  130  120
  114  111  109  109  110  111  112  111  110  110  112  115  120  129  143  162
  182  204  221  235  244  265  283  298  303                                   
    22.5-180.0 180.0   5.0 450.0                            LAT/LON1/LON2/DLON/H
  341  335  341  337  350  346  348  349  354  359  361  360  355  347  337  326
  318  315  313  309  300  287  276  274  288  316  356  404  456  505  545  565
  555  514  449  378  317  273  245  227  216  206  197  185  171  154  138  126
  118  112  108  107  107  108  107  105  104  104  107  111  117  127  144  167
  191  220  241  261  273  298  319  334  341                                   
    20.0-180.0 180.0   5.0 450.0                            LAT/LON1/LON2/DLON/H
  385  378  382  381  394  387  387  385  389  391  391  388  381  371  357  344
  332  324  319  312  303  294  292  304  332  375  427  481  530  572  598  602
  576  521  446  369  306  262  236  222  213  207  201  191  178  162  147  133
  123  116  111  108  106  106  104  100   98   98  102  107  114  125  145  172
  200  234  260  284  302  331  356  374  385                                   
    17.5-180.0 180.0   5.0 450.0                            LAT/LON1/LON2/DLON/H
  427  423  427  429  443  435  433  431  433  435  433  428  419  406  389  371
  355  342  333  325  317  315  324  349  390  442  495  541  575  595  598  581
  539  475  398  325  267  230  210  202  199  197  195  190  181  168  155  142
  132  124  117  112  109  107  103   98   95   95   98  104  112  125  147  176
  208  245  275  304  325  361  391  412  427                                   
    15.0-180.0 180.0   5.0 450.0                            LAT/LON1/LON2/DLON/H
  463  462  470  473  489  482  481  480  483  485  482  476  465  451  432  411
  390  372  359  351  347  353  373  409  458  509  551  575  581  571  546  507
  454  389  321  260  215  188  177  175  177  180  182  182  179  172  162  152
  143  134  126  119  115  111  105   99   95   94   97  103  112  127  151  182
  215  255  286  317  343  384  419  442  463                                   
    12.5-180.0 180.0   5.0 450.0                            LAT/LON1/LON2/DLON/H
  488  493  505  509  527  523  525  526  532  536  535  529  519  503  483  460
  436  416  401  393  394  408  437  480  527  567  585  578  550  507  457  403
  348  292  240  197  167  153  150  154  160  165  170  174  176  174  169  162
  155  146  137  130  123  118  111  104   98   96   99  104  114  131  158  190
  223  263  295  326  354  398  438  463  488                                   
    10.0-180.0 180.0   5.0 450.0                            LAT/LON1/LON2/DLON/H
  505  515  532  535  556  555  561  566  576  583  585  581  572  558  539  516
  491  469  454  449  455  475  508  550  588  606  594  554  493  426  360  302
  252  211  178  154  141  138  142  148  154  160  165  171  175  177  176  172
  167  159  150  141  134  127  119  111  105  102  103  108  119  138  166  200
  233  271  302  332  360  407  449  475  505                                   
     7.5-180.0 180.0   5.0 450.0                            LAT/LON1/LON2/DLON/H
  516  534  554  557  579  582  591  599  613  623  628  627  621  609  593  572
  549  529  515  512  521  544  576  610  631  623  582  513  431  351  282  229
