data/edconvlstm_nd/pred0900.15i
     1.0            IONOSPHERE MAPS     GNSS                IONEX VERSION / TYPE
pyspatialgeodesy        IME             05-JAN-18 20:20     PGM / RUN BY / DATE 
Map Name                                                    COMMENT             
Predicted global ionosphere maps (GIM).                     DESCRIPTION         
  2015     3    31     0     0     0                        EPOCH OF FIRST MAP  
  2015     4     1     0     0     0                        EPOCH OF LAST MAP   
  7200                                                      INTERVAL            
    13                                                      # OF MAPS IN FILE   
  NONE                                                      MAPPING FUNCTION    
10.0                                                        ELEVATION CUTOFF    
One-way carrier phase leveled to code                       OBSERVABLES USED    
  6371.0                                                    BASE RADIUS         
 2                                                          MAP DIMENSION       
   450.0 450.0   0.0                                        HGT1 / HGT2 / DHGT  
    87.5 -87.5  -2.5                                        LAT1 / LAT2 / DLAT  
  -180.0 180.0   5.0                                        LON1 / LON2 / DLON  
    -1                                                      EXPONENT            
                                                            END OF HEADER       
[from data line 1287]
     4                                                      START OF TEC MAP    
  2015     3    31     6     0     0                        EPOCH OF CURRENT MAP
    87.5-180.0 180.0   5.0 450.0                            LAT/LON1/LON2/DLON/H
  141  141  140  145  147  146  146  145  148  152  154  157  159  161  162  163
  163  163  163  162  161  159  157  155  153  152  150  148  147  145  144  144
  143  143  143  143  143  143  144  144  145  145  146  146  147  147  147  148
  148  148  148  148  148  148  148  148  148  148  147  147  146  145  143  143
  142  143  141  139  143  141  144  137  141                                   
    85.0-180.0 180.0   5.0 450.0                            LAT/LON1/LON2/DLON/H
  142  148  145  147  150  151  154  156  160  164  167  171  175  177  179  181
  181  181  180  178  175  172  169  166  162  159  156  153  151  149  148  147
  147  147  148  148  150  151  152  154  155  156  158  159  160  161  161  162
  162  163  163  164  164  164  164  165  165  164  164  163  163  161  160  159
  158  158  152  151  145  145  144  140  142                                   
    82.5-180.0 180.0   5.0 450.0                            LAT/LON1/LON2/DLON/H
  147  145  147  140  141  143  146  150  155  161  167  173  178  182  185  187
  187  186  184  180  176  171  165  159  154  148  143  139  136  134  133  132
  133  134  136  138  141  145  148  151  154  157  159  161  163  165  167  168
  169  171  172  173  174  176  177  178  179  180  180  180  179  177  175  174
  171  168  161  159  156  148  140  129  147                                   
    80.0-180.0 180.0   5.0 450.0                            LAT/LON1/LON2/DLON/H
  149  139  132  127  128  129  133  138  145  153  160  169  176  182  186  188
  189  187  184  178  172  164  156  148  139  132  126  121  117  114  113  114
  116  119  123  128  134  139  145  150  155  159  163  166  169  172  174  176
  179  181  183  185  188  191  194  196  199  201  203  204  204  203  200  198
  193  187  178  173  168  156  153  133  149                                   
    77.5-180.0 180.0   5.0 450.0                            LAT/LON1/LON2/DLON/H
  155  136  128  122  117  117  121  126  133  141  150  160  169  177  182  185
  185  183  179  172  163  154  144  134  124  115  108  102   98   96   96   98
  102  108  115  123  132  141  149  156  163  169  174  178  182  185  187  190
  192  195  198  202  206  210  215  220  225  229  232  235  236  236  234  232
  226  219  207  200  193  172  162  148  155                                   
    75.0-180.0 180.0   5.0 450.0                            LAT/LON1/LON2/DLON/H
  163  144  129  119  111  109  109  112  118  125  134  145  154  162  168  171
  171  168  163  156  148  138  127  117  107   98   90   84   81   79   80   83
   89   97  107  118  129  140  151  160  168  175  181  186  190  193  196  199
  202  205  209  213  218  224  230  237  244  250  256  260  263  265  265  263
  258  252  241  227  218  198  187  170  163                                   
    72.5-180.0 180.0   5.0 450.0                            LAT/LON1/LON2/DLON/H
  179  161  143  128  117  110  108  107  111  116  124  133  141  148  154  156
  157  155  151  145  138  129  120  111  102   94   87   81   77   76   77   81
   88   98  109  122  136  149  161  171  180  188  194  199  203  206  210  213
  216  219  223  228  233  239  246  253  261  268  274  280  284  287  288  289
  286  281  274  262  252  231  216  201  179                                   
    70.0-180.0 180.0   5.0 450.0                            LAT/LON1/LON2/DLON/H
  203  181  163  142  127  114  107  102  103  105  110  117  123  128  132  134
  134  133  131  127  123  117  111  105   98   92   85   80   76   75   75   79
   86   96  108  122  136  150  163  174  183  190  197  202  207  211  215  219
  223  226  230  235  240  245  252  259  266  273  279  285  290  294  296  298
  298  296  292  283  275  258  246  231  203                                   
    67.5-180.0 180.0   5.0 450.0                            LAT/LON1/LON2/DLON/H
  218  200  180  157  139  122  110  101   98   96   98  102  105  108  111  112
  112  112  111  111  109  107  105  102   98   94   89   84   80   77   77   79
   85   94  106  120  134  147  159  170  178  186  192  199  204  210  216  221
  226  231  235  238  242  247  252  257  263  268  274  279  284  287  290  293
  294  295  294  288  284  271  260  249  218                                   
    65.0-180.0 180.0   5.0 450.0                            LAT/LON1/LON2/DLON/H
  230  215  196  172  152  131  115  103   96   91   90   91   92   93   93   94
   94   95   96   97   99  100  101  101  100   98   94   90   85   81   79   80
   84   92  102  115  128  140  152  162  170  178  186  194  202  210  218  225
  232  237  241  244  247  249  252  255  259  263  267  271  274  277  279  282
  283  285  286  283  282  274  267  258  230                                   
    62.5-180.0 180.0   5.0 450.0                            LAT/LON1/LON2/DLON/H
  234  223  207  183  163  139  121  106   96   88   85   83   82   81   81   80
   81   82   85   88   91   94   97   99  100   99   97   93   88   82   78   77
   80   86   95  107  119  131  142  151  160  169  179  189  200  211  222  232
  240  247  251  254  255  256  257  258  259  261  263  266  267  268  269  270
  271  272  273  271  272  266  262  256  234                                   
    60.0-180.0 180.0   5.0 450.0                            LAT/LON1/LON2/DLON/H
  234  225  212  188  170  145  125  107   95   85   79   76   74   72   71   71
   72   73   76   80   84   87   91   94   96   96   95   91   86   79   74   71
   73   78   87   98  110  121  132  142  151  162  174  187  201  216  230  243
  253  260  265  268  268  268  267  267  267  267  268  269  269  269  267  266
  264  262  262  259  260  255  252  246  234                                   
    57.5-180.0 180.0   5.0 450.0                            LAT/LON1/LON2/DLON/H
  235  227  216  194  178  153  131  110   95   83   76   72   69   67   66   66
   67   69   72   75   78   81   84   86   89   90   89   86   80   74   68   65
   66   71   80   92  104  115  126  137  148  161  175  191  209  227  244  259
  271  280  286  289  290  289  287  286  285  285  286  286  285  284  280  276
  270  265  261  256  254  247  245  237  235                                   
    55.0-180.0 180.0   5.0 450.0                            LAT/LON1/LON2/DLON/H
  240  231  222  201  188  163  140  116   98   83   73   68   65   63   63   63
   65   68   71   73   75   76   77   78   80   82   82   79   74   68   62   59
   61   67   77   89  102  115  126  138  150  165  181  200  221  241  261  278
  293  304  312  316  317  316  315  313  313  313  313  314  314  311  306  300
  290  281  273  263  257  246  243  234  240                                   
    52.5-180.0 180.0   5.0 450.0                            LAT/LON1/LON2/DLON/H
  251  241  234  215  203  178  154  128  106   87   75   68   64   62   62   63
   66   69   71   73   73   72   72   73   75   77   77   75   70   64   59   58
   60   68   79   93  106  119  132  144  158  174  193  214  236  258  280  300
  317  331  340  346  348  349  348  347  346  347  348  349  349  346  341  332
  320  308  295  280  269  255  251  241  251                                   
    50.0-180.0 180.0   5.0 450.0                            LAT/LON1/LON2/DLON/H
  269  258  251  234  222  199  174  145  119   97   82   72   67   64   63   65
   67   70   73   74   74   72   72   73   75   78   78   76   72   66   62   61
   64   73   86  101  116  129  142  155  170  188  208  230  253  277  300  322
  342  358  370  378  382  384  383  382  381  382  383  384  384  382  376  366
  353  339  323  305  290  273  267  258  269                                   
    47.5-180.0 180.0   5.0 450.0                            LAT/LON1/LON2/DLON/H
  291  278  271  257  244  222  197  165  137  111   93   81   73   69   67   68
   70   73   76   77   77   77   78   80   83   86   87   84   79   73   69   68
   73   83   97  112  127  141  154  168  185  204  224  247  270  294  319  343
  365  384  398  408  414  416  416  414  413  412  411  411  410  407  401  391
  379  365  349  330  313  296  288  281  291                                   
    45.0-180.0 180.0   5.0 450.0                            LAT/LON1/LON2/DLON/H
  310  297  289  277  263  242  218  186  156  128  108   94   84   78   75   73
   75   77   80   83   85   87   90   95   99  102  101   97   91   84   79   78
   83   93  108  124  140  154  167  182  200  220  241  263  286  310  335  361
  384  405  422  434  441  444  444  441  437  434  430  427  423  418  411  403
  392  381  367  350  333  317  310  305  310                                   
    42.5-180.0 180.0   5.0 450.0                            LAT/LON1/LON2/DLON/H
  324  309  300  289  273  254  231  202  172  145  124  109   98   90   84   82
   82   84   88   92   97  103  109  115  120  122  120  113  104   95   90   89
   93  103  117  133  148  163  177  194  214  235  257  278  300  324  349  375
  401  423  442  455  464  467  467  463  456  449  441  433  426  418  411  403
  395  386  375  362  348  334  328  323  324                                   
    40.0-180.0 180.0   5.0 450.0                            LAT/LON1/LON2/DLON/H
  327  310  300  288  271  253  233  209  183  158  138  123  112  103   96   92
   91   93   99  106  114  123  131  139  144  144  138  128  116  107  100   98
  102  110  122  137  152  167  183  203  225  249  271  292  313  336  361  388
  415  439  460  475  485  489  489  484  476  465  453  442  430  420  410  403
  395  389  380  369  357  346  340  333  327                                   
    37.5-180.0 180.0   5.0 450.0                            LAT/LON1/LON2/DLON/H
  324  303  290  274  256  238  222  205  185  165  148  135  125  116  109  104
  103  106  113  123  134  145  155  163  166  163  154  141  127  117  110  107
  108  113  122  135  149  165  184  207  233  259  283  303  324  347  373  401
  429  455  477  495  508  515  517  513  505  494  480  466  451  437  426  417
  409  402  392  380  369  357  350  338  324                                   
    35.0-180.0 180.0   5.0 450.0                            LAT/LON1/LON2/DLON/H
  322  296  277  254  235  216  203  192  180  166  154  144  135  128  121  117
  116  120  129  142  155  168  178  184  185  180  168  152  138  127  120  115
  113  114  120  130  143  161  183  210  239  268  292  312  333  356  383  413
  443  472  498  519  537  549  555  556  552  543  530  514  498  482  469  458
  447  436  424  407  394  378  366  348  322                                   
    32.5-180.0 180.0   5.0 450.0                            LAT/LON1/LON2/DLON/H
  331  299  274  241  218  196  184  178  171  163  155  149  142  136  131  128
  129  135  146  160  175  187  196  201  201  194  181  165  151  140  132  125
  120  117  118  126  139  158  183  213  245  274  298  319  339  364  393  426
  459  492  522  549  572  591  605  614  616  613  604  590  575  559  544  531
  516  501  482  457  438  415  395  371  331                                   
    30.0-180.0 180.0   5.0 450.0                            LAT/LON1/LON2/DLON/H
  360  323  289  248  220  193  177  171  167  163  157  152  147  142  139  137
  140  147  160  175  190  201  210  215  215  209  197  183  169  158  149  140
  130  122  120  126  140  161  188  220  253  281  304  324  345  372  403  440
  477  515  550  584  614  641  665  683  695  699  697  689  677  663  649  634
  616  595  569  533  507  473  442  415  360                                   
    27.5-180.0 180.0   5.0 450.0                            LAT/LON1/LON2/DLON/H
  416  375  331  283  249  217  193  184  178  172  165  159  153  148  145  145
  148  156  169  185  199  210  220  227  231  229  220  207  194  184  173  160
  146  133  127  131  146  169  199  231  263  290  312  332  355  383  417  457
  499  541  583  623  660  696  728  756  778  793  799  798  792  782  771  756
  737  712  679  633  598  551  508  480  416                                   
    25.0-180.0 180.0   5.0 450.0                            LAT/LON1/LON2/DLON/H
  498  454  402  350  309  272  239  222  210  198  186  175  165  158  154  152
  155  162  174  189  203  216  228  241  250  253  248  237  226  215  202  185
  164  146  137  140  156  181  212  243  274  300  323  345  370  401  438  480
  526  572  619  664  708  750  789  825  856  880  895  902  902  897  888  875
  857  832  796  744  701  642  590  563  498                                   
    22.5-180.0 180.0   5.0 450.0                            LAT/LON1/LON2/DLON/H
  600  555  497  443  395  354  311  284  263  243  224  205  189  177  169  164
  163  168  177  190  204  220  238  257  273  280  277  268  257  245  230  207
  180  156  144  147  165  191  222  254  284  311  337  363  392  426  465  510
  557  607  656  704  750  795  838  878  914  944  965  979  984  984  980  969
  954  933  900  848  799  735  683  658  600                                   
    20.0-180.0 180.0   5.0 450.0                            LAT/LON1/LON2/DLON/H
  705  659  603  549  496  451  399  361  331  305  278  252  228  209  196  185
  179  177  182  193  208  227  251  276  297  306  303  293  280  266  246  219
  186  159  145  149  168  196  228  260  291  321  351  383  417  455  497  543
  591  641  691  738  783  827  869  908  944  975 1000 1017 1026 1030 1029 1022
 1011  997  972  926  878  814  771  751  705                                   
    17.5-180.0 180.0   5.0 450.0                            LAT/LON1/LON2/DLON/H
  792  747  698  649  592  545  487  441  405  374  344  313  284  258  237  219
  205  196  195  202  216  238  266  295  317  325  320  307  290  270  245  214
  180  152  139  144  164  194  227  260  294  329  365  403  443  485  529  575
  623  672  719  762  803  842  879  913  945  973  997 1015 1026 1031 1033 1030
 1025 1018 1004  969  927  869  837  827  792                                   
    15.0-180.0 180.0   5.0 450.0                            LAT/LON1/LON2/DLON/H
  847  804  767  722  667  619  561  511  473  442  414  384  352  321  293  268
  245  227  217  219  231  252  281  310  331  337  327  307  282  255  228  197
  166  141  130  136  158  188  222  258  295  335  377  421  466  510  555  601
  648  693  735  773  807  839  869  896  920  942  963  980  992  999 1002 1002
 1001 1001  999  975  943  895  874  875  847                                   
    12.5-180.0 180.0   5.0 450.0                            LAT/LON1/LON2/DLON/H
  868  826  800  759  709  662  607  558  524  500  478  454  424  392  359  328
  297  270  251  244  250  268  294  320  338  340  323  294  261  231  204  178
  152  132  123  131  152  182  217  255  297  341  388  436  483  528  572  616
  661  702  739  771  798  824  847  866  883  899  916  932  945  952  955  956
  958  962  968  955  935  898  884  895  868                                   
    10.0-180.0 180.0   5.0 450.0                            LAT/LON1/LON2/DLON/H
  864  822  804  764  717  673  622  579  553  540  529  514  490  460  427  393
  357  322  293  277  274  285  305  326  338  334  310  273  236  206  184  165
  145  129  122  129  148  177  213  254  299  348  398  448  495  539  581  622
  664  702  735  761  784  806  826  841  853  864  878  893  905  911  911  910
  913  919  928  923  915  889  880  896  864                                   
     7.5-180.0 180.0   5.0 450.0                            LAT/LON1/LON2/DLON/H
  848  808  793  751  705  663  615  579  562  560  561  557  541  515  485  451
  414  375  339  313  300  301  312  325  331  320  290  252  216  192  175  162
