data/edconvlstm_nd/pred1720.15i
     1.0            IONOSPHERE MAPS     GNSS                IONEX VERSION / TYPE
pyspatialgeodesy        IME             05-JAN-18 20:20     PGM / RUN BY / DATE 
Map Name                                                    COMMENT             
Predicted global ionosphere maps (GIM).                     DESCRIPTION         
  2015     6    21     0     0     0                        EPOCH OF FIRST MAP  
  2015     6    22     0     0     0                        EPOCH OF LAST MAP   
  7200                                                      INTERVAL            
    13                                                      # OF MAPS IN FILE   
  NONE                                                      MAPPING FUNCTION    
10.0                                                        ELEVATION CUTOFF    
One-way carrier phase leveled to code                       OBSERVABLES USED    
  6371.0                                                    BASE RADIUS         
 2                                                          MAP DIMENSION       
   450.0 450.0   0.0                                        HGT1 / HGT2 / DHGT  
    87.5 -87.5  -2.5                                        LAT1 / LAT2 / DLAT  
  -180.0 180.0   5.0                                        LON1 / LON2 / DLON  
    -1                                                      EXPONENT            
                                                            END OF HEADER       
[from data line 4290]
    11                                                      START OF TEC MAP    
  2015     6    21    20     0     0                        EPOCH OF CURRENT MAP
    87.5-180.0 180.0   5.0 450.0                            LAT/LON1/LON2/DLON/H
  203  191  178  186  186  186  185  184  183  183  182  182  181  180  180  179
  178  178  177  176  175  174  172  171  170  169  168  167  166  165  165  164
  164  164  163  163  163  164  164  164  165  165  165  166  166  166  167  167
  167  167  167  168  168  168  168  169  169  169  170  171  171  172  173  174
  174  175  176  178  188  191  191  196  203                                   
    85.0-180.0 180.0   5.0 450.0                            LAT/LON1/LON2/DLON/H
  195  197  201  196  192  196  196  196  195  195  194  193  192  191  190  189
  188  187  186  185  184  182  181  180  178  177  176  174  173  172  172  171
  170  170  170  170  171  171  172  173  173  174  174  175  175  175  176  176
  175  175  175  175  175  175  175  176  176  177  177  178  179  180  181  183
  185  186  187  188  192  187  189  195  195                                   
    82.5-180.0 180.0   5.0 450.0                            LAT/LON1/LON2/DLON/H
  183  193  196  194  192  196  198  197  195  195  193  193  191  190  189  188
  187  185  184  182  181  179  177  175  173  171  169  167  165  164  162  161
  161  161  161  162  163  164  165  166  168  169  170  170  171  171  171  170
  170  169  169  168  168  167  167  167  167  168  168  169  170  172  173  175
  177  179  180  186  188  196  193  187  183                                   
    80.0-180.0 180.0   5.0 450.0                            LAT/LON1/LON2/DLON/H
  185  196  201  198  195  196  198  199  198  198  197  196  195  194  193  192
  191  189  188  186  185  183  181  178  176  173  170  168  165  163  161  160
  159  159  160  161  162  164  167  169  171  173  174  175  175  175  174  174
  172  171  170  169  168  167  166  165  165  165  165  166  167  169  171  173
  176  179  182  187  187  184  187  188  185                                   
    77.5-180.0 180.0   5.0 450.0                            LAT/LON1/LON2/DLON/H
  191  192  200  198  196  198  198  199  198  198  196  196  195  194  193  193
  192  192  191  190  189  187  185  183  180  177  174  170  167  164  162  160
  159  159  160  162  165  168  171  174  176  178  180  180  180  180  178  177
  175  173  171  169  167  166  164  163  162  162  161  162  163  164  166  168
  171  174  177  182  188  182  189  195  191                                   
    75.0-180.0 180.0   5.0 450.0                            LAT/LON1/LON2/DLON/H
  192  193  197  194  192  195  194  194  194  195  193  193  192  192  192  192
  192  192  193  192  192  191  190  188  185  182  179  175  171  168  165  163
  162  162  163  166  169  172  176  179  182  184  185  185  184  182  180  178
  175  173  171  168  166  165  163  162  160  160  159  159  160  161  163  166
  168  171  176  178  183  178  184  182  192                                   
    72.5-180.0 180.0   5.0 450.0                            LAT/LON1/LON2/DLON/H
  191  192  195  196  191  194  194  193  192  192  191  190  190  190  190  191
  191  192  193  194  194  194  193  192  189  186  183  179  175  171  168  166
  165  165  166  168  172  175  179  183  185  187  187  186  184  182  179  176
  173  171  169  167  165  164  163  161  160  160  160  160  160  161  163  165
  166  170  174  176  179  176  182  187  191                                   
    70.0-180.0 180.0   5.0 450.0                            LAT/LON1/LON2/DLON/H
  195  194  195  194  188  190  190  190  189  189  188  188  187  187  187  188
  188  190  191  192  193  193  193  191  190  187  184  181  177  174  171  169
  167  167  168  170  173  177  181  184  186  186  185  183  180  176  173  170
  167  165  164  163  162  161  161  160  160  160  161  161  162  164  165  168
  169  171  176  178  181  179  186  188  195                                   
    67.5-180.0 180.0   5.0 450.0                            LAT/LON1/LON2/DLON/H
  203  202  203  203  197  198  197  197  196  196  195  194  193  192  192  192
  193  194  195  196  197  197  197  196  194  192  190  188  185  182  180  177
  176  175  176  177  180  183  186  189  190  190  188  184  180  175  171  168
  166  165  165  165  165  165  165  166  166  168  169  171  173  175  177  180
  181  183  187  188  189  186  192  195  203                                   
    65.0-180.0 180.0   5.0 450.0                            LAT/LON1/LON2/DLON/H
  211  209  209  208  202  202  201  201  200  200  198  197  195  194  193  192
  192  193  193  194  194  194  193  192  191  190  189  188  187  185  184  182
  180  179  179  179  181  183  186  188  188  187  184  179  174  168  164  161
  159  159  159  160  161  161  162  163  165  168  171  174  178  181  184  187
  188  191  195  197  198  195  202  203  211                                   
    62.5-180.0 180.0   5.0 450.0                            LAT/LON1/LON2/DLON/H
  220  219  219  217  211  211  209  209  208  207  205  203  201  198  197  196
  195  195  194  194  193  192  191  190  189  189  189  190  190  190  190  188
  187  185  183  182  183  185  187  188  188  186  182  176  170  164  159  156
  155  155  155  156  157  157  158  160  162  166  171  177  182  187  192  195
  197  200  204  205  207  203  210  211  220                                   
    60.0-180.0 180.0   5.0 450.0                            LAT/LON1/LON2/DLON/H
  228  227  226  224  218  218  216  215  214  213  210  208  205  202  200  198
  197  196  195  193  191  189  187  186  186  187  188  191  193  195  195  195
  193  190  187  185  184  185  187  188  187  184  180  173  166  160  155  152
  151  150  150  150  150  150  150  151  154  159  166  173  181  188  194  199
  201  205  208  210  213  210  218  219  228                                   
    57.5-180.0 180.0   5.0 450.0                            LAT/LON1/LON2/DLON/H
  232  233  232  230  224  225  222  221  219  218  215  211  208  205  203  201
  200  198  196  193  190  188  186  185  185  187  189  193  197  200  202  201
  199  196  192  188  187  187  187  188  187  184  179  172  165  158  153  150
  148  146  145  144  142  140  139  140  143  149  157  166  176  184  192  198
  201  205  209  211  215  213  222  222  232                                   
    55.0-180.0 180.0   5.0 450.0                            LAT/LON1/LON2/DLON/H
  233  236  235  234  229  230  227  226  224  222  218  215  211  208  206  205
  203  201  199  195  191  188  186  186  186  189  192  197  202  206  208  209
  207  203  198  193  190  189  190  190  189  186  180  173  165  158  153  149
  146  143  141  137  134  130  128  129  132  138  147  157  168  177  186  192
  197  202  207  208  213  213  222  223  233                                   
    52.5-180.0 180.0   5.0 450.0                            LAT/LON1/LON2/DLON/H
  232  236  235  236  233  234  232  231  228  226  221  217  213  211  209  208
  207  204  201  197  194  191  189  189  190  193  197  202  207  212  215  216
  214  210  204  199  195  194  193  193  191  187  181  174  166  159  153  148
  144  140  136  131  126  122  119  119  122  129  138  149  159  168  177  185
  190  196  201  203  208  210  220  220  232                                   
    50.0-180.0 180.0   5.0 450.0                            LAT/LON1/LON2/DLON/H
  229  234  235  237  236  239  237  236  233  231  226  221  218  215  213  212
  211  208  205  201  198  196  195  196  198  200  204  209  214  218  222  224
  223  219  214  208  203  201  199  198  195  189  182  174  167  160  154  149
  144  139  134  128  122  117  114  114  118  125  134  143  153  161  169  177
  183  190  196  198  203  207  216  217  229                                   
    47.5-180.0 180.0   5.0 450.0                            LAT/LON1/LON2/DLON/H
  226  233  235  238  239  244  243  243  240  238  233  228  224  221  219  218
  215  212  209  206  204  203  203  205  207  209  212  216  221  225  230  232
  233  230  225  219  214  210  207  204  199  192  183  175  167  161  155  150
  145  139  133  127  121  116  114  115  120  127  135  143  151  157  164  171
  178  185  192  195  200  204  214  215  226                                   
    45.0-180.0 180.0   5.0 450.0                            LAT/LON1/LON2/DLON/H
  226  234  237  242  244  250  250  251  250  248  243  239  235  231  228  225
  221  218  215  213  212  212  214  216  218  220  222  225  229  233  238  242
  244  243  240  234  228  223  218  211  204  194  185  176  168  162  157  153
  147  142  136  130  124  121  120  122  127  134  141  148  153  157  163  169
  175  183  191  195  200  205  215  215  226                                   
    42.5-180.0 180.0   5.0 450.0                            LAT/LON1/LON2/DLON/H
  229  238  242  247  250  257  259  261  261  261  258  254  250  245  240  235
  230  226  223  222  223  224  226  228  230  232  233  235  238  243  249  255
  259  259  257  251  245  237  230  221  210  199  188  178  171  166  161  157
  152  146  141  136  132  129  129  132  138  145  151  156  158  160  164  169
  176  185  193  198  203  209  219  219  229                                   
    40.0-180.0 180.0   5.0 450.0                            LAT/LON1/LON2/DLON/H
  234  245  249  253  258  265  268  271  274  276  274  272  268  262  255  248
  241  237  234  235  236  238  241  242  244  245  246  248  251  256  263  270
  275  277  276  270  262  253  243  231  218  205  192  183  176  171  167  163
  158  153  148  144  141  139  140  143  149  155  160  164  165  165  167  171
  178  187  197  202  209  215  226  225  234                                   
    37.5-180.0 180.0   5.0 450.0                            LAT/LON1/LON2/DLON/H
  241  253  258  261  266  272  276  281  286  290  292  292  288  282  273  264
  257  252  250  251  253  256  257  259  260  261  262  264  267  272  279  287
  294  297  295  289  280  268  256  242  227  212  200  190  183  178  174  170
  166  161  157  153  150  148  148  151  156  162  166  168  168  168  169  173
  180  190  201  207  214  222  234  234  241                                   
    35.0-180.0 180.0   5.0 450.0                            LAT/LON1/LON2/DLON/H
  248  262  267  268  273  278  283  288  296  303  308  311  310  304  295  285
  277  272  271  272  275  276  277  277  278  280  282  285  288  292  299  307
  313  316  313  306  294  281  266  251  236  221  208  198  191  187  182  178
  173  168  164  160  157  154  153  154  157  162  166  168  168  167  169  173
  180  191  202  210  219  228  242  242  248                                   
    32.5-180.0 180.0   5.0 450.0                            LAT/LON1/LON2/DLON/H
  256  269  274  274  279  283  288  294  304  314  323  330  331  328  320  310
  303  298  297  298  300  300  299  299  300  302  305  308  311  315  320  326
  331  332  328  318  304  288  273  258  242  228  216  206  199  194  188  183
  178  173  168  164  159  155  151  151  152  156  159  161  162  162  164  170
  177  189  201  211  221  232  248  249  256                                   
    30.0-180.0 180.0   5.0 450.0                            LAT/LON1/LON2/DLON/H
  261  274  279  279  284  287  292  299  310  323  336  346  352  352  347  339
  332  328  327  328  327  326  324  324  325  328  331  334  336  338  341  344
  346  344  336  323  306  290  274  259  245  232  222  212  205  198  191  185
  179  174  169  164  158  151  145  142  142  144  147  150  151  153  157  163
  172  184  197  208  220  233  251  254  261                                   
    27.5-180.0 180.0   5.0 450.0                            LAT/LON1/LON2/DLON/H
  263  276  281  282  287  291  296  303  317  332  348  362  372  377  375  371
  366  362  361  359  357  354  351  350  351  355  358  361  361  360  359  358
  356  349  337  320  301  283  268  254  243  232  223  214  206  198  190  182
  176  171  166  159  152  143  136  131  130  131  134  136  139  141  147  154
  164  177  190  202  216  232  251  256  263                                   
    25.0-180.0 180.0   5.0 450.0                            LAT/LON1/LON2/DLON/H
  263  275  280  283  289  294  301  309  324  341  359  377  392  402  405  404
  401  398  395  392  387  383  379  377  378  381  384  384  382  378  372  366
  358  346  330  309  289  271  257  245  236  228  220  212  203  193  183  175
  169  164  158  152  143  133  125  120  118  118  121  123  126  129  135  144
  154  169  183  196  212  228  248  256  263                                   
    22.5-180.0 180.0   5.0 450.0                            LAT/LON1/LON2/DLON/H
  260  272  276  282  290  298  306  316  332  351  371  392  411  426  434  437
  437  434  429  423  417  410  406  403  403  404  405  403  397  389  379  367
  353  336  315  293  273  256  243  233  226  220  213  205  195  184  174  165
  159  154  149  142  133  123  116  111  109  109  111  113  116  119  125  134
  145  161  176  190  207  224  244  255  260                                   
    20.0-180.0 180.0   5.0 450.0                            LAT/LON1/LON2/DLON/H
  256  268  272  280  290  301  311  324  341  361  383  406  428  447  460  467
  469  467  460  452  444  436  430  427  424  423  420  414  405  393  379  362
  343  321  297  275  255  240  229  221  215  210  205  197  186  175  164  155
  149  144  139  132  123  115  109  105  104  105  106  107  109  111  116  125
  137  154  170  185  203  220  240  253  256                                   
    17.5-180.0 180.0   5.0 450.0                            LAT/LON1/LON2/DLON/H
  251  263  268  278  290  302  315  330  348  369  391  416  441  463  480  492
  496  494  487  477  467  458  451  445  440  434  427  418  406  391  373  352
  329  304  280  258  241  229  219  212  207  202  197  189  178  166  155  146
  141  136  131  124  116  109  104  103  103  104  104  105  105  106  110  118
  129  147  165  181  200  218  237  251  251                                   
    15.0-180.0 180.0   5.0 450.0                            LAT/LON1/LON2/DLON/H
  247  261  266  276  289  302  317  333  352  373  396  421  446  471  491  506
  513  512  505  495  484  474  466  458  449  439  428  415  401  385  365  342
  316  290  266  247  233  223  215  208  202  197  191  183  173  161  150  142
  136  131  126  118  111  105  103  103  104  104  105  104  103  103  105  111
  123  141  161  178  197  216  236  249  247                                   
    12.5-180.0 180.0   5.0 450.0                            LAT/LON1/LON2/DLON/H
  245  261  267  276  288  302  317  333  352  373  394  418  444  468  491  508
  518  520  514  504  493  484  474  464  452  438  424  410  395  377  357  333
  306  281  259  243  232  224  217  209  202  195  189  181  171  160  149  141
  135  130  123  116  108  103  102  103  104  105  104  103  102  100  101  106
  116  135  156  175  195  215  236  248  245                                   
    10.0-180.0 180.0   5.0 450.0                            LAT/LON1/LON2/DLON/H
  244  264  271  278  289  301  315  330  348  367  387  409  433  456  479  498
  510  514  511  503  494  485  475  463  448  433  418  403  388  371  350  326
  300  276  257  245  237  230  223  214  205  198  191  183  173  162  151  143
  136  130  123  114  107  102  101  102  102  102  101  100   98   96   96  100
  109  128  149  169  190  213  236  247  244                                   
     7.5-180.0 180.0   5.0 450.0                            LAT/LON1/LON2/DLON/H
  245  268  278  283  292  301  314  326  343  360  377  396  416  437  459  478
  491  498  498  493  486  478  468  455  441  426  412  399  384  367  346  322
