data/edconvlstm_nd/pred0870.15i
     1.0            IONOSPHERE MAPS     GNSS                IONEX VERSION / TYPE
pyspatialgeodesy        IME             05-JAN-18 20:20     PGM / RUN BY / DATE 
Map Name                                                    COMMENT             
Predicted global ionosphere maps (GIM).                     DESCRIPTION         
  2015     3    28     0     0     0                        EPOCH OF FIRST MAP  
  2015     3    29     0     0     0                        EPOCH OF LAST MAP   
  7200                                                      INTERVAL            
    13                                                      # OF MAPS IN FILE   
  NONE                                                      MAPPING FUNCTION    
10.0                                                        ELEVATION CUTOFF    
One-way carrier phase leveled to code                       OBSERVABLES USED    
  6371.0                                                    BASE RADIUS         
 2                                                          MAP DIMENSION       
   450.0 450.0   0.0                                        HGT1 / HGT2 / DHGT  
    87.5 -87.5  -2.5                                        LAT1 / LAT2 / DLAT  
  -180.0 180.0   5.0                                        LON1 / LON2 / DLON  
    -1                                                      EXPONENT            
                                                            END OF HEADER       
[from data line 4290]
    11                                                      START OF TEC MAP    
  2015     3    28    20     0     0                        EPOCH OF CURRENT MAP
    87.5-180.0 180.0   5.0 450.0                            LAT/LON1/LON2/DLON/H
  209  200  186  193  194  195  194  193  193  194  194  195  195  196  197  198
  198  199  199  199  199  198  198  197  196  195  194  192  191  190  188  187
  186  185  184  183  182  182  182  181  181  182  182  182  183  184  185  186
  187  188  189  190  191  192  192  193  194  195  195  196  196  197  197  197
  196  196  195  196  205  206  203  205  209                                   
    85.0-180.0 180.0   5.0 450.0                            LAT/LON1/LON2/DLON/H
  198  195  199  194  191  195  195  197  196  198  198  199  200  201  202  203
  204  205  206  206  206  206  205  204  203  201  199  197  195  193  191  189
  187  185  184  183  182  182  181  182  182  182  183  184  185  187  188  190
  191  192  194  195  196  197  198  199  200  201  201  202  202  202  202  202
  202  202  201  200  202  194  192  200  198                                   
    82.5-180.0 180.0   5.0 450.0                            LAT/LON1/LON2/DLON/H
  175  177  177  176  177  181  184  185  184  187  188  191  193  196  198  201
  203  205  207  208  209  209  208  206  205  202  199  196  192  189  185  181
  178  175  173  171  169  168  167  166  166  167  168  169  170  172  174  176
  178  180  181  183  185  186  187  188  188  189  189  189  189  189  189  189
  188  187  186  190  187  190  180  178  175                                   
    80.0-180.0 180.0   5.0 450.0                            LAT/LON1/LON2/DLON/H
  164  164  166  166  165  166  170  175  177  180  182  186  190  194  198  202
  205  208  211  212  213  212  211  209  206  202  198  193  188  183  178  173
  168  163  160  156  154  152  150  150  150  150  151  153  155  157  160  163
  165  168  170  173  174  176  177  178  178  178  179  179  179  179  179  179
  179  178  178  180  174  165  158  165  164                                   
    77.5-180.0 180.0   5.0 450.0                            LAT/LON1/LON2/DLON/H
  162  152  159  158  160  163  166  170  173  177  180  186  191  197  202  207
  212  216  220  222  223  223  222  219  216  211  206  200  194  187  181  175
  169  163  158  154  150  147  144  142  141  141  142  143  144  147  149  152
  155  157  159  161  162  163  163  163  163  162  162  161  161  161  162  162
  162  163  164  167  165  155  152  165  162                                   
    75.0-180.0 180.0   5.0 450.0                            LAT/LON1/LON2/DLON/H
  161  155  159  160  161  165  167  171  175  180  184  190  196  203  209  215
  220  224  228  230  231  231  229  226  222  216  210  203  196  189  182  176
  169  163  158  152  147  143  139  136  134  133  132  133  134  136  139  141
  144  146  147  149  149  149  148  147  146  145  144  143  143  143  145  147
  148  151  154  157  156  148  148  153  161                                   
    72.5-180.0 180.0   5.0 450.0                            LAT/LON1/LON2/DLON/H
  163  160  166  171  171  174  178  181  184  188  193  199  205  212  218  224
  229  233  236  239  239  239  237  233  228  222  215  208  200  192  185  179
  173  167  161  155  149  144  138  134  130  127  125  125  125  127  128  130
  132  133  134  134  133  132  130  128  126  124  123  122  122  123  125  128
  130  135  141  146  149  147  151  162  163                                   
    70.0-180.0 180.0   5.0 450.0                            LAT/LON1/LON2/DLON/H
  170  170  177  181  183  186  189  193  195  200  204  210  216  222  227  232
  236  238  241  242  242  241  239  235  229  222  214  206  198  191  185  179
  173  168  162  155  149  142  135  129  123  119  117  115  115  115  116  117
  118  119  119  118  116  114  111  109  106  104  103  103  103  104  108  111
  115  122  130  138  144  148  157  166  170                                   
    67.5-180.0 180.0   5.0 450.0                            LAT/LON1/LON2/DLON/H
  178  183  193  199  204  207  210  213  215  218  222  227  231  236  240  243
  245  247  247  248  247  246  244  240  234  226  218  209  201  195  189  184
  179  174  169  162  154  146  137  130  123  118  114  111  109  108  108  108
  108  108  108  106  105  102  100   97   95   93   92   92   93   95   98  103
  107  115  124  133  140  149  162  172  178                                   
    65.0-180.0 180.0   5.0 450.0                            LAT/LON1/LON2/DLON/H
  180  189  200  209  215  220  223  225  227  230  232  237  241  245  247  249
  249  249  248  248  247  246  244  240  234  226  217  209  202  196  191  187
  183  179  172  164  155  145  135  126  119  112  107  103  100   97   96   94
   93   93   92   91   89   88   86   84   83   82   82   82   83   84   87   91
   96  104  115  124  133  147  162  173  180                                   
    62.5-180.0 180.0   5.0 450.0                            LAT/LON1/LON2/DLON/H
  179  193  205  216  225  230  235  236  236  238  240  244  248  251  253  254
  253  251  250  249  248  248  246  242  236  229  220  212  205  201  197  195
  191  186  179  169  158  147  135  125  117  109  103   98   93   89   85   83
   81   80   79   79   78   78   77   77   77   77   78   78   79   80   82   85
   89   97  107  116  125  140  156  167  179                                   
    60.0-180.0 180.0   5.0 450.0                            LAT/LON1/LON2/DLON/H
  178  194  208  221  232  237  241  241  240  241  242  246  250  254  256  257
  255  253  251  250  250  250  249  246  240  233  225  219  214  211  209  207
  204  198  189  178  164  151  138  127  118  110  103   97   90   84   79   75
   73   72   72   72   73   74   75   76   77   78   79   79   79   79   80   82
   85   92  102  110  119  135  151  162  178                                   
    57.5-180.0 180.0   5.0 450.0                            LAT/LON1/LON2/DLON/H
  180  199  215  229  241  246  249  247  244  241  241  244  250  255  258  260
  259  257  255  254  254  255  254  252  247  241  235  230  228  227  227  226
  222  215  204  190  174  159  145  133  124  116  109  102   94   86   80   75
   72   71   71   73   74   77   79   82   85   86   87   87   85   84   83   84
   86   93  103  111  120  134  149  159  180                                   
    55.0-180.0 180.0   5.0 450.0                            LAT/LON1/LON2/DLON/H
  190  212  231  244  257  263  264  258  252  246  243  245  250  257  262  265
  265  263  261  261  261  262  262  260  257  252  249  247  247  249  250  250
  245  236  222  206  188  171  156  144  135  128  121  113  104   96   88   83
   80   79   80   82   85   88   92   95   98  100  101   99   97   94   92   92
   94  101  111  120  129  142  156  165  190                                   
    52.5-180.0 180.0   5.0 450.0                            LAT/LON1/LON2/DLON/H
  208  233  255  268  282  289  288  278  268  257  251  250  255  262  268  273
  274  273  272  271  271  272  273  272  269  267  266  267  270  273  275  274
  267  256  240  222  203  185  170  159  150  143  136  128  119  111  104   99
   96   96   97   99  102  105  109  114  117  118  118  115  111  107  104  104
  106  115  126  137  147  160  174  180  208                                   
    50.0-180.0 180.0   5.0 450.0                            LAT/LON1/LON2/DLON/H
  234  260  284  297  314  322  320  308  294  279  269  265  267  273  281  286
  288  288  287  286  286  286  287  286  285  285  286  289  294  298  299  295
  286  272  255  237  218  200  185  173  165  158  151  144  136  129  123  120
  119  119  120  121  123  127  131  134  137  138  136  132  127  121  118  118
  121  132  145  160  172  185  199  206  234                                   
    47.5-180.0 180.0   5.0 450.0                            LAT/LON1/LON2/DLON/H
  261  288  314  328  346  357  356  344  328  311  297  289  289  293  299  304
  307  307  306  304  304  304  304  304  303  304  307  311  315  318  316  308
  296  281  264  246  228  212  197  185  176  169  163  157  151  147  143  142
  143  143  144  144  145  147  151  154  156  156  153  148  141  135  132  132
  136  149  164  183  198  212  228  237  261                                   
    45.0-180.0 180.0   5.0 450.0                            LAT/LON1/LON2/DLON/H
  286  314  339  355  375  388  390  381  367  350  334  323  319  321  325  329
  331  330  329  327  325  324  324  323  323  325  328  331  332  331  324  312
  297  281  265  250  236  221  207  195  185  177  171  166  162  160  160  161
  163  164  164  163  162  163  166  170  171  171  167  161  153  147  143  143
  147  162  179  201  219  236  254  269  286                                   
    42.5-180.0 180.0   5.0 450.0                            LAT/LON1/LON2/DLON/H
  304  332  356  373  395  410  416  413  404  391  375  364  357  355  356  358
  359  357  355  352  349  347  345  344  343  344  346  346  343  336  324  309
  292  276  263  252  242  230  217  203  191  182  175  171  169  169  171  174
  177  178  177  174  172  173  176  179  181  180  176  169  161  154  149  149
  152  167  185  209  229  251  271  293  304                                   
    40.0-180.0 180.0   5.0 450.0                            LAT/LON1/LON2/DLON/H
  312  340  363  381  404  421  432  436  435  428  417  406  398  393  392  391
  390  387  384  379  375  370  367  364  363  362  361  357  350  338  323  305
  289  275  266  260  254  245  231  216  201  189  181  176  174  175  178  182
  185  185  182  179  176  177  180  184  186  184  180  173  165  157  151  148
  149  163  182  205  226  253  276  301  312                                   
    37.5-180.0 180.0   5.0 450.0                            LAT/LON1/LON2/DLON/H
  312  338  362  379  403  421  438  448  456  458  453  446  438  433  429  427
  424  420  415  409  402  395  389  384  381  379  375  369  358  345  329  312
  297  287  283  282  279  271  256  237  218  203  193  186  182  181  183  186
  188  187  184  180  178  179  183  186  188  186  181  175  167  158  150  144
  142  153  170  193  213  243  269  296  312                                   
    35.0-180.0 180.0   5.0 450.0                            LAT/LON1/LON2/DLON/H
  309  332  357  372  396  414  436  452  469  479  482  480  475  471  467  463
  459  454  447  439  430  420  412  405  401  397  393  386  375  363  350  337
  327  321  320  322  320  311  293  270  247  228  214  204  197  193  192  192
  192  190  187  184  183  185  188  191  191  189  183  177  169  160  150  142
  136  143  158  179  198  230  257  284  309                                   
    32.5-180.0 180.0   5.0 450.0                            LAT/LON1/LON2/DLON/H
  308  329  354  368  391  408  433  453  477  494  505  509  508  505  502  498
  494  488  480  470  458  446  434  426  422  419  417  412  406  399  392  386
  382  381  382  383  379  365  342  314  287  264  247  233  222  213  208  205
  203  200  198  196  196  198  201  202  200  196  190  183  176  167  157  146
  137  142  154  173  191  221  249  275  308                                   
    30.0-180.0 180.0   5.0 450.0                            LAT/LON1/LON2/DLON/H
  317  337  361  374  397  412  439  461  488  509  525  533  536  536  534  532
  528  521  512  500  485  470  457  449  446  447  449  450  452  454  458  463
  465  466  465  460  448  427  397  364  334  309  288  271  255  243  234  228
  225  222  221  221  222  224  224  222  216  209  202  195  189  181  171  159
  149  152  161  179  196  223  252  276  317                                   
    27.5-180.0 180.0   5.0 450.0                            LAT/LON1/LON2/DLON/H
  338  358  381  397  421  434  459  481  508  531  548  559  564  566  566  564
  560  553  542  528  511  494  481  473  473  478  488  499  512  528  546  561
  568  566  555  537  513  481  445  409  378  352  331  312  295  280  269  262
  259  258  258  260  261  261  257  249  238  227  217  210  205  198  189  179
  170  173  181  198  214  238  266  286  338                                   
    25.0-180.0 180.0   5.0 450.0                            LAT/LON1/LON2/DLON/H
  367  389  412  435  463  474  497  517  542  563  579  591  597  599  599  598
  593  585  572  555  537  519  505  499  502  514  532  555  582  613  643  665
  671  657  628  592  553  512  472  435  406  384  366  349  333  319  310  304
  303  304  306  309  309  304  294  279  262  246  234  226  220  214  208  199
  193  199  207  224  240  260  287  304  367                                   
    22.5-180.0 180.0   5.0 450.0                            LAT/LON1/LON2/DLON/H
  399  422  449  482  516  528  549  567  589  607  622  632  638  640  639  636
  630  619  603  584  564  545  532  527  534  553  580  615  654  696  733  754
  747  714  663  608  555  507  466  433  409  393  382  371  361  352  348  347
  349  352  355  357  353  343  326  305  282  263  248  239  233  228  224  218
  215  222  232  251  266  283  310  328  399                                   
    20.0-180.0 180.0   5.0 450.0                            LAT/LON1/LON2/DLON/H
  423  449  481  523  565  582  602  621  641  658  672  681  687  689  687  682
  674  659  640  617  594  574  561  558  568  593  628  671  717  763  797  805
  779  723  651  579  516  465  426  400  385  378  375  373  372  372  375  380
  386  391  394  392  383  367  344  318  292  272  257  247  242  238  235  233
  233  242  253  272  286  303  329  351  423                                   
    17.5-180.0 180.0   5.0 450.0                            LAT/LON1/LON2/DLON/H
  436  464  501  549  597  621  645  667  690  708  723  734  741  744  742  737
  725  707  683  656  630  608  594  593  606  634  674  720  766  804  823  812
  765  688  599  515  446  396  364  347  342  344  350  358  366  377  389  400
  409  414  414  408  393  371  344  316  291  271  257  248  243  240  239  239
  242  254  265  284  298  315  340  367  436                                   
    15.0-180.0 180.0   5.0 450.0                            LAT/LON1/LON2/DLON/H
  436  468  507  557  611  640  669  697  726  748  767  782  793  799  800  795
  783  763  735  703  673  649  634  633  647  676  716  758  793  815  815  785
  719  626  524  434  367  323  299  291  295  305  319  334  351  370  390  406
  416  419  415  403  384  359  330  303  280  263  251  243  238  235  235  236
  240  254  266  284  298  317  341  373  436                                   
    12.5-180.0 180.0   5.0 450.0                            LAT/LON1/LON2/DLON/H
  428  464  505  554  609  643  677  709  744  773  797  818  835  848  853  852
  842  821  791  756  723  697  680  677  691  719  753  784  802  806  788  741
  661  557  451  364  304  269  254  254  263  278  295  315  337  362  385  402
  410  409  399  383  360  334  307  283  265  251  242  235  229  225  224  225
  229  243  255  273  289  312  334  370  428                                   
    10.0-180.0 180.0   5.0 450.0                            LAT/LON1/LON2/DLON/H
  417  459  501  548  602  637  675  711  750  783  813  840  864  882  894  898
  893  875  846  810  776  748  730  726  736  758  781  797  801  789  756  697
  610  504  403  325  277  251  243  247  258  274  291  311  334  358  380  394
  397  390  374  354  330  304  281  263  250  241  234  227  220  215  212  212
  215  227  239  256  275  304  325  364  417                                   
     7.5-180.0 180.0   5.0 450.0                            LAT/LON1/LON2/DLON/H
  409  457  499  544  595  632  671  709  750  786  818  848  877  901  919  929
  929  917  892  859  826  798  780  773  777  788  799  802  793  770  729  665
