data/edconvlstm_nd/pred0220.15i
     1.0            IONOSPHERE MAPS     GNSS                IONEX VERSION / TYPE
pyspatialgeodesy        IME             05-JAN-18 20:20     PGM / RUN BY / DATE 
Map Name                                                    COMMENT             
Predicted global ionosphere maps (GIM).                     DESCRIPTION         
  2015     1    22     0     0     0                        EPOCH OF FIRST MAP  
  2015     1    23     0     0     0                        EPOCH OF LAST MAP   
  7200                                                      INTERVAL            
    13                                                      # OF MAPS IN FILE   
  NONE                                                      MAPPING FUNCTION    
10.0                                                        ELEVATION CUTOFF    
One-way carrier phase leveled to code                       OBSERVABLES USED    
  6371.0                                                    BASE RADIUS         
 2                                                          MAP DIMENSION       
   450.0 450.0   0.0                                        HGT1 / HGT2 / DHGT  
    87.5 -87.5  -2.5                                        LAT1 / LAT2 / DLAT  
  -180.0 180.0   5.0                                        LON1 / LON2 / DLON  
    -1                                                      EXPONENT            
                                                            END OF HEADER       
[from data line 1716]
     5                                                      START OF TEC MAP    
  2015     1    22     8     0     0                        EPOCH OF CURRENT MAP
    87.5-180.0 180.0   5.0 450.0                            LAT/LON1/LON2/DLON/H
   68   78   78   79   79   79   78   73   74   75   75   75   75   75   74   74
   74   74   74   74   74   74   74   74   74   75   75   75   75   76   76   76
   75   75   75   74   74   73   72   71   71   70   69   69   68   67   67   66
   66   65   65   64   64   63   63   62   62   62   62   62   62   62   62   63
   64   66   65   66   73   78   89   86   68                                   
    85.0-180.0 180.0   5.0 450.0                            LAT/LON1/LON2/DLON/H
   69   88   92   84   85   87   86   85   85   86   85   85   84   84   83   83
   82   82   82   82   82   82   83   83   84   84   85   85   85   85   85   85
   85   85   84   83   83   82   81   81   80   79   79   78   77   77   76   76
   75   75   74   74   73   73   72   72   72   71   71   71   71   71   71   72
   74   75   72   73   75   80   88   86   69                                   
    82.5-180.0 180.0   5.0 450.0                            LAT/LON1/LON2/DLON/H
   75   84   95   86   86   87   87   87   87   87   86   87   85   84   83   82
   81   80   80   80   80   80   81   81   82   83   84   85   85   86   86   86
   86   85   85   84   83   83   82   82   81   81   80   80   80   79   79   79
   78   77   77   76   75   74   73   73   72   71   70   70   69   69   68   69
   70   71   70   69   76   77   75   72   75                                   
    80.0-180.0 180.0   5.0 450.0                            LAT/LON1/LON2/DLON/H
   81   83   92   86   88   87   88   88   89   89   87   87   85   84   82   80
   78   77   77   77   77   77   78   79   81   82   83   84   85   86   86   86
   85   85   84   84   83   83   83   82   83   83   83   84   84   85   85   86
   86   85   85   84   83   82   80   79   77   76   74   73   71   70   69   68
   68   68   68   67   71   74   76   71   81                                   
    77.5-180.0 180.0   5.0 450.0                            LAT/LON1/LON2/DLON/H
   78   77   82   81   81   84   87   88   90   90   89   89   87   85   83   81
   79   78   77   77   78   79   80   81   83   85   86   87   88   88   88   87
   87   86   85   84   84   84   84   85   86   87   89   91   93   95   97   99
  100  100  100  100   98   97   95   92   90   87   85   82   79   76   74   71
   69   67   65   64   65   60   63   66   78                                   
    75.0-180.0 180.0   5.0 450.0                            LAT/LON1/LON2/DLON/H
   65   66   68   70   71   77   79   81   83   84   83   83   81   80   78   76
   75   74   74   75   76   78   80   82   85   86   87   88   88   87   86   85
   84   82   81   81   81   82   83   85   88   92   96  100  105  109  113  117
  119  121  121  121  120  117  114  111  107  103   99   95   91   86   82   78
   73   69   66   60   61   56   57   58   65                                   
    72.5-180.0 180.0   5.0 450.0                            LAT/LON1/LON2/DLON/H
   58   56   58   59   62   69   73   75   78   79   80   81   80   80   79   78
   77   77   78   79   81   84   86   89   91   92   92   91   90   88   85   83
   80   78   78   78   79   81   84   88   93   99  105  112  120  127  133  139
  143  146  147  146  144  141  137  132  127  121  116  111  105  100   94   88
   82   76   72   65   62   55   55   59   58                                   
    70.0-180.0 180.0   5.0 450.0                            LAT/LON1/LON2/DLON/H
   55   50   52   53   54   59   62   65   68   70   72   74   74   75   75   75
   75   76   78   80   83   87   89   92   93   93   92   90   86   82   78   75
   72   70   69   70   73   77   83   89   97  106  115  125  135  144  153  160
  166  170  171  170  168  163  157  151  144  138  131  125  119  112  105   98
   90   82   77   68   63   55   58   61   55                                   
    67.5-180.0 180.0   5.0 450.0                            LAT/LON1/LON2/DLON/H
   49   43   45   46   47   51   55   58   61   63   66   69   70   72   73   74
   76   77   80   83   86   89   91   92   92   91   88   84   79   73   68   63
   60   59   60   63   67   74   82   91  101  113  124  136  148  160  170  179
  185  189  190  189  184  178  171  163  156  148  141  134  127  119  111  104
   96   86   80   70   64   55   56   59   49                                   
    65.0-180.0 180.0   5.0 450.0                            LAT/LON1/LON2/DLON/H
   47   41   41   43   43   46   49   51   54   58   61   65   67   70   72   74
   76   78   81   84   86   89   91   91   90   87   82   76   70   63   58   53
   51   51   53   58   66   75   86   98  111  124  138  152  165  177  189  198
  204  208  208  205  200  192  183  174  165  157  149  141  133  125  117  108
   99   90   83   72   66   57   57   60   47                                   
    62.5-180.0 180.0   5.0 450.0                            LAT/LON1/LON2/DLON/H
   47   41   40   41   40   43   44   46   49   52   55   60   63   67   70   72
   75   77   79   81   83   85   85   84   82   77   72   66   59   53   48   45
   43   45   50   58   69   81   95  109  124  139  153  168  181  193  204  212
  218  221  220  216  209  201  191  180  171  161  153  144  136  126  117  108
   98   88   82   71   65   55   56   59   47                                   
    60.0-180.0 180.0   5.0 450.0                            LAT/LON1/LON2/DLON/H
   49   41   39   40   38   40   40   41   43   46   49   54   58   62   65   68
   70   72   74   75   75   76   75   73   69   65   60   54   48   43   40   38
   39   42   50   60   74   89  106  122  138  153  168  182  194  205  214  221
  226  227  226  221  213  204  193  183  173  163  154  145  135  124  113  103
   92   82   76   67   62   51   52   55   49                                   
    57.5-180.0 180.0   5.0 450.0                            LAT/LON1/LON2/DLON/H
   52   43   41   41   40   40   40   39   40   42   45   49   53   57   60   63
   65   66   67   67   67   66   65   62   58   54   50   45   41   38   37   37
   39   45   55   68   85  102  121  138  155  170  184  196  207  217  224  229
  232  232  230  225  217  208  198  188  178  168  158  148  137  125  112  100
   88   77   72   64   60   49   50   53   52                                   
    55.0-180.0 180.0   5.0 450.0                            LAT/LON1/LON2/DLON/H
   56   47   45   45   43   43   41   40   40   40   42   46   49   53   56   58
   59   60   60   60   59   58   57   54   50   47   43   41   39   38   38   40
   45   52   64   80   98  117  137  155  171  186  199  210  220  227  232  235
  236  235  233  228  221  213  204  195  186  177  167  155  143  129  114  100
   87   76   71   63   60   49   49   52   56                                   
    52.5-180.0 180.0   5.0 450.0                            LAT/LON1/LON2/DLON/H
   61   53   50   50   49   48   46   43   41   41   42   44   47   50   53   55
   56   56   56   56   56   55   53   51   48   45   43   42   42   43   45   48
   54   63   76   93  113  133  153  171  187  201  214  224  232  237  240  241
  240  239  236  232  227  220  213  204  196  188  178  166  152  136  120  105
   92   80   75   67   64   53   52   54   61                                   
    50.0-180.0 180.0   5.0 450.0                            LAT/LON1/LON2/DLON/H
   67   60   57   58   57   56   53   49   46   44   44   46   48   50   53   55
   56   56   56   57   57   57   56   54   51   48   47   47   49   51   54   59
   66   76   90  108  128  149  168  186  202  215  227  237  244  248  249  248
  246  243  241  237  233  228  221  214  206  198  188  176  162  146  129  114
  100   88   82   75   72   62   60   61   67                                   
    47.5-180.0 180.0   5.0 450.0                            LAT/LON1/LON2/DLON/H
   73   68   65   66   66   66   62   57   53   50   49   49   51   53   56   58
   60   60   61   62   64   65   64   62   59   56   55   55   57   61   65   70
   77   88  103  121  142  162  182  199  214  227  238  248  255  258  258  256
  252  248  245  242  238  233  226  220  212  205  195  183  169  153  137  122
  109   99   92   84   81   72   70   71   73                                   
    45.0-180.0 180.0   5.0 450.0                            LAT/LON1/LON2/DLON/H
   79   74   71   74   74   75   72   67   62   58   56   56   57   59   62   65
   66   68   70   72   75   77   77   75   71   67   64   64   67   70   74   79
   87   98  114  133  154  174  192  209  223  236  248  258  265  268  268  264
  259  254  250  246  241  235  228  220  213  205  196  184  171  156  141  128
  116  107  101   93   90   82   81   81   79                                   
    42.5-180.0 180.0   5.0 450.0                            LAT/LON1/LON2/DLON/H
   83   79   76   80   81   84   81   76   72   67   65   65   66   68   71   74
   76   78   81   85   89   92   92   88   83   77   74   73   74   77   81   86
   94  107  123  143  163  183  200  216  230  244  255  266  274  278  277  273
  267  261  255  249  243  235  226  217  208  200  191  180  167  153  140  129
  119  111  105   98   94   88   87   88   83                                   
    40.0-180.0 180.0   5.0 450.0                            LAT/LON1/LON2/DLON/H
   84   80   78   83   85   89   88   84   81   77   75   75   76   79   82   85
   87   90   94   99  104  107  106  101   94   87   82   80   80   83   86   91
  100  114  131  151  171  189  206  222  236  249  262  273  283  288  289  285
  279  271  263  255  246  236  225  214  204  194  185  174  161  148  136  126
  117  109  103   96   93   87   87   88   84                                   
    37.5-180.0 180.0   5.0 450.0                            LAT/LON1/LON2/DLON/H
   83   78   76   82   85   90   91   90   88   85   84   85   87   90   93   95
   98  101  106  112  118  120  118  111  102   93   88   85   85   87   90   96
  105  120  138  157  177  195  211  226  240  254  268  281  293  301  304  302
  295  286  276  266  255  243  230  217  206  196  185  174  161  148  136  125
  115  105   98   90   86   79   80   83   83                                   
    35.0-180.0 180.0   5.0 450.0                            LAT/LON1/LON2/DLON/H
   82   75   73   78   83   88   91   92   92   91   91   94   96  100  103  105
  108  112  117  124  129  130  126  117  107   98   92   90   90   92   95  100
  110  126  144  164  183  200  216  231  245  260  276  292  306  318  324  324
  319  309  299  287  275  262  248  235  223  211  200  188  174  160  146  133
  120  106   95   84   79   69   71   75   82                                   
    32.5-180.0 180.0   5.0 450.0                            LAT/LON1/LON2/DLON/H
   82   73   70   75   80   85   89   92   94   94   96  100  103  107  110  113
  116  121  127  134  138  138  131  121  110  101   96   94   95   97  100  105
  116  132  151  171  189  205  221  236  252  268  286  305  324  340  351  354
  351  342  331  320  307  294  281  269  257  246  234  221  206  190  173  156
  137  118  102   87   79   64   66   70   82                                   
    30.0-180.0 180.0   5.0 450.0                            LAT/LON1/LON2/DLON/H
   86   76   71   74   80   84   88   91   94   95   98  103  107  111  115  118
  122  128  135  141  144  142  134  122  111  102   99   99  100  102  105  110
  121  137  157  177  195  211  227  243  260  279  300  323  346  368  383  391
  390  384  374  363  352  341  330  319  309  299  287  273  257  239  219  197
  172  146  125  103   91   72   72   73   86                                   
    27.5-180.0 180.0   5.0 450.0                            LAT/LON1/LON2/DLON/H
  100   88   81   81   85   86   89   90   93   95   98  103  107  112  116  120
  125  132  140  146  148  144  134  122  111  104  101  102  105  107  109  114
  125  142  163  184  202  218  235  252  272  293  316  343  372  399  420  432
  436  432  424  415  406  398  390  383  375  366  354  341  324  305  281  255
  224  193  166  137  121   96   93   88  100                                   
    25.0-180.0 180.0   5.0 450.0                            LAT/LON1/LON2/DLON/H
  125  112  102   97   97   95   95   94   94   95   98  101  105  109  114  119
  125  133  141  146  148  143  133  121  111  104  103  104  107  109  111  116
  128  146  168  189  209  227  245  264  286  309  335  366  399  432  458  475
  482  481  476  470  464  460  457  453  448  440  430  417  401  380  355  326
  291  256  223  188  167  137  130  118  125                                   
    22.5-180.0 180.0   5.0 450.0                            LAT/LON1/LON2/DLON/H
  162  149  136  124  119  112  108  103  100   99   99  100  103  106  110  116
  123  130  138  143  144  139  130  119  110  104  103  104  106  108  111  117
  129  148  172  195  217  237  257  279  302  327  355  388  424  460  491  511
  522  524  522  519  517  517  518  518  516  511  503  491  476  457  432  401
  365  328  292  253  227  193  180  163  162                                   
    20.0-180.0 180.0   5.0 450.0                            LAT/LON1/LON2/DLON/H
  208  196  180  162  151  139  130  119  113  108  105  103  103  104  108  112
  119  126  133  137  137  133  125  116  108  102  101  101  103  104  107  114
  128  149  175  202  226  249  272  296  320  345  373  406  444  481  513  536
  548  553  553  552  553  556  560  563  564  562  557  549  537  520  498  469
  435  401  364  325  294  257  238  218  208                                   
    17.5-180.0 180.0   5.0 450.0                            LAT/LON1/LON2/DLON/H
  258  247  230  207  190  173  160  145  135  125  118  113  109  107  108  111
  116  122  127  130  129  125  118  111  105  100   98   97   97   98  101  110
  126  151  180  210  238  264  289  314  338  361  388  419  455  491  522  544
  557  563  563  563  564  569  575  580  584  585  584  579  572  560  542  518
  490  461  427  391  357  318  296  275  258                                   
    15.0-180.0 180.0   5.0 450.0                            LAT/LON1/LON2/DLON/H
  302  293  277  251  230  211  196  178  164  151  140  130  122  116  114  114
  116  119  122  122  120  116  111  106  102   99   95   92   90   90   95  106
  126  154  186  220  251  280  307  332  354  375  398  426  458  490  517  537
  548  553  553  552  553  557  564  571  577  581  583  583  580  573  560  542
  521  499  471  440  405  367  343  324  302                                   
    12.5-180.0 180.0   5.0 450.0                            LAT/LON1/LON2/DLON/H
  333  324  310  286  265  248  233  217  201  185  170  155  142  131  124  121
  120  119  118  115  111  107  104  103  101   99   94   88   84   85   91  105
  129  160  196  232  265  296  323  348  368  386  405  428  454  480  503  518
  527  530  530  528  528  532  538  545  553  560  565  569  570  566  558  544
  528  513  491  465  432  396  372  357  333                                   
    10.0-180.0 180.0   5.0 450.0                            LAT/LON1/LON2/DLON/H
  345  333  323  303  287  274  264  253  238  222  205  186  168  152  140  132
  127  122  117  111  105  102  101  102  103  101   95   88   83   83   92  109
  135  169  207  244  278  309  337  359  377  392  408  426  447  468  484  495
  501  504  504  503  503  506  512  519  527  536  544  550  553  551  544  533
  520  507  490  467  437  403  380  369  345                                   
     7.5-180.0 180.0   5.0 450.0                            LAT/LON1/LON2/DLON/H
  339  324  315  300  291  285  283  279  269  256  238  218  197  176  159  146
  137  128  120  111  104  100  101  104  106  105   99   91   86   87   97  117
