data/edconvlstm_nd/pred2390.15i
     1.0            IONOSPHERE MAPS     GNSS                IONEX VERSION / TYPE
pyspatialgeodesy        IME             05-JAN-18 20:20     PGM / RUN BY / DATE 
Map Name                                                    COMMENT             
Predicted global ionosphere maps (GIM).                     DESCRIPTION         
  2015     8    27     0     0     0                        EPOCH OF FIRST MAP  
  2015     8    28     0     0     0                        EPOCH OF LAST MAP   
  7200                                                      INTERVAL            
    13                                                      # OF MAPS IN FILE   
  NONE                                                      MAPPING FUNCTION    
10.0                                                        ELEVATION CUTOFF    
One-way carrier phase leveled to code                       OBSERVABLES USED    
  6371.0                                                    BASE RADIUS         
 2                                                          MAP DIMENSION       
   450.0 450.0   0.0                                        HGT1 / HGT2 / DHGT  
    87.5 -87.5  -2.5                                        LAT1 / LAT2 / DLAT  
  -180.0 180.0   5.0                                        LON1 / LON2 / DLON  
    -1                                                      EXPONENT            
                                                            END OF HEADER       
[from data line 4719]
    12                                                      START OF TEC MAP    
  2015     8    27    22     0     0                        EPOCH OF CURRENT MAP
    87.5-180.0 180.0   5.0 450.0                            LAT/LON1/LON2/DLON/H
  129  118  104  110  113  111  111  110  110  113  112  113  114  114  115  115
  115  115  114  114  113  112  111  110  109  107  106  104  103  101  100   98
   97   95   94   92   91   89   88   87   86   85   84   84   83   83   82   82
   82   82   82   82   82   83   83   84   84   85   86   87   87   88   89   90
   90   92   91   92  105  103  119  125  129                                   
    85.0-180.0 180.0   5.0 450.0                            LAT/LON1/LON2/DLON/H
  128  121  125  116  115  119  120  122  123  125  125  127  127  128  129  129
  129  128  128  127  127  126  124  123  121  120  118  116  114  112  109  107
  105  103  101   99   97   96   94   93   91   90   89   88   87   86   85   85
   85   85   85   85   85   86   86   87   88   89   90   91   92   93   94   95
   97   98   97   97  103  103  106  107  128                                   
    82.5-180.0 180.0   5.0 450.0                            LAT/LON1/LON2/DLON/H
  105  105  107  104  107  112  116  117  118  121  122  124  125  126  127  127
  127  127  126  125  124  123  122  120  118  116  114  111  108  105  103  100
   98   95   93   91   89   87   85   83   81   80   78   77   76   75   74   73
   73   73   73   74   74   75   75   76   77   78   79   80   81   81   83   83
   85   85   85   90   97  108  100  102  105                                   
    80.0-180.0 180.0   5.0 450.0                            LAT/LON1/LON2/DLON/H
   91   94  101   99  102  103  111  116  119  122  124  127  127  128  128  128
  128  127  126  126  125  124  122  120  118  116  113  110  106  103  100   97
   94   91   89   86   84   82   80   78   76   74   72   71   69   68   67   67
   67   67   67   68   68   69   70   71   72   73   74   75   76   77   78   79
   81   82   83   85   87   91   88   98   91                                   
    77.5-180.0 180.0   5.0 450.0                            LAT/LON1/LON2/DLON/H
   93   89   98   96  102  105  112  116  120  123  125  127  128  128  128  127
  126  125  124  124  123  123  122  121  119  117  114  110  107  104  100   98
   95   93   91   89   87   85   83   81   79   77   75   73   71   70   69   69
   69   69   69   70   71   72   73   74   75   76   76   77   78   78   79   80
   81   82   83   85   90   90   91  106   93                                   
    75.0-180.0 180.0   5.0 450.0                            LAT/LON1/LON2/DLON/H
   90   89   93   92   98  103  109  114  120  124  126  128  127  126  124  122
  120  119  118  118  118  118  118  118  117  115  113  110  107  104  101   99
   97   95   94   93   92   91   89   87   85   82   80   77   75   74   73   72
   72   73   73   74   75   76   77   78   79   80   81   81   82   83   84   85
   85   87   88   87   88   88   89   93   90                                   
    72.5-180.0 180.0   5.0 450.0                            LAT/LON1/LON2/DLON/H
   89   87   91   95   97  102  110  114  118  122  124  125  124  121  117  114
  110  108  106  106  107  108  109  110  109  108  105  102   99   96   94   92
   91   90   90   90   90   89   88   86   84   81   78   75   73   72   71   71
   71   72   73   74   75   76   77   79   80   81   82   82   83   84   84   85
   85   86   87   85   85   88   91  100   89                                   
    70.0-180.0 180.0   5.0 450.0                            LAT/LON1/LON2/DLON/H
   92   90   91   93   94   99  105  111  117  122  124  124  122  117  111  106
  101   97   96   96   97   99  100  101  101  100   98   95   92   89   87   86
   85   86   86   87   88   87   86   84   81   78   75   72   70   69   68   69
   69   70   71   72   73   74   75   77   78   80   82   83   84   85   86   87
   87   88   90   90   90   93   98  106   92                                   
    67.5-180.0 180.0   5.0 450.0                            LAT/LON1/LON2/DLON/H
   98   95   96   98   98  102  110  116  122  127  129  129  126  120  113  105
   99   95   92   93   94   96   98   98   98   96   93   89   86   83   81   79
   79   80   81   82   82   82   81   78   75   72   69   67   65   65   65   66
   67   68   69   70   71   72   73   76   78   80   83   85   87   88   89   90
   90   92   93   92   92   97  101  108   98                                   
    65.0-180.0 180.0   5.0 450.0                            LAT/LON1/LON2/DLON/H
  102  100   99  100   98  101  108  115  123  129  132  132  129  122  114  105
   98   94   91   91   93   94   96   95   94   91   87   83   80   76   74   73
   72   72   73   74   74   73   72   69   66   63   60   58   57   57   58   59
   60   61   61   62   62   64   65   68   71   75   78   82   84   86   88   89
   90   92   94   95   97  102  108  115  102                                   
    62.5-180.0 180.0   5.0 450.0                            LAT/LON1/LON2/DLON/H
  107  105  103  103  101  104  110  117  124  131  135  136  134  127  119  111
  105  100   98   98   99   99   99   97   94   89   85   80   76   73   71   69
   68   67   66   65   65   64   62   59   56   53   51   50   50   51   52   53
   53   54   53   53   54   55   57   60   64   69   73   78   81   84   86   88
   88   90   92   94   96  102  108  114  107                                   
    60.0-180.0 180.0   5.0 450.0                            LAT/LON1/LON2/DLON/H
  111  109  108  106  103  104  110  116  124  132  137  139  137  132  126  119
  114  110  108  108  108  107  105  101   96   90   85   81   77   75   72   70
   67   65   63   61   59   58   56   53   50   48   47   46   47   48   49   49
   49   48   47   46   45   46   49   52   57   63   68   74   78   81   84   85
   85   87   90   92   95  102  110  116  111                                   
    57.5-180.0 180.0   5.0 450.0                            LAT/LON1/LON2/DLON/H
  113  113  112  111  107  108  112  117  124  131  136  139  139  137  133  128
  125  122  121  121  120  117  113  108  101   94   89   85   83   81   79   76
   72   68   64   61   59   57   55   53   50   49   48   48   48   49   50   49
   47   45   43   41   40   41   43   47   52   59   65   71   76   79   82   83
   83   85   87   89   92  100  107  114  113                                   
    55.0-180.0 180.0   5.0 450.0                            LAT/LON1/LON2/DLON/H
  116  117  118  117  114  114  116  120  125  131  136  139  140  140  138  136
  135  134  134  133  131  128  122  115  108  101   96   94   93   92   90   87
   82   76   71   67   64   62   60   59   57   56   55   56   56   56   55   53
   50   46   43   40   39   40   42   46   51   58   64   70   75   79   81   83
   83   84   86   87   90   97  105  112  116                                   
    52.5-180.0 180.0   5.0 450.0                            LAT/LON1/LON2/DLON/H
  119  121  125  125  123  123  124  126  129  132  135  138  140  141  142  142
  143  143  143  143  140  136  130  123  116  110  106  105  106  106  104  100
   95   88   82   78   75   74   73   72   70   69   69   69   68   68   65   61
   56   51   47   44   43   43   45   49   54   60   66   72   77   81   83   85
   85   86   87   87   90   96  104  111  119                                   
    50.0-180.0 180.0   5.0 450.0                            LAT/LON1/LON2/DLON/H
  122  126  132  134  133  134  134  135  136  137  138  140  141  143  144  147
  148  150  150  149  146  142  137  131  125  120  118  118  120  121  119  115
  109  102   97   93   91   90   90   89   88   87   86   85   84   81   78   72
   66   60   55   52   51   52   53   56   60   66   71   77   82   85   88   91
   91   92   93   91   93   97  104  111  122                                   
    47.5-180.0 180.0   5.0 450.0                            LAT/LON1/LON2/DLON/H
  126  131  138  142  143  146  146  147  146  146  144  144  144  146  147  150
  152  153  153  152  150  147  143  139  135  132  131  132  134  134  132  128
  122  116  112  109  109  109  109  108  107  105  103  101   99   95   90   84
   77   71   66   64   63   63   64   66   69   74   79   84   88   92   96   99
  100  102  102   99   99  101  106  113  126                                   
    45.0-180.0 180.0   5.0 450.0                            LAT/LON1/LON2/DLON/H
  131  135  142  148  151  156  157  159  158  157  154  153  151  151  152  154
  155  156  155  154  153  151  150  148  147  146  145  146  146  145  142  138
  133  129  126  126  127  128  128  127  124  122  119  116  112  108  102   95
   88   82   78   76   76   76   76   77   79   82   87   92   97  101  106  110
  112  114  113  110  108  108  110  118  131                                   
    42.5-180.0 180.0   5.0 450.0                            LAT/LON1/LON2/DLON/H
  135  138  145  151  156  162  166  169  169  169  166  163  161  159  159  159
  159  159  158  157  156  156  158  159  160  160  159  158  157  154  150  145
  142  140  140  142  144  145  145  142  139  135  131  127  123  117  111  104
   98   93   89   88   88   87   87   86   87   90   95  100  106  111  116  120
  123  126  126  122  119  116  117  125  135                                   
    40.0-180.0 180.0   5.0 450.0                            LAT/LON1/LON2/DLON/H
  140  140  146  152  158  166  172  177  179  180  178  175  172  169  167  166
  165  164  162  161  161  163  166  170  173  174  173  170  166  161  156  152
  150  151  154  158  161  161  159  155  150  146  141  136  131  125  118  112
  106  101   99   97   96   95   93   92   92   95  101  107  113  119  125  130
  133  136  137  133  129  126  125  134  140                                   
    37.5-180.0 180.0   5.0 450.0                            LAT/LON1/LON2/DLON/H
  145  144  149  154  161  169  176  183  187  190  189  187  184  180  177  175
  173  171  169  168  168  171  176  181  185  187  185  181  176  169  164  160
  161  164  169  174  176  175  171  165  159  154  149  143  137  131  124  118
  112  107  105  103  101   99   96   93   94   97  103  111  118  125  131  137
  140  143  145  142  139  136  134  144  145                                   
    35.0-180.0 180.0   5.0 450.0                            LAT/LON1/LON2/DLON/H
  153  151  156  160  167  174  182  190  196  199  200  198  195  191  187  185
  183  181  178  177  177  180  186  192  197  199  197  193  186  180  174  173
  175  180  187  191  192  188  181  174  167  161  156  150  143  136  129  122
  116  111  108  105  102   98   94   91   91   95  102  111  120  128  134  140
  143  147  150  149  148  146  145  156  153                                   
    32.5-180.0 180.0   5.0 450.0                            LAT/LON1/LON2/DLON/H
  166  165  170  173  179  186  194  201  207  210  211  209  205  201  197  195
  193  191  189  187  187  190  195  202  208  210  209  205  199  193  190  190
  193  200  206  209  207  200  190  181  174  168  163  156  148  140  133  125
  119  113  108  104  100   95   91   87   87   90   98  108  119  127  134  140
  143  148  152  153  154  155  157  169  166                                   
    30.0-180.0 180.0   5.0 450.0                            LAT/LON1/LON2/DLON/H
  184  185  192  194  201  206  213  218  223  225  225  222  217  212  208  205
  203  201  199  197  197  200  205  212  218  222  222  219  215  211  209  210
  215  220  224  224  218  208  196  186  179  173  168  161  153  144  136  127
  120  113  106  101   97   92   87   83   82   86   93  104  115  124  132  138
  142  147  153  157  161  165  170  184  184                                   
    27.5-180.0 180.0   5.0 450.0                            LAT/LON1/LON2/DLON/H
  207  211  222  225  233  238  242  245  246  246  243  238  232  226  220  217
  214  211  209  207  207  210  216  224  231  235  236  234  231  229  229  231
  235  238  238  233  224  210  197  187  180  176  171  165  156  146  137  128
  119  111  104   99   94   90   86   82   80   82   88   99  110  120  130  137
  141  148  154  161  168  175  183  199  207                                   
    25.0-180.0 180.0   5.0 450.0                            LAT/LON1/LON2/DLON/H
  233  241  255  261  272  277  280  280  278  274  267  259  251  243  236  231
  226  222  219  217  218  223  230  239  247  250  251  250  248  248  248  250
  250  249  244  234  221  206  192  183  177  174  171  164  156  146  136  126
  118  109  102   97   94   91   87   83   80   81   86   95  106  117  128  136
  142  150  159  167  176  186  197  214  233                                   
    22.5-180.0 180.0   5.0 450.0                            LAT/LON1/LON2/DLON/H
  259  270  288  297  312  320  323  321  316  308  298  287  276  265  256  248
  241  235  231  229  232  239  250  260  267  269  268  266  264  263  263  261
  258  250  239  225  208  193  181  173  169  167  165  160  152  142  133  123
  115  107  100   97   95   94   92   88   84   82   85   93  104  116  128  139
  146  157  166  176  186  197  210  229  259                                   
    20.0-180.0 180.0   5.0 450.0                            LAT/LON1/LON2/DLON/H
  281  293  315  329  348  360  364  363  357  347  334  320  306  294  282  271
  261  252  247  246  251  262  276  287  293  292  287  281  276  273  270  265
  256  242  225  206  189  175  165  159  157  157  156  153  146  137  128  119
  111  104   99   96   96   97   97   93   89   85   86   93  104  117  131  144
  154  166  177  187  197  208  222  242  281                                   
    17.5-180.0 180.0   5.0 450.0                            LAT/LON1/LON2/DLON/H
  296  309  333  350  374  390  398  398  394  385  372  357  341  327  314  300
  287  275  268  268  276  291  308  320  323  317  306  293  284  277  270  261
  246  226  204  184  168  156  149  145  145  146  147  145  140  132  123  115
  107  101   97   96   98  100  101   98   93   89   89   95  106  120  136  151
  164  179  190  200  209  220  233  253  296                                   
    15.0-180.0 180.0   5.0 450.0                            LAT/LON1/LON2/DLON/H
  305  318  341  360  386  406  419  423  423  417  406  392  378  364  349  334
  318  304  296  297  308  326  344  355  354  342  323  304  288  277  266  252
  233  209  185  165  150  142  137  136  136  138  139  139  135  128  120  111
  104   98   95   95   98  101  102  100   96   92   92   98  109  125  143  161
  175  192  205  214  222  231  243  263  305                                   
    12.5-180.0 180.0   5.0 450.0                            LAT/LON1/LON2/DLON/H
  310  320  342  360  387  409  425  434  439  438  432  423  411  399  386  371
  354  339  331  332  345  363  381  389  383  364  337  311  291  275  261  244
  222  197  174  155  144  138  136  134  134  135  137  137  134  127  119  110
  102   97   94   93   96   99  100   99   96   93   94  100  113  130  150  170
  187  206  219  228  234  242  254  273  310                                   
    10.0-180.0 180.0   5.0 450.0                            LAT/LON1/LON2/DLON/H
  314  322  340  356  381  402  421  433  443  448  448  444  438  430  420  407
  392  377  369  370  382  399  413  417  405  380  347  317  293  275  259  242
  220  196  175  159  151  147  145  143  141  141  141  141  138  131  121  111
  102   96   92   91   92   94   95   94   92   91   94  102  116  135  156  178
  197  217  232  241  246  255  267  284  314                                   
     7.5-180.0 180.0   5.0 450.0                            LAT/LON1/LON2/DLON/H
  320  327  342  353  375  394  412  425  439  448  453  455  455  452  447  438
  426  414  406  406  415  427  436  434  417  388  354  322  297  279  264  248
