data/edconvlstm_nd/pred2730.15i
     1.0            IONOSPHERE MAPS     GNSS                IONEX VERSION / TYPE
pyspatialgeodesy        IME             05-JAN-18 20:20     PGM / RUN BY / DATE 
Map Name                                                    COMMENT             
Predicted global ionosphere maps (GIM).                     DESCRIPTION         
  2015     9    30     0     0     0                        EPOCH OF FIRST MAP  
  2015    10     1     0     0     0                        EPOCH OF LAST MAP   
  7200                                                      INTERVAL            
    13                                                      # OF MAPS IN FILE   
  NONE                                                      MAPPING FUNCTION    
10.0                                                        ELEVATION CUTOFF    
One-way carrier phase leveled to code                       OBSERVABLES USED    
  6371.0                                                    BASE RADIUS         
 2                                                          MAP DIMENSION       
   450.0 450.0   0.0                                        HGT1 / HGT2 / DHGT  
    87.5 -87.5  -2.5                                        LAT1 / LAT2 / DLAT  
  -180.0 180.0   5.0                                        LON1 / LON2 / DLON  
    -1                                                      EXPONENT            
                                                            END OF HEADER       
[from data line 3003]
     8                                                      START OF TEC MAP    
  2015     9    30    14     0     0                        EPOCH OF CURRENT MAP
    87.5-180.0 180.0   5.0 450.0                            LAT/LON1/LON2/DLON/H
   90  101  101  108  113  115  116  115  118  122  123  125  127  129  130  131
  133  134  134  135  135  136  136  136  136  136  136  135  135  134  133  132
  131  130  128  127  125  123  121  119  117  115  113  112  110  108  106  105
  103  102  100   99   98   97   96   95   94   94   93   93   92   92   92   92
   93   94   93   90   96   94  107  108   90                                   
    85.0-180.0 180.0   5.0 450.0                            LAT/LON1/LON2/DLON/H
   88  101  114  106  108  116  118  122  125  129  130  133  135  137  139  140
  142  143  143  144  145  145  145  145  145  145  145  145  144  144  143  142
  141  139  137  135  133  130  128  125  123  120  118  115  113  110  108  106
  104  103  101  100   98   97   96   95   95   94   93   93   92   92   92   92
   94   94   91   88   89   92   98   98   88                                   
    82.5-180.0 180.0   5.0 450.0                            LAT/LON1/LON2/DLON/H
   68   87   94   91   94  103  108  112  116  121  124  128  130  133  135  137
  138  139  140  141  142  143  143  144  145  145  146  146  146  146  146  145
  144  143  141  139  136  133  130  127  124  120  117  114  110  107  105  102
  100   98   96   94   92   91   89   88   86   85   84   82   81   80   79   79
   79   79   76   75   77   87   82   80   68                                   
    80.0-180.0 180.0   5.0 450.0                            LAT/LON1/LON2/DLON/H
   50   64   76   75   79   84   91   98  104  109  113  119  122  125  128  131
  132  134  135  136  137  137  138  139  140  141  142  143  143  144  144  143
  143  141  139  137  134  130  127  123  119  115  111  107  104  100   97   95
   93   90   88   87   85   83   81   79   77   75   73   71   69   67   66   64
   64   63   61   60   60   68   68   69   50                                   
    77.5-180.0 180.0   5.0 450.0                            LAT/LON1/LON2/DLON/H
   45   54   59   59   63   69   75   82   89   95  100  106  111  115  118  121
  124  126  127  128  130  131  132  134  135  137  139  141  142  144  145  145
  145  145  143  141  138  135  131  126  122  117  113  109  105  102   99   96
   94   92   90   88   86   84   82   79   76   73   70   67   64   61   58   55
   53   51   49   49   50   51   52   58   45                                   
    75.0-180.0 180.0   5.0 450.0                            LAT/LON1/LON2/DLON/H
   32   42   44   47   50   56   61   67   75   82   88   94  100  105  109  113
  116  119  121  122  124  126  128  130  132  135  137  140  142  144  146  148
  148  149  148  146  144  141  137  133  129  124  120  116  112  109  106  104
  102  100   99   96   94   91   87   84   80   76   72   68   64   60   57   53
   50   47   45   42   44   43   43   41   32                                   
    72.5-180.0 180.0   5.0 450.0                            LAT/LON1/LON2/DLON/H
   28   35   35   38   40   45   51   56   62   70   76   84   90   96  101  106
  110  113  116  119  121  124  126  129  131  134  136  139  142  144  147  149
  151  152  153  152  151  148  145  142  138  133  129  125  122  119  117  115
  113  111  109  106  102   98   93   89   84   79   75   70   66   61   57   53
   49   46   43   40   41   39   39   40   28                                   
    70.0-180.0 180.0   5.0 450.0                            LAT/LON1/LON2/DLON/H
   27   31   31   34   34   37   41   46   52   60   67   75   82   89   95  101
  106  110  114  118  121  125  128  131  133  135  138  140  143  145  148  151
  154  156  157  157  157  155  153  150  147  143  140  136  133  131  128  126
  124  121  118  113  108  102   96   90   85   80   75   70   66   62   59   55
   51   47   45   41   41   39   41   42   27                                   
    67.5-180.0 180.0   5.0 450.0                            LAT/LON1/LON2/DLON/H
   27   31   30   33   32   35   38   42   47   54   61   70   78   86   94  101
  107  113  118  123  127  131  134  136  138  140  141  142  144  146  149  152
  154  157  159  160  160  159  158  156  153  150  147  143  141  138  136  133
  130  126  121  115  108  101   93   86   80   75   71   68   65   62   60   57
   54   50   48   43   43   41   41   42   27                                   
    65.0-180.0 180.0   5.0 450.0                            LAT/LON1/LON2/DLON/H
   28   32   30   32   31   33   35   38   43   49   56   65   74   83   92  100
  108  115  121  127  131  136  139  141  142  142  142  143  144  146  149  152
  155  158  161  162  163  163  162  161  159  156  153  150  147  145  142  138
  134  129  122  114  104   95   86   78   72   68   65   63   62   60   59   57
   55   52   51   46   46   45   46   46   28                                   
    62.5-180.0 180.0   5.0 450.0                            LAT/LON1/LON2/DLON/H
   30   32   30   32   31   33   34   37   40   46   52   61   70   80   90  100
  108  116  123  129  134  138  141  143  143  142  142  142  142  145  148  152
  155  159  161  163  164  164  164  163  161  159  156  153  149  146  142  138
  132  125  117  107   96   85   76   68   62   59   57   57   57   57   56   56
   54   52   51   47   47   46   47   47   30                                   
    60.0-180.0 180.0   5.0 450.0                            LAT/LON1/LON2/DLON/H
   31   33   31   33   31   32   33   35   38   43   49   57   66   76   87   97
  107  115  122  129  134  137  140  141  141  140  139  139  140  144  148  153
  157  161  163  165  165  166  166  165  164  162  159  155  151  146  141  136
  129  121  111  100   88   77   67   60   55   53   53   53   54   55   55   55
   53   52   51   47   47   46   47   47   31                                   
    57.5-180.0 180.0   5.0 450.0                            LAT/LON1/LON2/DLON/H
   33   34   32   35   33   34   35   36   38   42   46   54   63   73   84   95
  105  113  120  126  131  134  137  138  138  137  137  138  141  146  152  158
  163  167  169  170  171  171  171  171  169  167  164  160  155  149  143  137
  130  121  110   99   87   75   66   60   56   55   56   57   59   59   59   58
   57   54   53   49   49   48   48   48   33                                   
    55.0-180.0 180.0   5.0 450.0                            LAT/LON1/LON2/DLON/H
   38   37   37   39   38   39   40   40   41   43   46   52   60   71   81   92
  102  111  118  123  127  130  133  134  135  136  137  139  144  151  159  166
  172  176  178  179  179  179  179  179  178  176  172  167  161  155  148  141
  133  125  114  103   91   81   73   67   65   65   66   68   69   69   68   67
   64   61   60   55   54   52   51   51   38                                   
    52.5-180.0 180.0   5.0 450.0                            LAT/LON1/LON2/DLON/H
   46   45   44   47   46   48   48   47   47   47   49   54   61   70   81   91
  101  110  116  121  124  128  130  133  135  137  140  145  151  159  168  176
  183  187  189  189  189  190  190  190  189  187  183  178  171  164  157  150
  142  133  124  113  102   93   86   81   80   81   83   85   85   84   82   80
   77   73   71   66   64   61   58   57   46                                   
    50.0-180.0 180.0   5.0 450.0                            LAT/LON1/LON2/DLON/H
   57   55   55   58   57   59   59   57   56   55   55   59   65   73   83   93
  103  111  117  121  125  128  132  136  140  144  148  154  161  170  179  187
  194  198  199  200  201  202  203  203  202  200  196  191  184  177  169  161
  154  145  136  126  116  108  101   98   98  100  102  104  104  102  100   96
   92   89   86   82   78   74   71   67   57                                   
    47.5-180.0 180.0   5.0 450.0                            LAT/LON1/LON2/DLON/H
   69   69   68   71   70   72   71   70   68   66   65   68   73   80   89   99
  109  116  122  126  129  133  138  143  149  154  160  165  172  180  189  197
  203  206  209  210  212  214  216  217  216  213  209  204  198  190  183  174
  166  158  148  139  129  120  114  111  112  115  118  120  120  119  116  113
  109  105  103   99   95   90   87   80   69                                   
    45.0-180.0 180.0   5.0 450.0                            LAT/LON1/LON2/DLON/H
   82   82   81   83   82   85   84   82   80   79   78   80   84   91  100  109
  118  125  130  134  138  142  147  154  160  167  172  177  183  189  196  203
  208  212  216  219  223  227  229  230  228  226  222  217  211  204  196  187
  177  168  157  147  136  127  120  117  118  122  126  129  130  129  128  125
  122  120  117  114  110  106  103   95   82                                   
    42.5-180.0 180.0   5.0 450.0                            LAT/LON1/LON2/DLON/H
   91   92   91   93   92   94   94   93   92   92   91   94   98  104  112  121
  129  136  141  145  149  153  158  165  173  179  184  188  192  196  201  206
  211  217  222  229  235  240  243  243  241  237  233  228  223  216  208  198
  186  175  162  150  137  126  119  115  116  121  126  130  133  133  133  132
  130  128  126  124  121  118  115  106   91                                   
    40.0-180.0 180.0   5.0 450.0                            LAT/LON1/LON2/DLON/H
   95   98   96   98   98  100   99  100  100  101  103  107  112  119  126  134
  142  148  153  157  160  164  169  176  183  189  193  196  198  201  205  210
  216  224  233  242  251  257  260  259  255  250  245  240  235  228  219  208
  194  180  165  150  136  123  113  108  109  113  119  125  129  131  132  133
  132  131  129  126  125  122  120  112   95                                   
    37.5-180.0 180.0   5.0 450.0                            LAT/LON1/LON2/DLON/H
   95   98   96   98   98   99  100  101  103  107  111  117  124  132  140  147
  154  160  165  168  171  174  178  183  189  195  199  202  204  207  212  219
  228  238  250  263  274  281  283  279  273  266  259  254  250  243  233  220
  204  187  170  153  137  121  110  103  103  107  113  119  124  127  129  130
  130  128  126  123  122  120  118  111   95                                   
    35.0-180.0 180.0   5.0 450.0                            LAT/LON1/LON2/DLON/H
   91   95   93   94   94   95   96   98  102  107  114  123  133  142  151  158
  164  170  174  178  181  183  184  188  192  197  202  206  211  217  226  236
  249  264  280  295  306  313  313  306  297  287  280  274  269  262  252  237
  220  202  184  165  147  130  116  108  106  108  114  119  124  127  129  130
  128  126  122  117  116  114  112  105   91                                   
    32.5-180.0 180.0   5.0 450.0                            LAT/LON1/LON2/DLON/H
   87   91   89   89   89   89   89   91   96  103  112  124  136  148  158  166
  172  177  182  186  189  189  189  189  192  198  205  213  223  235  249  265
  283  302  321  337  348  353  350  340  328  316  307  301  296  289  278  263
  246  227  209  190  171  154  138  128  123  123  127  131  134  135  135  135
  131  127  121  114  110  108  105   99   87                                   
    30.0-180.0 180.0   5.0 450.0                            LAT/LON1/LON2/DLON/H
   86   89   86   85   85   83   83   84   88   95  106  119  135  149  161  170
  176  182  187  192  194  194  191  190  193  199  209  223  240  260  282  304
  328  350  371  387  397  398  392  379  365  353  343  337  331  324  313  299
  282  264  246  229  211  193  177  164  157  154  154  156  156  154  152  149
  143  136  127  117  111  107  101   95   86                                   
    27.5-180.0 180.0   5.0 450.0                            LAT/LON1/LON2/DLON/H
   89   91   87   85   83   80   79   78   81   87   97  112  129  146  160  170
  177  184  190  196  198  197  194  192  195  203  218  238  263  291  321  351
  379  405  426  441  447  444  434  420  406  394  385  379  373  366  356  342
  327  310  294  278  262  245  228  214  203  197  194  192  188  183  178  172
  163  154  141  128  119  112  104   97   89                                   
    25.0-180.0 180.0   5.0 450.0                            LAT/LON1/LON2/DLON/H
   98   98   92   88   85   82   80   77   77   81   89  104  122  141  156  168
  176  183  191  198  201  201  198  197  201  212  231  258  291  327  364  400
  432  460  479  489  490  483  470  457  445  436  429  424  419  412  402  390
  375  360  346  332  317  300  284  267  254  245  238  232  226  218  209  201
  190  179  163  149  136  125  113  105   98                                   
    22.5-180.0 180.0   5.0 450.0                            LAT/LON1/LON2/DLON/H
  110  109  100   94   91   87   85   79   77   78   84   97  115  134  151  163
  173  181  190  198  204  205  204  205  211  226  249  281  320  363  405  445
  479  504  519  524  519  508  495  484  477  473  470  468  464  457  447  435
  421  406  392  378  363  347  329  312  297  285  276  268  260  250  240  229
  218  206  189  174  159  144  129  119  110                                   
    20.0-180.0 180.0   5.0 450.0                            LAT/LON1/LON2/DLON/H
  124  122  109  102   98   94   92   85   81   80   83   93  110  128  146  159
  170  180  190  199  206  210  213  217  227  245  272  308  350  395  440  479
  511  531  540  539  529  517  506  500  499  501  504  504  501  494  483  470
  455  439  422  407  390  373  355  336  320  308  299  291  283  273  263  253
  241  231  214  201  183  165  147  135  124                                   
    17.5-180.0 180.0   5.0 450.0                            LAT/LON1/LON2/DLON/H
  136  133  118  110  104  100   98   92   87   84   85   93  108  126  143  158
  170  181  192  202  211  217  224  233  247  269  298  335  377  422  464  498
  524  538  541  535  524  513  506  506  512  520  527  530  527  519  506  491
  473  453  433  413  394  374  355  337  322  311  304  299  293  285  276  266
  256  248  233  221  203  184  164  151  136                                   
    15.0-180.0 180.0   5.0 450.0                            LAT/LON1/LON2/DLON/H
  143  139  123  114  107  103  102   97   92   89   89   96  110  127  144  160
  174  187  199  210  219  228  238  252  271  296  327  362  401  441  475  502
  520  528  527  520  511  503  501  507  518  531  541  544  541  530  515  496
  474  449  424  400  377  356  337  321  308  301  297  296  293  286  279  270
  262  255  243  233  216  196  177  163  143                                   
    12.5-180.0 180.0   5.0 450.0                            LAT/LON1/LON2/DLON/H
  145  139  123  113  105  102  102   98   95   93   94  101  114  130  149  166
  183  197  210  222  232  243  257  276  299  326  356  388  421  453  478  497
  507  511  509  504  498  495  498  509  524  538  547  549  543  531  513  490
  463  434  404  375  350  329  312  298  289  286  286  288  287  282  275  267
  259  254  244  236  220  201  183  169  145                                   
    10.0-180.0 180.0   5.0 450.0                            LAT/LON1/LON2/DLON/H
  144  135  120  108  100   96   97   95   93   93   96  105  118  136  156  175
  194  212  227  239  250  263  280  303  329  357  385  412  438  460  477  488
  494  496  496  494  494  496  503  516  531  543  549  547  538  523  502  477
  447  414  381  350  324  305  290  281  276  276  279  283  283  278  270  261
  253  248  240  232  218  200  183  168  144                                   
     7.5-180.0 180.0   5.0 450.0                            LAT/LON1/LON2/DLON/H
  141  130  115  101   92   86   88   87   88   91   96  107  122  142  163  186
  208  228  245  259  272  286  306  332  360  387  411  433  452  467  477  483
