data/edconvlstm_nd/pred1300.15i
     1.0            IONOSPHERE MAPS     GNSS                IONEX VERSION / TYPE
pyspatialgeodesy        IME             05-JAN-18 20:20     PGM / RUN BY / DATE 
Map Name                                                    COMMENT             
Predicted global ionosphere maps (GIM).                     DESCRIPTION         
  2015     5    10     0     0     0                        EPOCH OF FIRST MAP  
  2015     5    11     0     0     0                        EPOCH OF LAST MAP   
  7200                                                      INTERVAL            
    13                                                      # OF MAPS IN FILE   
  NONE                                                      MAPPING FUNCTION    
10.0                                                        ELEVATION CUTOFF    
One-way carrier phase leveled to code                       OBSERVABLES USED    
  6371.0                                                    BASE RADIUS         
 2                                                          MAP DIMENSION       
   450.0 450.0   0.0                                        HGT1 / HGT2 / DHGT  
    87.5 -87.5  -2.5                                        LAT1 / LAT2 / DLAT  
  -180.0 180.0   5.0                                        LON1 / LON2 / DLON  
    -1                                                      EXPONENT            
                                                            END OF HEADER       
[from data line 3432]
     9                                                      START OF TEC MAP    
  2015     5    10    16     0     0                        EPOCH OF CURRENT MAP
    87.5-180.0 180.0   5.0 450.0                            LAT/LON1/LON2/DLON/H
  208  201  193  202  203  204  204  205  206  208  208  210  210  211  212  213
  213  214  214  214  214  214  213  213  212  212  211  211  210  209  209  208
  208  207  207  206  206  205  204  204  203  203  202  202  201  201  200  200
  200  199  199  199  198  198  198  198  197  197  197  197  197  197  196  196
  196  196  195  196  202  207  207  209  208                                   
    85.0-180.0 180.0   5.0 450.0                            LAT/LON1/LON2/DLON/H
  191  196  203  201  199  204  206  208  209  211  212  214  215  216  217  218
  218  218  219  219  218  218  217  217  216  215  215  214  213  213  212  211
  210  209  209  208  207  206  205  204  203  202  201  200  200  199  198  198
  197  197  197  197  196  196  196  196  196  196  196  196  196  196  196  196
  197  198  196  196  198  196  199  205  191                                   
    82.5-180.0 180.0   5.0 450.0                            LAT/LON1/LON2/DLON/H
  172  187  191  189  189  195  198  200  202  204  206  208  210  212  213  214
  215  215  215  215  214  214  213  212  211  210  210  209  208  207  206  205
  204  203  201  200  198  197  195  194  192  191  189  188  187  186  185  184
  184  183  183  183  183  183  183  183  183  184  183  183  183  183  183  183
  183  182  181  185  183  192  193  184  172                                   
    80.0-180.0 180.0   5.0 450.0                            LAT/LON1/LON2/DLON/H
  172  187  193  192  191  195  199  203  206  210  212  215  218  220  222  222
  223  223  222  221  220  218  217  215  214  213  212  211  210  209  208  207
  205  204  202  200  198  196  194  193  191  190  188  187  186  185  185  184
  184  184  184  185  185  186  187  187  188  188  188  188  187  187  186  186
  186  186  185  187  184  183  188  180  172                                   
    77.5-180.0 180.0   5.0 450.0                            LAT/LON1/LON2/DLON/H
  179  186  195  194  194  199  202  205  208  211  214  218  221  223  225  226
  226  225  224  222  220  218  216  215  213  212  211  211  210  209  208  207
  205  204  202  199  197  195  193  191  189  187  186  185  184  183  182  182
  182  182  183  184  186  187  188  189  190  190  190  190  189  188  187  187
  186  185  185  188  189  186  191  188  179                                   
    75.0-180.0 180.0   5.0 450.0                            LAT/LON1/LON2/DLON/H
  184  195  201  200  199  205  207  209  212  216  219  223  226  229  230  230
  230  229  227  224  222  220  218  217  216  215  214  214  213  212  212  210
  209  207  204  202  199  197  195  193  191  190  189  188  187  187  186  186
  186  187  188  189  191  193  194  196  196  197  197  196  195  194  193  192
  191  191  191  191  191  190  194  186  184                                   
    72.5-180.0 180.0   5.0 450.0                            LAT/LON1/LON2/DLON/H
  188  200  206  208  205  210  212  213  215  219  221  225  228  231  232  232
  231  229  227  225  223  221  220  219  218  218  217  216  215  214  213  211
  209  206  203  200  197  195  192  191  190  189  189  188  188  188  187  187
  187  188  188  190  191  193  194  195  196  197  196  195  194  193  192  191
  189  189  189  191  190  192  197  194  188                                   
    70.0-180.0 180.0   5.0 450.0                            LAT/LON1/LON2/DLON/H
  193  205  211  212  209  213  214  215  217  221  224  227  230  232  233  232
  231  229  227  225  224  223  222  222  222  222  222  221  219  218  215  213
  210  207  203  199  196  193  192  191  190  191  191  192  192  192  191  190
  190  189  189  189  190  191  192  192  193  193  192  191  189  188  187  186
  184  184  185  187  187  190  197  195  193                                   
    67.5-180.0 180.0   5.0 450.0                            LAT/LON1/LON2/DLON/H
  193  207  214  218  217  221  222  223  225  228  231  234  237  238  239  238
  236  234  232  231  231  232  233  234  235  235  234  232  230  227  223  220
  216  212  208  204  200  197  196  196  196  198  199  201  201  201  200  198
  196  194  192  191  191  191  190  190  190  189  188  187  185  184  183  182
  180  180  181  183  183  185  192  193  193                                   
    65.0-180.0 180.0   5.0 450.0                            LAT/LON1/LON2/DLON/H
  186  202  209  215  215  219  221  223  225  229  232  235  238  239  238  236
  234  233  232  232  234  236  239  242  243  243  242  240  237  233  229  225
  220  216  211  206  203  200  199  199  201  203  206  208  208  207  205  202
  198  194  191  188  186  184  183  181  180  179  177  176  174  172  171  170
  168  168  169  171  171  175  182  183  186                                   
    62.5-180.0 180.0   5.0 450.0                            LAT/LON1/LON2/DLON/H
  172  189  197  206  208  214  217  220  224  228  232  236  238  238  237  235
  233  231  231  233  236  241  245  249  251  252  250  248  244  240  236  231
  227  222  217  212  208  206  205  206  208  211  214  216  216  214  211  206
  201  195  190  186  182  179  176  174  171  169  167  166  164  162  160  159
  157  156  156  156  156  158  164  167  172                                   
    60.0-180.0 180.0   5.0 450.0                            LAT/LON1/LON2/DLON/H
  153  171  180  190  195  204  209  213  218  224  229  233  235  235  233  230
  228  227  228  231  235  241  247  251  255  256  255  253  250  247  243  239
  235  231  226  221  217  214  213  214  217  220  223  224  224  221  216  210
  203  197  190  184  179  175  172  169  166  163  161  158  156  154  152  149
  146  144  143  142  140  140  144  147  153                                   
    57.5-180.0 180.0   5.0 450.0                            LAT/LON1/LON2/DLON/H
  135  151  162  173  181  192  199  205  212  219  224  229  231  230  228  226
  224  223  224  227  232  239  245  251  256  258  259  258  256  255  253  251
  248  244  239  234  229  226  225  226  228  231  234  235  234  230  224  217
  209  201  194  187  182  177  173  170  167  164  161  158  155  152  149  146
  141  138  135  132  128  125  127  130  135                                   
    55.0-180.0 180.0   5.0 450.0                            LAT/LON1/LON2/DLON/H
  122  135  147  158  168  181  191  199  207  215  221  225  227  227  225  223
  221  220  221  224  229  235  242  249  255  259  262  263  264  264  265  264
  262  259  254  249  244  241  239  240  242  245  247  247  245  240  233  226
  217  209  202  195  189  185  181  177  174  171  168  165  162  158  153  149
  143  138  134  129  123  118  117  119  122                                   
    52.5-180.0 180.0   5.0 450.0                            LAT/LON1/LON2/DLON/H
  116  126  137  149  159  175  186  195  205  213  219  224  225  225  224  222
  221  220  221  223  226  232  239  247  254  260  265  269  273  276  278  279
  278  275  271  265  260  256  254  254  256  258  260  259  256  251  245  237
  229  220  213  206  200  196  192  189  187  185  182  178  174  169  164  158
  151  145  140  134  126  119  117  118  116                                   
    50.0-180.0 180.0   5.0 450.0                            LAT/LON1/LON2/DLON/H
  119  125  135  146  157  174  186  197  207  216  222  226  227  226  226  226
  225  225  224  225  227  231  239  247  256  264  272  278  284  289  292  293
  293  290  286  281  276  272  270  269  270  272  273  272  269  264  257  250
  241  233  225  219  213  208  205  203  202  200  197  194  189  183  177  171
  163  157  152  146  138  130  126  126  119                                   
    47.5-180.0 180.0   5.0 450.0                            LAT/LON1/LON2/DLON/H
  129  132  140  150  160  178  191  203  214  223  229  232  232  232  232  233
  234  233  232  230  231  234  242  251  262  272  281  289  296  301  305  306
  306  304  300  296  291  287  284  283  283  284  284  283  280  275  269  262
  254  245  237  229  223  218  215  214  213  212  210  207  202  196  190  183
  175  170  166  161  154  146  143  141  129                                   
    45.0-180.0 180.0   5.0 450.0                            LAT/LON1/LON2/DLON/H
  142  145  149  158  168  185  199  211  223  233  239  242  242  241  243  244
  246  245  242  239  238  241  249  260  272  283  293  302  309  314  317  318
  317  316  313  310  306  302  299  297  296  296  295  294  291  286  280  273
  264  255  245  236  228  223  219  218  218  217  216  214  209  204  198  192
  185  181  178  175  169  163  161  159  142                                   
    42.5-180.0 180.0   5.0 450.0                            LAT/LON1/LON2/DLON/H
  154  158  159  168  178  194  208  221  234  244  251  253  253  253  255  258
  260  259  254  250  248  252  260  272  285  296  306  315  322  326  329  330
  330  330  330  328  325  321  316  312  309  308  306  304  300  295  289  282
  272  261  249  238  228  221  217  216  216  216  215  213  210  206  201  196
  191  188  186  185  180  177  175  172  154                                   
    40.0-180.0 180.0   5.0 450.0                            LAT/LON1/LON2/DLON/H
  162  167  166  175  186  200  215  228  242  254  262  265  266  266  269  272
  274  273  268  262  260  264  274  286  299  311  321  329  336  341  344  347
  350  353  355  355  352  346  339  332  326  322  318  314  310  304  297  288
  277  264  250  237  226  218  213  211  211  212  211  210  208  205  202  199
  195  193  191  190  185  183  181  177  162                                   
    37.5-180.0 180.0   5.0 450.0                            LAT/LON1/LON2/DLON/H
  164  170  169  178  190  203  218  232  248  261  270  275  277  278  282  286
  288  287  281  276  274  279  289  302  315  326  336  346  354  361  368  374
  381  388  394  395  391  382  370  359  349  341  335  328  322  314  306  295
  283  268  253  238  226  217  212  210  210  211  210  209  208  206  206  204
  200  199  195  192  186  183  180  174  164                                   
    35.0-180.0 180.0   5.0 450.0                            LAT/LON1/LON2/DLON/H
  161  167  167  176  189  200  217  231  249  264  275  282  286  289  294  299
  302  301  296  291  290  295  305  318  331  343  355  367  379  391  403  416
  429  441  450  451  443  429  411  394  379  367  357  347  337  328  317  305
  292  277  261  247  235  226  222  220  219  219  218  217  216  215  216  216
  213  210  203  196  186  180  174  166  161                                   
    32.5-180.0 180.0   5.0 450.0                            LAT/LON1/LON2/DLON/H
  158  163  163  171  184  195  212  227  246  263  277  286  293  298  305  312
  316  316  313  309  308  313  323  335  349  363  378  395  413  432  452  473
  494  511  522  520  507  485  460  436  416  399  385  372  359  347  334  321
  307  293  279  267  256  249  245  244  243  241  239  237  236  236  238  238
  234  229  217  206  190  179  169  158  158                                   
    30.0-180.0 180.0   5.0 450.0                            LAT/LON1/LON2/DLON/H
  158  160  159  166  177  188  206  221  240  259  275  288  297  306  315  324
  331  334  333  331  331  335  344  356  371  389  410  433  459  487  516  546
  573  594  603  597  576  545  512  482  458  438  421  404  389  373  359  345
  332  320  309  300  293  289  286  285  283  281  277  273  270  269  271  270
  265  258  241  224  202  184  170  157  158                                   
    27.5-180.0 180.0   5.0 450.0                            LAT/LON1/LON2/DLON/H
  162  161  157  163  172  182  200  214  234  254  272  287  300  312  325  337
  348  354  357  357  358  361  369  382  400  423  450  481  516  553  590  626
  658  678  683  669  639  600  560  526  500  479  461  443  425  407  391  377
  365  356  348  343  341  340  340  340  337  333  327  321  316  313  313  311
  304  294  273  251  223  199  180  164  162                                   
    25.0-180.0 180.0   5.0 450.0                            LAT/LON1/LON2/DLON/H
  172  168  160  163  170  179  195  209  228  249  268  286  302  318  334  350
  365  377  384  387  389  392  400  415  436  465  500  539  581  623  665  703
  734  749  746  723  685  639  596  562  537  519  501  483  464  444  427  412
  400  392  388  387  388  391  394  395  393  388  381  374  367  361  359  354
  345  333  308  284  251  222  200  182  172                                   
    22.5-180.0 180.0   5.0 450.0                            LAT/LON1/LON2/DLON/H
  186  181  167  167  170  178  192  206  224  245  266  286  305  323  343  363
  382  400  412  420  423  427  436  453  479  515  556  601  646  689  729  763
  786  793  781  749  706  659  617  587  566  551  536  519  499  478  458  441
  428  421  418  419  422  427  432  434  434  431  426  419  412  404  399  392
  381  367  342  317  281  250  227  209  186                                   
    20.0-180.0 180.0   5.0 450.0                            LAT/LON1/LON2/DLON/H
  202  195  177  172  171  178  190  204  222  244  265  287  308  329  351  374
  398  421  440  451  458  464  475  496  527  568  613  659  701  739  770  794
  806  803  782  747  702  659  623  599  585  575  564  548  527  503  480  459
  444  435  431  431  435  440  445  449  451  451  449  445  439  432  424  415
  402  389  365  342  307  277  256  237  202                                   
    17.5-180.0 180.0   5.0 450.0                            LAT/LON1/LON2/DLON/H
  214  207  185  176  172  177  189  203  222  244  266  289  312  334  358  384
  412  440  464  480  490  499  514  538  574  618  663  705  739  764  783  793
  794  783  758  723  683  647  621  605  598  593  584  569  547  520  492  468
  449  436  429  426  427  431  435  439  443  446  448  448  444  436  428  417
  404  392  372  352  321  294  278  259  214                                   
    15.0-180.0 180.0   5.0 450.0                            LAT/LON1/LON2/DLON/H
  221  212  188  176  170  175  187  202  222  246  269  293  316  340  365  393
  424  455  483  504  517  530  549  578  616  660  701  734  755  767  771  770
  762  746  721  691  660  634  618  611  609  607  600  585  561  530  498  469
  446  429  417  410  406  406  409  412  417  422  426  428  426  419  410  398
  385  375  360  344  320  298  286  268  221                                   
    12.5-180.0 180.0   5.0 450.0                            LAT/LON1/LON2/DLON/H
  218  209  183  171  165  169  184  201  224  249  274  299  323  346  372  401
  433  467  497  521  538  555  578  610  650  690  724  746  755  753  746  736
  723  706  685  663  642  628  621  621  623  622  615  597  570  536  501  468
  442  420  403  390  382  378  377  380  383  388  392  394  392  385  375  362
  350  343  331  320  303  286  278  260  218                                   
    10.0-180.0 180.0   5.0 450.0                            LAT/LON1/LON2/DLON/H
  206  197  172  161  158  162  179  199  226  255  281  307  330  354  380  409
  441  475  506  531  552  573  599  634  673  710  736  747  745  735  721  706
  691  676  661  648  639  635  636  639  641  638  627  606  576  540  502  468
  439  415  393  375  362  354  350  350  352  354  356  355  351  343  333  320
  308  302  293  285  274  262  255  237  206                                   
     7.5-180.0 180.0   5.0 450.0                            LAT/LON1/LON2/DLON/H
  188  180  158  149  149  154  174  198  229  261  289  315  339  363  389  417
  448  480  511  537  559  584  613  649  688  720  740  744  736  722  706  690
