data/edconvlstm_nd/pred2150.15i
     1.0            IONOSPHERE MAPS     GNSS                IONEX VERSION / TYPE
pyspatialgeodesy        IME             05-JAN-18 20:20     PGM / RUN BY / DATE 
Map Name                                                    COMMENT             
Predicted global ionosphere maps (GIM).                     DESCRIPTION         
  2015     8     3     0     0     0                        EPOCH OF FIRST MAP  
  2015     8     4     0     0     0                        EPOCH OF LAST MAP   
  7200                                                      INTERVAL            
    13                                                      # OF MAPS IN FILE   
  NONE                                                      MAPPING FUNCTION    
10.0                                                        ELEVATION CUTOFF    
One-way carrier phase leveled to code                       OBSERVABLES USED    
  6371.0                                                    BASE RADIUS         
 2                                                          MAP DIMENSION       
   450.0 450.0   0.0                                        HGT1 / HGT2 / DHGT  
    87.5 -87.5  -2.5                                        LAT1 / LAT2 / DLAT  
  -180.0 180.0   5.0                                        LON1 / LON2 / DLON  
    -1                                                      EXPONENT            
                                                            END OF HEADER       
[from data line 1716]
     5                                                      START OF TEC MAP    
  2015     8     3     8     0     0                        EPOCH OF CURRENT MAP
    87.5-180.0 180.0   5.0 450.0                            LAT/LON1/LON2/DLON/H
  115  119  117  122  123  123  121  117  118  119  119  119  119  118  118  117
  117  116  116  115  115  114  114  113  113  113  113  113  113  113  114  114
  115  115  116  117  117  118  119  119  120  120  121  121  121  122  122  122
  122  121  121  121  121  120  120  119  119  119  118  118  117  117  117  117
  117  119  117  116  120  118  126  123  115                                   
    85.0-180.0 180.0   5.0 450.0                            LAT/LON1/LON2/DLON/H
  117  127  131  129  129  131  130  130  130  130  130  130  129  129  129  128
  127  127  126  125  125  124  123  123  123  123  123  123  123  124  125  126
  126  127  128  129  130  131  132  133  133  134  134  135  135  135  135  135
  134  134  134  133  132  132  131  131  130  130  129  129  129  128  128  128
  130  131  126  125  121  124  129  130  117                                   
    82.5-180.0 180.0   5.0 450.0                            LAT/LON1/LON2/DLON/H
  125  135  139  133  131  133  132  132  132  132  131  131  130  129  128  127
  126  125  124  123  122  121  120  119  119  119  119  120  121  122  124  125
  127  129  131  133  135  137  138  140  141  142  142  143  143  143  143  143
  143  142  142  141  140  140  139  138  137  137  136  135  135  134  134  134
  135  135  131  131  130  132  129  125  125                                   
    80.0-180.0 180.0   5.0 450.0                            LAT/LON1/LON2/DLON/H
  133  138  139  136  133  132  131  131  131  130  129  129  128  126  125  124
  122  121  119  117  115  114  113  112  111  111  112  113  114  116  119  121
  124  127  130  133  136  139  141  143  145  147  148  149  149  150  150  149
  149  149  148  148  147  147  146  145  144  143  142  141  140  140  139  139
  140  139  137  139  138  141  145  135  133                                   
    77.5-180.0 180.0   5.0 450.0                            LAT/LON1/LON2/DLON/H
  140  143  144  141  135  134  133  131  131  129  127  127  126  125  124  122
  121  118  116  114  112  110  108  106  106  106  106  108  110  113  116  120
  124  128  132  136  140  144  148  151  154  156  158  159  160  161  162  162
  162  162  162  162  162  162  161  160  159  158  157  155  154  152  151  150
  150  149  146  149  149  148  148  145  140                                   
    75.0-180.0 180.0   5.0 450.0                            LAT/LON1/LON2/DLON/H
  140  145  141  138  132  131  127  124  123  122  120  120  119  119  118  116
  115  112  110  107  104  102   99   97   96   96   96   98  100  104  108  112
  117  122  127  132  137  142  146  150  154  157  160  162  164  166  167  168
  168  169  170  170  170  170  170  170  169  167  166  164  162  161  159  158
  157  156  153  151  152  153  155  149  140                                   
    72.5-180.0 180.0   5.0 450.0                            LAT/LON1/LON2/DLON/H
  142  148  142  138  131  128  123  119  116  115  114  115  115  115  115  114
  113  111  108  105  102   99   96   94   93   92   92   94   97  100  105  110
  115  121  127  132  138  143  148  153  157  161  165  168  171  173  175  176
  177  178  179  180  180  181  180  180  179  178  176  174  173  171  169  168
  167  165  163  161  160  160  159  156  142                                   
    70.0-180.0 180.0   5.0 450.0                            LAT/LON1/LON2/DLON/H
  148  148  142  135  125  118  111  106  103  102  101  103  105  106  107  107
  106  105  102  100   97   94   91   89   87   86   87   88   91   95  100  106
  111  117  122  128  133  139  144  150  155  160  165  169  173  176  178  179
  180  181  182  182  182  182  182  181  180  179  178  176  175  173  172  171
  170  168  167  166  164  165  166  163  148                                   
    67.5-180.0 180.0   5.0 450.0                            LAT/LON1/LON2/DLON/H
  148  148  141  132  120  110  101   94   90   89   89   91   94   97   99  100
  100   99   97   95   92   90   87   85   83   83   83   85   88   92   97  102
  108  113  118  123  128  134  139  145  152  158  164  169  173  177  179  180
  181  181  181  181  180  179  178  177  176  175  174  173  172  171  170  170
  169  168  167  167  166  167  167  164  148                                   
    65.0-180.0 180.0   5.0 450.0                            LAT/LON1/LON2/DLON/H
  153  151  143  132  117  105   94   85   80   77   77   81   84   88   91   93
   93   92   91   89   87   85   84   82   81   81   82   84   88   93   98  103
  108  113  117  122  126  132  138  145  152  159  166  172  177  181  183  184
  184  183  182  181  179  177  176  174  172  171  170  170  170  170  170  170
  170  170  169  169  170  173  173  170  153                                   
    62.5-180.0 180.0   5.0 450.0                            LAT/LON1/LON2/DLON/H
  158  157  148  135  118  104   90   79   72   68   68   71   75   79   82   84
   84   84   83   82   80   79   78   77   77   78   80   83   88   93   99  104
  109  113  117  121  126  131  138  145  154  162  170  177  182  186  188  188
  187  186  184  181  179  176  173  170  168  167  166  167  168  169  169  170
  171  171  171  171  172  176  177  175  158                                   
    60.0-180.0 180.0   5.0 450.0                            LAT/LON1/LON2/DLON/H
  164  164  155  141  123  107   91   77   68   62   60   62   65   69   72   73
   74   73   72   72   71   70   70   70   71   73   77   81   87   93   99  105
  110  114  117  121  126  132  139  148  157  166  175  182  188  192  193  193
  192  190  187  184  181  177  174  170  168  166  166  167  168  170  171  172
  173  173  173  173  175  180  182  179  164                                   
    57.5-180.0 180.0   5.0 450.0                            LAT/LON1/LON2/DLON/H
  173  174  166  152  134  116   98   82   70   61   57   57   58   60   62   63
   63   63   62   61   61   62   62   63   65   69   73   79   86   93  100  106
  111  115  119  124  129  136  144  153  163  173  183  190  197  201  202  202
  200  198  195  192  189  185  181  177  174  172  171  172  174  176  178  179
  179  178  177  178  180  185  187  184  173                                   
    55.0-180.0 180.0   5.0 450.0                            LAT/LON1/LON2/DLON/H
  182  184  177  164  148  130  111   92   77   65   57   54   53   53   54   54
   54   53   53   52   53   53   55   57   60   64   70   76   84   92   99  106
  111  116  121  127  134  142  151  161  171  181  191  199  206  210  212  212
  211  209  206  203  200  196  192  187  184  181  181  182  183  185  186  187
  186  184  183  183  185  191  192  189  182                                   
    52.5-180.0 180.0   5.0 450.0                            LAT/LON1/LON2/DLON/H
  190  194  189  177  163  146  127  107   89   74   62   55   51   49   48   48
   47   47   46   46   47   48   50   53   57   62   68   75   83   90   98  104
  111  117  124  131  140  149  159  169  180  190  200  209  216  221  223  224
  223  221  219  217  214  210  205  201  196  193  192  192  194  195  196  196
  194  192  189  188  190  195  196  193  190                                   
    50.0-180.0 180.0   5.0 450.0                            LAT/LON1/LON2/DLON/H
  195  201  197  187  176  161  143  123  104   86   71   61   53   48   46   44
   44   44   44   45   46   47   50   53   57   62   69   75   83   90   96  103
  110  118  127  136  146  157  168  178  189  199  209  218  226  231  235  237
  236  235  233  230  227  223  218  213  208  204  202  202  203  203  204  203
  201  198  195  194  195  199  200  196  195                                   
    47.5-180.0 180.0   5.0 450.0                            LAT/LON1/LON2/DLON/H
  197  204  200  193  185  173  157  138  119  100   83   69   59   51   47   45
   45   45   46   47   49   51   54   57   61   66   72   78   84   89   95  102
  110  119  130  142  153  165  176  187  197  206  216  226  235  242  246  249
  249  248  246  243  239  234  228  222  217  212  209  208  208  208  208  208
  206  203  200  198  198  202  202  197  197                                   
    45.0-180.0 180.0   5.0 450.0                            LAT/LON1/LON2/DLON/H
  196  202  199  193  188  178  165  149  132  113   96   81   68   58   52   50
   49   51   52   54   56   58   61   64   68   73   77   82   86   90   95  101
  110  121  134  147  161  173  184  194  203  213  223  233  243  251  257  260
  261  260  257  253  248  242  235  228  222  217  214  212  210  210  210  210
  209  208  205  203  202  204  204  198  196                                   
    42.5-180.0 180.0   5.0 450.0                            LAT/LON1/LON2/DLON/H
  192  196  193  188  183  176  167  154  140  124  108   94   80   68   61   58
   57   59   61   63   65   67   70   73   76   80   83   86   89   92   96  103
  112  125  139  154  168  180  190  200  209  218  228  240  251  261  268  272
  273  272  268  263  257  249  241  233  227  222  218  215  213  212  212  213
  214  214  212  209  206  206  206  199  192                                   
    40.0-180.0 180.0   5.0 450.0                            LAT/LON1/LON2/DLON/H
  188  188  184  178  173  167  161  152  143  131  119  106   92   80   72   68
   67   69   71   73   75   76   78   81   83   85   88   90   92   94   98  105
  116  130  145  160  174  185  195  204  213  222  233  246  258  270  278  284
  286  285  281  275  268  259  250  242  236  231  227  223  220  218  218  220
  223  225  223  219  214  211  209  201  188                                   
    37.5-180.0 180.0   5.0 450.0                            LAT/LON1/LON2/DLON/H
  186  182  176  167  160  154  151  145  141  134  126  116  104   92   83   78
   77   78   80   81   82   84   85   86   87   88   89   91   93   96  102  110
  122  137  152  167  180  190  199  208  217  227  239  252  266  279  290  297
  300  301  298  293  285  276  267  260  254  250  246  241  237  233  233  236
  240  243  242  236  227  220  216  206  186                                   
    35.0-180.0 180.0   5.0 450.0                            LAT/LON1/LON2/DLON/H
  190  179  171  158  148  142  139  136  135  133  129  123  114  103   94   88
   86   86   87   88   88   89   89   89   88   87   88   90   93   98  105  116
  129  144  159  173  185  194  203  212  221  232  244  259  275  290  303  312
  318  321  321  318  313  305  297  290  285  282  277  272  266  262  260  263
  267  271  268  260  248  235  227  215  190                                   
    32.5-180.0 180.0   5.0 450.0                            LAT/LON1/LON2/DLON/H
  200  183  172  155  141  133  129  127  128  129  130  128  122  113  104   97
   94   92   92   92   92   93   92   89   86   84   84   86   92   99  109  121
  136  151  165  178  189  198  207  216  226  238  252  268  286  302  317  329
  339  346  351  352  350  344  338  333  330  327  323  317  309  303  300  302
  305  308  303  292  275  255  243  230  200                                   
    30.0-180.0 180.0   5.0 450.0                            LAT/LON1/LON2/DLON/H
  216  193  179  159  142  131  125  122  124  126  130  131  127  119  111  104
  100   97   95   95   95   95   94   89   83   79   78   82   89  100  112  126
  141  156  170  182  192  202  212  222  233  246  261  279  298  316  333  348
  362  374  384  391  393  392  389  386  384  381  377  371  362  354  350  349
  351  351  344  329  308  281  264  250  216                                   
    27.5-180.0 180.0   5.0 450.0                            LAT/LON1/LON2/DLON/H
  236  209  191  169  150  137  129  124  124  126  130  132  130  124  117  109
  104  100   98   97   98   98   96   90   82   75   74   78   87   99  114  129
  145  160  173  185  196  207  218  230  242  256  272  291  311  331  350  368
  385  402  418  430  438  441  441  441  440  438  434  426  417  408  402  399
  398  396  386  368  344  310  288  274  236                                   
    25.0-180.0 180.0   5.0 450.0                            LAT/LON1/LON2/DLON/H
  258  227  208  186  165  150  140  133  130  130  132  134  132  128  121  114
  108  103  100  100  101  102  100   92   82   74   71   75   85   98  114  131
  147  161  175  188  201  214  227  240  254  268  285  305  325  346  366  386
  406  427  447  463  476  483  487  488  488  486  482  474  464  454  447  443
  440  436  424  405  377  340  313  300  258                                   
    22.5-180.0 180.0   5.0 450.0                            LAT/LON1/LON2/DLON/H
  278  245  224  204  184  168  156  147  141  138  137  137  136  131  125  118
  111  106  103  103  105  107  104   96   85   74   70   74   83   97  113  130
  146  161  176  192  207  223  239  253  268  283  300  320  341  361  382  402
  423  445  467  486  501  511  517  519  520  518  512  505  496  487  480  475
  471  466  453  434  406  366  336  324  278                                   
    20.0-180.0 180.0   5.0 450.0                            LAT/LON1/LON2/DLON/H
  292  259  238  220  202  186  175  165  156  149  146  144  141  136  130  123
  116  110  106  107  109  111  109  101   89   77   72   74   82   95  110  126
  143  160  178  196  216  235  253  269  284  300  317  336  357  377  396  416
  436  457  478  496  511  521  527  530  530  528  523  516  509  502  497  492
  488  482  471  452  425  386  354  343  292                                   
    17.5-180.0 180.0   5.0 450.0                            LAT/LON1/LON2/DLON/H
  300  267  249  233  216  201  190  181  172  163  157  152  148  144  137  130
  122  115  111  111  113  115  113  105   93   81   74   74   81   92  106  122
  140  159  180  202  225  247  268  285  301  317  335  354  374  393  411  428
  446  464  481  496  507  515  520  523  523  520  516  512  507  503  499  495
  491  486  476  459  434  398  366  355  300                                   
    15.0-180.0 180.0   5.0 450.0                            LAT/LON1/LON2/DLON/H
  302  271  255  239  224  209  200  193  185  176  168  163  158  153  146  139
  130  122  117  115  116  118  115  108   96   84   77   75   79   88  102  119
  138  160  184  209  235  260  281  300  318  335  353  372  391  409  425  441
  455  469  481  490  496  501  503  505  505  503  500  498  496  494  493  489
  485  480  471  456  434  401  372  360  302                                   
    12.5-180.0 180.0   5.0 450.0                            LAT/LON1/LON2/DLON/H
  302  272  258  241  225  211  204  199  193  186  178  173  168  163  157  149
  140  131  124  120  119  118  115  108   97   86   78   75   77   85   98  116
  137  161  188  215  243  269  292  313  332  351  370  389  408  425  440  454
  466  475  481  484  485  486  487  487  487  486  484  483  483  483  483  479
  474  468  459  445  427  398  372  359  302                                   
    10.0-180.0 180.0   5.0 450.0                            LAT/LON1/LON2/DLON/H
  301  274  260  240  224  208  201  198  195  190  185  181  177  172  167  159
  150  140  131  124  120  117  113  105   95   85   77   73   75   82   95  114
  137  163  191  220  248  274  298  320  342  362  383  403  422  439  454  467
  478  484  486  484  482  480  479  479  478  478  476  476  475  475  474  470
  462  454  444  432  416  390  367  354  301                                   
     7.5-180.0 180.0   5.0 450.0                            LAT/LON1/LON2/DLON/H
  303  279  264  240  222  204  195  193  191  189  187  185  183  179  174  167
  158  148  137  128  121  115  109  101   91   82   75   71   72   80   93  113
