data/edconvlstm_nd/pred2760.15i
     1.0            IONOSPHERE MAPS     GNSS                IONEX VERSION / TYPE
pyspatialgeodesy        IME             05-JAN-18 20:20     PGM / RUN BY / DATE 
Map Name                                                    COMMENT             
Predicted global ionosphere maps (GIM).                     DESCRIPTION         
  2015    10     3     0     0     0                        EPOCH OF FIRST MAP  
  2015    10     4     0     0     0                        EPOCH OF LAST MAP   
  7200                                                      INTERVAL            
    13                                                      # OF MAPS IN FILE   
  NONE                                                      MAPPING FUNCTION    
10.0                                                        ELEVATION CUTOFF    
One-way carrier phase leveled to code                       OBSERVABLES USED    
  6371.0                                                    BASE RADIUS         
 2                                                          MAP DIMENSION       
   450.0 450.0   0.0                                        HGT1 / HGT2 / DHGT  
    87.5 -87.5  -2.5                                        LAT1 / LAT2 / DLAT  
  -180.0 180.0   5.0                                        LON1 / LON2 / DLON  
    -1                                                      EXPONENT            
                                                            END OF HEADER       
[from data line 3003]
     8                                                      START OF TEC MAP    
  2015    10     3    14     0     0                        EPOCH OF CURRENT MAP
    87.5-180.0 180.0   5.0 450.0                            LAT/LON1/LON2/DLON/H
  104  113  113  117  122  123  122  121  122  125  125  126  127  128  128  128
  129  129  128  128  127  126  126  125  123  122  121  120  119  117  116  115
  114  113  112  111  110  109  108  108  107  107  107  107  107  107  108  108
  109  109  110  111  111  112  112  113  113  113  114  114  114  114  114  114
  114  115  112  109  113  107  117  116  104                                   
    85.0-180.0 180.0   5.0 450.0                            LAT/LON1/LON2/DLON/H
  105  110  123  113  115  120  121  123  125  127  127  129  130  131  131  132
  132  132  132  131  131  130  129  128  127  126  124  123  122  121  120  118
  117  116  114  113  112  111  110  109  108  107  107  107  107  107  108  109
  110  110  111  112  113  114  115  115  116  116  116  116  116  116  116  115
  116  116  111  106  105  103  107  106  105                                   
    82.5-180.0 180.0   5.0 450.0                            LAT/LON1/LON2/DLON/H
   88   99  102   97  100  107  110  112  114  117  118  121  122  124  125  126
  126  126  126  126  125  124  123  123  121  120  119  118  117  116  115  114
  112  111  109  107  106  104  102  101  100   99   98   98   98   98   99  100
  101  102  104  105  106  107  108  109  109  110  109  109  108  107  106  106
  106  104   99   97   94   98   90   85   88                                   
    80.0-180.0 180.0   5.0 450.0                            LAT/LON1/LON2/DLON/H
   70   74   79   78   79   82   86   92   95   99  101  105  107  109  111  112
  113  114  114  113  113  112  111  111  110  110  109  109  109  108  107  106
  105  103  100   98   95   93   90   88   86   84   83   82   82   82   83   84
   85   87   89   91   92   94   95   96   96   96   95   94   93   91   89   88
   87   85   81   78   73   75   72   72   70                                   
    77.5-180.0 180.0   5.0 450.0                            LAT/LON1/LON2/DLON/H
   62   61   61   59   61   65   69   74   79   82   85   90   93   97   99  101
  103  104  104  104  104  104  104  104  105  106  107  108  109  110  110  109
  108  106  104  101   97   94   90   87   84   81   79   77   76   75   75   76
   78   79   82   84   86   87   88   89   89   88   87   85   83   80   77   75
   72   69   65   63   61   57   56   60   62                                   
    75.0-180.0 180.0   5.0 450.0                            LAT/LON1/LON2/DLON/H
   51   50   46   46   49   52   54   58   64   68   72   77   81   85   89   91
   94   95   96   96   97   97   99  100  103  106  109  112  115  118  119  119
  118  116  113  110  106  102   97   93   89   85   82   79   77   75   75   75
   76   78   79   82   83   85   86   86   86   85   83   81   78   75   72   69
   66   62   59   54   53   49   48   44   51                                   
    72.5-180.0 180.0   5.0 450.0                            LAT/LON1/LON2/DLON/H
   46   44   40   41   41   44   47   50   54   58   62   68   73   78   82   85
   88   90   91   92   93   94   97  100  104  109  115  120  125  129  131  132
  132  130  127  124  119  115  110  106  101   97   92   88   85   82   80   80
   80   80   82   83   85   86   86   86   85   84   82   79   76   73   70   67
   64   60   57   52   51   48   47   46   46                                   
    70.0-180.0 180.0   5.0 450.0                            LAT/LON1/LON2/DLON/H
   48   46   42   42   41   41   42   44   48   52   56   62   67   72   77   81
   84   87   88   90   92   94   98  103  109  116  124  131  138  143  146  148
  148  146  143  139  135  131  127  122  118  113  108  103   99   94   91   89
   87   87   86   87   87   87   86   86   84   83   80   78   76   73   71   69
   66   63   61   57   55   53   55   54   48                                   
    67.5-180.0 180.0   5.0 450.0                            LAT/LON1/LON2/DLON/H
   50   50   46   46   45   45   44   46   48   51   55   61   66   72   77   82
   86   89   91   93   95   98  102  108  115  123  132  140  147  153  156  158
  157  155  151  148  144  141  137  134  131  126  122  116  111  105  101   97
   94   91   90   88   87   86   84   83   81   79   78   76   75   73   72   71
   70   68   66   61   60   60   61   58   50                                   
    65.0-180.0 180.0   5.0 450.0                            LAT/LON1/LON2/DLON/H
   54   56   52   52   48   48   47   47   49   51   55   60   66   72   78   83
   87   91   93   95   98  102  106  113  120  129  138  147  155  160  164  165
  164  162  158  155  152  150  148  146  144  141  137  131  125  118  112  106
  101   97   94   90   87   84   81   78   76   75   74   73   73   72   73   73
   73   72   71   67   67   68   70   67   54                                   
    62.5-180.0 180.0   5.0 450.0                            LAT/LON1/LON2/DLON/H
   56   59   55   55   52   52   50   49   50   52   55   60   66   72   79   84
   89   93   96   98  101  105  110  116  123  132  140  149  156  162  165  166
  165  162  159  156  154  153  152  153  152  151  147  142  135  127  119  112
  106  100   95   89   84   80   76   72   70   69   68   69   69   70   71   72
   73   72   72   69   68   69   71   69   56                                   
    60.0-180.0 180.0   5.0 450.0                            LAT/LON1/LON2/DLON/H
   57   59   56   56   52   53   51   50   50   51   53   58   64   71   78   84
   90   94   97  100  103  107  112  117  124  131  139  147  154  159  163  164
  163  160  157  155  154  154  155  157  159  158  155  150  143  134  126  117
  110  102   96   89   82   76   72   68   66   65   65   66   68   69   70   71
   72   71   71   67   67   67   69   67   57                                   
    57.5-180.0 180.0   5.0 450.0                            LAT/LON1/LON2/DLON/H
   56   58   55   56   53   54   52   51   50   50   52   56   62   69   77   84
   90   95   99  102  106  110  114  119  125  131  138  144  151  156  160  162
  161  159  157  155  155  157  160  163  166  167  165  160  152  144  134  125
  117  109  101   93   85   78   73   69   68   68   68   70   71   72   73   73
   73   71   70   66   65   64   65   64   56                                   
    55.0-180.0 180.0   5.0 450.0                            LAT/LON1/LON2/DLON/H
   56   57   56   57   55   56   55   53   51   50   51   54   60   68   76   85
   91   97  101  105  109  113  118  122  127  132  137  143  149  154  159  161
  161  160  159  158  159  162  166  171  175  177  175  170  163  154  144  135
  126  118  109  101   93   85   80   76   75   76   78   80   81   81   81   80
   78   75   73   68   65   62   62   62   56                                   
    52.5-180.0 180.0   5.0 450.0                            LAT/LON1/LON2/DLON/H
   60   60   60   60   59   61   60   58   55   53   52   54   59   68   77   86
   94  100  105  110  114  119  124  128  131  135  139  144  149  155  159  162
  163  163  162  163  166  170  175  181  186  188  187  182  175  166  157  147
  139  130  121  112  104   96   91   88   88   90   93   95   96   96   94   92
   88   84   81   74   71   66   65   63   60                                   
    50.0-180.0 180.0   5.0 450.0                            LAT/LON1/LON2/DLON/H
   67   66   67   67   66   69   68   65   62   59   56   57   62   70   80   90
   99  106  112  117  123  128  133  136  139  141  144  148  152  157  161  164
  165  166  167  169  174  179  186  193  198  200  199  195  188  179  170  161
  152  143  134  125  116  109  104  102  103  107  111  114  115  114  111  107
  102   97   93   86   82   76   73   70   67                                   
    47.5-180.0 180.0   5.0 450.0                            LAT/LON1/LON2/DLON/H
   77   76   76   76   74   78   77   75   72   68   64   65   69   77   88   99
  108  116  123  129  135  140  145  148  150  151  153  155  158  161  164  165
  166  168  170  175  181  189  197  204  210  212  211  207  200  192  183  174
  165  155  145  135  126  118  113  113  116  121  127  131  132  131  127  122
  117  112  107  101   97   90   87   82   77                                   
    45.0-180.0 180.0   5.0 450.0                            LAT/LON1/LON2/DLON/H
   87   87   86   86   84   87   87   86   82   79   75   75   79   88   99  111
  122  131  138  144  150  155  158  160  161  162  163  164  165  165  165  165
  165  167  172  179  188  198  207  216  221  223  222  218  211  202  193  183
  173  163  152  140  130  121  117  117  122  130  137  142  145  143  140  135
  129  124  120  115  111  105  102   96   87                                   
    42.5-180.0 180.0   5.0 450.0                            LAT/LON1/LON2/DLON/H
   94   96   93   94   91   94   94   94   92   90   87   88   93  102  114  127
  139  148  156  162  166  170  172  173  173  173  172  172  171  168  166  163
  162  165  172  182  194  207  218  226  231  233  231  226  219  210  200  190
  178  166  153  140  127  118  113  114  120  129  139  145  149  148  145  141
  136  132  128  124  122  118  113  107   94                                   
    40.0-180.0 180.0   5.0 450.0                            LAT/LON1/LON2/DLON/H
   97  100   97   98   95   98   98  100  100  100   99  101  108  118  131  145
  157  167  175  181  184  185  184  183  182  181  181  179  176  171  166  162
  161  165  175  188  204  219  231  239  243  242  239  233  225  216  206  194
  181  167  151  136  121  111  105  106  113  123  133  141  145  146  144  140
  136  133  130  127  126  123  118  113   97                                   
    37.5-180.0 180.0   5.0 450.0                            LAT/LON1/LON2/DLON/H
   95   99   96   97   95   97   98  101  103  106  108  113  121  133  148  162
  176  187  194  199  200  198  195  191  189  188  187  186  182  177  171  167
  167  174  186  203  221  238  249  256  257  255  250  242  234  224  212  199
  185  168  151  133  117  105   99   99  105  115  125  133  138  139  137  135
  131  128  125  123  122  120  115  111   95                                   
    35.0-180.0 180.0   5.0 450.0                            LAT/LON1/LON2/DLON/H
   89   95   92   93   91   91   93   97  102  107  112  121  132  146  162  178
  192  204  212  216  215  211  204  198  194  194  194  194  192  188  184  182
  185  195  211  231  251  266  276  280  278  273  265  256  247  236  224  210
  194  176  158  139  122  108  101  100  105  113  122  129  133  134  133  130
  125  121  118  115  114  111  107  103   89                                   
    32.5-180.0 180.0   5.0 450.0                            LAT/LON1/LON2/DLON/H
   83   89   87   87   85   85   87   90   96  104  112  124  138  155  172  189
  204  217  226  230  228  221  212  205  201  201  204  207  208  208  207  210
  218  232  252  274  293  306  313  313  307  298  288  278  267  256  243  229
  213  195  176  157  140  126  117  114  117  123  130  134  137  137  135  132
  125  119  113  108  105  102   97   93   83                                   
    30.0-180.0 180.0   5.0 450.0                            LAT/LON1/LON2/DLON/H
   80   86   86   84   81   79   81   84   90   98  108  123  140  159  178  196
  212  227  237  241  239  231  221  214  211  213  219  225  231  236  242  251
  265  285  308  330  347  356  358  353  344  332  320  308  296  284  272  258
  242  226  208  191  174  160  150  146  146  149  152  154  154  152  149  144
  136  126  117  108  103   96   92   87   80                                   
    27.5-180.0 180.0   5.0 450.0                            LAT/LON1/LON2/DLON/H
   82   88   89   85   82   79   80   80   85   92  103  119  138  158  179  198
  216  231  243  249  247  240  232  226  224  229  238  249  261  273  287  305
  326  350  374  394  406  410  407  398  386  372  358  345  333  321  309  296
  283  269  254  239  224  210  200  193  190  189  188  186  183  180  175  169
  157  145  131  118  110   99   94   87   82                                   
    25.0-180.0 180.0   5.0 450.0                            LAT/LON1/LON2/DLON/H
   91   97   97   92   88   85   84   82   83   88   98  114  134  156  177  196
  215  232  245  253  253  249  244  241  242  249  261  277  296  317  340  366
  394  420  442  457  463  461  452  441  427  412  398  385  373  362  351  340
  329  318  307  295  282  269  257  248  242  238  233  227  221  215  209  201
  188  173  155  138  126  112  104   95   91                                   
    22.5-180.0 180.0   5.0 450.0                            LAT/LON1/LON2/DLON/H
  104  109  109  104   99   96   93   88   86   88   95  110  130  152  173  193
  213  231  245  254  258  258  257  257  262  272  288  309  335  364  395  427
  456  481  497  505  504  497  486  474  461  448  435  423  411  400  390  381
  372  364  356  346  335  322  310  300  292  285  277  269  260  252  245  236
  221  205  184  165  149  131  120  109  104                                   
    20.0-180.0 180.0   5.0 450.0                            LAT/LON1/LON2/DLON/H
  118  122  122  116  112  108  105   98   92   91   96  109  128  149  171  191
  211  229  245  256  263  267  270  274  283  296  316  342  373  407  442  475
  502  520  529  529  524  514  504  494  484  473  462  451  440  429  419  410
  402  396  389  381  370  359  347  337  328  319  310  301  291  282  273  264
  250  233  211  192  174  154  140  127  118                                   
    17.5-180.0 180.0   5.0 450.0                            LAT/LON1/LON2/DLON/H
  132  134  133  127  122  119  116  107  100   96   98  110  128  149  171  191
  211  230  246  258  267  275  282  291  303  320  343  372  405  441  475  504
  525  536  538  533  525  516  508  501  495  488  478  467  455  443  432  422
  414  407  400  392  383  372  361  351  343  335  326  317  307  297  289  280
  267  253  231  214  195  174  158  145  132                                   
    15.0-180.0 180.0   5.0 450.0                            LAT/LON1/LON2/DLON/H
  141  142  138  133  127  125  123  114  106  101  102  113  131  152  174  195
  216  235  251  263  273  283  293  306  322  342  367  397  430  462  492  515
  529  534  532  525  517  510  506  503  500  494  485  474  460  446  432  421
  411  402  393  384  375  364  354  345  338  331  324  315  306  297  290  282
  271  259  241  226  208  187  172  159  141                                   
    12.5-180.0 180.0   5.0 450.0                            LAT/LON1/LON2/DLON/H
  147  146  140  135  127  125  124  117  109  105  106  117  135  157  179  202
  223  242  258  270  280  291  304  320  339  362  388  416  446  474  498  514
  523  524  520  513  507  504  503  504  502  497  487  473  457  440  425  411
  399  387  377  366  356  346  336  328  321  315  309  302  294  286  279  272
  263  254  240  228  212  194  178  167  147                                   
    10.0-180.0 180.0   5.0 450.0                            LAT/LON1/LON2/DLON/H
  152  148  141  134  126  122  121  115  108  105  108  120  139  162  186  210
  232  252  267  278  288  299  314  332  354  378  404  431  457  481  499  510
  514  514  510  506  504  505  507  508  506  499  486  470  451  433  417  401
  386  372  360  348  337  327  318  310  304  298  293  287  280  272  264  257
  249  242  231  223  210  194  179  168  152                                   
     7.5-180.0 180.0   5.0 450.0                            LAT/LON1/LON2/DLON/H
  156  151  143  135  125  119  117  111  105  104  109  122  143  167  193  218
  241  262  277  288  297  308  324  344  368  393  418  442  465  484  498  506
