data/edconvlstm_nd/pred1800.15i
     1.0            IONOSPHERE MAPS     GNSS                IONEX VERSION / TYPE
pyspatialgeodesy        IME             05-JAN-18 20:20     PGM / RUN BY / DATE 
Map Name                                                    COMMENT             
Predicted global ionosphere maps (GIM).                     DESCRIPTION         
  2015     6    29     0     0     0                        EPOCH OF FIRST MAP  
  2015     6    30     0     0     0                        EPOCH OF LAST MAP   
  7200                                                      INTERVAL            
    13                                                      # OF MAPS IN FILE   
  NONE                                                      MAPPING FUNCTION    
10.0                                                        ELEVATION CUTOFF    
One-way carrier phase leveled to code                       OBSERVABLES USED    
  6371.0                                                    BASE RADIUS         
 2                                                          MAP DIMENSION       
   450.0 450.0   0.0                                        HGT1 / HGT2 / DHGT  
    87.5 -87.5  -2.5                                        LAT1 / LAT2 / DLAT  
  -180.0 180.0   5.0                                        LON1 / LON2 / DLON  
    -1                                                      EXPONENT            
                                                            END OF HEADER       
[from data line 858]
     3                                                      START OF TEC MAP    
  2015     6    29     4     0     0                        EPOCH OF CURRENT MAP
    87.5-180.0 180.0   5.0 450.0                            LAT/LON1/LON2/DLON/H
  125  128  128  131  131  128  125  122  122  122  121  121  120  120  119  118
  118  117  116  115  115  114  113  112  112  111  110  110  109  109  109  108
  108  108  108  108  108  108  109  109  109  110  110  111  111  112  112  113
  114  114  115  115  116  116  117  117  118  118  118  119  119  119  119  120
  121  123  122  122  127  128  131  126  125                                   
    85.0-180.0 180.0   5.0 450.0                            LAT/LON1/LON2/DLON/H
  128  141  134  138  140  138  137  135  135  134  133  133  132  131  131  130
  129  128  127  126  125  123  122  121  120  120  119  118  118  117  117  117
  117  116  116  117  117  117  117  117  118  118  119  119  120  120  121  122
  123  124  124  125  126  127  127  128  129  129  130  130  131  131  131  133
  135  137  134  136  133  134  136  129  128                                   
    82.5-180.0 180.0   5.0 450.0                            LAT/LON1/LON2/DLON/H
  139  146  149  143  143  143  142  141  140  140  138  138  137  135  134  133
  132  131  129  128  127  125  124  123  121  120  119  118  118  117  117  117
  117  117  117  117  117  117  118  118  118  119  119  120  121  122  123  124
  125  126  127  128  129  130  131  132  133  133  134  135  136  136  137  139
  140  141  139  141  145  137  134  127  139                                   
    80.0-180.0 180.0   5.0 450.0                            LAT/LON1/LON2/DLON/H
  147  151  144  141  142  142  143  142  141  139  137  136  135  133  132  131
  129  128  127  125  124  122  120  119  117  116  114  113  112  112  111  111
  112  112  112  113  113  114  115  115  116  116  117  118  119  120  121  123
  124  126  127  128  130  131  132  133  133  134  135  136  137  138  138  140
  141  142  141  143  149  145  147  133  147                                   
    77.5-180.0 180.0   5.0 450.0                            LAT/LON1/LON2/DLON/H
  148  151  145  144  141  142  144  143  141  139  136  135  133  131  129  128
  126  125  124  122  121  120  118  116  114  112  111  109  108  108  108  109
  109  110  111  113  114  115  116  117  117  118  119  120  122  123  125  127
  129  131  132  134  135  136  137  137  138  138  139  139  140  140  141  143
  144  145  142  146  150  143  144  137  148                                   
    75.0-180.0 180.0   5.0 450.0                            LAT/LON1/LON2/DLON/H
  142  148  140  141  138  140  140  138  136  134  130  128  125  122  120  119
  117  116  116  115  114  113  111  109  107  104  102  101  100   99  100  101
  102  104  106  107  109  111  112  113  114  115  116  118  120  122  124  127
  129  131  133  135  136  136  137  137  137  137  137  137  137  138  139  141
  141  142  140  139  142  139  140  136  142                                   
    72.5-180.0 180.0   5.0 450.0                            LAT/LON1/LON2/DLON/H
  136  145  139  139  138  139  140  138  136  133  129  126  122  119  116  114
  113  112  112  112  112  111  110  108  105  102  100   98   97   97   98   99
  102  104  107  110  112  114  116  118  119  121  122  124  127  129  132  135
  138  141  142  143  144  144  143  143  142  141  140  140  140  140  141  143
  143  144  143  142  142  137  136  133  136                                   
    70.0-180.0 180.0   5.0 450.0                            LAT/LON1/LON2/DLON/H
  136  141  136  136  135  136  137  135  133  129  124  121  116  112  109  106
  105  104  105  106  106  106  105  103  100   96   93   91   90   90   92   95
   98  102  105  109  112  114  116  118  120  122  125  127  130  134  137  140
  143  145  147  147  147  146  145  143  142  140  139  139  138  138  139  141
  141  141  141  140  140  136  136  133  136                                   
    67.5-180.0 180.0   5.0 450.0                            LAT/LON1/LON2/DLON/H
  131  138  133  133  131  132  133  131  129  125  120  116  111  105  101   98
   96   96   96   98   99   99   98   96   93   89   86   84   83   84   86   89
   93   97  101  105  108  111  114  116  119  122  125  128  132  136  140  143
  146  147  148  147  146  144  142  140  138  137  136  135  135  134  134  136
  136  137  137  136  136  132  133  131  131                                   
    65.0-180.0 180.0   5.0 450.0                            LAT/LON1/LON2/DLON/H
  131  137  132  132  130  130  131  130  128  123  118  114  108  102   97   93
   90   90   90   92   93   94   93   91   87   83   80   78   78   79   82   86
   90   94   99  103  106  109  113  116  120  123  128  132  137  141  145  148
  150  150  150  148  146  143  141  139  137  136  135  135  134  134  134  135
  135  135  135  135  136  133  134  133  131                                   
    62.5-180.0 180.0   5.0 450.0                            LAT/LON1/LON2/DLON/H
  133  140  135  135  132  132  132  130  128  124  119  115  109  102   96   91
   87   86   86   87   89   89   88   86   82   78   76   74   75   77   81   85
   89   93   97  100  104  108  112  116  121  126  131  137  143  147  151  154
  155  154  152  149  146  143  140  139  138  137  137  137  136  136  136  136
  136  136  136  136  137  135  137  137  133                                   
    60.0-180.0 180.0   5.0 450.0                            LAT/LON1/LON2/DLON/H
  137  145  140  139  135  134  134  131  129  125  120  116  110  103   97   90
   86   83   82   83   84   84   82   80   76   73   71   71   73   76   80   84
   88   91   94   97  101  105  110  115  121  128  135  142  148  154  157  159
  159  157  154  150  146  143  141  140  140  140  141  141  140  140  139  139
  139  139  138  139  140  139  141  141  137                                   
    57.5-180.0 180.0   5.0 450.0                            LAT/LON1/LON2/DLON/H
  145  151  147  145  140  139  138  134  131  126  122  118  113  106   99   92
   86   82   80   80   80   79   78   75   72   69   68   69   72   77   81   85
   88   91   93   96   99  103  109  115  123  131  140  148  155  161  165  166
  165  162  158  154  149  146  144  144  144  145  147  147  147  146  145  145
  144  144  143  143  145  144  147  148  145                                   
    55.0-180.0 180.0   5.0 450.0                            LAT/LON1/LON2/DLON/H
  152  158  154  153  146  144  142  137  133  128  123  120  115  109  102   95
   88   83   80   78   77   76   74   72   69   67   68   70   74   79   84   87
   90   91   93   95   98  103  109  116  125  134  144  153  162  168  172  173
  172  169  165  160  156  152  150  150  151  152  153  154  153  152  151  150
  150  149  149  149  151  150  153  154  152                                   
    52.5-180.0 180.0   5.0 450.0                            LAT/LON1/LON2/DLON/H
  160  165  162  160  154  150  147  142  137  131  125  122  118  112  106   98
   91   85   81   78   77   76   74   72   70   69   70   74   79   84   88   91
   92   93   94   96  100  104  111  118  127  137  148  158  168  175  180  182
  181  179  175  171  166  162  159  158  159  160  161  161  160  158  156  156
  155  155  155  155  157  156  158  160  160                                   
    50.0-180.0 180.0   5.0 450.0                            LAT/LON1/LON2/DLON/H
  167  172  169  167  161  157  154  148  142  135  129  125  121  115  109  102
   94   88   83   81   79   78   77   76   75   75   77   81   86   91   94   96
   97   97   98  101  104  109  115  122  131  141  152  163  174  182  188  192
  193  192  189  185  180  176  172  170  168  168  168  167  165  163  162  161
  161  161  161  161  163  162  164  165  167                                   
    47.5-180.0 180.0   5.0 450.0                            LAT/LON1/LON2/DLON/H
  174  178  176  175  169  165  162  155  149  141  134  129  124  119  113  106
   99   92   88   85   84   84   83   83   84   85   88   92   96   99  101  102
  103  103  105  107  111  115  121  127  135  145  156  168  179  190  198  203
  206  207  206  203  198  193  187  183  179  177  175  173  170  168  166  167
  167  167  168  168  169  168  170  171  174                                   
    45.0-180.0 180.0   5.0 450.0                            LAT/LON1/LON2/DLON/H
  181  185  183  182  178  175  171  165  158  149  141  136  130  124  118  111
  104   97   93   91   90   91   92   94   96   98  101  104  107  109  109  109
  109  110  112  116  119  123  128  133  140  149  160  173  185  197  207  215
  221  224  224  222  218  211  204  197  191  187  183  179  176  173  172  172
  173  174  175  176  177  175  177  177  181                                   
    42.5-180.0 180.0   5.0 450.0                            LAT/LON1/LON2/DLON/H
  190  194  193  191  189  186  183  177  169  160  151  144  137  131  124  117
  109  103   99   97   97   99  102  105  109  112  115  118  118  118  117  116
  116  118  121  124  128  132  135  140  146  154  165  178  191  205  216  226
  234  239  241  240  236  229  221  212  205  198  193  188  184  181  179  181
  182  184  185  186  187  185  187  187  190                                   
    40.0-180.0 180.0   5.0 450.0                            LAT/LON1/LON2/DLON/H
  204  208  206  203  202  199  197  191  184  173  163  155  147  139  131  123
  115  109  105  103  104  107  111  116  121  126  129  130  129  127  124  123
  123  125  128  132  136  139  142  146  151  160  171  184  198  212  225  236
  246  252  256  256  252  245  237  228  220  212  206  200  195  192  191  193
  194  196  198  198  200  198  201  200  204                                   
    37.5-180.0 180.0   5.0 450.0                            LAT/LON1/LON2/DLON/H
  222  227  224  220  219  216  213  208  200  189  177  167  158  148  139  130
  121  115  110  108  109  113  118  125  131  136  139  140  138  134  131  129
  129  131  134  138  142  144  147  151  157  165  176  189  203  217  231  244
  254  261  266  267  265  259  252  244  237  230  223  217  211  208  207  209
  210  213  214  215  217  216  219  218  222                                   
    35.0-180.0 180.0   5.0 450.0                            LAT/LON1/LON2/DLON/H
  246  251  247  241  241  237  233  227  219  207  194  182  170  159  148  137
  127  120  115  113  113  117  124  131  139  145  148  148  145  140  136  133
  133  135  138  141  144  147  150  154  161  170  181  194  207  221  235  247
  258  266  271  274  273  271  266  261  255  249  243  237  231  228  227  229
  230  232  234  235  237  237  241  240  246                                   
    32.5-180.0 180.0   5.0 450.0                            LAT/LON1/LON2/DLON/H
  274  280  275  268  267  262  256  249  240  227  212  197  183  170  157  144
  133  125  119  116  117  121  128  136  145  151  154  154  150  145  140  136
  135  136  138  140  143  145  149  155  163  173  184  196  209  222  235  247
  258  266  272  276  279  280  279  277  274  270  265  259  254  250  249  251
  252  254  256  257  259  259  264  264  274                                   
    30.0-180.0 180.0   5.0 450.0                            LAT/LON1/LON2/DLON/H
  303  310  305  299  296  290  283  274  263  247  230  214  197  181  166  152
  139  129  122  119  120  124  132  141  150  156  159  158  154  148  143  138
  135  134  134  135  137  140  145  152  161  172  184  196  208  220  232  243
  253  262  269  275  281  286  290  292  292  291  287  282  276  273  272  274
  275  277  278  279  280  282  286  288  303                                   
    27.5-180.0 180.0   5.0 450.0                            LAT/LON1/LON2/DLON/H
  329  339  335  329  327  319  310  299  286  269  250  231  212  193  176  160
  146  134  126  122  124  129  138  148  156  162  163  161  156  150  143  136
  132  129  127  127  128  131  137  145  156  168  180  191  202  213  225  236
  246  255  264  273  283  291  299  304  308  308  306  301  297  294  293  295
  296  298  299  299  300  302  306  309  329                                   
    25.0-180.0 180.0   5.0 450.0                            LAT/LON1/LON2/DLON/H
  349  362  359  356  355  348  337  325  310  290  268  247  227  206  187  170
  154  141  131  127  129  136  146  156  164  167  167  163  156  148  140  132
  125  120  117  115  116  119  126  135  146  159  171  183  193  204  215  227
  238  249  260  271  284  296  306  314  320  322  321  317  313  311  312  315
  316  317  318  318  317  318  322  326  349                                   
    22.5-180.0 180.0   5.0 450.0                            LAT/LON1/LON2/DLON/H
  362  377  376  377  377  371  361  347  331  309  286  264  242  221  200  181
  164  149  138  134  137  146  157  166  171  172  168  162  153  144  134  124
  116  109  105  102  103  107  113  122  133  146  159  171  182  194  206  219
  232  244  258  272  287  300  312  322  328  331  331  329  327  326  328  332
  333  334  335  334  331  331  334  338  362                                   
    20.0-180.0 180.0   5.0 450.0                            LAT/LON1/LON2/DLON/H
  367  383  385  388  391  386  377  364  347  325  302  279  257  236  215  195
  176  160  148  144  147  157  168  176  178  175  167  157  146  135  124  113
  104   97   92   90   90   94   99  108  118  131  145  158  171  184  198  212
  228  243  259  275  291  306  318  327  333  337  338  337  337  338  342  346
  349  350  350  348  343  340  343  347  367                                   
    17.5-180.0 180.0   5.0 450.0                            LAT/LON1/LON2/DLON/H
  366  382  385  390  395  392  385  373  357  336  313  291  270  250  230  210
  191  173  161  156  159  169  179  184  183  175  163  149  136  123  111  101
   91   84   80   78   78   81   86   93  103  117  131  146  161  176  192  209
  227  245  263  280  297  311  322  330  337  341  343  345  346  349  354  360
  363  364  364  360  353  349  351  353  366                                   
    15.0-180.0 180.0   5.0 450.0                            LAT/LON1/LON2/DLON/H
  364  377  381  384  390  388  383  373  359  339  318  298  280  262  244  225
  206  188  174  169  171  179  187  188  182  170  154  137  122  109   98   88
   79   73   69   67   68   70   74   80   90  103  119  137  154  171  189  208
  228  249  269  287  303  317  327  334  340  345  349  352  356  361  367  373
  376  377  377  372  364  358  359  359  364                                   
    12.5-180.0 180.0   5.0 450.0                            LAT/LON1/LON2/DLON/H
  364  372  375  375  379  377  374  365  353  335  317  301  285  270  255  238
  220  202  188  181  181  186  190  187  176  160  141  123  107   95   84   76
   69   63   60   58   59   60   63   68   78   92  111  130  150  169  188  208
  230  252  274  293  309  322  331  337  343  350  356  361  367  373  380  386
  389  390  389  384  375  368  369  367  364                                   
    10.0-180.0 180.0   5.0 450.0                            LAT/LON1/LON2/DLON/H
  368  371  370  365  367  364  360  352  341  326  310  297  285  272  259  245
  229  212  198  190  188  188  187  179  164  144  124  107   92   82   73   66
   61   56   53   52   51   52   54   59   69   85  105  127  148  168  187  208
  231  254  277  297  313  325  334  341  348  356  364  371  378  385  391  397
  399  400  399  394  386  379  380  377  368                                   
     7.5-180.0 180.0   5.0 450.0                            LAT/LON1/LON2/DLON/H
  376  374  370  360  357  352  346  338  327  313  299  288  278  268  257  245
  231  216  203  194  188  185  178  165  147  126  107   91   80   72   66   61
