data/edconvlstm_nd/pred2360.15i
     1.0            IONOSPHERE MAPS     GNSS                IONEX VERSION / TYPE
pyspatialgeodesy        IME             05-JAN-18 20:20     PGM / RUN BY / DATE 
Map Name                                                    COMMENT             
Predicted global ionosphere maps (GIM).                     DESCRIPTION         
  2015     8    24     0     0     0                        EPOCH OF FIRST MAP  
  2015     8    25     0     0     0                        EPOCH OF LAST MAP   
  7200                                                      INTERVAL            
    13                                                      # OF MAPS IN FILE   
  NONE                                                      MAPPING FUNCTION    
10.0                                                        ELEVATION CUTOFF    
One-way carrier phase leveled to code                       OBSERVABLES USED    
  6371.0                                                    BASE RADIUS         
 2                                                          MAP DIMENSION       
   450.0 450.0   0.0                                        HGT1 / HGT2 / DHGT  
    87.5 -87.5  -2.5                                        LAT1 / LAT2 / DLAT  
  -180.0 180.0   5.0                                        LON1 / LON2 / DLON  
    -1                                                      EXPONENT            
                                                            END OF HEADER       
[from data line 4719]
    12                                                      START OF TEC MAP    
  2015     8    24    22     0     0                        EPOCH OF CURRENT MAP
    87.5-180.0 180.0   5.0 450.0                            LAT/LON1/LON2/DLON/H
  124  113   99  105  108  105  105  104  104  106  106  107  107  108  108  109
  109  109  109  109  108  108  107  106  105  104  103  102  101   99   98   97
   96   95   95   94   93   93   92   92   91   91   91   90   90   90   90   89
   89   89   88   88   88   88   88   88   87   87   88   88   88   88   89   89
   89   90   89   89  101  100  116  122  124                                   
    85.0-180.0 180.0   5.0 450.0                            LAT/LON1/LON2/DLON/H
  124  119  123  113  112  116  116  118  119  121  121  122  123  124  124  125
  125  125  124  124  123  122  121  120  118  117  115  113  111  109  108  106
  105  104  103  102  101  100  100  100   99   99   99   98   98   98   97   97
   97   96   96   95   95   95   95   95   95   95   95   95   96   96   97   97
   98   99   98   97  103  103  107  105  124                                   
    82.5-180.0 180.0   5.0 450.0                            LAT/LON1/LON2/DLON/H
  104  108  110  105  108  112  116  116  117  119  120  122  122  123  124  125
  125  125  125  124  123  122  121  119  116  114  111  108  105  103  100   98
   96   95   94   93   92   92   92   92   91   91   91   91   91   90   90   90
   89   89   88   88   87   87   87   86   86   87   87   87   88   88   89   89
   90   90   90   95  101  113  106  106  104                                   
    80.0-180.0 180.0   5.0 450.0                            LAT/LON1/LON2/DLON/H
   94  101  108  104  107  108  115  119  121  124  126  128  129  130  131  131
  132  132  131  130  129  128  125  123  119  115  111  107  103   99   96   93
   91   89   88   87   87   87   87   87   87   87   87   87   87   86   86   85
   85   84   83   83   82   82   81   81   81   81   81   82   83   84   85   86
   88   89   89   92   94   99   97  105   94                                   
    77.5-180.0 180.0   5.0 450.0                            LAT/LON1/LON2/DLON/H
  102  101  110  106  112  115  121  124  127  129  130  133  133  134  135  135
  135  135  135  135  134  132  130  127  123  118  112  107  101   97   92   89
   87   85   84   84   84   85   85   86   86   86   86   86   86   85   85   84
   83   83   82   81   81   80   79   79   79   79   80   80   81   82   84   85
   86   88   90   93   98   99  102  115  102                                   
    75.0-180.0 180.0   5.0 450.0                            LAT/LON1/LON2/DLON/H
  101  102  106  103  110  115  121  124  129  133  134  135  135  135  135  135
  135  135  135  135  135  133  131  128  124  118  112  106  100   94   89   86
   83   82   82   82   82   83   84   84   85   85   84   84   83   83   82   82
   81   80   80   79   78   78   77   77   77   77   78   79   80   81   83   85
   87   90   92   91   94   94   96   99  101                                   
    72.5-180.0 180.0   5.0 450.0                            LAT/LON1/LON2/DLON/H
  100   99  103  107  110  115  122  125  128  131  132  132  131  130  129  127
  127  127  127  128  128  128  127  124  119  113  106   99   91   85   80   76
   74   73   73   74   75   76   76   77   76   76   75   75   74   74   73   73
   73   72   72   72   72   71   71   71   71   72   73   74   75   76   79   81
   82   85   87   86   87   90   93  102  100                                   
    70.0-180.0 180.0   5.0 450.0                            LAT/LON1/LON2/DLON/H
   99   97   99  102  105  110  116  121  125  128  129  129  126  124  121  118
  116  116  117  118  120  120  120  118  114  108  101   93   86   80   74   71
   69   69   69   70   71   71   71   70   69   68   66   65   65   64   64   64
   64   64   64   64   65   65   65   65   66   67   68   69   71   73   76   78
   80   82   85   85   87   89   94  100   99                                   
    67.5-180.0 180.0   5.0 450.0                            LAT/LON1/LON2/DLON/H
  100   98   99  103  106  111  118  123  126  129  129  128  125  121  116  113
  111  110  111  113  115  117  117  115  111  106   99   91   84   77   72   69
   67   66   66   67   67   67   66   64   62   60   58   57   56   56   57   57
   58   58   59   59   60   60   61   62   63   65   66   68   70   72   75   78
   80   82   84   83   84   88   90   97  100                                   
    65.0-180.0 180.0   5.0 450.0                            LAT/LON1/LON2/DLON/H
   99   98   99  102  103  108  114  118  123  126  126  125  121  117  111  107
  104  103  104  106  109  111  112  111  108  103   97   90   83   77   72   68
   66   65   65   65   64   63   60   57   54   51   49   48   48   48   49   49
   50   51   51   52   53   54   55   57   58   60   63   66   68   71   74   77
   79   82   84   85   86   90   94  101   99                                   
    62.5-180.0 180.0   5.0 450.0                            LAT/LON1/LON2/DLON/H
  102  101  102  104  105  109  113  117  121  124  125  124  121  116  111  107
  104  103  104  106  108  110  111  110  107  103   98   92   86   80   75   71
   68   66   65   64   62   60   56   52   49   45   43   42   42   43   43   44
   44   45   45   46   47   48   50   52   55   58   61   65   69   72   76   78
   80   82   84   85   87   91   95  101  102                                   
    60.0-180.0 180.0   5.0 450.0                            LAT/LON1/LON2/DLON/H
  107  107  108  109  108  109  113  116  119  122  123  123  121  118  114  111
  108  107  107  109  110  111  111  110  107  104  101   97   92   87   82   77
   73   70   67   65   63   60   56   51   47   44   42   41   41   42   42   42
   42   42   42   42   43   44   47   50   53   57   61   66   71   75   79   82
   83   85   87   88   90   96  102  107  107                                   
    57.5-180.0 180.0   5.0 450.0                            LAT/LON1/LON2/DLON/H
  113  115  116  116  114  114  115  117  119  121  122  123  123  122  120  118
  116  115  115  115  115  115  113  112  109  107  105  103  100   96   91   85
   80   75   71   68   66   62   59   54   50   47   45   44   44   45   45   44
   43   42   41   40   41   43   45   49   53   58   63   69   75   80   84   87
   88   90   91   91   94  100  107  113  113                                   
    55.0-180.0 180.0   5.0 450.0                            LAT/LON1/LON2/DLON/H
  122  124  127  125  122  121  120  120  120  121  123  124  126  126  127  126
  126  125  124  123  122  119  117  114  112  111  111  110  109  106  100   94
   87   81   76   73   71   68   65   61   58   55   53   52   52   51   50   49
   46   44   43   42   42   44   47   50   55   61   67   74   80   86   91   94
   95   96   97   96   99  105  112  119  122                                   
    52.5-180.0 180.0   5.0 450.0                            LAT/LON1/LON2/DLON/H
  129  133  137  135  132  130  128  126  124  124  124  127  129  131  133  134
  135  134  133  131  128  124  119  116  114  114  115  117  117  114  108  101
   93   86   81   79   77   76   74   71   68   66   64   63   62   60   58   55
   52   49   47   46   47   48   51   54   59   65   72   79   86   92   98  101
  101  102  102  101  103  109  116  124  129                                   
    50.0-180.0 180.0   5.0 450.0                            LAT/LON1/LON2/DLON/H
  136  141  146  145  142  141  138  135  132  131  130  131  134  137  140  142
  142  142  140  137  133  127  122  118  116  117  119  122  123  120  115  107
   98   91   87   86   86   86   85   84   81   79   77   75   73   71   68   64
   60   57   55   54   54   55   58   61   65   71   78   85   93   99  104  107
  108  109  108  107  108  113  120  127  136                                   
    47.5-180.0 180.0   5.0 450.0                            LAT/LON1/LON2/DLON/H
  141  147  153  153  152  152  150  147  143  141  139  140  142  144  147  149
  149  148  145  142  137  131  125  121  120  121  124  126  127  125  119  111
  103   97   94   93   95   96   97   96   94   92   89   87   84   81   78   74
   70   68   66   65   65   65   67   69   73   78   85   92   99  105  110  113
  114  115  116  113  114  117  122  131  141                                   
    45.0-180.0 180.0   5.0 450.0                            LAT/LON1/LON2/DLON/H
  146  151  158  160  161  163  162  161  158  155  152  152  153  155  156  156
  155  153  150  146  141  135  130  126  125  126  129  131  131  128  122  115
  108  103  101  102  104  106  107  107  105  103  101   98   95   92   88   84
   81   79   78   77   77   77   78   79   82   86   92   98  104  110  115  120
  121  124  124  122  122  123  127  135  146                                   
    42.5-180.0 180.0   5.0 450.0                            LAT/LON1/LON2/DLON/H
  151  156  163  167  170  174  175  176  173  172  169  168  168  168  167  166
  163  159  155  151  146  141  137  134  133  134  135  136  135  132  126  120
  114  110  109  110  113  115  116  116  114  113  110  108  105  101   98   95
   93   91   90   89   88   88   88   88   90   93   98  104  110  115  121  126
  130  134  136  133  133  132  134  142  151                                   
    40.0-180.0 180.0   5.0 450.0                            LAT/LON1/LON2/DLON/H
  159  164  170  175  179  184  188  190  190  189  187  186  185  184  181  177
  172  167  162  157  153  149  146  144  144  144  145  144  141  137  132  126
  121  118  117  118  120  121  122  122  121  119  118  116  113  110  107  105
  103  102  100   99   97   96   95   95   96   99  103  108  114  121  127  134
  140  146  150  149  147  146  146  154  159                                   
    37.5-180.0 180.0   5.0 450.0                            LAT/LON1/LON2/DLON/H
  171  175  182  186  191  196  201  204  205  206  205  205  204  201  197  191
  184  177  170  165  160  157  156  156  156  157  157  154  150  145  140  135
  130  128  126  126  126  126  125  125  124  124  123  122  120  117  114  112
  111  109  107  105  102  100   98   98   98  101  105  111  118  126  134  144
  152  161  167  167  166  164  164  170  171                                   
    35.0-180.0 180.0   5.0 450.0                            LAT/LON1/LON2/DLON/H
  188  192  199  201  205  210  214  218  221  223  223  223  222  220  214  207
  197  188  180  173  168  166  166  168  170  172  171  167  162  156  150  145
  141  138  135  133  130  128  126  125  125  126  126  126  124  122  119  116
  115  112  109  105  102   99   97   96   97  100  105  112  121  131  142  154
  165  177  187  188  187  185  185  191  188                                   
    32.5-180.0 180.0   5.0 450.0                            LAT/LON1/LON2/DLON/H
  209  213  220  220  223  227  231  234  237  239  241  241  241  238  232  223
  212  200  190  181  176  174  176  180  184  187  186  182  176  170  163  157
  152  147  143  138  133  129  126  125  125  126  127  127  126  123  120  117
  114  111  106  101   97   94   92   91   92   95  102  111  123  136  150  165
  179  194  206  210  209  208  208  215  209                                   
    30.0-180.0 180.0   5.0 450.0                            LAT/LON1/LON2/DLON/H
  233  238  246  243  246  248  250  252  255  258  259  261  260  256  250  239
  227  213  200  189  183  182  185  191  197  201  201  197  191  183  176  169
  162  155  149  142  135  129  125  124  124  125  126  126  124  120  116  113
  109  105   99   94   89   86   84   84   85   89   97  109  124  141  158  176
  192  210  224  230  229  230  231  239  233                                   
    27.5-180.0 180.0   5.0 450.0                            LAT/LON1/LON2/DLON/H
  258  262  271  268  271  273  275  275  278  280  282  282  281  277  269  258
  243  226  211  198  190  189  193  201  209  214  214  211  204  196  187  178
  170  161  153  144  137  130  126  123  122  122  122  121  118  114  109  105
  101   96   91   85   81   78   77   78   79   84   93  107  125  145  166  186
  203  222  238  246  246  248  250  260  258                                   
    25.0-180.0 180.0   5.0 450.0                            LAT/LON1/LON2/DLON/H
  280  283  294  292  298  301  302  303  305  308  309  309  307  302  292  279
  262  243  224  209  200  199  203  212  221  226  226  223  215  206  196  185
  174  164  155  147  139  133  128  124  121  119  117  114  110  105  100   96
   92   88   83   78   75   73   73   73   75   80   90  107  127  150  172  194
  211  231  247  256  257  260  263  277  280                                   
    22.5-180.0 180.0   5.0 450.0                            LAT/LON1/LON2/DLON/H
  298  300  313  314  323  328  332  334  337  340  341  341  338  331  320  305
  285  264  242  225  215  213  217  226  234  238  237  232  224  213  201  188
  177  166  157  150  144  138  133  127  122  116  111  106  101   96   91   87
   84   81   77   74   71   71   71   72   74   79   90  108  130  154  177  199
  216  235  250  261  263  267  271  288  298                                   
    20.0-180.0 180.0   5.0 450.0                            LAT/LON1/LON2/DLON/H
  309  311  325  331  344  353  361  366  371  376  378  378  374  367  355  338
  316  292  268  249  237  234  237  244  249  251  248  240  230  218  204  190
  178  168  161  156  152  146  140  132  124  115  107  101   95   89   85   81
   79   77   75   72   71   71   72   73   75   81   92  110  133  157  181  201
  217  235  249  260  264  269  273  295  309                                   
    17.5-180.0 180.0   5.0 450.0                            LAT/LON1/LON2/DLON/H
  316  318  333  342  360  373  385  394  404  411  415  417  414  407  394  377
  354  328  303  282  268  263  264  267  269  266  258  248  235  221  207  192
  181  173  168  165  162  157  150  139  128  116  106   98   92   86   82   79
   78   77   75   74   73   73   75   76   79   85   96  114  136  159  182  201
  215  232  245  257  262  268  274  299  316                                   
    15.0-180.0 180.0   5.0 450.0                            LAT/LON1/LON2/DLON/H
  321  323  339  350  370  387  403  416  430  441  448  452  452  446  436  419
  397  371  345  323  308  300  297  295  291  282  270  256  241  225  211  197
  187  181  178  177  174  169  159  147  134  120  109  101   94   88   84   81
   80   79   78   76   75   76   77   79   83   89  100  117  138  160  181  199
  212  228  240  253  259  268  276  303  321                                   
    12.5-180.0 180.0   5.0 450.0                            LAT/LON1/LON2/DLON/H
  326  331  345  356  376  394  413  429  446  461  472  480  483  481  473  460
  440  416  391  369  352  340  332  324  314  299  282  264  248  232  218  205
  196  192  191  190  186  179  168  155  140  127  116  108  101   95   89   86
   83   82   80   78   77   77   79   81   85   92  103  118  138  158  178  196
  209  225  237  250  259  271  282  309  326                                   
    10.0-180.0 180.0   5.0 450.0                            LAT/LON1/LON2/DLON/H
  335  343  357  365  383  399  417  434  453  470  484  495  501  504  500  491
  476  457  434  413  394  378  365  351  335  315  294  274  257  242  228  217
  209  205  203  201  195  185  173  159  146  134  124  117  111  104   97   91
   87   84   82   79   77   77   78   81   85   92  103  117  135  155  174  192
  207  224  237  252  263  278  293  319  335                                   
     7.5-180.0 180.0   5.0 450.0                            LAT/LON1/LON2/DLON/H
  350  362  375  379  393  405  420  434  451  468  483  496  505  511  513  509
  499  484  466  446  426  407  389  371  350  328  305  285  267  253  241  231
