data/edconvlstm_nd/pred3240.15i
     1.0            IONOSPHERE MAPS     GNSS                IONEX VERSION / TYPE
pyspatialgeodesy        IME             05-JAN-18 20:20     PGM / RUN BY / DATE 
Map Name                                                    COMMENT             
Predicted global ionosphere maps (GIM).                     DESCRIPTION         
  2015    11    20     0     0     0                        EPOCH OF FIRST MAP  
  2015    11    21     0     0     0                        EPOCH OF LAST MAP   
  7200                                                      INTERVAL            
    13                                                      # OF MAPS IN FILE   
  NONE                                                      MAPPING FUNCTION    
10.0                                                        ELEVATION CUTOFF    
One-way carrier phase leveled to code                       OBSERVABLES USED    
  6371.0                                                    BASE RADIUS         
 2                                                          MAP DIMENSION       
   450.0 450.0   0.0                                        HGT1 / HGT2 / DHGT  
    87.5 -87.5  -2.5                                        LAT1 / LAT2 / DLAT  
  -180.0 180.0   5.0                                        LON1 / LON2 / DLON  
    -1                                                      EXPONENT            
                                                            END OF HEADER       
[from data line 4290]
    11                                                      START OF TEC MAP    
  2015    11    20    20     0     0                        EPOCH OF CURRENT MAP
    87.5-180.0 180.0   5.0 450.0                            LAT/LON1/LON2/DLON/H
   71   68   60   63   69   65   64   61   62   64   64   65   66   68   69   70
   71   72   73   73   74   74   74   74   74   74   74   74   74   74   73   73
   73   73   73   72   72   72   72   71   71   71   71   71   70   70   70   70
   69   69   69   68   68   68   67   67   67   66   66   65   65   64   64   63
   62   62   58   54   59   57   75   85   71                                   
    85.0-180.0 180.0   5.0 450.0                            LAT/LON1/LON2/DLON/H
   72   65   71   55   57   61   60   61   62   65   64   66   68   69   71   72
   74   75   76   77   78   78   79   79   79   79   79   79   79   79   79   79
   79   79   79   79   79   78   78   78   78   77   77   76   76   75   75   74
   73   73   72   72   71   70   70   69   69   68   68   67   66   66   65   64
   64   63   58   53   57   58   63   60   72                                   
    82.5-180.0 180.0   5.0 450.0                            LAT/LON1/LON2/DLON/H
   49   51   53   47   52   55   57   57   59   62   63   66   68   70   73   75
   77   79   80   82   82   83   83   83   83   83   83   83   83   83   83   84
   84   83   83   83   82   82   81   80   79   78   77   76   75   74   73   72
   72   71   70   70   69   69   68   68   67   67   66   65   65   64   63   62
   61   59   55   52   56   65   59   59   49                                   
    80.0-180.0 180.0   5.0 450.0                            LAT/LON1/LON2/DLON/H
   34   38   47   41   45   44   50   53   57   60   63   68   71   74   77   80
   82   84   85   86   86   86   85   85   84   83   83   82   82   82   83   83
   83   84   84   84   84   83   82   81   80   79   78   77   76   75   74   73
   73   72   72   71   71   71   70   70   69   68   67   66   65   64   63   61
   60   59   55   53   50   54   46   56   34                                   
    77.5-180.0 180.0   5.0 450.0                            LAT/LON1/LON2/DLON/H
   46   45   48   44   49   51   57   61   66   70   74   80   84   89   93   96
   99  100  101  101  100   98   96   94   92   90   88   87   87   87   87   88
   89   89   90   90   89   88   87   86   84   82   80   78   77   76   75   75
   75   75   75   75   76   76   75   75   74   73   72   71   70   68   67   65
   63   61   60   58   54   52   48   62   46                                   
    75.0-180.0 180.0   5.0 450.0                            LAT/LON1/LON2/DLON/H
   47   47   49   49   55   58   65   70   76   83   88   95  101  106  111  114
  116  117  116  114  111  107  103   99   95   91   88   87   86   86   86   87
   88   89   89   89   89   88   87   85   83   81   79   78   76   75   75   75
   76   76   77   77   77   77   77   76   75   74   73   72   71   70   68   67
   65   65   63   60   55   51   45   50   47                                   
    72.5-180.0 180.0   5.0 450.0                            LAT/LON1/LON2/DLON/H
   57   58   60   65   68   74   82   87   93  100  106  114  120  127  131  135
  136  136  134  130  125  118  111  104   98   92   87   84   82   81   81   82
   83   83   84   84   83   82   81   79   76   74   72   70   69   69   69   70
   71   72   73   73   73   73   72   71   70   69   68   67   66   65   64   63
   61   61   59   56   52   51   48   56   57                                   
    70.0-180.0 180.0   5.0 450.0                            LAT/LON1/LON2/DLON/H
   62   65   70   76   82   89   96  104  112  119  127  135  142  148  153  156
  157  156  153  147  140  131  122  112  103   95   89   84   81   80   79   79
   79   78   78   77   76   75   73   71   69   67   66   65   64   64   65   66
   67   69   69   70   69   68   67   65   64   62   61   61   60   60   60   59
   58   58   58   56   54   53   54   60   62                                   
    67.5-180.0 180.0   5.0 450.0                            LAT/LON1/LON2/DLON/H
   68   74   81   90   98  107  116  125  132  139  146  154  161  167  171  174
  175  173  169  162  154  143  131  120  108   99   91   84   80   77   75   73
   72   70   69   67   65   63   61   59   58   56   55   55   55   56   57   59
   60   62   62   62   61   60   58   56   54   53   52   51   51   51   52   52
   52   51   51   49   49   50   51   58   68                                   
    65.0-180.0 180.0   5.0 450.0                            LAT/LON1/LON2/DLON/H
   67   77   86   98  108  119  129  139  147  155  163  170  177  182  185  188
  188  186  182  176  166  155  142  129  116  104   94   87   81   76   73   69
   66   62   59   55   52   49   47   46   45   45   45   45   46   47   49   50
   52   52   52   51   49   47   45   43   41   40   40   40   41   42   43   44
   44   45   46   46   47   50   53   61   67                                   
    62.5-180.0 180.0   5.0 450.0                            LAT/LON1/LON2/DLON/H
   69   80   90  105  117  130  141  152  160  169  176  183  189  193  196  198
  199  197  193  187  178  166  153  138  124  111  100   91   83   78   72   67
   61   55   49   44   39   36   34   34   34   34   35   37   38   39   41   42
   42   42   41   39   37   35   33   31   30   30   30   31   32   34   35   37
   38   39   40   40   42   46   49   58   69                                   
    60.0-180.0 180.0   5.0 450.0                            LAT/LON1/LON2/DLON/H
   70   83   95  110  123  137  149  161  171  180  188  195  199  203  205  207
  207  206  203  197  189  177  164  149  133  120  107   97   89   82   75   68
   60   52   44   36   31   28   26   26   27   29   30   32   34   35   35   35
   35   33   31   29   27   25   24   23   23   23   24   26   27   29   32   34
   35   37   38   39   41   45   49   60   70                                   
    57.5-180.0 180.0   5.0 450.0                            LAT/LON1/LON2/DLON/H
   75   89  101  117  131  144  158  170  181  191  199  205  209  212  214  215
  216  215  212  207  199  187  174  159  144  130  117  107   98   90   82   73
   64   53   44   35   29   26   25   25   27   30   32   34   35   35   35   34
   32   29   26   24   21   20   20   20   21   22   24   26   28   30   33   36
   38   40   42   43   44   48   52   64   75                                   
    55.0-180.0 180.0   5.0 450.0                            LAT/LON1/LON2/DLON/H
   86  100  114  129  142  155  169  181  193  203  211  216  220  222  223  224
  224  223  220  215  207  196  183  169  154  140  128  117  108  100   91   82
   71   59   49   40   34   31   30   31   33   36   38   40   40   40   38   36
   33   29   26   23   21   21   21   22   25   27   30   32   35   37   40   43
   46   48   51   52   52   57   61   73   86                                   
    52.5-180.0 180.0   5.0 450.0                            LAT/LON1/LON2/DLON/H
  101  116  131  144  157  169  182  195  206  216  223  228  231  232  232  233
  233  231  228  222  214  203  192  179  165  152  139  128  119  110  101   91
   80   68   58   49   44   41   40   42   44   46   48   50   49   48   45   42
   39   35   32   29   27   27   29   31   35   38   41   44   46   48   51   55
   57   61   64   66   66   71   74   85  101                                   
    50.0-180.0 180.0   5.0 450.0                            LAT/LON1/LON2/DLON/H
  120  135  151  162  176  188  200  212  223  232  238  241  242  243  243  243
  243  240  235  228  220  211  201  190  178  165  153  141  130  120  110  100
   88   77   68   60   56   54   54   55   57   58   60   60   59   57   55   52
   48   45   42   40   39   39   42   45   49   53   56   58   59   61   63   66
   69   74   78   81   82   87   91   99  120                                   
    47.5-180.0 180.0   5.0 450.0                            LAT/LON1/LON2/DLON/H
  138  153  170  181  194  207  219  231  240  249  253  255  255  255  255  255
  253  250  243  235  227  219  211  202  192  180  167  153  140  128  116  105
   94   84   76   70   68   67   67   67   68   69   70   70   68   67   64   62
   60   58   56   55   55   55   58   61   65   68   70   71   71   71   73   76
   79   83   89   93   96  102  108  113  138                                   
    45.0-180.0 180.0   5.0 450.0                            LAT/LON1/LON2/DLON/H
  153  167  185  197  211  225  236  248  257  264  267  268  267  267  267  267
  265  260  252  243  235  229  223  217  208  196  181  164  147  131  118  105
   94   86   80   77   76   77   77   77   77   77   76   76   75   74   73   72
   71   71   71   71   71   72   74   77   79   81   82   81   80   79   80   82
   84   88   94  100  105  113  121  127  153                                   
    42.5-180.0 180.0   5.0 450.0                            LAT/LON1/LON2/DLON/H
  160  176  195  208  223  238  249  262  269  277  278  278  277  278  279  279
  277  271  263  254  246  241  238  233  225  211  193  172  150  131  115  101
   91   84   80   80   82   84   85   84   82   81   80   79   79   79   79   80
   81   82   84   85   85   86   87   88   89   90   89   87   85   84   83   84
   85   89   93  100  108  117  128  137  160                                   
    40.0-180.0 180.0   5.0 450.0                            LAT/LON1/LON2/DLON/H
  160  178  198  214  231  246  258  270  277  284  285  285  285  287  290  291
  289  283  275  266  260  256  253  249  239  223  201  175  150  128  110   97
   88   82   81   84   88   91   91   90   86   84   82   81   81   82   83   85
   87   90   92   93   94   95   95   95   95   94   92   90   87   85   84   84
   83   85   89   95  104  116  128  141  160                                   
    37.5-180.0 180.0   5.0 450.0                            LAT/LON1/LON2/DLON/H
  156  176  197  215  234  249  262  274  281  287  288  289  290  294  299  302
  301  296  289  281  275  271  268  262  250  231  205  177  149  127  110   98
   90   86   87   92   97  101  100   97   92   88   85   84   84   85   86   88
   90   93   95   96   97   98   98   97   95   94   91   89   86   84   83   82
   80   81   84   89   97  111  124  141  156                                   
    35.0-180.0 180.0   5.0 450.0                            LAT/LON1/LON2/DLON/H
  151  173  195  214  234  249  263  275  282  288  290  291  294  300  307  312
  312  309  302  296  291  286  281  271  256  235  208  179  153  133  119  110
  105  103  104  109  114  116  115  109  102   96   92   90   89   89   90   91
   92   93   94   95   96   97   97   96   95   93   90   88   85   83   82   81
   78   78   81   85   92  105  119  138  151                                   
    32.5-180.0 180.0   5.0 450.0                            LAT/LON1/LON2/DLON/H
  150  174  196  215  235  248  264  275  284  289  292  294  298  305  313  319
  321  319  315  310  305  299  289  277  259  237  212  188  167  153  144  139
  136  135  136  138  141  141  136  127  118  110  104  101   98   97   95   94
   93   91   90   91   93   95   96   96   95   93   91   89   87   85   84   82
   80   80   82   87   92  106  119  139  150                                   
    30.0-180.0 180.0   5.0 450.0                            LAT/LON1/LON2/DLON/H
  159  184  206  222  240  251  266  277  286  292  296  298  303  311  319  325
  327  326  324  321  315  307  295  279  262  243  223  207  195  189  188  187
  186  184  181  180  177  172  163  151  139  129  121  116  111  107  103   99
   94   90   87   87   90   94   97   98   97   96   94   93   91   90   89   88
   86   87   91   96  101  115  130  147  159                                   
    27.5-180.0 180.0   5.0 450.0                            LAT/LON1/LON2/DLON/H
  177  205  226  238  255  262  275  284  293  298  302  306  311  317  324  329
  331  330  329  327  322  312  298  283  268  255  245  240  239  243  249  253
  252  247  238  229  218  206  192  176  162  151  141  133  126  119  113  106
   98   91   86   86   90   95  100  103  103  102  101  100   99   97   96   96
   95   99  105  113  119  134  150  163  177                                   
    25.0-180.0 180.0   5.0 450.0                            LAT/LON1/LON2/DLON/H
  204  233  255  263  279  284  293  299  306  310  314  316  320  326  331  334
  334  333  332  330  325  314  302  290  283  279  281  287  299  313  326  332
  328  315  297  276  256  237  217  200  184  172  161  150  141  132  123  114
  105   96   90   89   94  102  108  112  112  111  110  109  107  105  104  105
  105  112  120  132  142  159  178  186  204                                   
    22.5-180.0 180.0   5.0 450.0                            LAT/LON1/LON2/DLON/H
  237  264  287  294  310  314  322  324  328  330  331  331  333  336  339  340
  338  336  334  332  326  318  310  306  308  316  330  349  371  392  408  411
  400  376  344  312  282  256  234  216  201  188  176  165  153  143  133  124
  114  104   98   98  103  112  120  124  124  122  119  117  115  112  111  111
  113  123  134  151  165  185  206  211  237                                   
    20.0-180.0 180.0   5.0 450.0                            LAT/LON1/LON2/DLON/H
  270  296  318  328  347  352  358  358  360  359  356  353  351  351  351  349
  345  341  337  334  330  326  326  332  346  366  392  420  447  469  481  475
  450  412  368  325  289  261  239  222  210  198  187  174  162  151  142  133
  125  116  111  111  117  126  134  137  136  132  128  124  121  117  114  115
  118  130  144  165  183  206  230  238  270                                   
    17.5-180.0 180.0   5.0 450.0                            LAT/LON1/LON2/DLON/H
  298  324  347  361  384  391  399  399  399  396  390  383  377  372  368  363
  356  349  344  341  339  341  350  368  394  426  459  490  515  530  529  508
  469  418  365  317  280  252  234  222  212  204  193  180  168  157  149  143
  137  131  127  128  133  141  148  149  146  140  134  129  124  120  116  116
  119  133  148  172  194  221  248  262  298                                   
    15.0-180.0 180.0   5.0 450.0                            LAT/LON1/LON2/DLON/H
  318  345  370  389  418  428  439  441  442  438  430  419  409  401  393  384
  374  365  358  354  354  363  383  413  452  490  524  549  562  562  545  509
  458  399  342  295  261  239  226  219  214  208  198  186  174  164  157  154
  151  147  145  145  150  156  160  160  154  146  138  132  126  121  117  116
  118  133  150  174  199  229  259  280  318                                   
    12.5-180.0 180.0   5.0 450.0                            LAT/LON1/LON2/DLON/H
  329  358  388  410  444  458  475  480  484  481  472  461  448  436  425  414
  402  390  381  375  379  394  423  465  510  549  575  586  583  566  534  486
  427  367  313  272  245  230  224  223  221  217  208  196  184  175  169  167
  166  164  162  162  164  168  169  167  159  149  140  132  127  122  118  116
  118  132  149  173  198  232  265  291  329                                   
    10.0-180.0 180.0   5.0 450.0                            LAT/LON1/LON2/DLON/H
  332  365  399  423  460  481  503  512  520  520  513  502  489  476  464  451
  438  424  413  407  412  432  468  516  562  594  606  599  579  548  505  452
  392  336  290  258  240  233  234  236  237  233  225  215  203  194  188  185
  184  181  178  176  175  176  175  171  162  150  140  132  127  123  119  117
  118  131  149  171  197  233  268  295  332                                   
     7.5-180.0 180.0   5.0 450.0                            LAT/LON1/LON2/DLON/H
  332  368  405  429  469  494  521  535  547  552  549  540  528  516  504  493
  480  466  454  447  452  474  514  560  600  619  614  592  559  519  473  420
