data/edconvlstm_nd/pred0090.15i
     1.0            IONOSPHERE MAPS     GNSS                IONEX VERSION / TYPE
pyspatialgeodesy        IME             05-JAN-18 20:20     PGM / RUN BY / DATE 
Map Name                                                    COMMENT             
Predicted global ionosphere maps (GIM).                     DESCRIPTION         
  2015     1     9     0     0     0                        EPOCH OF FIRST MAP  
  2015     1    10     0     0     0                        EPOCH OF LAST MAP   
  7200                                                      INTERVAL            
    13                                                      # OF MAPS IN FILE   
  NONE                                                      MAPPING FUNCTION    
10.0                                                        ELEVATION CUTOFF    
One-way carrier phase leveled to code                       OBSERVABLES USED    
  6371.0                                                    BASE RADIUS         
 2                                                          MAP DIMENSION       
   450.0 450.0   0.0                                        HGT1 / HGT2 / DHGT  
    87.5 -87.5  -2.5                                        LAT1 / LAT2 / DLAT  
  -180.0 180.0   5.0                                        LON1 / LON2 / DLON  
    -1                                                      EXPONENT            
                                                            END OF HEADER       
[from data line 2574]
     7                                                      START OF TEC MAP    
  2015     1     9    12     0     0                        EPOCH OF CURRENT MAP
    87.5-180.0 180.0   5.0 450.0                            LAT/LON1/LON2/DLON/H
   69   80   81   84   87   87   86   82   83   85   84   84   84   84   84   83
   83   82   82   82   81   80   80   79   79   78   77   76   76   75   74   74
   73   73   72   72   71   70   70   70   69   69   68   68   68   68   68   69
   69   69   70   70   71   72   72   73   74   75   75   76   77   78   78   79
   80   81   79   76   80   80   92   90   69                                   
    85.0-180.0 180.0   5.0 450.0                            LAT/LON1/LON2/DLON/H
   75   88   99   84   85   88   87   87   87   89   88   88   87   87   87   86
   86   86   86   86   85   85   85   84   84   83   83   82   81   81   80   79
   78   78   77   76   76   75   75   74   73   73   72   71   71   70   70   70
   70   70   71   72   72   73   75   76   77   79   80   82   83   84   85   86
   88   88   84   80   81   84   93   92   75                                   
    82.5-180.0 180.0   5.0 450.0                            LAT/LON1/LON2/DLON/H
   72   83   91   82   81   84   84   85   85   85   85   85   84   84   84   83
   83   83   83   83   83   83   83   83   82   82   81   80   80   79   78   78
   77   76   76   75   75   74   73   72   71   70   69   67   66   65   64   63
   63   63   63   64   65   66   67   69   71   73   75   77   79   81   82   84
   85   86   82   78   81   88   85   83   72                                   
    80.0-180.0 180.0   5.0 450.0                            LAT/LON1/LON2/DLON/H
   68   73   82   75   74   72   73   74   75   75   74   74   73   72   72   72
   72   73   74   75   76   76   77   78   78   79   79   79   79   79   79   79
   79   79   79   79   78   78   77   76   74   72   70   68   65   63   61   59
   58   57   57   57   58   59   61   63   66   69   72   74   76   78   80   81
   82   82   80   78   77   82   83   82   68                                   
    77.5-180.0 180.0   5.0 450.0                            LAT/LON1/LON2/DLON/H
   69   69   70   65   64   64   65   65   66   65   64   64   63   63   62   63
   63   64   66   68   70   72   75   76   78   79   81   82   82   83   84   86
   87   89   90   91   92   92   91   90   88   85   81   78   74   70   66   63
   60   58   57   57   57   58   60   63   66   69   72   75   77   79   80   81
   81   80   77   75   72   69   71   70   69                                   
    75.0-180.0 180.0   5.0 450.0                            LAT/LON1/LON2/DLON/H
   54   58   57   56   55   56   56   56   56   55   54   53   51   50   50   50
   51   53   55   59   62   66   70   73   76   79   81   83   85   87   90   92
   95   99  102  105  107  109  109  107  105  102   97   92   87   81   76   71
   67   64   61   60   59   60   62   64   67   71   74   77   79   80   81   81
   80   77   74   68   67   63   63   55   54                                   
    72.5-180.0 180.0   5.0 450.0                            LAT/LON1/LON2/DLON/H
   50   54   53   53   53   56   57   56   55   54   52   50   48   46   45   45
   46   48   51   55   60   65   71   76   80   84   87   90   92   96   99  103
  108  114  119  124  128  131  132  131  128  124  118  112  106   99   92   86
   80   75   71   67   66   65   66   68   70   73   76   79   81   81   82   81
   79   76   73   66   63   60   59   55   50                                   
    70.0-180.0 180.0   5.0 450.0                            LAT/LON1/LON2/DLON/H
   48   53   54   55   55   56   56   57   56   55   52   49   46   43   41   40
   41   43   47   52   58   65   72   78   84   89   94   98  101  105  110  116
  123  130  137  144  150  154  156  155  152  148  142  135  128  120  112  105
   97   90   84   79   75   72   72   72   74   76   79   81   82   83   83   82
   80   76   73   66   62   60   62   58   48                                   
    67.5-180.0 180.0   5.0 450.0                            LAT/LON1/LON2/DLON/H
   49   56   56   58   58   61   62   62   61   59   56   53   49   46   43   41
   41   42   46   51   58   66   74   81   88   95  100  105  110  115  121  128
  137  146  155  164  170  175  177  176  173  168  162  155  148  140  132  124
  115  106   97   89   83   78   76   75   75   76   78   79   80   80   80   80
   78   74   71   64   61   60   61   57   49                                   
    65.0-180.0 180.0   5.0 450.0                            LAT/LON1/LON2/DLON/H
   51   59   59   62   62   65   66   66   66   64   61   58   53   50   46   44
   43   44   48   53   60   68   76   85   93  101  107  114  120  127  136  145
  155  166  177  186  194  198  200  199  195  190  184  177  170  162  154  145
  134  123  111  100   91   84   78   76   75   75   75   76   77   77   77   77
   76   73   71   65   63   64   65   64   51                                   
    62.5-180.0 180.0   5.0 450.0                            LAT/LON1/LON2/DLON/H
   52   62   61   64   64   68   68   69   68   67   64   62   58   55   51   49
   48   48   51   55   61   68   76   85   94  103  111  120  129  139  149  161
  174  186  198  208  215  219  220  218  213  207  201  194  187  180  171  161
  148  135  120  106   93   83   76   71   69   68   68   69   69   69   69   70
   70   68   68   63   62   63   65   65   52                                   
    60.0-180.0 180.0   5.0 450.0                            LAT/LON1/LON2/DLON/H
   53   61   61   62   61   65   64   65   66   65   64   63   60   57   55   53
   52   52   53   55   60   65   73   81   91  102  113  124  136  149  163  177
  192  206  218  228  235  238  238  234  229  222  215  208  201  193  184  172
  158  142  125  107   92   79   70   64   60   59   58   58   58   59   59   60
   61   60   61   58   59   60   62   64   53                                   
    57.5-180.0 180.0   5.0 450.0                            LAT/LON1/LON2/DLON/H
   52   59   58   59   57   60   59   60   61   62   62   62   61   59   58   57
   56   56   56   56   59   63   69   77   88  100  114  129  145  161  178  195
  211  226  239  249  255  257  256  252  245  237  229  222  215  207  197  184
  168  150  130  110   92   77   66   59   55   53   52   51   51   51   51   53
   54   55   57   54   56   57   59   62   52                                   
    55.0-180.0 180.0   5.0 450.0                            LAT/LON1/LON2/DLON/H
   51   56   55   55   53   54   53   54   55   56   57   58   59   59   59   59
   59   58   57   57   57   59   65   73   84   99  115  134  153  173  193  212
  229  245  258  268  274  276  274  269  261  253  244  236  228  218  208  194
  177  157  136  115   96   79   67   59   54   51   49   48   47   47   47   49
   50   51   54   52   55   55   57   60   51                                   
    52.5-180.0 180.0   5.0 450.0                            LAT/LON1/LON2/DLON/H
   51   55   54   54   51   51   49   49   51   52   53   55   56   57   58   59
   60   60   58   57   56   57   62   70   83   99  119  141  163  185  207  227
  246  262  275  286  292  294  292  287  278  269  259  249  240  229  217  203
  186  166  145  124  104   87   74   65   59   55   52   50   48   47   47   49
   50   52   55   54   57   56   58   60   51                                   
    50.0-180.0 180.0   5.0 450.0                            LAT/LON1/LON2/DLON/H
   54   58   57   56   53   53   51   49   50   50   51   52   53   54   56   58
   59   60   59   57   56   57   62   71   85  104  126  149  173  197  219  240
  259  276  290  300  308  311  309  304  295  284  273  262  250  239  226  211
  195  176  157  136  117  100   86   76   69   64   60   56   54   52   52   53
   55   57   60   59   63   62   63   64   54                                   
    47.5-180.0 180.0   5.0 450.0                            LAT/LON1/LON2/DLON/H
   60   65   63   63   61   61   58   55   54   53   53   52   52   53   54   56
   58   59   59   59   58   60   65   76   92  113  136  161  185  208  230  250
  268  284  298  310  319  323  323  319  310  298  285  272  259  245  232  217
  202  186  168  150  132  115  100   89   80   74   68   64   61   59   58   60
   61   64   68   67   71   71   72   70   60                                   
    45.0-180.0 180.0   5.0 450.0                            LAT/LON1/LON2/DLON/H
   68   74   73   73   72   73   70   66   63   61   58   56   54   53   54   55
   57   59   60   61   62   65   72   85  104  126  151  175  198  219  238  255
  270  285  299  312  323  331  333  330  322  310  296  281  265  251  236  222
  208  194  179  162  145  127  112   99   89   81   75   69   66   64   64   66
   69   72   75   76   80   81   82   79   68                                   
    42.5-180.0 180.0   5.0 450.0                            LAT/LON1/LON2/DLON/H
   76   83   83   84   85   87   84   80   76   72   67   64   60   57   55   56
   58   60   63   65   67   73   83   98  119  143  168  191  211  229  243  257
  269  281  295  310  324  335  340  339  332  320  306  289  273  256  241  227
  214  201  187  171  153  135  118  104   92   83   76   70   67   66   67   70
   74   77   81   82   88   90   91   87   76                                   
    40.0-180.0 180.0   5.0 450.0                            LAT/LON1/LON2/DLON/H
   81   89   91   94   97   99   97   93   89   84   78   73   68   63   60   59
   60   63   66   70   74   82   95  114  137  162  186  207  224  238  249  258
  268  280  294  311  328  342  350  351  345  334  319  303  285  268  251  235
  221  208  194  178  158  139  120  104   91   81   73   68   65   65   67   71
   75   79   83   85   91   94   95   92   81                                   
    37.5-180.0 180.0   5.0 450.0                            LAT/LON1/LON2/DLON/H
   85   92   94   98  104  108  107  104  100   94   89   83   77   71   67   64
   65   68   71   76   83   93  109  130  155  181  204  223  238  248  257  265
  274  286  303  322  342  358  368  371  366  356  343  327  309  290  271  252
  236  220  203  184  163  140  120  103   89   78   69   64   62   63   66   72
   76   80   83   85   91   92   94   91   85                                   
    35.0-180.0 180.0   5.0 450.0                            LAT/LON1/LON2/DLON/H
   86   91   93   99  105  110  112  110  106  102   97   92   86   79   74   71
   71   74   78   84   92  105  123  146  172  198  221  239  252  262  270  280
  292  307  327  349  371  388  399  402  399  391  380  366  348  328  305  283
  261  241  219  196  171  146  124  106   91   80   71   65   64   66   70   76
   80   82   85   85   89   88   90   89   86                                   
    32.5-180.0 180.0   5.0 450.0                            LAT/LON1/LON2/DLON/H
   89   90   89   96  103  108  110  110  108  105  101   98   92   86   81   78
   78   81   85   92  102  116  136  160  187  212  235  253  268  280  292  306
  323  344  369  393  415  433  443  447  446  441  433  421  404  381  354  327
  299  272  245  216  188  160  137  119  104   93   84   78   77   79   84   90
   92   93   94   91   92   87   89   86   89                                   
    30.0-180.0 180.0   5.0 450.0                            LAT/LON1/LON2/DLON/H
   94   92   87   93   99  103  105  105  105  103  102  100   96   91   86   83
   84   87   92  100  111  127  148  172  198  224  247  267  285  303  321  342
  367  394  423  450  472  489  499  503  504  503  499  490  473  448  417  383
  349  316  282  249  217  188  165  147  133  121  112  106  105  108  113  118
  118  117  114  106  103   94   95   89   94                                   
    27.5-180.0 180.0   5.0 450.0                            LAT/LON1/LON2/DLON/H
  105   99   89   94   98   98  100   99   99   99   98   97   95   91   88   86
   87   92   98  108  120  137  158  182  207  232  257  281  305  330  356  385
  417  452  485  513  534  549  558  564  568  572  572  566  550  523  488  450
  410  370  332  294  260  232  209  192  178  166  156  150  149  152  157  160
  158  154  145  133  125  112  110   98  105                                   
    25.0-180.0 180.0   5.0 450.0                            LAT/LON1/LON2/DLON/H
  124  115  100  102  103   99   98   95   94   93   93   92   91   88   86   86
   89   94  103  115  129  148  168  191  214  239  266  296  327  359  393  429
  467  506  541  570  591  605  614  622  629  637  642  638  623  596  560  518
  475  432  390  351  317  289  267  251  238  226  216  209  207  209  213  214
  210  201  186  169  155  140  134  115  124                                   
    22.5-180.0 180.0   5.0 450.0                            LAT/LON1/LON2/DLON/H
  150  139  121  118  115  105  101   95   92   90   88   87   85   82   81   83
   87   95  106  121  138  158  179  199  222  247  277  312  348  387  426  466
  507  548  584  612  633  646  656  666  677  689  697  696  682  656  621  581
  538  495  453  414  380  353  334  318  306  293  282  274  271  271  274  273
  266  255  233  213  193  175  164  139  150                                   
    20.0-180.0 180.0   5.0 450.0                            LAT/LON1/LON2/DLON/H
  182  172  152  141  133  117  109  100   94   89   86   83   80   78   77   79
   85   95  109  127  147  169  190  210  232  258  291  329  370  411  453  494
  535  574  609  636  656  669  680  692  706  719  728  728  716  692  662  627
  590  552  513  476  444  418  399  384  371  359  346  336  330  328  329  326
  318  306  280  258  232  214  199  168  182                                   
    17.5-180.0 180.0   5.0 450.0                            LAT/LON1/LON2/DLON/H
  214  209  189  169  155  134  122  108   99   91   86   82   78   75   75   77
   84   95  112  133  157  181  203  223  245  273  308  348  390  432  473  512
  550  586  617  643  661  674  686  699  713  726  734  733  722  703  680  654
  627  598  565  532  501  476  456  440  426  412  399  386  377  371  369  364
  355  343  317  297  269  250  233  198  214                                   
    15.0-180.0 180.0   5.0 450.0                            LAT/LON1/LON2/DLON/H
  242  242  225  197  178  152  136  118  106   96   89   84   80   77   76   78
   85   97  116  141  169  196  219  240  263  292  328  367  408  448  485  520
  554  585  612  635  653  667  679  691  704  714  719  716  705  692  678  664
  648  629  603  575  545  519  497  478  461  447  432  418  405  394  387  378
  369  358  336  319  294  277  260  225  242                                   
    12.5-180.0 180.0   5.0 450.0                            LAT/LON1/LON2/DLON/H
  259  266  253  221  197  168  150  130  115  103   94   89   84   82   80   82
   89  102  123  151  182  211  236  259  283  312  348  386  423  458  491  521
  549  576  600  621  639  653  666  678  687  693  693  686  677  668  663  660
  654  643  625  599  571  543  517  494  476  459  444  428  412  396  384  370
  359  349  332  321  303  290  275  244  259                                   
    10.0-180.0 180.0   5.0 450.0                            LAT/LON1/LON2/DLON/H
  263  276  267  233  209  180  161  141  124  110  100   94   91   88   87   88
   95  108  130  161  195  227  254  277  302  332  367  402  435  465  492  517
  541  564  586  607  626  642  656  666  671  671  665  656  647  643  644  648
  649  644  628  605  576  546  517  491  470  453  437  420  401  381  364  347
  333  323  311  306  294  288  277  252  263                                   
     7.5-180.0 180.0   5.0 450.0                            LAT/LON1/LON2/DLON/H
  255  270  264  232  211  184  168  149  132  118  106  100   96   95   94   95
  101  115  139  172  208  242  270  294  319  349  383  416  445  470  492  513
