data/edconvlstm_nd/pred3330.15i
     1.0            IONOSPHERE MAPS     GNSS                IONEX VERSION / TYPE
pyspatialgeodesy        IME             05-JAN-18 20:20     PGM / RUN BY / DATE 
Map Name                                                    COMMENT             
Predicted global ionosphere maps (GIM).                     DESCRIPTION         
  2015    11    29     0     0     0                        EPOCH OF FIRST MAP  
  2015    11    30     0     0     0                        EPOCH OF LAST MAP   
  7200                                                      INTERVAL            
    13                                                      # OF MAPS IN FILE   
  NONE                                                      MAPPING FUNCTION    
10.0                                                        ELEVATION CUTOFF    
One-way carrier phase leveled to code                       OBSERVABLES USED    
  6371.0                                                    BASE RADIUS         
 2                                                          MAP DIMENSION       
   450.0 450.0   0.0                                        HGT1 / HGT2 / DHGT  
    87.5 -87.5  -2.5                                        LAT1 / LAT2 / DLAT  
  -180.0 180.0   5.0                                        LON1 / LON2 / DLON  
    -1                                                      EXPONENT            
                                                            END OF HEADER       
[from data line 429]
     2                                                      START OF TEC MAP    
  2015    11    29     2     0     0                        EPOCH OF CURRENT MAP
    87.5-180.0 180.0   5.0 450.0                            LAT/LON1/LON2/DLON/H
   66   73   71   72   70   71   68   65   66   66   65   65   64   64   63   62
   61   60   59   58   57   55   54   53   52   51   50   49   48   47   46   46
   45   45   45   45   45   45   46   46   47   47   48   48   49   49   50   50
   51   52   52   53   53   54   54   55   55   56   56   56   57   57   57   59
   60   61   60   61   62   75   79   69   66                                   
    85.0-180.0 180.0   5.0 450.0                            LAT/LON1/LON2/DLON/H
   64   79   71   76   77   78   77   75   75   75   73   72   71   70   68   66
   64   63   61   59   57   55   53   52   50   49   48   47   46   45   45   45
   45   45   46   46   47   47   48   49   50   51   52   53   53   54   55   55
   56   56   56   57   57   57   58   58   58   59   59   60   60   61   62   63
   65   67   66   70   75   76   86   73   64                                   
    82.5-180.0 180.0   5.0 450.0                            LAT/LON1/LON2/DLON/H
   66   70   90   84   81   83   82   80   82   81   79   78   76   74   72   69
   66   64   61   58   55   53   50   48   46   44   42   40   39   38   38   38
   38   39   40   41   42   43   45   46   47   49   50   51   52   53   54   54
   55   55   55   55   55   56   56   56   56   57   57   58   59   60   61   63
   64   66   66   66   79   70   73   74   66                                   
    80.0-180.0 180.0   5.0 450.0                            LAT/LON1/LON2/DLON/H
   81   81   88   81   81   78   80   80   81   79   77   76   73   71   67   64
   61   58   54   51   49   46   43   41   39   37   36   34   34   33   33   34
   34   36   37   39   41   42   44   46   48   49   50   51   52   52   53   53
   52   52   52   52   51   51   51   51   52   52   52   53   54   55   56   58
   60   60   62   62   79   73   76   78   81                                   
    77.5-180.0 180.0   5.0 450.0                            LAT/LON1/LON2/DLON/H
   83   82   82   80   74   73   76   78   78   77   75   73   71   68   64   61
   57   54   50   47   44   42   39   37   35   34   32   31   31   30   31   31
   33   34   36   38   40   42   44   46   48   49   50   51   51   51   51   51
   50   49   49   48   48   48   48   48   48   48   49   49   50   51   52   54
   55   56   57   60   69   63   66   74   83                                   
    75.0-180.0 180.0   5.0 450.0                            LAT/LON1/LON2/DLON/H
   79   78   81   79   72   72   73   74   76   74   71   70   67   64   60   56
   52   49   46   43   41   40   38   37   36   35   34   33   33   33   34   35
   36   37   39   41   43   45   47   48   50   51   51   51   51   51   50   49
   48   47   47   46   46   46   46   47   47   48   49   50   51   52   54   55
   56   57   58   57   65   64   66   73   79                                   
    72.5-180.0 180.0   5.0 450.0                            LAT/LON1/LON2/DLON/H
   80   80   84   80   75   73   75   76   77   75   73   71   68   64   60   56
   52   49   47   46   45   44   44   43   43   42   42   42   42   42   42   42
   43   44   45   46   48   49   51   52   53   54   54   54   53   52   51   50
   48   47   46   46   46   47   48   50   52   54   56   58   59   61   63   65
   66   67   70   70   76   72   74   80   80                                   
    70.0-180.0 180.0   5.0 450.0                            LAT/LON1/LON2/DLON/H
   92   89   92   87   79   77   78   78   79   76   73   71   67   62   58   54
   51   49   48   47   48   48   49   49   50   50   50   50   50   50   49   49
   48   48   48   48   49   50   51   52   53   54   54   54   53   52   50   49
   47   46   46   46   48   50   53   56   60   63   67   70   72   74   77   80
   81   82   86   86   92   88   90   91   92                                   
    67.5-180.0 180.0   5.0 450.0                            LAT/LON1/LON2/DLON/H
  102   99   98   92   83   79   78   77   77   74   70   67   63   57   52   48
   46   44   44   45   46   48   49   49   50   50   50   50   50   49   48   46
   45   43   42   41   41   42   42   43   44   45   45   45   44   43   41   40
   39   38   38   40   43   47   52   57   63   69   74   78   82   85   87   91
   93   94   99  100  107  104  104  103  102                                   
    65.0-180.0 180.0   5.0 450.0                            LAT/LON1/LON2/DLON/H
  116  110  105   99   88   82   79   78   77   73   69   66   61   55   50   46
   44   43   44   45   46   48   48   48   48   48   48   48   47   46   44   42
   39   37   35   33   33   33   34   35   36   37   37   37   36   35   34   33
   32   32   33   36   40   46   53   62   70   77   84   90   94   98  101  105
  107  108  114  115  123  120  121  119  116                                   
    62.5-180.0 180.0   5.0 450.0                            LAT/LON1/LON2/DLON/H
  129  123  116  109   96   89   84   81   79   75   71   67   62   56   51   47
   46   45   46   47   48   48   48   47   46   45   44   44   44   43   41   39
   35   32   30   28   28   28   30   31   33   34   34   34   34   33   32   31
   30   30   32   35   41   49   59   69   80   89   97  104  109  112  116  120
  122  124  129  129  137  135  137  135  129                                   
    60.0-180.0 180.0   5.0 450.0                            LAT/LON1/LON2/DLON/H
  141  135  127  118  104   95   88   84   81   76   71   67   62   57   53   50
   49   49   49   50   49   48   45   43   41   39   39   39   40   39   38   36
   33   30   28   26   27   28   29   31   33   34   35   35   34   33   32   31
   30   31   33   37   44   53   65   77   89   99  108  115  120  124  127  131
  133  135  139  140  146  145  147  145  141                                   
    57.5-180.0 180.0   5.0 450.0                            LAT/LON1/LON2/DLON/H
  150  144  136  127  113  102   93   87   83   77   71   67   62   58   56   54
   53   53   53   52   49   46   42   38   35   34   35   36   37   38   37   36
   34   32   30   30   31   33   35   37   39   40   40   40   40   39   38   36
   36   36   38   42   50   60   72   85   98  108  117  124  129  133  136  139
  141  143  147  147  153  151  153  151  150                                   
    55.0-180.0 180.0   5.0 450.0                            LAT/LON1/LON2/DLON/H
  157  152  144  135  122  110  100   92   86   77   70   66   62   59   58   57
   58   57   56   53   49   43   38   35   32   32   34   36   38   39   40   39
   38   38   38   39   42   44   47   49   50   51   51   51   50   49   48   46
   45   45   47   51   59   69   81   94  106  116  124  130  135  138  141  145
  147  148  152  151  156  153  155  155  157                                   
    52.5-180.0 180.0   5.0 450.0                            LAT/LON1/LON2/DLON/H
  162  159  152  145  133  121  110  100   91   80   71   65   61   59   59   60
   61   60   58   54   48   43   38   35   35   36   38   41   43   45   46   46
   46   47   50   53   57   61   64   65   66   66   65   65   63   62   61   59
   58   57   59   63   71   81   92  103  114  122  129  134  138  142  145  149
  151  152  155  155  158  154  156  156  162                                   
    50.0-180.0 180.0   5.0 450.0                            LAT/LON1/LON2/DLON/H
  168  165  159  155  145  134  123  111  100   86   74   67   61   59   60   62
   63   62   59   55   50   45   42   42   43   45   48   51   53   54   54   55
   56   59   64   69   75   79   82   84   84   83   81   80   78   77   76   74
   72   72   74   78   85   95  105  114  122  128  133  137  141  145  149  153
  156  157  160  159  161  156  157  158  168                                   
    47.5-180.0 180.0   5.0 450.0                            LAT/LON1/LON2/DLON/H
  172  171  166  165  156  147  138  126  112   96   81   71   64   61   61   63
   63   62   59   55   52   51   51   53   56   60   63   65   66   65   63   63
   65   69   76   83   91   96   99  100   99   97   95   94   92   91   90   88
   87   87   89   94  101  109  117  124  130  134  137  140  144  148  152  158
  161  163  165  164  166  159  161  161  172                                   
    45.0-180.0 180.0   5.0 450.0                            LAT/LON1/LON2/DLON/H
  176  176  171  173  166  159  151  141  127  109   92   79   70   65   64   64
   63   61   59   57   57   59   63   68   73   77   80   80   77   74   70   69
   71   76   84   93  101  107  111  111  110  108  106  104  103  102  101  100
  100  100  103  108  115  123  129  134  137  139  140  143  146  151  157  163
  166  169  171  170  171  165  165  165  176                                   
    42.5-180.0 180.0   5.0 450.0                            LAT/LON1/LON2/DLON/H
  178  178  172  175  170  166  160  152  140  122  104   90   79   72   68   66
   64   62   61   62   65   70   78   85   91   94   95   92   86   79   74   71
   73   79   87   97  106  113  116  116  115  114  112  111  109  109  108  108
  109  110  114  120  127  134  139  142  143  144  145  147  151  156  161  168
  172  175  177  177  178  172  171  170  178                                   
    40.0-180.0 180.0   5.0 450.0                            LAT/LON1/LON2/DLON/H
  178  178  171  172  168  164  161  157  148  133  116  102   90   81   75   71
   67   65   65   69   75   84   93  101  106  107  105   99   91   82   75   72
   74   79   88   98  107  113  116  117  117  116  115  114  113  112  112  113
  114  116  121  128  135  142  147  149  150  150  151  153  157  162  168  174
  179  181  184  185  187  181  179  177  178                                   
    37.5-180.0 180.0   5.0 450.0                            LAT/LON1/LON2/DLON/H
  180  177  167  165  160  156  155  153  148  137  124  113  101   92   84   78
   73   72   74   80   88   98  107  113  115  114  109  101   92   84   78   75
   76   82   89   98  106  111  114  115  116  116  116  115  113  113  113  114
  115  119  124  132  141  148  154  156  158  158  160  162  166  171  176  182
  186  189  192  194  197  192  190  186  180                                   
    35.0-180.0 180.0   5.0 450.0                            LAT/LON1/LON2/DLON/H
  187  180  167  159  150  145  143  143  142  135  127  119  110  101   93   86
   82   81   85   93  103  112  118  120  119  115  109  101   94   88   84   83
   85   89   95  102  107  111  112  114  115  116  116  115  113  111  111  112
  114  119  125  134  144  153  159  164  167  170  172  175  179  183  188  193
  197  199  204  207  211  208  207  201  187                                   
    32.5-180.0 180.0   5.0 450.0                            LAT/LON1/LON2/DLON/H
  203  194  176  160  147  137  132  131  131  127  123  120  115  108  101   95
   92   93   99  108  117  122  124  121  117  111  106  101   98   96   96   98
  101  104  107  110  112  113  114  114  115  116  116  114  111  109  108  109
  112  117  124  134  145  156  165  173  179  184  188  191  194  198  203  208
  212  214  220  225  232  232  233  225  203                                   
    30.0-180.0 180.0   5.0 450.0                            LAT/LON1/LON2/DLON/H
  234  222  200  176  157  141  129  123  122  119  117  117  115  111  106  102
  101  104  112  120  126  127  123  117  111  107  105  105  106  110  115  120
  123  125  125  125  123  120  118  117  117  118  116  113  109  105  104  105
  108  114  123  134  146  159  171  182  191  199  205  209  212  216  222  228
  231  235  243  250  261  265  269  259  234                                   
    27.5-180.0 180.0   5.0 450.0                            LAT/LON1/LON2/DLON/H
  279  269  244  212  189  164  142  127  119  112  111  112  112  110  107  105
  107  112  120  126  128  124  116  109  106  106  109  114  121  130  139  148
  152  152  149  143  136  130  125  122  120  119  116  111  105  101   99  100
  104  111  121  134  148  163  178  192  205  216  223  228  233  237  244  252
  256  261  271  280  295  304  312  302  279                                   
    25.0-180.0 180.0   5.0 450.0                            LAT/LON1/LON2/DLON/H
  337  331  303  269  244  210  175  148  128  114  108  108  108  107  105  105
  109  115  121  123  121  114  106  102  104  110  119  130  141  154  168  178
  183  181  173  162  150  140  132  127  123  120  115  108  101   95   93   94
   99  108  120  136  154  172  190  208  224  237  246  251  256  262  270  279
  286  293  304  314  332  348  359  349  337                                   
    22.5-180.0 180.0   5.0 450.0                            LAT/LON1/LON2/DLON/H
  401  401  373  341  317  278  230  188  153  128  113  107  104  102  101  102
  106  111  114  113  107  101   97   99  108  121  137  151  166  181  196  207
  211  204  191  175  160  147  137  129  123  118  112  104   95   89   86   89
   96  107  123  142  164  186  208  229  247  261  270  276  281  288  298  309
  318  328  340  350  369  389  404  396  401                                   
    20.0-180.0 180.0   5.0 450.0                            LAT/LON1/LON2/DLON/H
  461  468  444  418  396  357  301  245  194  155  129  115  106  101   98   99
  102  104  103   98   92   89   92  103  120  140  160  177  192  207  219  227
  226  215  197  178  161  148  137  128  121  114  107   98   89   83   81   85
   94  108  128  152  178  204  229  252  271  285  295  300  305  313  325  339
  350  361  374  383  402  425  442  438  461                                   
    17.5-180.0 180.0   5.0 450.0                            LAT/LON1/LON2/DLON/H
  507  521  504  486  469  433  376  312  249  197  158  132  116  106  101   99
   99   98   93   86   81   84   94  113  139  165  188  205  216  224  230  231
  224  209  189  170  154  142  132  123  116  110  102   93   84   77   76   82
   94  112  135  164  194  224  251  274  293  307  315  321  327  337  351  366
  379  391  403  412  427  451  470  472  507                                   
    15.0-180.0 180.0   5.0 450.0                            LAT/LON1/LON2/DLON/H
  531  548  542  533  522  493  439  376  309  247  197  161  137  121  111  106
  103   97   88   80   79   87  105  133  165  194  216  228  231  230  227  220
  207  190  171  154  142  133  125  118  112  105   98   89   80   74   74   81
   95  117  144  177  210  243  271  294  311  324  332  338  345  357  372  389
  402  414  425  432  444  465  486  493  531                                   
    12.5-180.0 180.0   5.0 450.0                            LAT/LON1/LON2/DLON/H
  533  551  552  549  545  525  481  426  362  298  243  200  168  146  132  123
  116  105   94   86   88  102  127  161  196  224  239  241  234  223  211  198
  182  166  150  138  130  125  120  114  109  103   96   87   78   73   73   82
   98  123  154  189  225  259  287  309  325  336  344  351  360  373  389  405
  418  428  438  445  452  468  489  501  533                                   
    10.0-180.0 180.0   5.0 450.0                            LAT/LON1/LON2/DLON/H
  520  534  538  537  538  527  496  453  400  342  289  244  208  182  164  152
  140  127  113  106  111  130  162  198  228  246  250  242  226  208  190  174
  158  145  133  126  123  121  118  114  110  104   97   89   80   75   76   85
  104  130  163  200  237  271  298  318  332  342  350  358  369  384  400  416
  428  437  445  450  454  465  485  500  520                                   
     7.5-180.0 180.0   5.0 450.0                            LAT/LON1/LON2/DLON/H
  502  509  510  506  511  506  487  459  420  374  328  287  253  225  206  191
  176  160  146  140  148  172  205  235  253  256  248  232  211  190  171  155
