data/edconvlstm_nd/pred2690.15i
     1.0            IONOSPHERE MAPS     GNSS                IONEX VERSION / TYPE
pyspatialgeodesy        IME             05-JAN-18 20:20     PGM / RUN BY / DATE 
Map Name                                                    COMMENT             
Predicted global ionosphere maps (GIM).                     DESCRIPTION         
  2015     9    26     0     0     0                        EPOCH OF FIRST MAP  
  2015     9    27     0     0     0                        EPOCH OF LAST MAP   
  7200                                                      INTERVAL            
    13                                                      # OF MAPS IN FILE   
  NONE                                                      MAPPING FUNCTION    
10.0                                                        ELEVATION CUTOFF    
One-way carrier phase leveled to code                       OBSERVABLES USED    
  6371.0                                                    BASE RADIUS         
 2                                                          MAP DIMENSION       
   450.0 450.0   0.0                                        HGT1 / HGT2 / DHGT  
    87.5 -87.5  -2.5                                        LAT1 / LAT2 / DLAT  
  -180.0 180.0   5.0                                        LON1 / LON2 / DLON  
    -1                                                      EXPONENT            
                                                            END OF HEADER       
[from data line 4719]
    12                                                      START OF TEC MAP    
  2015     9    26    22     0     0                        EPOCH OF CURRENT MAP
    87.5-180.0 180.0   5.0 450.0                            LAT/LON1/LON2/DLON/H
  124  113   97  103  106  103  102  100  100  103  102  103  104  105  106  106
  107  107  107  107  106  106  105  105  104  103  102  101  101  100   99   99
   98   98   97   97   96   96   96   96   96   96   96   96   96   96   96   96
   96   97   97   97   97   97   97   97   97   96   96   96   96   95   95   94
   94   94   92   92  103  101  116  122  124                                   
    85.0-180.0 180.0   5.0 450.0                            LAT/LON1/LON2/DLON/H
  121  111  113  102  100  104  104  106  107  109  109  111  112  114  115  116
  116  117  117  116  116  115  114  113  112  111  110  109  108  107  107  106
  105  105  104  104  104  103  103  103  103  102  102  102  102  102  102  102
  102  102  102  102  102  102  102  102  102  101  101  101  100  100   99   98
   99   98   95   93   97   97  100  101  121                                   
    82.5-180.0 180.0   5.0 450.0                            LAT/LON1/LON2/DLON/H
   98   94   94   90   92   95   99   99  101  104  106  109  111  114  116  118
  119  119  119  119  118  116  115  113  111  109  107  105  104  102  101  100
   99   98   98   97   96   95   94   93   92   92   91   90   90   90   89   89
   89   89   90   90   90   90   90   90   90   90   89   89   89   88   88   87
   87   85   84   87   91  101   92   95   98                                   
    80.0-180.0 180.0   5.0 450.0                            LAT/LON1/LON2/DLON/H
   82   82   87   84   86   86   93   97  101  105  109  114  118  121  124  127
  128  129  128  127  125  122  119  115  112  108  105  102  100   98   97   96
   95   94   92   91   90   89   87   86   84   83   81   80   80   79   79   79
   79   79   79   80   80   80   80   81   81   81   80   80   80   79   79   79
   79   79   78   80   81   85   80   91   82                                   
    77.5-180.0 180.0   5.0 450.0                            LAT/LON1/LON2/DLON/H
   89   84   89   87   92   94  101  104  109  114  119  125  130  135  139  143
  145  145  145  143  140  136  131  126  121  117  112  109  106  104  102  101
  100   98   96   94   92   89   86   83   80   77   74   72   70   69   68   68
   67   68   68   69   69   70   70   71   71   71   72   72   72   72   73   73
   74   75   76   79   83   85   85  101   89                                   
    75.0-180.0 180.0   5.0 450.0                            LAT/LON1/LON2/DLON/H
   92   91   94   93   98  102  107  111  117  123  128  135  141  146  151  154
  156  157  156  153  149  144  138  132  125  119  114  110  107  105  103  102
  101  100   98   96   92   89   85   81   76   72   69   66   63   61   60   59
   59   59   59   60   60   61   61   62   63   64   64   65   66   68   70   72
   73   77   80   80   83   86   85   90   92                                   
    72.5-180.0 180.0   5.0 450.0                            LAT/LON1/LON2/DLON/H
  102  103  106  111  111  114  119  122  125  130  135  142  147  153  158  161
  163  164  163  160  155  149  142  134  126  119  113  108  104  102  101  100
   99   97   95   92   87   83   77   72   66   62   57   53   50   48   47   46
   45   45   45   46   46   47   47   48   50   51   53   55   57   60   63   66
   69   74   78   80   82   88   91  102  102                                   
    70.0-180.0 180.0   5.0 450.0                            LAT/LON1/LON2/DLON/H
  114  115  118  121  121  123  125  128  132  136  140  145  150  154  158  161
  163  163  163  160  156  150  142  133  124  116  109  103   99   97   95   94
   93   92   89   85   81   75   70   64   59   54   49   46   43   41   39   38
   37   37   36   36   36   36   37   38   40   42   45   48   52   55   60   65
   69   75   82   86   90   97  102  111  114                                   
    67.5-180.0 180.0   5.0 450.0                            LAT/LON1/LON2/DLON/H
  128  130  133  138  138  139  140  142  143  145  148  152  155  158  160  163
  164  165  165  164  160  154  147  137  127  117  109  102   98   94   92   91
   89   87   83   79   73   68   62   56   51   47   43   40   38   37   35   35
   34   33   32   32   31   31   32   34   36   39   43   47   52   57   63   69
   74   80   87   91   94  103  107  116  128                                   
    65.0-180.0 180.0   5.0 450.0                            LAT/LON1/LON2/DLON/H
  134  137  141  146  145  146  146  147  147  148  149  151  152  153  154  156
  157  159  161  161  159  154  147  137  127  116  107   99   94   90   88   86
   83   79   74   69   63   58   52   48   44   41   39   37   35   34   33   32
   31   30   29   28   27   26   27   29   32   36   40   46   52   58   64   71
   76   83   90   96   99  109  114  122  134                                   
    62.5-180.0 180.0   5.0 450.0                            LAT/LON1/LON2/DLON/H
  137  141  146  151  152  153  153  153  151  151  150  150  150  149  149  150
  153  156  159  161  161  157  150  141  130  119  109  101   95   91   88   84
   80   74   68   61   55   49   45   42   39   38   37   36   36   35   35   34
   32   31   29   27   26   25   26   28   32   36   42   48   55   62   69   75
   81   87   93   98  100  109  113  120  137                                   
    60.0-180.0 180.0   5.0 450.0                            LAT/LON1/LON2/DLON/H
  137  141  146  153  154  155  155  154  153  151  149  147  146  144  144  145
  148  152  157  161  162  160  155  146  135  124  114  107  102   97   93   88
   82   74   66   59   52   46   43   41   40   40   40   40   40   40   39   37
   36   33   31   29   27   27   28   30   34   39   46   52   60   67   74   80
   85   91   95   98  100  108  112  119  137                                   
    57.5-180.0 180.0   5.0 450.0                            LAT/LON1/LON2/DLON/H
  134  140  145  153  156  157  158  156  154  151  148  145  143  141  140  142
  146  152  158  163  166  165  160  152  142  132  124  118  113  109  105   98
   90   80   71   62   55   49   47   45   46   47   48   48   48   47   45   43
   41   38   36   34   32   31   32   35   39   45   51   58   65   72   79   86
   91   96  100  101  100  108  111  117  134                                   
    55.0-180.0 180.0   5.0 450.0                            LAT/LON1/LON2/DLON/H
  136  142  149  156  159  161  161  160  156  152  149  145  142  140  140  143
  147  153  160  166  169  169  165  158  150  143  137  133  129  126  121  113
  103   91   80   71   63   59   56   56   56   58   59   59   58   56   53   51
   48   45   43   40   39   38   39   42   46   52   58   64   71   78   86   92
   98  103  106  106  105  111  113  119  136                                   
    52.5-180.0 180.0   5.0 450.0                            LAT/LON1/LON2/DLON/H
  142  148  156  163  166  167  168  165  161  156  151  146  143  142  143  146
  151  157  163  169  172  172  169  165  159  154  151  148  146  143  137  128
  116  104   92   83   76   72   70   70   70   71   72   71   69   66   63   59
   56   54   51   49   48   47   48   51   55   60   65   71   77   84   92  100
  106  113  117  117  114  119  120  126  142                                   
    50.0-180.0 180.0   5.0 450.0                            LAT/LON1/LON2/DLON/H
  154  161  169  174  177  178  177  174  169  162  156  152  149  148  150  153
  158  163  168  172  175  176  174  172  169  166  164  163  161  157  150  139
  126  114  102   94   89   86   85   85   85   85   85   83   80   77   73   69
   66   64   62   60   58   58   59   61   64   68   73   78   84   91   99  108
  116  124  130  132  129  132  133  138  154                                   
    47.5-180.0 180.0   5.0 450.0                            LAT/LON1/LON2/DLON/H
  171  177  185  189  191  191  190  186  180  173  166  161  158  158  160  163
  167  171  174  177  179  180  181  180  179  177  176  174  169  163  153  141
  128  116  107  102   99   98   98   98   98   97   96   94   91   87   83   79
   77   75   73   71   70   69   70   71   74   77   81   85   91   98  107  117
  127  138  146  149  147  150  150  154  171                                   
    45.0-180.0 180.0   5.0 450.0                            LAT/LON1/LON2/DLON/H
  190  194  201  204  205  205  203  199  193  187  180  175  172  172  174  177
  179  181  183  184  186  188  189  190  189  187  184  178  169  158  145  132
  120  111  106  104  105  106  107  107  107  106  105  103  100   96   93   90
   87   86   84   83   81   80   80   81   83   86   89   94   99  107  117  128
  139  151  161  166  166  169  169  172  190                                   
    42.5-180.0 180.0   5.0 450.0                            LAT/LON1/LON2/DLON/H
  206  208  215  216  218  218  216  213  208  203  197  193  191  191  192  193
  194  194  194  196  198  200  202  202  200  196  188  176  162  146  130  117
  107  101  100  103  107  111  113  113  112  112  111  109  107  104  101   99
   97   96   94   92   91   89   88   89   90   93   97  102  109  117  127  139
  150  163  174  181  183  186  188  190  206                                   
    40.0-180.0 180.0   5.0 450.0                            LAT/LON1/LON2/DLON/H
  217  219  225  226  229  229  228  226  223  220  216  213  211  211  212  212
  211  210  210  211  213  215  217  216  211  203  189  171  151  131  114  101
   95   93   96  103  110  115  117  117  116  115  115  114  113  110  108  106
  104  103  101   99   96   94   93   93   95   98  103  109  117  127  138  150
  161  174  185  193  196  199  203  205  217                                   
    37.5-180.0 180.0   5.0 450.0                            LAT/LON1/LON2/DLON/H
  226  228  234  235  238  238  238  239  239  238  236  234  233  233  233  232
  230  228  228  229  231  233  232  229  221  208  189  166  142  120  104   95
   92   95  101  109  117  122  124  122  121  119  119  118  117  115  112  110
  108  106  104  101   98   96   95   95   96  100  106  115  125  136  148  161
  172  184  195  202  205  210  215  218  226                                   
    35.0-180.0 180.0   5.0 450.0                            LAT/LON1/LON2/DLON/H
  233  238  244  245  248  249  250  252  254  256  255  255  254  254  253  251
  249  247  247  249  250  250  247  240  229  212  191  166  141  122  110  105
  107  111  119  126  132  135  134  131  127  125  124  122  120  118  115  112
  109  106  103   99   96   94   93   93   95   99  106  117  129  143  157  171
  182  194  204  210  214  220  226  230  233                                   
    32.5-180.0 180.0   5.0 450.0                            LAT/LON1/LON2/DLON/H
  245  252  261  260  264  264  266  268  271  274  275  275  275  274  273  270
  267  265  266  266  266  263  256  247  234  217  196  174  154  141  135  137
  141  147  152  155  156  154  149  143  137  134  131  128  125  121  116  112
  108  103   99   95   93   91   89   89   91   95  103  115  130  146  163  179
  191  204  215  220  223  231  238  243  245                                   
    30.0-180.0 180.0   5.0 450.0                            LAT/LON1/LON2/DLON/H
  264  275  286  283  288  286  288  288  291  293  294  295  294  293  291  287
  284  282  281  280  277  270  261  250  238  224  208  193  182  178  182  189
  196  200  199  194  186  177  167  157  150  144  140  136  131  124  118  111
  105  100   94   90   88   87   86   85   86   90   99  112  129  147  167  185
  199  214  226  233  236  246  254  260  264                                   
    27.5-180.0 180.0   5.0 450.0                            LAT/LON1/LON2/DLON/H
  291  307  320  315  321  317  317  315  316  316  316  316  315  313  309  305
  300  297  293  289  281  271  260  249  241  234  227  223  224  232  245  258
  265  263  251  234  216  198  183  171  162  156  151  145  138  129  121  112
  104   97   91   87   85   84   83   82   82   85   93  107  125  146  168  189
  206  224  239  249  252  265  276  281  291                                   
    25.0-180.0 180.0   5.0 450.0                            LAT/LON1/LON2/DLON/H
  327  345  361  354  361  356  354  348  347  345  342  340  338  334  330  324
  318  311  304  295  282  269  257  249  247  248  253  261  275  294  315  331
  335  323  298  267  238  213  195  181  172  167  162  155  147  137  126  115
  106   97   90   85   83   82   81   80   79   82   89  103  122  144  168  192
  212  234  253  266  272  288  301  307  327                                   
    22.5-180.0 180.0   5.0 450.0                            LAT/LON1/LON2/DLON/H
  366  386  403  395  404  399  397  388  384  379  374  370  366  361  356  348
  339  329  316  301  284  268  257  254  258  269  283  303  327  355  379  393
  388  363  325  284  247  218  199  186  179  175  171  166  157  145  133  121
  110  100   92   86   83   81   80   79   78   80   86   99  118  142  168  194
  217  243  266  283  292  312  328  334  366                                   
    20.0-180.0 180.0   5.0 450.0                            LAT/LON1/LON2/DLON/H
  403  423  441  435  446  443  441  432  426  419  413  407  401  395  388  379
  367  352  334  313  291  275  267  269  279  296  317  343  371  399  420  425
  408  373  326  279  240  212  195  185  181  180  179  175  167  155  142  129
  116  105   95   87   83   81   79   77   76   78   85   97  116  140  167  195
  220  249  275  297  310  334  353  360  403                                   
    17.5-180.0 180.0   5.0 450.0                            LAT/LON1/LON2/DLON/H
  431  451  470  467  483  483  484  476  471  464  457  450  443  437  429  418
  404  385  361  335  311  294  289  296  311  329  351  374  398  418  427  419
  392  350  302  257  223  200  187  182  181  183  184  183  176  165  151  136
  123  110   98   89   83   79   77   76   76   78   84   97  116  139  167  195
  222  253  281  306  323  350  373  381  431                                   
    15.0-180.0 180.0   5.0 450.0                            LAT/LON1/LON2/DLON/H
  448  468  488  490  510  515  520  516  514  510  504  498  491  484  476  465
  449  427  400  371  345  330  328  337  351  366  379  392  403  408  401  381
  348  306  263  227  202  188  181  180  181  185  188  189  183  172  157  142
  127  114  101   90   82   77   75   74   75   78   85   97  116  140  167  196
  222  255  284  311  331  361  387  397  448                                   
    12.5-180.0 180.0   5.0 450.0                            LAT/LON1/LON2/DLON/H
  455  475  496  501  526  537  547  548  552  552  551  547  541  534  526  516
  500  478  450  419  394  380  379  387  395  399  398  394  388  376  356  327
  292  256  224  201  187  182  181  182  185  188  192  192  187  175  160  145
  130  115  102   90   81   75   73   73   75   79   86   98  117  141  169  197
  223  255  285  312  334  366  395  408  455                                   
    10.0-180.0 180.0   5.0 450.0                            LAT/LON1/LON2/DLON/H
  456  477  498  506  535  550  565  571  580  586  590  590  586  581  574  566
  553  533  506  476  451  438  436  439  436  425  406  384  362  337  308  276
  244  217  198  188  185  188  191  192  193  194  195  193  186  174  158  142
  127  113  100   88   78   72   70   71   74   78   86   98  117  142  170  198
  225  256  286  313  335  369  400  414  456                                   
     7.5-180.0 180.0   5.0 450.0                            LAT/LON1/LON2/DLON/H
  457  479  500  510  539  556  574  584  598  609  618  622  621  618  613  608
  598  582  559  532  509  495  489  483  467  439  404  368  335  303  271  241
