data/edconvlstm_nd/pred2870.15i
     1.0            IONOSPHERE MAPS     GNSS                IONEX VERSION / TYPE
pyspatialgeodesy        IME             05-JAN-18 20:20     PGM / RUN BY / DATE 
Map Name                                                    COMMENT             
Predicted global ionosphere maps (GIM).                     DESCRIPTION         
  2015    10    14     0     0     0                        EPOCH OF FIRST MAP  
  2015    10    15     0     0     0                        EPOCH OF LAST MAP   
  7200                                                      INTERVAL            
    13                                                      # OF MAPS IN FILE   
  NONE                                                      MAPPING FUNCTION    
10.0                                                        ELEVATION CUTOFF    
One-way carrier phase leveled to code                       OBSERVABLES USED    
  6371.0                                                    BASE RADIUS         
 2                                                          MAP DIMENSION       
   450.0 450.0   0.0                                        HGT1 / HGT2 / DHGT  
    87.5 -87.5  -2.5                                        LAT1 / LAT2 / DLAT  
  -180.0 180.0   5.0                                        LON1 / LON2 / DLON  
    -1                                                      EXPONENT            
                                                            END OF HEADER       
[from data line 858]
     3                                                      START OF TEC MAP    
  2015    10    14     4     0     0                        EPOCH OF CURRENT MAP
    87.5-180.0 180.0   5.0 450.0                            LAT/LON1/LON2/DLON/H
   50   57   51   53   53   53   51   48   49   50   51   51   52   52   53   53
   53   53   53   53   52   52   52   51   51   51   50   50   50   50   49   49
   49   49   49   49   49   49   50   50   50   50   50   50   50   50   50   50
   50   50   50   50   50   50   49   49   49   49   48   48   48   47   47   47
   48   48   47   47   51   64   70   60   50                                   
    85.0-180.0 180.0   5.0 450.0                            LAT/LON1/LON2/DLON/H
   41   59   49   51   53   54   53   53   53   54   54   55   55   56   56   56
   56   56   56   55   55   55   54   54   53   53   53   52   52   52   52   53
   53   54   54   55   55   56   56   57   57   57   58   58   58   59   59   59
   59   59   59   59   59   59   58   58   58   58   57   57   56   56   55   55
   56   56   53   56   61   61   73   62   41                                   
    82.5-180.0 180.0   5.0 450.0                            LAT/LON1/LON2/DLON/H
   45   47   58   52   50   52   52   51   52   53   53   55   56   56   57   57
   56   56   55   54   53   52   51   50   49   49   48   48   48   48   48   49
   50   51   52   53   54   55   56   57   58   59   60   61   61   62   62   63
   63   63   63   64   64   64   64   64   63   63   63   62   62   61   60   60
   60   59   57   56   67   57   60   58   45                                   
    80.0-180.0 180.0   5.0 450.0                            LAT/LON1/LON2/DLON/H
   59   56   58   48   50   48   50   49   51   51   51   53   54   55   55   55
   54   54   52   51   50   48   47   45   44   43   43   42   42   43   44   45
   47   48   50   52   53   55   56   57   58   59   60   61   62   62   63   64
   64   65   66   67   67   68   68   68   69   69   68   68   67   67   66   66
   66   64   64   63   74   66   66   63   59                                   
    77.5-180.0 180.0   5.0 450.0                            LAT/LON1/LON2/DLON/H
   69   63   58   49   46   46   47   48   49   50   50   53   54   55   55   55
   54   53   51   49   47   45   42   40   39   37   36   36   36   37   38   39
   41   43   45   47   49   50   52   53   54   55   55   56   57   58   59   61
   62   64   65   67   69   70   71   72   73   73   74   74   73   73   72   72
   72   72   70   72   75   64   64   64   69                                   
    75.0-180.0 180.0   5.0 450.0                            LAT/LON1/LON2/DLON/H
   69   67   61   52   46   46   46   46   47   47   47   49   50   51   52   51
   50   49   47   45   42   40   38   36   34   33   32   32   32   32   34   35
   37   38   40   42   43   44   45   46   46   47   47   48   49   50   52   54
   56   58   60   63   66   68   70   72   74   75   76   76   76   76   77   77
   77   77   78   77   81   73   72   70   69                                   
    72.5-180.0 180.0   5.0 450.0                            LAT/LON1/LON2/DLON/H
   76   73   67   56   51   50   50   48   48   48   48   50   50   51   50   50
   49   47   45   43   41   39   37   35   34   33   32   32   33   33   34   35
   37   38   39   40   41   42   42   42   43   43   44   45   46   48   50   52
   55   58   61   65   68   71   74   77   79   80   81   81   82   82   83   84
   85   86   90   90   93   85   82   80   76                                   
    70.0-180.0 180.0   5.0 450.0                            LAT/LON1/LON2/DLON/H
   86   82   77   64   57   54   52   49   49   48   47   49   49   48   48   47
   46   44   43   41   39   38   37   36   35   35   35   35   36   36   36   37
   37   38   38   38   38   38   38   38   38   39   40   41   43   45   47   50
   54   57   61   66   70   74   77   80   82   84   84   84   84   84   85   87
   88   90   95   97  101   95   95   89   86                                   
    67.5-180.0 180.0   5.0 450.0                            LAT/LON1/LON2/DLON/H
   88   85   79   66   58   54   50   48   46   45   44   44   43   42   41   40
   39   38   37   36   35   35   34   35   35   35   36   36   36   36   36   35
   34   33   33   32   31   31   30   30   30   31   33   35   37   40   43   46
   50   54   58   63   67   72   75   78   80   81   81   81   80   79   79   81
   83   85   92   94  100   97   97   92   88                                   
    65.0-180.0 180.0   5.0 450.0                            LAT/LON1/LON2/DLON/H
   90   87   80   68   59   54   50   47   46   44   42   42   40   39   37   36
   35   34   34   34   34   34   35   35   37   38   39   39   39   38   37   35
   33   31   29   27   26   25   24   24   25   27   29   32   36   39   43   46
   50   54   59   63   68   73   77   80   82   83   82   81   80   78   78   79
   80   81   88   90   97   96   97   94   90                                   
    62.5-180.0 180.0   5.0 450.0                            LAT/LON1/LON2/DLON/H
   90   88   81   69   60   55   51   49   47   45   43   42   40   38   35   34
   33   33   33   33   34   34   35   37   38   40   41   42   41   40   37   34
   31   29   26   24   23   22   21   22   23   26   29   34   38   42   46   50
   54   58   62   67   73   78   82   86   88   88   88   87   85   83   82   81
   81   81   86   88   94   94   96   94   90                                   
    60.0-180.0 180.0   5.0 450.0                            LAT/LON1/LON2/DLON/H
   91   89   82   70   61   55   52   49   48   46   43   42   40   37   34   33
   32   32   32   32   33   33   34   35   36   38   40   40   40   38   35   32
   28   25   23   21   20   19   19   20   22   26   30   36   41   46   50   54
   58   61   66   71   77   83   88   93   95   96   96   95   94   92   90   89
   87   85   88   88   93   92   93   92   91                                   
    57.5-180.0 180.0   5.0 450.0                            LAT/LON1/LON2/DLON/H
   95   91   85   73   63   57   54   51   49   47   45   43   40   38   35   34
   33   33   33   32   31   31   30   31   33   35   36   37   37   35   32   28
   25   23   21   20   19   19   19   20   23   28   34   40   46   52   56   60
   63   67   72   78   85   91   98  103  107  109  110  110  110  109  107  104
  101   97   97   95   97   94   95   94   95                                   
    55.0-180.0 180.0   5.0 450.0                            LAT/LON1/LON2/DLON/H
  102   97   90   78   67   61   57   53   51   48   45   44   41   38   36   35
   35   34   33   31   29   27   26   27   28   30   32   33   33   31   29   26
   23   22   21   21   21   21   22   23   27   32   38   45   52   57   62   66
   69   74   79   86   94  102  109  115  120  123  126  128  129  129  128  125
  120  114  112  108  108  102  102  100  102                                   
    52.5-180.0 180.0   5.0 450.0                            LAT/LON1/LON2/DLON/H
  114  107   99   87   75   68   62   56   53   49   46   44   41   39   37   37
   36   35   33   30   27   25   24   24   25   27   30   31   31   30   27   25
   24   24   25   26   27   27   27   29   32   37   44   51   58   64   68   73
   77   82   88   96  105  113  121  128  133  138  142  145  148  150  150  148
  142  135  131  125  123  115  114  111  114                                   
    50.0-180.0 180.0   5.0 450.0                            LAT/LON1/LON2/DLON/H
  128  121  112  100   87   77   70   62   56   51   46   44   41   39   38   38
   37   36   33   30   27   24   23   24   26   28   31   32   32   31   29   28
   28   29   32   34   35   35   35   36   39   44   51   58   65   71   76   81
   86   92  100  108  118  127  135  141  147  151  155  159  163  166  167  167
  162  155  150  143  140  131  129  125  128                                   
    47.5-180.0 180.0   5.0 450.0                            LAT/LON1/LON2/DLON/H
  143  136  126  115  101   90   80   70   62   54   48   44   41   40   39   39
   39   37   34   31   28   27   28   29   31   34   36   37   37   35   34   33
   35   37   41   44   46   46   45   45   47   52   58   65   72   78   84   90
   97  105  113  122  132  140  148  153  157  161  164  168  172  176  178  177
  174  168  164  158  156  146  145  140  143                                   
    45.0-180.0 180.0   5.0 450.0                            LAT/LON1/LON2/DLON/H
  155  149  139  129  115  104   92   79   68   58   50   46   42   41   41   41
   40   38   36   34   33   34   36   39   42   44   44   44   43   42   41   41
   43   47   51   55   56   56   54   54   56   60   66   73   80   87   94  102
  110  119  128  138  146  154  160  163  165  167  169  172  175  178  179  180
  177  172  170  166  165  157  156  152  155                                   
    42.5-180.0 180.0   5.0 450.0                            LAT/LON1/LON2/DLON/H
  161  156  147  139  126  115  103   89   76   64   55   50   46   44   44   44
   43   41   40   40   42   45   49   53   55   55   54   52   51   49   48   48
   51   55   60   64   65   64   62   62   64   69   75   82   89   97  105  114
  124  134  144  153  161  167  171  172  172  172  173  174  176  177  177  176
  174  170  169  167  168  162  162  159  161                                   
    40.0-180.0 180.0   5.0 450.0                            LAT/LON1/LON2/DLON/H
  161  157  148  142  132  122  110   96   83   71   61   56   52   50   50   49
   48   47   47   49   53   59   64   67   67   65   62   59   56   54   53   54
   57   62   67   70   71   70   68   68   71   76   84   91   99  107  117  127
  138  149  158  167  174  179  182  182  181  179  179  179  179  179  176  174
  170  166  165  164  167  162  162  159  161                                   
    37.5-180.0 180.0   5.0 450.0                            LAT/LON1/LON2/DLON/H
  157  152  144  138  131  123  112  100   88   76   68   63   59   58   58   58
   57   56   57   61   66   72   77   78   76   71   66   62   59   57   57   58
   62   66   71   74   74   73   72   73   76   83   92  100  109  118  128  140
  151  162  171  179  186  192  195  195  194  193  193  193  192  190  185  180
  174  168  166  164  166  160  159  157  157                                   
    35.0-180.0 180.0   5.0 450.0                            LAT/LON1/LON2/DLON/H
  153  144  136  130  124  118  109   99   89   80   73   70   67   67   67   68
   67   68   70   74   79   83   85   84   79   73   67   63   60   59   60   61
   65   69   73   75   75   74   74   76   81   89   98  108  117  127  139  151
  162  172  182  190  198  205  211  214  215  216  217  219  219  215  209  202
  192  183  177  173  171  162  160  157  153                                   
    32.5-180.0 180.0   5.0 450.0                            LAT/LON1/LON2/DLON/H
  153  140  129  122  116  110  102   94   87   80   75   74   74   75   76   77
   78   80   82   86   89   90   88   84   78   71   66   63   61   61   63   65
   68   71   74   76   75   74   74   77   84   93  104  114  125  135  147  159
  170  180  189  199  210  220  230  237  242  247  252  256  258  255  249  240
  227  214  204  194  188  174  170  165  153                                   
    30.0-180.0 180.0   5.0 450.0                            LAT/LON1/LON2/DLON/H
  162  142  128  117  109  102   95   87   82   77   75   76   77   79   82   85
   88   90   93   94   94   91   86   80   74   69   66   65   65   66   68   70
   73   75   76   77   76   74   75   78   85   95  107  119  130  141  152  164
  174  184  194  206  221  237  253  266  276  285  294  302  306  306  301  291
  277  260  246  230  219  198  193  184  162                                   
    27.5-180.0 180.0   5.0 450.0                            LAT/LON1/LON2/DLON/H
  183  156  136  121  109  100   90   83   78   74   73   75   77   81   85   89
   93   97   98   97   93   86   80   74   72   71   71   72   73   75   76   78
   80   80   80   79   77   75   75   78   85   96  109  122  134  146  156  167
  177  186  198  214  235  258  281  301  316  329  341  352  359  362  358  349
  334  315  298  277  262  236  228  216  183                                   
    25.0-180.0 180.0   5.0 450.0                            LAT/LON1/LON2/DLON/H
  217  182  156  136  119  105   93   84   78   74   73   74   76   79   84   89
   94   97   97   94   87   79   73   72   74   79   83   86   87   88   88   88
   88   87   85   82   79   76   75   78   84   96  110  124  137  149  160  170
  179  189  204  225  252  284  314  340  359  375  389  401  410  414  413  405
  391  372  353  329  311  283  272  259  217                                   
    22.5-180.0 180.0   5.0 450.0                            LAT/LON1/LON2/DLON/H
  260  221  189  163  141  122  105   93   85   79   76   76   76   78   82   86
   90   92   91   85   78   72   70   75   84   95  102  106  106  104  102  100
   98   95   91   86   81   77   75   77   83   95  110  126  141  153  164  174
  183  196  214  241  275  313  349  379  400  416  429  440  450  455  456  451
  439  423  404  381  363  335  323  308  260                                   
    20.0-180.0 180.0   5.0 450.0                            LAT/LON1/LON2/DLON/H
  310  269  231  201  174  150  130  114  103   94   87   84   81   80   81   83
   84   84   82   76   70   68   73   85  102  118  128  130  127  122  117  112
  108  103   96   90   83   78   75   76   82   94  110  129  146  159  170  180
  192  207  229  261  300  342  380  410  429  443  454  464  473  479  483  481
  474  461  446  426  410  387  374  358  310                                   
    17.5-180.0 180.0   5.0 450.0                            LAT/LON1/LON2/DLON/H
  359  320  280  247  216  188  165  148  133  121  110  102   95   89   86   83
   81   78   74   70   68   71   83  103  126  146  156  155  148  139  130  122
  115  107   99   91   84   78   74   75   80   93  112  133  152  167  179  190
  204  223  249  283  324  366  402  428  444  453  461  468  477  485  491  494
  492  485  476  461  449  434  420  405  359                                   
    15.0-180.0 180.0   5.0 450.0                            LAT/LON1/LON2/DLON/H
  403  370  329  294  262  232  209  191  175  159  145  133  121  110  100   92
   84   78   73   70   72   82  102  128  155  175  182  177  164  151  138  128
  118  109  100   91   83   77   74   74   80   94  114  137  158  175  189  202
  219  241  269  304  344  382  413  434  444  448  452  457  465  475  484  492
  496  496  493  485  478  471  459  443  403                                   
    12.5-180.0 180.0   5.0 450.0                            LAT/LON1/LON2/DLON/H
  439  412  374  338  306  278  256  239  224  207  191  176  160  143  127  111
   98   87   81   80   87  103  128  157  184  200  202  191  174  157  142  129
  117  107   97   89   82   77   73   74   80   95  117  142  165  183  199  215
  234  258  287  321  357  389  414  428  433  433  434  438  446  458  471  483
  491  496  499  498  497  498  487  471  439                                   
    10.0-180.0 180.0   5.0 450.0                            LAT/LON1/LON2/DLON/H
  467  447  412  376  347  322  301  288  273  258  243  228  210  189  167  144
  124  109  101  103  114  134  161  190  211  219  213  196  176  157  141  127
  114  103   94   87   81   77   74   75   82   97  121  147  171  190  207  225
  246  271  300  331  362  388  406  415  416  414  414  419  429  443  459  474
  485  494  501  505  509  515  506  491  467                                   
     7.5-180.0 180.0   5.0 450.0                            LAT/LON1/LON2/DLON/H
  490  476  443  407  381  358  341  330  317  305  292  280  264  243  217  189
  163  144  135  138  151  173  199  221  232  229  214  193  172  154  138  124
