data/edconvlstm_nd/pred1040.15i
     1.0            IONOSPHERE MAPS     GNSS                IONEX VERSION / TYPE
pyspatialgeodesy        IME             05-JAN-18 20:20     PGM / RUN BY / DATE 
Map Name                                                    COMMENT             
Predicted global ionosphere maps (GIM).                     DESCRIPTION         
  2015     4    14     0     0     0                        EPOCH OF FIRST MAP  
  2015     4    15     0     0     0                        EPOCH OF LAST MAP   
  7200                                                      INTERVAL            
    13                                                      # OF MAPS IN FILE   
  NONE                                                      MAPPING FUNCTION    
10.0                                                        ELEVATION CUTOFF    
One-way carrier phase leveled to code                       OBSERVABLES USED    
  6371.0                                                    BASE RADIUS         
 2                                                          MAP DIMENSION       
   450.0 450.0   0.0                                        HGT1 / HGT2 / DHGT  
    87.5 -87.5  -2.5                                        LAT1 / LAT2 / DLAT  
  -180.0 180.0   5.0                                        LON1 / LON2 / DLON  
    -1                                                      EXPONENT            
                                                            END OF HEADER       
[from data line 4719]
    12                                                      START OF TEC MAP    
  2015     4    14    22     0     0                        EPOCH OF CURRENT MAP
    87.5-180.0 180.0   5.0 450.0                            LAT/LON1/LON2/DLON/H
  213  196  178  186  184  183  184  183  182  184  183  185  185  186  187  188
  188  188  188  187  187  186  185  184  182  181  179  178  176  175  174  172
  171  170  170  169  169  169  169  170  171  172  173  175  176  178  180  182
  184  186  187  189  190  192  193  193  194  194  194  194  194  193  192  191
  190  189  187  188  195  196  194  199  213                                   
    85.0-180.0 180.0   5.0 450.0                            LAT/LON1/LON2/DLON/H
  198  191  192  187  180  183  184  187  186  189  190  192  193  195  196  197
  198  198  198  198  197  196  194  192  190  188  186  184  182  179  177  176
  174  173  171  171  170  170  171  172  173  175  177  179  182  184  187  190
  193  196  198  201  203  204  206  207  207  207  207  207  206  205  203  202
  201  198  197  194  193  184  181  191  198                                   
    82.5-180.0 180.0   5.0 450.0                            LAT/LON1/LON2/DLON/H
  178  172  170  169  166  169  175  177  177  181  184  188  191  195  198  200
  202  203  203  202  201  199  196  194  190  187  183  179  176  172  168  165
  162  160  157  156  155  154  154  155  157  159  162  166  169  174  178  183
  187  192  196  199  203  205  207  208  209  209  209  207  206  204  201  198
  195  191  188  190  183  183  170  176  178                                   
    80.0-180.0 180.0   5.0 450.0                            LAT/LON1/LON2/DLON/H
  167  164  165  162  159  159  167  174  178  184  190  197  202  208  213  216
  219  221  221  220  218  215  211  207  202  197  192  187  181  176  171  166
  161  157  153  150  148  147  146  146  148  150  154  158  163  168  174  180
  186  191  197  201  205  208  210  212  213  213  212  210  208  206  203  199
  195  191  188  187  177  164  156  167  167                                   
    77.5-180.0 180.0   5.0 450.0                            LAT/LON1/LON2/DLON/H
  165  149  157  155  155  157  166  173  179  187  194  204  212  220  226  232
  235  237  238  237  235  231  227  222  216  210  204  197  190  184  177  171
  165  159  154  150  146  142  140  139  139  141  144  148  153  159  165  171
  177  183  188  193  197  200  202  203  204  204  203  201  199  196  193  190
  185  181  178  177  173  157  156  172  165                                   
    75.0-180.0 180.0   5.0 450.0                            LAT/LON1/LON2/DLON/H
  166  156  160  157  157  160  167  174  183  193  202  212  222  231  238  244
  247  249  250  249  246  242  238  232  226  220  214  207  200  193  187  180
  173  167  160  154  148  143  139  137  136  136  138  141  145  150  156  162
  167  172  176  179  182  184  186  187  188  188  188  187  186  184  182  180
  177  175  174  172  167  155  153  160  166                                   
    72.5-180.0 180.0   5.0 450.0                            LAT/LON1/LON2/DLON/H
  168  161  166  168  165  168  175  181  188  198  208  219  229  238  246  251
  255  256  256  255  253  249  245  239  234  227  220  214  207  200  193  186
  179  172  165  157  150  143  137  132  129  128  128  130  133  137  142  146
  150  153  155  157  159  160  161  162  163  164  165  166  166  166  166  165
  163  163  164  164  161  155  157  168  168                                   
    70.0-180.0 180.0   5.0 450.0                            LAT/LON1/LON2/DLON/H
  180  175  179  177  174  176  179  185  192  202  211  221  230  238  244  248
  250  250  250  248  246  243  239  234  229  223  216  210  204  198  192  187
  180  173  165  157  148  140  133  127  122  120  120  120  122  125  128  130
  132  133  133  133  132  132  133  134  136  139  141  144  146  148  151  152
  152  154  159  161  163  162  168  174  180                                   
    67.5-180.0 180.0   5.0 450.0                            LAT/LON1/LON2/DLON/H
  194  193  198  197  195  195  197  201  205  213  221  230  238  244  248  250
  251  250  249  248  246  244  241  236  231  225  218  212  206  201  196  191
  185  177  169  160  150  141  133  126  121  118  117  117  118  119  121  121
  121  119  117  115  114  113  114  116  120  124  129  134  138  142  146  150
  151  155  160  163  166  169  177  184  194                                   
    65.0-180.0 180.0   5.0 450.0                            LAT/LON1/LON2/DLON/H
  204  205  211  209  206  205  205  207  209  216  222  229  235  240  242  242
  241  240  238  237  236  234  231  227  221  215  209  203  198  194  190  186
  181  173  165  155  144  134  126  119  115  112  111  110  111  111  111  109
  107  103   99   96   94   93   94   97  103  109  117  124  130  136  141  145
  148  152  158  163  169  175  185  192  204                                   
    62.5-180.0 180.0   5.0 450.0                            LAT/LON1/LON2/DLON/H
  211  214  220  219  217  215  214  214  215  219  224  230  235  238  239  238
  237  234  233  231  230  228  225  221  215  208  202  197  193  190  188  184
  179  171  161  150  139  129  120  114  110  108  107  107  107  106  105  102
   98   93   87   83   80   80   82   87   95  104  113  122  130  137  143  147
  150  154  160  163  169  175  186  193  211                                   
    60.0-180.0 180.0   5.0 450.0                            LAT/LON1/LON2/DLON/H
  215  218  224  224  223  221  219  218  218  220  224  228  232  235  236  235
  233  231  229  227  225  223  219  214  207  200  195  191  190  189  188  185
  179  170  158  146  134  124  116  111  109  108  108  107  107  105  102   97
   92   86   80   75   73   73   76   83   92  103  114  125  134  141  148  152
  155  158  162  164  169  175  184  193  215                                   
    57.5-180.0 180.0   5.0 450.0                            LAT/LON1/LON2/DLON/H
  217  220  228  229  229  228  226  224  222  223  225  228  232  235  237  237
  235  233  230  227  224  221  216  209  203  197  193  192  193  195  195  192
  185  174  160  146  133  123  116  112  111  111  111  111  109  106  102   97
   91   85   79   74   72   73   77   85   96  108  120  131  141  149  156  161
  163  166  169  169  171  174  182  191  217                                   
    55.0-180.0 180.0   5.0 450.0                            LAT/LON1/LON2/DLON/H
  223  226  235  237  240  239  237  233  231  229  230  232  236  240  242  243
  242  240  236  231  226  221  214  208  202  198  197  200  204  208  209  205
  196  182  166  149  136  126  120  117  117  118  118  118  116  112  107  101
   95   89   83   79   78   79   84   92  103  115  128  139  150  159  167  173
  175  179  181  180  179  180  186  195  223                                   
    52.5-180.0 180.0   5.0 450.0                            LAT/LON1/LON2/DLON/H
  235  238  249  252  256  256  254  249  245  241  239  240  243  247  250  252
  252  248  243  236  229  221  215  209  205  204  207  212  219  225  226  220
  209  192  173  155  141  131  126  125  125  127  128  127  124  120  115  109
  103   98   93   89   88   89   94  102  112  124  136  147  158  168  178  186
  190  195  198  197  195  195  199  207  235                                   
    50.0-180.0 180.0   5.0 450.0                            LAT/LON1/LON2/DLON/H
  255  258  270  273  279  281  279  273  267  260  256  254  255  258  262  264
  263  258  250  241  232  223  217  213  212  214  220  228  236  242  241  233
  218  199  178  160  146  138  134  133  134  136  137  136  134  130  125  120
  115  111  106  103  101  102  106  113  122  132  143  154  166  177  189  200
  207  215  220  221  219  218  223  229  255                                   
    47.5-180.0 180.0   5.0 450.0                            LAT/LON1/LON2/DLON/H
  282  285  296  299  306  309  307  301  294  285  277  273  271  272  275  276
  273  267  257  245  235  226  221  219  221  226  234  243  250  253  249  238
  220  199  179  162  150  143  140  140  141  143  145  144  142  139  136  132
  129  125  121  118  115  115  118  123  131  139  149  160  172  186  200  214
  224  236  244  249  248  249  255  260  282                                   
    45.0-180.0 180.0   5.0 450.0                            LAT/LON1/LON2/DLON/H
  310  314  323  326  333  338  336  331  323  314  303  295  291  289  289  288
  283  274  262  249  238  231  228  228  232  239  246  253  257  255  247  232
  212  192  174  161  152  147  145  145  146  148  150  150  149  148  146  144
  142  139  136  131  128  126  128  132  138  146  155  167  180  194  211  227
  240  256  268  276  279  282  290  296  310                                   
    42.5-180.0 180.0   5.0 450.0                            LAT/LON1/LON2/DLON/H
  337  342  349  351  357  361  360  357  350  342  330  320  313  308  304  300
  292  281  267  255  245  239  237  239  244  250  255  258  256  249  235  217
  198  181  167  159  153  150  149  148  149  150  152  154  155  154  154  153
  152  150  147  142  137  134  135  138  144  152  162  174  188  204  221  239
  255  273  288  300  307  314  323  331  337                                   
    40.0-180.0 180.0   5.0 450.0                            LAT/LON1/LON2/DLON/H
  361  367  372  371  376  380  380  378  374  367  356  345  336  328  321  314
  303  290  276  263  255  250  250  252  256  259  260  257  250  237  221  203
  186  173  166  162  160  158  156  154  152  153  155  157  159  160  160  160
  160  158  153  148  142  139  138  141  148  156  167  181  196  213  232  251
  267  287  304  319  328  339  350  361  361                                   
    37.5-180.0 180.0   5.0 450.0                            LAT/LON1/LON2/DLON/H
  381  388  392  388  394  395  397  396  395  390  380  370  359  350  341  330
  317  302  288  276  269  266  265  266  267  266  262  255  244  230  214  199
  187  179  177  177  177  174  169  164  160  159  160  162  163  164  164  164
  163  161  156  150  144  140  140  143  149  159  172  187  203  222  241  260
  277  298  317  333  342  357  370  384  381                                   
    35.0-180.0 180.0   5.0 450.0                            LAT/LON1/LON2/DLON/H
  400  408  413  407  413  412  415  414  415  412  404  395  384  374  362  349
  334  319  305  294  288  284  282  280  277  273  266  258  247  236  224  214
  208  206  207  208  207  201  192  182  174  170  169  170  170  169  168  166
  165  162  157  151  145  141  140  143  150  160  174  190  208  228  249  269
  286  308  328  344  353  370  386  400  400                                   
    32.5-180.0 180.0   5.0 450.0                            LAT/LON1/LON2/DLON/H
  425  434  441  432  440  437  440  438  440  437  430  421  411  400  387  373
  356  340  326  315  308  303  298  293  287  282  277  271  265  260  256  255
  255  256  258  256  250  237  222  206  195  187  184  181  179  176  172  169
  166  163  158  152  147  143  142  144  150  160  174  191  210  232  254  276
  295  319  339  356  363  382  400  415  425                                   
    30.0-180.0 180.0   5.0 450.0                            LAT/LON1/LON2/DLON/H
  458  471  480  470  481  476  478  474  474  469  462  452  441  429  415  399
  381  364  349  338  329  321  313  306  300  297  296  297  301  306  313  320
  326  328  326  317  301  279  256  235  219  208  202  197  191  185  180  175
  171  167  163  158  153  149  147  148  152  161  173  190  210  233  258  283
  305  332  354  372  377  397  418  432  458                                   
    27.5-180.0 180.0   5.0 450.0                            LAT/LON1/LON2/DLON/H
  501  518  532  522  538  533  534  527  523  514  503  491  477  463  446  428
  408  389  372  359  347  337  327  320  317  319  326  338  353  372  390  405
  413  411  399  377  349  317  287  262  243  230  222  214  206  198  191  185
  181  177  173  169  164  159  156  154  156  161  172  188  208  233  261  289
  316  348  372  393  397  418  443  455  501                                   
    25.0-180.0 180.0   5.0 450.0                            LAT/LON1/LON2/DLON/H
  551  573  590  587  610  607  608  598  590  575  558  540  522  503  482  459
  436  414  395  378  363  350  341  336  339  350  367  389  417  446  473  492
  496  484  458  422  381  342  308  281  262  249  240  232  224  215  207  201
  197  193  190  186  180  173  167  162  160  162  170  185  206  232  263  296
  328  365  393  417  422  444  473  484  551                                   
    22.5-180.0 180.0   5.0 450.0                            LAT/LON1/LON2/DLON/H
  599  627  649  655  687  692  694  684  672  652  628  603  577  551  525  497
  468  441  417  396  378  364  356  357  368  387  413  443  477  511  539  554
  549  524  484  436  387  345  312  288  272  262  254  248  241  234  227  222
  218  215  211  205  197  188  178  170  164  164  169  182  202  229  263  300
  338  381  413  439  448  472  505  515  599                                   
    20.0-180.0 180.0   5.0 450.0                            LAT/LON1/LON2/DLON/H
  638  671  697  712  756  770  779  772  760  737  707  675  643  610  576  541
  507  474  444  418  396  382  377  385  402  427  456  487  518  547  566  569
  553  516  467  413  364  326  299  282  272  266  263  260  257  253  249  245
  241  238  232  224  213  200  187  176  168  164  167  178  198  227  263  303
  344  392  428  457  469  496  533  545  638                                   
    17.5-180.0 180.0   5.0 450.0                            LAT/LON1/LON2/DLON/H
  663  697  725  748  802  826  843  844  837  816  785  751  714  676  636  596
  556  517  481  449  424  410  409  420  441  465  489  509  526  539  542  531
  503  461  410  361  320  291  275  267  264  264  265  267  269  269  268  265
  261  256  249  237  222  206  190  177  168  163  165  175  195  224  262  304
  347  397  436  466  483  513  553  568  663                                   
    15.0-180.0 180.0   5.0 450.0                            LAT/LON1/LON2/DLON/H
  671  703  731  758  817  850  876  886  889  874  849  817  780  742  700  658
  615  573  532  495  467  451  451  462  479  494  503  503  498  489  474  451
  417  376  333  296  269  254  249  250  253  257  263  269  274  279  280  278
  273  265  255  240  222  203  186  172  163  158  160  170  190  221  260  303
  347  397  437  468  488  522  562  580  671                                   
    12.5-180.0 180.0   5.0 450.0                            LAT/LON1/LON2/DLON/H
  663  691  717  744  803  842  876  895  907  902  885  861  831  797  759  719
  679  637  595  555  523  504  499  504  510  509  496  473  445  415  386  354
  320  288  260  240  230  228  233  239  246  252  258  266  274  280  282  279
  273  263  250  233  212  192  175  162  154  150  152  163  184  217  257  300
  344  393  433  465  487  524  563  582  663                                   
    10.0-180.0 180.0   5.0 450.0                            LAT/LON1/LON2/DLON/H
  644  667  690  712  768  809  848  873  894  899  893  878  857  832  802  770
  736  699  659  618  582  557  544  538  530  511  477  433  386  342  304  272
  246  226  215  212  216  224  234  242  248  251  255  261  268  274  275  271
  263  251  236  218  197  177  161  150  143  140  143  154  177  211  253  297
  341  388  428  460  484  523  560  580  644                                   
     7.5-180.0 180.0   5.0 450.0                            LAT/LON1/LON2/DLON/H
  622  641  660  676  725  764  804  833  859  871  875  871  860  845  826  803
  777  747  711  671  632  600  577  559  538  503  455  398  341  293  256  229
