data/edconvlstm_nd/pred0130.15i
     1.0            IONOSPHERE MAPS     GNSS                IONEX VERSION / TYPE
pyspatialgeodesy        IME             05-JAN-18 20:20     PGM / RUN BY / DATE 
Map Name                                                    COMMENT             
Predicted global ionosphere maps (GIM).                     DESCRIPTION         
  2015     1    13     0     0     0                        EPOCH OF FIRST MAP  
  2015     1    14     0     0     0                        EPOCH OF LAST MAP   
  7200                                                      INTERVAL            
    13                                                      # OF MAPS IN FILE   
  NONE                                                      MAPPING FUNCTION    
10.0                                                        ELEVATION CUTOFF    
One-way carrier phase leveled to code                       OBSERVABLES USED    
  6371.0                                                    BASE RADIUS         
 2                                                          MAP DIMENSION       
   450.0 450.0   0.0                                        HGT1 / HGT2 / DHGT  
    87.5 -87.5  -2.5                                        LAT1 / LAT2 / DLAT  
  -180.0 180.0   5.0                                        LON1 / LON2 / DLON  
    -1                                                      EXPONENT            
                                                            END OF HEADER       
[from data line 2574]
     7                                                      START OF TEC MAP    
  2015     1    13    12     0     0                        EPOCH OF CURRENT MAP
    87.5-180.0 180.0   5.0 450.0                            LAT/LON1/LON2/DLON/H
   73   82   85   90   93   93   93   90   91   93   93   94   94   94   94   93
   93   92   92   91   90   89   88   87   86   85   84   83   82   81   79   78
   77   76   75   74   72   71   70   69   68   67   66   65   65   64   64   64
   64   65   65   66   67   68   69   70   71   72   73   74   75   76   77   78
   79   81   79   77   80   81   93   94   73                                   
    85.0-180.0 180.0   5.0 450.0                            LAT/LON1/LON2/DLON/H
   76   91  103   92   94   98   98   99   99  101  100  100  100  100  100  100
   99   99   99   98   98   97   97   96   95   95   94   93   92   91   90   88
   87   86   84   83   81   80   78   76   75   73   72   71   70   69   69   68
   68   69   69   70   71   73   74   76   78   79   81   82   84   85   86   87
   89   90   86   83   85   89   96   94   76                                   
    82.5-180.0 180.0   5.0 450.0                            LAT/LON1/LON2/DLON/H
   69   86   92   85   86   89   90   90   91   91   91   91   90   89   89   88
   88   88   87   87   87   87   87   86   86   86   86   85   85   84   84   83
   82   81   80   78   77   75   73   71   68   66   64   62   60   58   57   56
   56   57   58   59   60   62   65   67   70   72   74   76   78   79   80   82
   84   84   81   78   81   92   90   88   69                                   
    80.0-180.0 180.0   5.0 450.0                            LAT/LON1/LON2/DLON/H
   65   76   82   76   76   76   77   77   78   78   77   77   76   76   75   75
   74   74   75   75   76   76   77   78   79   80   80   81   82   82   83   83
   83   83   83   82   80   79   76   73   70   67   63   59   56   53   51   49
   49   48   49   51   53   55   58   61   64   67   70   72   74   75   76   77
   78   78   76   74   74   83   85   86   65                                   
    77.5-180.0 180.0   5.0 450.0                            LAT/LON1/LON2/DLON/H
   66   71   71   66   65   66   66   66   67   66   64   64   63   62   62   62
   62   63   64   65   67   69   71   73   75   78   80   82   84   86   88   90
   92   94   95   95   95   94   92   89   84   79   74   68   63   58   54   51
   49   48   48   49   51   54   58   61   65   68   71   73   75   75   75   75
   75   73   71   69   68   70   74   76   66                                   
    75.0-180.0 180.0   5.0 450.0                            LAT/LON1/LON2/DLON/H
   51   60   58   56   55   57   56   54   54   53   51   50   48   47   47   47
   48   50   52   55   58   62   65   69   73   77   81   85   88   92   96  100
  104  108  111  114  115  115  114  111  106  100   93   86   78   71   65   60
   56   54   53   53   54   56   59   62   65   68   71   72   74   74   73   72
   70   67   65   60   61   61   64   60   51                                   
    72.5-180.0 180.0   5.0 450.0                            LAT/LON1/LON2/DLON/H
   47   55   54   54   52   55   54   52   51   48   45   43   41   40   39   39
   40   42   46   49   54   59   65   70   76   81   87   92   97  102  108  114
  120  127  133  138  141  143  142  140  135  128  120  111  102   93   84   77
   71   66   63   61   61   62   63   65   68   70   72   74   75   75   74   73
   70   67   64   59   59   59   61   61   47                                   
    70.0-180.0 180.0   5.0 450.0                            LAT/LON1/LON2/DLON/H
   46   54   55   56   54   55   53   52   50   47   44   41   38   36   35   35
   36   38   42   46   52   59   66   73   81   88   95  102  108  115  122  129
  137  145  154  161  166  170  171  169  164  158  149  140  129  119  108   99
   90   82   77   72   69   68   67   68   69   70   72   73   74   74   74   72
   70   66   64   59   59   59   63   63   46                                   
    67.5-180.0 180.0   5.0 450.0                            LAT/LON1/LON2/DLON/H
   47   56   57   59   58   60   59   58   56   52   49   45   42   39   38   37
   38   40   43   48   54   61   69   78   87   96  104  112  119  127  135  144
  153  163  173  182  189  193  196  195  192  186  178  169  158  146  134  122
  111  100   91   84   78   74   71   69   69   69   70   71   72   72   72   72
   70   67   65   60   60   60   62   61   47                                   
    65.0-180.0 180.0   5.0 450.0                            LAT/LON1/LON2/DLON/H
   47   57   58   60   60   63   62   62   60   57   54   50   47   44   41   40
   40   42   45   49   54   62   70   80   91  102  112  121  130  138  147  157
  167  178  189  199  207  213  216  217  215  210  204  196  186  174  161  147
  132  119  106   95   86   78   73   69   66   65   65   65   66   67   68   68
   67   66   65   60   61   62   64   63   47                                   
    62.5-180.0 180.0   5.0 450.0                            LAT/LON1/LON2/DLON/H
   46   55   55   58   58   62   62   63   62   61   58   55   51   48   46   44
   44   44   46   49   54   61   70   80   92  105  117  128  138  148  158  168
  179  191  202  211  220  226  230  231  231  228  224  217  209  197  183  167
  150  134  118  104   91   81   73   67   62   59   57   57   58   59   60   61
   61   60   61   57   59   59   61   61   46                                   
    60.0-180.0 180.0   5.0 450.0                            LAT/LON1/LON2/DLON/H
   43   50   49   52   51   54   56   57   58   59   57   56   53   50   47   45
   44   44   45   47   51   57   66   77   90  104  118  132  144  155  167  178
  189  201  211  221  229  234  238  241  242  241  239  234  227  216  201  184
  165  146  127  111   96   84   74   65   59   54   50   49   49   49   51   52
   52   52   53   51   54   53   56   56   43                                   
    57.5-180.0 180.0   5.0 450.0                            LAT/LON1/LON2/DLON/H
   39   44   42   44   44   46   47   50   52   54   55   54   52   49   47   45
   44   44   44   45   48   53   61   73   88  104  121  137  152  165  178  190
  202  213  223  231  238  243  247  250  252  254  254  251  245  235  220  201
  181  159  139  121  106   92   81   71   62   55   50   47   45   45   45   46
   47   47   48   47   50   49   51   53   39                                   
    55.0-180.0 180.0   5.0 450.0                            LAT/LON1/LON2/DLON/H
   38   41   38   40   38   39   40   42   45   48   50   51   49   47   45   43
   42   42   43   44   46   50   58   70   87  105  125  144  161  177  190  203
  214  225  234  241  247  252  256  259  263  266  267  266  261  251  236  216
  195  173  152  134  118  105   93   82   72   63   56   50   46   44   44   44
   44   44   46   45   49   48   49   52   38                                   
    52.5-180.0 180.0   5.0 450.0                            LAT/LON1/LON2/DLON/H
   41   43   40   40   37   37   37   38   41   44   46   47   47   45   42   41
   41   42   43   44   46   50   58   71   88  109  131  152  172  188  203  215
  226  236  244  250  256  260  264  268  273  277  280  281  276  265  249  230
  208  186  166  148  134  121  109   97   86   76   66   59   53   49   47   47
   46   46   48   47   52   51   52   55   41                                   
    50.0-180.0 180.0   5.0 450.0                            LAT/LON1/LON2/DLON/H
   50   52   48   47   43   42   40   39   40   43   45   46   46   44   42   41
   42   44   47   48   51   54   62   75   94  116  140  162  182  199  213  225
  235  244  251  258  263  268  272  278  283  289  292  293  288  277  260  240
  218  197  178  162  148  136  124  113  101   90   79   70   62   57   54   53
   52   53   55   55   61   60   61   63   50                                   
    47.5-180.0 180.0   5.0 450.0                            LAT/LON1/LON2/DLON/H
   64   66   63   61   57   55   51   47   46   47   48   50   50   48   46   46
   47   51   54   57   59   63   71   84  103  126  150  173  192  208  220  230
  239  247  255  262  269  275  281  287  293  299  303  303  297  285  268  247
  226  206  188  172  159  147  135  123  111  100   88   78   71   65   63   62
   62   63   65   66   72   74   74   75   64                                   
    45.0-180.0 180.0   5.0 450.0                            LAT/LON1/LON2/DLON/H
   79   84   82   81   78   75   68   62   58   56   57   58   58   57   55   55
   57   61   66   69   71   75   82   96  116  139  163  184  201  213  222  229
  237  245  255  265  274  283  290  297  304  309  312  310  303  290  273  253
  232  212  194  178  164  150  137  125  113  102   91   81   74   70   68   69
   70   73   76   78   85   88   89   87   79                                   
    42.5-180.0 180.0   5.0 450.0                            LAT/LON1/LON2/DLON/H
   93  101  101  102  100   98   90   80   73   70   69   70   71   70   68   68
   70   75   80   83   85   89   96  110  130  153  175  194  207  215  220  225
  232  242  255  269  282  293  302  310  316  320  322  320  311  297  279  259
  239  219  200  181  164  147  133  119  107   96   86   78   71   68   68   71
   75   80   84   86   94   98  100   97   93                                   
    40.0-180.0 180.0   5.0 450.0                            LAT/LON1/LON2/DLON/H
  102  111  113  117  119  118  109   99   89   84   82   84   85   85   83   83
   86   91   95   98  100  103  111  125  144  167  187  203  213  217  218  222
  231  244  262  281  298  311  321  328  333  337  338  334  325  311  293  273
  253  231  209  187  164  144  126  111   99   88   78   71   65   63   65   70
   76   82   87   89   97  100  102   99  102                                   
    37.5-180.0 180.0   5.0 450.0                            LAT/LON1/LON2/DLON/H
  105  113  116  122  127  128  122  112  102   95   93   96   98   99   98   98
  101  105  109  111  112  116  124  138  158  180  199  213  219  221  221  226
  238  257  281  305  325  340  349  354  359  362  363  360  351  336  319  299
  278  254  228  200  173  147  126  109   96   85   75   68   62   60   62   69
   76   82   87   87   93   93   98   96  105                                   
    35.0-180.0 180.0   5.0 450.0                            LAT/LON1/LON2/DLON/H
  102  108  110  118  125  128  125  117  108  102  101  104  108  110  110  111
  113  116  119  121  122  126  135  151  171  192  211  223  229  230  231  240
  259  285  316  344  367  381  388  391  394  398  400  398  390  377  360  340
  318  292  262  228  195  165  141  122  107   96   86   77   69   66   67   73
   80   85   89   86   88   85   91   89  102                                   
    32.5-180.0 180.0   5.0 450.0                            LAT/LON1/LON2/DLON/H
   97   99   99  107  114  118  118  113  107  103  103  108  113  116  117  118
  120  123  125  127  129  135  146  162  183  204  223  235  241  245  251  266
  293  328  366  398  421  433  437  438  440  445  449  449  444  432  417  397
  373  345  311  273  236  203  176  156  140  128  116  105   95   88   86   90
   94   97   98   90   89   82   87   85   97                                   
    30.0-180.0 180.0   5.0 450.0                            LAT/LON1/LON2/DLON/H
   94   93   89   95  101  103  106  104  101   99  101  107  112  116  118  119
  122  125  128  130  134  142  155  173  194  215  234  248  257  266  279  304
  340  384  427  462  484  493  494  492  494  500  507  511  509  499  485  466
  441  410  373  333  294  261  233  212  196  182  168  155  141  129  123  121
  121  121  118  105  100   90   91   88   94                                   
    27.5-180.0 180.0   5.0 450.0                            LAT/LON1/LON2/DLON/H
   98   94   86   89   91   91   94   94   94   94   97  102  107  111  113  115
  119  123  126  131  138  149  165  184  205  226  245  262  276  292  314  349
  395  446  493  528  547  553  551  548  551  559  570  578  579  572  558  539
  514  482  445  404  367  335  309  288  271  255  239  223  205  189  176  168
  162  157  148  131  123  109  106   99   98                                   
    25.0-180.0 180.0   5.0 450.0                            LAT/LON1/LON2/DLON/H
  113  107   95   93   90   86   89   89   89   90   93   97  100  103  105  108
  112  117  123  130  140  156  175  195  216  236  256  276  296  320  353  397
  452  507  555  588  603  605  600  598  603  615  630  641  644  639  626  607
  583  552  516  479  446  418  394  374  355  337  319  300  280  260  241  227
  213  204  187  169  156  140  131  118  113                                   
    22.5-180.0 180.0   5.0 450.0                            LAT/LON1/LON2/DLON/H
  140  132  115  107  100   91   92   90   90   91   92   93   94   95   96   99
  104  110  118  128  143  163  185  207  228  248  269  292  318  350  390  442
  501  558  603  631  641  640  636  635  644  659  677  690  695  689  677  658
  635  608  577  547  520  497  476  455  433  412  392  373  353  331  309  289
  270  255  232  214  197  178  163  144  140                                   
    20.0-180.0 180.0   5.0 450.0                            LAT/LON1/LON2/DLON/H
  175  166  147  131  118  104  102   98   96   95   94   93   91   90   89   92
   97  104  114  127  147  171  196  220  241  260  282  308  339  376  422  477
  536  590  631  653  659  657  654  657  668  687  705  719  723  717  703  686
  666  643  619  597  578  559  539  516  491  468  448  430  411  391  368  345
  322  304  276  259  238  217  197  172  175                                   
    17.5-180.0 180.0   5.0 450.0                            LAT/LON1/LON2/DLON/H
  209  202  183  161  143  123  117  109  105  102   99   96   91   88   87   89
   94  101  113  129  152  179  208  233  254  274  296  324  358  398  446  499
  554  603  637  654  658  656  656  663  678  696  714  725  727  719  705  688
  671  654  638  624  610  595  575  550  522  497  477  461  446  428  407  383
  360  340  310  294  271  250  228  200  209                                   
    15.0-180.0 180.0   5.0 450.0                            LAT/LON1/LON2/DLON/H
  233  231  216  191  169  146  136  124  115  110  105  100   94   90   88   89
   94  102  114  133  158  189  219  246  267  288  311  341  376  416  461  510
  558  598  626  639  643  644  649  660  675  692  707  714  712  702  687  671
  657  645  635  625  616  602  582  556  527  501  481  467  453  437  420  397
  375  356  328  313  291  270  249  223  233                                   
    12.5-180.0 180.0   5.0 450.0                            LAT/LON1/LON2/DLON/H
  243  246  237  213  192  168  154  138  127  119  111  105   99   94   92   93
   98  106  119  139  166  198  230  257  281  303  328  358  392  429  470  511
  550  582  604  616  622  628  638  651  666  680  689  691  686  674  659  644
  631  621  614  607  600  587  567  540  510  484  464  450  436  421  406  386
  366  349  326  313  293  275  257  233  243                                   
    10.0-180.0 180.0   5.0 450.0                            LAT/LON1/LON2/DLON/H
  237  244  241  222  205  182  168  151  137  127  118  111  104  100   98   99
  103  112  126  147  175  206  238  267  292  317  344  374  406  439  473  507
  537  562  580  592  602  614  628  642  655  664  668  666  658  645  629  614
  601  592  586  580  573  560  540  513  483  457  436  420  405  390  374  356
  339  325  307  296  280  265  251  229  237                                   
     7.5-180.0 180.0   5.0 450.0                            LAT/LON1/LON2/DLON/H
  219  229  230  217  207  187  175  159  144  134  124  117  111  107  105  106
  110  119  134  156  183  214  245  274  303  331  359  388  417  446  473  500
