data/edconvlstm_nd/pred1680.15i
     1.0            IONOSPHERE MAPS     GNSS                IONEX VERSION / TYPE
pyspatialgeodesy        IME             05-JAN-18 20:20     PGM / RUN BY / DATE 
Map Name                                                    COMMENT             
Predicted global ionosphere maps (GIM).                     DESCRIPTION         
  2015     6    17     0     0     0                        EPOCH OF FIRST MAP  
  2015     6    18     0     0     0                        EPOCH OF LAST MAP   
  7200                                                      INTERVAL            
    13                                                      # OF MAPS IN FILE   
  NONE                                                      MAPPING FUNCTION    
10.0                                                        ELEVATION CUTOFF    
One-way carrier phase leveled to code                       OBSERVABLES USED    
  6371.0                                                    BASE RADIUS         
 2                                                          MAP DIMENSION       
   450.0 450.0   0.0                                        HGT1 / HGT2 / DHGT  
    87.5 -87.5  -2.5                                        LAT1 / LAT2 / DLAT  
  -180.0 180.0   5.0                                        LON1 / LON2 / DLON  
    -1                                                      EXPONENT            
                                                            END OF HEADER       
[from data line 1287]
     4                                                      START OF TEC MAP    
  2015     6    17     6     0     0                        EPOCH OF CURRENT MAP
    87.5-180.0 180.0   5.0 450.0                            LAT/LON1/LON2/DLON/H
  171  167  165  168  170  168  166  163  164  164  164  164  164  164  164  163
  163  162  161  160  159  158  157  156  154  153  151  150  149  148  147  146
  145  145  144  144  144  144  144  144  144  145  145  146  147  148  149  150
  151  152  153  154  155  156  157  157  158  159  159  160  160  161  161  161
  162  164  163  163  166  164  164  162  171                                   
    85.0-180.0 180.0   5.0 450.0                            LAT/LON1/LON2/DLON/H
  172  175  176  177  179  178  177  176  177  177  176  176  176  176  176  175
  175  174  173  172  171  169  167  166  164  162  160  158  157  155  154  153
  152  151  151  150  150  150  150  150  151  151  152  153  155  156  158  159
  161  163  164  166  168  169  171  172  173  174  175  176  177  177  177  178
  180  181  177  178  172  170  171  170  172                                   
    82.5-180.0 180.0   5.0 450.0                            LAT/LON1/LON2/DLON/H
  178  184  184  180  180  179  179  178  178  178  177  177  177  177  177  177
  177  176  175  173  171  169  167  164  161  159  156  153  151  149  148  146
  145  144  143  143  143  143  143  143  144  145  147  149  151  153  156  159
  161  164  167  170  172  175  177  179  181  182  184  185  186  186  186  187
  188  188  184  186  184  178  175  165  178                                   
    80.0-180.0 180.0   5.0 450.0                            LAT/LON1/LON2/DLON/H
  179  183  178  177  176  173  173  172  172  171  171  172  172  173  173  174
  174  173  172  171  168  166  162  158  155  151  147  144  142  139  138  137
  136  135  135  135  135  135  136  137  138  140  142  145  148  152  156  159
  163  167  171  174  177  180  183  185  187  189  190  191  192  192  192  193
  192  191  187  189  187  183  185  169  179                                   
    77.5-180.0 180.0   5.0 450.0                            LAT/LON1/LON2/DLON/H
  180  181  177  176  173  170  169  166  166  165  164  164  165  167  168  169
  170  171  170  168  166  162  158  153  148  143  139  135  133  131  130  130
  130  130  131  132  133  134  135  136  138  141  144  148  152  157  162  167
  172  177  181  184  187  190  192  194  196  198  199  200  200  200  200  200
  198  198  191  193  192  185  182  174  180                                   
    75.0-180.0 180.0   5.0 450.0                            LAT/LON1/LON2/DLON/H
  176  179  172  172  168  164  162  158  157  155  154  155  156  157  160  162
  164  165  164  163  160  155  150  143  137  131  126  123  120  120  120  121
  123  125  128  130  131  133  135  137  139  143  147  152  158  164  170  175
  181  185  189  192  195  196  198  199  200  201  202  203  203  203  203  203
  201  199  194  190  188  183  181  175  176                                   
    72.5-180.0 180.0   5.0 450.0                            LAT/LON1/LON2/DLON/H
  174  178  172  171  168  163  160  155  153  150  148  149  150  152  155  157
  160  161  161  160  156  151  144  137  129  123  117  114  112  113  115  119
  123  127  131  135  137  140  142  145  148  153  158  164  171  178  184  190
  195  199  202  203  204  204  204  204  204  204  204  205  206  206  206  207
  205  203  199  195  189  183  180  175  174                                   
    70.0-180.0 180.0   5.0 450.0                            LAT/LON1/LON2/DLON/H
  176  177  173  170  167  160  157  152  149  145  143  143  144  146  149  152
  154  155  155  153  149  143  136  127  119  112  106  103  102  105  109  115
  121  128  133  138  142  144  147  150  155  160  166  173  181  189  195  201
  205  208  208  208  206  204  201  200  198  198  199  200  202  203  204  206
  205  203  199  196  191  185  183  178  176                                   
    67.5-180.0 180.0   5.0 450.0                            LAT/LON1/LON2/DLON/H
  176  178  173  170  166  159  155  150  146  142  140  140  140  142  145  147
  149  150  149  147  142  136  127  118  110  102   97   95   95   99  105  113
  121  129  135  140  144  147  151  154  159  165  172  180  189  196  203  208
  210  211  210  207  202  198  194  190  188  188  189  191  193  196  199  202
  202  202  198  195  191  186  184  180  176                                   
    65.0-180.0 180.0   5.0 450.0                            LAT/LON1/LON2/DLON/H
  178  180  175  171  167  160  156  150  147  143  140  140  140  141  142  144
  144  144  142  139  134  128  120  111  103   96   92   91   93   98  106  115
  124  132  139  144  148  151  154  159  164  171  179  188  196  204  209  213
  214  212  209  204  198  192  186  182  179  178  179  182  186  190  194  198
  200  201  199  197  194  190  190  185  178                                   
    62.5-180.0 180.0   5.0 450.0                            LAT/LON1/LON2/DLON/H
  182  185  180  175  170  162  158  151  148  144  141  141  140  140  140  140
  139  137  134  130  125  119  112  105   98   93   90   91   94  101  109  118
  128  136  142  147  151  154  157  162  168  176  185  194  202  209  213  215
  215  212  207  201  194  187  181  176  173  172  173  176  181  186  191  196
  199  201  200  199  197  195  196  192  182                                   
    60.0-180.0 180.0   5.0 450.0                            LAT/LON1/LON2/DLON/H
  187  192  186  180  174  166  160  153  149  145  142  141  139  138  136  134
  131  128  124  120  115  110  104   99   95   92   92   94   98  105  114  123
  131  138  144  148  152  155  159  165  172  180  190  199  206  212  216  216
  215  211  205  199  192  186  180  175  172  171  172  175  179  184  190  195
  199  202  201  201  201  201  203  198  187                                   
    57.5-180.0 180.0   5.0 450.0                            LAT/LON1/LON2/DLON/H
  197  201  196  188  182  173  166  158  152  146  142  139  137  134  131  128
  123  119  114  110  105  101   98   96   94   94   96   99  105  112  120  128
  135  141  146  150  153  157  162  169  177  186  195  204  212  217  219  219
  217  213  207  202  196  191  186  182  179  178  178  180  184  188  192  197
  201  204  204  205  206  207  211  207  197                                   
    55.0-180.0 180.0   5.0 450.0                            LAT/LON1/LON2/DLON/H
  209  213  209  201  195  185  176  165  157  148  142  137  133  129  125  120
  115  111  106  101   98   96   95   95   96   98  101  106  112  118  126  132
  138  143  147  151  155  160  167  174  183  193  202  211  218  223  225  224
  222  219  214  210  206  203  199  196  193  191  190  191  192  194  197  202
  204  207  208  209  211  214  219  216  209                                   
    52.5-180.0 180.0   5.0 450.0                            LAT/LON1/LON2/DLON/H
  223  228  225  218  213  202  191  177  165  153  143  135  129  123  118  114
  109  105  101   98   95   94   95   97  100  103  107  112  118  125  131  136
  141  145  149  154  159  166  173  182  192  202  211  220  227  231  234  234
  233  230  227  224  221  219  216  214  211  208  206  204  204  204  205  208
  210  212  213  215  217  221  227  224  223                                   
    50.0-180.0 180.0   5.0 450.0                            LAT/LON1/LON2/DLON/H
  238  243  243  238  233  223  210  193  178  161  147  135  126  118  113  109
  106  104  102  100   98   99  100  103  106  110  114  119  124  130  135  140
  144  148  153  158  166  174  183  193  202  212  222  231  238  244  248  249
  248  246  243  240  238  236  234  232  229  226  222  218  216  214  214  216
  217  219  220  222  223  228  234  232  238                                   
    47.5-180.0 180.0   5.0 450.0                            LAT/LON1/LON2/DLON/H
  251  257  258  256  253  243  230  211  192  172  154  138  126  116  111  108
  108  108  107  107  107  108  110  112  115  118  121  125  129  134  139  144
  147  152  157  165  174  184  194  205  215  224  234  243  252  259  265  268
  268  266  262  258  255  252  250  247  244  240  235  231  227  224  223  224
  225  228  229  230  231  236  242  240  251                                   
    45.0-180.0 180.0   5.0 450.0                            LAT/LON1/LON2/DLON/H
  261  266  270  269  269  260  247  227  207  184  163  144  129  118  112  111
  112  115  117  119  120  121  123  125  126  127  129  131  134  139  143  147
  152  157  164  173  184  196  207  218  228  237  247  257  267  276  284  288
  289  287  282  276  270  265  261  258  254  250  245  240  236  233  232  233
  234  237  238  239  239  243  248  247  261                                   
    42.5-180.0 180.0   5.0 450.0                            LAT/LON1/LON2/DLON/H
  266  270  275  276  276  269  257  238  218  194  173  153  136  123  117  116
  120  125  129  133  135  137  138  138  138  137  137  137  140  143  148  153
  158  164  172  183  195  209  221  232  242  251  260  270  281  293  303  309
  311  308  301  292  283  276  270  266  262  258  253  249  245  242  242  243
  245  248  250  250  249  252  256  254  266                                   
    40.0-180.0 180.0   5.0 450.0                            LAT/LON1/LON2/DLON/H
  269  270  274  274  275  268  258  241  223  202  181  161  144  131  124  123
  128  135  141  147  150  152  153  153  151  149  146  145  146  150  154  159
  165  172  181  194  208  222  236  247  257  265  274  284  295  309  321  329
  331  327  318  307  297  287  281  275  271  268  264  260  256  254  253  254
  256  260  262  262  260  261  264  263  269                                   
    37.5-180.0 180.0   5.0 450.0                            LAT/LON1/LON2/DLON/H
  271  270  271  268  267  260  250  237  221  204  187  169  153  139  132  131
  136  143  151  158  163  166  167  167  165  161  157  155  155  157  161  166
  173  181  191  205  220  236  251  262  272  279  287  296  308  322  336  346
  349  346  337  326  314  305  297  292  288  284  280  276  272  269  267  268
  269  273  275  275  272  273  274  273  271                                   
    35.0-180.0 180.0   5.0 450.0                            LAT/LON1/LON2/DLON/H
  278  273  270  262  258  248  239  227  216  203  190  176  161  148  141  139
  143  150  159  167  173  178  180  181  178  174  169  165  164  166  169  173
  180  189  201  215  232  249  264  277  286  293  299  307  319  334  349  360
  366  364  358  349  339  331  324  318  314  309  305  300  295  289  285  284
  284  287  289  288  286  287  288  287  278                                   
    32.5-180.0 180.0   5.0 450.0                            LAT/LON1/LON2/DLON/H
  293  286  278  264  255  242  231  220  212  203  193  183  170  158  150  147
  150  156  164  173  182  188  192  194  192  187  182  177  174  173  175  179
  185  195  208  224  242  260  276  289  299  305  310  317  328  342  358  371
  380  383  381  376  371  365  360  355  350  344  339  332  324  315  308  303
  300  302  304  303  302  304  305  306  293                                   
    30.0-180.0 180.0   5.0 450.0                            LAT/LON1/LON2/DLON/H
  318  310  298  279  265  248  233  222  214  207  200  191  180  169  160  156
  157  162  170  180  190  198  204  206  205  200  194  188  182  180  179  182
  188  198  212  229  248  266  284  298  309  314  318  324  333  347  363  379
  391  399  404  406  407  406  403  398  392  386  378  369  359  347  334  325
  319  318  319  319  319  323  326  329  318                                   
    27.5-180.0 180.0   5.0 450.0                            LAT/LON1/LON2/DLON/H
  354  347  330  309  291  270  253  239  228  220  212  204  193  182  173  167
  166  170  177  187  199  209  216  219  217  212  205  196  188  183  180  181
  186  196  211  228  248  268  287  302  313  320  323  327  335  348  365  382
  398  412  424  434  441  445  446  443  436  428  419  408  395  380  364  349
  339  336  336  336  337  345  349  355  354                                   
    25.0-180.0 180.0   5.0 450.0                            LAT/LON1/LON2/DLON/H
  395  392  373  352  332  310  289  272  258  245  234  224  212  199  189  181
  179  181  188  198  210  221  228  230  228  222  212  201  190  181  175  174
  178  188  203  221  242  263  283  300  312  319  323  328  335  348  364  383
  402  421  439  456  469  479  482  481  475  466  455  444  430  413  394  376
  362  356  355  354  356  366  373  381  395                                   
    22.5-180.0 180.0   5.0 450.0                            LAT/LON1/LON2/DLON/H
  436  438  418  401  381  361  338  319  299  281  265  250  235  221  209  200
  196  196  202  212  223  233  239  240  235  226  214  200  186  173  164  161
  163  172  188  207  229  251  273  291  305  315  321  326  335  347  364  384
  405  427  449  470  488  501  507  508  502  494  484  473  461  444  425  405
  388  379  376  374  376  388  396  406  436                                   
    20.0-180.0 180.0   5.0 450.0                            LAT/LON1/LON2/DLON/H
  469  476  458  445  427  412  390  370  347  323  301  281  263  247  233  222
  216  215  220  228  237  245  248  245  237  225  209  192  174  159  147  142
  143  152  167  188  212  236  259  279  295  308  317  326  336  349  366  386
  408  431  454  477  496  511  519  521  518  511  504  496  486  472  454  434
  416  405  400  396  396  408  417  425  469                                   
    17.5-180.0 180.0   5.0 450.0                            LAT/LON1/LON2/DLON/H
  490  499  483  474  458  448  431  412  388  362  335  311  291  273  259  247
  239  236  238  244  250  254  253  245  233  216  198  177  158  140  127  120
  121  129  145  167  193  219  243  266  285  301  315  327  340  354  371  390
  411  433  456  478  497  511  520  524  524  521  517  513  508  498  482  463
  445  432  425  420  417  426  435  439  490                                   
    15.0-180.0 180.0   5.0 450.0                            LAT/LON1/LON2/DLON/H
  497  504  488  480  467  461  448  434  412  385  358  334  313  296  282  269
  260  256  255  257  259  257  250  238  221  201  180  159  138  121  108  101
  101  109  125  148  175  202  229  254  277  297  315  331  346  362  378  396
  415  436  457  477  493  506  515  522  526  527  528  529  527  522  509  492
  474  460  452  443  438  443  449  449  497                                   
    12.5-180.0 180.0   5.0 450.0                            LAT/LON1/LON2/DLON/H
  491  493  476  464  452  448  439  429  411  387  363  341  324  310  297  286
  276  270  266  264  260  253  240  223  203  182  160  139  120  105   94   87
   87   94  109  132  159  188  217  245  271  294  316  335  353  369  385  401
  420  440  459  476  490  502  512  521  529  535  540  544  546  544  534  518
  501  487  477  466  457  458  461  456  491                                   
    10.0-180.0 180.0   5.0 450.0                            LAT/LON1/LON2/DLON/H
  480  475  454  436  423  416  409  401  387  368  348  332  320  311  302  292
  283  276  269  263  253  240  223  203  182  160  140  121  106   94   85   80
   79   84   98  120  147  177  208  238  266  292  316  337  356  372  388  405
  424  444  464  480  493  504  516  528  540  549  556  562  565  563  554  539
  523  509  498  485  475  470  470  463  480                                   
     7.5-180.0 180.0   5.0 450.0                            LAT/LON1/LON2/DLON/H
  470  458  432  407  391  380  371  363  351  335  320  310  304  299  294  287
  280  272  263  253  239  222  202  180  159  140  123  108   97   88   82   77
