data/edconvlstm_nd/pred2810.15i
     1.0            IONOSPHERE MAPS     GNSS                IONEX VERSION / TYPE
pyspatialgeodesy        IME             05-JAN-18 20:20     PGM / RUN BY / DATE 
Map Name                                                    COMMENT             
Predicted global ionosphere maps (GIM).                     DESCRIPTION         
  2015    10     8     0     0     0                        EPOCH OF FIRST MAP  
  2015    10     9     0     0     0                        EPOCH OF LAST MAP   
  7200                                                      INTERVAL            
    13                                                      # OF MAPS IN FILE   
  NONE                                                      MAPPING FUNCTION    
10.0                                                        ELEVATION CUTOFF    
One-way carrier phase leveled to code                       OBSERVABLES USED    
  6371.0                                                    BASE RADIUS         
 2                                                          MAP DIMENSION       
   450.0 450.0   0.0                                        HGT1 / HGT2 / DHGT  
    87.5 -87.5  -2.5                                        LAT1 / LAT2 / DLAT  
  -180.0 180.0   5.0                                        LON1 / LON2 / DLON  
    -1                                                      EXPONENT            
                                                            END OF HEADER       
[from data line 5148]
    13                                                      START OF TEC MAP    
  2015    10     9     0     0     0                        EPOCH OF CURRENT MAP
    87.5-180.0 180.0   5.0 450.0                            LAT/LON1/LON2/DLON/H
   80   73   65   57   56   62   58   56   57   57   57   57   58   58   58   58
   58   57   57   56   56   55   54   53   52   51   50   49   48   47   46   45
   44   43   43   42   42   41   41   41   41   41   42   42   42   43   43   44
   44   45   46   46   47   47   48   48   49   49   50   50   50   50   51   51
   52   52   51   52   46   61   69   68   80                                   
    85.0-180.0 180.0   5.0 450.0                            LAT/LON1/LON2/DLON/H
   72   75   56   60   60   69   65   63   64   63   64   64   64   64   64   63
   63   62   61   61   60   58   57   56   54   53   51   49   48   47   45   44
   43   43   42   42   42   42   42   43   43   44   44   45   46   46   47   48
   49   50   51   51   52   53   54   55   55   56   56   57   57   57   57   57
   58   58   59   63   65   73   84   77   72                                   
    82.5-180.0 180.0   5.0 450.0                            LAT/LON1/LON2/DLON/H
   66   57   68   64   62   71   67   64   67   66   66   67   67   67   67   66
   65   64   62   61   59   56   54   51   48   45   42   39   37   34   33   31
   30   29   29   29   29   30   31   32   33   34   36   37   39   40   41   43
   44   46   47   49   50   52   53   55   56   57   57   58   58   58   59   59
   59   58   58   57   65   60   71   74   66                                   
    80.0-180.0 180.0   5.0 450.0                            LAT/LON1/LON2/DLON/H
   80   69   73   66   68   71   70   69   72   71   72   73   74   74   73   73
   71   70   68   66   63   60   56   53   49   45   42   38   35   33   31   29
   28   28   28   28   28   29   30   31   33   34   35   36   37   38   39   40
   42   43   45   47   49   50   52   54   56   57   58   59   59   59   59   59
   58   57   57   57   73   65   79   90   80                                   
    77.5-180.0 180.0   5.0 450.0                            LAT/LON1/LON2/DLON/H
   91   81   73   77   74   76   75   78   81   80   82   83   83   83   82   81
   80   78   76   73   70   66   62   58   53   48   44   40   36   33   31   29
   29   28   29   29   30   31   33   34   35   36   36   37   38   38   39   40
   41   43   44   46   49   51   53   55   57   59   60   61   61   61   61   61
   59   60   60   62   68   68   75   94   91                                   
    75.0-180.0 180.0   5.0 450.0                            LAT/LON1/LON2/DLON/H
   96   80   80   84   80   84   80   82   87   86   86   87   86   85   84   82
   80   78   76   73   70   66   61   57   52   48   43   39   36   33   31   30
   30   30   31   33   34   35   37   38   39   39   39   39   39   39   39   40
   41   42   44   46   48   51   53   56   58   60   61   62   62   62   61   61
   59   59   60   57   63   73   78   91   96                                   
    72.5-180.0 180.0   5.0 450.0                            LAT/LON1/LON2/DLON/H
   91   80   83   85   84   84   82   85   89   87   87   86   84   81   78   75
   73   70   68   67   64   62   59   55   51   47   43   40   37   35   33   32
   32   33   34   35   37   38   38   39   39   39   38   37   37   36   35   35
   35   36   38   40   42   45   48   51   53   55   57   58   58   58   58   57
   55   55   59   58   63   72   80   96   91                                   
    70.0-180.0 180.0   5.0 450.0                            LAT/LON1/LON2/DLON/H
   93   84   87   91   89   90   87   89   93   91   90   87   83   78   73   69
   65   63   61   60   59   57   55   53   51   47   44   41   39   37   36   36
   36   37   38   39   41   41   42   42   41   41   40   39   38   37   36   36
   36   37   38   40   43   45   49   52   54   57   58   59   59   59   59   58
   56   55   59   60   65   77   82   94   93                                   
    67.5-180.0 180.0   5.0 450.0                            LAT/LON1/LON2/DLON/H
   94   86   88   92   89   89   86   87   91   88   86   82   77   70   63   58
   53   50   49   49   49   48   48   47   46   44   41   39   38   36   35   35
   35   35   36   36   37   37   37   36   36   35   34   33   32   32   31   31
   31   32   33   35   37   40   43   47   50   52   54   55   55   55   55   55
   53   53   57   58   65   78   81   93   94                                   
    65.0-180.0 180.0   5.0 450.0                            LAT/LON1/LON2/DLON/H
   93   85   86   88   86   85   81   83   87   85   83   79   72   65   57   51
   46   43   41   41   42   43   44   43   42   41   40   38   37   36   35   34
   33   33   32   32   32   31   31   30   30   29   29   28   28   28   28   29
   29   30   31   33   35   37   40   44   47   50   52   54   54   54   55   55
   53   53   58   58   66   80   83   95   93                                   
    62.5-180.0 180.0   5.0 450.0                            LAT/LON1/LON2/DLON/H
   93   84   84   85   82   81   76   79   83   82   81   78   71   64   56   49
   44   41   40   40   41   42   43   42   42   40   39   39   38   37   35   34
   32   31   29   28   27   26   26   26   25   26   26   26   27   28   28   29
   30   31   31   33   34   37   39   43   47   50   53   55   57   58   59   59
   58   58   63   62   68   82   84   96   93                                   
    60.0-180.0 180.0   5.0 450.0                            LAT/LON1/LON2/DLON/H
   91   83   81   80   77   74   69   72   77   77   78   76   71   64   58   52
   47   45   44   43   43   43   43   42   40   39   38   38   37   36   35   33
   31   28   26   24   23   22   22   22   22   23   24   26   27   28   29   30
   31   31   31   32   33   35   38   42   46   50   54   57   59   61   63   65
   64   64   68   66   71   83   86   98   91                                   
    57.5-180.0 180.0   5.0 450.0                            LAT/LON1/LON2/DLON/H
   92   83   81   78   73   69   63   66   72   73   74   74   71   66   61   57
   54   51   50   48   47   45   42   40   38   36   36   36   36   36   34   32
   29   26   23   22   21   20   21   21   22   24   25   27   28   30   31   31
   31   31   31   31   32   34   37   41   46   51   56   60   63   66   70   72
   72   72   75   73   76   86   88  101   92                                   
    55.0-180.0 180.0   5.0 450.0                            LAT/LON1/LON2/DLON/H
   95   86   84   81   74   68   61   63   68   69   71   72   71   68   65   63
   61   59   56   53   49   45   40   37   34   32   32   33   34   34   33   31
   28   25   23   22   22   22   23   24   26   27   29   30   31   32   33   33
   33   32   31   31   31   33   37   42   48   53   58   62   66   71   76   79
   80   80   84   81   82   90   92  106   95                                   
    52.5-180.0 180.0   5.0 450.0                            LAT/LON1/LON2/DLON/H
  103   94   92   88   81   72   65   65   68   68   69   70   70   69   68   67
   66   64   61   56   50   43   37   33   30   29   29   31   32   33   32   30
   28   27   26   26   27   28   29   30   32   33   34   35   36   36   36   35
   34   33   31   31   32   35   39   46   52   57   61   65   69   74   80   85
   87   88   92   89   90   96   97  113  103                                   
    50.0-180.0 180.0   5.0 450.0                            LAT/LON1/LON2/DLON/H
  114  106  105  102   94   84   75   73   73   70   70   69   69   69   69   70
   69   67   63   56   49   41   35   31   28   27   28   30   32   33   33   32
   31   31   31   33   35   37   38   39   40   41   41   42   41   41   40   39
   37   35   34   34   35   39   45   52   59   64   67   70   73   77   84   90
   92   94   99   96  100  105  104  122  114                                   
    47.5-180.0 180.0   5.0 450.0                            LAT/LON1/LON2/DLON/H
  129  123  121  121  112  101   92   87   83   77   74   72   70   70   70   70
   70   67   63   56   48   41   35   31   29   29   30   32   34   35   36   36
   36   37   40   43   46   48   49   50   50   50   49   49   48   47   45   43
   42   40   39   39   42   47   55   63   69   73   75   76   78   81   87   94
   98  101  107  104  110  117  114  133  129                                   
    45.0-180.0 180.0   5.0 450.0                            LAT/LON1/LON2/DLON/H
  144  140  138  141  133  121  112  104   97   88   81   77   74   72   72   72
   71   68   63   56   49   43   38   35   34   34   35   37   38   39   40   41
   42   45   49   53   57   59   59   59   59   58   57   56   55   54   52   50
   49   47   46   48   52   59   67   76   82   85   85   85   85   88   93  100
  104  109  115  113  121  130  127  145  144                                   
    42.5-180.0 180.0   5.0 450.0                            LAT/LON1/LON2/DLON/H
  159  157  153  158  152  141  131  121  112  100   92   86   81   78   76   75
   73   70   66   60   54   49   46   44   44   44   44   44   44   44   45   46
   49   53   58   62   66   68   68   67   66   65   65   64   64   62   61   59
   58   56   56   58   63   71   80   89   95   97   97   96   95   97  101  108
  113  118  125  124  133  143  140  158  159                                   
    40.0-180.0 180.0   5.0 450.0                            LAT/LON1/LON2/DLON/H
  172  169  164  171  167  157  146  135  125  112  103   96   91   87   84   81
   79   76   73   68   64   61   59   58   57   56   54   52   50   50   50   51
   55   59   65   70   73   74   73   72   71   71   72   72   71   70   69   68
   66   65   65   68   73   81   91   99  106  109  109  107  107  108  112  118
  123  129  137  137  145  155  154  170  172                                   
    37.5-180.0 180.0   5.0 450.0                            LAT/LON1/LON2/DLON/H
  181  178  172  178  177  167  156  145  134  121  113  107  103   98   94   91
   88   86   83   81   78   76   75   73   71   68   64   60   57   55   54   56
   60   65   70   75   77   78   77   76   76   77   78   79   78   77   76   75
   73   71   71   73   78   87   96  106  113  117  118  118  119  121  125  130
  135  141  150  151  159  167  168  183  181                                   
    35.0-180.0 180.0   5.0 450.0                            LAT/LON1/LON2/DLON/H
  190  185  178  182  183  174  162  150  140  129  122  118  114  110  105  101
   98   97   96   94   93   91   89   86   82   76   71   66   61   59   59   61
   66   70   75   79   81   81   80   79   80   82   84   85   84   82   80   78
   75   73   72   73   78   87   97  107  116  121  125  128  131  135  139  145
  148  155  165  167  173  181  183  198  190                                   
    32.5-180.0 180.0   5.0 450.0                            LAT/LON1/LON2/DLON/H
  201  197  189  189  189  180  167  156  146  136  130  127  124  119  114  109
  107  106  105  104  102   99   95   90   85   79   74   69   66   64   65   68
   72   77   81   83   84   84   84   84   86   88   90   90   88   85   82   78
   74   70   68   69   74   82   94  105  116  124  131  137  143  149  155  160
  164  170  181  185  191  199  202  216  201                                   
    30.0-180.0 180.0   5.0 450.0                            LAT/LON1/LON2/DLON/H
  218  216  207  203  202  191  178  166  156  146  140  137  133  127  120  115
  112  111  109  106  102   96   91   86   81   77   74   72   71   71   73   77
   82   86   88   90   90   90   90   91   93   95   95   94   90   85   81   76
   71   66   62   63   67   77   89  103  116  127  136  146  155  163  171  177
  181  188  200  205  213  222  225  240  218                                   
    27.5-180.0 180.0   5.0 450.0                            LAT/LON1/LON2/DLON/H
  243  245  235  228  225  213  200  186  174  163  155  150  143  134  125  118
  114  110  106   99   92   85   79   75   74   75   76   77   79   81   85   90
   94   98   99  100   99   98   98   99  101  103  101   97   91   84   78   72
   67   61   57   57   62   72   87  102  118  131  144  157  168  179  187  194
  199  207  221  228  240  252  253  268  243                                   
    25.0-180.0 180.0   5.0 450.0                            LAT/LON1/LON2/DLON/H
  277  286  274  266  260  249  236  220  205  190  178  168  156  143  131  122
  114  107   98   87   77   69   65   66   70   76   82   87   92   97  102  107
  111  114  114  113  111  109  109  109  110  110  107  100   92   84   77   70
   64   58   55   55   60   71   86  104  122  139  154  169  183  195  204  212
  218  228  245  253  270  287  286  302  277                                   
    22.5-180.0 180.0   5.0 450.0                            LAT/LON1/LON2/DLON/H
  320  333  323  314  306  298  288  270  252  231  213  196  178  159  143  129
  118  105   91   76   64   58   59   65   74   85   95  105  112  118  123  128
  132  133  132  129  125  121  119  119  119  117  112  103   93   84   77   71
   64   59   55   55   60   71   88  107  127  146  164  181  198  211  221  230
  238  251  270  282  305  326  326  342  320                                   
    20.0-180.0 180.0   5.0 450.0                            LAT/LON1/LON2/DLON/H
  365  384  375  367  359  357  351  335  315  289  263  237  211  186  165  146
  129  110   91   73   62   60   66   77   90  104  118  131  139  145  149  153
  154  153  150  144  138  133  130  128  127  124  117  108   97   87   80   74
   67   61   57   56   61   72   89  110  132  153  173  192  210  225  237  248
  259  276  299  314  342  369  371  387  365                                   
    17.5-180.0 180.0   5.0 450.0                            LAT/LON1/LON2/DLON/H
  409  433  426  421  414  418  419  408  389  361  328  295  261  229  201  176
  152  128  104   86   79   81   91  105  120  137  153  166  174  177  177  177
  176  172  166  158  150  144  140  137  135  131  124  113  102   93   85   78
   71   65   59   57   61   71   88  111  135  159  181  202  222  239  252  265
  280  302  329  351  383  414  421  435  409                                   
    15.0-180.0 180.0   5.0 450.0                            LAT/LON1/LON2/DLON/H
  447  476  470  470  465  473  481  478  465  439  405  367  328  291  256  225
  194  164  139  123  118  124  136  152  168  185  199  209  211  207  202  198
  193  187  179  169  160  154  149  146  143  139  131  120  109   99   91   83
   75   67   61   58   60   69   86  109  135  162  187  211  233  252  268  283
  302  329  362  389  425  458  470  480  447                                   
    12.5-180.0 180.0   5.0 450.0                            LAT/LON1/LON2/DLON/H
  479  511  506  509  506  519  531  536  530  510  480  444  407  368  331  295
  259  226  201  187  186  194  206  221  234  244  251  251  244  233  222  213
  206  197  187  177  169  163  159  155  151  146  138  128  116  105   95   86
   76   68   60   56   57   66   83  106  133  161  189  216  241  263  282  300
  323  354  392  425  463  496  512  518  479                                   
    10.0-180.0 180.0   5.0 450.0                            LAT/LON1/LON2/DLON/H
  506  537  534  537  536  550  565  576  577  565  541  513  482  450  417  381
  346  314  292  282  283  291  300  305  306  303  296  285  269  251  235  223
  213  203  193  184  177  173  168  164  159  152  144  133  121  109   97   85
   74   65   57   53   53   61   78  102  130  159  188  217  246  271  293  314
  339  374  415  453  491  521  541  543  506                                   
     7.5-180.0 180.0   5.0 450.0                            LAT/LON1/LON2/DLON/H
  526  555  554  554  554  566  581  596  602  595  579  559  539  518  494  467
  438  414  400  396  399  402  399  386  367  346  326  304  282  260  241  226
