data/edconvlstm_nd/pred0600.15i
     1.0            IONOSPHERE MAPS     GNSS                IONEX VERSION / TYPE
pyspatialgeodesy        IME             05-JAN-18 20:20     PGM / RUN BY / DATE 
Map Name                                                    COMMENT             
Predicted global ionosphere maps (GIM).                     DESCRIPTION         
  2015     3     1     0     0     0                        EPOCH OF FIRST MAP  
  2015     3     2     0     0     0                        EPOCH OF LAST MAP   
  7200                                                      INTERVAL            
    13                                                      # OF MAPS IN FILE   
  NONE                                                      MAPPING FUNCTION    
10.0                                                        ELEVATION CUTOFF    
One-way carrier phase leveled to code                       OBSERVABLES USED    
  6371.0                                                    BASE RADIUS         
 2                                                          MAP DIMENSION       
   450.0 450.0   0.0                                        HGT1 / HGT2 / DHGT  
    87.5 -87.5  -2.5                                        LAT1 / LAT2 / DLAT  
  -180.0 180.0   5.0                                        LON1 / LON2 / DLON  
    -1                                                      EXPONENT            
                                                            END OF HEADER       
[from data line 429]
     2                                                      START OF TEC MAP    
  2015     3     1     2     0     0                        EPOCH OF CURRENT MAP
    87.5-180.0 180.0   5.0 450.0                            LAT/LON1/LON2/DLON/H
  160  174  179  176  174  171  168  164  164  163  163  162  161  160  158  157
  155  153  151  149  147  145  143  141  139  137  135  133  132  130  129  128
  127  126  126  126  126  126  126  127  128  130  131  133  135  137  140  142
  144  147  149  151  153  155  157  159  161  162  163  164  165  166  166  168
  169  171  170  171  172  173  174  162  160                                   
    85.0-180.0 180.0   5.0 450.0                            LAT/LON1/LON2/DLON/H
  180  191  173  178  180  178  174  171  169  167  165  163  162  159  157  155
  152  150  147  144  140  137  134  131  128  125  122  119  116  114  112  111
  110  109  109  109  110  112  114  116  119  122  126  130  134  138  142  146
  150  154  158  161  165  168  171  174  177  179  181  183  185  185  186  188
  190  191  190  191  187  189  187  180  180                                   
    82.5-180.0 180.0   5.0 450.0                            LAT/LON1/LON2/DLON/H
  197  194  196  187  184  180  175  171  170  167  164  162  159  157  154  151
  148  145  141  137  133  129  125  120  116  112  107  104  100   97   94   92
   91   91   91   92   94   96  100  104  108  113  118  123  129  135  140  146
  151  156  161  166  171  176  180  185  189  193  197  200  203  205  207  209
  210  209  208  207  210  202  200  188  197                                   
    80.0-180.0 180.0   5.0 450.0                            LAT/LON1/LON2/DLON/H
  209  207  195  185  184  180  177  173  171  167  164  161  159  156  152  149
  145  141  137  133  128  123  118  112  106  101   95   90   86   83   80   78
   77   77   78   80   82   85   89   93   98  104  110  116  123  129  136  142
  148  154  160  166  172  178  184  190  196  202  207  212  216  219  222  225
  225  223  220  219  228  222  225  206  209                                   
    77.5-180.0 180.0   5.0 450.0                            LAT/LON1/LON2/DLON/H
  216  209  200  195  187  184  181  179  176  172  168  165  161  158  154  150
  145  141  136  131  127  121  116  110  104   98   93   88   83   80   77   76
   76   76   78   80   82   86   90   94   99  104  110  116  121  127  132  138
  143  148  154  160  167  173  181  189  197  205  212  219  225  231  235  239
  240  239  235  235  241  236  234  224  216                                   
    75.0-180.0 180.0   5.0 450.0                            LAT/LON1/LON2/DLON/H
  221  218  209  203  194  192  188  184  181  176  171  167  162  157  151  145
  140  134  130  125  121  116  112  107  102   97   92   87   84   81   79   79
   79   80   81   83   86   88   91   95   98  102  107  111  115  119  123  126
  130  135  139  145  151  159  167  177  187  197  207  217  225  232  238  244
  245  246  244  240  245  245  244  238  221                                   
    72.5-180.0 180.0   5.0 450.0                            LAT/LON1/LON2/DLON/H
  225  228  221  212  204  201  198  195  192  186  180  174  166  158  149  140
  133  126  121  117  113  110  107  104  100   96   92   89   86   85   84   84
   85   87   89   91   93   95   97   99  101  104  107  110  112  114  117  119
  121  124  128  133  139  147  157  168  180  192  204  216  226  234  241  248
  250  252  253  250  253  249  249  247  225                                   
    70.0-180.0 180.0   5.0 450.0                            LAT/LON1/LON2/DLON/H
  239  239  231  223  214  210  206  203  201  195  188  180  169  156  143  131
  120  113  107  103  101  100   99   97   95   92   90   87   85   85   85   86
   88   90   92   93   94   95   96   97   98   99  100  102  103  104  105  106
  108  110  113  118  124  133  144  156  171  185  200  213  225  234  241  248
  251  253  255  254  258  256  258  258  239                                   
    67.5-180.0 180.0   5.0 450.0                            LAT/LON1/LON2/DLON/H
  245  244  236  228  219  215  211  209  208  204  196  187  173  156  139  123
  110  101   95   93   92   92   92   92   90   88   85   82   81   80   81   82
   84   86   87   87   87   87   86   85   85   85   86   87   87   88   89   90
   91   94   97  102  110  119  131  145  161  178  194  209  221  230  237  242
  245  246  250  250  255  255  259  264  245                                   
    65.0-180.0 180.0   5.0 450.0                            LAT/LON1/LON2/DLON/H
  250  247  239  230  221  217  214  214  215  212  206  197  181  161  141  122
  107   97   91   89   90   91   92   92   90   87   83   80   78   77   77   79
   80   81   81   80   78   76   74   73   72   72   73   73   74   74   75   77
   79   82   86   93  101  111  125  140  158  176  194  210  222  230  236  240
  241  241  244  245  251  252  260  268  250                                   
    62.5-180.0 180.0   5.0 450.0                            LAT/LON1/LON2/DLON/H
  253  251  243  231  223  218  214  215  219  219  215  207  191  170  148  128
  112  102   97   95   97   98   99   97   94   89   84   79   76   74   74   75
   76   76   75   73   70   67   64   63   62   63   63   64   65   65   66   68
   71   76   82   90   99  111  126  143  162  181  200  215  227  235  239  241
  241  239  242  242  247  250  260  269  253                                   
    60.0-180.0 180.0   5.0 450.0                            LAT/LON1/LON2/DLON/H
  257  255  247  232  223  216  211  213  218  219  218  212  199  179  158  139
  124  115  110  109  109  110  109  105   99   92   84   78   74   72   72   72
   72   71   69   66   63   60   58   57   57   58   59   60   60   61   62   64
   69   75   83   92  104  117  132  149  169  189  207  223  235  242  246  247
  245  242  244  244  248  249  260  269  257                                   
    57.5-180.0 180.0   5.0 450.0                            LAT/LON1/LON2/DLON/H
  264  264  255  238  228  218  211  211  215  217  217  213  202  187  169  153
  141  133  129  127  126  125  120  113  105   95   86   80   75   73   72   71
   71   70   68   65   62   59   58   57   58   60   61   62   62   62   63   65
   71   79   89  100  113  126  142  159  178  197  216  232  243  251  255  256
  255  252  253  251  254  253  263  270  264                                   
    55.0-180.0 180.0   5.0 450.0                            LAT/LON1/LON2/DLON/H
  276  278  269  251  242  230  220  216  215  214  212  208  200  189  177  166
  158  152  148  146  143  138  131  121  110  100   90   83   79   76   75   74
   74   73   71   70   68   66   65   65   66   68   70   70   69   68   68   71
   77   86   98  111  125  139  153  169  187  205  223  239  251  259  264  268
  267  265  266  264  264  260  269  274  276                                   
    52.5-180.0 180.0   5.0 450.0                            LAT/LON1/LON2/DLON/H
  293  297  288  272  266  254  240  231  224  216  208  202  195  188  181  175
  170  166  163  159  154  147  138  128  117  106   97   91   87   84   82   81
   81   81   81   80   79   79   78   79   80   82   82   82   80   78   77   80
   86   97  110  125  139  152  165  180  195  212  229  244  256  265  272  278
  280  280  282  279  278  271  278  282  293                                   
    50.0-180.0 180.0   5.0 450.0                            LAT/LON1/LON2/DLON/H
  313  319  310  302  299  288  273  257  242  225  211  200  191  185  181  178
  176  173  169  165  159  153  144  135  125  116  108  103   99   95   93   92
   91   92   93   95   96   96   96   96   97   98   98   96   93   90   89   92
   99  110  125  141  155  168  180  192  205  219  234  247  258  268  276  285
  291  295  298  294  292  284  289  294  313                                   
    47.5-180.0 180.0   5.0 450.0                            LAT/LON1/LON2/DLON/H
  330  339  334  334  336  328  313  293  270  244  221  204  191  184  180  177
  175  172  168  164  160  155  150  143  136  129  123  117  113  109  105  102
  102  103  106  109  112  113  113  113  113  113  112  110  107  104  102  105
  113  125  141  158  173  186  196  206  216  227  238  248  258  266  276  287
  296  304  309  306  304  297  301  307  330                                   
    45.0-180.0 180.0   5.0 450.0                            LAT/LON1/LON2/DLON/H
  341  351  354  363  368  365  353  332  303  271  240  216  199  188  181  176
  171  166  162  160  159  159  157  154  149  144  138  133  127  121  115  111
  109  111  116  121  125  126  127  126  125  125  125  123  120  117  116  119
  127  140  156  173  189  202  212  220  227  235  243  250  257  264  273  285
  297  308  316  314  313  307  312  318  341                                   
    42.5-180.0 180.0   5.0 450.0                            LAT/LON1/LON2/DLON/H
  344  355  363  378  387  388  381  363  334  299  265  237  216  201  189  179
  170  164  160  161  164  168  170  169  165  159  153  146  138  129  121  115
  113  116  122  128  133  135  135  134  134  134  134  133  132  130  130  133
  140  152  168  186  203  217  227  234  239  244  249  254  259  264  273  285
  297  310  319  321  321  317  322  328  344                                   
    40.0-180.0 180.0   5.0 450.0                            LAT/LON1/LON2/DLON/H
  345  352  360  374  387  392  389  377  353  321  289  262  240  221  204  189
  176  168  166  171  178  185  188  187  181  172  163  154  144  133  124  118
  117  121  127  133  138  139  140  139  140  141  141  142  141  141  141  144
  151  162  178  196  214  229  240  247  251  254  257  261  265  270  278  289
  301  313  325  329  332  331  336  339  345                                   
    37.5-180.0 180.0   5.0 450.0                            LAT/LON1/LON2/DLON/H
  349  349  350  356  370  377  376  370  354  330  305  283  263  244  224  205
  190  182  182  190  200  208  209  203  192  180  168  157  147  137  130  126
  127  131  137  141  143  143  143  143  144  146  148  149  149  150  151  153
  159  169  184  202  222  239  252  259  263  265  267  271  276  282  291  302
  313  325  337  344  351  356  360  355  349                                   
    35.0-180.0 180.0   5.0 450.0                            LAT/LON1/LON2/DLON/H
  363  357  347  338  348  352  350  347  339  324  309  296  282  265  245  225
  209  202  205  215  225  229  225  213  197  182  170  160  153  148  145  145
  148  152  154  154  152  149  147  148  150  153  155  155  155  156  157  159
  164  172  186  205  226  246  260  269  273  275  278  283  291  301  313  325
  336  348  362  372  384  395  398  384  363                                   
    32.5-180.0 180.0   5.0 450.0                            LAT/LON1/LON2/DLON/H
  395  385  364  338  337  333  325  321  316  309  302  298  291  279  262  243
  229  225  229  238  244  242  231  214  195  181  172  167  167  169  173  178
  183  185  182  175  165  158  154  155  158  161  162  162  160  159  159  161
  165  172  185  204  227  249  266  276  281  284  289  298  311  326  343  360
  373  386  402  414  432  449  450  428  395                                   
    30.0-180.0 180.0   5.0 450.0                            LAT/LON1/LON2/DLON/H
  451  443  408  366  355  339  320  309  300  294  292  292  291  284  271  256
  245  242  246  251  250  240  223  204  189  180  178  183  191  202  215  226
  232  231  220  203  185  172  166  165  168  170  170  167  163  160  158  159
  162  168  181  201  225  249  268  281  288  293  302  317  337  361  387  411
  430  446  463  476  497  520  516  488  451                                   
    27.5-180.0 180.0   5.0 450.0                            LAT/LON1/LON2/DLON/H
  529  531  482  428  407  382  350  327  308  296  290  290  289  284  274  262
  253  250  251  248  238  221  203  189  183  184  193  207  226  247  269  285
  292  286  266  238  210  190  180  178  179  179  176  170  163  157  154  153
  156  162  176  196  222  249  271  287  297  307  321  342  371  405  441  473
  500  522  541  555  580  607  598  565  529                                   
    25.0-180.0 180.0   5.0 450.0                            LAT/LON1/LON2/DLON/H
  626  642  583  524  493  460  415  377  346  323  308  301  295  287  276  265
  255  248  241  229  211  192  179  177  183  198  217  241  270  300  328  347
  351  338  309  271  235  208  193  188  186  183  177  168  159  152  147  146
  149  157  172  195  224  254  281  301  316  331  351  379  415  456  498  536
  568  594  617  635  662  699  694  658  626                                   
    22.5-180.0 180.0   5.0 450.0                            LAT/LON1/LON2/DLON/H
  727  758  702  644  605  565  508  455  409  374  347  329  314  299  285  269
  255  240  224  203  182  167  164  175  196  223  252  284  318  351  379  395
  395  376  340  295  252  220  201  192  186  180  171  161  152  144  139  139
  143  154  173  199  231  265  297  323  345  366  392  425  465  510  554  593
  627  655  679  702  729  779  787  752  727                                   
    20.0-180.0 180.0   5.0 450.0                            LAT/LON1/LON2/DLON/H
  816  856  811  765  722  681  616  551  494  445  405  374  348  326  305  284
  262  239  213  187  166  158  167  191  225  262  298  330  360  388  410  421
  416  392  353  304  258  222  200  187  178  169  159  150  142  136  132  133
  140  155  177  207  242  279  316  349  378  407  438  474  515  558  600  637
  670  698  723  749  774  829  855  826  816                                   
    17.5-180.0 180.0   5.0 450.0                            LAT/LON1/LON2/DLON/H
  874  913  886  859  820  783  720  652  587  529  477  433  397  367  339  312
  283  252  221  194  176  176  195  230  274  314  346  369  387  405  418  422
  412  385  342  293  247  213  190  176  164  154  145  138  133  129  127  129
  139  157  183  216  254  294  334  372  408  442  478  515  555  595  632  664
  693  718  743  769  791  840  877  860  874                                   
    15.0-180.0 180.0   5.0 450.0                            LAT/LON1/LON2/DLON/H
  882  916  912  906  879  853  799  737  672  611  553  501  457  420  387  354
  320  285  253  228  217  224  252  294  338  371  388  394  397  402  405  400
  383  352  310  264  225  196  177  163  151  140  132  128  126  125  124  127
  139  160  189  225  264  305  348  389  429  467  506  543  581  616  646  670
  693  713  735  760  777  814  852  851  882                                   
    12.5-180.0 180.0   5.0 450.0                            LAT/LON1/LON2/DLON/H
  846  873  891  903  890  875  836  786  732  676  619  566  520  481  445  409
  372  338  309  291  288  303  334  373  406  420  416  403  392  383  375  360
  336  302  264  229  200  181  167  155  143  132  125  123  123  124  124  127
  139  162  194  231  271  313  355  397  439  479  518  556  591  620  642  659
  674  687  705  725  738  762  794  809  846                                   
    10.0-180.0 180.0   5.0 450.0                            LAT/LON1/LON2/DLON/H
  788  808  836  858  858  852  828  794  756  712  664  617  576  540  506  470
  435  404  383  375  382  401  428  453  463  454  429  400  375  355  336  313
  284  252  223  199  183  172  164  155  143  132  125  123  125  125  124  127
  139  163  196  235  274  314  356  397  438  478  517  555  588  613  630  640
  649  656  668  683  690  703  727  755  788                                   
     7.5-180.0 180.0   5.0 450.0                            LAT/LON1/LON2/DLON/H
  729  738  766  790  797  800  788  771  748  719  684  649  616  587  559  527
  496  473  462  466  480  497  512  514  499  467  426  385  352  326  301  273
