data/edconvlstm_nd/pred0100.15i
     1.0            IONOSPHERE MAPS     GNSS                IONEX VERSION / TYPE
pyspatialgeodesy        IME             05-JAN-18 20:20     PGM / RUN BY / DATE 
Map Name                                                    COMMENT             
Predicted global ionosphere maps (GIM).                     DESCRIPTION         
  2015     1    10     0     0     0                        EPOCH OF FIRST MAP  
  2015     1    11     0     0     0                        EPOCH OF LAST MAP   
  7200                                                      INTERVAL            
    13                                                      # OF MAPS IN FILE   
  NONE                                                      MAPPING FUNCTION    
10.0                                                        ELEVATION CUTOFF    
One-way carrier phase leveled to code                       OBSERVABLES USED    
  6371.0                                                    BASE RADIUS         
 2                                                          MAP DIMENSION       
   450.0 450.0   0.0                                        HGT1 / HGT2 / DHGT  
    87.5 -87.5  -2.5                                        LAT1 / LAT2 / DLAT  
  -180.0 180.0   5.0                                        LON1 / LON2 / DLON  
    -1                                                      EXPONENT            
                                                            END OF HEADER       
[from data line 858]
     3                                                      START OF TEC MAP    
  2015     1    10     4     0     0                        EPOCH OF CURRENT MAP
    87.5-180.0 180.0   5.0 450.0                            LAT/LON1/LON2/DLON/H
   66   70   64   67   66   66   63   60   60   61   61   61   61   61   61   60
   59   59   58   57   56   55   54   53   53   52   51   51   51   50   50   50
   50   50   50   50   50   50   50   50   50   50   50   50   51   51   52   53
   53   54   55   56   57   58   59   60   60   61   61   62   62   62   62   62
   64   64   62   62   66   77   81   71   66                                   
    85.0-180.0 180.0   5.0 450.0                            LAT/LON1/LON2/DLON/H
   61   75   63   66   68   68   66   64   64   64   64   64   64   64   64   63
   63   62   61   60   59   58   57   56   56   55   54   54   54   54   54   54
   54   54   54   54   55   55   55   55   55   55   56   56   57   57   58   59
   60   61   63   64   65   67   68   69   71   72   72   73   74   74   74   75
   76   76   73   75   76   78   86   75   61                                   
    82.5-180.0 180.0   5.0 450.0                            LAT/LON1/LON2/DLON/H
   67   67   76   69   67   67   66   64   64   64   64   65   65   65   65   65
   64   63   62   61   59   57   56   54   53   52   51   51   51   51   51   52
   52   53   54   54   55   55   55   55   55   55   56   56   56   57   58   60
   61   63   65   67   69   71   73   75   77   79   80   82   82   83   83   84
   85   85   81   80   89   78   77   74   67                                   
    80.0-180.0 180.0   5.0 450.0                            LAT/LON1/LON2/DLON/H
   82   77   75   66   67   63   64   62   63   62   62   64   65   66   66   66
   65   64   63   61   58   56   54   52   51   50   49   49   50   51   52   53
   54   56   57   58   59   59   59   59   59   58   58   58   58   58   59   60
   62   64   67   70   73   75   78   81   84   86   88   90   92   93   94   95
   96   94   94   93  101   93   89   82   82                                   
    77.5-180.0 180.0   5.0 450.0                            LAT/LON1/LON2/DLON/H
   92   85   77   69   64   62   63   62   63   63   63   66   67   69   70   70
   69   67   65   62   59   56   54   51   50   49   49   49   51   52   55   57
   60   62   64   66   67   68   68   68   67   66   65   64   63   63   63   64
   66   69   72   75   79   82   86   89   92   94   97   99  101  102  104  105
  106  106  104  105  107   94   91   85   92                                   
    75.0-180.0 180.0   5.0 450.0                            LAT/LON1/LON2/DLON/H
   93   86   77   69   62   60   60   57   58   58   58   61   64   66   67   67
   65   63   60   57   54   50   48   46   45   45   46   47   50   52   55   59
   62   65   68   71   72   74   74   73   72   70   68   66   64   63   63   64
   66   69   72   76   80   84   87   91   93   96   98  100  103  104  106  108
  108  109  108  106  109  100   96   89   93                                   
    72.5-180.0 180.0   5.0 450.0                            LAT/LON1/LON2/DLON/H
   99   91   82   72   67   64   63   60   60   59   60   63   65   66   67   66
   64   61   58   54   51   48   46   44   44   45   47   50   53   56   60   64
   67   71   74   77   79   81   81   81   79   77   74   70   68   66   66   67
   70   74   78   83   87   91   95   98  100  102  104  106  108  110  112  114
  115  115  117  115  117  106  101   95   99                                   
    70.0-180.0 180.0   5.0 450.0                            LAT/LON1/LON2/DLON/H
  110   98   89   81   74   68   66   62   62   60   60   62   64   64   64   62
   60   56   52   48   45   42   41   41   42   44   46   50   54   57   61   64
   67   69   72   74   77   79   80   80   78   76   72   69   66   64   65   67
   71   76   82   87   93   97  101  104  106  108  110  112  114  115  116  118
  119  119  120  120  121  112  109  102  110                                   
    67.5-180.0 180.0   5.0 450.0                            LAT/LON1/LON2/DLON/H
  116  103   93   86   78   72   67   63   61   59   58   59   59   58   57   55
   52   48   44   41   38   36   36   37   39   42   45   49   53   56   58   60
   61   62   64   66   67   69   71   71   70   68   65   61   59   57   58   62
   67   74   82   89   96  102  106  109  112  114  116  118  120  122  122  123
  122  121  121  120  121  113  110  104  116                                   
    65.0-180.0 180.0   5.0 450.0                            LAT/LON1/LON2/DLON/H
  125  110   99   93   84   77   72   67   64   60   58   58   57   56   54   51
   48   44   41   38   36   35   35   37   39   43   47   50   54   56   57   57
   56   55   55   55   57   59   61   62   62   60   58   55   53   53   55   60
   67   77   87   97  105  112  117  122  125  129  132  135  137  138  138  136
  133  129  127  124  125  118  116  111  125                                   
    62.5-180.0 180.0   5.0 450.0                            LAT/LON1/LON2/DLON/H
  133  119  108  100   92   84   77   71   68   63   60   59   57   55   52   50
   47   44   41   39   37   36   37   39   42   45   48   52   54   55   55   53
   51   48   46   45   46   48   50   52   53   53   51   49   48   49   53   60
   70   81   94  107  118  127  134  140  145  150  155  160  163  164  162  158
  152  145  139  133  131  124  123  119  133                                   
    60.0-180.0 180.0   5.0 450.0                            LAT/LON1/LON2/DLON/H
  140  125  114  105   95   87   79   73   69   63   59   57   55   53   51   49
   47   45   43   41   40   39   39   40   42   44   47   49   51   52   51   48
   44   40   37   35   36   38   41   43   45   46   45   44   44   46   51   60
   72   86  101  117  131  143  152  161  168  175  182  188  192  192  189  184
  174  163  154  145  141  133  132  128  140                                   
    57.5-180.0 180.0   5.0 450.0                            LAT/LON1/LON2/DLON/H
  148  133  121  109   99   89   81   74   69   63   58   56   53   52   51   51
   50   49   48   46   44   43   41   41   41   42   43   45   46   47   46   43
   39   35   31   30   30   32   35   39   41   42   42   42   43   46   52   62
   76   93  111  130  147  162  174  184  193  201  209  216  221  221  217  210
  198  184  173  162  156  147  146  142  148                                   
    55.0-180.0 180.0   5.0 450.0                            LAT/LON1/LON2/DLON/H
  158  142  128  113  102   91   81   73   67   60   55   52   50   50   51   52
   53   54   52   51   48   45   42   40   39   38   38   39   40   41   40   39
   36   32   30   28   29   31   35   38   40   42   42   43   44   49   56   68
   83  102  123  144  164  181  195  207  216  225  233  239  243  243  239  231
  218  203  192  180  174  164  163  159  158                                   
    52.5-180.0 180.0   5.0 450.0                            LAT/LON1/LON2/DLON/H
  170  153  137  120  107   94   82   72   65   57   51   48   46   47   50   53
   55   57   56   54   50   46   42   39   36   34   34   34   35   36   37   37
   35   34   33   33   34   36   39   42   44   45   46   47   50   55   64   77
   94  114  137  160  182  201  216  228  236  243  249  253  255  254  249  241
  229  215  206  196  192  181  180  175  170                                   
    50.0-180.0 180.0   5.0 450.0                            LAT/LON1/LON2/DLON/H
  183  166  149  130  116  100   86   74   64   55   48   44   43   44   48   52
   56   57   57   54   51   47   43   39   36   33   32   32   33   34   36   37
   38   39   40   42   44   46   49   50   52   52   53   54   58   64   75   89
  107  129  154  178  202  221  236  246  252  255  257  258  257  253  247  240
  229  219  213  206  206  195  195  190  183                                   
    47.5-180.0 180.0   5.0 450.0                            LAT/LON1/LON2/DLON/H
  196  179  161  142  128  110   93   79   67   55   47   43   41   42   45   50
   54   56   55   54   51   48   45   43   40   37   35   35   35   36   37   39
   42   45   49   52   56   59   60   61   61   61   62   64   69   77   89  105
  124  147  172  198  221  241  254  262  264  263  260  255  250  243  236  229
  221  214  212  209  213  204  204  199  196                                   
    45.0-180.0 180.0   5.0 450.0                            LAT/LON1/LON2/DLON/H
  205  189  172  155  141  123  105   87   73   60   50   44   41   42   44   48
   51   53   53   53   52   52   51   50   48   46   44   42   41   41   41   43
   46   51   56   62   67   70   71   71   71   70   71   74   80   90  104  122
  143  166  191  217  240  258  271  276  274  269  261  251  242  232  223  216
  210  207  208  208  214  206  206  202  205                                   
    42.5-180.0 180.0   5.0 450.0                            LAT/LON1/LON2/DLON/H
  210  194  179  166  153  136  117   98   82   68   57   50   46   45   46   48
   50   52   53   55   56   58   60   61   61   59   57   53   50   47   46   47
   50   55   62   69   74   77   78   78   78   78   80   85   92  104  120  139
  161  185  209  234  256  274  285  289  285  277  267  255  243  231  221  213
  207  205  207  207  213  205  204  201  210                                   
    40.0-180.0 180.0   5.0 450.0                            LAT/LON1/LON2/DLON/H
  212  195  182  171  160  144  126  108   92   77   66   59   54   51   50   51
   52   54   57   61   65   69   73   76   76   75   71   66   60   55   52   51
   54   59   66   73   78   80   81   81   82   84   88   95  104  117  135  155
  178  201  225  248  270  287  299  303  301  294  285  275  263  251  240  231
  224  219  219  216  218  205  204  200  212                                   
    37.5-180.0 180.0   5.0 450.0                            LAT/LON1/LON2/DLON/H
  212  193  180  170  160  146  130  114  100   86   76   70   65   61   59   58
   59   62   66   71   77   82   87   89   90   87   82   76   69   63   58   56
   57   61   67   74   78   80   81   82   85   90   96  104  115  130  148  170
  192  215  238  261  282  301  314  322  325  324  320  315  308  299  288  279
  268  259  252  242  237  217  213  206  212                                   
    35.0-180.0 180.0   5.0 450.0                            LAT/LON1/LON2/DLON/H
  215  191  176  164  155  142  128  115  103   91   84   80   76   73   70   69
   70   74   80   86   92   96   99  100   98   95   90   83   76   70   64   61
   60   63   68   73   76   78   79   82   87   94  103  113  126  142  161  183
  205  228  250  273  295  316  334  348  358  365  370  373  373  369  362  352
  339  324  309  290  276  246  237  226  215                                   
    32.5-180.0 180.0   5.0 450.0                            LAT/LON1/LON2/DLON/H
  228  196  176  158  147  134  121  110  101   92   88   86   85   84   82   82
   84   89   96  102  106  107  106  104  101   97   92   87   82   77   71   67
   65   66   70   73   75   76   77   81   88   98  109  121  135  152  172  195
  217  240  262  285  309  334  358  379  399  416  432  444  451  454  451  442
  426  406  385  357  334  295  281  264  228                                   
    30.0-180.0 180.0   5.0 450.0                            LAT/LON1/LON2/DLON/H
  254  213  185  158  144  128  114  104   96   89   87   89   91   92   92   93
   96  102  109  113  114  111  107  102   97   94   92   90   87   84   80   76
   73   72   73   74   74   74   76   81   89  101  114  128  143  161  182  205
  228  250  273  298  325  355  385  416  445  473  498  520  536  546  548  541
  524  499  472  436  407  362  341  318  254                                   
    27.5-180.0 180.0   5.0 450.0                            LAT/LON1/LON2/DLON/H
  297  247  208  171  151  129  112  100   91   85   84   88   92   96   98  100
  104  110  115  117  114  108  101   96   93   91   92   93   94   94   91   87
   84   82   80   78   76   74   75   80   89  101  116  131  149  169  191  215
  238  261  285  312  343  378  416  455  493  530  564  595  620  637  644  640
  623  596  565  525  491  442  412  386  297                                   
    25.0-180.0 180.0   5.0 450.0                            LAT/LON1/LON2/DLON/H
  356  299  249  202  173  145  121  105   92   84   83   87   92   97  100  103
  106  110  113  112  106  100   94   91   91   93   96  100  104  106  105  102
   97   93   88   84   80   76   76   80   88  100  114  131  151  173  198  223
  248  272  297  327  363  404  449  494  539  582  622  659  690  712  725  725
  710  685  654  614  578  529  492  467  356                                   
    22.5-180.0 180.0   5.0 450.0                            LAT/LON1/LON2/DLON/H
  426  364  305  252  215  180  148  124  105   92   86   89   94   98  101  103
  104  105  105  101   95   91   89   92   96  102  108  115  121  124  123  118
  111  105   98   91   85   79   77   79   85   95  109  127  149  175  203  231
  257  283  310  344  384  430  480  529  576  620  662  701  734  761  777  781
  771  751  726  692  659  616  578  556  426                                   
    20.0-180.0 180.0   5.0 450.0                            LAT/LON1/LON2/DLON/H
  500  436  374  319  275  236  195  164  135  113  101   99  102  105  106  105
  103  100   96   91   87   88   93  102  112  122  130  138  143  146  143  136
  127  117  108   99   90   83   78   77   80   88  101  120  146  176  207  238
  266  294  324  360  403  453  504  554  599  640  678  714  746  772  791  799
  795  783  769  745  718  688  659  642  500                                   
    17.5-180.0 180.0   5.0 450.0                            LAT/LON1/LON2/DLON/H
  570  508  449  398  348  307  261  222  185  154  133  123  121  121  119  114
  107  100   93   89   89   96  109  125  142  155  163  168  171  170  165  155
  142  129  117  105   95   86   79   76   76   81   94  114  142  176  212  245
  275  305  337  374  419  468  519  564  603  637  668  696  722  746  765  776
  781  779  776  765  747  734  719  709  570                                   
    15.0-180.0 180.0   5.0 450.0                            LAT/LON1/LON2/DLON/H
  627  574  522  478  426  386  338  295  252  212  182  165  156  151  144  135
  124  113  105  102  107  119  139  163  184  197  202  201  198  192  182  169
  153  137  123  110   99   89   81   75   73   76   88  109  141  178  217  252
  284  315  348  385  429  476  521  561  592  616  636  654  672  691  708  723
  736  744  753  755  746  750  748  744  627                                   
    12.5-180.0 180.0   5.0 450.0                            LAT/LON1/LON2/DLON/H
  665  626  586  548  497  459  414  372  327  284  248  224  209  198  187  173
  158  145  136  135  143  161  187  214  235  243  239  230  218  206  191  174
  156  140  125  113  102   92   83   76   72   74   85  108  141  182  222  260
  293  324  357  393  433  476  515  548  571  586  595  603  613  626  643  660
  679  696  713  724  722  736  744  744  665                                   
    10.0-180.0 180.0   5.0 450.0                            LAT/LON1/LON2/DLON/H
  681  660  630  598  551  516  476  440  399  358  321  294  275  260  245  228
  211  197  189  190  201  221  247  271  284  282  268  248  228  208  189  171
  154  139  126  115  105   96   86   79   74   75   86  110  145  187  228  266
  300  332  364  399  435  471  505  531  548  556  559  560  565  575  591  611
  633  654  674  688  691  706  716  720  681                                   
     7.5-180.0 180.0   5.0 450.0                            LAT/LON1/LON2/DLON/H
  679  671  649  622  581  550  516  487  455  421  389  363  344  328  313  296
  279  267  261  264  275  292  311  323  322  307  282  253  224  200  180  164
