data/edconvlstm_nd/pred0300.15i
     1.0            IONOSPHERE MAPS     GNSS                IONEX VERSION / TYPE
pyspatialgeodesy        IME             05-JAN-18 20:20     PGM / RUN BY / DATE 
Map Name                                                    COMMENT             
Predicted global ionosphere maps (GIM).                     DESCRIPTION         
  2015     1    30     0     0     0                        EPOCH OF FIRST MAP  
  2015     1    31     0     0     0                        EPOCH OF LAST MAP   
  7200                                                      INTERVAL            
    13                                                      # OF MAPS IN FILE   
  NONE                                                      MAPPING FUNCTION    
10.0                                                        ELEVATION CUTOFF    
One-way carrier phase leveled to code                       OBSERVABLES USED    
  6371.0                                                    BASE RADIUS         
 2                                                          MAP DIMENSION       
   450.0 450.0   0.0                                        HGT1 / HGT2 / DHGT  
    87.5 -87.5  -2.5                                        LAT1 / LAT2 / DLAT  
  -180.0 180.0   5.0                                        LON1 / LON2 / DLON  
    -1                                                      EXPONENT            
                                                            END OF HEADER       
[from data line 5148]
    13                                                      START OF TEC MAP    
  2015     1    31     0     0     0                        EPOCH OF CURRENT MAP
    87.5-180.0 180.0   5.0 450.0                            LAT/LON1/LON2/DLON/H
   94   92   87   80   80   86   85   85   87   89   92   95   97   99  101  102
  103  104  104  104  103  103  102  100   99   97   95   93   90   88   85   82
   80   77   75   72   70   68   66   65   64   63   62   62   62   62   62   63
   63   64   65   66   66   67   68   68   69   69   69   69   69   69   69   69
   69   69   68   69   64   77   84   86   94                                   
    85.0-180.0 180.0   5.0 450.0                            LAT/LON1/LON2/DLON/H
   91   98   79   85   89   98   96   97  100  102  105  108  110  113  114  116
  116  116  116  115  113  111  109  106  103   99   96   92   88   84   80   76
   73   70   67   64   62   60   59   58   58   58   58   59   60   61   62   64
   66   68   69   71   73   74   76   77   78   79   79   80   80   80   80   80
   80   79   80   84   85   92  102   96   91                                   
    82.5-180.0 180.0   5.0 450.0                            LAT/LON1/LON2/DLON/H
   85   81   93   91   94  105  103  106  112  116  120  125  129  131  133  134
  134  133  130  127  124  119  114  109  103   97   91   85   79   73   68   64
   60   56   54   51   50   48   48   48   48   49   51   52   55   57   60   63
   66   69   71   74   77   79   82   84   85   86   87   88   88   87   87   87
   86   85   85   83   87   81   91   93   85                                   
    80.0-180.0 180.0   5.0 450.0                            LAT/LON1/LON2/DLON/H
   96   92   96   91   98  106  111  116  126  131  138  144  149  152  153  152
  150  147  142  137  131  124  117  110  103   96   90   85   79   74   69   65
   62   59   56   54   52   51   50   50   50   51   52   53   55   58   61   64
   68   72   76   80   83   86   89   91   93   95   95   96   96   95   95   94
   93   90   88   84   97   88  101  113   96                                   
    77.5-180.0 180.0   5.0 450.0                            LAT/LON1/LON2/DLON/H
  107  104  100  104  104  112  120  131  142  150  159  166  171  174  173  171
  166  160  154  146  139  132  124  117  111  105   99   94   89   84   80   76
   73   71   68   67   65   64   63   62   61   61   61   62   64   66   69   73
   77   81   85   89   93   96   99  101  103  104  104  104  104  103  103  102
  100   99   97   95  100   99  106  124  107                                   
    75.0-180.0 180.0   5.0 450.0                            LAT/LON1/LON2/DLON/H
  122  113  115  118  116  126  134  145  159  168  177  184  187  186  182  175
  167  157  148  139  132  125  120  115  111  107  104  101   98   95   92   89
   87   86   84   83   81   80   78   77   75   74   74   74   75   76   79   82
   85   89   93   97  100  103  105  107  108  108  109  109  108  108  107  107
  105  106  106  101  107  115  120  134  122                                   
    72.5-180.0 180.0   5.0 450.0                            LAT/LON1/LON2/DLON/H
  132  130  134  134  132  138  148  161  175  184  193  199  199  194  185  173
  159  147  136  127  120  116  114  113  112  111  110  109  107  105  103  101
  100   98   97   96   94   93   91   89   87   85   84   83   83   84   86   88
   91   95   99  102  104  106  107  108  108  108  108  107  107  107  109  110
  109  111  116  116  121  129  138  155  132                                   
    70.0-180.0 180.0   5.0 450.0                            LAT/LON1/LON2/DLON/H
  156  155  157  159  155  162  170  182  196  206  213  216  212  201  186  167
  149  132  119  109  104  102  103  105  107  109  111  111  110  108  107  105
  104  103  103  102  101  100   98   96   94   92   90   89   89   90   92   94
   97  100  103  106  107  108  107  107  106  105  105  105  105  107  110  113
  115  119  127  132  140  151  158  173  156                                   
    67.5-180.0 180.0   5.0 450.0                            LAT/LON1/LON2/DLON/H
  180  185  183  184  180  184  190  201  214  222  228  228  220  204  182  158
  135  115  100   91   87   86   89   93   97  100  102  102  101   99   97   95
   94   92   92   91   91   90   89   88   87   86   85   85   85   86   88   91
   94   96   99  100  101  100   99   97   96   95   95   96   98  101  106  112
  117  123  134  142  155  169  177  192  180                                   
    65.0-180.0 180.0   5.0 450.0                            LAT/LON1/LON2/DLON/H
  202  211  208  208  204  205  209  219  231  239  244  241  230  209  183  155
  129  107   91   82   78   78   81   84   88   90   90   89   87   84   81   79
   77   75   74   74   74   74   74   74   75   75   76   77   78   80   82   84
   87   89   91   92   91   90   88   86   85   85   86   89   94   99  106  114
  121  129  142  152  168  185  195  209  202                                   
    62.5-180.0 180.0   5.0 450.0                            LAT/LON1/LON2/DLON/H
  220  233  229  230  226  225  226  236  247  254  257  254  241  218  190  160
  132  109   93   83   78   77   78   79   80   80   78   75   72   68   65   62
   59   57   56   56   56   56   57   59   62   64   66   68   70   72   74   76
   78   80   81   81   81   79   78   77   76   78   82   87   94  101  110  119
  127  136  150  160  175  194  205  219  220                                   
    60.0-180.0 180.0   5.0 450.0                            LAT/LON1/LON2/DLON/H
  231  246  244  244  241  239  238  246  256  262  265  261  248  226  199  170
  143  120  103   92   84   80   77   75   72   69   65   62   58   55   52   48
   46   44   42   41   41   42   44   47   51   55   58   61   63   64   66   67
   68   69   70   70   69   68   68   68   70   74   80   88   97  107  117  127
  135  143  156  165  179  196  208  224  231                                   
    57.5-180.0 180.0   5.0 450.0                            LAT/LON1/LON2/DLON/H
  239  254  254  254  252  249  247  253  261  265  267  263  252  233  210  184
  160  138  120  106   95   85   78   71   65   59   55   52   50   47   45   43
   40   38   36   35   35   36   38   42   46   51   55   58   59   60   59   59
   59   60   60   61   61   61   62   64   68   75   84   94  106  117  129  139
  146  154  166  173  184  197  209  228  239                                   
    55.0-180.0 180.0   5.0 450.0                            LAT/LON1/LON2/DLON/H
  246  261  262  262  261  258  255  259  265  266  266  262  252  238  220  200
  179  159  140  122  106   91   79   68   60   54   51   49   49   48   47   45
   43   41   39   38   38   39   41   45   49   54   58   61   61   60   58   56
   55   55   56   57   58   59   61   65   71   80   90  103  116  129  142  153
  160  167  179  185  193  202  212  234  246                                   
    52.5-180.0 180.0   5.0 450.0                            LAT/LON1/LON2/DLON/H
  258  271  271  272  273  271  267  268  271  269  265  260  251  241  228  214
  197  178  157  136  116   98   83   70   62   56   54   55   56   57   57   55
   53   52   50   50   50   50   52   55   59   64   67   69   68   65   62   59
   57   57   58   59   61   63   67   71   78   87   99  112  126  140  154  166
  175  183  195  201  209  213  223  246  258                                   
    50.0-180.0 180.0   5.0 450.0                            LAT/LON1/LON2/DLON/H
  274  285  283  285  289  288  284  283  283  276  268  260  252  244  236  225
  211  193  172  148  126  107   91   79   71   67   66   68   71   72   72   70
   67   66   65   66   66   67   68   70   74   78   81   81   79   75   71   68
   66   66   67   69   72   75   79   83   89   98  109  122  136  151  165  179
  190  201  214  221  230  233  241  263  274                                   
    47.5-180.0 180.0   5.0 450.0                            LAT/LON1/LON2/DLON/H
  293  304  300  303  308  309  306  304  300  289  276  264  254  248  242  234
  221  203  181  158  136  118  104   93   87   84   85   88   90   89   86   82
   78   77   78   80   82   83   84   86   89   92   94   94   92   88   84   81
   80   81   83   86   89   92   95   99  104  111  120  132  145  159  175  190
  204  218  233  243  254  258  267  286  293                                   
    45.0-180.0 180.0   5.0 450.0                            LAT/LON1/LON2/DLON/H
  311  324  320  323  329  332  330  328  322  307  289  273  261  254  248  240
  227  208  187  165  147  132  121  113  109  108  108  108  106  100   92   85
   80   80   83   88   93   95   96   97   99  102  105  105  103  100   98   97
   98  100  102  105  108  110  113  115  119  124  132  142  154  167  182  198
  214  230  248  262  277  285  295  310  311                                   
    42.5-180.0 180.0   5.0 450.0                            LAT/LON1/LON2/DLON/H
  324  341  338  342  347  352  352  351  344  327  306  287  273  263  256  246
  231  212  192  175  161  151  144  139  136  133  129  122  113  101   88   78
   73   75   82   90   97  100  101  102  104  108  111  112  112  111  111  112
  114  117  119  121  123  125  127  129  132  137  143  152  162  174  188  203
  219  238  258  275  294  306  317  329  324                                   
    40.0-180.0 180.0   5.0 450.0                            LAT/LON1/LON2/DLON/H
  331  353  351  354  359  363  364  366  361  344  323  303  287  276  266  254
  237  219  202  190  181  176  172  168  161  153  141  126  110   93   79   69
   66   71   80   91   99  103  103  104  106  110  114  116  117  118  119  122
  125  127  129  130  131  133  135  138  141  146  153  161  171  181  194  208
  223  240  261  280  300  317  331  341  331                                   
    37.5-180.0 180.0   5.0 450.0                            LAT/LON1/LON2/DLON/H
  334  360  359  359  362  365  366  369  366  352  334  315  300  289  278  264
  248  232  219  212  208  206  201  193  179  162  142  122  103   87   75   69
   69   76   87   98  106  108  107  106  108  113  117  120  120  121  122  125
  127  129  129  129  130  133  136  141  147  154  162  172  181  191  202  214
  226  240  260  278  298  318  335  346  334                                   
    35.0-180.0 180.0   5.0 450.0                            LAT/LON1/LON2/DLON/H
  336  365  364  361  362  361  360  362  361  351  336  322  310  300  290  277
  263  251  243  240  239  234  223  206  185  160  137  117  102   92   87   87
   92  100  110  119  122  121  117  115  116  119  123  124  123  122  122  122
  123  122  120  120  121  126  133  141  151  162  173  185  195  205  215  225
  233  243  259  274  292  314  334  349  336                                   
    32.5-180.0 180.0   5.0 450.0                            LAT/LON1/LON2/DLON/H
  344  374  374  367  365  359  352  352  351  343  332  322  314  307  300  290
  280  273  270  269  264  253  233  207  180  155  134  121  115  116  122  131
  141  150  156  158  154  146  138  132  131  133  135  134  129  124  120  117
  114  110  107  106  109  116  126  139  154  170  186  200  212  223  233  241
  246  252  264  274  291  313  334  353  344                                   
    30.0-180.0 180.0   5.0 450.0                            LAT/LON1/LON2/DLON/H
  363  393  394  385  379  367  354  348  344  336  327  320  315  311  307  301
  296  294  294  291  280  259  230  200  175  156  145  143  151  167  189  210
  224  230  227  217  203  186  171  160  156  156  155  149  140  130  120  113
  106   99   93   91   95  105  118  135  155  177  198  216  231  243  254  263
  267  271  278  283  299  319  341  365  363                                   
    27.5-180.0 180.0   5.0 450.0                            LAT/LON1/LON2/DLON/H
  395  424  428  420  410  391  371  358  349  338  328  321  317  314  312  310
  309  310  310  302  283  253  221  195  178  172  175  189  214  248  286  317
  332  330  313  288  260  233  211  196  189  185  180  171  157  140  126  113
  102   92   84   82   86   97  112  132  156  182  208  229  247  262  276  288
  296  301  305  304  321  340  362  389  395                                   
    25.0-180.0 180.0   5.0 450.0                            LAT/LON1/LON2/DLON/H
  443  469  479  473  461  436  409  387  372  356  342  332  326  321  318  317
  317  318  314  300  275  243  216  201  200  211  231  260  300  348  395  429
  440  426  395  355  314  278  250  232  221  215  207  194  176  154  134  118
  103   91   82   79   83   94  110  132  159  188  217  242  262  280  299  317
  331  340  344  339  359  377  402  431  443                                   
    22.5-180.0 180.0   5.0 450.0                            LAT/LON1/LON2/DLON/H
  502  524  546  546  530  502  469  440  416  394  374  358  346  336  329  325
  322  319  310  291  264  238  225  229  248  277  311  349  395  445  491  520
  522  497  453  401  351  310  279  258  247  239  230  215  193  168  145  125
  108   95   86   83   86   96  113  135  163  196  229  257  280  302  326  351
  373  388  394  390  411  429  461  491  502                                   
    20.0-180.0 180.0   5.0 450.0                            LAT/LON1/LON2/DLON/H
  568  585  623  631  614  585  549  514  483  453  426  402  381  364  349  339
  329  319  304  283  262  251  258  284  323  365  404  441  479  519  553  570
  562  527  475  416  361  318  287  268  257  251  243  227  205  179  154  133
  118  106   98   95   98  106  119  141  170  205  241  273  300  327  356  388
  419  442  452  453  475  491  532  563  568                                   
    17.5-180.0 180.0   5.0 450.0                            LAT/LON1/LON2/DLON/H
  633  647  699  717  700  675  639  603  568  532  497  463  433  406  382  362
  344  326  307  289  280  288  319  367  420  464  494  515  534  553  569  571
  552  509  452  391  338  298  272  258  251  248  243  230  210  185  163  145
  131  121  115  112  114  120  131  150  179  215  253  288  320  351  386  425
  462  493  510  519  540  555  602  634  633                                   
    15.0-180.0 180.0   5.0 450.0                            LAT/LON1/LON2/DLON/H
  685  702  761  787  774  756  726  693  658  619  579  538  499  462  429  399
  372  348  327  316  323  353  405  467  521  553  562  557  549  543  537  522
  492  444  387  331  286  257  241  234  233  235  234  225  209  190  171  157
  147  140  135  132  132  136  144  161  189  224  263  301  336  372  412  455
  498  533  557  575  595  607  657  689  685                                   
    12.5-180.0 180.0   5.0 450.0                            LAT/LON1/LON2/DLON/H
  717  740  801  832  825  815  795  769  738  701  659  615  571  528  488  451
  417  388  369  367  390  438  503  565  606  614  594  560  523  491  462  431
  394  348  299  258  230  215  209  210  214  219  222  218  207  192  178  168
  162  158  155  151  149  149  155  170  195  228  267  307  346  386  429  475
  520  557  587  611  630  642  691  722  717                                   
    10.0-180.0 180.0   5.0 450.0                            LAT/LON1/LON2/DLON/H
  728  760  819  852  851  849  838  821  797  765  726  683  639  596  554  514
  477  446  430  437  472  531  596  644  659  637  586  523  461  407  363  325
  289  255  226  205  194  191  194  199  205  211  214  213  205  195  185  179
  176  174  170  165  161  160  164  175  197  228  266  306  349  393  440  486
  530  567  599  627  645  658  703  733  728                                   
     7.5-180.0 180.0   5.0 450.0                            LAT/LON1/LON2/DLON/H
  726  767  821  853  856  861  857  848  830  804  771  734  695  657  619  582
  546  518  506  519  560  617  669  692  674  619  540  456  380  318  273  241
