data/edconvlstm_nd/pred1580.15i
     1.0            IONOSPHERE MAPS     GNSS                IONEX VERSION / TYPE
pyspatialgeodesy        IME             05-JAN-18 20:20     PGM / RUN BY / DATE 
Map Name                                                    COMMENT             
Predicted global ionosphere maps (GIM).                     DESCRIPTION         
  2015     6     7     0     0     0                        EPOCH OF FIRST MAP  
  2015     6     8     0     0     0                        EPOCH OF LAST MAP   
  7200                                                      INTERVAL            
    13                                                      # OF MAPS IN FILE   
  NONE                                                      MAPPING FUNCTION    
10.0                                                        ELEVATION CUTOFF    
One-way carrier phase leveled to code                       OBSERVABLES USED    
  6371.0                                                    BASE RADIUS         
 2                                                          MAP DIMENSION       
   450.0 450.0   0.0                                        HGT1 / HGT2 / DHGT  
    87.5 -87.5  -2.5                                        LAT1 / LAT2 / DLAT  
  -180.0 180.0   5.0                                        LON1 / LON2 / DLON  
    -1                                                      EXPONENT            
                                                            END OF HEADER       
[from data line 1716]
     5                                                      START OF TEC MAP    
  2015     6     7     8     0     0                        EPOCH OF CURRENT MAP
    87.5-180.0 180.0   5.0 450.0                            LAT/LON1/LON2/DLON/H
  203  194  187  188  189  188  186  185  186  187  187  188  188  188  189  189
  189  189  190  190  190  189  189  189  189  189  190  190  191  191  192  193
  193  194  195  196  196  197  197  198  198  198  198  198  198  198  198  198
  198  198  197  197  196  195  195  194  193  192  192  191  190  189  188  187
  186  188  185  186  189  189  191  195  203                                   
    85.0-180.0 180.0   5.0 450.0                            LAT/LON1/LON2/DLON/H
  193  188  191  189  189  190  190  190  192  192  192  193  193  194  194  195
  195  195  195  196  196  195  195  195  195  196  196  197  198  198  200  201
  202  203  204  205  206  207  207  208  208  209  209  209  209  209  209  209
  208  208  207  207  206  205  204  203  202  201  200  199  198  196  195  194
  194  195  190  191  187  188  193  199  193                                   
    82.5-180.0 180.0   5.0 450.0                            LAT/LON1/LON2/DLON/H
  188  192  191  186  186  187  187  187  188  189  189  191  191  192  193  193
  194  194  194  194  194  194  193  193  193  193  193  194  195  196  198  200
  202  204  205  207  209  210  211  212  213  213  214  214  214  214  214  214
  214  213  213  212  211  210  209  208  206  204  203  201  199  197  196  194
  193  192  187  189  188  191  195  187  188                                   
    80.0-180.0 180.0   5.0 450.0                            LAT/LON1/LON2/DLON/H
  189  194  192  188  188  187  187  188  189  190  190  192  192  194  195  196
  196  196  196  196  195  194  193  192  191  191  191  192  193  195  198  200
  203  206  209  212  214  216  218  219  221  221  222  223  223  224  224  224
  224  224  224  223  222  221  219  218  216  214  212  209  207  204  202  200
  198  196  191  192  191  192  199  187  189                                   
    77.5-180.0 180.0   5.0 450.0                            LAT/LON1/LON2/DLON/H
  194  196  196  193  191  190  189  189  190  189  189  191  192  193  195  196
  197  198  198  197  196  195  193  191  189  189  189  190  192  195  199  203
  208  212  216  220  224  226  229  230  232  233  234  235  235  236  237  237
  238  238  237  237  236  234  232  230  228  226  223  221  218  215  212  210
  207  204  198  198  199  198  198  193  194                                   
    75.0-180.0 180.0   5.0 450.0                            LAT/LON1/LON2/DLON/H
  196  201  197  195  192  191  190  188  188  187  186  187  188  190  192  194
  196  197  198  197  196  193  191  188  186  185  185  186  189  194  199  205
  211  218  223  228  233  236  238  240  242  243  244  245  246  247  248  249
  249  249  248  247  246  244  242  240  238  235  233  230  228  225  222  220
  216  213  207  203  202  202  202  196  196                                   
    72.5-180.0 180.0   5.0 450.0                            LAT/LON1/LON2/DLON/H
  198  205  200  197  194  191  189  186  185  182  181  181  181  183  185  188
  191  193  194  194  193  190  187  184  182  180  180  182  187  192  200  207
  216  223  230  236  241  244  247  249  250  252  253  254  255  256  257  258
  257  257  255  253  251  249  246  244  241  239  237  235  233  231  229  227
  223  221  215  211  208  206  205  201  198                                   
    70.0-180.0 180.0   5.0 450.0                            LAT/LON1/LON2/DLON/H
  203  206  202  198  193  189  186  181  179  175  172  171  171  172  175  178
  181  184  186  187  186  184  181  177  175  173  174  177  183  190  199  209
  218  227  235  241  246  250  252  254  256  258  259  261  262  264  264  264
  262  260  257  254  250  246  243  240  238  236  235  234  233  232  231  230
  227  224  219  215  212  210  211  207  203                                   
    67.5-180.0 180.0   5.0 450.0                            LAT/LON1/LON2/DLON/H
  204  208  204  200  194  189  185  179  175  170  166  164  163  163  165  168
  172  176  178  180  179  177  174  171  169  168  170  174  181  190  200  211
  221  231  239  245  250  253  256  259  261  264  266  269  271  272  272  270
  268  264  258  253  247  242  238  235  233  232  231  231  231  231  231  231
  229  227  222  218  214  213  213  211  204                                   
    65.0-180.0 180.0   5.0 450.0                            LAT/LON1/LON2/DLON/H
  207  210  206  202  196  190  185  178  173  167  162  158  156  155  157  159
  162  166  169  170  170  169  167  164  163  164  167  173  181  191  202  214
  224  234  241  247  252  256  259  263  266  270  274  278  281  282  282  279
  274  268  261  253  245  239  234  230  228  227  227  228  229  229  230  230
  229  228  224  220  217  218  219  217  207                                   
    62.5-180.0 180.0   5.0 450.0                            LAT/LON1/LON2/DLON/H
  210  214  210  206  198  192  187  179  173  166  160  156  152  150  150  151
  153  156  158  159  160  159  157  156  156  159  164  172  182  193  205  216
  226  235  242  248  253  257  261  266  271  277  283  289  293  294  293  290
  283  275  266  256  247  239  233  229  227  226  226  226  227  228  228  229
  228  228  225  222  219  221  223  223  210                                   
    60.0-180.0 180.0   5.0 450.0                            LAT/LON1/LON2/DLON/H
  214  218  215  210  203  197  191  182  176  168  161  155  150  146  143  143
  143  144  146  146  147  146  146  146  149  153  161  170  182  194  206  217
  227  235  241  247  252  256  262  268  276  284  292  299  305  307  305  301
  294  284  274  263  253  245  238  233  230  229  228  227  227  227  227  228
  227  228  225  223  221  225  228  228  214                                   
    57.5-180.0 180.0   5.0 450.0                            LAT/LON1/LON2/DLON/H
  221  224  223  217  210  203  197  188  180  171  163  156  149  143  138  135
  134  133  133  133  133  133  133  136  141  148  158  169  182  194  207  217
  227  234  241  246  251  257  263  271  281  291  301  310  316  319  318  313
  305  296  285  274  264  256  249  244  240  237  235  233  231  229  228  228
  228  229  227  225  225  229  233  234  221                                   
    55.0-180.0 180.0   5.0 450.0                            LAT/LON1/LON2/DLON/H
  230  232  232  226  219  212  205  195  186  176  166  157  148  140  133  128
  125  123  122  121  120  120  122  126  133  143  155  168  181  195  207  217
  227  234  241  246  252  259  266  275  286  298  309  319  326  330  329  325
  317  309  299  289  279  271  264  258  253  249  245  240  236  233  230  230
  229  231  230  229  229  235  239  240  230                                   
    52.5-180.0 180.0   5.0 450.0                            LAT/LON1/LON2/DLON/H
  241  242  242  236  230  222  215  203  193  181  169  158  147  137  129  122
  118  116  114  112  111  111  114  119  128  140  153  167  181  195  207  218
  227  236  243  250  256  263  271  281  292  304  316  327  334  339  339  335
  329  322  314  305  297  289  282  275  269  263  256  250  243  238  235  234
  234  236  235  235  235  241  245  246  241                                   
    50.0-180.0 180.0   5.0 450.0                            LAT/LON1/LON2/DLON/H
  252  251  251  246  240  233  224  212  200  186  173  160  147  135  125  118
  114  112  110  108  107  107  110  117  127  140  154  168  182  195  208  220
  230  240  249  256  264  271  279  288  299  310  322  333  341  346  347  346
  341  336  329  322  315  308  300  292  285  277  268  260  252  245  241  241
  241  244  243  244  244  249  251  252  252                                   
    47.5-180.0 180.0   5.0 450.0                            LAT/LON1/LON2/DLON/H
  261  259  259  254  249  242  233  221  207  192  177  162  147  134  123  116
  113  111  111  109  108  109  113  120  131  144  158  171  184  197  210  223
  236  247  257  266  274  281  289  297  306  317  329  339  348  354  356  356
  353  350  345  339  332  325  317  308  299  289  279  269  261  254  250  250
  252  255  255  255  254  258  259  258  261                                   
    45.0-180.0 180.0   5.0 450.0                            LAT/LON1/LON2/DLON/H
  268  265  264  259  254  248  240  228  214  198  182  166  150  135  124  118
  115  115  115  115  115  116  120  128  139  151  164  176  188  201  215  230
  244  257  269  279  287  294  300  307  315  325  336  346  355  362  366  367
  366  364  361  356  350  343  334  325  314  303  292  281  272  266  263  264
  267  271  271  270  267  269  269  266  268                                   
    42.5-180.0 180.0   5.0 450.0                            LAT/LON1/LON2/DLON/H
  273  270  266  261  256  250  243  232  219  204  188  172  155  140  129  122
  121  122  123  124  124  126  130  139  149  161  172  182  193  206  221  238
  254  268  281  291  300  306  312  318  325  334  345  355  365  373  378  381
  382  381  379  376  371  364  355  345  334  322  310  298  289  282  280  282
  286  291  291  288  284  284  281  276  273                                   
    40.0-180.0 180.0   5.0 450.0                            LAT/LON1/LON2/DLON/H
  280  274  269  261  255  249  243  234  222  208  194  179  163  148  137  130
  128  129  132  133  134  137  142  150  161  171  180  189  200  213  229  246
  263  279  292  303  311  318  324  329  336  345  356  367  378  387  394  399
  401  402  402  400  397  392  384  374  363  349  336  323  313  306  304  306
  311  315  315  311  305  303  297  289  280                                   
    37.5-180.0 180.0   5.0 450.0                            LAT/LON1/LON2/DLON/H
  291  283  273  262  254  247  241  232  223  212  200  188  174  159  147  139
  136  137  139  141  143  146  152  161  171  180  188  196  206  220  236  254
  272  287  300  311  320  327  334  340  348  357  368  381  393  404  412  419
  423  427  429  431  431  429  424  415  402  388  372  358  345  337  334  335
  340  345  344  339  330  326  318  307  291                                   
    35.0-180.0 180.0   5.0 450.0                            LAT/LON1/LON2/DLON/H
  308  297  283  267  255  245  238  230  222  214  206  197  185  171  158  149
  144  143  144  146  148  152  159  168  178  187  194  201  211  225  242  260
  277  291  304  315  324  333  341  349  358  369  381  395  408  421  431  440
  448  454  461  468  473  475  473  466  454  438  420  402  386  375  370  369
  373  377  376  370  360  355  344  330  308                                   
    32.5-180.0 180.0   5.0 450.0                            LAT/LON1/LON2/DLON/H
  333  318  300  278  261  247  237  228  221  215  210  205  196  184  170  159
  151  148  147  149  151  156  164  173  183  191  197  205  215  229  245  262
  278  291  303  314  325  336  346  356  367  379  393  407  422  436  449  460
  471  482  494  507  518  527  529  524  512  494  473  452  432  417  408  405
  406  410  409  402  392  387  374  358  333                                   
    30.0-180.0 180.0   5.0 450.0                            LAT/LON1/LON2/DLON/H
  364  347  324  296  274  255  241  229  221  216  214  212  206  195  181  168
  157  151  149  149  152  158  166  176  185  192  198  205  215  229  245  260
  275  287  298  310  322  335  348  361  373  386  401  416  431  447  462  476
  491  507  525  544  563  577  585  582  570  549  525  500  476  457  445  438
  437  440  439  434  424  420  405  388  364                                   
    27.5-180.0 180.0   5.0 450.0                            LAT/LON1/LON2/DLON/H
  396  378  351  320  292  269  251  236  225  220  218  218  214  205  191  176
  163  155  151  151  154  160  169  178  186  192  197  203  212  225  240  254
  267  278  290  303  317  332  347  361  375  389  404  419  435  452  469  486
  505  525  548  573  598  618  629  628  614  592  564  536  511  489  474  465
  462  464  464  460  453  449  434  418  396                                   
    25.0-180.0 180.0   5.0 450.0                            LAT/LON1/LON2/DLON/H
  424  405  376  345  313  288  265  247  234  226  224  224  222  214  200  184
  169  159  154  154  158  164  173  181  188  192  195  199  207  218  231  244
  255  267  279  294  310  327  344  359  373  387  402  417  434  452  470  490
  511  534  560  589  617  639  651  649  635  611  583  555  529  507  491  481
  477  479  480  478  473  470  455  441  424                                   
    22.5-180.0 180.0   5.0 450.0                            LAT/LON1/LON2/DLON/H
  439  421  393  365  332  307  282  263  247  237  232  232  229  222  209  193
  178  167  161  161  165  171  179  186  190  191  191  193  198  207  218  230
  241  253  267  284  303  322  339  354  369  383  398  413  430  448  467  488
  510  534  560  588  614  635  645  642  626  603  577  552  530  511  497  487
  483  485  487  486  481  479  465  454  439                                   
    20.0-180.0 180.0   5.0 450.0                            LAT/LON1/LON2/DLON/H
  438  421  397  373  344  320  297  279  262  250  243  240  237  230  218  202
  188  177  171  171  175  181  187  191  192  189  186  184  186  193  203  214
  226  240  256  276  296  316  333  349  364  379  393  408  425  443  462  482
  503  524  547  570  591  606  613  608  593  573  552  533  517  504  493  485
  482  483  485  483  479  476  462  453  438                                   
    17.5-180.0 180.0   5.0 450.0                            LAT/LON1/LON2/DLON/H
  420  404  385  366  344  324  305  291  276  263  254  249  244  237  226  213
  200  189  184  183  186  190  194  195  192  185  178  172  171  176  186  197
  211  228  247  268  290  310  328  344  360  376  391  406  423  440  458  476
  494  510  526  540  553  562  564  558  546  531  517  506  498  491  484  479
  476  476  476  473  468  462  448  440  420                                   
    15.0-180.0 180.0   5.0 450.0                            LAT/LON1/LON2/DLON/H
  390  373  360  345  330  315  303  295  284  273  263  257  251  244  235  223
  212  202  197  195  196  197  198  195  188  178  167  158  155  159  169  182
  199  218  239  262  284  304  323  341  358  375  391  407  424  440  457  472
  485  495  503  508  513  515  513  507  499  490  484  481  480  479  476  472
  469  467  465  459  451  442  427  417  390                                   
    12.5-180.0 180.0   5.0 450.0                            LAT/LON1/LON2/DLON/H
  356  339  329  314  306  296  291  289  284  276  268  261  255  248  241  231
  222  213  207  203  201  200  197  190  180  167  153  143  139  143  154  170
  189  210  233  256  278  298  318  337  357  376  394  411  428  444  458  471
  479  484  485  483  480  476  472  468  464  462  462  466  470  472  471  468
  463  459  454  444  433  419  403  390  356                                   
    10.0-180.0 180.0   5.0 450.0                            LAT/LON1/LON2/DLON/H
  326  307  299  283  279  272  272  275  275  272  266  260  254  249  242  235
  227  219  212  206  200  195  189  180  167  152  138  128  124  129  142  160
  182  205  228  251  272  292  312  333  355  377  397  416  433  449  462  473
  479  480  477  470  463  456  452  450  450  453  458  464  470  473  472  468
  460  453  444  431  417  399  382  366  326                                   
     7.5-180.0 180.0   5.0 450.0                            LAT/LON1/LON2/DLON/H
  307  287  277  259  256  250  252  257  260  260  256  253  248  243  239  233
  226  218  210  201  193  184  175  164  151  136  123  114  112  118  133  153
