data/edconvlstm_nd/pred1910.15i
     1.0            IONOSPHERE MAPS     GNSS                IONEX VERSION / TYPE
pyspatialgeodesy        IME             05-JAN-18 20:20     PGM / RUN BY / DATE 
Map Name                                                    COMMENT             
Predicted global ionosphere maps (GIM).                     DESCRIPTION         
  2015     7    10     0     0     0                        EPOCH OF FIRST MAP  
  2015     7    11     0     0     0                        EPOCH OF LAST MAP   
  7200                                                      INTERVAL            
    13                                                      # OF MAPS IN FILE   
  NONE                                                      MAPPING FUNCTION    
10.0                                                        ELEVATION CUTOFF    
One-way carrier phase leveled to code                       OBSERVABLES USED    
  6371.0                                                    BASE RADIUS         
 2                                                          MAP DIMENSION       
   450.0 450.0   0.0                                        HGT1 / HGT2 / DHGT  
    87.5 -87.5  -2.5                                        LAT1 / LAT2 / DLAT  
  -180.0 180.0   5.0                                        LON1 / LON2 / DLON  
    -1                                                      EXPONENT            
                                                            END OF HEADER       
[from data line 3432]
     9                                                      START OF TEC MAP    
  2015     7    10    16     0     0                        EPOCH OF CURRENT MAP
    87.5-180.0 180.0   5.0 450.0                            LAT/LON1/LON2/DLON/H
  190  184  175  182  183  184  183  183  184  185  185  185  186  186  187  187
  188  188  188  189  189  189  189  189  189  188  188  188  187  187  187  186
  186  185  185  184  184  184  183  183  183  183  183  183  183  183  183  183
  183  183  183  183  183  183  182  182  182  181  181  180  180  179  179  179
  178  178  177  177  185  186  188  187  190                                   
    85.0-180.0 180.0   5.0 450.0                            LAT/LON1/LON2/DLON/H
  178  179  184  180  178  182  183  185  185  187  187  188  189  190  190  191
  192  193  193  194  194  194  194  194  194  194  193  193  192  192  191  191
  190  189  188  188  187  186  186  186  186  186  186  186  186  186  186  186
  186  187  186  186  186  186  185  185  184  183  183  182  181  180  180  179
  179  179  176  176  178  173  176  180  178                                   
    82.5-180.0 180.0   5.0 450.0                            LAT/LON1/LON2/DLON/H
  156  166  166  163  163  168  170  172  172  174  175  177  178  180  181  183
  184  185  187  188  189  190  191  191  191  191  191  190  190  189  188  187
  186  184  183  182  181  181  180  180  180  180  180  180  181  182  182  183
  183  183  183  183  182  182  181  180  178  177  175  173  171  170  168  166
  165  164  161  164  163  167  165  155  156                                   
    80.0-180.0 180.0   5.0 450.0                            LAT/LON1/LON2/DLON/H
  151  156  159  158  157  160  162  165  167  169  170  172  174  176  178  180
  182  184  186  187  189  190  190  191  191  191  190  189  188  186  185  183
  181  179  178  176  175  174  173  173  173  173  174  175  176  177  178  179
  180  181  182  182  181  180  179  178  176  174  171  169  167  164  162  160
  159  157  155  157  154  149  152  145  151                                   
    77.5-180.0 180.0   5.0 450.0                            LAT/LON1/LON2/DLON/H
  154  152  155  156  155  159  160  162  163  165  165  167  169  172  174  177
  179  182  184  187  189  191  192  193  193  193  192  191  190  188  186  183
  181  179  177  175  174  172  172  171  171  172  173  174  176  178  180  182
  184  185  186  186  186  185  184  182  179  177  174  171  168  165  162  159
  157  155  153  154  156  147  150  149  154                                   
    75.0-180.0 180.0   5.0 450.0                            LAT/LON1/LON2/DLON/H
  156  157  157  158  158  161  161  163  164  165  165  167  168  170  173  175
  178  181  184  187  190  192  194  195  195  195  194  193  191  189  186  184
  181  179  177  175  173  172  170  170  170  170  171  173  175  177  180  182
  184  186  187  188  188  187  186  185  183  180  177  174  171  168  166  164
  161  160  158  156  157  152  154  146  156                                   
    72.5-180.0 180.0   5.0 450.0                            LAT/LON1/LON2/DLON/H
  160  164  164  167  165  168  168  168  167  167  167  168  169  170  173  176
  179  182  185  188  191  193  195  196  197  196  195  194  192  189  187  184
  182  180  177  175  173  171  170  169  169  169  170  171  173  176  178  181
  183  185  187  188  188  188  188  186  185  183  181  178  176  173  171  170
  167  166  165  163  163  160  162  159  160                                   
    70.0-180.0 180.0   5.0 450.0                            LAT/LON1/LON2/DLON/H
  168  174  174  176  173  176  175  175  174  173  172  172  172  173  175  178
  181  184  187  189  192  194  196  197  197  196  195  193  191  189  187  185
  182  180  178  175  173  171  169  168  167  166  167  168  170  172  174  176
  179  180  182  183  184  184  184  184  184  183  182  181  179  178  177  177
  175  175  174  173  173  171  175  171  168                                   
    67.5-180.0 180.0   5.0 450.0                            LAT/LON1/LON2/DLON/H
  176  185  187  190  187  191  189  189  187  186  184  183  184  184  186  188
  190  192  195  197  199  200  201  202  202  201  199  197  195  193  191  189
  187  185  182  180  177  175  172  170  169  168  168  169  170  172  173  175
  177  179  180  181  182  183  184  185  185  186  187  187  187  187  187  187
  187  187  187  185  184  182  186  182  176                                   
    65.0-180.0 180.0   5.0 450.0                            LAT/LON1/LON2/DLON/H
  180  192  193  198  195  199  198  198  196  195  193  193  193  193  194  196
  197  198  200  201  202  203  203  203  203  202  200  198  196  194  193  191
  190  188  186  183  180  177  174  172  170  169  168  168  169  170  171  172
  172  173  174  175  175  177  178  181  183  185  187  189  190  191  191  192
  192  193  193  192  192  191  196  192  180                                   
    62.5-180.0 180.0   5.0 450.0                            LAT/LON1/LON2/DLON/H
  180  194  196  201  200  205  205  206  205  204  202  202  202  203  204  205
  205  205  205  205  205  205  205  205  204  203  201  199  197  196  196  195
  194  193  191  188  185  181  178  175  173  172  171  170  170  170  170  170
  170  170  170  170  171  172  175  177  181  184  187  189  191  192  193  194
  194  194  195  194  193  192  197  194  180                                   
    60.0-180.0 180.0   5.0 450.0                            LAT/LON1/LON2/DLON/H
  175  189  192  198  198  205  207  208  208  208  207  207  208  209  210  210
  210  209  207  206  205  205  204  204  203  202  201  199  199  198  199  199
  199  198  197  193  190  186  182  179  177  176  175  174  173  172  171  170
  169  168  167  167  167  169  171  175  179  182  186  188  190  190  190  190
  189  189  189  187  186  185  191  189  175                                   
    57.5-180.0 180.0   5.0 450.0                            LAT/LON1/LON2/DLON/H
  166  179  184  191  194  202  205  208  208  209  209  210  211  213  214  213
  212  210  207  205  203  202  202  202  202  202  201  200  200  201  203  204
  205  205  203  200  196  192  188  186  184  183  182  181  179  177  175  173
  171  169  168  167  167  168  171  175  178  182  185  186  187  186  185  183
  180  179  178  175  175  173  179  179  166                                   
    55.0-180.0 180.0   5.0 450.0                            LAT/LON1/LON2/DLON/H
  157  168  174  183  187  198  202  206  207  208  208  210  212  214  215  215
  213  209  205  202  199  198  199  200  200  201  201  202  202  204  207  209
  211  212  210  207  203  199  195  193  192  191  190  189  187  184  182  179
  176  174  171  170  170  171  174  177  180  183  184  185  184  181  178  175
  170  167  164  161  160  158  164  165  157                                   
    52.5-180.0 180.0   5.0 450.0                            LAT/LON1/LON2/DLON/H
  148  157  165  175  181  194  200  205  207  208  209  211  213  215  216  215
  212  207  202  198  195  194  195  197  199  201  202  203  205  207  211  214
  217  219  218  215  211  206  203  202  201  200  199  198  195  192  189  186
  183  180  177  175  175  176  178  181  184  185  185  184  181  178  173  168
  161  156  152  148  146  144  150  152  148                                   
    50.0-180.0 180.0   5.0 450.0                            LAT/LON1/LON2/DLON/H
  142  150  158  169  178  192  201  207  210  212  214  216  218  220  220  218
  214  208  201  195  192  191  193  196  200  203  205  206  209  211  215  220
  224  226  225  223  219  215  213  211  210  210  208  206  203  200  197  194
  191  188  185  183  182  183  185  187  189  189  188  185  182  177  172  166
  158  151  145  140  137  135  141  143  142                                   
    47.5-180.0 180.0   5.0 450.0                            LAT/LON1/LON2/DLON/H
  139  147  155  167  177  193  204  212  217  221  224  226  228  229  229  225
  220  212  204  197  192  191  193  197  202  206  209  211  213  216  221  226
  230  233  234  232  229  226  223  222  221  219  218  215  212  208  205  203
  200  196  193  191  190  190  192  194  195  194  192  189  185  181  176  170
  161  153  146  140  135  133  138  139  139                                   
    45.0-180.0 180.0   5.0 450.0                            LAT/LON1/LON2/DLON/H
  140  148  154  167  178  196  209  219  228  234  238  242  244  245  243  238
  231  221  211  203  197  195  197  201  207  212  216  218  220  223  228  234
  239  243  245  245  243  240  237  235  233  231  228  225  221  218  215  213
  210  206  202  199  198  198  200  201  201  199  197  194  191  188  185  179
  171  162  154  147  140  137  141  141  140                                   
    42.5-180.0 180.0   5.0 450.0                            LAT/LON1/LON2/DLON/H
  142  150  154  167  180  198  214  227  239  249  256  262  265  265  262  256
  247  236  224  213  206  203  204  208  214  220  224  227  230  233  238  245
  252  257  261  262  261  259  256  253  249  245  241  237  233  230  227  225
  222  218  213  209  207  207  207  208  207  205  202  201  200  199  197  194
  186  177  168  159  151  147  148  147  142                                   
    40.0-180.0 180.0   5.0 450.0                            LAT/LON1/LON2/DLON/H
  145  151  154  166  179  197  215  232  248  262  273  282  287  288  284  277
  267  254  241  228  219  214  214  217  223  230  235  239  242  246  253  261
  270  277  283  285  285  283  280  275  270  264  258  253  249  246  243  240
  236  231  225  220  217  215  215  215  213  211  209  209  210  211  212  210
  203  194  184  175  164  158  158  154  145                                   
    37.5-180.0 180.0   5.0 450.0                            LAT/LON1/LON2/DLON/H
  148  152  152  162  174  192  213  233  253  272  287  299  307  309  306  299
  288  275  260  247  236  229  227  229  235  241  248  253  258  264  272  283
  294  304  311  315  316  314  310  303  295  287  280  274  269  265  261  257
  252  246  239  232  228  225  224  223  220  218  216  217  220  224  226  225
  218  210  199  189  177  169  168  161  148                                   
    35.0-180.0 180.0   5.0 450.0                            LAT/LON1/LON2/DLON/H
  151  151  148  155  167  184  206  228  253  275  295  311  321  326  325  318
  308  294  280  266  254  245  241  242  247  254  262  269  276  285  297  311
  325  337  346  351  352  349  343  335  324  315  306  298  292  287  282  276
  270  262  253  245  240  236  234  231  228  225  224  226  230  234  237  236
  230  221  210  200  188  178  175  167  151                                   
    32.5-180.0 180.0   5.0 450.0                            LAT/LON1/LON2/DLON/H
  156  151  144  149  159  175  196  220  247  273  296  316  329  337  338  333
  324  312  299  285  273  263  257  256  260  267  276  286  297  310  326  344
  361  375  385  389  390  386  378  367  355  343  333  324  317  310  302  295
  287  277  267  259  252  248  244  240  236  233  232  234  239  242  244  242
  235  226  215  206  194  183  180  170  156                                   
    30.0-180.0 180.0   5.0 450.0                            LAT/LON1/LON2/DLON/H
  162  151  141  145  153  168  188  211  239  266  292  314  331  341  344  342
  336  326  314  303  291  281  274  271  274  281  291  304  318  336  356  379
  399  414  423  426  425  419  410  397  383  370  359  349  340  330  321  311
  301  290  280  270  263  258  253  247  243  240  239  241  244  246  246  242
  233  224  214  206  196  186  183  173  162                                   
    27.5-180.0 180.0   5.0 450.0                            LAT/LON1/LON2/DLON/H
  170  155  143  145  151  165  183  204  231  258  285  308  327  339  346  346
  342  335  327  317  308  299  291  287  288  296  307  322  340  362  387  412
  433  448  455  456  452  445  433  419  404  390  379  369  358  346  334  322
  310  299  288  278  271  264  258  252  247  244  243  244  246  245  242  236
  226  217  207  201  194  186  185  176  170                                   
    25.0-180.0 180.0   5.0 450.0                            LAT/LON1/LON2/DLON/H
  177  162  148  150  155  167  183  202  227  252  277  300  320  334  343  347
  345  341  336  329  322  314  307  303  304  311  323  340  362  386  413  439
  459  472  476  474  467  458  445  430  416  403  392  382  371  357  341  327
  314  302  291  281  273  266  259  253  247  244  242  242  241  238  232  224
  213  205  197  193  190  185  186  179  177                                   
    22.5-180.0 180.0   5.0 450.0                            LAT/LON1/LON2/DLON/H
  183  170  156  158  163  174  188  204  226  248  271  293  313  328  339  345
  346  345  342  338  333  328  322  318  319  326  340  358  381  406  433  457
  474  483  483  478  469  459  446  431  418  407  398  390  377  362  344  327
  312  300  289  279  270  262  255  249  244  240  237  235  232  226  218  208
  197  190  185  183  183  183  186  181  183                                   
    20.0-180.0 180.0   5.0 450.0                            LAT/LON1/LON2/DLON/H
  185  177  166  168  173  182  195  209  227  246  267  287  306  323  335  342
  346  346  345  344  342  339  335  333  335  343  356  375  396  420  444  464
  478  482  479  471  461  450  438  425  414  406  399  392  380  363  343  325
  309  296  284  273  264  256  249  242  237  232  228  224  218  210  200  190
  181  175  172  172  175  179  184  180  185                                   
    17.5-180.0 180.0   5.0 450.0                            LAT/LON1/LON2/DLON/H
  181  180  172  175  181  189  202  214  230  246  264  283  301  318  331  340
  345  347  348  348  348  348  347  347  350  359  372  389  409  429  449  464
  473  474  468  458  448  437  427  417  408  403  399  393  381  363  343  323
  306  292  279  267  256  247  240  234  228  223  218  211  203  193  183  173
  165  161  160  161  166  172  178  174  181                                   
    15.0-180.0 180.0   5.0 450.0                            LAT/LON1/LON2/DLON/H
  171  176  171  176  184  191  204  216  231  246  262  279  297  313  327  337
  343  347  349  350  353  355  357  360  366  375  387  402  418  434  449  460
  465  463  456  446  436  428  420  412  407  403  401  395  384  366  346  325
  307  291  275  261  249  239  231  225  219  214  207  199  189  178  168  159
  151  148  148  150  156  162  168  164  171                                   
    12.5-180.0 180.0   5.0 450.0                            LAT/LON1/LON2/DLON/H
  155  164  161  167  177  185  200  212  227  242  257  274  291  308  322  334
  341  346  349  352  356  360  366  372  380  390  401  414  426  438  448  456
  458  455  448  440  432  426  421  416  412  409  407  402  391  374  354  332
  312  293  275  257  242  231  222  216  211  205  197  187  177  166  157  148
  142  139  139  140  144  149  154  150  155                                   
    10.0-180.0 180.0   5.0 450.0                            LAT/LON1/LON2/DLON/H
  136  147  143  151  162  170  188  201  218  234  250  267  284  301  316  329
  338  344  348  352  358  365  374  383  393  404  414  424  434  442  450  455
  457  455  449  443  438  435  432  429  425  422  419  413  402  386  365  343
  320  298  275  254  237  224  215  209  204  197  189  179  169  159  150  143
  136  133  132  131  133  135  138  134  136                                   
     7.5-180.0 180.0   5.0 450.0                            LAT/LON1/LON2/DLON/H
  117  127  122  130  141  149  168  184  203  221  239  257  274  292  308  322
  333  341  346  352  360  370  381  394  405  416  425  434  442  449  455  460
