data/edconvlstm_nd/pred2370.15i
     1.0            IONOSPHERE MAPS     GNSS                IONEX VERSION / TYPE
pyspatialgeodesy        IME             05-JAN-18 20:20     PGM / RUN BY / DATE 
Map Name                                                    COMMENT             
Predicted global ionosphere maps (GIM).                     DESCRIPTION         
  2015     8    25     0     0     0                        EPOCH OF FIRST MAP  
  2015     8    26     0     0     0                        EPOCH OF LAST MAP   
  7200                                                      INTERVAL            
    13                                                      # OF MAPS IN FILE   
  NONE                                                      MAPPING FUNCTION    
10.0                                                        ELEVATION CUTOFF    
One-way carrier phase leveled to code                       OBSERVABLES USED    
  6371.0                                                    BASE RADIUS         
 2                                                          MAP DIMENSION       
   450.0 450.0   0.0                                        HGT1 / HGT2 / DHGT  
    87.5 -87.5  -2.5                                        LAT1 / LAT2 / DLAT  
  -180.0 180.0   5.0                                        LON1 / LON2 / DLON  
    -1                                                      EXPONENT            
                                                            END OF HEADER       
[from data line 2574]
     7                                                      START OF TEC MAP    
  2015     8    25    12     0     0                        EPOCH OF CURRENT MAP
    87.5-180.0 180.0   5.0 450.0                            LAT/LON1/LON2/DLON/H
  102  110  110  115  118  118  118  115  116  118  118  118  118  119  119  119
  119  119  119  119  119  119  119  118  118  118  117  117  116  115  115  114
  113  112  111  110  109  108  107  106  105  105  104  104  104  103  103  103
  103  103  103  103  103  103  103  103  103  104  104  104  104  104  104  105
  106  107  106  104  111  108  119  114  102                                   
    85.0-180.0 180.0   5.0 450.0                            LAT/LON1/LON2/DLON/H
  105  112  123  114  115  119  119  120  120  122  122  123  122  123  123  123
  123  123  123  123  123  124  124  124  123  123  123  123  122  122  121  120
  119  117  116  114  113  112  110  109  108  107  106  106  106  105  105  105
  105  105  105  106  106  106  106  106  106  106  106  106  106  106  107  107
  109  110  106  103  104  105  113  115  105                                   
    82.5-180.0 180.0   5.0 450.0                            LAT/LON1/LON2/DLON/H
   99  108  114  109  109  113  114  115  116  117  117  118  117  117  117  117
  117  118  118  118  119  119  120  121  121  122  122  122  122  122  121  120
  119  118  116  114  112  111  109  108  106  105  105  105  104  104  105  105
  105  105  105  105  105  105  104  104  103  103  102  102  102  101  101  101
  102  102   99   98  100  107  104  101   99                                   
    80.0-180.0 180.0   5.0 450.0                            LAT/LON1/LON2/DLON/H
   94   97  104  103  103  103  105  107  108  109  108  109  108  108  108  108
  109  109  110  110  111  112  113  114  116  117  118  119  119  120  120  119
  118  116  114  112  110  108  106  104  103  102  102  102  102  102  103  103
  104  104  104  104  103  102  101  100   99   98   97   96   95   94   93   93
   93   93   91   91   90   97  101   97   94                                   
    77.5-180.0 180.0   5.0 450.0                            LAT/LON1/LON2/DLON/H
   93   92   95   96   96   99  100  102  102  102  101  101  100  100  100  100
  101  102  103  104  106  107  109  111  112  114  116  118  120  121  121  122
  121  120  118  116  113  111  109  107  106  106  106  107  108  109  110  111
  112  112  112  111  110  109  107  105  103  101   98   96   94   92   91   89
   88   87   84   85   86   87   91   92   93                                   
    75.0-180.0 180.0   5.0 450.0                            LAT/LON1/LON2/DLON/H
   82   83   82   87   88   92   92   93   93   93   91   91   90   90   90   91
   92   93   94   96   98  100  102  104  107  109  112  115  117  120  121  123
  123  122  121  119  117  114  112  111  110  111  112  113  115  117  119  120
  121  121  120  119  117  114  111  109  106  103  100   98   95   93   90   88
   85   83   80   77   79   80   82   78   82                                   
    72.5-180.0 180.0   5.0 450.0                            LAT/LON1/LON2/DLON/H
   75   75   74   79   81   85   86   87   86   86   84   83   83   83   83   84
   86   87   89   91   93   95   97   99  102  104  107  110  114  117  120  123
  124  125  124  123  121  119  118  117  117  118  120  123  126  128  130  132
  132  131  129  127  123  120  116  113  109  106  103  101   98   95   92   89
   85   81   78   74   73   74   75   75   75                                   
    70.0-180.0 180.0   5.0 450.0                            LAT/LON1/LON2/DLON/H
   70   68   67   72   73   76   76   77   77   76   74   74   74   75   76   77
   79   81   84   86   88   90   92   93   95   98  100  104  108  112  116  120
  123  124  125  125  124  122  122  122  123  125  128  131  135  137  139  140
  139  137  134  130  125  121  117  113  109  107  104  102  100   97   93   90
   86   81   77   71   68   68   71   72   70                                   
    67.5-180.0 180.0   5.0 450.0                            LAT/LON1/LON2/DLON/H
   65   63   62   67   69   71   71   72   71   71   69   70   70   72   73   76
   78   81   84   86   87   89   90   91   92   93   95   98  102  107  111  116
  120  122  124  125  125  125  125  126  128  131  135  139  142  145  146  146
  144  140  136  131  125  120  115  112  109  107  106  105  103  101   98   95
   90   84   78   71   66   64   65   65   65                                   
    65.0-180.0 180.0   5.0 450.0                            LAT/LON1/LON2/DLON/H
   63   61   59   63   64   65   65   66   65   65   64   66   67   69   72   75
   78   81   84   86   87   88   89   89   89   90   92   94   97  102  107  112
  116  120  123  125  126  127  129  131  135  139  143  147  150  152  152  150
  147  142  137  131  125  119  115  112  110  109  108  108  108  106  104  100
   95   88   82   74   68   65   65   65   63                                   
    62.5-180.0 180.0   5.0 450.0                            LAT/LON1/LON2/DLON/H
   61   59   57   60   60   61   60   60   60   60   59   61   64   67   71   75
   78   82   84   86   87   88   89   89   89   89   90   91   94   98  103  108
  113  117  120  123  126  128  131  135  139  144  149  153  156  156  155  152
  148  142  136  130  125  120  116  113  112  111  112  112  112  111  109  105
  100   93   86   77   70   65   64   64   61                                   
    60.0-180.0 180.0   5.0 450.0                            LAT/LON1/LON2/DLON/H
   62   59   56   58   57   56   55   54   53   52   53   55   58   63   67   72
   76   79   81   83   85   86   87   87   88   88   89   90   92   95   99  104
  109  113  117  121  124  128  132  137  143  149  154  157  159  159  156  153
  148  142  137  131  126  122  119  117  116  116  116  117  116  115  112  108
  102   95   87   78   71   66   64   63   62                                   
    57.5-180.0 180.0   5.0 450.0                            LAT/LON1/LON2/DLON/H
   64   60   57   58   55   54   52   49   48   46   46   49   52   57   62   67
   71   75   77   79   81   83   85   87   88   89   90   92   93   96   99  103
  108  112  116  120  125  130  135  142  148  154  160  163  164  163  160  156
  151  146  142  138  134  131  128  127  126  125  125  124  123  120  116  112
  105   97   90   81   73   68   66   65   64                                   
    55.0-180.0 180.0   5.0 450.0                            LAT/LON1/LON2/DLON/H
   67   62   59   59   55   54   50   47   43   41   40   42   46   50   56   61
   65   69   72   74   77   80   83   86   89   91   93   95   96   98  101  104
  108  112  117  122  127  133  140  147  154  161  166  169  169  167  164  160
  156  153  150  147  145  143  141  139  138  137  135  133  130  126  121  114
  107   99   91   82   75   70   69   67   67                                   
    52.5-180.0 180.0   5.0 450.0                            LAT/LON1/LON2/DLON/H
   71   66   62   62   57   55   52   47   42   38   36   37   40   44   49   54
   59   63   66   70   73   77   82   86   90   94   97   99  100  102  104  107
  111  115  120  125  131  138  146  154  162  168  173  175  175  173  170  167
  164  162  160  159  158  156  155  153  151  149  147  143  139  133  126  118
  110  101   94   85   78   73   72   70   71                                   
    50.0-180.0 180.0   5.0 450.0                            LAT/LON1/LON2/DLON/H
   76   70   67   67   62   59   56   50   44   39   35   35   36   39   44   48
   53   58   63   67   72   77   82   87   92   97  100  102  104  106  108  111
  115  119  125  131  138  145  154  163  171  177  181  183  183  181  179  176
  174  172  171  170  169  168  167  165  163  161  157  153  147  140  132  123
  114  104   97   88   82   77   77   75   76                                   
    47.5-180.0 180.0   5.0 450.0                            LAT/LON1/LON2/DLON/H
   80   75   71   72   67   65   62   56   50   44   39   37   36   38   41   46
   51   56   62   68   73   79   84   90   95   99  103  105  107  110  112  115
  120  125  131  138  146  154  163  172  181  187  191  192  192  190  188  186
  184  182  180  179  177  176  174  173  171  169  166  162  156  148  138  129
  119  109  102   93   87   83   83   81   80                                   
    45.0-180.0 180.0   5.0 450.0                            LAT/LON1/LON2/DLON/H
   84   79   76   77   73   72   69   65   59   53   47   43   41   42   44   47
   52   58   65   72   78   84   90   94   99  103  106  108  110  112  115  120
  125  132  139  147  156  165  174  184  192  198  202  203  202  200  198  196
  193  190  187  184  182  179  178  177  176  175  173  169  163  155  145  136
  125  115  107   99   93   89   89   87   84                                   
    42.5-180.0 180.0   5.0 450.0                            LAT/LON1/LON2/DLON/H
   86   83   79   81   79   78   77   74   70   64   58   54   51   50   50   53
   57   64   72   80   87   93   97  101  104  106  109  111  113  115  119  124
  131  139  148  158  167  177  186  196  204  210  213  214  214  212  209  206
  202  198  193  188  183  180  179  178  179  179  179  176  170  162  152  142
  131  121  113  105   99   95   95   92   86                                   
    40.0-180.0 180.0   5.0 450.0                            LAT/LON1/LON2/DLON/H
   88   85   81   84   82   83   83   83   80   76   72   68   64   61   60   61
   65   72   80   89   97  102  105  107  109  111  113  114  116  119  123  129
  138  148  159  169  179  189  199  209  217  223  227  227  227  225  222  218
  213  206  199  192  187  183  181  181  183  185  185  182  177  168  158  148
  137  126  118  109  103  100   99   95   88                                   
    37.5-180.0 180.0   5.0 450.0                            LAT/LON1/LON2/DLON/H
   88   87   82   84   84   85   86   88   88   86   84   81   78   75   72   71
   74   80   89   99  106  111  113  114  115  116  118  119  121  124  129  136
  146  158  170  182  193  203  213  223  231  237  241  242  241  239  236  232
  226  219  211  203  196  192  190  190  192  194  193  190  184  175  164  153
  142  130  122  113  106  103  102   97   88                                   
    35.0-180.0 180.0   5.0 450.0                            LAT/LON1/LON2/DLON/H
   90   89   83   84   84   85   87   90   91   92   92   92   90   87   84   82
   83   88   97  106  114  119  120  121  121  123  124  126  128  131  136  145
  156  170  183  196  207  218  228  238  246  253  257  258  258  256  254  250
  244  237  230  223  217  212  210  209  210  209  207  201  193  182  170  158
  146  134  125  116  109  106  105   99   90                                   
    32.5-180.0 180.0   5.0 450.0                            LAT/LON1/LON2/DLON/H
   94   93   86   85   84   84   86   89   92   94   96   98   98   96   93   90
   90   94  102  112  120  124  126  127  128  129  132  134  136  140  146  156
  169  183  198  212  224  234  244  254  262  269  273  275  276  275  274  272
  268  264  259  254  249  245  241  238  236  232  226  216  204  190  176  164
  151  139  128  119  111  108  109  101   94                                   
    30.0-180.0 180.0   5.0 450.0                            LAT/LON1/LON2/DLON/H
  100   99   92   88   86   85   86   87   89   92   96   99  102  101   99   96
   95   98  106  115  123  128  130  131  133  136  140  143  146  151  158  169
  183  199  214  229  241  252  262  271  280  287  291  294  296  297  297  298
  298  298  297  296  293  288  283  277  270  261  249  234  218  201  186  172
  158  145  134  123  115  111  113  105  100                                   
    27.5-180.0 180.0   5.0 450.0                            LAT/LON1/LON2/DLON/H
  110  107  100   94   90   89   88   86   87   89   92   97  101  102  101   98
   97  100  107  116  124  129  133  135  138  142  147  151  156  163  172  184
  199  215  232  247  260  272  282  291  299  305  310  314  317  320  323  327
  331  336  341  343  342  337  329  319  308  293  276  255  234  214  198  183
  169  156  143  131  123  118  121  113  110                                   
    25.0-180.0 180.0   5.0 450.0                            LAT/LON1/LON2/DLON/H
  121  118  110  104   99   97   94   89   88   87   89   93   98  100  100   98
   97   99  106  116  124  131  135  138  142  147  153  159  166  175  186  200
  216  233  250  266  281  293  303  312  319  325  330  334  339  344  351  358
  367  377  386  392  392  386  375  361  344  324  301  276  251  230  213  199
  185  172  158  144  134  128  130  124  121                                   
    22.5-180.0 180.0   5.0 450.0                            LAT/LON1/LON2/DLON/H
  133  130  123  117  110  108  103   96   91   88   87   90   94   97   97   96
   95   98  105  115  124  132  137  141  146  151  158  165  174  186  200  217
  234  252  269  286  301  314  325  334  340  346  350  355  362  369  378  389
  401  415  427  435  436  427  413  394  373  349  322  293  267  245  229  217
  204  191  177  161  149  141  142  136  133                                   
    20.0-180.0 180.0   5.0 450.0                            LAT/LON1/LON2/DLON/H
  144  142  135  131  123  120  114  106   99   92   89   88   90   93   94   93
   93   97  104  115  124  133  139  144  149  155  162  171  183  198  215  233
  252  270  288  306  322  336  347  356  362  366  371  377  384  394  405  418
  432  447  461  469  467  456  438  415  391  364  335  305  279  259  245  235
  225  213  198  180  166  156  155  150  144                                   
    17.5-180.0 180.0   5.0 450.0                            LAT/LON1/LON2/DLON/H
  153  153  147  144  135  132  126  117  108  100   92   89   89   89   90   90
   91   95  103  114  125  134  141  147  152  159  166  177  192  210  230  250
  270  288  306  324  341  356  368  376  382  386  391  397  406  417  429  442
  456  471  483  489  484  469  447  423  398  371  342  313  288  270  258  251
  243  232  218  200  183  170  166  161  153                                   
    15.0-180.0 180.0   5.0 450.0                            LAT/LON1/LON2/DLON/H
  159  160  155  153  144  140  135  127  118  108   98   92   88   87   87   86
   88   93  102  114  125  135  143  150  157  164  173  185  202  223  246  267
  287  305  323  341  358  374  386  394  400  404  408  415  425  437  449  461
  473  484  494  495  487  469  445  420  395  370  344  317  294  277  268  262
  256  247  234  216  198  182  176  170  159                                   
    12.5-180.0 180.0   5.0 450.0                            LAT/LON1/LON2/DLON/H
  162  163  158  156  148  143  140  133  125  115  104   96   89   86   84   83
   85   91  101  113  125  136  146  155  163  172  183  196  215  238  261  284
  303  320  337  354  371  387  399  407  413  417  422  429  440  451  462  471
  480  487  492  490  479  459  435  411  389  367  344  319  298  282  273  268
  262  255  243  227  209  191  183  175  162                                   
    10.0-180.0 180.0   5.0 450.0                            LAT/LON1/LON2/DLON/H
  163  163  158  154  146  141  139  134  128  120  109   99   91   86   82   81
   83   89   99  112  125  137  149  160  171  183  195  210  230  253  277  298
  317  332  348  363  379  393  405  414  419  424  429  437  447  458  466  473
  477  481  482  478  465  446  423  402  383  364  343  321  300  284  274  267
  261  255  246  231  215  196  186  177  163                                   
     7.5-180.0 180.0   5.0 450.0                            LAT/LON1/LON2/DLON/H
  163  161  156  150  142  135  134  130  127  121  112  102   93   86   81   79
   81   87   98  112  125  139  153  167  181  194  209  225  245  267  290  310
