data/edconvlstm_nd/pred1630.15i
     1.0            IONOSPHERE MAPS     GNSS                IONEX VERSION / TYPE
pyspatialgeodesy        IME             05-JAN-18 20:20     PGM / RUN BY / DATE 
Map Name                                                    COMMENT             
Predicted global ionosphere maps (GIM).                     DESCRIPTION         
  2015     6    12     0     0     0                        EPOCH OF FIRST MAP  
  2015     6    13     0     0     0                        EPOCH OF LAST MAP   
  7200                                                      INTERVAL            
    13                                                      # OF MAPS IN FILE   
  NONE                                                      MAPPING FUNCTION    
10.0                                                        ELEVATION CUTOFF    
One-way carrier phase leveled to code                       OBSERVABLES USED    
  6371.0                                                    BASE RADIUS         
 2                                                          MAP DIMENSION       
   450.0 450.0   0.0                                        HGT1 / HGT2 / DHGT  
    87.5 -87.5  -2.5                                        LAT1 / LAT2 / DLAT  
  -180.0 180.0   5.0                                        LON1 / LON2 / DLON  
    -1                                                      EXPONENT            
                                                            END OF HEADER       
     1                                                      START OF TEC MAP    
  2015     6    12     0     0     0                        EPOCH OF CURRENT MAP
    87.5-180.0 180.0   5.0 450.0                            LAT/LON1/LON2/DLON/H
  169  179  189  180  179  181  179  179  180  179  180  180  180  180  180  179
  179  178  177  176  175  174  173  171  170  168  166  165  163  161  160  158
  156  155  154  152  151  150  150  149  149  148  148  148  148  148  149  149
  149  150  150  150  151  151  152  153  153  154  155  156  157  157  158  160
  161  163  165  166  165  163  167  179  169                                   
    85.0-180.0 180.0   5.0 450.0                            LAT/LON1/LON2/DLON/H
  190  192  185  186  193  193  192  192  192  192  192  192  192  191  191  190
  189  187  186  184  182  180  178  176  174  171  169  166  164  162  159  157
  155  154  152  151  149  148  148  147  147  147  147  147  147  148  148  149
  150  150  151  152  153  154  155  156  157  159  160  162  163  164  166  168
  170  172  175  179  172  176  179  186  190                                   
    82.5-180.0 180.0   5.0 450.0                            LAT/LON1/LON2/DLON/H
  193  195  199  196  201  202  201  201  203  202  201  201  201  200  198  197
  195  193  191  189  186  184  181  178  175  172  169  165  162  159  156  153
  151  149  147  146  145  144  144  144  144  144  144  145  145  146  147  147
  148  149  150  151  152  154  155  157  158  160  162  164  166  169  171  174
  176  179  182  183  183  173  179  179  193                                   
    80.0-180.0 180.0   5.0 450.0                            LAT/LON1/LON2/DLON/H
  197  205  202  200  204  208  210  212  213  212  211  211  210  208  207  205
  202  200  197  195  192  189  185  182  178  175  171  167  163  159  155  152
  149  147  146  145  145  145  145  146  147  148  148  149  150  151  152  153
  154  155  156  158  159  161  162  164  165  167  169  172  174  176  179  182
  184  187  189  190  198  188  194  196  197                                   
    77.5-180.0 180.0   5.0 450.0                            LAT/LON1/LON2/DLON/H
  207  210  207  208  206  209  215  217  218  216  216  216  215  213  210  208
  205  202  200  197  194  191  187  184  180  176  172  167  163  158  154  151
  149  148  147  147  148  150  151  153  155  156  157  158  159  160  161  162
  164  165  166  168  169  170  171  173  174  175  177  179  181  183  186  188
  190  194  195  197  204  202  202  207  207                                   
    75.0-180.0 180.0   5.0 450.0                            LAT/LON1/LON2/DLON/H
  215  211  208  209  206  209  213  215  217  216  216  215  214  211  209  206
  202  199  196  193  191  188  185  182  178  174  169  164  160  155  151  148
  147  147  148  150  152  155  158  161  163  165  166  167  168  169  170  171
  173  175  176  178  179  180  181  181  182  183  184  185  186  187  190  192
  193  197  198  195  201  205  205  211  215                                   
    72.5-180.0 180.0   5.0 450.0                            LAT/LON1/LON2/DLON/H
  206  207  205  203  200  202  206  209  212  211  211  211  210  207  203  199
  195  191  188  185  182  180  178  175  172  168  163  158  153  149  145  143
  143  144  147  150  154  159  163  166  169  170  171  172  172  173  175  177
  179  181  183  185  186  187  187  187  187  187  187  187  188  188  190  192
  193  196  199  197  199  200  205  214  206                                   
    70.0-180.0 180.0   5.0 450.0                            LAT/LON1/LON2/DLON/H
  204  199  199  198  195  196  200  203  208  208  209  209  208  205  201  196
  191  186  182  179  177  175  173  170  167  163  159  153  149  144  141  140
  141  143  147  152  157  162  167  170  172  173  173  172  173  174  175  178
  181  184  187  189  191  192  192  192  191  190  190  189  189  189  190  192
  193  196  199  198  201  203  207  216  204                                   
    67.5-180.0 180.0   5.0 450.0                            LAT/LON1/LON2/DLON/H
  203  199  196  193  189  190  194  197  202  204  207  208  208  205  200  195
  189  184  179  175  172  170  168  166  163  159  154  149  145  141  138  138
  139  142  146  151  156  162  166  168  169  168  167  166  166  167  169  173
  178  182  186  189  192  193  193  193  192  191  190  189  188  188  188  190
  192  195  199  197  202  204  208  219  203                                   
    65.0-180.0 180.0   5.0 450.0                            LAT/LON1/LON2/DLON/H
  204  198  195  191  185  185  188  192  198  201  205  208  209  208  204  198
  192  186  180  175  171  169  166  164  161  157  153  148  144  141  139  139
  140  142  146  150  155  159  162  163  163  161  158  156  155  157  160  165
  171  177  183  187  190  191  192  192  192  191  190  189  188  187  188  189
  191  195  199  199  206  209  213  223  204                                   
    62.5-180.0 180.0   5.0 450.0                            LAT/LON1/LON2/DLON/H
  208  203  199  193  186  183  185  189  195  199  205  210  212  212  210  205
  199  192  186  180  175  172  169  166  163  160  156  152  149  146  145  144
  144  145  147  150  153  156  158  158  156  153  149  146  145  147  151  157
  164  171  178  183  186  189  191  192  193  193  193  192  191  190  190  192
  193  197  202  203  211  215  219  229  208                                   
    60.0-180.0 180.0   5.0 450.0                            LAT/LON1/LON2/DLON/H
  214  211  207  199  190  185  185  188  193  197  203  210  214  217  216  213
  208  202  194  187  182  177  173  170  168  165  162  160  157  156  154  152
  151  150  149  150  151  153  154  153  150  146  141  138  136  138  142  149
  157  164  172  177  182  186  189  192  195  197  198  198  197  196  195  196
  198  202  207  208  217  222  226  235  214                                   
    57.5-180.0 180.0   5.0 450.0                            LAT/LON1/LON2/DLON/H
  223  222  219  208  198  192  190  190  194  197  202  209  214  219  221  220
  216  210  203  195  189  183  179  177  174  173  171  170  169  168  166  162
  159  155  152  150  150  150  151  150  147  143  138  134  132  133  137  143
  151  159  166  172  178  183  188  193  198  202  205  206  205  204  203  204
  204  208  213  215  224  229  234  242  223                                   
    55.0-180.0 180.0   5.0 450.0                            LAT/LON1/LON2/DLON/H
  234  236  233  222  211  203  200  198  199  199  202  207  213  219  223  224
  222  217  210  202  195  190  186  184  183  183  183  182  182  180  177  172
  166  159  154  150  149  150  151  151  149  144  139  135  133  133  136  141
  147  154  161  168  175  182  189  197  204  210  215  217  217  215  214  214
  214  216  221  222  231  237  241  248  234                                   
    52.5-180.0 180.0   5.0 450.0                            LAT/LON1/LON2/DLON/H
  247  253  250  239  228  220  216  211  209  205  205  208  213  218  223  226
  225  221  214  207  201  197  195  194  194  195  195  195  194  192  187  180
  171  162  155  151  150  152  154  156  154  151  146  141  138  137  138  141
  145  151  158  165  173  182  192  202  211  220  226  229  229  227  226  225
  224  226  230  231  239  245  249  256  247                                   
    50.0-180.0 180.0   5.0 450.0                            LAT/LON1/LON2/DLON/H
  262  270  268  258  249  242  238  231  225  218  214  213  215  219  223  225
  225  222  217  211  207  205  204  205  206  207  207  206  204  200  193  184
  174  165  158  154  154  158  162  164  164  161  156  151  147  144  143  143
  146  150  156  164  173  184  195  208  220  230  237  241  241  240  238  237
  236  238  241  241  248  253  257  264  262                                   
    47.5-180.0 180.0   5.0 450.0                            LAT/LON1/LON2/DLON/H
  278  288  287  279  272  267  264  256  248  237  228  223  222  222  224  225
  225  222  218  214  212  212  214  217  219  220  219  216  211  204  196  186
  176  168  162  160  162  167  173  177  177  174  169  164  158  153  150  148
  148  150  156  164  174  186  200  214  228  239  248  252  253  252  250  249
  249  250  254  252  259  264  267  275  278                                   
    45.0-180.0 180.0   5.0 450.0                            LAT/LON1/LON2/DLON/H
  294  307  306  300  296  293  291  284  275  262  250  241  235  231  229  228
  226  223  220  218  219  221  225  228  231  231  229  223  216  207  197  188
  179  172  169  170  175  181  188  192  192  189  184  178  172  165  159  154
  152  153  158  167  178  191  206  221  236  249  258  263  264  263  261  261
  261  264  267  266  273  278  281  288  294                                   
    42.5-180.0 180.0   5.0 450.0                            LAT/LON1/LON2/DLON/H
  311  325  324  320  318  318  317  311  303  290  276  265  255  247  241  235
  231  227  225  225  227  231  236  241  243  242  238  230  220  209  199  191
  185  181  182  185  192  200  206  209  209  206  201  194  187  179  171  164
  159  159  164  173  185  199  214  230  245  258  268  273  274  273  272  273
  274  277  281  281  289  294  297  305  311                                   
    40.0-180.0 180.0   5.0 450.0                            LAT/LON1/LON2/DLON/H
  329  342  342  339  339  340  341  336  330  318  306  293  281  270  259  249
  242  236  234  235  239  244  250  254  256  253  247  238  226  215  205  198
  195  195  199  206  214  221  227  228  227  223  218  212  204  194  184  175
  170  169  173  182  194  209  224  240  256  269  278  283  284  283  283  285
  287  292  297  297  307  314  317  325  329                                   
    37.5-180.0 180.0   5.0 450.0                            LAT/LON1/LON2/DLON/H
  347  359  359  356  358  359  360  357  353  344  334  324  311  297  283  269
  258  251  249  250  255  260  265  268  268  265  258  247  236  224  215  210
  210  214  221  229  238  244  247  247  245  241  237  230  222  212  200  190
  182  180  184  193  205  220  236  252  267  280  289  294  295  295  295  297
  301  306  312  314  327  335  339  347  347                                   
    35.0-180.0 180.0   5.0 450.0                            LAT/LON1/LON2/DLON/H
  366  376  375  374  374  375  376  374  373  367  361  353  342  327  310  293
  279  271  268  269  273  278  282  283  282  277  270  260  249  238  230  226
  228  234  243  252  260  264  265  264  261  258  255  249  241  230  217  205
  196  193  195  204  216  231  247  263  278  291  300  305  307  307  307  310
  314  320  327  331  346  355  361  370  366                                   
    32.5-180.0 180.0   5.0 450.0                            LAT/LON1/LON2/DLON/H
  386  392  393  393  393  392  391  390  390  387  385  381  372  357  338  319
  304  293  289  290  293  297  299  299  296  291  283  274  264  254  246  243
  246  253  262  269  274  276  276  274  273  273  271  266  258  247  233  219
  209  204  206  213  225  239  256  273  288  301  310  316  318  319  320  323
  329  335  342  347  364  375  382  392  386                                   
    30.0-180.0 180.0   5.0 450.0                            LAT/LON1/LON2/DLON/H
  405  408  412  417  414  413  410  408  408  407  408  407  400  386  367  347
  329  317  311  311  313  316  317  315  310  303  296  288  279  269  261  258
  259  264  270  275  276  276  276  276  278  281  282  279  272  260  245  231
  220  213  213  218  229  244  262  280  296  309  319  326  329  332  334  338
  344  350  358  363  381  392  402  413  405                                   
    27.5-180.0 180.0   5.0 450.0                            LAT/LON1/LON2/DLON/H
  424  422  432  443  440  439  436  432  431  430  432  433  429  416  397  375
  356  342  334  332  334  335  334  330  322  314  306  298  290  280  272  266
  264  264  265  265  264  262  263  267  273  280  284  283  277  265  251  236
  224  216  214  218  228  243  262  282  299  314  325  333  339  343  348  353
  360  367  374  380  397  406  418  431  424                                   
    25.0-180.0 180.0   5.0 450.0                            LAT/LON1/LON2/DLON/H
  440  435  451  469  468  470  467  463  460  459  461  463  460  448  428  406
  385  368  358  354  354  353  351  343  333  321  311  303  295  284  273  263
  256  250  246  242  238  237  240  247  258  268  275  276  271  260  246  233
  221  212  208  210  220  236  256  278  297  313  326  337  346  354  361  369
  377  385  391  397  412  419  432  445  440                                   
    22.5-180.0 180.0   5.0 450.0                            LAT/LON1/LON2/DLON/H
  451  446  467  492  494  500  500  497  493  492  494  497  494  483  463  439
  416  397  384  377  374  371  366  354  339  324  311  301  291  279  265  250
  237  226  218  211  206  205  210  220  233  246  254  256  252  243  231  219
  209  200  195  196  205  222  244  268  290  308  323  337  351  363  374  385
  396  404  410  415  428  431  444  458  451                                   
    20.0-180.0 180.0   5.0 450.0                            LAT/LON1/LON2/DLON/H
  458  456  479  509  515  524  527  527  526  526  529  532  530  519  500  475
  450  428  411  400  394  388  378  362  342  321  304  291  279  264  246  228
  212  199  188  181  176  175  181  191  204  216  223  226  223  216  208  198
  189  182  177  177  187  205  229  256  280  301  319  336  354  371  387  401
  414  424  431  435  445  444  456  469  458                                   
    17.5-180.0 180.0   5.0 450.0                            LAT/LON1/LON2/DLON/H
  464  466  490  519  527  539  545  548  550  552  557  562  562  552  534  511
  485  461  440  424  413  402  387  366  339  313  291  273  258  242  223  204
  188  175  165  159  154  154  157  166  175  183  188  190  188  184  179  172
  166  159  156  157  168  188  215  244  271  294  315  336  357  378  398  415
  431  443  451  456  462  458  469  480  464                                   
    15.0-180.0 180.0   5.0 450.0                            LAT/LON1/LON2/DLON/H
  472  479  500  525  533  543  550  556  561  566  574  582  584  577  562  541
  516  491  468  448  431  414  393  364  331  299  271  250  233  216  200  184
  170  161  154  149  145  143  144  148  152  155  156  156  155  154  151  147
  142  138  136  139  151  174  203  235  264  289  313  336  360  384  407  428
  446  460  470  476  481  475  485  493  472                                   
    12.5-180.0 180.0   5.0 450.0                            LAT/LON1/LON2/DLON/H
  486  498  515  530  535  541  546  551  558  566  576  586  591  588  577  560
  539  515  491  467  445  421  392  357  317  279  247  224  206  192  181  170
  163  159  155  151  147  144  142  140  137  134  130  129  129  129  129  127
  124  121  120  125  139  163  194  228  258  286  312  338  365  391  416  438
  458  474  486  494  500  494  505  511  486                                   
    10.0-180.0 180.0   5.0 450.0                            LAT/LON1/LON2/DLON/H
  507  523  535  540  538  538  537  539  545  553  564  575  582  582  576  564
  548  528  505  479  451  421  384  342  297  255  221  197  183  175  170  168
  167  167  166  163  159  154  148  141  132  123  116  113  113  115  116  114
  111  109  109  114  128  153  185  220  253  283  311  340  369  397  423  446
  467  485  499  509  517  513  527  533  507                                   
     7.5-180.0 180.0   5.0 450.0                            LAT/LON1/LON2/DLON/H
  536  555  562  559  550  541  532  528  530  535  544  554  561  564  561  555
  544  528  507  480  448  411  368  319  270  227  195  176  168  167  171  176
