data/edconvlstm_nd/pred2470.15i
     1.0            IONOSPHERE MAPS     GNSS                IONEX VERSION / TYPE
pyspatialgeodesy        IME             05-JAN-18 20:20     PGM / RUN BY / DATE 
Map Name                                                    COMMENT             
Predicted global ionosphere maps (GIM).                     DESCRIPTION         
  2015     9     4     0     0     0                        EPOCH OF FIRST MAP  
  2015     9     5     0     0     0                        EPOCH OF LAST MAP   
  7200                                                      INTERVAL            
    13                                                      # OF MAPS IN FILE   
  NONE                                                      MAPPING FUNCTION    
10.0                                                        ELEVATION CUTOFF    
One-way carrier phase leveled to code                       OBSERVABLES USED    
  6371.0                                                    BASE RADIUS         
 2                                                          MAP DIMENSION       
   450.0 450.0   0.0                                        HGT1 / HGT2 / DHGT  
    87.5 -87.5  -2.5                                        LAT1 / LAT2 / DLAT  
  -180.0 180.0   5.0                                        LON1 / LON2 / DLON  
    -1                                                      EXPONENT            
                                                            END OF HEADER       
[from data line 858]
     3                                                      START OF TEC MAP    
  2015     9     4     4     0     0                        EPOCH OF CURRENT MAP
    87.5-180.0 180.0   5.0 450.0                            LAT/LON1/LON2/DLON/H
  106  110  109  113  112  110  108  105  105  106  105  105  105  104  104  103
  102  101  100   99   98   97   96   95   94   93   92   91   91   90   90   90
   90   90   91   91   91   92   93   93   94   95   96   97   98   98   99  100
  100  101  101  102  102  102  102  102  102  102  102  102  101  101  100  101
  102  103  101  101  106  111  115  108  106                                   
    85.0-180.0 180.0   5.0 450.0                            LAT/LON1/LON2/DLON/H
  103  119  111  115  118  117  116  115  115  114  113  113  112  111  110  109
  108  107  106  105  103  102  100   99   97   96   95   94   93   93   93   93
   93   93   94   95   96   97   98  100  101  102  104  105  106  107  109  110
  111  111  112  113  113  114  114  114  114  114  114  114  114  113  113  113
  114  115  112  114  111  114  118  109  103                                   
    82.5-180.0 180.0   5.0 450.0                            LAT/LON1/LON2/DLON/H
  110  116  121  116  116  117  116  115  115  114  112  112  111  109  108  107
  105  104  102  101   99   97   95   93   91   89   87   85   84   84   83   84
   84   85   86   88   89   91   93   96   98  100  102  104  106  108  110  112
  114  115  117  118  119  120  120  121  121  121  121  121  120  120  119  119
  119  119  115  115  120  112  109  103  110                                   
    80.0-180.0 180.0   5.0 450.0                            LAT/LON1/LON2/DLON/H
  115  117  111  108  110  111  112  110  110  108  106  105  104  103  101  100
   99   97   95   94   91   89   86   83   81   78   76   74   72   71   71   71
   72   73   75   77   79   82   85   87   90   93   96   99  102  105  108  110
  113  115  117  119  120  121  122  123  124  124  124  124  123  122  121  120
  120  118  116  116  121  117  116  105  115                                   
    77.5-180.0 180.0   5.0 450.0                            LAT/LON1/LON2/DLON/H
  115  114  107  106  103  106  107  106  105  102  100   99   97   96   94   93
   92   91   90   89   87   85   82   78   75   72   69   66   65   63   63   63
   64   66   68   70   73   76   79   83   86   90   94   97  101  105  109  112
  116  119  121  124  126  128  129  130  131  131  131  131  130  128  126  125
  123  122  118  119  120  112  110  106  115                                   
    75.0-180.0 180.0   5.0 450.0                            LAT/LON1/LON2/DLON/H
  109  111  102  101   98  100  100   97   95   92   89   87   85   84   83   82
   82   82   82   82   81   79   76   73   69   65   62   59   57   55   55   55
   56   57   59   61   64   67   70   73   76   80   84   89   93   98  102  107
  111  114  118  121  124  126  128  130  131  132  132  132  131  129  127  126
  124  122  118  114  116  111  110  107  109                                   
    72.5-180.0 180.0   5.0 450.0                            LAT/LON1/LON2/DLON/H
  106  111  103  100   97   99   98   95   92   88   84   81   78   76   76   76
   76   78   79   80   80   79   77   73   69   65   61   57   55   53   53   53
   54   55   57   59   61   64   67   70   73   78   82   87   93   98  104  109
  114  119  123  127  130  133  136  138  140  141  141  140  139  138  136  135
  132  130  127  124  122  116  112  110  106                                   
    70.0-180.0 180.0   5.0 450.0                            LAT/LON1/LON2/DLON/H
  111  113  106  101   97   96   94   90   86   81   75   72   68   65   64   65
   67   69   72   75   76   76   74   71   66   62   57   54   51   50   49   50
   50   52   53   54   56   58   60   63   67   71   77   83   89   96  103  109
  115  120  125  129  133  136  139  142  144  145  146  146  145  143  141  140
  138  135  133  131  128  123  121  118  111                                   
    67.5-180.0 180.0   5.0 450.0                            LAT/LON1/LON2/DLON/H
  112  115  107  102   97   94   91   86   81   75   68   64   59   56   55   55
   58   61   65   68   70   71   69   66   62   57   53   49   47   45   45   45
   45   45   46   47   47   49   51   54   58   63   70   77   84   92  100  106
  113  118  123  127  131  135  138  142  144  146  147  147  146  144  142  141
  138  136  135  133  132  128  126  124  112                                   
    65.0-180.0 180.0   5.0 450.0                            LAT/LON1/LON2/DLON/H
  117  120  111  105   99   95   91   85   80   72   65   60   55   51   49   50
   52   55   59   63   66   66   65   61   57   52   48   45   43   42   41   41
   41   41   41   41   42   43   45   48   53   59   67   75   84   92  100  108
  114  119  124  128  132  136  140  144  147  149  151  150  149  147  144  143
  141  139  138  137  138  135  135  133  117                                   
    62.5-180.0 180.0   5.0 450.0                            LAT/LON1/LON2/DLON/H
  123  126  117  110  103   98   93   87   81   73   65   60   54   50   48   47
   49   51   55   58   60   61   59   56   52   47   44   41   40   39   38   38
   38   37   37   37   37   39   41   45   51   59   67   76   86   95  103  110
  116  122  126  130  134  139  143  148  151  154  155  155  154  151  148  146
  143  142  142  142  143  142  143  142  123                                   
    60.0-180.0 180.0   5.0 450.0                            LAT/LON1/LON2/DLON/H
  130  132  123  115  107  101   96   89   82   74   66   61   55   51   48   47
   47   48   51   53   54   53   52   48   45   41   39   37   36   35   35   34
   34   33   33   33   34   36   40   45   52   60   69   79   89   98  107  113
  119  124  128  133  137  142  147  152  156  159  161  160  158  154  151  148
  145  144  144  145  147  147  149  149  130                                   
    57.5-180.0 180.0   5.0 450.0                            LAT/LON1/LON2/DLON/H
  139  139  131  123  113  107  101   93   85   77   69   64   59   54   51   49
   47   47   47   48   48   47   45   42   39   37   35   34   33   33   33   32
   31   31   31   32   34   38   42   48   56   65   74   84   94  103  111  118
  123  128  132  137  143  148  154  159  163  166  168  167  164  160  156  153
  150  148  148  149  152  153  155  156  139                                   
    55.0-180.0 180.0   5.0 450.0                            LAT/LON1/LON2/DLON/H
  148  147  139  131  121  114  108   99   90   81   73   68   63   58   55   52
   49   47   46   45   43   42   40   38   36   35   34   33   33   33   32   31
   31   31   32   34   38   43   48   55   62   71   80   90  100  108  116  122
  127  133  138  143  149  155  161  167  171  174  175  174  171  167  163  159
  156  154  154  155  158  158  161  162  148                                   
    52.5-180.0 180.0   5.0 450.0                            LAT/LON1/LON2/DLON/H
  158  155  148  141  131  124  118  108   98   88   79   73   68   64   60   56
   52   49   46   44   42   41   39   38   38   37   37   36   36   35   34   33
   33   34   36   40   45   51   56   63   70   78   87   96  105  113  120  127
  133  139  145  151  158  164  170  175  178  181  181  180  178  174  170  167
  164  162  162  162  164  164  167  168  158                                   
    50.0-180.0 180.0   5.0 450.0                            LAT/LON1/LON2/DLON/H
  167  164  158  152  144  137  131  120  109   97   87   81   75   70   65   61
   57   53   50   47   46   44   44   44   44   45   44   44   43   41   39   38
   38   40   43   49   55   61   66   72   78   85   93  102  111  118  126  132
  139  146  153  160  167  173  178  182  185  186  186  185  183  180  177  175
  173  171  170  170  172  171  173  175  167                                   
    47.5-180.0 180.0   5.0 450.0                            LAT/LON1/LON2/DLON/H
  174  172  167  164  156  151  145  134  123  110   98   90   83   77   72   68
   63   60   57   54   53   53   54   55   56   56   56   54   51   49   47   45
   45   48   53   59   66   72   76   81   85   91   99  107  116  124  132  139
  147  155  163  170  176  181  185  188  190  190  189  188  186  184  183  182
  181  180  179  179  179  177  179  180  174                                   
    45.0-180.0 180.0   5.0 450.0                            LAT/LON1/LON2/DLON/H
  180  179  175  173  168  165  159  149  137  124  111  102   93   86   80   75
   71   68   65   64   64   64   66   68   69   70   68   65   61   57   54   53
   54   57   63   70   76   81   85   88   91   97  104  113  122  130  139  147
  156  165  173  180  185  189  191  193  193  192  190  188  187  186  186  188
  188  188  187  187  186  184  184  186  180                                   
    42.5-180.0 180.0   5.0 450.0                            LAT/LON1/LON2/DLON/H
  184  184  180  180  177  175  171  162  151  137  124  114  104   96   89   83
   79   77   75   75   75   77   79   81   82   82   79   75   69   64   61   60
   62   66   72   78   84   88   90   92   95  101  109  118  128  138  147  156
  165  174  182  188  192  194  196  196  195  194  192  190  188  188  190  192
  194  195  195  194  194  190  190  191  184                                   
    40.0-180.0 180.0   5.0 450.0                            LAT/LON1/LON2/DLON/H
  189  188  184  184  183  182  178  172  162  149  136  125  115  105   97   91
   87   85   85   85   86   87   89   91   92   91   87   82   75   70   67   66
   68   73   79   85   90   92   94   95   98  105  114  124  135  146  155  165
  174  182  189  194  197  199  200  200  200  198  196  194  193  193  195  198
  200  202  203  202  202  197  198  198  189                                   
    37.5-180.0 180.0   5.0 450.0                            LAT/LON1/LON2/DLON/H
  196  195  189  187  186  185  182  176  168  156  144  133  123  113  104   98
   94   93   93   93   94   95   97   98   98   96   92   85   78   73   70   70
   73   78   83   89   92   94   94   96  100  108  119  131  143  153  163  172
  181  188  193  197  200  203  205  207  208  208  207  205  203  203  204  208
  210  212  213  212  212  207  208  207  196                                   
    35.0-180.0 180.0   5.0 450.0                            LAT/LON1/LON2/DLON/H
  210  206  199  192  190  187  183  178  170  159  148  138  127  117  109  102
   99   98   98   99   99   99  100  100  100   98   93   86   79   75   73   74
   77   82   86   90   93   94   94   96  101  111  123  136  149  159  169  177
  185  191  195  199  203  208  213  218  222  224  224  223  222  221  221  224
  225  226  227  225  226  222  224  220  210                                   
    32.5-180.0 180.0   5.0 450.0                            LAT/LON1/LON2/DLON/H
  231  225  216  204  200  193  186  179  171  160  148  138  128  119  111  105
  101  100  100  100  100  100  100  100   99   97   92   86   80   76   75   77
   80   84   88   91   92   92   93   95  102  113  126  140  152  163  171  179
  185  190  195  200  207  215  224  234  241  246  248  249  248  246  246  247
  247  246  247  244  245  242  245  241  231                                   
    30.0-180.0 180.0   5.0 450.0                            LAT/LON1/LON2/DLON/H
  261  254  243  227  219  208  196  186  174  161  148  137  127  118  110  104
  101   99   99   99   99   99   99   99   98   95   91   86   81   78   78   80
   83   87   89   91   91   91   91   95  102  114  128  141  153  163  171  177
  183  189  194  202  212  225  240  254  265  273  277  279  279  278  277  277
  275  274  273  269  269  267  272  267  261                                   
    27.5-180.0 180.0   5.0 450.0                            LAT/LON1/LON2/DLON/H
  299  293  280  262  251  236  218  202  185  167  150  136  125  116  109  103
   98   96   95   95   96   97   98   98   97   95   92   87   83   81   81   83
   86   89   90   91   90   90   90   94  101  112  126  140  151  161  168  175
  181  187  195  206  221  240  259  277  292  302  308  311  312  312  311  311
  309  307  305  298  298  297  301  298  299                                   
    25.0-180.0 180.0   5.0 450.0                            LAT/LON1/LON2/DLON/H
  340  337  323  306  294  276  253  230  206  181  159  141  127  116  108  101
   95   91   90   91   93   95   98   99   99   97   94   90   87   84   84   86
   89   91   91   91   90   89   89   92   98  109  123  136  148  158  166  173
  180  188  199  214  234  258  282  303  319  330  337  341  344  345  346  346
  344  342  339  331  329  328  332  331  340                                   
    22.5-180.0 180.0   5.0 450.0                            LAT/LON1/LON2/DLON/H
  379  381  368  354  343  324  298  270  239  207  177  153  134  121  110  101
   93   88   86   87   91   96  100  102  103  101   98   94   91   88   88   89
   91   92   92   91   90   88   87   89   94  105  118  132  145  156  165  174
  182  192  206  225  250  277  304  327  343  353  360  366  370  374  377  379
  379  377  375  364  360  357  360  361  379                                   
    20.0-180.0 180.0   5.0 450.0                            LAT/LON1/LON2/DLON/H
  411  418  409  400  390  374  347  317  281  242  204  173  149  132  118  106
   96   88   85   87   92   99  105  108  108  106  103   99   95   91   90   91
   92   93   92   91   89   86   84   85   90  100  114  130  144  157  167  178
  188  201  217  239  267  296  324  346  361  370  376  383  389  396  402  407
  409  409  407  396  388  384  384  387  411                                   
    17.5-180.0 180.0   5.0 450.0                            LAT/LON1/LON2/DLON/H
  432  444  439  434  429  416  392  362  324  281  239  201  172  150  132  117
  104   94   90   91   97  105  112  115  114  111  107  102   97   93   92   92
   93   93   92   90   87   84   81   81   85   96  112  129  145  160  173  185
  198  212  231  255  283  313  340  360  373  380  386  392  401  410  419  428
  433  436  435  423  411  404  404  406  432                                   
    15.0-180.0 180.0   5.0 450.0                            LAT/LON1/LON2/DLON/H
  443  458  456  455  453  444  424  397  361  319  274  233  200  174  153  135
  119  107  101  102  108  115  121  122  120  115  109  103   98   94   92   92
   93   92   91   88   85   81   78   77   83   94  111  130  148  165  179  194
  208  225  245  270  299  328  353  370  381  386  391  398  407  419  430  441
  448  454  454  444  430  419  418  419  443                                   
    12.5-180.0 180.0   5.0 450.0                            LAT/LON1/LON2/DLON/H
  446  461  461  460  461  455  439  416  385  346  303  263  228  200  177  157
  140  127  120  118  122  127  130  129  124  117  110  104   99   95   93   93
   93   92   90   86   83   78   75   75   81   94  111  132  152  169  186  201
  218  237  259  284  312  339  362  377  386  391  395  403  413  424  436  448
  457  464  466  458  443  430  429  427  446                                   
    10.0-180.0 180.0   5.0 450.0                            LAT/LON1/LON2/DLON/H
  446  458  458  454  455  450  436  418  392  359  321  285  253  225  201  182
  165  152  143  139  138  139  138  133  126  117  110  104   99   96   94   93
   93   91   89   85   81   76   73   74   80   93  112  133  153  172  189  207
  225  246  269  294  321  347  368  383  392  397  402  410  420  430  441  451
  459  466  470  464  451  437  436  432  446                                   
     7.5-180.0 180.0   5.0 450.0                            LAT/LON1/LON2/DLON/H
  446  455  452  443  441  434  421  405  384  356  327  297  270  245  223  205
  190  177  167  160  155  150  144  136  127  118  111  105  101   98   96   95
