data/edconvlstm_nd/pred2540.15i
     1.0            IONOSPHERE MAPS     GNSS                IONEX VERSION / TYPE
pyspatialgeodesy        IME             05-JAN-18 20:20     PGM / RUN BY / DATE 
Map Name                                                    COMMENT             
Predicted global ionosphere maps (GIM).                     DESCRIPTION         
  2015     9    11     0     0     0                        EPOCH OF FIRST MAP  
  2015     9    12     0     0     0                        EPOCH OF LAST MAP   
  7200                                                      INTERVAL            
    13                                                      # OF MAPS IN FILE   
  NONE                                                      MAPPING FUNCTION    
10.0                                                        ELEVATION CUTOFF    
One-way carrier phase leveled to code                       OBSERVABLES USED    
  6371.0                                                    BASE RADIUS         
 2                                                          MAP DIMENSION       
   450.0 450.0   0.0                                        HGT1 / HGT2 / DHGT  
    87.5 -87.5  -2.5                                        LAT1 / LAT2 / DLAT  
  -180.0 180.0   5.0                                        LON1 / LON2 / DLON  
    -1                                                      EXPONENT            
                                                            END OF HEADER       
[from data line 858]
     3                                                      START OF TEC MAP    
  2015     9    11     4     0     0                        EPOCH OF CURRENT MAP
    87.5-180.0 180.0   5.0 450.0                            LAT/LON1/LON2/DLON/H
   79   84   81   85   84   83   81   77   77   77   77   77   77   77   76   76
   76   75   74   74   73   72   72   71   70   69   69   68   67   67   66   66
   66   66   65   65   65   66   66   66   67   68   68   69   70   71   71   72
   73   74   75   75   76   77   77   78   78   78   79   79   79   79   79   80
   81   82   79   79   83   91   95   83   79                                   
    85.0-180.0 180.0   5.0 450.0                            LAT/LON1/LON2/DLON/H
   78   92   83   87   89   89   88   87   86   86   86   86   85   85   84   84
   83   82   81   79   78   77   75   74   73   72   70   69   69   68   67   67
   67   67   67   67   68   69   69   70   71   72   73   74   76   77   78   80
   81   82   83   84   85   86   87   88   88   89   89   90   90   90   90   91
   92   92   88   90   91   93  100   89   78                                   
    82.5-180.0 180.0   5.0 450.0                            LAT/LON1/LON2/DLON/H
   87   88   97   91   90   92   92   91   91   91   90   90   89   89   88   87
   85   84   82   80   78   76   74   72   70   68   66   65   64   63   63   62
   62   63   63   64   65   66   67   69   70   72   74   76   78   80   82   84
   86   88   89   91   92   94   95   96   97   97   98   98   99   98   98   99
   99   98   94   93  102   93   92   88   87                                   
    80.0-180.0 180.0   5.0 450.0                            LAT/LON1/LON2/DLON/H
   98   93   91   85   88   87   89   88   89   88   86   87   87   86   85   84
   82   80   78   76   73   70   67   64   62   60   58   56   55   55   55   55
   55   56   57   58   59   60   62   64   66   68   70   73   76   78   81   84
   86   89   91   93   95   96   97   98   99  100  100  101  101  101  100  100
  100   98   97   97  107  101  100   92   98                                   
    77.5-180.0 180.0   5.0 450.0                            LAT/LON1/LON2/DLON/H
  100   95   87   84   82   84   87   87   87   86   84   85   84   84   83   82
   81   79   76   74   71   67   64   61   58   55   53   51   51   50   50   51
   52   53   54   56   57   59   60   62   65   67   70   73   76   80   83   87
   90   93   95   97   99  100  102  102  103  103  104  104  104  103  103  102
  102  101   97  100  104   95   94   91  100                                   
    75.0-180.0 180.0   5.0 450.0                            LAT/LON1/LON2/DLON/H
   92   90   82   79   75   78   79   79   78   77   75   75   75   74   74   73
   72   70   68   65   62   58   54   50   47   44   42   41   40   41   42   43
   44   46   47   48   49   50   52   53   55   58   61   65   68   72   76   80
   83   86   89   91   92   94   95   96   96   97   97   97   97   97   96   96
   95   95   93   91   95   91   90   89   92                                   
    72.5-180.0 180.0   5.0 450.0                            LAT/LON1/LON2/DLON/H
   89   90   82   78   76   78   79   78   77   75   72   73   72   71   71   70
   70   69   67   65   61   58   53   49   46   43   40   39   39   40   42   43
   45   47   48   49   50   50   51   52   54   57   61   65   70   74   79   83
   87   89   92   93   95   96   96   97   98   98   98   98   98   98   98   99
   98   98   98   96   97   92   90   90   89                                   
    70.0-180.0 180.0   5.0 450.0                            LAT/LON1/LON2/DLON/H
   92   93   86   81   78   79   79   77   76   73   70   70   68   67   67   67
   67   67   66   64   62   58   54   50   45   42   40   39   39   41   43   45
   47   48   49   50   49   49   49   50   52   56   60   65   70   76   81   85
   89   91   93   94   95   95   96   97   97   98   98   99   99   99   99  100
  100  100  101  100  101   96   96   94   92                                   
    67.5-180.0 180.0   5.0 450.0                            LAT/LON1/LON2/DLON/H
   90   93   86   81   77   77   76   73   71   68   65   64   62   60   60   60
   61   62   63   62   61   58   53   49   44   41   38   37   38   39   41   43
   45   46   46   45   44   43   43   44   46   50   55   61   67   73   78   82
   85   87   88   89   89   89   90   91   92   93   94   95   95   95   96   97
   98   97  100  100  101   98   97   95   90                                   
    65.0-180.0 180.0   5.0 450.0                            LAT/LON1/LON2/DLON/H
   92   95   87   82   78   76   74   72   70   66   62   61   58   57   56   57
   58   60   62   62   62   60   56   51   46   42   40   38   39   40   42   43
   44   44   44   42   40   39   39   40   42   47   53   60   67   73   79   83
   85   87   87   87   87   87   88   89   90   92   94   95   96   96   97   98
   99   99  102  102  104  101  102  100   92                                   
    62.5-180.0 180.0   5.0 450.0                            LAT/LON1/LON2/DLON/H
   93   97   89   83   80   76   74   71   68   64   60   59   56   54   53   54
   56   58   61   63   63   62   59   55   50   46   43   41   41   42   43   44
   44   43   41   39   38   36   36   37   41   46   53   60   68   75   81   85
   87   88   88   88   87   88   88   90   92   94   96   98   99  100  101  102
  102  102  105  105  107  105  106  105   93                                   
    60.0-180.0 180.0   5.0 450.0                            LAT/LON1/LON2/DLON/H
   95   98   89   84   80   75   72   68   65   61   57   55   53   51   50   50
   52   55   58   61   62   62   60   56   52   48   45   43   43   43   43   42
   42   40   38   36   34   33   33   35   39   46   53   61   69   77   82   86
   88   89   89   89   89   89   90   92   94   97   99  101  103  104  104  105
  105  105  107  107  109  107  108  107   95                                   
    57.5-180.0 180.0   5.0 450.0                            LAT/LON1/LON2/DLON/H
   98  100   91   85   82   75   72   67   63   59   54   52   50   48   47   47
   48   51   54   57   59   60   59   56   53   49   47   45   44   44   43   41
   40   38   36   34   33   32   33   36   41   47   56   64   73   80   86   90
   92   94   94   94   94   94   95   97   99  102  104  106  108  109  109  110
  109  109  111  110  111  109  111  110   98                                   
    55.0-180.0 180.0   5.0 450.0                            LAT/LON1/LON2/DLON/H
  102  102   93   89   85   78   74   67   62   56   52   49   47   45   44   44
   44   46   48   51   53   55   55   53   51   49   47   45   45   44   42   40
   38   36   34   33   33   33   35   38   43   50   59   68   76   84   90   95
   98  100  102  102  102  102  102  103  104  106  109  111  113  114  114  115
  114  113  114  112  114  111  113  113  102                                   
    52.5-180.0 180.0   5.0 450.0                            LAT/LON1/LON2/DLON/H
  106  107   98   95   92   85   80   72   65   57   50   47   44   43   42   41
   40   41   42   44   47   48   49   49   48   47   46   45   45   44   42   40
   38   36   35   35   35   36   38   42   47   55   64   73   82   89   96  101
  106  110  112  113  113  112  111  110  110  111  112  114  116  117  118  119
  118  117  118  115  116  114  116  116  106                                   
    50.0-180.0 180.0   5.0 450.0                            LAT/LON1/LON2/DLON/H
  111  113  104  104  102   95   90   81   71   60   52   47   44   42   40   39
   38   37   37   38   40   42   44   45   45   45   45   45   45   44   43   41
   39   38   38   39   40   41   43   46   52   60   69   79   88   96  103  110
  116  121  124  126  125  123  120  118  116  115  116  117  119  121  122  123
  123  122  122  120  120  118  120  120  111                                   
    47.5-180.0 180.0   5.0 450.0                            LAT/LON1/LON2/DLON/H
  116  120  112  114  113  108  104   93   81   68   57   50   45   42   40   38
   36   35   34   34   36   38   40   42   44   45   46   46   47   46   45   44
   43   43   43   44   45   46   48   51   57   65   75   85   95  104  112  120
  127  134  138  139  137  134  130  125  122  120  119  120  122  124  126  127
  128  127  128  125  125  122  125  124  116                                   
    45.0-180.0 180.0   5.0 450.0                            LAT/LON1/LON2/DLON/H
  121  126  119  123  124  121  118  106   93   78   64   56   49   45   42   40
   37   34   33   33   34   37   40   42   45   46   48   48   49   49   48   48
   48   48   49   50   51   51   52   55   61   70   81   92  102  112  121  130
  139  145  150  151  149  144  139  133  128  125  123  123  125  127  129  132
  133  132  133  131  131  128  130  128  121                                   
    42.5-180.0 180.0   5.0 450.0                            LAT/LON1/LON2/DLON/H
  125  130  123  129  132  130  128  118  105   88   74   63   55   50   46   42
   39   37   35   34   36   38   42   45   48   50   51   52   53   53   53   53
   54   55   56   56   56   55   55   58   65   75   87   98  109  119  129  139
  148  155  159  160  158  153  147  141  135  131  129  129  130  132  134  137
  138  138  139  137  138  134  135  132  125                                   
    40.0-180.0 180.0   5.0 450.0                            LAT/LON1/LON2/DLON/H
  128  132  124  131  135  134  133  124  112   97   83   72   63   56   51   47
   44   41   39   38   40   43   46   50   53   56   57   58   58   58   58   59
   61   62   62   62   60   58   57   60   67   79   91  104  115  126  136  146
  155  162  166  167  166  162  157  151  146  142  139  138  138  140  141  144
  144  144  145  143  144  139  139  135  128                                   
    37.5-180.0 180.0   5.0 450.0                            LAT/LON1/LON2/DLON/H
  131  131  122  127  132  131  131  123  113  100   88   79   70   63   57   53
   50   47   45   45   46   49   52   57   60   62   64   64   64   64   65   66
   67   68   68   66   63   59   58   61   69   81   95  108  120  131  142  152
  161  167  171  173  173  172  169  166  162  158  155  153  152  152  152  153
  152  151  151  150  150  144  144  138  131                                   
    35.0-180.0 180.0   5.0 450.0                            LAT/LON1/LON2/DLON/H
  136  130  118  120  124  122  122  115  109   99   90   83   76   69   64   59
   57   55   54   53   54   56   59   63   67   69   70   70   70   70   71   73
   74   74   73   70   65   61   59   62   71   83   97  111  123  135  146  156
  165  171  175  179  182  184  185  185  183  180  177  174  171  169  167  166
  162  160  159  156  156  149  149  142  136                                   
    32.5-180.0 180.0   5.0 450.0                            LAT/LON1/LON2/DLON/H
  143  133  118  116  117  112  110  104  100   93   88   85   80   74   69   66
   64   63   62   62   62   63   66   70   73   76   77   77   77   77   78   79
   80   80   77   73   67   62   60   63   72   84   98  112  124  137  148  159
  168  175  180  186  193  200  206  209  210  208  205  201  196  192  187  183
  177  172  169  165  164  156  157  151  143                                   
    30.0-180.0 180.0   5.0 450.0                            LAT/LON1/LON2/DLON/H
  157  143  126  119  117  108  103   95   91   86   85   84   81   77   73   71
   70   70   70   70   69   70   72   76   79   82   83   83   83   83   84   86
   86   85   81   75   69   64   61   64   71   83   97  111  124  138  151  163
  172  180  187  196  208  221  232  239  241  240  236  231  225  219  213  206
  198  190  184  178  175  167  170  164  157                                   
    27.5-180.0 180.0   5.0 450.0                            LAT/LON1/LON2/DLON/H
  176  163  146  136  128  115  106   95   88   84   83   83   82   79   76   75
   75   76   76   76   75   75   77   80   84   87   89   89   89   90   91   92
   92   89   84   78   71   65   62   64   70   81   94  109  123  139  154  168
  178  188  197  210  227  246  262  273  277  275  271  265  258  250  242  234
  224  214  205  196  192  183  187  185  176                                   
    25.0-180.0 180.0   5.0 450.0                            LAT/LON1/LON2/DLON/H
  203  193  178  166  154  137  125  109   98   89   86   86   84   81   78   77
   78   79   80   79   78   79   81   85   89   91   94   95   95   96   97   98
   97   93   87   80   73   67   63   64   69   79   92  107  124  142  159  175
  188  200  212  230  251  275  295  308  313  312  307  300  292  284  276  267
  256  244  234  222  214  205  211  212  203                                   
    22.5-180.0 180.0   5.0 450.0                            LAT/LON1/LON2/DLON/H
  237  232  220  210  194  175  159  139  122  108  100   95   91   86   82   80
   80   81   82   81   81   83   86   90   93   96   98  100  101  102  103  103
  101   96   89   81   74   67   64   63   67   76   90  107  126  147  168  186
  202  216  232  253  279  306  329  343  349  347  342  335  327  320  312  304
  292  281  270  255  244  234  240  245  237                                   
    20.0-180.0 180.0   5.0 450.0                            LAT/LON1/LON2/DLON/H
  276  278  271  262  244  225  208  184  161  140  124  113  104   95   88   84
   83   83   83   83   84   87   92   96   99  101  102  104  106  107  108  107
  104   98   90   81   74   68   64   63   67   76   91  110  132  156  180  201
  219  236  255  278  306  334  358  373  379  378  374  368  362  356  350  343
  332  321  310  293  279  268  275  283  276                                   
    17.5-180.0 180.0   5.0 450.0                            LAT/LON1/LON2/DLON/H
  318  327  325  319  300  282  266  239  212  184  160  140  124  110   99   91
   88   86   85   85   89   94  100  104  106  106  106  107  109  111  111  110
  105   98   89   81   74   68   65   65   69   79   95  116  141  168  193  217
  237  257  278  302  330  358  381  396  403  404  402  399  395  391  387  381
  372  363  352  335  319  307  314  323  318                                   
    15.0-180.0 180.0   5.0 450.0                            LAT/LON1/LON2/DLON/H
  360  373  375  370  353  337  323  298  268  234  202  175  151  131  115  103
   95   91   90   91   96  104  111  115  115  112  111  110  112  113  113  110
  105   97   88   80   74   70   68   68   73   84  101  125  151  179  205  230
  253  275  297  322  348  374  396  411  419  423  424  425  424  423  421  417
  410  402  393  376  359  347  355  363  360                                   
    12.5-180.0 180.0   5.0 450.0                            LAT/LON1/LON2/DLON/H
  399  413  415  408  393  381  371  349  320  283  246  213  184  158  136  119
  108  101   99  101  107  116  124  127  124  119  115  113  113  113  113  109
  103   95   87   80   76   74   74   75   80   91  109  132  159  186  213  239
  263  287  311  335  360  384  404  418  428  434  439  444  447  449  448  446
  441  435  428  413  397  384  393  400  399                                   
    10.0-180.0 180.0   5.0 450.0                            LAT/LON1/LON2/DLON/H
  431  441  439  429  416  408  402  385  359  323  285  249  216  186  160  139
  124  116  112  114  121  130  137  138  134  127  120  116  114  113  111  107
  101   94   87   82   80   80   81   83   87   97  114  136  162  188  214  241
  267  293  318  341  364  386  405  419  430  439  446  454  461  465  466  465
  461  458  454  442  428  417  425  431  431                                   
     7.5-180.0 180.0   5.0 450.0                            LAT/LON1/LON2/DLON/H
  453  457  448  433  422  417  414  402  380  348  312  278  245  214  185  161
  144  133  128  129  135  143  149  149  142  133  125  119  115  112  109  105
