data/edconvlstm_nd/pred2360.15i
     1.0            IONOSPHERE MAPS     GNSS                IONEX VERSION / TYPE
pyspatialgeodesy        IME             05-JAN-18 20:20     PGM / RUN BY / DATE 
Map Name                                                    COMMENT             
Predicted global ionosphere maps (GIM).                     DESCRIPTION         
  2015     8    24     0     0     0                        EPOCH OF FIRST MAP  
  2015     8    25     0     0     0                        EPOCH OF LAST MAP   
  7200                                                      INTERVAL            
    13                                                      # OF MAPS IN FILE   
  NONE                                                      MAPPING FUNCTION    
10.0                                                        ELEVATION CUTOFF    
One-way carrier phase leveled to code                       OBSERVABLES USED    
  6371.0                                                    BASE RADIUS         
 2                                                          MAP DIMENSION       
   450.0 450.0   0.0                                        HGT1 / HGT2 / DHGT  
    87.5 -87.5  -2.5                                        LAT1 / LAT2 / DLAT  
  -180.0 180.0   5.0                                        LON1 / LON2 / DLON  
    -1                                                      EXPONENT            
                                                            END OF HEADER       
[from data line 2574]
     7                                                      START OF TEC MAP    
  2015     8    24    12     0     0                        EPOCH OF CURRENT MAP
    87.5-180.0 180.0   5.0 450.0                            LAT/LON1/LON2/DLON/H
   93  101   99  103  106  106  105  102  103  105  104  105  105  105  105  105
  105  105  105  105  105  105  105  105  105  104  104  104  103  103  103  102
  102  101  101  100  100   99   98   98   97   97   96   96   95   95   94   94
   93   93   93   92   92   92   92   92   92   92   92   92   92   92   92   93
   94   95   94   91   96   93  104  105   93                                   
    85.0-180.0 180.0   5.0 450.0                            LAT/LON1/LON2/DLON/H
   95  102  112  103  104  108  107  107  108  109  108  109  108  108  108  108
  108  109  109  109  109  109  109  109  109  109  109  108  108  108  108  108
  107  107  106  106  105  104  103  102  101  100  100   99   98   97   97   97
   96   96   96   96   95   95   95   95   95   95   96   96   96   96   97   97
   99  100   96   93   92   93   99  101   95                                   
    82.5-180.0 180.0   5.0 450.0                            LAT/LON1/LON2/DLON/H
   89  101  106  100  100  104  104  104  104  105  103  104  103  102  102  102
  102  102  102  102  102  103  103  103  104  104  104  105  105  106  106  106
  106  106  106  105  104  103  102  101  100   99   98   98   97   96   96   96
   95   95   95   95   95   95   94   94   94   94   94   94   93   93   93   94
   95   96   93   91   91   96   91   88   89                                   
    80.0-180.0 180.0   5.0 450.0                            LAT/LON1/LON2/DLON/H
   87   93  100   98   96   96   96   98   98   97   96   96   94   94   93   93
   93   93   94   94   95   96   96   97   98   98   99  100  101  102  103  104
  105  105  105  105  104  103  102  101  100   99   98   97   96   96   95   95
   95   95   94   94   94   93   93   92   91   91   90   89   89   88   88   88
   89   89   88   87   85   90   91   90   87                                   
    77.5-180.0 180.0   5.0 450.0                            LAT/LON1/LON2/DLON/H
   92   93   96   95   93   95   93   94   93   91   88   88   86   85   85   85
   85   86   87   89   90   91   92   94   95   96   97   98  100  102  104  106
  108  109  110  111  111  110  109  108  107  105  105  104  104  104  104  104
  103  103  103  102  101  100   99   97   96   94   93   91   89   88   86   85
   85   84   83   83   83   83   84   88   92                                   
    75.0-180.0 180.0   5.0 450.0                            LAT/LON1/LON2/DLON/H
   86   89   87   89   88   90   88   87   86   84   81   80   78   77   77   77
   78   80   82   84   86   87   89   90   92   93   94   96   98  101  104  107
  110  113  116  117  118  118  118  116  115  114  114  114  113  114  114  114
  114  113  112  111  109  107  105  103  101   98   95   93   90   88   85   83
   82   80   79   76   78   78   79   76   86                                   
    72.5-180.0 180.0   5.0 450.0                            LAT/LON1/LON2/DLON/H
   83   84   82   84   83   86   84   83   80   78   75   73   72   71   71   72
   74   76   78   81   84   86   88   89   90   91   92   93   95   98  102  107
  112  117  121  124  126  127  127  126  126  125  125  125  126  126  126  126
  126  125  123  121  118  115  112  109  106  103  100   97   93   90   86   83
   80   77   76   73   73   73   73   74   83                                   
    70.0-180.0 180.0   5.0 450.0                            LAT/LON1/LON2/DLON/H
   82   79   79   80   79   79   78   77   75   73   70   69   67   67   67   69
   71   73   76   80   83   86   88   89   89   89   88   89   91   94   99  105
  112  118  124  129  132  134  135  135  135  135  136  137  138  138  139  138
  137  134  132  128  125  121  117  114  110  107  104  101   97   94   90   86
   82   77   75   71   70   69   71   72   82                                   
    67.5-180.0 180.0   5.0 450.0                            LAT/LON1/LON2/DLON/H
   79   76   76   77   76   77   76   75   73   71   69   68   68   68   69   70
   73   76   79   83   86   89   90   90   90   88   86   85   86   89   94  101
  110  118  126  132  136  139  141  141  142  143  145  146  148  148  148  147
  145  141  137  133  128  124  120  117  114  112  109  107  104  100   96   92
   87   81   77   72   69   66   67   67   79                                   
    65.0-180.0 180.0   5.0 450.0                            LAT/LON1/LON2/DLON/H
   77   75   74   75   74   74   73   72   71   71   69   70   70   71   72   74
   76   79   82   86   89   92   93   93   91   88   85   83   83   86   91   99
  109  119  128  135  141  145  147  149  151  153  155  157  159  159  159  156
  152  148  143  138  133  128  125  122  120  118  117  115  113  110  106  101
   95   89   84   77   73   69   69   69   77                                   
    62.5-180.0 180.0   5.0 450.0                            LAT/LON1/LON2/DLON/H
   76   73   72   73   71   72   71   70   70   70   69   71   72   74   76   78
   80   82   84   87   90   93   94   94   92   88   85   82   81   83   89   97
  108  119  129  137  144  148  151  154  157  160  163  166  167  167  166  162
  157  151  146  140  136  132  128  126  125  124  124  124  122  120  116  111
  104   97   91   83   77   72   71   70   76                                   
    60.0-180.0 180.0   5.0 450.0                            LAT/LON1/LON2/DLON/H
   75   72   70   70   67   68   67   66   66   66   67   70   72   75   77   79
   80   81   83   86   88   91   92   92   91   87   84   81   80   82   88   97
  108  119  130  139  146  151  155  159  162  166  170  173  174  174  171  166
  160  154  149  144  140  137  134  133  132  132  132  133  132  129  125  120
  113  104   98   89   82   76   73   72   75                                   
    57.5-180.0 180.0   5.0 450.0                            LAT/LON1/LON2/DLON/H
   75   71   69   69   65   65   64   63   62   62   63   66   69   72   75   77
   78   79   80   82   85   87   89   90   89   87   84   82   82   85   91  101
  112  124  135  144  152  158  162  166  170  175  179  182  183  181  177  172
  166  160  155  152  149  147  145  144  143  143  144  144  143  140  135  129
  122  113  106   96   88   81   78   76   75                                   
    55.0-180.0 180.0   5.0 450.0                            LAT/LON1/LON2/DLON/H
   77   71   69   68   63   63   61   59   58   57   57   60   63   67   70   72
   73   74   75   77   79   82   85   87   88   87   86   85   86   90   97  107
  118  130  141  151  159  165  170  175  180  184  188  191  191  189  184  179
  173  168  164  162  161  160  158  157  156  156  156  155  154  150  145  138
  130  121  113  103   95   86   82   80   77                                   
    52.5-180.0 180.0   5.0 450.0                            LAT/LON1/LON2/DLON/H
   79   73   71   70   64   63   61   58   55   53   51   53   56   59   62   65
   67   68   70   71   74   77   81   84   87   88   88   89   91   96  104  114
  126  137  149  159  167  174  181  186  191  195  199  201  200  197  193  187
  182  178  176  176  175  175  173  172  170  169  168  166  164  159  153  146
  137  128  120  111  101   92   87   85   79                                   
    50.0-180.0 180.0   5.0 450.0                            LAT/LON1/LON2/DLON/H
   83   77   75   73   67   66   63   60   55   51   48   48   49   52   55   58
   61   63   65   68   71   75   79   84   87   90   92   94   97  103  111  121
  133  144  156  167  176  185  192  198  203  207  210  211  210  207  202  197
  192  190  189  189  190  189  187  185  182  180  178  176  173  168  161  153
  144  135  127  118  109   98   93   91   83                                   
    47.5-180.0 180.0   5.0 450.0                            LAT/LON1/LON2/DLON/H
   88   82   79   78   72   71   68   64   59   54   49   47   47   48   51   54
   57   61   64   68   72   76   81   86   90   94   97   99  103  109  117  127
  138  150  162  174  185  195  204  211  216  220  222  222  221  217  213  208
  204  202  201  201  201  200  198  194  191  188  186  184  180  175  168  160
  151  142  135  125  116  105   99   97   88                                   
    45.0-180.0 180.0   5.0 450.0                            LAT/LON1/LON2/DLON/H
   93   87   84   84   78   78   75   71   66   60   54   51   49   49   51   54
   57   62   67   71   76   81   86   91   95   99  102  105  108  113  121  131
  142  155  168  181  194  206  216  225  230  234  235  235  233  229  225  220
  216  213  212  210  209  207  204  200  197  194  192  190  187  181  174  167
  159  150  142  132  123  112  106  103   93                                   
    42.5-180.0 180.0   5.0 450.0                            LAT/LON1/LON2/DLON/H
   97   92   89   89   84   84   82   80   75   69   63   59   56   55   56   58
   61   67   72   78   83   88   93   98  102  106  109  111  113  117  124  134
  145  158  173  187  202  217  229  239  245  248  250  249  246  243  239  234
  229  224  220  217  213  210  207  203  201  199  198  196  193  188  182  175
  167  158  149  139  130  119  113  109   97                                   
    40.0-180.0 180.0   5.0 450.0                            LAT/LON1/LON2/DLON/H
  100   96   93   92   88   89   88   87   84   79   74   70   67   65   65   66
   69   74   80   87   92   97  101  106  110  114  116  117  118  122  128  137
  149  163  179  195  212  228  242  253  260  264  265  265  262  259  254  249
  242  235  228  222  217  213  210  207  206  205  204  203  200  196  190  184
  176  166  157  146  136  126  120  115  100                                   
    37.5-180.0 180.0   5.0 450.0                            LAT/LON1/LON2/DLON/H
  102  100   96   94   90   91   92   92   91   88   85   82   80   77   76   76
   78   82   89   96  102  106  110  113  118  121  123  124  125  127  133  143
  156  171  188  206  224  242  257  269  277  282  283  283  280  276  271  265
  257  248  238  230  223  219  217  216  215  215  214  212  209  205  200  194
  186  176  165  153  142  132  126  121  102                                   
    35.0-180.0 180.0   5.0 450.0                            LAT/LON1/LON2/DLON/H
  105  104  100   96   91   92   92   93   94   94   93   92   91   89   87   86
   87   90   97  104  110  114  117  120  124  128  130  132  133  136  142  153
  167  184  201  220  239  257  273  285  295  300  303  302  300  296  290  283
  274  263  253  244  237  234  233  232  231  230  227  225  221  217  212  206
  198  187  174  160  148  139  133  128  105                                   
    32.5-180.0 180.0   5.0 450.0                            LAT/LON1/LON2/DLON/H
  110  109  105   99   92   91   91   92   94   95   96   98   98   98   96   94
   94   97  103  111  116  120  122  124  128  133  137  140  142  147  155  167
  183  201  219  238  256  274  290  303  313  320  323  323  321  317  311  304
  295  284  274  266  261  259  258  257  255  250  245  240  234  229  225  219
  210  198  184  169  156  148  142  136  110                                   
    30.0-180.0 180.0   5.0 450.0                            LAT/LON1/LON2/DLON/H
  119  118  114  104   95   93   91   90   91   93   95   98  101  101  100   98
   98  101  107  115  121  124  125  127  131  137  143  148  153  159  170  184
  202  221  239  258  275  292  307  320  331  339  343  344  341  337  332  326
  319  311  304  298  296  295  294  291  285  276  266  257  249  243  238  232
  223  211  196  180  166  158  153  147  119                                   
    27.5-180.0 180.0   5.0 450.0                            LAT/LON1/LON2/DLON/H
  133  131  127  115  103   98   94   90   89   90   92   95   99  101  100   99
   98  102  109  117  124  127  127  129  134  140  148  156  164  173  186  203
  223  242  261  278  295  310  324  337  348  356  361  363  361  358  354  350
  346  343  340  339  339  339  337  330  319  303  287  273  262  255  250  245
  236  224  208  193  178  171  166  160  133                                   
    25.0-180.0 180.0   5.0 450.0                            LAT/LON1/LON2/DLON/H
  150  148  144  130  116  108  101   93   90   88   89   91   94   97   97   96
   96  100  108  118  125  129  130  131  136  143  153  163  174  186  203  222
  242  262  281  297  313  327  341  353  363  372  377  379  378  376  375  375
  376  378  380  383  386  386  382  370  351  328  306  287  274  266  261  256
  247  236  221  206  193  187  181  175  150                                   
    22.5-180.0 180.0   5.0 450.0                            LAT/LON1/LON2/DLON/H
  169  167  163  148  132  122  112  101   95   91   88   89   91   93   93   92
   93   98  107  118  126  131  132  134  138  146  157  169  183  198  217  237
  259  279  297  313  328  342  355  367  377  385  390  393  394  394  396  400
  406  414  421  428  431  430  422  404  379  348  319  296  282  274  269  265
  257  247  232  220  208  203  197  190  169                                   
    20.0-180.0 180.0   5.0 450.0                            LAT/LON1/LON2/DLON/H
  186  186  182  167  150  138  125  113  104   97   92   90   89   90   89   88
   89   94  105  117  127  132  135  137  142  150  161  175  190  208  228  250
  271  291  309  325  340  354  367  379  388  395  401  404  407  410  416  424
  435  447  458  466  469  465  452  429  397  361  327  302  286  279  275  272
  265  255  243  232  222  218  212  206  186                                   
    17.5-180.0 180.0   5.0 450.0                            LAT/LON1/LON2/DLON/H
  199  202  198  183  167  153  139  125  115  107  100   95   92   90   88   86
   86   91  102  115  126  133  138  142  148  156  167  181  197  216  236  258
  279  299  317  333  349  364  378  389  398  405  410  415  420  426  435  446
  460  474  486  493  494  486  468  441  405  366  331  304  289  281  279  276
  270  262  251  242  234  230  225  218  199                                   
    15.0-180.0 180.0   5.0 450.0                            LAT/LON1/LON2/DLON/H
  207  212  208  194  177  163  149  136  126  118  110  103   97   93   89   85
   85   89  100  113  125  134  142  148  155  163  173  187  203  222  242  264
  284  303  321  338  356  372  387  399  407  413  419  425  433  442  452  465
  479  493  503  507  503  491  471  442  406  367  331  305  290  282  280  278
  273  266  256  249  242  238  233  226  207                                   
    12.5-180.0 180.0   5.0 450.0                            LAT/LON1/LON2/DLON/H
  209  216  211  197  180  165  152  141  133  127  119  111  104   98   92   87
   85   88   98  110  123  135  145  154  163  171  182  194  210  228  248  268
  288  306  324  342  360  379  395  408  416  422  428  435  445  455  466  478
  491  501  508  507  499  484  464  436  403  366  332  306  290  283  280  278
  273  267  259  253  246  242  236  229  209                                   
    10.0-180.0 180.0   5.0 450.0                            LAT/LON1/LON2/DLON/H
  208  215  209  193  177  160  148  139  134  130  124  117  110  103   96   89
   86   88   96  108  121  134  148  160  171  180  191  203  218  235  254  273
  291  309  326  344  364  384  401  414  423  429  435  444  454  464  475  484
  493  499  500  495  484  469  450  428  399  366  334  308  291  282  278  275
  270  265  257  252  246  241  235  227  208                                   
     7.5-180.0 180.0   5.0 450.0                            LAT/LON1/LON2/DLON/H
  205  210  204  186  169  151  139  132  129  127  124  119  113  106   98   91
   88   89   96  106  120  134  150  165  178  189  200  212  226  243  260  278
