data/edconvlstm_nd/pred1010.15i
     1.0            IONOSPHERE MAPS     GNSS                IONEX VERSION / TYPE
pyspatialgeodesy        IME             05-JAN-18 20:20     PGM / RUN BY / DATE 
Map Name                                                    COMMENT             
Predicted global ionosphere maps (GIM).                     DESCRIPTION         
  2015     4    11     0     0     0                        EPOCH OF FIRST MAP  
  2015     4    12     0     0     0                        EPOCH OF LAST MAP   
  7200                                                      INTERVAL            
    13                                                      # OF MAPS IN FILE   
  NONE                                                      MAPPING FUNCTION    
10.0                                                        ELEVATION CUTOFF    
One-way carrier phase leveled to code                       OBSERVABLES USED    
  6371.0                                                    BASE RADIUS         
 2                                                          MAP DIMENSION       
   450.0 450.0   0.0                                        HGT1 / HGT2 / DHGT  
    87.5 -87.5  -2.5                                        LAT1 / LAT2 / DLAT  
  -180.0 180.0   5.0                                        LON1 / LON2 / DLON  
    -1                                                      EXPONENT            
                                                            END OF HEADER       
[from data line 1716]
     5                                                      START OF TEC MAP    
  2015     4    11     8     0     0                        EPOCH OF CURRENT MAP
    87.5-180.0 180.0   5.0 450.0                            LAT/LON1/LON2/DLON/H
   89   83   80   84   88   87   85   83   85   86   87   88   88   88   88   88
   88   88   88   88   88   88   88   87   87   86   86   85   85   84   84   83
   83   82   82   82   81   81   81   81   80   80   80   80   80   79   79   79
   78   78   77   77   76   75   75   74   73   73   72   71   71   70   69   70
   70   72   71   70   75   76   85   95   89                                   
    85.0-180.0 180.0   5.0 450.0                            LAT/LON1/LON2/DLON/H
   75   85   88   88   93   95   95   95   97   98   98   99   99  100  100  100
  100  100  100  100  100  100   99   99   98   98   97   97   96   95   95   94
   94   93   92   92   92   91   91   91   91   90   90   90   90   90   89   89
   88   88   87   86   85   85   83   82   81   80   79   78   77   76   75   75
   76   78   74   75   74   77   82   82   75                                   
    82.5-180.0 180.0   5.0 450.0                            LAT/LON1/LON2/DLON/H
   61   82   83   84   88   92   94   95   97   99   99  100  100  100  100  100
  100  100  100  100  100   99   99   99   98   98   98   97   97   96   96   96
   95   95   95   96   96   96   96   96   97   97   97   97   97   97   97   96
   96   95   94   93   92   90   89   87   85   83   80   78   76   74   72   71
   71   72   68   69   72   74   71   68   61                                   
    80.0-180.0 180.0   5.0 450.0                            LAT/LON1/LON2/DLON/H
   64   78   78   83   85   88   90   92   94   95   95   96   95   94   93   92
   91   90   89   88   88   88   88   87   87   87   87   87   88   88   89   89
   91   92   93   95   97   98  100  101  103  104  105  106  107  108  108  109
  109  109  108  107  106  104  102  100   97   94   91   88   85   81   78   76
   74   71   68   67   68   72   76   70   64                                   
    77.5-180.0 180.0   5.0 450.0                            LAT/LON1/LON2/DLON/H
   76   85   84   86   87   90   93   94   96   96   95   94   92   90   87   85
   83   81   80   79   78   78   78   78   79   79   80   81   82   84   86   88
   92   95   99  103  107  111  115  118  121  124  126  129  131  133  135  137
  138  138  139  138  137  136  134  131  128  125  121  116  112  107  101   97
   93   89   82   80   78   75   79   77   76                                   
    75.0-180.0 180.0   5.0 450.0                            LAT/LON1/LON2/DLON/H
   82   90   84   87   87   90   92   91   92   91   88   85   81   77   73   69
   65   63   61   60   60   61   61   62   63   65   66   68   70   73   76   81
   86   92   98  105  111  117  123  128  133  137  142  146  149  153  156  159
  162  164  165  166  165  164  163  160  157  154  150  145  141  135  129  124
  117  111  102   94   89   84   88   82   82                                   
    72.5-180.0 180.0   5.0 450.0                            LAT/LON1/LON2/DLON/H
   91   94   90   91   92   95   97   96   95   92   88   83   77   71   65   59
   55   52   50   50   50   51   53   55   57   59   61   64   67   70   75   82
   89   97  106  115  124  132  140  147  153  159  164  170  175  180  184  189
  193  196  198  199  199  199  197  195  192  189  186  181  177  171  165  159
  151  143  133  122  110  101  100   95   91                                   
    70.0-180.0 180.0   5.0 450.0                            LAT/LON1/LON2/DLON/H
  101   98   95   95   94   96   97   96   95   91   86   80   72   64   56   50
   45   41   40   40   41   44   47   50   53   56   58   61   65   69   75   83
   91  101  112  123  134  144  153  161  168  175  181  188  194  200  206  211
  216  220  222  224  224  222  220  217  214  211  208  205  201  196  190  185
  177  168  157  144  130  117  116  111  101                                   
    67.5-180.0 180.0   5.0 450.0                            LAT/LON1/LON2/DLON/H
  106  101   97   97   96   97   98   97   96   92   87   80   71   62   54   47
   41   38   37   37   40   43   47   50   54   57   60   63   66   71   77   84
   94  104  116  128  140  150  160  169  176  184  191  198  205  212  218  225
  230  234  236  237  236  233  229  225  221  218  215  212  210  206  201  197
  190  182  172  159  144  129  126  122  106                                   
    65.0-180.0 180.0   5.0 450.0                            LAT/LON1/LON2/DLON/H
  113  104   98   96   95   95   96   96   96   93   88   82   74   65   57   50
   44   41   39   40   43   46   51   55   59   62   65   68   71   75   81   88
   98  109  121  133  145  156  166  175  183  191  199  207  215  223  230  237
  243  247  249  248  245  240  233  227  222  218  215  213  211  208  205  201
  196  189  180  168  156  141  137  133  113                                   
    62.5-180.0 180.0   5.0 450.0                            LAT/LON1/LON2/DLON/H
  119  107   99   95   92   91   91   92   93   91   89   85   78   71   63   56
   51   48   46   47   49   52   56   60   64   67   69   72   75   78   84   91
  100  111  123  135  147  158  169  179  188  197  205  215  224  232  241  248
  254  258  259  257  252  244  235  227  220  215  212  211  209  208  204  202
  197  191  184  174  163  149  144  140  119                                   
    60.0-180.0 180.0   5.0 450.0                            LAT/LON1/LON2/DLON/H
  128  114  103   96   91   86   85   85   86   87   86   84   80   75   70   64
   60   56   55   54   55   57   60   63   66   69   71   73   76   79   84   91
  100  110  122  134  147  159  171  182  192  203  213  224  235  245  254  262
  269  273  274  271  264  254  243  232  224  218  215  214  213  211  208  204
  199  194  187  179  171  158  153  147  128                                   
    57.5-180.0 180.0   5.0 450.0                            LAT/LON1/LON2/DLON/H
  143  127  114  103   95   86   82   79   80   80   81   82   81   78   75   72
   68   65   63   61   60   61   62   64   66   68   70   72   75   79   84   91
   99  109  121  134  148  161  175  188  201  214  227  240  252  264  275  284
  291  296  297  294  287  276  263  250  240  234  231  229  228  225  220  215
  208  202  196  188  181  170  164  157  143                                   
    55.0-180.0 180.0   5.0 450.0                            LAT/LON1/LON2/DLON/H
  164  147  133  119  107   93   85   78   76   75   76   78   79   79   78   76
   74   72   69   66   63   62   61   62   63   65   67   70   73   78   83   90
   99  109  121  135  150  166  183  199  216  232  247  263  277  291  303  314
  323  329  331  328  321  309  294  280  269  261  257  254  252  247  241  234
  225  217  210  201  195  185  180  171  164                                   
    52.5-180.0 180.0   5.0 450.0                            LAT/LON1/LON2/DLON/H
  189  174  161  144  129  111   97   84   78   74   73   75   76   78   79   79
   78   75   72   68   64   61   59   58   59   61   64   67   72   78   84   91
  100  110  123  138  156  176  196  216  236  256  275  293  310  326  339  351
  361  369  372  371  363  351  335  318  305  295  289  286  282  276  267  257
  246  236  227  217  211  202  197  188  189                                   
    50.0-180.0 180.0   5.0 450.0                            LAT/LON1/LON2/DLON/H
  215  202  192  175  158  136  118  100   89   81   77   77   77   78   79   80
   79   78   74   69   64   60   57   56   56   58   62   67   73   80   87   95
  104  114  127  145  166  189  214  239  263  287  309  330  349  367  382  394
  405  413  418  417  409  395  378  359  343  331  323  317  311  303  293  281
  267  256  245  234  227  217  213  206  215                                   
    47.5-180.0 180.0   5.0 450.0                            LAT/LON1/LON2/DLON/H
  235  226  220  205  188  166  145  124  108   96   89   85   83   82   82   82
   81   79   75   70   65   60   56   55   55   58   62   69   77   85   94  102
  110  121  135  154  179  207  237  266  295  322  347  371  392  410  426  439
  449  457  461  460  452  437  417  396  376  360  349  341  333  324  312  298
  284  271  259  246  237  228  224  220  235                                   
    45.0-180.0 180.0   5.0 450.0                            LAT/LON1/LON2/DLON/H
  245  239  237  227  212  193  173  152  134  119  109  101   96   91   89   87
   85   82   78   72   66   61   57   56   57   60   66   73   83   92  102  110
  119  129  144  166  195  228  263  297  329  359  386  412  434  453  468  480
  490  496  499  497  488  471  449  424  401  381  366  354  344  333  320  306
  291  278  264  250  240  230  226  226  245                                   
    42.5-180.0 180.0   5.0 450.0                            LAT/LON1/LON2/DLON/H
  240  236  239  234  224  210  195  176  160  145  133  123  114  107  101   96
   92   88   82   76   69   63   60   59   61   65   71   80   90  101  111  120
  128  139  155  180  212  250  290  328  363  395  424  450  473  492  506  517
  524  529  531  527  516  499  475  448  421  397  377  361  347  334  320  306
  291  277  262  248  236  224  221  223  240                                   
    40.0-180.0 180.0   5.0 450.0                            LAT/LON1/LON2/DLON/H
  223  218  224  223  219  211  203  191  180  169  158  148  137  127  118  111
  104   98   90   82   75   68   65   64   66   71   78   87   97  109  119  129
  138  149  167  194  231  274  317  359  396  429  459  485  507  525  539  548
  554  558  558  554  544  527  504  476  447  420  395  374  355  338  322  307
  291  275  259  242  229  214  211  214  223                                   
    37.5-180.0 180.0   5.0 450.0                            LAT/LON1/LON2/DLON/H
  201  191  196  198  197  195  195  192  189  184  178  170  159  148  138  129
  120  111  102   92   83   76   72   71   73   77   84   93  103  115  126  136
  146  159  179  209  250  297  344  388  426  460  489  515  536  554  567  576
  582  586  587  585  579  565  546  520  492  462  434  407  383  361  340  321
  301  282  262  242  227  207  203  203  201                                   
    35.0-180.0 180.0   5.0 450.0                            LAT/LON1/LON2/DLON/H
  182  165  167  167  168  169  175  179  184  187  188  185  177  168  158  148
  139  128  117  105   95   86   81   79   80   83   89   97  107  118  130  142
  153  168  191  225  270  319  369  414  453  486  515  540  561  578  591  601
  609  616  622  625  625  619  606  587  562  533  502  471  441  412  385  359
  333  307  282  257  239  212  205  201  182                                   
    32.5-180.0 180.0   5.0 450.0                            LAT/LON1/LON2/DLON/H
  177  152  146  143  143  143  151  161  171  181  188  190  188  183  175  167
  158  147  134  121  108   98   91   87   87   89   93   99  108  120  133  146
  160  178  205  242  289  341  390  435  474  507  536  560  581  599  613  626
  638  650  661  673  682  687  685  675  657  632  601  568  533  497  462  427
  391  358  325  294  271  237  225  215  177                                   
    30.0-180.0 180.0   5.0 450.0                            LAT/LON1/LON2/DLON/H
  192  158  144  135  131  129  135  146  158  171  182  189  192  191  188  183
  175  164  151  136  123  112  103   97   94   94   97  102  110  121  135  150
  168  189  220  260  308  359  408  451  488  520  548  573  595  614  632  649
  666  685  705  726  746  763  774  777  769  751  724  690  653  612  568  522
  476  433  392  352  324  284  264  249  192                                   
    27.5-180.0 180.0   5.0 450.0                            LAT/LON1/LON2/DLON/H
  230  188  164  151  142  135  136  144  154  166  177  187  193  196  196  194
  188  178  165  151  137  126  116  109  104  102  102  106  113  124  139  157
  177  203  236  277  324  373  418  458  493  524  553  579  602  625  646  669
  693  719  748  778  809  838  862  877  880  870  849  819  781  738  689  635
  579  528  478  430  394  350  320  303  230                                   
    25.0-180.0 180.0   5.0 450.0                            LAT/LON1/LON2/DLON/H
  289  241  208  191  177  164  159  161  166  174  182  190  196  200  203  202
  198  189  176  163  151  140  131  123  116  112  111  113  119  130  146  166
  189  217  251  292  337  381  421  457  489  520  550  577  604  629  655  683
  714  747  783  821  860  899  932  956  967  965  949  924  890  848  800  742
  682  627  573  517  473  426  390  372  289                                   
    22.5-180.0 180.0   5.0 450.0                            LAT/LON1/LON2/DLON/H
  366  313  272  252  231  215  203  198  196  198  200  204  207  210  211  210
  205  196  184  172  162  154  147  139  131  125  122  123  128  139  155  176
  200  230  264  303  344  383  418  450  480  511  542  572  601  629  660  692
  728  766  806  848  891  932  969  997 1013 1014 1003  982  954  918  875  821
  764  713  660  602  551  502  468  447  366                                   
    20.0-180.0 180.0   5.0 450.0                            LAT/LON1/LON2/DLON/H
  451  393  349  327  298  280  262  252  243  237  233  231  229  227  225  221
  214  204  191  180  172  167  162  155  146  138  134  133  138  148  163  184
  210  240  274  311  347  381  411  440  470  501  533  565  596  627  660  696
  735  775  815  856  896  934  968  995 1010 1012 1003  986  963  936  901  856
  809  767  724  670  615  567  541  515  451                                   
    17.5-180.0 180.0   5.0 450.0                            LAT/LON1/LON2/DLON/H
  523  465  425  403  368  350  328  313  299  288  277  269  261  254  247  238
  226  213  199  187  181  178  175  169  160  151  144  142  145  153  169  191
  217  248  280  314  347  377  404  432  461  493  526  558  590  623  659  697
  736  775  811  845  877  906  932  952  963  963  955  942  926  907  883  850
  815  784  754  708  657  610  594  564  523                                   
    15.0-180.0 180.0   5.0 450.0                            LAT/LON1/LON2/DLON/H
  567  515  484  467  430  413  391  374  356  341  326  313  300  287  274  259
  242  224  207  195  189  188  186  181  171  160  151  147  148  156  172  195
  223  253  284  315  345  373  399  427  456  488  521  553  586  620  656  694
  732  767  797  821  840  857  872  884  890  889  882  873  864  854  840  818
  795  774  754  718  676  632  620  590  567                                   
    12.5-180.0 180.0   5.0 450.0                            LAT/LON1/LON2/DLON/H
  578  535  516  504  472  457  437  421  404  387  371  355  339  322  303  283
  261  239  218  204  197  196  194  189  177  164  154  148  150  159  176  199
  227  257  287  317  345  372  399  426  456  487  518  550  582  616  652  690
  726  757  779  792  798  803  808  813  814  812  808  804  802  800  795  783
  769  755  741  712  679  637  625  598  578                                   
    10.0-180.0 180.0   5.0 450.0                            LAT/LON1/LON2/DLON/H
  567  534  524  515  489  478  462  449  433  417  401  386  369  351  330  307
  281  255  231  214  205  202  199  192  179  165  154  150  152  162  180  204
  232  261  290  319  347  374  401  429  458  488  517  546  577  611  648  686
  720  747  764  769  768  765  765  765  764  761  758  757  758  761  761  757
  749  739  727  701  674  635  619  595  567                                   
     7.5-180.0 180.0   5.0 450.0                            LAT/LON1/LON2/DLON/H
  549  524  517  507  487  479  466  456  442  428  413  400  385  369  349  325
  299  271  244  224  212  206  200  191  177  164  155  152  156  166  184  208
