data/edconvlstm_nd/pred2910.15i
     1.0            IONOSPHERE MAPS     GNSS                IONEX VERSION / TYPE
pyspatialgeodesy        IME             05-JAN-18 20:20     PGM / RUN BY / DATE 
Map Name                                                    COMMENT             
Predicted global ionosphere maps (GIM).                     DESCRIPTION         
  2015    10    18     0     0     0                        EPOCH OF FIRST MAP  
  2015    10    19     0     0     0                        EPOCH OF LAST MAP   
  7200                                                      INTERVAL            
    13                                                      # OF MAPS IN FILE   
  NONE                                                      MAPPING FUNCTION    
10.0                                                        ELEVATION CUTOFF    
One-way carrier phase leveled to code                       OBSERVABLES USED    
  6371.0                                                    BASE RADIUS         
 2                                                          MAP DIMENSION       
   450.0 450.0   0.0                                        HGT1 / HGT2 / DHGT  
    87.5 -87.5  -2.5                                        LAT1 / LAT2 / DLAT  
  -180.0 180.0   5.0                                        LON1 / LON2 / DLON  
    -1                                                      EXPONENT            
                                                            END OF HEADER       
[from data line 858]
     3                                                      START OF TEC MAP    
  2015    10    18     4     0     0                        EPOCH OF CURRENT MAP
    87.5-180.0 180.0   5.0 450.0                            LAT/LON1/LON2/DLON/H
   82   88   84   88   87   87   86   83   84   85   86   87   88   89   89   89
   89   89   88   87   86   85   84   83   82   81   79   78   77   76   75   74
   73   73   72   72   71   71   71   71   71   71   71   72   72   73   74   74
   75   76   76   77   77   78   78   79   79   79   79   79   79   79   79   79
   81   81   79   80   85   94   98   85   82                                   
    85.0-180.0 180.0   5.0 450.0                            LAT/LON1/LON2/DLON/H
   77   90   79   83   85   86   85   85   85   87   87   89   90   91   91   92
   92   91   91   90   89   88   86   85   83   82   80   79   78   76   75   74
   74   73   73   73   73   73   73   74   74   75   75   76   77   78   79   80
   81   82   83   84   85   86   87   87   88   88   88   89   88   88   87   88
   89   89   86   88   90   92   99   90   77                                   
    82.5-180.0 180.0   5.0 450.0                            LAT/LON1/LON2/DLON/H
   82   80   90   81   80   81   81   80   83   84   85   87   89   90   91   92
   92   92   91   90   88   86   84   82   79   77   75   73   71   70   69   68
   67   67   68   68   69   69   70   72   73   74   75   77   78   80   82   83
   85   86   88   90   91   93   94   95   96   97   97   98   97   97   96   96
   95   94   91   89   98   89   88   85   82                                   
    80.0-180.0 180.0   5.0 450.0                            LAT/LON1/LON2/DLON/H
   90   83   83   72   74   71   73   72   74   75   76   79   81   83   84   85
   86   85   84   83   81   79   76   74   71   68   66   64   62   61   60   59
   59   60   61   61   63   64   65   67   68   70   71   73   75   77   79   81
   84   86   89   91   94   97   99  102  104  105  106  107  107  107  106  105
  103  100   99   97  105   96   95   87   90                                   
    77.5-180.0 180.0   5.0 450.0                            LAT/LON1/LON2/DLON/H
   95   86   81   72   66   65   66   66   68   68   69   73   75   78   79   80
   81   81   80   78   76   73   70   66   63   60   57   55   53   52   52   52
   52   53   55   56   58   59   61   63   65   66   68   70   73   75   78   81
   84   88   92   96  100  104  108  112  115  118  120  121  121  121  120  119
  117  114  110  110  110   96   93   89   95                                   
    75.0-180.0 180.0   5.0 450.0                            LAT/LON1/LON2/DLON/H
   95   89   83   73   65   64   63   61   61   61   61   64   66   68   70   71
   72   71   70   68   65   62   59   56   53   50   48   46   45   45   45   46
   47   48   49   51   52   54   55   57   58   60   62   64   67   70   73   77
   81   86   91   96  102  108  114  119  123  127  130  132  133  133  133  132
  129  126  124  119  119  107  101   96   95                                   
    72.5-180.0 180.0   5.0 450.0                            LAT/LON1/LON2/DLON/H
  103   97   91   79   71   69   67   64   62   61   60   62   63   65   66   67
   67   66   64   62   60   57   54   51   48   46   45   44   44   44   45   46
   47   49   50   51   52   53   55   56   58   60   63   66   69   73   77   82
   87   93  100  107  114  121  128  134  139  143  146  148  149  149  148  147
  145  143  142  138  136  122  115  108  103                                   
    70.0-180.0 180.0   5.0 450.0                            LAT/LON1/LON2/DLON/H
  117  108  102   89   78   74   70   66   63   60   58   59   59   59   60   60
   59   58   57   54   52   50   48   46   44   44   44   44   45   46   47   48
   49   50   50   50   51   51   52   53   55   58   61   65   69   74   80   86
   92   99  107  116  124  133  140  147  152  156  158  159  158  157  156  155
  153  151  150  148  146  134  130  122  117                                   
    67.5-180.0 180.0   5.0 450.0                            LAT/LON1/LON2/DLON/H
  122  113  106   94   82   77   72   67   63   59   56   55   54   53   52   52
   51   50   48   47   45   43   42   41   41   41   42   44   45   46   47   47
   47   47   46   45   44   44   44   45   47   50   54   59   65   71   78   85
   93  101  110  119  129  138  147  153  158  161  162  162  160  158  156  155
  152  149  150  147  147  138  134  129  122                                   
    65.0-180.0 180.0   5.0 450.0                            LAT/LON1/LON2/DLON/H
  127  118  110   98   86   80   74   69   66   61   57   56   53   51   49   48
   47   46   45   44   43   42   41   41   41   42   44   46   48   49   49   49
   47   45   43   41   39   38   38   39   41   45   51   57   64   72   80   88
   96  105  115  125  136  146  155  162  167  169  169  168  165  162  158  155
  152  148  148  146  147  140  137  135  127                                   
    62.5-180.0 180.0   5.0 450.0                            LAT/LON1/LON2/DLON/H
  131  121  113  101   89   82   77   72   69   64   61   59   55   52   50   48
   47   46   46   45   44   43   42   42   43   45   48   50   52   53   52   50
   47   44   41   38   36   34   34   35   38   43   50   58   66   75   83   91
  100  109  119  131  142  154  164  172  177  179  179  177  173  169  164  160
  155  150  149  146  147  141  138  137  131                                   
    60.0-180.0 180.0   5.0 450.0                            LAT/LON1/LON2/DLON/H
  134  124  115  101   89   81   75   71   68   65   62   60   57   54   51   49
   49   48   48   47   46   45   43   43   44   46   49   51   53   53   52   49
   45   42   38   35   33   31   31   32   36   41   49   58   68   77   85   93
  101  110  121  133  146  159  170  179  186  188  189  187  183  179  174  168
  162  155  152  149  148  142  138  136  134                                   
    57.5-180.0 180.0   5.0 450.0                            LAT/LON1/LON2/DLON/H
  139  129  118  102   90   81   74   69   67   64   62   61   59   56   54   52
   52   52   51   50   49   46   44   43   44   45   48   51   52   52   50   47
   43   40   37   35   33   32   32   33   37   43   51   61   71   80   88   95
  103  111  122  135  150  164  177  188  196  200  202  201  199  195  190  184
  176  167  163  158  156  147  142  138  139                                   
    55.0-180.0 180.0   5.0 450.0                            LAT/LON1/LON2/DLON/H
  148  137  126  108   95   83   74   68   64   61   59   59   58   56   54   54
   54   54   54   53   50   47   44   43   42   44   47   49   50   50   48   45
   42   39   38   37   37   37   37   38   41   47   55   65   75   84   92   99
  105  113  124  138  154  170  184  197  206  213  216  218  217  214  209  203
  194  184  179  172  169  157  151  144  148                                   
    52.5-180.0 180.0   5.0 450.0                            LAT/LON1/LON2/DLON/H
  162  151  139  120  105   91   80   70   64   59   57   56   55   54   54   54
   55   55   55   54   51   48   45   43   43   44   47   49   50   49   47   44
   42   41   42   43   44   44   44   45   48   53   61   71   82   90   98  104
  110  118  130  144  160  177  193  206  217  225  231  234  235  233  229  223
  213  203  197  188  184  170  164  156  162                                   
    50.0-180.0 180.0   5.0 450.0                            LAT/LON1/LON2/DLON/H
  180  169  156  138  121  105   92   78   68   61   56   54   53   53   53   53
   54   55   55   54   52   49   47   46   46   47   50   52   52   51   49   46
   45   46   48   51   54   55   55   55   57   61   69   79   89   99  106  113
  119  128  139  154  170  187  202  216  228  237  244  248  251  250  247  241
  231  221  213  204  200  185  180  172  180                                   
    47.5-180.0 180.0   5.0 450.0                            LAT/LON1/LON2/DLON/H
  197  188  175  159  142  125  109   92   78   66   59   55   53   52   52   53
   53   54   54   54   53   53   52   52   53   55   57   58   58   56   54   51
   50   52   56   61   65   66   66   65   66   70   78   88   99  109  118  125
  133  142  154  168  184  199  214  226  237  246  253  259  262  262  259  253
  243  233  225  216  213  200  196  190  197                                   
    45.0-180.0 180.0   5.0 450.0                            LAT/LON1/LON2/DLON/H
  209  203  191  180  163  147  129  109   92   76   65   59   56   54   54   53
   53   54   54   55   57   58   60   62   63   65   66   66   65   63   59   57
   56   59   64   69   74   76   76   74   75   79   87   98  111  122  133  142
  151  161  172  186  200  213  225  235  244  252  259  265  269  269  266  259
  249  238  231  223  221  210  207  204  209                                   
    42.5-180.0 180.0   5.0 450.0                            LAT/LON1/LON2/DLON/H
  215  210  201  193  178  164  147  127  107   89   75   67   62   60   58   57
   56   56   57   59   63   67   71   74   75   76   76   74   72   68   64   61
   61   63   69   75   80   83   83   82   83   88   97  109  123  137  149  160
  171  181  193  205  217  227  236  244  250  257  263  269  273  273  269  261
  250  239  232  225  224  215  213  212  215                                   
    40.0-180.0 180.0   5.0 450.0                            LAT/LON1/LON2/DLON/H
  214  208  200  195  184  173  157  139  120  101   86   78   72   69   66   64
   63   62   63   67   73   78   83   85   86   85   83   79   76   71   67   64
   64   66   71   78   84   87   87   88   90   97  107  121  136  152  166  179
  190  201  212  223  233  241  247  252  257  262  269  275  279  279  274  266
  254  242  234  227  226  217  215  214  214                                   
    37.5-180.0 180.0   5.0 450.0                            LAT/LON1/LON2/DLON/H
  209  200  192  186  179  170  158  143  126  108   94   86   81   79   77   74
   72   72   74   78   84   90   94   95   93   89   85   80   75   71   68   65
   65   67   73   79   84   88   90   92   97  105  117  132  149  165  181  195
  207  218  229  238  248  255  260  264  268  273  279  286  291  292  288  280
  268  254  246  238  235  224  220  215  209                                   
    35.0-180.0 180.0   5.0 450.0                            LAT/LON1/LON2/DLON/H
  207  192  181  172  166  158  148  136  123  108   97   92   88   87   87   85
   84   84   86   91   96  100  101   99   94   88   82   77   73   69   67   66
   66   69   74   79   85   89   92   96  102  113  126  143  160  177  193  208
  220  231  241  252  262  270  276  280  285  290  297  306  313  316  314  308
  296  282  273  262  258  243  236  223  207                                   
    32.5-180.0 180.0   5.0 450.0                            LAT/LON1/LON2/DLON/H
  215  194  177  161  153  142  132  122  112  102   94   91   91   92   93   94
   94   95   98  102  106  106  103   98   91   84   78   73   70   69   68   68
   69   72   76   81   85   90   94   99  108  120  135  152  169  186  202  216
  228  240  251  263  276  287  296  302  308  315  324  335  345  352  354  350
  340  326  316  303  297  278  269  247  215                                   
    30.0-180.0 180.0   5.0 450.0                            LAT/LON1/LON2/DLON/H
  241  213  189  163  148  131  117  107   99   91   87   87   89   92   95   98
  100  103  106  109  110  107  100   93   86   80   76   73   72   71   72   73
   74   77   80   84   88   92   96  102  112  126  142  159  176  193  208  221
  233  245  258  274  290  306  319  329  338  347  359  373  387  399  405  405
  397  385  375  358  351  329  317  287  241                                   
    27.5-180.0 180.0   5.0 450.0                            LAT/LON1/LON2/DLON/H
  288  254  221  185  160  134  112   98   89   83   80   81   84   88   92   96
  100  104  107  109  107  101   94   87   83   81   80   80   80   80   81   82
   84   86   89   91   93   96   99  105  115  130  146  164  181  197  212  224
  237  250  266  285  307  328  346  360  373  385  399  417  435  452  464  469
  465  455  445  425  418  394  376  344  288                                   
    25.0-180.0 180.0   5.0 450.0                            LAT/LON1/LON2/DLON/H
  356  319  273  229  194  157  126  105   92   83   79   79   80   83   87   91
   95   99  102  102   99   94   88   86   87   90   95   97   98   98   97   98
   98   99  100  101  101  100  101  106  116  131  148  167  185  201  215  228
  241  257  277  301  328  355  377  395  410  424  441  462  485  508  526  538
  538  532  522  499  491  469  445  413  356                                   
    22.5-180.0 180.0   5.0 450.0                            LAT/LON1/LON2/DLON/H
  439  399  342  291  247  202  161  132  112   99   91   86   84   83   84   85
   88   91   92   92   90   88   88   92  100  111  121  126  127  125  122  119
  117  115  113  111  107  104  103  105  114  129  148  168  187  204  220  234
  250  269  293  322  353  383  409  429  445  460  479  502  529  557  581  599
  606  605  596  573  563  545  517  488  439                                   
    20.0-180.0 180.0   5.0 450.0                            LAT/LON1/LON2/DLON/H
  524  486  421  367  314  266  218  181  153  134  119  109  100   93   88   85
   84   84   85   85   86   89   96  108  125  143  157  165  166  161  153  145
  137  130  124  118  112  106  102  102  110  125  145  167  189  208  226  244
  263  285  314  346  380  410  436  456  471  487  507  531  559  590  619  642
  654  658  651  632  619  611  585  560  524                                   
    17.5-180.0 180.0   5.0 450.0                            LAT/LON1/LON2/DLON/H
  594  563  497  445  388  340  288  247  213  187  166  148  131  116  104   95
   88   85   84   86   91  100  114  135  159  183  201  210  209  199  185  169
  154  142  131  122  114  106  100   99  105  119  141  165  190  213  234  255
  278  304  335  369  403  432  455  473  487  502  521  545  574  605  635  659
  675  682  680  666  653  653  636  615  594                                   
    15.0-180.0 180.0   5.0 450.0                            LAT/LON1/LON2/DLON/H
  638  617  558  515  460  415  365  322  284  253  226  201  177  154  133  117
  105   98   95   99  109  124  145  171  200  227  246  253  247  231  210  187
  166  149  135  125  115  106   99   96  101  114  136  163  190  216  240  265
  291  321  355  389  421  447  466  480  492  506  524  547  573  602  630  653
  670  679  680  673  663  669  660  645  638                                   
    12.5-180.0 180.0   5.0 450.0                            LAT/LON1/LON2/DLON/H
  655  644  598  566  520  484  438  397  357  323  292  263  233  203  175  152
  134  123  121  127  140  160  186  214  243  268  283  284  272  251  224  197
  172  152  137  127  118  109  100   96   99  111  133  160  189  217  244  271
  301  334  368  402  431  453  468  478  489  502  519  540  564  589  614  634
  648  657  662  661  656  663  660  651  655                                   
    10.0-180.0 180.0   5.0 450.0                            LAT/LON1/LON2/DLON/H
  653  650  617  596  565  538  500  462  423  387  354  324  292  258  225  196
  175  162  160  169  186  209  234  260  282  298  304  298  280  255  227  198
  173  154  140  130  122  114  105   99   99  110  130  157  187  215  243  272
  304  338  373  406  432  451  463  472  481  493  509  529  551  573  593  610
  623  631  637  640  639  648  647  641  653                                   
     7.5-180.0 180.0   5.0 450.0                            LAT/LON1/LON2/DLON/H
  644  648  625  611  593  575  544  511  473  438  406  376  344  310  276  245
  223  211  210  221  240  263  283  299  309  312  306  293  273  248  221  196
