data/edconvlstm_nd/pred3380.15i
     1.0            IONOSPHERE MAPS     GNSS                IONEX VERSION / TYPE
pyspatialgeodesy        IME             05-JAN-18 20:20     PGM / RUN BY / DATE 
Map Name                                                    COMMENT             
Predicted global ionosphere maps (GIM).                     DESCRIPTION         
  2015    12     4     0     0     0                        EPOCH OF FIRST MAP  
  2015    12     5     0     0     0                        EPOCH OF LAST MAP   
  7200                                                      INTERVAL            
    13                                                      # OF MAPS IN FILE   
  NONE                                                      MAPPING FUNCTION    
10.0                                                        ELEVATION CUTOFF    
One-way carrier phase leveled to code                       OBSERVABLES USED    
  6371.0                                                    BASE RADIUS         
 2                                                          MAP DIMENSION       
   450.0 450.0   0.0                                        HGT1 / HGT2 / DHGT  
    87.5 -87.5  -2.5                                        LAT1 / LAT2 / DLAT  
  -180.0 180.0   5.0                                        LON1 / LON2 / DLON  
    -1                                                      EXPONENT            
                                                            END OF HEADER       
[from data line 1716]
     5                                                      START OF TEC MAP    
  2015    12     4     8     0     0                        EPOCH OF CURRENT MAP
    87.5-180.0 180.0   5.0 450.0                            LAT/LON1/LON2/DLON/H
   23   34   32   35   35   35   34   29   29   30   30   30   29   29   28   28
   28   27   27   26   26   26   25   25   25   24   24   24   24   23   23   23
   22   22   21   21   20   20   20   19   19   19   19   19   19   19   20   20
   20   20   21   21   21   21   21   21   21   22   22   22   22   22   22   22
   24   24   23   24   30   39   51   50   23                                   
    85.0-180.0 180.0   5.0 450.0                            LAT/LON1/LON2/DLON/H
   14   44   47   42   44   46   46   45   44   45   44   44   43   42   42   41
   41   40   40   40   39   39   39   39   39   39   39   39   39   39   38   38
   37   37   36   36   35   34   34   33   33   33   33   33   33   33   33   33
   34   34   34   34   34   34   34   35   35   35   35   35   35   35   35   36
   37   38   36   37   43   45   58   48   14                                   
    82.5-180.0 180.0   5.0 450.0                            LAT/LON1/LON2/DLON/H
   14   32   48   44   45   45   45   43   43   43   42   42   41   40   39   38
   38   37   37   37   37   37   37   37   37   37   38   38   38   38   38   37
   37   36   36   35   34   33   33   32   32   32   32   32   32   32   33   33
   33   34   34   34   34   34   34   33   33   33   33   33   33   33   33   33
   34   35   34   34   45   43   46   41   14                                   
    80.0-180.0 180.0   5.0 450.0                            LAT/LON1/LON2/DLON/H
   23   35   49   44   48   46   46   44   44   43   41   41   39   38   36   35
   34   34   34   34   34   34   35   35   36   37   37   38   38   39   39   39
   38   38   37   36   35   34   33   33   32   32   32   33   33   34   35   35
   36   36   37   37   36   36   36   35   34   34   33   32   32   32   31   31
   32   33   34   34   41   41   43   41   23                                   
    77.5-180.0 180.0   5.0 450.0                            LAT/LON1/LON2/DLON/H
   34   40   44   39   41   41   41   40   40   39   36   35   33   31   30   29
   28   28   27   28   28   29   30   30   31   32   33   34   34   34   35   34
   34   33   32   31   29   28   27   27   27   27   28   29   30   32   33   35
   36   37   38   39   39   39   38   37   36   34   33   31   30   29   28   27
   27   27   26   28   29   25   31   32   34                                   
    75.0-180.0 180.0   5.0 450.0                            LAT/LON1/LON2/DLON/H
   24   34   37   35   37   39   39   37   37   35   32   31   29   27   25   24
   24   24   24   25   26   27   28   29   30   31   32   33   33   33   34   33
   33   32   30   29   27   26   25   25   26   27   28   31   33   35   38   41
   43   45   47   48   49   48   47   45   43   41   38   36   34   32   30   29
   27   26   26   24   26   20   24   22   24                                   
    72.5-180.0 180.0   5.0 450.0                            LAT/LON1/LON2/DLON/H
   24   30   32   30   33   36   37   35   34   33   30   28   26   24   23   23
   23   23   24   25   26   27   28   29   29   30   30   31   31   31   31   31
   30   29   28   27   25   24   24   25   26   29   31   35   39   43   47   50
   54   57   59   61   62   61   60   57   54   51   47   44   41   38   35   33
   31   29   29   27   28   20   23   22   24                                   
    70.0-180.0 180.0   5.0 450.0                            LAT/LON1/LON2/DLON/H
   22   26   31   30   33   34   35   34   33   32   30   28   26   25   24   24
   25   26   27   28   29   30   31   31   31   31   30   30   30   30   30   30
   30   29   27   26   25   25   25   27   30   33   38   43   48   53   58   63
   67   71   74   76   77   76   74   70   66   62   57   53   49   46   42   40
   37   35   34   31   30   22   26   24   22                                   
    67.5-180.0 180.0   5.0 450.0                            LAT/LON1/LON2/DLON/H
   20   24   28   27   30   32   33   32   32   31   29   29   28   27   27   27
   28   29   30   31   32   32   33   32   31   30   29   28   27   27   27   28
   27   27   26   25   24   25   26   29   33   39   45   51   57   63   69   74
   79   84   87   89   89   87   84   79   74   68   63   58   54   51   47   45
   42   39   38   34   32   25   27   25   20                                   
    65.0-180.0 180.0   5.0 450.0                            LAT/LON1/LON2/DLON/H
   20   24   26   27   28   30   31   31   32   31   30   31   30   30   31   31
   32   33   34   35   35   35   35   34   32   29   27   26   25   25   25   26
   26   26   26   26   26   27   30   35   41   48   55   62   69   75   81   87
   92   96  100  102  101   99   94   88   82   75   69   63   59   55   52   49
   47   44   43   38   37   30   31   31   20                                   
    62.5-180.0 180.0   5.0 450.0                            LAT/LON1/LON2/DLON/H
   23   26   28   28   29   31   32   31   32   32   32   33   33   34   35   36
   37   38   38   38   38   38   36   34   32   29   26   24   23   23   24   26
   27   28   28   29   30   32   37   43   51   59   68   76   82   88   93   99
  104  109  112  114  114  110  104   97   89   81   74   68   63   58   55   52
   50   47   46   41   40   35   36   36   23                                   
    60.0-180.0 180.0   5.0 450.0                            LAT/LON1/LON2/DLON/H
   28   30   31   30   30   31   31   30   30   31   31   33   34   36   37   38
   39   39   39   38   37   36   35   32   29   26   23   21   20   20   22   25
   27   29   31   32   34   38   44   51   61   70   79   87   93   98  103  108
  113  118  122  124  124  120  113  105   96   87   79   72   66   61   56   53
   49   46   46   42   42   37   39   39   28                                   
    57.5-180.0 180.0   5.0 450.0                            LAT/LON1/LON2/DLON/H
   35   36   35   34   33   33   32   31   31   31   31   33   34   36   38   39
   40   39   38   37   35   34   32   30   28   25   22   19   18   19   22   26
   29   33   36   38   42   46   53   62   72   82   92   99  104  109  113  118
  124  129  134  137  136  132  125  116  107   98   89   82   75   68   61   56
   51   47   47   44   45   40   42   43   35                                   
    55.0-180.0 180.0   5.0 450.0                            LAT/LON1/LON2/DLON/H
   43   43   42   40   38   37   35   32   31   31   30   32   33   35   37   39
   39   38   36   34   32   30   30   29   27   25   22   20   19   20   23   27
   33   38   42   46   50   56   63   73   83   94  103  110  115  119  123  129
  135  141  146  149  149  145  139  130  121  112  104   96   88   79   71   63
   55   50   49   46   48   44   46   47   43                                   
    52.5-180.0 180.0   5.0 450.0                            LAT/LON1/LON2/DLON/H
   52   51   50   47   44   43   40   36   34   32   31   32   33   35   37   38
   39   37   35   32   30   28   28   29   29   27   25   22   21   22   25   31
   37   44   50   55   61   67   74   84   94  105  113  121  126  130  135  140
  146  153  159  162  162  158  152  145  137  129  122  114  106   96   84   74
   64   56   55   51   53   49   51   51   52                                   
    50.0-180.0 180.0   5.0 450.0                            LAT/LON1/LON2/DLON/H
   61   60   58   56   52   52   48   43   39   36   34   33   33   35   37   38
   39   38   35   31   29   29   30   31   32   32   30   27   25   26   29   35
   43   51   59   66   72   78   85   94  104  114  123  131  136  141  146  152
  158  164  170  172  172  169  163  157  150  144  138  132  124  113  101   88
   76   66   63   59   60   56   58   58   61                                   
    47.5-180.0 180.0   5.0 450.0                            LAT/LON1/LON2/DLON/H
   68   68   66   65   61   62   58   52   47   43   39   37   36   36   38   40
   40   39   37   33   31   31   33   36   39   39   37   34   31   31   34   40
   49   59   68   76   83   89   97  105  114  124  133  141  147  152  157  162
  168  173  177  179  178  175  170  164  159  154  149  144  138  128  115  102
   89   78   73   68   68   64   67   67   68                                   
    45.0-180.0 180.0   5.0 450.0                            LAT/LON1/LON2/DLON/H
   73   74   72   73   70   72   68   63   58   53   47   44   41   40   41   42
   43   43   41   38   36   37   40   44   48   48   46   42   38   36   39   45
   55   66   77   86   94  101  108  115  124  133  142  150  157  163  167  172
  176  179  182  182  180  176  171  166  161  157  153  149  144  136  125  112
  100   89   83   76   75   72   75   76   73                                   
    42.5-180.0 180.0   5.0 450.0                            LAT/LON1/LON2/DLON/H
   75   76   74   77   76   80   77   73   69   64   59   54   50   47   47   48
   49   49   48   46   45   46   49   54   57   58   55   50   44   42   44   50
   60   72   84   95  104  112  119  126  134  143  152  160  166  172  176  179
  182  184  184  183  180  176  170  164  159  154  150  147  143  137  128  118
  106   96   89   83   80   78   79   81   75                                   
    40.0-180.0 180.0   5.0 450.0                            LAT/LON1/LON2/DLON/H
   73   74   73   77   78   83   81   80   78   75   71   67   62   58   56   56
   57   57   57   56   56   57   60   63   65   65   61   55   50   47   49   55
   65   78   92  104  114  122  130  137  144  152  161  169  175  181  184  187
  188  189  188  186  182  178  172  166  159  152  146  142  137  132  126  118
  108   98   92   84   81   78   79   81   73                                   
    37.5-180.0 180.0   5.0 450.0                            LAT/LON1/LON2/DLON/H
   67   69   67   72   73   79   80   81   82   83   81   79   75   70   67   66
   66   67   68   68   68   69   70   71   71   69   65   59   54   52   54   60
   71   84   99  112  123  132  140  147  154  162  170  177  184  189  193  195
  197  197  197  195  193  189  184  177  168  159  149  141  135  129  123  116
  107   97   90   82   78   73   73   76   67                                   
    35.0-180.0 180.0   5.0 450.0                            LAT/LON1/LON2/DLON/H
   61   62   60   63   65   70   72   76   80   84   87   89   86   82   79   76
   76   77   79   80   80   79   78   76   74   70   66   62   58   57   60   67
   77   91  106  119  131  141  149  157  165  172  179  186  193  199  203  207
  210  213  215  216  216  215  211  204  194  181  166  153  142  134  125  118
  108   96   87   78   73   64   64   67   61                                   
    32.5-180.0 180.0   5.0 450.0                            LAT/LON1/LON2/DLON/H
   56   55   52   54   55   58   61   66   73   80   87   93   93   91   88   86
   85   86   88   90   90   88   84   79   74   70   67   64   62   63   66   73
   84   98  112  126  138  149  158  167  175  183  189  196  204  211  218  225
  232  238  245  250  254  255  254  248  237  221  202  183  167  152  140  128
  115  100   89   76   69   57   57   60   56                                   
    30.0-180.0 180.0   5.0 450.0                            LAT/LON1/LON2/DLON/H
   54   50   45   46   46   48   50   54   62   71   81   90   95   96   95   93
   92   94   96   98   98   94   87   80   74   70   67   66   66   68   72   80
   91  105  119  133  145  157  168  178  187  195  202  209  218  227  238  249
  261  273  284  294  302  307  308  304  294  277  255  231  209  188  169  152
  133  113   98   82   72   55   55   57   54                                   
    27.5-180.0 180.0   5.0 450.0                            LAT/LON1/LON2/DLON/H
   56   49   43   42   40   41   42   44   51   60   71   83   91   95   96   96
   96   98  101  103  101   96   89   81   74   70   68   68   69   72   77   86
   98  112  126  140  153  166  179  191  201  209  217  225  236  249  263  280
  297  314  330  343  354  362  366  365  357  341  319  292  265  239  213  189
  163  138  119   97   84   63   63   62   56                                   
    25.0-180.0 180.0   5.0 450.0                            LAT/LON1/LON2/DLON/H
   65   55   46   43   40   40   38   39   43   51   61   72   82   89   93   95
   96   99  102  103  101   96   88   81   75   71   69   69   71   74   80   90
  103  119  134  149  163  178  192  206  218  227  236  246  259  275  294  314
  335  356  375  391  404  414  421  424  420  408  388  362  332  300  269  237
  205  175  150  124  108   82   82   78   65                                   
    22.5-180.0 180.0   5.0 450.0                            LAT/LON1/LON2/DLON/H
   83   70   57   51   47   45   42   40   42   47   54   63   72   80   85   89
   92   94   97   98   96   92   86   80   74   71   69   69   71   75   82   94
  109  126  143  160  176  192  209  224  238  248  259  270  286  305  326  349
  373  396  416  433  446  457  467  474  477  470  455  431  400  366  329  292
  254  220  191  161  143  114  113  106   83                                   
    20.0-180.0 180.0   5.0 450.0                            LAT/LON1/LON2/DLON/H
  110   93   77   68   62   58   54   49   48   49   53   58   64   70   76   80
   83   86   88   89   88   85   81   77   73   70   69   68   70   74   84   97
  115  134  154  173  191  210  228  245  259  272  283  297  315  336  359  383
  407  429  448  463  475  486  497  507  514  514  504  484  456  422  383  343
  303  268  236  205  186  155  152  142  110                                   
    17.5-180.0 180.0   5.0 450.0                            LAT/LON1/LON2/DLON/H
  142  124  107   94   86   79   73   66   62   60   59   59   61   64   68   71
   74   76   77   78   78   77   75   73   71   69   68   67   68   74   84  100
  120  142  165  186  207  228  247  265  281  294  308  323  343  365  388  411
  433  452  468  479  487  494  503  515  525  529  524  510  487  456  420  382
  344  310  280  251  231  201  194  183  142                                   
    15.0-180.0 180.0   5.0 450.0                            LAT/LON1/LON2/DLON/H
  175  157  141  125  114  105   97   90   84   78   72   68   65   64   65   65
   66   66   67   68   69   69   69   69   69   69   67   66   68   74   86  104
  126  151  176  200  223  244  265  284  300  314  329  346  367  389  411  431
  449  465  475  481  482  484  489  499  509  515  515  506  489  465  435  403
  370  342  315  291  272  243  234  220  175                                   
    12.5-180.0 180.0   5.0 450.0                            LAT/LON1/LON2/DLON/H
  202  185  172  154  142  130  123  115  109  101   92   83   75   70   66   63
   61   59   59   60   61   62   64   67   69   69   68   67   68   76   89  109
  134  161  187  212  236  258  279  297  314  330  346  364  384  406  426  442
  457  467  473  472  467  462  463  469  478  485  487  483  472  455  432  407
  381  360  339  319  303  276  264  250  202                                   
    10.0-180.0 180.0   5.0 450.0                            LAT/LON1/LON2/DLON/H
  220  204  193  174  163  149  143  137  132  125  114  103   92   82   74   67
   61   57   55   56   57   60   64   68   71   71   70   70   72   81   96  117
  143  170  197  222  245  267  287  305  322  339  356  375  395  415  432  446
  456  463  464  458  448  440  437  441  448  454  457  455  448  436  419  401
  382  366  350  334  322  296  283  268  220                                   
     7.5-180.0 180.0   5.0 450.0                            LAT/LON1/LON2/DLON/H
  230  212  202  182  172  159  153  151  148  143  135  123  111   98   86   75
   66   60   57   57   59   63   68   72   75   76   75   75   79   89  105  127
