data/edconvlstm_nd/pred3260.15i
     1.0            IONOSPHERE MAPS     GNSS                IONEX VERSION / TYPE
pyspatialgeodesy        IME             05-JAN-18 20:20     PGM / RUN BY / DATE 
Map Name                                                    COMMENT             
Predicted global ionosphere maps (GIM).                     DESCRIPTION         
  2015    11    22     0     0     0                        EPOCH OF FIRST MAP  
  2015    11    23     0     0     0                        EPOCH OF LAST MAP   
  7200                                                      INTERVAL            
    13                                                      # OF MAPS IN FILE   
  NONE                                                      MAPPING FUNCTION    
10.0                                                        ELEVATION CUTOFF    
One-way carrier phase leveled to code                       OBSERVABLES USED    
  6371.0                                                    BASE RADIUS         
 2                                                          MAP DIMENSION       
   450.0 450.0   0.0                                        HGT1 / HGT2 / DHGT  
    87.5 -87.5  -2.5                                        LAT1 / LAT2 / DLAT  
  -180.0 180.0   5.0                                        LON1 / LON2 / DLON  
    -1                                                      EXPONENT            
                                                            END OF HEADER       
     1                                                      START OF TEC MAP    
  2015    11    22     0     0     0                        EPOCH OF CURRENT MAP
    87.5-180.0 180.0   5.0 450.0                            LAT/LON1/LON2/DLON/H
   83   76   60   51   49   56   52   50   51   51   51   52   52   53   53   53
   53   53   53   53   53   53   54   54   54   54   54   54   54   54   54   53
   53   53   53   53   53   53   53   53   53   53   54   54   54   55   55   56
   56   57   57   57   58   58   57   57   57   56   55   55   54   53   52   52
   51   50   49   49   41   59   64   63   83                                   
    85.0-180.0 180.0   5.0 450.0                            LAT/LON1/LON2/DLON/H
   69   71   51   53   55   63   60   58   60   60   61   61   62   63   63   63
   63   63   63   63   63   62   62   62   61   61   60   60   59   59   59   59
   58   58   58   58   59   59   59   60   60   61   62   63   64   65   66   66
   67   68   68   68   68   68   67   66   65   64   63   62   61   59   58   57
   57   55   55   59   61   68   80   71   69                                   
    82.5-180.0 180.0   5.0 450.0                            LAT/LON1/LON2/DLON/H
   55   46   55   53   53   62   59   57   61   61   62   64   64   65   65   65
   64   64   63   61   60   59   57   56   54   53   52   50   50   49   48   48
   48   49   49   50   51   52   53   55   56   58   60   62   63   65   67   68
   69   70   70   70   69   68   67   66   64   62   61   59   57   55   53   52
   51   49   48   47   54   50   63   67   55                                   
    80.0-180.0 180.0   5.0 450.0                            LAT/LON1/LON2/DLON/H
   65   56   61   54   59   62   62   62   67   67   69   71   72   72   72   71
   70   69   67   66   63   61   59   57   54   53   51   50   49   49   49   49
   49   49   50   50   51   52   53   54   56   58   60   62   64   66   68   70
   71   72   73   73   72   71   70   68   66   64   61   59   57   55   53   52
   50   48   47   47   62   56   69   86   65                                   
    77.5-180.0 180.0   5.0 450.0                            LAT/LON1/LON2/DLON/H
   79   73   67   67   67   70   70   73   77   77   79   81   82   82   81   81
   79   78   75   73   70   67   64   61   59   56   55   53   52   52   51   51
   51   52   52   52   53   53   54   55   56   58   60   62   64   67   69   71
   73   74   75   75   74   74   72   70   68   66   63   61   59   57   56   54
   53   54   54   54   63   67   73   93   79                                   
    75.0-180.0 180.0   5.0 450.0                            LAT/LON1/LON2/DLON/H
   95   83   86   86   83   88   85   87   91   90   91   91   91   90   88   86
   84   81   78   75   72   69   66   63   60   58   56   55   54   54   54   54
   54   54   54   54   53   53   53   54   55   56   57   59   62   64   66   68
   70   72   73   73   73   72   71   70   68   67   65   63   62   61   60   60
   59   61   64   61   72   85   88  102   95                                   
    72.5-180.0 180.0   5.0 450.0                            LAT/LON1/LON2/DLON/H
  107  101  104  103  101  100   99  102  104  103  102  102   99   97   93   90
   87   83   80   77   74   71   68   65   62   60   58   57   56   55   55   55
   54   53   52   51   49   48   47   46   46   46   47   48   50   52   54   56
   58   59   60   61   62   62   62   62   61   60   59   59   58   59   60   61
   62   66   73   74   85   98  105  121  107                                   
    70.0-180.0 180.0   5.0 450.0                            LAT/LON1/LON2/DLON/H
  127  122  125  127  123  123  120  121  123  119  117  114  110  105   99   94
   89   85   81   78   75   72   69   67   64   62   60   59   58   57   56   55
   54   52   50   48   46   44   42   41   41   40   41   42   43   44   46   47
   49   50   52   53   54   55   56   57   58   59   60   61   62   63   66   70
   72   77   87   91  102  116  122  134  127                                   
    67.5-180.0 180.0   5.0 450.0                            LAT/LON1/LON2/DLON/H
  144  143  144  145  140  139  134  135  135  131  127  122  116  109  101   94
   88   83   79   75   72   70   67   64   61   59   56   54   53   51   50   48
   46   43   40   37   35   32   31   30   30   30   30   31   31   32   33   34
   35   36   37   39   41   43   45   47   50   53   55   58   60   63   68   73
   77   84   95  102  115  129  135  147  144                                   
    65.0-180.0 180.0   5.0 450.0                            LAT/LON1/LON2/DLON/H
  157  156  156  156  152  149  144  144  145  140  136  130  122  114  105   97
   90   84   80   76   72   69   66   62   59   55   52   49   47   44   42   39
   36   33   30   26   24   22   21   22   22   23   24   24   25   25   26   26
   26   27   27   29   30   33   36   40   44   49   54   58   62   67   72   78
   84   91  104  111  124  138  146  157  157                                   
    62.5-180.0 180.0   5.0 450.0                            LAT/LON1/LON2/DLON/H
  166  166  165  164  159  155  150  150  151  146  142  136  129  120  111  102
   95   89   84   79   75   70   66   61   56   52   47   44   41   38   35   32
   28   25   21   18   16   16   16   18   19   21   23   24   24   25   24   24
   23   23   23   24   25   28   31   36   43   49   56   62   68   73   80   86
   92   99  111  119  130  143  151  164  166                                   
    60.0-180.0 180.0   5.0 450.0                            LAT/LON1/LON2/DLON/H
  170  172  171  167  161  156  150  150  151  147  143  138  131  123  115  107
  100   94   88   82   76   70   64   58   52   47   42   38   35   32   29   26
   22   19   16   14   13   13   15   17   21   24   26   27   28   27   26   25
   24   22   22   21   22   25   29   35   43   51   60   68   75   82   88   95
  100  106  118  126  135  146  153  167  170                                   
    57.5-180.0 180.0   5.0 450.0                            LAT/LON1/LON2/DLON/H
  175  178  177  171  163  157  150  149  149  145  141  137  131  125  119  112
  106   99   92   84   76   69   62   55   48   43   38   34   31   29   26   24
   21   18   15   14   14   16   19   22   26   30   33   34   34   33   32   30
   28   26   24   23   23   25   30   37   46   57   67   76   85   92   99  106
  110  117  128  134  143  150  157  172  175                                   
    55.0-180.0 180.0   5.0 450.0                            LAT/LON1/LON2/DLON/H
  184  188  186  178  170  163  153  150  149  143  138  134  130  125  121  116
  110  102   94   84   75   67   59   52   46   41   37   34   32   30   28   26
   24   22   21   21   22   24   28   32   36   40   43   44   44   43   41   38
   36   33   31   29   28   30   35   43   53   64   75   85   94  102  110  117
  122  128  140  146  154  159  165  180  184                                   
    52.5-180.0 180.0   5.0 450.0                            LAT/LON1/LON2/DLON/H
  198  203  199  190  183  174  163  158  153  145  138  133  128  125  121  117
  111  103   94   83   74   65   58   52   47   43   40   38   36   35   34   33
   32   32   32   33   35   38   41   45   49   52   54   55   55   54   52   49
   47   44   41   39   38   39   44   52   62   72   83   92  101  109  118  127
  133  141  152  158  167  171  176  193  198                                   
    50.0-180.0 180.0   5.0 450.0                            LAT/LON1/LON2/DLON/H
  216  222  216  209  203  193  181  172  163  151  141  134  129  125  122  118
  111  103   92   82   73   65   60   56   53   50   48   46   45   45   44   44
   44   45   46   48   51   54   57   60   62   64   66   67   67   66   64   63
   60   58   55   53   52   53   57   64   73   82   91   99  107  116  126  137
  144  153  164  170  180  186  192  208  216                                   
    47.5-180.0 180.0   5.0 450.0                            LAT/LON1/LON2/DLON/H
  233  242  234  231  227  217  204  192  179  163  150  140  132  128  124  119
  111  101   91   81   73   67   64   62   61   60   59   58   56   55   55   55
   56   57   60   64   67   70   72   73   73   74   75   77   77   77   77   77
   76   75   73   71   70   70   74   79   86   93   99  106  114  123  134  146
  156  165  176  182  193  201  208  224  233                                   
    45.0-180.0 180.0   5.0 450.0                            LAT/LON1/LON2/DLON/H
  244  256  249  250  249  242  230  217  201  180  163  149  140  133  127  120
  111  101   91   82   76   73   72   72   73   73   71   69   67   64   63   62
   64   66   70   75   79   81   82   81   81   81   82   84   86   88   90   91
   92   92   91   90   89   89   91   95   99  104  109  114  121  130  142  155
  166  176  186  192  203  213  221  234  244                                   
    42.5-180.0 180.0   5.0 450.0                            LAT/LON1/LON2/DLON/H
  245  258  253  260  262  258  250  238  221  199  179  163  151  142  134  125
  114  103   93   87   83   82   83   84   85   85   82   78   73   68   65   64
   66   69   74   80   85   87   87   86   84   85   87   91   95   98  101  103
  105  106  107  106  105  105  106  109  111  114  118  122  129  138  150  164
  175  185  194  199  208  218  226  238  245                                   
    40.0-180.0 180.0   5.0 450.0                            LAT/LON1/LON2/DLON/H
  237  248  245  255  261  261  256  249  235  213  194  178  164  154  143  132
  120  109  101   96   94   94   96   96   96   93   88   81   74   67   63   62
   64   68   73   80   86   89   89   87   86   87   91   97  102  107  110  112
  115  117  118  118  117  117  117  119  121  124  127  131  137  146  159  172
  182  192  200  204  209  216  223  234  237                                   
    37.5-180.0 180.0   5.0 450.0                            LAT/LON1/LON2/DLON/H
  223  230  228  238  247  249  248  245  236  219  203  189  177  166  155  142
  130  119  113  110  109  109  108  105  101   95   88   80   71   65   61   59
   61   65   72   79   85   89   90   88   88   91   96  104  110  114  117  119
  121  122  123  122  122  122  123  125  128  131  135  140  147  156  168  181
  191  199  207  210  210  213  219  230  223                                   
    35.0-180.0 180.0   5.0 450.0                            LAT/LON1/LON2/DLON/H
  213  216  213  219  226  229  228  229  226  215  205  195  186  177  165  153
  141  132  128  126  124  121  115  108  100   92   84   77   70   65   62   62
   64   68   74   81   88   92   93   92   93   96  103  111  117  120  121  122
  122  122  121  120  120  121  123  126  131  137  142  149  157  168  180  193
  203  211  219  220  217  217  221  233  213                                   
    32.5-180.0 180.0   5.0 450.0                            LAT/LON1/LON2/DLON/H
  215  216  211  210  211  210  209  211  212  206  201  196  191  184  174  162
  152  145  142  140  136  128  116  104   94   86   81   77   75   73   73   74
   77   81   85   91   96  100  100  100  101  105  111  118  122  123  123  121
  119  117  115  114  114  115  119  125  132  141  150  160  170  182  196  211
  221  229  239  240  237  234  238  249  215                                   
    30.0-180.0 180.0   5.0 450.0                            LAT/LON1/LON2/DLON/H
  240  240  232  221  214  207  201  201  203  199  197  195  193  188  180  171
  162  156  153  149  141  127  112   98   89   85   85   86   89   92   95   98
  101  104  106  108  110  112  112  111  111  114  119  123  125  124  121  117
  114  110  107  106  107  110  116  124  135  147  160  173  186  200  216  233
  245  256  268  270  270  267  269  281  240                                   
    27.5-180.0 180.0   5.0 450.0                            LAT/LON1/LON2/DLON/H
  291  296  280  259  245  229  216  210  208  203  200  198  197  193  186  178
  171  165  160  152  139  122  106   94   90   92   98  106  115  122  128  133
  136  136  134  131  128  126  124  122  121  123  125  126  126  122  118  113
  109  105  102  101  103  108  116  127  141  157  173  189  204  221  239  259
  275  290  305  309  315  315  316  328  291                                   
    25.0-180.0 180.0   5.0 450.0                            LAT/LON1/LON2/DLON/H
  369  381  357  326  305  281  259  244  233  223  215  211  207  201  195  187
  179  171  162  149  133  117  105  100  102  110  122  136  149  161  170  176
  177  172  164  154  145  139  135  132  129  128  128  127  124  119  114  110
  106  102  100  100  103  110  120  134  150  169  188  206  223  242  262  285
  306  326  346  352  367  375  375  388  369                                   
    22.5-180.0 180.0   5.0 450.0                            LAT/LON1/LON2/DLON/H
  461  486  459  421  395  363  330  304  283  264  248  236  226  217  208  199
  189  177  163  146  130  119  116  119  127  140  155  172  188  202  212  217
  214  204  189  172  158  148  141  137  133  130  127  124  119  114  110  107
  104  101  100  101  105  114  126  142  161  181  202  222  241  261  284  309
  335  360  383  394  419  438  442  456  461                                   
    20.0-180.0 180.0   5.0 450.0                            LAT/LON1/LON2/DLON/H
  552  590  570  533  502  466  426  388  356  326  300  277  258  242  228  216
  203  187  168  150  137  134  140  151  163  176  192  209  226  239  246  246
  239  224  203  181  163  151  143  137  133  128  124  119  114  109  106  104
  102  101  100  102  108  118  131  149  169  191  214  235  255  277  302  331
  361  390  417  433  465  494  508  524  552                                   
    17.5-180.0 180.0   5.0 450.0                            LAT/LON1/LON2/DLON/H
  623  672  665  635  604  570  529  486  446  406  368  333  302  277  257  240
  223  203  182  165  159  165  179  194  206  216  228  242  254  261  262  257
  247  229  206  183  163  149  141  135  130  126  120  115  109  105  102  101
  101  100  100  103  110  122  137  155  176  199  222  244  266  290  318  350
  383  415  444  465  500  536  561  580  623                                   
    15.0-180.0 180.0   5.0 450.0                            LAT/LON1/LON2/DLON/H
  662  717  720  701  676  650  615  576  535  490  444  398  356  321  294  272
  251  228  207  194  194  208  228  243  251  255  259  264  267  265  260  252
  240  223  201  179  161  148  140  135  130  125  119  113  108  104  102  101
  101  101  102  106  115  128  145  164  185  208  231  253  276  302  331  364
  398  432  462  486  522  559  592  615  662                                   
    12.5-180.0 180.0   5.0 450.0                            LAT/LON1/LON2/DLON/H
  668  719  727  719  703  688  666  639  604  561  512  461  411  369  336  309
  285  262  243  235  242  261  282  294  293  287  279  271  263  254  245  235
  224  210  193  176  161  151  145  139  134  128  122  117  111  107  106  106
  106  106  108  113  123  138  156  176  197  219  241  263  286  312  341  374
  407  440  470  496  529  561  600  626  668                                   
    10.0-180.0 180.0   5.0 450.0                            LAT/LON1/LON2/DLON/H
  649  686  694  693  685  683  675  662  640  605  561  511  460  414  377  348
  324  303  288  285  297  318  336  339  326  306  283  261  244  230  220  212
  205  198  189  180  171  164  158  152  146  139  133  126  121  117  115  115
  115  116  117  122  132  148  168  189  211  232  253  274  297  322  350  381
  411  442  470  496  524  551  590  619  649                                   
     7.5-180.0 180.0   5.0 450.0                            LAT/LON1/LON2/DLON/H
  617  637  641  640  638  644  648  649  640  618  583  540  494  451  415  386
  363  346  336  338  352  371  380  371  344  308  270  238  215  202  195  192
