data/edconvlstm_nd/pred1890.15i
     1.0            IONOSPHERE MAPS     GNSS                IONEX VERSION / TYPE
pyspatialgeodesy        IME             05-JAN-18 20:20     PGM / RUN BY / DATE 
Map Name                                                    COMMENT             
Predicted global ionosphere maps (GIM).                     DESCRIPTION         
  2015     7     8     0     0     0                        EPOCH OF FIRST MAP  
  2015     7     9     0     0     0                        EPOCH OF LAST MAP   
  7200                                                      INTERVAL            
    13                                                      # OF MAPS IN FILE   
  NONE                                                      MAPPING FUNCTION    
10.0                                                        ELEVATION CUTOFF    
One-way carrier phase leveled to code                       OBSERVABLES USED    
  6371.0                                                    BASE RADIUS         
 2                                                          MAP DIMENSION       
   450.0 450.0   0.0                                        HGT1 / HGT2 / DHGT  
    87.5 -87.5  -2.5                                        LAT1 / LAT2 / DLAT  
  -180.0 180.0   5.0                                        LON1 / LON2 / DLON  
    -1                                                      EXPONENT            
                                                            END OF HEADER       
[from data line 4290]
    11                                                      START OF TEC MAP    
  2015     7     8    20     0     0                        EPOCH OF CURRENT MAP
    87.5-180.0 180.0   5.0 450.0                            LAT/LON1/LON2/DLON/H
  178  166  153  161  162  162  162  162  162  163  163  164  164  165  165  165
  166  165  165  165  164  164  163  162  162  161  160  159  158  157  156  155
  154  154  153  152  151  151  150  150  149  149  149  149  149  149  149  149
  150  150  150  151  151  152  152  152  153  153  153  153  154  154  154  154
  154  154  153  154  165  165  169  172  178                                   
    85.0-180.0 180.0   5.0 450.0                            LAT/LON1/LON2/DLON/H
  167  166  170  166  163  167  169  171  172  173  174  175  176  176  177  177
  177  177  177  176  175  174  173  172  171  169  168  167  165  164  163  162
  160  159  158  157  156  155  154  153  153  152  152  152  152  152  152  153
  153  154  154  155  156  157  157  158  159  159  160  160  161  161  161  161
  162  162  161  160  163  157  159  163  167                                   
    82.5-180.0 180.0   5.0 450.0                            LAT/LON1/LON2/DLON/H
  148  153  155  154  154  159  163  165  165  168  170  172  173  174  176  176
  177  177  176  176  175  173  172  170  168  166  164  163  161  159  157  156
  154  153  151  149  148  146  145  144  143  142  141  141  141  141  142  143
  144  145  146  147  148  149  150  151  152  152  153  153  153  153  153  153
  152  151  150  154  154  159  153  151  148                                   
    80.0-180.0 180.0   5.0 450.0                            LAT/LON1/LON2/DLON/H
  146  152  157  156  155  158  164  169  171  175  178  181  183  185  187  188
  189  189  189  188  186  185  182  180  178  175  173  170  168  166  164  162
  160  158  156  154  152  150  148  146  145  144  143  143  143  143  144  145
  146  148  149  151  152  154  155  156  157  157  157  158  158  157  157  157
  156  155  154  156  152  148  146  150  146                                   
    77.5-180.0 180.0   5.0 450.0                            LAT/LON1/LON2/DLON/H
  152  148  157  156  158  162  167  172  175  179  182  186  189  192  194  196
  198  198  198  197  195  193  191  188  185  182  180  177  175  173  171  169
  167  166  163  161  159  156  154  152  150  148  147  146  146  147  148  149
  150  152  154  155  157  158  159  160  160  161  161  161  160  160  159  158
  157  156  155  156  157  148  151  160  152                                   
    75.0-180.0 180.0   5.0 450.0                            LAT/LON1/LON2/DLON/H
  158  156  161  160  161  167  170  174  179  184  187  192  196  199  202  204
  206  206  206  205  204  201  199  196  192  189  186  184  182  180  179  177
  176  174  173  170  168  165  162  159  157  155  154  153  152  153  153  154
  156  157  158  160  161  161  162  163  163  163  163  163  163  163  163  163
  161  161  161  159  159  150  152  151  158                                   
    72.5-180.0 180.0   5.0 450.0                            LAT/LON1/LON2/DLON/H
  165  163  167  170  168  173  177  181  184  188  191  196  200  203  207  209
  211  212  212  211  209  207  204  200  197  193  190  187  185  184  183  182
  181  180  178  176  173  170  167  164  161  159  157  156  155  155  156  157
  157  158  159  160  160  160  160  161  161  161  161  162  162  163  164  165
  164  164  165  163  162  155  158  163  165                                   
    70.0-180.0 180.0   5.0 450.0                            LAT/LON1/LON2/DLON/H
  177  174  177  178  174  179  181  185  187  192  194  199  202  206  209  211
  213  214  214  213  211  209  206  202  198  194  190  187  185  184  183  183
  182  182  180  178  175  172  168  165  162  160  158  157  156  156  155  155
  155  155  155  155  154  153  153  152  153  153  154  156  158  161  164  166
  167  168  171  171  170  164  169  172  177                                   
    67.5-180.0 180.0   5.0 450.0                            LAT/LON1/LON2/DLON/H
  193  191  195  196  192  196  197  199  200  203  205  209  212  215  218  220
  222  223  223  222  221  219  215  211  206  201  197  193  191  189  189  189
  189  188  187  184  181  177  173  170  167  165  163  162  162  161  160  159
  158  157  156  154  152  151  150  149  150  151  153  157  161  165  170  174
  177  180  183  183  182  177  182  185  193                                   
    65.0-180.0 180.0   5.0 450.0                            LAT/LON1/LON2/DLON/H
  205  204  207  208  204  205  205  206  206  208  209  212  215  217  220  222
  224  225  225  224  223  221  218  213  208  203  198  194  191  190  190  190
  190  189  187  184  180  176  171  168  166  164  163  162  161  160  158  156
  154  151  148  145  142  140  138  138  138  141  145  150  156  162  169  175
  179  184  189  191  192  189  195  197  205                                   
    62.5-180.0 180.0   5.0 450.0                            LAT/LON1/LON2/DLON/H
  215  217  220  221  216  218  216  215  214  214  214  216  219  221  224  226
  227  228  228  228  227  225  222  218  213  208  202  198  196  194  194  194
  194  193  190  185  180  175  171  168  165  164  164  163  162  160  157  154
  150  146  142  138  134  131  130  129  130  134  139  145  153  161  169  177
  182  188  193  196  198  195  202  204  215                                   
    60.0-180.0 180.0   5.0 450.0                            LAT/LON1/LON2/DLON/H
  220  223  227  228  224  225  223  220  218  217  216  217  219  222  224  226
  227  228  228  228  227  226  224  221  216  211  206  203  201  200  200  200
  200  197  193  188  182  176  171  167  166  165  165  164  163  160  155  150
  145  140  135  130  126  123  121  121  123  127  133  140  149  158  167  174
  180  186  192  195  198  197  205  207  220                                   
    57.5-180.0 180.0   5.0 450.0                            LAT/LON1/LON2/DLON/H
  221  226  230  233  230  231  228  225  220  218  216  216  218  220  223  225
  226  226  226  226  226  226  225  222  219  215  212  209  208  209  209  209
  208  204  199  192  185  178  173  169  168  167  167  166  164  160  154  147
  141  135  129  124  121  118  116  117  119  123  130  138  146  155  163  171
  176  181  187  189  193  194  203  205  221                                   
    55.0-180.0 180.0   5.0 450.0                            LAT/LON1/LON2/DLON/H
  219  226  232  235  234  236  233  228  223  219  215  214  216  218  221  223
  223  223  222  222  223  223  224  223  221  219  217  217  217  219  220  220
  218  213  207  199  191  183  178  174  172  171  170  169  165  160  153  146
  138  131  126  122  119  116  116  116  119  123  129  137  144  152  160  166
  170  175  180  182  186  189  199  201  219                                   
    52.5-180.0 180.0   5.0 450.0                            LAT/LON1/LON2/DLON/H
  216  226  233  237  238  241  238  233  226  220  215  213  214  216  218  219
  220  219  217  217  218  219  221  221  221  221  222  223  226  229  230  230
  227  222  214  206  197  190  183  179  177  175  174  172  168  161  154  145
  137  131  126  122  120  119  119  120  123  127  132  138  144  150  156  161
  164  169  173  175  180  184  194  197  216                                   
    50.0-180.0 180.0   5.0 450.0                            LAT/LON1/LON2/DLON/H
  215  228  235  241  244  248  246  241  234  226  219  215  214  215  217  218
  217  215  213  213  213  215  218  220  221  223  226  229  234  238  240  239
  235  229  221  212  204  197  191  186  183  181  179  176  171  164  156  147
  140  134  130  127  126  125  126  127  129  133  136  141  145  150  155  159
  161  165  170  172  177  182  193  196  215                                   
    47.5-180.0 180.0   5.0 450.0                            LAT/LON1/LON2/DLON/H
  218  233  241  248  252  257  256  252  245  236  228  222  219  218  219  218
  217  214  211  210  211  213  216  219  221  225  229  235  240  245  247  246
  241  234  225  217  210  204  198  193  189  186  184  181  176  169  161  153
  146  140  136  135  134  134  135  136  138  140  143  146  149  152  156  159
  162  167  172  174  180  186  197  200  218                                   
    45.0-180.0 180.0   5.0 450.0                            LAT/LON1/LON2/DLON/H
  225  242  250  256  261  268  268  265  259  251  242  234  230  227  226  224
  221  217  213  211  211  213  216  219  223  227  233  240  246  251  253  251
  245  237  229  222  216  211  206  201  197  193  190  187  183  176  169  162
  155  150  147  145  144  144  145  146  147  149  150  152  154  156  159  163
  167  172  179  182  188  195  207  209  225                                   
    42.5-180.0 180.0   5.0 450.0                            LAT/LON1/LON2/DLON/H
  236  254  261  267  271  278  280  280  276  269  260  252  246  241  238  234
  230  224  219  217  216  218  220  224  227  233  239  246  253  258  259  256
  249  241  233  227  222  219  215  210  206  202  199  197  193  188  181  174
  168  163  159  156  155  154  155  155  156  157  157  158  160  162  165  170
  175  182  190  194  201  208  221  223  236                                   
    40.0-180.0 180.0   5.0 450.0                            LAT/LON1/LON2/DLON/H
  249  267  273  277  281  288  291  293  292  288  281  273  266  261  256  250
  244  237  231  227  226  227  229  232  236  241  248  256  262  267  267  263
  256  248  240  235  232  229  226  222  217  214  211  209  206  202  196  190
  183  177  172  168  166  164  164  164  164  164  164  165  166  169  173  179
  184  193  202  208  215  223  237  239  249                                   
    37.5-180.0 180.0   5.0 450.0                            LAT/LON1/LON2/DLON/H
  262  279  284  287  290  296  300  304  306  306  302  297  290  284  278  271
  263  255  247  242  240  240  241  244  249  254  261  269  275  279  279  275
  268  260  252  247  245  242  240  235  231  227  225  224  222  218  213  206
  199  192  185  180  176  173  172  171  170  170  170  171  173  176  181  187
  194  204  214  221  228  237  252  254  262                                   
    35.0-180.0 180.0   5.0 450.0                            LAT/LON1/LON2/DLON/H
  274  290  295  295  297  303  307  313  319  322  323  320  316  311  304  296
  287  276  267  260  257  256  257  260  265  271  278  285  291  295  295  292
  286  278  270  265  261  258  254  250  245  242  240  239  237  234  228  220
  212  204  196  189  184  181  178  176  174  173  173  175  177  181  187  194
  201  212  222  230  238  248  264  268  274                                   
    32.5-180.0 180.0   5.0 450.0                            LAT/LON1/LON2/DLON/H
  284  299  304  304  305  309  314  320  329  336  341  343  342  339  333  324
  313  301  290  282  277  275  276  279  284  291  298  304  310  314  315  314
  309  302  293  285  279  273  268  262  257  253  252  251  249  245  238  230
  221  212  203  196  190  186  182  179  176  174  174  176  179  184  190  197
  204  216  227  236  244  255  273  278  284                                   
    30.0-180.0 180.0   5.0 450.0                            LAT/LON1/LON2/DLON/H
  292  307  313  312  314  318  322  329  339  349  358  364  367  367  363  354
  342  329  316  306  300  297  297  300  305  311  318  324  330  334  338  338
  335  327  316  305  294  285  276  268  262  258  257  256  253  248  240  232
  223  214  205  198  193  189  185  181  177  174  173  175  179  184  190  197
  205  217  229  238  247  259  279  285  292                                   
    27.5-180.0 180.0   5.0 450.0                            LAT/LON1/LON2/DLON/H
  299  314  321  322  325  329  333  339  350  362  373  384  391  395  393  386
  374  359  345  333  325  321  320  321  326  332  338  344  349  354  359  362
  359  351  336  319  303  288  275  265  258  254  253  251  248  242  234  225
  217  210  203  197  193  189  186  181  176  172  171  173  177  181  187  194
  202  215  228  239  249  261  283  290  299                                   
    25.0-180.0 180.0   5.0 450.0                            LAT/LON1/LON2/DLON/H
  303  320  329  332  338  342  347  352  362  375  388  402  414  422  423  418
  407  392  377  364  354  347  344  343  346  351  357  361  365  371  377  381
  378  367  348  324  301  280  264  252  244  240  238  237  233  227  219  212
  206  200  196  193  190  188  185  181  175  170  168  169  172  176  182  189
  198  212  227  238  249  263  286  294  303                                   
    22.5-180.0 180.0   5.0 450.0                            LAT/LON1/LON2/DLON/H
  306  325  335  341  350  356  362  366  376  388  403  419  435  447  452  450
  441  428  413  399  387  376  369  365  365  368  372  375  378  382  388  392
  388  373  348  318  288  263  244  230  222  218  217  216  212  206  200  194
  191  188  187  185  185  185  183  179  173  167  164  163  165  168  174  182
  192  208  225  238  250  265  288  297  306                                   
    20.0-180.0 180.0   5.0 450.0                            LAT/LON1/LON2/DLON/H
  306  328  339  348  359  368  376  381  390  401  416  434  453  469  479  481
  476  466  452  437  422  407  395  386  382  382  383  384  386  389  393  395
  387  368  338  302  268  240  219  206  198  195  194  194  191  186  181  178
  176  176  176  177  178  180  179  176  171  164  159  157  157  159  164  173
  185  204  223  238  251  267  289  299  306                                   
    17.5-180.0 180.0   5.0 450.0                            LAT/LON1/LON2/DLON/H
  304  327  339  349  364  375  386  392  401  412  427  446  467  487  501  509
  509  503  492  477  459  439  420  405  397  393  391  390  390  391  392  390
  380  356  322  284  248  220  199  186  179  176  176  176  175  172  168  166
  166  167  167  168  170  172  173  172  167  160  154  150  148  148  153  163
  177  199  220  237  251  267  289  299  304                                   
    15.0-180.0 180.0   5.0 450.0                            LAT/LON1/LON2/DLON/H
  299  323  335  346  363  376  391  398  408  419  434  453  475  498  517  530
  536  536  529  514  493  468  443  422  409  401  397  395  392  391  389  384
  369  343  308  269  235  208  189  177  171  168  169  169  169  167  165  163
  163  162  162  161  162  164  166  165  162  155  148  142  138  137  142  152
  168  191  215  233  248  265  286  296  299                                   
    12.5-180.0 180.0   5.0 450.0                            LAT/LON1/LON2/DLON/H
  293  316  329  339  357  372  389  399  411  422  437  455  478  501  523  541
  554  560  558  545  522  492  461  436  418  409  404  400  396  393  388  379
  362  335  301  264  233  210  194  184  178  175  174  174  174  173  171  169
  166  163  160  156  155  155  157  158  156  150  142  134  128  126  130  141
  157  182  206  226  241  260  280  292  293                                   
    10.0-180.0 180.0   5.0 450.0                            LAT/LON1/LON2/DLON/H
  286  310  323  332  350  365  385  397  411  423  436  454  475  498  521  542
  560  572  574  563  540  507  474  446  427  417  411  407  403  397  391  379
  361  335  303  271  245  227  215  206  199  195  192  191  190  189  186  181
  176  169  160  153  148  148  149  151  149  144  136  127  120  117  120  130
  146  170  194  214  231  252  273  285  286                                   
     7.5-180.0 180.0   5.0 450.0                            LAT/LON1/LON2/DLON/H
  283  307  321  329  345  360  380  394  410  422  434  449  468  489  511  533
  554  569  575  567  545  513  480  453  435  425  421  417  412  406  397  384
