data/edconvlstm_nd/pred1770.15i
     1.0            IONOSPHERE MAPS     GNSS                IONEX VERSION / TYPE
pyspatialgeodesy        IME             05-JAN-18 20:20     PGM / RUN BY / DATE 
Map Name                                                    COMMENT             
Predicted global ionosphere maps (GIM).                     DESCRIPTION         
  2015     6    26     0     0     0                        EPOCH OF FIRST MAP  
  2015     6    27     0     0     0                        EPOCH OF LAST MAP   
  7200                                                      INTERVAL            
    13                                                      # OF MAPS IN FILE   
  NONE                                                      MAPPING FUNCTION    
10.0                                                        ELEVATION CUTOFF    
One-way carrier phase leveled to code                       OBSERVABLES USED    
  6371.0                                                    BASE RADIUS         
 2                                                          MAP DIMENSION       
   450.0 450.0   0.0                                        HGT1 / HGT2 / DHGT  
    87.5 -87.5  -2.5                                        LAT1 / LAT2 / DLAT  
  -180.0 180.0   5.0                                        LON1 / LON2 / DLON  
    -1                                                      EXPONENT            
                                                            END OF HEADER       
[from data line 1287]
     4                                                      START OF TEC MAP    
  2015     6    26     6     0     0                        EPOCH OF CURRENT MAP
    87.5-180.0 180.0   5.0 450.0                            LAT/LON1/LON2/DLON/H
  105  109  107  111  111  110  107  104  105  106  106  107  107  108  108  108
  109  109  110  110  110  111  111  111  111  111  111  111  111  111  111  110
  110  110  110  109  109  109  109  109  108  108  108  108  108  108  108  108
  108  108  109  109  109  109  109  109  109  109  108  108  107  107  106  106
  106  108  105  104  109  110  115  111  105                                   
    85.0-180.0 180.0   5.0 450.0                            LAT/LON1/LON2/DLON/H
  105  119  118  118  120  120  120  119  119  120  120  121  121  121  122  122
  122  123  123  123  124  124  124  125  125  125  125  125  125  124  124  124
  124  124  123  123  123  123  122  122  122  122  121  121  121  121  122  122
  122  122  122  123  123  123  123  124  123  123  123  123  122  121  120  120
  121  122  117  117  113  115  119  115  105                                   
    82.5-180.0 180.0   5.0 450.0                            LAT/LON1/LON2/DLON/H
  116  124  130  124  124  126  126  125  126  126  125  126  126  126  126  126
  126  127  127  127  128  128  128  128  128  128  128  128  128  128  128  127
  127  127  126  126  126  126  125  125  125  125  125  125  125  125  125  126
  127  127  128  129  130  131  131  132  132  132  132  132  131  130  129  129
  128  128  123  123  124  119  114  108  116                                   
    80.0-180.0 180.0   5.0 450.0                            LAT/LON1/LON2/DLON/H
  125  129  128  126  128  128  129  128  129  128  127  127  126  125  125  125
  125  125  125  125  126  126  126  126  126  126  126  126  125  125  125  125
  125  125  124  124  124  124  124  124  124  124  124  124  125  125  126  127
  128  130  131  133  134  136  137  138  139  139  139  139  138  137  135  135
  133  131  128  129  129  127  126  114  125                                   
    77.5-180.0 180.0   5.0 450.0                            LAT/LON1/LON2/DLON/H
  129  133  132  131  131  134  135  134  134  132  129  129  127  125  124  123
  123  123  124  124  125  125  125  125  125  125  124  124  124  124  124  124
  124  125  125  125  126  126  126  126  126  127  127  128  129  130  131  133
  135  137  139  141  143  145  147  148  149  150  150  150  149  147  145  143
  141  139  133  135  133  127  124  120  129                                   
    75.0-180.0 180.0   5.0 450.0                            LAT/LON1/LON2/DLON/H
  125  133  129  131  131  136  136  135  134  132  128  125  122  120  118  116
  116  116  116  117  117  118  118  117  117  116  115  115  115  115  115  116
  117  119  120  121  121  122  122  123  123  124  125  126  127  129  131  133
  135  137  139  142  144  146  149  150  152  153  153  153  152  150  148  147
  143  140  135  130  130  126  125  121  125                                   
    72.5-180.0 180.0   5.0 450.0                            LAT/LON1/LON2/DLON/H
  123  134  131  133  135  139  141  139  138  135  130  126  122  118  115  113
  112  113  113  114  115  115  115  114  113  112  111  110  110  111  112  114
  116  119  121  123  124  125  126  127  128  129  130  132  134  136  138  140
  142  144  146  148  150  152  154  155  157  158  158  159  158  157  155  153
  150  146  141  137  132  128  124  122  123                                   
    70.0-180.0 180.0   5.0 450.0                            LAT/LON1/LON2/DLON/H
  124  132  130  132  133  137  138  137  136  132  127  123  117  113  109  106
  105  105  106  107  108  108  108  106  105  103  102  101  102  103  106  109
  113  116  120  122  124  126  127  128  130  131  133  136  138  140  142  144
  145  146  147  148  149  150  151  152  154  155  156  156  156  155  154  153
  150  146  141  137  132  128  128  125  124                                   
    67.5-180.0 180.0   5.0 450.0                            LAT/LON1/LON2/DLON/H
  119  128  126  127  129  132  133  132  130  127  122  117  112  107  102  100
   98   98   99  100  101  101  100   98   96   95   93   93   94   96  100  104
  109  114  118  122  124  126  128  130  132  134  137  139  142  144  146  147
  147  146  146  145  144  144  144  145  145  147  148  149  149  149  149  148
  147  143  139  135  130  127  126  123  119                                   
    65.0-180.0 180.0   5.0 450.0                            LAT/LON1/LON2/DLON/H
  117  126  123  124  124  127  127  126  125  122  118  114  109  104   99   96
   94   94   94   95   95   95   94   92   90   89   88   88   89   93   97  103
  109  115  121  125  129  131  133  135  138  141  144  147  150  152  153  153
  151  149  147  144  142  140  139  139  139  140  141  143  144  145  145  146
  145  142  139  136  132  130  129  126  117                                   
    62.5-180.0 180.0   5.0 450.0                            LAT/LON1/LON2/DLON/H
  118  126  122  122  121  122  122  120  119  117  113  110  106  101   97   94
   91   90   90   90   90   89   88   86   85   83   83   84   86   90   96  103
  110  118  124  130  134  137  139  142  145  149  153  156  159  160  160  159
  156  152  148  144  141  138  136  135  135  136  137  138  140  141  142  143
  144  142  140  137  135  133  133  131  118                                   
    60.0-180.0 180.0   5.0 450.0                            LAT/LON1/LON2/DLON/H
  122  129  124  122  119  118  116  113  112  110  107  105  102   98   94   91
   88   86   85   84   83   82   81   80   78   78   78   80   83   88   95  102
  111  119  127  133  138  142  145  149  153  157  161  164  166  167  166  163
  159  154  149  145  141  138  136  135  134  135  135  137  138  139  140  142
  143  143  142  140  139  138  138  136  122                                   
    57.5-180.0 180.0   5.0 450.0                            LAT/LON1/LON2/DLON/H
  131  137  132  127  122  119  115  110  107  104  102  100   98   95   92   88
   85   82   80   78   77   76   75   74   74   74   75   78   82   87   94  102
  112  121  130  137  143  148  153  157  161  166  170  173  174  174  172  168
  164  159  154  150  146  143  141  140  139  139  139  140  141  141  142  144
  145  146  146  145  145  146  147  145  131                                   
    55.0-180.0 180.0   5.0 450.0                            LAT/LON1/LON2/DLON/H
  143  148  143  137  131  125  118  110  105  100   96   95   93   91   88   84
   81   77   74   72   71   70   70   69   70   71   73   76   80   86   93  102
  111  122  131  141  148  155  160  166  170  175  178  181  181  180  177  173
  169  165  161  158  155  152  151  149  148  147  147  147  146  146  146  148
  149  150  151  151  152  154  156  155  143                                   
    52.5-180.0 180.0   5.0 450.0                            LAT/LON1/LON2/DLON/H
  156  162  158  152  144  135  126  115  106   99   93   91   88   86   84   80
   76   73   70   68   67   66   67   67   68   70   73   76   80   86   93  101
  111  122  133  144  154  162  169  175  181  185  188  189  189  187  183  180
  176  173  170  168  166  164  162  161  159  158  156  155  154  153  152  153
  154  155  156  156  158  161  163  163  156                                   
    50.0-180.0 180.0   5.0 450.0                            LAT/LON1/LON2/DLON/H
  167  174  172  167  159  149  137  123  111  100   92   87   84   81   79   76
   72   69   67   65   65   65   66   68   70   72   75   78   82   87   94  102
  112  124  136  148  160  170  179  186  192  197  199  199  198  195  192  189
  186  184  183  181  179  177  174  172  169  167  165  163  161  159  158  158
  159  159  160  160  163  167  169  170  167                                   
    47.5-180.0 180.0   5.0 450.0                            LAT/LON1/LON2/DLON/H
  174  183  183  180  173  164  151  134  119  105   93   86   81   77   75   72
   69   67   65   65   65   67   68   71   74   76   79   83   86   91   96  104
  115  127  140  153  166  178  189  198  205  209  211  211  209  206  203  201
  199  198  196  195  192  189  184  180  177  173  171  168  166  164  163  163
  163  163  163  163  165  169  171  173  174                                   
    45.0-180.0 180.0   5.0 450.0                            LAT/LON1/LON2/DLON/H
  176  187  188  188  184  175  162  145  128  112   97   88   80   76   72   70
   68   66   66   67   68   70   73   76   80   83   86   89   92   96  101  109
  119  131  145  159  173  187  199  210  218  223  225  224  222  219  217  215
  214  213  212  209  205  199  193  186  181  177  174  172  170  168  167  167
  167  167  166  165  166  169  171  174  176                                   
    42.5-180.0 180.0   5.0 450.0                            LAT/LON1/LON2/DLON/H
  174  185  188  190  188  181  169  154  137  119  103   92   83   77   73   70
   69   68   69   70   72   75   79   83   87   91   94   97  100  103  109  116
  126  137  150  164  179  194  208  221  230  236  238  238  236  234  233  232
  232  230  228  223  217  209  200  191  184  179  176  175  173  172  171  171
  171  171  169  167  166  168  170  172  174                                   
    40.0-180.0 180.0   5.0 450.0                            LAT/LON1/LON2/DLON/H
  171  180  183  186  186  180  171  158  143  125  109   97   87   80   76   73
   72   72   73   75   78   81   86   90   95   99  103  105  108  112  117  124
  133  144  156  170  185  201  216  230  241  248  251  251  250  249  249  249
  249  247  243  238  229  219  208  198  190  185  182  180  179  178  177  177
  177  176  175  171  169  169  170  171  171                                   
    37.5-180.0 180.0   5.0 450.0                            LAT/LON1/LON2/DLON/H
  169  175  177  179  180  176  169  158  146  130  116  104   94   86   81   79
   78   78   79   80   83   87   92   97  103  108  111  114  116  120  125  132
  141  150  161  174  189  205  222  237  249  257  261  262  262  263  264  265
  265  263  258  252  243  233  221  210  202  197  194  193  192  190  188  187
  186  185  183  179  176  174  175  174  169                                   
    35.0-180.0 180.0   5.0 450.0                            LAT/LON1/LON2/DLON/H
  173  175  173  173  174  170  165  157  148  135  122  110  101   93   88   86
   84   84   85   87   89   93   98  105  111  116  119  122  124  127  132  139
  147  156  166  178  192  208  225  241  253  262  267  269  271  273  276  278
  278  276  272  267  260  250  240  230  223  218  216  215  213  209  204  202
  199  198  196  192  188  185  185  182  173                                   
    32.5-180.0 180.0   5.0 450.0                            LAT/LON1/LON2/DLON/H
  185  181  177  173  173  167  164  157  150  139  128  117  108  101   96   93
   91   91   92   93   96  100  106  112  119  124  127  129  130  132  137  143
  150  158  168  179  192  208  225  240  253  262  268  271  275  279  283  286
  287  287  285  282  278  273  265  258  253  250  248  246  242  235  228  222
  217  215  212  208  205  201  201  197  185                                   
    30.0-180.0 180.0   5.0 450.0                            LAT/LON1/LON2/DLON/H
  204  196  190  181  178  171  168  161  155  145  135  125  116  109  103  100
   98   98   99  101  104  109  115  122  128  133  136  136  135  136  139  144
  150  158  166  177  190  205  221  236  248  257  264  269  274  280  286  291
  294  295  297  298  299  298  296  292  289  288  287  285  278  268  256  246
  238  234  231  227  224  222  222  217  204                                   
    27.5-180.0 180.0   5.0 450.0                            LAT/LON1/LON2/DLON/H
  229  218  211  199  193  183  179  171  164  154  144  134  125  117  112  108
  106  105  107  110  115  120  127  134  140  143  144  142  139  137  138  141
  146  153  161  171  184  199  213  227  239  249  257  264  271  279  287  293
  298  303  308  313  320  324  327  328  328  329  329  325  316  302  286  272
  260  254  250  247  245  244  245  241  229                                   
    25.0-180.0 180.0   5.0 450.0                            LAT/LON1/LON2/DLON/H
  257  245  237  225  215  204  197  187  178  167  156  146  136  127  121  117
  114  114  116  120  127  134  141  148  152  153  151  146  140  136  134  135
  138  144  152  162  175  189  204  217  229  240  250  259  269  278  287  295
  303  310  318  328  339  348  355  360  363  366  367  363  353  336  316  298
  283  275  270  265  265  266  266  264  257                                   
    22.5-180.0 180.0   5.0 450.0                            LAT/LON1/LON2/DLON/H
  282  271  264  253  243  230  220  207  196  183  170  159  148  139  132  127
  124  124  127  133  141  149  156  161  163  162  157  149  140  133  127  126
  127  131  139  150  164  178  192  206  219  232  245  257  268  279  290  300
  309  319  330  343  356  368  378  385  391  396  397  394  383  365  344  323
  306  295  288  283  282  284  286  285  282                                   
    20.0-180.0 180.0   5.0 450.0                            LAT/LON1/LON2/DLON/H
  302  293  287  279  269  255  243  229  215  200  186  174  162  153  146  140
  137  136  139  146  155  163  169  172  171  166  158  148  138  128  120  115
  114  117  125  136  150  166  181  196  211  227  243  258  271  284  295  307
  318  329  342  356  370  382  393  401  409  415  418  416  406  390  368  347
  328  315  307  299  297  299  301  300  302                                   
    17.5-180.0 180.0   5.0 450.0                            LAT/LON1/LON2/DLON/H
  314  308  304  298  289  276  262  246  231  215  200  188  177  167  160  154
  150  149  152  158  167  174  178  177  172  164  155  144  132  121  112  105
  102  103  110  121  136  153  170  187  206  225  245  263  278  291  304  316
  329  342  355  368  381  392  401  410  418  425  430  430  424  409  390  370
  350  335  325  315  311  311  313  312  314                                   
    15.0-180.0 180.0   5.0 450.0                            LAT/LON1/LON2/DLON/H
  321  316  313  308  301  287  273  256  241  225  211  199  189  180  174  169
  164  162  163  168  175  179  180  175  166  156  145  135  124  113  103   95
   90   90   95  107  123  141  160  181  203  226  249  269  286  299  312  326
  340  354  368  380  391  399  407  415  423  431  438  440  437  426  410  391
  372  356  345  332  325  323  324  322  321                                   
    12.5-180.0 180.0   5.0 450.0                            LAT/LON1/LON2/DLON/H
  328  324  320  313  306  291  275  258  243  228  215  205  197  190  185  180
  176  172  172  174  177  178  174  166  154  142  132  123  114  105   95   86
   80   78   83   93  110  129  151  175  201  228  253  274  291  305  318  334
  350  366  380  392  400  407  414  422  429  437  444  448  448  441  428  411
  393  378  365  350  340  335  336  332  328                                   
    10.0-180.0 180.0   5.0 450.0                            LAT/LON1/LON2/DLON/H
  337  333  327  315  307  290  272  254  239  225  214  205  199  194  190  187
  182  178  176  175  174  171  163  151  138  126  117  110  104   96   87   79
   72   69   72   82   98  119  143  169  198  227  253  275  291  305  320  337
  356  375  391  403  411  418  425  432  440  447  453  458  459  454  444  430
  413  398  384  369  358  351  350  344  337                                   
     7.5-180.0 180.0   5.0 450.0                            LAT/LON1/LON2/DLON/H
  351  348  338  321  309  289  268  248  232  218  208  201  195  192  190  187
  184  179  175  171  167  159  148  134  121  110  103   98   93   88   80   72
