data/edconvlstm_nd/pred3350.15i
     1.0            IONOSPHERE MAPS     GNSS                IONEX VERSION / TYPE
pyspatialgeodesy        IME             05-JAN-18 20:20     PGM / RUN BY / DATE 
Map Name                                                    COMMENT             
Predicted global ionosphere maps (GIM).                     DESCRIPTION         
  2015    12     1     0     0     0                        EPOCH OF FIRST MAP  
  2015    12     2     0     0     0                        EPOCH OF LAST MAP   
  7200                                                      INTERVAL            
    13                                                      # OF MAPS IN FILE   
  NONE                                                      MAPPING FUNCTION    
10.0                                                        ELEVATION CUTOFF    
One-way carrier phase leveled to code                       OBSERVABLES USED    
  6371.0                                                    BASE RADIUS         
 2                                                          MAP DIMENSION       
   450.0 450.0   0.0                                        HGT1 / HGT2 / DHGT  
    87.5 -87.5  -2.5                                        LAT1 / LAT2 / DLAT  
  -180.0 180.0   5.0                                        LON1 / LON2 / DLON  
    -1                                                      EXPONENT            
                                                            END OF HEADER       
[from data line 429]
     2                                                      START OF TEC MAP    
  2015    12     1     2     0     0                        EPOCH OF CURRENT MAP
    87.5-180.0 180.0   5.0 450.0                            LAT/LON1/LON2/DLON/H
   66   72   66   68   66   67   63   61   61   62   62   62   62   62   61   61
   60   59   58   57   55   54   53   51   50   49   47   46   45   45   44   43
   43   43   42   42   42   42   43   43   43   43   44   44   45   45   46   47
   47   48   48   49   50   50   51   51   52   53   53   54   54   54   55   56
   58   58   57   57   59   74   78   68   66                                   
    85.0-180.0 180.0   5.0 450.0                            LAT/LON1/LON2/DLON/H
   66   78   68   73   75   76   73   72   72   73   72   72   72   72   71   70
   68   67   65   63   60   58   56   54   52   51   49   48   47   46   46   46
   46   46   46   47   47   48   49   50   51   52   53   54   55   56   56   57
   58   59   60   60   61   62   63   63   64   65   65   66   66   67   67   68
   70   71   70   73   77   78   89   75   66                                   
    82.5-180.0 180.0   5.0 450.0                            LAT/LON1/LON2/DLON/H
   69   69   88   82   80   82   80   79   81   82   81   82   82   81   80   78
   76   73   70   66   63   59   55   52   49   46   44   42   41   40   40   40
   41   41   42   43   44   46   47   48   50   51   53   55   56   57   59   60
   61   62   63   64   65   65   66   67   68   69   70   70   71   72   73   74
   75   76   75   73   85   74   78   78   69                                   
    80.0-180.0 180.0   5.0 450.0                            LAT/LON1/LON2/DLON/H
   88   86   90   82   82   79   80   80   82   83   82   83   83   82   80   78
   74   71   67   62   58   54   50   46   43   40   38   36   36   35   36   36
   38   39   40   41   43   44   46   47   49   51   52   54   56   57   59   60
   61   61   62   63   63   64   64   65   66   67   68   69   70   71   72   74
   75   75   76   75   90   83   83   85   88                                   
    77.5-180.0 180.0   5.0 450.0                            LAT/LON1/LON2/DLON/H
   95   93   89   85   78   77   79   80   82   82   81   82   81   80   78   75
   71   67   62   58   53   48   43   39   36   33   32   31   31   32   33   35
   37   39   41   42   44   45   46   48   49   51   52   54   55   56   58   58
   59   59   59   59   59   59   60   60   61   62   63   64   65   66   67   69
   71   73   73   75   83   77   78   81   95                                   
    75.0-180.0 180.0   5.0 450.0                            LAT/LON1/LON2/DLON/H
   92   91   91   88   77   77   77   77   79   78   77   77   76   75   73   70
   66   62   57   53   48   43   39   36   33   31   30   31   32   34   36   38
   41   43   45   46   47   47   48   49   49   50   51   53   54   55   55   55
   55   55   54   53   53   52   53   53   54   56   57   59   60   61   63   65
   66   69   71   70   79   79   80   83   92                                   
    72.5-180.0 180.0   5.0 450.0                            LAT/LON1/LON2/DLON/H
   91   92   95   89   80   78   78   79   79   78   76   76   75   72   70   67
   64   60   56   52   48   44   41   38   36   35   35   36   38   40   43   46
   49   51   53   53   53   53   52   52   52   52   53   54   55   56   56   55
   54   53   51   50   49   49   49   50   52   54   57   59   61   63   65   67
   69   71   76   77   84   83   84   88   91                                   
    70.0-180.0 180.0   5.0 450.0                            LAT/LON1/LON2/DLON/H
   98   98  102   96   85   82   81   80   81   78   76   74   71   68   65   62
   59   56   53   50   47   45   42   40   39   38   39   41   44   47   50   53
   56   57   57   57   55   54   52   51   51   51   52   53   54   55   55   54
   52   50   48   46   45   45   46   49   52   55   59   62   65   67   70   73
   75   77   82   85   92   92   94   95   98                                   
    67.5-180.0 180.0   5.0 450.0                            LAT/LON1/LON2/DLON/H
  101  103  105   99   87   82   81   79   78   75   72   69   65   61   57   54
   51   49   48   46   44   43   41   40   39   39   40   42   45   48   51   53
   54   55   54   52   49   46   44   43   43   43   45   47   48   49   49   48
   46   43   40   38   38   39   41   45   50   55   61   65   69   72   75   79
   81   82   88   91   98   99  101  102  101                                   
    65.0-180.0 180.0   5.0 450.0                            LAT/LON1/LON2/DLON/H
  107  107  108  102   89   83   81   79   78   75   71   67   62   57   52   49
   46   45   45   44   44   43   41   40   40   40   41   43   45   47   49   50
   50   49   47   44   41   38   36   35   35   37   39   42   44   45   45   44
   41   38   35   34   34   36   40   46   53   60   68   74   79   83   86   89
   91   93   98  100  108  109  111  112  107                                   
    62.5-180.0 180.0   5.0 450.0                            LAT/LON1/LON2/DLON/H
  113  113  113  106   93   86   83   81   80   76   71   67   61   55   50   47
   45   44   44   45   44   43   42   41   41   41   42   43   44   46   46   46
   45   43   40   36   33   31   30   29   31   34   37   40   43   44   44   42
   39   36   34   33   34   38   44   52   61   71   80   87   93   97  101  104
  106  107  112  112  119  120  122  123  113                                   
    60.0-180.0 180.0   5.0 450.0                            LAT/LON1/LON2/DLON/H
  120  119  118  109   96   88   84   81   80   76   71   66   60   54   49   45
   44   43   44   44   43   42   40   39   38   38   39   40   41   42   41   40
   38   35   32   30   27   26   25   26   28   32   36   40   43   44   43   40
   37   35   33   34   37   43   51   61   72   83   92  100  107  111  115  119
  120  121  126  125  130  130  132  132  120                                   
    57.5-180.0 180.0   5.0 450.0                            LAT/LON1/LON2/DLON/H
  130  127  125  115  101   92   86   82   80   76   71   66   60   54   49   46
   44   43   43   42   40   37   35   34   34   34   36   37   38   38   37   35
   33   31   29   27   26   25   26   27   30   34   39   43   45   46   44   42
   39   37   37   39   44   52   62   74   86   97  106  114  120  125  129  133
  135  136  141  140  143  141  142  142  130                                   
    55.0-180.0 180.0   5.0 450.0                            LAT/LON1/LON2/DLON/H
  143  140  136  125  110   99   91   85   81   76   70   65   59   53   49   46
   45   43   41   38   35   31   29   28   29   31   33   35   36   36   35   33
   32   30   30   29   29   30   31   33   36   40   44   48   50   50   48   45
   43   42   44   48   56   66   77   89  101  111  119  127  132  137  141  146
  149  150  155  154  156  152  153  154  143                                   
    52.5-180.0 180.0   5.0 450.0                            LAT/LON1/LON2/DLON/H
  159  157  151  141  125  112  101   92   85   77   70   65   59   54   51   48
   46   43   39   35   31   27   25   25   27   30   34   36   37   37   36   34
   34   34   35   36   38   39   40   42   45   49   53   56   57   56   54   51
   50   51   54   61   71   82   94  106  116  125  131  137  142  146  151  157
  160  163  168  166  168  163  165  166  159                                   
    50.0-180.0 180.0   5.0 450.0                            LAT/LON1/LON2/DLON/H
  178  177  171  161  145  131  117  104   94   83   73   66   61   56   53   51
   48   44   39   34   29   26   25   26   29   33   38   41   42   41   39   38
   39   41   43   47   49   51   52   54   56   59   63   65   66   64   62   60
   60   62   68   77   88  101  113  123  131  138  142  146  150  153  159  165
  170  173  178  177  179  174  177  178  178                                   
    47.5-180.0 180.0   5.0 450.0                            LAT/LON1/LON2/DLON/H
  194  197  191  183  169  153  137  121  106   91   79   71   64   60   57   55
   51   46   41   35   31   29   29   31   36   40   45   47   48   46   44   44
   45   48   53   57   61   63   64   65   66   69   72   74   74   73   72   70
   71   75   83   93  106  118  129  138  145  149  152  154  156  160  165  172
  177  181  186  185  187  182  186  188  194                                   
    45.0-180.0 180.0   5.0 450.0                            LAT/LON1/LON2/DLON/H
  206  212  207  203  190  175  158  139  122  103   88   77   70   65   63   60
   55   50   44   40   38   38   39   42   47   51   54   55   54   51   49   48
   50   54   60   65   69   71   72   72   73   76   78   81   82   81   80   81
   83   88   97  108  120  132  142  150  155  158  159  161  163  166  170  176
  181  185  189  189  191  187  192  194  206                                   
    42.5-180.0 180.0   5.0 450.0                            LAT/LON1/LON2/DLON/H
  210  218  215  214  204  191  174  156  137  116   99   86   78   73   70   66
   61   56   52   50   51   53   55   58   61   63   64   62   59   55   52   51
   53   58   64   69   73   74   75   75   77   79   83   86   87   88   88   89
   92   98  106  117  129  140  150  157  161  164  166  168  169  171  175  180
  184  187  190  189  191  188  193  196  210                                   
    40.0-180.0 180.0   5.0 450.0                            LAT/LON1/LON2/DLON/H
  207  215  213  213  206  195  181  166  148  128  110   97   88   82   79   74
   69   65   64   65   69   72   75   76   76   74   71   67   62   58   54   53
   55   59   65   69   72   73   74   75   77   81   85   89   92   93   94   95
   98  104  112  122  133  143  153  160  165  169  172  174  176  178  181  185
  188  188  190  189  190  188  192  195  207                                   
    37.5-180.0 180.0   5.0 450.0                            LAT/LON1/LON2/DLON/H
  200  205  201  200  195  187  177  166  152  135  118  106   98   92   89   84
   80   77   78   83   89   93   95   92   88   82   75   69   64   60   58   57
   58   61   65   68   70   71   72   73   77   82   88   92   95   97   97   99
  101  106  113  122  132  143  153  161  167  173  177  180  183  186  189  193
  194  193  194  192  193  191  194  197  200                                   
    35.0-180.0 180.0   5.0 450.0                            LAT/LON1/LON2/DLON/H
  195  195  188  181  175  169  163  158  149  135  122  112  106  102   98   94
   90   89   93  100  107  111  110  103   94   85   77   71   68   65   64   64
   65   66   67   69   69   70   71   73   78   84   90   95   98   99   99   99
  101  105  112  120  131  143  154  163  171  177  182  187  191  196  201  205
  206  205  205  203  205  203  206  206  195                                   
    32.5-180.0 180.0   5.0 450.0                            LAT/LON1/LON2/DLON/H
  199  193  180  165  155  149  145  144  141  131  122  115  111  108  106  103
  100  100  105  113  120  122  117  107   94   84   77   74   74   74   75   75
   75   75   74   73   72   72   74   77   82   88   94   98   99   99   98   98
  100  103  110  119  131  144  157  168  176  183  189  195  200  207  215  223
  226  226  228  227  231  229  232  229  199                                   
    30.0-180.0 180.0   5.0 450.0                            LAT/LON1/LON2/DLON/H
  220  208  187  163  147  136  131  131  130  125  119  115  113  112  111  109
  107  108  113  120  126  124  116  103   91   83   80   81   84   87   90   91
   90   88   86   83   81   80   81   84   88   94   98  100  100   98   96   96
   97  101  109  120  134  149  164  176  185  193  199  205  212  221  233  246
  253  257  263  264  270  270  273  268  220                                   
    27.5-180.0 180.0   5.0 450.0                            LAT/LON1/LON2/DLON/H
  262  247  217  182  158  140  130  126  125  120  115  113  113  113  113  111
  110  111  115  120  122  117  107   96   87   84   86   91   97  103  107  109
  109  106  101   97   93   91   91   93   97  100  102  102   99   96   93   93
   95  100  110  124  141  158  175  188  198  206  212  219  227  240  256  274
  287  296  305  309  318  322  328  319  262                                   
    25.0-180.0 180.0   5.0 450.0                            LAT/LON1/LON2/DLON/H
  323  308  269  227  195  168  148  136  129  121  116  113  112  113  112  110
  109  108  110  111  109  103   95   89   87   90   97  106  114  122  127  130
  129  125  119  113  108  105  104  104  105  106  105  102   98   93   90   90
   93  101  114  131  151  172  190  205  216  224  231  238  248  263  284  307
  325  339  352  358  371  381  388  379  323                                   
    22.5-180.0 180.0   5.0 450.0                            LAT/LON1/LON2/DLON/H
  397  387  342  296  259  221  188  164  147  133  123  117  114  112  111  108
  105  102  100   97   93   89   86   88   94  104  115  126  134  141  146  149
  148  143  136  128  122  117  115  113  112  109  106  101   95   89   86   87
   93  104  120  141  165  189  210  227  239  248  256  264  275  293  316  342
  365  383  399  406  421  439  448  439  397                                   
    20.0-180.0 180.0   5.0 450.0                            LAT/LON1/LON2/DLON/H
  472  471  428  383  343  298  250  211  181  158  140  128  121  115  111  106
  101   95   90   84   80   81   86   97  111  127  139  149  155  159  162  162
  160  153  145  137  130  125  121  118  114  110  104   98   91   86   84   87
   95  109  129  154  181  208  231  250  265  276  285  295  308  327  352  379
  404  425  442  451  467  489  500  494  472                                   
    17.5-180.0 180.0   5.0 450.0                            LAT/LON1/LON2/DLON/H
  533  543  511  476  437  386  327  274  231  196  169  150  136  126  118  110
  102   94   85   79   78   85   99  119  140  158  168  172  172  170  169  167
  162  155  146  138  131  126  122  117  112  107  100   94   87   83   83   88
   99  116  139  166  196  225  251  273  291  305  317  329  343  363  387  414
  438  459  477  488  502  525  538  535  533                                   
    15.0-180.0 180.0   5.0 450.0                            LAT/LON1/LON2/DLON/H
  569  589  574  554  520  471  406  344  291  246  210  182  161  146  133  123
  112  102   92   88   91  104  126  153  178  193  197  191  181  173  167  162
  155  147  138  131  125  121  117  113  108  102   96   90   85   82   84   91
  105  124  148  177  208  239  267  292  313  330  346  360  377  396  419  443
  464  483  500  511  521  542  556  557  569                                   
    12.5-180.0 180.0   5.0 450.0                            LAT/LON1/LON2/DLON/H
  578  603  604  598  575  532  470  409  352  301  258  224  197  176  160  146
  134  123  114  111  119  137  165  196  219  227  219  201  183  168  159  151
  143  134  126  120  117  114  111  107  103   98   93   88   85   84   88   97
  112  132  157  185  216  247  277  304  327  348  368  386  404  423  443  463
  479  494  508  518  524  539  553  559  578                                   
    10.0-180.0 180.0   5.0 450.0                            LAT/LON1/LON2/DLON/H
  566  589  600  604  592  561  510  456  403  353  308  271  240  216  197  181
  167  156  148  148  159  181  211  239  255  251  230  203  179  161  150  141
  132  123  116  112  110  108  106  103  100   96   93   90   88   89   94  104
  120  140  164  191  220  251  281  309  335  358  380  400  420  440  458  473
  484  494  504  512  514  523  536  545  566                                   
     7.5-180.0 180.0   5.0 450.0                            LAT/LON1/LON2/DLON/H
  541  558  572  579  577  559  521  481  438  394  353  317  287  262  241  224
  210  198  191  193  204  227  254  274  278  261  231  199  174  157  146  137
