data/edconvlstm_nd/pred3050.15i
     1.0            IONOSPHERE MAPS     GNSS                IONEX VERSION / TYPE
pyspatialgeodesy        IME             05-JAN-18 20:20     PGM / RUN BY / DATE 
Map Name                                                    COMMENT             
Predicted global ionosphere maps (GIM).                     DESCRIPTION         
  2015    11     1     0     0     0                        EPOCH OF FIRST MAP  
  2015    11     2     0     0     0                        EPOCH OF LAST MAP   
  7200                                                      INTERVAL            
    13                                                      # OF MAPS IN FILE   
  NONE                                                      MAPPING FUNCTION    
10.0                                                        ELEVATION CUTOFF    
One-way carrier phase leveled to code                       OBSERVABLES USED    
  6371.0                                                    BASE RADIUS         
 2                                                          MAP DIMENSION       
   450.0 450.0   0.0                                        HGT1 / HGT2 / DHGT  
    87.5 -87.5  -2.5                                        LAT1 / LAT2 / DLAT  
  -180.0 180.0   5.0                                        LON1 / LON2 / DLON  
    -1                                                      EXPONENT            
                                                            END OF HEADER       
[from data line 2145]
     6                                                      START OF TEC MAP    
  2015    11     1    10     0     0                        EPOCH OF CURRENT MAP
    87.5-180.0 180.0   5.0 450.0                            LAT/LON1/LON2/DLON/H
   46   51   50   56   59   60   61   59   62   65   66   68   69   70   71   72
   72   73   73   73   73   73   73   73   73   73   72   72   72   71   71   70
   69   69   68   67   65   64   63   61   60   58   57   55   53   51   49   48
   46   44   42   40   39   37   36   34   33   32   32   31   31   31   31   32
   33   35   34   34   40   43   57   63   46                                   
    85.0-180.0 180.0   5.0 450.0                            LAT/LON1/LON2/DLON/H
   34   53   58   56   60   63   65   66   68   71   72   74   75   75   76   77
   77   78   78   79   79   80   80   80   81   81   81   81   81   82   81   81
   81   81   80   79   78   77   76   75   73   71   69   67   65   62   60   57
   55   52   50   47   45   43   41   39   38   37   36   36   36   36   36   37
   39   40   38   38   42   46   52   51   34                                   
    82.5-180.0 180.0   5.0 450.0                            LAT/LON1/LON2/DLON/H
   21   40   50   50   51   54   56   58   60   62   63   65   65   66   66   67
   67   68   69   69   70   71   71   72   73   74   75   76   77   78   78   79
   80   80   81   81   81   81   80   79   78   76   75   72   70   67   64   61
   57   54   51   47   44   41   38   35   33   32   30   30   29   29   29   29
   30   32   30   31   39   42   39   40   21                                   
    80.0-180.0 180.0   5.0 450.0                            LAT/LON1/LON2/DLON/H
   23   36   45   45   48   49   51   52   54   55   56   57   57   58   58   58
   58   58   59   60   60   61   62   63   65   66   67   69   71   73   75   77
   79   81   83   85   86   87   88   88   88   87   86   85   82   80   76   73
   69   65   60   56   51   47   43   39   36   33   31   29   28   27   27   27
   27   27   27   28   34   40   41   43   23                                   
    77.5-180.0 180.0   5.0 450.0                            LAT/LON1/LON2/DLON/H
   35   42   44   44   45   47   49   49   51   52   52   53   52   52   52   52
   52   52   52   53   54   55   56   57   58   60   61   64   66   69   72   75
   79   82   86   89   92   95   98  100  101  102  102  102  101   99   97   94
   90   86   81   76   71   66   61   57   52   48   45   42   39   37   35   34
   33   32   31   32   35   35   40   46   35                                   
    75.0-180.0 180.0   5.0 450.0                            LAT/LON1/LON2/DLON/H
   33   42   41   43   44   46   47   46   47   47   46   46   45   45   44   44
   44   44   45   46   47   48   49   50   52   54   56   58   61   65   69   73
   78   82   87   92   97  102  107  111  114  117  119  121  122  121  120  118
  116  112  108  103   97   92   86   81   76   71   66   61   57   53   50   47
   44   42   40   37   40   39   44   43   33                                   
    72.5-180.0 180.0   5.0 450.0                            LAT/LON1/LON2/DLON/H
   37   43   40   41   41   45   46   44   44   44   43   42   41   40   39   39
   39   40   41   42   43   45   46   48   49   51   53   56   59   64   68   73
   79   85   91   97  104  110  116  122  128  133  137  141  143  145  146  145
  144  141  137  133  127  121  115  109  103   97   91   85   80   74   69   64
   59   55   52   48   48   47   49   51   37                                   
    70.0-180.0 180.0   5.0 450.0                            LAT/LON1/LON2/DLON/H
   39   41   41   41   41   42   42   41   42   41   40   39   37   37   36   36
   36   38   39   41   43   45   47   48   50   52   54   57   61   65   70   76
   82   89   96  103  110  117  125  132  139  146  152  157  161  165  167  168
  167  165  162  157  151  145  138  130  123  116  109  102   95   88   81   75
   69   63   59   53   52   50   55   56   39                                   
    67.5-180.0 180.0   5.0 450.0                            LAT/LON1/LON2/DLON/H
   38   40   39   40   39   41   42   41   41   41   40   39   38   37   37   37
   38   40   42   44   47   49   50   52   53   54   57   60   64   69   75   81
   87   94  101  108  115  123  131  140  148  155  162  168  173  178  181  182
  182  181  177  172  165  158  149  141  133  125  117  109  101   93   85   78
   72   65   61   54   52   49   52   53   38                                   
    65.0-180.0 180.0   5.0 450.0                            LAT/LON1/LON2/DLON/H
   36   38   37   38   37   39   40   40   41   41   40   40   39   39   39   39
   41   43   45   48   51   53   54   55   56   57   60   64   69   75   81   88
   95  102  109  116  124  132  140  149  158  166  174  180  186  190  193  194
  194  192  188  182  174  164  155  145  135  126  117  108  100   91   82   75
   68   62   58   52   51   48   50   53   36                                   
    62.5-180.0 180.0   5.0 450.0                            LAT/LON1/LON2/DLON/H
   36   37   35   36   35   37   38   39   39   40   40   40   40   40   40   41
   43   45   48   51   53   54   55   55   56   58   61   65   72   79   87   95
  103  110  118  125  133  141  150  159  168  176  184  190  195  199  201  202
  201  198  193  185  175  165  153  142  131  121  111  102   93   83   75   67
   60   54   52   47   47   44   46   49   36                                   
    60.0-180.0 180.0   5.0 450.0                            LAT/LON1/LON2/DLON/H
   38   38   35   36   34   35   36   36   37   38   38   39   39   40   40   42
   43   45   47   49   51   51   51   51   52   54   58   64   71   81   90  100
  109  118  126  133  142  150  159  169  178  186  193  198  203  206  207  207
  205  201  195  186  175  163  151  138  127  116  106   96   86   77   68   60
   54   48   47   43   45   42   44   47   38                                   
    57.5-180.0 180.0   5.0 450.0                            LAT/LON1/LON2/DLON/H
   44   43   40   39   36   37   36   35   36   36   37   38   39   39   40   41
   43   44   46   47   47   46   46   45   46   49   54   61   70   82   93  105
  117  127  136  144  153  162  171  181  190  198  205  210  214  216  216  215
  213  208  201  192  181  168  155  142  130  119  109   99   90   80   71   63
   56   51   50   47   50   46   48   51   44                                   
    55.0-180.0 180.0   5.0 450.0                            LAT/LON1/LON2/DLON/H
   56   54   50   48   44   43   40   38   37   36   36   37   38   39   40   41
   42   43   43   43   43   42   41   40   42   45   50   59   69   82   96  110
  123  135  145  155  164  173  183  193  203  211  218  223  226  228  228  226
  223  219  212  203  192  179  166  153  142  131  121  112  102   93   83   75
   67   62   61   58   60   57   59   60   56                                   
    52.5-180.0 180.0   5.0 450.0                            LAT/LON1/LON2/DLON/H
   72   71   67   62   57   56   51   45   42   39   38   38   39   40   41   42
   42   43   42   42   41   40   39   39   40   44   50   59   70   84   99  114
  130  143  155  165  175  184  194  205  215  224  231  237  240  242  241  240
  236  231  225  216  206  194  182  170  158  148  139  130  122  113  103   95
   87   81   79   75   77   74   76   75   72                                   
    50.0-180.0 180.0   5.0 450.0                            LAT/LON1/LON2/DLON/H
   90   90   87   82   76   74   67   59   52   47   44   43   43   44   45   46
   46   46   45   45   44   43   42   42   44   48   54   63   74   87  102  119
  136  151  164  175  185  195  205  216  226  236  244  250  254  255  255  253
  249  244  238  230  220  209  197  185  174  164  156  149  141  133  125  116
  108  102   98   94   95   93   95   93   90                                   
    47.5-180.0 180.0   5.0 450.0                            LAT/LON1/LON2/DLON/H
  106  108  106  102   97   96   88   78   68   61   55   53   52   53   53   54
   53   53   52   52   51   51   50   51   53   57   63   71   80   92  107  124
  141  158  173  185  195  205  215  226  236  246  254  261  265  267  267  264
  260  254  247  240  230  219  207  195  184  174  167  160  154  147  140  132
  124  118  113  108  110  109  112  109  106                                   
    45.0-180.0 180.0   5.0 450.0                            LAT/LON1/LON2/DLON/H
  115  120  119  119  116  115  109   98   88   79   72   68   67   67   67   67
   66   64   64   63   63   63   63   63   65   69   74   81   89   99  112  128
  146  164  179  193  204  214  224  234  244  253  262  268  273  275  275  272
  266  260  252  244  234  222  210  197  185  175  167  162  156  151  144  138
  131  124  119  114  116  117  120  118  115                                   
    42.5-180.0 180.0   5.0 450.0                            LAT/LON1/LON2/DLON/H
  113  121  123  126  127  129  125  117  107   98   91   87   86   85   85   83
   81   79   77   77   78   78   77   77   79   82   87   92   98  106  118  133
  150  168  185  199  211  222  231  241  250  258  266  272  277  279  279  275
  269  262  253  244  233  220  206  192  179  168  160  154  149  144  138  133
  126  120  115  110  112  113  116  117  113                                   
    40.0-180.0 180.0   5.0 450.0                            LAT/LON1/LON2/DLON/H
  101  111  115  122  127  134  134  130  123  115  109  106  105  105  104  101
   97   94   92   92   92   91   90   90   91   93   98  102  107  114  124  137
  154  172  190  205  218  229  239  248  255  262  268  274  278  281  281  277
  271  264  254  244  232  219  203  188  173  161  152  144  139  133  127  121
  115  109  104   99  100  100  103  106  101                                   
    37.5-180.0 180.0   5.0 450.0                            LAT/LON1/LON2/DLON/H
   84   93   98  107  116  127  133  134  131  127  123  122  123  123  122  118
  112  107  105  104  103  102   99   98   98  101  105  111  116  122  130  143
  159  177  195  211  225  237  247  256  262  267  271  276  280  283  285  283
  278  272  263  253  241  227  211  194  178  164  152  142  134  126  118  112
  105   98   93   87   86   83   87   91   84                                   
    35.0-180.0 180.0   5.0 450.0                            LAT/LON1/LON2/DLON/H
   69   75   79   88   97  110  121  128  130  129  129  132  135  137  136  131
  124  118  114  112  110  107  103  100  100  104  110  117  123  130  138  150
  165  183  201  218  234  247  258  266  271  275  277  281  286  291  295  296
  295  291  286  277  266  252  236  219  202  185  170  157  145  133  123  115
  107   99   93   84   80   73   76   79   69                                   
    32.5-180.0 180.0   5.0 450.0                            LAT/LON1/LON2/DLON/H
   62   64   64   70   78   90  103  113  119  123  127  133  139  143  143  139
  131  124  119  115  112  107  102   99   99  104  112  122  131  139  148  160
  174  191  210  228  245  260  272  280  284  287  289  293  300  308  315  321
  325  326  324  319  310  298  283  266  248  230  212  194  178  163  150  139
  129  119  111   98   90   78   79   78   62                                   
    30.0-180.0 180.0   5.0 450.0                            LAT/LON1/LON2/DLON/H
   68   66   59   61   65   74   84   94  103  109  116  126  135  142  144  140
  133  126  119  114  110  104   98   95   96  103  114  127  139  149  160  172
  186  203  222  241  260  276  289  298  302  304  307  313  322  334  347  358
  367  373  377  376  371  361  348  333  316  296  275  253  232  214  198  185
  173  161  150  133  121  102  100   91   68                                   
    27.5-180.0 180.0   5.0 450.0                            LAT/LON1/LON2/DLON/H
   88   82   68   63   63   67   73   79   86   93  102  113  124  133  137  135
  129  122  116  110  104   98   93   91   95  104  117  132  147  160  172  186
  201  218  237  257  277  295  309  319  324  328  333  341  354  371  388  405
  420  432  441  445  444  438  428  415  398  378  353  327  302  280  262  247
  233  220  206  185  169  145  137  119   88                                   
    25.0-180.0 180.0   5.0 450.0                            LAT/LON1/LON2/DLON/H
  120  112   90   80   74   72   72   73   76   81   88   98  110  120  125  125
  121  115  109  103   98   93   90   91   96  107  121  138  154  170  185  200
  217  235  255  276  297  316  331  342  350  357  365  378  395  416  439  460
  480  498  512  520  523  520  513  502  486  463  435  404  374  349  330  314
  299  285  269  245  225  198  185  160  120                                   
    22.5-180.0 180.0   5.0 450.0                            LAT/LON1/LON2/DLON/H
  161  152  125  109   98   89   83   78   76   76   79   87   96  105  111  113
  111  106  101   97   93   91   91   94  101  112  127  143  161  179  197  215
  233  253  274  296  317  337  353  367  378  389  402  420  442  467  492  517
  540  561  578  590  594  593  588  578  561  536  503  468  435  408  388  372
  357  343  324  301  279  252  234  208  161                                   
    20.0-180.0 180.0   5.0 450.0                            LAT/LON1/LON2/DLON/H
  204  196  166  145  130  115  104   93   85   80   79   81   87   94   99  101
  100   97   94   92   91   91   94  100  108  119  132  148  166  185  206  227
  248  270  293  315  336  356  374  390  406  422  440  462  487  514  541  566
  590  610  627  638  643  641  635  623  605  577  543  505  470  442  422  406
  391  379  361  341  319  295  276  251  204                                   
    17.5-180.0 180.0   5.0 450.0                            LAT/LON1/LON2/DLON/H
  237  234  207  183  164  144  129  114  102   92   86   83   84   87   90   92
   92   91   90   89   90   94   99  107  115  125  136  150  168  189  212  237
  261  286  309  332  354  374  393  412  431  452  475  500  526  553  578  600
  619  636  649  657  659  654  645  632  612  583  548  510  475  447  426  409
  395  384  369  354  335  317  302  281  237                                   
    15.0-180.0 180.0   5.0 450.0                            LAT/LON1/LON2/DLON/H
  255  257  239  216  194  172  154  137  122  110   99   92   88   87   88   89
   89   88   88   89   92   97  105  113  121  129  138  150  168  190  216  244
  272  299  323  347  368  388  409  430  453  477  502  528  553  576  596  613
  626  637  645  648  646  638  627  612  591  563  529  492  457  428  405  386
  370  360  347  339  326  316  307  289  255                                   
    12.5-180.0 180.0   5.0 450.0                            LAT/LON1/LON2/DLON/H
  255  262  255  236  217  194  177  159  143  129  116  105   98   93   91   91
   90   89   89   91   95  101  109  117  125  132  139  150  168  191  220  251
  281  309  335  358  380  400  421  444  469  495  521  545  566  584  598  608
  615  620  623  623  618  609  596  581  561  534  502  466  432  401  374  350
  331  318  308  305  298  295  291  279  255                                   
    10.0-180.0 180.0   5.0 450.0                            LAT/LON1/LON2/DLON/H
  243  251  253  238  226  207  193  177  162  148  134  121  111  104  100   97
   95   94   93   95   99  106  113  120  127  134  141  153  170  195  226  258
  289  318  344  368  389  409  431  455  481  506  530  550  566  579  587  592
  595  597  598  597  592  584  572  557  538  514  483  449  413  379  347  318
  292  276  267  266  266  267  266  256  243                                   
     7.5-180.0 180.0   5.0 450.0                            LAT/LON1/LON2/DLON/H
  227  234  240  227  222  208  199  187  175  163  150  137  126  118  112  107
  104  101  100  102  105  111  117  123  130  138  146  158  177  202  233  265
