data/edconvlstm_nd/pred1600.15i
     1.0            IONOSPHERE MAPS     GNSS                IONEX VERSION / TYPE
pyspatialgeodesy        IME             05-JAN-18 20:20     PGM / RUN BY / DATE 
Map Name                                                    COMMENT             
Predicted global ionosphere maps (GIM).                     DESCRIPTION         
  2015     6     9     0     0     0                        EPOCH OF FIRST MAP  
  2015     6    10     0     0     0                        EPOCH OF LAST MAP   
  7200                                                      INTERVAL            
    13                                                      # OF MAPS IN FILE   
  NONE                                                      MAPPING FUNCTION    
10.0                                                        ELEVATION CUTOFF    
One-way carrier phase leveled to code                       OBSERVABLES USED    
  6371.0                                                    BASE RADIUS         
 2                                                          MAP DIMENSION       
   450.0 450.0   0.0                                        HGT1 / HGT2 / DHGT  
    87.5 -87.5  -2.5                                        LAT1 / LAT2 / DLAT  
  -180.0 180.0   5.0                                        LON1 / LON2 / DLON  
    -1                                                      EXPONENT            
                                                            END OF HEADER       
[from data line 4290]
    11                                                      START OF TEC MAP    
  2015     6     9    20     0     0                        EPOCH OF CURRENT MAP
    87.5-180.0 180.0   5.0 450.0                            LAT/LON1/LON2/DLON/H
  172  158  141  147  149  149  147  146  146  146  146  146  145  145  145  145
  145  144  144  144  144  144  143  143  143  143  143  143  143  142  142  142
  142  142  142  143  143  143  143  143  143  143  144  144  144  144  143  143
  143  143  143  142  142  142  142  142  142  142  142  142  142  142  143  143
  142  143  142  144  157  153  157  161  172                                   
    85.0-180.0 180.0   5.0 450.0                            LAT/LON1/LON2/DLON/H
  164  161  160  154  151  155  153  153  153  153  152  152  152  151  151  150
  150  150  149  149  149  149  149  149  149  149  149  149  149  150  150  150
  150  150  151  151  151  152  152  152  153  153  153  153  153  153  153  153
  152  152  151  151  150  150  149  149  149  149  149  149  149  150  150  150
  151  152  151  152  158  147  150  152  164                                   
    82.5-180.0 180.0   5.0 450.0                            LAT/LON1/LON2/DLON/H
  143  148  145  143  142  148  147  147  145  145  145  145  144  143  142  142
  141  140  140  140  139  140  140  140  141  141  142  142  143  143  143  144
  144  145  145  146  147  148  149  150  151  152  153  153  153  153  153  152
  151  150  150  149  148  147  146  145  145  144  144  144  144  144  144  144
  145  144  144  150  154  157  151  140  143                                   
    80.0-180.0 180.0   5.0 450.0                            LAT/LON1/LON2/DLON/H
  135  141  140  140  137  139  139  142  141  142  141  141  141  140  139  138
  137  136  135  135  135  135  135  136  137  138  138  139  139  139  140  140
  140  141  141  142  144  145  147  148  149  150  151  152  152  152  151  150
  149  147  146  144  143  142  140  139  138  138  137  137  137  138  138  139
  140  140  140  142  144  139  140  138  135                                   
    77.5-180.0 180.0   5.0 450.0                            LAT/LON1/LON2/DLON/H
  140  142  142  141  140  144  142  145  145  147  146  147  147  146  145  143
  142  140  139  139  139  140  141  142  144  145  145  146  146  146  145  145
  145  146  147  148  150  152  154  156  158  160  161  161  162  161  161  160
  158  157  155  153  151  150  148  147  145  144  144  143  143  143  144  144
  145  145  145  145  152  143  147  149  140                                   
    75.0-180.0 180.0   5.0 450.0                            LAT/LON1/LON2/DLON/H
  140  143  139  139  138  143  140  144  146  149  149  151  151  150  149  147
  145  143  141  141  141  142  143  145  147  148  149  149  148  148  147  146
  145  145  146  147  149  151  153  156  158  159  160  161  161  160  160  159
  157  156  154  152  151  149  147  146  145  144  143  143  143  144  145  146
  147  147  148  144  149  142  148  140  140                                   
    72.5-180.0 180.0   5.0 450.0                            LAT/LON1/LON2/DLON/H
  141  145  142  144  140  145  145  148  150  154  156  159  160  159  158  155
  153  150  148  147  147  147  149  151  152  153  154  153  152  150  148  146
  145  144  145  146  148  150  152  155  157  158  159  159  159  158  158  157
  156  155  154  152  151  150  149  148  147  147  147  147  148  149  150  152
  152  152  153  149  153  147  153  151  141                                   
    70.0-180.0 180.0   5.0 450.0                            LAT/LON1/LON2/DLON/H
  145  150  145  145  141  146  144  149  153  158  162  165  167  167  166  163
  160  157  154  152  151  151  152  153  154  155  155  154  152  149  146  144
  142  141  141  142  143  145  147  149  150  150  150  150  149  148  147  146
  145  145  145  145  144  144  144  144  144  144  145  147  148  151  153  156
  157  157  158  155  159  154  160  156  145                                   
    67.5-180.0 180.0   5.0 450.0                            LAT/LON1/LON2/DLON/H
  154  159  154  155  150  154  152  157  161  168  172  178  181  182  181  178
  174  170  167  163  161  160  160  160  161  161  160  158  155  151  148  145
  143  141  141  142  143  144  145  146  146  145  144  143  141  139  138  137
  137  137  138  139  139  140  141  142  143  144  147  150  153  156  160  164
  165  166  167  163  166  161  166  164  154                                   
    65.0-180.0 180.0   5.0 450.0                            LAT/LON1/LON2/DLON/H
  163  169  164  164  157  161  157  162  166  173  179  185  190  192  192  189
  186  181  177  173  169  167  165  164  163  162  161  159  156  153  149  146
  143  142  141  142  142  143  143  142  141  139  136  133  130  127  125  124
  124  125  126  128  129  131  132  134  136  139  143  148  153  158  164  168
  170  172  174  171  176  171  177  175  163                                   
    62.5-180.0 180.0   5.0 450.0                            LAT/LON1/LON2/DLON/H
  174  181  176  177  168  172  166  170  174  181  187  194  199  202  203  202
  199  194  189  184  179  175  172  169  168  166  165  163  160  157  154  151
  148  147  146  146  146  145  144  143  140  136  132  128  123  119  117  115
  115  115  117  119  120  122  124  126  129  134  139  146  153  160  167  172
  175  177  179  177  183  178  185  185  174                                   
    60.0-180.0 180.0   5.0 450.0                            LAT/LON1/LON2/DLON/H
  185  193  189  191  181  184  177  179  181  187  193  200  205  209  211  211
  209  206  201  195  189  183  178  175  173  172  171  170  168  166  163  160
  158  156  155  154  153  153  151  148  144  139  133  127  122  117  113  111
  110  110  111  112  113  114  115  118  122  127  134  142  150  159  167  174
  177  181  182  181  189  184  192  194  185                                   
    57.5-180.0 180.0   5.0 450.0                            LAT/LON1/LON2/DLON/H
  192  203  200  204  195  198  190  190  191  195  199  205  210  215  218  219
  218  216  211  206  199  192  187  183  180  180  180  181  181  179  177  174
  171  169  167  166  165  163  161  158  153  147  140  133  126  121  116  113
  111  110  109  109  109  109  109  111  115  120  128  137  147  157  166  174
  178  182  184  183  191  188  196  200  192                                   
    55.0-180.0 180.0   5.0 450.0                            LAT/LON1/LON2/DLON/H
  197  211  209  217  209  213  205  204  203  205  207  211  215  220  223  226
  226  225  221  216  209  202  196  193  191  192  194  197  198  197  195  191
  187  184  181  180  179  177  174  171  165  159  151  144  137  130  126  122
  119  116  114  111  109  107  106  107  111  116  124  134  144  155  165  173
  178  183  185  184  193  190  198  203  197                                   
    52.5-180.0 180.0   5.0 450.0                            LAT/LON1/LON2/DLON/H
  198  215  215  227  222  228  221  220  218  218  217  219  222  225  229  232
  233  233  230  225  219  213  208  205  205  207  211  215  217  217  213  209
  204  199  196  194  192  191  188  184  179  172  164  157  149  143  139  135
  131  127  123  118  114  110  108  108  111  116  124  133  143  153  164  173
  179  185  188  187  195  192  198  205  198                                   
    50.0-180.0 180.0   5.0 450.0                            LAT/LON1/LON2/DLON/H
  198  217  218  234  234  242  238  238  236  235  232  232  233  235  238  240
  242  242  240  236  231  226  222  220  222  226  231  235  238  237  233  227
  220  214  210  208  206  205  202  198  193  186  178  170  163  158  154  151
  147  142  136  130  123  118  114  114  116  121  128  136  145  155  165  175
  183  190  194  193  200  196  199  207  198                                   
    47.5-180.0 180.0   5.0 450.0                            LAT/LON1/LON2/DLON/H
  198  216  220  239  243  255  254  257  256  255  252  250  249  249  251  252
  253  253  251  248  244  241  238  238  241  246  251  256  258  256  251  244
  236  229  224  222  220  218  216  211  205  198  190  183  177  173  170  167
  164  159  152  144  136  130  126  125  126  130  137  144  152  160  171  181
  191  201  206  205  209  203  203  212  198                                   
    45.0-180.0 180.0   5.0 450.0                            LAT/LON1/LON2/DLON/H
  201  216  221  242  249  265  268  275  277  277  274  272  270  270  269  269
  269  267  265  263  261  259  258  259  262  267  272  276  277  275  269  261
  253  245  240  237  235  233  230  224  217  209  201  194  189  186  184  183
  181  176  169  160  152  146  141  140  141  145  150  155  162  169  180  192
  204  216  223  223  224  216  213  222  201                                   
    42.5-180.0 180.0   5.0 450.0                            LAT/LON1/LON2/DLON/H
  207  218  223  243  253  271  279  290  296  300  299  298  296  295  293  292
  289  286  284  282  280  280  280  282  284  288  292  296  297  294  289  281
  273  265  259  256  253  250  245  239  231  222  213  206  201  198  198  198
  196  192  185  177  169  163  159  157  158  161  165  169  175  181  192  205
  219  235  244  245  243  233  228  237  207                                   
    40.0-180.0 180.0   5.0 450.0                            LAT/LON1/LON2/DLON/H
  218  223  226  244  255  275  286  301  312  320  322  324  324  323  321  318
  314  309  306  304  303  304  305  306  308  310  314  316  318  317  313  306
  298  290  284  279  275  270  264  255  246  236  227  219  213  211  210  210
  209  205  199  192  185  179  176  174  175  177  180  184  188  194  205  220
  237  255  266  269  266  254  248  256  218                                   
    37.5-180.0 180.0   5.0 450.0                            LAT/LON1/LON2/DLON/H
  233  231  232  246  256  276  290  308  323  335  343  348  351  352  351  347
  341  336  331  329  328  329  329  330  332  334  337  340  342  343  342  337
  330  322  314  307  300  293  285  275  265  254  244  235  228  224  223  222
  221  217  212  205  199  194  191  190  190  191  193  195  199  206  218  234
  253  273  287  292  288  276  271  279  233                                   
    35.0-180.0 180.0   5.0 450.0                            LAT/LON1/LON2/DLON/H
  252  244  241  251  258  276  290  311  329  346  359  369  375  379  379  376
  370  363  357  354  353  353  354  355  356  358  362  367  372  376  378  375
  368  359  348  337  327  317  307  296  285  275  264  253  244  238  234  232
  230  226  221  216  211  206  203  201  200  200  201  203  207  215  228  246
  266  288  302  310  306  297  294  302  252                                   
    32.5-180.0 180.0   5.0 450.0                            LAT/LON1/LON2/DLON/H
  273  260  253  259  263  277  291  312  333  354  370  384  395  401  404  402
  396  389  383  379  377  376  376  377  380  384  390  398  406  414  419  418
  410  397  381  365  351  338  326  315  305  295  284  272  260  251  244  240
  236  232  227  222  218  214  211  208  206  204  204  206  211  219  234  252
  272  295  310  320  319  313  314  323  273                                   
    30.0-180.0 180.0   5.0 450.0                            LAT/LON1/LON2/DLON/H
  294  280  268  271  271  282  294  314  336  359  377  395  409  418  423  423
  419  412  406  401  398  396  396  398  402  410  419  431  443  455  461  460
  449  431  409  386  367  351  339  328  320  311  300  287  273  260  251  244
  239  234  229  225  221  217  213  209  205  202  201  203  208  218  233  252
  272  295  310  322  323  323  329  340  294                                   
    27.5-180.0 180.0   5.0 450.0                            LAT/LON1/LON2/DLON/H
  313  300  287  288  285  291  301  320  341  364  384  403  419  431  438  440
  437  432  427  421  416  413  412  415  423  434  448  463  479  492  499  495
  480  455  425  396  372  353  340  331  325  318  308  295  279  264  252  243
  237  231  226  222  218  214  210  205  200  196  193  194  200  210  226  245
  265  287  303  315  321  326  338  351  313                                   
    25.0-180.0 180.0   5.0 450.0                            LAT/LON1/LON2/DLON/H
  329  320  307  307  303  307  314  331  351  372  391  410  427  440  449  453
  453  450  445  439  433  428  427  431  441  455  472  489  506  519  524  518
  497  465  428  393  364  344  331  324  320  315  307  294  278  261  248  237
  230  224  218  214  210  206  202  196  190  185  181  181  187  197  213  232
  251  273  289  303  312  324  340  356  329                                   
    22.5-180.0 180.0   5.0 450.0                            LAT/LON1/LON2/DLON/H
  341  337  327  328  325  327  333  347  364  383  400  417  433  447  458  464
  467  466  463  458  450  443  441  445  456  471  489  506  521  532  534  524
  499  462  420  381  349  328  316  310  307  303  296  284  268  252  238  227
  219  212  206  201  197  193  189  184  178  172  168  167  171  180  195  213
  232  254  272  287  300  318  337  356  341                                   
    20.0-180.0 180.0   5.0 450.0                            LAT/LON1/LON2/DLON/H
  347  350  345  347  347  348  354  366  380  396  410  425  440  454  465  474
  480  482  482  477  468  460  455  457  467  481  496  510  522  529  528  516
  489  450  406  365  333  312  300  294  291  287  281  269  255  239  225  214
  205  198  191  185  181  178  175  171  166  160  155  152  154  162  175  192
  211  234  254  272  288  310  332  352  347                                   
    17.5-180.0 180.0   5.0 450.0                            LAT/LON1/LON2/DLON/H
  348  358  358  361  366  368  374  384  396  409  420  433  446  460  472  483
  492  498  501  498  489  478  471  470  476  486  496  505  512  515  512  499
  473  435  392  353  322  302  289  282  278  272  265  254  240  226  213  202
  193  184  177  171  167  164  163  160  156  150  144  140  140  145  157  172
  190  216  239  259  278  303  326  346  348                                   
    15.0-180.0 180.0   5.0 450.0                            LAT/LON1/LON2/DLON/H
  345  361  367  371  378  382  389  398  409  420  429  440  452  465  478  491
  503  513  520  519  510  498  487  482  482  486  490  492  495  495  492  480
  456  422  383  348  320  301  289  280  272  264  254  243  230  217  205  194
  184  174  165  159  155  153  153  152  149  143  137  131  129  132  141  155
  173  201  227  251  271  298  321  340  345                                   
    12.5-180.0 180.0   5.0 450.0                            LAT/LON1/LON2/DLON/H
  341  362  372  376  386  391  399  406  417  426  434  445  456  469  483  497
  512  526  536  537  530  517  503  493  487  484  481  478  477  477  473  463
  444  415  383  353  330  313  299  287  276  264  251  238  226  213  202  191
  179  168  158  151  148  146  146  146  144  140  133  126  123  124  130  143
  161  191  221  246  267  295  318  336  341                                   
    10.0-180.0 180.0   5.0 450.0                            LAT/LON1/LON2/DLON/H
  336  363  376  380  391  397  405  411  421  429  437  447  459  472  486  501
  518  534  547  551  545  531  515  501  491  482  474  468  465  464  462  455
  439  416  391  367  348  333  318  303  288  272  256  242  228  216  204  192
  179  166  155  148  145  143  144  144  143  138  131  125  120  120  125  136
  155  185  218  245  266  294  318  334  336                                   
     7.5-180.0 180.0   5.0 450.0                            LAT/LON1/LON2/DLON/H
  335  365  381  385  397  403  411  416  424  432  439  449  460  473  487  502
  519  537  550  556  551  539  523  508  494  482  471  465  462  462  461  455
