data/edconvlstm_nd/pred1730.15i
     1.0            IONOSPHERE MAPS     GNSS                IONEX VERSION / TYPE
pyspatialgeodesy        IME             05-JAN-18 20:20     PGM / RUN BY / DATE 
Map Name                                                    COMMENT             
Predicted global ionosphere maps (GIM).                     DESCRIPTION         
  2015     6    22     0     0     0                        EPOCH OF FIRST MAP  
  2015     6    23     0     0     0                        EPOCH OF LAST MAP   
  7200                                                      INTERVAL            
    13                                                      # OF MAPS IN FILE   
  NONE                                                      MAPPING FUNCTION    
10.0                                                        ELEVATION CUTOFF    
One-way carrier phase leveled to code                       OBSERVABLES USED    
  6371.0                                                    BASE RADIUS         
 2                                                          MAP DIMENSION       
   450.0 450.0   0.0                                        HGT1 / HGT2 / DHGT  
    87.5 -87.5  -2.5                                        LAT1 / LAT2 / DLAT  
  -180.0 180.0   5.0                                        LON1 / LON2 / DLON  
    -1                                                      EXPONENT            
                                                            END OF HEADER       
[from data line 429]
     2                                                      START OF TEC MAP    
  2015     6    22     2     0     0                        EPOCH OF CURRENT MAP
    87.5-180.0 180.0   5.0 450.0                            LAT/LON1/LON2/DLON/H
  190  195  198  196  196  194  191  190  191  191  192  192  192  192  192  192
  192  192  191  191  190  190  189  188  188  187  186  186  185  185  184  184
  183  183  182  182  182  181  181  181  181  181  181  181  181  181  181  181
  181  182  182  183  183  183  184  184  184  184  184  185  185  185  185  185
  186  188  188  189  191  189  186  190  190                                   
    85.0-180.0 180.0   5.0 450.0                            LAT/LON1/LON2/DLON/H
  201  202  193  198  203  200  200  199  200  201  201  201  202  202  202  202
  201  201  200  200  199  198  197  196  195  194  193  192  191  190  190  189
  188  188  188  187  187  187  187  186  186  186  186  186  186  186  186  187
  187  188  188  189  189  190  190  191  191  192  192  192  192  192  192  193
  194  196  195  198  192  192  190  192  201                                   
    82.5-180.0 180.0   5.0 450.0                            LAT/LON1/LON2/DLON/H
  204  201  201  201  203  202  201  202  204  204  204  205  205  205  205  204
  203  203  201  200  199  197  195  194  192  190  188  186  185  184  183  182
  181  181  181  181  181  181  181  181  181  182  182  182  182  183  183  184
  185  186  186  187  188  189  190  191  191  192  192  192  193  193  193  194
  194  196  194  196  198  189  190  185  204                                   
    80.0-180.0 180.0   5.0 450.0                            LAT/LON1/LON2/DLON/H
  200  202  197  198  200  201  203  205  206  206  206  207  207  207  207  206
  205  204  203  201  199  197  194  192  189  186  184  182  180  178  177  177
  177  177  177  178  179  180  181  181  182  182  183  183  184  184  185  186
  187  189  190  191  192  193  194  194  195  195  195  195  195  194  194  195
  196  196  193  194  200  193  198  187  200                                   
    77.5-180.0 180.0   5.0 450.0                            LAT/LON1/LON2/DLON/H
  199  197  195  197  196  197  201  203  205  205  205  206  206  205  205  204
  203  201  199  197  195  192  189  185  182  179  175  173  170  169  168  168
  169  171  173  175  177  179  180  182  183  183  184  185  186  187  188  190
  191  193  195  196  197  198  198  198  198  197  196  196  195  194  194  194
  194  195  190  192  197  192  192  188  199                                   
    75.0-180.0 180.0   5.0 450.0                            LAT/LON1/LON2/DLON/H
  196  195  192  196  194  196  199  201  203  203  203  203  203  202  201  200
  199  197  195  193  190  187  184  180  176  172  168  164  162  161  160  162
  164  167  170  174  177  180  182  184  186  187  188  189  190  192  193  195
  198  200  201  203  204  204  203  203  201  200  198  196  195  193  193  193
  192  193  190  186  190  187  187  187  196                                   
    72.5-180.0 180.0   5.0 450.0                            LAT/LON1/LON2/DLON/H
  190  193  191  194  193  194  197  199  202  201  201  201  200  199  198  196
  194  193  191  189  187  184  180  176  172  167  163  159  157  156  156  159
  162  166  171  176  181  185  188  190  192  193  194  196  197  199  202  204
  206  208  210  211  211  210  209  207  204  201  199  196  194  192  191  192
  191  192  190  188  188  183  182  183  190                                   
    70.0-180.0 180.0   5.0 450.0                            LAT/LON1/LON2/DLON/H
  190  189  189  192  191  192  194  196  199  198  198  198  197  195  193  190
  188  187  185  184  182  180  177  173  169  164  159  156  153  153  154  156
  161  166  172  179  184  189  192  194  196  198  199  201  203  205  208  211
  213  215  216  216  215  213  210  207  204  200  197  194  191  189  188  189
  188  188  188  187  188  183  182  182  190                                   
    67.5-180.0 180.0   5.0 450.0                            LAT/LON1/LON2/DLON/H
  189  190  187  190  188  189  191  193  195  195  194  194  192  190  187  185
  183  181  180  180  179  177  175  171  167  163  158  155  153  152  153  156
  161  166  173  179  185  190  193  196  197  199  201  203  206  209  212  214
  216  218  218  217  214  212  208  204  200  196  192  189  186  184  183  183
  183  184  184  183  186  181  180  182  189                                   
    65.0-180.0 180.0   5.0 450.0                            LAT/LON1/LON2/DLON/H
  190  190  187  189  187  186  188  190  192  191  191  190  188  186  183  180
  178  176  176  176  176  175  174  171  168  164  161  158  156  155  156  158
  162  167  173  179  184  189  192  194  196  198  201  204  207  211  214  216
  218  218  217  215  212  208  204  199  195  191  188  185  182  180  179  180
  180  181  181  181  185  182  182  184  190                                   
    62.5-180.0 180.0   5.0 450.0                            LAT/LON1/LON2/DLON/H
  194  193  190  191  188  187  188  188  190  188  188  187  186  183  180  178
  175  174  174  174  175  175  174  172  170  168  166  164  162  161  161  162
  164  168  172  177  181  185  188  190  193  196  199  203  208  212  215  217
  217  217  215  212  208  204  200  196  192  189  186  184  182  180  179  180
  180  181  181  182  187  184  186  189  194                                   
    60.0-180.0 180.0   5.0 450.0                            LAT/LON1/LON2/DLON/H
  200  199  196  197  193  190  189  188  188  186  185  185  184  181  179  176
  174  172  172  173  173  174  174  173  172  171  170  170  169  168  167  166
  165  166  169  172  175  178  181  183  186  190  195  200  205  210  213  215
  215  214  211  208  205  202  198  195  192  190  188  186  185  183  183  183
  182  183  183  184  190  189  192  194  200                                   
    57.5-180.0 180.0   5.0 450.0                            LAT/LON1/LON2/DLON/H
  209  208  205  206  201  197  194  190  189  185  183  183  182  180  178  176
  174  172  171  172  172  172  172  172  171  172  174  175  175  174  171  168
  164  163  163  164  166  169  171  174  178  183  189  195  202  207  210  212
  212  210  208  206  204  202  200  198  196  194  193  192  191  190  189  189
  188  188  188  190  195  195  199  201  209                                   
    55.0-180.0 180.0   5.0 450.0                            LAT/LON1/LON2/DLON/H
  219  219  217  217  213  208  203  197  192  186  183  181  181  180  179  176
  174  172  171  171  171  170  169  169  169  171  175  178  179  177  173  167
  161  157  155  155  157  159  161  164  169  174  181  189  196  202  206  208
  208  208  207  206  206  205  204  203  202  201  200  200  199  198  197  196
  195  195  195  197  202  203  207  209  219                                   
    52.5-180.0 180.0   5.0 450.0                            LAT/LON1/LON2/DLON/H
  229  230  230  231  228  222  216  208  200  191  185  182  181  181  180  178
  176  174  172  171  170  168  166  165  166  169  173  177  179  177  171  163
  155  149  146  146  148  150  152  155  160  166  173  182  189  196  200  203
  205  207  208  209  210  211  211  211  210  209  209  208  208  206  205  204
  203  203  203  205  210  211  216  216  229                                   
    50.0-180.0 180.0   5.0 450.0                            LAT/LON1/LON2/DLON/H
  239  242  243  246  245  240  233  223  212  200  191  186  184  183  182  181
  178  176  174  172  170  167  164  162  162  165  170  175  176  174  167  157
  149  142  140  140  141  143  145  148  152  158  166  174  182  189  195  200
  204  208  212  215  218  220  220  220  219  218  217  217  216  214  213  213
  211  212  213  214  219  221  225  225  239                                   
    47.5-180.0 180.0   5.0 450.0                            LAT/LON1/LON2/DLON/H
  248  252  255  259  261  257  252  240  228  212  200  193  190  188  187  185
  182  179  177  174  171  167  163  160  159  162  167  171  172  169  161  152
  143  138  136  136  138  140  141  143  146  152  158  166  174  182  190  197
  204  211  218  223  227  229  229  229  227  226  225  224  222  221  220  220
  219  221  223  225  229  230  235  234  248                                   
    45.0-180.0 180.0   5.0 450.0                            LAT/LON1/LON2/DLON/H
  257  262  265  271  275  274  270  259  245  228  213  204  198  195  193  190
  187  183  180  177  174  169  164  161  159  161  165  168  168  164  157  148
  141  137  136  137  139  140  140  141  143  147  153  160  167  176  185  195
  205  216  224  231  235  237  237  236  235  233  231  230  228  226  226  227
  227  230  233  236  240  241  246  245  257                                   
    42.5-180.0 180.0   5.0 450.0                            LAT/LON1/LON2/DLON/H
  267  271  275  281  288  288  287  277  264  245  229  217  209  204  201  197
  192  188  184  181  177  172  167  164  162  163  166  168  167  162  155  147
  142  139  139  141  141  141  141  141  142  145  149  155  162  171  181  194
  207  220  230  238  242  243  243  242  241  239  238  236  234  233  232  233
  235  240  245  248  253  254  259  258  267                                   
    40.0-180.0 180.0   5.0 450.0                            LAT/LON1/LON2/DLON/H
  280  283  286  292  300  301  301  294  281  263  245  231  222  215  210  204
  198  193  188  184  180  176  172  169  168  169  170  171  168  163  157  151
  147  146  146  146  145  144  143  142  143  145  148  152  158  167  179  193
  209  223  234  241  245  247  247  247  247  246  246  244  242  240  240  241
  244  251  257  262  268  270  274  274  280                                   
    37.5-180.0 180.0   5.0 450.0                            LAT/LON1/LON2/DLON/H
  297  299  301  305  312  314  314  309  298  280  262  247  235  226  219  212
  205  198  192  187  183  180  178  177  177  178  178  177  173  168  162  158
  155  154  153  151  149  146  145  145  146  148  150  152  157  164  176  192
  208  223  234  242  246  248  249  251  253  254  255  254  252  250  249  251
  255  262  271  277  284  288  293  294  297                                   
    35.0-180.0 180.0   5.0 450.0                            LAT/LON1/LON2/DLON/H
  319  321  322  323  329  329  328  324  315  299  280  263  249  238  230  221
  212  203  196  190  186  184  184  186  187  189  189  186  182  176  171  167
  165  162  159  155  150  147  146  148  150  152  153  154  157  163  174  189
  205  220  231  238  243  247  251  255  260  264  266  266  264  261  260  261
  266  275  285  293  302  308  313  316  319                                   
    32.5-180.0 180.0   5.0 450.0                            LAT/LON1/LON2/DLON/H
  345  349  348  348  350  348  346  342  334  319  300  281  265  252  241  231
  220  210  200  193  189  189  191  195  199  201  201  198  192  186  181  177
  173  168  162  155  149  146  146  150  154  157  158  157  157  161  171  185
  200  213  224  232  238  244  252  259  267  273  277  277  276  273  271  272
  277  287  298  308  318  327  334  338  345                                   
    30.0-180.0 180.0   5.0 450.0                            LAT/LON1/LON2/DLON/H
  373  379  379  377  377  373  369  365  357  342  323  302  284  268  255  243
  231  218  207  198  194  195  199  206  211  214  213  209  203  196  190  185
  178  170  161  151  144  142  145  151  157  161  161  158  157  159  167  178
  192  204  214  223  232  242  253  264  274  281  286  287  285  282  281  282
  287  298  310  321  333  344  353  360  373                                   
    27.5-180.0 180.0   5.0 450.0                            LAT/LON1/LON2/DLON/H
  398  408  410  410  407  403  397  393  385  371  350  328  307  289  273  259
  244  229  216  206  201  202  208  216  222  225  223  218  211  204  196  188
  178  166  154  143  136  136  141  149  157  162  161  158  154  155  160  170
  182  194  205  216  228  241  255  268  279  287  291  292  291  290  289  291
  297  307  320  332  344  356  367  377  398                                   
    25.0-180.0 180.0   5.0 450.0                            LAT/LON1/LON2/DLON/H
  417  430  436  439  437  434  429  424  417  403  382  359  335  314  296  279
  262  245  229  217  212  213  219  227  231  232  229  222  214  206  196  184
  171  156  142  132  127  129  136  145  154  158  157  153  149  148  152  160
  172  184  197  211  226  243  259  273  284  291  294  295  295  295  296  300
  306  316  329  340  351  364  377  390  417                                   
    22.5-180.0 180.0   5.0 450.0                            LAT/LON1/LON2/DLON/H
  427  442  453  461  461  461  458  455  449  436  417  392  367  344  323  304
  284  264  246  233  226  226  231  236  238  235  228  220  211  201  188  174
  158  141  128  119  117  121  129  139  147  150  149  145  140  139  142  150
  162  175  191  209  228  247  265  279  289  294  297  298  299  301  305  310
  316  326  338  348  357  368  381  398  427                                   
    20.0-180.0 180.0   5.0 450.0                            LAT/LON1/LON2/DLON/H
  426  443  457  469  474  478  480  480  477  466  448  426  401  376  353  332
  309  287  267  252  243  241  243  244  240  233  222  211  201  189  175  159
  141  125  113  107  108  114  122  130  136  139  137  134  130  129  133  141
  153  169  188  210  232  254  273  287  295  299  301  303  306  310  315  322
  329  338  348  356  362  369  383  401  426                                   
    17.5-180.0 180.0   5.0 450.0                            LAT/LON1/LON2/DLON/H
  418  432  448  464  474  482  488  492  492  486  472  453  430  406  383  360
  336  312  289  271  261  256  253  248  238  225  210  197  185  173  158  141
  124  109  100   98  102  108  115  121  125  126  125  122  120  120  124  133
  147  165  187  212  238  262  281  295  303  307  309  312  316  321  329  337
  344  352  361  366  368  371  384  401  418                                   
    15.0-180.0 180.0   5.0 450.0                            LAT/LON1/LON2/DLON/H
  405  416  431  448  461  472  481  488  492  490  482  469  450  429  406  383
  359  333  309  289  275  266  258  247  231  212  194  179  166  154  140  125
  109   97   92   93   98  104  109  112  113  114  113  112  112  113  117  127
  142  163  188  215  243  268  288  302  311  316  319  323  329  336  345  353
  361  368  375  378  376  375  386  402  405                                   
    12.5-180.0 180.0   5.0 450.0                            LAT/LON1/LON2/DLON/H
  393  399  412  426  442  453  463  471  477  479  476  468  455  438  419  397
  373  348  323  301  284  271  257  240  219  196  175  159  147  136  125  111
   99   91   88   91   97  101  104  104  103  103  104  105  106  108  113  123
  138  161  188  217  246  272  292  308  318  324  330  336  343  352  361  371
  378  385  391  391  386  381  391  406  393                                   
    10.0-180.0 180.0   5.0 450.0                            LAT/LON1/LON2/DLON/H
  387  389  397  408  422  431  439  446  452  455  455  453  445  432  416  398
  376  352  327  305  285  268  249  227  202  176  154  139  129  121  113  103
   94   89   88   92   97  100   99   97   96   96   99  101  103  106  110  119
  135  158  186  216  245  271  293  310  323  332  340  348  357  367  376  386
  393  400  405  404  397  390  399  413  387                                   
     7.5-180.0 180.0   5.0 450.0                            LAT/LON1/LON2/DLON/H
  389  388  393  398  408  414  417  420  423  426  427  427  422  412  400  385
  366  344  320  297  276  256  234  208  181  155  135  122  114  110  105  100
