data/edconvlstm_nd/pred1110.15i
     1.0            IONOSPHERE MAPS     GNSS                IONEX VERSION / TYPE
pyspatialgeodesy        IME             05-JAN-18 20:20     PGM / RUN BY / DATE 
Map Name                                                    COMMENT             
Predicted global ionosphere maps (GIM).                     DESCRIPTION         
  2015     4    21     0     0     0                        EPOCH OF FIRST MAP  
  2015     4    22     0     0     0                        EPOCH OF LAST MAP   
  7200                                                      INTERVAL            
    13                                                      # OF MAPS IN FILE   
  NONE                                                      MAPPING FUNCTION    
10.0                                                        ELEVATION CUTOFF    
One-way carrier phase leveled to code                       OBSERVABLES USED    
  6371.0                                                    BASE RADIUS         
 2                                                          MAP DIMENSION       
   450.0 450.0   0.0                                        HGT1 / HGT2 / DHGT  
    87.5 -87.5  -2.5                                        LAT1 / LAT2 / DLAT  
  -180.0 180.0   5.0                                        LON1 / LON2 / DLON  
    -1                                                      EXPONENT            
                                                            END OF HEADER       
[from data line 1716]
     5                                                      START OF TEC MAP    
  2015     4    21     8     0     0                        EPOCH OF CURRENT MAP
    87.5-180.0 180.0   5.0 450.0                            LAT/LON1/LON2/DLON/H
  197  183  175  180  183  184  184  184  188  191  193  196  199  201  203  205
  206  208  209  210  211  212  213  213  214  214  215  216  216  217  218  218
  219  220  221  221  222  222  222  222  222  222  221  220  219  217  216  214
  212  210  208  206  203  201  199  196  194  191  189  187  185  182  180  179
  177  177  175  176  178  179  182  190  197                                   
    85.0-180.0 180.0   5.0 450.0                            LAT/LON1/LON2/DLON/H
  176  165  167  170  173  177  179  183  187  191  194  197  201  203  206  208
  210  212  214  215  216  216  217  218  218  219  219  220  221  222  223  225
  226  227  229  230  231  232  232  232  232  232  231  230  229  227  225  223
  220  218  215  212  209  206  203  200  197  193  190  187  184  181  178  176
  174  174  169  170  167  168  173  182  176                                   
    82.5-180.0 180.0   5.0 450.0                            LAT/LON1/LON2/DLON/H
  160  158  156  157  159  163  167  172  178  183  188  193  197  201  204  207
  209  211  211  212  212  212  212  212  211  212  212  213  214  216  218  220
  223  225  228  230  232  233  235  236  236  236  235  235  234  232  230  228
  226  223  221  218  214  211  208  204  200  196  192  188  184  180  176  172
  169  166  160  161  160  161  165  159  160                                   
    80.0-180.0 180.0   5.0 450.0                            LAT/LON1/LON2/DLON/H
  155  152  148  150  151  154  159  165  173  179  185  192  197  202  205  208
  210  210  210  209  208  206  204  202  201  200  200  200  202  205  208  212
  216  221  225  229  233  236  239  241  243  245  245  246  246  246  246  245
  244  242  241  239  236  234  230  227  223  219  215  210  205  200  195  190
  184  179  170  168  164  161  167  154  155                                   
    77.5-180.0 180.0   5.0 450.0                            LAT/LON1/LON2/DLON/H
  161  153  150  150  148  150  155  161  169  176  183  190  196  201  205  207
  208  208  206  204  200  196  192  188  185  183  183  183  186  189  194  200
  207  214  221  227  233  238  243  247  250  253  256  258  260  262  264  265
  266  267  267  267  266  264  262  260  257  254  250  246  241  235  229  223
  215  208  196  191  187  178  176  167  161                                   
    75.0-180.0 180.0   5.0 450.0                            LAT/LON1/LON2/DLON/H
  169  162  154  151  147  148  152  157  165  172  179  186  192  197  200  202
  203  201  199  195  190  184  178  173  168  165  164  164  167  172  178  186
  195  204  213  222  229  236  243  248  254  259  263  268  273  278  282  286
  290  293  295  296  297  297  297  296  294  292  289  285  280  275  269  263
  254  245  232  220  212  203  198  185  169                                   
    72.5-180.0 180.0   5.0 450.0                            LAT/LON1/LON2/DLON/H
  177  169  160  153  147  146  148  152  158  165  171  177  183  187  190  192
  192  191  188  184  179  172  166  160  154  151  149  149  153  158  166  175
  185  196  206  216  226  234  241  248  255  261  268  275  283  290  297  303
  309  314  318  320  322  323  323  323  322  320  318  315  311  307  301  295
  287  278  265  252  239  228  221  208  177                                   
    70.0-180.0 180.0   5.0 450.0                            LAT/LON1/LON2/DLON/H
  188  176  165  154  145  141  142  144  149  154  159  165  169  173  175  176
  177  176  174  171  167  161  155  149  144  140  138  139  142  148  157  167
  178  189  200  211  221  229  238  246  254  262  271  281  290  300  309  317
  325  330  334  337  339  339  339  338  337  335  333  331  327  323  318  313
  306  297  286  273  260  249  242  230  188                                   
    67.5-180.0 180.0   5.0 450.0                            LAT/LON1/LON2/DLON/H
  192  180  169  155  144  137  135  135  139  142  147  152  155  157  159  160
  161  161  160  159  157  153  148  144  139  136  135  136  140  146  154  164
  175  186  197  208  217  226  235  244  253  264  275  286  298  309  319  328
  336  341  344  345  345  344  342  340  338  335  333  331  328  324  320  315
  309  302  292  281  270  261  252  243  192                                   
    65.0-180.0 180.0   5.0 450.0                            LAT/LON1/LON2/DLON/H
  195  184  170  154  140  130  125  124  126  129  132  136  139  140  141  142
  143  143  144  145  145  143  141  138  135  133  133  135  139  145  153  163
  174  184  195  205  214  224  234  244  255  268  280  294  307  319  329  338
  344  347  348  347  344  340  336  332  329  326  323  321  318  313  309  304
  299  293  286  278  270  265  257  249  195                                   
    62.5-180.0 180.0   5.0 450.0                            LAT/LON1/LON2/DLON/H
  198  187  173  153  136  122  115  111  112  115  118  121  123  124  124  124
  125  126  128  129  131  131  131  130  129  129  130  133  138  144  152  162
  172  182  192  202  212  222  234  246  260  275  290  304  318  330  340  347
  351  353  351  346  341  334  329  323  319  316  313  310  306  301  295  290
  283  278  273  267  263  261  255  249  198                                   
    60.0-180.0 180.0   5.0 450.0                            LAT/LON1/LON2/DLON/H
  205  194  179  154  134  116  106   99   99  100  102  106  107  108  108  107
  108  109  110  112  114  115  116  117  118  120  123  127  133  140  148  157
  167  178  188  199  210  222  236  251  268  285  302  318  332  343  352  358
  360  360  356  350  342  335  328  322  318  314  311  308  303  296  288  281
  273  266  261  258  257  258  254  246  205                                   
    57.5-180.0 180.0   5.0 450.0                            LAT/LON1/LON2/DLON/H
  219  209  193  163  139  117  102   92   88   87   89   92   94   95   95   94
   94   94   95   96   97   98  100  102  105  109  113  118  125  132  141  151
  162  173  184  196  209  224  240  259  279  299  318  335  349  360  368  372
  374  372  368  361  353  346  339  333  330  327  324  320  314  306  296  285
  274  266  260  256  257  260  257  247  219                                   
    55.0-180.0 180.0   5.0 450.0                            LAT/LON1/LON2/DLON/H
  241  233  215  181  155  127  108   93   85   81   81   83   85   86   87   86
   85   84   84   83   83   83   84   87   91   96  102  108  115  123  133  144
  156  169  182  195  210  227  247  269  292  315  336  354  369  379  386  390
  392  391  387  382  375  368  362  358  355  354  352  348  341  330  317  304
  289  277  269  264  266  270  267  255  241                                   
    52.5-180.0 180.0   5.0 450.0                            LAT/LON1/LON2/DLON/H
  269  261  243  208  180  150  125  104   91   82   80   81   82   83   84   83
   82   80   78   76   74   73   74   77   82   88   95  101  109  117  127  140
  154  168  183  198  214  233  255  280  306  332  355  374  389  399  406  411
  414  414  413  409  404  399  395  392  390  389  387  383  375  364  348  332
  314  299  288  281  281  285  282  269  269                                   
    50.0-180.0 180.0   5.0 450.0                            LAT/LON1/LON2/DLON/H
  297  289  272  237  211  179  152  126  107   93   87   85   86   86   86   86
   84   82   79   76   73   71   71   75   80   87   94  101  108  116  127  140
  156  172  187  203  220  240  264  291  319  348  373  394  409  420  427  433
  437  440  441  440  437  433  429  427  425  424  422  417  409  396  380  362
  342  326  311  301  298  301  297  285  297                                   
    47.5-180.0 180.0   5.0 450.0                            LAT/LON1/LON2/DLON/H
  316  309  293  264  240  211  182  154  130  112  101   97   95   95   95   94
   93   90   87   84   80   78   78   82   88   95  102  108  114  122  133  147
  163  180  196  213  230  249  273  301  332  362  389  412  428  440  448  455
  461  466  468  468  465  461  457  453  451  448  445  439  431  419  403  385
  366  348  332  318  312  312  307  296  316                                   
    45.0-180.0 180.0   5.0 450.0                            LAT/LON1/LON2/DLON/H
  322  314  302  280  261  237  211  182  156  135  121  113  110  108  107  106
  105  103  101   98   95   93   94   97  104  110  116  121  126  134  144  158
  175  192  208  224  240  259  283  311  343  375  404  428  446  459  469  477
  484  490  492  492  487  481  473  467  462  457  452  446  438  427  413  397
  380  364  345  330  319  315  308  299  322                                   
    42.5-180.0 180.0   5.0 450.0                            LAT/LON1/LON2/DLON/H
  311  302  294  282  269  253  232  206  180  158  142  132  127  125  123  121
  120  119  118  117  115  114  115  118  124  130  134  138  142  148  158  172
  188  205  221  236  252  269  292  321  354  388  419  445  465  479  490  500
  508  514  516  513  506  496  485  475  466  459  452  444  436  425  414  400
  386  371  353  336  319  309  300  291  311                                   
    40.0-180.0 180.0   5.0 450.0                            LAT/LON1/LON2/DLON/H
  288  276  272  268  261  253  240  221  198  177  161  151  146  142  140  138
  137  137  138  138  137  136  137  140  144  148  151  153  156  161  171  185
  201  217  233  247  262  280  303  332  366  401  434  463  484  501  514  526
  535  542  544  540  531  518  504  491  479  469  459  450  440  429  418  406
  393  379  360  341  319  301  287  276  288                                   
    37.5-180.0 180.0   5.0 450.0                            LAT/LON1/LON2/DLON/H
  263  246  242  240  240  238  234  223  207  190  177  168  163  160  157  154
  154  155  157  159  159  158  158  159  161  163  163  164  167  172  182  195
  210  226  242  257  273  291  315  345  380  417  452  483  507  527  544  558
  571  581  585  582  573  560  545  530  516  503  491  479  467  454  442  429
  415  400  379  356  328  300  280  262  263                                   
    35.0-180.0 180.0   5.0 450.0                            LAT/LON1/LON2/DLON/H
  248  224  215  211  211  213  216  214  205  195  187  182  178  176  173  171
  171  173  176  178  178  176  173  172  171  171  170  170  173  179  189  202
  216  232  249  265  283  304  330  362  398  437  473  506  533  557  579  600
  619  634  643  644  639  629  615  600  586  571  556  541  526  511  497  480
  464  446  421  392  358  319  290  264  248                                   
    32.5-180.0 180.0   5.0 450.0                            LAT/LON1/LON2/DLON/H
  256  223  204  191  189  189  196  199  198  195  192  191  191  190  189  187
  188  190  193  195  193  188  183  179  176  174  172  172  175  182  192  205
  219  236  254  273  295  320  348  382  419  458  496  531  562  592  621  650
  677  701  718  727  729  724  715  704  690  675  658  641  623  605  586  566
  544  522  492  456  417  367  327  292  256                                   
    30.0-180.0 180.0   5.0 450.0                            LAT/LON1/LON2/DLON/H
  293  250  219  193  183  179  184  190  193  195  197  200  202  203  203  202
  203  206  208  208  204  197  190  183  178  174  171  170  174  182  192  205
  220  237  258  282  308  337  369  404  442  481  519  555  591  628  665  704
  741  775  802  822  833  837  835  829  819  806  789  770  749  728  706  681
  654  627  592  549  504  443  392  349  293                                   
    27.5-180.0 180.0   5.0 450.0                            LAT/LON1/LON2/DLON/H
  359  309  262  223  203  192  191  195  199  203  207  211  213  215  215  216
  217  219  220  218  212  203  194  186  179  173  169  168  172  181  192  205
  221  240  264  293  324  358  392  428  465  503  540  578  618  660  706  754
  802  846  884  914  935  947  953  954  950  940  925  906  885  862  837  809
  778  748  710  659  612  541  479  434  359                                   
    25.0-180.0 180.0   5.0 450.0                            LAT/LON1/LON2/DLON/H
  450  394  334  281  250  231  221  221  222  225  226  228  228  228  227  227
  228  229  228  225  217  208  198  190  182  174  169  167  171  180  192  206
  223  246  274  307  343  380  416  452  488  524  561  599  641  687  739  795
  851  903  949  987 1014 1033 1045 1052 1054 1049 1038 1021 1002  980  956  925
  892  862  824  768  720  644  577  537  450                                   
    22.5-180.0 180.0   5.0 450.0                            LAT/LON1/LON2/DLON/H
  552  489  421  360  320  293  274  266  262  260  256  252  247  242  239  237
  236  236  234  229  221  212  203  195  186  177  170  167  171  181  194  210
  230  256  287  324  364  403  440  476  510  545  581  618  660  709  763  822
  882  938  987 1028 1058 1080 1094 1104 1110 1110 1103 1092 1078 1060 1039 1010
  977  948  912  854  806  733  668  640  552                                   
    20.0-180.0 180.0   5.0 450.0                            LAT/LON1/LON2/DLON/H
  645  575  508  448  400  368  341  326  315  306  294  282  270  259  251  246
  242  240  236  231  224  216  208  200  190  180  171  169  173  184  198  217
  240  269  304  343  383  423  460  495  530  565  600  636  677  724  778  835
  893  947  994 1033 1062 1081 1095 1105 1112 1115 1112 1106 1098 1087 1072 1047
 1017  990  959  902  856  790  735  723  645                                   
    17.5-180.0 180.0   5.0 450.0                            LAT/LON1/LON2/DLON/H
  711  636  577  526  479  445  414  393  375  358  338  317  297  279  265  255
  248  243  238  232  225  218  211  203  194  183  174  170  174  185  202  223
  250  282  319  359  399  438  475  510  546  581  616  652  690  733  781  832
  883  930  971 1003 1025 1040 1051 1059 1065 1069 1070 1069 1067 1064 1055 1037
 1010  987  960  905  863  804  764  769  711                                   
    15.0-180.0 180.0   5.0 450.0                            LAT/LON1/LON2/DLON/H
  737  661  615  578  537  506  476  451  430  407  381  354  326  301  282  267
  255  247  240  233  226  220  213  206  196  184  174  168  171  182  201  226
  257  293  331  371  410  448  484  520  556  593  629  664  698  735  775  815
  855  891  921  943  957  967  974  981  987  992  997 1001 1006 1009 1007  995
  973  950  924  871  832  781  754  773  737                                   
    12.5-180.0 180.0   5.0 450.0                            LAT/LON1/LON2/DLON/H
  728  655  625  601  568  541  513  488  466  443  415  385  353  325  301  282
  266  254  244  236  229  222  215  207  196  183  169  161  163  174  195  225
  260  300  341  380  417  453  488  524  561  599  635  669  701  732  762  791
  818  841  859  871  878  883  890  898  907  914  922  931  942  950  954  946
  927  903  874  821  782  738  718  747  728                                   
    10.0-180.0 180.0   5.0 450.0                            LAT/LON1/LON2/DLON/H
  701  637  621  608  582  558  531  505  484  461  435  405  374  345  320  299
  280  265  253  243  235  227  218  207  192  175  160  152  153  166  189  222
  262  305  347  386  421  455  488  524  561  599  636  670  700  726  749  769
  785  798  806  812  816  821  830  841  852  862  872  883  896  909  915  910
  892  866  832  776  737  696  679  711  701                                   
     7.5-180.0 180.0   5.0 450.0                            LAT/LON1/LON2/DLON/H
  676  625  620  612  592  570  542  514  491  469  445  417  387  360  336  314
  296  279  266  255  245  233  219  202  183  166  152  145  147  160  184  219
