data/edconvlstm_nd/pred1410.15i
     1.0            IONOSPHERE MAPS     GNSS                IONEX VERSION / TYPE
pyspatialgeodesy        IME             05-JAN-18 20:20     PGM / RUN BY / DATE 
Map Name                                                    COMMENT             
Predicted global ionosphere maps (GIM).                     DESCRIPTION         
  2015     5    21     0     0     0                        EPOCH OF FIRST MAP  
  2015     5    22     0     0     0                        EPOCH OF LAST MAP   
  7200                                                      INTERVAL            
    13                                                      # OF MAPS IN FILE   
  NONE                                                      MAPPING FUNCTION    
10.0                                                        ELEVATION CUTOFF    
One-way carrier phase leveled to code                       OBSERVABLES USED    
  6371.0                                                    BASE RADIUS         
 2                                                          MAP DIMENSION       
   450.0 450.0   0.0                                        HGT1 / HGT2 / DHGT  
    87.5 -87.5  -2.5                                        LAT1 / LAT2 / DLAT  
  -180.0 180.0   5.0                                        LON1 / LON2 / DLON  
    -1                                                      EXPONENT            
                                                            END OF HEADER       
[from data line 3003]
     8                                                      START OF TEC MAP    
  2015     5    21    14     0     0                        EPOCH OF CURRENT MAP
    87.5-180.0 180.0   5.0 450.0                            LAT/LON1/LON2/DLON/H
  177  178  174  181  184  184  184  183  184  185  185  185  184  184  184  183
  183  182  182  181  180  180  179  178  177  176  175  174  173  172  170  169
  168  167  166  166  165  164  164  164  164  164  164  164  164  165  165  165
  166  166  166  167  167  167  167  167  167  168  168  168  168  169  169  170
  170  171  171  171  179  179  182  176  177                                   
    85.0-180.0 180.0   5.0 450.0                            LAT/LON1/LON2/DLON/H
  175  182  192  187  188  192  192  194  195  195  195  195  194  194  194  193
  192  192  191  190  190  189  188  187  186  185  184  182  181  180  178  177
  176  174  173  172  171  170  170  170  170  170  170  171  171  172  173  173
  174  174  175  175  175  175  175  175  175  175  175  176  176  176  176  177
  178  180  177  177  179  177  181  182  175                                   
    82.5-180.0 180.0   5.0 450.0                            LAT/LON1/LON2/DLON/H
  162  182  185  182  184  189  190  192  192  192  192  192  192  191  191  190
  190  189  189  189  188  188  187  187  186  185  184  182  181  179  177  176
  174  172  170  169  168  167  166  166  166  166  167  168  169  170  171  172
  173  174  174  175  175  175  174  174  173  172  171  171  170  170  169  169
  170  171  169  172  172  180  179  167  162                                   
    80.0-180.0 180.0   5.0 450.0                            LAT/LON1/LON2/DLON/H
  160  175  180  179  180  183  184  188  188  189  189  189  188  188  187  187
  187  187  187  186  186  186  186  186  186  185  184  183  181  180  178  176
  173  171  169  167  166  164  164  163  164  164  166  167  169  171  172  174
  175  176  177  177  177  177  176  174  173  171  169  167  166  164  163  163
  163  163  162  164  163  166  171  159  160                                   
    77.5-180.0 180.0   5.0 450.0                            LAT/LON1/LON2/DLON/H
  161  170  174  174  176  179  180  182  182  182  182  181  181  180  180  180
  180  181  181  182  183  184  185  185  186  186  186  186  185  184  183  181
  179  177  176  174  172  170  169  169  169  170  172  174  176  179  181  183
  185  186  187  187  187  185  184  181  179  175  172  169  165  162  160  158
  157  156  154  156  159  158  162  156  161                                   
    75.0-180.0 180.0   5.0 450.0                            LAT/LON1/LON2/DLON/H
  152  161  162  164  167  171  172  173  174  175  174  173  173  172  172  172
  173  174  175  177  179  181  182  184  186  187  188  189  189  189  189  189
  188  187  185  183  182  180  179  179  179  180  181  183  186  189  191  193
  195  196  197  197  196  194  192  189  185  181  176  171  166  161  157  154
  151  150  148  146  149  150  154  142  152                                   
    72.5-180.0 180.0   5.0 450.0                            LAT/LON1/LON2/DLON/H
  142  152  153  157  159  164  166  167  167  167  166  165  165  164  164  164
  165  167  169  172  175  177  180  183  185  187  189  191  192  194  196  197
  198  198  198  197  195  194  193  192  192  192  194  195  198  200  202  204
  206  206  206  206  204  202  200  196  192  188  182  176  170  164  159  154
  150  147  144  141  141  142  146  140  142                                   
    70.0-180.0 180.0   5.0 450.0                            LAT/LON1/LON2/DLON/H
  134  141  143  147  149  154  156  158  159  159  159  158  157  157  156  157
  158  160  163  167  170  174  177  180  182  185  187  189  192  196  199  202
  205  207  208  208  207  206  204  203  203  203  204  205  207  208  210  211
  211  210  210  209  207  205  203  200  197  192  187  181  174  167  161  155
  149  145  140  136  136  137  141  135  134                                   
    67.5-180.0 180.0   5.0 450.0                            LAT/LON1/LON2/DLON/H
  126  133  135  139  143  148  151  154  156  156  156  156  156  155  155  156
  157  160  163  167  171  174  178  180  182  184  186  188  192  196  201  206
  210  213  215  217  217  216  215  214  214  214  214  215  215  216  216  215
  214  212  211  209  208  207  205  204  202  199  195  190  183  176  169  162
  155  149  143  137  133  133  135  130  126                                   
    65.0-180.0 180.0   5.0 450.0                            LAT/LON1/LON2/DLON/H
  118  124  125  130  134  140  144  147  150  152  153  154  154  154  155  155
  157  159  163  167  171  174  177  179  180  181  183  185  189  193  199  205
  211  216  219  221  223  223  223  222  222  222  222  222  221  220  219  216
  214  211  208  206  205  205  206  206  206  205  202  198  192  185  177  170
  161  154  146  139  134  132  134  129  118                                   
    62.5-180.0 180.0   5.0 450.0                            LAT/LON1/LON2/DLON/H
  112  116  117  121  125  132  137  141  145  148  150  152  154  155  156  158
  159  161  164  168  172  175  177  179  179  180  180  182  185  190  197  203
  209  215  219  222  224  225  226  227  228  228  228  227  226  223  220  216
  212  209  206  204  204  205  207  209  211  212  210  207  202  195  187  179
  170  161  153  144  137  132  132  128  112                                   
    60.0-180.0 180.0   5.0 450.0                            LAT/LON1/LON2/DLON/H
  108  109  109  113  116  124  129  134  138  142  145  149  153  156  158  160
  162  164  166  169  172  175  177  178  178  178  178  180  183  188  194  201
  207  213  217  221  224  226  228  230  231  232  232  232  230  226  222  218
  213  209  206  205  206  208  211  215  218  220  219  217  212  205  197  188
  178  169  159  149  141  133  133  127  108                                   
    57.5-180.0 180.0   5.0 450.0                            LAT/LON1/LON2/DLON/H
  107  105  104  107  110  117  123  127  132  136  141  146  151  156  160  163
  165  167  168  170  172  174  176  177  177  178  179  181  184  189  195  202
  207  212  217  220  224  227  230  233  235  237  238  237  235  232  228  223
  219  215  213  212  213  216  220  224  227  229  229  227  222  214  206  197
  186  177  167  156  147  138  136  130  107                                   
    55.0-180.0 180.0   5.0 450.0                            LAT/LON1/LON2/DLON/H
  110  105  103  105  106  114  119  123  127  131  136  142  148  155  161  166
  169  171  171  171  172  173  174  176  178  179  181  184  188  194  200  205
  210  215  218  221  225  228  232  236  239  242  243  243  242  239  236  232
  229  226  224  223  224  227  231  234  237  239  238  235  230  222  214  204
  194  184  174  164  154  144  141  135  110                                   
    52.5-180.0 180.0   5.0 450.0                            LAT/LON1/LON2/DLON/H
  116  110  107  107  108  115  119  122  125  128  133  139  147  155  163  170
  174  175  175  174  173  173  174  176  179  182  186  191  196  201  207  212
  217  220  223  226  229  233  237  241  245  248  250  251  250  249  246  244
  242  239  238  237  237  239  241  244  246  246  244  241  236  228  220  210
  200  190  180  171  162  152  149  143  116                                   
    50.0-180.0 180.0   5.0 450.0                            LAT/LON1/LON2/DLON/H
  125  118  115  114  113  120  123  125  127  129  133  139  147  156  166  174
  180  182  182  179  177  175  176  179  183  188  193  199  205  211  217  222
  226  229  232  235  238  242  246  250  254  258  260  261  261  260  259  257
  255  253  251  249  248  248  249  250  250  250  248  244  239  232  224  215
  204  196  186  178  170  161  158  152  125                                   
    47.5-180.0 180.0   5.0 450.0                            LAT/LON1/LON2/DLON/H
  135  130  125  125  123  128  131  132  133  135  138  143  151  161  171  181
  189  192  192  188  185  182  183  185  190  196  202  209  215  222  228  233
  237  241  245  248  252  255  259  263  267  271  273  274  273  272  271  270
  268  265  262  258  255  253  251  251  250  249  247  245  240  234  227  218
  208  200  191  183  177  170  166  161  135                                   
    45.0-180.0 180.0   5.0 450.0                            LAT/LON1/LON2/DLON/H
  145  141  135  136  134  139  141  141  143  144  146  151  158  168  179  190
  199  204  204  201  197  193  193  196  201  207  213  219  226  232  238  244
  250  255  260  265  270  274  278  282  286  289  290  290  289  286  283  281
  277  273  267  261  256  251  248  246  245  244  243  242  240  236  229  221
  211  203  194  187  182  177  173  168  145                                   
    42.5-180.0 180.0   5.0 450.0                            LAT/LON1/LON2/DLON/H
  151  151  144  146  144  148  150  151  154  156  158  162  168  177  188  200
  211  217  218  216  211  208  207  209  214  219  225  230  236  242  248  255
  263  271  278  286  292  297  302  306  310  313  313  311  307  302  296  291
  285  278  270  261  253  246  242  239  238  238  238  239  239  237  232  224
  214  206  197  190  185  181  177  172  151                                   
    40.0-180.0 180.0   5.0 450.0                            LAT/LON1/LON2/DLON/H
  154  156  149  152  150  154  156  159  163  167  171  175  180  188  198  211
  222  230  233  231  227  224  223  225  228  233  236  240  245  250  257  266
  276  288  299  310  319  326  331  336  341  343  342  338  330  320  310  302
  293  284  273  261  251  243  237  234  232  233  234  237  239  239  236  229
  218  209  199  192  188  183  178  172  154                                   
    37.5-180.0 180.0   5.0 450.0                            LAT/LON1/LON2/DLON/H
  155  158  151  153  152  154  157  162  169  176  181  186  191  199  209  221
  233  241  245  244  241  239  238  240  243  246  249  251  254  260  268  278
  291  307  322  337  349  359  366  373  378  380  377  369  356  342  328  316
  305  294  281  268  256  246  239  235  232  232  233  237  241  243  241  235
  224  215  204  196  190  184  179  171  155                                   
    35.0-180.0 180.0   5.0 450.0                            LAT/LON1/LON2/DLON/H
  154  158  149  149  147  148  152  158  168  179  188  196  202  209  218  230
  242  251  256  256  254  252  253  255  258  260  261  263  266  271  280  293
  310  329  349  367  383  395  405  414  420  421  417  404  387  369  352  338
  326  313  300  286  273  262  252  245  240  237  238  242  246  249  248  243
  233  223  211  201  194  186  181  171  154                                   
    32.5-180.0 180.0   5.0 450.0                            LAT/LON1/LON2/DLON/H
  154  157  147  145  140  138  141  148  160  175  189  200  209  217  227  239
  250  260  264  265  264  264  266  269  272  273  274  276  279  286  297  313
  333  356  380  402  420  435  447  457  464  464  457  442  422  400  382  369
  357  346  334  320  305  292  279  267  257  251  249  251  255  258  258  253
  243  234  221  211  202  192  185  173  154                                   
    30.0-180.0 180.0   5.0 450.0                            LAT/LON1/LON2/DLON/H
  158  159  147  142  134  129  129  135  148  165  183  199  212  223  234  247
  258  267  272  273  272  274  277  281  285  287  289  292  297  307  320  339
  362  388  415  439  460  476  489  499  506  506  497  480  458  437  421  410
  402  393  382  368  352  335  318  300  283  271  264  263  265  267  267  263
  255  246  234  223  213  202  192  179  158                                   
    27.5-180.0 180.0   5.0 450.0                            LAT/LON1/LON2/DLON/H
  166  166  151  144  132  124  121  124  135  152  172  193  210  225  240  253
  265  274  278  280  280  283  287  293  298  302  306  311  320  332  349  371
  396  425  453  479  500  516  528  537  543  541  532  515  496  478  465  459
  455  450  440  426  409  387  363  338  314  294  281  276  275  276  275  272
  265  258  246  237  226  214  203  189  166                                   
    25.0-180.0 180.0   5.0 450.0                            LAT/LON1/LON2/DLON/H
  178  177  160  151  138  126  120  118  126  141  161  184  205  225  243  259
  272  281  286  287  288  292  298  305  311  318  324  334  346  363  383  407
  435  464  493  518  537  552  562  569  572  570  561  547  532  519  512  511
  512  510  501  487  465  439  408  374  342  316  297  287  283  281  280  277
  271  266  257  249  239  227  216  202  178                                   
    22.5-180.0 180.0   5.0 450.0                            LAT/LON1/LON2/DLON/H
  191  191  174  163  149  135  126  120  123  134  152  175  199  223  244  263
  278  288  293  295  296  301  308  317  325  334  345  358  375  395  419  445
  473  503  530  553  570  582  589  593  594  592  585  575  565  559  558  562
  566  565  556  539  513  481  443  403  365  333  310  296  288  284  282  279
  274  271  264  258  249  239  227  214  191                                   
    20.0-180.0 180.0   5.0 450.0                            LAT/LON1/LON2/DLON/H
  203  203  188  178  164  150  139  129  126  132  147  168  193  219  244  265
  283  294  300  303  305  310  318  328  340  352  366  384  405  428  454  481
  509  537  562  582  596  605  609  611  611  609  605  600  596  595  599  606
  610  608  596  575  545  507  465  421  381  347  323  306  295  288  283  278
  274  271  266  262  254  245  234  223  203                                   
    17.5-180.0 180.0   5.0 450.0                            LAT/LON1/LON2/DLON/H
  209  211  199  190  178  165  153  141  133  135  144  163  187  215  242  266
  286  300  307  310  313  319  328  340  354  370  388  409  433  459  486  512
  539  564  586  604  616  623  626  626  626  625  624  623  624  627  633  639
  640  634  618  592  558  517  472  429  390  359  335  318  304  294  286  278
  272  268  263  259  252  244  235  225  209                                   
    15.0-180.0 180.0   5.0 450.0                            LAT/LON1/LON2/DLON/H
  209  212  204  196  187  176  166  153  142  139  144  159  182  209  238  265
  287  304  313  318  322  328  338  353  369  388  409  433  459  485  512  538
  562  584  604  619  631  637  640  641  642  642  644  645  648  652  656  658
  654  641  619  589  552  510  468  428  395  368  348  331  316  302  290  279
  270  264  257  253  246  238  231  220  209                                   
    12.5-180.0 180.0   5.0 450.0                            LAT/LON1/LON2/DLON/H
  204  206  200  195  188  180  173  161  149  143  144  156  176  203  233  262
  287  306  318  324  330  337  349  365  384  406  430  455  481  507  533  557
  579  599  617  631  643  651  655  657  659  661  663  665  667  668  667  662
  650  631  604  570  532  492  454  420  394  375  359  344  328  312  297  282
  268  259  251  245  237  228  222  210  204                                   
    10.0-180.0 180.0   5.0 450.0                            LAT/LON1/LON2/DLON/H
  196  197  192  187  183  177  173  163  152  145  143  152  170  196  226  257
  284  306  321  330  337  346  359  378  400  424  449  474  500  526  551  574
  594  612  627  642  654  663  669  673  676  678  680  680  677  672  664  651
  633  609  578  543  505  468  435  409  391  379  369  356  340  321  303  284
  268  257  246  238  227  217  211  198  196                                   
     7.5-180.0 180.0   5.0 450.0                            LAT/LON1/LON2/DLON/H
  187  186  180  175  172  168  167  159  150  143  141  148  164  189  219  251
  281  305  323  335  345  355  371  391  415  441  467  493  518  544  568  589
