data/edconvlstm_nd/pred2530.15i
     1.0            IONOSPHERE MAPS     GNSS                IONEX VERSION / TYPE
pyspatialgeodesy        IME             05-JAN-18 20:20     PGM / RUN BY / DATE 
Map Name                                                    COMMENT             
Predicted global ionosphere maps (GIM).                     DESCRIPTION         
  2015     9    10     0     0     0                        EPOCH OF FIRST MAP  
  2015     9    11     0     0     0                        EPOCH OF LAST MAP   
  7200                                                      INTERVAL            
    13                                                      # OF MAPS IN FILE   
  NONE                                                      MAPPING FUNCTION    
10.0                                                        ELEVATION CUTOFF    
One-way carrier phase leveled to code                       OBSERVABLES USED    
  6371.0                                                    BASE RADIUS         
 2                                                          MAP DIMENSION       
   450.0 450.0   0.0                                        HGT1 / HGT2 / DHGT  
    87.5 -87.5  -2.5                                        LAT1 / LAT2 / DLAT  
  -180.0 180.0   5.0                                        LON1 / LON2 / DLON  
    -1                                                      EXPONENT            
                                                            END OF HEADER       
[from data line 3861]
    10                                                      START OF TEC MAP    
  2015     9    10    18     0     0                        EPOCH OF CURRENT MAP
    87.5-180.0 180.0   5.0 450.0                            LAT/LON1/LON2/DLON/H
   93   93   87   91   95   94   94   91   92   95   94   96   96   97   98   99
   99  100  100  100  100  100  100   99   99   98   98   97   96   95   94   94
   93   92   92   91   91   90   90   89   89   88   88   88   87   87   86   86
   85   85   84   84   84   83   83   83   82   82   82   82   82   82   83   82
   83   83   81   80   88   86  102  103   93                                   
    85.0-180.0 180.0   5.0 450.0                            LAT/LON1/LON2/DLON/H
   95   91  100   86   85   90   90   92   93   95   95   96   97   98   99  100
  101  102  102  102  102  102  102  101  101  100   99   98   97   96   95   94
   94   93   92   92   91   90   90   89   89   88   88   87   86   86   85   84
   83   82   82   81   80   80   79   79   78   78   77   77   77   78   78   78
   79   79   76   73   77   78   86   88   95                                   
    82.5-180.0 180.0   5.0 450.0                            LAT/LON1/LON2/DLON/H
   78   80   83   77   78   83   86   86   86   88   89   91   92   93   95   96
   97   99   99  100  100  101  100  100   99   98   97   95   94   93   92   91
   90   90   89   88   88   88   87   86   86   85   84   83   83   82   80   79
   78   77   76   75   74   73   72   71   71   70   69   69   69   69   69   69
   71   71   69   69   74   83   79   78   78                                   
    80.0-180.0 180.0   5.0 450.0                            LAT/LON1/LON2/DLON/H
   68   70   78   73   73   74   79   81   82   85   86   88   90   92   94   96
   98   99  101  102  102  102  102  101   99   97   95   93   91   90   88   87
   86   85   85   85   84   84   84   83   82   81   80   79   78   77   76   75
   74   73   72   70   69   68   67   65   64   63   63   62   62   62   63   63
   65   65   65   67   68   73   73   79   68                                   
    77.5-180.0 180.0   5.0 450.0                            LAT/LON1/LON2/DLON/H
   76   74   78   74   75   77   81   82   83   84   84   87   89   91   94   97
  100  102  104  106  107  108  107  106  104  101   99   96   93   91   89   87
   87   86   86   86   86   86   86   85   83   82   80   79   77   76   75   74
   73   72   71   70   69   68   66   65   64   62   62   61   61   61   62   62
   64   65   67   69   72   73   76   81   76                                   
    75.0-180.0 180.0   5.0 450.0                            LAT/LON1/LON2/DLON/H
   74   75   77   75   76   78   80   81   82   84   84   87   88   91   94   97
  101  104  107  110  111  112  111  110  108  104  101   97   94   91   89   88
   88   88   88   89   89   89   89   88   86   84   81   79   78   76   75   75
   75   74   74   74   73   72   70   69   67   66   65   64   63   63   64   66
   67   69   71   71   74   74   74   71   74                                   
    72.5-180.0 180.0   5.0 450.0                            LAT/LON1/LON2/DLON/H
   75   76   77   78   76   78   80   80   79   79   79   81   82   85   88   91
   95  100  103  107  109  110  110  108  106  102   98   93   90   86   84   83
   83   84   84   85   86   86   84   82   79   76   73   70   68   67   66   67
   67   68   69   69   69   69   68   66   65   63   62   62   61   61   62   63
   65   67   69   68   70   72   73   75   75                                   
    70.0-180.0 180.0   5.0 450.0                            LAT/LON1/LON2/DLON/H
   75   75   76   77   75   76   76   77   77   77   77   78   79   82   84   88
   92   96  101  105  107  109  109  107  104  101   96   92   88   84   82   81
   81   82   83   84   85   84   82   79   75   70   66   62   60   59   59   60
   61   64   65   67   67   67   66   65   64   63   62   61   61   61   62   63
   64   65   68   68   70   72   75   77   75                                   
    67.5-180.0 180.0   5.0 450.0                            LAT/LON1/LON2/DLON/H
   75   75   76   78   77   79   80   81   80   80   80   81   82   84   86   89
   93   97  102  106  109  111  111  109  106  102   97   92   88   85   82   81
   81   82   83   83   83   81   78   74   69   63   58   53   50   49   50   51
   54   57   60   62   63   63   63   62   61   61   61   61   61   61   62   63
   64   65   66   66   66   69   70   72   75                                   
    65.0-180.0 180.0   5.0 450.0                            LAT/LON1/LON2/DLON/H
   71   72   73   77   76   78   80   81   82   83   83   84   85   86   88   91
   94   98  103  107  110  112  112  110  107  103   98   94   89   86   84   82
   82   82   82   82   81   78   74   69   63   57   51   46   42   41   41   43
   46   49   52   55   56   56   56   56   56   56   56   56   57   58   58   59
   59   60   62   63   65   68   69   71   71                                   
    62.5-180.0 180.0   5.0 450.0                            LAT/LON1/LON2/DLON/H
   67   70   71   75   75   78   80   82   84   86   87   89   90   92   94   96
   99  103  107  111  114  115  115  113  109  105  101   97   93   90   87   85
   84   83   82   81   78   75   71   65   59   52   46   41   37   35   35   37
   39   42   44   46   48   48   48   48   48   49   50   51   52   53   53   54
   53   54   56   57   59   62   63   65   67                                   
    60.0-180.0 180.0   5.0 450.0                            LAT/LON1/LON2/DLON/H
   63   66   68   72   72   76   79   81   84   87   90   93   95   97   99  101
  104  108  111  115  117  118  117  115  111  107  103  100   97   94   91   89
   87   85   83   80   77   73   69   63   57   51   45   40   36   34   33   33
   34   36   37   38   39   39   39   39   40   41   42   44   45   46   46   46
   46   46   48   50   53   56   59   62   63                                   
    57.5-180.0 180.0   5.0 450.0                            LAT/LON1/LON2/DLON/H
   59   63   66   70   71   75   78   81   84   88   91   96   99  102  105  107
  110  114  117  120  122  122  120  117  113  110  107  104  102  100   97   95
   92   88   85   82   78   74   70   66   61   56   51   46   42   38   36   34
   34   33   33   33   33   33   33   33   34   36   38   39   40   41   41   41
   40   40   42   44   48   52   55   58   59                                   
    55.0-180.0 180.0   5.0 450.0                            LAT/LON1/LON2/DLON/H
   57   62   66   69   71   75   78   81   84   88   92   97  101  105  109  112
  115  118  122  125  126  125  122  118  114  111  108  107  106  104  102   99
   96   92   88   84   81   77   74   71   68   64   60   56   51   47   42   39
   36   34   32   31   30   30   30   31   32   34   35   37   38   38   38   37
   36   36   38   39   44   48   52   55   57                                   
    52.5-180.0 180.0   5.0 450.0                            LAT/LON1/LON2/DLON/H
   55   62   66   70   72   77   80   82   84   88   91   96  101  106  110  113
  117  120  124  126  127  125  122  117  113  110  108  108  108  107  105  103
   99   95   91   88   85   83   81   79   77   75   72   69   64   58   52   47
   42   38   35   33   32   32   32   33   34   36   37   38   38   38   38   37
   36   36   37   38   43   47   50   54   55                                   
    50.0-180.0 180.0   5.0 450.0                            LAT/LON1/LON2/DLON/H
   56   64   68   73   76   83   85   87   88   90   93   97  102  106  110  113
  116  120  123  126  126  124  120  115  111  108  107  107  108  108  106  104
  101   98   95   93   91   90   89   88   88   87   85   82   77   71   64   57
   51   45   41   39   38   38   39   40   41   42   42   42   42   42   41   41
   40   40   41   41   45   47   50   53   56                                   
    47.5-180.0 180.0   5.0 450.0                            LAT/LON1/LON2/DLON/H
   57   66   71   77   82   90   93   95   96   97   98  101  104  107  110  113
  116  119  122  124  124  121  117  112  108  106  106  106  107  107  106  104
  102  100   99   99   99   99   99   99   98   98   96   94   89   83   76   68
   61   56   52   50   49   50   51   52   52   52   52   51   50   49   49   49
   49   49   49   47   50   50   52   54   57                                   
    45.0-180.0 180.0   5.0 450.0                            LAT/LON1/LON2/DLON/H
   60   69   75   83   90  100  104  107  107  108  108  109  110  111  113  114
  116  118  121  122  122  119  115  110  107  106  105  106  106  106  105  104
  103  103  104  106  108  110  110  109  109  107  106  103   99   93   87   80
   73   68   65   63   63   64   65   66   66   65   63   62   60   60   60   61
   61   61   60   57   57   55   55   56   60                                   
    42.5-180.0 180.0   5.0 450.0                            LAT/LON1/LON2/DLON/H
   64   73   79   88   98  110  115  120  121  123  121  121  120  120  119  119
  119  120  122  122  121  118  115  111  109  108  108  108  107  106  105  105
  105  108  112  116  120  122  122  121  118  116  114  111  107  102   97   91
   86   81   78   77   77   78   79   79   79   77   75   73   72   72   73   75
   75   75   73   68   66   62   60   61   64                                   
    40.0-180.0 180.0   5.0 450.0                            LAT/LON1/LON2/DLON/H
   68   77   84   94  105  118  125  132  136  138  138  137  134  132  129  128
  126  126  125  125  123  121  117  115  113  113  113  112  111  109  108  108
  111  115  122  129  134  137  136  133  129  124  121  118  114  110  106  101
   97   93   90   89   89   90   90   90   89   87   85   83   83   83   85   88
   89   89   87   80   76   70   65   67   68                                   
    37.5-180.0 180.0   5.0 450.0                            LAT/LON1/LON2/DLON/H
   73   82   88   98  110  124  133  142  148  153  153  152  149  146  142  139
  136  134  132  130  128  126  123  121  121  121  120  119  117  115  114  115
  119  126  135  144  150  153  151  146  140  134  129  125  122  118  115  111
  107  103  100   99   98   98   98   97   95   93   91   91   91   93   95   99
  100  100   98   91   85   78   72   74   73                                   
    35.0-180.0 180.0   5.0 450.0                            LAT/LON1/LON2/DLON/H
   79   87   93  101  113  126  137  147  156  163  165  166  163  159  155  151
  147  143  140  138  135  133  131  130  130  130  130  128  126  124  124  127
  133  141  151  161  168  170  167  160  152  144  138  134  130  127  123  120
  116  111  108  105  104  103  102  100   98   96   95   95   97   99  102  106
  107  108  106  100   93   86   80   83   79                                   
    32.5-180.0 180.0   5.0 450.0                            LAT/LON1/LON2/DLON/H
   87   95  100  105  114  126  136  148  159  168  173  175  174  171  166  161
  157  152  148  145  143  140  139  139  139  140  140  139  137  136  138  143
  151  161  171  180  187  188  183  175  165  156  149  143  139  135  131  127
  122  117  112  109  107  106  104  102   99   97   96   97  100  102  106  109
  110  112  111  106   99   93   89   93   87                                   
    30.0-180.0 180.0   5.0 450.0                            LAT/LON1/LON2/DLON/H
   97  104  109  110  117  126  135  146  158  168  176  180  180  178  174  170
  165  160  156  152  150  148  147  147  148  149  150  149  149  151  156  163
  173  183  193  201  206  204  198  188  177  168  160  153  147  142  137  132
  126  120  114  111  109  108  107  104  101   98   97   99  101  104  107  109
  111  113  114  110  105  100   99  103   97                                   
    27.5-180.0 180.0   5.0 450.0                            LAT/LON1/LON2/DLON/H
  109  115  121  119  123  129  135  144  156  167  175  181  183  183  180  175
  170  165  161  158  156  155  154  154  155  157  158  160  163  168  176  187
  198  209  217  223  224  221  212  201  189  179  170  162  155  149  142  136
  129  122  116  113  111  111  111  109  105  101  100  101  103  105  107  109
  109  112  114  113  110  107  109  113  109                                   
    25.0-180.0 180.0   5.0 450.0                            LAT/LON1/LON2/DLON/H
  122  128  133  130  133  137  141  148  157  167  175  182  185  186  184  180
  175  170  166  164  162  162  161  161  162  164  167  171  178  186  198  212
  225  236  243  246  244  237  226  213  200  189  179  170  162  154  147  140
  132  125  119  116  116  118  118  116  111  107  104  104  105  107  108  109
  108  112  114  114  114  113  117  122  122                                   
    22.5-180.0 180.0   5.0 450.0                            LAT/LON1/LON2/DLON/H
  135  140  146  145  148  151  153  157  164  172  179  185  189  190  189  185
  181  176  173  171  170  169  168  168  169  172  177  184  194  206  222  238
  253  264  269  269  264  254  240  225  211  199  188  178  169  160  152  145
  137  130  125  123  124  126  127  125  120  114  109  107  108  109  110  110
  109  112  114  116  116  118  123  128  135                                   
    20.0-180.0 180.0   5.0 450.0                            LAT/LON1/LON2/DLON/H
  145  150  159  160  165  169  171  173  177  183  189  194  198  199  198  195
  191  187  184  182  181  180  179  178  179  183  190  200  213  228  247  265
  281  292  296  294  286  273  257  241  225  212  200  188  178  169  161  153
  146  139  133  132  133  136  138  135  129  121  114  111  111  112  112  112
  110  113  114  116  118  120  124  131  145                                   
    17.5-180.0 180.0   5.0 450.0                            LAT/LON1/LON2/DLON/H
  151  158  169  175  183  190  193  194  196  201  205  210  213  214  213  211
  208  204  201  199  197  195  193  192  194  199  208  220  235  253  273  292
  309  319  323  319  310  296  278  260  243  228  214  202  191  181  173  166
  158  150  145  142  144  146  147  144  137  127  119  115  114  115  115  115
  113  115  115  116  117  118  121  130  151                                   
    15.0-180.0 180.0   5.0 450.0                            LAT/LON1/LON2/DLON/H
  153  162  176  187  199  209  215  217  219  222  225  230  234  236  236  235
  233  230  227  224  220  217  214  213  214  221  231  245  262  280  299  319
  335  345  349  345  336  322  304  285  267  250  234  220  208  198  190  181
  173  164  157  153  152  153  153  149  141  132  123  118  116  117  118  118
  116  117  115  115  115  114  114  126  153                                   
    12.5-180.0 180.0   5.0 450.0                            LAT/LON1/LON2/DLON/H
  150  163  180  195  211  225  234  238  241  245  249  254  259  263  265  266
  266  264  261  257  251  245  241  239  241  248  260  275  291  309  326  344
  358  368  372  370  362  350  334  315  295  276  259  243  230  218  208  198
  187  176  166  159  156  155  153  149  142  133  124  119  118  119  120  121
  118  118  114  113  110  107  105  118  150                                   
    10.0-180.0 180.0   5.0 450.0                            LAT/LON1/LON2/DLON/H
  146  162  181  200  218  235  248  255  260  266  271  278  286  292  297  301
  303  304  301  295  287  279  273  270  273  280  293  307  323  338  352  367
  379  389  394  393  388  378  364  346  326  305  286  268  252  237  224  211
  197  182  170  160  153  149  146  142  137  129  123  118  117  119  121  121
  118  117  112  108  104  100   94  109  146                                   
     7.5-180.0 180.0   5.0 450.0                            LAT/LON1/LON2/DLON/H
  141  161  181  203  223  242  258  268  276  283  290  300  309  319  328  335
  341  343  340  334  324  314  307  304  307  315  327  341  354  366  377  387
