data/edconvlstm_nd/pred1240.15i
     1.0            IONOSPHERE MAPS     GNSS                IONEX VERSION / TYPE
pyspatialgeodesy        IME             05-JAN-18 20:20     PGM / RUN BY / DATE 
Map Name                                                    COMMENT             
Predicted global ionosphere maps (GIM).                     DESCRIPTION         
  2015     5     4     0     0     0                        EPOCH OF FIRST MAP  
  2015     5     5     0     0     0                        EPOCH OF LAST MAP   
  7200                                                      INTERVAL            
    13                                                      # OF MAPS IN FILE   
  NONE                                                      MAPPING FUNCTION    
10.0                                                        ELEVATION CUTOFF    
One-way carrier phase leveled to code                       OBSERVABLES USED    
  6371.0                                                    BASE RADIUS         
 2                                                          MAP DIMENSION       
   450.0 450.0   0.0                                        HGT1 / HGT2 / DHGT  
    87.5 -87.5  -2.5                                        LAT1 / LAT2 / DLAT  
  -180.0 180.0   5.0                                        LON1 / LON2 / DLON  
    -1                                                      EXPONENT            
                                                            END OF HEADER       
[from data line 2574]
     7                                                      START OF TEC MAP    
  2015     5     4    12     0     0                        EPOCH OF CURRENT MAP
    87.5-180.0 180.0   5.0 450.0                            LAT/LON1/LON2/DLON/H
  160  161  157  165  168  169  169  168  170  171  171  171  171  170  170  169
  169  168  167  167  167  166  166  166  166  166  166  166  166  167  167  166
  166  166  166  165  164  164  163  162  161  160  159  158  157  156  155  154
  154  153  153  152  151  151  150  150  149  148  148  147  147  147  146  146
  147  148  148  147  153  153  160  161  160                                   
    85.0-180.0 180.0   5.0 450.0                            LAT/LON1/LON2/DLON/H
  151  157  168  168  169  174  176  178  179  180  179  179  179  178  177  176
  175  174  174  174  173  173  173  174  174  174  175  176  176  177  177  177
  177  177  177  176  175  174  173  172  170  169  167  166  165  164  163  162
  161  160  159  158  158  157  156  155  154  153  152  151  150  149  148  148
  150  151  148  148  148  150  155  161  151                                   
    82.5-180.0 180.0   5.0 450.0                            LAT/LON1/LON2/DLON/H
  137  154  159  160  163  170  174  177  178  179  178  178  177  176  174  173
  171  170  170  170  170  170  171  172  174  176  177  179  181  182  184  184
  185  185  185  184  183  181  180  177  175  173  171  169  167  165  164  162
  161  160  159  157  156  154  153  151  148  146  144  142  140  138  136  135
  135  135  132  134  135  144  145  141  137                                   
    80.0-180.0 180.0   5.0 450.0                            LAT/LON1/LON2/DLON/H
  131  146  153  157  161  167  171  176  178  179  178  177  174  172  169  167
  164  163  162  161  162  163  164  166  169  172  175  178  181  184  186  188
  189  190  190  190  188  187  185  183  180  178  176  174  172  171  169  168
  168  167  166  165  164  162  160  158  155  151  148  144  140  137  133  131
  129  127  124  125  124  130  136  131  131                                   
    77.5-180.0 180.0   5.0 450.0                            LAT/LON1/LON2/DLON/H
  129  138  146  151  156  164  168  173  175  176  174  172  168  165  161  158
  155  153  152  152  153  155  157  161  165  170  174  179  184  189  193  196
  199  201  202  203  202  201  199  197  195  193  191  189  188  187  186  186
  186  186  185  184  183  181  178  175  171  166  161  155  149  143  137  132
  127  123  118  118  119  119  123  124  129                                   
    75.0-180.0 180.0   5.0 450.0                            LAT/LON1/LON2/DLON/H
  120  131  135  142  149  158  162  167  169  170  167  164  160  155  151  147
  143  141  141  142  143  146  150  155  161  166  173  179  185  191  197  202
  206  209  211  212  213  212  211  209  208  206  205  204  204  204  205  205
  205  206  206  205  204  202  199  195  191  185  179  172  165  157  149  142
  135  128  121  116  116  115  119  111  120                                   
    72.5-180.0 180.0   5.0 450.0                            LAT/LON1/LON2/DLON/H
  112  123  126  134  140  149  155  159  161  161  158  155  150  145  141  137
  134  133  133  135  138  143  148  153  159  166  172  179  186  193  200  206
  211  216  220  222  223  224  224  223  222  222  221  222  222  223  224  225
  226  227  227  226  224  222  219  215  210  204  198  191  183  174  165  156
  147  138  129  121  116  114  116  112  112                                   
    70.0-180.0 180.0   5.0 450.0                            LAT/LON1/LON2/DLON/H
  108  115  118  124  130  138  143  147  149  149  147  143  139  134  130  127
  126  126  127  131  135  140  146  152  158  164  171  177  184  191  198  205
  212  217  222  226  228  230  230  231  231  232  233  234  235  237  238  239
  239  239  238  237  235  232  229  225  220  215  210  203  196  188  179  171
  160  149  138  129  121  117  120  115  108                                   
    67.5-180.0 180.0   5.0 450.0                            LAT/LON1/LON2/DLON/H
  104  109  112  117  121  128  132  136  138  138  136  134  130  127  124  122
  122  124  127  132  137  143  149  154  160  165  170  175  181  187  194  201
  208  215  220  225  229  231  233  235  236  238  240  242  243  244  245  245
  245  244  242  239  236  233  230  227  223  219  215  210  205  199  191  183
  173  162  150  138  128  123  123  118  104                                   
    65.0-180.0 180.0   5.0 450.0                            LAT/LON1/LON2/DLON/H
  103  105  105  108  109  114  118  121  123  124  123  122  120  118  117  117
  119  122  127  133  139  145  150  155  159  163  167  171  176  181  187  195
  202  209  216  222  227  231  234  237  239  242  244  247  248  249  248  246
  244  241  237  234  230  226  223  220  217  215  213  210  207  202  197  190
  182  172  161  149  139  132  133  127  103                                   
    62.5-180.0 180.0   5.0 450.0                            LAT/LON1/LON2/DLON/H
  103  102   99   99   98  101  103  105  107  109  109  110  110  110  111  113
  116  121  127  133  139  145  150  153  156  159  161  164  168  173  179  186
  194  202  209  216  222  227  232  236  239  243  246  248  249  248  246  242
  238  233  227  223  218  215  212  210  208  207  207  206  204  201  197  192
  185  177  167  156  147  140  140  134  103                                   
    60.0-180.0 180.0   5.0 450.0                            LAT/LON1/LON2/DLON/H
  106  101   96   92   88   88   89   90   91   93   95   97   99  101  104  107
  112  117  123  130  136  141  145  148  150  151  153  156  160  164  170  177
  186  194  203  211  218  224  230  235  240  245  248  250  251  249  245  239
  233  226  219  214  209  206  203  202  202  202  202  202  201  199  195  191
  185  178  170  161  153  147  146  139  106                                   
    57.5-180.0 180.0   5.0 450.0                            LAT/LON1/LON2/DLON/H
  113  104   96   90   82   81   79   78   79   80   82   85   88   92   96  101
  106  112  118  124  129  133  137  139  141  143  146  149  153  158  164  172
  180  190  199  208  217  225  231  238  244  249  254  256  256  253  248  241
  233  225  218  212  207  204  203  203  203  204  205  205  204  201  197  192
  186  180  173  165  159  152  151  144  113                                   
    55.0-180.0 180.0   5.0 450.0                            LAT/LON1/LON2/DLON/H
  122  110  100   92   83   79   76   73   72   72   73   76   80   84   89   95
  101  107  112  117  121  125  128  130  133  136  140  144  149  155  161  169
  178  188  198  209  218  228  236  244  251  258  263  265  265  262  256  248
  240  231  224  218  214  212  211  211  212  213  214  214  212  208  203  197
  189  183  176  170  164  158  156  149  122                                   
    52.5-180.0 180.0   5.0 450.0                            LAT/LON1/LON2/DLON/H
  134  120  110  101   91   86   81   76   73   71   71   72   75   80   85   91
   97  103  108  112  115  118  121  124  128  132  137  143  149  155  161  169
  178  188  199  211  223  234  244  253  262  269  274  277  277  274  269  261
  253  245  237  232  228  226  225  226  227  228  228  227  224  219  212  205
  196  189  181  175  170  163  162  154  134                                   
    50.0-180.0 180.0   5.0 450.0                            LAT/LON1/LON2/DLON/H
  146  132  123  115  105  100   94   87   82   78   75   74   76   79   84   90
   97  102  107  110  113  116  119  123  128  133  140  146  152  158  164  171
  179  190  202  216  230  243  255  265  275  283  288  292  292  289  284  278
  270  262  255  249  244  242  241  242  243  243  243  242  238  232  224  215
  205  197  189  182  176  170  168  160  146                                   
    47.5-180.0 180.0   5.0 450.0                            LAT/LON1/LON2/DLON/H
  157  145  138  132  123  119  113  105   98   91   85   83   82   83   88   93
  100  106  111  114  116  119  123  127  133  140  147  153  158  163  167  173
  181  192  206  222  239  254  268  280  290  298  303  306  306  304  300  294
  287  279  272  265  259  255  254  254  255  255  255  253  248  242  233  224
  214  205  196  188  182  176  173  166  157                                   
    45.0-180.0 180.0   5.0 450.0                            LAT/LON1/LON2/DLON/H
  163  156  151  147  142  138  133  125  116  108  101   95   92   92   96  101
  108  114  119  122  125  128  132  137  144  151  157  162  166  168  171  175
  183  195  211  230  249  268  284  297  307  315  319  321  320  318  314  308
  302  294  285  277  269  264  261  260  261  261  260  257  253  246  239  230
  220  211  201  193  186  180  176  170  163                                   
    42.5-180.0 180.0   5.0 450.0                            LAT/LON1/LON2/DLON/H
  164  162  159  159  156  154  150  142  134  126  117  111  106  104  106  111
  118  124  130  133  136  140  145  151  157  164  169  172  173  174  175  178
  186  200  218  240  263  285  303  318  328  334  337  337  335  331  326  321
  314  306  296  285  276  269  265  263  262  261  259  256  251  245  238  230
  221  213  203  194  186  180  177  170  164                                   
    40.0-180.0 180.0   5.0 450.0                            LAT/LON1/LON2/DLON/H
  160  163  162  163  163  162  160  154  148  140  132  125  119  117  118  122
  129  136  141  145  149  153  158  165  171  176  180  181  180  179  180  184
  193  209  230  256  282  307  328  343  354  359  360  357  352  346  340  334
  327  318  307  296  285  277  271  268  266  263  259  253  247  240  233  226
  218  210  200  191  183  177  174  167  160                                   
    37.5-180.0 180.0   5.0 450.0                            LAT/LON1/LON2/DLON/H
  153  160  160  161  162  162  162  157  153  148  142  136  130  127  128  132
  139  146  152  156  161  165  171  177  183  187  189  189  188  187  188  194
  206  224  249  278  309  336  359  376  386  390  389  383  376  368  360  353
  346  337  326  315  304  296  289  284  279  273  265  255  246  236  228  221
  214  206  196  187  179  172  170  161  153                                   
    35.0-180.0 180.0   5.0 450.0                            LAT/LON1/LON2/DLON/H
  147  157  155  155  156  155  156  153  151  149  145  141  137  135  135  140
  146  154  160  166  171  176  182  187  193  196  197  197  196  197  202  211
  226  248  276  309  342  373  398  415  425  428  425  418  409  399  390  382
  375  368  359  349  340  332  325  318  310  298  284  269  254  240  230  221
  213  205  194  184  176  169  166  156  147                                   
    32.5-180.0 180.0   5.0 450.0                            LAT/LON1/LON2/DLON/H
  146  155  152  149  149  146  146  144  144  144  143  142  139  138  139  143
  150  158  166  173  179  185  191  196  201  204  206  207  209  213  222  235
  255  281  312  348  384  416  441  459  469  473  470  462  451  440  431  424
  419  414  409  403  397  391  383  373  359  341  320  297  275  256  241  230
  219  210  198  187  178  169  166  154  146                                   
    30.0-180.0 180.0   5.0 450.0                            LAT/LON1/LON2/DLON/H
  151  159  154  148  145  140  139  136  137  138  139  139  138  137  139  143
  151  160  170  179  187  194  200  205  210  213  217  220  227  236  250  269
  293  322  356  393  429  462  488  506  517  521  518  511  501  491  483  478
  475  475  474  474  472  468  459  446  426  401  371  340  311  285  265  250
  237  226  212  198  188  178  173  159  151                                   
    27.5-180.0 180.0   5.0 450.0                            LAT/LON1/LON2/DLON/H
  164  170  161  154  149  141  139  134  133  134  135  136  135  135  137  141
  149  159  171  183  194  202  209  215  220  225  231  239  251  267  287  311
  338  369  404  440  475  506  531  549  560  565  565  560  553  546  540  538
  539  543  548  554  556  554  544  526  500  468  430  392  356  325  300  281
  265  252  235  220  207  195  188  172  164                                   
    25.0-180.0 180.0   5.0 450.0                            LAT/LON1/LON2/DLON/H
  183  188  176  168  162  152  147  139  136  135  134  135  134  133  134  138
  146  158  172  187  200  210  219  225  232  240  250  264  281  303  329  357
  386  417  450  483  515  543  565  581  591  598  600  599  596  593  591  592
  597  606  617  627  633  632  621  599  567  529  486  443  403  368  341  318
  300  285  267  250  234  220  210  192  183                                   
    22.5-180.0 180.0   5.0 450.0                            LAT/LON1/LON2/DLON/H
  206  210  197  189  182  172  164  154  146  142  139  137  135  133  133  136
  143  156  172  189  204  217  227  236  245  258  273  293  316  343  372  402
  431  460  489  517  544  566  584  597  607  613  618  621  623  625  627  632
  640  652  666  679  687  687  674  648  612  569  524  480  439  404  376  353
  335  321  302  283  264  249  236  216  206                                   
    20.0-180.0 180.0   5.0 450.0                            LAT/LON1/LON2/DLON/H
  229  234  220  214  206  197  187  174  163  154  148  143  139  136  134  135
  142  154  171  189  207  221  233  245  259  277  298  323  350  380  411  440
  467  493  517  539  559  576  589  600  608  614  620  626  632  638  644  651
  661  674  689  704  712  711  695  666  627  582  537  495  457  424  399  377
  361  350  334  315  293  278  263  240  229                                   
    17.5-180.0 180.0   5.0 450.0                            LAT/LON1/LON2/DLON/H
  249  254  243  238  230  221  210  196  181  169  159  152  146  141  137  137
  142  153  170  188  206  222  236  252  271  294  321  350  381  412  442  469
  493  514  532  549  563  576  586  594  601  607  614  622  630  638  646  654
  663  676  690  703  710  706  688  656  615  570  527  489  455  427  405  387
  374  366  355  339  317  301  286  261  249                                   
    15.0-180.0 180.0   5.0 450.0                            LAT/LON1/LON2/DLON/H
  262  269  261  255  247  239  228  213  197  183  170  161  153  147  142  140
  144  153  168  185  202  219  236  256  281  310  341  373  405  435  463  488
  508  525  539  551  561  571  579  587  595  601  608  616  625  633  640  647
  654  664  675  685  689  682  662  630  588  545  505  470  441  417  399  383
  374  370  365  352  333  316  302  276  262                                   
    12.5-180.0 180.0   5.0 450.0                            LAT/LON1/LON2/DLON/H
  269  276  270  264  255  247  237  222  206  191  178  168  159  152  146  143
  145  153  166  181  197  214  234  258  289  323  358  391  423  452  477  499
  516  530  541  550  559  567  577  586  594  602  609  616  623  629  633  637
  641  647  654  660  660  653  633  602  562  521  484  452  425  403  387  373
  365  364  363  355  341  325  311  285  269                                   
    10.0-180.0 180.0   5.0 450.0                            LAT/LON1/LON2/DLON/H
  273  278  272  263  253  243  234  221  207  193  180  171  162  155  149  145
  147  153  164  177  191  209  231  261  296  334  371  405  436  463  486  506
  522  534  544  552  560  569  581  592  603  611  617  622  626  628  629  628
  629  631  635  638  637  630  613  585  549  511  474  442  416  393  376  361
  353  353  355  352  342  328  316  290  273                                   
     7.5-180.0 180.0   5.0 450.0                            LAT/LON1/LON2/DLON/H
  276  278  270  256  243  231  222  212  199  188  177  169  161  155  149  146
  147  153  162  174  188  206  231  265  304  344  383  416  445  469  491  511
