data/edconvlstm_nd/pred2210.15i
     1.0            IONOSPHERE MAPS     GNSS                IONEX VERSION / TYPE
pyspatialgeodesy        IME             05-JAN-18 20:20     PGM / RUN BY / DATE 
Map Name                                                    COMMENT             
Predicted global ionosphere maps (GIM).                     DESCRIPTION         
  2015     8     9     0     0     0                        EPOCH OF FIRST MAP  
  2015     8    10     0     0     0                        EPOCH OF LAST MAP   
  7200                                                      INTERVAL            
    13                                                      # OF MAPS IN FILE   
  NONE                                                      MAPPING FUNCTION    
10.0                                                        ELEVATION CUTOFF    
One-way carrier phase leveled to code                       OBSERVABLES USED    
  6371.0                                                    BASE RADIUS         
 2                                                          MAP DIMENSION       
   450.0 450.0   0.0                                        HGT1 / HGT2 / DHGT  
    87.5 -87.5  -2.5                                        LAT1 / LAT2 / DLAT  
  -180.0 180.0   5.0                                        LON1 / LON2 / DLON  
    -1                                                      EXPONENT            
                                                            END OF HEADER       
     1                                                      START OF TEC MAP    
  2015     8     9     0     0     0                        EPOCH OF CURRENT MAP
    87.5-180.0 180.0   5.0 450.0                            LAT/LON1/LON2/DLON/H
  121  120  125  119  118  119  117  116  117  116  117  118  118  118  118  118
  118  117  116  115  114  113  112  111  110  109  107  106  105  104  102  101
  100  100   99   98   98   97   97   96   96   96   96   96   96   96   96   97
   97   97   98   98   98   99   99  100  100  100  101  101  102  102  103  104
  105  105  106  106  104  108  116  120  121                                   
    85.0-180.0 180.0   5.0 450.0                            LAT/LON1/LON2/DLON/H
  128  128  113  119  124  126  124  123  124  124  125  126  126  126  126  126
  125  125  124  122  121  119  118  116  115  113  111  110  108  106  105  104
  103  102  101  100  100  100   99   99   99   99   99   99   99   99  100  100
  100  101  101  101  102  102  103  103  104  104  105  106  106  107  107  108
  110  111  112  115  112  120  126  126  128                                   
    82.5-180.0 180.0   5.0 450.0                            LAT/LON1/LON2/DLON/H
  127  120  128  127  129  133  130  131  134  134  135  136  137  137  137  136
  135  134  133  131  129  127  125  123  120  118  116  113  111  109  107  106
  104  103  102  102  101  101  101  101  101  101  101  101  102  102  102  102
  103  103  104  105  105  106  107  107  108  109  110  111  112  112  114  115
  116  117  117  116  119  111  117  120  127                                   
    80.0-180.0 180.0   5.0 450.0                            LAT/LON1/LON2/DLON/H
  133  126  123  122  127  130  133  135  138  138  140  142  143  143  143  142
  140  139  137  135  132  130  127  124  121  118  115  112  109  106  104  102
  100   99   98   98   98   98   98   98   99   99  100  100  100  101  101  102
  103  103  104  105  106  106  107  108  109  110  111  112  113  114  115  117
  117  117  117  114  127  119  126  134  133                                   
    77.5-180.0 180.0   5.0 450.0                            LAT/LON1/LON2/DLON/H
  140  132  124  129  127  130  135  139  142  143  146  147  148  148  148  146
  145  142  140  138  135  132  129  126  123  119  116  112  109  105  102  100
   99   98   98   98   98   99   99  100  101  101  102  102  103  104  104  105
  107  108  109  110  111  112  112  113  114  115  116  117  118  118  120  121
  121  123  121  121  127  128  130  141  140                                   
    75.0-180.0 180.0   5.0 450.0                            LAT/LON1/LON2/DLON/H
  143  130  125  131  129  131  133  137  142  143  145  147  148  147  146  144
  141  139  136  133  131  129  126  123  120  116  112  108  104  100   98   95
   94   94   94   95   96   97   98   99  100  100  101  102  102  103  105  106
  108  109  111  112  113  114  115  115  116  116  117  118  119  120  122  123
  123  124  124  118  123  131  130  141  143                                   
    72.5-180.0 180.0   5.0 450.0                            LAT/LON1/LON2/DLON/H
  134  127  125  128  126  127  130  134  139  141  143  144  144  143  140  137
  134  130  128  125  123  121  119  117  114  110  106  101   97   93   90   88
   87   87   88   89   91   92   94   95   95   95   96   96   97   99  101  103
  105  107  109  110  111  112  113  113  114  115  115  117  118  119  121  123
  123  124  126  122  122  127  130  144  134                                   
    70.0-180.0 180.0   5.0 450.0                            LAT/LON1/LON2/DLON/H
  135  127  126  131  129  129  132  136  141  143  144  145  144  142  138  134
  130  126  123  121  119  118  116  114  112  108  103   99   94   90   86   84
   84   84   85   87   89   90   91   92   92   92   92   93   94   96   98  101
  104  107  109  111  112  114  114  115  116  117  118  120  121  123  125  127
  127  128  130  128  127  131  132  143  135                                   
    67.5-180.0 180.0   5.0 450.0                            LAT/LON1/LON2/DLON/H
  139  132  129  133  130  130  131  134  140  141  143  143  142  138  134  129
  124  119  116  114  113  113  112  110  107  103   99   93   88   83   80   78
   77   77   78   79   81   82   82   82   82   81   81   82   84   86   89   93
   97  100  103  105  107  109  110  111  113  114  116  118  120  122  125  127
  127  128  131  128  129  132  132  144  139                                   
    65.0-180.0 180.0   5.0 450.0                            LAT/LON1/LON2/DLON/H
  143  135  132  136  133  131  131  134  139  140  142  142  141  137  132  126
  121  116  113  112  111  110  110  108  105  101   96   91   86   81   77   74
   73   72   72   73   74   74   74   73   72   71   71   72   74   77   81   85
   89   93   96   99  101  103  105  107  109  112  115  118  121  123  125  128
  128  129  132  129  131  135  136  147  143                                   
    62.5-180.0 180.0   5.0 450.0                            LAT/LON1/LON2/DLON/H
  149  141  138  140  137  133  133  135  139  140  141  142  140  137  132  127
  122  117  114  113  112  112  111  109  106  102   97   92   87   82   78   74
   72   70   70   69   69   68   67   65   64   63   63   65   67   70   74   78
   82   86   90   92   95   98  100  104  107  111  115  119  122  125  127  129
  129  130  132  129  133  138  138  150  149                                   
    60.0-180.0 180.0   5.0 450.0                            LAT/LON1/LON2/DLON/H
  152  146  143  145  141  136  135  135  138  138  139  140  139  137  133  128
  124  120  118  116  115  114  113  110  107  103   99   95   91   86   82   78
   74   71   69   67   65   64   62   60   59   58   58   59   62   65   69   73
   76   80   83   86   89   92   96  101  105  110  115  120  124  126  129  130
  130  130  132  128  132  138  140  152  152                                   
    57.5-180.0 180.0   5.0 450.0                            LAT/LON1/LON2/DLON/H
  154  150  149  150  145  140  137  137  138  137  138  139  138  137  134  131
  128  125  122  121  119  118  116  113  110  107  104  101   97   93   89   84
   78   74   70   67   65   63   61   59   58   57   57   58   60   63   66   69
   72   75   78   81   85   89   94  100  106  112  117  122  126  128  130  132
  131  131  132  128  131  138  141  153  154                                   
    55.0-180.0 180.0   5.0 450.0                            LAT/LON1/LON2/DLON/H
  155  153  153  155  150  144  142  140  140  137  137  137  138  137  136  134
  132  129  128  126  124  122  120  117  114  111  109  108  106  103   98   92
   85   79   74   70   68   66   64   62   61   60   60   61   63   65   67   69
   71   74   76   79   83   88   94  101  108  115  120  125  128  131  133  134
  133  133  134  129  131  139  141  155  155                                   
    52.5-180.0 180.0   5.0 450.0                            LAT/LON1/LON2/DLON/H
  156  156  157  160  156  150  148  145  144  140  138  138  138  137  137  136
  134  133  132  131  130  127  125  121  119  117  116  116  115  113  107  100
   92   84   79   75   73   72   71   69   68   68   67   67   68   69   70   71
   73   74   76   80   84   90   97  105  113  119  124  128  131  133  135  137
  136  136  137  132  133  140  142  156  156                                   
    50.0-180.0 180.0   5.0 450.0                            LAT/LON1/LON2/DLON/H
  158  158  161  165  162  157  156  154  151  146  143  141  140  139  138  137
  137  136  136  136  136  134  131  128  125  124  124  125  125  121  115  107
   98   90   84   82   80   80   80   79   78   78   77   76   76   76   76   76
   76   77   79   82   87   94  102  110  118  125  129  132  134  136  138  141
  141  143  144  138  139  143  144  159  158                                   
    47.5-180.0 180.0   5.0 450.0                            LAT/LON1/LON2/DLON/H
  160  161  164  169  168  165  165  163  161  155  151  147  145  142  141  139
  139  140  141  142  142  141  139  136  133  132  132  133  132  128  121  112
  102   95   90   88   89   90   91   91   90   89   88   86   85   84   83   83
   82   82   83   86   91   98  107  116  124  130  134  137  138  140  143  147
  149  151  154  148  147  149  149  163  160                                   
    45.0-180.0 180.0   5.0 450.0                            LAT/LON1/LON2/DLON/H
  164  164  167  173  173  171  173  172  171  165  160  156  152  148  145  143
  142  143  146  148  150  150  148  145  142  140  140  139  136  131  123  114
  105   98   95   96   98  100  102  103  102  100   98   96   95   93   91   90
   89   88   89   91   96  103  112  121  130  136  140  142  143  145  149  155
  158  163  166  160  158  157  156  169  164                                   
    42.5-180.0 180.0   5.0 450.0                            LAT/LON1/LON2/DLON/H
  169  168  169  175  176  175  179  180  181  176  171  167  161  156  152  148
  147  148  152  155  159  160  159  156  152  149  146  143  138  132  123  114
  106  102  101  103  107  111  113  114  113  111  108  106  104  101  100   98
   96   95   94   95   99  106  116  126  135  142  146  149  151  153  158  165
  170  176  180  174  171  168  166  178  169                                   
    40.0-180.0 180.0   5.0 450.0                            LAT/LON1/LON2/DLON/H
  175  172  172  176  177  178  183  186  188  185  182  178  172  166  160  156
  154  155  159  164  168  170  169  166  162  157  152  146  140  131  123  114
  108  106  108  112  117  121  123  124  122  120  118  115  112  110  107  105
  103  100   98   99  102  109  119  130  140  148  153  157  160  164  170  178
  184  191  195  188  184  179  178  188  175                                   
    37.5-180.0 180.0   5.0 450.0                            LAT/LON1/LON2/DLON/H
  183  178  176  177  178  179  185  189  193  192  191  188  183  177  170  165
  163  164  168  172  177  179  179  176  171  165  158  150  142  132  124  117
  113  113  116  121  126  130  132  133  131  129  126  123  120  117  114  111
  108  104  101  101  104  111  122  133  145  154  161  167  172  177  184  193
  199  206  209  201  197  192  191  201  183                                   
    35.0-180.0 180.0   5.0 450.0                            LAT/LON1/LON2/DLON/H
  193  187  183  180  180  181  187  192  197  198  199  197  193  188  181  176
  174  174  177  181  184  186  186  183  178  171  164  155  145  136  128  123
  121  123  127  131  136  139  140  140  139  137  134  130  127  123  119  116
  111  106  102  101  105  112  124  136  149  160  170  178  185  193  201  209
  216  221  223  214  210  206  206  216  193                                   
    32.5-180.0 180.0   5.0 450.0                            LAT/LON1/LON2/DLON/H
  205  199  195  188  186  186  191  196  202  204  206  205  203  198  192  187
  184  183  184  187  189  190  189  187  183  178  170  161  152  143  136  133
  132  135  138  142  144  146  146  146  145  143  140  136  132  127  122  117
  112  106  101  100  104  112  124  138  152  165  178  189  199  209  218  227
  232  236  237  227  224  222  223  233  205                                   
    30.0-180.0 180.0   5.0 450.0                            LAT/LON1/LON2/DLON/H
  220  216  211  202  198  196  200  204  210  212  214  214  212  208  202  197
  193  191  190  190  190  191  190  189  187  183  177  169  161  153  147  145
  145  147  149  150  150  150  150  149  148  146  143  139  134  128  122  116
  109  102   98   97  101  111  124  139  154  169  183  197  211  224  235  244
  249  251  251  241  239  239  241  252  220                                   
    27.5-180.0 180.0   5.0 450.0                            LAT/LON1/LON2/DLON/H
  238  238  232  222  216  214  216  218  222  224  225  225  222  218  212  207
  201  197  194  191  190  189  190  190  190  187  183  177  170  163  159  156
  156  156  155  154  152  150  149  148  148  146  143  138  132  125  117  110
  103   97   92   92   98  108  123  138  154  170  186  204  221  236  250  260
  264  266  265  256  255  259  261  272  238                                   
    25.0-180.0 180.0   5.0 450.0                            LAT/LON1/LON2/DLON/H
  259  263  257  247  241  238  239  239  241  241  241  239  235  230  223  216
  209  202  196  192  189  189  189  191  192  191  188  184  177  171  167  164
  163  160  157  152  148  145  144  144  144  142  139  134  126  118  110  102
   95   89   86   87   93  105  120  136  152  169  188  207  228  246  262  273
  279  281  280  272  274  280  281  294  259                                   
    22.5-180.0 180.0   5.0 450.0                            LAT/LON1/LON2/DLON/H
  280  289  285  277  270  268  268  266  266  263  261  257  252  245  237  227
  218  208  200  194  191  190  192  194  195  194  191  187  181  175  170  166
  162  157  151  145  140  137  136  136  136  135  132  126  117  109  100   92
   86   81   78   81   89  101  117  133  150  168  187  209  232  254  272  286
  293  296  297  291  294  302  304  316  280                                   
    20.0-180.0 180.0   5.0 450.0                            LAT/LON1/LON2/DLON/H
  301  315  312  308  302  301  300  297  295  291  286  281  273  264  254  242
  230  218  208  201  198  197  198  199  199  196  192  186  179  172  166  160
  154  148  141  134  129  127  126  127  127  126  123  116  108   99   90   83
   77   73   72   75   84   97  113  130  148  166  187  210  235  259  281  297
  307  313  316  312  317  324  327  338  301                                   
    17.5-180.0 180.0   5.0 450.0                            LAT/LON1/LON2/DLON/H
  321  338  337  337  332  332  333  330  326  321  315  308  299  288  276  262
  248  234  223  215  212  210  210  208  204  197  190  181  172  164  156  149
  142  135  129  124  120  119  120  120  120  119  115  109  100   90   82   75
   70   67   66   71   80   93  110  127  146  165  187  211  237  264  288  308
  321  330  336  335  341  348  352  361  321                                   
    15.0-180.0 180.0   5.0 450.0                            LAT/LON1/LON2/DLON/H
  342  359  359  362  359  360  361  358  356  350  344  337  327  316  302  286
  271  256  245  237  232  229  226  219  210  198  185  173  162  153  144  136
  130  125  121  118  117  117  118  118  118  116  112  106   97   87   79   72
   67   64   63   68   77   90  107  125  144  165  187  212  240  269  296  319
  336  348  357  360  366  371  377  384  342                                   
    12.5-180.0 180.0   5.0 450.0                            LAT/LON1/LON2/DLON/H
  362  379  379  383  381  382  383  381  379  375  370  364  355  344  330  314
  298  284  272  264  259  253  244  232  215  197  179  164  152  142  134  128
  123  121  119  119  120  121  122  121  120  118  114  108   99   90   81   73
   68   64   64   67   75   88  104  123  143  165  188  215  244  275  305  330
  351  367  379  384  391  395  403  408  362                                   
    10.0-180.0 180.0   5.0 450.0                            LAT/LON1/LON2/DLON/H
  383  398  398  401  398  398  399  397  397  393  390  386  379  369  357  342
  327  314  303  294  286  276  261  241  218  193  172  155  144  136  130  127
  125  124  125  127  129  131  131  129  127  125  121  115  107   96   86   78
   72   67   65   67   73   85  102  121  143  165  190  218  249  282  314  343
  366  385  400  408  415  417  427  433  383                                   
     7.5-180.0 180.0   5.0 450.0                            LAT/LON1/LON2/DLON/H
  405  419  417  417  413  411  409  408  407  405  403  400  396  389  379  366
  353  341  331  321  310  294  273  246  217  189  166  151  142  137  135  135
