data/edconvlstm_nd/pred0620.15i
     1.0            IONOSPHERE MAPS     GNSS                IONEX VERSION / TYPE
pyspatialgeodesy        IME             05-JAN-18 20:20     PGM / RUN BY / DATE 
Map Name                                                    COMMENT             
Predicted global ionosphere maps (GIM).                     DESCRIPTION         
  2015     3     3     0     0     0                        EPOCH OF FIRST MAP  
  2015     3     4     0     0     0                        EPOCH OF LAST MAP   
  7200                                                      INTERVAL            
    13                                                      # OF MAPS IN FILE   
  NONE                                                      MAPPING FUNCTION    
10.0                                                        ELEVATION CUTOFF    
One-way carrier phase leveled to code                       OBSERVABLES USED    
  6371.0                                                    BASE RADIUS         
 2                                                          MAP DIMENSION       
   450.0 450.0   0.0                                        HGT1 / HGT2 / DHGT  
    87.5 -87.5  -2.5                                        LAT1 / LAT2 / DLAT  
  -180.0 180.0   5.0                                        LON1 / LON2 / DLON  
    -1                                                      EXPONENT            
                                                            END OF HEADER       
[from data line 4719]
    12                                                      START OF TEC MAP    
  2015     3     3    22     0     0                        EPOCH OF CURRENT MAP
    87.5-180.0 180.0   5.0 450.0                            LAT/LON1/LON2/DLON/H
  146  130  113  120  122  120  120  118  118  120  120  121  122  122  123  123
  123  123  122  121  120  119  117  115  113  111  109  107  105  103  101   99
   98   96   95   94   93   93   93   93   93   93   94   95   96   97   99  100
  101  103  104  106  107  108  109  110  111  112  113  114  114  115  115  115
  115  115  114  114  127  124  133  140  146                                   
    85.0-180.0 180.0   5.0 450.0                            LAT/LON1/LON2/DLON/H
  137  129  129  123  121  125  125  127  127  130  130  132  133  134  134  135
  135  134  133  131  129  127  124  121  118  115  111  108  105  102   99   97
   95   93   91   90   89   89   89   89   89   90   92   93   95   97   99  101
  104  106  108  110  112  114  116  117  119  120  121  122  123  123  124  124
  125  124  123  121  126  121  121  125  137                                   
    82.5-180.0 180.0   5.0 450.0                            LAT/LON1/LON2/DLON/H
  114  111  111  110  111  116  120  120  121  125  127  130  133  135  136  138
  138  137  136  134  131  128  124  120  116  111  107  103   99   95   92   88
   86   84   82   80   79   78   78   78   79   79   81   82   84   87   89   91
   94   97   99  102  104  106  108  110  111  113  114  115  115  116  116  116
  116  115  114  118  121  129  118  121  114                                   
    80.0-180.0 180.0   5.0 450.0                            LAT/LON1/LON2/DLON/H
  106  106  109  108  109  111  117  123  127  132  137  142  147  150  153  155
  155  154  152  149  145  140  134  128  122  116  111  105  100   95   91   87
   84   81   79   77   75   74   73   73   73   74   76   78   80   83   86   89
   92   95   99  101  104  106  109  111  112  113  115  116  116  117  118  118
  118  118  117  118  117  117  111  123  106                                   
    77.5-180.0 180.0   5.0 450.0                            LAT/LON1/LON2/DLON/H
  115  110  116  113  118  121  127  133  138  145  152  159  165  170  174  176
  176  174  172  167  162  157  150  144  137  131  125  119  114  110  106  103
  100   98   96   94   92   90   89   88   87   86   87   87   89   91   93   96
   98  101  103  105  107  108  110  111  112  112  113  114  115  116  117  118
  118  119  120  122  124  123  124  141  115                                   
    75.0-180.0 180.0   5.0 450.0                            LAT/LON1/LON2/DLON/H
  122  123  125  121  126  130  135  141  149  158  166  173  180  185  188  190
  189  186  182  176  170  164  157  150  143  137  131  126  121  118  115  114
  112  111  109  107  105  103  101   98   96   95   94   94   94   95   97   98
  100  101  102  103  103  104  104  104  104  104  105  106  107  109  111  114
  116  120  123  123  124  126  128  133  122                                   
    72.5-180.0 180.0   5.0 450.0                            LAT/LON1/LON2/DLON/H
  135  137  141  142  143  147  152  158  164  173  181  189  195  199  201  201
  198  194  188  181  174  167  160  153  146  140  134  129  125  122  121  121
  121  122  121  121  119  117  114  110  107  104  102  101  100   99   99   99
   99   99   98   97   96   95   94   93   92   92   92   93   95   98  102  106
  110  116  121  124  127  133  140  151  135                                   
    70.0-180.0 180.0   5.0 450.0                            LAT/LON1/LON2/DLON/H
  150  155  159  158  159  162  165  171  178  186  194  201  205  207  206  203
  198  191  183  175  168  161  153  146  139  133  126  121  117  115  114  115
  117  119  120  120  119  116  113  110  106  103  100   98   97   96   95   94
   92   90   88   85   83   81   78   77   76   75   76   77   80   84   90   96
  102  110  118  124  131  141  152  161  150                                   
    67.5-180.0 180.0   5.0 450.0                            LAT/LON1/LON2/DLON/H
  167  175  180  181  183  186  189  194  199  206  212  218  221  220  217  210
  202  193  184  175  168  160  153  145  137  129  121  114  108  105  105  106
  108  111  114  115  114  113  110  107  103  100   98   96   94   93   91   89
   87   84   81   77   74   72   69   68   67   67   68   70   73   78   85   93
  100  109  118  126  134  147  160  170  167                                   
    65.0-180.0 180.0   5.0 450.0                            LAT/LON1/LON2/DLON/H
  175  185  192  194  196  199  202  207  212  218  223  227  228  225  219  210
  200  189  179  170  162  155  148  139  130  119  109   99   91   87   85   86
   89   92   95   96   96   95   93   91   88   86   84   83   82   80   79   76
   73   70   67   64   61   58   57   55   55   55   57   60   64   70   77   86
   94  104  114  123  133  148  163  175  175                                   
    62.5-180.0 180.0   5.0 450.0                            LAT/LON1/LON2/DLON/H
  181  192  199  204  209  213  216  221  225  231  235  237  237  233  225  215
  203  192  181  173  165  158  150  140  128  115  101   89   79   72   69   69
   71   74   76   78   78   77   76   74   72   71   70   70   69   68   67   65
   62   59   56   54   52   50   50   49   50   51   53   56   62   68   76   85
   93  103  112  119  130  145  160  173  181                                   
    60.0-180.0 180.0   5.0 450.0                            LAT/LON1/LON2/DLON/H
  182  194  204  210  217  222  227  232  237  242  245  246  245  240  232  222
  210  199  188  179  171  164  155  144  130  115   99   84   73   65   60   59
   60   61   62   63   63   62   61   60   59   59   59   59   59   58   57   55
   53   50   48   47   46   47   47   48   49   51   53   57   63   70   79   89
   96  105  113  119  127  142  157  171  182                                   
    57.5-180.0 180.0   5.0 450.0                            LAT/LON1/LON2/DLON/H
  186  199  210  219  227  234  240  244  249  253  256  256  255  250  243  234
  222  211  200  191  182  174  164  153  138  122  106   91   78   70   64   61
   60   60   59   58   56   55   54   53   53   53   54   54   54   53   52   50
   48   47   46   46   47   48   50   52   53   55   57   62   68   76   87   98
  106  115  121  124  130  143  157  171  186                                   
    55.0-180.0 180.0   5.0 450.0                            LAT/LON1/LON2/DLON/H
  198  214  226  234  245  251  258  263  267  269  271  270  268  264  258  249
  239  227  215  204  195  186  176  165  151  137  122  108   97   88   82   77
   73   70   66   63   60   57   56   55   54   55   55   55   55   54   53   51
   50   49   49   51   53   56   58   61   62   63   65   70   77   87   99  112
  123  132  139  140  144  154  167  181  198                                   
    52.5-180.0 180.0   5.0 450.0                            LAT/LON1/LON2/DLON/H
  222  239  253  259  270  277  284  287  290  291  290  288  285  281  275  267
  256  243  229  217  206  197  188  178  168  156  145  135  126  118  110  103
   96   88   82   76   71   68   65   64   63   63   63   63   62   61   60   59
   59   59   60   62   65   68   71   73   74   74   75   79   87   98  114  131
  144  156  164  166  169  178  190  202  222                                   
    50.0-180.0 180.0   5.0 450.0                            LAT/LON1/LON2/DLON/H
  257  275  290  293  304  312  318  320  322  320  316  312  307  302  295  286
  274  258  243  228  216  207  200  193  186  179  172  165  158  150  141  131
  120  109  100   92   86   82   79   77   76   76   76   76   75   74   73   73
   73   74   76   78   81   84   87   88   87   86   85   88   96  110  129  150
  167  184  195  200  203  213  225  235  257                                   
    47.5-180.0 180.0   5.0 450.0                            LAT/LON1/LON2/DLON/H
  300  317  331  332  344  351  357  358  358  354  348  340  333  326  317  306
  291  273  254  238  226  218  213  209  206  203  198  193  186  176  164  150
  136  122  112  104   99   95   92   90   89   90   90   91   91   90   91   91
   93   94   95   97  100  102  103  102  100   97   95   97  105  120  142  166
  188  210  225  235  241  253  267  276  300                                   
    45.0-180.0 180.0   5.0 450.0                            LAT/LON1/LON2/DLON/H
  341  358  370  369  381  389  396  396  395  390  381  371  361  351  340  326
  307  287  266  249  237  231  228  227  226  223  218  211  201  188  172  155
  138  124  114  109  105  103  101  100  100  102  103  105  106  108  109  111
  113  114  115  116  117  118  117  115  111  107  103  104  112  128  152  179
  205  230  249  265  275  291  308  317  341                                   
    42.5-180.0 180.0   5.0 450.0                            LAT/LON1/LON2/DLON/H
  374  389  400  398  411  420  427  428  427  422  412  401  388  376  362  345
  324  302  280  264  253  248  246  246  243  238  229  217  201  183  164  145
  128  116  109  107  108  108  108  108  109  111  114  117  120  123  126  129
  131  132  132  132  131  130  128  125  120  115  111  111  118  134  159  187
  215  242  265  284  299  318  338  351  374                                   
    40.0-180.0 180.0   5.0 450.0                            LAT/LON1/LON2/DLON/H
  392  406  416  414  428  436  445  447  449  445  437  425  412  398  383  364
  342  320  299  284  274  270  267  264  258  246  230  211  190  168  148  129
  115  106  105  107  112  115  117  117  118  121  125  129  133  136  140  142
  144  145  144  142  141  138  136  132  126  121  116  116  123  139  163  192
  219  247  270  290  308  331  354  371  392                                   
    37.5-180.0 180.0   5.0 450.0                            LAT/LON1/LON2/DLON/H
  396  408  417  416  430  438  448  453  458  458  452  442  430  416  400  382
  361  340  322  309  300  295  289  281  268  249  226  200  176  155  136  122
  112  108  111  118  125  130  132  132  132  134  138  141  144  147  150  151
  152  151  149  147  145  142  139  135  130  124  120  120  127  143  167  194
  219  245  267  286  304  329  354  374  396                                   
    35.0-180.0 180.0   5.0 450.0                            LAT/LON1/LON2/DLON/H
  392  401  410  408  422  430  442  448  457  460  458  452  441  430  415  399
  381  363  349  337  329  320  310  295  275  250  222  195  173  156  144  137
  132  132  137  146  154  158  158  155  153  153  154  155  156  156  157  156
  155  153  150  148  145  143  140  137  132  128  124  124  131  147  170  196
  219  242  262  278  294  320  346  367  392                                   
    32.5-180.0 180.0   5.0 450.0                            LAT/LON1/LON2/DLON/H
  389  395  403  401  415  420  434  442  453  460  461  458  450  441  429  415
  401  387  376  366  356  343  327  307  283  256  229  206  191  184  183  184
  185  186  190  195  200  200  196  188  182  178  175  172  168  165  162  159
  156  152  149  146  145  143  141  138  135  131  129  129  136  152  175  201
  222  243  260  273  287  311  338  358  389                                   
    30.0-180.0 180.0   5.0 450.0                            LAT/LON1/LON2/DLON/H
  395  400  407  404  417  421  434  443  456  465  468  466  461  453  444  433
  421  411  402  392  379  361  340  318  295  272  252  240  238  246  259  269
  273  271  268  264  260  253  241  228  216  206  198  190  182  174  168  162
  157  152  148  146  146  145  143  141  139  136  134  135  143  160  184  210
  231  251  265  277  289  312  339  358  395                                   
    27.5-180.0 180.0   5.0 450.0                            LAT/LON1/LON2/DLON/H
  417  421  428  425  439  441  453  461  474  483  486  484  478  471  463  453
  443  433  424  413  396  375  352  332  315  303  297  300  316  342  370  390
  393  382  364  345  327  309  288  268  250  236  222  209  196  185  176  168
  162  156  152  149  148  147  146  144  142  140  139  141  149  167  194  222
  245  266  280  292  303  327  355  372  417                                   
    25.0-180.0 180.0   5.0 450.0                            LAT/LON1/LON2/DLON/H
  455  462  469  468  484  485  495  501  513  520  521  516  508  499  489  478
  466  455  443  429  410  387  367  353  349  352  363  386  421  465  506  529
  526  499  461  422  387  356  327  301  279  261  245  228  212  198  187  178
  171  164  159  155  152  150  148  145  143  141  140  143  153  173  202  234
  261  286  302  317  330  355  386  402  455                                   
    22.5-180.0 180.0   5.0 450.0                            LAT/LON1/LON2/DLON/H
  504  517  527  529  549  551  560  565  575  578  575  565  552  539  525  510
  493  478  462  445  424  404  390  387  396  417  446  486  536  592  638  658
  642  596  535  476  424  382  347  319  298  280  263  245  227  213  202  193
  185  177  169  163  158  153  148  144  142  140  140  143  154  176  208  244
  276  306  327  346  362  392  426  442  504                                   
    20.0-180.0 180.0   5.0 450.0                            LAT/LON1/LON2/DLON/H
  556  579  592  600  626  631  641  645  654  654  646  631  612  593  573  551
  528  506  485  466  447  432  426  435  459  494  536  585  639  693  733  740
  709  644  565  490  428  380  345  320  303  290  276  259  243  229  219  210
  202  192  182  172  163  155  149  143  140  139  139  143  154  177  212  251
  288  324  351  375  395  429  469  486  556                                   
    17.5-180.0 180.0   5.0 450.0                            LAT/LON1/LON2/DLON/H
  602  636  655  668  702  711  722  729  737  736  725  706  682  657  631  602
  571  542  518  498  483  475  480  500  533  574  618  661  704  742  763  753
  706  629  542  462  399  354  325  308  300  294  285  272  257  245  236  228
  219  207  194  181  168  157  148  142  138  136  137  142  154  178  214  256
  297  338  371  398  422  462  505  525  602                                   
    15.0-180.0 180.0   5.0 450.0                            LAT/LON1/LON2/DLON/H
  635  678  704  723  762  776  791  801  811  811  800  780  754  726  695  660
  623  589  563  545  536  537  550  575  610  646  676  699  715  725  722  694
  637  559  477  406  352  317  299  293  294  297  293  283  270  258  250  243
  233  219  203  187  171  158  147  140  136  134  135  140  154  179  217  261
  304  349  385  415  441  485  531  552  635                                   
    12.5-180.0 180.0   5.0 450.0                            LAT/LON1/LON2/DLON/H
  654  702  735  758  801  820  838  851  864  866  859  842  818  791  759  722
  682  645  619  605  604  612  629  653  679  698  702  692  673  650  622  581
  525  460  397  345  309  288  282  287  297  305  304  295  281  269  259  250
  239  224  206  188  171  157  146  138  134  132  133  139  155  181  220  265
  310  357  396  427  454  500  546  567  654                                   
    10.0-180.0 180.0   5.0 450.0                            LAT/LON1/LON2/DLON/H
  661  713  750  775  821  843  864  879  894  900  896  884  865  843  814  779
  740  705  681  673  677  690  706  722  731  723  695  648  594  543  496  452
  409  368  332  305  289  283  288  300  314  323  321  308  291  274  261  249
  236  220  203  185  169  155  145  138  134  132  132  139  156  184  224  270
  315  364  404  435  463  509  554  575  661                                   
     7.5-180.0 180.0   5.0 450.0                            LAT/LON1/LON2/DLON/H
  665  717  758  782  829  853  874  890  907  913  913  907  895  879  857  827
  792  760  741  737  746  759  770  772  759  724  664  587  506  436  383  347
