data/edconvlstm_nd/pred2150.15i
     1.0            IONOSPHERE MAPS     GNSS                IONEX VERSION / TYPE
pyspatialgeodesy        IME             05-JAN-18 20:20     PGM / RUN BY / DATE 
Map Name                                                    COMMENT             
Predicted global ionosphere maps (GIM).                     DESCRIPTION         
  2015     8     3     0     0     0                        EPOCH OF FIRST MAP  
  2015     8     4     0     0     0                        EPOCH OF LAST MAP   
  7200                                                      INTERVAL            
    13                                                      # OF MAPS IN FILE   
  NONE                                                      MAPPING FUNCTION    
10.0                                                        ELEVATION CUTOFF    
One-way carrier phase leveled to code                       OBSERVABLES USED    
  6371.0                                                    BASE RADIUS         
 2                                                          MAP DIMENSION       
   450.0 450.0   0.0                                        HGT1 / HGT2 / DHGT  
    87.5 -87.5  -2.5                                        LAT1 / LAT2 / DLAT  
  -180.0 180.0   5.0                                        LON1 / LON2 / DLON  
    -1                                                      EXPONENT            
                                                            END OF HEADER       
[from data line 3003]
     8                                                      START OF TEC MAP    
  2015     8     3    14     0     0                        EPOCH OF CURRENT MAP
    87.5-180.0 180.0   5.0 450.0                            LAT/LON1/LON2/DLON/H
  133  140  138  144  146  146  145  143  144  146  145  146  146  146  146  146
  146  146  146  146  146  146  145  145  145  145  144  144  144  144  143  143
  143  143  143  142  142  142  142  142  142  142  142  143  143  143  144  144
  144  145  145  145  146  146  146  146  146  145  145  145  145  144  144  143
  143  144  142  139  145  140  150  143  133                                   
    85.0-180.0 180.0   5.0 450.0                            LAT/LON1/LON2/DLON/H
  137  143  155  146  145  149  149  151  152  153  152  153  153  154  154  154
  154  154  154  154  154  154  154  154  153  153  153  152  152  152  151  151
  150  150  150  149  149  149  148  148  148  148  148  149  149  150  150  151
  151  152  152  153  153  154  154  154  154  153  153  153  152  152  151  151
  151  151  146  142  141  138  144  145  137                                   
    82.5-180.0 180.0   5.0 450.0                            LAT/LON1/LON2/DLON/H
  129  142  146  140  139  144  146  148  148  149  149  150  151  151  152  152
  153  153  153  154  154  154  154  154  154  154  154  154  154  154  153  153
  153  152  152  151  151  150  150  149  149  149  149  150  150  151  151  152
  153  154  155  156  156  157  157  157  156  155  154  153  152  151  149  148
  148  146  142  141  137  143  139  132  129                                   
    80.0-180.0 180.0   5.0 450.0                            LAT/LON1/LON2/DLON/H
  121  130  137  133  132  133  136  139  140  142  142  143  143  144  145  145
  146  147  147  148  148  149  149  149  150  150  150  150  150  149  149  149
  148  148  147  146  145  144  143  143  142  142  142  143  143  144  146  147
  149  150  152  153  153  154  154  153  152  151  149  147  145  143  141  140
  139  137  134  134  128  130  131  127  121                                   
    77.5-180.0 180.0   5.0 450.0                            LAT/LON1/LON2/DLON/H
  121  123  129  127  126  129  131  133  134  135  135  137  137  138  139  140
  141  142  143  144  145  146  147  148  148  149  149  149  149  150  150  149
  149  149  148  147  146  145  143  142  142  141  141  142  142  144  146  148
  150  152  154  155  156  157  156  156  154  152  149  146  143  140  137  134
  132  129  126  127  126  121  123  123  121                                   
    75.0-180.0 180.0   5.0 450.0                            LAT/LON1/LON2/DLON/H
  112  118  119  120  120  124  125  127  128  130  129  131  131  132  133  134
  136  137  139  141  143  144  146  147  148  148  149  149  149  150  150  150
  149  149  148  147  146  145  143  142  141  140  140  140  141  143  145  147
  150  152  154  156  157  157  157  156  154  151  148  144  140  137  133  130
  127  124  122  118  119  116  118  110  112                                   
    72.5-180.0 180.0   5.0 450.0                            LAT/LON1/LON2/DLON/H
  107  113  115  119  118  122  124  125  125  126  125  126  126  128  129  131
  133  135  137  140  142  144  146  148  149  149  150  150  150  150  150  150
  150  150  149  149  147  146  144  143  142  141  140  141  142  143  145  148
  150  153  155  156  157  157  157  156  153  151  147  143  139  135  132  129
  125  122  119  116  114  113  115  112  107                                   
    70.0-180.0 180.0   5.0 450.0                            LAT/LON1/LON2/DLON/H
  104  109  112  115  114  117  118  120  120  121  120  121  121  122  124  126
  129  132  135  138  142  145  147  149  150  150  150  149  149  149  149  149
  149  149  148  147  146  145  143  142  141  140  140  140  141  142  144  146
  148  150  151  152  153  153  152  151  149  147  144  141  138  134  131  128
  125  121  119  115  113  112  115  112  104                                   
    67.5-180.0 180.0   5.0 450.0                            LAT/LON1/LON2/DLON/H
  101  107  111  114  113  117  118  119  119  119  119  120  120  122  124  127
  130  133  137  141  145  149  151  153  153  152  151  150  148  148  147  147
  147  147  147  146  145  144  143  142  142  141  141  142  143  144  145  146
  147  148  149  149  149  149  148  148  147  145  144  142  140  137  134  132
  129  125  122  117  113  112  113  110  101                                   
    65.0-180.0 180.0   5.0 450.0                            LAT/LON1/LON2/DLON/H
   97  104  107  110  109  113  115  116  116  116  115  117  118  121  124  127
  130  134  138  143  147  151  155  156  156  155  152  150  148  147  147  147
  147  147  146  146  145  144  143  143  143  144  145  145  146  146  147  147
  146  146  145  144  144  143  143  143  143  144  144  143  142  141  139  137
  134  130  126  121  116  114  115  112   97                                   
    62.5-180.0 180.0   5.0 450.0                            LAT/LON1/LON2/DLON/H
   93   99  101  104  104  108  110  111  111  112  112  114  116  120  124  127
  131  135  139  144  149  153  157  158  158  156  153  150  148  147  147  147
  147  147  146  145  145  144  144  145  146  147  148  149  150  150  149  148
  146  144  142  140  139  138  139  140  141  143  145  146  146  145  143  141
  137  133  129  123  117  112  112  110   93                                   
    60.0-180.0 180.0   5.0 450.0                            LAT/LON1/LON2/DLON/H
   89   92   94   97   96  101  104  105  105  105  106  108  112  117  122  127
  131  135  138  143  148  152  156  158  158  155  152  149  148  148  148  149
  150  150  149  148  147  147  147  149  151  152  154  155  155  154  152  150
  147  144  141  138  136  136  137  139  142  145  147  149  149  148  146  143
  139  134  129  122  115  109  109  107   89                                   
    57.5-180.0 180.0   5.0 450.0                            LAT/LON1/LON2/DLON/H
   86   86   87   90   89   94   97   99   99   99  100  103  108  114  120  126
  130  134  137  141  146  151  155  158  158  156  153  151  151  152  154  156
  157  157  155  154  153  153  154  156  159  161  163  164  163  161  159  155
  151  147  143  141  139  139  141  143  147  150  153  154  154  152  149  145
  139  133  127  121  113  106  104  103   86                                   
    55.0-180.0 180.0   5.0 450.0                            LAT/LON1/LON2/DLON/H
   85   83   83   85   84   89   92   93   94   94   94   98  103  110  117  124
  129  132  135  138  143  148  153  156  157  156  154  153  155  158  161  164
  165  165  164  162  161  162  163  166  169  171  173  173  172  169  166  161
  157  153  149  147  146  146  148  151  154  157  160  160  159  155  151  145
  138  131  125  118  111  103  100  100   85                                   
    52.5-180.0 180.0   5.0 450.0                            LAT/LON1/LON2/DLON/H
   88   83   82   84   82   86   89   91   91   91   91   94   99  106  114  122
  127  131  133  136  140  146  152  156  157  157  157  157  160  165  169  172
  174  173  172  171  170  171  173  176  179  182  183  183  180  177  173  168
  164  161  158  156  156  157  159  161  164  166  167  166  163  158  151  144
  136  129  123  117  110  102  100   99   88                                   
    50.0-180.0 180.0   5.0 450.0                            LAT/LON1/LON2/DLON/H
   94   88   86   87   84   88   90   92   92   91   91   92   97  104  112  120
  126  130  132  135  140  146  152  157  159  160  161  163  167  172  177  180
  181  180  179  179  179  181  183  187  190  192  193  192  189  185  180  176
  172  169  168  167  167  169  170  172  174  174  174  171  167  160  153  144
  136  128  122  117  112  105  103  103   94                                   
    47.5-180.0 180.0   5.0 450.0                            LAT/LON1/LON2/DLON/H
  103   98   94   95   91   93   94   96   96   95   94   94   97  103  111  119
  126  131  134  137  142  148  155  160  164  166  167  170  174  178  182  185
  185  185  185  186  187  190  193  197  200  203  203  201  198  193  188  183
  180  178  178  178  179  180  181  182  182  180  178  175  170  163  155  146
  138  130  125  121  117  112  110  109  103                                   
    45.0-180.0 180.0   5.0 450.0                            LAT/LON1/LON2/DLON/H
  112  109  105  105  100  100  101  102  103  102  100   99  101  105  113  121
  129  134  138  142  147  154  161  167  171  173  175  178  181  184  187  188
  189  189  191  193  197  200  204  208  211  213  214  212  207  201  196  191
  189  187  187  188  189  190  190  189  187  184  181  177  172  165  158  150
  142  135  130  127  124  120  119  117  112                                   
    42.5-180.0 180.0   5.0 450.0                            LAT/LON1/LON2/DLON/H
  120  119  116  114  109  108  108  109  110  110  108  107  107  110  116  125
  133  140  145  150  156  162  169  175  180  183  185  187  189  190  191  192
  193  196  200  205  210  214  218  221  224  226  226  224  219  213  206  201
  198  197  197  197  197  197  196  193  190  186  182  178  173  168  162  156
  148  142  137  134  131  128  128  124  120                                   
    40.0-180.0 180.0   5.0 450.0                            LAT/LON1/LON2/DLON/H
  124  127  124  121  115  114  113  114  116  117  116  115  114  116  122  131
  140  147  154  160  166  172  179  185  189  192  195  196  197  198  198  200
  204  210  218  225  231  235  237  239  241  243  243  240  235  227  220  214
  211  209  208  207  206  204  201  197  192  187  182  178  175  171  167  162
  155  150  144  140  136  135  133  129  124                                   
    37.5-180.0 180.0   5.0 450.0                            LAT/LON1/LON2/DLON/H
  126  131  129  125  119  117  115  116  119  121  122  122  122  124  130  138
  147  156  164  170  176  182  188  194  198  202  205  207  208  209  211  215
  223  234  246  256  262  265  264  263  264  264  264  261  255  247  239  232
  228  225  222  219  216  212  208  202  196  189  184  180  176  174  171  167
  161  156  150  145  140  138  136  130  126                                   
    35.0-180.0 180.0   5.0 450.0                            LAT/LON1/LON2/DLON/H
  125  132  132  127  121  118  115  115  118  122  125  128  130  133  138  146
  156  165  173  180  186  191  196  200  205  210  214  217  221  224  230  239
  253  270  286  298  304  303  299  295  292  291  290  286  280  271  262  255
  250  246  241  236  230  224  218  211  203  195  188  183  179  177  174  171
  166  161  154  148  142  139  134  129  125                                   
    32.5-180.0 180.0   5.0 450.0                            LAT/LON1/LON2/DLON/H
  123  132  132  128  122  118  114  112  114  119  125  130  135  140  146  154
  163  172  181  188  193  197  201  204  209  215  222  228  235  243  255  272
  293  315  335  348  352  348  339  331  326  322  320  315  308  299  290  283
  278  273  266  259  250  242  233  224  214  204  195  188  183  180  177  173
  168  163  156  149  142  138  131  126  123                                   
    30.0-180.0 180.0   5.0 450.0                            LAT/LON1/LON2/DLON/H
  123  132  133  130  124  120  114  109  110  114  121  130  138  145  153  161
  169  178  186  193  197  200  202  205  211  219  229  239  251  266  285  309
  337  365  387  400  401  393  380  368  359  354  350  344  337  329  321  315
  310  304  297  287  275  264  253  242  229  217  205  195  188  183  178  174
  168  164  156  150  142  137  128  124  123                                   
    27.5-180.0 180.0   5.0 450.0                            LAT/LON1/LON2/DLON/H
  125  135  136  134  128  124  117  109  106  110  117  128  138  148  157  165
  173  182  189  195  199  200  201  204  210  221  235  250  268  289  315  346
  380  411  434  445  443  432  415  400  389  382  376  371  364  358  352  348
  344  339  330  318  304  290  276  263  248  232  217  204  193  185  179  173
  167  163  155  150  143  138  127  123  125                                   
    25.0-180.0 180.0   5.0 450.0                            LAT/LON1/LON2/DLON/H
  129  139  140  140  135  131  123  112  106  107  113  125  137  149  159  167
  175  182  190  195  198  198  198  201  209  222  240  261  284  311  343  379
  416  448  469  477  472  457  439  422  411  403  398  393  388  384  381  379
  377  372  362  348  332  316  300  284  267  247  228  211  197  186  179  172
  166  161  154  150  145  140  128  125  129                                   
    22.5-180.0 180.0   5.0 450.0                            LAT/LON1/LON2/DLON/H
  134  144  144  146  143  140  131  118  109  107  112  122  136  148  159  167
  174  181  188  193  195  195  195  198  208  225  247  272  300  331  366  403
  439  469  486  490  481  465  447  433  423  416  412  409  406  405  405  406
  405  400  390  374  356  338  321  303  283  260  238  217  200  187  178  170
  164  161  155  153  148  144  132  129  134                                   
    20.0-180.0 180.0   5.0 450.0                            LAT/LON1/LON2/DLON/H
  138  148  147  151  149  147  139  126  115  110  112  121  134  146  157  165
  172  179  185  190  192  192  192  197  210  231  256  284  314  347  382  417
  449  473  484  483  472  457  443  432  426  423  421  420  420  421  423  426
  426  421  410  393  373  354  335  316  294  269  244  221  202  188  178  171
  165  162  157  156  153  149  136  133  138                                   
    17.5-180.0 180.0   5.0 450.0                            LAT/LON1/LON2/DLON/H
  138  148  147  151  151  150  145  132  121  114  114  121  132  144  154  163
  170  176  183  188  190  191  193  200  216  240  268  298  329  360  391  421
  446  462  467  462  451  439  430  426  425  426  427  428  430  433  436  439
  438  432  420  402  381  360  341  321  298  273  248  224  205  190  180  173
  167  166  160  161  157  152  140  136  138                                   
    15.0-180.0 180.0   5.0 450.0                            LAT/LON1/LON2/DLON/H
  135  143  141  144  145  146  144  134  124  117  115  121  131  142  152  161
  168  176  182  187  190  192  196  207  227  253  283  314  343  371  397  419
  436  444  443  435  425  418  416  419  424  429  433  436  439  442  445  446
  443  435  421  401  379  358  338  319  297  273  249  226  207  193  184  177
  172  170  165  165  160  154  142  137  135                                   
    12.5-180.0 180.0   5.0 450.0                            LAT/LON1/LON2/DLON/H
  129  134  130  133  133  135  136  130  123  117  116  121  130  140  151  161
  169  177  184  190  194  198  205  219  241  270  301  331  358  382  402  417
  425  426  420  411  404  403  408  417  427  435  441  445  448  450  450  447
  441  430  413  392  369  348  329  311  292  270  247  226  209  196  188  181
  176  174  169  167  162  153  141  135  129                                   
    10.0-180.0 180.0   5.0 450.0                            LAT/LON1/LON2/DLON/H
  122  123  118  117  117  119  122  119  116  113  114  119  128  140  151  162
  173  182  190  196  201  207  216  233  258  288  319  349  374  394  409  417
  419  415  407  399  395  399  409  422  435  445  451  454  456  455  451  444
  433  418  399  377  354  333  316  300  283  264  243  225  210  198  191  185
  179  177  172  169  161  150  138  130  122                                   
     7.5-180.0 180.0   5.0 450.0                            LAT/LON1/LON2/DLON/H
  116  114  106  103  100  101  105  104  105  105  108  116  126  139  153  166
  178  188  197  205  211  219  231  250  276  306  337  365  388  406  418  423
