data/edconvlstm_nd/pred0580.15i
     1.0            IONOSPHERE MAPS     GNSS                IONEX VERSION / TYPE
pyspatialgeodesy        IME             05-JAN-18 20:20     PGM / RUN BY / DATE 
Map Name                                                    COMMENT             
Predicted global ionosphere maps (GIM).                     DESCRIPTION         
  2015     2    27     0     0     0                        EPOCH OF FIRST MAP  
  2015     2    28     0     0     0                        EPOCH OF LAST MAP   
  7200                                                      INTERVAL            
    13                                                      # OF MAPS IN FILE   
  NONE                                                      MAPPING FUNCTION    
10.0                                                        ELEVATION CUTOFF    
One-way carrier phase leveled to code                       OBSERVABLES USED    
  6371.0                                                    BASE RADIUS         
 2                                                          MAP DIMENSION       
   450.0 450.0   0.0                                        HGT1 / HGT2 / DHGT  
    87.5 -87.5  -2.5                                        LAT1 / LAT2 / DLAT  
  -180.0 180.0   5.0                                        LON1 / LON2 / DLON  
    -1                                                      EXPONENT            
                                                            END OF HEADER       
[from data line 2574]
     7                                                      START OF TEC MAP    
  2015     2    27    12     0     0                        EPOCH OF CURRENT MAP
    87.5-180.0 180.0   5.0 450.0                            LAT/LON1/LON2/DLON/H
   89   92   90  100  105  107  108  108  112  116  118  121  123  125  127  128
  130  131  132  133  134  134  135  135  135  136  136  136  135  135  135  134
  133  131  130  128  126  123  120  117  114  110  107  104  100   97   94   90
   88   85   83   80   78   77   76   75   74   73   73   73   74   74   74   75
   76   79   78   78   84   85   98  101   89                                   
    85.0-180.0 180.0   5.0 450.0                            LAT/LON1/LON2/DLON/H
   80   88   96   93   96  104  106  111  115  119  122  125  127  130  132  134
  136  138  140  141  143  144  145  146  147  147  148  149  149  149  149  148
  147  146  144  141  138  135  131  127  122  118  113  108  103   99   94   90
   86   83   80   77   75   73   71   70   70   69   69   69   70   70   71   72
   74   76   73   73   75   81   87   91   80                                   
    82.5-180.0 180.0   5.0 450.0                            LAT/LON1/LON2/DLON/H
   64   74   80   79   82   89   94   99  104  108  112  116  119  122  125  128
  130  133  135  137  139  141  143  145  147  149  151  153  155  157  158  158
  158  157  155  153  149  145  140  134  128  122  115  108  102   95   89   84
   79   74   70   66   63   61   59   58   57   56   56   56   56   57   57   58
   60   61   59   60   64   73   70   74   64                                   
    80.0-180.0 180.0   5.0 450.0                            LAT/LON1/LON2/DLON/H
   59   63   70   70   72   76   81   87   93   97  100  104  107  110  113  116
  118  120  123  125  127  129  131  134  137  140  143  147  150  154  157  159
  160  160  160  157  154  150  144  138  131  124  117  109  102   95   89   83
   77   72   68   65   62   60   58   57   56   55   55   55   55   55   55   55
   56   57   56   56   58   64   64   69   59                                   
    77.5-180.0 180.0   5.0 450.0                            LAT/LON1/LON2/DLON/H
   64   63   65   64   66   69   74   79   84   86   89   92   95   97  100  102
  104  106  109  111  113  115  118  121  124  128  133  138  143  149  154  159
  163  165  166  166  163  160  155  149  143  136  128  121  114  108  101   96
   91   87   83   80   78   76   74   72   71   70   69   68   68   67   66   66
   65   64   63   63   63   60   61   66   64                                   
    75.0-180.0 180.0   5.0 450.0                            LAT/LON1/LON2/DLON/H
   61   63   61   61   63   67   69   71   75   77   77   79   81   82   84   86
   88   91   93   95   97  100  103  106  110  115  121  128  135  143  151  158
  163  168  171  171  171  168  165  160  155  149  144  138  133  128  123  119
  116  112  110  107  105  102  100   98   95   93   91   89   87   85   84   82
   80   78   75   71   70   65   63   57   61                                   
    72.5-180.0 180.0   5.0 450.0                            LAT/LON1/LON2/DLON/H
   61   63   61   62   62   67   69   70   71   72   71   72   72   73   74   76
   79   81   84   87   89   92   95   99  103  109  116  123  132  141  150  159
  167  173  178  180  181  179  177  174  171  168  164  161  158  155  153  150
  148  146  143  140  137  134  130  125  121  117  112  108  105  102   99   97
   93   90   86   81   78   73   69   66   61                                   
    70.0-180.0 180.0   5.0 450.0                            LAT/LON1/LON2/DLON/H
   60   62   61   63   64   67   67   68   69   68   66   65   64   65   66   68
   70   74   77   81   84   88   92   97  102  108  115  123  133  143  153  163
  172  179  184  188  189  189  188  186  185  184  184  183  183  183  182  181
  179  176  173  169  164  158  151  144  136  129  122  116  111  107  103  100
   96   92   89   83   79   75   74   70   60                                   
    67.5-180.0 180.0   5.0 450.0                            LAT/LON1/LON2/DLON/H
   54   59   59   62   65   69   70   71   70   68   65   64   62   62   63   65
   69   73   77   82   86   91   95  100  105  112  119  127  137  147  158  168
  177  185  190  193  195  195  195  195  195  197  199  200  202  203  203  202
  199  196  191  185  178  169  159  149  138  128  119  111  105  100   96   93
   90   87   84   79   75   73   72   68   54                                   
    65.0-180.0 180.0   5.0 450.0                            LAT/LON1/LON2/DLON/H
   46   53   54   59   62   67   68   69   68   66   63   61   59   59   60   63
   67   71   77   82   88   94   99  105  111  118  125  134  143  154  165  175
  185  192  198  201  203  203  203  204  206  210  213  217  219  221  220  218
  214  208  201  192  182  170  157  143  129  117  105   96   89   84   80   77
   75   73   72   68   67   68   68   67   46                                   
    62.5-180.0 180.0   5.0 450.0                            LAT/LON1/LON2/DLON/H
   38   46   47   53   56   61   64   65   65   63   60   58   56   56   58   61
   65   70   76   82   88   95  101  108  114  122  129  138  148  158  169  180
  190  198  204  207  208  208  209  210  214  218  223  227  230  230  228  223
  217  209  199  188  175  161  146  130  115  101   89   79   71   65   61   59
   57   56   56   54   56   58   60   61   38                                   
    60.0-180.0 180.0   5.0 450.0                            LAT/LON1/LON2/DLON/H
   33   39   41   46   47   52   55   57   58   57   55   53   52   52   54   57
   61   66   71   77   84   91   98  105  113  121  130  139  149  159  171  183
  194  203  209  212  214  214  214  216  220  225  231  235  236  235  231  224
  215  205  193  181  167  152  136  120  105   92   80   70   62   55   50   46
   44   43   44   43   47   50   53   54   33                                   
    57.5-180.0 180.0   5.0 450.0                            LAT/LON1/LON2/DLON/H
   34   37   38   40   40   44   48   50   52   51   50   49   48   48   49   52
   56   60   65   71   77   84   92  101  109  119  128  137  148  159  172  185
  197  207  215  219  221  221  222  224  228  233  238  242  243  240  233  225
  214  203  191  179  166  152  137  122  109   97   87   78   69   61   54   49
   44   41   42   42   47   49   51   54   34                                   
    55.0-180.0 180.0   5.0 450.0                            LAT/LON1/LON2/DLON/H
   43   42   41   40   37   40   43   45   47   47   47   46   44   44   45   47
   51   55   59   64   70   77   85   94  104  114  124  134  145  157  171  185
  199  212  221  226  229  230  230  232  236  241  246  249  249  244  237  228
  217  207  196  186  174  162  150  137  126  117  108  101   92   83   74   65
   57   52   52   51   56   56   57   60   43                                   
    52.5-180.0 180.0   5.0 450.0                            LAT/LON1/LON2/DLON/H
   60   55   51   46   41   41   43   44   46   47   47   45   43   42   43   45
   48   51   55   60   65   72   80   90  101  112  122  133  144  157  171  187
  203  217  228  235  239  240  241  243  246  250  255  257  256  252  245  236
  227  219  210  202  193  183  172  162  153  146  140  133  125  115  104   92
   81   73   71   69   73   72   72   71   60                                   
    50.0-180.0 180.0   5.0 450.0                            LAT/LON1/LON2/DLON/H
   81   75   67   59   52   50   50   50   51   52   51   49   46   44   43   45
   48   52   56   60   65   72   80   90  102  113  124  135  146  159  174  191
  208  223  236  244  249  252  253  255  258  261  264  266  265  261  256  249
  243  237  231  225  217  209  199  190  181  175  169  164  157  146  133  119
  105   95   91   89   92   92   91   87   81                                   
    47.5-180.0 180.0   5.0 450.0                            LAT/LON1/LON2/DLON/H
  100   95   86   77   68   64   62   61   62   62   60   57   53   49   48   49
   52   57   62   66   71   77   85   96  107  119  130  141  152  165  180  197
  214  230  243  253  260  264  266  268  271  273  275  276  275  273  269  265
  261  258  253  248  241  231  221  210  200  192  186  181  174  164  151  136
  122  111  105  102  106  108  108  101  100                                   
    45.0-180.0 180.0   5.0 450.0                            LAT/LON1/LON2/DLON/H
  113  111  103   95   87   82   78   76   76   75   73   69   63   59   57   58
   61   67   72   77   81   87   95  105  117  130  141  151  162  174  187  203
  219  235  249  261  270  276  280  283  285  285  286  285  284  283  282  280
  278  275  270  264  255  243  230  216  203  192  184  177  170  161  150  137
  124  114  107  104  110  114  115  110  113                                   
    42.5-180.0 180.0   5.0 450.0                            LAT/LON1/LON2/DLON/H
  114  118  112  108  104   98   94   92   91   90   87   83   77   71   69   70
   74   80   86   90   95  100  107  117  129  142  153  162  172  182  194  209
  224  240  254  268  280  289  295  299  300  299  297  295  293  292  292  291
  289  285  278  269  257  243  226  208  190  176  165  156  149  142  133  124
  113  105   98   95  101  107  110  108  114                                   
    40.0-180.0 180.0   5.0 450.0                            LAT/LON1/LON2/DLON/H
  104  113  112  113  114  110  106  104  103  102  100   96   90   85   83   84
   89   95  100  105  108  112  118  128  140  152  163  172  180  189  200  214
  228  244  260  276  291  304  313  317  317  315  311  307  303  302  301  299
  296  289  280  268  253  236  216  195  173  155  141  131  124  118  112  107
  100   94   87   82   85   91   95   95  104                                   
    37.5-180.0 180.0   5.0 450.0                            LAT/LON1/LON2/DLON/H
   88  101  104  109  115  114  112  110  110  110  109  106  102   99   97   99
  103  109  113  117  119  122  128  137  148  161  171  179  187  195  206  219
  235  252  270  288  307  322  334  340  340  337  331  324  319  316  313  310
  304  295  283  270  254  237  216  192  169  148  131  119  111  106  102  100
   96   91   82   73   72   75   76   79   88                                   
    35.0-180.0 180.0   5.0 450.0                            LAT/LON1/LON2/DLON/H
   72   88   94  101  109  110  112  111  112  112  112  112  111  110  110  112
  115  120  123  125  127  130  135  144  155  168  178  186  193  201  212  227
  244  263  285  307  328  347  361  369  370  366  359  351  344  339  334  329
  321  311  299  287  273  258  239  216  192  170  152  139  130  124  120  117
  113  107   95   80   72   67   63   66   72                                   
    32.5-180.0 180.0   5.0 450.0                            LAT/LON1/LON2/DLON/H
   65   79   87   93  101  104  108  108  109  110  112  114  115  117  119  121
  124  127  129  131  133  136  142  151  163  176  186  193  200  208  221  238
  258  282  307  333  358  380  396  406  409  406  399  390  382  374  368  361
  353  344  334  325  316  306  291  272  250  230  214  201  190  181  174  167
  160  150  132  110   91   75   64   64   65                                   
    30.0-180.0 180.0   5.0 450.0                            LAT/LON1/LON2/DLON/H
   71   81   87   89   95   99  104  104  105  106  109  112  116  119  123  126
  128  129  131  134  138  144  151  162  174  186  196  203  210  220  234  255
  280  308  337  367  395  419  438  449  454  453  447  439  430  422  415  408
  401  394  389  386  385  381  372  358  341  326  313  301  290  277  263  250
  235  219  195  166  136  107   83   75   71                                   
    27.5-180.0 180.0   5.0 450.0                            LAT/LON1/LON2/DLON/H
   93   96   95   93   95   98  104  102  103  104  106  109  113  118  122  125
  127  128  131  136  144  154  164  176  189  200  209  217  225  237  255  280
  310  342  376  408  438  463  482  496  503  506  503  496  488  479  472  465
  461  459  461  466  472  476  474  465  454  444  436  428  416  398  377  354
  331  306  274  241  202  160  123  102   93                                   
    25.0-180.0 180.0   5.0 450.0                            LAT/LON1/LON2/DLON/H
  129  122  112  103  101  102  107  105  104  104  104  106  109  114  118  121
  122  124  129  138  152  166  181  194  206  217  227  236  247  262  283  312
  346  382  419  453  483  508  527  542  553  559  559  555  548  540  534  529
  528  531  541  555  570  580  583  578  571  565  562  557  545  523  494  461
  427  396  358  323  279  227  180  147  129                                   
    22.5-180.0 180.0   5.0 450.0                            LAT/LON1/LON2/DLON/H
  172  157  136  120  112  110  113  111  108  107  105  104  105  108  112  114
  116  119  127  141  161  181  199  213  224  235  247  259  273  292  317  349
  386  425  463  497  525  548  567  583  596  604  607  606  602  597  593  592
  595  605  621  642  662  675  679  674  667  662  660  656  644  618  584  543
  503  469  428  394  351  296  246  204  172                                   
    20.0-180.0 180.0   5.0 450.0                            LAT/LON1/LON2/DLON/H
  213  193  166  142  127  122  122  119  114  111  107  103  102  103  105  107
  110  115  126  146  170  195  215  229  241  253  267  283  302  325  354  388
  427  466  503  534  559  579  597  613  627  637  643  645  645  645  645  648
  655  669  689  712  730  740  739  729  717  708  704  699  686  661  626  583
  542  509  472  441  403  354  309  266  213                                   
    17.5-180.0 180.0   5.0 450.0                            LAT/LON1/LON2/DLON/H
  245  225  196  168  145  137  132  128  121  116  110  103   99   98  100  103
  106  113  128  151  179  206  226  241  253  267  285  307  331  359  390  425
  463  500  533  560  582  599  616  632  647  659  667  673  677  681  685  691
  701  715  733  750  761  762  751  732  712  695  685  677  666  645  614  575
  538  511  481  457  428  388  355  318  245                                   
    15.0-180.0 180.0   5.0 450.0                            LAT/LON1/LON2/DLON/H
  268  251  224  194  164  152  144  137  129  122  113  105   98   96   97  100
  105  114  130  155  185  212  233  247  261  278  301  328  358  389  422  456
  490  523  551  574  592  608  624  642  659  673  683  691  699  706  712  718
  725  734  744  751  750  740  719  691  661  635  618  608  598  583  559  527
  495  475  455  440  423  397  377  347  268                                   
    12.5-180.0 180.0   5.0 450.0                            LAT/LON1/LON2/DLON/H
  285  275  249  220  186  168  156  146  136  128  118  108  100   97   97  101
  106  116  133  158  187  214  234  249  264  286  314  347  381  414  445  476
  506  533  557  576  592  608  627  647  667  682  694  703  712  720  726  728
  729  729  727  722  710  690  661  626  589  556  533  519  511  500  484  458
  432  419  408  402  396  385  374  350  285                                   
    10.0-180.0 180.0   5.0 450.0                            LAT/LON1/LON2/DLON/H
  298  297  274  247  211  185  167  154  142  134  124  114  105  100  100  104
  110  120  137  161  188  213  233  249  267  293  327  363  399  431  460  486
  510  533  553  571  587  605  627  651  673  690  701  711  720  727  730  727
  720  710  698  683  662  636  605  568  527  488  459  443  435  429  417  397
  377  367  361  360  363  364  357  335  298                                   
     7.5-180.0 180.0   5.0 450.0                            LAT/LON1/LON2/DLON/H
  308  315  297  272  237  204  180  161  148  138  129  120  112  107  107  110
  115  125  141  164  189  213  232  251  273  304  341  379  414  443  467  488
