data/edconvlstm_nd/pred0260.15i
     1.0            IONOSPHERE MAPS     GNSS                IONEX VERSION / TYPE
pyspatialgeodesy        IME             05-JAN-18 20:20     PGM / RUN BY / DATE 
Map Name                                                    COMMENT             
Predicted global ionosphere maps (GIM).                     DESCRIPTION         
  2015     1    26     0     0     0                        EPOCH OF FIRST MAP  
  2015     1    27     0     0     0                        EPOCH OF LAST MAP   
  7200                                                      INTERVAL            
    13                                                      # OF MAPS IN FILE   
  NONE                                                      MAPPING FUNCTION    
10.0                                                        ELEVATION CUTOFF    
One-way carrier phase leveled to code                       OBSERVABLES USED    
  6371.0                                                    BASE RADIUS         
 2                                                          MAP DIMENSION       
   450.0 450.0   0.0                                        HGT1 / HGT2 / DHGT  
    87.5 -87.5  -2.5                                        LAT1 / LAT2 / DLAT  
  -180.0 180.0   5.0                                        LON1 / LON2 / DLON  
    -1                                                      EXPONENT            
                                                            END OF HEADER       
[from data line 1287]
     4                                                      START OF TEC MAP    
  2015     1    26     6     0     0                        EPOCH OF CURRENT MAP
    87.5-180.0 180.0   5.0 450.0                            LAT/LON1/LON2/DLON/H
   46   54   50   54   54   55   55   51   52   53   53   53   53   52   52   51
   50   49   48   47   47   46   46   46   45   45   45   45   45   45   45   45
   45   45   45   45   45   45   45   45   45   44   44   44   43   43   43   43
   43   43   42   42   42   42   42   42   42   41   41   41   41   41   41   41
   42   43   41   42   48   59   68   62   46                                   
    85.0-180.0 180.0   5.0 450.0                            LAT/LON1/LON2/DLON/H
   40   61   60   59   63   65   66   65   65   67   66   66   65   64   63   61
   60   58   57   56   55   54   53   52   52   51   51   51   51   51   52   52
   53   53   53   54   54   54   54   54   54   54   54   53   53   53   53   53
   53   53   53   53   53   53   53   53   53   53   53   53   53   53   53   53
   54   55   52   53   58   62   75   67   40                                   
    82.5-180.0 180.0   5.0 450.0                            LAT/LON1/LON2/DLON/H
   48   54   71   65   66   69   70   70   71   72   71   72   70   68   66   63
   61   58   55   53   51   49   48   46   45   45   45   44   45   45   46   47
   48   49   49   50   51   52   52   53   53   53   52   52   52   52   52   52
   52   53   53   53   54   54   55   55   55   56   56   56   56   56   56   57
   58   58   55   54   64   60   64   63   48                                   
    80.0-180.0 180.0   5.0 450.0                            LAT/LON1/LON2/DLON/H
   63   62   72   66   73   72   74   74   76   77   76   76   74   72   68   64
   60   56   52   49   46   43   41   39   38   37   37   38   38   40   41   43
   45   47   49   51   53   54   55   56   56   56   56   56   56   56   56   56
   57   58   59   60   61   63   64   65   65   66   67   67   67   67   67   67
   67   66   66   65   70   66   67   64   63                                   
    77.5-180.0 180.0   5.0 450.0                            LAT/LON1/LON2/DLON/H
   73   66   69   63   65   68   71   72   75   76   75   76   74   71   68   63
   58   54   49   45   41   38   36   34   32   31   31   32   33   35   38   41
   44   48   51   54   57   59   61   62   62   62   62   61   61   62   62   63
   65   67   70   72   74   77   79   80   82   82   83   82   82   81   80   79
   78   76   73   72   69   58   57   56   73                                   
    75.0-180.0 180.0   5.0 450.0                            LAT/LON1/LON2/DLON/H
   66   60   60   56   56   60   63   64   66   68   67   68   67   65   62   58
   54   49   45   42   38   35   33   32   31   31   31   32   34   36   40   43
   47   51   54   58   60   62   64   64   65   65   65   65   65   66   68   71
   74   78   83   87   91   94   97   99  100  100  100   99   97   95   93   91
   87   85   81   74   72   60   57   56   66                                   
    72.5-180.0 180.0   5.0 450.0                            LAT/LON1/LON2/DLON/H
   64   55   55   51   51   55   59   61   63   64   64   65   64   62   60   57
   53   49   46   43   40   38   37   36   35   36   36   38   39   42   45   48
   52   55   58   61   63   64   65   66   66   66   67   68   70   73   77   82
   88   94  101  107  113  118  121  123  124  123  122  120  117  114  111  108
  104   99   96   89   82   67   62   62   64                                   
    70.0-180.0 180.0   5.0 450.0                            LAT/LON1/LON2/DLON/H
   66   54   53   50   48   50   53   55   57   58   58   59   59   58   56   54
   51   49   46   45   43   42   42   42   43   44   45   46   48   49   51   53
   55   56   58   59   60   60   60   61   62   63   65   67   71   77   83   91
  100  109  119  127  135  140  144  145  144  142  140  136  133  129  125  121
  116  111  107   99   91   76   72   71   66                                   
    67.5-180.0 180.0   5.0 450.0                            LAT/LON1/LON2/DLON/H
   63   51   49   46   44   45   48   49   50   51   51   52   52   52   50   49
   48   46   45   44   44   44   46   47   49   51   52   53   53   53   53   53
   53   52   52   51   50   49   49   50   51   54   58   63   69   77   86   97
  109  121  132  143  151  156  159  159  157  153  149  144  140  135  130  127
  122  116  112  103   95   80   74   74   63                                   
    65.0-180.0 180.0   5.0 450.0                            LAT/LON1/LON2/DLON/H
   66   52   47   44   41   43   45   46   47   47   47   49   49   48   48   47
   46   46   45   45   46   48   50   53   56   58   59   59   58   56   54   52
   50   48   46   43   41   40   39   40   43   48   54   62   71   81   93  106
  120  134  147  159  167  171  172  171  167  161  156  151  146  141  136  132
  127  121  117  108  100   87   80   80   66                                   
    62.5-180.0 180.0   5.0 450.0                            LAT/LON1/LON2/DLON/H
   69   54   48   45   41   42   44   45   45   45   45   47   47   47   47   47
   47   46   46   46   48   50   53   57   60   62   62   61   59   57   53   50
   47   44   41   37   34   32   32   34   38   45   54   64   75   88  102  116
  132  147  161  172  179  183  182  178  173  167  161  156  151  147  142  137
  132  125  121  112  105   91   85   84   69                                   
    60.0-180.0 180.0   5.0 450.0                            LAT/LON1/LON2/DLON/H
   74   57   49   44   40   40   41   42   42   42   42   44   44   45   46   46
   46   46   46   46   47   49   51   54   57   59   59   58   55   52   49   46
   42   39   36   32   29   27   28   31   37   46   57   69   82   96  110  125
  141  157  170  181  187  189  186  181  175  169  164  160  157  153  147  142
  136  128  124  115  108   94   87   85   74                                   
    57.5-180.0 180.0   5.0 450.0                            LAT/LON1/LON2/DLON/H
   81   61   51   45   41   39   40   40   41   41   41   42   43   45   46   47
   48   47   46   45   45   46   48   50   52   53   53   51   49   46   43   41
   39   37   35   32   29   28   29   34   42   52   65   79   93  107  121  136
  152  167  180  190  195  195  191  185  180  175  172  170  168  165  159  153
  145  136  131  122  115   99   92   88   81                                   
    55.0-180.0 180.0   5.0 450.0                            LAT/LON1/LON2/DLON/H
   88   66   55   46   41   38   38   38   38   38   39   41   42   44   46   48
   49   48   46   44   43   42   43   44   46   46   46   45   42   40   39   38
   38   37   37   36   34   34   37   43   52   64   78   92  106  119  133  147
  162  177  190  198  202  201  196  191  186  184  184  184  184  181  175  167
  157  146  140  130  124  106   98   94   88                                   
    52.5-180.0 180.0   5.0 450.0                            LAT/LON1/LON2/DLON/H
   98   73   61   50   44   40   39   38   37   37   37   39   41   44   47   49
   50   49   47   44   42   40   40   41   42   43   42   41   39   37   37   37
   39   41   43   44   44   46   49   56   67   79   93  107  120  133  146  159
  174  188  200  208  210  208  203  198  195  195  197  200  201  197  190  181
  169  156  149  139  132  114  106  101   98                                   
    50.0-180.0 180.0   5.0 450.0                            LAT/LON1/LON2/DLON/H
  108   82   69   57   50   45   42   40   39   38   38   40   42   44   47   50
   51   50   48   45   42   41   41   42   44   44   44   42   40   39   38   40
   43   47   51   54   56   59   64   72   83   96  110  123  134  146  158  171
  185  199  210  217  219  217  211  207  205  206  210  214  214  210  202  191
  177  164  155  145  139  122  115  110  108                                   
    47.5-180.0 180.0   5.0 450.0                            LAT/LON1/LON2/DLON/H
  116   92   78   68   59   54   50   46   44   42   42   43   45   47   49   51
   52   51   49   47   46   46   47   50   52   53   52   50   47   44   43   45
   48   53   59   64   69   73   79   88  100  112  125  137  148  158  170  182
  196  209  220  227  228  225  220  215  213  215  219  222  221  215  205  193
  179  166  157  146  141  126  122  119  116                                   
    45.0-180.0 180.0   5.0 450.0                            LAT/LON1/LON2/DLON/H
  121  100   88   81   72   67   61   56   53   50   50   51   51   52   53   54
   54   53   52   52   53   55   59   63   66   68   66   63   58   53   50   50
   52   58   65   72   78   84   92  102  114  127  139  150  159  169  180  193
  206  219  229  235  236  233  227  222  220  220  222  223  219  212  200  188
  174  162  153  143  139  126  123  123  121                                   
    42.5-180.0 180.0   5.0 450.0                            LAT/LON1/LON2/DLON/H
  120  104   96   92   85   81   75   70   65   63   62   62   62   62   61   60
   59   58   58   59   63   69   75   81   85   86   83   78   71   63   57   54
   55   60   67   75   83   91  101  113  127  140  152  162  171  180  191  203
  215  227  236  242  244  241  235  229  224  223  222  219  212  203  191  179
  168  157  148  137  132  120  118  120  120                                   
    40.0-180.0 180.0   5.0 450.0                            LAT/LON1/LON2/DLON/H
  115  104   98   99   95   92   87   83   79   77   76   77   77   75   72   69
   67   65   66   70   76   84   92   99  103  103   99   91   82   71   62   57
   56   60   67   76   85   95  107  122  137  152  164  174  182  191  201  212
  223  233  242  248  250  248  243  236  231  227  223  217  208  197  185  176
  167  157  147  134  125  110  109  112  115                                   
    37.5-180.0 180.0   5.0 450.0                            LAT/LON1/LON2/DLON/H
  108   97   94   96   96   96   94   91   89   89   90   93   92   90   86   82
   78   76   77   82   90  100  108  114  116  115  110  101   90   77   66   59
   57   59   66   75   85   97  112  129  147  163  176  186  195  203  212  221
  230  239  247  254  258  259  255  250  244  238  233  225  215  205  196  189
  182  172  161  142  127  105  101  103  108                                   
    35.0-180.0 180.0   5.0 450.0                            LAT/LON1/LON2/DLON/H
  101   88   84   87   89   91   91   91   92   94   99  104  106  104  100   95
   91   89   90   96  104  113  121  125  124  121  115  106   94   82   70   62
   58   59   65   74   85   99  115  135  156  175  190  200  209  216  224  231
  238  245  253  262  270  275  275  272  268  263  258  251  243  235  229  227
  222  211  197  171  148  111  102  101  101                                   
    32.5-180.0 180.0   5.0 450.0                            LAT/LON1/LON2/DLON/H
  100   79   73   74   77   80   82   84   87   92   99  108  112  114  111  107
  104  102  104  109  116  124  128  129  126  121  115  107   97   85   74   65
   60   61   66   74   85  100  118  141  165  186  203  215  223  230  236  241
  246  253  262  275  288  298  304  305  304  302  299  295  291  288  287  288
  285  274  258  223  192  138  121  114  100                                   
    30.0-180.0 180.0   5.0 450.0                            LAT/LON1/LON2/DLON/H
  109   77   65   62   64   67   70   72   76   83   92  103  111  116  116  115
  113  112  114  118  124  129  130  128  123  117  112  106   98   88   78   69
   64   64   67   75   86  101  121  146  172  196  215  229  238  244  249  253
  258  265  277  294  313  329  341  347  350  352  353  354  354  356  360  364
  362  352  334  292  255  186  160  144  109                                   
    27.5-180.0 180.0   5.0 450.0                            LAT/LON1/LON2/DLON/H
  130   85   66   58   57   58   61   62   65   71   81   93  103  110  114  115
  115  116  118  121  125  127  126  122  117  113  109  104   99   91   83   75
   70   68   71   77   87  102  123  149  177  204  226  241  251  258  264  267
  272  280  296  319  343  366  382  393  401  408  414  419  425  432  440  446
  444  433  413  368  327  249  214  193  130                                   
    25.0-180.0 180.0   5.0 450.0                            LAT/LON1/LON2/DLON/H
  166  108   79   64   60   58   58   58   59   63   71   81   91   99  105  108
  111  113  115  117  119  120  119  116  112  109  107  105  102   97   90   84
   78   75   75   79   88  103  123  150  180  209  233  250  263  272  278  283
  289  301  321  348  378  404  424  439  451  462  473  484  496  507  517  523
  522  510  487  442  400  320  278  256  166                                   
    22.5-180.0 180.0   5.0 450.0                            LAT/LON1/LON2/DLON/H
  212  145  108   87   76   71   68   65   62   62   66   73   80   87   93   98
  101  103  105  107  109  110  110  109  109  109  109  109  108  105  101   94
   87   81   78   80   88  101  122  148  179  210  236  257  272  284  293  301
  310  326  350  381  413  441  463  480  495  510  525  540  555  568  580  585
  583  572  549  508  468  391  345  327  212                                   
    20.0-180.0 180.0   5.0 450.0                            LAT/LON1/LON2/DLON/H
  265  193  149  124  107   98   92   86   79   74   72   73   76   80   84   88
   90   92   93   95   97  100  103  106  109  112  116  118  119  117  112  104
   94   85   79   78   84   97  118  145  176  208  237  261  280  295  308  320
  334  353  381  413  444  472  493  510  526  543  559  576  592  606  616  619
  615  606  586  555  518  454  411  399  265                                   
    17.5-180.0 180.0   5.0 450.0                            LAT/LON1/LON2/DLON/H
  317  246  200  172  150  138  130  123  113  102   93   88   84   83   84   84
   84   84   85   86   89   94  100  106  114  121  127  130  131  128  121  111
   98   86   77   74   79   92  113  140  172  206  237  264  286  305  322  339
  357  380  408  439  468  491  509  524  539  555  571  587  601  612  619  620
  614  606  593  573  545  500  465  458  317                                   
    15.0-180.0 180.0   5.0 450.0                            LAT/LON1/LON2/DLON/H
  360  299  256  227  200  186  178  172  160  146  131  118  108  101   96   92
   88   86   85   85   88   94  102  112  123  133  141  144  143  137  128  115
  100   85   74   70   75   89  110  138  170  204  236  265  291  313  334  354
  376  401  429  456  480  498  511  523  535  548  560  572  582  590  593  591
  584  579  573  564  547  521  499  494  360                                   
    12.5-180.0 180.0   5.0 450.0                            LAT/LON1/LON2/DLON/H
  394  346  311  281  252  236  227  223  212  198  180  164  148  135  124  114
  106  100   96   95   97  102  111  123  137  149  156  156  151  142  131  117
  101   86   74   69   74   89  111  139  170  204  236  266  293  318  342  365
  389  414  440  464  482  495  504  512  521  529  537  544  549  553  552  547
  541  538  537  538  531  522  508  504  394                                   
    10.0-180.0 180.0   5.0 450.0                            LAT/LON1/LON2/DLON/H
  417  385  358  328  300  281  272  269  260  247  231  215  198  182  166  152
  139  129  122  119  118  121  129  141  153  163  167  165  156  145  132  119
  104   89   77   72   77   92  114  142  172  204  235  265  293  320  345  370
  394  420  444  464  478  488  495  501  507  512  515  517  519  519  516  510
  504  502  505  510  511  510  501  495  417                                   
     7.5-180.0 180.0   5.0 450.0                            LAT/LON1/LON2/DLON/H
  433  414  394  362  337  316  303  300  293  284  272  261  248  233  216  199
  184  171  162  155  150  149  153  160  168  173  174  168  157  145  133  121
