data/edconvlstm_nd/pred3300.15i
     1.0            IONOSPHERE MAPS     GNSS                IONEX VERSION / TYPE
pyspatialgeodesy        IME             05-JAN-18 20:20     PGM / RUN BY / DATE 
Map Name                                                    COMMENT             
Predicted global ionosphere maps (GIM).                     DESCRIPTION         
  2015    11    26     0     0     0                        EPOCH OF FIRST MAP  
  2015    11    27     0     0     0                        EPOCH OF LAST MAP   
  7200                                                      INTERVAL            
    13                                                      # OF MAPS IN FILE   
  NONE                                                      MAPPING FUNCTION    
10.0                                                        ELEVATION CUTOFF    
One-way carrier phase leveled to code                       OBSERVABLES USED    
  6371.0                                                    BASE RADIUS         
 2                                                          MAP DIMENSION       
   450.0 450.0   0.0                                        HGT1 / HGT2 / DHGT  
    87.5 -87.5  -2.5                                        LAT1 / LAT2 / DLAT  
  -180.0 180.0   5.0                                        LON1 / LON2 / DLON  
    -1                                                      EXPONENT            
                                                            END OF HEADER       
     1                                                      START OF TEC MAP    
  2015    11    26     0     0     0                        EPOCH OF CURRENT MAP
    87.5-180.0 180.0   5.0 450.0                            LAT/LON1/LON2/DLON/H
   75   66   46   37   34   44   39   37   38   38   38   39   39   40   40   40
   40   41   41   41   41   41   41   41   41   41   41   41   41   41   40   40
   40   40   40   39   39   39   39   39   39   39   39   39   39   39   39   39
   39   39   39   39   38   38   38   38   37   37   36   36   35   35   34   34
   34   33   32   34   24   47   48   46   75                                   
    85.0-180.0 180.0   5.0 450.0                            LAT/LON1/LON2/DLON/H
   57   60   40   39   39   50   46   44   45   45   45   46   46   47   47   47
   48   48   48   48   48   48   48   48   48   47   47   46   46   45   45   44
   44   44   44   43   43   43   43   43   44   44   44   45   45   45   46   46
   46   46   46   46   46   46   45   45   44   43   43   42   41   40   40   39
   39   38   39   44   48   55   66   54   57                                   
    82.5-180.0 180.0   5.0 450.0                            LAT/LON1/LON2/DLON/H
   41   29   36   32   31   42   37   33   36   35   36   37   38   38   38   38
   38   38   37   37   36   35   34   32   31   30   29   28   27   26   25   24
   24   24   24   24   24   25   25   26   27   28   29   30   31   32   33   34
   35   35   35   35   35   34   34   33   32   31   30   29   28   27   26   26
   25   25   25   26   34   34   48   52   41                                   
    80.0-180.0 180.0   5.0 450.0                            LAT/LON1/LON2/DLON/H
   50   41   46   37   41   45   42   39   42   42   43   44   45   45   45   44
   44   43   41   40   39   37   35   34   32   31   29   28   26   25   25   24
   24   24   23   24   24   24   25   26   27   28   29   30   32   33   34   35
   36   37   37   37   36   36   35   34   33   32   31   29   28   28   27   27
   27   26   28   28   43   39   55   72   50                                   
    77.5-180.0 180.0   5.0 450.0                            LAT/LON1/LON2/DLON/H
   62   59   52   49   50   52   48   47   51   50   52   53   54   54   53   53
   52   50   49   47   45   42   40   38   35   33   31   29   27   26   25   24
   24   24   24   24   24   24   25   25   26   27   28   29   31   32   34   35
   36   37   37   37   37   36   35   34   33   32   30   29   28   28   28   27
   27   29   32   34   40   47   56   76   62                                   
    75.0-180.0 180.0   5.0 450.0                            LAT/LON1/LON2/DLON/H
   78   70   74   70   66   69   64   63   67   66   66   67   66   65   63   61
   58   56   53   50   47   44   42   39   36   34   32   30   29   28   27   27
   26   26   26   26   25   25   25   25   26   26   27   28   30   31   33   34
   36   36   37   37   37   36   36   35   34   33   32   32   31   31   32   32
   32   36   41   41   50   64   70   83   78                                   
    72.5-180.0 180.0   5.0 450.0                            LAT/LON1/LON2/DLON/H
   92   89   94   89   85   84   81   81   83   81   80   79   77   74   71   67
   64   60   57   54   51   48   46   43   40   38   36   34   33   32   31   31
   30   29   28   27   26   25   24   23   23   23   23   24   25   27   28   30
   31   32   33   33   33   33   32   32   31   31   31   31   31   32   34   36
   38   42   53   56   67   79   88  102   92                                   
    70.0-180.0 180.0   5.0 450.0                            LAT/LON1/LON2/DLON/H
  112  112  117  113  107  105  101   99  101   97   94   92   87   82   77   71
   66   62   57   54   51   49   46   44   41   39   38   37   36   35   35   34
   33   31   30   28   26   24   23   22   21   21   21   22   23   24   26   27
   29   30   31   31   32   32   33   33   33   34   35   36   37   39   42   46
   48   54   66   72   84   99  104  116  112                                   
    67.5-180.0 180.0   5.0 450.0                            LAT/LON1/LON2/DLON/H
  131  133  135  131  123  119  113  111  110  105  101   97   90   83   75   68
   62   57   53   50   47   45   43   40   38   37   35   34   34   33   33   32
   30   28   25   22   20   18   17   16   15   15   15   16   17   18   19   20
   22   23   24   25   26   27   28   29   31   33   35   38   40   43   47   52
   55   62   76   84   99  113  118  129  131                                   
    65.0-180.0 180.0   5.0 450.0                            LAT/LON1/LON2/DLON/H
  147  147  145  141  134  128  119  117  116  111  106  101   93   84   75   67
   60   55   51   48   46   43   40   38   35   33   32   31   31   30   29   28
   26   23   20   17   14   12   12   11   12   12   13   13   14   15   16   17
   18   19   20   21   23   24   26   29   32   35   39   44   48   52   56   61
   65   72   85   94  110  125  131  142  147                                   
    62.5-180.0 180.0   5.0 450.0                            LAT/LON1/LON2/DLON/H
  159  157  153  148  140  133  124  122  121  116  111  105   96   87   78   69
   62   57   54   50   47   43   40   36   33   31   29   28   28   28   27   25
   23   20   16   13   11   10   10   11   12   13   15   15   16   17   17   18
   18   19   19   20   22   24   27   31   36   41   47   53   59   64   69   73
   77   82   94  102  116  132  138  150  159                                   
    60.0-180.0 180.0   5.0 450.0                            LAT/LON1/LON2/DLON/H
  165  162  156  151  143  135  125  123  123  118  113  107   98   89   81   73
   67   62   58   54   49   44   39   34   30   28   26   26   26   26   25   23
   21   18   15   12   11   11   11   13   15   18   19   21   21   21   21   20
   20   20   20   21   22   25   29   34   41   48   55   63   69   75   81   85
   87   92  102  107  119  133  141  153  165                                   
    57.5-180.0 180.0   5.0 450.0                            LAT/LON1/LON2/DLON/H
  168  165  159  154  146  138  128  126  125  119  114  108  100   92   85   78
   73   69   64   58   52   45   38   33   29   26   25   25   26   26   26   24
   22   19   17   15   15   15   17   19   22   25   28   29   29   29   27   26
   24   23   23   23   25   28   32   39   47   55   64   72   80   86   92   97
   99  102  110  113  123  133  141  155  168                                   
    55.0-180.0 180.0   5.0 450.0                            LAT/LON1/LON2/DLON/H
  171  169  164  160  153  144  134  131  128  122  115  109  101   94   89   84
   80   76   70   63   54   46   38   33   29   27   27   28   29   30   29   28
   26   24   23   23   23   24   27   30   33   36   39   40   40   39   37   34
   32   30   29   29   30   33   39   46   54   63   71   80   88   96  103  108
  110  112  119  121  128  135  143  158  171                                   
    52.5-180.0 180.0   5.0 450.0                            LAT/LON1/LON2/DLON/H
  176  176  172  169  163  155  145  141  136  127  118  110  103   97   93   90
   86   81   75   66   56   47   40   35   32   32   33   35   36   37   37   35
   34   33   33   34   36   38   40   43   46   49   52   53   53   51   49   45
   42   40   38   37   39   42   47   54   61   69   77   85   93  102  110  117
  120  123  129  130  135  140  147  163  176                                   
    50.0-180.0 180.0   5.0 450.0                            LAT/LON1/LON2/DLON/H
  182  184  181  181  178  171  162  156  149  136  124  114  106  100   97   95
   91   85   77   68   58   49   43   40   40   42   44   46   47   47   46   45
   44   44   46   49   51   54   56   57   60   62   65   66   66   65   62   59
   56   53   51   50   51   54   58   63   69   75   81   89   97  105  115  123
  128  132  139  140  145  149  154  170  182                                   
    47.5-180.0 180.0   5.0 450.0                            LAT/LON1/LON2/DLON/H
  187  193  191  194  194  189  182  175  165  149  134  121  111  105  101   99
   94   87   78   69   60   54   51   50   52   55   58   59   59   57   55   53
   53   55   58   63   66   69   70   70   71   73   75   77   78   78   76   74
   72   69   67   66   67   69   71   75   78   82   87   93  100  109  118  128
  134  140  148  150  155  158  163  178  187                                   
    45.0-180.0 180.0   5.0 450.0                            LAT/LON1/LON2/DLON/H
  189  197  195  203  206  204  199  193  182  164  146  131  119  111  107  102
   96   88   79   71   65   62   62   64   68   71   73   72   69   65   61   59
   59   62   68   73   78   80   80   79   79   80   83   86   88   89   89   89
   88   86   85   84   84   84   86   88   90   92   95   99  105  112  122  132
  139  147  155  157  163  167  171  184  189                                   
    42.5-180.0 180.0   5.0 450.0                            LAT/LON1/LON2/DLON/H
  187  194  193  204  209  210  208  205  195  177  159  142  129  120  113  106
   98   89   81   76   73   74   77   81   85   87   86   81   75   68   63   60
   61   65   72   78   83   85   85   83   83   84   87   91   94   97   99  101
  101  101  100   99   99   99   99  100  101  102  104  107  112  118  126  135
  143  151  160  163  168  174  176  188  187                                   
    40.0-180.0 180.0   5.0 450.0                            LAT/LON1/LON2/DLON/H
  181  185  183  194  201  204  205  206  200  185  168  153  140  129  121  112
  102   93   87   84   86   89   94   98   99   97   92   84   75   67   62   60
   61   66   73   79   84   86   86   84   83   85   88   93   98  102  105  108
  110  111  111  110  109  109  109  110  111  112  114  117  121  126  133  140
  146  153  163  167  172  177  180  191  181                                   
    37.5-180.0 180.0   5.0 450.0                            LAT/LON1/LON2/DLON/H
  174  174  170  178  183  187  189  194  194  184  172  161  149  139  129  119
  109  101   97   98  102  107  110  110  107  100   90   81   71   64   61   60
   63   67   73   79   83   85   84   83   83   85   89   94   99  103  107  111
  113  114  114  114  113  114  114  116  118  120  123  127  132  136  142  147
  152  157  167  172  176  181  184  195  174                                   
    35.0-180.0 180.0   5.0 450.0                            LAT/LON1/LON2/DLON/H
  173  168  162  162  163  165  168  175  180  176  171  164  156  148  138  127
  117  111  110  114  119  122  121  115  105   95   84   75   68   65   64   66
   70   74   78   82   85   85   84   83   84   86   90   94   98  102  105  108
  111  112  112  111  112  113  115  118  122  126  132  138  144  149  154  159
  161  166  176  180  184  190  195  207  173                                   
    32.5-180.0 180.0   5.0 450.0                            LAT/LON1/LON2/DLON/H
  184  176  167  158  151  149  150  157  165  166  165  163  160  154  146  136
  128  123  125  129  133  131  123  111   98   86   77   72   70   71   76   81
   86   89   91   91   91   89   88   86   87   89   92   95   97   99  101  103
  104  105  105  105  106  108  112  117  124  131  140  149  157  164  170  175
  177  180  191  196  201  208  216  229  184                                   
    30.0-180.0 180.0   5.0 450.0                            LAT/LON1/LON2/DLON/H
  213  204  190  172  157  149  145  149  156  158  160  162  162  158  152  144
  137  135  137  140  139  130  116  101   89   80   76   76   81   88   98  107
  112  114  112  108  103   98   94   92   92   93   95   96   96   96   96   96
   96   96   96   97   99  102  108  115  124  135  147  159  171  180  189  195
  197  202  213  219  228  236  246  262  213                                   
    27.5-180.0 180.0   5.0 450.0                            LAT/LON1/LON2/DLON/H
  264  257  235  209  188  172  161  159  160  160  161  162  163  161  156  150
  145  144  144  143  135  121  104   91   84   82   86   93  104  117  131  143
  148  147  139  128  118  109  103  100   99   99   99   98   96   93   92   91
   90   89   88   89   91   96  104  113  125  139  154  169  184  198  209  218
  223  229  242  248  263  275  286  305  264                                   
    25.0-180.0 180.0   5.0 450.0                            LAT/LON1/LON2/DLON/H
  336  332  303  271  246  221  201  188  181  175  170  168  167  164  160  155
  150  148  145  137  124  107   93   86   88   96  109  123  139  156  173  184
  187  181  166  149  132  120  112  107  105  103  102   99   96   92   89   87
   85   83   82   82   86   92  102  114  128  144  162  180  198  215  230  242
  251  261  274  281  302  320  331  355  336                                   
    22.5-180.0 180.0   5.0 450.0                            LAT/LON1/LON2/DLON/H
  419  422  390  356  329  296  265  240  222  205  192  183  177  171  166  160
  154  148  140  127  110   95   88   92  105  125  146  166  184  200  214  222
  220  207  186  162  141  126  117  112  109  106  103  100   96   91   88   85
   82   79   77   78   82   90  102  117  133  152  172  192  212  232  250  267
  279  293  308  316  342  368  381  408  419                                   
    20.0-180.0 180.0   5.0 450.0                            LAT/LON1/LON2/DLON/H
  497  512  488  457  430  393  351  314  281  253  228  209  195  184  176  168
  159  149  135  119  103   94   97  112  138  168  195  216  230  239  245  245
  236  216  190  163  140  125  117  113  110  107  103   99   95   91   87   83
   79   76   74   75   80   90  104  122  142  163  184  206  228  249  270  290
  306  322  339  348  377  410  428  458  497                                   
    17.5-180.0 180.0   5.0 450.0                            LAT/LON1/LON2/DLON/H
  556  588  578  557  533  497  450  403  358  316  278  247  224  207  193  181
  169  155  138  121  109  108  122  149  187  223  250  263  265  261  256  246
  230  206  178  151  131  119  113  110  108  106  102   99   95   91   87   82
   78   74   72   73   79   90  107  129  152  175  197  220  242  265  288  310
  329  347  365  376  404  440  466  496  556                                   
    15.0-180.0 180.0   5.0 450.0                            LAT/LON1/LON2/DLON/H
  589  635  640  631  615  586  542  492  441  389  339  296  263  238  219  203
  188  171  153  138  132  140  164  203  246  281  297  293  278  260  243  225
  205  180  154  133  118  111  108  107  106  104  102   99   96   92   88   84
   79   75   73   74   81   93  112  136  162  186  209  231  254  278  302  324
  345  364  383  396  422  457  487  516  589                                   
    12.5-180.0 180.0   5.0 450.0                            LAT/LON1/LON2/DLON/H
  594  646  662  663  657  638  604  563  515  460  403  352  309  277  252  233
  215  198  182  172  173  190  223  267  307  328  323  300  268  237  212  190
  169  148  129  115  107  105  106  107  107  106  104  101   98   95   91   87
   83   80   78   79   85   99  119  144  170  195  217  239  261  285  309  331
  352  373  393  407  431  461  492  518  594                                   
    10.0-180.0 180.0   5.0 450.0                            LAT/LON1/LON2/DLON/H
  577  626  646  651  654  646  627  600  564  515  460  406  359  322  293  270
  251  236  224  221  231  256  293  331  354  351  323  281  238  202  173  152
  135  122  112  107  105  107  111  113  113  112  110  108  105  101   98   94
   90   87   86   87   93  106  126  151  176  200  221  242  264  288  311  333
  353  375  395  412  432  455  484  507  577                                   
     7.5-180.0 180.0   5.0 450.0                            LAT/LON1/LON2/DLON/H
  547  589  605  610  617  617  611  601  581  547  501  452  407  369  339  315
  297  284  279  284  301  329  360  380  375  345  297  246  200  165  141  125
