data/edconvlstm_nd/pred2410.15i
     1.0            IONOSPHERE MAPS     GNSS                IONEX VERSION / TYPE
pyspatialgeodesy        IME             05-JAN-18 20:20     PGM / RUN BY / DATE 
Map Name                                                    COMMENT             
Predicted global ionosphere maps (GIM).                     DESCRIPTION         
  2015     8    29     0     0     0                        EPOCH OF FIRST MAP  
  2015     8    30     0     0     0                        EPOCH OF LAST MAP   
  7200                                                      INTERVAL            
    13                                                      # OF MAPS IN FILE   
  NONE                                                      MAPPING FUNCTION    
10.0                                                        ELEVATION CUTOFF    
One-way carrier phase leveled to code                       OBSERVABLES USED    
  6371.0                                                    BASE RADIUS         
 2                                                          MAP DIMENSION       
   450.0 450.0   0.0                                        HGT1 / HGT2 / DHGT  
    87.5 -87.5  -2.5                                        LAT1 / LAT2 / DLAT  
  -180.0 180.0   5.0                                        LON1 / LON2 / DLON  
    -1                                                      EXPONENT            
                                                            END OF HEADER       
[from data line 3003]
     8                                                      START OF TEC MAP    
  2015     8    29    14     0     0                        EPOCH OF CURRENT MAP
    87.5-180.0 180.0   5.0 450.0                            LAT/LON1/LON2/DLON/H
   80   87   86   89   93   92   90   86   86   88   87   88   87   87   87   87
   87   88   88   88   88   88   88   88   88   88   88   88   88   88   88   88
   88   88   88   88   88   88   88   88   88   88   88   88   88   88   88   88
   88   87   87   87   87   87   87   86   86   86   87   87   87   87   87   87
   88   89   87   84   89   86   99   97   80                                   
    85.0-180.0 180.0   5.0 450.0                            LAT/LON1/LON2/DLON/H
   85   89  101   86   86   89   88   89   89   90   89   89   89   89   89   90
   90   90   91   91   91   92   92   93   93   93   94   94   94   94   94   94
   94   94   94   94   94   94   94   94   94   94   94   94   94   94   93   93
   92   92   91   91   91   90   90   89   89   89   88   88   88   88   88   89
   90   90   85   82   83   84   92   92   85                                   
    82.5-180.0 180.0   5.0 450.0                            LAT/LON1/LON2/DLON/H
   76   84   89   81   81   84   85   84   84   84   84   84   84   84   84   84
   85   85   86   87   87   88   89   90   91   91   92   92   93   93   93   93
   93   93   93   93   93   94   94   94   94   94   94   94   94   94   93   93
   92   91   91   90   89   88   88   87   86   86   85   85   85   85   85   85
   86   86   82   80   82   89   85   82   76                                   
    80.0-180.0 180.0   5.0 450.0                            LAT/LON1/LON2/DLON/H
   70   73   79   74   72   71   72   73   73   73   73   73   73   73   73   73
   74   75   76   77   79   80   82   83   85   86   87   87   88   88   88   88
   87   87   87   88   88   88   89   89   90   90   91   91   90   90   89   89
   88   87   86   85   84   83   81   80   79   78   77   77   76   76   76   76
   78   78   77   75   74   80   82   82   70                                   
    77.5-180.0 180.0   5.0 450.0                            LAT/LON1/LON2/DLON/H
   74   74   73   69   67   67   67   67   67   66   64   65   64   64   65   65
   66   68   70   72   74   76   78   81   82   84   85   86   86   86   86   85
   85   85   85   85   86   86   87   88   89   90   90   90   90   90   89   88
   87   86   85   84   82   81   79   77   75   74   72   71   70   70   70   70
   71   71   71   72   72   73   76   77   74                                   
    75.0-180.0 180.0   5.0 450.0                            LAT/LON1/LON2/DLON/H
   66   68   65   63   62   63   62   60   60   60   58   58   57   57   57   57
   58   60   62   65   68   71   74   77   80   82   83   84   84   84   83   82
   82   81   81   81   82   83   85   86   87   88   89   89   88   88   87   86
   85   84   83   82   81   80   78   76   74   72   70   68   67   66   66   66
   67   68   68   66   69   69   72   66   66                                   
    72.5-180.0 180.0   5.0 450.0                            LAT/LON1/LON2/DLON/H
   64   65   62   63   60   62   62   60   58   57   55   55   53   53   52   53
   54   55   58   61   65   69   73   76   80   82   84   85   85   84   83   82
   81   81   80   81   82   83   85   86   87   88   88   88   87   86   85   85
   84   83   83   82   81   79   78   75   73   70   68   66   64   63   63   63
   64   64   65   64   65   68   69   68   64                                   
    70.0-180.0 180.0   5.0 450.0                            LAT/LON1/LON2/DLON/H
   62   63   61   61   59   59   59   58   58   57   55   55   53   52   51   51
   52   53   56   59   64   68   73   77   81   84   86   87   88   87   86   84
   83   82   81   82   83   84   86   87   88   88   88   87   86   84   83   82
   82   81   81   81   81   80   78   76   74   71   68   65   63   62   61   61
   62   61   63   62   64   66   70   69   62                                   
    67.5-180.0 180.0   5.0 450.0                            LAT/LON1/LON2/DLON/H
   60   61   60   61   60   61   61   61   61   60   59   59   58   56   55   55
   55   56   59   62   66   71   75   80   84   87   89   91   91   90   89   87
   85   84   83   83   84   85   86   87   87   87   86   84   82   80   79   78
   78   78   79   79   79   79   78   76   73   70   67   65   62   61   60   60
   60   59   60   58   59   62   65   63   60                                   
    65.0-180.0 180.0   5.0 450.0                            LAT/LON1/LON2/DLON/H
   58   60   58   60   59   61   61   62   63   64   64   64   64   63   62   61
   61   62   64   67   71   75   79   83   87   91   93   95   95   95   94   92
   90   88   87   86   87   87   88   88   88   87   85   83   80   78   76   76
   76   76   77   78   79   79   78   76   73   70   67   65   62   60   59   58
   58   57   57   56   58   61   65   63   58                                   
    62.5-180.0 180.0   5.0 450.0                            LAT/LON1/LON2/DLON/H
   56   58   57   59   59   61   61   62   64   66   67   69   69   69   69   68
   68   69   70   73   76   80   83   87   90   93   96   98   99   99   98   96
   94   92   91   90   89   89   89   89   88   86   84   81   79   76   75   74
   74   75   76   78   78   78   77   75   73   70   67   64   62   59   57   56
   55   54   54   52   54   57   61   60   56                                   
    60.0-180.0 180.0   5.0 450.0                            LAT/LON1/LON2/DLON/H
   55   56   55   58   57   58   58   59   61   64   66   70   72   73   74   74
   74   75   76   78   80   83   85   88   91   94   97   99  101  102  101  100
   98   96   94   93   92   92   91   90   88   86   84   81   78   76   74   74
   74   75   77   78   78   78   76   74   72   69   66   63   61   58   55   53
   51   49   49   47   49   53   58   57   55                                   
    57.5-180.0 180.0   5.0 450.0                            LAT/LON1/LON2/DLON/H
   54   55   54   57   55   56   55   55   57   60   63   68   72   75   77   78
   79   80   81   83   84   85   87   89   91   94   97  100  103  104  105  105
  103  102  101   99   98   97   96   94   92   90   87   84   82   80   79   79
   79   80   81   82   81   80   79   76   74   71   69   66   63   60   56   54
   51   48   47   44   47   50   55   55   54                                   
    55.0-180.0 180.0   5.0 450.0                            LAT/LON1/LON2/DLON/H
   54   54   54   56   54   53   51   50   51   53   57   63   68   73   76   79
   81   82   84   85   86   87   87   88   89   92   96  100  103  106  108  109
  109  108  107  106  105  104  102  100   98   95   93   90   88   87   87   87
   87   88   88   88   86   85   83   80   78   75   73   70   67   64   60   56
   53   49   47   44   45   48   53   53   54                                   
    52.5-180.0 180.0   5.0 450.0                            LAT/LON1/LON2/DLON/H
   53   53   55   56   53   52   49   47   45   47   50   56   62   68   73   77
   80   83   85   86   87   87   86   86   88   90   94   99  103  107  110  112
  113  114  115  115  114  113  111  109  106  104  101   99   97   96   96   96
   97   97   96   95   93   91   89   86   84   82   80   78   75   71   67   63
   58   53   51   46   47   48   52   53   53                                   
    50.0-180.0 180.0   5.0 450.0                            LAT/LON1/LON2/DLON/H
   53   53   55   57   54   53   49   45   42   43   45   51   57   63   69   74
   78   82   85   86   87   86   86   85   87   90   94   99  104  108  112  115
  118  121  123  124  125  124  122  120  117  114  111  109  107  106  107  107
  107  107  106  104  102   99   96   94   92   91   90   88   85   81   77   72
   67   62   58   52   51   51   54   54   53                                   
    47.5-180.0 180.0   5.0 450.0                            LAT/LON1/LON2/DLON/H
   53   53   55   57   55   54   51   47   43   42   43   48   53   60   65   71
   76   80   84   86   87   86   86   86   87   90   95  100  105  109  114  118
  123  127  131  135  136  137  136  134  131  127  123  120  118  117  117  117
  117  117  115  113  110  108  105  103  102  101  101  100   98   94   89   85
   79   73   68   61   58   56   57   57   53                                   
    45.0-180.0 180.0   5.0 450.0                            LAT/LON1/LON2/DLON/H
   53   53   54   58   56   56   54   50   46   44   44   48   53   59   64   69
   74   79   83   86   88   87   87   87   90   93   98  103  107  112  117  122
  128  135  141  146  149  150  150  149  146  142  137  132  129  128  127  128
  128  127  125  123  120  117  114  112  112  112  112  112  110  107  103   98
   93   86   81   72   67   62   62   60   53                                   
    42.5-180.0 180.0   5.0 450.0                            LAT/LON1/LON2/DLON/H
   53   53   52   58   57   59   57   55   51   50   49   52   56   61   65   70
   75   80   85   88   89   90   90   91   94   99  104  108  112  116  121  127
  135  143  151  158  163  165  167  166  163  158  152  146  142  139  139  139
  139  138  136  133  129  126  123  121  121  121  122  122  122  120  116  112
  106   99   93   83   76   70   68   64   53                                   
    40.0-180.0 180.0   5.0 450.0                            LAT/LON1/LON2/DLON/H
   55   54   52   57   58   60   60   60   57   56   56   59   62   66   69   73
   78   83   88   91   93   93   94   96  100  106  111  116  119  123  127  134
  143  153  163  171  178  182  184  184  181  176  170  163  157  154  153  153
  153  151  148  145  140  136  133  130  129  129  130  131  131  130  127  123
  118  111  104   94   85   77   74   69   55                                   
    37.5-180.0 180.0   5.0 450.0                            LAT/LON1/LON2/DLON/H
   59   58   54   58   59   62   63   64   63   63   63   66   69   72   75   78
   83   89   94   97   97   97   98  102  107  114  120  125  128  132  137  145
  155  167  178  188  195  200  203  203  202  197  190  183  177  173  172  172
  171  168  164  159  153  147  142  138  135  135  135  136  137  136  135  132
  127  120  113  103   93   85   81   75   59                                   
    35.0-180.0 180.0   5.0 450.0                            LAT/LON1/LON2/DLON/H
   67   65   59   61   61   63   65   66   67   68   69   72   75   78   82   85
   91   96  101  103  103  102  103  107  114  122  129  135  139  143  150  159
  172  185  197  207  215  220  223  225  224  221  214  208  202  199  198  197
  194  190  183  176  167  159  152  145  141  138  138  139  140  140  139  137
  133  127  120  111  101   94   90   83   67                                   
    32.5-180.0 180.0   5.0 450.0                            LAT/LON1/LON2/DLON/H
   78   76   69   68   66   66   67   68   69   70   72   76   80   84   89   93
   99  105  110  111  110  108  108  113  120  129  137  144  150  157  165  177
  192  207  220  231  238  243  247  250  250  248  243  238  233  231  229  227
  223  216  206  195  183  172  162  153  146  141  139  139  140  140  140  139
  136  131  126  117  110  104  102   93   78                                   
    30.0-180.0 180.0   5.0 450.0                            LAT/LON1/LON2/DLON/H
   92   90   84   78   73   71   70   70   70   71   74   79   84   90   95  102
  109  116  120  120  117  114  114  118  126  135  145  154  162  172  184  199
  216  233  247  258  265  270  274  277  279  279  276  273  270  268  266  262
  255  245  231  216  200  186  172  160  151  144  140  139  139  139  140  139
  137  134  130  124  118  115  114  106   92                                   
    27.5-180.0 180.0   5.0 450.0                            LAT/LON1/LON2/DLON/H
  109  106  101   92   84   80   76   72   71   71   74   80   87   95  103  111
  120  127  131  130  126  121  120  124  131  141  152  163  175  188  204  222
  242  261  277  288  296  301  305  308  311  313  313  312  310  309  306  300
  290  275  257  237  217  199  183  169  157  147  142  139  138  138  139  139
  138  136  134  130  128  126  128  120  109                                   
    25.0-180.0 180.0   5.0 450.0                            LAT/LON1/LON2/DLON/H
  125  123  120  109   98   91   84   78   74   72   74   81   90  100  110  121
  131  139  143  141  136  131  128  131  138  148  159  172  187  205  225  247
  269  289  306  319  327  332  336  341  344  348  350  351  351  349  345  336
  323  304  282  257  234  212  193  177  163  152  144  140  138  138  138  139
  139  139  139  137  136  137  141  134  125                                   
    22.5-180.0 180.0   5.0 450.0                            LAT/LON1/LON2/DLON/H
  139  137  136  125  114  105   95   85   79   75   76   83   93  106  118  131
  142  150  154  153  147  142  139  141  146  155  167  182  200  222  246  271
  295  317  335  348  357  363  367  371  376  380  383  386  387  385  379  368
  351  329  303  274  247  223  203  185  170  158  149  144  141  140  140  141
  141  142  143  143  144  146  152  145  139                                   
    20.0-180.0 180.0   5.0 450.0                            LAT/LON1/LON2/DLON/H
  149  148  149  140  128  118  106   94   85   80   79   86   98  112  127  141
  153  162  166  165  160  154  151  153  157  165  177  193  215  239  266  293
  318  341  359  373  383  389  394  398  402  406  410  413  414  411  404  391
  372  348  319  288  258  232  211  194  179  166  157  151  147  145  144  144
  144  146  148  149  150  153  159  153  149                                   
    17.5-180.0 180.0   5.0 450.0                            LAT/LON1/LON2/DLON/H
  154  155  156  150  139  129  116  103   92   86   84   90  103  119  135  150
  163  172  177  176  172  168  166  166  170  178  189  207  230  257  285  312
  338  360  378  392  403  411  416  420  423  426  429  432  432  428  420  406
  387  361  331  299  268  243  222  205  190  178  168  161  156  152  150  149
  149  150  152  153  154  157  162  156  154                                   
    15.0-180.0 180.0   5.0 450.0                            LAT/LON1/LON2/DLON/H
  154  158  159  155  145  135  123  110   98   91   88   94  107  124  142  158
  171  181  186  187  185  182  181  182  186  192  204  222  246  274  302  329
  353  375  392  407  418  427  433  437  439  440  441  442  442  437  429  416
  398  374  344  313  282  256  236  220  206  194  183  175  169  163  158  156
  154  155  156  156  156  157  162  155  154                                   
    12.5-180.0 180.0   5.0 450.0                            LAT/LON1/LON2/DLON/H
  152  156  157  154  146  136  125  112  101   93   90   96  109  128  147  164
  178  188  195  197  197  196  196  198  202  210  222  240  264  291  318  344
  366  386  402  417  429  439  447  451  451  450  449  447  445  441  434  423
  408  387  360  329  300  274  254  238  224  211  200  191  183  175  168  164
  160  160  160  158  156  156  160  152  152                                   
    10.0-180.0 180.0   5.0 450.0                            LAT/LON1/LON2/DLON/H
  148  153  154  150  143  132  122  110  100   93   90   95  109  128  149  167
  182  194  202  207  209  210  212  215  220  228  241  259  282  308  333  356
  377  394  410  423  436  447  456  460  459  455  451  447  444  440  435  428
  417  400  376  347  318  293  272  255  241  228  217  206  196  186  177  171
  166  164  162  160  155  155  157  148  148                                   
     7.5-180.0 180.0   5.0 450.0                            LAT/LON1/LON2/DLON/H
  146  151  150  145  138  125  116  104   95   89   87   92  106  126  148  168
  185  199  210  217  221  224  228  232  238  247  260  278  300  324  346  367
