data/edconvlstm_nd/pred1360.15i
     1.0            IONOSPHERE MAPS     GNSS                IONEX VERSION / TYPE
pyspatialgeodesy        IME             05-JAN-18 20:20     PGM / RUN BY / DATE 
Map Name                                                    COMMENT             
Predicted global ionosphere maps (GIM).                     DESCRIPTION         
  2015     5    16     0     0     0                        EPOCH OF FIRST MAP  
  2015     5    17     0     0     0                        EPOCH OF LAST MAP   
  7200                                                      INTERVAL            
    13                                                      # OF MAPS IN FILE   
  NONE                                                      MAPPING FUNCTION    
10.0                                                        ELEVATION CUTOFF    
One-way carrier phase leveled to code                       OBSERVABLES USED    
  6371.0                                                    BASE RADIUS         
 2                                                          MAP DIMENSION       
   450.0 450.0   0.0                                        HGT1 / HGT2 / DHGT  
    87.5 -87.5  -2.5                                        LAT1 / LAT2 / DLAT  
  -180.0 180.0   5.0                                        LON1 / LON2 / DLON  
    -1                                                      EXPONENT            
                                                            END OF HEADER       
[from data line 3432]
     9                                                      START OF TEC MAP    
  2015     5    16    16     0     0                        EPOCH OF CURRENT MAP
    87.5-180.0 180.0   5.0 450.0                            LAT/LON1/LON2/DLON/H
  207  203  193  201  202  204  204  204  205  207  207  208  209  210  211  212
  212  213  213  214  214  214  214  214  213  213  212  211  210  209  208  207
  206  205  203  202  201  200  199  199  198  198  197  197  197  197  197  197
  198  198  198  198  199  199  199  199  199  199  199  199  199  199  199  198
  197  198  196  197  203  204  204  203  207                                   
    85.0-180.0 180.0   5.0 450.0                            LAT/LON1/LON2/DLON/H
  190  190  197  194  192  197  198  201  202  203  204  205  206  207  208  209
  210  211  212  213  213  214  214  214  214  214  213  212  212  210  209  208
  206  205  203  202  201  200  199  198  197  197  197  197  197  198  198  199
  199  200  201  201  202  202  202  203  203  203  202  202  202  201  200  200
  200  199  196  195  195  190  191  197  190                                   
    82.5-180.0 180.0   5.0 450.0                            LAT/LON1/LON2/DLON/H
  167  174  174  172  172  176  179  181  182  184  185  187  189  191  193  195
  197  199  201  203  204  206  207  208  209  209  209  208  207  206  204  202
  200  198  195  193  191  190  188  187  186  186  186  187  187  188  189  191
  192  193  195  196  197  198  198  199  199  198  198  197  196  194  193  191
  189  186  183  184  179  181  176  169  167                                   
    80.0-180.0 180.0   5.0 450.0                            LAT/LON1/LON2/DLON/H
  159  162  165  165  163  165  168  173  175  178  179  182  184  187  190  192
  195  198  201  204  207  209  212  213  215  216  216  216  214  213  211  208
  205  202  199  196  193  190  189  187  186  186  186  187  188  189  191  193
  194  196  198  200  201  202  203  203  203  203  202  200  199  197  194  192
  189  186  181  182  173  164  161  156  159                                   
    77.5-180.0 180.0   5.0 450.0                            LAT/LON1/LON2/DLON/H
  159  153  158  158  156  158  160  163  165  166  168  171  173  176  179  183
  187  191  195  199  204  208  212  216  219  221  222  223  222  221  219  216
  213  209  205  202  198  195  193  191  190  189  190  190  191  193  194  196
  199  201  203  205  206  207  208  208  207  206  205  203  201  198  196  192
  188  184  179  178  174  161  157  156  159                                   
    75.0-180.0 180.0   5.0 450.0                            LAT/LON1/LON2/DLON/H
  162  161  162  162  160  162  162  163  165  166  166  168  170  172  175  178
  182  187  192  198  204  210  216  221  226  229  232  233  234  233  232  229
  225  221  217  213  209  206  203  201  200  199  199  199  200  201  203  204
  206  208  209  211  212  212  212  212  211  210  208  207  204  202  200  197
  193  189  185  182  177  166  162  153  162                                   
    72.5-180.0 180.0   5.0 450.0                            LAT/LON1/LON2/DLON/H
  167  169  171  174  169  171  170  169  168  167  166  166  167  168  170  173
  177  182  188  195  202  210  218  225  231  236  239  242  243  243  241  239
  235  231  227  222  218  215  212  210  208  207  207  207  206  207  207  208
  209  210  210  211  211  211  210  208  207  205  204  202  200  199  197  195
  192  189  186  183  179  171  170  166  167                                   
    70.0-180.0 180.0   5.0 450.0                            LAT/LON1/LON2/DLON/H
  179  183  187  189  185  186  184  182  179  177  174  173  171  171  171  172
  176  180  186  194  203  212  220  228  235  241  245  247  249  249  248  246
  242  239  234  230  226  223  220  218  216  215  214  213  212  211  210  209
  208  208  208  207  206  204  202  199  197  195  193  192  191  190  190  190
  188  186  185  184  182  178  180  177  179                                   
    67.5-180.0 180.0   5.0 450.0                            LAT/LON1/LON2/DLON/H
  187  197  204  209  206  208  206  203  199  196  191  189  186  183  182  182
  184  188  194  202  211  220  229  238  244  249  253  255  256  256  255  253
  251  247  244  240  236  233  230  228  227  226  224  222  220  217  214  212
  210  208  207  205  202  199  196  192  189  186  184  182  182  182  183  183
  183  182  182  182  181  180  184  183  187                                   
    65.0-180.0 180.0   5.0 450.0                            LAT/LON1/LON2/DLON/H
  188  203  212  219  219  222  221  219  215  212  207  203  199  195  192  190
  191  194  199  207  216  225  234  241  246  250  252  254  255  255  255  254
  252  250  247  243  240  237  235  234  233  231  229  226  222  218  214  210
  207  205  202  199  196  192  187  182  177  173  171  169  169  169  170  171
  170  171  172  172  173  176  181  182  188                                   
    62.5-180.0 180.0   5.0 450.0                            LAT/LON1/LON2/DLON/H
  179  199  210  220  223  229  230  229  227  224  220  217  213  208  204  202
  201  203  208  215  223  231  238  244  247  249  250  250  251  252  253  253
  253  251  249  246  244  241  240  239  237  236  234  230  225  220  215  210
  206  203  200  197  193  188  182  176  170  165  162  160  159  158  158  158
  157  156  157  157  158  161  167  170  179                                   
    60.0-180.0 180.0   5.0 450.0                            LAT/LON1/LON2/DLON/H
  163  184  198  209  216  224  228  229  229  228  226  224  221  217  214  211
  209  211  214  220  227  234  239  242  243  243  243  244  245  247  250  252
  253  253  252  250  248  246  244  243  242  241  238  234  229  223  217  212
  208  205  202  199  195  190  183  176  169  164  159  156  154  152  151  149
  146  143  142  140  140  143  149  151  163                                   
    57.5-180.0 180.0   5.0 450.0                            LAT/LON1/LON2/DLON/H
  144  164  180  192  201  212  218  221  223  225  225  226  225  222  220  217
  216  217  220  225  230  235  238  240  239  238  238  239  242  246  251  255
  258  259  259  257  255  253  251  250  249  248  245  242  236  230  223  218
  214  211  209  207  203  197  191  183  176  170  165  161  158  154  151  146
  141  136  133  129  126  127  131  133  144                                   
    55.0-180.0 180.0   5.0 450.0                            LAT/LON1/LON2/DLON/H
  127  146  162  174  185  197  205  210  214  217  220  222  223  223  222  220
  220  220  223  226  231  235  237  237  236  236  236  239  245  251  258  263
  267  269  270  268  266  263  260  259  258  257  255  252  247  240  234  229
  225  223  221  219  215  210  203  196  189  183  178  173  169  164  158  152
  144  138  132  126  121  118  120  121  127                                   
    52.5-180.0 180.0   5.0 450.0                            LAT/LON1/LON2/DLON/H
  119  135  150  161  173  187  195  200  205  210  213  217  219  221  221  221
  221  222  224  227  230  233  235  236  236  238  241  246  254  262  270  276
  281  283  283  282  279  275  272  270  268  268  267  264  260  254  248  243
  239  236  235  232  228  223  217  210  204  199  194  190  185  179  172  164
  155  148  141  134  126  122  120  120  119                                   
    50.0-180.0 180.0   5.0 450.0                            LAT/LON1/LON2/DLON/H
  121  134  147  157  169  185  193  199  203  208  211  214  217  218  220  221
  222  223  224  226  230  233  236  239  241  245  252  260  269  279  286  292
  296  298  299  298  295  290  286  282  281  280  280  278  275  269  263  258
  253  250  247  244  239  233  227  222  217  214  211  207  202  195  188  180
  171  164  157  152  143  136  133  131  121                                   
    47.5-180.0 180.0   5.0 450.0                            LAT/LON1/LON2/DLON/H
  134  143  153  164  176  192  201  206  211  214  216  218  219  219  221  222
  223  223  224  226  230  234  239  245  251  259  268  278  289  298  305  309
  312  314  315  314  311  307  301  296  294  293  293  292  289  284  278  271
  266  261  256  251  244  238  232  228  225  224  223  220  216  210  203  196
  188  183  177  174  165  159  154  152  134                                   
    45.0-180.0 180.0   5.0 450.0                            LAT/LON1/LON2/DLON/H
  152  159  166  179  190  208  217  223  227  230  230  229  227  226  226  226
  226  226  226  228  232  238  246  255  265  275  287  299  309  317  322  326
  328  331  333  333  331  326  319  313  309  307  306  305  302  297  290  282
  274  267  260  252  244  236  231  228  228  229  229  229  226  220  215  208
  202  199  195  195  188  183  178  177  152                                   
    42.5-180.0 180.0   5.0 450.0                            LAT/LON1/LON2/DLON/H
  170  177  182  197  210  228  239  246  251  253  251  248  243  238  236  234
  233  231  230  232  237  245  255  267  280  293  306  318  328  335  339  342
  346  351  355  357  356  350  342  334  327  323  321  318  314  307  299  289
  280  270  260  249  239  231  226  225  227  230  232  233  231  227  222  216
  211  210  207  209  205  203  198  198  170                                   
    40.0-180.0 180.0   5.0 450.0                            LAT/LON1/LON2/DLON/H
  183  189  195  212  228  247  260  270  276  279  276  271  263  256  251  247
  244  240  239  240  245  254  266  280  295  310  323  335  344  351  356  362
  370  378  386  390  390  383  373  361  351  343  338  333  326  317  307  295
  284  272  259  247  236  228  224  224  227  232  236  237  236  232  227  222
  217  216  214  215  212  212  209  208  183                                   
    37.5-180.0 180.0   5.0 450.0                            LAT/LON1/LON2/DLON/H
  188  193  199  219  238  259  276  288  297  303  301  295  285  276  269  264
  259  254  251  252  257  267  280  295  310  325  338  350  360  369  379  390
  404  418  430  437  436  427  413  397  382  370  360  350  340  329  316  303
  290  277  264  251  240  232  229  230  235  240  244  246  245  241  237  231
  224  220  216  216  211  211  209  206  188                                   
    35.0-180.0 180.0   5.0 450.0                            LAT/LON1/LON2/DLON/H
  184  188  195  215  237  259  281  297  310  318  319  315  306  297  290  284
  278  273  270  270  275  284  296  310  325  340  353  366  379  393  410  430
  453  474  491  498  496  484  465  443  422  404  389  374  360  345  330  316
  303  289  276  264  253  247  244  247  252  258  262  264  263  259  254  247
  236  229  220  215  207  205  202  197  184                                   
    32.5-180.0 180.0   5.0 450.0                            LAT/LON1/LON2/DLON/H
  178  181  187  205  229  251  276  294  310  322  327  327  321  315  309  305
  302  298  295  295  298  306  316  328  342  357  372  388  405  426  453  485
  518  547  567  574  568  551  525  497  471  446  425  405  386  368  351  336
  323  310  298  287  279  273  272  274  280  286  291  293  292  288  282  273
  259  246  232  221  207  200  196  187  178                                   
    30.0-180.0 180.0   5.0 450.0                            LAT/LON1/LON2/DLON/H
  176  176  180  196  219  240  266  285  304  318  326  330  329  328  327  327
  327  326  325  325  327  332  339  350  363  380  398  418  442  472  510  553
  597  633  654  659  646  621  589  555  523  494  468  443  420  399  380  365
  352  341  331  322  315  311  310  312  317  323  328  331  331  327  321  310
  292  275  254  237  216  204  196  183  176                                   
    27.5-180.0 180.0   5.0 450.0                            LAT/LON1/LON2/DLON/H
  180  177  176  190  212  232  257  276  295  310  321  328  332  336  341  348
  353  357  359  360  361  363  368  376  391  409  432  458  489  529  579  634
  686  725  744  740  718  684  646  609  574  543  515  487  461  437  417  401
  388  378  369  362  358  355  355  356  360  366  372  375  376  373  367  354
  334  312  287  264  237  218  206  189  180                                   
    25.0-180.0 180.0   5.0 450.0                            LAT/LON1/LON2/DLON/H
  192  187  179  190  209  228  252  271  289  304  316  325  334  343  354  366
  379  389  395  398  398  398  400  408  424  447  475  508  548  597  656  718
  773  809  818  803  769  727  685  648  616  587  560  532  505  479  457  439
  425  415  407  402  399  398  398  400  403  408  413  418  420  418  412  399
  378  355  326  300  268  242  226  206  192                                   
    22.5-180.0 180.0   5.0 450.0                            LAT/LON1/LON2/DLON/H
  210  205  190  195  212  229  251  269  287  302  314  325  336  350  365  383
  402  418  430  436  437  435  436  445  464  492  527  567  614  669  731  792
  841  866  861  832  788  741  700  668  643  621  598  573  546  519  494  472
  456  443  435  430  428  428  430  432  434  438  443  448  451  450  446  435
  415  394  366  338  302  272  254  233  210                                   
    20.0-180.0 180.0   5.0 450.0                            LAT/LON1/LON2/DLON/H
  233  226  205  204  218  233  254  271  289  303  316  328  342  358  377  399
  422  443  460  470  473  472  474  485  509  543  585  631  680  733  789  840
  874  883  863  823  774  729  694  672  656  643  628  606  580  551  522  496
  475  459  449  443  441  442  444  446  447  450  453  458  461  461  459  450
  435  419  394  368  332  300  282  264  233                                   
    17.5-180.0 180.0   5.0 450.0                            LAT/LON1/LON2/DLON/H
  253  246  221  215  225  238  258  275  292  307  320  334  350  368  389  412
  437  462  484  498  504  506  512  527  556  596  642  689  734  778  818  851
  867  860  830  786  740  702  678  667  663  659  649  632  606  574  541  510
  485  466  454  446  444  445  446  447  447  446  447  449  450  449  447  440
  429  420  402  380  348  318  302  288  253                                   
    15.0-180.0 180.0   5.0 450.0                            LAT/LON1/LON2/DLON/H
  264  257  231  222  229  240  260  279  297  312  326  342  359  379  400  424
  450  476  500  518  529  536  547  568  601  644  690  732  767  794  815  829
  829  812  779  738  700  674  662  663  669  672  667  652  625  592  555  521
  493  471  457  447  443  442  443  442  439  435  432  428  425  420  415  409
  401  396  385  369  344  319  307  296  264                                   
    12.5-180.0 180.0   5.0 450.0                            LAT/LON1/LON2/DLON/H
  262  255  231  221  224  235  257  278  299  316  332  350  369  389  411  434
  459  485  511  532  546  559  576  602  639  682  723  755  776  787  792  790
  780  760  730  697  671  658  658  668  680  687  684  668  641  606  568  532
  502  479  462  451  444  440  439  436  431  423  414  404  393  383  375  366
  358  355  350  339  322  302  294  285  262                                   
    10.0-180.0 180.0   5.0 450.0                            LAT/LON1/LON2/DLON/H
  248  241  221  211  212  223  247  272  297  318  337  357  378  400  421  444
  467  493  519  541  559  577  600  630  667  705  738  760  771  771  765  755
  741  721  698  677  663  661  670  685  698  704  699  682  653  617  579  544
  515  491  472  458  447  441  437  433  426  414  399  382  365  348  335  322
  313  309  305  297  287  273  267  260  248                                   
     7.5-180.0 180.0   5.0 450.0                            LAT/LON1/LON2/DLON/H
  227  221  205  195  194  205  233  261  292  318  341  364  387  410  433  454
  477  501  526  550  571  593  620  651  685  718  744  759  763  757  747  735
