data/edconvlstm_nd/pred2400.15i
     1.0            IONOSPHERE MAPS     GNSS                IONEX VERSION / TYPE
pyspatialgeodesy        IME             05-JAN-18 20:20     PGM / RUN BY / DATE 
Map Name                                                    COMMENT             
Predicted global ionosphere maps (GIM).                     DESCRIPTION         
  2015     8    28     0     0     0                        EPOCH OF FIRST MAP  
  2015     8    29     0     0     0                        EPOCH OF LAST MAP   
  7200                                                      INTERVAL            
    13                                                      # OF MAPS IN FILE   
  NONE                                                      MAPPING FUNCTION    
10.0                                                        ELEVATION CUTOFF    
One-way carrier phase leveled to code                       OBSERVABLES USED    
  6371.0                                                    BASE RADIUS         
 2                                                          MAP DIMENSION       
   450.0 450.0   0.0                                        HGT1 / HGT2 / DHGT  
    87.5 -87.5  -2.5                                        LAT1 / LAT2 / DLAT  
  -180.0 180.0   5.0                                        LON1 / LON2 / DLON  
    -1                                                      EXPONENT            
                                                            END OF HEADER       
[from data line 3003]
     8                                                      START OF TEC MAP    
  2015     8    28    14     0     0                        EPOCH OF CURRENT MAP
    87.5-180.0 180.0   5.0 450.0                            LAT/LON1/LON2/DLON/H
   93  103  103  106  110  110  108  105  106  108  108  109  109  110  110  110
  111  111  111  111  111  111  111  110  110  109  108  107  106  106  105  104
  103  102  101  101  100   99   99   99   99   98   98   98   98   98   98   98
   98   98   98   99   99   99   99   99   99  100  100  100  101  101  101  102
  102  104  102   98  104   99  111  109   93                                   
    85.0-180.0 180.0   5.0 450.0                            LAT/LON1/LON2/DLON/H
   99  104  117  105  105  109  109  110  111  113  113  114  114  115  116  116
  117  117  117  117  117  117  117  116  116  115  114  113  112  111  110  109
  108  107  106  105  104  104  103  103  103  103  103  103  103  103  103  103
  103  103  103  102  102  103  103  103  103  103  103  104  104  104  105  105
  106  107  102   98   98   97  104  104   99                                   
    82.5-180.0 180.0   5.0 450.0                            LAT/LON1/LON2/DLON/H
   89  100  105   97   98  102  104  105  105  107  107  109  110  111  112  113
  114  114  115  115  116  115  115  115  114  114  113  112  111  110  108  107
  106  104  103  102  102  101  101  101  101  101  101  102  102  102  102  103
  103  103  102  102  102  102  102  101  101  101  101  101  101  101  101  101
  102  102   98   95   95  101   96   91   89                                   
    80.0-180.0 180.0   5.0 450.0                            LAT/LON1/LON2/DLON/H
   80   84   91   87   86   86   88   91   93   95   96   98   99  101  102  104
  105  106  107  107  108  108  107  107  107  106  105  104  103  102  100   99
   97   96   94   93   92   92   92   92   92   93   94   95   95   96   96   97
   97   97   96   96   96   95   95   94   94   94   93   93   92   92   92   92
   92   91   89   87   84   88   88   86   80                                   
    77.5-180.0 180.0   5.0 450.0                            LAT/LON1/LON2/DLON/H
   79   78   80   76   75   78   79   81   83   84   85   87   89   91   93   95
   97   98  100  100  101  101  101  101  101  101  101  100   99   98   97   95
   93   91   90   89   88   88   88   88   89   90   92   93   94   95   96   96
   97   97   96   96   95   95   94   93   92   91   90   89   88   87   86   85
   85   84   81   80   79   77   78   80   79                                   
    75.0-180.0 180.0   5.0 450.0                            LAT/LON1/LON2/DLON/H
   68   69   66   66   66   69   69   71   73   75   76   79   80   83   85   87
   89   91   92   93   93   94   94   94   94   95   95   95   95   94   93   92
   90   88   86   85   84   84   84   85   87   88   90   92   93   95   96   96
   96   96   96   95   95   93   92   91   90   88   87   86   85   83   82   82
   80   79   77   72   73   70   71   66   68                                   
    72.5-180.0 180.0   5.0 450.0                            LAT/LON1/LON2/DLON/H
   61   61   58   60   59   63   64   65   66   68   69   72   74   77   79   81
   83   85   86   87   88   88   88   89   89   90   91   92   93   93   93   92
   90   89   87   86   85   85   85   87   89   91   93   94   96   97   98   98
   98   97   97   95   94   93   91   89   88   86   84   83   81   80   79   78
   76   74   72   67   66   65   65   64   61                                   
    70.0-180.0 180.0   5.0 450.0                            LAT/LON1/LON2/DLON/H
   56   56   54   55   55   57   58   59   61   63   64   67   70   72   75   77
   79   81   82   82   82   82   83   83   85   86   88   91   93   94   94   94
   93   91   89   88   87   87   88   90   92   94   96   98   99  100  100   99
   99   97   96   94   92   90   88   86   84   82   81   79   78   76   75   74
   73   70   68   64   62   61   64   63   56                                   
    67.5-180.0 180.0   5.0 450.0                            LAT/LON1/LON2/DLON/H
   52   53   52   54   55   56   57   58   59   61   63   66   68   71   74   76
   78   79   80   80   80   80   80   81   83   85   88   91   94   96   97   97
   96   94   93   91   91   91   93   95   97   99  101  102  103  102  102  100
   99   96   94   92   89   86   84   82   80   78   76   75   73   72   71   71
   70   67   65   60   58   57   59   57   52                                   
    65.0-180.0 180.0   5.0 450.0                            LAT/LON1/LON2/DLON/H
   50   52   51   54   54   55   56   57   58   60   62   65   68   71   74   76
   78   78   79   78   78   78   78   79   82   85   89   93   97  100  101  102
  101   99   98   96   96   97   99  102  104  107  108  109  109  108  106  103
  101   97   94   90   87   84   81   78   76   74   72   70   69   68   67   67
   66   64   63   59   57   57   59   58   50                                   
    62.5-180.0 180.0   5.0 450.0                            LAT/LON1/LON2/DLON/H
   48   51   50   53   54   56   56   56   57   58   60   64   68   71   74   76
   77   78   78   77   77   77   77   79   81   85   90   95  100  103  105  106
  105  104  102  102  102  104  107  110  113  116  117  117  116  114  111  108
  104   99   95   90   86   82   78   75   73   70   68   65   63   62   61   61
   61   60   59   56   55   54   56   55   48                                   
    60.0-180.0 180.0   5.0 450.0                            LAT/LON1/LON2/DLON/H
   48   51   50   53   53   54   53   53   53   55   57   61   65   69   72   74
   75   75   75   75   75   75   76   78   81   85   91   96  101  105  108  108
  108  107  106  106  108  111  115  119  123  126  127  127  125  122  119  115
  110  105   99   93   88   83   79   75   72   69   65   62   59   56   54   54
   54   54   54   52   52   52   55   53   48                                   
    57.5-180.0 180.0   5.0 450.0                            LAT/LON1/LON2/DLON/H
   49   51   50   53   53   54   52   51   50   51   53   58   62   66   69   71
   72   73   73   73   73   74   75   77   81   86   92   98  104  108  110  112
  112  111  111  113  116  121  126  132  137  140  141  140  138  135  131  127
  122  116  109  103   96   91   86   82   78   74   69   63   58   53   50   50
   50   50   51   50   51   51   54   53   49                                   
    55.0-180.0 180.0   5.0 450.0                            LAT/LON1/LON2/DLON/H
   50   52   51   54   53   53   51   48   47   47   50   54   58   62   65   67
   69   69   70   71   71   72   74   77   81   86   92   99  105  109  112  114
  114  115  117  120  125  132  139  146  151  154  155  153  151  148  145  141
  136  130  123  116  109  103   98   93   89   83   77   69   61   54   50   48
   47   48   50   49   51   52   55   54   50                                   
    52.5-180.0 180.0   5.0 450.0                            LAT/LON1/LON2/DLON/H
   52   54   53   55   54   54   50   47   45   45   47   51   55   59   62   64
   65   67   68   69   70   72   74   77   81   87   93  100  105  110  113  116
  117  120  123  129  136  145  153  161  166  168  168  166  164  161  159  155
  151  145  138  131  123  117  112  108  103   97   89   79   69   60   53   50
   49   49   52   51   53   54   58   56   52                                   
    50.0-180.0 180.0   5.0 450.0                            LAT/LON1/LON2/DLON/H
   55   57   56   58   56   55   52   49   46   46   47   50   54   57   60   62
   64   66   68   70   71   73   75   78   83   88   94  101  106  111  115  118
  121  125  130  138  148  158  168  176  181  182  181  178  175  173  170  168
  164  159  152  145  138  131  127  123  118  112  103   92   81   70   61   57
   55   55   57   56   59   60   63   60   55                                   
    47.5-180.0 180.0   5.0 450.0                            LAT/LON1/LON2/DLON/H
   59   61   59   61   59   58   55   53   50   49   50   52   55   58   60   62
   65   67   70   72   74   76   78   81   86   91   97  103  108  112  116  120
  125  131  139  149  161  173  184  192  196  196  192  188  184  182  180  178
  175  170  163  156  148  143  139  135  131  126  117  106   94   82   73   67
   65   64   66   65   66   67   70   66   59                                   
    45.0-180.0 180.0   5.0 450.0                            LAT/LON1/LON2/DLON/H
   64   65   63   65   63   62   60   58   56   55   55   57   59   62   63   66
   68   71   75   77   79   81   83   86   90   95  101  106  111  115  119  124
  130  138  149  161  175  189  201  208  211  209  204  198  193  189  186  184
  181  176  169  161  154  149  145  143  140  136  128  118  106   95   86   80
   77   76   77   75   76   76   77   73   64                                   
    42.5-180.0 180.0   5.0 450.0                            LAT/LON1/LON2/DLON/H
   69   70   67   69   66   66   65   64   62   62   63   64   66   68   69   71
   74   78   81   83   85   87   89   92   96  101  106  111  115  119  124  130
  137  147  160  175  191  206  218  226  228  224  217  209  202  197  193  189
  185  179  171  163  156  151  148  146  144  141  135  126  116  107   99   94
   91   89   89   86   85   84   85   80   69                                   
    40.0-180.0 180.0   5.0 450.0                            LAT/LON1/LON2/DLON/H
   74   74   70   71   69   70   69   69   69   69   70   72   73   75   77   79
   82   85   88   91   92   93   95   99  103  109  113  118  121  125  130  137
  146  158  173  190  208  224  237  245  246  242  233  224  215  207  201  196
  190  182  173  164  156  150  147  145  144  141  137  130  123  116  110  107
  104  102  100   96   94   92   92   86   74                                   
    37.5-180.0 180.0   5.0 450.0                            LAT/LON1/LON2/DLON/H
   79   78   72   73   71   71   72   73   73   74   76   78   81   83   85   88
   90   93   96   98   99  100  102  106  111  116  121  125  128  132  138  146
  157  171  188  207  226  244  258  266  267  262  254  243  232  223  214  206
  198  188  178  167  158  151  147  145  143  140  136  131  126  122  119  117
  115  112  109  104  101   98   97   91   79                                   
    35.0-180.0 180.0   5.0 450.0                            LAT/LON1/LON2/DLON/H
   84   82   75   74   72   72   73   74   76   78   80   84   88   91   94   97
   99  102  104  106  106  106  108  112  118  124  129  133  137  142  148  158
  171  187  206  226  247  265  279  288  290  286  278  267  256  245  234  224
  214  202  190  178  167  159  153  148  144  140  135  131  128  126  125  124
  123  120  116  110  106  102  102   95   84                                   
    32.5-180.0 180.0   5.0 450.0                            LAT/LON1/LON2/DLON/H
   89   86   78   76   73   72   73   74   76   79   83   88   94   99  103  106
  109  111  113  113  113  113  115  119  125  131  137  142  147  153  161  173
  188  206  227  248  269  288  302  311  314  312  306  296  286  274  262  250
  238  225  212  198  186  175  166  158  151  145  138  134  131  129  129  129
  128  125  121  115  110  105  105   98   89                                   
    30.0-180.0 180.0   5.0 450.0                            LAT/LON1/LON2/DLON/H
   95   91   83   80   75   74   73   74   76   79   84   91   99  106  112  116
  118  121  122  122  122  121  122  126  132  139  145  152  158  166  177  191
  209  229  251  273  293  311  325  334  338  339  335  329  319  308  296  284
  271  258  244  229  214  200  188  177  166  156  148  141  136  134  134  133
  132  128  125  118  113  108  109  102   95                                   
    27.5-180.0 180.0   5.0 450.0                            LAT/LON1/LON2/DLON/H
  101   97   90   85   79   78   76   75   76   79   85   94  104  113  121  126
  129  132  133  134  133  132  132  134  140  147  155  163  172  183  197  214
  233  255  278  299  319  335  348  357  363  366  365  362  355  345  334  323
  311  299  284  268  251  235  219  204  190  176  164  153  146  141  139  137
  134  131  127  120  116  112  114  107  101                                   
    25.0-180.0 180.0   5.0 450.0                            LAT/LON1/LON2/DLON/H
  107  105   98   93   86   84   80   78   79   81   87   96  108  120  129  136
  140  144  147  148  147  146  144  145  150  157  166  177  189  203  220  239
  261  284  307  328  345  360  371  379  386  392  394  394  389  382  373  363
  354  343  329  312  294  274  256  237  219  202  185  171  160  151  145  141
  137  133  130  123  120  115  119  112  107                                   
    22.5-180.0 180.0   5.0 450.0                            LAT/LON1/LON2/DLON/H
  113  113  107  102   95   92   87   84   83   85   90  100  113  126  137  146
  152  158  162  165  165  163  160  160  163  170  181  194  210  227  247  268
  291  315  337  357  372  384  393  401  409  416  421  423  421  415  409  402
  395  386  373  356  335  313  291  270  249  229  209  190  175  162  152  145
  139  136  133  127  124  120  124  117  113                                   
    20.0-180.0 180.0   5.0 450.0                            LAT/LON1/LON2/DLON/H
  119  121  115  111  104  100   95   91   89   90   94  103  116  131  144  154
  163  172  179  183  185  182  179  177  180  187  199  215  234  254  276  298
  322  345  366  384  398  408  416  424  431  439  446  449  449  445  440  435
  431  424  411  393  369  344  319  296  274  252  230  209  190  173  159  150
  142  139  137  131  128  125  129  122  119                                   
    17.5-180.0 180.0   5.0 450.0                            LAT/LON1/LON2/DLON/H
  123  127  122  118  111  108  103   98   96   96   98  106  119  133  148  161
  173  185  195  202  205  204  200  198  200  208  221  239  260  282  305  328
  351  373  393  410  422  432  439  446  454  462  468  472  472  470  466  462
  459  452  439  418  392  363  337  313  291  269  247  224  203  183  167  154
  146  141  140  135  132  129  133  126  123                                   
    15.0-180.0 180.0   5.0 450.0                            LAT/LON1/LON2/DLON/H
  125  130  125  122  116  113  109  105  102  101  102  108  119  134  150  165
  181  196  209  219  225  225  223  221  223  232  246  266  288  311  334  356
  377  398  417  433  445  454  462  470  477  484  490  493  493  490  486  482
  478  470  455  432  402  371  344  320  299  279  257  235  213  192  173  159
  149  145  143  139  135  133  136  128  125                                   
    12.5-180.0 180.0   5.0 450.0                            LAT/LON1/LON2/DLON/H
  125  130  125  123  117  114  111  108  106  104  103  108  118  132  149  167
  185  204  221  234  242  245  245  245  248  258  273  293  316  338  359  380
  400  419  437  452  464  475  484  493  500  506  510  512  511  506  500  494
  488  478  460  434  402  370  342  320  301  282  262  241  219  198  179  164
  153  148  146  142  138  135  137  130  125                                   
    10.0-180.0 180.0   5.0 450.0                            LAT/LON1/LON2/DLON/H
  123  128  122  120  115  112  110  108  107  105  103  106  115  129  146  166
  187  209  229  245  256  262  265  268  274  285  301  320  342  363  382  400
  418  435  452  467  480  492  502  512  519  524  527  528  524  517  508  499
  490  477  457  428  394  362  335  314  297  280  262  243  222  202  184  169
  158  152  149  144  140  137  138  130  123                                   
     7.5-180.0 180.0   5.0 450.0                            LAT/LON1/LON2/DLON/H
  120  124  118  115  110  107  107  106  105  103  101  103  111  125  143  164
  187  211  234  253  267  276  283  290  299  311  327  345  365  384  401  416
