data/edconvlstm_nd/pred0700.15i
     1.0            IONOSPHERE MAPS     GNSS                IONEX VERSION / TYPE
pyspatialgeodesy        IME             05-JAN-18 20:20     PGM / RUN BY / DATE 
Map Name                                                    COMMENT             
Predicted global ionosphere maps (GIM).                     DESCRIPTION         
  2015     3    11     0     0     0                        EPOCH OF FIRST MAP  
  2015     3    12     0     0     0                        EPOCH OF LAST MAP   
  7200                                                      INTERVAL            
    13                                                      # OF MAPS IN FILE   
  NONE                                                      MAPPING FUNCTION    
10.0                                                        ELEVATION CUTOFF    
One-way carrier phase leveled to code                       OBSERVABLES USED    
  6371.0                                                    BASE RADIUS         
 2                                                          MAP DIMENSION       
   450.0 450.0   0.0                                        HGT1 / HGT2 / DHGT  
    87.5 -87.5  -2.5                                        LAT1 / LAT2 / DLAT  
  -180.0 180.0   5.0                                        LON1 / LON2 / DLON  
    -1                                                      EXPONENT            
                                                            END OF HEADER       
[from data line 1716]
     5                                                      START OF TEC MAP    
  2015     3    11     8     0     0                        EPOCH OF CURRENT MAP
    87.5-180.0 180.0   5.0 450.0                            LAT/LON1/LON2/DLON/H
  114  112  106  112  113  114  115  115  119  123  125  128  131  133  135  136
  137  138  139  139  139  139  139  139  138  138  138  138  138  138  138  138
  139  139  139  140  140  140  140  140  139  139  138  137  136  135  133  132
  130  128  126  124  122  120  118  115  113  111  109  107  105  103  101  100
   99  100   98   98  102  104  113  118  114                                   
    85.0-180.0 180.0   5.0 450.0                            LAT/LON1/LON2/DLON/H
   96   98   96  100  102  108  111  115  120  125  128  132  135  138  140  142
  144  145  145  145  145  145  145  145  145  144  144  145  145  146  146  147
  148  150  151  152  153  154  155  155  155  155  155  154  153  152  150  149
  147  144  142  139  136  133  130  127  123  120  117  113  110  107  103  101
  100   98   93   93   89   92   95  104   96                                   
    82.5-180.0 180.0   5.0 450.0                            LAT/LON1/LON2/DLON/H
   83   77   79   79   80   85   91   97  104  110  116  122  126  130  133  135
  137  137  138  137  137  136  135  134  133  133  133  133  134  136  138  140
  143  146  149  152  155  158  161  164  166  167  168  168  168  167  166  165
  162  160  157  153  150  146  141  137  132  127  122  117  112  106  100   96
   91   87   80   79   78   74   71   75   83                                   
    80.0-180.0 180.0   5.0 450.0                            LAT/LON1/LON2/DLON/H
   77   63   62   64   67   71   79   87   96  104  112  120  125  130  134  136
  136  136  135  133  130  127  125  122  120  119  118  118  119  121  124  128
  133  138  144  150  156  162  168  173  177  181  184  186  187  188  188  187
  186  184  181  179  175  172  167  163  158  153  147  141  134  127  119  111
  103   95   86   80   76   67   66   66   77                                   
    77.5-180.0 180.0   5.0 450.0                            LAT/LON1/LON2/DLON/H
   79   58   56   57   57   63   70   79   89   98  106  115  122  127  130  131
  131  129  127  123  119  114  110  107  103  101  100  100  101  104  108  114
  121  129  139  148  158  168  177  186  193  200  205  210  213  216  218  219
  219  218  217  216  214  211  208  204  200  195  189  182  175  166  157  147
  135  124  110  102   92   73   67   69   79                                   
    75.0-180.0 180.0   5.0 450.0                            LAT/LON1/LON2/DLON/H
   82   64   57   56   55   60   66   73   83   92  100  109  115  120  122  123
  122  119  115  110  105  100   95   90   87   84   83   82   84   87   92   99
  107  118  129  142  155  168  181  192  203  212  220  227  233  238  242  246
  248  250  251  251  251  250  248  246  243  239  234  228  221  212  202  191
  178  164  149  132  119   95   86   80   82                                   
    72.5-180.0 180.0   5.0 450.0                            LAT/LON1/LON2/DLON/H
   90   72   63   59   56   60   65   71   79   87   95  103  109  113  114  114
  112  109  105  100   95   90   85   81   78   75   74   73   74   77   82   89
   99  110  124  138  154  169  184  198  211  222  232  242  250  257  263  268
  273  276  279  281  282  282  282  280  278  275  271  265  259  250  241  230
  217  203  188  169  151  124  111  104   90                                   
    70.0-180.0 180.0   5.0 450.0                            LAT/LON1/LON2/DLON/H
  102   81   72   64   59   60   63   67   74   80   87   94   99  101  102  101
   99   96   92   88   85   81   78   76   73   71   70   69   69   71   75   82
   91  102  116  131  147  164  180  196  210  223  235  246  256  265  273  281
  287  292  296  299  300  301  300  299  297  293  289  284  277  270  260  251
  239  226  211  193  173  147  135  128  102                                   
    67.5-180.0 180.0   5.0 450.0                            LAT/LON1/LON2/DLON/H
  106   86   76   68   62   62   64   66   71   77   82   88   91   93   93   92
   90   87   85   83   81   80   79   78   76   75   74   72   71   72   74   79
   87   97  110  125  141  158  175  191  206  220  233  245  256  266  276  284
  292  297  302  304  305  305  303  300  297  293  288  282  275  267  258  250
  239  227  214  198  180  157  144  140  106                                   
    65.0-180.0 180.0   5.0 450.0                            LAT/LON1/LON2/DLON/H
  107   88   78   70   63   62   63   65   69   73   78   82   85   86   85   84
   83   81   81   80   81   81   82   83   83   82   81   79   77   76   77   80
   87   96  108  122  138  154  171  187  203  217  231  244  256  267  278  287
  295  301  305  307  307  305  301  297  292  286  280  273  265  256  246  237
  227  215  204  189  175  156  146  144  107                                   
    62.5-180.0 180.0   5.0 450.0                            LAT/LON1/LON2/DLON/H
  103   85   75   67   61   60   60   62   65   69   73   77   79   80   79   78
   78   78   78   79   81   83   85   87   88   88   86   84   81   79   79   81
   87   96  107  121  136  152  168  185  200  216  230  243  256  268  279  288
  297  303  306  307  306  302  297  291  285  278  270  262  253  242  231  220
  208  196  184  170  158  143  136  136  103                                   
    60.0-180.0 180.0   5.0 450.0                            LAT/LON1/LON2/DLON/H
   99   80   71   63   57   55   55   57   60   63   67   70   72   73   73   73
   73   74   75   76   78   80   83   85   87   87   86   83   80   77   77   80
   86   96  108  122  137  153  169  185  201  217  232  246  258  270  281  291
  299  306  309  309  307  303  297  290  284  277  269  260  250  237  223  210
  195  180  167  152  142  127  122  122   99                                   
    57.5-180.0 180.0   5.0 450.0                            LAT/LON1/LON2/DLON/H
  100   79   70   61   56   53   52   53   56   58   62   65   66   68   69   69
   71   72   73   74   75   76   78   80   82   82   81   78   74   72   73   77
   86   98  112  127  143  159  176  192  208  224  239  253  266  278  289  299
  307  313  317  317  315  311  305  299  294  288  281  273  262  248  232  216
  198  179  164  147  136  119  113  113  100                                   
    55.0-180.0 180.0   5.0 450.0                            LAT/LON1/LON2/DLON/H
  108   87   76   66   60   55   53   52   53   55   57   60   61   63   65   67
   69   71   71   71   71   71   71   73   74   74   73   70   67   66   68   75
   86  102  119  136  154  171  187  203  219  235  250  264  277  289  300  309
  318  324  328  329  327  324  320  316  312  308  304  297  286  272  255  237
  216  194  177  158  145  123  116  111  108                                   
    52.5-180.0 180.0   5.0 450.0                            LAT/LON1/LON2/DLON/H
  124  103   91   80   73   66   61   57   55   55   56   57   59   61   63   67
   70   72   73   72   70   68   68   68   69   69   67   63   60   60   64   74
   89  108  129  150  169  186  202  218  234  249  265  279  292  304  314  323
  331  338  342  343  343  340  338  335  334  333  330  325  316  303  286  267
  244  222  203  180  165  139  130  120  124                                   
    50.0-180.0 180.0   5.0 450.0                            LAT/LON1/LON2/DLON/H
  146  126  114  102   94   85   77   69   64   60   59   59   60   62   66   69
   73   76   77   76   73   71   69   69   69   68   66   62   58   58   64   76
   95  118  142  165  186  203  219  235  250  266  281  296  308  320  329  338
  345  351  355  357  357  355  353  352  352  352  351  347  340  328  313  295
  273  252  232  207  191  163  152  139  146                                   
    47.5-180.0 180.0   5.0 450.0                            LAT/LON1/LON2/DLON/H
  168  150  139  128  121  110   99   87   78   71   67   66   67   69   72   76
   80   83   84   84   82   80   78   77   77   75   71   65   61   60   67   82
  103  129  156  181  203  221  237  252  267  282  298  312  325  335  344  351
  357  362  366  366  365  362  360  359  358  358  357  353  347  338  325  310
  292  273  253  229  214  186  174  161  168                                   
    45.0-180.0 180.0   5.0 450.0                            LAT/LON1/LON2/DLON/H
  182  167  159  151  145  135  123  109   97   87   81   78   78   80   82   86
   89   93   95   96   95   93   92   92   90   87   81   74   67   66   72   88
  111  139  168  195  218  236  252  267  282  297  313  327  339  349  357  362
  367  370  372  371  368  364  360  356  354  351  348  343  336  328  318  306
  292  277  260  239  225  199  189  178  182                                   
    42.5-180.0 180.0   5.0 450.0                            LAT/LON1/LON2/DLON/H
  185  170  167  163  161  153  143  129  115  104   97   94   94   95   97   99
  101  104  107  109  110  110  110  109  107  102   94   84   75   72   78   93
  118  147  177  205  229  249  265  280  295  310  326  340  352  361  367  372
  375  377  377  375  371  365  359  353  347  341  334  325  317  308  300  291
  280  267  252  233  221  198  189  182  185                                   
    40.0-180.0 180.0   5.0 450.0                            LAT/LON1/LON2/DLON/H
  174  159  159  160  162  159  152  141  129  118  112  110  111  112  113  113
  114  116  119  123  126  128  128  127  123  116  105   92   81   76   81   96
  120  150  181  211  236  258  276  292  307  322  338  352  364  373  379  383
  385  387  388  387  382  376  369  361  353  343  332  320  308  298  289  281
  269  255  239  219  207  183  177  173  174                                   
    37.5-180.0 180.0   5.0 450.0                            LAT/LON1/LON2/DLON/H
  155  137  139  143  149  150  150  144  135  127  123  124  126  128  128  127
  126  127  130  135  139  141  142  139  134  124  111   96   83   77   81   95
  119  149  181  213  241  265  285  303  319  335  351  366  378  387  393  398
  402  406  410  411  409  405  399  392  383  371  358  343  330  318  308  296
  280  261  239  212  195  166  160  157  155                                   
    35.0-180.0 180.0   5.0 450.0                            LAT/LON1/LON2/DLON/H
  138  113  114  118  126  131  136  137  133  130  129  133  138  141  141  139
  136  136  140  144  149  151  150  146  138  127  112   96   81   74   77   91
  114  144  178  212  244  272  295  315  333  350  367  383  396  406  413  420
  428  436  445  451  455  455  453  448  441  431  417  402  389  377  365  349
  327  299  267  229  204  163  154  148  138                                   
    32.5-180.0 180.0   5.0 450.0                            LAT/LON1/LON2/DLON/H
  133  100   95   95  103  109  118  123  125  126  130  137  145  150  151  148
  145  144  147  151  154  155  153  147  138  125  109   92   77   70   72   85
  108  138  174  211  247  279  306  329  349  367  386  403  418  430  440  451
  464  479  495  509  519  526  530  531  529  522  512  499  487  475  460  440
  410  372  331  279  245  189  172  159  133                                   
    30.0-180.0 180.0   5.0 450.0                            LAT/LON1/LON2/DLON/H
  149  108   93   86   88   92  102  110  115  119  126  136  146  153  155  153
  150  150  152  155  157  156  152  145  135  122  105   88   74   67   70   82
  104  134  171  211  251  287  318  344  366  387  407  426  443  459  473  489
  509  532  557  580  599  613  625  634  640  641  636  628  618  606  589  564
  525  477  424  361  318  250  220  199  149                                   
    27.5-180.0 180.0   5.0 450.0                            LAT/LON1/LON2/DLON/H
  192  144  117   98   90   88   94  102  108  114  122  132  143  151  155  154
  153  154  156  158  158  156  151  144  133  119  103   88   76   70   73   84
  105  135  172  215  258  297  331  359  384  406  429  450  471  490  509  532
  558  590  624  656  683  705  725  744  759  769  773  771  765  754  736  705
  660  603  539  466  416  337  294  269  192                                   
    25.0-180.0 180.0   5.0 450.0                            LAT/LON1/LON2/DLON/H
  260  208  169  135  114  103  102  106  110  115  121  130  140  148  152  153
  154  156  158  160  159  157  152  145  135  122  107   93   84   80   82   92
  112  140  178  221  266  308  344  374  400  425  450  474  497  521  545  573
  607  646  688  727  760  788  815  841  864  882  894  899  898  890  873  841
  793  732  660  583  525  440  386  360  260                                   
    22.5-180.0 180.0   5.0 450.0                            LAT/LON1/LON2/DLON/H
  347  293  243  195  159  137  126  125  124  125  127  133  139  145  148  151
  154  157  160  161  161  159  156  150  141  129  116  105   97   94   95  104
  121  149  186  229  275  318  355  386  414  440  467  494  521  549  578  611
  649  692  737  779  814  844  873  902  930  952  968  978  982  980  968  941
  897  842  770  694  630  545  487  462  347                                   
    20.0-180.0 180.0   5.0 450.0                            LAT/LON1/LON2/DLON/H
  438  386  327  270  220  187  166  158  151  147  143  142  144  146  148  150
  154  158  162  163  163  162  161  158  150  139  127  118  111  108  108  116
  133  160  196  239  284  326  362  394  423  451  481  511  542  573  605  640
  679  721  764  802  834  860  887  916  943  965  980  991  998 1002  998  981
  950  907  847  778  713  633  581  559  438                                   
    17.5-180.0 180.0   5.0 450.0                            LAT/LON1/LON2/DLON/H
  513  467  407  348  286  246  217  202  190  179  169  162  157  154  153  153
  156  161  164  165  165  166  167  165  158  148  137  128  122  118  118  127
  145  172  208  249  292  332  367  398  428  458  490  523  558  592  626  660
  695  731  765  794  817  836  857  882  906  925  937  946  953  960  964  958
  940  914  873  815  755  685  646  632  513                                   
    15.0-180.0 180.0   5.0 450.0                            LAT/LON1/LON2/DLON/H
  563  524  469  414  348  303  269  251  235  220  204  190  179  171  165  162
  162  165  166  166  166  167  169  168  162  152  142  133  126  122  124  135
  156  184  220  259  299  336  368  399  429  461  495  531  568  604  638  668
  696  721  743  758  769  779  794  814  834  849  858  864  870  878  885  887
  881  869  846  802  751  692  668  663  563                                   
    12.5-180.0 180.0   5.0 450.0                            LAT/LON1/LON2/DLON/H
  583  550  504  457  395  351  317  298  280  263  244  226  210  197  185  177
  173  172  171  168  166  166  168  167  162  153  142  131  124  121  127  142
  165  196  232  269  305  338  368  397  428  461  498  535  574  610  642  668
  686  699  706  709  710  713  722  737  753  765  771  775  779  786  793  799
  801  799  788  755  715  665  649  653  583                                   
    10.0-180.0 180.0   5.0 450.0                            LAT/LON1/LON2/DLON/H
  582  551  514  477  424  385  354  336  321  304  284  265  247  229  213  199
  190  184  178  172  167  165  166  164  159  148  136  125  119  120  129  148
  175  208  243  277  309  338  366  394  425  459  497  536  575  611  640  661
  672  674  672  667  664  666  673  685  696  703  706  707  709  714  719  724
  728  731  727  701  669  623  610  619  582                                   
     7.5-180.0 180.0   5.0 450.0                            LAT/LON1/LON2/DLON/H
  571  540  509  481  441  408  382  367  354  338  320  301  283  265  245  226
  211  199  189  179  171  166  163  159  152  141  129  120  116  120  132  154
