data/edconvlstm_nd/pred2340.15i
     1.0            IONOSPHERE MAPS     GNSS                IONEX VERSION / TYPE
pyspatialgeodesy        IME             05-JAN-18 20:20     PGM / RUN BY / DATE 
Map Name                                                    COMMENT             
Predicted global ionosphere maps (GIM).                     DESCRIPTION         
  2015     8    22     0     0     0                        EPOCH OF FIRST MAP  
  2015     8    23     0     0     0                        EPOCH OF LAST MAP   
  7200                                                      INTERVAL            
    13                                                      # OF MAPS IN FILE   
  NONE                                                      MAPPING FUNCTION    
10.0                                                        ELEVATION CUTOFF    
One-way carrier phase leveled to code                       OBSERVABLES USED    
  6371.0                                                    BASE RADIUS         
 2                                                          MAP DIMENSION       
   450.0 450.0   0.0                                        HGT1 / HGT2 / DHGT  
    87.5 -87.5  -2.5                                        LAT1 / LAT2 / DLAT  
  -180.0 180.0   5.0                                        LON1 / LON2 / DLON  
    -1                                                      EXPONENT            
                                                            END OF HEADER       
[from data line 3003]
     8                                                      START OF TEC MAP    
  2015     8    22    14     0     0                        EPOCH OF CURRENT MAP
    87.5-180.0 180.0   5.0 450.0                            LAT/LON1/LON2/DLON/H
  108  115  114  120  123  123  122  120  120  122  121  122  122  122  122  121
  121  121  120  120  120  119  119  118  118  118  117  117  116  116  116  115
  115  114  114  114  113  113  113  112  112  112  112  112  112  112  112  112
  112  112  112  112  112  112  112  112  112  112  112  112  112  112  112  113
  113  115  113  111  116  113  125  120  108                                   
    85.0-180.0 180.0   5.0 450.0                            LAT/LON1/LON2/DLON/H
  112  116  129  118  118  123  123  125  125  127  126  127  127  127  127  126
  126  126  125  125  125  124  124  124  123  123  123  122  122  121  121  120
  120  119  119  118  117  117  116  116  116  115  115  115  115  115  115  115
  115  115  115  115  115  115  115  114  114  114  114  114  114  114  114  115
  116  116  112  109  109  110  117  118  112                                   
    82.5-180.0 180.0   5.0 450.0                            LAT/LON1/LON2/DLON/H
  102  112  117  112  112  117  120  121  122  124  123  124  124  124  123  123
  123  122  122  122  122  122  122  122  122  122  121  121  121  121  120  120
  119  119  118  117  116  115  115  114  113  113  112  112  112  112  112  112
  112  112  112  111  111  111  110  110  109  109  108  108  107  107  107  107
  108  107  104  103  103  112  108  105  102                                   
    80.0-180.0 180.0   5.0 450.0                            LAT/LON1/LON2/DLON/H
   93   99  107  105  105  107  110  114  116  117  117  118  118  118  117  117
  117  116  116  116  116  117  117  117  118  118  118  118  118  118  118  117
  116  116  115  114  113  112  111  110  109  108  108  107  107  107  107  107
  107  107  106  106  105  104  103  102  101  100   99   98   97   96   96   96
   96   96   94   94   92   98  100  100   93                                   
    77.5-180.0 180.0   5.0 450.0                            LAT/LON1/LON2/DLON/H
   90   92   97   97   98  102  105  109  111  112  112  113  112  112  112  111
  111  111  111  112  113  114  115  117  118  119  119  120  120  120  119  119
  118  117  116  115  114  113  112  111  110  109  108  108  107  107  107  107
  107  107  106  106  105  103  102  100   98   96   93   92   90   88   87   86
   86   85   84   85   86   86   90   92   90                                   
    75.0-180.0 180.0   5.0 450.0                            LAT/LON1/LON2/DLON/H
   77   82   83   86   90   95   98  101  104  106  106  107  106  106  105  105
  105  105  106  107  109  111  113  115  117  119  120  121  122  122  121  121
  120  119  118  117  116  115  114  113  112  111  110  109  109  108  108  108
  108  108  107  106  105  103  101   98   95   93   90   88   85   83   82   81
   80   79   79   76   78   79   81   76   77                                   
    72.5-180.0 180.0   5.0 450.0                            LAT/LON1/LON2/DLON/H
   66   71   72   77   80   86   91   94   96   99   99  100   99   99   99   98
   99   99  101  103  105  108  111  114  117  119  120  121  122  121  121  121
  120  119  118  118  117  116  115  114  112  111  110  109  108  108  108  108
  108  107  107  106  104  102   99   96   93   89   86   83   81   78   77   75
   74   73   72   69   70   72   74   74   66                                   
    70.0-180.0 180.0   5.0 450.0                            LAT/LON1/LON2/DLON/H
   58   61   63   67   69   74   78   83   86   89   90   92   92   92   92   92
   92   93   95   98  101  105  109  112  115  117  119  120  120  120  119  119
  118  118  118  117  117  116  115  114  113  112  110  109  108  107  107  106
  106  106  105  104  103  100   97   94   91   87   84   81   78   76   75   73
   72   70   70   66   66   67   71   71   58                                   
    67.5-180.0 180.0   5.0 450.0                            LAT/LON1/LON2/DLON/H
   49   53   55   58   61   66   70   75   79   83   84   87   88   89   90   90
   91   92   95   98  101  105  109  112  115  116  117  118  118  117  117  117
  116  116  116  116  116  116  115  114  113  112  110  109  107  106  105  105
  105  105  104  104  102  100   97   94   91   87   84   82   79   77   75   74
   73   70   69   65   63   63   64   64   49                                   
    65.0-180.0 180.0   5.0 450.0                            LAT/LON1/LON2/DLON/H
   43   46   47   50   52   55   60   65   70   75   78   81   84   86   88   89
   90   92   95   97  101  105  108  111  113  115  115  115  115  115  115  115
  115  116  116  116  116  116  116  115  114  113  111  109  107  106  105  104
  104  104  104  103  102  100   97   95   92   89   87   84   82   79   78   76
   75   72   70   66   63   63   63   63   43                                   
    62.5-180.0 180.0   5.0 450.0                            LAT/LON1/LON2/DLON/H
   39   40   41   43   44   47   52   56   62   67   71   76   80   84   87   90
   92   94   96   98  101  104  107  109  111  112  112  112  112  113  114  114
  115  116  116  116  116  116  116  116  115  114  112  110  107  105  104  103
  103  103  103  103  101  100   98   96   94   92   90   88   85   82   80   78
   75   73   70   65   61   59   60   60   39                                   
    60.0-180.0 180.0   5.0 450.0                            LAT/LON1/LON2/DLON/H
   36   36   35   37   37   39   43   48   53   59   64   70   76   81   86   89
   92   94   96   98  101  103  105  106  107  107  108  108  110  111  113  115
  116  117  117  117  117  116  116  116  116  115  113  110  108  105  104  103
  103  103  103  103  102  101   99   98   97   96   94   91   88   84   80   77
   74   70   68   63   58   56   56   56   36                                   
    57.5-180.0 180.0   5.0 450.0                            LAT/LON1/LON2/DLON/H
   35   33   33   34   33   35   38   42   47   52   58   65   72   79   85   89
   93   95   97   99  100  102  103  104  104  105  106  107  110  113  117  120
  122  123  123  122  121  121  121  121  120  119  118  115  112  109  107  106
  106  106  106  106  105  105  104  103  103  102  100   97   92   87   82   77
   73   68   66   60   56   53   53   53   35                                   
    55.0-180.0 180.0   5.0 450.0                            LAT/LON1/LON2/DLON/H
   37   33   33   35   33   34   37   40   43   48   54   61   69   76   83   89
   93   96   98   99  100  100  101  101  102  102  104  107  111  116  121  126
  129  130  130  129  128  127  127  127  127  126  124  121  117  114  112  111
  111  111  111  111  110  109  109  109  109  108  106  103   97   90   83   76
   71   66   63   57   54   51   51   52   37                                   
    52.5-180.0 180.0   5.0 450.0                            LAT/LON1/LON2/DLON/H
   41   37   37   39   36   36   38   40   43   47   52   59   66   74   81   87
   92   96   98   99  100  100  100  100  100  102  104  109  114  120  127  132
  136  138  138  137  136  135  135  136  135  134  132  129  125  122  119  118
  117  117  117  116  116  115  114  114  115  114  113  109  102   94   85   77
   70   65   62   57   54   51   52   52   41                                   
    50.0-180.0 180.0   5.0 450.0                            LAT/LON1/LON2/DLON/H
   46   43   43   45   42   43   44   45   46   49   53   59   66   73   80   87
   92   96   99  100  101  101  100  101  101  103  106  111  117  124  131  138
  142  145  145  145  145  145  145  146  145  144  141  137  133  130  127  126
  125  124  124  123  122  120  120  120  120  120  118  114  107   98   89   80
   73   67   64   59   56   55   56   56   46                                   
    47.5-180.0 180.0   5.0 450.0                            LAT/LON1/LON2/DLON/H
   53   52   52   54   51   51   52   52   52   54   57   62   68   75   82   88
   94   99  102  103  104  104  103  103  104  106  109  114  120  127  134  141
  146  150  152  154  155  156  157  157  157  154  151  146  142  138  136  134
  133  132  130  129  127  125  124  124  124  124  123  119  113  104   94   86
   78   72   69   64   62   61   62   61   53                                   
    45.0-180.0 180.0   5.0 450.0                            LAT/LON1/LON2/DLON/H
   60   61   61   63   60   60   60   61   60   62   64   69   74   80   86   92
   98  103  107  109  109  109  108  108  109  111  113  117  122  128  135  142
  148  154  159  163  167  169  171  171  169  165  160  155  151  147  145  143
  141  139  136  134  132  130  128  127  127  127  126  124  118  110  102   94
   87   81   78   73   70   69   70   68   60                                   
    42.5-180.0 180.0   5.0 450.0                            LAT/LON1/LON2/DLON/H
   67   68   68   71   68   68   68   68   68   70   73   78   83   88   94   99
  105  110  114  117  117  116  115  114  115  116  118  121  125  129  135  143
  151  160  168  176  182  186  187  187  183  178  172  166  161  157  154  152
  149  145  142  139  136  133  131  130  129  129  129  127  123  117  110  103
   97   92   88   83   79   78   78   76   67                                   
    40.0-180.0 180.0   5.0 450.0                            LAT/LON1/LON2/DLON/H
   71   74   73   75   73   73   73   74   75   77   81   87   92   98  103  109
  114  120  124  125  125  123  122  121  121  122  124  125  128  132  138  146
  157  170  182  193  202  207  208  206  200  193  185  178  173  169  166  162
  157  152  148  144  141  138  135  133  131  131  130  129  127  122  117  112
  107  102   99   93   88   86   86   82   71                                   
    37.5-180.0 180.0   5.0 450.0                            LAT/LON1/LON2/DLON/H
   74   76   75   76   74   74   75   77   78   82   87   94  101  108  114  119
  124  130  133  134  133  130  128  127  127  128  130  131  133  137  145  156
  171  188  204  218  228  233  233  229  221  212  202  194  188  183  179  174
  168  161  155  150  147  143  139  136  133  132  131  131  129  126  123  119
  115  111  107  101   95   92   91   86   74                                   
    35.0-180.0 180.0   5.0 450.0                            LAT/LON1/LON2/DLON/H
   74   76   74   75   72   73   74   76   79   83   90   99  108  116  123  128
  134  139  142  142  140  136  133  132  132  134  136  138  142  148  158  174
  193  215  235  250  260  264  262  255  246  234  224  214  207  202  196  189
  181  173  165  160  155  151  146  141  137  134  132  131  130  128  125  123
  120  116  112  107  100   96   94   89   74                                   
    32.5-180.0 180.0   5.0 450.0                            LAT/LON1/LON2/DLON/H
   74   75   73   73   70   70   71   73   76   81   89  100  111  121  129  135
  141  145  148  148  145  140  137  136  137  139  143  147  154  164  179  199
  224  249  271  288  296  297  292  284  272  260  248  238  230  224  217  208
  198  188  180  173  167  161  154  147  141  136  134  132  130  128  126  124
  121  118  114  109  102   98   96   90   74                                   
    30.0-180.0 180.0   5.0 450.0                            LAT/LON1/LON2/DLON/H
   75   75   73   71   68   69   69   71   73   78   86   98  111  123  132  139
  145  150  152  151  148  143  140  139  140  145  151  158  169  184  205  230
  259  287  310  325  331  330  322  312  300  287  276  265  257  249  241  231
  219  208  198  190  183  174  165  155  146  140  135  132  129  127  125  123
  120  117  114  109  103  100   97   92   75                                   
    27.5-180.0 180.0   5.0 450.0                            LAT/LON1/LON2/DLON/H
   77   77   75   73   69   70   69   69   70   75   82   95  109  122  132  140
  147  151  153  153  149  145  142  142  144  150  159  171  187  207  232  262
  294  324  346  359  362  357  348  336  325  313  303  293  285  276  267  256
  244  232  221  211  201  189  176  164  152  144  137  132  128  125  123  121
  118  115  112  109  104  102  100   94   77                                   
    25.0-180.0 180.0   5.0 450.0                            LAT/LON1/LON2/DLON/H
   81   82   81   77   73   73   72   70   70   72   79   91  105  119  131  140
  146  151  154  153  151  147  145  146  150  158  169  185  205  230  259  292
  325  354  375  385  385  378  367  356  345  336  327  319  311  303  293  282
  271  259  247  235  221  205  188  172  158  148  139  132  127  124  121  120
  117  114  112  109  106  104  103   98   81                                   
    22.5-180.0 180.0   5.0 450.0                            LAT/LON1/LON2/DLON/H
   88   89   88   84   79   79   77   73   71   72   77   87  101  116  128  138
  145  150  153  154  153  151  150  151  157  167  181  201  224  252  282  315
  347  375  393  401  398  390  380  370  361  354  348  342  335  327  318  308
  297  286  273  259  241  220  199  180  164  151  141  133  127  123  122  121
  118  116  114  112  110  108  108  103   88                                   
    20.0-180.0 180.0   5.0 450.0                            LAT/LON1/LON2/DLON/H
   95   98   97   91   86   85   82   78   75   75   78   86   99  114  127  137
  145  150  154  156  156  156  157  160  167  179  195  217  242  271  301  332
  361  386  401  407  404  396  387  379  373  368  364  360  355  348  340  331
  321  310  297  280  259  233  208  186  168  155  144  134  128  125  124  125
  123  121  119  116  115  113  113  108   95                                   
    17.5-180.0 180.0   5.0 450.0                            LAT/LON1/LON2/DLON/H
  101  105  104   98   92   91   87   83   80   78   80   87  100  114  128  138
  146  152  156  159  161  163  166  171  179  193  211  234  260  287  315  342
  368  388  401  406  403  397  391  385  381  379  377  374  370  365  357  349
  340  330  316  297  272  243  214  190  172  158  147  137  130  128  129  131
  129  128  125  122  120  118  117  112  101                                   
    15.0-180.0 180.0   5.0 450.0                            LAT/LON1/LON2/DLON/H
  106  110  108  102   96   93   90   86   83   82   83   90  101  116  130  141
  149  155  160  165  168  172  177  184  195  210  230  253  278  303  327  349
  370  386  397  401  401  397  394  391  389  388  387  386  383  378  371  363
  354  343  328  307  280  249  219  194  176  162  150  140  134  132  134  137
  137  135  132  128  125  121  119  114  106                                   
    12.5-180.0 180.0   5.0 450.0                            LAT/LON1/LON2/DLON/H
  108  111  107  102   95   92   90   86   84   84   85   92  103  118  134  146
  154  161  166  171  176  182  189  199  212  228  249  273  296  319  338  356
  371  384  393  398  400  400  399  399  398  397  396  395  392  386  379  371
  361  348  332  310  281  250  220  196  178  165  154  144  138  136  140  143
  143  142  138  133  129  123  119  114  108                                   
    10.0-180.0 180.0   5.0 450.0                            LAT/LON1/LON2/DLON/H
  108  108  104   99   92   88   86   83   82   82   85   92  104  120  137  150
  160  167  173  179  186  193  202  214  229  248  270  293  316  336  352  365
  376  385  393  399  403  406  408  409  408  406  404  400  396  390  381  371
  359  345  327  305  277  246  218  195  179  167  156  146  140  139  143  147
  147  145  141  136  130  123  117  113  108                                   
     7.5-180.0 180.0   5.0 450.0                            LAT/LON1/LON2/DLON/H
  106  104   99   94   87   83   81   78   77   79   82   90  103  120  138  153
  164  172  179  187  195  204  215  229  247  267  290  313  335  353  367  377
