data/edconvlstm_nd/pred0930.15i
     1.0            IONOSPHERE MAPS     GNSS                IONEX VERSION / TYPE
pyspatialgeodesy        IME             05-JAN-18 20:20     PGM / RUN BY / DATE 
Map Name                                                    COMMENT             
Predicted global ionosphere maps (GIM).                     DESCRIPTION         
  2015     4     3     0     0     0                        EPOCH OF FIRST MAP  
  2015     4     4     0     0     0                        EPOCH OF LAST MAP   
  7200                                                      INTERVAL            
    13                                                      # OF MAPS IN FILE   
  NONE                                                      MAPPING FUNCTION    
10.0                                                        ELEVATION CUTOFF    
One-way carrier phase leveled to code                       OBSERVABLES USED    
  6371.0                                                    BASE RADIUS         
 2                                                          MAP DIMENSION       
   450.0 450.0   0.0                                        HGT1 / HGT2 / DHGT  
    87.5 -87.5  -2.5                                        LAT1 / LAT2 / DLAT  
  -180.0 180.0   5.0                                        LON1 / LON2 / DLON  
    -1                                                      EXPONENT            
                                                            END OF HEADER       
[from data line 4719]
    12                                                      START OF TEC MAP    
  2015     4     3    22     0     0                        EPOCH OF CURRENT MAP
    87.5-180.0 180.0   5.0 450.0                            LAT/LON1/LON2/DLON/H
  194  174  155  163  163  164  166  167  167  170  171  173  174  175  176  176
  176  176  176  175  174  172  171  169  167  165  163  160  158  156  153  151
  149  147  145  143  142  141  140  139  139  139  139  140  140  141  142  143
  145  146  147  148  149  150  152  152  153  154  155  155  155  155  155  155
  155  154  154  156  167  166  167  177  194                                   
    85.0-180.0 180.0   5.0 450.0                            LAT/LON1/LON2/DLON/H
  173  166  164  161  158  163  165  169  171  175  177  179  181  183  184  185
  185  184  184  182  181  179  176  174  171  168  165  162  159  155  152  148
  145  142  139  137  135  133  132  131  131  131  132  133  134  135  137  139
  141  143  145  147  149  150  152  153  155  156  156  157  157  157  157  156
  157  156  155  154  158  150  149  159  173                                   
    82.5-180.0 180.0   5.0 450.0                            LAT/LON1/LON2/DLON/H
  147  144  142  143  145  152  158  163  167  173  177  182  185  189  191  192
  193  192  191  189  186  184  180  177  173  169  165  160  155  151  146  141
  137  132  128  125  122  119  117  116  116  116  117  119  121  123  126  128
  131  134  137  139  142  144  146  148  149  150  151  151  150  149  148  147
  145  143  141  144  145  148  139  142  147                                   
    80.0-180.0 180.0   5.0 450.0                            LAT/LON1/LON2/DLON/H
  133  131  133  135  137  144  154  164  172  181  188  195  200  204  206  207
  207  206  203  200  197  193  189  184  180  175  171  166  160  155  149  144
  138  132  127  122  118  115  112  110  110  110  112  114  117  120  123  127
  131  134  138  141  144  147  149  151  153  154  155  155  154  152  150  148
  145  141  138  138  135  129  125  135  133                                   
    77.5-180.0 180.0   5.0 450.0                            LAT/LON1/LON2/DLON/H
  132  122  129  131  138  148  159  171  182  193  202  211  218  223  225  226
  224  221  217  213  208  203  199  195  191  187  183  179  174  170  165  160
  154  148  143  137  132  128  125  123  122  122  124  126  129  133  137  140
  144  147  150  153  156  158  160  162  163  164  164  163  162  160  157  153
  148  144  139  136  136  127  128  143  132                                   
    75.0-180.0 180.0   5.0 450.0                            LAT/LON1/LON2/DLON/H
  131  124  127  129  138  150  161  175  190  204  216  226  233  237  238  236
  232  227  220  214  208  202  198  195  192  190  188  186  183  180  177  172
  167  162  156  150  145  140  136  133  132  132  133  135  138  141  145  148
  150  153  155  156  157  159  160  161  163  164  164  164  163  161  159  155
  150  146  141  134  132  124  126  131  131                                   
    72.5-180.0 180.0   5.0 450.0                            LAT/LON1/LON2/DLON/H
  137  130  133  140  147  159  172  187  203  219  232  244  251  255  254  249
  242  233  223  214  206  200  195  192  191  190  189  189  188  187  185  182
  178  173  168  162  156  151  147  144  142  142  143  145  147  150  153  155
  156  157  157  157  156  156  156  157  159  160  161  162  162  161  159  156
  151  148  143  136  133  129  131  143  137                                   
    70.0-180.0 180.0   5.0 450.0                            LAT/LON1/LON2/DLON/H
  149  144  144  148  155  166  179  196  214  232  247  259  266  268  265  256
  245  232  219  207  197  190  186  183  182  182  183  183  184  184  183  181
  178  174  168  163  157  151  146  143  141  141  142  143  145  147  149  150
  149  148  146  144  142  141  141  141  143  145  148  150  151  152  152  151
  148  146  145  140  140  139  144  152  149                                   
    67.5-180.0 180.0   5.0 450.0                            LAT/LON1/LON2/DLON/H
  169  164  165  169  176  186  199  216  234  254  270  284  292  293  288  276
  261  245  228  214  203  195  189  186  184  183  183  182  182  182  181  179
  176  172  167  161  155  150  145  142  141  140  141  143  145  146  147  147
  145  143  140  136  133  131  131  132  134  137  141  145  148  149  151  152
  151  152  152  150  151  152  158  168  169                                   
    65.0-180.0 180.0   5.0 450.0                            LAT/LON1/LON2/DLON/H
  185  182  182  185  190  198  210  227  246  268  286  301  309  311  304  291
  274  255  236  220  208  199  193  189  185  182  179  176  175  173  171  169
  165  161  155  149  143  137  133  130  129  129  130  131  133  133  133  132
  130  127  123  119  116  114  113  115  118  122  127  131  136  139  142  144
  145  149  152  154  159  165  173  183  185                                   
    62.5-180.0 180.0   5.0 450.0                            LAT/LON1/LON2/DLON/H
  199  198  199  201  205  212  223  239  258  280  300  317  328  330  325  312
  294  274  255  239  227  217  210  203  197  190  183  177  172  168  164  160
  155  150  143  136  130  125  121  119  118  119  119  120  121  121  120  119
  116  113  110  106  104  102  102  104  108  113  119  124  129  133  137  140
  143  148  153  157  165  172  181  192  199                                   
    60.0-180.0 180.0   5.0 450.0                            LAT/LON1/LON2/DLON/H
  209  209  211  213  217  221  231  246  264  286  308  327  340  345  342  331
  314  295  277  262  251  241  233  224  215  204  194  184  176  170  164  158
  151  143  135  128  121  116  112  111  111  111  112  112  112  111  109  107
  105  102   99   97   96   95   96   99  103  108  114  119  125  129  133  137
  140  146  153  157  167  177  187  198  209                                   
    57.5-180.0 180.0   5.0 450.0                            LAT/LON1/LON2/DLON/H
  216  218  222  224  229  232  240  252  269  289  310  331  346  355  355  347
  334  318  302  289  279  270  261  251  239  226  213  200  190  181  173  165
  156  146  136  127  120  114  111  110  110  111  111  110  108  106  103  101
   99   97   96   95   95   96   97  100  104  109  114  120  125  129  134  137
  140  147  154  159  169  179  188  201  216                                   
    55.0-180.0 180.0   5.0 450.0                            LAT/LON1/LON2/DLON/H
  224  228  236  237  244  247  254  262  276  293  313  332  349  360  364  361
  351  338  325  315  306  298  290  280  267  252  238  225  213  202  192  182
  170  158  146  136  128  122  119  118  118  118  117  115  112  108  105  102
  100   99   99   99  100  102  104  107  110  114  119  124  130  134  139  143
  146  153  159  165  174  184  192  205  224                                   
    52.5-180.0 180.0   5.0 450.0                            LAT/LON1/LON2/DLON/H
  236  241  253  255  265  268  274  279  289  301  317  334  350  362  369  369
  362  353  343  334  327  322  315  306  294  280  266  253  241  229  217  204
  190  176  163  151  142  136  133  132  132  131  129  125  121  116  112  110
  108  107  107  108  110  112  115  117  119  122  127  132  138  143  148  154
  157  164  171  176  186  194  201  214  236                                   
    50.0-180.0 180.0   5.0 450.0                            LAT/LON1/LON2/DLON/H
  254  260  274  279  292  298  302  305  311  318  327  340  354  366  373  375
  371  363  355  348  343  339  335  328  319  307  294  282  269  255  241  226
  210  194  180  168  159  152  149  147  147  145  142  138  133  128  124  122
  120  119  119  120  122  124  126  128  129  132  136  142  148  155  162  169
  175  183  190  197  206  212  218  234  254                                   
    47.5-180.0 180.0   5.0 450.0                            LAT/LON1/LON2/DLON/H
  278  284  300  309  324  332  337  338  341  343  347  354  363  373  379  381
  378  371  364  357  354  352  350  347  340  330  319  305  291  275  257  239
  222  206  192  181  172  166  162  160  159  157  154  150  145  141  138  135
  134  132  132  132  134  135  136  137  138  141  145  152  160  169  179  189
  197  208  216  224  235  239  246  265  278                                   
    45.0-180.0 180.0   5.0 450.0                            LAT/LON1/LON2/DLON/H
  307  313  329  341  358  368  374  376  377  376  375  377  381  386  390  391
  386  379  371  365  363  363  363  362  357  348  336  321  303  283  261  241
  223  208  197  188  181  175  170  168  166  164  161  158  155  152  150  148
  146  145  143  142  143  144  145  145  146  149  154  163  174  186  199  211
  222  237  247  258  270  274  281  305  307                                   
    42.5-180.0 180.0   5.0 450.0                            LAT/LON1/LON2/DLON/H
  338  345  360  373  390  401  409  413  415  414  410  408  407  408  408  406
  399  391  382  376  373  374  376  375  371  361  346  327  304  279  254  232
  216  204  197  192  186  181  176  172  170  168  165  163  161  159  159  158
  156  154  151  149  148  149  150  151  152  156  163  174  187  203  219  235
  249  267  280  294  306  312  320  348  338                                   
    40.0-180.0 180.0   5.0 450.0                            LAT/LON1/LON2/DLON/H
  370  378  391  402  417  428  438  444  450  450  447  443  439  437  433  428
  419  408  398  391  388  389  391  389  383  369  350  325  297  268  242  221
  208  202  200  198  195  189  183  177  173  171  169  167  166  165  165  165
  163  159  156  153  152  152  153  154  156  161  169  183  200  219  238  257
  274  295  312  328  339  348  359  388  370                                   
    37.5-180.0 180.0   5.0 450.0                            LAT/LON1/LON2/DLON/H
  402  410  421  426  440  448  460  469  478  483  482  479  475  470  464  456
  445  433  421  414  410  409  409  404  394  376  352  323  291  261  235  218
  211  211  214  216  213  206  196  188  182  179  177  175  173  173  172  171
  169  164  159  156  155  155  156  157  159  164  174  189  209  231  255  276
  296  320  339  356  366  379  394  422  402                                   
    35.0-180.0 180.0   5.0 450.0                            LAT/LON1/LON2/DLON/H
  437  446  454  451  462  467  479  489  502  511  514  514  510  506  499  489
  477  463  451  442  437  433  429  420  405  384  357  326  294  266  245  234
  233  239  247  250  245  234  220  209  201  196  192  190  187  185  182  180
  175  170  164  160  159  160  161  161  162  166  176  193  216  241  267  292
  314  340  362  381  389  407  427  451  437                                   
    32.5-180.0 180.0   5.0 450.0                            LAT/LON1/LON2/DLON/H
  478  489  496  485  494  495  505  513  528  539  545  547  545  542  535  524
  511  496  483  473  465  458  449  437  419  396  369  340  313  291  279  276
  283  293  301  301  291  274  255  239  229  223  218  214  209  203  198  193
  186  179  172  168  167  168  168  167  166  169  179  196  220  248  278  306
  331  360  384  405  414  436  460  480  478                                   
    30.0-180.0 180.0   5.0 450.0                            LAT/LON1/LON2/DLON/H
  527  544  551  536  544  541  547  552  564  573  579  582  581  577  570  558
  544  529  515  503  491  480  468  453  435  414  391  369  352  341  340  346
  358  368  372  365  346  321  296  278  266  259  253  247  239  230  220  211
  201  191  184  179  178  178  177  175  172  174  182  199  224  254  287  319
  348  380  408  431  442  468  497  510  527                                   
    27.5-180.0 180.0   5.0 450.0                            LAT/LON1/LON2/DLON/H
  585  610  619  604  615  610  613  612  620  624  625  624  620  614  605  592
  576  559  543  528  513  499  485  470  454  439  425  415  411  414  424  437
  448  453  446  426  397  364  336  316  305  299  293  285  275  261  247  233
  219  207  197  191  188  187  185  181  178  177  185  201  226  259  295  332
  365  402  433  460  474  503  535  544  585                                   
    25.0-180.0 180.0   5.0 450.0                            LAT/LON1/LON2/DLON/H
  643  679  693  686  704  701  702  696  698  694  687  678  668  657  643  625
  605  585  566  548  530  514  499  487  478  472  470  473  483  498  514  527
  531  523  501  468  429  392  364  347  339  335  331  323  311  294  276  256
  238  222  209  200  195  192  188  183  179  178  184  200  226  260  301  342
  380  422  458  487  505  537  574  579  643                                   
    22.5-180.0 180.0   5.0 450.0                            LAT/LON1/LON2/DLON/H
  693  741  763  770  797  799  802  796  793  781  766  747  728  708  686  662
  636  611  587  565  544  527  515  508  506  510  520  536  554  572  585  587
  578  555  519  475  431  395  373  363  361  362  360  354  341  323  301  278
  255  235  219  207  199  193  187  181  176  175  181  197  223  259  302  348
  391  438  477  509  532  566  606  610  693                                   
    20.0-180.0 180.0   5.0 450.0                            LAT/LON1/LON2/DLON/H
  727  786  818  838  875  886  896  893  890  875  853  826  797  768  736  704
  670  638  608  582  560  543  534  533  539  552  570  588  603  612  611  599
  575  538  493  444  401  372  360  361  368  374  376  372  361  343  320  294
  268  245  226  211  199  190  183  176  171  171  177  192  218  255  301  349
  397  446  488  524  549  585  628  633  727                                   
    17.5-180.0 180.0   5.0 450.0                            LAT/LON1/LON2/DLON/H
  742  808  848  878  924  944  963  968  971  959  936  905  869  832  792  751
  710  671  635  606  582  567  561  565  576  592  607  616  615  604  585  556
  519  474  425  379  346  331  334  347  362  372  376  374  366  350  328  301
  274  249  228  209  195  184  175  169  164  165  172  187  214  251  298  349
  398  450  493  530  557  595  638  646  742                                   
    15.0-180.0 180.0   5.0 450.0                            LAT/LON1/LON2/DLON/H
  738  806  850  883  935  964  994 1009 1021 1016  998  969  932  892  848  802
  755  711  672  640  616  603  598  603  612  621  622  610  586  552  513  469
  423  377  335  303  287  290  307  330  350  361  365  363  355  342  322  297
  271  245  222  203  187  175  166  161  158  159  167  182  208  246  294  346
  396  448  491  529  557  596  638  647  738                                   
    12.5-180.0 180.0   5.0 450.0                            LAT/LON1/LON2/DLON/H
  720  781  825  856  909  946  985 1011 1033 1038 1029 1007  975  937  894  848
  800  755  715  684  661  647  641  641  641  634  613  576  527  471  413  360
  314  278  255  244  248  265  292  320  341  350  349  343  334  321  303  281
  257  233  211  192  176  165  158  155  154  156  163  178  204  241  290  342
  392  443  486  523  551  591  630  640  720                                   
    10.0-180.0 180.0   5.0 450.0                            LAT/LON1/LON2/DLON/H
  692  744  779  802  852  894  941  976 1008 1024 1025 1014  991  960  922  881
  838  796  759  729  707  692  681  671  656  630  587  526  455  383  318  267
  233  216  213  222  240  267  299  327  344  345  335  320  306  292  275  256
  235  215  196  179  166  158  154  153  153  155  161  175  200  237  286  338
  387  437  480  517  545  585  622  631  692                                   
     7.5-180.0 180.0   5.0 450.0                            LAT/LON1/LON2/DLON/H
  667  706  728  736  777  818  868  910  951  978  990  990  978  957  928  894
  859  824  792  766  744  726  709  688  658  615  553  476  393  317  259  222
