data/edconvlstm_nd/pred3400.15i
     1.0            IONOSPHERE MAPS     GNSS                IONEX VERSION / TYPE
pyspatialgeodesy        IME             05-JAN-18 20:20     PGM / RUN BY / DATE 
Map Name                                                    COMMENT             
Predicted global ionosphere maps (GIM).                     DESCRIPTION         
  2015    12     6     0     0     0                        EPOCH OF FIRST MAP  
  2015    12     7     0     0     0                        EPOCH OF LAST MAP   
  7200                                                      INTERVAL            
    13                                                      # OF MAPS IN FILE   
  NONE                                                      MAPPING FUNCTION    
10.0                                                        ELEVATION CUTOFF    
One-way carrier phase leveled to code                       OBSERVABLES USED    
  6371.0                                                    BASE RADIUS         
 2                                                          MAP DIMENSION       
   450.0 450.0   0.0                                        HGT1 / HGT2 / DHGT  
    87.5 -87.5  -2.5                                        LAT1 / LAT2 / DLAT  
  -180.0 180.0   5.0                                        LON1 / LON2 / DLON  
    -1                                                      EXPONENT            
                                                            END OF HEADER       
[from data line 3861]
    10                                                      START OF TEC MAP    
  2015    12     6    18     0     0                        EPOCH OF CURRENT MAP
    87.5-180.0 180.0   5.0 450.0                            LAT/LON1/LON2/DLON/H
   65   69   68   71   76   73   74   70   71   74   73   74   75   76   76   76
   76   76   76   75   74   73   72   72   71   70   69   68   67   66   65   65
   64   63   63   62   62   62   62   61   61   61   61   61   61   62   62   62
   62   63   63   63   63   63   63   63   63   63   63   63   63   63   63   63
   64   63   60   57   61   62   80   83   65                                   
    85.0-180.0 180.0   5.0 450.0                            LAT/LON1/LON2/DLON/H
   71   73   85   67   68   72   71   73   73   76   76   78   79   80   80   81
   81   81   81   80   79   78   77   76   75   74   73   72   71   70   70   69
   68   67   67   66   66   66   65   65   65   65   65   65   65   65   65   65
   65   66   66   66   66   66   66   66   66   66   66   66   66   66   66   66
   66   65   60   57   61   63   72   67   71                                   
    82.5-180.0 180.0   5.0 450.0                            LAT/LON1/LON2/DLON/H
   56   60   66   57   62   64   67   68   70   72   74   76   77   79   80   80
   80   80   79   78   77   76   74   72   71   69   68   66   65   64   63   62
   61   61   60   59   59   58   58   57   57   57   57   57   57   57   57   58
   58   58   59   59   59   59   60   60   60   60   60   60   59   59   59   58
   58   57   53   51   58   67   64   62   56                                   
    80.0-180.0 180.0   5.0 450.0                            LAT/LON1/LON2/DLON/H
   42   46   56   50   55   55   60   62   66   70   73   76   78   80   82   83
   83   82   81   80   77   75   72   70   67   65   63   61   60   59   58   57
   56   56   55   54   53   53   52   51   51   51   51   51   51   52   52   53
   54   55   55   56   56   57   57   57   57   57   57   56   56   56   55   54
   54   54   51   51   50   56   53   59   42                                   
    77.5-180.0 180.0   5.0 450.0                            LAT/LON1/LON2/DLON/H
   52   46   48   44   50   51   57   61   65   69   72   77   81   84   86   88
   88   88   86   84   81   77   73   69   65   62   59   56   54   53   52   51
   50   50   49   48   46   45   44   43   42   42   42   42   43   44   46   47
   49   50   51   52   53   54   55   55   55   55   54   54   53   52   52   51
   50   50   48   47   46   47   47   54   52                                   
    75.0-180.0 180.0   5.0 450.0                            LAT/LON1/LON2/DLON/H
   43   40   41   40   45   47   52   56   61   67   71   77   81   85   88   91
   92   91   90   87   84   79   74   69   64   60   56   53   51   50   49   48
   48   47   46   45   44   42   41   40   39   39   39   40   41   43   45   46
   48   50   52   53   55   55   56   56   57   56   56   56   55   54   54   53
   52   53   52   49   48   44   40   39   43                                   
    72.5-180.0 180.0   5.0 450.0                            LAT/LON1/LON2/DLON/H
   48   42   41   42   43   44   50   53   57   61   66   72   77   82   86   89
   90   91   90   87   84   79   73   67   61   55   51   47   45   43   42   42
   41   41   39   38   36   34   32   30   29   29   29   30   32   34   36   39
   41   43   45   46   47   48   49   49   50   50   50   49   49   49   48   48
   47   47   46   43   41   40   39   42   48                                   
    70.0-180.0 180.0   5.0 450.0                            LAT/LON1/LON2/DLON/H
   46   42   43   43   44   45   48   52   57   62   67   73   79   84   89   93
   95   97   98   96   93   89   83   76   69   63   57   52   49   47   46   45
   44   43   41   38   36   33   30   28   27   27   28   29   31   34   36   39
   41   43   44   45   46   47   47   48   49   49   50   50   50   50   51   51
   50   50   50   47   46   45   47   48   46                                   
    67.5-180.0 180.0   5.0 450.0                            LAT/LON1/LON2/DLON/H
   49   45   45   46   48   48   52   55   59   63   68   74   79   84   89   94
   98  102  103  104  102   98   93   86   78   71   64   58   53   50   48   47
   45   42   40   36   32   29   26   24   23   24   25   26   29   31   33   35
   37   38   39   39   40   40   41   42   44   45   46   47   47   48   49   49
   49   49   49   45   44   44   44   46   49                                   
    65.0-180.0 180.0   5.0 450.0                            LAT/LON1/LON2/DLON/H
   45   45   45   48   49   50   53   56   61   65   69   74   79   84   90   96
  101  106  110  113  113  110  106   99   91   82   74   67   61   57   53   50
   47   43   39   34   30   25   23   21   20   21   23   25   27   29   31   32
   33   33   32   32   32   33   34   36   38   40   42   43   45   45   46   47
   48   49   50   48   46   47   47   49   45                                   
    62.5-180.0 180.0   5.0 450.0                            LAT/LON1/LON2/DLON/H
   44   44   45   49   51   52   56   59   64   67   72   76   81   86   92   98
  105  112  118  122  123  122  118  111  103   94   85   77   70   64   59   54
   49   44   38   32   27   22   20   18   18   20   22   24   26   28   28   29
   28   27   26   25   25   26   27   29   32   35   37   39   41   42   43   44
   44   46   46   45   43   44   44   45   44                                   
    60.0-180.0 180.0   5.0 450.0                            LAT/LON1/LON2/DLON/H
   41   42   44   48   50   52   56   60   66   70   75   80   84   89   95  102
  110  118  124  129  132  132  128  122  113  104   95   86   78   71   65   58
   52   45   38   31   25   20   18   17   18   19   22   24   26   27   27   25
   24   22   20   19   18   19   21   24   27   31   33   36   37   38   38   39
   40   41   42   41   40   41   41   43   41                                   
    57.5-180.0 180.0   5.0 450.0                            LAT/LON1/LON2/DLON/H
   39   40   42   48   51   54   59   65   72   77   83   88   93   98  104  111
  119  127  134  139  141  141  138  132  124  115  106   97   89   82   75   67
   59   51   42   35   28   24   22   22   23   25   28   30   31   31   29   27
   24   21   19   17   17   18   20   23   27   31   34   36   37   37   37   38
   38   39   40   40   39   39   38   41   39                                   
    55.0-180.0 180.0   5.0 450.0                            LAT/LON1/LON2/DLON/H
   40   41   44   50   54   58   64   72   81   88   95  100  105  111  117  124
  132  139  144  148  149  148  145  139  132  124  117  109  102   94   87   78
   69   60   50   42   36   32   30   31   33   35   37   39   39   37   35   31
   28   24   22   20   20   21   23   27   31   35   38   40   40   40   39   39
   39   40   41   40   39   39   37   40   40                                   
    52.5-180.0 180.0   5.0 450.0                            LAT/LON1/LON2/DLON/H
   44   44   47   54   59   64   73   83   93  102  110  116  121  127  133  139
  146  152  156  158  157  154  150  146  140  134  128  122  115  108  101   92
   82   71   61   53   48   44   44   45   47   49   50   51   50   47   44   40
   36   32   30   28   28   29   31   35   39   42   45   46   46   45   44   43
   43   44   46   45   43   42   40   43   44                                   
    50.0-180.0 180.0   5.0 450.0                            LAT/LON1/LON2/DLON/H
   52   51   54   61   67   75   85   97  108  119  127  134  139  144  150  157
  162  166  168  167  165  161  157  153  148  144  140  135  130  123  115  106
   95   84   74   66   62   60   60   61   63   65   65   65   62   59   55   51
   47   44   41   40   40   41   43   46   49   52   54   54   53   52   51   50
   50   51   53   53   51   49   47   49   52                                   
    47.5-180.0 180.0   5.0 450.0                            LAT/LON1/LON2/DLON/H
   61   60   63   71   77   87   98  113  125  137  146  152  157  162  168  174
  178  181  180  177  173  169  165  161  159  156  153  149  144  137  128  118
  106   95   86   79   75   75   76   78   79   80   79   78   74   71   66   62
   59   56   54   53   53   54   55   57   59   61   61   61   60   59   58   58
   58   60   62   62   60   58   56   58   61                                   
    45.0-180.0 180.0   5.0 450.0                            LAT/LON1/LON2/DLON/H
   69   68   72   81   89   99  112  128  142  155  163  170  174  179  184  189
  192  193  191  187  183  178  175  172  171  169  166  161  155  147  137  126
  114  103   94   89   87   87   89   91   92   92   91   88   84   80   75   72
   69   66   65   64   64   64   65   66   67   67   67   66   66   65   65   66
   66   68   70   70   68   67   65   67   69                                   
    42.5-180.0 180.0   5.0 450.0                            LAT/LON1/LON2/DLON/H
   74   73   78   89   98  110  125  142  156  170  178  184  188  192  197  201
  204  204  202  198  193  190  187  185  184  181  177  171  163  153  142  130
  118  108  100   96   95   97   99  101  101  100   98   95   91   86   81   77
   74   72   71   70   70   70   70   70   70   70   69   69   69   69   70   72
   72   74   75   75   73   72   70   73   74                                   
    40.0-180.0 180.0   5.0 450.0                            LAT/LON1/LON2/DLON/H
   74   74   79   93  104  117  134  152  167  180  188  194  198  203  207  211
  213  213  211  208  205  203  201  199  196  192  185  176  166  155  143  132
  121  111  105  102  102  104  107  108  107  105  103   99   94   89   84   80
   76   74   72   71   70   70   69   69   69   68   68   68   69   71   73   75
   75   76   76   75   72   72   70   74   74                                   
    37.5-180.0 180.0   5.0 450.0                            LAT/LON1/LON2/DLON/H
   70   71   76   93  105  120  138  158  174  187  196  202  207  211  216  220
  221  221  220  218  217  215  213  210  206  199  190  179  167  155  145  136
  127  119  114  111  111  113  114  114  112  109  106  102   97   91   86   80
   76   73   70   68   67   66   66   66   65   65   65   66   68   70   73   75
   75   74   73   71   67   66   64   70   70                                   
    35.0-180.0 180.0   5.0 450.0                            LAT/LON1/LON2/DLON/H
   65   65   71   90  104  119  139  159  177  191  201  208  214  219  224  227
  229  229  228  228  228  227  223  218  211  203  192  180  169  160  153  147
  142  136  131  128  126  125  124  122  119  115  111  107  102   95   89   83
   78   73   69   65   63   62   62   62   62   62   62   64   66   69   72   73
   72   70   68   65   59   57   55   62   65                                   
    32.5-180.0 180.0   5.0 450.0                            LAT/LON1/LON2/DLON/H
   59   60   66   85  100  116  137  158  177  192  204  213  221  227  233  235
  236  236  236  237  237  235  229  222  213  204  194  184  176  172  170  170
  169  165  160  154  149  145  140  135  130  125  121  116  110  103   96   90
   84   78   72   67   64   62   62   62   62   63   63   64   66   68   71   72
   70   66   62   58   52   49   46   54   59                                   
    30.0-180.0 180.0   5.0 450.0                            LAT/LON1/LON2/DLON/H
   57   58   64   83   98  113  134  155  176  193  208  219  229  236  241  243
  243  242  243  244  243  239  231  222  214  206  199  194  193  195  201  207
  210  208  200  190  180  170  161  153  146  140  135  130  124  117  110  103
   97   90   83   76   71   68   67   67   67   68   68   69   70   71   72   72
   69   64   59   54   47   43   41   49   57                                   
    27.5-180.0 180.0   5.0 450.0                            LAT/LON1/LON2/DLON/H
   58   61   66   84   99  113  132  153  175  194  212  225  237  245  250  251
  250  249  248  248  245  239  230  221  215  212  211  214  220  230  243  255
  261  259  248  233  216  201  187  175  166  159  154  148  142  135  129  123
  117  110  101   93   86   81   79   78   78   78   78   77   77   77   76   75
   71   66   61   55   48   43   42   48   58                                   
    25.0-180.0 180.0   5.0 450.0                            LAT/LON1/LON2/DLON/H
   65   68   74   91  105  118  134  154  176  196  215  231  244  253  258  258
  256  254  252  250  246  238  229  223  221  225  233  244  258  276  294  310
  318  314  299  277  253  232  213  199  188  181  175  169  163  157  151  147
  142  135  126  116  107  101   97   94   93   92   91   90   88   86   84   81
   76   71   66   60   54   49   49   53   65                                   
    22.5-180.0 180.0   5.0 450.0                            LAT/LON1/LON2/DLON/H
   75   80   87  102  116  128  142  159  179  199  219  236  250  259  264  264
  262  258  255  252  246  238  231  230  236  249  265  283  304  325  347  365
  372  365  345  316  286  259  237  221  210  202  195  189  183  177  172  169
  166  160  150  140  130  122  116  112  109  106  105  102   99   96   92   89
   84   79   75   69   64   60   60   62   75                                   
    20.0-180.0 180.0   5.0 450.0                            LAT/LON1/LON2/DLON/H
   87   93  102  116  131  142  154  168  186  206  224  240  254  263  268  269
  266  262  258  253  247  242  240  246  261  282  305  328  351  374  395  411
  415  404  378  344  309  278  255  238  227  219  212  205  197  191  188  186
  183  178  169  159  148  140  133  127  122  119  116  113  109  104  100   96
   90   87   83   78   75   72   73   73   87                                   
    17.5-180.0 180.0   5.0 450.0                            LAT/LON1/LON2/DLON/H
   98  106  116  131  147  158  169  181  197  215  232  246  259  268  273  273
  271  267  263  258  253  252  257  272  295  323  350  374  395  415  432  442
  441  425  395  357  319  288  265  249  238  229  221  213  204  197  193  192
  190  185  177  168  159  151  144  137  132  127  124  120  116  110  105  100
   95   92   89   85   84   82   83   84   98                                   
    15.0-180.0 180.0   5.0 450.0                            LAT/LON1/LON2/DLON/H
  106  115  128  144  162  173  185  197  211  227  242  255  267  275  280  281
  279  275  271  267  265  270  284  307  337  367  394  415  431  443  452  455
  447  427  394  356  320  290  269  254  244  234  224  214  203  194  189  187
  184  180  173  166  160  155  149  143  137  132  128  123  118  112  107  102
   96   94   90   88   88   88   89   92  106                                   
    12.5-180.0 180.0   5.0 450.0                            LAT/LON1/LON2/DLON/H
  108  119  135  153  173  186  201  212  227  242  255  268  279  287  292  293
  292  289  284  282  284  295  317  347  381  412  435  449  455  457  456  450
  437  415  383  348  315  288  270  257  246  235  222  209  195  185  178  174
  171  166  161  157  155  153  150  145  140  134  129  124  119  112  106  101
   95   92   88   86   87   87   89   94  108                                   
    10.0-180.0 180.0   5.0 450.0                            LAT/LON1/LON2/DLON/H
  105  119  137  157  180  196  215  227  242  257  271  284  296  304  310  313
  312  309  305  304  310  327  355  390  425  453  468  471  466  457  447  435
  419  397  369  339  311  289  273  261  248  234  218  201  186  173  165  160
  155  151  147  146  147  149  150  147  142  136  130  124  118  112  105   99
   92   88   84   81   82   83   84   92  105                                   
     7.5-180.0 180.0   5.0 450.0                            LAT/LON1/LON2/DLON/H
  101  116  135  158  183  203  226  240  257  273  288  303  316  327  335  339
  339  336  332  332  341  362  393  430  463  484  490  482  466  450  434  419
