data/edconvlstm_nd/pred3530.15i
     1.0            IONOSPHERE MAPS     GNSS                IONEX VERSION / TYPE
pyspatialgeodesy        IME             05-JAN-18 20:20     PGM / RUN BY / DATE 
Map Name                                                    COMMENT             
Predicted global ionosphere maps (GIM).                     DESCRIPTION         
  2015    12    19     0     0     0                        EPOCH OF FIRST MAP  
  2015    12    20     0     0     0                        EPOCH OF LAST MAP   
  7200                                                      INTERVAL            
    13                                                      # OF MAPS IN FILE   
  NONE                                                      MAPPING FUNCTION    
10.0                                                        ELEVATION CUTOFF    
One-way carrier phase leveled to code                       OBSERVABLES USED    
  6371.0                                                    BASE RADIUS         
 2                                                          MAP DIMENSION       
   450.0 450.0   0.0                                        HGT1 / HGT2 / DHGT  
    87.5 -87.5  -2.5                                        LAT1 / LAT2 / DLAT  
  -180.0 180.0   5.0                                        LON1 / LON2 / DLON  
    -1                                                      EXPONENT            
                                                            END OF HEADER       
[from data line 3432]
     9                                                      START OF TEC MAP    
  2015    12    19    16     0     0                        EPOCH OF CURRENT MAP
    87.5-180.0 180.0   5.0 450.0                            LAT/LON1/LON2/DLON/H
   46   56   58   60   63   62   62   57   57   59   58   59   59   59   60   60
   60   61   61   61   61   62   62   62   62   62   62   63   63   63   63   63
   63   62   62   62   62   62   62   62   62   62   62   62   62   63   63   63
   63   63   64   64   64   64   64   64   64   64   64   64   64   63   63   63
   63   62   58   53   55   56   70   74   46                                   
    85.0-180.0 180.0   5.0 450.0                            LAT/LON1/LON2/DLON/H
   51   63   78   59   61   63   61   61   61   62   61   61   61   61   62   62
   63   63   64   64   65   65   66   66   67   67   68   68   68   68   68   68
   68   68   68   68   68   68   67   67   67   67   67   67   67   67   68   68
   68   69   69   69   70   70   70   70   71   71   71   71   70   70   70   70
   70   68   63   58   61   62   70   63   51                                   
    82.5-180.0 180.0   5.0 450.0                            LAT/LON1/LON2/DLON/H
   41   51   62   50   54   54   54   53   53   53   53   53   53   53   53   53
   53   54   54   55   56   56   57   58   58   59   60   60   61   61   61   61
   61   61   60   60   59   59   58   58   58   57   57   57   57   57   57   58
   58   59   59   60   61   61   62   63   63   63   64   64   64   63   63   63
   63   61   57   53   58   66   65   59   41                                   
    80.0-180.0 180.0   5.0 450.0                            LAT/LON1/LON2/DLON/H
   28   38   52   43   46   44   46   45   45   46   45   46   46   46   46   46
   47   48   48   49   50   51   52   53   54   55   56   56   57   57   57   57
   57   56   55   54   53   52   52   51   50   49   49   49   49   49   49   50
   50   51   52   53   55   56   57   58   59   59   59   60   59   59   58   58
   57   56   54   51   51   58   54   57   28                                   
    77.5-180.0 180.0   5.0 450.0                            LAT/LON1/LON2/DLON/H
   37   40   41   33   36   34   36   36   37   37   37   38   39   39   40   41
   42   43   45   46   47   49   50   52   53   54   54   55   55   55   55   54
   53   52   51   49   47   45   43   41   40   38   37   37   37   37   37   38
   39   41   42   44   46   48   49   51   52   52   53   53   52   51   50   49
   48   47   44   42   40   43   46   48   37                                   
    75.0-180.0 180.0   5.0 450.0                            LAT/LON1/LON2/DLON/H
   21   29   30   27   30   30   31   31   33   35   35   37   38   39   40   42
   44   46   48   50   52   54   56   57   58   59   59   59   59   59   58   57
   55   53   51   48   45   42   40   37   35   33   32   32   31   31   32   33
   34   36   38   40   42   44   46   47   49   49   50   50   49   48   47   46
   44   44   42   39   39   37   36   32   21                                   
    72.5-180.0 180.0   5.0 450.0                            LAT/LON1/LON2/DLON/H
   25   30   28   27   27   27   30   30   31   33   33   36   37   39   41   43
   46   49   52   55   58   60   62   63   64   64   64   63   62   61   60   58
   55   52   49   45   41   37   33   30   28   26   24   23   23   23   24   25
   26   28   30   32   34   36   38   40   41   42   43   43   42   42   40   39
   38   37   35   33   32   32   33   33   25                                   
    70.0-180.0 180.0   5.0 450.0                            LAT/LON1/LON2/DLON/H
   21   28   29   28   29   28   29   31   34   37   38   41   43   46   49   52
   56   60   64   69   72   76   78   79   79   79   78   76   75   73   70   68
   64   60   56   51   46   40   36   32   29   27   25   24   24   23   24   25
   26   27   29   31   33   34   36   38   40   41   42   42   42   42   41   40
   39   37   37   34   35   34   38   36   21                                   
    67.5-180.0 180.0   5.0 450.0                            LAT/LON1/LON2/DLON/H
   23   29   29   29   30   30   33   35   37   39   42   45   48   51   55   59
   64   70   75   81   86   90   92   93   93   92   90   87   85   82   79   76
   72   67   61   55   48   42   37   33   29   27   25   24   24   23   23   23
   24   25   26   27   29   30   32   34   35   37   39   40   40   40   40   40
   38   37   36   33   33   33   34   33   23                                   
    65.0-180.0 180.0   5.0 450.0                            LAT/LON1/LON2/DLON/H
   22   29   29   30   31   31   33   35   38   41   44   47   50   54   59   65
   71   79   86   93   99  104  106  107  107  105  102   99   96   93   89   86
   81   75   68   60   53   46   40   35   32   30   28   27   26   25   24   23
   23   23   23   24   25   26   27   29   31   33   35   37   38   39   39   39
   39   38   38   36   36   37   37   36   22                                   
    62.5-180.0 180.0   5.0 450.0                            LAT/LON1/LON2/DLON/H
   24   30   29   31   32   32   34   36   38   41   43   47   51   55   61   68
   76   85   95  103  110  115  118  119  118  115  112  109  105  102   98   94
   89   82   74   65   56   48   42   38   35   33   31   29   28   26   24   23
   22   21   21   20   21   21   23   24   26   29   31   34   35   37   37   38
   38   38   38   37   37   37   37   36   24                                   
    60.0-180.0 180.0   5.0 450.0                            LAT/LON1/LON2/DLON/H
   26   31   30   32   32   31   32   33   35   38   40   44   48   53   60   69
   78   89  100  109  117  122  125  126  125  122  119  116  112  109  106  102
   97   89   80   69   60   51   45   40   38   36   34   32   30   27   25   22
   20   19   18   17   17   17   18   19   21   24   27   30   32   34   35   35
   35   36   37   36   37   38   38   37   26                                   
    57.5-180.0 180.0   5.0 450.0                            LAT/LON1/LON2/DLON/H
   30   33   33   35   34   33   33   33   35   37   39   43   48   54   61   71
   82   95  106  116  124  129  132  133  132  130  127  124  121  119  116  112
  106   98   88   77   66   57   51   47   44   43   41   38   35   32   28   25
   23   21   19   17   17   16   17   18   21   24   27   30   32   34   35   36
   36   37   38   38   39   40   39   40   30                                   
    55.0-180.0 180.0   5.0 450.0                            LAT/LON1/LON2/DLON/H
   37   39   39   41   39   37   36   36   37   38   41   45   50   56   65   75
   88  102  114  124  132  136  138  139  138  136  134  132  130  128  126  122
  116  108   97   85   74   65   59   55   53   52   49   46   42   38   34   31
   28   26   23   21   20   19   20   21   24   27   31   34   36   37   37   37
   38   39   41   41   43   43   43   44   37                                   
    52.5-180.0 180.0   5.0 450.0                            LAT/LON1/LON2/DLON/H
   46   47   48   49   47   46   43   42   42   43   46   50   55   62   71   83
   97  111  124  134  140  144  145  145  145  144  142  140  138  136  135  131
  126  117  106   95   83   75   69   66   64   62   60   56   51   46   42   39
   37   35   32   30   28   27   28   30   33   36   39   41   42   42   42   42
   42   44   47   48   49   49   49   49   46                                   
    50.0-180.0 180.0   5.0 450.0                            LAT/LON1/LON2/DLON/H
   56   57   58   60   58   57   53   51   51   52   55   60   65   72   82   94
  108  123  135  145  150  153  153  153  153  152  150  148  146  144  142  138
  133  125  114  103   93   85   80   77   76   74   70   66   60   55   52   49
   48   46   44   42   40   40   41   43   46   49   51   51   51   50   49   49
   49   51   54   56   58   58   57   56   56                                   
    47.5-180.0 180.0   5.0 450.0                            LAT/LON1/LON2/DLON/H
   65   67   68   71   69   68   64   63   62   65   68   74   79   86   95  108
  122  136  149  157  161  163  163  163  162  161  159  156  153  149  145  141
  136  128  120  110  102   95   91   88   86   84   80   75   69   64   61   60
   59   58   57   55   53   53   55   57   60   62   63   62   60   58   57   56
   56   58   62   65   67   67   66   64   65                                   
    45.0-180.0 180.0   5.0 450.0                            LAT/LON1/LON2/DLON/H
   71   74   75   79   78   78   74   74   74   79   84   90   96  102  111  122
  136  150  161  169  173  174  174  173  172  170  167  162  156  151  145  140
  135  129  122  115  109  104  100   98   96   92   88   82   76   72   69   68
   68   68   67   65   63   64   66   69   72   73   73   71   68   65   63   63
   63   65   68   71   74   76   75   72   71                                   
    42.5-180.0 180.0   5.0 450.0                            LAT/LON1/LON2/DLON/H
   74   76   77   83   83   83   81   82   84   92   99  107  113  119  127  137
  149  162  173  180  184  184  184  182  180  177  172  165  157  149  142  136
  131  127  123  119  115  112  109  106  103   99   94   88   82   77   75   74
   75   74   73   70   69   70   72   76   79   79   78   75   72   69   68   67
   67   69   72   75   79   80   80   77   74                                   
    40.0-180.0 180.0   5.0 450.0                            LAT/LON1/LON2/DLON/H
   72   73   74   81   82   84   82   86   91  102  112  122  129  136  142  151
  162  173  182  189  193  193  192  190  187  183  176  166  156  146  138  132
  129  127  126  125  124  122  119  115  110  105   99   92   86   81   79   78
   78   78   75   72   71   71   73   77   80   80   78   75   72   70   70   69
   69   70   73   75   78   80   80   78   72                                   
    37.5-180.0 180.0   5.0 450.0                            LAT/LON1/LON2/DLON/H
   66   66   67   75   77   79   80   86   95  108  121  134  143  150  157  164
  172  182  190  196  199  200  199  196  192  186  177  166  155  144  137  133
  133  134  137  139  139  137  133  127  120  113  106   99   92   87   84   83
   82   81   78   74   71   70   72   75   77   77   75   72   70   69   69   69
   69   69   70   71   74   76   75   75   66                                   
    35.0-180.0 180.0   5.0 450.0                            LAT/LON1/LON2/DLON/H
   61   59   59   68   70   72   76   84   95  112  128  143  155  163  170  176
  183  190  196  202  205  205  204  200  194  187  178  168  157  149  145  144
  147  153  158  163  163  160  153  144  135  126  117  109  102   96   92   91
   90   88   85   79   75   72   72   73   74   74   72   70   68   68   69   69
   68   66   67   66   67   68   67   70   61                                   
    32.5-180.0 180.0   5.0 450.0                            LAT/LON1/LON2/DLON/H
   56   54   53   61   63   65   70   80   94  113  132  150  164  174  182  188
  193  198  202  206  209  209  206  202  196  189  181  174  167  163  164  169
  177  186  194  199  199  193  182  169  157  145  135  126  117  111  107  106
  105  103   99   92   85   80   77   76   75   73   71   70   69   70   71   71
   69   66   65   63   62   62   61   66   56                                   
    30.0-180.0 180.0   5.0 450.0                            LAT/LON1/LON2/DLON/H
   56   53   52   57   59   61   66   77   93  113  134  154  171  184  193  199
  203  205  208  210  212  211  207  203  197  193  189  186  185  188  195  206
  220  233  243  247  244  234  219  202  186  172  160  149  140  133  130  129
  129  128  123  115  105   97   90   85   82   79   76   75   75   76   77   77
   74   70   68   64   62   60   60   65   56                                   
    27.5-180.0 180.0   5.0 450.0                            LAT/LON1/LON2/DLON/H
   60   57   55   58   59   60   66   76   93  114  136  158  177  192  203  210
  212  213  213  214  213  211  208  203  201  200  201  205  212  223  238  256
  275  292  302  303  295  280  260  239  220  204  191  179  169  162  159  159
  161  160  155  146  134  121  111  102   96   91   89   87   87   88   88   87
   83   79   76   71   69   64   65   67   60                                   
    25.0-180.0 180.0   5.0 450.0                            LAT/LON1/LON2/DLON/H
   69   66   63   63   63   64   69   79   95  116  138  161  181  199  212  219
  221  220  218  216  214  211  208  205  206  211  220  232  247  267  290  315
  339  357  366  362  347  326  302  278  257  239  223  210  200  193  191  192
  195  195  190  180  166  150  136  124  116  110  107  105  104  104  104  102
   98   94   91   84   82   75   75   73   69                                   
    22.5-180.0 180.0   5.0 450.0                            LAT/LON1/LON2/DLON/H
   80   77   72   71   71   71   75   85  100  120  141  164  185  204  218  226
  228  226  222  218  215  211  209  210  216  227  243  264  288  315  346  376
  402  419  422  411  391  365  337  312  290  271  255  240  229  222  220  222
  225  224  219  208  193  176  160  147  137  131  127  125  124  122  121  119
  114  111  107  101   98   91   87   83   80                                   
    20.0-180.0 180.0   5.0 450.0                            LAT/LON1/LON2/DLON/H
   91   87   81   79   79   80   85   93  108  126  146  167  188  208  223  232
  234  231  226  221  217  214  214  219  230  249  272  300  331  364  398  428
  452  462  459  443  418  390  362  338  316  298  280  265  252  245  242  243
  243  241  235  224  209  193  178  165  155  149  146  143  141  138  136  133
  129  128  123  118  115  106  101   93   91                                   
    17.5-180.0 180.0   5.0 450.0                            LAT/LON1/LON2/DLON/H
   99   95   87   86   87   88   94  103  118  136  154  174  194  213  228  238
  241  238  233  228  224  222  225  235  252  276  305  337  371  405  436  461
  477  480  471  452  427  400  375  353  334  316  298  281  267  257  252  249
  246  241  233  222  210  196  184  173  165  160  157  155  152  149  145  143
  139  139  134  131  127  118  111  103   99                                   
    15.0-180.0 180.0   5.0 450.0                            LAT/LON1/LON2/DLON/H
  103   98   89   90   91   95  103  114  130  147  165  183  202  220  236  247
  251  250  246  241  238  239  245  259  280  308  339  372  404  433  456  472
  478  475  464  445  422  399  379  361  345  328  309  290  272  259  250  242
  234  224  214  205  196  187  178  171  166  163  161  160  157  153  150  147
  144  143  138  136  133  124  115  108  103                                   
    12.5-180.0 180.0   5.0 450.0                            LAT/LON1/LON2/DLON/H
  100   96   87   90   93   98  111  124  142  161  178  196  214  233  249  261
  267  268  266  263  262  265  274  291  315  343  374  403  427  447  459  465
  464  458  447  431  413  395  380  366  353  336  316  293  272  254  239  225
  212  199  188  180  175  171  166  163  160  160  160  160  157  154  150  148
  144  143  137  134  130  122  113  108  100                                   
    10.0-180.0 180.0   5.0 450.0                            LAT/LON1/LON2/DLON/H
   93   89   82   87   92  100  117  133  153  174  193  212  230  249  267  281
  290  295  295  295  296  302  313  332  355  381  406  427  441  450  453  451
  446  439  431  420  407  394  383  374  362  346  323  297  271  247  227  208
  190  174  163  158  156  155  155  154  155  157  158  159  157  154  151  148
  143  141  133  128  123  115  107  104   93                                   
     7.5-180.0 180.0   5.0 450.0                            LAT/LON1/LON2/DLON/H
   85   81   76   83   91  102  122  142  165  188  209  230  250  270  290  307
  320  328  333  336  340  347  360  378  399  418  434  444  449  448  444  438
