data/edconvlstm_nd/pred3010.15i
     1.0            IONOSPHERE MAPS     GNSS                IONEX VERSION / TYPE
pyspatialgeodesy        IME             05-JAN-18 20:20     PGM / RUN BY / DATE 
Map Name                                                    COMMENT             
Predicted global ionosphere maps (GIM).                     DESCRIPTION         
  2015    10    28     0     0     0                        EPOCH OF FIRST MAP  
  2015    10    29     0     0     0                        EPOCH OF LAST MAP   
  7200                                                      INTERVAL            
    13                                                      # OF MAPS IN FILE   
  NONE                                                      MAPPING FUNCTION    
10.0                                                        ELEVATION CUTOFF    
One-way carrier phase leveled to code                       OBSERVABLES USED    
  6371.0                                                    BASE RADIUS         
 2                                                          MAP DIMENSION       
   450.0 450.0   0.0                                        HGT1 / HGT2 / DHGT  
    87.5 -87.5  -2.5                                        LAT1 / LAT2 / DLAT  
  -180.0 180.0   5.0                                        LON1 / LON2 / DLON  
    -1                                                      EXPONENT            
                                                            END OF HEADER       
[from data line 5148]
    13                                                      START OF TEC MAP    
  2015    10    29     0     0     0                        EPOCH OF CURRENT MAP
    87.5-180.0 180.0   5.0 450.0                            LAT/LON1/LON2/DLON/H
   84   80   76   65   64   70   67   66   67   67   68   70   71   71   72   73
   73   73   73   73   73   72   71   71   70   69   68   66   65   64   63   61
   60   59   58   57   56   55   55   55   54   54   54   55   55   56   56   57
   58   58   59   59   60   60   60   61   61   61   61   60   60   60   60   60
   60   60   59   59   53   68   75   84   84                                   
    85.0-180.0 180.0   5.0 450.0                            LAT/LON1/LON2/DLON/H
   78   90   74   74   74   82   79   77   79   79   79   80   81   81   82   82
   82   82   81   81   80   79   78   76   75   73   71   70   68   66   64   63
   62   60   59   58   58   57   57   57   58   58   59   61   62   63   65   66
   68   69   70   71   72   73   73   74   74   75   75   75   75   74   74   75
   75   74   75   79   79   87   97   94   78                                   
    82.5-180.0 180.0   5.0 450.0                            LAT/LON1/LON2/DLON/H
   81   80   90   82   80   89   84   82   85   84   85   87   88   88   89   89
   89   88   87   86   84   82   79   77   74   71   69   66   63   60   58   56
   54   52   51   50   50   50   50   51   52   53   55   57   60   62   65   67
   70   72   74   76   78   79   80   81   82   82   83   83   83   83   83   84
   83   82   83   83   88   83   92   96   81                                   
    80.0-180.0 180.0   5.0 450.0                            LAT/LON1/LON2/DLON/H
   98   96  100   87   86   90   87   85   88   87   88   90   91   92   92   92
   91   90   88   85   82   79   76   72   69   66   63   60   57   55   52   50
   48   47   45   44   43   42   42   43   44   45   47   50   53   56   60   63
   67   70   72   75   77   79   81   82   83   84   85   86   87   87   88   90
   89   88   90   89  102   93  107  121   98                                   
    77.5-180.0 180.0   5.0 450.0                            LAT/LON1/LON2/DLON/H
  118  115  107  102   98  100   96   97   99   98  100  102  103  104  104  103
  101   98   95   90   86   81   77   72   68   64   61   58   55   53   51   49
   48   46   44   42   41   39   39   38   39   40   42   45   48   52   56   60
   63   67   70   72   75   77   78   80   82   83   85   86   88   90   92   95
   96   99  101  104  112  112  120  141  118                                   
    75.0-180.0 180.0   5.0 450.0                            LAT/LON1/LON2/DLON/H
  139  131  129  123  117  117  110  109  111  109  110  112  112  112  111  108
  104   99   94   88   82   76   71   66   62   58   55   53   52   51   50   49
   48   46   44   42   40   37   36   35   35   36   38   40   44   48   52   55
   59   62   64   67   69   71   73   74   76   79   81   84   86   90   94   98
  100  106  112  113  123  135  141  155  139                                   
    72.5-180.0 180.0   5.0 450.0                            LAT/LON1/LON2/DLON/H
  155  155  154  147  141  137  131  130  130  128  127  127  126  124  120  115
  109  102   94   86   79   73   67   62   58   55   53   52   51   51   51   51
   50   49   46   43   39   36   33   31   31   31   33   35   39   42   46   49
   51   53   55   57   58   59   61   63   66   69   72   76   80   85   91   98
  103  110  121  126  139  151  161  176  155                                   
    70.0-180.0 180.0   5.0 450.0                            LAT/LON1/LON2/DLON/H
  178  181  179  174  166  160  152  150  149  145  143  141  137  132  125  117
  108   98   89   80   73   66   60   55   52   50   49   49   50   51   53   54
   53   52   49   45   41   37   33   31   30   31   33   36   39   43   46   49
   50   51   52   52   52   54   56   58   62   66   71   77   82   88   96  104
  110  119  132  141  155  170  177  189  178                                   
    67.5-180.0 180.0   5.0 450.0                            LAT/LON1/LON2/DLON/H
  195  203  199  194  185  178  168  164  161  155  151  147  142  134  125  114
  103   92   81   72   65   58   52   48   45   43   43   44   45   47   49   51
   50   49   46   42   37   32   29   26   26   27   30   33   37   40   42   44
   44   44   43   42   41   42   44   48   53   59   66   74   81   88   97  106
  113  123  137  147  164  179  185  199  195                                   
    65.0-180.0 180.0   5.0 450.0                            LAT/LON1/LON2/DLON/H
  207  215  211  206  198  190  178  174  170  164  158  153  145  136  124  112
  100   88   78   69   62   55   50   46   42   40   40   40   42   43   45   46
   46   45   41   37   32   28   25   23   24   26   29   33   37   39   41   41
   40   38   36   34   33   34   37   41   48   57   66   75   84   93  102  111
  119  128  142  152  168  183  191  206  207                                   
    62.5-180.0 180.0   5.0 450.0                            LAT/LON1/LON2/DLON/H
  213  222  219  213  206  198  185  180  176  170  164  157  149  138  127  114
  102   90   80   72   65   59   53   48   44   41   39   39   39   40   41   42
   42   40   37   33   30   26   24   24   25   28   32   36   39   41   42   41
   38   35   32   29   29   30   33   39   49   59   70   81   92  102  112  121
  128  135  148  156  170  184  192  208  213                                   
    60.0-180.0 180.0   5.0 450.0                            LAT/LON1/LON2/DLON/H
  215  224  221  215  209  200  188  183  179  171  165  159  150  140  129  117
  106   96   87   79   72   65   58   52   47   43   39   38   37   37   38   38
   37   36   33   31   28   26   26   27   29   33   37   41   44   45   44   42
   38   34   31   28   27   29   34   42   53   65   78   91  102  114  124  133
  139  144  155  161  171  182  190  208  215                                   
    57.5-180.0 180.0   5.0 450.0                            LAT/LON1/LON2/DLON/H
  218  226  223  217  211  202  190  184  180  172  165  158  150  141  132  123
  114  105   96   88   80   72   64   57   51   45   41   38   37   36   35   35
   34   33   32   31   30   30   31   33   36   40   45   48   50   50   48   45
   41   37   33   31   31   33   39   49   61   75   88  102  114  126  137  147
  152  157  166  170  177  183  191  209  218                                   
    55.0-180.0 180.0   5.0 450.0                            LAT/LON1/LON2/DLON/H
  224  231  227  221  216  207  195  188  182  173  165  157  150  142  135  128
  121  113  104   95   86   77   69   61   55   49   45   41   39   37   36   34
   34   33   34   35   36   38   41   44   47   51   54   56   57   56   54   50
   47   44   41   40   40   44   51   61   74   87  100  113  126  138  150  160
  166  171  178  181  186  188  196  215  224                                   
    52.5-180.0 180.0   5.0 450.0                            LAT/LON1/LON2/DLON/H
  234  241  235  229  225  216  204  196  188  176  166  157  149  143  138  133
  127  119  110  100   90   81   73   66   60   55   51   47   44   42   40   38
   37   38   40   43   47   50   54   56   59   62   64   65   65   64   61   59
   57   55   54   54   55   60   67   78   89  101  113  124  135  146  159  171
  178  184  191  193  197  198  206  225  234                                   
    50.0-180.0 180.0   5.0 450.0                            LAT/LON1/LON2/DLON/H
  246  255  247  243  240  232  220  211  200  185  171  160  152  146  142  137
  131  123  112  102   92   83   76   70   65   62   59   56   53   50   47   44
   43   45   48   53   59   64   68   70   72   73   74   74   73   72   70   70
   70   70   71   73   76   81   88   98  108  118  126  134  142  153  165  178
  186  194  202  204  209  212  220  238  246                                   
    47.5-180.0 180.0   5.0 450.0                            LAT/LON1/LON2/DLON/H
  258  268  260  259  256  250  241  231  218  200  183  169  158  151  146  141
  134  124  112  101   92   84   79   75   73   70   68   66   63   59   55   52
   51   53   57   64   71   77   81   82   83   82   83   82   82   81   81   82
   84   87   91   94   98  103  111  120  129  135  140  144  149  157  168  181
  191  200  208  211  219  226  234  250  258                                   
    45.0-180.0 180.0   5.0 450.0                            LAT/LON1/LON2/DLON/H
  263  277  270  271  271  268  263  254  240  220  200  182  169  160  153  146
  136  124  111  101   93   88   85   83   81   80   77   75   71   66   62   58
   57   59   64   72   81   87   90   91   90   90   89   89   89   90   91   93
   98  103  108  112  117  124  132  141  149  153  154  155  157  162  171  183
  192  201  210  215  225  234  243  257  263                                   
    42.5-180.0 180.0   5.0 450.0                            LAT/LON1/LON2/DLON/H
  262  276  271  276  278  278  277  272  260  240  219  200  185  173  163  152
  139  125  113  104   99   97   95   94   91   88   84   79   75   69   64   61
   60   63   69   78   86   93   96   96   95   94   94   95   96   97   99  102
  108  114  119  125  131  139  148  158  165  168  168  166  166  169  176  185
  193  201  210  214  224  236  245  257  262                                   
    40.0-180.0 180.0   5.0 450.0                            LAT/LON1/LON2/DLON/H
  255  268  264  270  275  279  280  280  272  255  236  218  202  188  175  161
  146  131  120  114  112  111  110  106  100   93   85   79   73   67   63   61
   62   65   72   81   89   95   98   98   97   96   97   99  101  102  104  107
  112  118  123  129  136  145  157  168  176  180  179  178  177  180  185  191
  196  202  209  214  221  233  241  253  255                                   
    37.5-180.0 180.0   5.0 450.0                            LAT/LON1/LON2/DLON/H
  247  257  254  259  265  270  272  275  272  260  246  232  218  204  189  173
  156  143  134  131  131  130  125  117  105   93   82   73   67   63   62   62
   65   70   77   85   92   97   99   99   98   98  100  102  104  106  107  108
  111  115  120  125  133  144  157  171  181  187  188  189  190  193  198  202
  204  207  213  217  221  230  239  252  247                                   
    35.0-180.0 180.0   5.0 450.0                            LAT/LON1/LON2/DLON/H
  245  252  248  249  254  257  258  261  263  256  248  239  229  217  202  186
  170  158  152  151  151  147  137  122  104   88   76   67   63   62   64   68
   73   79   86   92   97  100  101  100  100  101  103  106  107  107  106  105
  106  107  110  115  123  135  151  168  181  189  194  198  203  209  215  219
  219  220  226  228  230  236  246  261  245                                   
    32.5-180.0 180.0   5.0 450.0                            LAT/LON1/LON2/DLON/H
  259  263  257  251  250  249  245  247  250  247  244  241  235  226  213  198
  184  174  170  169  166  157  140  119   98   82   71   66   65   68   74   82
   89   96  101  104  106  106  105  104  103  104  106  108  109  107  104  100
   98   97   97  101  110  123  141  160  176  187  196  205  215  225  234  240
  241  242  248  249  251  255  267  285  259                                   
    30.0-180.0 180.0   5.0 450.0                            LAT/LON1/LON2/DLON/H
  297  299  287  272  266  257  247  243  243  241  240  240  237  231  221  208
  196  189  185  181  172  155  133  109   90   79   74   74   78   86   96  106
  115  120  122  121  119  116  113  110  109  109  110  111  110  106  101   95
   91   87   86   89   97  111  130  150  168  182  195  208  224  241  255  266
  270  273  281  282  287  290  303  325  297                                   
    27.5-180.0 180.0   5.0 450.0                            LAT/LON1/LON2/DLON/H
  360  360  340  317  305  288  269  257  249  243  241  241  240  235  226  216
  206  198  192  182  166  143  118   98   86   83   86   94  104  116  129  140
  149  151  149  143  135  128  122  117  115  114  114  114  111  106   99   93
   87   83   81   83   91  105  124  144  163  178  193  210  231  253  275  292
  303  312  322  325  333  338  352  379  360                                   
    25.0-180.0 180.0   5.0 450.0                            LAT/LON1/LON2/DLON/H
  443  443  416  386  369  344  315  291  273  260  253  249  246  240  231  221
  211  202  190  173  149  124  102   90   89   98  112  128  144  160  173  183
  188  186  177  164  150  139  130  125  121  120  118  116  112  106  100   93
   88   83   82   84   91  106  125  145  163  179  195  213  237  263  290  315
  335  353  368  373  386  397  413  444  443                                   
    22.5-180.0 180.0   5.0 450.0                            LAT/LON1/LON2/DLON/H
  533  536  508  477  455  424  384  347  318  295  280  268  259  249  238  227
  214  200  181  157  131  107   93   93  105  127  152  177  197  212  222  227
  224  214  198  179  160  146  136  130  126  124  121  118  113  107  100   95
   90   87   85   87   95  109  129  149  168  185  201  220  244  273  304  336
  365  390  410  419  439  456  479  513  533                                   
    20.0-180.0 180.0   5.0 450.0                            LAT/LON1/LON2/DLON/H
  612  621  604  578  553  521  474  426  384  349  322  300  281  264  249  234
  218  198  173  145  119  102   99  112  137  171  205  233  253  263  265  260
  247  228  204  180  161  147  138  133  129  127  123  119  114  107  101   97
   93   89   88   89   97  112  133  155  176  193  210  229  254  283  317  353
  388  420  444  458  481  505  537  572  612                                   
    17.5-180.0 180.0   5.0 450.0                            LAT/LON1/LON2/DLON/H
  664  681  678  664  643  616  571  518  468  421  381  345  315  289  267  247
  226  201  173  145  124  117  126  150  186  226  261  287  300  299  289  271
  247  220  193  170  153  143  138  135  132  129  125  120  114  108  102   98
   94   91   89   90   99  115  137  162  185  204  222  241  265  295  329  367
  405  440  466  483  507  533  572  609  664                                   
    15.0-180.0 180.0   5.0 450.0                            LAT/LON1/LON2/DLON/H
  678  703  713  714  704  688  654  607  554  500  448  400  358  323  293  268
  242  214  186  163  151  155  175  209  248  284  311  324  323  309  285  256
  225  195  171  154  143  139  138  138  136  133  128  123  116  109  103   98
   95   91   89   91   99  116  141  169  194  216  234  254  278  307  341  378
  416  450  475  493  514  537  579  616  678                                   
    12.5-180.0 180.0   5.0 450.0                            LAT/LON1/LON2/DLON/H
  659  687  707  720  724  725  708  673  626  571  513  458  407  364  328  297
  268  240  216  201  200  216  245  280  312  333  341  335  316  289  256  222
  190  165  148  139  137  140  143  144  142  138  133  126  119  111  104   98
   94   91   88   89   99  117  143  173  201  224  244  265  289  318  351  386
  421  452  474  490  506  524  564  600  659                                   
    10.0-180.0 180.0   5.0 450.0                            LAT/LON1/LON2/DLON/H
  620  648  671  691  708  724  723  705  669  620  565  509  456  409  370  336
  306  280  262  258  269  294  326  353  366  361  343  315  282  247  212  182
  158  141  134  134  139  147  152  154  151  146  139  131  122  113  105   98
   93   89   86   88   97  116  144  175  204  228  249  272  298  328  359  391
  422  448  466  479  490  502  537  571  620                                   
     7.5-180.0 180.0   5.0 450.0                            LAT/LON1/LON2/DLON/H
  578  601  624  645  670  695  707  702  679  642  596  546  498  453  415  382
  353  332  321  327  348  377  402  410  394  360  315  270  231  198  172  153
