data/edconvlstm_nd/pred2050.15i
     1.0            IONOSPHERE MAPS     GNSS                IONEX VERSION / TYPE
pyspatialgeodesy        IME             05-JAN-18 20:20     PGM / RUN BY / DATE 
Map Name                                                    COMMENT             
Predicted global ionosphere maps (GIM).                     DESCRIPTION         
  2015     7    24     0     0     0                        EPOCH OF FIRST MAP  
  2015     7    25     0     0     0                        EPOCH OF LAST MAP   
  7200                                                      INTERVAL            
    13                                                      # OF MAPS IN FILE   
  NONE                                                      MAPPING FUNCTION    
10.0                                                        ELEVATION CUTOFF    
One-way carrier phase leveled to code                       OBSERVABLES USED    
  6371.0                                                    BASE RADIUS         
 2                                                          MAP DIMENSION       
   450.0 450.0   0.0                                        HGT1 / HGT2 / DHGT  
    87.5 -87.5  -2.5                                        LAT1 / LAT2 / DLAT  
  -180.0 180.0   5.0                                        LON1 / LON2 / DLON  
    -1                                                      EXPONENT            
                                                            END OF HEADER       
[from data line 4290]
    11                                                      START OF TEC MAP    
  2015     7    24    20     0     0                        EPOCH OF CURRENT MAP
    87.5-180.0 180.0   5.0 450.0                            LAT/LON1/LON2/DLON/H
  131  123  111  117  120  118  118  117  117  119  119  120  120  121  121  122
  122  122  122  122  122  121  121  120  119  118  117  116  115  114  113  112
  111  110  109  108  107  106  106  105  105  104  104  104  104  104  104  104
  105  105  105  105  106  106  106  107  107  107  107  108  108  108  108  108
  108  108  107  107  119  115  127  129  131                                   
    85.0-180.0 180.0   5.0 450.0                            LAT/LON1/LON2/DLON/H
  127  123  128  119  119  123  123  125  126  128  128  130  131  132  133  133
  134  134  134  134  134  133  132  131  130  129  127  126  124  123  121  120
  118  117  115  114  112  111  110  109  109  108  107  107  107  107  107  107
  108  108  108  109  109  109  110  110  111  111  111  112  112  112  112  113
  113  114  112  110  115  111  115  114  127                                   
    82.5-180.0 180.0   5.0 450.0                            LAT/LON1/LON2/DLON/H
  105  106  107  104  106  111  114  115  116  119  120  123  125  127  128  130
  131  131  131  131  130  129  128  127  125  123  121  119  117  115  113  111
  109  107  105  103  102  100   99   97   96   95   95   95   95   95   95   96
   96   97   98   98   99   99  100  100  101  101  101  101  102  102  102  101
  102  101   99  103  106  113  105  103  105                                   
    80.0-180.0 180.0   5.0 450.0                            LAT/LON1/LON2/DLON/H
   91   93   98   97   98   99  105  109  112  116  119  122  125  128  130  132
  133  133  133  133  131  130  128  125  123  120  117  115  112  110  107  105
  102  100   97   95   93   91   89   87   86   85   84   84   84   85   86   87
   88   89   90   91   92   92   93   93   94   94   94   94   95   95   95   95
   95   95   94   95   94   94   92   97   91                                   
    77.5-180.0 180.0   5.0 450.0                            LAT/LON1/LON2/DLON/H
   92   89   94   92   95   98  102  106  109  113  117  121  125  128  131  133
  134  135  135  134  132  129  126  123  120  116  113  110  108  105  103  101
   98   96   93   91   88   86   83   81   79   78   78   78   79   80   82   84
   85   87   88   89   90   90   91   91   91   91   91   91   91   91   91   91
   90   90   90   91   94   89   91  100   92                                   
    75.0-180.0 180.0   5.0 450.0                            LAT/LON1/LON2/DLON/H
   89   89   90   89   93   97  100  104  109  115  118  123  127  131  134  136
  137  137  136  134  132  129  125  121  117  113  110  107  105  103  101  100
   98   96   94   91   88   86   83   80   78   77   76   77   78   80   82   84
   86   88   89   90   90   90   90   90   90   90   90   90   91   91   91   92
   92   92   92   89   91   87   90   88   89                                   
    72.5-180.0 180.0   5.0 450.0                            LAT/LON1/LON2/DLON/H
   90   89   91   94   95   98  103  106  109  114  118  123  127  131  133  135
  136  136  134  132  128  124  120  115  110  106  102  100   98   96   95   95
   94   93   91   89   86   83   80   77   74   73   73   73   75   78   80   83
   85   87   88   88   88   88   87   87   87   87   87   87   88   89   89   90
   90   90   91   88   89   88   92   95   90                                   
    70.0-180.0 180.0   5.0 450.0                            LAT/LON1/LON2/DLON/H
   94   94   95   96   96   99  102  106  109  115  118  123  127  131  133  134
  134  133  131  129  125  120  115  110  105  101   97   95   94   93   94   94
   94   94   93   91   88   85   81   78   75   74   73   74   76   79   81   84
   86   87   87   87   86   85   83   83   83   83   84   86   87   89   90   92
   92   93   94   92   94   93   99  100   94                                   
    67.5-180.0 180.0   5.0 450.0                            LAT/LON1/LON2/DLON/H
  101  101  103  104  104  106  109  112  115  119  123  127  131  134  136  136
  136  135  132  129  126  121  116  110  105  100   97   94   93   94   94   96
   97   97   96   94   92   88   85   81   78   77   76   77   79   82   84   86
   88   88   87   86   84   82   81   81   81   82   84   86   89   91   94   96
   97   98   98   97   97   98  102  104  101                                   
    65.0-180.0 180.0   5.0 450.0                            LAT/LON1/LON2/DLON/H
  107  108  109  110  109  109  111  113  116  120  123  128  131  134  135  136
  135  133  131  128  125  121  116  111  106  101   98   96   95   96   98   99
  100  101  100   99   96   93   89   86   83   82   81   82   84   85   87   88
   87   86   84   82   79   77   75   75   76   78   81   85   89   92   95   98
  100  101  103  103  105  106  111  112  107                                   
    62.5-180.0 180.0   5.0 450.0                            LAT/LON1/LON2/DLON/H
  114  116  117  117  115  115  115  116  118  121  124  129  132  135  136  137
  136  134  132  130  127  124  119  115  110  106  103  101  101  102  103  104
  105  105  104  103  100   97   95   92   90   88   88   88   89   89   89   88
   86   83   80   76   73   71   70   70   72   75   79   84   88   92   96  100
  101  104  106  106  108  110  115  115  114                                   
    60.0-180.0 180.0   5.0 450.0                            LAT/LON1/LON2/DLON/H
  121  123  124  123  121  120  118  118  118  121  124  128  132  135  137  137
  136  135  133  131  129  127  124  120  117  113  111  110  110  110  111  111
  111  111  110  108  106  104  102  101   99   98   98   97   96   94   92   88
   84   80   75   71   68   66   65   67   69   73   77   82   87   92   96   99
  101  104  106  107  111  114  120  120  121                                   
    57.5-180.0 180.0   5.0 450.0                            LAT/LON1/LON2/DLON/H
  126  129  131  130  128  127  124  122  120  121  123  127  132  135  138  139
  138  136  135  134  132  131  129  126  124  122  120  120  120  121  121  120
  119  117  116  115  114  113  112  112  111  111  110  108  105  101   96   90
   83   77   72   67   64   63   64   65   68   72   76   81   85   90   94   98
  100  103  106  107  112  116  123  123  126                                   
    55.0-180.0 180.0   5.0 450.0                            LAT/LON1/LON2/DLON/H
  131  135  138  138  136  135  131  128  124  123  124  127  132  136  139  140
  139  138  136  135  135  134  133  132  130  129  129  130  130  131  130  129
  126  125  123  123  123  123  124  125  125  125  123  120  115  108  101   92
   84   76   71   67   65   64   65   67   70   72   75   79   83   87   91   95
   97  100  104  105  112  117  125  126  131                                   
    52.5-180.0 180.0   5.0 450.0                            LAT/LON1/LON2/DLON/H
  134  140  145  146  146  146  141  136  131  128  127  129  133  137  140  141
  140  139  137  136  136  136  136  135  135  135  136  137  139  139  138  136
  134  132  131  132  133  135  137  138  139  139  136  132  125  116  106   96
   86   78   72   69   68   69   71   72   74   75   76   77   80   83   87   91
   94   98  102  104  111  118  127  129  134                                   
    50.0-180.0 180.0   5.0 450.0                            LAT/LON1/LON2/DLON/H
  138  146  152  155  156  158  154  149  141  137  133  133  136  139  141  142
  141  139  138  137  137  137  137  137  137  139  140  143  145  146  145  143
  141  140  141  143  145  148  150  152  152  151  148  143  134  124  112  101
   91   83   78   76   76   77   79   80   80   79   77   77   78   80   84   89
   93   97  102  104  112  119  129  132  138                                   
    47.5-180.0 180.0   5.0 450.0                            LAT/LON1/LON2/DLON/H
  140  151  158  164  167  171  168  163  155  149  143  141  141  143  144  144
  143  141  139  137  137  138  138  138  139  141  143  146  149  150  150  149
  149  149  152  155  159  162  164  165  164  162  158  152  142  131  119  107
   97   90   85   84   86   88   89   89   88   84   80   78   77   79   83   89
   94   99  104  106  114  122  132  135  140                                   
    45.0-180.0 180.0   5.0 450.0                            LAT/LON1/LON2/DLON/H
  143  155  164  171  176  182  182  178  171  164  156  152  149  149  148  147
  145  143  141  140  139  140  140  140  141  143  146  149  152  154  155  155
  157  160  164  169  173  176  177  176  174  171  165  158  149  138  126  115
  105   98   95   95   96   99  100   99   95   90   84   80   79   80   85   92
   98  104  109  112  119  127  136  140  143                                   
    42.5-180.0 180.0   5.0 450.0                            LAT/LON1/LON2/DLON/H
  145  159  168  176  183  192  194  193  187  180  172  165  161  158  155  153
  150  147  145  144  143  144  144  144  145  146  149  153  156  159  161  163
  166  171  178  184  188  190  189  186  182  177  171  163  154  143  133  122
  114  108  104  104  106  108  109  107  102   96   89   84   83   85   90   98
  104  111  117  119  125  132  141  145  145                                   
    40.0-180.0 180.0   5.0 450.0                            LAT/LON1/LON2/DLON/H
  148  162  170  179  188  198  202  204  201  196  188  181  175  170  166  162
  158  155  152  150  150  150  150  150  151  152  156  160  163  166  169  173
  177  184  191  198  203  203  201  195  189  182  174  166  158  148  139  130
  122  116  112  112  113  115  115  112  107  101   94   89   88   91   97  105
  112  119  125  126  131  138  146  150  148                                   
    37.5-180.0 180.0   5.0 450.0                            LAT/LON1/LON2/DLON/H
  151  165  173  181  191  201  208  213  213  211  205  199  192  186  180  176
  171  166  162  159  158  158  158  158  159  162  165  170  174  177  181  184
  190  197  205  211  215  215  210  203  195  186  177  169  160  152  143  135
  128  122  118  116  117  117  117  114  110  104   98   95   95   98  104  112
  119  126  132  133  137  143  151  155  151                                   
    35.0-180.0 180.0   5.0 450.0                            LAT/LON1/LON2/DLON/H
  156  170  178  184  193  203  211  218  222  224  221  217  212  206  200  195
  189  182  176  171  168  167  167  167  169  173  178  183  188  192  195  198
  203  210  216  222  225  223  217  209  199  188  179  169  161  153  145  138
  131  125  120  117  116  116  115  113  109  104  101   99  100  104  110  118
  124  131  136  138  141  147  156  161  156                                   
    32.5-180.0 180.0   5.0 450.0                            LAT/LON1/LON2/DLON/H
  163  178  186  190  198  207  215  223  230  235  237  237  234  231  226  220
  212  202  193  186  180  177  176  177  180  185  192  199  205  209  211  214
  217  221  226  230  230  228  221  211  200  189  178  168  159  151  144  137
  130  123  118  114  113  112  110  108  105  102  101  101  103  107  113  119
  125  132  137  139  144  150  161  167  163                                   
    30.0-180.0 180.0   5.0 450.0                            LAT/LON1/LON2/DLON/H
  173  188  197  199  206  214  220  229  238  247  253  257  259  259  256  249
  239  227  214  203  194  188  186  186  190  198  207  216  223  227  229  230
  230  231  232  232  231  226  219  209  198  186  175  164  154  146  139  132
  126  119  113  109  106  105  103  101   99   98   98  100  103  106  111  117
  122  130  136  139  145  153  166  174  173                                   
    27.5-180.0 180.0   5.0 450.0                            LAT/LON1/LON2/DLON/H
  184  202  212  213  218  225  230  238  247  258  269  278  285  289  289  283
  271  255  238  222  209  200  196  195  200  209  221  232  240  245  246  245
  242  238  234  230  226  219  211  201  190  178  167  155  145  136  129  123
  117  110  105  101   99   97   96   94   92   92   93   96   99  102  106  111
  116  124  132  137  145  156  171  181  184                                   
    25.0-180.0 180.0   5.0 450.0                            LAT/LON1/LON2/DLON/H
  196  216  227  229  234  241  244  250  259  272  285  299  311  320  322  317
  304  285  264  244  227  215  207  205  209  219  233  246  256  261  261  257
  250  241  233  224  216  207  197  187  177  166  154  143  132  123  117  111
  106  100   95   92   90   89   88   86   84   84   86   89   92   94   97  102
  108  118  127  135  146  159  177  188  196                                   
    22.5-180.0 180.0   5.0 450.0                            LAT/LON1/LON2/DLON/H
  206  229  241  244  250  257  260  264  273  285  301  318  335  348  353  349
  335  315  291  268  248  232  221  216  219  229  243  258  268  273  272  266
  255  242  228  215  203  191  179  169  159  150  139  128  117  109  103   98
   93   89   85   83   82   81   80   79   77   77   79   81   83   85   87   92
   99  111  123  133  147  163  182  194  206                                   
    20.0-180.0 180.0   5.0 450.0                            LAT/LON1/LON2/DLON/H
  213  238  250  256  264  272  275  279  286  299  315  335  355  371  379  376
  363  343  319  295  273  253  238  230  231  239  253  268  278  283  280  271
  257  240  222  206  190  175  161  150  140  132  123  113  103   95   90   85
   82   78   75   74   74   75   74   73   71   71   72   73   74   76   78   83
   92  106  120  133  148  166  186  199  213                                   
    17.5-180.0 180.0   5.0 450.0                            LAT/LON1/LON2/DLON/H
  216  241  255  263  272  282  287  291  298  310  326  347  368  386  397  396
  386  367  345  322  300  278  260  248  245  252  264  277  286  289  284  273
  257  238  218  199  180  162  145  132  123  117  110  102   93   85   80   76
   72   69   67   67   68   68   68   68   67   66   66   67   68   68   71   77
   87  102  119  133  150  169  189  202  216                                   
    15.0-180.0 180.0   5.0 450.0                            LAT/LON1/LON2/DLON/H
  214  240  254  264  274  286  292  297  305  316  332  353  375  393  405  407
  400  386  368  349  328  305  284  269  263  266  276  286  293  293  286  273
  256  237  218  197  176  155  136  121  112  107  102   95   88   80   74   70
   66   63   61   61   62   63   64   64   64   63   63   63   63   64   67   74
   84  101  119  134  151  170  190  203  214                                   
    12.5-180.0 180.0   5.0 450.0                            LAT/LON1/LON2/DLON/H
  210  235  249  260  271  283  292  298  307  318  333  352  373  392  404  408
  405  397  385  371  353  332  310  292  283  283  289  296  299  296  287  273
  257  239  221  201  179  156  134  117  108  104  101   96   89   82   74   69
   64   60   57   57   57   58   59   61   61   61   61   61   61   62   65   72
   83  100  119  135  151  171  189  202  210                                   
    10.0-180.0 180.0   5.0 450.0                            LAT/LON1/LON2/DLON/H
  205  230  245  255  266  278  288  295  305  316  329  346  365  382  394  401
  402  400  395  386  373  354  332  314  303  300  303  306  305  299  288  274
  259  243  227  209  187  163  140  122  112  108  107  103   97   88   79   71
   64   59   55   53   53   54   56   58   59   60   60   60   60   62   66   73
   84  100  118  134  150  169  188  200  205                                   
     7.5-180.0 180.0   5.0 450.0                            LAT/LON1/LON2/DLON/H
  202  228  243  252  263  273  283  291  301  311  322  337  353  367  379  387
  392  395  396  393  384  368  349  332  321  316  316  316  312  303  290  275
