data/edconvlstm_nd/pred0250.15i
     1.0            IONOSPHERE MAPS     GNSS                IONEX VERSION / TYPE
pyspatialgeodesy        IME             05-JAN-18 20:20     PGM / RUN BY / DATE 
Map Name                                                    COMMENT             
Predicted global ionosphere maps (GIM).                     DESCRIPTION         
  2015     1    25     0     0     0                        EPOCH OF FIRST MAP  
  2015     1    26     0     0     0                        EPOCH OF LAST MAP   
  7200                                                      INTERVAL            
    13                                                      # OF MAPS IN FILE   
  NONE                                                      MAPPING FUNCTION    
10.0                                                        ELEVATION CUTOFF    
One-way carrier phase leveled to code                       OBSERVABLES USED    
  6371.0                                                    BASE RADIUS         
 2                                                          MAP DIMENSION       
   450.0 450.0   0.0                                        HGT1 / HGT2 / DHGT  
    87.5 -87.5  -2.5                                        LAT1 / LAT2 / DLAT  
  -180.0 180.0   5.0                                        LON1 / LON2 / DLON  
    -1                                                      EXPONENT            
                                                            END OF HEADER       
[from data line 429]
     2                                                      START OF TEC MAP    
  2015     1    25     2     0     0                        EPOCH OF CURRENT MAP
    87.5-180.0 180.0   5.0 450.0                            LAT/LON1/LON2/DLON/H
   51   53   44   45   43   44   41   40   41   43   44   46   47   48   49   50
   50   50   50   50   50   50   49   49   49   48   48   48   47   47   47   46
   46   46   45   45   45   44   44   44   43   43   43   42   42   42   41   41
   40   40   39   39   39   38   38   37   37   37   36   36   36   35   35   35
   36   35   33   33   33   50   53   46   51                                   
    85.0-180.0 180.0   5.0 450.0                            LAT/LON1/LON2/DLON/H
   38   49   39   44   45   45   44   44   45   47   48   50   51   53   54   54
   54   54   53   53   51   50   49   47   46   45   44   43   42   41   40   40
   40   40   40   40   40   40   41   41   41   42   42   42   41   41   41   40
   40   39   39   39   38   38   38   38   38   38   38   38   39   39   39   40
   41   41   39   41   47   48   60   47   38                                   
    82.5-180.0 180.0   5.0 450.0                            LAT/LON1/LON2/DLON/H
   29   33   52   48   45   47   46   46   50   52   54   57   59   61   62   62
   62   61   60   58   55   53   50   47   44   41   39   37   35   34   33   33
   33   33   33   34   35   36   37   38   38   39   40   40   40   39   39   38
   38   37   36   36   35   35   35   35   36   37   38   39   40   40   41   43
   44   44   42   39   51   42   50   53   29                                   
    80.0-180.0 180.0   5.0 450.0                            LAT/LON1/LON2/DLON/H
   51   55   63   56   56   52   54   54   59   61   63   66   69   71   73   74
   73   72   69   66   62   58   54   50   46   42   39   37   35   34   33   33
   33   34   35   37   38   40   41   43   44   45   46   46   46   45   44   43
   42   40   39   39   38   38   39   40   41   43   45   47   50   52   54   56
   59   58   58   57   71   64   66   71   51                                   
    77.5-180.0 180.0   5.0 450.0                            LAT/LON1/LON2/DLON/H
   72   77   75   68   63   61   63   65   69   71   73   76   79   82   83   84
   83   81   78   74   69   63   58   53   48   44   40   37   35   33   33   33
   34   36   38   40   43   45   48   50   52   53   54   54   54   53   51   49
   47   46   44   43   43   43   44   46   48   51   54   58   61   65   68   72
   75   77   76   77   85   79   80   79   72                                   
    75.0-180.0 180.0   5.0 450.0                            LAT/LON1/LON2/DLON/H
   88   91   91   85   75   74   73   73   76   77   78   81   83   84   85   85
   83   81   77   73   68   62   57   52   47   43   40   37   35   35   35   35
   37   39   41   43   46   49   51   54   56   57   58   58   57   56   54   51
   49   46   44   43   43   44   45   48   52   56   60   65   70   75   80   85
   88   91   94   91  102  102  101   99   88                                   
    72.5-180.0 180.0   5.0 450.0                            LAT/LON1/LON2/DLON/H
  106  108  107  100   92   87   86   85   85   84   84   85   85   85   84   82
   80   77   73   70   65   61   57   52   49   46   43   41   40   39   40   40
   42   43   45   47   49   51   53   55   57   58   59   59   57   56   53   51
   48   45   44   43   43   45   48   52   56   62   68   74   80   86   92   99
  103  108  114  113  121  120  120  119  106                                   
    70.0-180.0 180.0   5.0 450.0                            LAT/LON1/LON2/DLON/H
  129  127  125  120  109  102   99   96   95   92   89   88   86   83   80   77
   73   70   67   64   61   59   56   53   51   49   47   46   46   45   45   46
   46   47   47   48   49   50   52   53   54   55   55   55   54   52   50   48
   45   43   42   43   44   47   51   57   63   69   76   83   90   96  103  110
  115  120  126  127  135  136  139  136  129                                   
    67.5-180.0 180.0   5.0 450.0                            LAT/LON1/LON2/DLON/H
  145  143  138  133  121  112  107  103  100   95   90   86   81   76   71   66
   61   58   56   54   53   52   51   51   50   49   48   48   47   47   46   45
   45   44   43   42   42   42   42   42   43   43   43   43   43   42   40   38
   37   36   36   38   41   46   51   58   66   74   81   88   95  101  107  115
  119  124  131  133  141  144  147  146  145                                   
    65.0-180.0 180.0   5.0 450.0                            LAT/LON1/LON2/DLON/H
  157  154  148  143  132  122  115  111  106  100   93   88   80   73   65   59
   54   50   49   48   49   49   50   50   50   50   50   50   49   48   46   45
   43   40   38   36   35   33   33   33   33   34   34   35   35   34   33   33
   32   32   34   37   42   48   56   64   73   82   90   97  104  109  115  121
  125  129  136  137  146  150  155  156  157                                   
    62.5-180.0 180.0   5.0 450.0                            LAT/LON1/LON2/DLON/H
  166  164  158  152  142  132  124  119  114  106   99   91   83   73   64   57
   51   48   46   47   48   49   50   51   51   52   51   50   49   48   45   43
   40   37   34   31   29   28   27   27   28   29   30   31   31   31   31   31
   32   33   36   40   47   55   64   74   83   93  101  109  116  121  127  132
  135  137  142  143  150  155  161  162  166                                   
    60.0-180.0 180.0   5.0 450.0                            LAT/LON1/LON2/DLON/H
  171  171  165  157  147  137  128  122  117  109  101   93   84   74   65   57
   51   48   46   47   47   48   49   49   49   49   48   47   45   43   41   38
   35   32   30   27   26   25   25   25   26   27   29   30   31   31   31   32
   33   35   39   45   53   62   73   83   93  103  112  121  128  134  139  144
  146  147  151  151  156  160  166  167  171                                   
    57.5-180.0 180.0   5.0 450.0                            LAT/LON1/LON2/DLON/H
  178  178  172  162  152  141  132  125  119  111  102   95   86   76   68   60
   55   51   50   49   49   48   47   46   45   44   42   41   39   38   36   33
   31   29   28   27   26   26   27   28   30   31   33   34   35   36   36   37
   38   41   46   52   61   71   82   93  104  114  124  133  142  149  155  159
  161  160  164  162  167  168  174  174  178                                   
    55.0-180.0 180.0   5.0 450.0                            LAT/LON1/LON2/DLON/H
  187  189  181  169  159  146  135  127  120  110  102   94   86   78   71   64
   60   56   54   52   50   47   45   42   40   38   36   35   34   32   31   30
   29   28   29   29   31   32   34   36   38   40   41   42   43   44   44   44
   46   49   54   61   70   81   92  103  113  124  135  145  155  164  171  176
  177  177  179  178  181  180  185  185  187                                   
    52.5-180.0 180.0   5.0 450.0                            LAT/LON1/LON2/DLON/H
  200  202  193  180  169  156  143  131  122  111  101   94   86   79   73   69
   65   62   58   55   51   47   44   40   38   35   34   32   31   30   30   29
   30   31   34   36   40   42   45   48   50   52   53   54   55   55   55   55
   56   59   64   71   80   91  101  112  122  132  144  155  167  177  185  191
  193  193  196  194  197  193  197  196  200                                   
    50.0-180.0 180.0   5.0 450.0                            LAT/LON1/LON2/DLON/H
  214  216  206  195  185  171  156  141  129  115  104   95   87   81   77   73
   70   66   62   57   53   49   46   43   40   38   36   35   34   33   33   33
   35   38   42   47   52   56   59   61   63   65   66   67   68   68   67   67
   68   71   76   83   92  101  111  121  130  140  151  163  176  187  196  204
  207  208  210  208  211  205  208  208  214                                   
    47.5-180.0 180.0   5.0 450.0                            LAT/LON1/LON2/DLON/H
  225  227  218  211  203  189  173  156  140  124  109   99   91   85   80   77
   73   69   65   60   57   54   52   51   49   47   45   44   42   41   40   40
   43   47   53   59   65   69   72   74   75   77   79   80   81   81   81   81
   81   83   88   95  104  113  122  130  138  147  157  169  181  193  203  211
  215  217  219  217  220  213  216  216  225                                   
    45.0-180.0 180.0   5.0 450.0                            LAT/LON1/LON2/DLON/H
  231  233  226  225  221  209  193  175  157  137  120  107   98   91   85   81
   76   72   68   65   63   63   64   64   63   62   59   56   53   51   49   49
   51   56   62   69   75   79   81   83   84   87   89   91   93   93   93   93
   94   96  100  107  116  125  134  141  147  154  163  173  184  195  205  214
  218  221  223  222  223  217  218  218  231                                   
    42.5-180.0 180.0   5.0 450.0                            LAT/LON1/LON2/DLON/H
  229  231  227  232  232  223  211  194  174  153  134  119  108  100   93   87
   81   76   73   72   74   77   79   81   81   79   75   70   65   61   57   55
   57   62   68   76   81   85   87   87   89   92   96   99  101  103  103  104
  104  107  111  119  128  137  146  152  157  162  168  177  187  197  206  215
  220  223  226  224  224  217  217  217  229                                   
    40.0-180.0 180.0   5.0 450.0                            LAT/LON1/LON2/DLON/H
  222  221  219  228  233  228  220  207  189  168  149  134  122  112  104   96
   89   84   82   84   88   93   98   99   98   94   88   82   74   68   62   59
   60   65   71   79   84   87   88   89   91   94   99  104  107  109  110  111
  112  115  120  128  139  149  158  163  167  171  175  182  191  201  211  220
  227  231  235  233  230  222  220  217  222                                   
    37.5-180.0 180.0   5.0 450.0                            LAT/LON1/LON2/DLON/H
  215  210  207  216  223  222  218  210  197  178  161  147  135  125  116  108
  100   96   96  100  106  111  115  114  110  104   96   88   79   71   65   61
   62   66   73   80   85   87   88   88   91   95  101  106  110  112  113  114
  116  119  125  135  147  159  169  175  179  181  186  192  202  213  225  237
  245  251  256  254  249  239  236  230  215                                   
    35.0-180.0 180.0   5.0 450.0                            LAT/LON1/LON2/DLON/H
  215  204  198  201  208  209  208  204  196  182  167  156  146  137  128  120
  113  110  112  117  123  127  127  123  115  106   97   88   80   73   67   64
   65   69   76   82   87   88   88   89   91   96  102  107  110  112  113  113
  114  118  125  137  151  166  178  186  191  195  200  208  220  234  250  266
  278  285  292  290  286  275  272  260  215                                   
    32.5-180.0 180.0   5.0 450.0                            LAT/LON1/LON2/DLON/H
  230  213  199  193  195  195  195  194  190  179  168  160  152  144  137  130
  125  124  128  133  138  138  132  122  111  101   93   87   81   76   72   70
   71   75   82   88   92   93   92   92   94   98  103  106  108  108  108  108
  109  113  122  135  153  171  186  197  204  211  219  230  246  265  286  307
  322  333  342  341  339  329  328  310  230                                   
    30.0-180.0 180.0   5.0 450.0                            LAT/LON1/LON2/DLON/H
  268  245  218  199  193  188  186  185  183  175  166  159  153  147  141  136
  133  134  139  143  144  138  127  114  102   94   89   87   85   83   81   80
   82   86   92   98  100  100   98   97   98  101  103  104  104  102  101  100
  100  105  115  132  153  174  193  207  218  228  240  256  277  302  328  353
  372  386  399  400  403  397  396  375  268                                   
    27.5-180.0 180.0   5.0 450.0                            LAT/LON1/LON2/DLON/H
  329  301  259  225  209  196  189  185  181  173  164  158  151  146  140  136
  135  137  142  144  140  129  114  101   91   88   89   92   95   96   96   96
   99  103  108  112  113  110  107  104  103  103  103  101   98   95   92   90
   91   96  108  128  152  177  199  218  233  248  265  286  311  341  371  401
  424  442  457  461  471  472  470  447  329                                   
    25.0-180.0 180.0   5.0 450.0                            LAT/LON1/LON2/DLON/H
  407  377  319  271  246  225  210  200  191  180  169  159  150  143  136  132
  131  133  135  133  125  112   99   89   86   89   97  105  112  116  118  120
  122  125  128  128  126  122  116  111  108  105  101   97   92   87   83   81
   82   89  103  125  153  181  207  229  249  269  291  316  345  377  412  445
  472  495  513  521  537  548  545  521  407                                   
    22.5-180.0 180.0   5.0 450.0                            LAT/LON1/LON2/DLON/H
  490  463  393  336  303  275  252  235  219  202  184  169  155  143  133  127
  125  124  122  117  107   96   88   85   91  102  116  128  138  144  147  149
  149  149  148  144  138  130  122  115  109  104   98   91   85   79   75   73
   76   84  101  125  156  187  217  242  267  291  317  345  375  409  445  481
  512  538  559  571  591  613  613  591  490                                   
    20.0-180.0 180.0   5.0 450.0                            LAT/LON1/LON2/DLON/H
  562  543  472  414  375  343  313  288  265  240  215  191  170  151  137  127
  120  115  109  102   94   89   88   96  110  127  145  159  169  175  177  176
  173  168  162  154  144  134  124  115  107   99   92   84   78   73   69   69
   72   82  101  129  161  195  227  256  284  312  341  370  399  432  468  504
  536  563  584  600  621  653  659  642  562                                   
    17.5-180.0 180.0   5.0 450.0                            LAT/LON1/LON2/DLON/H
  612  604  543  493  453  420  385  354  325  294  262  229  199  172  151  135
  123  113  105   98   94   96  106  123  144  166  183  195  201  203  201  196
  188  178  167  155  143  132  121  111  102   93   84   77   71   68   66   66
   72   84  104  134  168  204  237  269  300  330  360  388  416  446  479  512
  540  564  583  599  619  657  672  664  612                                   
    15.0-180.0 180.0   5.0 450.0                            LAT/LON1/LON2/DLON/H
  634  639  596  560  524  493  457  424  391  356  318  280  242  208  179  157
  139  125  115  110  112  122  142  167  193  214  225  229  226  221  213  203
  191  177  163  150  138  126  116  106   96   86   78   71   67   65   64   67
   73   87  110  140  176  212  247  280  312  343  373  400  425  451  479  505
  527  544  559  573  590  626  649  651  634                                   
    12.5-180.0 180.0   5.0 450.0                            LAT/LON1/LON2/DLON/H
  633  646  624  604  578  551  518  485  452  416  377  336  295  256  222  193
  170  152  141  139  147  167  195  225  250  263  263  253  239  225  211  197
  183  168  154  142  131  121  111  102   92   82   74   68   66   65   65   68
   77   92  116  148  183  220  255  289  321  352  381  406  428  449  470  488
  502  512  523  534  546  576  603  615  633                                   
    10.0-180.0 180.0   5.0 450.0                            LAT/LON1/LON2/DLON/H
  616  634  630  623  607  586  557  528  498  464  428  389  349  310  274  243
  216  195  184  185  199  225  257  287  303  302  286  263  239  218  201  186
  171  157  145  135  126  118  110  101   91   82   74   70   68   67   68   72
   81   98  123  155  190  227  262  295  327  356  383  405  424  442  457  469
  477  482  489  497  505  528  555  572  616                                   
     7.5-180.0 180.0   5.0 450.0                            LAT/LON1/LON2/DLON/H
  597  615  622  622  615  599  574  549  522  492  461  428  395  361  329  298
  271  249  239  241  258  286  317  337  339  322  292  259  230  208  190  175
