data/edconvlstm_nd/pred3000.15i
     1.0            IONOSPHERE MAPS     GNSS                IONEX VERSION / TYPE
pyspatialgeodesy        IME             05-JAN-18 20:20     PGM / RUN BY / DATE 
Map Name                                                    COMMENT             
Predicted global ionosphere maps (GIM).                     DESCRIPTION         
  2015    10    27     0     0     0                        EPOCH OF FIRST MAP  
  2015    10    28     0     0     0                        EPOCH OF LAST MAP   
  7200                                                      INTERVAL            
    13                                                      # OF MAPS IN FILE   
  NONE                                                      MAPPING FUNCTION    
10.0                                                        ELEVATION CUTOFF    
One-way carrier phase leveled to code                       OBSERVABLES USED    
  6371.0                                                    BASE RADIUS         
 2                                                          MAP DIMENSION       
   450.0 450.0   0.0                                        HGT1 / HGT2 / DHGT  
    87.5 -87.5  -2.5                                        LAT1 / LAT2 / DLAT  
  -180.0 180.0   5.0                                        LON1 / LON2 / DLON  
    -1                                                      EXPONENT            
                                                            END OF HEADER       
[from data line 1287]
     4                                                      START OF TEC MAP    
  2015    10    27     6     0     0                        EPOCH OF CURRENT MAP
    87.5-180.0 180.0   5.0 450.0                            LAT/LON1/LON2/DLON/H
   68   71   67   70   71   70   67   64   64   65   65   66   65   65   65   65
   65   64   64   63   63   62   62   61   61   61   61   60   61   61   61   62
   62   63   63   64   65   66   67   68   69   71   72   73   74   75   76   76
   77   77   78   78   78   77   77   77   76   75   74   74   73   72   70   70
   70   71   68   67   71   76   82   78   68                                   
    85.0-180.0 180.0   5.0 450.0                            LAT/LON1/LON2/DLON/H
   63   80   76   75   77   77   76   74   74   75   74   74   74   73   73   72
   71   71   70   69   69   68   68   67   67   67   67   67   67   68   68   69
   70   71   73   74   76   77   79   81   83   85   87   88   90   91   92   93
   94   95   95   95   95   95   95   94   93   92   91   90   88   87   85   84
   84   84   79   79   77   79   84   78   63                                   
    82.5-180.0 180.0   5.0 450.0                            LAT/LON1/LON2/DLON/H
   68   75   82   77   77   78   77   75   76   75   74   74   73   72   71   70
   69   68   66   65   64   63   62   62   61   61   61   61   61   62   63   64
   66   68   70   72   75   78   82   85   89   92   96   99  102  105  107  109
  111  113  114  114  115  115  114  114  112  111  109  107  104  101   98   97
   95   93   88   86   88   79   72   68   68                                   
    80.0-180.0 180.0   5.0 450.0                            LAT/LON1/LON2/DLON/H
   78   79   78   75   77   74   74   73   73   72   70   70   68   66   65   63
   61   59   58   57   55   55   54   53   53   52   52   52   53   54   55   57
   60   62   65   69   73   77   82   87   92   98  103  108  112  117  120  124
  127  129  132  133  134  135  135  134  133  131  128  125  121  117  113  109
  105  100   96   93   92   86   81   72   78                                   
    77.5-180.0 180.0   5.0 450.0                            LAT/LON1/LON2/DLON/H
   87   84   79   76   73   73   73   71   72   69   67   66   63   61   59   56
   54   53   51   50   49   48   48   47   47   47   47   47   48   49   51   53
   56   59   62   67   71   77   82   89   95  102  109  115  122  127  133  138
  143  147  151  155  157  159  160  160  159  157  154  150  145  140  134  128
  122  116  109  106  100   86   81   76   87                                   
    75.0-180.0 180.0   5.0 450.0                            LAT/LON1/LON2/DLON/H
   86   85   76   73   69   69   68   66   65   62   59   57   54   52   49   47
   45   44   43   42   42   42   41   41   41   42   42   42   43   45   46   48
   50   53   56   60   65   70   76   83   91   98  107  115  123  130  138  145
  151  158  164  169  174  178  181  182  182  180  177  172  167  160  153  146
  138  130  122  112  106   93   88   83   86                                   
    72.5-180.0 180.0   5.0 450.0                            LAT/LON1/LON2/DLON/H
   91   87   78   74   70   70   69   66   65   62   58   56   53   51   48   46
   45   44   44   44   44   44   45   45   45   46   46   47   47   48   49   50
   52   54   56   60   64   69   75   83   91  100  109  119  128  138  147  155
  164  172  181  189  195  201  206  208  208  207  203  198  192  184  176  168
  159  150  143  132  122  106   97   93   91                                   
    70.0-180.0 180.0   5.0 450.0                            LAT/LON1/LON2/DLON/H
   99   89   81   75   71   68   66   64   62   59   56   54   50   48   46   44
   43   43   43   44   45   46   48   49   49   50   50   51   51   51   51   51
   52   52   54   56   59   64   70   77   86   96  107  118  129  140  150  161
  171  182  192  202  211  219  224  227  228  226  222  216  208  200  191  182
  173  163  156  145  135  117  111  105   99                                   
    67.5-180.0 180.0   5.0 450.0                            LAT/LON1/LON2/DLON/H
  100   87   77   71   67   63   62   59   57   55   52   50   47   45   43   42
   42   42   44   45   48   50   52   53   54   55   55   54   54   53   52   51
   50   49   48   49   51   55   61   69   79   90  101  114  126  137  149  161
  172  184  196  208  219  227  234  237  237  235  229  222  213  203  193  185
  175  166  159  148  138  121  114  110  100                                   
    65.0-180.0 180.0   5.0 450.0                            LAT/LON1/LON2/DLON/H
  101   84   73   67   62   58   57   56   54   52   50   48   46   44   43   42
   42   43   45   48   51   53   56   57   58   59   58   57   56   54   52   50
   48   46   45   44   46   50   56   64   75   88  101  114  127  140  152  164
  177  190  203  216  227  237  243  246  245  241  234  225  215  204  193  184
  174  164  158  147  139  122  117  114  101                                   
    62.5-180.0 180.0   5.0 450.0                            LAT/LON1/LON2/DLON/H
   99   81   69   63   58   54   53   52   51   50   48   47   46   44   43   43
   44   45   47   49   52   55   57   59   60   60   59   57   55   53   50   48
   45   43   41   41   42   46   53   63   75   89  104  118  132  145  158  170
  183  196  210  224  236  246  252  254  251  245  236  226  214  202  191  181
  170  160  153  143  135  120  115  114   99                                   
    60.0-180.0 180.0   5.0 450.0                            LAT/LON1/LON2/DLON/H
   98   78   65   58   53   49   49   48   48   47   46   46   45   44   43   44
   44   45   47   48   50   52   54   56   56   56   55   53   51   48   45   43
   41   39   38   38   40   45   53   65   78   94  110  126  140  153  166  178
  191  205  219  233  245  255  260  261  257  249  239  227  215  202  190  179
  167  156  149  139  132  117  113  111   98                                   
    57.5-180.0 180.0   5.0 450.0                            LAT/LON1/LON2/DLON/H
  100   79   65   57   53   49   47   46   46   45   44   44   44   44   44   45
   45   46   46   47   47   48   49   50   51   51   50   48   45   43   41   39
   37   37   37   39   43   49   59   71   87  104  122  138  153  167  180  192
  205  219  233  247  259  268  272  272  267  258  247  235  222  209  197  185
  173  160  152  141  135  119  114  112  100                                   
    55.0-180.0 180.0   5.0 450.0                            LAT/LON1/LON2/DLON/H
  107   85   70   61   56   51   49   47   45   43   42   43   43   44   45   46
   46   46   45   44   44   43   44   45   46   46   45   43   41   39   37   36
   36   37   39   43   49   57   68   82   99  117  136  154  170  184  197  210
  223  236  250  264  276  284  287  286  280  271  259  247  235  223  211  199
  185  172  162  150  143  126  121  117  107                                   
    52.5-180.0 180.0   5.0 450.0                            LAT/LON1/LON2/DLON/H
  118   97   82   72   66   60   56   51   47   44   42   42   43   44   46   47
   47   46   44   43   41   41   41   43   44   45   44   42   40   37   36   35
   37   40   44   50   58   68   80   96  114  133  153  172  189  204  218  230
  243  257  270  283  294  301  304  301  295  285  274  262  251  241  229  218
  204  189  178  164  155  138  133  126  118                                   
    50.0-180.0 180.0   5.0 450.0                            LAT/LON1/LON2/DLON/H
  132  112   98   89   82   75   69   60   53   48   44   43   44   45   47   48
   48   47   45   43   41   42   43   45   47   48   48   46   43   40   39   39
   41   45   52   60   70   81   95  111  130  150  171  190  208  224  238  251
  264  277  290  301  311  317  318  315  307  297  286  276  266  257  247  236
  222  208  194  179  169  152  148  141  132                                   
    47.5-180.0 180.0   5.0 450.0                            LAT/LON1/LON2/DLON/H
  146  129  116  108  101   94   85   73   63   54   48   46   46   47   49   50
   50   49   47   45   45   47   50   53   56   57   56   53   50   46   44   44
   47   52   60   70   82   95  109  126  145  166  187  207  226  242  257  271
  283  295  306  315  323  327  327  322  314  303  293  284  276  268  259  248
  235  221  207  192  181  164  162  155  146                                   
    45.0-180.0 180.0   5.0 450.0                            LAT/LON1/LON2/DLON/H
  154  139  129  124  119  112  102   88   75   64   55   51   50   51   52   53
   52   51   50   50   52   56   60   64   67   68   66   63   59   54   51   50
   52   58   68   80   93  108  123  140  159  180  201  222  241  258  273  286
  297  307  316  323  328  330  329  323  314  304  294  286  279  271  263  253
  241  227  214  199  187  171  169  164  154                                   
    42.5-180.0 180.0   5.0 450.0                            LAT/LON1/LON2/DLON/H
  155  141  133  131  128  123  114  101   87   74   64   59   56   56   56   56
   55   55   55   57   61   67   73   77   79   79   76   72   66   61   56   55
   57   63   73   87  102  118  134  152  171  192  213  234  253  270  285  297
  307  314  320  325  328  329  326  320  311  302  293  286  279  272  263  253
  240  227  213  199  187  169  168  164  155                                   
    40.0-180.0 180.0   5.0 450.0                            LAT/LON1/LON2/DLON/H
  146  131  125  125  125  122  116  106   95   82   73   67   64   63   62   61
   60   60   62   66   72   79   85   88   89   87   82   77   71   65   60   58
   60   67   77   92  109  126  144  162  181  202  224  245  264  280  294  304
  312  318  322  325  328  329  326  321  313  305  297  290  283  275  264  252
  238  224  210  194  181  161  159  155  146                                   
    37.5-180.0 180.0   5.0 450.0                            LAT/LON1/LON2/DLON/H
  131  112  105  106  108  108  106  101   94   86   79   75   73   71   69   68
   67   68   71   77   83   90   94   96   94   90   84   79   73   67   63   61
   63   69   80   95  113  132  151  170  191  212  234  254  273  288  300  310
  316  321  325  329  333  336  336  332  327  320  313  307  299  288  275  260
  243  226  210  192  176  151  146  142  131                                   
    35.0-180.0 180.0   5.0 450.0                            LAT/LON1/LON2/DLON/H
  116   90   81   81   83   85   87   87   86   82   80   79   79   78   77   76
   75   77   81   87   93   98  100   98   94   89   83   78   73   68   65   63
   64   70   81   97  116  136  157  177  199  221  243  263  281  295  306  315
  322  328  334  341  349  355  359  358  355  350  345  339  331  318  302  284
  263  243  223  201  180  149  140  133  116                                   
    32.5-180.0 180.0   5.0 450.0                            LAT/LON1/LON2/DLON/H
  110   74   61   57   58   59   64   68   72   74   76   79   81   83   83   83
   83   86   90   95  100  102  101   98   93   87   81   77   73   69   66   64
   65   70   81   98  118  139  162  184  206  229  251  271  288  301  313  322
  330  339  350  362  375  387  396  399  399  397  394  389  381  367  349  327
  303  279  256  228  203  162  149  137  110                                   
    30.0-180.0 180.0   5.0 450.0                            LAT/LON1/LON2/DLON/H
  119   74   53   43   40   39   44   51   57   63   69   75   80   84   86   88
   90   93   97  101  103  103  100   96   91   86   82   78   74   70   67   65
   66   71   82   98  119  142  166  189  213  236  258  278  294  308  321  332
  344  357  374  393  413  432  446  454  457  457  457  454  447  433  414  390
  363  336  310  276  246  197  178  160  119                                   
    27.5-180.0 180.0   5.0 450.0                            LAT/LON1/LON2/DLON/H
  150   96   67   47   36   31   33   40   47   54   62   70   76   82   86   90
   93   97  101  103  103  101   98   95   92   89   86   82   77   73   70   68
   69   74   84  100  122  145  170  194  218  241  264  284  301  316  331  346
  363  383  406  433  461  487  507  519  525  527  529  528  523  511  491  467
  439  410  380  341  308  251  227  204  150                                   
    25.0-180.0 180.0   5.0 450.0                            LAT/LON1/LON2/DLON/H
  204  147  108   75   53   40   37   40   45   51   58   65   72   79   84   89
   93   97   99   99   98   97   97   98   98   97   94   89   84   79   75   73
   74   78   88  103  124  148  172  197  221  245  268  289  308  326  345  364
  387  413  444  478  513  545  570  585  592  596  599  600  597  587  570  547
  520  491  460  418  382  320  289  267  204                                   
    22.5-180.0 180.0   5.0 450.0                            LAT/LON1/LON2/DLON/H
  278  223  178  134   99   74   61   56   56   58   61   65   70   76   81   86
   90   92   93   93   93   95   99  104  108  109  107  101   93   87   83   80
   80   83   91  105  125  148  173  198  223  248  272  296  318  339  362  387
  415  447  482  521  559  594  620  636  644  648  652  655  655  649  636  617
  593  568  538  497  459  397  361  344  278                                   
    20.0-180.0 180.0   5.0 450.0                            LAT/LON1/LON2/DLON/H
  360  313  267  218  172  136  109   93   84   78   74   73   75   78   81   84
   86   87   86   86   89   94  103  113  121  125  122  114  105   97   91   86
   84   85   91  104  124  147  173  198  224  250  277  303  328  354  381  410
  442  477  515  553  589  621  644  658  666  671  676  682  686  686  678  664
  646  627  602  566  527  471  436  426  360                                   
    17.5-180.0 180.0   5.0 450.0                            LAT/LON1/LON2/DLON/H
  436  401  360  314  262  218  178  150  129  112  100   92   88   87   86   86
   85   83   83   83   88   97  110  125  137  142  138  128  115  104   95   88
   84   83   88  101  121  145  171  198  225  253  282  311  340  369  399  432
  466  501  536  569  598  622  639  650  657  663  671  681  690  695  693  684
  673  660  643  615  578  531  504  500  436                                   
    15.0-180.0 180.0   5.0 450.0                            LAT/LON1/LON2/DLON/H
  493  471  438  401  350  304  255  218  185  158  137  121  111  105  100   95
   91   87   85   87   92  104  121  138  152  156  150  137  121  107   95   86
   81   79   84   97  118  143  170  198  227  257  288  319  351  382  414  448
  482  514  543  568  587  602  613  621  628  635  646  660  673  683  686  682
  675  668  658  638  607  571  553  552  493                                   
    12.5-180.0 180.0   5.0 450.0                            LAT/LON1/LON2/DLON/H
  527  513  489  463  419  375  324  282  243  209  180  159  144  133  123  114
  107  101   98   98  104  117  134  153  166  167  158  141  122  106   93   83
   77   76   81   95  117  143  171  200  229  261  293  326  358  391  424  456
  488  515  538  555  566  574  581  587  594  603  616  633  649  662  667  664
  660  656  652  639  616  590  577  577  527                                   
    10.0-180.0 180.0   5.0 450.0                            LAT/LON1/LON2/DLON/H
  541  532  512  492  458  421  373  331  291  255  224  200  183  169  156  144
  133  125  121  120  125  136  152  167  176  172  158  139  119  103   91   81
   76   75   82   96  118  144  172  201  232  264  297  330  362  394  426  457
  485  509  527  538  545  549  554  560  567  578  593  611  629  642  647  645
  639  636  634  627  611  594  582  580  541                                   
     7.5-180.0 180.0   5.0 450.0                            LAT/LON1/LON2/DLON/H
  545  533  512  497  471  440  398  361  323  290  261  239  222  208  194  181
  169  159  153  150  152  159  170  179  180  171  153  133  116  102   91   83
