data/edconvlstm_nd/pred0420.15i
     1.0            IONOSPHERE MAPS     GNSS                IONEX VERSION / TYPE
pyspatialgeodesy        IME             05-JAN-18 20:20     PGM / RUN BY / DATE 
Map Name                                                    COMMENT             
Predicted global ionosphere maps (GIM).                     DESCRIPTION         
  2015     2    11     0     0     0                        EPOCH OF FIRST MAP  
  2015     2    12     0     0     0                        EPOCH OF LAST MAP   
  7200                                                      INTERVAL            
    13                                                      # OF MAPS IN FILE   
  NONE                                                      MAPPING FUNCTION    
10.0                                                        ELEVATION CUTOFF    
One-way carrier phase leveled to code                       OBSERVABLES USED    
  6371.0                                                    BASE RADIUS         
 2                                                          MAP DIMENSION       
   450.0 450.0   0.0                                        HGT1 / HGT2 / DHGT  
    87.5 -87.5  -2.5                                        LAT1 / LAT2 / DLAT  
  -180.0 180.0   5.0                                        LON1 / LON2 / DLON  
    -1                                                      EXPONENT            
                                                            END OF HEADER       
[from data line 429]
     2                                                      START OF TEC MAP    
  2015     2    11     2     0     0                        EPOCH OF CURRENT MAP
    87.5-180.0 180.0   5.0 450.0                            LAT/LON1/LON2/DLON/H
  141  146  146  143  144  141  138  136  138  138  138  138  139  138  138  138
  137  136  135  134  132  131  129  127  126  124  122  121  119  118  117  116
  115  114  114  114  114  114  115  115  116  117  118  118  119  120  121  122
  123  124  125  126  127  128  129  130  130  131  131  132  132  132  132  133
  134  135  134  135  134  139  142  141  141                                   
    85.0-180.0 180.0   5.0 450.0                            LAT/LON1/LON2/DLON/H
  148  153  133  137  139  136  133  131  131  131  131  131  131  131  131  130
  130  129  128  127  125  124  122  120  118  116  114  112  111  109  108  107
  107  107  107  108  109  111  112  114  116  118  120  122  123  125  127  129
  131  132  134  135  137  138  139  141  142  143  143  144  144  144  144  144
  145  145  145  148  142  143  146  146  148                                   
    82.5-180.0 180.0   5.0 450.0                            LAT/LON1/LON2/DLON/H
  156  146  145  137  137  133  128  126  127  126  125  126  126  125  125  125
  124  123  122  120  118  116  114  112  109  106  104  101   99   97   96   95
   95   96   97   99  101  104  106  110  113  116  119  122  124  127  129  132
  134  137  139  141  143  146  148  150  152  154  155  156  157  157  157  158
  158  157  156  156  158  148  147  146  156                                   
    80.0-180.0 180.0   5.0 450.0                            LAT/LON1/LON2/DLON/H
  163  152  141  131  130  125  123  121  122  121  120  120  120  120  119  118
  117  116  114  112  109  106  103  100   96   93   90   87   84   82   81   81
   81   83   85   88   91   95   99  103  107  110  114  117  120  122  124  127
  129  132  134  137  140  143  147  150  154  157  160  163  165  166  167  168
  167  165  163  160  168  157  160  158  163                                   
    77.5-180.0 180.0   5.0 450.0                            LAT/LON1/LON2/DLON/H
  175  163  151  144  138  134  133  133  133  131  130  129  128  127  125  122
  119  116  113  110  106  103   99   96   92   88   84   81   79   77   77   77
   78   81   84   87   92   96  101  105  109  112  115  117  119  120  121  123
  124  126  129  132  135  140  145  151  157  163  168  174  178  181  184  187
  187  186  183  182  187  177  178  178  175                                   
    75.0-180.0 180.0   5.0 450.0                            LAT/LON1/LON2/DLON/H
  192  186  174  166  159  156  153  151  151  148  145  142  138  134  128  123
  117  112  108  104  100   97   94   91   88   85   82   80   78   77   77   78
   80   82   86   90   95   99  103  107  110  112  113  114  114  113  113  112
  113  114  116  119  124  130  137  145  154  164  173  181  189  195  200  205
  206  207  206  202  206  203  205  202  192                                   
    72.5-180.0 180.0   5.0 450.0                            LAT/LON1/LON2/DLON/H
  212  213  203  193  188  183  181  179  177  173  167  161  153  143  133  123
  113  105   99   95   92   90   88   86   85   83   82   81   80   80   81   82
   84   87   91   95   99  103  107  110  112  113  112  111  109  107  104  103
  102  102  104  108  114  122  131  142  154  166  178  190  199  208  215  222
  225  228  229  227  231  227  228  225  212                                   
    70.0-180.0 180.0   5.0 450.0                            LAT/LON1/LON2/DLON/H
  243  244  234  224  218  213  209  206  204  198  189  179  165  149  132  115
  102   91   84   80   78   77   78   78   79   79   79   79   79   80   81   82
   84   87   90   93   96  100  102  104  105  105  103  100   97   93   90   87
   86   87   89   94  101  111  123  137  152  168  183  196  208  217  225  233
  238  241  244  245  250  249  252  248  243                                   
    67.5-180.0 180.0   5.0 450.0                            LAT/LON1/LON2/DLON/H
  266  270  259  248  242  237  232  229  227  220  209  195  176  154  130  109
   91   78   70   66   66   67   69   71   72   73   74   75   75   76   77   78
   79   80   82   83   85   88   90   91   91   90   87   84   80   76   72   70
   69   70   74   81   90  103  118  135  154  172  189  204  216  225  233  240
  244  248  252  254  261  263  268  267  266                                   
    65.0-180.0 180.0   5.0 450.0                            LAT/LON1/LON2/DLON/H
  286  291  279  267  262  256  251  248  246  239  228  212  189  162  133  107
   86   71   63   59   60   62   65   67   69   70   71   71   72   73   73   73
   73   72   72   72   73   74   75   76   76   75   73   69   65   61   58   56
   56   58   64   73   85  101  119  140  161  182  200  216  228  237  243  248
  252  254  259  262  270  275  284  283  286                                   
    62.5-180.0 180.0   5.0 450.0                            LAT/LON1/LON2/DLON/H
  302  307  296  281  276  269  263  261  259  253  243  226  201  171  140  111
   88   73   64   61   61   63   65   66   67   67   67   67   68   68   68   68
   66   64   62   60   60   61   62   63   64   64   62   59   55   51   48   47
   48   53   60   71   86  105  127  151  174  197  216  231  243  250  255  259
  260  262  267  270  279  286  297  297  302                                   
    60.0-180.0 180.0   5.0 450.0                            LAT/LON1/LON2/DLON/H
  314  318  307  289  283  274  266  264  262  257  247  232  208  178  148  119
   97   82   73   69   68   68   67   66   64   63   62   62   62   63   63   62
   60   56   53   51   50   50   52   54   56   56   55   53   49   46   44   43
   46   51   61   74   91  113  137  163  189  212  231  246  257  264  268  271
  271  272  277  280  289  297  310  309  314                                   
    57.5-180.0 180.0   5.0 450.0                            LAT/LON1/LON2/DLON/H
  328  330  318  297  290  279  267  263  260  254  244  230  208  182  155  130
  110   96   87   82   78   74   70   66   61   58   57   57   58   59   60   59
   56   53   50   47   46   47   49   51   53   54   54   52   49   47   45   45
   49   55   65   80  100  123  150  177  203  227  246  261  271  278  282  286
  286  287  292  295  303  310  325  323  328                                   
    55.0-180.0 180.0   5.0 450.0                            LAT/LON1/LON2/DLON/H
  344  346  332  308  300  287  272  263  256  246  235  221  202  181  159  139
  123  111  102   94   87   80   72   65   59   55   54   55   57   59   61   60
   58   55   53   51   50   51   52   55   57   59   59   57   55   53   52   52
   56   63   74   89  110  134  162  189  216  239  257  272  283  292  298  302
  304  306  312  313  322  327  340  339  344                                   
    52.5-180.0 180.0   5.0 450.0                            LAT/LON1/LON2/DLON/H
  365  367  351  327  319  304  285  270  256  240  225  209  192  175  158  144
  133  122  113  103   93   83   73   65   59   56   56   58   62   65   67   67
   65   64   62   61   61   61   62   64   66   67   67   67   65   63   62   63
   67   74   84  100  121  146  173  201  226  248  266  281  293  303  312  319
  323  327  333  335  343  346  357  356  365                                   
    50.0-180.0 180.0   5.0 450.0                            LAT/LON1/LON2/DLON/H
  387  391  373  353  346  330  309  287  265  242  220  200  182  167  155  145
  137  128  119  108   96   85   75   68   64   63   65   69   73   76   77   77
   77   76   76   76   76   76   76   77   78   78   79   78   78   77   76   77
   80   87   97  113  134  159  185  211  235  255  272  287  300  311  322  333
  340  347  354  355  364  365  373  375  387                                   
    47.5-180.0 180.0   5.0 450.0                            LAT/LON1/LON2/DLON/H
  405  411  395  382  377  363  341  314  284  253  223  198  177  162  152  144
  137  129  119  109   97   87   80   76   75   77   81   85   89   90   90   89
   89   89   90   91   92   92   91   90   89   90   90   90   91   91   91   92
   95  101  111  127  148  172  197  222  243  260  275  288  300  313  326  339
  350  360  368  371  379  380  387  390  405                                   
    45.0-180.0 180.0   5.0 450.0                            LAT/LON1/LON2/DLON/H
  414  423  412  407  405  395  374  345  311  273  236  205  180  163  152  143
  136  128  119  109  100   94   90   89   91   96  101  105  106  104  101   98
   97   98  101  103  104  103  102  100   99   99  100  101  102  104  105  106
  109  115  126  141  161  185  210  232  250  264  276  286  297  310  324  338
  351  363  373  377  385  387  394  399  414                                   
    42.5-180.0 180.0   5.0 450.0                            LAT/LON1/LON2/DLON/H
  415  423  418  419  421  416  399  373  338  298  257  221  193  172  157  147
  138  129  121  114  109  106  106  107  112  117  121  122  119  113  107  102
  101  103  106  109  110  110  108  106  105  105  107  110  112  114  117  119
  122  129  139  155  175  198  221  242  257  269  277  285  294  306  320  334
  347  359  370  377  385  388  395  399  415                                   
    40.0-180.0 180.0   5.0 450.0                            LAT/LON1/LON2/DLON/H
  409  413  409  412  418  416  405  386  356  319  279  242  212  188  170  156
  145  136  131  127  126  126  127  129  132  134  136  133  126  117  109  104
  104  106  110  113  114  113  111  109  109  110  113  117  120  123  125  128
  132  139  151  167  187  210  232  250  265  274  281  287  295  307  321  335
  347  358  369  376  384  389  397  397  409                                   
    37.5-180.0 180.0   5.0 450.0                            LAT/LON1/LON2/DLON/H
  404  401  393  390  397  396  390  379  359  328  294  262  233  208  188  171
  159  151  148  149  151  152  151  149  147  146  143  138  129  120  113  110
  111  114  117  118  118  116  114  113  113  115  119  122  126  128  131  134
  138  146  158  175  196  218  240  258  273  283  289  296  305  318  332  347
  357  366  377  384  393  402  410  403  404                                   
    35.0-180.0 180.0   5.0 450.0                            LAT/LON1/LON2/DLON/H
  411  399  382  366  369  366  361  357  346  325  300  274  250  227  206  189
  177  171  172  175  179  178  172  163  155  150  145  140  134  129  126  126
  128  130  131  130  127  123  120  119  120  122  125  128  130  131  133  135
  140  148  162  180  201  223  245  264  281  293  303  313  325  340  357  372
  383  391  401  407  419  433  440  426  411                                   
    32.5-180.0 180.0   5.0 450.0                            LAT/LON1/LON2/DLON/H
  442  423  393  360  351  341  333  332  327  314  297  279  261  241  222  205
  195  192  195  200  202  197  184  169  157  150  147  147  146  147  150  154
  158  159  156  150  143  136  131  128  128  130  132  133  133  132  132  133
  138  147  162  181  203  225  247  269  289  306  321  335  352  371  392  411
  424  433  443  448  466  484  488  469  442                                   
    30.0-180.0 180.0   5.0 450.0                            LAT/LON1/LON2/DLON/H
  506  484  438  386  362  340  324  319  314  304  291  279  265  249  232  217
  208  207  211  216  214  203  185  167  155  152  156  163  171  179  188  197
  202  201  193  181  167  156  147  142  140  139  139  137  135  132  130  131
  135  145  161  182  204  227  249  272  296  318  338  359  381  407  435  461
  479  491  503  508  532  555  552  531  506                                   
    27.5-180.0 180.0   5.0 450.0                            LAT/LON1/LON2/DLON/H
  603  584  520  452  413  379  350  334  321  307  293  281  269  254  238  224
  215  214  216  217  210  196  178  163  158  164  177  193  209  225  241  254
  260  257  242  221  199  181  167  158  152  149  146  142  137  132  128  128
  132  144  162  184  207  230  253  277  304  331  356  381  409  442  479  513
  540  561  575  583  613  642  636  616  603                                   
    25.0-180.0 180.0   5.0 450.0                            LAT/LON1/LON2/DLON/H
  722  712  640  562  508  464  419  387  360  335  313  295  278  261  243  227
  217  213  210  204  194  181  170  165  172  190  213  238  262  284  306  322
  328  318  294  263  232  206  187  173  164  157  151  145  139  132  127  125
  130  142  162  187  212  237  261  289  319  349  378  406  437  475  519  562
  599  629  650  663  695  739  739  722  722                                   
    22.5-180.0 180.0   5.0 450.0                            LAT/LON1/LON2/DLON/H
  842  848  782  707  641  589  530  481  436  394  357  327  301  277  254  234
  219  208  198  186  176  169  170  181  204  234  267  299  328  354  376  390
  389  370  335  294  255  225  201  184  171  162  155  148  140  132  126  124
  128  142  164  192  221  249  277  308  342  375  406  434  467  507  555  605
  651  689  716  737  768  829  845  836  842                                   
    20.0-180.0 180.0   5.0 450.0                            LAT/LON1/LON2/DLON/H
  944  965  917  857  787  734  667  604  542  483  428  383  344  310  279  252
  230  210  191  175  166  170  187  217  256  299  339  372  399  419  434  438
  427  398  355  308  266  234  208  189  174  164  156  148  141  132  126  123
  127  142  168  200  233  266  298  333  370  405  437  465  497  538  588  641
  691  733  765  795  825  894  930  932  944                                   
    17.5-180.0 180.0   5.0 450.0                            LAT/LON1/LON2/DLON/H
 1008 1041 1018  976  913  866  801  732  660  588  520  460  408  363  323  287
  256  226  200  181  178  193  228  277  331  381  419  444  457  462  460  451
  430  395  350  304  265  233  209  189  173  163  155  148  141  133  126  123
  128  145  173  209  248  285  322  360  398  435  467  495  527  567  616  668
  718  759  795  829  857  922  970  987 1008                                   
    15.0-180.0 180.0   5.0 450.0                            LAT/LON1/LON2/DLON/H
 1027 1070 1069 1045  996  961  905  839  766  691  617  549  489  435  387  343
  303  265  233  214  217  245  297  360  422  467  491  495  484  465  446  425
  400  366  327  288  255  229  207  188  173  162  154  147  140  133  126  124
  129  147  178  218  261  303  344  384  424  461  493  522  553  592  638  686
  732  769  804  839  864  914  962  993 1027                                   
    12.5-180.0 180.0   5.0 450.0                            LAT/LON1/LON2/DLON/H
 1007 1052 1067 1058 1029 1009  965  907  842  774  704  637  576  519  467  419
  373  330  294  276  287  327  390  459  513  539  536  510  471  431  398  373
  351  324  295  267  245  226  209  192  177  166  157  148  141  133  126  124
  130  149  182  224  271  317  361  403  443  479  511  540  573  611  653  695
  735  766  798  828  848  880  920  958 1007                                   
    10.0-180.0 180.0   5.0 450.0                            LAT/LON1/LON2/DLON/H
  962 1000 1019 1023 1014 1010  980  934  881  825  767  709  654  603  554  507
  461  416  381  368  385  433  497  554  584  579  542  488  428  377  341  319
  303  286  269  253  241  229  216  202  187  174  162  152  141  132  126  124
  131  151  184  228  277  325  372  415  454  489  520  550  583  620  659  695
  729  755  782  806  817  835  864  902  962                                   
     7.5-180.0 180.0   5.0 450.0                            LAT/LON1/LON2/DLON/H
  910  930  946  955  963  972  955  922  884  844  801  757  713  672  632  592
  551  511  482  475  498  544  595  625  620  579  514  443  378  328  298  282
