data/edconvlstm_nd/pred3650.15i
     1.0            IONOSPHERE MAPS     GNSS                IONEX VERSION / TYPE
pyspatialgeodesy        IME             05-JAN-18 20:20     PGM / RUN BY / DATE 
Map Name                                                    COMMENT             
Predicted global ionosphere maps (GIM).                     DESCRIPTION         
  2015    12    31     0     0     0                        EPOCH OF FIRST MAP  
  2015    12    31    22     0     0                        EPOCH OF LAST MAP   
  7200                                                      INTERVAL            
    12                                                      # OF MAPS IN FILE   
  NONE                                                      MAPPING FUNCTION    
10.0                                                        ELEVATION CUTOFF    
One-way carrier phase leveled to code                       OBSERVABLES USED    
  6371.0                                                    BASE RADIUS         
 2                                                          MAP DIMENSION       
   450.0 450.0   0.0                                        HGT1 / HGT2 / DHGT  
    87.5 -87.5  -2.5                                        LAT1 / LAT2 / DLAT  
  -180.0 180.0   5.0                                        LON1 / LON2 / DLON  
    -1                                                      EXPONENT            
                                                            END OF HEADER       
[from data line 4719]
    12                                                      START OF TEC MAP    
  2015    12    31    22     0     0                        EPOCH OF CURRENT MAP
    87.5-180.0 180.0   5.0 450.0                            LAT/LON1/LON2/DLON/H
   92   85   78   78   81   77   76   71   72   73   72   72   72   71   70   69
   68   67   66   64   63   61   60   58   57   56   55   54   53   52   52   52
   52   52   52   52   53   53   54   55   56   57   57   58   59   60   61   61
   62   62   63   63   63   63   63   63   63   63   63   63   63   63   63   63
   63   63   59   57   63   66   86   95   92                                   
    85.0-180.0 180.0   5.0 450.0                            LAT/LON1/LON2/DLON/H
   99   91   99   80   79   81   80   81   81   82   81   80   80   79   78   76
   75   73   72   70   68   67   65   63   62   61   59   58   57   57   56   56
   56   56   56   57   57   58   59   60   61   62   63   64   65   65   66   67
   67   68   68   68   68   68   68   68   68   68   68   68   68   68   68   68
   68   68   65   62   68   73   77   73   99                                   
    82.5-180.0 180.0   5.0 450.0                            LAT/LON1/LON2/DLON/H
   81   77   79   71   74   77   78   78   79   79   80   80   79   78   76   74
   72   69   67   64   61   59   56   54   52   50   48   47   46   45   44   44
   44   44   45   45   46   48   49   50   52   53   55   56   58   59   60   60
   61   61   62   62   62   62   61   61   61   60   60   60   59   59   59   59
   59   57   55   55   62   76   71   71   81                                   
    80.0-180.0 180.0   5.0 450.0                            LAT/LON1/LON2/DLON/H
   54   59   66   61   67   68   74   74   77   78   79   79   78   76   73   70
   67   63   59   55   52   48   45   42   40   38   36   34   33   33   32   32
   33   33   34   36   38   39   41   43   46   48   50   52   53   55   56   57
   57   57   57   57   56   56   55   54   53   52   51   50   49   48   48   47
   47   48   47   48   50   60   53   62   54                                   
    77.5-180.0 180.0   5.0 450.0                            LAT/LON1/LON2/DLON/H
   59   56   58   56   64   66   72   74   77   77   78   78   77   75   72   69
   65   60   56   51   47   42   39   35   32   30   28   27   25   25   24   24
   24   25   26   28   29   31   34   36   38   41   43   45   47   49   50   51
   52   52   52   51   51   49   48   47   45   44   43   41   40   39   38   37
   37   37   36   38   40   47   46   56   59                                   
    75.0-180.0 180.0   5.0 450.0                            LAT/LON1/LON2/DLON/H
   42   47   50   49   59   63   69   71   76   78   79   79   77   75   71   67
   62   56   51   46   42   38   34   32   29   28   26   25   25   24   24   24
   25   25   27   28   30   32   35   37   39   41   43   45   47   48   49   50
   50   50   49   48   47   45   44   42   40   39   38   36   35   34   33   33
   32   34   33   34   34   38   35   37   42                                   
    72.5-180.0 180.0   5.0 450.0                            LAT/LON1/LON2/DLON/H
   48   49   52   56   60   63   71   72   75   75   76   75   73   70   65   60
   54   49   43   38   34   30   27   25   24   23   22   22   21   21   21   21
   21   21   22   23   25   26   28   30   31   33   34   35   36   37   38   38
   38   37   37   36   34   33   31   30   29   28   27   26   25   24   23   22
   22   23   22   22   23   30   30   36   48                                   
    70.0-180.0 180.0   5.0 450.0                            LAT/LON1/LON2/DLON/H
   46   52   56   60   65   70   76   79   84   84   85   84   81   77   71   65
   59   53   47   42   38   35   33   31   30   29   29   29   28   28   28   27
   27   27   27   28   29   30   31   33   33   34   34   35   35   35   35   35
   35   35   34   33   32   31   30   29   29   28   28   27   27   26   26   25
   25   25   26   27   30   36   40   46   46                                   
    67.5-180.0 180.0   5.0 450.0                            LAT/LON1/LON2/DLON/H
   58   62   65   70   76   81   88   90   93   92   93   91   87   82   76   69
   62   55   49   44   40   37   35   33   32   32   32   31   31   30   29   28
   27   27   26   26   27   27   28   29   29   29   28   28   28   28   28   28
   27   27   27   27   26   26   26   26   26   26   26   27   26   26   26   25
   24   25   24   26   29   38   40   46   58                                   
    65.0-180.0 180.0   5.0 450.0                            LAT/LON1/LON2/DLON/H
   62   69   73   80   84   89   95   98  103  103  103  101   98   93   86   79
   72   65   58   53   48   44   41   39   38   36   35   34   33   32   31   29
   27   26   25   24   24   25   26   26   26   25   24   24   23   23   23   23
   23   23   23   23   24   24   25   26   27   28   29   30   30   29   29   28
   28   30   30   33   37   47   51   57   62                                   
    62.5-180.0 180.0   5.0 450.0                            LAT/LON1/LON2/DLON/H
   72   79   82   88   94   99  104  107  111  111  112  111  108  104   98   91
   83   76   68   62   56   50   46   42   39   37   35   33   31   30   28   25
   23   22   20   20   20   21   22   22   22   22   21   20   19   19   19   19
   19   20   21   21   23   24   25   27   29   30   32   33   33   32   31   30
   30   31   32   35   39   51   55   61   72                                   
    60.0-180.0 180.0   5.0 450.0                            LAT/LON1/LON2/DLON/H
   78   86   89   95  100  104  109  111  116  117  119  119  118  114  109  103
   96   89   81   72   65   57   51   45   40   36   33   30   28   26   24   21
   19   17   16   16   17   18   19   20   20   20   20   19   18   18   18   18
   18   19   20   21   23   24   27   29   32   34   35   36   36   35   34   33
   32   33   35   38   44   57   63   70   78                                   
    57.5-180.0 180.0   5.0 450.0                            LAT/LON1/LON2/DLON/H
   84   92   96  102  107  110  114  116  120  121  124  125  125  123  120  115
  109  101   92   83   73   64   55   47   40   35   31   27   25   23   21   19
   17   16   15   16   17   19   21   22   24   24   24   24   23   23   22   22
   22   22   23   24   25   28   30   33   36   38   40   41   40   39   37   35
   34   36   39   43   48   63   69   76   84                                   
    55.0-180.0 180.0   5.0 450.0                            LAT/LON1/LON2/DLON/H
   91  101  106  112  116  118  121  121  124  124  127  128  129  129  128  124
  119  111  102   91   80   69   58   49   41   35   30   27   24   23   21   20
   18   17   17   18   20   23   26   29   32   33   34   34   33   32   32   31
   30   30   29   29   30   32   35   38   41   44   45   45   45   43   41   39
   38   40   43   48   54   70   77   84   91                                   
    52.5-180.0 180.0   5.0 450.0                            LAT/LON1/LON2/DLON/H
   99  111  118  123  128  129  131  130  129  128  129  130  132  133  132  130
  125  118  108   97   85   73   62   52   44   38   33   30   28   26   25   24
   23   23   23   25   28   32   36   41   44   47   48   49   48   47   46   45
   43   41   39   38   38   39   42   45   47   49   50   50   49   47   46   45
   44   47   51   56   63   79   87   94   99                                   
    50.0-180.0 180.0   5.0 450.0                            LAT/LON1/LON2/DLON/H
  110  124  135  140  145  146  146  142  138  135  133  132  133  134  134  133
  128  121  112  101   89   78   67   58   51   45   41   37   35   34   32   31
   31   31   32   35   39   44   49   54   58   62   64   65   65   65   64   62
   59   55   52   48   47   47   49   51   53   54   54   54   53   52   52   52
   52   55   60   66   73   89   98  104  110                                   
    47.5-180.0 180.0   5.0 450.0                            LAT/LON1/LON2/DLON/H
  122  139  152  159  165  167  165  159  151  144  139  137  136  136  136  134
  130  123  115  105   94   84   75   67   61   55   51   48   45   43   41   39
   39   39   41   45   50   55   60   65   70   75   78   80   82   82   81   79
   76   70   65   60   57   55   56   57   58   58   58   57   57   57   58   59
   60   65   71   77   83   99  108  114  122                                   
    45.0-180.0 180.0   5.0 450.0                            LAT/LON1/LON2/DLON/H
  134  152  167  176  184  187  185  178  167  157  148  143  140  139  138  135
  131  125  118  109  101   93   86   79   73   68   64   59   55   51   48   46
   45   46   48   52   57   63   68   73   78   83   88   92   94   96   96   94
   90   85   78   71   66   64   63   63   63   62   61   60   61   62   64   66
   69   74   80   86   93  107  117  123  134                                   
    42.5-180.0 180.0   5.0 450.0                            LAT/LON1/LON2/DLON/H
  143  160  177  188  198  203  201  193  181  169  158  151  147  144  141  138
  134  129  123  117  110  104   98   93   87   81   75   69   62   56   51   48
   47   48   51   56   61   66   71   76   82   88   93   98  102  105  106  105
  102   96   89   81   75   72   70   69   67   65   63   63   64   66   69   73
   76   82   88   93   99  112  122  129  143                                   
    40.0-180.0 180.0   5.0 450.0                            LAT/LON1/LON2/DLON/H
  147  162  177  191  203  210  209  203  191  179  168  160  154  151  147  143
  139  135  130  126  122  117  112  106   99   91   83   74   65   58   51   48
   46   48   52   57   62   67   72   77   82   88   95  101  106  109  111  112
  109  104   97   89   83   79   76   74   71   67   65   64   66   69   74   79
   83   88   93   98  102  115  122  131  147                                   
    37.5-180.0 180.0   5.0 450.0                            LAT/LON1/LON2/DLON/H
  145  157  171  185  198  206  208  204  195  184  174  167  162  158  155  151
  146  143  140  138  135  131  125  117  108   97   86   76   66   58   51   48
   48   50   54   59   64   68   72   77   82   89   96  102  107  110  113  114
  113  109  103   95   89   84   81   77   73   69   66   65   67   71   77   83
   88   93   98  102  104  115  121  131  145                                   
    35.0-180.0 180.0   5.0 450.0                            LAT/LON1/LON2/DLON/H
  142  149  160  174  186  194  199  198  193  184  177  171  168  165  162  158
  155  153  151  150  148  143  135  125  113  100   87   76   67   60   56   54
   55   58   62   66   70   73   76   79   84   90   97  103  107  110  112  113
  113  110  105   99   93   89   85   80   75   70   67   66   68   73   80   87
   93   98  103  106  107  117  121  133  142                                   
    32.5-180.0 180.0   5.0 450.0                            LAT/LON1/LON2/DLON/H
  139  143  150  161  173  180  188  189  188  183  178  174  172  171  169  166
  163  162  162  161  158  152  141  128  114  100   88   78   72   69   69   71
   74   77   80   81   82   83   84   86   90   95  100  105  108  109  110  111
  111  109  106  101   96   92   87   82   77   71   67   66   69   74   83   91
   98  105  110  113  113  123  126  139  139                                   
    30.0-180.0 180.0   5.0 450.0                            LAT/LON1/LON2/DLON/H
  143  144  149  156  166  171  180  185  186  184  181  178  177  175  174  172
  170  169  169  168  164  156  144  129  114  101   91   86   84   87   93   99
  104  107  106  103  100   97   96   96   98  102  106  109  110  109  108  108
  108  107  105  101   97   93   89   83   78   72   68   67   70   77   86   96
  104  113  120  125  124  135  140  153  143                                   
    27.5-180.0 180.0   5.0 450.0                            LAT/LON1/LON2/DLON/H
  157  157  161  164  172  176  186  192  195  193  190  186  184  181  179  177
  175  174  174  172  167  157  143  129  116  106  100  100  105  115  127  138
  144  144  138  129  120  113  109  107  107  109  111  113  112  110  107  105
  104  104  102   99   96   93   89   83   78   72   69   69   72   79   90  103
  113  125  134  141  142  155  162  175  157                                   
    25.0-180.0 180.0   5.0 450.0                            LAT/LON1/LON2/DLON/H
  182  184  189  189  196  200  209  215  218  216  210  203  197  191  186  182
  179  177  175  172  165  155  142  130  120  115  115  121  133  150  168  182
  188  183  170  153  138  127  120  116  114  114  115  115  114  110  106  102
  100   99   98   96   94   91   87   82   77   72   70   70   74   83   96  110
  123  138  151  161  165  181  192  205  182                                   
    22.5-180.0 180.0   5.0 450.0                            LAT/LON1/LON2/DLON/H
  219  224  232  230  238  242  250  255  257  252  242  230  218  207  197  189
  183  179  175  170  162  152  142  134  129  130  135  147  164  186  207  221
  225  214  193  169  148  133  125  120  117  116  115  115  113  109  103   99
   96   94   93   91   89   86   83   79   75   71   70   71   76   86  100  118
  134  152  168  182  190  211  227  238  219                                   
    20.0-180.0 180.0   5.0 450.0                            LAT/LON1/LON2/DLON/H
  263  272  284  282  293  297  304  308  308  300  285  266  246  229  214  201
  191  183  177  169  160  152  145  143  144  150  159  173  192  214  235  247
  246  229  202  172  147  131  123  118  114  112  111  111  109  105  100   95
   92   89   88   86   84   81   78   75   71   69   69   70   76   87  104  124
  143  165  184  202  214  239  260  271  263                                   
    17.5-180.0 180.0   5.0 450.0                            LAT/LON1/LON2/DLON/H
  306  320  336  338  352  357  365  367  365  354  334  309  282  257  236  218
  203  192  182  172  163  157  155  158  164  173  184  197  213  230  245  252
  246  224  193  161  137  122  115  111  108  106  104  104  103  100   96   91
   87   85   83   81   79   76   73   70   68   67   67   70   76   88  106  128
  149  173  195  216  233  262  287  299  306                                   
    15.0-180.0 180.0   5.0 450.0                            LAT/LON1/LON2/DLON/H
  341  360  380  386  404  411  421  423  420  408  385  355  322  291  263  239
  220  205  192  181  173  169  171  179  189  199  206  213  221  230  237  238
  226  203  172  142  121  111  107  105  102   99   98   97   97   95   92   88
   85   83   80   78   76   73   70   68   66   65   66   69   76   89  108  130
  153  178  202  225  246  277  305  319  341                                   
    12.5-180.0 180.0   5.0 450.0                            LAT/LON1/LON2/DLON/H
  363  388  410  420  441  451  463  466  466  455  432  400  363  326  294  266
  243  224  209  197  190  189  195  206  217  224  225  222  219  217  215  209
  196  173  146  123  109  104  104  104  101   97   94   94   94   93   91   88
   86   83   81   79   77   74   71   68   66   66   67   70   77   90  109  132
  154  180  204  228  251  283  314  329  363                                   
    10.0-180.0 180.0   5.0 450.0                            LAT/LON1/LON2/DLON/H
  373  402  426  437  460  472  485  490  494  487  467  436  399  361  326  295
  270  249  233  221  214  216  224  236  245  247  239  225  210  198  189  179
  165  146  127  112  106  107  111  111  108  102   98   97   96   96   94   92
   90   88   86   84   81   79   75   72   70   69   69   73   80   93  111  134
  156  181  205  229  253  285  317  332  373                                   
     7.5-180.0 180.0   5.0 450.0                            LAT/LON1/LON2/DLON/H
  377  407  431  440  461  472  486  492  499  498  484  459  426  391  356  326
  299  278  262  250  245  247  256  267  272  266  249  225  201  182  168  157
