data/edconvlstm_nd/pred0280.15i
     1.0            IONOSPHERE MAPS     GNSS                IONEX VERSION / TYPE
pyspatialgeodesy        IME             05-JAN-18 20:20     PGM / RUN BY / DATE 
Map Name                                                    COMMENT             
Predicted global ionosphere maps (GIM).                     DESCRIPTION         
  2015     1    28     0     0     0                        EPOCH OF FIRST MAP  
  2015     1    29     0     0     0                        EPOCH OF LAST MAP   
  7200                                                      INTERVAL            
    13                                                      # OF MAPS IN FILE   
  NONE                                                      MAPPING FUNCTION    
10.0                                                        ELEVATION CUTOFF    
One-way carrier phase leveled to code                       OBSERVABLES USED    
  6371.0                                                    BASE RADIUS         
 2                                                          MAP DIMENSION       
   450.0 450.0   0.0                                        HGT1 / HGT2 / DHGT  
    87.5 -87.5  -2.5                                        LAT1 / LAT2 / DLAT  
  -180.0 180.0   5.0                                        LON1 / LON2 / DLON  
    -1                                                      EXPONENT            
                                                            END OF HEADER       
     1                                                      START OF TEC MAP    
  2015     1    28     0     0     0                        EPOCH OF CURRENT MAP
    87.5-180.0 180.0   5.0 450.0                            LAT/LON1/LON2/DLON/H
   84   80   73   68   68   74   73   73   75   76   79   81   83   85   86   87
   88   88   87   87   86   85   83   82   80   78   76   74   72   70   68   66
   65   63   61   60   59   58   57   56   56   55   55   55   55   55   56   56
   57   57   57   58   58   58   59   59   59   59   59   58   58   58   58   58
   58   58   57   58   50   66   73   73   84                                   
    85.0-180.0 180.0   5.0 450.0                            LAT/LON1/LON2/DLON/H
   78   84   65   73   76   85   83   84   87   89   91   94   96   98  100  101
  101  101  100   99   97   95   92   89   86   83   79   76   73   70   67   64
   62   60   58   56   56   55   55   55   55   55   56   57   58   59   61   62
   63   64   65   67   68   68   69   70   70   70   70   70   70   69   69   69
   69   69   69   73   72   79   88   80   78                                   
    82.5-180.0 180.0   5.0 450.0                            LAT/LON1/LON2/DLON/H
   68   65   77   78   80   90   89   91   97  100  105  109  113  116  118  119
  119  118  116  113  109  105  100   95   89   83   78   72   67   62   58   54
   51   49   47   46   45   45   46   47   48   50   52   54   56   58   61   63
   65   67   69   71   72   73   74   75   75   75   75   75   74   74   73   73
   72   71   70   67   72   67   75   79   68                                   
    80.0-180.0 180.0   5.0 450.0                            LAT/LON1/LON2/DLON/H
   83   76   80   77   84   89   93   97  105  110  116  122  127  131  133  134
  134  132  129  124  118  112  105   97   90   82   75   69   64   59   55   51
   49   47   46   45   45   46   47   48   50   51   54   56   58   61   64   67
   69   72   74   77   79   80   81   82   83   83   82   82   81   80   80   79
   77   74   73   70   83   76   85   98   83                                   
    77.5-180.0 180.0   5.0 450.0                            LAT/LON1/LON2/DLON/H
   98   93   87   91   90   97  102  110  119  124  132  139  144  147  149  149
  147  144  139  133  126  118  110  102   94   86   79   72   67   62   59   56
   54   53   52   52   53   54   55   57   59   60   62   64   66   69   71   74
   76   79   81   83   85   87   88   89   89   89   89   88   88   87   86   85
   84   84   82   80   88   89   91  109   98                                   
    75.0-180.0 180.0   5.0 450.0                            LAT/LON1/LON2/DLON/H
  115  105  105  108  106  115  119  126  136  141  147  153  156  156  155  152
  147  141  135  128  121  114  106   99   92   85   79   74   70   67   65   64
   63   63   64   65   66   67   68   69   71   72   73   74   75   76   77   79
   81   83   85   87   89   90   92   92   93   93   92   92   92   91   91   91
   90   91   92   87   96  105  104  118  115                                   
    72.5-180.0 180.0   5.0 450.0                            LAT/LON1/LON2/DLON/H
  124  120  123  124  122  127  133  141  150  155  160  163  162  159  154  147
  139  131  123  116  110  104   99   94   89   85   81   78   76   75   74   74
   74   75   76   76   77   78   78   78   78   78   78   77   76   76   76   76
   77   79   81   83   84   86   87   88   88   88   88   88   88   89   90   91
   91   93   98   97  105  115  120  137  124                                   
    70.0-180.0 180.0   5.0 450.0                            LAT/LON1/LON2/DLON/H
  140  139  141  147  145  151  156  164  172  175  178  177  172  163  152  140
  128  117  107  100   94   90   87   85   83   82   81   80   81   81   83   84
   85   86   86   86   86   86   85   84   83   81   79   77   75   73   72   72
   72   73   75   77   79   81   82   83   83   84   84   85   86   88   91   94
   96   99  107  109  118  132  137  152  140                                   
    67.5-180.0 180.0   5.0 450.0                            LAT/LON1/LON2/DLON/H
  154  157  158  165  164  168  173  181  188  191  191  187  178  165  148  131
  115  101   90   82   78   75   74   74   74   74   75   77   79   81   83   84
   85   84   83   82   80   78   76   74   72   70   68   66   63   61   59   58
   59   60   61   63   65   67   69   70   71   72   74   76   78   82   86   91
   95  100  109  114  126  142  148  164  154                                   
    65.0-180.0 180.0   5.0 450.0                            LAT/LON1/LON2/DLON/H
  165  169  170  179  179  183  187  196  204  207  207  202  190  172  152  130
  111   94   82   74   69   67   66   67   67   68   70   72   74   76   77   78
   77   75   72   69   66   63   61   60   58   57   56   54   51   49   47   46
   46   48   49   52   54   56   57   59   61   63   65   69   73   78   84   91
   97  104  114  119  132  151  158  174  165                                   
    62.5-180.0 180.0   5.0 450.0                            LAT/LON1/LON2/DLON/H
  174  179  180  190  191  194  198  208  218  222  223  218  206  187  163  139
  117   99   86   77   71   68   66   65   64   64   64   66   67   68   68   67
   65   62   58   54   50   47   46   46   46   46   46   45   43   41   39   38
   38   39   41   44   46   48   50   52   54   57   61   66   72   79   87   96
  103  110  122  127  138  157  164  181  174                                   
    60.0-180.0 180.0   5.0 450.0                            LAT/LON1/LON2/DLON/H
  182  188  190  197  198  200  202  212  223  229  233  231  220  202  179  155
  132  113   99   88   80   74   69   65   62   59   58   57   57   57   57   55
   51   47   43   39   36   34   34   35   37   39   40   40   39   37   35   34
   34   35   36   39   41   44   46   48   51   56   61   68   75   84   94  104
  111  120  132  137  146  162  169  186  182                                   
    57.5-180.0 180.0   5.0 450.0                            LAT/LON1/LON2/DLON/H
  194  201  201  205  205  204  203  212  222  229  235  236  229  214  194  172
  151  132  117  104   93   83   74   66   59   54   50   49   48   48   46   44
   41   37   34   31   29   29   30   33   36   39   42   42   42   40   37   35
   34   35   37   39   42   44   46   49   53   58   65   73   83   93  105  116
  125  134  147  152  160  171  178  195  194                                   
    55.0-180.0 180.0   5.0 450.0                            LAT/LON1/LON2/DLON/H
  212  220  218  217  214  209  205  209  217  223  229  232  229  219  204  187
  168  151  135  119  105   91   78   67   57   50   45   43   42   42   41   39
   37   34   32   31   31   32   35   39   43   47   50   51   50   48   45   42
   41   41   43   45   47   49   50   54   58   64   72   82   93  105  118  131
  142  152  166  172  180  187  193  211  212                                   
    52.5-180.0 180.0   5.0 450.0                            LAT/LON1/LON2/DLON/H
  238  247  241  236  229  220  211  210  213  215  219  223  222  217  207  194
  179  164  148  131  114   98   82   69   58   50   45   43   42   42   42   41
   39   38   38   39   41   44   48   52   56   60   63   64   63   60   57   54
   53   53   54   56   57   58   59   62   66   72   80   91  103  116  131  146
  158  171  186  194  204  209  215  232  238                                   
    50.0-180.0 180.0   5.0 450.0                            LAT/LON1/LON2/DLON/H
  269  281  270  262  253  240  225  217  213  210  210  212  212  209  203  194
  182  169  154  137  120  102   87   73   62   55   51   49   49   49   49   48
   48   48   51   54   59   63   67   70   74   77   79   79   78   75   72   70
   69   69   70   70   71   71   71   72   75   81   89   99  112  126  142  159
  173  188  205  216  229  235  241  259  269                                   
    47.5-180.0 180.0   5.0 450.0                            LAT/LON1/LON2/DLON/H
  299  317  303  293  283  268  247  232  221  212  206  204  202  199  195  188
  179  167  153  138  122  106   92   80   71   65   62   61   61   61   60   59
   59   61   65   71   78   83   86   89   91   92   93   93   92   90   88   86
   86   86   87   88   87   86   84   84   86   91   98  108  120  134  150  168
  184  201  219  233  250  259  268  284  299                                   
    45.0-180.0 180.0   5.0 450.0                            LAT/LON1/LON2/DLON/H
  322  346  333  324  316  299  275  255  238  221  209  202  197  192  187  180
  172  161  149  136  123  111  101   92   85   80   78   77   76   74   71   69
   68   71   77   85   93   98  101  102  102  103  103  103  102  101  100  101
  102  104  104  104  102  100   97   96   97  101  108  118  129  142  157  174
  191  209  228  244  264  277  289  304  322                                   
    42.5-180.0 180.0   5.0 450.0                            LAT/LON1/LON2/DLON/H
  333  361  352  348  342  328  304  281  259  237  219  207  198  190  183  175
  166  157  147  138  129  121  115  108  103   99   95   92   88   83   78   73
   72   76   83   92  100  105  107  107  107  107  107  108  108  108  109  111
  114  116  117  116  114  111  108  107  108  113  120  129  139  151  164  180
  196  213  232  250  269  286  301  314  333                                   
    40.0-180.0 180.0   5.0 450.0                            LAT/LON1/LON2/DLON/H
  330  360  356  357  356  345  324  303  279  254  233  217  204  194  185  176
  166  158  151  146  142  138  134  129  123  117  110  103   95   87   79   74
   72   76   83   92  100  104  106  105  105  106  107  109  109  111  113  116
  119  122  123  122  120  118  116  115  118  124  132  142  151  161  173  187
  200  216  235  252  269  288  304  315  330                                   
    37.5-180.0 180.0   5.0 450.0                            LAT/LON1/LON2/DLON/H
  320  349  347  350  355  348  332  314  292  267  245  227  214  202  191  181
  173  166  163  162  161  159  155  148  139  129  118  107   96   86   78   72
   71   74   82   90   96  100  100  101  103  105  107  109  110  111  113  116
  119  121  122  122  121  120  119  121  126  134  144  155  165  174  185  196
  208  222  240  255  270  289  305  314  320                                   
    35.0-180.0 180.0   5.0 450.0                            LAT/LON1/LON2/DLON/H
  309  336  334  335  343  340  328  315  297  273  252  236  223  212  201  191
  184  181  181  183  183  180  171  159  146  131  118  105   95   86   79   75
   74   78   83   89   94   96   98  100  103  107  110  111  111  111  111  113
  114  115  116  116  116  116  118  123  131  142  155  168  179  189  200  212
  222  235  252  267  280  298  312  319  309                                   
    32.5-180.0 180.0   5.0 450.0                            LAT/LON1/LON2/DLON/H
  310  334  329  326  332  330  321  311  297  276  257  243  231  221  211  202
  197  198  201  204  203  195  180  162  143  126  113  102   95   90   87   86
   87   90   94   97   99  100  101  105  109  115  118  118  115  112  109  108
  107  106  105  105  106  109  113  121  133  148  165  181  195  207  220  233
  244  256  274  288  302  319  330  336  310                                   
    30.0-180.0 180.0   5.0 450.0                            LAT/LON1/LON2/DLON/H
  330  351  342  332  334  331  321  312  299  281  264  250  240  230  220  213
  210  213  218  220  215  200  178  155  134  119  110  105  105  106  109  112
  115  116  116  116  114  113  114  118  123  128  130  128  122  115  109  103
   99   96   94   94   96  100  106  117  133  152  173  193  211  227  244  260
  273  287  306  320  337  355  362  368  330                                   
    27.5-180.0 180.0   5.0 450.0                            LAT/LON1/LON2/DLON/H
  375  395  378  362  359  352  340  328  314  296  278  265  253  243  232  225
  222  224  228  227  215  194  167  142  124  115  114  119  128  138  147  155
  158  157  153  146  139  135  135  137  142  145  145  140  131  120  110  101
   95   89   86   86   88   92  101  114  133  157  182  206  228  250  271  292
  310  328  348  362  385  405  411  419  375                                   
    25.0-180.0 180.0   5.0 450.0                            LAT/LON1/LON2/DLON/H
  443  463  441  420  412  400  384  368  351  329  309  293  278  264  250  239
  233  231  230  222  204  178  151  130  120  122  133  149  168  186  202  211
  212  205  193  179  168  160  158  158  161  161  158  150  138  125  113  103
   94   88   84   83   84   89   98  113  135  162  191  218  245  272  300  327
  352  374  396  412  442  468  477  486  443                                   
    22.5-180.0 180.0   5.0 450.0                            LAT/LON1/LON2/DLON/H
  525  547  527  507  493  477  456  435  413  388  363  341  320  299  278  260
  247  237  226  210  187  161  138  127  130  145  169  197  224  247  263  269
  263  247  227  207  192  182  177  176  175  172  166  156  143  130  117  107
   98   91   87   85   85   88   97  113  137  167  198  229  260  293  328  362
  393  421  445  466  501  535  552  563  525                                   
    20.0-180.0 180.0   5.0 450.0                            LAT/LON1/LON2/DLON/H
  606  632  625  611  592  575  552  528  502  473  443  413  384  353  323  293
  268  245  223  199  174  152  140  142  159  188  223  257  287  308  318  314
  299  274  248  224  206  196  190  186  182  175  166  155  143  131  121  111
  102   95   90   86   85   87   95  112  138  170  203  236  272  310  352  394
  432  464  491  516  553  593  622  635  606                                   
    17.5-180.0 180.0   5.0 450.0                            LAT/LON1/LON2/DLON/H
  668  703  714  712  693  676  655  633  608  578  544  508  470  429  386  343
  302  264  230  199  175  161  162  178  208  247  286  320  343  353  351  336
  313  283  253  228  211  201  195  190  182  172  160  149  139  130  122  114
  106   98   92   87   84   84   92  110  138  170  205  241  280  324  373  421
  464  499  528  556  592  633  673  686  668                                   
    15.0-180.0 180.0   5.0 450.0                            LAT/LON1/LON2/DLON/H
  699  743  773  786  772  759  745  729  710  683  651  613  570  522  468  411
  354  300  254  219  198  194  208  236  274  314  347  368  376  370  355  333
  305  275  246  223  209  201  195  188  177  164  152  142  134  128  122  116
  109  101   94   88   83   83   90  109  137  171  206  244  286  335  389  442
  487  523  553  582  613  648  695  708  699                                   
    12.5-180.0 180.0   5.0 450.0                            LAT/LON1/LON2/DLON/H
  699  753  796  821  814  809  802  796  785  767  740  707  667  619  561  495
  425  357  301  264  248  253  277  312  347  375  389  390  378  358  334  308
  282  255  232  215  204  199  193  184  170  156  143  134  129  126  123  118
  112  104   97   90   84   84   92  112  140  174  209  247  291  343  400  455
  501  535  565  592  617  644  690  703  699                                   
    10.0-180.0 180.0   5.0 450.0                            LAT/LON1/LON2/DLON/H
  681  740  790  819  819  820  820  822  821  813  795  772  741  701  650  585
  511  436  374  336  324  336  363  392  412  416  404  381  353  324  298  276
  256  238  223  211  204  199  192  180  165  150  137  129  126  125  124  120
  115  108  101   94   89   89   98  118  147  180  214  252  297  350  407  461
  504  537  564  589  609  628  668  681  681                                   
     7.5-180.0 180.0   5.0 450.0                            LAT/LON1/LON2/DLON/H
  658  715  765  793  796  801  804  812  818  818  810  797  780  756  719  667
  599  527  466  429  419  431  451  462  456  430  392  350  313  283  263  249
