data/edconvlstm_nd/pred1830.15i
     1.0            IONOSPHERE MAPS     GNSS                IONEX VERSION / TYPE
pyspatialgeodesy        IME             05-JAN-18 20:20     PGM / RUN BY / DATE 
Map Name                                                    COMMENT             
Predicted global ionosphere maps (GIM).                     DESCRIPTION         
  2015     7     2     0     0     0                        EPOCH OF FIRST MAP  
  2015     7     3     0     0     0                        EPOCH OF LAST MAP   
  7200                                                      INTERVAL            
    13                                                      # OF MAPS IN FILE   
  NONE                                                      MAPPING FUNCTION    
10.0                                                        ELEVATION CUTOFF    
One-way carrier phase leveled to code                       OBSERVABLES USED    
  6371.0                                                    BASE RADIUS         
 2                                                          MAP DIMENSION       
   450.0 450.0   0.0                                        HGT1 / HGT2 / DHGT  
    87.5 -87.5  -2.5                                        LAT1 / LAT2 / DLAT  
  -180.0 180.0   5.0                                        LON1 / LON2 / DLON  
    -1                                                      EXPONENT            
                                                            END OF HEADER       
[from data line 3003]
     8                                                      START OF TEC MAP    
  2015     7     2    14     0     0                        EPOCH OF CURRENT MAP
    87.5-180.0 180.0   5.0 450.0                            LAT/LON1/LON2/DLON/H
  154  155  150  157  159  159  158  157  158  159  158  159  158  158  158  158
  158  157  157  156  156  155  154  154  153  152  151  151  150  149  149  148
  147  147  147  146  146  146  146  146  146  146  146  147  147  147  147  148
  148  148  148  148  149  149  149  149  149  149  149  150  150  150  150  150
  150  152  151  150  157  155  162  158  154                                   
    85.0-180.0 180.0   5.0 450.0                            LAT/LON1/LON2/DLON/H
  149  155  165  160  159  163  164  165  166  167  166  167  166  166  166  166
  165  165  164  164  163  162  161  161  160  159  158  157  156  155  154  153
  152  152  151  151  150  150  150  150  151  151  151  152  152  153  153  153
  154  154  154  154  154  154  154  154  154  154  154  155  155  155  155  156
  157  158  155  154  154  152  157  159  149                                   
    82.5-180.0 180.0   5.0 450.0                            LAT/LON1/LON2/DLON/H
  138  152  156  153  152  157  159  161  161  162  162  163  163  162  162  162
  161  161  161  160  160  159  158  158  157  156  155  154  153  152  150  149
  148  147  147  146  146  146  146  146  147  148  148  149  149  150  150  151
  151  151  151  150  150  150  150  149  149  149  149  149  149  149  149  149
  150  150  147  149  147  154  152  145  138                                   
    80.0-180.0 180.0   5.0 450.0                            LAT/LON1/LON2/DLON/H
  135  146  153  153  152  154  156  160  161  163  162  163  163  163  163  162
  162  162  161  161  161  160  160  159  159  158  157  155  154  153  151  150
  148  147  146  146  145  145  146  146  147  148  149  151  152  152  153  153
  153  153  152  152  151  151  150  150  149  149  148  148  147  147  147  147
  147  147  145  147  143  144  147  142  135                                   
    77.5-180.0 180.0   5.0 450.0                            LAT/LON1/LON2/DLON/H
  137  142  148  149  149  153  155  158  159  160  160  160  160  160  160  160
  160  160  160  160  161  161  162  162  162  161  160  159  158  157  156  154
  153  152  151  150  150  150  151  152  153  154  156  157  158  159  160  160
  159  159  158  157  156  155  154  153  152  151  150  149  148  147  146  145
  144  143  141  143  143  139  142  141  137                                   
    75.0-180.0 180.0   5.0 450.0                            LAT/LON1/LON2/DLON/H
  133  139  142  145  146  151  153  156  157  159  158  158  158  158  157  157
  157  158  159  160  161  163  164  165  165  166  165  165  164  163  162  161
  160  158  157  157  156  156  157  158  160  162  163  165  166  166  167  166
  165  164  163  162  161  159  158  157  156  155  154  153  151  150  149  148
  146  145  143  140  141  138  140  132  133                                   
    72.5-180.0 180.0   5.0 450.0                            LAT/LON1/LON2/DLON/H
  128  134  137  142  142  147  150  153  154  155  154  153  152  152  151  151
  152  153  155  157  159  161  163  164  165  166  166  166  166  166  165  164
  163  162  161  160  160  160  161  162  164  166  167  169  169  170  169  168
  167  166  164  163  162  161  160  159  158  158  157  156  154  153  151  150
  147  145  142  139  137  136  137  134  128                                   
    70.0-180.0 180.0   5.0 450.0                            LAT/LON1/LON2/DLON/H
  128  131  134  138  138  143  146  149  150  151  150  149  148  147  146  146
  146  148  150  153  155  158  161  162  164  165  165  165  165  166  165  165
  164  164  162  161  161  161  161  162  164  166  168  169  169  169  168  166
  164  163  161  160  159  159  159  159  159  159  159  159  158  157  156  154
  151  148  145  142  138  136  138  135  128                                   
    67.5-180.0 180.0   5.0 450.0                            LAT/LON1/LON2/DLON/H
  128  131  134  139  139  143  147  150  151  151  150  150  148  147  146  146
  146  148  150  153  156  159  161  163  164  165  165  165  166  166  166  166
  166  166  164  163  162  162  162  163  165  167  168  169  169  168  166  164
  162  160  159  158  159  159  160  162  163  164  165  165  165  165  164  162
  160  156  152  147  142  138  139  135  128                                   
    65.0-180.0 180.0   5.0 450.0                            LAT/LON1/LON2/DLON/H
  130  131  133  137  136  141  144  147  148  150  149  148  147  147  146  146
  147  148  150  153  156  158  160  162  163  163  163  163  164  165  165  166
  167  166  165  163  162  161  161  162  163  165  167  167  167  165  163  160
  157  156  155  155  156  158  160  163  165  167  169  171  171  172  171  170
  167  163  159  154  148  144  144  141  130                                   
    62.5-180.0 180.0   5.0 450.0                            LAT/LON1/LON2/DLON/H
  130  131  131  134  133  137  140  143  145  147  146  147  147  147  147  148
  149  150  152  154  156  158  160  161  161  161  161  161  162  163  164  166
  166  166  165  163  161  160  160  161  162  164  166  166  165  163  160  157
  154  152  152  153  155  158  161  164  167  170  173  175  176  177  177  175
  173  169  165  159  152  147  147  144  130                                   
    60.0-180.0 180.0   5.0 450.0                            LAT/LON1/LON2/DLON/H
  129  128  127  129  127  131  133  136  138  140  141  143  145  146  148  149
  150  152  153  155  156  158  159  160  160  160  160  160  161  162  164  166
  167  167  166  164  162  160  160  160  162  164  166  166  165  162  159  155
  152  151  151  153  156  159  162  166  169  172  175  177  179  179  179  178
  175  171  166  161  154  148  149  145  129                                   
    57.5-180.0 180.0   5.0 450.0                            LAT/LON1/LON2/DLON/H
  127  123  122  124  120  123  126  128  131  133  135  138  141  145  148  151
  153  154  155  156  157  158  159  160  161  161  161  162  163  165  167  169
  170  170  168  166  164  163  163  163  165  168  170  170  169  166  162  158
  156  155  155  157  160  164  167  170  173  175  177  179  180  180  179  177
  174  169  165  159  153  147  147  145  127                                   
    55.0-180.0 180.0   5.0 450.0                            LAT/LON1/LON2/DLON/H
  123  118  117  117  113  116  118  120  122  125  127  131  136  141  147  151
  154  155  156  157  157  158  160  161  163  164  165  166  167  169  171  172
  173  173  172  171  169  168  168  169  171  173  175  176  175  172  168  165
  163  162  163  165  167  170  173  175  177  178  179  179  179  178  176  174
  169  165  160  155  148  143  144  142  123                                   
    52.5-180.0 180.0   5.0 450.0                            LAT/LON1/LON2/DLON/H
  119  114  112  113  107  110  112  113  115  117  120  125  130  137  144  150
  154  156  157  157  158  159  161  163  166  168  170  171  173  175  176  177
  177  177  176  175  175  174  175  176  178  180  182  183  183  180  177  174
  172  171  172  174  176  178  180  181  181  181  180  179  177  175  172  169
  164  158  153  148  142  137  139  137  119                                   
    50.0-180.0 180.0   5.0 450.0                            LAT/LON1/LON2/DLON/H
  115  111  110  110  105  107  109  110  112  114  116  120  126  133  141  148
  154  157  159  159  159  160  163  166  170  174  176  178  180  181  181  181
  181  181  180  181  181  182  183  184  186  188  191  192  191  189  187  184
  183  182  183  184  186  187  188  188  187  185  182  180  176  172  168  164
  159  153  147  142  136  132  134  133  115                                   
    47.5-180.0 180.0   5.0 450.0                            LAT/LON1/LON2/DLON/H
  113  111  109  110  106  108  110  112  113  115  116  120  125  132  140  148
  155  159  161  162  162  163  166  171  176  180  183  185  187  187  186  185
  185  185  185  187  189  191  192  194  196  198  199  200  200  198  197  195
  194  193  194  194  195  195  195  194  193  190  186  181  176  171  167  162
  156  149  143  138  132  128  130  129  113                                   
    45.0-180.0 180.0   5.0 450.0                            LAT/LON1/LON2/DLON/H
  111  112  111  112  109  112  115  117  119  120  121  124  128  134  142  150
  158  163  166  167  167  168  171  176  181  186  190  192  193  193  191  190
  189  190  192  196  199  203  205  206  207  208  209  210  209  208  206  205
  204  203  203  203  203  203  202  201  199  195  190  184  178  173  167  162
  156  149  143  137  130  127  128  126  111                                   
    42.5-180.0 180.0   5.0 450.0                            LAT/LON1/LON2/DLON/H
  110  113  112  114  112  116  120  124  127  129  130  132  135  141  148  156
  163  169  173  174  174  175  178  182  187  192  195  198  198  198  197  197
  197  199  203  209  214  219  221  222  223  222  222  222  220  219  217  215
  214  213  212  211  210  210  209  208  206  201  195  189  182  176  171  165
  159  152  145  138  131  127  128  124  110                                   
    40.0-180.0 180.0   5.0 450.0                            LAT/LON1/LON2/DLON/H
  109  114  113  115  114  119  124  130  135  139  141  143  146  150  157  164
  172  178  182  184  183  183  185  188  193  197  200  203  204  205  206  206
  209  213  220  228  235  241  243  244  243  241  239  237  235  232  230  227
  225  223  221  219  218  217  217  215  213  208  201  193  186  180  175  170
  163  156  149  142  133  129  128  124  109                                   
    37.5-180.0 180.0   5.0 450.0                            LAT/LON1/LON2/DLON/H
  107  113  112  113  113  118  124  132  139  146  150  154  157  162  168  175
  183  189  193  194  193  192  192  194  198  202  205  208  212  214  217  221
  226  234  243  254  263  269  271  270  268  265  261  258  253  249  246  242
  239  236  233  230  228  226  225  223  219  213  206  197  190  184  179  174
  168  161  152  145  136  131  129  123  107                                   
    35.0-180.0 180.0   5.0 450.0                            LAT/LON1/LON2/DLON/H
  106  111  109  109  108  112  119  128  139  148  155  162  167  173  180  187
  194  201  204  205  203  201  199  200  202  206  210  215  220  226  233  240
  250  261  273  286  295  301  303  301  297  292  287  281  275  270  264  260
  256  251  247  243  239  236  234  230  225  218  209  200  192  186  182  177
  170  163  154  147  138  133  130  123  106                                   
    32.5-180.0 180.0   5.0 450.0                            LAT/LON1/LON2/DLON/H
  105  109  106  103  102  104  111  120  132  144  155  165  174  182  190  198
  205  211  215  215  212  208  205  205  206  210  216  223  232  241  252  264
  277  292  306  320  330  335  335  332  327  321  314  306  299  292  285  280
  275  270  264  259  253  248  243  237  229  220  210  200  192  186  181  177
  170  163  154  147  139  134  131  123  105                                   
    30.0-180.0 180.0   5.0 450.0                            LAT/LON1/LON2/DLON/H
  105  108  104   99   95   96  100  108  121  135  149  164  177  188  198  207
  214  220  223  222  218  214  210  208  210  215  223  233  245  259  274  289
  306  323  339  352  361  364  363  359  353  346  338  330  321  313  307  301
  296  290  284  276  268  260  251  242  231  219  207  197  189  183  178  173
  166  159  150  144  138  134  132  124  105                                   
    27.5-180.0 180.0   5.0 450.0                            LAT/LON1/LON2/DLON/H
  107  109  104   97   91   90   92   98  109  123  140  157  174  189  202  212
  220  225  228  227  223  217  213  211  214  220  231  244  260  277  295  314
  332  350  365  377  384  385  382  377  371  363  356  347  339  332  325  320
  316  310  303  294  283  271  258  245  230  216  202  191  182  177  172  167
  160  153  145  140  137  135  132  126  107                                   
    25.0-180.0 180.0   5.0 450.0                            LAT/LON1/LON2/DLON/H
  111  113  107   99   91   88   88   91  100  113  129  149  169  187  202  214
  222  228  230  229  225  220  215  214  218  226  240  257  276  295  315  334
  352  369  383  392  396  395  391  385  378  372  365  357  350  344  340  336
  332  327  320  309  295  279  262  244  227  210  194  182  174  168  164  159
  152  146  139  135  135  135  133  128  111                                   
    22.5-180.0 180.0   5.0 450.0                            LAT/LON1/LON2/DLON/H
  115  118  112  104   96   92   90   90   96  106  121  140  161  182  199  213
  222  228  231  230  226  221  217  217  222  233  249  269  290  311  330  349
  365  379  390  396  397  394  389  383  377  371  365  360  355  352  349  347
  345  340  332  320  303  283  262  242  222  203  186  173  164  159  155  151
  145  139  133  131  133  135  134  129  115                                   
    20.0-180.0 180.0   5.0 450.0                            LAT/LON1/LON2/DLON/H
  119  123  118  112  104  100   97   95   97  104  116  133  154  176  194  209
  220  226  230  230  227  222  219  220  227  240  259  281  303  324  342  358
  371  382  388  391  389  385  380  374  369  364  360  357  355  354  354  353
  352  348  340  326  306  284  260  238  216  196  178  164  155  150  147  144
  139  134  129  128  131  134  133  130  119                                   
    17.5-180.0 180.0   5.0 450.0                            LAT/LON1/LON2/DLON/H
  120  126  122  118  113  109  107  103  104  107  115  129  149  169  188  204
  215  223  228  229  227  224  222  224  233  248  268  292  314  334  350  363
  373  379  382  382  379  374  370  365  361  357  354  352  352  354  355  356
  355  351  341  326  305  281  256  233  211  191  172  157  148  143  141  139
  135  131  127  126  128  131  131  128  120                                   
    15.0-180.0 180.0   5.0 450.0                            LAT/LON1/LON2/DLON/H
  119  125  123  121  118  116  116  113  112  112  117  129  145  164  182  198
  210  220  225  227  227  226  226  230  239  256  278  302  324  342  357  367
  373  376  376  374  371  367  364  360  356  352  350  349  351  354  356  357
  355  349  339  322  300  275  251  228  208  187  169  153  143  138  137  136
  133  130  126  124  126  127  126  123  119                                   
    12.5-180.0 180.0   5.0 450.0                            LAT/LON1/LON2/DLON/H
  114  121  119  119  118  118  120  119  118  118  121  129  142  159  176  192
  205  216  223  227  228  229  231  237  248  265  287  311  333  350  363  371
  375  376  374  371  369  367  365  363  358  354  351  350  352  356  358  357
  354  345  332  314  291  267  244  223  204  185  167  151  141  136  135  136
  133  131  126  123  123  122  120  117  114                                   
    10.0-180.0 180.0   5.0 450.0                            LAT/LON1/LON2/DLON/H
  108  113  112  112  112  114  118  119  121  121  123  129  140  155  170  186
  200  212  221  226  230  233  237  245  257  275  297  320  341  358  369  377
  381  381  378  376  375  375  375  373  368  362  357  356  357  360  361  358
  351  340  324  304  280  257  235  217  200  182  164  149  139  135  135  136
  134  132  127  122  119  116  113  110  108                                   
     7.5-180.0 180.0   5.0 450.0                            LAT/LON1/LON2/DLON/H
  103  105  102  103  103  105  111  114  117  118  121  128  138  150  165  181
  196  210  220  227  232  238  245  255  268  286  307  329  349  365  377  385
