data/edconvlstm_nd/pred3230.15i
     1.0            IONOSPHERE MAPS     GNSS                IONEX VERSION / TYPE
pyspatialgeodesy        IME             05-JAN-18 20:20     PGM / RUN BY / DATE 
Map Name                                                    COMMENT             
Predicted global ionosphere maps (GIM).                     DESCRIPTION         
  2015    11    19     0     0     0                        EPOCH OF FIRST MAP  
  2015    11    20     0     0     0                        EPOCH OF LAST MAP   
  7200                                                      INTERVAL            
    13                                                      # OF MAPS IN FILE   
  NONE                                                      MAPPING FUNCTION    
10.0                                                        ELEVATION CUTOFF    
One-way carrier phase leveled to code                       OBSERVABLES USED    
  6371.0                                                    BASE RADIUS         
 2                                                          MAP DIMENSION       
   450.0 450.0   0.0                                        HGT1 / HGT2 / DHGT  
    87.5 -87.5  -2.5                                        LAT1 / LAT2 / DLAT  
  -180.0 180.0   5.0                                        LON1 / LON2 / DLON  
    -1                                                      EXPONENT            
                                                            END OF HEADER       
[from data line 429]
     2                                                      START OF TEC MAP    
  2015    11    19     2     0     0                        EPOCH OF CURRENT MAP
    87.5-180.0 180.0   5.0 450.0                            LAT/LON1/LON2/DLON/H
   67   71   66   66   64   64   61   58   59   60   60   61   61   61   61   61
   60   60   59   59   58   57   56   56   55   54   53   53   52   52   52   51
   51   51   51   51   51   51   51   51   51   51   51   52   52   52   52   53
   53   54   54   54   55   55   55   56   56   56   57   57   57   57   57   58
   59   59   58   58   59   73   76   69   67                                   
    85.0-180.0 180.0   5.0 450.0                            LAT/LON1/LON2/DLON/H
   61   72   59   64   64   64   61   59   60   61   61   61   62   62   62   62
   61   61   60   59   57   56   54   52   51   49   48   46   45   45   44   44
   44   44   44   45   45   46   47   48   49   50   51   52   53   54   54   55
   56   56   57   57   58   58   59   59   60   61   61   62   62   63   63   64
   65   66   65   67   70   71   80   70   61                                   
    82.5-180.0 180.0   5.0 450.0                            LAT/LON1/LON2/DLON/H
   59   58   72   66   62   63   60   58   60   61   61   63   64   65   65   65
   65   64   62   60   57   55   52   48   45   42   40   38   36   35   34   33
   33   34   35   36   37   38   40   42   44   46   47   49   50   52   53   54
   55   55   56   57   57   58   59   60   61   62   63   64   65   66   67   69
   70   70   69   67   77   67   70   73   59                                   
    80.0-180.0 180.0   5.0 450.0                            LAT/LON1/LON2/DLON/H
   74   69   72   64   60   56   56   54   57   57   58   60   62   64   65   65
   65   64   63   60   57   54   50   46   42   38   35   33   31   30   29   29
   30   30   32   33   35   37   39   41   43   45   46   48   49   50   51   52
   52   52   53   53   54   55   56   58   59   61   63   65   68   70   72   74
   76   75   75   73   87   79   80   84   74                                   
    77.5-180.0 180.0   5.0 450.0                            LAT/LON1/LON2/DLON/H
   86   80   75   69   61   57   56   56   58   58   59   62   64   67   68   70
   70   69   68   65   61   57   52   47   42   38   34   31   30   28   28   29
   30   31   33   35   37   39   41   43   44   46   47   48   49   49   50   50
   50   50   50   51   51   53   54   57   59   62   66   69   73   76   79   82
   85   86   85   86   92   85   86   91   86                                   
    75.0-180.0 180.0   5.0 450.0                            LAT/LON1/LON2/DLON/H
   94   88   87   80   68   64   61   59   60   60   60   62   64   66   68   69
   69   69   68   66   62   58   54   49   44   40   36   34   33   33   33   34
   35   37   39   40   42   43   44   45   46   47   47   48   48   48   47   47
   46   46   46   46   47   49   52   55   59   64   69   74   79   83   88   92
   95   97   98   96  103  101  101  102   94                                   
    72.5-180.0 180.0   5.0 450.0                            LAT/LON1/LON2/DLON/H
  107  102  101   92   82   76   73   71   70   68   66   67   67   68   68   68
   69   68   68   66   63   60   56   52   48   44   42   41   40   41   42   44
   45   46   47   48   48   49   49   49   49   49   48   48   48   47   47   46
   45   44   44   45   47   50   54   59   64   71   77   84   90   96  102  107
  110  113  117  116  122  118  118  118  107                                   
    70.0-180.0 180.0   5.0 450.0                            LAT/LON1/LON2/DLON/H
  125  118  117  109   98   91   87   84   82   78   74   72   69   67   65   64
   63   63   63   62   61   59   56   53   50   48   47   47   48   50   51   53
   54   54   54   53   52   51   50   48   48   47   47   47   47   46   45   44
   43   43   43   44   47   51   57   64   72   81   89   97  104  110  116  122
  125  127  132  133  138  136  136  133  125                                   
    67.5-180.0 180.0   5.0 450.0                            LAT/LON1/LON2/DLON/H
  136  130  127  120  108  101   97   94   92   86   80   75   69   63   58   55
   54   53   54   54   53   52   51   49   47   46   46   47   49   51   52   53
   53   52   50   48   45   42   40   39   38   38   38   38   39   39   39   38
   37   37   38   40   44   50   58   68   78   88   98  107  114  120  125  131
  133  135  140  141  147  146  148  145  136                                   
    65.0-180.0 180.0   5.0 450.0                            LAT/LON1/LON2/DLON/H
  146  139  133  127  116  109  106  104  102   96   89   81   72   63   56   51
   49   48   49   49   49   48   47   45   44   44   45   46   48   50   51   51
   49   47   43   40   36   33   31   30   30   30   32   33   34   35   35   35
   34   34   36   39   45   53   63   75   88  100  111  121  128  133  138  142
  144  144  149  149  156  156  158  156  146                                   
    62.5-180.0 180.0   5.0 450.0                            LAT/LON1/LON2/DLON/H
  153  145  138  131  121  114  112  111  110  106   98   89   78   67   58   52
   49   48   48   49   49   47   46   44   42   42   43   45   47   48   48   47
   44   40   36   32   29   27   25   25   25   27   29   32   34   35   35   35
   34   35   37   41   48   59   72   86  101  115  127  136  143  148  151  154
  155  154  158  157  163  163  166  165  153                                   
    60.0-180.0 180.0   5.0 450.0                            LAT/LON1/LON2/DLON/H
  158  150  142  131  120  113  110  111  112  108  101   93   82   70   61   54
   51   50   50   50   49   47   44   41   39   38   39   41   42   43   42   40
   36   32   29   26   24   23   22   23   24   27   30   33   35   37   37   36
   35   35   38   43   52   64   79   95  111  126  139  148  155  159  162  164
  164  163  166  165  170  169  172  171  158                                   
    57.5-180.0 180.0   5.0 450.0                            LAT/LON1/LON2/DLON/H
  167  158  148  134  122  112  108  108  109  106  100   93   83   73   64   58
   55   55   54   53   50   46   42   38   35   35   35   37   38   38   36   33
   30   27   25   24   24   24   24   26   28   31   34   37   40   41   40   39
   38   38   40   47   57   71   87  105  121  136  149  158  165  169  172  175
  174  173  176  175  180  178  181  179  167                                   
    55.0-180.0 180.0   5.0 450.0                            LAT/LON1/LON2/DLON/H
  181  172  161  144  130  117  110  107  106  101   96   90   81   73   67   62
   60   59   58   55   51   45   39   35   32   32   33   35   35   35   33   30
   27   26   26   27   28   30   32   33   35   38   41   43   45   46   45   43
   42   42   45   52   64   78   95  113  129  144  155  164  171  176  180  184
  184  184  188  187  192  189  192  190  181                                   
    52.5-180.0 180.0   5.0 450.0                            LAT/LON1/LON2/DLON/H
  202  195  182  164  148  132  121  113  107   99   92   85   78   72   67   65
   64   62   60   56   50   44   38   34   32   33   35   36   37   36   33   31
   29   30   32   35   38   41   43   44   45   46   49   51   52   52   51   49
   48   49   53   61   73   88  105  121  136  149  159  168  175  181  186  192
  194  195  200  201  206  202  206  204  202                                   
    50.0-180.0 180.0   5.0 450.0                            LAT/LON1/LON2/DLON/H
  227  223  209  193  178  160  144  129  116  103   92   83   76   71   68   66
   65   63   60   55   49   43   38   36   36   38   41   43   43   42   39   37
   36   38   42   47   52   55   56   56   56   56   57   58   59   59   58   57
   56   58   64   73   85  100  115  130  143  154  162  170  177  183  191  198
  202  206  212  213  219  216  220  219  227                                   
    47.5-180.0 180.0   5.0 450.0                            LAT/LON1/LON2/DLON/H
  250  251  239  229  216  197  177  155  135  115   98   87   78   73   69   67
   65   63   59   54   49   45   42   42   44   47   51   53   53   51   49   47
   47   50   55   61   67   69   69   67   65   64   64   66   67   67   67   66
   68   71   78   88  100  113  127  140  150  159  165  172  178  185  194  202
  209  214  221  222  229  227  232  233  250                                   
    45.0-180.0 180.0   5.0 450.0                            LAT/LON1/LON2/DLON/H
  266  273  265  263  253  236  214  187  160  133  112   96   85   78   73   70
   66   62   57   54   51   50   50   52   56   60   63   65   65   62   59   57
   58   61   67   74   78   80   78   75   72   70   71   72   74   75   76   77
   81   86   94  104  116  128  140  150  158  164  169  174  180  187  195  205
  212  218  225  226  233  232  238  240  266                                   
    42.5-180.0 180.0   5.0 450.0                            LAT/LON1/LON2/DLON/H
  270  280  278  284  278  264  243  215  185  155  130  111   98   89   82   76
   69   64   60   58   58   60   63   66   70   73   75   75   73   69   66   64
   66   70   76   82   85   86   84   80   77   75   76   78   81   83   85   89
   94  101  111  121  132  142  152  160  166  170  174  178  184  190  197  206
  212  218  224  226  232  231  237  240  270                                   
    40.0-180.0 180.0   5.0 450.0                            LAT/LON1/LON2/DLON/H
  262  272  274  284  283  273  254  230  201  172  147  128  114  104   95   86
   78   71   68   68   71   75   79   82   83   83   82   80   76   72   69   68
   70   75   80   85   87   87   85   82   80   80   82   85   88   91   94   99
  106  115  125  135  145  154  162  168  174  178  181  185  190  195  201  208
  213  218  223  225  229  227  233  235  262                                   
    37.5-180.0 180.0   5.0 450.0                            LAT/LON1/LON2/DLON/H
  248  253  254  263  267  259  244  226  203  178  157  142  130  120  110  100
   91   84   82   84   89   94   96   96   93   89   85   80   75   71   69   70
   73   77   81   84   86   86   85   84   84   85   88   92   95   98  102  107
  115  125  135  145  154  163  170  177  182  187  191  196  201  206  211  217
  220  223  228  230  233  229  233  233  248                                   
    35.0-180.0 180.0   5.0 450.0                            LAT/LON1/LON2/DLON/H
  235  232  229  231  235  229  218  205  190  173  158  149  141  133  125  116
  107  102  100  104  108  111  110  105   97   89   83   77   73   71   70   72
   75   79   81   83   84   85   86   87   90   93   96   99  101  103  106  111
  119  129  140  151  160  169  177  185  192  199  205  211  217  223  229  235
  237  240  246  248  251  247  250  244  235                                   
    32.5-180.0 180.0   5.0 450.0                            LAT/LON1/LON2/DLON/H
  236  224  214  205  203  195  185  178  170  160  153  149  146  141  136  129
  122  118  118  121  124  123  116  106   95   86   80   76   73   73   75   77
   81   83   84   85   85   87   90   93   97  100  103  104  105  105  107  111
  119  129  140  152  163  174  185  196  205  214  222  231  240  248  256  263
  267  271  279  282  287  285  289  276  236                                   
    30.0-180.0 180.0   5.0 450.0                            LAT/LON1/LON2/DLON/H
  263  245  224  201  190  176  164  156  152  147  145  145  145  144  141  137
  133  131  131  131  129  123  113  101   90   83   80   80   80   82   85   88
   91   92   91   90   91   93   97  101  105  107  108  107  105  104  104  108
  115  125  138  152  167  182  196  210  223  234  245  256  268  280  291  301
  308  315  326  330  341  344  348  329  263                                   
    27.5-180.0 180.0   5.0 450.0                            LAT/LON1/LON2/DLON/H
  324  301  266  229  209  187  169  156  149  143  141  142  143  143  141  139
  137  135  133  130  123  113  101   92   86   85   88   92   96  100  103  105
  107  106  104  102  101  102  106  110  112  112  109  105  101   98   98  102
  109  120  135  153  173  194  214  231  247  261  274  287  302  317  333  348
  359  371  386  392  408  418  421  399  324                                   
    25.0-180.0 180.0   5.0 450.0                            LAT/LON1/LON2/DLON/H
  415  392  340  293  266  237  210  187  171  158  151  147  144  141  138  136
  134  131  125  116  105   95   87   84   87   95  106  116  123  127  129  130
  129  126  121  116  114  114  115  117  116  112  106   99   94   91   91   95
  104  117  136  159  185  213  239  261  279  294  308  323  340  359  380  401
  418  436  454  463  485  504  505  484  415                                   
    22.5-180.0 180.0   5.0 450.0                            LAT/LON1/LON2/DLON/H
  526  508  445  392  360  327  290  254  225  200  180  165  153  143  136  131
  127  121  110   98   85   77   76   84   98  117  136  151  160  163  162  159
  153  146  138  131  126  124  122  120  115  107   99   91   85   83   85   91
  102  119  142  171  204  239  271  296  316  332  347  363  381  404  429  454
  478  502  524  536  561  590  593  576  526                                   
    20.0-180.0 180.0   5.0 450.0                            LAT/LON1/LON2/DLON/H
  637  632  572  522  486  452  406  356  311  270  234  203  176  156  141  131
  122  111   97   83   72   70   79   97  123  151  176  194  202  201  195  185
  174  163  152  142  135  130  126  120  111  101   90   82   77   77   81   90
  105  125  153  188  228  269  305  334  354  370  384  401  422  446  475  504
  533  560  585  603  627  666  677  663  637                                   
    17.5-180.0 180.0   5.0 450.0                            LAT/LON1/LON2/DLON/H
  726  742  696  658  622  590  539  480  421  364  310  261  218  183  158  141
  126  111   95   82   76   82  101  130  165  199  224  238  240  233  220  204
  188  173  159  148  139  133  126  118  107   95   84   76   72   74   81   93
  111  135  168  208  253  298  337  366  386  401  415  433  455  482  512  544
  575  603  630  652  674  718  738  729  726                                   
    15.0-180.0 180.0   5.0 450.0                            LAT/LON1/LON2/DLON/H
  775  810  786  766  736  710  661  600  534  466  398  334  275  227  191  164
  144  127  111  103  105  120  149  186  224  254  271  275  267  251  232  211
  192  175  160  148  140  133  126  117  105   93   82   75   73   76   84   99
  120  148  184  228  277  323  362  389  407  421  436  454  478  507  537  568
  597  624  651  675  695  735  764  758  775                                   
    12.5-180.0 180.0   5.0 450.0                            LAT/LON1/LON2/DLON/H
  780  826  821  822  804  788  748  693  628  557  483  410  341  283  237  203
  179  161  150  149  161  187  223  262  292  307  307  294  275  253  230  208
  188  171  157  147  140  135  129  121  110   98   88   81   78   81   91  107
  131  162  201  246  294  339  375  400  417  429  444  464  490  518  547  574
  600  624  648  672  688  721  753  750  780                                   
    10.0-180.0 180.0   5.0 450.0                            LAT/LON1/LON2/DLON/H
  755  797  806  819  817  813  785  743  688  623  551  477  406  343  292  255
  229  214  209  218  241  276  314  344  354  345  321  293  266  242  220  201
  182  167  155  148  145  142  138  130  120  108   99   91   88   90   99  116
  141  174  214  259  305  346  377  399  414  427  442  464  490  518  544  568
  589  607  627  648  661  687  715  717  755                                   
     7.5-180.0 180.0   5.0 450.0                            LAT/LON1/LON2/DLON/H
  713  743  755  772  783  788  771  745  706  655  594  528  461  400  350  313
  288  278  281  301  334  372  403  411  393  356  314  276  248  227  211  196
