data/edconvlstm_nd/pred1080.15i
     1.0            IONOSPHERE MAPS     GNSS                IONEX VERSION / TYPE
pyspatialgeodesy        IME             05-JAN-18 20:20     PGM / RUN BY / DATE 
Map Name                                                    COMMENT             
Predicted global ionosphere maps (GIM).                     DESCRIPTION         
  2015     4    18     0     0     0                        EPOCH OF FIRST MAP  
  2015     4    19     0     0     0                        EPOCH OF LAST MAP   
  7200                                                      INTERVAL            
    13                                                      # OF MAPS IN FILE   
  NONE                                                      MAPPING FUNCTION    
10.0                                                        ELEVATION CUTOFF    
One-way carrier phase leveled to code                       OBSERVABLES USED    
  6371.0                                                    BASE RADIUS         
 2                                                          MAP DIMENSION       
   450.0 450.0   0.0                                        HGT1 / HGT2 / DHGT  
    87.5 -87.5  -2.5                                        LAT1 / LAT2 / DLAT  
  -180.0 180.0   5.0                                        LON1 / LON2 / DLON  
    -1                                                      EXPONENT            
                                                            END OF HEADER       
[from data line 1716]
     5                                                      START OF TEC MAP    
  2015     4    18     8     0     0                        EPOCH OF CURRENT MAP
    87.5-180.0 180.0   5.0 450.0                            LAT/LON1/LON2/DLON/H
  136  132  129  134  137  137  137  136  138  141  142  143  144  145  145  145
  146  146  146  145  145  145  144  144  143  143  142  142  141  141  141  140
  140  140  140  139  139  139  139  138  138  138  137  136  136  135  134  134
  133  132  131  130  129  128  127  125  124  123  122  121  120  119  118  118
  118  120  119  119  124  124  132  136  136                                   
    85.0-180.0 180.0   5.0 450.0                            LAT/LON1/LON2/DLON/H
  125  130  133  135  138  142  143  145  147  149  150  152  152  153  153  153
  153  153  152  152  151  150  150  149  148  147  147  146  146  146  145  145
  146  146  146  147  147  147  148  148  148  148  147  147  147  146  145  144
  143  141  140  138  136  135  133  131  128  126  125  123  121  120  119  119
  120  122  118  119  118  121  127  132  125                                   
    82.5-180.0 180.0   5.0 450.0                            LAT/LON1/LON2/DLON/H
  119  130  133  132  135  139  141  143  146  148  149  151  151  151  151  150
  150  148  147  146  144  143  141  140  139  138  137  136  136  136  137  138
  139  140  142  144  146  147  149  151  152  153  153  154  154  154  153  152
  151  149  147  145  143  140  137  134  131  127  124  121  119  116  114  114
  114  114  111  113  116  120  122  118  119                                   
    80.0-180.0 180.0   5.0 450.0                            LAT/LON1/LON2/DLON/H
  122  130  132  134  137  139  142  145  148  150  150  152  151  150  149  147
  145  142  140  137  135  132  130  128  126  125  124  124  124  125  126  129
  131  134  138  142  146  149  153  156  159  162  164  166  167  168  168  168
  167  166  165  163  160  157  154  150  146  142  138  134  130  127  124  123
  121  120  117  119  121  125  132  121  122                                   
    77.5-180.0 180.0   5.0 450.0                            LAT/LON1/LON2/DLON/H
  132  136  138  139  139  141  143  145  148  148  148  148  146  144  141  138
  134  130  126  123  120  117  114  113  111  110  110  110  111  113  116  119
  124  130  136  142  149  155  161  167  172  177  181  185  188  191  193  194
  195  195  195  193  191  188  185  181  176  172  167  162  157  152  148  145
  142  140  135  136  137  137  140  135  132                                   
    75.0-180.0 180.0   5.0 450.0                            LAT/LON1/LON2/DLON/H
  137  142  139  139  139  140  141  141  143  142  140  139  135  131  126  121
  116  111  107  104  101   99   97   96   95   95   95   96   98  100  104  109
  115  122  130  139  148  156  165  172  180  187  193  199  204  209  213  217
  219  221  221  221  220  217  214  211  206  201  196  190  185  179  174  170
  166  163  157  153  152  152  155  146  137                                   
    72.5-180.0 180.0   5.0 450.0                            LAT/LON1/LON2/DLON/H
  141  145  141  139  138  138  138  137  137  136  132  129  124  118  111  104
   99   94   90   88   86   86   86   87   87   88   89   91   92   95   99  105
  112  120  129  140  150  161  171  180  189  198  206  214  222  229  236  242
  246  249  250  250  249  247  244  240  235  230  224  218  212  206  200  195
  190  186  181  175  171  169  168  161  141                                   
    70.0-180.0 180.0   5.0 450.0                            LAT/LON1/LON2/DLON/H
  146  145  140  135  132  130  129  128  128  126  121  117  110  102   94   86
   80   76   74   74   75   77   79   82   84   86   88   90   91   94   97  102
  109  117  127  138  149  160  171  182  192  202  212  222  233  243  252  260
  266  269  271  270  268  265  261  257  252  247  241  234  227  220  214  209
  203  199  193  187  182  179  179  173  146                                   
    67.5-180.0 180.0   5.0 450.0                            LAT/LON1/LON2/DLON/H
  142  140  133  128  124  122  121  120  120  117  113  108  100   91   83   75
   70   67   66   68   71   76   81   85   89   92   94   95   96   98  100  104
  109  117  126  136  148  159  171  181  192  203  215  227  240  253  265  275
  282  285  286  283  279  275  269  264  259  254  248  241  234  226  219  213
  207  202  197  190  184  180  178  174  142                                   
    65.0-180.0 180.0   5.0 450.0                            LAT/LON1/LON2/DLON/H
  139  134  126  120  115  113  112  112  113  111  107  102   94   85   77   70
   66   64   65   69   75   81   87   93   98  101  103  104  104  105  106  108
  112  118  127  137  148  159  170  181  192  204  217  232  248  265  279  291
  299  302  301  296  289  282  275  269  263  258  252  245  237  229  220  213
  207  201  195  189  182  178  175  172  139                                   
    62.5-180.0 180.0   5.0 450.0                            LAT/LON1/LON2/DLON/H
  136  129  118  111  106  103  103  104  105  105  102   98   91   83   76   71
   68   68   70   75   82   88   95  100  105  108  110  110  110  110  110  111
  114  119  127  136  147  158  170  181  192  205  220  238  258  277  295  309
  318  320  317  310  301  292  283  276  270  265  259  253  245  236  226  218
  210  202  195  187  179  173  169  164  136                                   
    60.0-180.0 180.0   5.0 450.0                            LAT/LON1/LON2/DLON/H
  136  126  113  104   98   93   93   94   97   97   97   94   89   83   78   74
   73   74   77   82   88   93   98  102  105  108  109  110  110  110  110  111
  113  118  126  135  146  158  169  180  193  207  224  245  268  292  314  331
  341  344  340  331  320  309  300  292  287  282  277  271  263  253  243  233
  223  213  203  193  183  173  165  158  136                                   
    57.5-180.0 180.0   5.0 450.0                            LAT/LON1/LON2/DLON/H
  143  130  115  103   95   87   85   85   88   89   89   89   86   83   80   78
   79   81   84   88   91   94   96   97   99  100  101  102  103  104  106  108
  112  117  125  135  147  159  171  183  196  212  232  256  283  311  336  357
  369  373  369  361  349  338  328  321  316  312  307  302  294  285  274  263
  251  239  227  213  199  184  172  159  143                                   
    55.0-180.0 180.0   5.0 450.0                            LAT/LON1/LON2/DLON/H
  159  141  125  109   98   86   81   78   79   79   81   82   82   81   81   81
   83   85   88   90   90   90   88   87   86   86   87   89   92   96   99  104
  109  116  125  136  148  161  173  186  201  219  241  268  299  331  360  384
  399  406  404  397  386  376  366  359  354  351  347  341  334  325  314  303
  290  277  262  245  227  206  190  172  159                                   
    52.5-180.0 180.0   5.0 450.0                            LAT/LON1/LON2/DLON/H
  182  161  145  124  109   92   84   76   74   73   74   75   77   78   80   82
   84   87   89   88   86   82   78   74   72   71   73   76   81   87   93  100
  107  116  126  138  151  165  178  193  208  228  252  282  316  351  384  410
  429  439  440  436  428  418  410  403  397  392  388  382  374  366  356  346
  333  319  303  282  261  237  217  195  182                                   
    50.0-180.0 180.0   5.0 450.0                            LAT/LON1/LON2/DLON/H
  210  188  171  147  128  107   94   82   76   71   71   72   73   76   78   81
   84   86   86   84   80   74   68   63   60   60   62   66   73   80   89   98
  108  118  129  142  156  171  185  201  218  239  266  297  333  369  404  433
  454  467  473  472  467  459  451  443  435  429  421  414  406  397  389  381
  370  357  340  317  294  269  247  225  210                                   
    47.5-180.0 180.0   5.0 450.0                            LAT/LON1/LON2/DLON/H
  238  216  200  175  154  129  113   96   86   78   75   74   75   76   78   81
   82   83   82   79   74   67   61   57   55   55   58   62   70   78   89  100
  111  123  135  148  163  178  194  211  230  253  280  312  348  384  419  449
  472  488  497  500  498  492  483  472  461  450  440  429  420  412  405  399
  392  382  367  343  320  296  275  254  238                                   
    45.0-180.0 180.0   5.0 450.0                            LAT/LON1/LON2/DLON/H
  259  240  224  201  180  156  137  117  104   94   88   85   84   83   83   83
   83   82   79   75   70   64   59   56   55   57   60   65   72   82   93  105
  117  130  143  156  171  187  204  223  244  268  296  327  361  396  429  458
  482  500  512  518  518  512  501  487  472  457  442  429  417  409  403  400
  396  391  378  355  334  313  294  276  259                                   
    42.5-180.0 180.0   5.0 450.0                            LAT/LON1/LON2/DLON/H
  270  254  240  221  203  181  163  143  128  117  109  104   99   96   92   89
   86   83   80   75   70   65   62   61   62   65   69   74   80   89  100  113
  126  139  152  165  179  196  215  236  259  284  312  342  374  405  436  463
  487  507  521  530  532  526  514  498  479  461  442  425  411  400  394  391
  389  386  375  355  336  318  301  287  270                                   
    40.0-180.0 180.0   5.0 450.0                            LAT/LON1/LON2/DLON/H
  270  257  246  231  217  200  186  169  155  143  134  128  121  115  108  101
   95   90   86   81   76   72   70   71   74   77   81   85   91   98  109  121
  135  148  160  173  188  205  225  249  274  301  329  357  386  415  443  469
  493  514  532  544  549  546  535  519  499  479  458  438  419  403  393  386
  383  379  369  351  332  314  301  287  270                                   
    37.5-180.0 180.0   5.0 450.0                            LAT/LON1/LON2/DLON/H
  262  251  242  231  223  211  202  190  179  168  160  153  145  137  128  118
  110  103   98   93   88   85   84   85   88   92   95   98  102  108  117  129
  143  155  168  180  195  213  236  262  290  319  347  374  401  427  454  481
  506  531  553  571  581  583  577  564  547  527  506  483  458  435  417  402
  392  384  371  351  331  311  297  282  262                                   
    35.0-180.0 180.0   5.0 450.0                            LAT/LON1/LON2/DLON/H
  255  243  234  224  220  212  209  203  196  188  181  175  168  159  149  139
  129  122  116  111  107  103  101  102  104  107  109  110  111  116  124  136
  149  161  174  187  202  222  248  277  308  338  367  393  419  445  473  502
  532  561  590  615  634  644  646  640  629  613  592  567  537  506  477  452
  432  415  395  370  344  317  301  279  255                                   
    32.5-180.0 180.0   5.0 450.0                            LAT/LON1/LON2/DLON/H
  255  241  230  217  215  209  210  207  204  200  196  191  186  178  169  160
  152  145  140  134  129  124  121  120  120  121  120  119  119  122  129  140
  153  166  179  193  210  232  260  292  326  358  388  415  441  469  500  534
  570  606  643  678  708  730  744  749  746  735  717  690  656  617  577  540
  507  480  450  416  381  343  318  289  255                                   
    30.0-180.0 180.0   5.0 450.0                            LAT/LON1/LON2/DLON/H
  269  251  235  218  213  208  209  209  208  206  204  201  198  193  187  181
  176  171  166  161  155  148  142  138  135  133  130  127  125  126  133  143
  155  169  184  200  220  244  274  309  345  379  410  439  467  499  536  576
  620  665  712  758  800  836  863  881  888  884  869  842  805  760  711  663
  618  579  537  491  444  392  355  316  269                                   
    27.5-180.0 180.0   5.0 450.0                            LAT/LON1/LON2/DLON/H
  303  278  254  231  222  214  213  213  212  211  209  207  205  203  201  199
  198  197  194  188  180  171  162  155  149  144  138  133  129  130  136  146
  160  176  194  213  234  261  292  328  366  402  435  466  497  534  577  625
  677  732  788  844  898  946  985 1014 1029 1031 1019  994  957  910  858  802
  749  701  649  590  531  462  411  364  303                                   
    25.0-180.0 180.0   5.0 450.0                            LAT/LON1/LON2/DLON/H
  357  322  291  259  244  233  227  225  222  219  216  214  212  211  211  214
  217  220  219  213  204  193  182  172  162  153  145  137  133  134  141  153
  169  188  209  231  255  282  314  351  390  428  463  496  531  572  621  676
  734  795  857  920  980 1035 1081 1115 1136 1143 1135 1114 1081 1038  988  933
  877  825  767  698  629  546  482  431  357                                   
    22.5-180.0 180.0   5.0 450.0                            LAT/LON1/LON2/DLON/H
  425  380  343  305  282  267  256  250  242  236  229  224  220  219  221  226
  234  239  239  234  224  212  199  186  174  161  150  142  138  141  150  165
  184  207  231  255  281  309  341  377  417  456  493  528  566  610  662  720
  780  842  905  968 1029 1083 1129 1165 1189 1200 1198 1184 1158 1123 1080 1030
  977  927  869  795  720  628  557  510  425                                   
    20.0-180.0 180.0   5.0 450.0                            LAT/LON1/LON2/DLON/H
  497  442  403  362  333  316  300  289  276  264  252  242  234  230  231  238
  246  253  254  249  239  227  213  198  182  168  156  149  147  152  163  181
  204  230  257  283  310  338  370  405  444  484  522  559  599  645  697  754
  812  870  928  984 1037 1084 1124 1157 1181 1196 1200 1193 1177 1152 1119 1078
 1034  990  938  861  787  693  622  586  497                                   
    17.5-180.0 180.0   5.0 450.0                            LAT/LON1/LON2/DLON/H
  561  499  462  422  391  375  356  341  322  303  285  268  255  246  244  249
  257  264  264  258  248  236  222  207  190  176  165  159  159  165  178  199
  225  254  284  313  341  369  399  433  470  510  549  589  630  676  726  779
  830  879  926  969 1008 1042 1071 1096 1117 1132 1140 1141 1135 1120 1100 1073
 1040 1007  963  891  820  731  665  646  561                                   
    15.0-180.0 180.0   5.0 450.0                            LAT/LON1/LON2/DLON/H
  608  544  511  474  447  433  415  398  375  350  325  302  281  267  260  261
  267  271  269  262  251  240  227  212  198  186  177  171  170  177  191  215
  244  277  311  341  370  397  425  457  493  532  573  615  658  703  750  796
  837  874  905  931  952  968  983  997 1010 1023 1034 1042 1046 1045 1038 1025
 1006  983  949  883  820  740  684  682  608                                   
    12.5-180.0 180.0   5.0 450.0                            LAT/LON1/LON2/DLON/H
  639  575  547  514  492  482  466  448  424  395  365  337  311  290  278  275
  277  277  271  261  250  238  227  216  206  196  186  179  177  184  201  227
  261  298  333  365  394  420  447  476  510  549  591  635  680  725  767  805
  836  860  875  884  887  887  887  889  895  904  916  930  944  954  960  958
  949  935  909  852  797  728  683  695  639                                   
    10.0-180.0 180.0   5.0 450.0                            LAT/LON1/LON2/DLON/H
  656  597  573  543  525  517  503  485  460  429  397  366  337  313  297  289
  286  282  272  258  244  233  224  216  209  199  188  180  179  187  206  236
  274  313  350  382  411  436  462  489  521  558  601  647  693  738  777  810
  832  846  850  847  838  827  816  810  808  813  824  841  861  879  891  895
  892  883  861  811  765  709  674  694  656                                   
     7.5-180.0 180.0   5.0 450.0                            LAT/LON1/LON2/DLON/H
  668  617  595  566  549  542  526  506  479  447  414  383  354  329  310  300
  294  286  272  254  237  225  217  211  205  195  183  176  177  187  209  242
