data/edconvlstm_nd/pred3220.15i
     1.0            IONOSPHERE MAPS     GNSS                IONEX VERSION / TYPE
pyspatialgeodesy        IME             05-JAN-18 20:20     PGM / RUN BY / DATE 
Map Name                                                    COMMENT             
Predicted global ionosphere maps (GIM).                     DESCRIPTION         
  2015    11    18     0     0     0                        EPOCH OF FIRST MAP  
  2015    11    19     0     0     0                        EPOCH OF LAST MAP   
  7200                                                      INTERVAL            
    13                                                      # OF MAPS IN FILE   
  NONE                                                      MAPPING FUNCTION    
10.0                                                        ELEVATION CUTOFF    
One-way carrier phase leveled to code                       OBSERVABLES USED    
  6371.0                                                    BASE RADIUS         
 2                                                          MAP DIMENSION       
   450.0 450.0   0.0                                        HGT1 / HGT2 / DHGT  
    87.5 -87.5  -2.5                                        LAT1 / LAT2 / DLAT  
  -180.0 180.0   5.0                                        LON1 / LON2 / DLON  
    -1                                                      EXPONENT            
                                                            END OF HEADER       
[from data line 1716]
     5                                                      START OF TEC MAP    
  2015    11    18     8     0     0                        EPOCH OF CURRENT MAP
    87.5-180.0 180.0   5.0 450.0                            LAT/LON1/LON2/DLON/H
   47   54   52   57   60   60   61   58   60   63   64   65   66   67   67   66
   66   65   65   64   62   61   60   59   58   57   56   55   54   53   52   51
   51   50   49   49   48   48   47   47   46   46   45   45   45   44   44   44
   43   43   43   42   42   41   41   40   40   39   38   38   38   37   37   37
   39   40   38   38   44   51   63   64   47                                   
    85.0-180.0 180.0   5.0 450.0                            LAT/LON1/LON2/DLON/H
   37   58   60   58   62   66   67   69   70   73   73   75   75   75   75   75
   74   73   72   71   70   69   68   67   66   65   65   64   63   62   62   61
   60   60   59   59   58   58   57   57   57   56   56   55   55   54   54   53
   53   52   52   51   50   49   49   48   47   46   46   45   44   44   44   44
   45   46   43   44   48   52   63   59   37                                   
    82.5-180.0 180.0   5.0 450.0                            LAT/LON1/LON2/DLON/H
   31   46   58   56   58   62   64   65   68   71   72   73   73   73   73   72
   70   69   67   66   64   63   62   61   60   59   58   57   57   56   56   55
   55   55   55   55   55   55   55   56   56   56   56   56   55   55   54   54
   53   52   52   51   50   49   48   47   45   44   43   42   41   40   39   39
   39   40   37   37   46   46   46   46   31                                   
    80.0-180.0 180.0   5.0 450.0                            LAT/LON1/LON2/DLON/H
   31   39   51   49   55   56   59   61   64   66   67   69   68   67   66   64
   62   60   58   57   55   54   53   52   52   51   50   50   50   50   50   50
   50   51   51   52   53   54   55   57   58   58   59   59   60   60   59   59
   59   58   57   57   56   54   53   51   49   47   45   42   40   38   36   35
   35   33   33   33   40   41   43   42   31                                   
    77.5-180.0 180.0   5.0 450.0                            LAT/LON1/LON2/DLON/H
   36   40   44   42   47   49   53   55   59   61   61   62   61   59   57   55
   53   51   49   47   46   45   44   43   43   42   42   41   41   42   42   43
   43   45   46   48   49   52   54   56   58   60   62   63   65   66   67   67
   68   69   69   69   69   68   66   64   62   59   55   51   48   44   40   38
   35   33   30   31   33   28   32   34   36                                   
    75.0-180.0 180.0   5.0 450.0                            LAT/LON1/LON2/DLON/H
   29   36   37   38   42   45   48   50   52   54   53   53   51   49   46   44
   42   40   39   39   38   38   38   38   38   38   38   38   39   39   39   40
   41   42   44   46   49   52   55   59   63   66   69   72   75   78   80   83
   85   87   88   89   90   89   88   85   82   78   73   68   62   57   52   47
   42   38   36   32   34   27   30   29   29                                   
    72.5-180.0 180.0   5.0 450.0                            LAT/LON1/LON2/DLON/H
   33   35   36   36   40   44   48   48   50   50   49   48   45   43   40   38
   36   36   35   35   36   37   37   38   39   39   39   39   39   39   40   40
   41   42   44   46   50   54   59   64   70   75   81   86   90   95   99  103
  107  110  114  116  117  117  116  113  109  103   97   91   84   77   70   64
   58   52   49   44   43   34   35   34   33                                   
    70.0-180.0 180.0   5.0 450.0                            LAT/LON1/LON2/DLON/H
   38   37   38   39   41   44   46   47   48   47   45   43   40   38   35   34
   33   33   34   35   37   38   40   41   42   43   44   44   43   43   43   42
   42   43   44   47   51   56   62   69   77   84   91   99  105  112  118  124
  129  134  138  141  143  143  141  137  132  125  118  110  101   93   85   78
   72   65   62   55   52   43   46   44   38                                   
    67.5-180.0 180.0   5.0 450.0                            LAT/LON1/LON2/DLON/H
   39   37   37   39   41   43   46   46   47   45   43   41   38   35   33   32
   32   33   34   37   39   42   44   46   47   47   47   47   46   45   43   42
   41   41   42   45   49   55   62   71   80   90   99  108  117  125  132  140
  146  152  157  160  162  161  158  153  146  138  130  120  111  102   93   86
   79   73   70   62   58   49   51   49   39                                   
    65.0-180.0 180.0   5.0 450.0                            LAT/LON1/LON2/DLON/H
   40   39   37   40   40   43   45   46   46   45   42   41   38   35   34   33
   34   35   38   40   43   46   48   50   51   50   50   49   47   45   44   42
   41   40   41   44   49   57   65   76   87   98  110  120  130  140  149  157
  164  170  175  178  178  176  171  165  156  147  137  127  116  106   97   89
   82   76   74   66   63   54   56   55   40                                   
    62.5-180.0 180.0   5.0 450.0                            LAT/LON1/LON2/DLON/H
   39   37   35   39   39   42   44   45   45   44   42   41   39   38   37   37
   38   39   41   44   46   49   50   51   51   50   48   47   45   43   42   40
   40   40   42   46   52   60   71   83   95  108  121  133  143  154  163  172
  179  185  189  190  189  185  179  171  161  150  139  128  117  106   96   87
   80   73   71   63   61   53   55   57   39                                   
    60.0-180.0 180.0   5.0 450.0                            LAT/LON1/LON2/DLON/H
   38   35   32   35   35   38   40   40   41   41   40   40   39   39   39   39
   40   42   43   44   46   46   47   46   45   44   42   40   38   37   36   36
   37   39   42   48   55   65   77   90  104  118  131  143  154  164  174  183
  190  195  198  198  196  190  182  172  162  151  140  129  117  105   93   83
   74   66   64   57   56   48   50   53   38                                   
    57.5-180.0 180.0   5.0 450.0                            LAT/LON1/LON2/DLON/H
   38   34   31   33   33   34   36   36   37   38   38   39   40   40   41   42
   43   43   44   44   43   43   42   40   39   36   34   32   31   31   32   34
   37   41   46   54   63   74   87  101  115  129  142  154  166  176  186  195
  202  206  208  207  203  196  188  178  167  157  147  136  125  111   98   86
   74   64   61   54   53   45   46   50   38                                   
    55.0-180.0 180.0   5.0 450.0                            LAT/LON1/LON2/DLON/H
   42   36   33   34   32   33   33   33   34   34   36   38   39   41   42   44
   44   44   43   42   40   38   36   35   33   30   28   26   26   26   28   32
   38   45   53   63   74   86  100  114  128  141  154  166  177  188  198  206
  213  217  218  217  212  205  196  187  177  169  160  151  140  126  111   96
   82   69   64   57   55   45   46   51   42                                   
    52.5-180.0 180.0   5.0 450.0                            LAT/LON1/LON2/DLON/H
   52   44   41   39   36   35   35   33   32   33   34   37   39   41   43   45
   45   44   42   40   37   35   33   32   30   28   26   24   23   24   28   33
   42   52   63   75   88  101  115  129  142  154  166  178  189  199  209  217
  224  228  229  227  223  216  208  199  191  184  178  170  160  147  131  114
   97   83   75   66   63   52   53   57   52                                   
    50.0-180.0 180.0   5.0 450.0                            LAT/LON1/LON2/DLON/H
   67   58   54   50   45   44   41   37   35   34   35   37   39   42   44   45
   45   44   42   39   36   34   34   33   33   31   29   26   25   26   30   37
   48   61   75   89  103  117  131  144  156  168  179  190  201  212  221  229
  234  238  239  238  234  228  220  212  204  199  194  189  180  169  153  136
  118  102   92   81   77   66   67   69   67                                   
    47.5-180.0 180.0   5.0 450.0                            LAT/LON1/LON2/DLON/H
   84   76   71   66   60   59   54   47   42   40   39   40   42   44   46   47
   46   45   43   40   38   38   39   40   41   40   37   33   31   31   35   44
   56   71   87  103  119  133  146  159  170  182  193  203  214  224  232  239
  244  247  248  247  244  238  230  221  214  208  204  200  194  184  170  154
  136  120  109   97   92   83   84   86   84                                   
    45.0-180.0 180.0   5.0 450.0                            LAT/LON1/LON2/DLON/H
  100   94   89   86   80   78   72   63   56   50   47   47   47   49   50   50
   49   47   46   44   44   46   48   51   53   53   49   44   39   38   42   51
   64   81   99  116  132  147  161  173  185  196  207  218  228  237  244  248
  251  253  254  253  250  245  236  227  218  211  206  202  197  189  177  163
  147  132  121  109  104   97   99  101  100                                   
    42.5-180.0 180.0   5.0 450.0                            LAT/LON1/LON2/DLON/H
  107  105  102  101   98   97   90   81   72   65   60   58   58   58   58   57
   55   53   52   52   54   57   61   65   68   67   62   55   49   46   48   57
   71   89  108  127  144  160  174  187  200  213  224  235  244  250  255  257
  258  257  257  256  254  248  239  227  216  207  201  196  191  184  174  162
  149  135  124  112  108  103  106  108  107                                   
    40.0-180.0 180.0   5.0 450.0                            LAT/LON1/LON2/DLON/H
  103  104  103  106  107  108  104   97   88   81   75   73   71   70   69   67
   65   63   62   63   66   70   75   78   80   78   72   64   56   52   54   63
   78   96  116  136  155  171  187  202  217  231  243  253  261  266  267  266
  264  261  260  259  256  251  241  229  215  203  194  187  181  173  164  154
  142  129  118  107  102   97  100  104  103                                   
    37.5-180.0 180.0   5.0 450.0                            LAT/LON1/LON2/DLON/H
   88   91   92   97  101  107  106  103   98   92   88   86   85   85   83   81
   78   75   75   76   79   83   86   88   87   84   77   69   61   57   60   69
   85  104  125  146  166  184  202  219  236  252  265  275  281  284  282  278
  273  269  266  265  263  259  250  237  222  207  196  186  177  167  157  146
  134  121  109   96   90   82   85   90   88                                   
    35.0-180.0 180.0   5.0 450.0                            LAT/LON1/LON2/DLON/H
   70   72   72   78   84   91   95   98   97   96   94   95   97   98   98   95
   92   89   89   90   92   94   94   93   90   85   78   70   64   62   66   77
   93  114  136  159  180  200  220  239  258  276  290  300  305  305  302  296
  289  284  281  281  281  278  271  259  243  228  214  202  189  176  163  150
  135  119  105   90   81   67   69   74   70                                   
    32.5-180.0 180.0   5.0 450.0                            LAT/LON1/LON2/DLON/H
   56   54   52   56   61   69   76   82   87   89   92   98  103  107  109  108
  105  102  101  102  103  102   99   94   88   82   76   71   67   68   73   86
  103  125  149  174  197  219  240  262  283  302  317  326  331  330  326  320
  314  309  307  308  310  310  306  296  283  269  254  239  224  207  189  172
  153  134  116   97   83   63   63   66   56                                   
    30.0-180.0 180.0   5.0 450.0                            LAT/LON1/LON2/DLON/H
   53   44   39   41   42   48   55   62   69   75   83   92  102  110  115  116
  115  113  112  112  111  107  101   93   85   79   74   71   70   73   81   95
  114  138  164  191  216  239  263  286  309  329  344  354  359  359  356  352
  347  345  345  348  352  355  355  349  339  328  314  299  281  260  238  216
  193  169  148  123  106   78   74   73   53                                   
    27.5-180.0 180.0   5.0 450.0                            LAT/LON1/LON2/DLON/H
   69   52   42   38   34   36   40   45   52   60   69   81   94  106  115  119
  119  118  118  117  115  110  102   93   84   77   73   71   73   78   88  105
  126  152  180  208  234  259  284  308  332  354  370  382  387  390  390  389
  389  390  393  399  406  413  416  415  409  401  389  374  355  331  306  279
  252  225  199  170  150  115  107   99   69                                   
    25.0-180.0 180.0   5.0 450.0                            LAT/LON1/LON2/DLON/H
  107   83   67   53   42   37   37   38   42   49   58   69   83   97  108  115
  118  118  118  117  115  110  103   94   85   79   75   74   76   84   97  115
  139  165  193  221  249  275  300  326  351  374  392  406  415  422  427  432
  437  443  450  459  470  481  488  491  489  483  473  459  440  415  386  356
  324  295  266  234  213  173  159  146  107                                   
    22.5-180.0 180.0   5.0 450.0                            LAT/LON1/LON2/DLON/H
  165  135  114   92   72   57   49   44   44   47   53   62   74   87   98  106
  111  112  113  113  112  109  104   97   89   82   79   78   82   91  106  125
  149  175  202  230  258  285  311  337  363  387  409  426  440  452  463  475
  486  498  510  522  537  550  561  566  567  563  555  543  524  498  468  436
  402  371  339  308  286  246  226  214  165                                   
    20.0-180.0 180.0   5.0 450.0                            LAT/LON1/LON2/DLON/H
  234  203  179  150  120   96   78   66   60   58   59   63   70   80   90   97
  102  104  105  107  108  107  105  100   94   89   85   85   89   98  114  133
  156  180  206  234  263  291  318  344  370  395  419  441  461  479  497  515
  533  549  564  579  594  608  620  627  630  627  621  610  593  568  539  505
  471  440  408  381  357  323  300  293  234                                   
    17.5-180.0 180.0   5.0 450.0                            LAT/LON1/LON2/DLON/H
  299  270  249  219  178  147  121  102   88   81   76   74   76   81   87   92
   96   98   99  100  103  105  105  103  100   97   93   92   95  105  119  138
  159  183  208  236  266  294  322  348  374  401  427  453  478  502  525  548
  569  588  604  617  630  643  654  662  666  665  660  651  636  614  586  554
  520  491  460  438  414  387  369  368  299                                   
    15.0-180.0 180.0   5.0 450.0                            LAT/LON1/LON2/DLON/H
  345  322  307  281  234  200  168  145  126  113  102   95   91   90   91   94
   95   95   95   96   99  102  105  107  107  105  101   98  100  108  123  141
  162  185  210  238  267  297  324  351  377  405  434  464  492  520  546  571
  593  611  625  635  644  653  663  670  674  674  671  664  652  632  607  576
  544  516  488  469  446  426  414  420  345                                   
    12.5-180.0 180.0   5.0 450.0                            LAT/LON1/LON2/DLON/H
  367  351  344  323  278  243  212  188  166  149  134  122  113  107  104  102
  101   99   97   96   98  102  108  113  115  112  107  103  103  111  126  145
  166  189  213  240  269  298  326  353  381  411  442  474  505  534  562  586
  606  621  631  637  643  649  656  662  665  665  663  658  647  631  608  578
  545  516  490  473  452  435  428  436  367                                   
    10.0-180.0 180.0   5.0 450.0                            LAT/LON1/LON2/DLON/H
  367  357  354  338  300  269  243  223  202  184  168  153  141  131  123  118
  114  109  105  102  103  107  114  120  121  117  111  106  107  115  131  152
  174  196  219  244  271  299  327  356  386  417  451  484  517  546  572  594
  611  623  629  633  636  641  646  649  651  650  648  644  636  621  598  568
  534  503  475  456  438  419  414  419  367                                   
     7.5-180.0 180.0   5.0 450.0                            LAT/LON1/LON2/DLON/H
  353  343  343  327  300  273  254  241  226  211  196  183  170  158  148  140
  132  125  118  114  113  117  122  126  126  121  115  110  113  123  141  163
