data/edconvlstm_nd/pred2950.15i
     1.0            IONOSPHERE MAPS     GNSS                IONEX VERSION / TYPE
pyspatialgeodesy        IME             05-JAN-18 20:20     PGM / RUN BY / DATE 
Map Name                                                    COMMENT             
Predicted global ionosphere maps (GIM).                     DESCRIPTION         
  2015    10    22     0     0     0                        EPOCH OF FIRST MAP  
  2015    10    23     0     0     0                        EPOCH OF LAST MAP   
  7200                                                      INTERVAL            
    13                                                      # OF MAPS IN FILE   
  NONE                                                      MAPPING FUNCTION    
10.0                                                        ELEVATION CUTOFF    
One-way carrier phase leveled to code                       OBSERVABLES USED    
  6371.0                                                    BASE RADIUS         
 2                                                          MAP DIMENSION       
   450.0 450.0   0.0                                        HGT1 / HGT2 / DHGT  
    87.5 -87.5  -2.5                                        LAT1 / LAT2 / DLAT  
  -180.0 180.0   5.0                                        LON1 / LON2 / DLON  
    -1                                                      EXPONENT            
                                                            END OF HEADER       
[from data line 2574]
     7                                                      START OF TEC MAP    
  2015    10    22    12     0     0                        EPOCH OF CURRENT MAP
    87.5-180.0 180.0   5.0 450.0                            LAT/LON1/LON2/DLON/H
   89  103  106  113  117  119  120  119  122  126  127  129  130  132  133  134
  135  136  137  137  138  138  138  138  138  138  138  137  136  135  133  132
  130  128  125  123  120  117  114  111  108  105  103  100   98   96   94   92
   91   90   89   88   88   88   88   88   88   88   89   90   91   91   92   93
   95   97   96   94   98   99  111  110   89                                   
    85.0-180.0 180.0   5.0 450.0                            LAT/LON1/LON2/DLON/H
   91  110  124  116  118  124  126  130  132  136  137  140  141  143  144  145
  146  147  148  149  150  150  151  151  152  152  151  151  150  149  147  145
  143  140  137  134  130  127  123  119  115  111  108  104  101   98   96   94
   92   91   90   90   89   90   90   91   92   93   94   95   96   97   98  100
  103  104  101   98   99  104  109  109   91                                   
    82.5-180.0 180.0   5.0 450.0                            LAT/LON1/LON2/DLON/H
   79  102  110  104  105  112  116  120  124  128  131  134  136  138  139  141
  142  143  144  146  147  148  149  151  152  153  154  155  155  154  153  152
  150  147  144  140  136  132  127  122  117  112  107  102   98   94   90   87
   85   83   82   81   81   81   82   82   83   84   85   86   87   88   88   90
   92   93   90   88   91  102   99   98   79                                   
    80.0-180.0 180.0   5.0 450.0                            LAT/LON1/LON2/DLON/H
   69   85   93   89   91   93   98  103  109  113  116  120  121  123  125  126
  126  127  128  130  131  133  135  137  140  142  145  147  148  149  149  149
  148  146  143  140  136  132  127  121  116  110  104   99   93   89   85   81
   79   77   76   76   76   76   77   78   78   79   80   81   81   82   82   83
   84   84   82   80   81   90   90   92   69                                   
    77.5-180.0 180.0   5.0 450.0                            LAT/LON1/LON2/DLON/H
   68   76   78   73   74   78   82   87   93   97  100  104  106  108  109  110
  111  111  112  113  115  118  121  125  129  134  138  142  146  149  151  152
  153  152  151  149  146  142  138  133  127  121  115  109  103   97   93   89
   86   84   84   83   83   84   84   85   85   85   85   85   85   84   84   83
   83   81   79   78   77   77   79   82   68                                   
    75.0-180.0 180.0   5.0 450.0                            LAT/LON1/LON2/DLON/H
   58   65   62   60   60   64   66   69   74   78   81   85   87   89   90   90
   91   91   92   93   96   99  104  110  116  123  130  137  143  148  152  155
  158  159  160  159  158  157  154  150  146  141  135  129  123  117  112  108
  105  103  101  100   99   99   98   97   96   95   93   92   91   89   88   87
   85   83   81   76   75   72   72   67   58                                   
    72.5-180.0 180.0   5.0 450.0                            LAT/LON1/LON2/DLON/H
   55   59   55   53   51   54   56   58   62   66   69   73   75   77   78   78
   79   79   80   82   85   90   96  103  111  120  130  139  147  154  160  165
  169  172  175  176  178  178  178  176  173  169  163  157  151  145  139  134
  130  127  124  121  119  116  113  110  107  103  100   97   94   92   90   89
   87   84   83   79   77   74   72   69   55                                   
    70.0-180.0 180.0   5.0 450.0                            LAT/LON1/LON2/DLON/H
   56   56   54   51   48   49   49   51   55   58   61   64   66   68   69   70
   70   71   72   74   78   84   91  100  111  121  133  143  153  162  169  176
  180  185  188  192  195  198  199  200  199  196  192  186  179  172  166  160
  155  150  145  140  134  129  122  116  110  104   99   95   92   89   87   86
   85   83   83   79   78   75   76   73   56                                   
    67.5-180.0 180.0   5.0 450.0                            LAT/LON1/LON2/DLON/H
   54   56   54   52   49   50   50   52   54   57   59   63   65   67   69   70
   70   71   73   75   80   86   94  104  115  127  140  152  163  172  180  186
  191  196  200  204  209  213  216  218  219  217  213  207  200  193  185  178
  171  164  157  149  141  132  122  113  105   98   91   87   83   81   79   79
   79   79   79   76   76   75   76   73   54                                   
    65.0-180.0 180.0   5.0 450.0                            LAT/LON1/LON2/DLON/H
   53   56   54   53   50   51   51   52   54   57   59   63   65   67   69   70
   72   73   75   78   83   89   98  108  121  134  147  160  172  182  190  197
  202  206  210  215  220  225  230  233  234  233  230  224  217  209  201  192
  183  174  164  153  141  128  116  104   94   86   79   74   71   69   68   69
   70   70   72   71   72   73   75   74   53                                   
    62.5-180.0 180.0   5.0 450.0                            LAT/LON1/LON2/DLON/H
   48   52   51   51   49   50   50   52   53   56   59   62   65   67   69   71
   73   75   78   81   86   93  101  112  125  138  153  166  179  190  199  205
  210  214  217  222  226  231  236  239  241  240  236  231  224  216  207  198
  187  176  164  150  135  119  105   91   80   72   65   61   58   56   56   57
   58   59   62   60   63   64   67   68   48                                   
    60.0-180.0 180.0   5.0 450.0                            LAT/LON1/LON2/DLON/H
   43   46   45   47   44   45   46   47   50   53   55   59   62   64   67   69
   71   74   77   81   86   92  101  112  125  139  154  169  183  195  204  211
  216  220  223  226  230  234  238  240  241  240  237  231  224  217  208  199
  188  176  162  145  128  111   95   81   71   63   57   53   51   50   49   49
   49   49   51   50   53   53   56   58   43                                   
    57.5-180.0 180.0   5.0 450.0                            LAT/LON1/LON2/DLON/H
   38   39   39   41   40   40   41   43   45   48   51   55   58   60   62   65
   67   70   73   77   83   90  100  111  124  139  155  171  186  199  210  218
  223  227  230  232  235  238  240  242  242  240  236  232  226  219  212  204
  194  181  165  148  129  111   96   83   73   66   62   59   57   55   53   52
   50   48   49   47   48   46   47   50   38                                   
    55.0-180.0 180.0   5.0 450.0                            LAT/LON1/LON2/DLON/H
   37   36   35   37   36   36   36   38   41   44   47   51   53   55   57   59
   61   64   68   73   79   87   97  109  123  139  155  172  188  203  215  224
  231  235  238  240  242  244  245  245  243  241  237  233  229  225  220  213
  203  191  175  157  139  121  106   94   86   81   78   76   74   71   68   65
   61   57   56   52   51   46   45   46   37                                   
    52.5-180.0 180.0   5.0 450.0                            LAT/LON1/LON2/DLON/H
   42   38   36   37   35   35   35   36   39   42   45   48   49   51   52   53
   56   59   63   68   76   86   97  110  125  141  158  175  191  207  220  230
  238  244  248  251  253  254  253  252  250  246  243  240  238  235  232  227
  218  206  191  173  155  138  124  114  107  103  102  100   99   96   92   87
   81   75   72   66   62   55   51   50   42                                   
    50.0-180.0 180.0   5.0 450.0                            LAT/LON1/LON2/DLON/H
   52   47   43   43   40   40   38   39   41   44   47   49   49   49   49   50
   52   56   61   67   76   88  101  116  131  147  163  180  195  210  224  235
  244  252  258  263  266  268  267  265  261  257  254  252  251  250  248  244
  236  224  209  191  173  157  144  135  129  127  126  125  124  121  116  111
  104   97   93   85   80   73   67   62   52                                   
    47.5-180.0 180.0   5.0 450.0                            LAT/LON1/LON2/DLON/H
   68   62   57   55   51   51   48   47   48   50   52   53   53   52   51   51
   53   57   62   70   81   94  109  125  141  157  172  186  200  213  225  236
  247  257  267  275  281  284  284  281  277  273  269  267  266  266  265  260
  252  239  223  205  187  171  158  150  145  143  142  142  141  138  134  129
  123  117  112  106  101   95   89   81   68                                   
    45.0-180.0 180.0   5.0 450.0                            LAT/LON1/LON2/DLON/H
   85   82   76   73   68   66   62   59   59   61   62   62   60   58   57   57
   59   62   69   78   90  104  121  137  153  168  181  192  203  213  223  234
  245  258  272  284  294  300  302  300  295  290  286  283  282  281  279  273
  263  249  232  213  194  177  163  154  149  146  146  146  145  144  141  137
  132  128  124  121  119  115  111  102   85                                   
    42.5-180.0 180.0   5.0 450.0                            LAT/LON1/LON2/DLON/H
   99  100   95   92   87   84   78   74   72   73   73   72   70   67   65   66
   68   72   79   89  101  117  133  149  165  178  188  197  203  210  217  227
  240  255  273  290  304  314  318  318  314  308  303  299  297  294  290  283
  271  254  235  214  193  175  159  149  143  140  139  139  139  138  137  135
  131  129  127  126  127  129  127  120   99                                   
    40.0-180.0 180.0   5.0 450.0                            LAT/LON1/LON2/DLON/H
  106  111  109  108  103  100   93   88   85   84   83   82   80   77   76   77
   79   84   91  101  114  128  143  159  172  184  192  198  202  205  210  219
  233  251  272  294  313  326  334  335  331  325  319  314  311  307  301  291
  277  259  238  215  192  172  154  142  134  131  129  129  128  127  126  124
  122  121  120  121  125  130  131  127  106                                   
    37.5-180.0 180.0   5.0 450.0                            LAT/LON1/LON2/DLON/H
  104  114  114  116  112  109  104   98   94   92   91   91   89   87   86   88
   91   96  103  113  124  137  150  163  175  185  193  197  200  201  206  214
  229  250  274  300  322  339  349  352  349  343  337  331  327  322  315  304
  290  271  249  226  201  178  158  144  135  131  128  126  123  120  117  115
  112  109  108  109  114  121  124  122  104                                   
    35.0-180.0 180.0   5.0 450.0                            LAT/LON1/LON2/DLON/H
   97  108  109  114  113  111  107  102   98   97   96   96   95   95   96   98
  101  106  113  122  132  142  152  163  174  183  191  197  199  202  207  217
  234  257  284  312  337  356  367  371  369  364  359  354  349  345  338  329
  315  298  278  254  229  204  182  166  155  150  145  140  134  127  121  116
  110  104  100   98  101  106  110  109   97                                   
    32.5-180.0 180.0   5.0 450.0                            LAT/LON1/LON2/DLON/H
   89   99  100  105  107  105  103  100   98   98   98   99  100  101  103  105
  109  114  121  129  137  145  152  161  170  181  190  198  203  209  217  230
  249  274  303  332  358  377  390  395  394  391  387  384  382  379  375  368
  359  345  327  305  280  253  230  212  201  194  187  179  167  155  144  134
  124  113  104   97   96   96   99   97   89                                   
    30.0-180.0 180.0   5.0 450.0                            LAT/LON1/LON2/DLON/H
   88   93   90   96   97   96   95   94   95   96   98  100  103  105  107  110
  114  119  126  134  141  147  152  159  168  180  193  204  213  223  236  254
  276  304  333  361  386  405  418  423  425  425  424  425  426  427  427  425
  420  411  397  378  353  326  302  283  271  262  253  240  223  204  188  173
  157  141  127  113  105   98   99   92   88                                   
    27.5-180.0 180.0   5.0 450.0                            LAT/LON1/LON2/DLON/H
   97   94   87   90   91   89   89   89   90   93   96  100  104  107  109  112
  116  122  130  138  145  150  154  160  170  184  199  214  229  245  265  288
  315  344  373  399  422  439  450  457  462  465  470  475  481  486  491  494
  495  492  483  466  443  416  391  372  359  348  335  317  293  269  247  227
  207  188  168  149  134  119  114   99   97                                   
    25.0-180.0 180.0   5.0 450.0                            LAT/LON1/LON2/DLON/H
  118  107   95   93   92   87   87   87   89   91   95   99  103  106  108  111
  115  122  131  141  149  155  159  165  176  191  209  229  250  274  300  330
  361  392  420  442  461  475  486  494  502  511  521  532  543  552  561  569
  575  577  572  558  536  510  486  466  451  437  420  395  366  336  310  288
  266  245  222  199  179  157  144  121  118                                   
    22.5-180.0 180.0   5.0 450.0                            LAT/LON1/LON2/DLON/H
  150  133  114  105  101   93   92   90   91   93   95   99  102  104  105  107
  112  120  131  144  154  161  167  173  185  202  223  248  275  305  339  375
  410  440  465  484  499  510  520  530  542  557  573  589  604  617  628  638
  646  650  647  635  614  589  565  544  526  508  485  455  422  390  363  341
  321  301  279  256  233  207  186  156  150                                   
    20.0-180.0 180.0   5.0 450.0                            LAT/LON1/LON2/DLON/H
  188  168  145  127  117  106  103   98   97   97   97   99  100  101  101  103
  108  117  132  147  160  169  175  183  196  215  239  268  301  338  377  416
  452  482  504  520  531  540  550  563  579  598  619  639  656  669  679  688
  694  697  692  680  660  636  611  588  566  542  514  481  447  417  394  376
  360  346  327  309  285  259  232  200  188                                   
    17.5-180.0 180.0   5.0 450.0                            LAT/LON1/LON2/DLON/H
  226  208  182  156  140  125  117  109  105  102  100   99   99   98   97   99
  105  116  133  151  166  176  184  193  208  229  257  290  327  367  409  449
  484  512  531  544  553  562  573  589  608  631  656  677  693  703  708  711
  712  709  702  688  668  644  619  592  565  535  503  469  438  414  398  386
  377  370  357  345  324  302  276  243  226                                   
    15.0-180.0 180.0   5.0 450.0                            LAT/LON1/LON2/DLON/H
  254  244  220  187  165  146  135  122  114  107  102  100   98   96   95   97
  104  118  137  156  172  183  193  204  221  245  275  310  349  390  432  470
  503  528  545  556  565  575  589  607  630  655  680  701  713  718  716  710
  703  694  682  666  646  623  597  567  535  500  464  431  405  388  379  374
  370  369  364  359  343  328  307  276  254                                   
    12.5-180.0 180.0   5.0 450.0                            LAT/LON1/LON2/DLON/H
  269  268  249  215  190  167  152  136  123  112  104  100   97   95   95   98
  107  122  142  162  178  191  202  215  235  261  292  329  368  408  447  482
  511  533  549  561  571  583  598  619  643  669  693  711  719  717  708  695
  680  665  649  631  612  589  563  531  495  456  418  387  366  356  353  351
  349  350  350  351  341  333  319  291  269                                   
    10.0-180.0 180.0   5.0 450.0                            LAT/LON1/LON2/DLON/H
  270  277  265  232  208  184  167  148  131  117  107  102   99   97   97  102
  112  129  149  169  186  199  211  227  249  276  309  346  384  423  458  489
  514  534  549  561  572  586  604  626  651  676  697  710  714  707  694  676
  657  638  619  600  581  560  535  503  465  424  386  357  341  335  334  331
  326  325  325  328  324  320  313  289  270                                   
     7.5-180.0 180.0   5.0 450.0                            LAT/LON1/LON2/DLON/H
  259  273  264  236  216  193  177  157  139  123  112  106  103  101  102  108
  120  138  158  178  194  208  223  241  264  292  326  363  401  437  469  495
