data/edconvlstm_nd/pred3150.15i
     1.0            IONOSPHERE MAPS     GNSS                IONEX VERSION / TYPE
pyspatialgeodesy        IME             05-JAN-18 20:20     PGM / RUN BY / DATE 
Map Name                                                    COMMENT             
Predicted global ionosphere maps (GIM).                     DESCRIPTION         
  2015    11    11     0     0     0                        EPOCH OF FIRST MAP  
  2015    11    12     0     0     0                        EPOCH OF LAST MAP   
  7200                                                      INTERVAL            
    13                                                      # OF MAPS IN FILE   
  NONE                                                      MAPPING FUNCTION    
10.0                                                        ELEVATION CUTOFF    
One-way carrier phase leveled to code                       OBSERVABLES USED    
  6371.0                                                    BASE RADIUS         
 2                                                          MAP DIMENSION       
   450.0 450.0   0.0                                        HGT1 / HGT2 / DHGT  
    87.5 -87.5  -2.5                                        LAT1 / LAT2 / DLAT  
  -180.0 180.0   5.0                                        LON1 / LON2 / DLON  
    -1                                                      EXPONENT            
                                                            END OF HEADER       
[from data line 429]
     2                                                      START OF TEC MAP    
  2015    11    11     2     0     0                        EPOCH OF CURRENT MAP
    87.5-180.0 180.0   5.0 450.0                            LAT/LON1/LON2/DLON/H
   53   60   53   52   49   51   46   44   45   45   45   46   47   48   48   49
   49   50   50   50   49   49   48   48   47   46   46   45   45   44   44   43
   43   43   43   43   43   44   44   45   45   46   47   48   48   49   50   51
   51   52   52   52   53   53   53   53   53   52   52   52   52   51   50   51
   52   51   49   49   48   64   67   62   53                                   
    85.0-180.0 180.0   5.0 450.0                            LAT/LON1/LON2/DLON/H
   47   64   52   55   52   53   51   48   49   50   50   51   52   53   53   54
   55   55   55   54   54   53   52   51   50   48   47   46   45   44   44   43
   43   43   43   44   44   45   46   47   48   49   51   52   53   55   56   57
   58   59   60   60   61   61   61   61   61   61   61   61   61   61   60   61
   62   62   60   63   66   65   76   64   47                                   
    82.5-180.0 180.0   5.0 450.0                            LAT/LON1/LON2/DLON/H
   46   49   62   54   49   50   46   44   46   46   47   49   51   53   54   56
   56   57   57   56   55   53   51   49   46   44   42   40   39   38   37   37
   36   37   37   38   39   40   41   43   45   46   48   50   52   54   56   58
   59   60   60   61   61   62   62   62   62   63   63   63   63   63   63   64
   64   64   63   60   70   59   63   66   46                                   
    80.0-180.0 180.0   5.0 450.0                            LAT/LON1/LON2/DLON/H
   61   61   65   53   48   44   42   40   42   43   43   46   49   52   54   56
   58   58   58   57   56   54   51   48   45   43   40   39   37   36   35   35
   35   35   36   36   37   38   40   41   43   45   47   49   51   52   54   56
   57   57   58   58   59   59   59   59   60   61   61   62   63   64   64   66
   67   66   66   64   78   68   69   76   61                                   
    77.5-180.0 180.0   5.0 450.0                            LAT/LON1/LON2/DLON/H
   74   71   65   56   47   42   39   38   40   40   41   45   48   51   55   58
   60   61   61   60   58   55   52   48   45   42   39   37   36   35   35   35
   35   36   36   37   37   38   39   40   42   43   45   47   49   50   52   53
   54   54   54   54   54   54   55   55   56   57   59   60   62   63   65   67
   69   70   70   72   79   70   72   79   74                                   
    75.0-180.0 180.0   5.0 450.0                            LAT/LON1/LON2/DLON/H
   80   77   76   66   53   48   44   41   42   41   42   45   48   52   55   58
   60   62   62   61   59   56   52   48   45   42   40   39   38   38   38   39
   40   40   40   40   40   40   40   41   41   43   44   46   47   48   49   50
   50   50   49   49   49   49   49   50   52   54   56   58   60   63   66   69
   71   74   76   76   85   83   84   87   80                                   
    72.5-180.0 180.0   5.0 450.0                            LAT/LON1/LON2/DLON/H
   90   88   87   75   64   56   52   49   48   47   46   48   50   52   55   58
   60   61   61   60   58   55   52   49   46   43   42   42   42   43   44   46
   46   47   46   46   45   44   43   43   43   44   45   46   47   48   49   49
   48   47   46   45   45   45   46   47   50   52   55   58   61   64   68   72
   75   79   85   87   96   95   97   99   90                                   
    70.0-180.0 180.0   5.0 450.0                            LAT/LON1/LON2/DLON/H
  103  102  102   91   76   67   63   58   56   53   51   51   50   51   52   53
   54   55   56   55   54   51   48   46   44   42   42   43   45   47   49   51
   51   51   50   49   47   45   44   43   42   43   44   45   46   47   47   47
   46   44   43   42   42   43   45   48   51   55   58   62   65   68   72   76
   79   82   89   93  104  106  110  108  103                                   
    67.5-180.0 180.0   5.0 450.0                            LAT/LON1/LON2/DLON/H
  111  112  109   99   83   74   68   63   60   56   52   50   47   45   44   44
   44   45   46   46   45   43   41   39   37   37   38   40   42   45   47   48
   48   47   45   43   40   38   36   35   35   35   36   38   39   40   40   40
   39   37   36   36   37   39   42   46   51   56   61   65   68   70   73   76
   78   81   89   93  105  110  114  114  111                                   
    65.0-180.0 180.0   5.0 450.0                            LAT/LON1/LON2/DLON/H
  117  119  115  106   89   80   74   70   67   61   56   52   47   43   40   38
   38   39   39   40   39   38   36   34   33   33   35   37   39   42   44   44
   44   42   39   36   33   31   29   28   28   29   31   32   34   35   35   35
   34   34   33   34   36   40   45   52   59   66   71   76   78   80   81   82
   83   85   91   94  106  114  119  119  117                                   
    62.5-180.0 180.0   5.0 450.0                            LAT/LON1/LON2/DLON/H
  120  123  119  110   95   85   80   77   74   69   63   57   51   45   41   38
   37   38   38   38   38   36   34   33   32   32   33   35   38   40   41   40
   39   36   33   29   27   25   24   24   24   26   28   30   32   33   34   34
   34   33   34   36   41   47   55   64   73   81   88   93   95   96   96   96
   95   94   98   99  110  118  122  123  120                                   
    60.0-180.0 180.0   5.0 450.0                            LAT/LON1/LON2/DLON/H
  123  125  121  110   96   87   82   80   78   73   68   62   56   49   44   41
   40   39   39   39   37   35   33   31   30   30   31   33   35   36   36   35
   32   29   26   23   21   20   20   21   22   24   26   28   30   32   33   33
   33   34   36   41   47   55   66   77   88   98  106  111  114  114  114  113
  110  107  109  108  116  123  127  127  123                                   
    57.5-180.0 180.0   5.0 450.0                            LAT/LON1/LON2/DLON/H
  128  128  124  112   98   88   84   82   81   76   71   66   60   54   50   47
   45   44   43   41   38   35   32   29   28   28   29   31   33   34   33   31
   28   25   22   20   19   19   19   21   23   25   27   29   31   33   34   35
   36   38   41   47   56   67   79   92  104  115  123  128  132  133  134  133
  130  126  126  124  129  133  136  136  128                                   
    55.0-180.0 180.0   5.0 450.0                            LAT/LON1/LON2/DLON/H
  139  136  131  118  103   92   88   85   83   77   72   68   63   58   55   53
   51   48   46   42   38   33   29   26   25   26   28   30   32   32   31   28
   26   23   21   20   20   21   22   24   26   28   31   33   34   36   37   38
   40   43   48   56   66   79   93  106  119  129  136  142  146  150  152  154
  152  148  148  144  147  147  151  151  139                                   
    52.5-180.0 180.0   5.0 450.0                            LAT/LON1/LON2/DLON/H
  155  151  144  130  114  103   96   91   86   79   73   68   64   61   59   57
   55   52   48   42   37   31   27   24   23   25   27   30   32   32   31   29
   27   25   24   24   25   27   29   31   33   35   36   38   39   41   42   44
   46   50   57   66   78   92  106  120  131  140  147  152  157  162  168  173
  173  171  172  167  169  166  170  170  155                                   
    50.0-180.0 180.0   5.0 450.0                            LAT/LON1/LON2/DLON/H
  176  171  163  148  132  120  112  102   94   83   74   69   65   62   61   59
   57   53   47   41   35   29   25   23   23   25   28   32   34   35   34   32
   31   31   31   33   34   36   38   40   41   43   44   45   47   48   50   52
   55   60   68   78   91  106  120  133  143  150  155  160  165  172  180  188
  192  193  195  191  193  187  192  193  176                                   
    47.5-180.0 180.0   5.0 450.0                            LAT/LON1/LON2/DLON/H
  198  193  184  171  155  143  132  119  105   91   78   71   66   63   61   59
   56   51   46   39   34   29   25   24   24   27   31   35   38   39   39   38
   38   39   41   43   45   47   49   49   50   51   52   54   55   57   59   61
   65   71   80   92  106  121  135  147  155  160  163  166  170  177  187  199
  206  211  215  212  215  208  215  216  198                                   
    45.0-180.0 180.0   5.0 450.0                            LAT/LON1/LON2/DLON/H
  218  215  204  193  179  168  155  138  120  101   85   75   69   65   62   58
   54   49   44   39   35   31   29   28   29   32   36   40   43   44   43   43
   44   46   49   53   56   57   58   58   59   59   61   62   64   66   68   71
   76   83   93  106  121  136  150  161  168  172  173  173  176  181  191  204
  214  222  228  228  232  227  235  236  218                                   
    42.5-180.0 180.0   5.0 450.0                            LAT/LON1/LON2/DLON/H
  235  233  221  212  199  188  174  155  135  113   95   83   74   68   64   59
   54   50   46   43   41   39   37   37   38   40   43   45   47   47   47   47
   48   51   56   60   63   64   65   65   66   67   68   70   72   75   77   81
   86   94  106  120  136  152  165  175  182  184  184  183  183  186  194  205
  217  226  235  237  243  241  250  250  235                                   
    40.0-180.0 180.0   5.0 450.0                            LAT/LON1/LON2/DLON/H
  250  247  233  224  212  201  185  167  146  124  105   92   82   75   68   63
   58   55   54   53   53   52   51   50   49   49   50   50   50   49   48   48
   50   54   59   64   67   68   69   70   71   73   75   77   80   82   85   89
   96  105  118  133  150  166  179  189  195  198  197  195  193  193  198  207
  217  226  237  242  251  251  262  260  250                                   
    37.5-180.0 180.0   5.0 450.0                            LAT/LON1/LON2/DLON/H
  266  261  243  229  216  203  187  170  151  131  114  102   93   84   77   70
   66   65   66   69   70   70   68   65   62   59   57   55   53   51   50   50
   52   56   61   65   68   70   71   73   76   79   81   84   86   88   91   95
  102  113  127  144  162  178  191  202  209  213  213  211  208  205  206  212
  220  229  241  249  261  266  277  271  266                                   
    35.0-180.0 180.0   5.0 450.0                            LAT/LON1/LON2/DLON/H
  289  280  256  233  215  198  180  165  149  133  121  111  103   95   88   82
   79   80   83   87   89   89   85   80   74   69   64   60   57   55   54   55
   56   59   62   66   68   71   73   77   81   84   87   89   90   92   94   98
  106  118  134  152  171  188  202  213  222  228  231  230  227  224  223  226
  232  240  254  264  281  291  303  292  289                                   
    32.5-180.0 180.0   5.0 450.0                            LAT/LON1/LON2/DLON/H
  327  314  282  245  218  192  170  155  142  131  123  117  112  105   99   94
   93   95  100  103  104  102   97   90   83   77   72   67   64   63   63   63
   63   64   65   67   69   72   76   80   86   90   92   93   93   93   95   99
  107  120  138  159  179  197  212  224  235  243  249  251  250  248  247  251
  256  265  280  292  314  330  343  328  327                                   
    30.0-180.0 180.0   5.0 450.0                            LAT/LON1/LON2/DLON/H
  387  372  330  275  235  196  166  147  135  127  123  121  118  113  108  105
  105  107  111  112  110  106  100   94   89   85   80   77   75   75   75   74
   73   72   72   72   73   75   79   85   91   95   96   95   93   92   93   97
  107  121  142  165  188  208  224  237  249  260  269  274  277  277  280  285
  291  302  319  332  359  382  395  378  387                                   
    27.5-180.0 180.0   5.0 450.0                            LAT/LON1/LON2/DLON/H
  467  458  404  332  276  221  178  150  135  127  125  124  122  118  114  112
  112  113  113  110  105   99   95   93   93   93   92   90   90   91   91   90
   88   86   83   81   81   82   86   91   96   99   99   96   93   91   91   96
  107  124  147  174  200  222  240  254  267  280  291  299  306  311  318  328
  338  351  369  383  415  443  454  440  467                                   
    25.0-180.0 180.0   5.0 450.0                            LAT/LON1/LON2/DLON/H
  560  561  502  420  348  276  214  173  149  137  132  129  126  122  119  116
  114  112  107   99   91   85   85   90   97  103  106  107  108  110  112  112
  109  104   99   95   92   92   94   98  102  103  101   97   92   89   91   97
  110  130  157  187  217  242  262  278  291  304  316  326  337  347  360  376
  391  409  427  441  473  506  517  508  560                                   
    22.5-180.0 180.0   5.0 450.0                            LAT/LON1/LON2/DLON/H
  651  667  612  529  448  363  281  222  185  163  151  142  135  129  123  119
  114  107   97   85   75   72   78   91  106  119  126  129  131  135  137  136
  131  123  116  109  105  103  103  105  107  106  102   97   91   89   91  100
  115  139  170  205  239  268  290  307  320  332  344  355  367  382  401  423
  445  466  485  499  529  565  578  576  651                                   
    20.0-180.0 180.0   5.0 450.0                            LAT/LON1/LON2/DLON/H
  728  758  716  644  562  471  375  299  245  210  185  167  153  141  132  124
  115  103   88   74   66   68   81  102  124  142  152  156  157  159  160  158
  151  142  132  124  118  114  113  112  111  109  103   96   91   90   93  104
  123  150  185  224  263  295  321  339  352  362  372  382  396  414  437  464
  490  515  535  550  576  615  631  637  728                                   
    17.5-180.0 180.0   5.0 450.0                            LAT/LON1/LON2/DLON/H
  778  821  797  743  668  582  481  395  328  277  238  207  183  164  150  137
  123  106   89   76   72   80  100  127  155  175  184  185  183  183  182  178
  170  159  148  138  131  126  122  119  116  110  103   96   91   90   96  109
  131  161  200  242  284  320  347  366  379  388  396  405  418  437  463  492
  523  549  570  587  609  647  668  681  778                                   
    15.0-180.0 180.0   5.0 450.0                            LAT/LON1/LON2/DLON/H
  799  850  843  808  747  673  580  495  421  358  306  262  227  200  180  162
  144  125  109  100  101  115  140  170  197  215  219  215  208  204  202  197
  187  174  161  150  142  137  132  127  120  112  104   96   91   91   97  113
  137  170  211  256  299  336  364  384  396  404  411  419  432  451  477  507
  538  565  587  606  623  657  682  699  799                                   
    12.5-180.0 180.0   5.0 450.0                            LAT/LON1/LON2/DLON/H
  790  842  848  828  784  728  653  579  508  442  382  329  286  252  225  203
  183  165  153  150  158  177  202  229  249  257  254  243  233  225  220  212
  199  184  169  159  153  149  144  136  127  116  106   97   91   91   98  115
  141  176  217  262  305  342  370  389  401  409  417  425  438  456  481  509
  538  564  586  605  619  646  672  691  790                                   
    10.0-180.0 180.0   5.0 450.0                            LAT/LON1/LON2/DLON/H
  758  803  813  803  776  742  689  635  577  517  457  401  353  315  285  261
  242  228  223  228  242  262  281  296  302  297  285  270  255  245  235  222
  206  189  176  169  166  163  157  147  135  122  109   99   92   91   99  116
  142  177  218  261  302  337  364  382  395  403  412  423  437  455  477  502
  529  552  572  592  602  623  648  665  758                                   
     7.5-180.0 180.0   5.0 450.0                            LAT/LON1/LON2/DLON/H
  713  745  752  745  734  719  692  660  620  573  520  468  422  384  354  331
  315  309  312  325  342  356  362  358  346  330  312  293  277  262  248  231
