data/edconvlstm_nd/pred0620.15i
     1.0            IONOSPHERE MAPS     GNSS                IONEX VERSION / TYPE
pyspatialgeodesy        IME             05-JAN-18 20:20     PGM / RUN BY / DATE 
Map Name                                                    COMMENT             
Predicted global ionosphere maps (GIM).                     DESCRIPTION         
  2015     3     3     0     0     0                        EPOCH OF FIRST MAP  
  2015     3     4     0     0     0                        EPOCH OF LAST MAP   
  7200                                                      INTERVAL            
    13                                                      # OF MAPS IN FILE   
  NONE                                                      MAPPING FUNCTION    
10.0                                                        ELEVATION CUTOFF    
One-way carrier phase leveled to code                       OBSERVABLES USED    
  6371.0                                                    BASE RADIUS         
 2                                                          MAP DIMENSION       
   450.0 450.0   0.0                                        HGT1 / HGT2 / DHGT  
    87.5 -87.5  -2.5                                        LAT1 / LAT2 / DLAT  
  -180.0 180.0   5.0                                        LON1 / LON2 / DLON  
    -1                                                      EXPONENT            
                                                            END OF HEADER       
[from data line 4290]
    11                                                      START OF TEC MAP    
  2015     3     3    20     0     0                        EPOCH OF CURRENT MAP
    87.5-180.0 180.0   5.0 450.0                            LAT/LON1/LON2/DLON/H
  148  142  131  137  140  140  139  138  138  141  141  142  143  144  145  146
  147  147  148  148  148  148  148  147  146  145  144  143  142  141  140  138
  137  136  134  133  132  131  130  129  128  127  126  125  125  125  124  124
  124  124  125  125  126  126  127  128  128  129  130  130  131  131  132  132
  132  133  131  131  142  139  147  148  148                                   
    85.0-180.0 180.0   5.0 450.0                            LAT/LON1/LON2/DLON/H
  144  140  146  138  138  143  143  145  146  148  149  151  152  154  155  156
  158  158  159  159  159  159  158  157  156  155  153  152  150  149  147  145
  144  142  141  139  138  137  135  134  132  131  130  129  128  127  127  126
  126  126  127  127  128  129  130  132  133  134  135  136  137  138  139  139
  140  140  138  136  140  135  136  137  144                                   
    82.5-180.0 180.0   5.0 450.0                            LAT/LON1/LON2/DLON/H
  119  122  123  121  125  130  134  135  136  139  141  145  147  150  153  156
  158  159  160  161  161  161  161  160  158  157  155  153  152  150  148  146
  144  142  141  139  137  136  134  131  129  127  124  122  119  117  115  114
  113  113  113  113  114  116  117  118  120  122  123  124  125  126  126  127
  127  127  125  127  129  137  127  126  119                                   
    80.0-180.0 180.0   5.0 450.0                            LAT/LON1/LON2/DLON/H
  102  106  111  111  113  116  122  127  131  136  140  146  150  155  158  162
  164  166  167  168  167  166  165  163  161  158  156  153  150  147  145  142
  140  139  137  135  134  132  130  127  124  121  117  114  110  107  105  102
  101  101  101  102  103  105  107  109  111  113  115  116  117  118  118  118
  119  118  117  117  114  116  111  118  102                                   
    77.5-180.0 180.0   5.0 450.0                            LAT/LON1/LON2/DLON/H
   99  100  106  105  110  114  120  125  131  136  143  150  156  162  167  171
  174  176  177  177  176  175  173  170  168  165  162  158  155  152  150  148
  147  146  146  145  144  143  141  137  134  129  124  118  113  107  103   99
   97   95   95   95   97   98  100  102  104  106  107  108  108  108  108  108
  108  108  108  109  109  108  108  120   99                                   
    75.0-180.0 180.0   5.0 450.0                            LAT/LON1/LON2/DLON/H
   96  101  104  104  109  115  120  126  133  142  149  158  165  172  177  181
  184  185  184  183  182  179  177  173  170  166  162  158  154  150  147  145
  144  144  145  146  146  146  144  142  138  132  126  119  113  106  100   96
   92   90   90   90   91   93   95   96   98   99   99   99   99   98   98   98
   98   99  100   99   99  100  101  103   96                                   
    72.5-180.0 180.0   5.0 450.0                            LAT/LON1/LON2/DLON/H
   98  105  110  115  117  124  130  136  142  151  160  169  177  185  190  193
  195  195  193  191  188  185  182  178  173  168  162  156  150  145  141  139
  139  140  142  144  146  147  147  145  142  136  129  122  114  106   99   94
   90   87   86   86   87   89   90   91   92   92   91   90   89   88   87   87
   86   88   90   91   92   97  101  109   98                                   
    70.0-180.0 180.0   5.0 450.0                            LAT/LON1/LON2/DLON/H
  104  115  120  124  127  133  138  145  153  162  172  181  189  196  200  202
  202  200  197  194  190  186  182  178  172  165  157  149  141  133  128  124
  123  124  127  130  133  136  137  136  134  129  123  116  108  100   94   88
   84   82   81   81   82   83   84   85   85   84   82   80   79   77   76   76
   75   78   81   84   89   95  104  111  104                                   
    67.5-180.0 180.0   5.0 450.0                            LAT/LON1/LON2/DLON/H
  114  126  134  139  144  150  156  163  170  179  189  198  206  212  215  216
  214  211  207  202  198  194  189  184  177  169  158  147  136  125  117  112
  109  110  112  116  120  123  125  126  124  120  115  109  102   95   89   84
   81   79   79   79   80   82   83   83   83   81   80   77   75   73   72   72
   72   74   78   81   87   96  105  114  114                                   
    65.0-180.0 180.0   5.0 450.0                            LAT/LON1/LON2/DLON/H
  117  131  140  146  152  159  164  171  179  189  198  208  215  220  222  221
  218  213  208  204  199  196  191  186  178  168  156  142  128  116  105   98
   94   92   93   96   99  102  104  105  104  101   97   92   86   81   76   72
   70   69   69   70   72   74   75   76   75   74   72   70   68   66   65   64
   64   67   71   76   84   94  105  116  117                                   
    62.5-180.0 180.0   5.0 450.0                            LAT/LON1/LON2/DLON/H
  118  132  141  150  158  166  173  180  188  198  207  216  223  227  228  227
  223  218  213  208  204  201  197  192  184  173  159  144  129  114  102   93
   87   83   82   82   83   84   85   85   84   82   79   75   71   66   62   60
   58   58   60   62   64   67   69   70   70   70   68   67   65   63   63   62
   62   64   67   71   79   89  100  112  118                                   
    60.0-180.0 180.0   5.0 450.0                            LAT/LON1/LON2/DLON/H
  114  129  139  150  159  169  178  187  195  205  214  222  228  232  232  230
  226  221  215  211  208  205  202  197  190  179  166  152  137  122  110   99
   92   86   81   78   76   74   72   71   69   67   65   61   58   54   51   50
   49   50   52   55   58   61   64   66   67   67   67   66   65   64   64   63
   62   63   66   68   75   85   95  108  114                                   
    57.5-180.0 180.0   5.0 450.0                            LAT/LON1/LON2/DLON/H
  112  126  137  150  162  174  185  196  206  215  223  230  234  237  237  234
  230  224  219  215  212  210  207  204  198  189  179  167  154  142  131  120
  111  102   93   86   79   74   69   66   63   61   58   55   52   48   46   45
   45   46   49   52   56   59   63   65   67   69   69   70   70   70   70   69
   68   68   69   70   75   82   92  106  112                                   
    55.0-180.0 180.0   5.0 450.0                            LAT/LON1/LON2/DLON/H
  115  130  143  157  172  186  201  213  223  232  238  243  246  246  245  241
  236  230  224  219  216  214  213  211  207  201  195  187  179  171  162  152
  140  128  115  103   93   83   76   71   67   64   61   58   54   51   48   47
   47   49   52   55   59   63   67   70   73   75   76   78   79   80   81   81
   79   79   79   78   81   87   95  109  115                                   
    52.5-180.0 180.0   5.0 450.0                            LAT/LON1/LON2/DLON/H
  127  144  159  174  191  209  226  239  250  258  262  263  263  261  257  252
  245  237  229  224  220  219  219  218  217  215  213  210  207  203  196  186
  173  157  140  124  110   98   89   83   78   75   72   68   65   61   59   58
   58   60   63   66   70   73   77   80   83   85   87   89   91   93   95   96
   94   94   94   93   96  101  109  121  127                                   
    50.0-180.0 180.0   5.0 450.0                            LAT/LON1/LON2/DLON/H
  151  169  187  202  222  242  262  276  287  293  295  293  289  284  277  269
  259  248  238  231  227  225  226  227  228  230  231  233  234  232  225  214
  198  179  160  142  126  114  104   98   94   91   88   85   82   79   77   76
   77   79   81   84   86   89   92   95   97   98   99  101  104  107  110  112
  111  113  113  114  118  124  133  144  151                                   
    47.5-180.0 180.0   5.0 450.0                            LAT/LON1/LON2/DLON/H
  182  203  223  238  261  283  304  319  330  335  334  329  322  313  303  292
  278  263  250  241  236  235  237  239  242  245  248  251  252  250  242  228
  209  188  167  149  135  124  117  112  109  107  105  104  102   99   98   98
   99  101  103  105  107  108  110  111  111  111  111  112  114  118  122  126
  127  130  133  138  144  153  164  174  182                                   
    45.0-180.0 180.0   5.0 450.0                            LAT/LON1/LON2/DLON/H
  217  240  261  276  301  324  346  362  373  378  376  370  360  348  335  320
  303  284  268  257  251  250  252  254  257  259  261  262  261  255  243  226
  204  182  163  147  136  129  125  122  120  120  120  120  119  119  119  120
  122  124  125  126  126  126  126  126  125  123  121  120  122  125  130  135
  138  144  150  160  169  182  197  208  217                                   
    42.5-180.0 180.0   5.0 450.0                            LAT/LON1/LON2/DLON/H
  249  273  295  311  336  359  382  397  410  415  414  408  398  385  370  353
  332  311  292  278  271  270  271  272  272  271  269  266  259  248  232  212
  189  169  153  142  136  133  132  130  129  129  130  132  133  134  136  137
  139  141  142  141  140  140  139  137  135  131  127  125  125  128  133  139
  144  152  161  174  187  205  224  238  249                                   
    40.0-180.0 180.0   5.0 450.0                            LAT/LON1/LON2/DLON/H
  270  297  320  336  361  383  405  421  434  443  444  441  432  420  405  387
  365  342  321  306  298  295  294  292  287  281  274  264  252  236  218  197
  177  161  150  145  145  145  145  143  141  140  140  142  144  146  147  149
  150  151  151  150  149  147  146  144  140  135  130  126  125  127  132  138
  143  152  163  178  195  216  239  257  270                                   
    37.5-180.0 180.0   5.0 450.0                            LAT/LON1/LON2/DLON/H
  280  309  333  349  373  393  414  429  445  457  463  463  458  449  436  419
  398  375  354  339  329  323  318  311  301  289  276  262  247  231  214  197
  183  173  169  170  172  173  171  166  159  155  153  153  154  155  155  155
  156  155  154  153  151  150  149  147  143  137  130  125  123  124  129  134
  138  147  157  173  190  215  240  262  280                                   
    35.0-180.0 180.0   5.0 450.0                            LAT/LON1/LON2/DLON/H
  281  312  337  352  374  392  411  426  444  460  471  477  477  472  463  448
  430  409  389  373  362  352  341  328  313  298  283  268  255  242  232  223
  219  217  219  223  226  223  215  202  189  178  172  169  168  166  163  160
  158  156  154  152  152  151  151  149  145  138  132  126  123  122  125  129
  132  139  149  162  179  205  232  255  281                                   
    32.5-180.0 180.0   5.0 450.0                            LAT/LON1/LON2/DLON/H
  280  312  338  352  372  386  404  419  438  457  474  485  490  490  484  474
  459  441  423  407  393  378  362  343  326  311  298  289  283  279  280  284
  290  297  304  307  305  294  275  251  229  211  199  192  186  180  173  167
  162  158  156  154  154  154  154  153  149  143  136  130  126  125  126  128
  129  135  142  154  169  194  222  245  280                                   
    30.0-180.0 180.0   5.0 450.0                            LAT/LON1/LON2/DLON/H
  283  316  343  356  374  385  402  415  436  457  477  492  501  504  502  495
  484  470  455  439  422  402  380  360  343  333  328  330  335  345  360  377
  396  410  417  415  402  377  344  308  275  249  232  220  210  199  188  179
  171  167  164  163  163  164  163  161  157  151  145  139  135  132  132  133
  132  136  142  151  166  188  217  238  283                                   
    27.5-180.0 180.0   5.0 450.0                            LAT/LON1/LON2/DLON/H
  294  329  357  370  388  397  412  424  445  467  488  505  515  520  520  515
  507  496  483  467  447  423  399  379  367  367  375  391  411  437  467  498
  525  542  544  530  501  459  409  361  320  289  269  254  240  225  210  198
  190  185  183  182  182  181  178  174  168  162  157  152  147  144  142  142
  140  144  148  157  171  193  221  241  294                                   
    25.0-180.0 180.0   5.0 450.0                            LAT/LON1/LON2/DLON/H
  315  350  379  394  415  424  438  450  470  491  511  526  535  539  539  535
  529  520  507  491  469  444  420  404  402  414  439  470  507  546  589  628
  657  668  656  625  576  517  455  399  355  324  304  288  272  255  238  225
  217  213  211  210  208  204  198  190  182  175  169  164  160  155  153  152
  150  156  160  170  186  208  236  255  315                                   
    22.5-180.0 180.0   5.0 450.0                            LAT/LON1/LON2/DLON/H
  342  377  407  428  454  465  480  491  510  529  546  557  563  564  562  558
  551  542  530  514  492  467  447  439  448  475  515  562  610  659  705  743
  762  757  726  673  607  535  468  412  373  347  331  318  303  286  269  257
  250  248  247  245  240  232  220  207  195  186  180  175  170  164  161  159
  159  167  174  186  204  229  258  278  342                                   
    20.0-180.0 180.0   5.0 450.0                            LAT/LON1/LON2/DLON/H
  370  407  437  466  499  514  532  544  562  578  591  599  601  598  593  586
  578  568  556  539  518  497  483  485  506  547  599  654  707  754  792  816
  815  786  732  660  581  506  442  397  369  355  349  342  330  315  300  290
  285  284  284  280  271  258  240  222  206  195  187  182  176  170  165  163
  164  175  185  201  223  252  283  305  370                                   
    17.5-180.0 180.0   5.0 450.0                            LAT/LON1/LON2/DLON/H
  392  432  465  500  542  564  585  600  617  632  642  647  645  639  631  622
  611  600  587  572  553  537  531  543  574  623  680  736  782  816  834  832
  804  749  674  589  507  438  388  359  349  351  357  359  352  340  328  320
  317  317  316  309  297  277  255  232  212  199  190  184  177  170  165  162
  165  178  192  211  236  271  306  331  392                                   
    15.0-180.0 180.0   5.0 450.0                            LAT/LON1/LON2/DLON/H
  404  448  485  527  577  605  631  648  667  681  690  694  692  685  676  666
  654  642  629  614  600  590  591  610  647  697  751  796  826  836  827  795
  738  660  572  485  411  357  326  317  326  345  364  373  371  361  351  345
  343  342  338  328  311  288  261  235  214  199  189  182  175  167  161  158
  161  176  193  214  244  284  322  350  404                                   
    12.5-180.0 180.0   5.0 450.0                            LAT/LON1/LON2/DLON/H
  405  454  495  542  599  633  663  684  703  718  729  735  736  732  725  715
  704  692  679  667  657  653  660  682  718  762  804  832  838  823  786  726
  645  552  462  384  327  292  281  290  316  349  377  391  391  382  372  364
  360  355  347  334  314  288  260  234  212  196  185  177  170  162  156  152
  156  172  190  213  246  290  330  360  405                                   
    10.0-180.0 180.0   5.0 450.0                            LAT/LON1/LON2/DLON/H
  401  453  498  549  610  649  683  706  727  743  757  768  774  775  773  766
  757  747  736  726  720  720  730  751  781  813  838  844  828  790  732  652
  558  463  380  319  281  266  271  295  332  371  403  417  415  404  391  379
  368  357  344  326  304  279  253  228  208  193  182  173  165  157  151  147
  150  166  186  209  245  293  333  363  401                                   
     7.5-180.0 180.0   5.0 450.0                            LAT/LON1/LON2/DLON/H
  397  451  500  553  616  658  694  719  741  759  775  792  804  812  815  813
  808  801  793  786  783  786  796  812  832  849  854  841  808  756  687  601
