data/edconvlstm_nd/pred1520.15i
     1.0            IONOSPHERE MAPS     GNSS                IONEX VERSION / TYPE
pyspatialgeodesy        IME             05-JAN-18 20:20     PGM / RUN BY / DATE 
Map Name                                                    COMMENT             
Predicted global ionosphere maps (GIM).                     DESCRIPTION         
  2015     6     1     0     0     0                        EPOCH OF FIRST MAP  
  2015     6     2     0     0     0                        EPOCH OF LAST MAP   
  7200                                                      INTERVAL            
    13                                                      # OF MAPS IN FILE   
  NONE                                                      MAPPING FUNCTION    
10.0                                                        ELEVATION CUTOFF    
One-way carrier phase leveled to code                       OBSERVABLES USED    
  6371.0                                                    BASE RADIUS         
 2                                                          MAP DIMENSION       
   450.0 450.0   0.0                                        HGT1 / HGT2 / DHGT  
    87.5 -87.5  -2.5                                        LAT1 / LAT2 / DLAT  
  -180.0 180.0   5.0                                        LON1 / LON2 / DLON  
    -1                                                      EXPONENT            
                                                            END OF HEADER       
     1                                                      START OF TEC MAP    
  2015     6     1     0     0     0                        EPOCH OF CURRENT MAP
    87.5-180.0 180.0   5.0 450.0                            LAT/LON1/LON2/DLON/H
  159  168  178  168  167  168  166  166  167  167  167  168  168  168  168  168
  167  166  165  164  163  162  160  159  158  156  155  153  152  151  149  148
  148  147  147  146  146  146  146  146  146  146  146  146  146  146  146  146
  146  146  146  146  146  146  146  146  146  146  146  147  147  147  148  149
  150  152  153  154  153  152  158  170  159                                   
    85.0-180.0 180.0   5.0 450.0                            LAT/LON1/LON2/DLON/H
  176  178  169  171  177  178  177  177  178  178  178  179  179  179  178  177
  176  175  174  172  170  168  166  164  162  160  158  156  154  153  151  150
  149  148  148  148  148  148  148  148  149  149  149  149  149  149  149  149
  148  148  148  148  147  147  147  147  148  148  148  149  149  150  151  152
  154  156  159  162  157  163  169  176  176                                   
    82.5-180.0 180.0   5.0 450.0                            LAT/LON1/LON2/DLON/H
  176  176  180  179  183  186  184  185  188  188  188  188  188  187  186  185
  183  181  179  176  174  171  168  165  162  159  157  154  151  149  147  146
  145  144  144  145  145  146  147  147  148  149  149  149  149  149  148  148
  147  147  147  146  146  146  146  146  146  147  147  148  149  150  151  153
  155  157  160  161  162  153  161  163  176                                   
    80.0-180.0 180.0   5.0 450.0                            LAT/LON1/LON2/DLON/H
  175  177  175  175  180  184  187  189  191  191  191  191  190  189  187  185
  183  180  177  174  171  167  163  160  156  152  148  145  142  139  137  136
  135  135  135  137  138  140  142  144  145  146  147  148  148  148  147  147
  146  146  145  145  145  144  144  144  144  144  144  145  145  146  148  150
  151  153  155  155  164  157  165  171  175                                   
    77.5-180.0 180.0   5.0 450.0                            LAT/LON1/LON2/DLON/H
  178  173  171  177  176  179  185  188  190  189  189  188  187  185  183  180
  177  174  171  167  164  160  156  152  147  143  139  135  131  128  126  125
  124  125  127  129  132  135  138  141  143  145  146  147  147  147  147  147
  146  146  146  146  146  146  145  145  145  144  144  144  144  145  146  147
  148  151  151  152  160  160  163  173  178                                   
    75.0-180.0 180.0   5.0 450.0                            LAT/LON1/LON2/DLON/H
  180  170  169  176  175  178  181  184  186  185  184  183  181  178  175  172
  169  166  163  160  157  153  149  145  140  135  131  126  122  119  117  116
  117  118  121  124  128  132  136  140  143  145  146  147  147  147  146  146
  147  147  147  148  148  149  149  148  148  147  146  146  145  145  146  147
  147  150  151  147  153  159  160  170  180                                   
    72.5-180.0 180.0   5.0 450.0                            LAT/LON1/LON2/DLON/H
  171  168  168  172  171  173  177  179  182  180  179  177  175  171  168  164
  161  158  156  153  150  147  144  139  134  129  124  119  115  112  110  110
  111  113  116  120  125  129  134  137  140  142  143  143  143  143  143  144
  145  146  148  149  151  152  152  152  152  151  150  149  148  147  148  149
  149  151  153  151  152  155  159  170  171                                   
    70.0-180.0 180.0   5.0 450.0                            LAT/LON1/LON2/DLON/H
  173  166  167  171  170  172  175  178  180  179  177  175  172  168  164  161
  157  155  153  151  150  147  144  140  135  130  124  119  116  113  112  112
  113  116  119  122  127  130  134  137  139  140  140  140  139  139  140  141
  144  147  150  153  156  158  160  160  160  158  157  156  154  154  154  155
  155  156  159  157  159  161  163  171  173                                   
    67.5-180.0 180.0   5.0 450.0                            LAT/LON1/LON2/DLON/H
  177  171  170  172  171  171  174  176  179  177  176  174  171  167  163  159
  156  154  152  151  150  149  146  143  138  133  127  123  119  117  116  116
  117  119  121  124  127  129  131  133  134  134  133  132  132  132  133  135
  139  144  149  154  158  162  164  166  166  165  163  162  160  159  159  160
  160  161  164  162  165  166  167  176  177                                   
    65.0-180.0 180.0   5.0 450.0                            LAT/LON1/LON2/DLON/H
  183  176  176  177  174  173  175  177  179  178  177  176  173  169  165  161
  158  156  155  155  155  154  152  149  144  140  135  131  129  127  127  127
  127  127  128  128  129  129  129  129  129  128  126  125  124  125  126  130
  135  141  148  154  160  165  169  171  172  171  170  168  167  165  165  166
  165  167  170  168  173  174  176  185  183                                   
    62.5-180.0 180.0   5.0 450.0                            LAT/LON1/LON2/DLON/H
  193  186  187  186  181  179  180  180  182  181  180  179  177  173  169  166
  163  161  161  161  161  161  159  157  153  150  146  144  142  142  141  141
  139  138  136  133  131  130  128  127  125  123  122  120  119  120  122  126
  132  139  147  155  162  168  172  176  177  178  177  176  175  173  173  173
  172  174  176  175  181  184  187  195  193                                   
    60.0-180.0 180.0   5.0 450.0                            LAT/LON1/LON2/DLON/H
  203  199  200  198  192  188  187  186  186  184  183  182  180  177  174  171
  168  167  166  167  167  167  166  164  162  159  158  157  157  157  157  155
  152  148  142  137  133  130  127  125  123  121  119  117  116  117  119  123
  129  137  145  154  162  169  174  179  182  184  184  184  183  181  180  180
  179  180  182  181  188  193  197  205  203                                   
    57.5-180.0 180.0   5.0 450.0                            LAT/LON1/LON2/DLON/H
  214  213  216  213  205  200  197  194  192  189  186  185  183  181  178  175
  173  172  171  172  172  172  171  170  169  168  168  169  171  171  170  167
  162  155  147  139  133  129  126  124  122  120  118  117  116  116  119  123
  129  136  144  152  160  168  175  180  185  189  191  191  191  189  188  187
  186  186  188  187  195  201  206  214  214                                   
    55.0-180.0 180.0   5.0 450.0                            LAT/LON1/LON2/DLON/H
  224  227  232  229  221  216  211  206  201  195  191  188  185  183  180  178
  176  175  175  176  176  176  175  175  174  175  177  179  181  182  180  175
  167  158  147  139  132  129  127  125  124  122  120  119  118  118  120  124
  129  135  142  150  158  166  174  181  187  193  196  198  198  197  196  194
  192  192  194  193  200  207  213  220  224                                   
    52.5-180.0 180.0   5.0 450.0                            LAT/LON1/LON2/DLON/H
  233  240  246  244  238  233  228  220  213  204  197  191  188  184  182  180
  179  178  179  180  180  180  179  178  178  180  183  186  188  189  185  178
  168  156  145  136  131  128  128  128  127  126  123  122  121  121  123  126
  130  135  140  147  154  163  171  180  188  195  201  204  205  205  203  202
  200  199  201  199  205  212  217  224  233                                   
    50.0-180.0 180.0   5.0 450.0                            LAT/LON1/LON2/DLON/H
  240  250  257  257  254  250  247  238  229  216  206  198  192  187  184  182
  182  182  183  185  185  184  183  182  182  183  186  190  192  191  186  176
  164  151  140  133  129  129  130  131  131  129  127  125  124  124  126  128
  131  135  139  144  151  159  168  178  188  197  205  209  212  212  211  210
  208  208  209  206  210  216  220  227  240                                   
    47.5-180.0 180.0   5.0 450.0                            LAT/LON1/LON2/DLON/H
  244  256  263  266  266  266  264  256  246  231  218  207  199  193  189  187
  187  188  190  192  193  191  189  186  185  186  189  191  192  189  182  171
  158  145  135  130  129  131  134  136  135  133  130  127  126  127  128  131
  133  135  138  142  148  156  165  176  187  198  207  214  217  218  218  219
  218  218  219  215  217  220  224  230  244                                   
    45.0-180.0 180.0   5.0 450.0                            LAT/LON1/LON2/DLON/H
  247  258  265  270  274  276  278  272  262  247  233  220  210  203  198  195
  195  197  200  202  203  201  197  193  190  190  191  192  190  186  178  166
  153  141  133  129  130  134  139  141  140  136  132  129  128  129  131  133
  135  136  138  142  147  154  163  175  187  199  210  217  222  224  226  228
  228  230  231  226  226  226  228  234  247                                   
    42.5-180.0 180.0   5.0 450.0                            LAT/LON1/LON2/DLON/H
  249  257  264  270  276  281  286  284  277  263  249  236  226  217  211  208
  207  209  212  215  216  213  207  202  197  195  194  193  190  184  175  163
  151  140  134  132  135  140  145  147  144  140  134  131  130  131  133  136
  137  139  140  143  148  155  164  175  188  201  212  221  227  231  234  237
  240  242  244  239  237  235  236  242  249                                   
    40.0-180.0 180.0   5.0 450.0                            LAT/LON1/LON2/DLON/H
  252  258  263  268  275  282  290  291  289  278  266  254  244  236  229  224
  222  223  226  229  229  226  219  212  206  202  200  197  192  185  176  165
  154  145  140  139  142  147  152  153  150  144  138  134  133  134  137  139
  141  142  143  146  150  157  166  178  191  204  216  226  232  237  242  247
  251  255  258  253  250  247  247  254  252                                   
    37.5-180.0 180.0   5.0 450.0                            LAT/LON1/LON2/DLON/H
  259  262  265  268  275  282  291  296  298  291  282  274  265  257  250  243
  239  239  241  243  243  238  231  223  216  212  208  204  198  190  181  172
  163  155  150  148  151  155  159  159  155  149  142  138  137  139  141  144
  145  146  147  150  154  161  170  181  195  208  220  230  238  244  250  256
  261  267  271  266  265  261  263  271  259                                   
    35.0-180.0 180.0   5.0 450.0                            LAT/LON1/LON2/DLON/H
  272  273  275  275  279  285  294  302  307  305  300  295  288  281  273  264
  258  255  255  256  254  250  242  234  228  223  219  214  208  200  191  183
  175  167  162  159  160  163  165  165  161  154  148  144  143  144  146  148
  149  149  150  152  156  163  172  184  197  211  224  235  243  250  257  264
  271  277  282  279  279  278  283  292  272                                   
    32.5-180.0 180.0   5.0 450.0                            LAT/LON1/LON2/DLON/H
  292  293  294  291  292  296  304  312  321  322  321  318  314  308  298  287
  277  271  268  268  265  260  253  245  240  236  232  226  219  211  203  195
  188  180  173  169  167  168  170  169  165  160  154  150  149  149  150  151
  151  151  151  152  156  163  173  185  199  213  227  238  248  255  263  271
  279  286  292  290  294  296  304  317  292                                   
    30.0-180.0 180.0   5.0 450.0                            LAT/LON1/LON2/DLON/H
  317  321  321  318  316  318  324  333  342  345  346  345  343  337  326  312
  299  289  283  280  276  270  263  257  252  249  244  238  229  221  212  205
  198  189  181  174  171  171  172  171  168  163  158  155  153  152  152  152
  150  149  148  148  152  159  169  182  198  213  228  241  251  260  269  278
  286  294  301  301  308  314  326  342  317                                   
    27.5-180.0 180.0   5.0 450.0                            LAT/LON1/LON2/DLON/H
  344  353  356  353  351  352  357  365  374  377  379  378  376  369  357  341
  324  311  302  296  290  283  275  269  264  260  255  247  237  226  217  209
  201  192  182  174  169  169  170  170  168  164  159  156  154  152  151  148
  146  143  141  141  144  152  163  178  195  212  229  243  255  264  274  284
  294  303  310  312  322  330  346  365  344                                   
    25.0-180.0 180.0   5.0 450.0                            LAT/LON1/LON2/DLON/H
  370  384  391  394  392  395  400  407  415  417  418  417  414  406  392  374
  355  339  327  318  308  298  289  281  275  269  261  251  238  225  215  206
  197  187  176  168  164  164  165  165  164  160  157  153  151  148  144  141
  137  133  131  130  134  143  155  172  191  210  228  244  257  269  280  292
  303  312  320  324  335  344  363  385  370                                   
    22.5-180.0 180.0   5.0 450.0                            LAT/LON1/LON2/DLON/H
  390  408  421  431  434  440  447  455  461  463  462  459  455  446  431  412
  391  373  359  346  332  317  304  292  283  274  263  249  233  218  205  195
  185  176  166  159  156  157  159  159  157  154  150  147  143  139  134  130
  126  122  119  119  123  133  147  166  187  208  228  245  260  273  286  300
  312  323  331  336  346  355  375  399  390                                   
    20.0-180.0 180.0   5.0 450.0                            LAT/LON1/LON2/DLON/H
  401  422  441  459  467  478  489  498  505  507  505  501  496  486  472  453
  433  414  397  380  360  339  319  301  287  273  258  240  221  204  190  179
  170  162  155  150  149  151  153  152  149  145  141  137  133  127  122  118
  113  110  107  107  113  124  141  162  184  207  227  246  262  278  293  309
  323  334  343  348  357  363  383  408  401                                   
    17.5-180.0 180.0   5.0 450.0                            LAT/LON1/LON2/DLON/H
  404  425  448  471  485  501  515  528  537  541  540  537  531  523  510  494
  475  457  438  416  390  360  332  307  286  266  246  225  205  186  173  163
  156  150  146  144  146  148  149  147  142  137  132  127  122  116  110  106
  102   98   97   98  105  118  137  160  183  207  228  247  265  283  301  319
  334  346  355  360  366  369  388  413  404                                   
    15.0-180.0 180.0   5.0 450.0                            LAT/LON1/LON2/DLON/H
  400  419  442  469  486  504  521  537  550  557  559  558  556  550  541  528
  514  497  477  450  416  378  340  307  278  253  230  207  186  170  158  151
  147  144  143  144  147  150  150  145  139  132  125  119  113  106  100   96
   92   90   89   92  100  116  137  160  185  208  230  250  269  289  309  328
  345  357  366  370  374  374  391  416  400                                   
    12.5-180.0 180.0   5.0 450.0                            LAT/LON1/LON2/DLON/H
  395  410  430  455  474  491  508  525  541  552  558  562  564  563  559  552
  541  527  507  476  435  388  341  299  265  235  210  188  169  156  149  146
  145  145  146  149  153  156  154  148  139  130  122  115  107  100   94   89
   86   83   84   88   99  116  138  163  187  210  232  253  274  295  317  337
  354  367  376  380  382  379  396  419  395                                   
    10.0-180.0 180.0   5.0 450.0                            LAT/LON1/LON2/DLON/H
  394  404  420  440  456  470  485  500  517  529  539  547  554  559  561  559
  554  542  521  487  441  386  332  285  246  215  190  170  156  148  146  147
  149  151  154  158  162  164  161  153  142  132  122  114  106   98   91   86
   82   80   80   86   98  116  139  164  189  212  235  257  279  302  325  346
  362  375  384  388  390  388  405  427  394                                   
     7.5-180.0 180.0   5.0 450.0                            LAT/LON1/LON2/DLON/H
  399  408  419  433  444  452  460  471  485  496  507  519  530  540  547  550
  547  538  517  482  432  373  316  266  225  195  172  157  149  147  149  153
