data/edconvlstm_nd/pred2080.15i
     1.0            IONOSPHERE MAPS     GNSS                IONEX VERSION / TYPE
pyspatialgeodesy        IME             05-JAN-18 20:20     PGM / RUN BY / DATE 
Map Name                                                    COMMENT             
Predicted global ionosphere maps (GIM).                     DESCRIPTION         
  2015     7    27     0     0     0                        EPOCH OF FIRST MAP  
  2015     7    28     0     0     0                        EPOCH OF LAST MAP   
  7200                                                      INTERVAL            
    13                                                      # OF MAPS IN FILE   
  NONE                                                      MAPPING FUNCTION    
10.0                                                        ELEVATION CUTOFF    
One-way carrier phase leveled to code                       OBSERVABLES USED    
  6371.0                                                    BASE RADIUS         
 2                                                          MAP DIMENSION       
   450.0 450.0   0.0                                        HGT1 / HGT2 / DHGT  
    87.5 -87.5  -2.5                                        LAT1 / LAT2 / DLAT  
  -180.0 180.0   5.0                                        LON1 / LON2 / DLON  
    -1                                                      EXPONENT            
                                                            END OF HEADER       
[from data line 2574]
     7                                                      START OF TEC MAP    
  2015     7    27    12     0     0                        EPOCH OF CURRENT MAP
    87.5-180.0 180.0   5.0 450.0                            LAT/LON1/LON2/DLON/H
  107  114  113  119  121  121  121  118  120  122  121  122  122  122  122  122
  122  122  122  122  122  121  121  121  121  120  120  120  119  119  119  118
  118  118  117  117  117  116  116  116  115  115  115  115  114  114  114  114
  113  113  112  112  111  111  110  109  109  108  108  107  107  107  106  106
  107  108  107  105  111  109  120  118  107                                   
    85.0-180.0 180.0   5.0 450.0                            LAT/LON1/LON2/DLON/H
  108  117  129  122  122  126  127  128  129  130  130  130  130  130  129  129
  129  129  128  128  128  128  127  127  127  127  127  127  126  126  126  126
  125  125  125  124  124  124  123  123  122  122  122  121  121  120  120  119
  118  118  117  116  115  115  114  113  112  111  110  110  109  109  109  109
  111  112  109  106  106  109  116  119  108                                   
    82.5-180.0 180.0   5.0 450.0                            LAT/LON1/LON2/DLON/H
  102  117  125  120  120  125  127  129  129  130  129  130  129  128  127  126
  126  125  125  125  124  124  124  125  125  125  125  126  126  126  126  127
  127  127  127  127  127  127  126  126  126  125  125  125  124  123  123  122
  121  120  119  118  117  115  114  112  110  109  107  106  105  104  103  103
  104  104  101  101  103  112  110  108  102                                   
    80.0-180.0 180.0   5.0 450.0                            LAT/LON1/LON2/DLON/H
  101  112  122  121  121  123  126  128  129  129  128  128  126  124  123  121
  120  119  119  118  118  118  119  119  119  120  121  121  122  123  123  124
  125  125  125  126  126  126  126  126  126  126  126  125  125  125  124  123
  122  121  120  119  117  115  113  111  108  106  104  101   99   98   96   96
   97   97   96   97   97  106  112  109  101                                   
    77.5-180.0 180.0   5.0 450.0                            LAT/LON1/LON2/DLON/H
  106  114  121  123  123  127  129  131  131  130  127  126  123  121  118  117
  115  114  113  113  113  114  114  115  116  117  118  120  121  122  124  125
  126  128  129  129  130  131  131  132  132  132  132  132  132  132  132  131
  131  130  129  128  126  124  121  119  115  112  109  105  102   99   97   95
   95   95   93   96   98  101  107  109  106                                   
    75.0-180.0 180.0   5.0 450.0                            LAT/LON1/LON2/DLON/H
  101  111  114  118  120  125  126  127  127  126  122  120  117  114  111  109
  107  107  106  106  107  107  108  109  111  112  114  116  117  119  122  124
  126  128  129  131  132  133  134  135  135  136  136  136  137  137  137  137
  136  136  135  134  133  131  128  125  122  118  114  110  106  102   99   97
   96   95   93   92   96   99  105  100  101                                   
    72.5-180.0 180.0   5.0 450.0                            LAT/LON1/LON2/DLON/H
   97  106  109  114  115  121  123  124  122  121  117  114  110  107  104  102
  101  101  101  101  102  103  104  105  107  108  110  112  114  117  120  123
  126  128  131  133  135  136  138  139  140  140  141  141  142  142  142  142
  142  142  141  141  140  138  136  133  129  126  121  117  113  109  105  103
  100   98   97   95   96   98  102  102   97                                   
    70.0-180.0 180.0   5.0 450.0                            LAT/LON1/LON2/DLON/H
   95  100  102  106  106  110  111  113  112  110  107  104  101   98   96   95
   94   94   95   95   96   98   99  100  101  103  104  106  109  112  115  119
  123  127  130  133  135  137  139  141  142  143  144  144  144  144  143  143
  143  143  142  142  141  140  138  136  132  129  125  121  117  114  110  108
  106  103  101   99   98   98  102  101   95                                   
    67.5-180.0 180.0   5.0 450.0                            LAT/LON1/LON2/DLON/H
   91   94   95   98   98  101  102  103  102  101   98   97   94   93   92   92
   92   92   93   94   95   96   97   98   99  100  101  102  105  108  112  117
  121  126  130  133  136  138  140  142  143  145  146  146  145  145  144  143
  142  141  141  141  141  140  139  137  134  131  128  125  122  120  117  115
  113  110  108  104  100   99   99   97   91                                   
    65.0-180.0 180.0   5.0 450.0                            LAT/LON1/LON2/DLON/H
   88   88   87   89   87   89   90   91   91   91   89   88   88   88   89   90
   91   92   93   93   94   95   95   96   97   97   98   99  102  106  110  115
  121  126  130  134  137  140  142  145  147  149  150  150  149  147  145  143
  141  140  140  140  140  140  139  137  135  133  131  129  127  126  124  124
  122  120  117  113  108  105  103  100   88                                   
    62.5-180.0 180.0   5.0 450.0                            LAT/LON1/LON2/DLON/H
   85   82   79   80   76   78   78   79   79   80   79   80   81   84   86   88
   90   91   92   92   92   93   93   94   94   95   96   97  100  104  109  114
  120  126  130  134  138  141  144  147  150  153  154  154  152  149  146  143
  140  139  139  139  140  139  138  137  135  134  132  132  131  131  130  130
  129  127  125  120  114  108  105  102   85                                   
    60.0-180.0 180.0   5.0 450.0                            LAT/LON1/LON2/DLON/H
   84   78   73   72   66   67   68   68   68   68   68   71   74   78   82   86
   88   89   89   89   89   89   90   91   92   92   93   95   98  102  107  113
  120  125  130  134  137  141  145  149  153  157  159  159  157  153  148  144
  141  140  140  140  141  141  139  138  136  135  135  135  135  135  135  136
  135  133  130  125  119  112  108  104   84                                   
    57.5-180.0 180.0   5.0 450.0                            LAT/LON1/LON2/DLON/H
   85   76   70   68   61   61   61   60   59   59   59   62   66   72   78   82
   85   87   86   86   85   86   87   89   90   92   93   95   99  103  109  115
  121  126  131  135  138  143  147  153  158  163  166  166  164  160  155  150
  147  146  146  147  147  147  145  143  142  141  141  141  142  142  142  142
  141  138  135  130  123  116  111  106   85                                   
    55.0-180.0 180.0   5.0 450.0                            LAT/LON1/LON2/DLON/H
   89   77   71   68   60   59   58   57   55   53   53   55   59   65   72   77
   81   83   83   82   81   82   84   87   90   92   94   97  100  105  111  117
  122  127  131  135  139  144  150  157  163  169  173  175  173  168  163  158
  155  154  154  155  156  155  153  151  149  148  149  150  151  151  150  149
  146  143  139  133  126  119  113  108   89                                   
    52.5-180.0 180.0   5.0 450.0                            LAT/LON1/LON2/DLON/H
   94   82   76   73   64   63   61   59   55   52   49   51   54   60   66   72
   77   79   79   79   79   80   83   87   91   94   97  100  104  108  113  119
  124  128  132  136  141  146  153  161  169  176  181  183  182  178  173  168
  165  164  165  166  166  164  162  159  158  157  159  160  161  161  159  156
  152  147  142  136  129  121  115  110   94                                   
    50.0-180.0 180.0   5.0 450.0                            LAT/LON1/LON2/DLON/H
  101   88   83   81   73   72   70   66   61   56   51   50   51   56   61   68
   73   76   77   78   79   82   85   90   94   98  101  104  107  111  116  121
  125  129  133  137  143  149  157  166  174  182  188  190  190  187  182  178
  175  175  175  175  174  172  169  167  166  166  168  171  172  172  169  165
  159  151  145  138  131  122  117  113  101                                   
    47.5-180.0 180.0   5.0 450.0                            LAT/LON1/LON2/DLON/H
  107   97   92   91   84   83   81   77   71   64   57   54   52   54   59   65
   70   74   77   80   82   86   90   95   99  102  105  108  111  115  119  123
  126  130  134  139  146  154  163  172  180  188  194  197  197  194  190  187
  184  183  183  182  180  177  174  171  171  173  177  180  182  182  178  173
  165  156  148  140  132  124  119  115  107                                   
    45.0-180.0 180.0   5.0 450.0                            LAT/LON1/LON2/DLON/H
  112  104  101  101   96   96   95   91   84   77   68   62   57   57   59   64
   70   75   80   84   89   93   97  102  105  108  110  112  114  117  121  125
  128  132  137  143  152  161  170  179  188  194  200  203  203  201  197  194
  192  190  188  186  182  178  175  174  175  178  183  188  190  190  186  180
  171  161  152  143  134  126  121  117  112                                   
    42.5-180.0 180.0   5.0 450.0                            LAT/LON1/LON2/DLON/H
  115  110  108  109  106  107  107  104   98   91   81   73   66   63   62   66
   71   78   85   91   97  102  106  109  111  113  114  115  118  120  124  127
  131  136  142  150  160  171  181  190  197  202  207  209  209  207  204  200
  197  195  192  188  183  179  176  175  178  183  188  193  196  195  192  185
  176  165  155  145  136  127  123  119  115                                   
    40.0-180.0 180.0   5.0 450.0                            LAT/LON1/LON2/DLON/H
  116  113  112  113  111  114  115  114  110  104   95   86   77   71   68   70
   75   82   90   98  105  110  114  116  117  117  118  119  121  124  128  132
  136  142  150  160  172  184  195  203  209  213  215  217  216  214  211  207
  204  200  196  191  186  181  179  179  183  188  194  198  200  199  195  189
  180  169  158  147  137  129  125  121  116                                   
    37.5-180.0 180.0   5.0 450.0                            LAT/LON1/LON2/DLON/H
  114  113  112  113  112  116  118  119  118  114  106   98   88   80   75   75
   79   87   96  105  113  118  121  122  122  121  121  123  125  129  133  138
  144  152  161  174  187  201  211  219  223  226  227  227  226  223  220  217
  213  210  205  200  194  190  188  189  193  198  202  205  205  203  198  192
  182  172  161  149  139  130  126  122  114                                   
    35.0-180.0 180.0   5.0 450.0                            LAT/LON1/LON2/DLON/H
  112  112  111  111  109  113  116  119  120  118  113  106   97   88   82   80
   84   91  100  110  119  124  127  127  126  125  125  127  131  135  141  147
  155  164  176  190  205  219  230  237  240  242  242  241  239  237  233  231
  228  225  221  217  212  209  207  208  211  213  215  215  213  208  202  195
  186  175  164  152  141  131  128  123  112                                   
    32.5-180.0 180.0   5.0 450.0                            LAT/LON1/LON2/DLON/H
  111  111  110  108  106  109  112  115  117  117  115  110  102   94   87   85
   87   94  103  114  123  129  132  131  130  129  130  133  138  144  151  159
  168  179  193  208  223  238  248  255  259  260  260  259  257  254  252  250
  249  248  246  243  240  238  237  236  236  236  234  230  224  217  208  200
  190  179  168  155  144  133  131  125  111                                   
    30.0-180.0 180.0   5.0 450.0                            LAT/LON1/LON2/DLON/H
  114  112  111  107  103  106  108  109  112  113  112  109  104   97   91   88
   90   96  105  116  126  133  136  136  134  134  136  140  147  154  163  172
  183  196  210  226  242  255  266  273  277  280  280  279  278  276  274  274
  276  278  279  279  278  276  274  272  269  264  258  250  240  229  218  208
  197  186  174  160  148  137  134  129  114                                   
    27.5-180.0 180.0   5.0 450.0                            LAT/LON1/LON2/DLON/H
  119  117  114  109  104  105  105  105  107  108  107  106  102   97   93   90
   91   96  106  117  129  137  141  141  140  140  143  149  157  166  176  187
  199  213  228  244  258  272  282  290  295  299  301  301  301  300  300  303
  307  312  316  319  320  319  316  311  303  295  284  272  259  244  231  218
  206  194  181  167  155  143  140  134  119                                   
    25.0-180.0 180.0   5.0 450.0                            LAT/LON1/LON2/DLON/H
  127  125  121  115  109  108  107  105  104  103  102  102   99   96   93   90
   91   96  105  118  131  142  147  148  147  148  152  160  170  180  191  203
  216  230  245  259  273  285  296  304  311  317  321  323  324  325  327  332
  339  346  353  358  360  359  355  346  336  323  309  294  278  261  245  230
  216  203  190  176  163  150  147  141  127                                   
    22.5-180.0 180.0   5.0 450.0                            LAT/LON1/LON2/DLON/H
  137  135  130  124  117  115  113  108  105  102  100   98   96   94   92   90
   90   95  104  118  133  146  153  155  155  157  163  172  183  194  206  219
  232  246  260  274  286  298  308  317  326  333  339  344  347  349  353  360
  368  377  385  391  394  392  385  374  360  345  329  313  295  276  258  242
  227  213  200  185  172  158  154  149  137                                   
    20.0-180.0 180.0   5.0 450.0                            LAT/LON1/LON2/DLON/H
  147  145  140  134  127  124  120  114  109  104   99   97   94   92   90   88
   89   93  103  118  134  149  158  162  163  166  173  184  196  209  222  235
  249  262  275  288  299  310  320  330  340  349  356  362  367  371  376  383
  392  401  409  414  416  412  403  390  374  358  342  325  306  287  267  250
  234  220  207  193  180  166  162  157  147                                   
    17.5-180.0 180.0   5.0 450.0                            LAT/LON1/LON2/DLON/H
  154  154  149  142  135  131  128  121  115  108  101   97   94   91   89   87
   87   91  100  116  134  150  161  167  170  175  183  195  210  224  238  252
  265  278  291  302  313  323  333  343  354  364  372  378  383  388  393  400
  407  415  421  425  424  418  407  393  377  362  346  329  311  291  270  253
  237  224  212  199  186  173  168  164  154                                   
    15.0-180.0 180.0   5.0 450.0                            LAT/LON1/LON2/DLON/H
  159  159  154  146  139  135  132  126  119  112  104   99   95   91   88   85
   85   88   98  113  131  149  162  170  175  182  193  207  223  239  255  269
  283  296  308  319  328  338  348  358  368  377  385  391  396  400  405  409
  414  419  422  423  419  412  400  386  372  357  343  327  309  288  267  250
  234  223  213  201  189  177  172  168  159                                   
    12.5-180.0 180.0   5.0 450.0                            LAT/LON1/LON2/DLON/H
  159  160  154  145  138  133  130  126  120  113  106  100   95   91   87   83
   82   85   94  109  127  145  160  170  179  189  201  217  235  253  271  286
  301  314  326  336  345  354  363  373  383  390  396  400  403  406  408  410
  412  413  413  411  406  397  386  374  362  349  335  320  300  279  258  240
  226  216  208  199  189  178  174  169  159                                   
    10.0-180.0 180.0   5.0 450.0                            LAT/LON1/LON2/DLON/H
  158  157  151  141  132  126  124  121  117  112  105  100   95   90   85   82
   80   83   91  104  122  140  156  170  182  195  210  228  247  267  286  303
  318  331  343  353  361  370  379  387  395  400  402  403  404  404  404  403
  401  399  397  393  387  379  370  360  349  338  325  309  288  266  244  227
  214  206  200  193  185  177  174  168  158                                   
     7.5-180.0 180.0   5.0 450.0                            LAT/LON1/LON2/DLON/H
  155  153  146  134  123  116  115  112  110  106  101   97   93   88   83   80
   79   81   88  101  117  135  153  170  185  201  218  237  258  279  299  317
