data/edconvlstm_nd/pred0720.15i
     1.0            IONOSPHERE MAPS     GNSS                IONEX VERSION / TYPE
pyspatialgeodesy        IME             05-JAN-18 20:20     PGM / RUN BY / DATE 
Map Name                                                    COMMENT             
Predicted global ionosphere maps (GIM).                     DESCRIPTION         
  2015     3    13     0     0     0                        EPOCH OF FIRST MAP  
  2015     3    14     0     0     0                        EPOCH OF LAST MAP   
  7200                                                      INTERVAL            
    13                                                      # OF MAPS IN FILE   
  NONE                                                      MAPPING FUNCTION    
10.0                                                        ELEVATION CUTOFF    
One-way carrier phase leveled to code                       OBSERVABLES USED    
  6371.0                                                    BASE RADIUS         
 2                                                          MAP DIMENSION       
   450.0 450.0   0.0                                        HGT1 / HGT2 / DHGT  
    87.5 -87.5  -2.5                                        LAT1 / LAT2 / DLAT  
  -180.0 180.0   5.0                                        LON1 / LON2 / DLON  
    -1                                                      EXPONENT            
                                                            END OF HEADER       
     1                                                      START OF TEC MAP    
  2015     3    13     0     0     0                        EPOCH OF CURRENT MAP
    87.5-180.0 180.0   5.0 450.0                            LAT/LON1/LON2/DLON/H
  142  144  149  140  139  140  137  137  138  138  139  140  140  140  140  140
  139  138  137  136  134  132  130  128  126  124  122  120  118  116  115  114
  113  112  111  111  111  111  111  112  113  114  115  116  117  119  120  122
  124  125  127  129  130  132  133  134  135  136  136  137  137  137  137  138
  138  138  137  137  134  133  140  151  142                                   
    85.0-180.0 180.0   5.0 450.0                            LAT/LON1/LON2/DLON/H
  148  146  131  135  140  141  138  137  139  140  141  142  143  144  144  144
  143  142  140  137  134  131  128  124  120  117  113  110  107  104  102  100
   99   98   97   98   98   99  100  102  104  106  108  110  113  115  118  120
  123  125  128  130  132  134  136  137  139  140  141  142  143  143  143  144
  144  144  144  145  138  142  147  152  148                                   
    82.5-180.0 180.0   5.0 450.0                            LAT/LON1/LON2/DLON/H
  143  137  137  138  141  143  140  141  144  146  148  151  153  154  155  154
  153  151  148  144  139  134  128  123  117  111  106  101   96   92   89   86
   84   83   83   83   84   85   87   90   92   95   98  101  104  108  111  114
  117  121  124  127  130  133  136  138  141  143  145  147  149  150  151  152
  152  153  152  149  146  136  141  145  143                                   
    80.0-180.0 180.0   5.0 450.0                            LAT/LON1/LON2/DLON/H
  145  137  132  134  139  141  142  146  151  154  159  164  168  171  172  172
  171  167  163  157  150  142  133  124  116  107   99   91   85   79   75   71
   69   69   69   70   71   73   76   79   82   85   88   91   94   97  100  104
  107  110  114  117  121  125  128  132  136  139  143  146  149  151  154  156
  156  155  155  151  156  146  153  159  145                                   
    77.5-180.0 180.0   5.0 450.0                            LAT/LON1/LON2/DLON/H
  157  144  136  142  143  144  147  153  160  165  172  179  184  188  191  191
  188  184  177  169  160  149  139  128  117  107   97   88   80   74   69   66
   64   64   64   66   67   70   72   75   77   79   81   83   85   87   89   91
   93   96   99  103  106  110  115  119  124  129  134  139  144  148  152  156
  158  161  160  159  162  161  163  173  157                                   
    75.0-180.0 180.0   5.0 450.0                            LAT/LON1/LON2/DLON/H
  174  160  153  155  153  153  155  160  169  174  182  191  197  201  203  202
  198  191  183  174  163  152  141  129  118  106   96   86   78   72   67   64
   63   63   64   66   68   70   72   74   75   76   76   76   76   77   77   78
   79   81   83   86   89   93   97  102  107  113  119  125  132  138  145  152
  156  161  165  162  167  174  175  186  174                                   
    72.5-180.0 180.0   5.0 450.0                            LAT/LON1/LON2/DLON/H
  185  180  173  170  165  162  163  168  177  183  191  199  205  208  208  205
  199  191  181  171  161  150  139  128  117  107   97   88   80   73   69   67
   65   65   66   68   69   71   72   72   72   71   69   68   66   65   64   64
   64   65   66   68   71   74   78   83   88   94  101  108  116  125  134  143
  151  159  168  169  176  184  189  203  185                                   
    70.0-180.0 180.0   5.0 450.0                            LAT/LON1/LON2/DLON/H
  205  202  195  192  182  177  176  179  186  192  199  206  211  212  209  203
  195  185  175  166  156  147  138  129  120  111  101   93   85   79   75   72
   71   70   70   71   72   72   72   71   70   68   65   63   61   59   58   57
   57   57   58   60   63   66   69   74   79   85   92  100  109  119  129  141
  150  161  173  179  190  202  206  220  205                                   
    67.5-180.0 180.0   5.0 450.0                            LAT/LON1/LON2/DLON/H
  222  224  216  210  198  189  185  186  191  195  202  208  211  210  205  198
  188  178  168  160  153  146  139  132  124  115  106   98   90   84   78   75
   72   70   69   68   67   66   65   64   62   60   58   55   53   52   51   50
   50   51   52   54   57   60   64   68   74   80   87   95  105  115  127  139
  150  162  176  183  198  213  218  236  222                                   
    65.0-180.0 180.0   5.0 450.0                            LAT/LON1/LON2/DLON/H
  233  236  228  223  209  198  190  189  192  196  201  206  208  206  201  192
  182  173  165  160  155  151  146  139  131  122  112  103   95   88   82   76
   72   68   65   62   61   59   58   57   56   54   53   51   50   49   49   49
   49   51   53   55   58   62   66   71   77   83   91   99  109  119  131  144
  155  167  180  188  203  219  227  247  233                                   
    62.5-180.0 180.0   5.0 450.0                            LAT/LON1/LON2/DLON/H
  239  242  235  230  217  203  192  188  190  193  197  202  204  202  197  189
  182  175  171  168  165  162  157  149  139  128  117  107   98   90   84   77
   71   65   60   56   53   52   51   51   51   51   51   51   50   50   50   51
   52   54   56   60   64   68   74   80   86   93  101  110  121  132  144  156
  166  176  188  193  205  219  230  253  239                                   
    60.0-180.0 180.0   5.0 450.0                            LAT/LON1/LON2/DLON/H
  241  243  239  234  221  205  192  185  186  187  190  195  197  196  193  189
  186  183  182  181  180  176  168  157  144  130  118  107   99   92   85   78
   71   64   57   52   49   48   48   49   51   52   53   54   55   55   55   56
   57   59   62   66   71   77   84   92  100  108  117  127  139  151  164  176
  184  191  200  202  208  219  230  256  241                                   
    57.5-180.0 180.0   5.0 450.0                            LAT/LON1/LON2/DLON/H
  246  247  245  240  228  211  195  186  183  182  184  187  189  190  190  191
  192  194  196  197  194  187  176  161  145  129  117  107  101   95   89   82
   73   65   58   53   50   49   50   53   56   59   61   62   63   63   63   63
   64   66   69   73   79   87   95  105  114  124  135  147  161  175  190  202
  209  214  220  218  219  223  233  261  246                                   
    55.0-180.0 180.0   5.0 450.0                            LAT/LON1/LON2/DLON/H
  258  260  258  254  243  226  207  195  188  182  180  180  182  184  187  192
  198  203  207  207  202  192  178  160  143  128  117  109  105  101   96   88
   80   71   64   58   56   57   59   63   67   70   73   74   74   74   73   73
   73   74   76   80   87   96  106  117  128  140  153  167  183  200  217  231
  238  242  246  241  237  235  244  273  258                                   
    52.5-180.0 180.0   5.0 450.0                            LAT/LON1/LON2/DLON/H
  280  283  280  277  269  252  232  214  202  191  183  179  178  179  184  192
  200  208  211  210  203  190  174  157  141  129  121  116  113  111  106   98
   89   80   73   68   67   69   73   77   81   85   87   88   88   86   85   84
   84   84   85   89   96  105  115  127  140  152  166  182  201  220  240  257
  267  272  275  268  263  257  264  292  280                                   
    50.0-180.0 180.0   5.0 450.0                            LAT/LON1/LON2/DLON/H
  310  315  312  311  305  289  268  246  228  210  195  185  179  179  183  191
  200  207  209  205  197  184  170  157  144  135  130  127  125  122  116  107
   97   88   82   79   80   83   87   92   97  100  102  102  101   99   98   97
   96   96   97   99  105  113  124  136  148  161  175  192  211  233  256  276
  289  298  303  297  293  287  293  320  310                                   
    47.5-180.0 180.0   5.0 450.0                            LAT/LON1/LON2/DLON/H
  342  351  349  352  347  334  313  288  264  238  216  199  188  184  186  192
  199  204  203  198  189  179  170  161  154  148  145  141  137  130  120  109
   98   90   87   87   90   95  100  105  109  112  113  113  113  112  111  111
  110  110  109  111  115  122  132  143  155  167  180  196  216  238  263  285
  303  316  324  323  324  321  328  351  342                                   
    45.0-180.0 180.0   5.0 450.0                            LAT/LON1/LON2/DLON/H
  370  384  387  392  388  378  359  334  306  275  246  222  205  196  194  197
  201  202  198  192  186  181  177  173  170  166  160  153  143  130  116  102
   92   87   86   89   95  101  107  112  116  119  121  122  123  123  124  125
  125  124  123  123  126  132  141  152  162  173  185  199  218  240  264  287
  306  323  336  341  349  352  362  380  370                                   
    42.5-180.0 180.0   5.0 450.0                            LAT/LON1/LON2/DLON/H
  390  409  415  422  419  412  397  375  347  314  281  252  230  216  210  208
  208  206  201  196  193  192  193  194  191  183  171  156  138  120  103   90
   82   80   83   89   97  104  110  115  118  122  126  129  131  133  135  138
  139  139  138  137  138  143  152  162  172  182  192  205  221  241  263  285
  304  323  340  352  366  374  389  403  390                                   
    40.0-180.0 180.0   5.0 450.0                            LAT/LON1/LON2/DLON/H
  400  422  428  435  434  429  418  401  378  348  315  285  260  243  233  228
  224  219  215  212  213  216  218  217  209  194  172  149  126  106   91   80
   76   77   83   92  100  108  113  117  121  125  130  135  139  142  146  150
  153  153  151  148  149  154  162  173  184  193  202  214  228  246  265  284
  301  319  339  356  374  388  406  418  400                                   
    37.5-180.0 180.0   5.0 450.0                            LAT/LON1/LON2/DLON/H
  404  426  429  432  433  430  421  410  394  370  343  316  293  275  263  254
  248  244  241  241  244  246  246  237  219  193  164  137  114   97   86   80
   79   84   92  101  109  115  119  122  126  131  137  142  147  151  155  159
  161  161  157  154  154  159  169  182  194  205  214  225  238  255  272  289
  303  320  340  359  379  398  418  430  404                                   
    35.0-180.0 180.0   5.0 450.0                            LAT/LON1/LON2/DLON/H
  411  429  428  425  426  422  413  406  397  382  363  343  324  307  294  284
  278  275  275  277  279  276  266  245  216  183  153  129  111  100   94   94
   98  106  115  122  128  132  134  135  138  142  147  152  156  158  161  163
  164  161  156  151  151  158  170  186  201  214  226  238  252  269  286  301
  314  328  348  367  388  409  431  444  411                                   
    32.5-180.0 180.0   5.0 450.0                            LAT/LON1/LON2/DLON/H
  430  444  439  428  426  418  408  402  398  390  379  366  352  337  324  314
  308  307  310  311  308  295  272  240  204  173  148  133  125  122  124  130
  139  148  155  159  160  159  157  156  156  159  162  164  165  165  165  164
  161  156  149  143  144  152  167  186  205  221  236  251  268  286  305  322
  335  349  368  385  408  430  451  466  430                                   
    30.0-180.0 180.0   5.0 450.0                            LAT/LON1/LON2/DLON/H
  471  482  472  455  447  435  420  412  409  404  398  390  379  365  351  340
  334  334  336  333  321  296  262  225  193  171  160  157  161  169  181  194
  205  212  213  209  203  196  189  184  181  179  179  178  175  171  167  162
  156  148  139  134  135  145  162  183  204  223  242  261  282  305  327  348
  365  381  400  416  442  465  483  502  471                                   
    27.5-180.0 180.0   5.0 450.0                            LAT/LON1/LON2/DLON/H
  535  544  534  515  501  484  464  452  445  438  431  423  411  395  378  363
  354  351  348  337  314  281  245  214  194  188  193  208  226  246  264  279
  289  290  282  268  252  237  225  215  207  201  196  191  185  177  169  161
  152  142  132  126  128  139  157  179  201  223  244  267  292  319  347  373
  397  420  441  458  489  515  532  552  535                                   
    25.0-180.0 180.0   5.0 450.0                            LAT/LON1/LON2/DLON/H
  616  624  621  608  591  571  545  527  513  501  489  475  458  436  412  390
  373  362  349  327  297  263  234  217  215  228  253  284  315  341  362  375
  380  373  353  326  299  276  259  243  230  218  209  201  192  183  173  162
  151  139  128  122  125  136  155  178  202  227  251  275  302  332  364  397
  429  459  484  505  541  573  595  618  616                                   
    22.5-180.0 180.0   5.0 450.0                            LAT/LON1/LON2/DLON/H
  704  710  720  721  703  684  657  634  614  595  575  553  526  495  461  429
  401  378  352  322  288  260  244  245  263  295  337  379  415  441  457  466
  463  445  412  372  334  304  281  261  243  227  215  205  196  186  176  164
  151  138  127  121  124  136  155  179  205  232  258  285  314  346  382  420
  460  497  526  553  594  631  664  691  704                                   
    20.0-180.0 180.0   5.0 450.0                            LAT/LON1/LON2/DLON/H
  785  788  811  827  815  802  781  759  737  713  685  654  619  578  534  490
  450  413  375  338  305  285  284  303  339  386  434  476  506  523  530  528
  515  486  442  392  346  312  286  264  243  226  212  203  196  188  178  167
  154  140  130  125  127  138  157  181  207  236  264  293  323  357  397  441
  487  529  564  597  639  678  721  757  785                                   
    17.5-180.0 180.0   5.0 450.0                            LAT/LON1/LON2/DLON/H
  839  840  873  902  900  899  890  877  859  837  807  771  729  681  629  575
  524  475  428  386  355  346  359  393  437  484  525  554  567  567  558  544
  520  483  432  377  331  297  274  253  233  216  205  198  194  189  181  170
  158  146  136  131  133  142  159  181  207  236  265  296  328  364  407  455
  506  552  592  630  671  706  756  800  839                                   
    15.0-180.0 180.0   5.0 450.0                            LAT/LON1/LON2/DLON/H
  854  857  898  934  943  956  962  962  956  942  918  886  845  797  742  683
  624  567  514  470  444  443  466  502  540  571  590  593  582  560  534  508
  477  436  386  335  295  270  251  235  218  205  197  194  192  190  184  175
  164  154  145  139  139  145  159  179  205  235  265  297  331  369  413  463
  517  565  608  649  688  717  767  814  854                                   
    12.5-180.0 180.0   5.0 450.0                            LAT/LON1/LON2/DLON/H
  835  844  890  927  945  969  989 1003 1011 1011  999  978  946  905  856  801
  743  685  630  588  567  569  588  612  627  629  615  586  546  503  463  429
  397  361  321  285  260  245  234  222  209  199  194  193  193  191  186  179
  170  161  152  146  143  147  159  179  205  235  267  301  336  375  420  470
  524  572  617  659  694  718  762  805  835                                   
    10.0-180.0 180.0   5.0 450.0                            LAT/LON1/LON2/DLON/H
  803  817  862  895  915  946  975 1000 1021 1035 1038 1031 1014  988  953  910
  862  811  764  727  707  703  706  701  682  644  593  531  468  410  363  330
  308  290  273  257  247  240  233  223  212  203  199  198  197  193  187  180
  172  164  156  149  145  148  160  180  207  239  272  307  344  384  429  478
  530  578  622  663  695  715  751  787  803                                   
     7.5-180.0 180.0   5.0 450.0                            LAT/LON1/LON2/DLON/H
  776  793  830  855  873  903  934  966  996 1020 1036 1042 1040 1030 1013  988
  957  922  886  856  834  815  790  750  690  613  527  441  365  304  265  250
