data/edconvlstm_nd/pred0390.15i
     1.0            IONOSPHERE MAPS     GNSS                IONEX VERSION / TYPE
pyspatialgeodesy        IME             05-JAN-18 20:20     PGM / RUN BY / DATE 
Map Name                                                    COMMENT             
Predicted global ionosphere maps (GIM).                     DESCRIPTION         
  2015     2     8     0     0     0                        EPOCH OF FIRST MAP  
  2015     2     9     0     0     0                        EPOCH OF LAST MAP   
  7200                                                      INTERVAL            
    13                                                      # OF MAPS IN FILE   
  NONE                                                      MAPPING FUNCTION    
10.0                                                        ELEVATION CUTOFF    
One-way carrier phase leveled to code                       OBSERVABLES USED    
  6371.0                                                    BASE RADIUS         
 2                                                          MAP DIMENSION       
   450.0 450.0   0.0                                        HGT1 / HGT2 / DHGT  
    87.5 -87.5  -2.5                                        LAT1 / LAT2 / DLAT  
  -180.0 180.0   5.0                                        LON1 / LON2 / DLON  
    -1                                                      EXPONENT            
                                                            END OF HEADER       
     1                                                      START OF TEC MAP    
  2015     2     8     0     0     0                        EPOCH OF CURRENT MAP
    87.5-180.0 180.0   5.0 450.0                            LAT/LON1/LON2/DLON/H
  134  138  145  134  133  134  132  131  132  132  132  133  133  132  132  131
  130  129  127  126  124  123  121  119  118  116  115  113  111  110  108  107
  105  104  103  101  100   99   98   98   97   97   97   97   97   98   99  100
  102  103  105  106  108  109  110  112  113  114  115  116  116  116  117  118
  119  120  120  122  120  121  130  137  134                                   
    85.0-180.0 180.0   5.0 450.0                            LAT/LON1/LON2/DLON/H
  143  144  128  132  135  138  135  134  135  134  134  133  132  131  130  128
  126  124  122  119  117  114  112  110  108  106  104  102  100   98   96   95
   93   92   91   89   88   88   87   87   87   87   88   89   90   92   94   96
   98  101  103  105  108  110  112  113  115  116  117  118  119  120  120  121
  123  123  125  129  126  133  141  146  143                                   
    82.5-180.0 180.0   5.0 450.0                            LAT/LON1/LON2/DLON/H
  146  139  146  144  147  150  147  147  150  149  148  147  146  144  141  138
  135  131  128  124  120  116  113  109  106  103  100   98   95   93   91   89
   87   85   84   83   82   81   81   81   81   82   84   86   88   91   94   97
  100  104  107  111  114  117  119  122  124  125  127  128  129  130  131  132
  133  133  135  135  136  128  137  142  146                                   
    80.0-180.0 180.0   5.0 450.0                            LAT/LON1/LON2/DLON/H
  161  152  151  151  157  160  163  165  168  167  167  165  163  159  155  149
  144  138  132  125  119  114  108  103   99   95   92   89   86   84   82   80
   79   77   76   75   74   74   73   73   73   74   76   78   80   83   87   91
   96  100  105  110  114  118  121  125  127  130  132  133  135  136  137  139
  139  138  140  140  150  141  153  163  161                                   
    77.5-180.0 180.0   5.0 450.0                            LAT/LON1/LON2/DLON/H
  181  169  167  174  176  180  186  192  196  196  195  194  190  184  177  169
  160  151  142  133  124  117  110  104   98   94   90   87   85   83   81   80
   79   79   78   77   76   76   75   74   74   74   75   76   78   81   85   89
   94   99  104  109  114  119  123  127  130  133  136  138  140  142  145  147
  148  150  151  153  160  160  167  186  181                                   
    75.0-180.0 180.0   5.0 450.0                            LAT/LON1/LON2/DLON/H
  206  193  192  199  201  207  213  219  225  225  223  220  214  205  195  182
  169  156  144  132  121  112  105   98   93   89   86   84   83   82   81   81
   81   81   81   81   81   80   79   77   76   75   74   74   75   77   80   84
   88   93   98  104  109  114  118  122  126  129  132  136  139  142  146  151
  153  158  162  161  170  179  186  202  206                                   
    72.5-180.0 180.0   5.0 450.0                            LAT/LON1/LON2/DLON/H
  222  221  220  225  228  235  242  249  255  256  254  249  240  227  212  195
  177  159  143  129  116  106   98   92   88   85   83   82   81   81   81   82
   83   84   84   85   84   83   82   80   78   76   74   73   73   74   75   78
   82   86   91   96  101  105  109  112  116  119  123  127  132  137  144  151
  157  164  172  175  185  194  206  225  222                                   
    70.0-180.0 180.0   5.0 450.0                            LAT/LON1/LON2/DLON/H
  248  246  244  250  254  262  269  276  283  284  281  274  262  246  226  204
  181  160  140  123  110   99   91   86   82   80   78   78   77   78   78   79
   80   81   82   83   83   82   81   79   77   75   73   72   71   70   71   72
   75   78   83   87   91   94   97  100  103  107  111  117  124  132  142  153
  162  171  183  189  202  215  227  244  248                                   
    67.5-180.0 180.0   5.0 450.0                            LAT/LON1/LON2/DLON/H
  265  269  263  269  274  282  288  296  303  304  302  294  281  261  238  212
  185  160  138  120  105   94   86   81   78   75   74   72   71   71   70   70
   70   71   71   71   71   71   70   69   68   67   66   65   64   64   64   65
   66   68   71   74   77   80   83   85   89   93   99  107  116  127  140  154
  167  179  193  201  216  231  244  263  265                                   
    65.0-180.0 180.0   5.0 450.0                            LAT/LON1/LON2/DLON/H
  277  282  277  282  288  295  301  309  317  319  318  311  297  276  251  223
  194  167  144  124  109   97   89   84   80   77   74   71   69   66   64   62
   61   59   58   57   56   56   56   57   58   58   59   59   59   58   58   58
   58   60   62   64   66   68   70   73   77   83   91  101  113  126  142  158
  173  188  203  212  227  243  259  278  277                                   
    62.5-180.0 180.0   5.0 450.0                            LAT/LON1/LON2/DLON/H
  283  290  286  290  295  301  305  314  323  327  327  322  309  290  266  238
  209  182  158  138  122  109  100   94   88   83   79   74   70   65   61   58
   54   51   48   46   44   44   45   46   49   51   54   55   55   55   54   54
   53   54   56   57   59   61   63   67   72   79   88  101  115  131  148  166
  181  196  213  222  236  251  268  287  283                                   
    60.0-180.0 180.0   5.0 450.0                            LAT/LON1/LON2/DLON/H
  286  297  294  294  298  302  304  312  321  326  327  324  315  299  278  253
  227  202  179  158  141  126  115  105   98   91   84   78   73   67   61   56
   51   47   43   39   37   37   38   41   44   48   52   54   56   55   54   52
   51   51   52   54   56   58   61   65   72   80   92  106  122  139  157  175
  190  205  222  232  244  258  274  295  286                                   
    57.5-180.0 180.0   5.0 450.0                            LAT/LON1/LON2/DLON/H
  294  308  306  303  305  305  305  310  317  321  322  321  314  302  286  267
  246  224  202  180  161  143  128  116  106   97   90   84   77   71   65   59
   54   49   44   41   38   38   39   42   47   51   56   59   60   59   57   55
   53   52   53   55   58   61   64   69   77   88  101  116  133  151  169  186
  201  216  233  245  257  268  282  305  294                                   
    55.0-180.0 180.0   5.0 450.0                            LAT/LON1/LON2/DLON/H
  312  330  327  321  322  319  314  315  318  318  317  314  309  301  289  276
  260  241  221  199  177  156  138  123  112  103   96   90   84   79   73   67
   62   57   53   50   48   48   49   52   57   61   66   69   69   68   65   61
   59   58   60   62   65   68   72   79   87   99  113  129  147  164  182  199
  213  228  247  260  275  284  296  321  312                                   
    52.5-180.0 180.0   5.0 450.0                            LAT/LON1/LON2/DLON/H
  342  364  359  350  351  345  336  331  327  321  315  310  304  297  289  280
  268  252  233  210  186  164  145  129  118  110  104   99   94   89   83   78
   74   70   68   66   65   65   67   70   73   77   81   82   82   80   76   72
   70   69   70   73   76   80   85   91   99  111  126  142  159  177  194  210
  224  240  261  277  296  306  317  342  342                                   
    50.0-180.0 180.0   5.0 450.0                            LAT/LON1/LON2/DLON/H
  381  408  400  390  391  385  372  360  348  334  321  311  302  294  287  280
  270  256  237  214  190  168  149  135  126  119  115  110  106  101   95   90
   86   84   83   84   85   87   89   91   94   96   97   98   97   94   89   86
   83   83   85   88   92   95   99  104  112  123  137  153  170  186  202  218
  233  251  273  293  318  332  343  367  381                                   
    47.5-180.0 180.0   5.0 450.0                            LAT/LON1/LON2/DLON/H
  420  454  445  435  438  431  416  398  378  356  336  318  305  295  287  279
  269  254  234  212  190  170  154  143  136  131  127  122  117  110  103   96
   93   92   94   98  103  107  109  111  112  113  113  113  111  108  104  101
   99  100  103  106  109  111  114  118  124  134  147  161  176  191  206  221
  236  256  281  305  337  358  372  393  420                                   
    45.0-180.0 180.0   5.0 450.0                            LAT/LON1/LON2/DLON/H
  449  490  486  479  483  477  461  439  414  384  356  332  314  299  289  278
  266  250  230  209  190  174  163  154  148  144  139  133  124  114  103   95
   91   93   99  106  113  119  123  125  126  126  126  125  123  121  118  116
  116  118  121  123  125  126  127  129  135  144  156  169  182  194  207  221
  236  258  284  312  349  377  396  412  449                                   
    42.5-180.0 180.0   5.0 450.0                            LAT/LON1/LON2/DLON/H
  462  508  509  507  513  509  494  473  445  411  378  350  326  308  294  280
  265  248  229  211  197  185  177  170  164  157  149  138  125  111   98   89
   87   91  100  110  119  126  130  133  135  135  135  134  133  132  130  130
  131  133  136  138  139  138  138  140  146  155  167  178  189  200  211  224
  239  261  289  318  356  388  410  421  462                                   
    40.0-180.0 180.0   5.0 450.0                            LAT/LON1/LON2/DLON/H
  459  506  511  512  519  517  505  487  462  429  396  366  341  320  303  287
  269  252  235  221  212  205  198  190  180  168  154  139  123  108   96   90
   91   97  107  117  125  131  135  138  140  141  142  142  141  141  141  141
  143  145  148  149  149  149  149  152  159  169  181  192  203  213  223  236
  251  272  299  327  362  394  416  423  459                                   
    37.5-180.0 180.0   5.0 450.0                            LAT/LON1/LON2/DLON/H
  445  489  494  494  502  500  491  479  459  432  403  376  353  333  316  298
  280  264  251  241  235  230  221  208  192  173  155  140  127  116  109  109
  113  121  129  135  140  142  143  145  146  148  148  148  148  147  147  148
  150  152  154  156  156  156  157  163  172  185  199  212  223  235  247  261
  275  293  318  343  372  401  420  424  445                                   
    35.0-180.0 180.0   5.0 450.0                            LAT/LON1/LON2/DLON/H
  434  471  473  468  472  470  461  453  440  420  398  377  359  343  328  312
  296  283  274  268  263  255  241  220  197  175  159  149  145  145  148  155
  162  168  171  171  167  162  159  157  156  156  155  154  152  151  151  151
  152  153  156  158  159  160  164  172  185  202  220  236  250  265  280  296
  310  326  347  366  390  414  429  432  434                                   
    32.5-180.0 180.0   5.0 450.0                            LAT/LON1/LON2/DLON/H
  438  468  465  451  448  441  431  423  415  402  386  372  360  349  338  325
  313  304  298  294  286  272  250  223  197  179  170  173  185  201  218  232
  240  241  236  224  209  195  183  176  172  169  165  161  157  154  152  151
  150  151  153  156  158  161  167  178  196  218  240  261  279  297  316  335
  350  365  383  396  418  439  447  452  438                                   
    30.0-180.0 180.0   5.0 450.0                            LAT/LON1/LON2/DLON/H
  469  494  483  459  447  434  419  409  402  391  378  368  359  352  343  334
  327  322  318  311  298  276  248  221  200  191  197  218  250  285  316  336
  342  336  318  292  263  236  215  201  192  184  177  170  163  157  153  150
  149  149  150  153  156  160  168  181  202  228  255  281  304  326  350  373
  393  410  425  435  460  479  481  489  469                                   
    27.5-180.0 180.0   5.0 450.0                            LAT/LON1/LON2/DLON/H
  530  552  535  502  482  463  441  426  414  400  385  372  362  354  347  340
  335  331  326  315  295  268  241  219  211  218  243  284  335  387  429  453
  456  440  408  367  322  282  251  229  214  202  191  180  170  162  156  152
  148  147  148  151  154  159  168  183  206  235  265  294  322  349  378  408
  435  458  475  483  514  538  537  547  530                                   
    25.0-180.0 180.0   5.0 450.0                            LAT/LON1/LON2/DLON/H
  618  640  623  585  558  535  507  483  462  439  416  395  378  364  352  343
  336  331  322  305  280  254  235  228  237  263  306  364  430  494  542  566
  561  533  486  430  373  322  284  256  236  219  204  190  177  167  160  154
  150  148  148  150  154  160  169  185  210  242  277  310  342  374  409  445
  480  509  529  540  576  611  619  630  618                                   
    22.5-180.0 180.0   5.0 450.0                            LAT/LON1/LON2/DLON/H
  723  747  736  701  670  645  611  578  545  510  474  441  412  387  365  348
  335  324  309  288  264  246  242  255  283  326  382  450  522  587  631  645
  630  589  532  467  403  349  306  275  252  232  214  198  184  173  165  158
  153  149  148  150  153  158  167  184  211  247  287  326  363  401  442  485
  527  563  587  605  641  689  712  729  723                                   
    20.0-180.0 180.0   5.0 450.0                            LAT/LON1/LON2/DLON/H
  833  856  852  827  796  773  739  699  655  607  558  510  466  425  390  360
  338  318  298  276  258  254  270  304  350  404  465  530  594  645  673  673
  644  594  532  467  406  355  315  285  261  241  221  204  189  178  169  161
  155  150  147  147  148  152  160  179  208  248  293  338  381  425  473  523
  571  612  641  666  703  755  795  820  833                                   
    17.5-180.0 180.0   5.0 450.0                            LAT/LON1/LON2/DLON/H
  926  947  947  933  910  894  866  824  774  717  656  595  536  480  428  384
  350  323  299  280  274  287  323  375  433  490  543  591  631  656  660  639
  599  545  486  430  381  342  310  286  264  245  226  209  193  181  172  164
  157  150  146  143  142  143  152  171  204  248  298  348  396  444  496  551
  604  647  682  711  748  797  846  879  926                                   
    15.0-180.0 180.0   5.0 450.0                            LAT/LON1/LON2/DLON/H
  975  994 1002 1000  990  984  965  929  878  818  753  685  615  546  480  422
  377  344  320  308  315  345  398  462  522  570  602  620  625  616  592  554
  506  454  406  368  339  317  299  282  266  249  231  213  198  185  175  166
  158  150  144  139  136  137  145  165  200  247  300  353  403  454  509  567
  622  667  705  738  771  812  860  899  975                                   
    12.5-180.0 180.0   5.0 450.0                            LAT/LON1/LON2/DLON/H
  971  993 1013 1022 1025 1031 1022  992  947  892  830  763  692  616  541  474
  421  383  362  358  378  423  486  552  604  629  629  609  575  534  489  441
  392  350  320  303  297  294  290  282  270  255  238  219  203  189  178  169
  160  151  144  137  132  132  141  163  199  247  300  353  404  455  510  569
  626  672  713  749  777  809  851  887  971                                   
    10.0-180.0 180.0   5.0 450.0                            LAT/LON1/LON2/DLON/H
  934  962  992 1009 1021 1034 1032 1010  973  928  876  820  755  682  606  536
  479  440  421  425  455  509  574  631  660  653  614  555  491  430  377  330
  292  266  256  260  273  286  292  289  280  265  246  226  208  193  181  171
  162  153  144  137  131  132  142  166  202  249  301  351  400  450  504  561
  617  665  707  743  769  794  829  859  934                                   
     7.5-180.0 180.0   5.0 450.0                            LAT/LON1/LON2/DLON/H
  888  922  957  975  990 1006 1006  989  959  925  889  847  797  736  668  601
  546  509  494  504  540  594  649  682  677  631  556  470  392  332  288  257
