data/edconvlstm_nd/pred0790.15i
     1.0            IONOSPHERE MAPS     GNSS                IONEX VERSION / TYPE
pyspatialgeodesy        IME             05-JAN-18 20:20     PGM / RUN BY / DATE 
Map Name                                                    COMMENT             
Predicted global ionosphere maps (GIM).                     DESCRIPTION         
  2015     3    20     0     0     0                        EPOCH OF FIRST MAP  
  2015     3    21     0     0     0                        EPOCH OF LAST MAP   
  7200                                                      INTERVAL            
    13                                                      # OF MAPS IN FILE   
  NONE                                                      MAPPING FUNCTION    
10.0                                                        ELEVATION CUTOFF    
One-way carrier phase leveled to code                       OBSERVABLES USED    
  6371.0                                                    BASE RADIUS         
 2                                                          MAP DIMENSION       
   450.0 450.0   0.0                                        HGT1 / HGT2 / DHGT  
    87.5 -87.5  -2.5                                        LAT1 / LAT2 / DLAT  
  -180.0 180.0   5.0                                        LON1 / LON2 / DLON  
    -1                                                      EXPONENT            
                                                            END OF HEADER       
     1                                                      START OF TEC MAP    
  2015     3    20     0     0     0                        EPOCH OF CURRENT MAP
    87.5-180.0 180.0   5.0 450.0                            LAT/LON1/LON2/DLON/H
  112  109  106   99   99  102  101  100  102  102  104  105  106  106  106  106
  106  105  104  102  101   99   97   95   93   91   90   88   86   85   84   83
   82   82   82   82   82   82   83   84   84   85   86   87   88   89   90   91
   91   92   92   93   93   93   93   93   93   92   92   92   91   90   90   90
   90   89   88   89   85   95  102   98  112                                   
    85.0-180.0 180.0   5.0 450.0                            LAT/LON1/LON2/DLON/H
  110  111   91   98  102  108  106  105  107  108  110  111  112  113  113  112
  112  110  109  106  104  101   98   95   92   89   86   83   80   78   76   75
   74   73   73   73   74   75   76   77   79   81   82   84   86   88   89   91
   92   93   93   94   95   95   95   95   95   95   94   94   94   93   93   93
   93   93   93   97   98  107  114  108  110                                   
    82.5-180.0 180.0   5.0 450.0                            LAT/LON1/LON2/DLON/H
  104   94  104  105  108  115  112  113  117  119  121  124  126  127  128  127
  126  124  122  119  115  110  105  100   94   89   84   79   75   71   68   65
   64   63   63   64   65   67   69   71   74   77   80   83   85   88   90   92
   93   95   96   96   97   97   97   97   96   96   96   95   94   94   94   95
   94   94   93   92   98   92  100  103  104                                   
    80.0-180.0 180.0   5.0 450.0                            LAT/LON1/LON2/DLON/H
  114  102  102  102  110  112  114  116  121  123  127  131  134  136  136  136
  135  132  128  124  118  112  105   98   90   83   76   70   65   60   57   54
   53   53   53   55   57   59   62   65   69   72   76   79   82   85   88   90
   91   93   93   94   94   94   94   93   92   92   91   90   89   89   89   89
   90   88   88   86  104   98  108  119  114                                   
    77.5-180.0 180.0   5.0 450.0                            LAT/LON1/LON2/DLON/H
  130  118  111  117  116  117  120  124  129  132  136  140  144  146  147  147
  145  142  138  133  126  118  110  102   93   85   77   71   65   60   57   55
   54   54   55   57   60   63   67   70   74   78   81   85   88   90   92   94
   95   96   97   97   97   97   96   95   94   94   93   92   91   91   92   92
   93   95   95   95  106  111  116  131  130                                   
    75.0-180.0 180.0   5.0 450.0                            LAT/LON1/LON2/DLON/H
  148  133  133  135  130  130  129  131  135  137  140  143  146  147  147  146
  144  140  136  130  123  116  108  100   92   85   78   72   67   64   61   60
   60   61   63   66   69   72   76   79   82   85   88   90   91   92   93   94
   94   94   94   93   93   92   92   91   90   90   89   89   89   90   91   93
   94   98  101   99  113  126  129  143  148                                   
    72.5-180.0 180.0   5.0 450.0                            LAT/LON1/LON2/DLON/H
  160  156  156  154  147  143  142  143  145  144  145  147  148  147  146  143
  139  135  130  125  119  113  107  101   94   88   82   78   74   72   71   71
   72   73   75   78   81   83   86   88   89   90   91   91   90   89   88   87
   86   85   84   83   82   82   82   82   82   82   82   82   83   85   88   91
   94   99  107  109  122  136  147  164  160                                   
    70.0-180.0 180.0   5.0 450.0                            LAT/LON1/LON2/DLON/H
  180  179  179  179  169  164  160  157  157  154  153  152  150  147  142  137
  131  125  120  116  112  109  104  100   96   91   87   84   82   81   81   82
   83   85   87   89   91   93   94   95   95   94   92   90   88   86   83   81
   79   78   77   76   76   76   77   78   79   80   81   83   84   87   91   95
   99  105  114  119  133  149  162  178  180                                   
    67.5-180.0 180.0   5.0 450.0                            LAT/LON1/LON2/DLON/H
  193  197  197  197  187  180  173  168  165  160  157  154  149  143  135  126
  118  112  107  104  102  101   99   97   94   91   88   86   84   84   85   86
   87   88   89   90   91   91   92   91   90   88   85   82   78   75   71   69
   67   66   65   65   66   68   70   72   74   76   78   80   83   86   91   96
  100  106  115  120  135  152  168  185  193                                   
    65.0-180.0 180.0   5.0 450.0                            LAT/LON1/LON2/DLON/H
  197  203  204  207  198  191  182  176  172  166  162  157  149  139  128  117
  107  100   96   95   96   97   98   97   95   91   87   85   83   82   83   83
   83   83   82   82   82   82   82   81   80   77   74   70   66   62   59   57
   56   56   56   58   60   63   66   69   72   75   78   81   85   89   93   98
  102  107  114  118  131  148  166  185  197                                   
    62.5-180.0 180.0   5.0 450.0                            LAT/LON1/LON2/DLON/H
  192  201  204  209  203  195  186  180  176  170  166  160  151  138  125  112
  101   93   91   91   95   98  100   99   95   90   84   80   77   76   76   75
   74   72   70   69   68   67   68   67   66   64   60   57   54   51   48   47
   47   48   50   53   57   61   66   69   72   76   79   83   88   94   99  105
  107  110  114  115  123  140  157  176  192                                   
    60.0-180.0 180.0   5.0 450.0                            LAT/LON1/LON2/DLON/H
  181  192  198  204  200  193  183  178  175  170  166  160  151  139  124  110
   99   93   91   93   97  101  102   99   93   85   77   71   68   67   66   64
   62   59   56   54   52   52   52   52   51   49   47   44   41   39   38   38
   39   41   45   49   55   60   65   69   72   75   79   85   91   98  106  113
  115  116  118  115  117  131  146  165  181                                   
    57.5-180.0 180.0   5.0 450.0                            LAT/LON1/LON2/DLON/H
  173  184  192  199  196  189  179  174  173  168  165  161  153  141  128  115
  105   99   97   99  102  104  102   96   87   77   67   62   59   58   57   55
   52   48   44   42   41   41   41   42   41   39   37   34   32   31   30   31
   33   36   41   47   53   59   64   68   71   74   79   85   94  104  115  124
  128  128  128  123  121  129  141  160  173                                   
    55.0-180.0 180.0   5.0 450.0                            LAT/LON1/LON2/DLON/H
  174  184  192  197  194  187  177  172  171  166  164  160  154  146  135  125
  116  110  106  105  105  104   99   90   79   68   59   55   53   53   52   50
   46   41   38   36   36   37   38   38   37   35   33   30   28   27   26   27
   29   33   38   45   51   58   63   67   70   73   78   86   96  110  124  137
  144  146  147  141  136  138  146  164  174                                   
    52.5-180.0 180.0   5.0 450.0                            LAT/LON1/LON2/DLON/H
  185  194  200  203  200  192  181  175  172  167  163  160  156  151  145  138
  130  122  115  109  104   99   92   82   71   61   55   52   52   53   52   50
   46   42   39   38   39   41   42   42   41   38   35   32   30   28   26   26
   28   31   36   43   50   57   62   67   70   74   79   88  100  116  134  151
  161  168  171  167  162  159  165  180  185                                   
    50.0-180.0 180.0   5.0 450.0                            LAT/LON1/LON2/DLON/H
  208  215  217  218  214  205  193  186  181  173  167  163  160  157  155  150
  143  132  120  109  100   92   84   75   66   59   55   55   57   59   59   56
   52   49   47   48   50   52   53   52   49   46   42   39   36   33   31   30
   30   32   35   41   48   56   62   67   72   77   84   94  107  125  144  164
  179  190  198  198  196  191  196  207  208                                   
    47.5-180.0 180.0   5.0 450.0                            LAT/LON1/LON2/DLON/H
  237  244  241  239  234  225  212  203  195  184  175  169  166  165  165  161
  153  139  122  106   94   86   79   73   68   63   62   63   66   68   68   66
   62   60   60   63   66   68   67   65   61   57   53   50   47   43   39   36
   34   34   36   41   47   55   63   70   76   84   92  104  118  136  156  176
  193  210  223  229  232  230  235  241  237                                   
    45.0-180.0 180.0   5.0 450.0                            LAT/LON1/LON2/DLON/H
  266  275  269  265  257  248  236  225  215  201  189  180  175  174  174  171
  160  142  122  105   93   86   83   81   77   75   74   75   77   78   77   74
   71   70   72   77   81   83   81   77   72   69   66   64   60   56   51   46
   41   39   39   42   48   56   64   73   82   93  104  118  133  149  167  187
  204  223  241  254  265  268  275  275  266                                   
    42.5-180.0 180.0   5.0 450.0                            LAT/LON1/LON2/DLON/H
  290  303  297  290  281  272  259  248  236  220  204  193  186  184  184  179
  166  147  126  110  101   98   98   97   95   91   88   87   86   85   82   78
   75   76   80   86   91   92   90   86   82   80   79   78   75   70   64   57
   51   46   44   46   50   58   67   78   90  103  118  133  148  163  179  196
  212  232  252  270  287  297  307  303  290                                   
    40.0-180.0 180.0   5.0 450.0                            LAT/LON1/LON2/DLON/H
  307  326  321  313  302  292  280  269  257  238  221  207  199  195  193  187
  173  154  136  124  119  120  122  121  116  109  103   97   93   88   83   78
   75   77   82   89   95   96   94   91   89   89   90   91   89   84   77   69
   61   54   51   52   56   62   71   83   97  113  131  147  163  177  191  205
  219  237  258  278  298  315  326  320  307                                   
    37.5-180.0 180.0   5.0 450.0                            LAT/LON1/LON2/DLON/H
  321  346  342  332  320  309  296  286  274  255  236  221  211  206  201  194
  182  166  152  145  145  148  151  148  140  128  115  105   97   89   82   77
   76   78   85   92   98  100   99   96   95   97  100  102  101   96   89   81
   72   64   60   60   62   68   76   87  103  121  141  159  176  189  202  215
  227  243  264  284  304  323  336  331  321                                   
    35.0-180.0 180.0   5.0 450.0                            LAT/LON1/LON2/DLON/H
  340  371  367  352  340  326  312  300  288  269  250  234  222  215  210  202
  192  181  173  171  174  179  180  173  160  142  126  112  103   95   89   86
   86   90   97  105  110  111  109  106  105  107  111  113  111  106   99   91
   82   73   69   68   69   73   80   90  106  126  147  167  184  199  213  226
  238  253  272  291  309  330  344  343  340                                   
    32.5-180.0 180.0   5.0 450.0                            LAT/LON1/LON2/DLON/H
  374  409  403  384  370  352  333  318  303  283  264  247  234  225  218  211
  204  199  197  200  205  207  203  191  173  154  137  126  119  116  115  115
  118  123  129  134  136  134  128  123  121  121  123  123  120  114  108   99
   90   82   77   75   76   78   83   93  108  129  152  172  191  207  224  240
  254  270  289  305  322  342  360  364  374                                   
    30.0-180.0 180.0   5.0 450.0                            LAT/LON1/LON2/DLON/H
  426  466  459  435  419  396  370  348  327  304  282  263  249  238  230  223
  219  219  222  227  230  226  214  198  180  166  157  154  156  160  166  170
  174  176  178  178  173  165  155  147  141  138  136  133  128  122  115  106
   97   89   85   83   83   85   89   98  114  136  160  182  201  220  240  261
  280  298  316  330  347  367  388  398  426                                   
    27.5-180.0 180.0   5.0 450.0                            LAT/LON1/LON2/DLON/H
  499  544  538  511  493  465  430  398  368  337  310  288  270  257  247  240
  238  241  245  247  242  229  212  197  188  186  191  202  215  229  239  246
  247  244  238  228  215  200  185  173  164  157  151  144  136  128  120  111
  101   95   91   89   90   93   98  109  126  151  176  200  220  241  265  292
  317  339  357  371  389  408  434  448  499                                   
    25.0-180.0 180.0   5.0 450.0                            LAT/LON1/LON2/DLON/H
  584  637  638  612  591  559  516  473  431  390  354  325  303  285  273  265
  262  263  263  257  242  222  206  199  204  220  244  269  293  313  326  330
  325  314  297  276  252  230  212  197  186  176  166  156  145  135  125  114
  104   97   93   93   95   99  107  121  143  171  201  227  250  274  302  333
  364  390  411  426  447  468  499  513  584                                   
    22.5-180.0 180.0   5.0 450.0                            LAT/LON1/LON2/DLON/H
  671  731  746  727  707  673  623  569  515  462  416  379  350  327  310  298
  291  285  276  259  236  215  206  213  236  271  311  347  377  398  408  407
  394  372  343  309  277  250  230  215  203  192  180  167  154  141  128  116
  104   96   91   90   94  100  111  130  158  193  228  259  285  312  343  378
  414  444  468  488  513  536  576  586  671                                   
    20.0-180.0 180.0   5.0 450.0                            LAT/LON1/LON2/DLON/H
  746  809  842  838  821  790  739  679  615  551  494  448  411  381  358  340
  326  311  291  266  239  222  224  247  288  337  385  425  453  469  471  461
  438  404  364  321  283  254  236  224  215  205  193  179  163  147  132  117
  104   93   86   85   88   97  111  135  169  210  252  288  319  350  383  420
  457  489  517  544  573  600  650  657  746                                   
    17.5-180.0 180.0   5.0 450.0                            LAT/LON1/LON2/DLON/H
  798  857  907  920  913  890  845  786  718  647  582  527  483  446  417  392
  369  345  317  287  263  254  268  304  356  410  457  489  506  510  501  479
  446  404  357  311  273  248  234  227  222  215  204  190  173  154  136  119
  103   91   82   79   82   92  110  139  178  224  271  312  349  383  417  453
  489  521  551  585  618  647  705  711  798                                   
    15.0-180.0 180.0   5.0 450.0                            LAT/LON1/LON2/DLON/H
  819  869  929  959  964  955  923  872  807  735  668  608  559  517  481  450
  420  390  358  329  311  312  337  381  434  481  514  528  527  514  491  461
  422  377  330  288  256  237  230  228  227  223  214  200  182  162  141  121
  104   89   78   73   77   89  111  145  188  237  287  334  375  411  446  477
  509  539  571  609  644  674  735  742  819                                   
    12.5-180.0 180.0   5.0 450.0                            LAT/LON1/LON2/DLON/H
  810  849  912  955  970  975  957  920  865  801  737  680  629  584  546  511
  478  445  414  390  380  391  422  465  508  537  544  533  509  481  450  415
  378  337  298  265  242  232  230  232  234  231  223  209  191  168  144  122
  103   86   74   69   73   89  115  153  199  250  302  351  396  435  467  494
  520  546  578  619  655  684  744  754  810                                   
    10.0-180.0 180.0   5.0 450.0                            LAT/LON1/LON2/DLON/H
  784  814  876  921  941  956  952  928  886  835  782  731  684  642  604  570
  538  507  480  463  462  479  509  543  565  565  541  502  461  425  393  363
  333  303  276  255  242  238  240  243  244  240  232  217  196  170  143  119
   99   83   72   69   75   93  123  164  211  261  311  361  407  448  480  504
  525  547  580  621  657  687  742  755  784                                   
     7.5-180.0 180.0   5.0 450.0                            LAT/LON1/LON2/DLON/H
  758  785  840  880  898  917  919  905  876  839  799  760  721  684  651  621
  593  567  547  538  543  561  584  598  591  558  505  448  401  368  346  327
