data/edconvlstm_nd/pred0280.15i
     1.0            IONOSPHERE MAPS     GNSS                IONEX VERSION / TYPE
pyspatialgeodesy        IME             05-JAN-18 20:20     PGM / RUN BY / DATE 
Map Name                                                    COMMENT             
Predicted global ionosphere maps (GIM).                     DESCRIPTION         
  2015     1    28     0     0     0                        EPOCH OF FIRST MAP  
  2015     1    29     0     0     0                        EPOCH OF LAST MAP   
  7200                                                      INTERVAL            
    13                                                      # OF MAPS IN FILE   
  NONE                                                      MAPPING FUNCTION    
10.0                                                        ELEVATION CUTOFF    
One-way carrier phase leveled to code                       OBSERVABLES USED    
  6371.0                                                    BASE RADIUS         
 2                                                          MAP DIMENSION       
   450.0 450.0   0.0                                        HGT1 / HGT2 / DHGT  
    87.5 -87.5  -2.5                                        LAT1 / LAT2 / DLAT  
  -180.0 180.0   5.0                                        LON1 / LON2 / DLON  
    -1                                                      EXPONENT            
                                                            END OF HEADER       
[from data line 3432]
     9                                                      START OF TEC MAP    
  2015     1    28    16     0     0                        EPOCH OF CURRENT MAP
    87.5-180.0 180.0   5.0 450.0                            LAT/LON1/LON2/DLON/H
   75   80   78   81   85   84   83   79   80   83   83   84   85   86   87   89
   90   92   93   95   96   97   98   99  100  100  101  101  101  101  100  100
  100   99   98   97   97   96   95   95   94   94   94   94   94   94   95   95
   96   96   96   97   97   97   97   97   97   96   96   95   94   93   92   91
   90   89   85   80   83   80   93   94   75                                   
    85.0-180.0 180.0   5.0 450.0                            LAT/LON1/LON2/DLON/H
   78   77   88   70   71   73   72   73   73   76   75   77   78   80   82   84
   86   88   90   93   95   97   99  100  102  103  104  105  105  105  105  105
  104  103  102  101  100  100   99   98   98   98   98   98   99   99  100  101
  102  102  103  103  104  104  104  104  103  103  102  101  100   98   97   95
   94   91   85   78   78   77   84   81   78                                   
    82.5-180.0 180.0   5.0 450.0                            LAT/LON1/LON2/DLON/H
   60   63   66   56   58   59   61   60   60   62   62   64   65   67   69   72
   74   77   80   83   86   89   92   94   97   98  100  101  102  102  102  101
  100   99   98   96   95   93   92   91   91   90   91   91   92   93   94   96
   97   98  100  101  102  102  102  102  102  101  100   99   97   95   93   91
   89   85   79   74   74   80   74   70   60                                   
    80.0-180.0 180.0   5.0 450.0                            LAT/LON1/LON2/DLON/H
   46   46   52   44   43   39   42   43   45   46   47   50   52   54   57   61
   65   69   73   77   81   84   88   90   93   95   96   97   98   98   97   96
   94   92   89   87   84   82   80   79   78   78   78   80   81   83   86   88
   91   94   96   98  100  101  102  102  102  101  100   98   96   93   90   87
   84   80   75   70   65   67   63   67   46                                   
    77.5-180.0 180.0   5.0 450.0                            LAT/LON1/LON2/DLON/H
   50   45   44   37   37   35   36   37   38   39   40   43   46   49   53   58
   63   68   73   78   83   88   92   95   98  100  101  102  102  101   99   97
   95   92   89   85   81   78   75   72   70   70   70   71   73   76   80   84
   88   92   95   99  101  103  105  106  106  105  104  102   99   95   91   87
   83   78   73   68   63   59   59   61   50                                   
    75.0-180.0 180.0   5.0 450.0                            LAT/LON1/LON2/DLON/H
   44   43   41   38   37   36   36   37   38   40   42   45   48   53   58   63
   69   76   82   88   93   98  102  106  108  109  110  110  109  107  105  102
   99   95   90   85   80   75   71   67   65   63   63   65   67   70   74   79
   83   88   92   96   99  102  104  105  106  106  105  103  100   97   93   89
   85   80   75   68   64   59   57   52   44                                   
    72.5-180.0 180.0   5.0 450.0                            LAT/LON1/LON2/DLON/H
   48   49   47   47   44   45   46   46   46   47   49   52   56   62   68   74
   82   89   96  103  109  114  118  121  122  123  122  121  119  117  114  111
  107  102   97   91   85   78   72   67   63   61   60   60   62   65   68   72
   77   81   85   89   92   95   97   99  101  102  102  101   99   97   94   91
   87   82   78   70   65   63   62   60   48                                   
    70.0-180.0 180.0   5.0 450.0                            LAT/LON1/LON2/DLON/H
   50   55   54   55   54   54   54   55   56   58   59   64   68   74   82   89
   98  106  115  122  129  134  138  141  142  141  140  138  135  132  129  125
  120  115  109  102   94   86   79   72   67   63   61   60   60   62   64   67
   70   73   76   78   81   84   87   90   92   94   95   96   96   95   94   92
   89   85   82   75   71   69   71   68   50                                   
    67.5-180.0 180.0   5.0 450.0                            LAT/LON1/LON2/DLON/H
   54   61   61   63   64   66   66   68   68   69   71   76   82   89   98  107
  117  126  135  143  150  155  159  161  161  160  158  155  152  148  145  141
  136  130  123  115  106   97   88   80   73   68   64   61   60   60   60   61
   61   62   63   65   67   69   72   76   79   82   85   87   89   90   90   90
   88   85   83   76   71   71   71   68   54                                   
    65.0-180.0 180.0   5.0 450.0                            LAT/LON1/LON2/DLON/H
   54   61   61   65   67   70   70   72   73   75   77   83   90   99  108  119
  130  140  149  158  165  170  174  177  177  176  174  171  168  165  161  158
  153  147  139  130  119  108   98   88   80   73   68   64   60   58   55   53
   51   49   48   47   48   51   54   58   62   66   70   74   77   79   80   82
   82   81   80   76   72   72   73   71   54                                   
    62.5-180.0 180.0   5.0 450.0                            LAT/LON1/LON2/DLON/H
   52   58   58   63   65   69   69   71   72   75   78   85   93  103  115  127
  138  149  159  167  174  179  184  187  188  188  187  185  183  180  177  174
  169  162  153  143  131  118  106   95   86   78   71   65   60   55   50   45
   40   35   32   31   32   33   37   41   46   50   55   59   62   66   68   71
   72   73   73   69   66   66   66   66   52                                   
    60.0-180.0 180.0   5.0 450.0                            LAT/LON1/LON2/DLON/H
   49   52   52   57   58   61   62   64   66   69   73   81   90  102  115  128
  140  152  161  169  175  181  186  190  193  195  196  195  195  193  192  189
  184  176  166  154  141  127  113  102   91   83   75   68   61   53   46   39
   32   26   22   20   20   21   24   28   33   37   42   45   49   52   55   58
   61   62   64   61   59   58   58   60   49                                   
    57.5-180.0 180.0   5.0 450.0                            LAT/LON1/LON2/DLON/H
   47   48   47   52   52   54   55   57   59   62   67   76   86   99  113  128
  141  152  161  168  174  179  185  190  195  199  203  205  206  207  207  205
  200  192  181  167  152  137  124  111  101   92   83   75   67   58   49   41
   33   26   21   18   17   18   21   24   28   32   35   38   41   43   46   50
   53   55   58   56   54   52   52   55   47                                   
    55.0-180.0 180.0   5.0 450.0                            LAT/LON1/LON2/DLON/H
   49   48   47   51   50   51   51   52   54   58   63   72   83   97  113  129
  143  154  163  168  173  177  183  190  197  203  209  214  217  220  221  220
  215  206  194  180  164  149  136  124  113  104   95   86   77   68   58   49
   41   34   29   26   24   25   27   30   33   35   37   38   39   41   43   47
   50   53   56   55   54   51   50   54   49                                   
    52.5-180.0 180.0   5.0 450.0                            LAT/LON1/LON2/DLON/H
   56   55   54   56   54   53   53   53   55   58   64   73   84   99  116  133
  148  160  168  173  176  179  184  191  200  208  216  222  228  232  234  233
  228  219  207  193  178  163  150  139  129  120  110  101   91   82   73   64
   57   51   46   43   41   40   41   43   45   46   46   45   45   45   47   51
   54   57   62   61   60   57   56   59   56                                   
    50.0-180.0 180.0   5.0 450.0                            LAT/LON1/LON2/DLON/H
   68   68   67   67   64   63   61   61   62   66   71   80   91  106  124  142
  159  172  180  184  185  187  191  199  207  217  225  232  237  241  243  243
  238  230  218  205  191  178  167  156  146  137  127  117  107   98   89   82
   76   72   68   65   63   62   62   62   62   62   60   58   56   55   57   60
   63   67   72   73   73   70   69   68   68                                   
    47.5-180.0 180.0   5.0 450.0                            LAT/LON1/LON2/DLON/H
   82   83   82   82   78   76   74   73   75   79   85   93  104  119  137  157
  175  189  198  201  201  202  205  212  220  229  236  242  246  248  249  248
  243  236  226  214  203  192  182  173  163  152  141  130  120  111  103   98
   94   91   88   86   84   82   81   81   80   78   76   73   70   69   70   73
   76   81   85   87   87   85   84   81   82                                   
    45.0-180.0 180.0   5.0 450.0                            LAT/LON1/LON2/DLON/H
   95   96   96   95   92   90   87   87   90   96  102  111  121  135  154  174
  194  210  219  222  222  222  225  231  238  244  249  252  253  252  250  247
  243  236  229  220  212  204  196  186  175  163  151  139  128  119  112  107
  104  102  101   99   97   95   94   93   93   91   89   86   84   83   84   86
   89   93   97   99  101  100   99   95   95                                   
    42.5-180.0 180.0   5.0 450.0                            LAT/LON1/LON2/DLON/H
  102  104  104  104  101   99   97   98  103  112  120  130  141  154  172  193
  213  230  240  244  244  245  247  251  257  261  262  261  257  252  248  243
  238  233  229  224  220  214  207  197  185  171  157  143  131  121  114  109
  106  104  103  102  100   98   97   97   97   98   97   96   94   93   94   97
   99  102  105  107  109  110  109  105  102                                   
    40.0-180.0 180.0   5.0 450.0                            LAT/LON1/LON2/DLON/H
  102  105  104  105  103  101  100  104  112  124  136  148  160  173  190  210
  230  247  258  263  264  266  268  272  275  277  274  268  260  252  244  238
  234  232  231  230  229  225  218  207  193  176  160  145  132  121  112  106
  102   99   97   96   94   92   91   93   95   98   99  100  100  100  101  102
  103  104  106  108  109  110  110  107  102                                   
    37.5-180.0 180.0   5.0 450.0                            LAT/LON1/LON2/DLON/H
   97   97   97  100   99   97   98  104  116  132  148  163  176  190  206  225
  244  260  271  277  280  283  286  289  291  290  284  275  264  254  246  241
  239  239  241  244  245  242  234  221  204  185  167  150  136  124  113  105
   98   94   91   88   86   84   84   86   89   94   98  100  101  102  102  103
  102  102  103  103  102  102  102  102   97                                   
    35.0-180.0 180.0   5.0 450.0                            LAT/LON1/LON2/DLON/H
   88   86   85   90   90   88   91  100  115  135  156  175  191  206  221  238
  254  269  279  287  292  296  300  302  303  300  293  284  273  265  259  257
  258  261  267  272  273  269  258  242  222  201  181  164  149  135  123  112
  103   97   92   88   85   82   81   83   87   92   96  100  101  102  102  102
  100   98   97   95   92   90   89   91   88                                   
    32.5-180.0 180.0   5.0 450.0                            LAT/LON1/LON2/DLON/H
   81   76   75   80   80   79   83   93  111  135  161  184  204  220  234  249
  263  275  285  293  299  305  309  312  312  309  303  296  291  287  287  290
  295  302  310  316  316  309  294  274  250  227  207  189  175  161  148  136
  125  116  109  104   99   94   91   90   92   96  100  102  104  103  103  102
   99   96   94   89   85   79   78   81   81                                   
    30.0-180.0 180.0   5.0 450.0                            LAT/LON1/LON2/DLON/H
   79   72   70   75   75   73   78   88  108  135  164  191  214  232  247  260
  271  281  290  298  306  312  317  320  320  319  317  316  318  323  332  342
  353  364  374  378  374  362  341  316  290  266  245  228  215  203  191  178
  166  156  147  140  133  125  117  112  109  109  110  111  111  110  109  107
  103  100   97   90   85   77   74   76   79                                   
    27.5-180.0 180.0   5.0 450.0                            LAT/LON1/LON2/DLON/H
   83   75   73   75   76   73   78   87  108  135  167  197  223  244  259  272
  281  289  297  305  313  320  325  328  329  331  335  343  356  373  392  412
  430  444  453  453  443  423  396  366  338  313  293  278  267  258  248  237
  226  215  206  197  186  174  160  148  138  133  129  127  125  123  121  119
  115  112  108  100   94   84   79   77   83                                   
    25.0-180.0 180.0   5.0 450.0                            LAT/LON1/LON2/DLON/H
   92   85   82   83   83   81   85   93  112  139  171  203  231  253  271  284
  293  300  308  315  323  329  334  337  340  347  359  377  402  432  464  493
  517  533  538  531  512  484  451  418  389  365  347  334  326  320  314  306
  297  287  277  266  253  236  215  195  177  164  155  149  145  141  139  137
  132  130  126  119  111  100   91   84   92                                   
    22.5-180.0 180.0   5.0 450.0                            LAT/LON1/LON2/DLON/H
  106   99   94   95   95   93   97  104  122  147  178  209  238  262  281  296
  307  315  322  329  336  341  345  349  355  367  387  416  453  495  536  573
  600  613  611  595  567  533  497  464  435  413  398  387  382  380  378  374
  366  357  348  336  320  298  272  244  218  198  183  173  166  161  158  156
  152  151  146  141  132  120  107   96  106                                   
    20.0-180.0 180.0   5.0 450.0                            LAT/LON1/LON2/DLON/H
  119  114  108  108  108  106  111  118  135  159  187  217  245  271  292  309
  322  332  340  347  352  356  359  364  374  392  419  458  503  552  599  636
  660  666  657  633  601  565  530  498  473  454  440  431  427  427  428  426
  420  411  401  389  372  347  317  284  253  227  207  193  184  178  175  172
  169  170  163  161  151  138  123  110  119                                   
    17.5-180.0 180.0   5.0 450.0                            LAT/LON1/LON2/DLON/H
  129  125  118  118  117  117  123  131  148  172  198  227  254  281  305  325
  341  353  361  368  372  374  377  383  397  421  455  498  547  597  641  672
  688  688  672  646  614  580  548  521  499  482  469  459  454  454  454  451
  445  435  424  411  395  371  342  308  275  247  224  207  196  190  186  183
  179  181  174  174  163  151  134  121  129                                   
    15.0-180.0 180.0   5.0 450.0                            LAT/LON1/LON2/DLON/H
  132  129  122  122  120  121  131  141  160  185  211  238  266  293  320  343
  362  377  387  392  394  394  397  407  425  454  491  535  581  624  659  681
  688  682  665  640  612  584  558  536  517  501  485  472  463  457  453  448
  438  425  413  401  388  369  344  315  284  256  232  215  203  195  191  186
  182  183  176  176  165  154  137  125  132                                   
    12.5-180.0 180.0   5.0 450.0                            LAT/LON1/LON2/DLON/H
  128  125  120  119  117  120  133  148  170  197  224  252  280  309  338  365
  387  404  414  418  418  418  422  434  457  489  526  566  603  634  656  668
  668  660  644  625  604  583  564  547  530  513  493  473  456  443  432  420
  406  390  377  368  359  348  332  309  284  258  235  217  205  196  191  185
  179  178  170  169  158  148  131  121  128                                   
    10.0-180.0 180.0   5.0 450.0                            LAT/LON1/LON2/DLON/H
  119  115  112  111  111  116  133  152  179  210  239  268  297  328  359  389
  414  433  443  446  444  443  449  465  491  523  558  589  614  631  641  644
  641  632  621  608  596  585  573  560  543  522  496  468  443  421  402  383
  363  345  332  326  324  321  313  299  279  257  236  218  205  196  189  181
  173  170  160  156  146  137  120  111  119                                   
     7.5-180.0 180.0   5.0 450.0                            LAT/LON1/LON2/DLON/H
  110  106  104  104  104  112  132  156  189  223  255  287  318  350  383  414
  442  461  471  473  470  469  477  495  523  554  583  604  616  621  622  619
