data/edconvlstm_nd/pred2670.15i
     1.0            IONOSPHERE MAPS     GNSS                IONEX VERSION / TYPE
pyspatialgeodesy        IME             05-JAN-18 20:20     PGM / RUN BY / DATE 
Map Name                                                    COMMENT             
Predicted global ionosphere maps (GIM).                     DESCRIPTION         
  2015     9    24     0     0     0                        EPOCH OF FIRST MAP  
  2015     9    25     0     0     0                        EPOCH OF LAST MAP   
  7200                                                      INTERVAL            
    13                                                      # OF MAPS IN FILE   
  NONE                                                      MAPPING FUNCTION    
10.0                                                        ELEVATION CUTOFF    
One-way carrier phase leveled to code                       OBSERVABLES USED    
  6371.0                                                    BASE RADIUS         
 2                                                          MAP DIMENSION       
   450.0 450.0   0.0                                        HGT1 / HGT2 / DHGT  
    87.5 -87.5  -2.5                                        LAT1 / LAT2 / DLAT  
  -180.0 180.0   5.0                                        LON1 / LON2 / DLON  
    -1                                                      EXPONENT            
                                                            END OF HEADER       
[from data line 1287]
     4                                                      START OF TEC MAP    
  2015     9    24     6     0     0                        EPOCH OF CURRENT MAP
    87.5-180.0 180.0   5.0 450.0                            LAT/LON1/LON2/DLON/H
   81   86   83   87   86   85   83   78   78   78   77   76   75   74   73   72
   71   70   70   69   68   68   67   67   67   67   67   67   67   68   68   68
   69   69   69   70   70   71   71   72   72   73   74   74   75   76   76   77
   78   78   79   79   80   80   80   80   80   80   81   80   80   80   80   81
   82   83   81   81   86   90   98   93   81                                   
    85.0-180.0 180.0   5.0 450.0                            LAT/LON1/LON2/DLON/H
   76   94   90   91   91   92   90   88   87   86   84   84   82   81   79   78
   77   75   74   73   73   72   72   72   72   72   73   73   74   74   75   76
   76   77   78   78   79   80   81   81   82   83   84   85   86   88   89   90
   91   92   92   93   93   94   94   94   94   95   94   94   94   94   93   94
   95   96   92   92   91   96  102   97   76                                   
    82.5-180.0 180.0   5.0 450.0                            LAT/LON1/LON2/DLON/H
   82   92   99   92   89   91   89   87   86   85   82   81   79   77   75   72
   71   69   67   66   65   64   64   64   64   65   65   66   67   69   70   71
   73   74   76   77   79   80   81   83   85   86   88   90   92   94   96   98
  100  101  102  103  104  104  104  104  104  104  103  103  102  101  100  100
  100   99   95   94   98   96   94   91   82                                   
    80.0-180.0 180.0   5.0 450.0                            LAT/LON1/LON2/DLON/H
   89   93   94   89   89   88   87   84   83   81   78   76   73   71   68   65
   63   61   59   57   56   55   55   55   56   57   58   60   62   64   66   68
   70   72   74   76   78   80   82   84   86   88   91   94   97  100  103  105
  108  110  111  113  113  114  114  113  113  112  111  110  108  107  105  104
  103  101   99   98  101  101  101   93   89                                   
    77.5-180.0 180.0   5.0 450.0                            LAT/LON1/LON2/DLON/H
   92   92   91   87   84   86   85   83   81   79   75   73   70   67   64   61
   58   56   54   53   52   51   51   51   51   53   54   57   59   62   65   67
   70   73   75   77   79   81   83   85   88   91   95   99  103  107  112  116
  119  122  124  126  127  127  127  126  125  124  122  120  118  116  113  111
  109  106  102  102  101   94   93   90   92                                   
    75.0-180.0 180.0   5.0 450.0                            LAT/LON1/LON2/DLON/H
   85   87   83   80   77   80   78   76   74   71   67   66   62   59   57   54
   52   50   49   48   47   46   46   46   47   48   50   53   56   59   62   65
   68   70   72   74   76   78   79   82   85   88   93   98  103  109  115  120
  124  128  130  132  133  134  133  132  131  129  128  125  123  121  118  116
  112  108  104   99   98   91   89   85   85                                   
    72.5-180.0 180.0   5.0 450.0                            LAT/LON1/LON2/DLON/H
   84   84   80   75   74   77   76   74   71   69   65   64   60   58   56   54
   52   51   50   49   48   47   47   47   47   49   50   53   56   59   62   65
   68   71   73   74   76   78   80   83   86   91   97  103  110  117  124  130
  134  138  141  143  143  143  143  142  140  138  137  135  132  130  128  125
  122  117  114  109  104   95   89   86   84                                   
    70.0-180.0 180.0   5.0 450.0                            LAT/LON1/LON2/DLON/H
   87   81   78   73   70   71   69   67   66   63   60   59   56   54   53   52
   51   50   50   49   48   48   47   47   47   47   49   51   54   56   59   62
   65   67   69   70   72   73   76   80   84   90   97  105  114  122  129  135
  140  143  145  146  147  146  145  144  142  141  140  138  137  135  133  131
  128  123  121  115  108   99   94   90   87                                   
    67.5-180.0 180.0   5.0 450.0                            LAT/LON1/LON2/DLON/H
   85   79   74   69   65   65   63   61   59   57   55   54   52   51   50   50
   50   50   50   49   49   48   47   46   46   46   46   48   50   52   54   56
   58   59   61   62   63   66   69   73   79   87   95  104  113  122  129  134
  139  141  142  143  142  141  140  139  138  137  136  136  135  135  133  133
  130  126  124  118  112  102   96   92   85                                   
    65.0-180.0 180.0   5.0 450.0                            LAT/LON1/LON2/DLON/H
   89   80   74   68   63   62   60   58   56   54   52   52   51   50   50   50
   51   51   51   51   51   49   48   46   45   45   45   46   47   49   50   51
   52   53   54   56   58   60   65   71   78   87   98  108  117  126  132  137
  139  141  141  141  140  139  138  136  136  135  135  136  136  136  136  136
  134  130  129  123  118  109  102   99   89                                   
    62.5-180.0 180.0   5.0 450.0                            LAT/LON1/LON2/DLON/H
   93   84   77   70   64   61   58   56   54   52   51   51   50   50   50   51
   51   52   52   52   51   50   48   46   45   44   44   45   46   46   47   47
   48   48   49   51   53   57   63   70   80   91  102  113  123  130  136  139
  140  140  140  140  139  138  137  136  135  135  136  137  138  138  138  138
  137  134  132  127  123  115  109  105   93                                   
    60.0-180.0 180.0   5.0 450.0                            LAT/LON1/LON2/DLON/H
   98   90   82   73   66   62   57   54   52   50   48   49   48   48   49   49
   50   51   51   50   49   47   45   43   42   42   43   43   44   44   44   44
   44   44   45   48   51   56   63   72   83   95  107  118  128  134  138  140
  140  140  140  140  140  140  139  139  138  138  138  139  140  140  140  139
  138  135  134  130  127  120  114  109   98                                   
    57.5-180.0 180.0   5.0 450.0                            LAT/LON1/LON2/DLON/H
  105   97   89   79   71   65   59   54   51   49   47   47   47   47   47   48
   48   48   48   47   46   44   42   41   40   41   42   43   44   44   43   43
   42   43   45   48   53   59   68   77   89  101  114  125  134  140  143  144
  144  144  145  146  147  148  148  148  147  146  146  146  146  145  144  143
  141  137  136  133  131  125  120  114  105                                   
    55.0-180.0 180.0   5.0 450.0                            LAT/LON1/LON2/DLON/H
  112  106   98   87   78   70   63   55   51   47   45   45   45   45   45   45
   45   45   45   44   42   40   39   38   39   40   42   44   46   46   45   44
   44   45   48   53   59   66   75   85   97  109  122  133  142  147  150  151
  151  152  154  156  159  161  162  162  160  159  157  156  154  153  150  148
  144  140  139  136  135  129  124  119  112                                   
    52.5-180.0 180.0   5.0 450.0                            LAT/LON1/LON2/DLON/H
  119  115  108   96   88   79   70   60   53   48   45   44   44   44   43   43
   43   43   42   41   40   39   38   38   39   41   44   47   49   49   48   47
   48   50   54   60   68   76   85   95  106  118  130  141  150  156  159  161
  162  164  168  172  175  178  179  178  176  173  170  167  164  161  158  155
  150  145  144  140  139  133  129  124  119                                   
    50.0-180.0 180.0   5.0 450.0                            LAT/LON1/LON2/DLON/H
  126  124  117  107   98   90   79   67   58   50   46   45   43   43   42   42
   41   41   41   41   40   40   39   40   42   45   49   52   54   54   53   52
   53   56   62   70   79   88   96  106  116  127  139  150  160  166  170  173
  176  180  184  188  192  195  195  193  190  186  182  178  174  170  166  162
  157  152  150  146  143  138  135  130  126                                   
    47.5-180.0 180.0   5.0 450.0                            LAT/LON1/LON2/DLON/H
  133  131  125  117  109  101   90   76   65   55   49   47   45   44   43   42
   41   41   41   42   43   43   44   45   48   51   55   57   59   58   57   57
   58   63   71   80   90   99  108  117  127  137  149  161  170  178  184  188
  192  196  200  204  207  208  207  205  201  196  191  186  181  177  172  169
  164  159  157  152  149  143  140  136  133                                   
    45.0-180.0 180.0   5.0 450.0                            LAT/LON1/LON2/DLON/H
  138  136  131  125  118  111  100   86   73   62   54   51   48   46   45   43
   42   42   43   45   48   50   52   53   56   59   61   63   63   62   61   60
   62   68   77   88   99  109  119  128  137  148  160  172  182  191  198  203
  208  212  215  217  218  217  215  212  207  202  197  191  186  182  178  174
  171  167  164  159  156  149  147  144  138                                   
    42.5-180.0 180.0   5.0 450.0                            LAT/LON1/LON2/DLON/H
  142  139  134  130  124  118  108   95   81   69   61   57   54   52   49   47
   46   46   48   51   55   59   61   63   65   67   68   68   67   64   62   62
   64   71   81   93  105  117  128  138  148  160  172  184  195  204  211  217
  222  225  226  226  225  223  220  216  212  207  202  197  191  186  182  180
  177  174  172  167  163  156  154  151  142                                   
    40.0-180.0 180.0   5.0 450.0                            LAT/LON1/LON2/DLON/H
  144  140  134  131  125  120  111  100   87   76   68   64   61   59   56   54
   53   53   55   60   65   69   72   74   74   74   73   71   68   65   63   62
   65   72   82   95  108  122  135  147  159  171  184  197  207  216  223  229
  233  235  235  233  231  228  225  223  220  216  211  205  199  193  188  186
  184  182  181  176  172  164  160  158  144                                   
    37.5-180.0 180.0   5.0 450.0                            LAT/LON1/LON2/DLON/H
  146  139  132  127  121  116  109  100   90   81   74   72   70   68   66   63
   62   62   65   70   75   80   82   83   83   80   78   74   70   66   63   62
   65   72   82   95  109  125  140  154  168  183  196  209  219  227  233  238
  242  244  243  242  240  238  237  237  235  233  228  222  214  206  199  196
  193  191  190  186  182  174  168  164  146                                   
    35.0-180.0 180.0   5.0 450.0                            LAT/LON1/LON2/DLON/H
  149  138  128  120  113  108  102   96   89   82   78   78   77   77   76   74
   73   74   76   80   85   89   91   91   89   86   81   76   71   67   64   64
   66   72   81   93  109  126  143  161  177  192  207  219  228  235  241  246
  250  253  254  255  256  257  260  262  262  260  256  248  238  227  217  211
  207  204  202  198  194  184  177  169  149                                   
    32.5-180.0 180.0   5.0 450.0                            LAT/LON1/LON2/DLON/H
  155  140  126  114  105   98   93   88   85   81   80   81   83   84   85   85
   85   86   88   91   94   97   99   98   95   91   85   80   74   70   67   66
   68   73   81   92  108  126  146  165  183  200  214  226  234  240  246  252
  259  265  270  275  281  287  293  298  300  299  294  286  273  259  245  235
  227  221  218  213  209  197  189  177  155                                   
    30.0-180.0 180.0   5.0 450.0                            LAT/LON1/LON2/DLON/H
  165  147  130  113  102   91   86   82   81   79   80   83   86   89   91   93
   95   97   98   99  101  103  104  103  100   96   90   84   79   74   72   71
   72   75   81   91  107  126  147  168  187  204  218  229  237  243  249  258
  269  280  292  303  315  326  336  343  347  346  341  331  317  299  281  266
  254  244  239  231  227  213  204  188  165                                   
    27.5-180.0 180.0   5.0 450.0                            LAT/LON1/LON2/DLON/H
  182  162  142  121  107   93   86   81   80   79   80   83   87   91   95   99
  102  104  105  104  105  106  107  108  106  102   97   91   85   80   77   76
   76   78   83   92  106  126  147  168  188  204  218  228  236  243  252  265
  281  300  318  337  356  372  386  394  398  397  391  381  365  345  324  304
  287  273  264  254  248  232  224  205  182                                   
    25.0-180.0 180.0   5.0 450.0                            LAT/LON1/LON2/DLON/H
  205  184  164  140  124  107   97   90   87   85   84   85   87   91   96  101
  105  107  107  106  105  107  110  113  113  110  105   99   92   87   84   82
   81   82   85   93  106  125  146  167  185  201  215  225  234  244  257  275
  297  323  349  375  399  420  435  444  447  445  439  429  413  393  370  347
  325  307  295  279  272  254  246  227  205                                   
    22.5-180.0 180.0   5.0 450.0                            LAT/LON1/LON2/DLON/H
  234  214  195  171  153  133  120  110  104   98   93   91   89   91   95   99
  103  105  104  103  103  106  112  118  121  120  115  107  100   94   90   87
   85   84   86   93  106  124  144  164  181  196  210  222  233  246  264  288
  316  347  379  409  437  460  476  483  485  482  476  467  454  436  414  390
  366  344  328  309  299  279  272  254  234                                   
    20.0-180.0 180.0   5.0 450.0                            LAT/LON1/LON2/DLON/H
  268  250  234  210  191  169  153  138  128  118  109  101   96   94   95   98
  100  101   99   99  100  106  115  124  130  130  125  116  108  100   95   90
   87   85   86   92  104  122  142  160  176  191  206  220  234  252  275  303
  336  370  404  435  462  483  497  503  503  500  496  491  484  471  453  431
  406  383  364  341  329  307  299  284  268                                   
    17.5-180.0 180.0   5.0 450.0                            LAT/LON1/LON2/DLON/H
  304  290  278  255  235  211  191  172  158  144  130  118  107  101   99   99
   99   97   96   95   99  107  119  131  139  140  135  125  115  105   98   92
   86   83   84   90  102  120  139  156  172  187  203  220  239  261  288  320
  354  388  418  446  469  485  495  499  499  498  498  499  499  493  482  464
  442  420  399  374  359  337  328  316  304                                   
    15.0-180.0 180.0   5.0 450.0                            LAT/LON1/LON2/DLON/H
  341  330  321  300  279  254  230  208  190  173  156  139  125  115  110  106
  102   98   96   97  101  111  125  139  149  150  144  133  121  110  100   92
   85   80   80   87  100  117  136  153  169  185  204  224  246  272  302  335
  368  398  422  443  458  469  475  477  477  480  486  493  500  503  499  488
  471  451  431  406  389  367  357  348  341                                   
    12.5-180.0 180.0   5.0 450.0                            LAT/LON1/LON2/DLON/H
  374  368  361  341  320  293  266  241  220  201  182  163  148  136  127  120
  113  107  104  105  109  120  134  149  159  160  153  140  127  114  102   91
   82   77   77   83   97  114  133  150  167  185  205  229  254  283  314  347
  376  401  418  431  439  444  446  447  449  456  466  480  493  502  506  502
  490  474  456  434  416  396  386  378  374                                   
    10.0-180.0 180.0   5.0 450.0                            LAT/LON1/LON2/DLON/H
  404  401  393  374  353  324  294  267  245  225  206  188  173  161  151  141
  132  125  121  120  124  133  146  159  168  168  160  146  132  118  104   92
   81   74   73   80   94  111  130  147  165  184  207  232  260  290  322  353
  380  399  411  418  422  423  423  424  428  437  450  467  483  497  505  506
  499  488  474  455  439  422  412  406  404                                   
     7.5-180.0 180.0   5.0 450.0                            LAT/LON1/LON2/DLON/H
  428  427  417  398  375  345  312  285  262  244  226  211  198  188  179  169
  159  150  145  143  144  150  159  169  175  174  165  151  136  121  107   93
