data/edconvlstm_nd/pred2660.15i
     1.0            IONOSPHERE MAPS     GNSS                IONEX VERSION / TYPE
pyspatialgeodesy        IME             05-JAN-18 20:20     PGM / RUN BY / DATE 
Map Name                                                    COMMENT             
Predicted global ionosphere maps (GIM).                     DESCRIPTION         
  2015     9    23     0     0     0                        EPOCH OF FIRST MAP  
  2015     9    24     0     0     0                        EPOCH OF LAST MAP   
  7200                                                      INTERVAL            
    13                                                      # OF MAPS IN FILE   
  NONE                                                      MAPPING FUNCTION    
10.0                                                        ELEVATION CUTOFF    
One-way carrier phase leveled to code                       OBSERVABLES USED    
  6371.0                                                    BASE RADIUS         
 2                                                          MAP DIMENSION       
   450.0 450.0   0.0                                        HGT1 / HGT2 / DHGT  
    87.5 -87.5  -2.5                                        LAT1 / LAT2 / DLAT  
  -180.0 180.0   5.0                                        LON1 / LON2 / DLON  
    -1                                                      EXPONENT            
                                                            END OF HEADER       
[from data line 1287]
     4                                                      START OF TEC MAP    
  2015     9    23     6     0     0                        EPOCH OF CURRENT MAP
    87.5-180.0 180.0   5.0 450.0                            LAT/LON1/LON2/DLON/H
   75   80   79   84   83   83   82   79   79   80   80   80   80   80   79   78
   78   77   76   75   74   74   73   72   72   71   71   71   70   70   70   71
   71   71   72   72   73   73   74   74   75   76   77   77   78   79   79   80
   80   80   81   81   81   81   80   80   80   79   79   78   78   77   76   76
   77   78   76   76   81   87   94   87   75                                   
    85.0-180.0 180.0   5.0 450.0                            LAT/LON1/LON2/DLON/H
   70   88   85   86   89   91   91   90   90   91   90   91   90   90   89   88
   87   86   84   83   82   80   79   78   78   77   77   76   76   76   77   77
   78   79   80   81   82   83   84   85   86   87   88   89   90   91   92   92
   93   93   93   93   93   93   93   92   92   91   90   89   88   87   86   86
   87   87   83   83   84   89   96   91   70                                   
    82.5-180.0 180.0   5.0 450.0                            LAT/LON1/LON2/DLON/H
   75   83   94   88   88   92   92   92   93   93   93   93   93   91   90   88
   86   84   82   80   77   75   74   72   71   70   69   69   70   70   71   72
   74   76   78   80   82   84   87   89   91   93   95   97   99  101  102  103
  104  105  106  106  106  105  105  104  103  101  100   98   96   94   92   92
   91   90   86   84   90   87   86   83   75                                   
    80.0-180.0 180.0   5.0 450.0                            LAT/LON1/LON2/DLON/H
   82   83   87   83   87   87   89   89   90   91   90   91   90   88   86   84
   81   78   75   72   69   66   64   62   61   60   59   59   60   61   63   65
   68   71   74   78   81   85   88   92   95   98  101  104  107  109  111  113
  115  116  117  118  118  117  116  115  113  111  108  106  103  100   97   95
   93   90   89   87   91   91   91   83   82                                   
    77.5-180.0 180.0   5.0 450.0                            LAT/LON1/LON2/DLON/H
   85   82   82   79   79   82   84   85   87   87   86   87   86   85   83   80
   77   74   70   67   63   60   57   54   53   51   51   51   52   54   57   60
   64   68   72   77   81   86   91   95  100  104  108  112  116  120  124  127
  130  132  134  135  135  135  134  132  130  127  123  119  115  111  108  104
  101   98   93   92   91   84   83   81   85                                   
    75.0-180.0 180.0   5.0 450.0                            LAT/LON1/LON2/DLON/H
   79   77   74   72   70   74   75   75   76   76   75   76   75   74   72   70
   67   64   61   57   54   50   47   45   43   42   42   43   45   47   50   54
   58   63   68   73   78   83   88   94   99  104  109  114  119  124  128  133
  137  140  142  144  145  145  144  142  140  136  132  128  123  119  115  111
  107  102   98   92   91   84   82   80   79                                   
    72.5-180.0 180.0   5.0 450.0                            LAT/LON1/LON2/DLON/H
   79   77   73   68   68   71   72   71   71   71   70   71   70   69   68   66
   63   61   58   54   51   48   45   43   42   41   41   42   44   46   50   54
   58   63   68   74   79   85   90   96  101  107  113  120  126  132  138  143
  148  152  155  157  159  159  158  156  153  150  145  141  136  132  128  124
  120  116  113  107  102   93   87   85   79                                   
    70.0-180.0 180.0   5.0 450.0                            LAT/LON1/LON2/DLON/H
   85   78   74   68   65   65   64   63   63   62   61   62   61   60   60   59
   57   55   53   51   48   46   44   42   41   41   41   42   44   46   49   53
   57   61   66   71   76   81   87   93   99  106  113  120  127  134  141  147
  152  156  159  162  163  163  163  161  158  154  150  146  141  137  133  131
  127  123  121  116  110  102   97   93   85                                   
    67.5-180.0 180.0   5.0 450.0                            LAT/LON1/LON2/DLON/H
   85   78   73   66   62   61   59   57   56   55   53   54   53   53   53   53
   52   51   50   48   47   45   44   43   43   43   43   44   44   46   47   49
   52   56   60   64   68   73   78   85   91   99  107  116  124  132  138  144
  149  153  156  158  159  159  159  157  154  151  147  143  139  135  132  131
  128  125  124  120  115  107  101   96   85                                   
    65.0-180.0 180.0   5.0 450.0                            LAT/LON1/LON2/DLON/H
   88   81   74   66   61   58   56   54   52   51   49   50   50   50   50   50
   50   49   49   48   48   47   47   47   47   48   48   48   48   47   48   48
   50   52   55   58   62   67   73   80   88   97  106  116  125  133  139  144
  148  151  153  155  156  156  156  154  151  148  144  140  137  134  131  130
  129  127  127  123  120  113  107  102   88                                   
    62.5-180.0 180.0   5.0 450.0                            LAT/LON1/LON2/DLON/H
   90   84   76   67   61   58   55   52   51   49   48   48   48   48   48   48
   49   49   49   49   49   49   50   51   52   52   52   52   51   49   47   46
   47   48   50   53   58   63   69   77   86   96  108  118  128  136  142  146
  149  150  152  153  154  154  154  152  150  146  143  139  136  133  130  129
  128  127  128  125  123  117  111  106   90                                   
    60.0-180.0 180.0   5.0 450.0                            LAT/LON1/LON2/DLON/H
   93   87   78   68   62   58   54   51   49   47   45   46   46   46   46   46
   47   47   47   47   48   48   49   51   52   53   54   53   51   48   45   43
   42   43   46   49   54   60   67   76   86   98  111  123  133  141  146  149
  151  151  152  153  154  154  154  153  150  147  143  139  136  132  130  129
  127  126  127  125  123  119  113  107   93                                   
    57.5-180.0 180.0   5.0 450.0                            LAT/LON1/LON2/DLON/H
   97   91   82   71   65   60   55   51   48   46   44   45   44   44   44   44
   45   45   45   45   46   46   47   49   51   52   53   52   49   46   43   40
   40   41   44   49   54   61   69   79   91  105  118  131  142  150  155  157
  158  158  159  160  161  161  161  159  157  153  149  145  142  138  135  133
  131  129  129  127  126  121  116  109   97                                   
    55.0-180.0 180.0   5.0 450.0                            LAT/LON1/LON2/DLON/H
  103   96   88   76   70   64   58   52   48   45   43   43   42   42   42   42
   42   42   42   42   42   43   44   45   47   49   49   49   46   43   40   38
   38   41   45   51   58   66   75   86   99  113  128  142  153  162  167  169
  170  170  171  172  173  173  173  171  167  163  159  155  151  148  145  142
  139  135  134  131  130  125  119  112  103                                   
    52.5-180.0 180.0   5.0 450.0                            LAT/LON1/LON2/DLON/H
  112  105   96   85   78   71   64   56   50   46   43   42   41   40   40   40
   40   40   40   40   40   40   41   42   44   46   46   46   44   41   39   38
   39   43   49   56   65   74   84   95  108  123  139  153  165  174  180  184
  185  186  187  188  189  189  187  184  180  175  170  166  163  160  156  153
  149  145  143  139  136  130  125  117  112                                   
    50.0-180.0 180.0   5.0 450.0                            LAT/LON1/LON2/DLON/H
  122  115  107   98   90   82   73   63   55   48   44   42   40   39   38   38
   38   38   38   39   39   39   40   41   43   44   45   44   43   41   39   40
   42   47   55   64   74   84   94  106  119  134  149  164  177  187  194  199
  202  204  205  206  207  205  202  197  191  185  179  175  172  170  167  165
  161  157  154  148  144  138  132  125  122                                   
    47.5-180.0 180.0   5.0 450.0                            LAT/LON1/LON2/DLON/H
  133  127  120  112  104   96   86   74   63   54   47   44   41   39   37   36
   36   37   38   39   40   41   43   44   45   46   46   45   44   42   42   43
   47   53   63   73   84   95  105  117  129  144  159  174  187  199  207  214
  218  221  223  223  222  219  214  207  199  191  184  180  178  176  174  173
  170  167  164  158  153  147  141  134  133                                   
    45.0-180.0 180.0   5.0 450.0                            LAT/LON1/LON2/DLON/H
  141  137  131  126  117  110   99   86   74   63   54   49   45   42   39   37
   37   38   39   41   44   46   48   50   51   51   50   49   47   46   46   47
   52   59   70   81   93  104  115  126  139  152  167  182  196  208  218  226
  232  236  237  237  234  230  222  213  203  193  186  181  178  177  177  177
  176  174  172  167  162  155  149  143  141                                   
    42.5-180.0 180.0   5.0 450.0                            LAT/LON1/LON2/DLON/H
  146  143  138  135  128  121  111   97   84   72   63   57   52   47   44   41
   40   40   43   46   50   53   56   58   59   58   56   54   52   50   50   52
   57   64   75   87   99  112  123  135  147  160  175  189  203  216  227  236
  243  247  248  247  243  237  228  217  206  195  187  181  178  176  176  178
  179  179  177  173  168  162  155  150  146                                   
    40.0-180.0 180.0   5.0 450.0                            LAT/LON1/LON2/DLON/H
  146  144  139  137  131  125  117  104   92   82   73   68   62   57   52   48
   46   46   49   52   57   62   66   68   68   66   63   60   57   55   55   56
   60   68   78   90  103  116  129  141  154  168  182  196  209  222  234  244
  251  255  256  254  250  244  236  225  214  202  193  186  181  178  177  178
  180  181  180  177  173  166  158  152  146                                   
    37.5-180.0 180.0   5.0 450.0                            LAT/LON1/LON2/DLON/H
  143  138  133  131  127  122  115  106   97   88   81   78   73   68   62   58
   55   55   57   60   65   70   74   76   76   73   70   66   62   60   59   60
   63   70   79   91  104  119  133  147  160  174  188  202  215  228  239  249
  257  261  263  262  261  257  251  242  231  220  210  202  194  188  184  184
  184  185  185  182  177  169  160  151  143                                   
    35.0-180.0 180.0   5.0 450.0                            LAT/LON1/LON2/DLON/H
  138  130  122  119  115  111  107  101   95   90   86   85   82   79   74   70
   67   65   66   68   72   76   80   82   82   79   75   70   67   64   63   63
   66   71   79   90  104  119  135  151  166  181  195  208  220  232  243  254
  262  268  272  275  277  278  275  270  262  252  242  232  221  211  203  198
  196  195  194  190  185  173  162  150  138                                   
    32.5-180.0 180.0   5.0 450.0                            LAT/LON1/LON2/DLON/H
  136  123  112  105  101   97   94   91   89   87   87   89   88   87   84   81
   78   76   75   76   78   81   84   86   86   83   79   74   70   68   66   66
   68   72   79   89  103  119  136  153  170  186  200  213  224  236  247  258
  268  277  285  293  301  308  311  309  305  297  288  276  263  248  235  225
  218  215  211  205  197  182  170  154  136                                   
    30.0-180.0 180.0   5.0 450.0                            LAT/LON1/LON2/DLON/H
  141  122  108   95   90   84   81   79   80   80   83   88   90   91   90   89
   87   85   83   82   83   84   87   89   88   86   82   78   74   71   69   69
   70   73   79   88  102  118  137  155  173  189  204  217  228  239  251  264
  277  291  304  319  333  345  354  357  355  350  342  330  315  297  279  264
  252  244  238  228  218  199  185  165  141                                   
    27.5-180.0 180.0   5.0 450.0                            LAT/LON1/LON2/DLON/H
  157  134  114   97   89   80   75   72   72   74   78   83   87   90   92   92
   92   91   88   86   85   86   89   91   91   90   86   81   77   74   72   71
   72   74   79   88  101  117  136  155  174  191  207  220  231  243  256  271
  289  308  328  348  369  386  399  406  407  404  397  387  371  351  330  311
  294  283  273  260  248  225  211  188  157                                   
    25.0-180.0 180.0   5.0 450.0                            LAT/LON1/LON2/DLON/H
  186  159  135  114  101   89   80   73   71   71   74   79   83   86   89   92
   93   92   90   88   87   88   91   94   96   95   91   86   81   77   74   73
   73   75   79   87  100  116  135  154  173  191  208  222  234  247  263  282
  304  328  353  379  403  425  440  449  452  450  445  436  423  403  381  360
  341  327  315  298  285  259  245  222  186                                   
    22.5-180.0 180.0   5.0 450.0                            LAT/LON1/LON2/DLON/H
  227  197  171  147  129  112   99   87   81   77   76   77   79   81   84   87
   90   90   89   87   87   89   94   99  102  101   98   92   85   80   77   75
   75   76   79   87   99  115  133  152  171  190  207  223  238  253  271  294
  321  349  378  406  432  454  471  480  483  482  479  472  462  446  426  406
  387  373  360  341  327  301  284  264  227                                   
    20.0-180.0 180.0   5.0 450.0                            LAT/LON1/LON2/DLON/H
  276  247  220  194  171  149  131  113  101   92   86   82   79   79   80   83
   85   86   86   85   87   91   98  105  110  110  106   99   91   84   80   78
   76   77   79   86   98  114  132  150  169  188  207  225  242  260  282  309
  338  369  399  426  451  472  487  494  496  495  494  491  485  475  460  444
  428  415  403  384  370  344  326  310  276                                   
    17.5-180.0 180.0   5.0 450.0                            LAT/LON1/LON2/DLON/H
  327  303  277  251  223  197  173  148  131  116  105   95   87   82   80   81
   82   83   83   84   87   94  103  112  119  120  115  107   98   90   84   80
   77   76   79   86   98  113  131  149  168  187  207  227  247  268  294  323
  355  387  415  440  462  478  488  493  493  492  492  493  493  490  482  472
  460  451  441  424  409  386  368  355  327                                   
    15.0-180.0 180.0   5.0 450.0                            LAT/LON1/LON2/DLON/H
  373  355  334  309  278  248  218  189  166  147  130  115  102   92   87   85
   84   84   83   85   90   98  109  121  129  130  125  116  105   96   88   82
   78   76   78   85   97  113  131  149  168  188  209  230  253  277  305  337
  371  401  427  448  464  475  481  482  480  480  482  486  491  494  493  489
  483  477  470  456  442  422  405  394  373                                   
    12.5-180.0 180.0   5.0 450.0                            LAT/LON1/LON2/DLON/H
  408  397  380  358  327  295  262  229  203  180  161  142  124  110  101   97
   93   91   89   90   95  105  117  130  138  140  135  125  113  102   92   84
   78   75   76   84   97  113  131  149  168  188  211  234  258  285  315  349
  382  411  434  450  461  468  470  468  466  466  470  477  485  492  496  497
  496  494  490  479  466  449  435  427  408                                   
    10.0-180.0 180.0   5.0 450.0                            LAT/LON1/LON2/DLON/H
  432  426  412  390  363  330  296  262  235  212  192  171  151  135  123  116
  110  105  102  101  105  114  126  139  147  149  143  132  120  108   96   87
   79   74   76   83   97  114  132  150  168  189  212  237  262  290  322  355
  387  414  434  447  455  459  460  459  457  459  464  472  481  489  496  500
  502  503  501  493  482  469  458  450  432                                   
     7.5-180.0 180.0   5.0 450.0                            LAT/LON1/LON2/DLON/H
  447  444  429  408  383  351  317  286  261  239  220  199  179  163  151  142
  134  127  120  117  119  125  136  147  154  155  148  137  125  112  100   89
