data/edconvlstm_nd/pred0130.15i
     1.0            IONOSPHERE MAPS     GNSS                IONEX VERSION / TYPE
pyspatialgeodesy        IME             05-JAN-18 20:20     PGM / RUN BY / DATE 
Map Name                                                    COMMENT             
Predicted global ionosphere maps (GIM).                     DESCRIPTION         
  2015     1    13     0     0     0                        EPOCH OF FIRST MAP  
  2015     1    14     0     0     0                        EPOCH OF LAST MAP   
  7200                                                      INTERVAL            
    13                                                      # OF MAPS IN FILE   
  NONE                                                      MAPPING FUNCTION    
10.0                                                        ELEVATION CUTOFF    
One-way carrier phase leveled to code                       OBSERVABLES USED    
  6371.0                                                    BASE RADIUS         
 2                                                          MAP DIMENSION       
   450.0 450.0   0.0                                        HGT1 / HGT2 / DHGT  
    87.5 -87.5  -2.5                                        LAT1 / LAT2 / DLAT  
  -180.0 180.0   5.0                                        LON1 / LON2 / DLON  
    -1                                                      EXPONENT            
                                                            END OF HEADER       
[from data line 3861]
    10                                                      START OF TEC MAP    
  2015     1    13    18     0     0                        EPOCH OF CURRENT MAP
    87.5-180.0 180.0   5.0 450.0                            LAT/LON1/LON2/DLON/H
  117  122  120  126  132  132  133  132  134  138  139  142  143  145  146  147
  148  148  148  148  146  145  143  141  139  137  134  132  130  127  125  123
  122  120  119  117  116  115  114  113  112  112  111  111  110  110  109  109
  109  109  109  109  109  109  109  109  110  110  110  110  110  111  111  111
  111  112  110  107  112  110  122  119  117                                   
    85.0-180.0 180.0   5.0 450.0                            LAT/LON1/LON2/DLON/H
  125  122  136  124  126  132  134  139  142  146  148  151  154  156  159  160
  161  162  162  161  160  158  155  152  149  146  143  139  136  133  130  128
  125  123  121  119  118  117  115  114  113  112  112  111  110  110  109  109
  109  109  109  109  109  109  109  110  110  110  110  110  111  111  111  111
  112  112  108  104  107  108  111  109  125                                   
    82.5-180.0 180.0   5.0 450.0                            LAT/LON1/LON2/DLON/H
  107  110  114  111  116  124  130  134  138  143  148  154  158  162  166  169
  171  171  171  170  167  163  159  154  148  142  137  131  126  122  118  114
  112  109  107  106  104  103  102  101  100   99   99   98   97   97   96   96
   96   96   97   97   98   99  100  100  101  101  102  102  102  102  102  101
  102  101   98   96   98  108  100   98  107                                   
    80.0-180.0 180.0   5.0 450.0                            LAT/LON1/LON2/DLON/H
   84   87   94   92   97  101  109  116  123  130  136  144  151  157  163  167
  170  172  171  169  165  159  152  144  136  127  119  111  105   99   94   91
   88   87   86   85   85   85   85   85   84   84   83   83   82   82   81   81
   82   82   83   85   86   87   88   90   90   91   91   91   91   90   89   88
   87   86   84   83   80   85   81   86   84                                   
    77.5-180.0 180.0   5.0 450.0                            LAT/LON1/LON2/DLON/H
   81   78   81   79   85   90   97  103  111  118  126  136  145  155  163  170
  175  178  179  176  171  164  154  142  130  118  106   96   87   80   75   72
   70   70   70   71   73   74   75   76   76   76   75   74   73   73   73   73
   74   75   76   78   81   83   85   87   88   89   89   89   88   87   85   83
   81   80   78   77   74   74   74   80   81                                   
    75.0-180.0 180.0   5.0 450.0                            LAT/LON1/LON2/DLON/H
   68   69   69   69   73   78   83   88   96  104  113  124  136  147  159  169
  177  182  184  183  177  168  156  141  126  110   95   82   72   64   59   56
   55   56   57   60   63   65   68   69   70   70   70   69   68   67   67   68
   69   71   73   76   78   81   83   85   87   88   89   88   87   86   83   81
   79   77   75   72   70   69   67   65   68                                   
    72.5-180.0 180.0   5.0 450.0                            LAT/LON1/LON2/DLON/H
   70   70   69   73   72   75   79   83   88   95  105  117  130  145  160  174
  185  194  199  199  195  185  171  153  134  114   95   79   67   57   51   48
   47   48   50   53   57   60   63   65   66   66   65   64   63   62   62   63
   65   67   70   73   76   79   82   85   87   88   89   89   88   87   84   82
   79   77   75   71   69   69   69   71   70                                   
    70.0-180.0 180.0   5.0 450.0                            LAT/LON1/LON2/DLON/H
   73   73   73   75   73   74   75   78   83   90  100  113  128  145  163  180
  196  209  217  221  218  210  195  176  154  131  109   90   75   63   56   51
   49   49   50   52   55   58   60   62   63   63   62   61   60   59   59   60
   62   65   68   71   75   78   80   83   84   86   87   87   87   86   84   82
   80   77   77   74   73   72   76   77   73                                   
    67.5-180.0 180.0   5.0 450.0                            LAT/LON1/LON2/DLON/H
   79   79   78   81   79   79   80   83   87   94  105  118  135  154  175  196
  216  233  245  252  252  245  231  211  188  162  138  116   98   84   73   66
   61   58   56   56   56   57   58   59   60   59   58   57   56   55   56   57
   60   62   66   69   72   75   77   79   80   82   83   84   84   84   83   82
   80   78   78   75   73   74   76   77   79                                   
    65.0-180.0 180.0   5.0 450.0                            LAT/LON1/LON2/DLON/H
   78   78   76   81   79   79   81   85   91  100  111  126  144  165  188  212
  235  256  272  283  286  282  269  250  226  199  173  150  130  113  100   88
   79   71   65   60   56   54   53   53   52   52   51   50   49   48   49   50
   53   56   59   62   64   66   67   68   69   70   72   73   74   75   76   75
   75   74   75   74   73   75   78   80   78                                   
    62.5-180.0 180.0   5.0 450.0                            LAT/LON1/LON2/DLON/H
   72   72   69   75   75   78   82   90   99  110  124  140  159  181  205  231
  256  280  299  313  320  317  306  288  264  238  212  188  167  148  132  117
  102   89   76   66   57   51   48   46   45   44   44   43   42   41   42   44
   46   49   52   54   55   56   56   57   57   58   60   62   63   65   67   67
   67   68   69   68   67   69   70   73   72                                   
    60.0-180.0 180.0   5.0 450.0                            LAT/LON1/LON2/DLON/H
   61   59   57   64   66   71   79   92  105  121  138  156  175  197  221  247
  274  299  321  337  345  345  335  318  295  270  246  223  202  183  165  146
  127  107   89   72   60   50   44   41   40   39   39   38   37   36   37   38
   40   43   45   46   47   46   46   46   46   47   48   50   52   55   57   58
   59   60   61   60   59   61   63   67   61                                   
    57.5-180.0 180.0   5.0 450.0                            LAT/LON1/LON2/DLON/H
   48   46   44   52   57   65   78   96  115  135  155  174  193  214  237  262
  288  314  336  353  362  362  354  339  318  296  274  254  235  217  198  176
  153  128  104   84   67   55   48   44   42   42   41   40   38   37   37   38
   39   41   42   43   43   42   41   40   40   40   41   43   46   48   51   53
   54   55   57   55   54   54   55   61   48                                   
    55.0-180.0 180.0   5.0 450.0                            LAT/LON1/LON2/DLON/H
   39   38   36   45   52   63   81  103  127  151  174  193  212  231  251  274
  299  322  343  359  368  369  362  349  331  312  294  277  261  244  225  203
  176  148  121   97   78   65   57   53   52   51   50   48   46   44   43   43
   43   44   45   45   44   43   42   41   40   40   41   42   44   46   49   52
   53   55   57   55   53   52   52   59   39                                   
    52.5-180.0 180.0   5.0 450.0                            LAT/LON1/LON2/DLON/H
   37   37   36   45   54   68   89  115  143  170  193  213  230  246  264  284
  306  326  345  358  366  367  361  351  337  321  307  293  280  265  246  223
  196  166  138  113   94   81   73   69   67   66   65   62   59   56   54   53
   53   53   53   53   52   51   49   48   47   46   46   46   47   49   52   55
   58   60   63   61   58   56   55   62   37                                   
    50.0-180.0 180.0   5.0 450.0                            LAT/LON1/LON2/DLON/H
   46   45   45   55   66   82  106  134  164  192  215  234  249  263  278  295
  313  329  344  354  360  361  358  350  339  327  316  304  292  278  260  236
  208  179  152  129  111   99   92   88   86   84   82   79   75   72   69   67
   66   66   66   65   64   62   61   59   58   56   55   54   54   56   59   62
   65   69   73   73   69   66   63   70   46                                   
    47.5-180.0 180.0   5.0 450.0                            LAT/LON1/LON2/DLON/H
   61   60   63   74   87  105  130  158  187  215  237  255  269  281  294  308
  322  334  344  351  356  357  356  351  343  333  323  311  299  284  264  240
  213  185  161  141  126  116  110  106  102   99   96   93   89   85   83   81
   81   80   80   79   77   76   74   72   70   68   65   63   63   64   67   71
   74   79   84   86   83   79   76   81   61                                   
    45.0-180.0 180.0   5.0 450.0                            LAT/LON1/LON2/DLON/H
   81   79   85   98  113  132  156  183  211  237  259  276  289  300  312  324
  334  343  349  353  355  358  359  356  350  341  329  316  301  284  262  236
  210  185  164  148  137  129  123  118  114  109  105  101   98   95   93   92
   92   92   92   90   89   87   85   83   81   77   74   71   70   71   74   77
   81   87   92   96   95   91   88   93   81                                   
    42.5-180.0 180.0   5.0 450.0                            LAT/LON1/LON2/DLON/H
   97   96  105  120  137  157  179  204  230  256  277  294  308  320  331  342
  350  356  358  359  361  365  367  366  360  350  336  319  301  280  256  229
  204  181  164  152  144  138  132  126  120  114  108  104  101   99   98   98
   98   99   98   97   95   93   92   89   87   83   79   76   75   75   77   81
   84   89   94  100  101   97   95  101   97                                   
    40.0-180.0 180.0   5.0 450.0                            LAT/LON1/LON2/DLON/H
  107  106  116  135  155  174  195  219  243  268  289  308  323  337  349  360
  367  370  371  371  372  376  379  378  371  359  342  323  302  279  253  226
  202  181  167  158  151  145  139  131  123  116  110  105  102  100  100  100
  100  100  100   99   97   95   94   92   89   85   80   77   76   76   78   80
   82   85   90   95   97   94   94  102  107                                   
    37.5-180.0 180.0   5.0 450.0                            LAT/LON1/LON2/DLON/H
  107  106  118  141  163  182  203  226  249  274  296  317  334  350  364  375
  382  384  384  384  386  390  392  390  381  366  348  329  308  286  261  236
  213  194  181  172  165  158  150  141  131  122  115  109  105  102  101  100
  100   99   98   97   96   95   93   92   89   84   80   76   75   75   76   77
   77   78   81   84   85   83   84   95  107                                   
    35.0-180.0 180.0   5.0 450.0                            LAT/LON1/LON2/DLON/H
  101  100  113  138  161  180  202  225  249  274  298  320  340  357  373  384
  391  394  394  395  398  401  402  398  387  373  357  341  325  307  287  265
  244  226  212  201  191  181  170  159  148  138  129  121  114  109  106  103
  101   99   97   96   95   95   95   93   90   85   81   77   75   75   76   75
   73   71   71   72   71   68   70   84  101                                   
    32.5-180.0 180.0   5.0 450.0                            LAT/LON1/LON2/DLON/H
   92   91  105  131  155  174  197  220  245  271  296  319  340  359  375  387
  394  397  399  402  405  407  406  400  390  379  370  362  356  347  334  317
  298  279  262  246  231  217  203  190  178  166  154  143  133  124  117  111
  107  103  101   99   99  100  100   99   96   91   86   82   80   79   79   78
   73   69   66   64   62   58   59   74   92                                   
    30.0-180.0 180.0   5.0 450.0                            LAT/LON1/LON2/DLON/H
   86   86  100  126  151  169  194  217  242  268  293  317  339  357  372  383
  390  395  399  403  406  407  405  399  393  390  391  397  403  407  404  394
  376  354  330  307  284  265  248  233  220  207  192  176  162  149  137  128
  120  115  111  109  110  111  111  111  107  102   97   92   90   88   87   85
   80   75   70   64   61   55   55   70   86                                   
    27.5-180.0 180.0   5.0 450.0                            LAT/LON1/LON2/DLON/H
   87   87  101  127  153  171  198  220  245  270  294  317  338  355  368  377
  383  389  395  400  404  405  402  400  400  408  424  445  468  487  495  491
  472  444  411  377  345  319  300  285  271  256  237  217  197  180  165  152
  142  134  129  127  127  128  129  128  124  118  111  106  103  100   99   97
   91   87   80   74   69   63   60   73   87                                   
    25.0-180.0 180.0   5.0 450.0                            LAT/LON1/LON2/DLON/H
   96   96  111  137  166  184  212  234  258  281  303  323  341  355  366  373
  378  384  392  399  404  405  405  407  418  439  470  508  547  580  598  597
  576  539  493  447  405  373  351  335  322  305  283  258  234  212  195  180
  168  160  154  151  150  151  151  148  143  135  127  120  115  113  111  110
  105  103   96   91   85   77   72   82   96                                   
    22.5-180.0 180.0   5.0 450.0                            LAT/LON1/LON2/DLON/H
  113  112  129  156  187  207  237  258  281  302  321  338  353  365  372  376
  381  387  396  405  411  414  417  428  449  484  529  581  632  674  697  695
  666  619  562  504  454  417  392  377  363  344  318  290  262  239  221  207
  196  188  182  178  177  176  174  169  161  151  140  132  126  122  121  121
  118  119  112  110  103   95   87   95  113                                   
    20.0-180.0 180.0   5.0 450.0                            LAT/LON1/LON2/DLON/H
  133  132  151  179  213  237  269  290  312  331  349  364  376  385  390  393
  396  403  413  422  430  435  445  463  496  542  598  658  713  755  774  764
  727  671  606  541  485  444  418  401  386  365  336  305  277  255  240  229
  221  215  210  206  202  198  194  186  176  163  151  141  134  129  128  128
  128  131  126  126  120  111  102  109  133                                   
    17.5-180.0 180.0   5.0 450.0                            LAT/LON1/LON2/DLON/H
  151  152  172  203  241  267  301  324  347  367  384  399  411  419  423  424
  427  433  443  454  463  473  488  515  556  610  670  728  778  809  816  796
  752  691  623  555  496  453  425  407  389  365  334  302  276  258  247  242
  239  237  233  228  222  216  208  199  186  172  159  147  139  134  132  133
  133  138  134  135  130  121  113  122  151                                   
    15.0-180.0 180.0   5.0 450.0                            LAT/LON1/LON2/DLON/H
  162  166  190  223  265  295  331  355  381  403  422  440  453  463  468  469
  472  479  489  500  511  525  546  580  626  680  735  782  814  827  818  789
  741  681  615  549  492  449  419  398  376  348  315  284  261  248  244  245
  248  249  247  242  234  225  216  206  193  179  165  153  144  138  136  135
  135  140  136  136  131  124  117  129  162                                   
    12.5-180.0 180.0   5.0 450.0                            LAT/LON1/LON2/DLON/H
  164  173  201  237  282  317  355  382  410  436  460  481  499  512  519  524
  528  535  545  557  570  587  613  650  696  743  784  810  819  811  788  752
  705  650  591  533  481  439  407  381  354  322  289  260  241  233  234  240
  247  251  251  246  237  228  218  208  197  183  170  158  148  142  138  136
  135  138  133  130  126  120  115  130  164                                   
    10.0-180.0 180.0   5.0 450.0                            LAT/LON1/LON2/DLON/H
  158  172  204  244  293  332  372  402  434  464  492  518  540  558  570  579
  586  595  606  618  632  652  680  716  754  788  807  809  795  769  736  698
  656  611  564  516  471  431  397  365  333  299  266  239  223  218  222  231
  241  248  249  244  236  226  218  210  200  189  176  164  154  147  142  137
  134  134  127  121  117  113  108  125  158                                   
     7.5-180.0 180.0   5.0 450.0                            LAT/LON1/LON2/DLON/H
  149  168  203  246  298  340  383  416  451  485  517  547  572  594  612  626
  638  649  661  673  689  710  736  767  793  808  804  783  751  715  679  645
