data/edconvlstm_nd/pred1210.15i
     1.0            IONOSPHERE MAPS     GNSS                IONEX VERSION / TYPE
pyspatialgeodesy        IME             05-JAN-18 20:20     PGM / RUN BY / DATE 
Map Name                                                    COMMENT             
Predicted global ionosphere maps (GIM).                     DESCRIPTION         
  2015     5     1     0     0     0                        EPOCH OF FIRST MAP  
  2015     5     2     0     0     0                        EPOCH OF LAST MAP   
  7200                                                      INTERVAL            
    13                                                      # OF MAPS IN FILE   
  NONE                                                      MAPPING FUNCTION    
10.0                                                        ELEVATION CUTOFF    
One-way carrier phase leveled to code                       OBSERVABLES USED    
  6371.0                                                    BASE RADIUS         
 2                                                          MAP DIMENSION       
   450.0 450.0   0.0                                        HGT1 / HGT2 / DHGT  
    87.5 -87.5  -2.5                                        LAT1 / LAT2 / DLAT  
  -180.0 180.0   5.0                                        LON1 / LON2 / DLON  
    -1                                                      EXPONENT            
                                                            END OF HEADER       
[from data line 1716]
     5                                                      START OF TEC MAP    
  2015     5     1     8     0     0                        EPOCH OF CURRENT MAP
    87.5-180.0 180.0   5.0 450.0                            LAT/LON1/LON2/DLON/H
  164  159  154  158  161  161  161  161  165  168  171  174  176  179  181  183
  185  187  188  189  190  190  190  190  190  189  189  188  187  187  186  186
  185  184  184  183  182  182  181  180  179  178  177  175  174  173  172  170
  169  168  166  165  164  163  162  160  159  158  157  156  155  154  153  152
  151  153  151  150  155  153  157  154  164                                   
    85.0-180.0 180.0   5.0 450.0                            LAT/LON1/LON2/DLON/H
  156  153  154  154  156  158  160  163  167  170  173  177  180  184  187  190
  192  194  196  197  198  198  199  198  198  197  197  196  196  195  195  195
  194  194  194  193  193  192  191  190  189  188  187  185  184  183  181  180
  178  177  175  174  172  171  169  168  167  165  164  162  161  160  158  157
  157  158  153  153  149  149  152  153  156                                   
    82.5-180.0 180.0   5.0 450.0                            LAT/LON1/LON2/DLON/H
  148  147  146  141  141  143  145  148  152  156  160  165  169  174  178  182
  186  188  190  192  192  192  192  191  190  189  188  187  187  187  187  188
  188  189  190  191  191  191  190  190  189  188  187  186  184  183  182  180
  179  177  176  174  173  171  170  169  167  166  164  163  161  159  157  156
  155  154  148  150  147  147  144  136  148                                   
    80.0-180.0 180.0   5.0 450.0                            LAT/LON1/LON2/DLON/H
  146  142  137  134  133  131  133  136  140  144  149  155  161  168  173  179
  183  186  188  188  188  187  184  182  179  177  175  174  174  175  176  178
  180  182  184  186  188  189  189  189  189  189  188  188  187  186  186  185
  184  184  183  182  181  181  180  179  178  177  176  175  173  172  170  168
  166  163  157  156  152  150  152  137  146                                   
    77.5-180.0 180.0   5.0 450.0                            LAT/LON1/LON2/DLON/H
  153  145  141  136  131  127  126  127  130  133  137  144  151  159  166  172
  177  181  183  182  181  177  173  169  165  161  159  158  158  160  163  167
  171  176  180  184  187  189  191  192  192  193  193  193  194  194  195  195
  196  196  196  196  196  197  197  197  198  198  197  197  196  194  193  191
  188  185  177  176  173  165  162  154  153                                   
    75.0-180.0 180.0   5.0 450.0                            LAT/LON1/LON2/DLON/H
  162  158  148  142  134  128  124  121  122  124  128  134  141  149  157  165
  171  175  176  175  172  167  161  155  149  144  141  140  141  145  150  156
  163  170  176  181  186  189  191  193  194  195  196  198  200  202  204  206
  207  209  210  211  211  213  214  215  217  218  219  220  219  219  217  216
  213  210  203  196  192  185  181  171  162                                   
    72.5-180.0 180.0   5.0 450.0                            LAT/LON1/LON2/DLON/H
  173  172  162  153  142  133  127  121  120  119  121  126  133  141  150  157
  164  168  170  169  165  159  151  143  136  130  127  127  130  135  142  151
  160  169  177  183  188  192  194  196  197  199  201  204  207  211  214  217
  219  221  222  223  224  225  227  229  231  233  235  236  237  237  236  235
  233  231  225  220  212  205  200  193  173                                   
    70.0-180.0 180.0   5.0 450.0                            LAT/LON1/LON2/DLON/H
  186  184  175  163  149  138  129  121  117  115  115  118  124  131  139  147
  154  159  161  160  155  149  141  132  125  119  117  117  122  129  138  149
  160  170  178  185  190  193  195  197  198  200  203  206  211  216  220  224
  227  228  228  228  228  229  230  231  234  236  238  240  240  241  240  240
  239  237  234  229  223  219  216  211  186                                   
    67.5-180.0 180.0   5.0 450.0                            LAT/LON1/LON2/DLON/H
  190  190  181  170  155  143  133  123  118  113  112  114  118  124  131  138
  145  150  152  151  148  141  134  125  118  114  112  114  120  129  139  151
  163  173  182  189  193  196  197  198  199  201  204  209  214  220  225  229
  231  231  230  228  226  224  224  224  226  228  230  231  232  232  232  232
  232  231  229  226  223  221  218  216  190                                   
    65.0-180.0 180.0   5.0 450.0                            LAT/LON1/LON2/DLON/H
  190  191  183  171  158  145  135  125  119  113  110  111  113  117  123  129
  134  139  141  141  138  132  126  119  113  110  110  114  121  131  143  155
  167  178  186  193  197  199  200  201  202  204  207  212  218  224  229  233
  234  232  229  224  219  216  213  213  213  215  216  217  218  217  217  217
  217  217  217  216  215  217  217  214  190                                   
    62.5-180.0 180.0   5.0 450.0                            LAT/LON1/LON2/DLON/H
  187  188  181  169  157  144  134  124  118  112  108  107  108  110  114  118
  122  125  127  127  125  121  116  111  108  106  108  113  122  132  144  157
  169  179  188  195  199  202  204  205  206  207  211  215  221  227  232  235
  235  232  227  220  213  207  203  202  202  203  204  205  205  203  202  202
  202  202  203  203  205  208  209  207  187                                   
    60.0-180.0 180.0   5.0 450.0                            LAT/LON1/LON2/DLON/H
  185  185  178  165  153  141  130  120  113  107  103  101  101  102  103  105
  108  110  111  111  109  106  103  101   99  100  104  111  120  130  142  155
  166  177  186  194  200  205  208  209  210  212  215  218  223  229  234  237
  237  233  227  219  211  204  200  198  198  200  201  201  200  198  196  195
  194  194  195  196  198  202  203  199  185                                   
    57.5-180.0 180.0   5.0 450.0                            LAT/LON1/LON2/DLON/H
  189  189  180  165  153  139  127  116  108  100   96   94   93   92   92   93
   93   94   94   94   93   91   90   90   91   94  100  107  116  127  138  150
  162  173  184  194  202  209  214  217  218  219  221  223  227  232  237  240
  241  239  234  227  219  213  209  208  209  210  211  211  210  208  205  203
  201  200  199  200  202  204  204  198  189                                   
    55.0-180.0 180.0   5.0 450.0                            LAT/LON1/LON2/DLON/H
  201  199  189  172  158  142  128  114  103   94   89   86   84   82   81   80
   80   79   79   79   79   79   79   81   84   89   96  104  113  123  134  145
  158  170  182  195  206  215  223  227  229  229  229  229  232  236  242  247
  250  250  248  243  238  233  231  230  231  233  234  234  233  230  227  224
  221  219  217  216  216  217  215  207  201                                   
    52.5-180.0 180.0   5.0 450.0                            LAT/LON1/LON2/DLON/H
  220  217  206  188  172  153  136  118  104   92   85   80   77   75   73   71
   70   70   70   70   71   72   74   77   82   88   95  103  112  121  132  143
  156  169  183  198  212  224  234  240  242  241  239  239  240  244  250  257
  263  267  269  267  265  262  261  261  262  263  264  263  262  260  256  254
  250  247  243  240  237  236  232  224  220                                   
    50.0-180.0 180.0   5.0 450.0                            LAT/LON1/LON2/DLON/H
  241  239  227  209  192  172  151  130  112   97   86   79   74   71   69   67
   67   67   67   69   70   72   76   80   86   92  100  107  115  124  134  145
  158  173  188  205  221  235  246  254  257  256  254  252  252  256  263  272
  281  289  294  296  297  296  295  294  294  294  293  292  291  289  286  284
  280  276  270  265  260  257  253  245  241                                   
    47.5-180.0 180.0   5.0 450.0                            LAT/LON1/LON2/DLON/H
  258  256  247  231  214  193  172  148  127  108   94   85   78   73   70   69
   69   70   72   75   77   80   85   90   95  102  109  116  124  132  141  152
  165  180  196  213  230  246  259  268  273  273  271  269  270  274  282  292
  303  313  321  326  328  327  325  323  320  317  314  312  310  308  306  304
  301  297  290  282  276  272  268  261  258                                   
    45.0-180.0 180.0   5.0 450.0                            LAT/LON1/LON2/DLON/H
  264  262  256  245  230  212  192  168  146  125  109   97   88   81   77   76
   77   79   83   86   90   94   98  103  109  115  121  128  134  142  151  161
  174  188  204  221  238  255  270  282  289  291  292  291  293  298  306  317
  329  339  348  353  355  353  348  342  335  329  323  319  316  314  313  311
  308  304  296  287  279  276  273  266  264                                   
    42.5-180.0 180.0   5.0 450.0                            LAT/LON1/LON2/DLON/H
  253  251  250  243  233  221  205  185  164  144  128  115  104   95   90   88
   89   92   97  101  106  110  114  118  122  127  133  139  145  151  160  170
  181  195  210  227  244  262  279  293  304  311  314  317  321  327  335  346
  356  366  374  378  378  374  365  355  344  334  325  319  315  312  310  309
  305  300  290  279  270  266  265  257  253                                   
    40.0-180.0 180.0   5.0 450.0                            LAT/LON1/LON2/DLON/H
  230  226  227  222  220  213  205  192  176  161  146  134  123  113  107  104
  105  108  112  117  121  124  127  129  132  137  141  146  152  158  165  174
  185  198  212  229  247  266  286  304  319  330  338  345  351  359  368  378
  387  395  401  404  403  396  385  371  356  344  334  326  320  316  313  311
  305  298  286  270  259  251  250  239  230                                   
    37.5-180.0 180.0   5.0 450.0                            LAT/LON1/LON2/DLON/H
  204  193  193  189  191  190  189  185  177  168  159  151  141  132  126  122
  121  123  126  130  133  135  135  136  137  140  144  149  153  158  164  173
  183  195  210  226  246  268  291  313  332  349  362  373  383  393  403  413
  422  429  435  438  436  429  417  402  387  374  364  355  348  342  337  332
  325  314  298  277  261  245  241  225  204                                   
    35.0-180.0 180.0   5.0 450.0                            LAT/LON1/LON2/DLON/H
  186  167  161  153  156  157  162  164  165  165  164  161  156  149  143  139
  137  137  138  141  142  142  140  138  138  140  143  147  150  154  159  166
  176  188  204  222  244  269  296  322  346  366  384  399  413  426  438  449
  460  469  477  483  484  480  470  458  445  433  424  416  408  399  391  384
  374  360  340  312  290  264  251  228  186                                   
    32.5-180.0 180.0   5.0 450.0                            LAT/LON1/LON2/DLON/H
  189  159  142  128  127  125  131  138  145  152  159  163  164  162  158  154
  151  149  149  149  148  146  142  138  136  137  140  142  144  147  150  157
  167  180  198  219  244  273  302  331  358  382  402  421  438  454  470  486
  500  514  527  538  545  547  543  536  529  522  516  509  500  489  478  467
  454  439  415  381  352  315  289  259  189                                   
    30.0-180.0 180.0   5.0 450.0                            LAT/LON1/LON2/DLON/H
  220  178  148  124  115  108  110  116  125  137  149  159  166  169  168  166
  162  159  157  156  153  149  144  139  136  136  137  139  139  140  143  150
  161  176  196  221  249  279  311  341  369  394  416  437  457  477  498  519
  539  560  580  598  614  625  630  633  633  634  632  628  619  605  591  577
  562  545  519  478  442  395  352  319  220                                   
    27.5-180.0 180.0   5.0 450.0                            LAT/LON1/LON2/DLON/H
  281  228  182  150  130  115  110  111  117  128  141  155  165  172  175  174
  171  168  164  162  159  154  149  143  139  138  138  138  138  138  141  148
  161  179  201  228  258  289  321  350  378  403  425  447  469  493  519  546
  574  603  631  658  683  704  721  734  746  755  760  759  750  736  718  701
  685  669  641  596  552  494  436  402  281                                   
    25.0-180.0 180.0   5.0 450.0                            LAT/LON1/LON2/DLON/H
  367  305  245  205  174  152  136  129  128  134  144  156  166  175  180  180
  178  174  171  168  165  161  156  150  145  143  142  142  142  142  146  154
  169  188  213  241  270  301  330  358  383  407  430  453  477  504  534  568
  603  639  675  710  742  772  799  823  844  862  873  876  870  856  838  819
  804  790  763  715  661  594  531  497  367                                   
    22.5-180.0 180.0   5.0 450.0                            LAT/LON1/LON2/DLON/H
  464  397  326  283  242  214  188  172  161  157  160  166  174  181  185  185
  183  179  176  173  172  169  164  159  154  151  150  149  148  149  155  165
  181  202  227  255  283  310  336  361  386  409  433  456  482  511  545  583
  623  665  705  744  781  815  848  878  906  929  944  950  946  935  920  903
  889  878  857  809  747  676  621  587  464                                   
    20.0-180.0 180.0   5.0 450.0                            LAT/LON1/LON2/DLON/H
  548  481  408  369  320  291  258  233  212  198  190  188  189  192  193  192
  188  184  180  178  177  175  172  167  163  159  156  154  153  156  163  176
  194  217  241  267  292  316  339  362  385  410  436  462  489  519  554  594
  636  679  720  758  793  826  858  890  918  941  956  963  962  954  943  929
  918  911  896  853  790  720  682  652  548                                   
    17.5-180.0 180.0   5.0 450.0                            LAT/LON1/LON2/DLON/H
  596  533  470  440  393  367  334  305  275  251  232  220  213  209  206  201
  195  189  184  182  181  179  177  173  168  162  156  153  152  157  167  184
  205  228  252  275  296  317  337  359  384  413  442  471  500  531  565  603
  644  683  719  751  779  806  833  859  882  900  912  918  918  913  906  896
  887  882  872  833  778  714  696  676  596                                   
    15.0-180.0 180.0   5.0 450.0                            LAT/LON1/LON2/DLON/H
  599  541  495  481  444  426  399  371  338  307  280  259  244  233  223  214
  204  195  188  184  182  180  178  173  166  157  148  143  144  151  166  187
  210  235  257  278  297  314  333  355  384  416  451  486  517  548  580  614
  649  681  708  730  748  766  784  801  815  826  832  835  835  833  829  822
  814  808  798  763  719  666  661  655  599                                   
    12.5-180.0 180.0   5.0 450.0                            LAT/LON1/LON2/DLON/H
  567  517  491  489  467  459  441  419  389  356  325  298  277  260  245  230
  216  204  194  187  182  178  174  167  156  144  133  128  130  141  160  185
  211  236  258  277  293  309  327  351  383  421  462  501  536  567  597  625
  653  677  694  706  714  722  730  738  744  745  745  744  744  744  743  737
  729  718  705  673  639  595  597  602  567                                   
    10.0-180.0 180.0   5.0 450.0                            LAT/LON1/LON2/DLON/H
  521  483  473  476  468  466  456  443  419  390  359  332  308  288  268  249
  231  215  201  189  181  174  166  156  142  128  117  112  116  130  151  179
  207  233  254  272  286  301  320  345  380  422  469  512  550  583  610  635
  656  673  684  689  690  691  693  694  691  685  679  676  677  680  680  674
  662  646  626  595  565  528  530  541  521                                   
     7.5-180.0 180.0   5.0 450.0                            LAT/LON1/LON2/DLON/H
  479  455  454  453  452  452  449  443  427  405  379  354  331  310  289  268
  247  227  208  193  180  168  157  143  127  113  102   99  104  118  141  169
