data/edconvlstm_nd/pred2240.15i
     1.0            IONOSPHERE MAPS     GNSS                IONEX VERSION / TYPE
pyspatialgeodesy        IME             05-JAN-18 20:20     PGM / RUN BY / DATE 
Map Name                                                    COMMENT             
Predicted global ionosphere maps (GIM).                     DESCRIPTION         
  2015     8    12     0     0     0                        EPOCH OF FIRST MAP  
  2015     8    13     0     0     0                        EPOCH OF LAST MAP   
  7200                                                      INTERVAL            
    13                                                      # OF MAPS IN FILE   
  NONE                                                      MAPPING FUNCTION    
10.0                                                        ELEVATION CUTOFF    
One-way carrier phase leveled to code                       OBSERVABLES USED    
  6371.0                                                    BASE RADIUS         
 2                                                          MAP DIMENSION       
   450.0 450.0   0.0                                        HGT1 / HGT2 / DHGT  
    87.5 -87.5  -2.5                                        LAT1 / LAT2 / DLAT  
  -180.0 180.0   5.0                                        LON1 / LON2 / DLON  
    -1                                                      EXPONENT            
                                                            END OF HEADER       
[from data line 3432]
     9                                                      START OF TEC MAP    
  2015     8    12    16     0     0                        EPOCH OF CURRENT MAP
    87.5-180.0 180.0   5.0 450.0                            LAT/LON1/LON2/DLON/H
  121  122  116  122  125  123  122  120  120  122  121  121  121  121  121  121
  122  122  122  122  122  122  122  122  122  122  122  122  121  121  121  121
  120  120  120  120  120  120  120  120  120  120  120  120  120  121  121  121
  121  121  122  122  122  122  122  122  123  123  123  123  123  123  123  123
  122  123  121  119  127  122  131  128  121                                   
    85.0-180.0 180.0   5.0 450.0                            LAT/LON1/LON2/DLON/H
  121  120  129  120  120  123  122  123  124  125  124  124  124  125  125  125
  126  126  126  127  127  127  127  127  127  127  127  127  126  126  125  125
  125  124  124  124  124  124  124  124  124  124  124  124  125  125  125  125
  125  125  125  125  125  126  126  126  126  126  126  126  126  126  126  126
  127  127  123  120  120  117  121  121  121                                   
    82.5-180.0 180.0   5.0 450.0                            LAT/LON1/LON2/DLON/H
  105  112  113  110  110  114  115  116  115  116  116  117  116  117  117  118
  119  120  121  122  123  123  124  125  125  125  125  125  124  124  123  122
  122  121  121  120  120  120  121  121  121  121  121  122  122  122  122  122
  122  122  121  121  121  121  121  121  121  121  121  121  120  120  120  119
  119  118  115  115  114  119  112  107  105                                   
    80.0-180.0 180.0   5.0 450.0                            LAT/LON1/LON2/DLON/H
   96   99  104  104  102  103  105  108  108  109  108  109  109  109  110  110
  111  113  114  116  117  119  120  121  122  122  122  121  120  119  117  116
  115  114  113  113  113  113  113  114  114  115  115  115  115  115  115  115
  115  115  114  114  114  114  113  113  113  112  112  112  111  111  111  110
  111  110  108  107  103  103  102  101   96                                   
    77.5-180.0 180.0   5.0 450.0                            LAT/LON1/LON2/DLON/H
   98   96  100  100  101  102  104  106  106  106  104  105  104  104  104  105
  106  108  110  113  116  118  121  122  124  124  124  123  121  119  117  116
  114  113  112  112  112  112  113  113  114  114  115  115  114  114  114  114
  113  113  113  112  111  111  110  109  108  107  106  105  104  104  103  103
  102  102  100  101  100   96   97  100   98                                   
    75.0-180.0 180.0   5.0 450.0                            LAT/LON1/LON2/DLON/H
   91   93   94   96   98  102  102  104  104  105  103  102  101  100   99  100
  101  103  106  109  113  117  120  123  125  126  126  124  123  120  117  115
  113  111  110  110  110  111  112  113  113  114  114  113  113  112  112  111
  111  110  110  109  108  106  105  103  102  100   99   98   97   96   95   95
   95   94   94   92   93   90   92   86   91                                   
    72.5-180.0 180.0   5.0 450.0                            LAT/LON1/LON2/DLON/H
   86   89   90   97   98  102  105  106  105  105  102  100   98   96   95   95
   95   98  101  105  110  115  119  123  126  127  127  125  123  120  117  114
  112  110  110  110  110  111  113  113  114  114  113  112  111  110  110  109
  108  108  107  106  104  103  100   98   95   93   91   89   87   86   86   86
   85   85   85   83   83   84   86   86   86                                   
    70.0-180.0 180.0   5.0 450.0                            LAT/LON1/LON2/DLON/H
   82   85   88   93   96  100  102  104  104  103  100   98   95   92   90   89
   90   92   95  100  106  112  117  122  125  126  127  125  123  120  117  114
  111  110  109  109  111  112  113  114  114  114  112  111  109  107  106  106
  105  105  104  103  101   98   95   91   88   85   82   80   78   77   76   76
   76   75   76   74   76   77   82   82   82                                   
    67.5-180.0 180.0   5.0 450.0                            LAT/LON1/LON2/DLON/H
   78   83   87   93   97  102  105  107  107  106  103  100   97   94   91   90
   90   92   95  100  106  112  118  122  126  127  127  126  124  121  118  115
  113  112  111  112  113  115  116  117  117  116  114  111  109  107  106  105
  105  105  105  103  101   97   93   89   85   81   77   75   73   72   71   71
   70   69   69   68   68   71   75   75   78                                   
    65.0-180.0 180.0   5.0 450.0                            LAT/LON1/LON2/DLON/H
   73   80   83   91   95   99  103  105  105  105  103  101   98   95   92   90
   90   92   95  100  105  111  117  121  124  126  127  126  125  123  120  118
  116  115  115  115  117  118  120  120  120  118  115  112  109  107  106  106
  106  106  105  104  101   97   92   87   82   77   74   71   69   68   67   66
   65   64   64   63   64   67   72   73   73                                   
    62.5-180.0 180.0   5.0 450.0                            LAT/LON1/LON2/DLON/H
   69   77   81   88   92   97  100  102  103  104  102  102  100   97   95   94
   94   95   98  102  107  112  116  120  123  125  126  126  126  125  123  122
  120  120  119  120  121  122  124  124  123  121  118  114  111  109  108  108
  108  109  108  106  103   98   92   86   81   77   73   71   69   67   65   64
   63   61   60   59   60   62   67   68   69                                   
    60.0-180.0 180.0   5.0 450.0                            LAT/LON1/LON2/DLON/H
   66   74   78   85   88   93   96   97   99  100  100  101  100  100   99   98
   98   99  101  104  108  112  115  118  120  122  124  125  126  127  127  127
  126  125  125  125  126  127  128  128  127  125  122  118  115  113  112  112
  113  113  112  109  105  100   94   88   83   79   76   73   71   69   67   65
   62   60   58   56   57   59   64   64   66                                   
    57.5-180.0 180.0   5.0 450.0                            LAT/LON1/LON2/DLON/H
   64   71   76   82   86   90   92   94   95   96   98  100  101  102  103  103
  104  105  106  108  110  112  114  116  118  120  123  126  129  131  132  133
  133  132  132  131  132  133  134  134  133  131  128  125  122  120  120  120
  120  120  118  115  110  104   98   92   88   85   82   80   78   75   72   68
   65   61   59   56   56   57   62   62   64                                   
    55.0-180.0 180.0   5.0 450.0                            LAT/LON1/LON2/DLON/H
   63   70   75   81   84   89   90   91   92   93   95   99  101  104  105  107
  108  109  110  111  112  113  113  115  116  119  122  127  131  135  138  139
  139  139  138  138  138  139  140  140  140  138  136  133  131  129  129  129
  129  128  125  121  115  109  103   98   95   92   91   89   87   83   79   74
   69   65   62   58   57   57   61   61   63                                   
    52.5-180.0 180.0   5.0 450.0                            LAT/LON1/LON2/DLON/H
   64   69   75   82   85   89   91   91   91   92   94   97  101  104  106  108
  110  111  112  113  113  113  113  113  115  118  123  128  134  139  142  144
  145  145  145  145  145  146  147  147  147  146  144  142  140  139  139  139
  139  137  133  128  121  115  109  105  103  102  101  100   97   92   87   81
   75   70   67   62   61   59   62   62   64                                   
    50.0-180.0 180.0   5.0 450.0                            LAT/LON1/LON2/DLON/H
   66   70   76   83   87   92   94   94   93   94   95   98  101  104  106  109
  111  113  114  114  114  114  113  114  116  120  125  131  137  142  146  149
  150  151  151  152  153  154  155  156  156  155  153  151  150  150  150  150
  149  146  141  135  128  121  116  113  111  112  112  111  107  102   96   89
   83   77   73   68   66   63   65   64   66                                   
    47.5-180.0 180.0   5.0 450.0                            LAT/LON1/LON2/DLON/H
   68   73   78   86   90   97   99   99   99   99   99  101  103  105  107  109
  112  114  115  116  116  116  116  117  120  124  129  135  141  146  150  153
  155  157  159  161  163  165  166  166  166  165  163  162  161  161  161  161
  159  155  150  143  135  128  124  121  120  121  122  121  118  112  105   98
   91   86   82   76   73   69   69   68   68                                   
    45.0-180.0 180.0   5.0 450.0                            LAT/LON1/LON2/DLON/H
   72   75   80   89   94  102  105  106  106  106  106  107  107  108  110  112
  114  117  119  120  120  121  122  123  126  130  136  141  146  150  154  157
  161  164  168  171  175  178  179  180  179  177  175  173  173  173  173  172
  169  164  158  150  143  136  131  129  129  130  131  130  127  121  114  107
  100   95   91   85   81   76   74   72   72                                   
    42.5-180.0 180.0   5.0 450.0                            LAT/LON1/LON2/DLON/H
   75   78   82   91   97  107  111  113  114  115  114  114  114  115  116  117
  120  122  125  126  127  129  130  132  136  140  144  149  152  156  159  163
  168  174  180  186  191  194  196  196  194  192  189  187  186  185  184  182
  179  173  165  157  150  143  139  136  136  137  138  137  134  128  122  115
  109  104  100   94   90   83   80   78   75                                   
    40.0-180.0 180.0   5.0 450.0                            LAT/LON1/LON2/DLON/H
   77   80   83   92   99  109  115  119  121  123  123  124  124  124  125  126
  129  131  133  135  137  139  141  144  147  151  154  158  160  163  167  172
  179  188  196  204  210  214  216  216  214  210  206  203  200  199  196  193
  187  180  172  163  156  149  145  142  141  141  142  141  138  134  128  123
  117  112  108  102   97   90   86   83   77                                   
    37.5-180.0 180.0   5.0 450.0                            LAT/LON1/LON2/DLON/H
   79   82   83   92  100  110  117  123  127  130  132  134  135  136  137  138
  140  143  145  147  149  151  154  157  160  163  166  168  170  173  178  185
  195  206  216  225  232  237  239  239  236  231  226  221  217  213  208  202
  194  185  176  167  160  153  149  145  143  143  143  142  140  137  133  129
  124  119  115  109  103   96   91   88   79                                   
    35.0-180.0 180.0   5.0 450.0                            LAT/LON1/LON2/DLON/H
   81   83   83   90   98  109  118  125  131  136  140  143  146  149  151  153
  154  156  158  160  163  165  168  170  173  176  178  180  182  186  193  203
  215  228  240  249  256  261  263  263  259  254  247  240  234  227  219  210
  199  188  178  169  161  155  150  146  143  142  141  141  140  138  135  132
  128  123  119  112  107  100   96   92   81                                   
    32.5-180.0 180.0   5.0 450.0                            LAT/LON1/LON2/DLON/H
   83   85   83   89   96  108  117  126  134  141  147  153  158  162  165  167
  169  171  172  174  176  179  181  183  186  188  191  193  197  203  212  224
  239  253  265  274  281  285  287  286  283  277  269  260  250  240  228  215
  202  189  177  167  159  153  148  144  140  138  137  137  137  137  136  133
  129  125  120  114  109  103  100   96   83                                   
    30.0-180.0 180.0   5.0 450.0                            LAT/LON1/LON2/DLON/H
   86   87   84   88   95  107  117  127  136  145  153  162  169  175  179  182
  183  184  186  188  190  192  194  197  199  202  205  209  214  223  235  250
  266  280  291  299  303  306  308  308  305  299  290  279  265  251  235  218
  202  186  173  162  155  149  144  139  136  133  132  132  133  134  134  132
  129  125  120  114  110  106  104  100   86                                   
    27.5-180.0 180.0   5.0 450.0                            LAT/LON1/LON2/DLON/H
   90   91   87   90   96  108  119  129  140  150  160  170  179  187  191  194
  195  196  198  200  203  206  208  210  213  216  221  227  235  246  261  278
  294  308  317  322  324  326  327  327  324  318  308  294  278  259  239  219
  200  182  167  156  148  142  138  134  130  127  125  126  128  129  130  129
  126  122  118  113  110  107  107  104   90                                   
    25.0-180.0 180.0   5.0 450.0                            LAT/LON1/LON2/DLON/H
   95   96   91   93   99  112  124  134  145  156  166  177  188  196  201  204
  206  207  209  213  216  220  222  225  228  233  239  248  259  273  290  307
  323  334  340  342  342  342  343  343  340  334  323  307  287  265  242  219
  197  178  162  149  141  136  132  128  124  121  119  120  122  124  125  125
  122  119  116  112  111  109  111  108   95                                   
    22.5-180.0 180.0   5.0 450.0                            LAT/LON1/LON2/DLON/H
  101  102   96   99  105  118  130  141  152  163  173  185  195  204  210  213
  215  217  221  225  230  235  239  242  246  252  261  272  286  302  319  336
  350  358  360  359  357  356  356  356  354  347  334  317  295  270  244  219
  195  175  158  145  136  131  127  123  120  116  114  114  116  118  120  120
  118  116  114  111  112  111  114  112  101                                   
    20.0-180.0 180.0   5.0 450.0                            LAT/LON1/LON2/DLON/H
  106  109  101  105  111  124  137  148  160  170  181  192  202  211  216  220
  224  228  233  240  246  252  256  261  266  274  284  297  313  331  348  363
  373  378  377  374  370  369  369  368  365  357  344  325  302  275  248  221
  197  175  157  144  134  129  125  121  118  114  112  111  112  114  115  116
  114  114  113  111  112  113  116  114  106                                   
    17.5-180.0 180.0   5.0 450.0                            LAT/LON1/LON2/DLON/H
  110  113  105  110  116  129  142  154  166  177  187  198  208  216  223  228
  233  239  246  255  263  270  276  281  288  297  309  324  340  358  374  386
  393  394  391  386  383  382  382  381  377  368  354  334  310  283  255  228
  203  181  162  147  136  130  126  123  119  115  112  111  111  111  112  112
  112  112  112  111  113  114  116  114  110                                   
    15.0-180.0 180.0   5.0 450.0                            LAT/LON1/LON2/DLON/H
  112  115  108  112  118  130  144  157  170  181  192  202  213  222  229  236
  243  251  261  270  280  288  295  301  309  320  333  349  366  382  396  404
  408  407  403  398  396  396  396  394  389  379  364  345  321  294  267  240
  214  190  169  153  141  134  130  127  124  120  116  113  112  111  111  111
  110  111  112  112  113  113  115  112  112                                   
    12.5-180.0 180.0   5.0 450.0                            LAT/LON1/LON2/DLON/H
  110  114  107  111  116  126  141  154  169  182  194  205  216  226  235  244
  253  263  274  285  295  304  312  320  330  341  355  371  388  403  414  419
  420  417  413  409  409  409  410  408  402  391  376  357  335  310  283  255
  227  201  178  160  147  139  135  133  129  125  121  117  115  113  112  111
  110  111  111  111  111  111  112  109  110                                   
    10.0-180.0 180.0   5.0 450.0                            LAT/LON1/LON2/DLON/H
  107  111  104  106  110  118  133  148  164  179  193  206  218  230  241  252
  263  274  286  297  308  317  327  336  347  360  375  391  406  419  427  430
  428  423  419  418  419  421  421  419  413  402  388  370  349  326  299  270
  239  210  184  164  151  143  140  137  134  130  125  121  118  116  114  112
  110  111  110  109  109  107  107  104  107                                   
     7.5-180.0 180.0   5.0 450.0                            LAT/LON1/LON2/DLON/H
  103  106   99  100  102  109  123  139  157  175  190  205  219  232  245  258
  270  282  294  305  316  326  337  349  362  376  391  407  420  430  435  435
