data/edconvlstm_nd/pred3260.15i
     1.0            IONOSPHERE MAPS     GNSS                IONEX VERSION / TYPE
pyspatialgeodesy        IME             05-JAN-18 20:20     PGM / RUN BY / DATE 
Map Name                                                    COMMENT             
Predicted global ionosphere maps (GIM).                     DESCRIPTION         
  2015    11    22     0     0     0                        EPOCH OF FIRST MAP  
  2015    11    23     0     0     0                        EPOCH OF LAST MAP   
  7200                                                      INTERVAL            
    13                                                      # OF MAPS IN FILE   
  NONE                                                      MAPPING FUNCTION    
10.0                                                        ELEVATION CUTOFF    
One-way carrier phase leveled to code                       OBSERVABLES USED    
  6371.0                                                    BASE RADIUS         
 2                                                          MAP DIMENSION       
   450.0 450.0   0.0                                        HGT1 / HGT2 / DHGT  
    87.5 -87.5  -2.5                                        LAT1 / LAT2 / DLAT  
  -180.0 180.0   5.0                                        LON1 / LON2 / DLON  
    -1                                                      EXPONENT            
                                                            END OF HEADER       
[from data line 3861]
    10                                                      START OF TEC MAP    
  2015    11    22    18     0     0                        EPOCH OF CURRENT MAP
    87.5-180.0 180.0   5.0 450.0                            LAT/LON1/LON2/DLON/H
   80   87   85   87   90   88   87   83   84   86   86   86   87   88   88   89
   89   90   90   90   90   90   90   90   90   90   90   90   90   89   89   89
   89   89   89   89   89   89   89   89   89   89   89   89   89   89   89   89
   90   90   90   90   90   90   90   90   89   89   89   89   88   88   87   87
   86   86   82   77   81   80   95   96   80                                   
    85.0-180.0 180.0   5.0 450.0                            LAT/LON1/LON2/DLON/H
   89   89  101   82   83   86   84   86   86   88   88   89   90   91   91   92
   93   94   95   95   96   96   96   96   96   96   96   96   96   96   96   96
   96   96   96   96   95   95   95   95   95   94   94   93   93   93   92   92
   92   91   91   91   91   91   91   91   90   90   90   89   89   88   88   87
   88   86   81   76   78   79   86   83   89                                   
    82.5-180.0 180.0   5.0 450.0                            LAT/LON1/LON2/DLON/H
   77   77   81   70   73   76   77   78   78   80   81   83   84   85   87   88
   89   90   91   92   92   92   93   93   92   92   92   92   91   91   91   91
   91   92   92   92   92   91   91   90   89   88   87   85   84   83   83   82
   82   82   82   82   82   82   82   82   82   82   82   81   81   80   79   79
   79   77   73   69   73   81   76   74   77                                   
    80.0-180.0 180.0   5.0 450.0                            LAT/LON1/LON2/DLON/H
   55   55   64   55   58   57   60   62   65   68   69   72   74   77   79   81
   82   84   85   86   87   87   87   87   87   86   85   85   84   84   84   84
   84   84   85   85   85   84   83   82   80   78   77   75   73   72   71   70
   70   70   71   71   72   73   73   73   72   72   71   70   69   68   67   66
   65   65   63   61   59   64   59   65   55                                   
    77.5-180.0 180.0   5.0 450.0                            LAT/LON1/LON2/DLON/H
   57   51   51   44   47   47   50   53   56   59   61   66   70   73   77   80
   82   85   87   88   90   90   90   90   89   87   85   83   82   81   80   80
   80   80   81   81   80   79   77   75   72   68   65   62   59   57   56   56
   57   58   60   61   63   64   65   65   64   63   62   61   59   57   56   54
   54   53   53   52   51   50   50   56   57                                   
    75.0-180.0 180.0   5.0 450.0                            LAT/LON1/LON2/DLON/H
   41   41   40   36   40   41   44   47   52   57   61   66   71   76   80   83
   87   90   93   95   97   98   98   97   95   92   88   84   81   78   76   75
   75   75   75   76   75   74   72   69   65   61   57   53   50   48   47   47
   49   51   53   56   58   60   61   61   60   59   57   55   53   51   50   49
   48   49   49   47   48   45   44   41   41                                   
    72.5-180.0 180.0   5.0 450.0                            LAT/LON1/LON2/DLON/H
   43   42   40   40   40   42   45   48   52   58   64   70   77   82   87   92
   96  101  104  108  111  112  112  110  106  101   95   89   83   78   74   72
   71   70   70   70   69   67   64   61   56   51   46   41   38   35   35   36
   38   41   45   48   51   53   54   55   54   52   50   48   46   44   42   42
   41   42   43   41   42   43   44   46   43                                   
    70.0-180.0 180.0   5.0 450.0                            LAT/LON1/LON2/DLON/H
   40   42   41   41   42   43   46   52   59   67   74   82   89   96  101  106
  111  116  121  126  130  133  133  130  125  118  110  101   92   84   78   73
   70   69   68   67   66   63   60   56   51   45   40   36   32   30   30   31
   34   38   42   45   49   51   52   51   50   48   46   44   42   41   40   40
   40   41   43   43   45   47   52   53   40                                   
    67.5-180.0 180.0   5.0 450.0                            LAT/LON1/LON2/DLON/H
   43   46   44   46   46   48   53   60   68   77   86   96  104  110  116  121
  126  131  137  143  148  151  151  148  142  133  123  111  100   89   81   74
   70   67   64   62   60   57   53   49   44   39   34   30   28   26   26   28
   30   34   38   42   44   46   47   46   45   43   41   39   38   37   37   38
   38   40   41   41   43   48   50   52   43                                   
    65.0-180.0 180.0   5.0 450.0                            LAT/LON1/LON2/DLON/H
   41   45   44   48   48   51   58   67   77   89  101  111  120  126  131  135
  139  145  151  157  163  167  167  164  157  147  135  122  109   97   86   78
   71   66   62   58   54   50   46   42   38   34   30   27   25   24   24   25
   27   30   33   35   38   39   39   38   36   35   34   33   33   33   34   35
   37   39   42   43   45   50   53   56   41                                   
    62.5-180.0 180.0   5.0 450.0                            LAT/LON1/LON2/DLON/H
   41   45   44   49   51   55   63   74   86  100  114  125  134  140  144  148
  151  156  162  168  173  177  177  174  166  156  144  131  118  105   94   83
   75   67   60   54   49   44   40   37   33   31   28   26   25   24   23   23
   24   26   28   30   31   31   31   30   29   28   28   28   29   31   32   34
   35   37   40   41   42   46   48   52   41                                   
    60.0-180.0 180.0   5.0 450.0                            LAT/LON1/LON2/DLON/H
   41   43   43   49   51   56   66   79   94  109  125  137  146  152  156  159
  161  165  170  174  179  181  180  176  169  159  149  137  126  114  103   92
   81   71   62   53   46   40   36   33   31   29   28   28   26   25   24   22
   22   22   22   23   24   24   24   23   23   22   23   25   26   28   31   32
   34   35   37   38   39   43   44   49   41                                   
    57.5-180.0 180.0   5.0 450.0                            LAT/LON1/LON2/DLON/H
   41   43   43   51   55   61   71   85  102  118  134  147  157  163  167  169
  172  174  177  180  181  181  179  174  167  160  152  144  135  126  116  105
   93   81   69   58   49   42   37   34   33   33   33   33   33   31   28   25
   23   22   21   21   22   22   22   21   21   22   24   26   29   31   34   35
   36   37   38   38   38   41   41   47   41                                   
    55.0-180.0 180.0   5.0 450.0                            LAT/LON1/LON2/DLON/H
   45   47   48   57   62   69   80   94  110  127  143  156  166  172  177  180
  183  184  185  185  183  180  175  170  164  159  155  151  146  140  132  120
  107   93   79   67   56   48   43   40   39   40   41   42   41   39   35   31
   28   25   23   23   23   23   24   24   25   27   29   32   35   38   41   42
   42   42   43   42   41   42   41   47   45                                   
    52.5-180.0 180.0   5.0 450.0                            LAT/LON1/LON2/DLON/H
   52   54   57   67   74   82   93  106  121  136  151  163  172  180  186  191
  194  195  194  191  186  180  173  167  163  160  159  159  158  154  147  135
  121  105   90   77   66   58   53   50   50   51   52   52   52   49   45   41
   37   34   32   31   31   32   33   34   36   38   41   44   47   50   52   53
   52   52   52   51   48   48   47   52   52                                   
    50.0-180.0 180.0   5.0 450.0                            LAT/LON1/LON2/DLON/H
   62   66   72   83   91  101  110  122  135  147  159  170  179  187  195  202
  206  208  205  200  193  184  176  170  166  166  167  169  170  166  158  146
  131  115  100   87   77   70   65   63   62   63   64   64   64   61   58   54
   50   47   45   45   45   46   48   50   52   54   57   59   61   63   64   65
   64   64   65   63   60   59   57   60   62                                   
    47.5-180.0 180.0   5.0 450.0                            LAT/LON1/LON2/DLON/H
   75   80   88  101  111  122  130  141  150  160  168  177  185  194  203  212
  218  220  217  211  202  193  185  179  176  177  179  181  180  174  164  149
  133  118  104   94   86   81   77   75   74   74   75   75   75   73   71   68
   65   63   62   61   62   63   65   67   69   70   72   73   74   75   75   75
   75   75   77   77   74   73   71   71   75                                   
    45.0-180.0 180.0   5.0 450.0                            LAT/LON1/LON2/DLON/H
   86   92  103  118  130  142  150  159  166  173  178  184  191  200  211  221
  228  230  228  222  214  206  198  194  192  192  192  191  186  176  161  145
  128  114  103   96   92   89   87   86   85   84   85   85   85   84   82   81
   80   78   77   77   76   77   78   80   81   83   83   83   83   83   83   83
   82   84   86   88   87   85   84   83   86                                   
    42.5-180.0 180.0   5.0 450.0                            LAT/LON1/LON2/DLON/H
   93  100  113  130  144  157  166  174  180  185  188  193  198  207  217  228
  235  239  238  233  227  221  216  212  210  208  205  199  188  172  153  135
  119  107  100   97   96   96   96   95   94   93   93   93   92   92   92   91
   91   90   88   86   85   84   85   86   87   88   88   88   88   87   87   87
   86   88   91   94   94   93   91   92   93                                   
    40.0-180.0 180.0   5.0 450.0                            LAT/LON1/LON2/DLON/H
   93  101  115  135  151  166  176  185  190  196  198  201  205  213  223  233
  240  244  245  243  240  237  233  230  227  223  216  203  186  166  145  126
  112  104  100  100  102  104  104  103  102  101  100   99   99   99   98   98
   97   95   92   89   86   84   83   84   85   86   86   87   87   87   87   87
   87   88   92   94   95   94   92   95   93                                   
    37.5-180.0 180.0   5.0 450.0                            LAT/LON1/LON2/DLON/H
   89   96  110  133  151  167  179  190  198  204  207  210  214  220  229  237
  244  248  250  251  251  250  248  245  240  233  222  206  186  164  144  128
  118  113  112  113  115  116  116  114  112  110  109  107  106  104  103  102
  100   96   91   86   82   78   77   77   79   80   81   82   82   83   84   84
   84   85   88   90   90   88   86   92   89                                   
    35.0-180.0 180.0   5.0 450.0                            LAT/LON1/LON2/DLON/H
   82   88  102  127  146  163  178  191  202  211  216  219  223  228  235  242
  247  251  255  258  261  261  259  254  248  240  227  211  192  174  159  149
  144  142  142  142  140  138  134  130  127  124  121  118  115  112  109  105
  101   95   89   82   77   73   72   72   74   75   77   78   79   80   81   82
   81   81   83   84   82   79   76   85   82                                   
    32.5-180.0 180.0   5.0 450.0                            LAT/LON1/LON2/DLON/H
   78   82   95  120  140  156  174  190  205  217  224  229  233  238  243  247
  251  255  260  265  269  268  265  259  252  245  236  224  211  201  195  194
  195  196  193  187  178  169  160  152  147  142  138  133  128  122  116  111
  104   96   89   82   77   74   73   74   75   77   79   80   81   82   83   83
   81   80   80   79   75   71   68   78   78                                   
    30.0-180.0 180.0   5.0 450.0                            LAT/LON1/LON2/DLON/H
   78   82   94  117  136  152  171  189  207  222  233  240  244  248  251  254
  256  260  266  272  275  273  268  261  257  254  252  249  247  248  255  264
  272  272  264  247  227  208  191  179  171  165  159  152  145  136  128  120
  112  103   96   90   87   85   85   86   87   89   90   90   90   90   90   90
   87   84   82   80   74   68   65   74   78                                   
    27.5-180.0 180.0   5.0 450.0                            LAT/LON1/LON2/DLON/H
   85   89  101  121  140  154  173  192  212  229  242  250  255  258  261  262
  264  268  274  280  281  277  271  266  266  272  280  290  301  317  337  357
  369  366  346  316  282  251  226  208  197  189  181  173  164  154  145  135
  126  118  112  108  107  108  109  110  110  110  109  108  106  104  103  101
   97   94   90   86   79   73   70   76   85                                   
    25.0-180.0 180.0   5.0 450.0                            LAT/LON1/LON2/DLON/H
   98  103  115  133  152  165  184  203  222  239  252  261  266  269  271  271
  273  277  283  288  287  282  277  277  285  302  324  348  374  404  437  464
  476  464  430  384  335  291  258  235  221  211  203  193  183  173  163  154
  146  139  135  134  137  140  141  141  139  137  134  131  127  122  119  115
  110  107  102   97   90   83   81   82   98                                   
    22.5-180.0 180.0   5.0 450.0                            LAT/LON1/LON2/DLON/H
  115  121  135  152  172  185  204  221  239  254  266  273  278  280  282  282
  284  288  293  296  294  290  289  297  317  346  383  421  460  501  540  568
  572  548  499  438  376  322  282  255  239  228  218  208  198  189  181  173
  167  162  161  164  169  174  176  174  169  164  158  153  146  139  134  129
  123  119  113  109  103   96   94   93  115                                   
    20.0-180.0 180.0   5.0 450.0                            LAT/LON1/LON2/DLON/H
  132  140  155  174  197  212  231  246  262  274  283  288  291  293  293  294
  296  299  303  305  304  303  309  328  361  405  454  503  550  592  626  643
  635  599  539  469  399  339  295  265  248  236  226  216  206  199  194  190
  186  185  186  191  198  203  204  199  192  184  177  169  161  152  144  138
  131  128  121  118  113  107  105  104  132                                   
    17.5-180.0 180.0   5.0 450.0                            LAT/LON1/LON2/DLON/H
  147  156  173  196  222  239  260  274  287  297  304  307  308  308  308  308
  309  312  314  315  316  322  338  370  417  473  532  584  625  655  673  674
  654  610  547  474  403  343  298  267  249  236  226  216  208  203  201  201
  202  203  206  211  217  221  219  213  204  195  186  177  168  158  149  141
  133  131  124  122  119  114  111  114  147                                   
    15.0-180.0 180.0   5.0 450.0                            LAT/LON1/LON2/DLON/H
  155  168  187  215  246  265  288  300  313  322  326  328  328  327  326  325
  326  326  328  329  334  348  377  422  481  547  605  647  670  679  677  663
  634  589  529  461  395  338  295  265  246  232  221  211  204  202  205  209
  213  216  218  222  225  225  222  214  204  195  186  178  170  160  149  140
  131  127  121  120  117  114  112  119  155                                   
    12.5-180.0 180.0   5.0 450.0                            LAT/LON1/LON2/DLON/H
  157  175  197  229  265  287  311  324  337  345  350  352  351  350  348  347
  346  345  345  348  358  381  422  480  548  612  658  679  679  666  648  624
  592  549  497  439  382  332  292  264  244  229  217  207  201  202  207  215
  221  224  225  224  223  220  214  206  197  189  182  175  168  158  148  137
  126  121  114  112  110  109  108  118  157                                   
    10.0-180.0 180.0   5.0 450.0                            LAT/LON1/LON2/DLON/H
  154  176  203  239  278  303  330  343  357  367  373  376  377  376  375  373
  371  369  368  373  389  421  472  537  604  656  681  678  658  631  603  575
  544  508  466  421  375  333  297  270  249  233  220  210  204  205  212  222
  229  231  229  224  218  211  204  196  190  184  178  172  166  158  148  135
  122  114  105  102  101  101  100  113  154                                   
     7.5-180.0 180.0   5.0 450.0                            LAT/LON1/LON2/DLON/H
  150  176  206  244  286  314  342  358  373  385  394  400  403  404  403  401
  399  397  397  405  426  464  519  583  640  673  675  653  622  589  559  531
