data/edconvlstm_nd/pred2390.15i
     1.0            IONOSPHERE MAPS     GNSS                IONEX VERSION / TYPE
pyspatialgeodesy        IME             05-JAN-18 20:20     PGM / RUN BY / DATE 
Map Name                                                    COMMENT             
Predicted global ionosphere maps (GIM).                     DESCRIPTION         
  2015     8    27     0     0     0                        EPOCH OF FIRST MAP  
  2015     8    28     0     0     0                        EPOCH OF LAST MAP   
  7200                                                      INTERVAL            
    13                                                      # OF MAPS IN FILE   
  NONE                                                      MAPPING FUNCTION    
10.0                                                        ELEVATION CUTOFF    
One-way carrier phase leveled to code                       OBSERVABLES USED    
  6371.0                                                    BASE RADIUS         
 2                                                          MAP DIMENSION       
   450.0 450.0   0.0                                        HGT1 / HGT2 / DHGT  
    87.5 -87.5  -2.5                                        LAT1 / LAT2 / DLAT  
  -180.0 180.0   5.0                                        LON1 / LON2 / DLON  
    -1                                                      EXPONENT            
                                                            END OF HEADER       
[from data line 5148]
    13                                                      START OF TEC MAP    
  2015     8    28     0     0     0                        EPOCH OF CURRENT MAP
    87.5-180.0 180.0   5.0 450.0                            LAT/LON1/LON2/DLON/H
   97   92   93   86   85   87   85   83   84   84   85   86   86   87   87   88
   88   88   88   87   87   86   85   83   82   80   78   77   75   73   71   69
   68   66   65   64   63   62   61   60   60   59   59   59   59   59   59   60
   60   60   61   61   62   63   63   64   65   66   67   68   69   69   70   72
   73   74   74   75   72   81   92   97   97                                   
    85.0-180.0 180.0   5.0 450.0                            LAT/LON1/LON2/DLON/H
   94   96   79   86   89   93   90   89   90   90   91   91   92   92   93   93
   93   93   93   92   91   90   89   87   85   83   81   79   76   74   72   70
   68   67   65   64   63   62   61   60   60   59   59   58   58   58   59   59
   59   60   61   62   63   64   65   66   67   69   70   71   72   73   74   76
   77   78   80   84   83   92  102  102   94                                   
    82.5-180.0 180.0   5.0 450.0                            LAT/LON1/LON2/DLON/H
   89   83   93   92   92   97   94   94   96   96   97   98   99  100  101  101
  101  101  101  100   99   97   94   92   89   86   83   79   76   73   70   67
   65   62   61   59   58   56   55   54   54   53   53   52   52   52   53   53
   54   55   56   57   59   60   62   64   66   68   70   72   74   76   78   80
   81   82   83   82   87   81   89   95   89                                   
    80.0-180.0 180.0   5.0 450.0                            LAT/LON1/LON2/DLON/H
   97   87   87   85   88   91   92   93   96   96   97   99  100  102  103  103
  104  104  103  103  101   99   96   93   89   85   81   77   73   69   66   63
   60   58   56   55   54   53   52   51   50   50   49   48   48   48   48   48
   49   50   51   52   54   55   57   60   62   64   67   69   72   74   76   78
   79   78   79   78   92   85   95  107   97                                   
    77.5-180.0 180.0   5.0 450.0                            LAT/LON1/LON2/DLON/H
  103   91   83   90   87   90   91   95   97   97   99  101  102  104  105  106
  106  107  107  106  105  103  100   97   93   88   83   79   74   70   67   65
   63   61   60   59   59   58   58   57   56   56   55   54   54   53   53   53
   54   54   55   56   57   59   60   62   65   67   70   73   75   78   80   81
   82   84   83   83   89   90   95  113  103                                   
    75.0-180.0 180.0   5.0 450.0                            LAT/LON1/LON2/DLON/H
  106   87   85   92   88   91   90   93   97   96   98   99  100  100  101  102
  102  103  103  103  102  101   98   95   90   86   81   76   72   68   66   64
   64   63   63   64   64   64   64   64   63   63   62   61   60   60   60   60
   60   60   61   61   62   63   64   66   68   70   73   76   78   81   83   85
   84   85   86   79   84   92   94  110  106                                   
    72.5-180.0 180.0   5.0 450.0                            LAT/LON1/LON2/DLON/H
   98   86   85   90   87   87   88   91   95   95   96   96   96   95   95   95
   95   95   96   96   96   95   93   90   86   81   76   71   67   64   63   62
   62   63   65   66   67   68   68   68   67   66   65   65   64   64   64   64
   64   64   64   64   63   64   64   65   66   68   71   74   77   79   82   84
   84   85   87   82   82   89   96  114   98                                   
    70.0-180.0 180.0   5.0 450.0                            LAT/LON1/LON2/DLON/H
  101   89   90   96   93   94   94   98  102  101  101  101   99   97   94   93
   92   91   92   93   93   92   90   87   83   78   73   68   64   62   62   62
   63   65   67   69   71   72   72   72   71   70   70   69   69   70   70   71
   72   72   72   71   71   70   70   71   72   74   76   79   82   85   88   91
   90   90   93   90   89   95   99  115  101                                   
    67.5-180.0 180.0   5.0 450.0                            LAT/LON1/LON2/DLON/H
  105   95   96  101   97   98   99  102  106  105  105  103  100   96   92   88
   86   85   85   85   86   85   84   80   76   70   65   60   57   55   55   56
   58   60   62   64   65   66   66   65   64   64   64   64   65   67   68   70
   71   72   72   71   71   70   69   69   70   72   75   78   81   85   88   91
   91   92   95   92   93   99  102  119  105                                   
    65.0-180.0 180.0   5.0 450.0                            LAT/LON1/LON2/DLON/H
  109  100  101  106  103  103  103  107  111  111  110  108  104   99   93   88
   84   82   81   81   81   80   78   74   69   64   58   54   51   50   50   51
   53   54   56   57   57   57   56   56   55   55   56   57   59   61   64   66
   68   69   70   69   69   68   68   68   69   71   74   78   82   85   89   92
   93   94   97   95   98  105  108  124  109                                   
    62.5-180.0 180.0   5.0 450.0                            LAT/LON1/LON2/DLON/H
  114  106  107  112  109  108  108  112  116  116  116  114  110  104   97   91
   85   82   80   79   78   77   74   70   65   59   54   50   48   47   47   47
   49   49   50   50   49   49   48   47   47   47   48   50   53   55   58   61
   63   64   66   66   66   66   66   67   69   72   75   79   83   87   91   94
   94   96   99   98  101  109  112  129  114                                   
    60.0-180.0 180.0   5.0 450.0                            LAT/LON1/LON2/DLON/H
  117  110  112  117  113  111  110  114  118  119  120  119  115  109  102   95
   88   84   80   78   76   74   70   65   60   55   50   47   46   45   45   46
   46   46   45   44   43   42   41   40   41   42   43   45   47   50   52   54
   56   58   59   60   61   62   63   65   68   71   76   80   84   87   91   93
   94   95   99   97  101  111  114  131  117                                   
    57.5-180.0 180.0   5.0 450.0                            LAT/LON1/LON2/DLON/H
  121  114  117  121  117  114  112  115  119  120  121  121  119  114  107  100
   93   87   82   79   75   72   67   62   56   52   48   47   46   46   46   46
   45   44   43   42   41   40   39   39   39   41   42   44   46   47   48   49
   50   51   53   55   57   59   62   65   68   73   77   82   85   88   91   92
   92   93   97   96  100  111  114  132  121                                   
    55.0-180.0 180.0   5.0 450.0                            LAT/LON1/LON2/DLON/H
  124  119  121  127  123  118  115  117  120  120  122  123  121  117  111  104
   97   90   85   80   75   71   66   60   55   51   49   49   49   50   50   49
   48   47   45   44   43   42   42   42   43   45   46   48   48   48   47   47
   46   47   49   51   55   59   63   67   72   76   81   85   88   90   91   92
   91   92   96   95   99  110  113  132  124                                   
    52.5-180.0 180.0   5.0 450.0                            LAT/LON1/LON2/DLON/H
  128  124  127  134  130  124  121  121  122  121  123  124  123  119  114  108
  101   94   88   83   78   73   67   62   58   55   54   54   55   56   56   55
   53   52   51   51   50   50   51   51   52   54   55   55   55   53   50   47
   46   45   47   51   56   61   67   73   78   83   87   90   92   93   93   93
   91   91   96   94   99  109  113  133  128                                   
    50.0-180.0 180.0   5.0 450.0                            LAT/LON1/LON2/DLON/H
  133  131  135  142  139  133  130  128  128  125  125  125  124  121  117  111
  105   99   93   88   83   78   73   69   65   62   62   62   64   64   64   62
   61   60   60   61   62   63   64   64   65   66   66   66   63   60   55   51
   48   48   50   54   61   68   75   82   87   92   95   97   98   97   97   95
   93   93   97   96  100  110  114  134  133                                   
    47.5-180.0 180.0   5.0 450.0                            LAT/LON1/LON2/DLON/H
  139  138  142  151  149  144  141  138  136  131  130  128  126  123  119  114
  109  104   99   95   91   87   83   79   75   73   73   73   73   73   72   70
   69   70   72   74   77   78   79   79   80   80   79   77   74   69   64   59
   55   54   56   61   69   78   86   93   99  102  105  106  106  104  102  101
   98   98  102  100  105  114  118  138  139                                   
    45.0-180.0 180.0   5.0 450.0                            LAT/LON1/LON2/DLON/H
  145  145  149  158  158  154  152  148  145  139  136  133  130  126  122  118
  113  110  107  104  102   99   96   92   89   86   85   84   83   81   79   78
   78   80   84   88   92   94   95   95   95   94   92   89   84   79   73   68
   65   64   65   71   79   89   98  106  111  113  115  116  115  113  111  109
  106  106  110  108  112  121  124  145  145                                   
    42.5-180.0 180.0   5.0 450.0                            LAT/LON1/LON2/DLON/H
  150  151  154  164  166  163  161  157  154  148  143  139  135  130  126  122
  119  116  115  114  114  112  110  107  103  100   97   94   91   88   86   84
   86   90   96  102  107  109  110  109  108  106  103   99   94   89   84   79
   76   74   76   81   89   99  109  117  121  124  125  125  125  123  121  119
  116  116  121  118  122  130  133  153  150                                   
    40.0-180.0 180.0   5.0 450.0                            LAT/LON1/LON2/DLON/H
  156  155  158  168  171  168  167  165  162  155  150  145  140  135  131  127
  125  124  124  124  125  125  123  120  116  112  107  102   98   94   91   90
   93   99  107  114  120  122  122  120  119  117  114  109  104   99   94   91
   87   85   85   89   96  107  118  126  130  132  133  134  134  133  131  130
  128  128  133  130  134  141  144  164  156                                   
    37.5-180.0 180.0   5.0 450.0                            LAT/LON1/LON2/DLON/H
  164  160  162  171  174  172  172  170  167  161  157  152  146  141  136  133
  131  131  132  133  135  135  133  130  125  120  114  108  103   99   96   97
  101  109  118  126  131  133  132  131  130  128  125  119  113  108  104  101
   97   93   91   93  100  111  123  132  137  139  141  142  142  142  142  141
  139  141  146  143  146  153  156  176  164                                   
    35.0-180.0 180.0   5.0 450.0                            LAT/LON1/LON2/DLON/H
  174  169  169  175  177  175  175  174  172  167  163  158  153  147  142  139
  137  137  138  140  140  140  137  134  130  125  119  113  108  104  103  105
  111  120  129  137  141  142  142  142  142  141  137  131  123  117  113  109
  104   98   94   93  100  111  125  136  142  145  147  148  149  150  151  151
  151  153  158  155  158  166  170  190  174                                   
    32.5-180.0 180.0   5.0 450.0                            LAT/LON1/LON2/DLON/H
  189  182  181  185  185  182  181  180  179  174  169  165  159  154  149  145
  143  142  142  143  142  140  137  134  130  126  122  117  113  111  112  116
  123  132  141  147  151  151  152  153  156  156  152  143  133  125  119  114
  108   99   92   90   95  108  124  137  145  149  151  153  156  158  159  161
  161  164  170  166  171  180  184  206  189                                   
    30.0-180.0 180.0   5.0 450.0                            LAT/LON1/LON2/DLON/H
  209  203  201  201  200  196  194  190  189  184  179  173  167  161  155  151
  148  146  144  143  140  137  134  131  129  127  124  122  120  120  123  128
  136  144  152  156  158  159  160  164  169  171  166  155  142  130  122  115
  107   97   87   83   88  102  120  136  147  151  154  157  161  164  167  170
  171  175  181  178  183  194  200  224  209                                   
    27.5-180.0 180.0   5.0 450.0                            LAT/LON1/LON2/DLON/H
  234  230  226  225  223  218  214  208  205  199  192  185  177  170  163  157
  152  148  145  142  138  134  130  128  128  129  128  128  128  131  135  141
  148  155  160  162  162  163  166  173  181  184  178  165  148  133  122  113
  103   91   80   74   79   94  115  134  146  153  157  161  166  171  175  179
  182  187  194  192  198  211  218  242  234                                   
    25.0-180.0 180.0   5.0 450.0                            LAT/LON1/LON2/DLON/H
  260  259  255  255  252  247  241  233  228  219  211  201  191  182  173  165
  158  152  147  142  137  133  130  129  131  133  135  137  138  142  146  152
  157  160  162  162  161  162  167  176  186  190  184  169  149  131  118  107
   96   84   72   66   71   87  109  130  144  152  158  164  172  178  184  190
  194  200  209  207  214  229  237  262  260                                   
    22.5-180.0 180.0   5.0 450.0                            LAT/LON1/LON2/DLON/H
  285  287  284  285  284  279  273  264  256  246  234  222  209  197  186  175
  166  158  151  146  141  137  135  136  139  142  145  146  148  151  154  158
  160  159  158  155  153  155  161  171  182  187  181  165  145  126  111  100
   89   77   66   60   64   80  102  124  139  149  157  167  177  187  195  202
  209  217  226  225  233  248  257  283  285                                   
    20.0-180.0 180.0   5.0 450.0                            LAT/LON1/LON2/DLON/H
  305  310  308  313  314  311  305  296  288  276  263  247  232  217  203  190
  178  168  161  155  151  148  147  148  151  155  156  156  156  156  157  157
  155  151  147  142  141  143  149  160  170  174  169  155  136  118  104   93
   83   73   63   57   60   74   95  116  133  144  155  168  183  197  208  218
  226  236  247  246  254  268  277  304  305                                   
    17.5-180.0 180.0   5.0 450.0                            LAT/LON1/LON2/DLON/H
  320  327  327  335  338  338  334  327  320  308  293  277  259  242  226  210
  196  184  177  172  168  166  165  166  168  169  167  164  160  158  155  152
  146  139  132  128  127  129  136  145  153  157  152  140  124  109   97   88
   80   71   63   57   58   69   89  109  127  140  154  171  190  208  223  236
  246  258  270  269  278  290  297  324  320                                   
    15.0-180.0 180.0   5.0 450.0                            LAT/LON1/LON2/DLON/H
  330  338  339  349  355  357  357  352  348  338  324  308  290  272  255  237
  221  208  199  194  191  189  187  186  185  182  176  169  162  156  150  144
  135  126  120  116  116  119  124  131  137  138  134  124  112  101   92   85
   79   72   65   59   59   67   84  104  122  137  154  175  199  222  240  255
  268  281  294  295  302  311  319  345  330                                   
    12.5-180.0 180.0   5.0 450.0                            LAT/LON1/LON2/DLON/H
  340  347  348  359  366  370  373  372  370  364  353  339  323  307  289  271
  253  239  229  223  218  214  210  205  200  192  183  172  162  154  146  138
  128  120  114  111  112  115  118  122  124  123  119  112  104   97   90   85
   80   74   67   61   60   66   81  100  118  136  156  181  210  236  258  275
  290  305  319  320  327  334  341  366  340                                   
    10.0-180.0 180.0   5.0 450.0                            LAT/LON1/LON2/DLON/H
  353  359  359  369  376  381  385  387  389  386  379  370  358  344  327  309
  291  275  263  254  246  238  229  220  210  198  186  174  163  155  147  138
  129  121  117  116  117  119  120  120  119  115  110  105  100   95   91   86
   81   75   69   63   61   66   80   98  117  137  159  188  220  250  274  294
  311  327  342  344  351  357  365  388  353                                   
     7.5-180.0 180.0   5.0 450.0                            LAT/LON1/LON2/DLON/H
  372  377  376  384  390  393  397  401  405  405  403  398  391  381  367  350
  332  314  298  284  270  256  242  228  215  201  188  177  168  161  154  147
