data/edconvlstm_nd/pred0760.15i
     1.0            IONOSPHERE MAPS     GNSS                IONEX VERSION / TYPE
pyspatialgeodesy        IME             05-JAN-18 20:20     PGM / RUN BY / DATE 
Map Name                                                    COMMENT             
Predicted global ionosphere maps (GIM).                     DESCRIPTION         
  2015     3    17     0     0     0                        EPOCH OF FIRST MAP  
  2015     3    18     0     0     0                        EPOCH OF LAST MAP   
  7200                                                      INTERVAL            
    13                                                      # OF MAPS IN FILE   
  NONE                                                      MAPPING FUNCTION    
10.0                                                        ELEVATION CUTOFF    
One-way carrier phase leveled to code                       OBSERVABLES USED    
  6371.0                                                    BASE RADIUS         
 2                                                          MAP DIMENSION       
   450.0 450.0   0.0                                        HGT1 / HGT2 / DHGT  
    87.5 -87.5  -2.5                                        LAT1 / LAT2 / DLAT  
  -180.0 180.0   5.0                                        LON1 / LON2 / DLON  
    -1                                                      EXPONENT            
                                                            END OF HEADER       
[from data line 3432]
     9                                                      START OF TEC MAP    
  2015     3    17    16     0     0                        EPOCH OF CURRENT MAP
    87.5-180.0 180.0   5.0 450.0                            LAT/LON1/LON2/DLON/H
  163  161  154  162  165  165  164  163  162  163  161  160  159  158  157  156
  155  154  153  152  152  151  151  151  151  151  151  152  152  152  152  152
  152  152  152  151  150  150  149  148  146  145  144  143  142  141  140  139
  138  138  137  137  137  137  138  138  139  140  141  142  144  145  146  148
  149  151  152  154  162  162  167  167  163                                   
    85.0-180.0 180.0   5.0 450.0                            LAT/LON1/LON2/DLON/H
  155  158  168  164  163  168  168  169  169  169  167  166  164  162  161  159
  158  156  155  154  154  153  153  153  153  153  154  154  154  155  155  155
  155  155  155  154  153  152  151  149  148  146  144  142  141  139  137  136
  135  134  133  133  133  133  134  134  135  137  138  140  141  143  145  147
  150  153  153  154  157  156  159  162  155                                   
    82.5-180.0 180.0   5.0 450.0                            LAT/LON1/LON2/DLON/H
  134  148  151  151  153  159  162  163  163  163  161  160  157  155  153  151
  149  147  146  145  144  144  145  145  146  147  148  149  150  152  153  154
  154  154  154  153  152  151  148  146  143  140  136  133  129  126  122  120
  117  115  114  113  112  112  112  113  114  115  117  119  121  123  125  128
  131  134  135  140  141  152  147  142  134                                   
    80.0-180.0 180.0   5.0 450.0                            LAT/LON1/LON2/DLON/H
  121  134  141  142  144  146  151  155  156  156  154  153  150  147  144  141
  139  137  135  134  133  133  134  135  136  138  140  142  145  147  149  151
  152  153  153  153  152  151  148  145  141  137  133  128  123  119  115  111
  108  106  104  103  102  102  102  103  104  106  108  110  112  114  116  119
  121  124  125  128  126  130  130  130  121                                   
    77.5-180.0 180.0   5.0 450.0                            LAT/LON1/LON2/DLON/H
  113  120  127  129  133  137  142  147  150  151  150  149  147  145  142  139
  136  134  133  132  132  133  134  136  139  141  144  147  150  153  156  159
  162  164  165  166  165  164  161  158  153  148  141  135  129  123  117  112
  108  105  103  101  100  100  100  100  101  102  103  104  105  107  108  110
  111  112  113  115  115  115  118  119  113                                   
    75.0-180.0 180.0   5.0 450.0                            LAT/LON1/LON2/DLON/H
  100  107  110  115  120  126  131  137  141  144  145  145  144  143  141  139
  137  136  136  136  137  139  141  143  146  149  152  156  159  162  166  170
  173  176  178  180  180  179  177  174  169  163  156  149  142  135  128  123
  118  114  112  110  108  108  107  107  107  107  107  107  107  108  108  109
  109  109  109  107  106  104  105   98  100                                   
    72.5-180.0 180.0   5.0 450.0                            LAT/LON1/LON2/DLON/H
   85   90   94  101  106  113  121  128  134  139  142  144  145  145  145  144
  144  145  146  148  150  153  155  158  161  163  166  168  171  174  177  181
  185  188  191  193  194  194  193  189  184  178  171  163  155  147  140  133
  128  124  120  118  116  114  113  112  111  110  109  108  107  107  106  106
  104  103  102   99   96   94   96   93   85                                   
    70.0-180.0 180.0   5.0 450.0                            LAT/LON1/LON2/DLON/H
   76   79   81   88   94  101  109  118  126  133  138  142  145  147  149  150
  152  155  158  161  165  169  172  175  178  179  181  182  184  186  188  191
  194  198  201  203  204  204  203  200  195  189  182  174  166  158  150  143
  137  131  127  124  121  119  117  115  113  111  109  108  107  105  105  104
  102  100   99   95   92   89   91   87   76                                   
    67.5-180.0 180.0   5.0 450.0                            LAT/LON1/LON2/DLON/H
   68   70   73   80   86   95  104  114  123  131  138  144  149  154  157  161
  165  169  174  179  183  188  192  194  196  197  197  197  197  198  200  202
  205  208  210  211  212  212  210  207  203  197  190  182  174  165  157  149
  142  136  131  127  123  120  118  115  113  110  108  106  105  104  103  103
  101  100   98   93   89   87   87   83   68                                   
    65.0-180.0 180.0   5.0 450.0                            LAT/LON1/LON2/DLON/H
   63   64   64   72   77   86   95  105  115  125  133  141  149  155  161  166
  172  178  183  189  195  200  204  207  208  208  208  208  208  209  211  213
  215  216  217  217  216  214  212  208  204  198  192  184  176  166  157  148
  139  132  125  120  116  112  109  106  104  101   99   97   96   95   95   95
   95   94   94   90   87   85   85   82   63                                   
    62.5-180.0 180.0   5.0 450.0                            LAT/LON1/LON2/DLON/H
   59   60   58   65   69   78   86   96  106  117  127  137  147  155  163  170
  176  182  189  195  201  206  210  213  214  215  215  215  217  219  221  223
  225  225  224  222  218  215  211  207  202  197  190  183  174  164  153  143
  132  123  115  109  104  100   97   94   92   90   88   87   86   85   85   86
   86   86   87   84   83   81   80   79   59                                   
    60.0-180.0 180.0   5.0 450.0                            LAT/LON1/LON2/DLON/H
   58   57   54   60   63   70   77   87   97  108  119  131  142  152  161  169
  176  182  188  193  199  204  208  212  214  216  217  220  224  228  232  236
  237  236  233  228  223  217  212  207  202  196  190  183  173  163  151  138
  126  115  105   98   93   89   87   84   82   80   79   78   77   76   76   77
   77   78   79   77   77   76   76   76   58                                   
    57.5-180.0 180.0   5.0 450.0                            LAT/LON1/LON2/DLON/H
   59   58   54   58   60   65   72   80   90  101  113  125  137  148  158  167
  173  178  183  188  192  197  202  206  210  214  218  224  231  239  245  250
  252  250  246  239  232  225  218  213  207  202  196  188  179  167  154  140
  126  113  102   95   89   86   83   81   80   79   77   76   75   74   73   73
   72   73   74   73   74   73   73   74   59                                   
    55.0-180.0 180.0   5.0 450.0                            LAT/LON1/LON2/DLON/H
   64   63   59   62   62   66   71   78   88   99  111  123  136  147  157  165
  171  175  178  182  186  191  196  202  207  213  221  229  239  250  259  266
  268  266  260  253  245  237  230  225  220  214  208  201  191  179  164  149
  133  119  108  100   94   91   89   87   86   85   84   83   82   80   78   77
   75   75   76   74   75   74   75   75   64                                   
    52.5-180.0 180.0   5.0 450.0                            LAT/LON1/LON2/DLON/H
   74   73   69   71   70   73   78   83   92  103  115  127  139  150  160  167
  172  175  176  179  182  188  194  201  209  217  226  237  249  262  273  280
  282  280  275  267  260  253  247  242  237  232  226  218  208  195  180  164
  148  133  121  113  107  104  102  101  100   99   98   97   95   93   91   89
   86   85   84   83   83   82   82   80   74                                   
    50.0-180.0 180.0   5.0 450.0                            LAT/LON1/LON2/DLON/H
   87   86   83   84   83   86   90   96  105  115  126  138  149  159  167  174
  178  179  180  182  185  191  199  208  217  226  236  248  261  273  284  290
  293  291  286  281  275  270  266  262  257  252  245  237  226  213  197  181
  164  150  138  130  124  120  118  116  115  115  114  113  112  110  108  106
  102  101   99   97   97   95   95   90   87                                   
    47.5-180.0 180.0   5.0 450.0                            LAT/LON1/LON2/DLON/H
  101  101   99   99   99  103  107  113  123  133  144  155  164  173  181  186
  189  190  190  191  195  202  211  221  231  241  251  262  273  283  291  296
  298  296  293  290  288  287  285  281  276  269  261  251  239  225  210  193
  177  163  151  143  136  132  129  127  126  126  126  126  126  126  125  124
  121  119  117  115  114  112  110  103  101                                   
    45.0-180.0 180.0   5.0 450.0                            LAT/LON1/LON2/DLON/H
  115  115  114  114  115  119  124  131  142  155  166  176  185  192  199  203
  205  205  204  205  210  218  228  240  251  260  269  277  284  290  295  297
  298  297  297  298  299  301  300  297  291  282  271  259  245  229  212  195
  179  166  154  145  138  132  128  126  126  127  129  131  133  135  136  137
  136  135  133  132  131  128  126  119  115                                   
    42.5-180.0 180.0   5.0 450.0                            LAT/LON1/LON2/DLON/H
  125  126  124  125  127  131  138  147  160  174  187  198  207  214  219  223
  224  223  222  223  228  237  248  260  271  280  287  291  294  296  297  298
  298  300  302  307  312  315  315  310  301  289  275  259  242  224  206  188
  172  158  147  137  128  121  116  114  115  118  122  127  131  135  139  143
  144  145  144  144  144  141  136  131  125                                   
    40.0-180.0 180.0   5.0 450.0                            LAT/LON1/LON2/DLON/H
  129  131  128  130  133  137  145  156  172  190  205  219  229  236  242  244
  245  243  241  242  247  256  268  280  291  298  303  304  304  304  303  304
  306  311  318  326  332  335  333  325  312  296  277  257  237  216  196  177
  161  147  135  124  113  105   99   97  100  106  112  117  123  128  134  140
  143  147  147  148  148  145  140  136  129                                   
    37.5-180.0 180.0   5.0 450.0                            LAT/LON1/LON2/DLON/H
  127  128  125  129  132  136  146  159  178  199  219  235  248  257  263  266
  266  263  261  261  265  274  285  297  307  314  317  317  316  316  317  321
  329  339  350  361  367  368  362  349  330  309  286  262  238  214  192  172
  155  141  128  116  104   94   87   87   92  100  107  113  117  122  128  134
  138  141  143  144  144  140  135  133  127                                   
    35.0-180.0 180.0   5.0 450.0                            LAT/LON1/LON2/DLON/H
  121  121  117  121  124  127  139  155  178  203  227  248  264  276  284  287
  286  283  280  279  283  291  301  312  321  327  330  332  333  337  344  355
  370  388  405  417  422  418  405  385  361  335  308  281  254  228  204  184
  167  153  139  125  112  100   94   94  101  110  118  122  123  125  128  131
  133  135  136  135  134  129  126  123  121                                   
    32.5-180.0 180.0   5.0 450.0                            LAT/LON1/LON2/DLON/H
  113  111  107  111  113  116  129  147  173  202  230  256  276  292  302  306
  305  302  299  298  301  308  317  325  333  339  344  349  357  369  385  407
  432  459  482  495  497  485  465  437  408  377  347  318  289  263  239  220
  204  190  176  161  146  132  126  127  135  145  151  152  148  144  142  141
  138  136  133  129  126  119  116  112  113                                   
    30.0-180.0 180.0   5.0 450.0                            LAT/LON1/LON2/DLON/H
  107  104   99  101  103  104  119  138  166  198  230  259  284  303  316  321
  322  319  317  317  320  326  332  338  345  351  360  372  389  412  441  475
  512  548  576  590  586  566  537  503  468  435  404  374  346  321  299  282
  269  257  244  228  211  195  187  189  196  205  208  204  194  183  174  167
  157  150  141  131  125  115  113  105  107                                   
    27.5-180.0 180.0   5.0 450.0                            LAT/LON1/LON2/DLON/H
  106  103   95   97   97   98  113  132  161  194  228  260  288  310  325  332
  335  334  334  336  340  344  348  352  358  366  379  400  428  465  507  555
  602  645  674  685  675  648  611  573  536  502  471  443  418  396  379  367
  358  350  339  323  304  286  276  275  280  285  283  272  256  238  222  207
  191  176  161  146  135  121  117  106  106                                   
    25.0-180.0 180.0   5.0 450.0                            LAT/LON1/LON2/DLON/H
  111  107   97   97   97   97  112  130  159  192  226  259  288  312  329  338
  343  346  349  354  358  362  364  366  371  382  402  433  474  523  578  634
  686  729  756  761  745  713  673  633  596  565  537  513  492  476  465  459
  457  455  447  433  413  393  379  373  373  371  362  345  323  300  278  257
  234  213  190  171  156  138  130  114  111                                   
    22.5-180.0 180.0   5.0 450.0                            LAT/LON1/LON2/DLON/H
  121  117  103  102  101  100  115  133  161  192  224  256  285  309  328  340
  348  355  362  370  376  379  380  380  386  402  430  471  523  583  644  701
  751  787  806  805  785  751  712  673  639  611  588  569  553  542  538  539
  543  546  543  531  512  491  473  462  454  444  429  407  381  356  332  307
  280  255  226  202  182  160  149  129  121                                   
    20.0-180.0 180.0   5.0 450.0                            LAT/LON1/LON2/DLON/H
  135  131  114  111  108  107  121  138  164  193  223  252  280  305  325  340
  352  363  374  385  392  395  394  394  403  424  461  512  573  637  697  749
  788  814  822  814  792  760  724  689  658  634  615  599  586  579  578  584
  593  600  600  592  575  553  533  517  502  486  466  442  416  392  370  345
  317  291  260  234  209  184  170  148  135                                   
    17.5-180.0 180.0   5.0 450.0                            LAT/LON1/LON2/DLON/H
  149  145  125  120  115  114  127  144  168  194  222  249  276  301  323  341
  357  372  387  401  409  410  408  408  421  449  494  553  617  679  730  769
  794  805  804  793  772  745  714  684  658  636  618  603  589  581  579  585
  594  603  606  601  587  567  546  527  508  489  467  444  423  404  386  365
  339  315  285  260  233  205  188  167  149                                   
    15.0-180.0 180.0   5.0 450.0                            LAT/LON1/LON2/DLON/H
  161  156  135  127  120  119  132  148  171  197  222  248  274  300  325  347
  367  386  403  418  425  424  421  423  440  475  527  589  650  701  738  760
  770  770  764  753  736  715  692  668  646  627  608  588  570  555  547  548
  554  561  565  562  552  536  517  497  477  457  437  419  404  392  380  365
  343  322  297  275  247  218  199  179  161                                   
    12.5-180.0 180.0   5.0 450.0                            LAT/LON1/LON2/DLON/H
  167  161  141  132  123  121  135  151  175  201  226  252  278  305  333  358
  382  404  423  437  442  439  435  438  459  499  555  615  667  705  727  736
  735  729  720  710  699  687  671  654  636  615  593  567  540  516  499  491
  490  493  497  496  490  479  463  446  427  409  392  378  369  364  359  348
  332  314  294  275  250  222  201  184  167                                   
    10.0-180.0 180.0   5.0 450.0                            LAT/LON1/LON2/DLON/H
  168  161  143  133  123  122  136  155  181  209  235  262  289  318  348  377
  403  426  445  457  460  455  450  455  479  523  578  633  676  703  714  713
  705  696  687  681  676  671  663  651  634  612  585  553  516  481  454  436
  427  426  428  429  427  421  410  397  381  364  350  339  334  333  332  324
  310  295  278  264  243  216  195  181  168                                   
     7.5-180.0 180.0   5.0 450.0                            LAT/LON1/LON2/DLON/H
  165  157  140  133  122  122  139  160  189  220  249  278  307  338  370  402
  429  453  470  479  479  473  468  476  502  546  598  647  683  702  707  702
