data/edconvlstm_nd/pred2090.15i
     1.0            IONOSPHERE MAPS     GNSS                IONEX VERSION / TYPE
pyspatialgeodesy        IME             05-JAN-18 20:20     PGM / RUN BY / DATE 
Map Name                                                    COMMENT             
Predicted global ionosphere maps (GIM).                     DESCRIPTION         
  2015     7    28     0     0     0                        EPOCH OF FIRST MAP  
  2015     7    29     0     0     0                        EPOCH OF LAST MAP   
  7200                                                      INTERVAL            
    13                                                      # OF MAPS IN FILE   
  NONE                                                      MAPPING FUNCTION    
10.0                                                        ELEVATION CUTOFF    
One-way carrier phase leveled to code                       OBSERVABLES USED    
  6371.0                                                    BASE RADIUS         
 2                                                          MAP DIMENSION       
   450.0 450.0   0.0                                        HGT1 / HGT2 / DHGT  
    87.5 -87.5  -2.5                                        LAT1 / LAT2 / DLAT  
  -180.0 180.0   5.0                                        LON1 / LON2 / DLON  
    -1                                                      EXPONENT            
                                                            END OF HEADER       
[from data line 3861]
    10                                                      START OF TEC MAP    
  2015     7    28    18     0     0                        EPOCH OF CURRENT MAP
    87.5-180.0 180.0   5.0 450.0                            LAT/LON1/LON2/DLON/H
  132  130  122  129  131  129  128  127  126  128  127  127  127  127  126  126
  126  126  126  125  125  124  124  123  123  122  121  121  120  119  119  118
  117  117  116  116  115  115  115  115  115  114  114  115  115  115  115  116
  116  116  117  117  118  118  118  119  119  120  120  121  121  121  122  122
  122  123  122  121  131  127  138  135  132                                   
    85.0-180.0 180.0   5.0 450.0                            LAT/LON1/LON2/DLON/H
  133  132  140  130  129  132  132  134  134  135  134  134  134  134  134  134
  133  133  133  132  132  131  131  130  129  128  127  126  125  124  123  122
  121  120  119  118  118  117  117  116  116  116  116  116  117  117  117  118
  118  119  120  120  121  121  122  122  123  124  124  125  125  126  126  127
  128  128  126  124  126  124  128  127  133                                   
    82.5-180.0 180.0   5.0 450.0                            LAT/LON1/LON2/DLON/H
  118  123  126  122  122  125  128  129  128  129  129  129  129  129  129  129
  129  129  129  129  129  128  128  127  126  125  124  123  121  120  118  117
  116  114  113  112  111  111  110  110  109  109  109  109  110  110  111  111
  112  113  113  114  115  115  116  117  117  118  118  119  119  120  120  120
  121  121  119  121  122  129  122  118  118                                   
    80.0-180.0 180.0   5.0 450.0                            LAT/LON1/LON2/DLON/H
  110  115  121  119  118  118  122  125  125  127  126  127  127  128  128  128
  129  129  129  129  129  129  129  128  127  125  124  122  120  118  116  114
  112  111  109  108  107  106  105  104  104  104  104  104  104  105  106  107
  107  108  109  110  110  111  111  112  112  113  113  114  114  115  115  116
  117  117  117  118  115  115  114  115  110                                   
    77.5-180.0 180.0   5.0 450.0                            LAT/LON1/LON2/DLON/H
  113  112  117  115  116  118  120  122  123  124  123  124  125  125  126  126
  127  128  129  129  130  131  131  131  130  129  127  125  123  120  118  116
  114  112  110  109  108  106  105  105  104  103  103  103  104  104  105  106
  107  108  108  109  109  109  109  109  109  109  109  109  109  109  110  111
  112  112  112  114  115  111  113  116  113                                   
    75.0-180.0 180.0   5.0 450.0                            LAT/LON1/LON2/DLON/H
  108  110  111  110  113  115  117  119  120  122  122  123  123  124  124  125
  126  127  129  131  132  134  135  135  134  133  131  129  126  124  121  119
  116  115  113  112  111  109  108  107  106  106  105  105  105  106  106  107
  108  108  109  109  108  108  107  106  105  105  105  105  105  105  106  108
  108  109  111  109  110  107  109  102  108                                   
    72.5-180.0 180.0   5.0 450.0                            LAT/LON1/LON2/DLON/H
  103  105  106  110  109  112  115  116  116  118  118  119  119  120  120  121
  122  124  126  128  131  133  135  136  135  134  132  129  126  123  120  118
  116  115  114  113  112  110  109  108  107  106  105  104  104  104  105  105
  106  106  106  105  104  102  100   99   97   96   95   95   96   96   98   99
  100  102  103  102  103  102  105  104  103                                   
    70.0-180.0 180.0   5.0 450.0                            LAT/LON1/LON2/DLON/H
  100  102  103  105  105  107  109  111  113  115  115  117  117  117  117  117
  118  120  123  126  129  132  134  135  134  132  130  127  124  121  118  117
  115  114  114  113  113  112  111  109  108  107  105  104  104  103  103  104
  104  103  102  100   98   95   92   90   88   86   86   86   86   88   90   92
   94   95   98   98  100  100  105  103  100                                   
    67.5-180.0 180.0   5.0 450.0                            LAT/LON1/LON2/DLON/H
  100  102  104  107  107  109  111  113  115  117  118  119  120  120  120  120
  121  122  125  128  131  134  136  137  136  133  130  126  123  120  119  117
  117  117  117  117  116  116  115  114  112  110  109  107  106  106  105  105
  104  103  101   98   94   91   87   83   81   79   79   79   81   82   85   88
   90   92   95   95   96   98  102  101  100                                   
    65.0-180.0 180.0   5.0 450.0                            LAT/LON1/LON2/DLON/H
   98  102  104  107  106  108  110  112  114  117  119  121  122  122  122  122
  122  123  125  128  132  134  136  136  134  131  127  123  120  118  117  117
  118  118  119  119  119  119  118  117  115  113  112  110  109  108  107  106
  105  102   99   95   89   84   79   75   73   71   71   72   74   76   79   82
   85   88   92   93   96  100  105  104   98                                   
    62.5-180.0 180.0   5.0 450.0                            LAT/LON1/LON2/DLON/H
   99  103  106  108  108  110  112  114  116  119  121  124  126  126  127  126
  126  127  129  131  134  136  137  136  133  130  125  122  119  118  118  119
  120  121  122  122  122  122  121  120  119  118  116  114  113  111  110  109
  106  103   98   92   86   79   74   69   67   66   66   68   70   72   75   78
   81   84   88   90   94   98  104  103   99                                   
    60.0-180.0 180.0   5.0 450.0                            LAT/LON1/LON2/DLON/H
   99  104  107  110  109  111  112  115  117  120  123  126  129  130  131  131
  131  131  132  134  136  137  137  135  132  128  124  121  119  119  121  123
  124  126  126  126  126  126  125  125  125  123  122  120  118  116  115  113
  110  105   99   92   84   76   70   66   64   63   64   66   67   69   71   74
   76   79   84   86   91   97  104  103   99                                   
    57.5-180.0 180.0   5.0 450.0                            LAT/LON1/LON2/DLON/H
   99  105  108  111  112  113  115  116  118  121  124  128  131  134  135  136
  136  136  136  137  138  138  137  135  132  128  125  123  123  124  127  129
  131  132  132  132  131  131  131  132  131  131  129  127  125  124  122  119
  115  110  103   94   84   76   70   66   65   65   67   68   69   69   70   71
   73   76   80   83   88   94  102  102   99                                   
    55.0-180.0 180.0   5.0 450.0                            LAT/LON1/LON2/DLON/H
   99  106  109  113  114  116  117  119  120  123  125  129  133  136  138  139
  139  139  139  139  139  139  137  135  132  129  127  127  128  131  134  137
  139  140  139  138  137  137  138  139  139  138  137  135  133  131  128  126
  122  115  107   97   87   78   72   69   69   70   72   73   72   71   70   70
   70   73   77   79   85   92  100   99   99                                   
    52.5-180.0 180.0   5.0 450.0                            LAT/LON1/LON2/DLON/H
   98  105  109  114  116  119  121  122  123  124  126  130  133  136  139  140
  141  141  140  140  139  138  137  135  133  131  131  132  135  139  143  146
  147  147  146  144  144  144  145  146  146  146  144  142  139  137  135  132
  128  121  113  102   92   83   77   75   76   79   80   80   78   75   72   70
   69   71   75   77   83   89   97   96   98                                   
    50.0-180.0 180.0   5.0 450.0                            LAT/LON1/LON2/DLON/H
   98  105  109  115  119  123  125  127  127  128  129  131  133  136  139  140
  141  142  141  140  139  138  137  136  135  135  137  139  143  147  151  154
  155  155  153  152  151  152  153  154  154  153  150  147  144  142  140  138
  134  127  119  108   98   90   85   84   86   89   90   90   86   81   76   73
   71   72   75   77   82   87   95   94   98                                   
    47.5-180.0 180.0   5.0 450.0                            LAT/LON1/LON2/DLON/H
   98  106  110  117  122  128  131  133  133  133  133  134  135  137  139  141
  142  143  142  141  140  139  139  139  140  141  144  147  151  156  159  162
  163  162  161  160  160  161  162  163  162  160  156  152  149  146  144  142
  139  134  125  115  106   98   94   94   96   99  101  100   95   89   83   78
   76   76   79   80   84   87   94   94   98                                   
    45.0-180.0 180.0   5.0 450.0                            LAT/LON1/LON2/DLON/H
   99  108  112  120  126  133  137  140  140  140  139  139  139  140  142  143
  144  145  145  144  143  142  142  143  146  149  152  156  160  164  168  170
  171  171  170  170  171  172  173  172  170  167  162  157  153  150  148  147
  144  140  132  123  114  107  103  104  106  110  111  109  104   97   91   86
   84   83   85   85   88   90   95   95   99                                   
    42.5-180.0 180.0   5.0 450.0                            LAT/LON1/LON2/DLON/H
  102  111  115  123  130  138  143  146  148  148  147  146  146  146  146  148
  149  149  149  148  148  147  148  151  154  158  162  166  170  174  178  180
  182  183  183  183  184  185  185  184  180  174  168  162  158  155  153  152
  149  145  139  131  122  116  113  113  115  118  119  117  112  106  100   96
   93   93   93   92   93   94   98   99  102                                   
    40.0-180.0 180.0   5.0 450.0                            LAT/LON1/LON2/DLON/H
  106  115  120  128  134  143  147  152  154  156  155  155  154  153  154  155
  156  156  156  156  155  155  157  160  164  169  174  178  182  187  191  194
  197  199  200  201  202  202  200  197  191  184  176  170  164  160  158  156
  154  151  145  138  130  124  121  120  122  124  125  123  119  114  109  106
  104  103  102   99   99   98  102  103  106                                   
    37.5-180.0 180.0   5.0 450.0                            LAT/LON1/LON2/DLON/H
  110  120  125  132  138  146  151  156  159  161  162  162  162  162  162  163
  164  164  165  165  165  166  167  171  175  181  186  192  197  202  208  213
  218  220  222  222  222  220  217  211  203  194  186  178  172  167  164  161
  159  155  150  143  136  131  127  125  126  127  127  126  124  121  118  116
  114  112  111  106  104  103  107  108  110                                   
    35.0-180.0 180.0   5.0 450.0                            LAT/LON1/LON2/DLON/H
  115  126  132  137  142  150  154  158  161  165  167  169  170  171  171  172
  173  174  174  175  176  177  179  182  187  193  200  207  214  222  230  237
  243  246  247  246  244  240  234  225  215  205  195  187  180  174  169  165
  162  158  152  146  140  134  130  128  127  127  127  127  126  125  125  124
  122  120  117  111  108  107  111  113  115                                   
    32.5-180.0 180.0   5.0 450.0                            LAT/LON1/LON2/DLON/H
  121  133  139  143  147  153  156  160  163  167  170  174  177  178  179  180
  181  182  184  186  188  190  192  195  199  206  214  224  234  245  256  265
  272  274  274  270  265  259  249  238  226  214  204  194  186  179  172  167
  162  158  152  146  140  135  131  127  125  125  125  126  127  128  129  129
  128  125  121  115  112  110  115  117  121                                   
    30.0-180.0 180.0   5.0 450.0                            LAT/LON1/LON2/DLON/H
  127  139  145  149  153  159  160  163  165  170  174  178  182  185  186  187
  188  190  193  197  200  202  205  207  212  219  229  241  255  270  283  294
  301  302  299  292  284  274  262  248  234  221  209  199  190  181  173  166
  160  154  148  143  137  132  128  125  122  121  121  123  125  127  130  132
  130  128  124  117  114  113  119  121  127                                   
    27.5-180.0 180.0   5.0 450.0                            LAT/LON1/LON2/DLON/H
  133  144  151  156  160  166  168  169  171  174  178  183  188  191  192  194
  195  198  202  207  212  216  218  220  224  232  244  260  277  295  310  322
  327  326  320  310  299  286  272  256  239  225  212  201  190  180  171  162
  155  149  142  136  131  127  124  121  118  116  116  118  122  125  129  131
  130  128  124  118  116  115  122  125  133                                   
    25.0-180.0 180.0   5.0 450.0                            LAT/LON1/LON2/DLON/H
  138  149  156  163  168  176  179  180  181  184  187  191  195  198  200  201
  203  207  213  219  226  230  232  234  238  246  260  278  298  318  334  344
  348  343  334  322  309  295  279  261  242  226  212  200  188  176  166  157
  149  141  134  128  124  121  118  116  113  112  112  113  117  121  124  127
  127  126  124  119  118  117  124  128  138                                   
    22.5-180.0 180.0   5.0 450.0                            LAT/LON1/LON2/DLON/H
  141  152  159  169  177  187  192  194  196  198  200  203  206  208  209  210
  213  218  225  233  241  246  248  250  254  263  277  297  318  337  352  360
  360  353  341  328  314  300  283  264  244  226  211  197  184  171  160  150
  142  134  126  120  116  113  112  111  109  107  107  108  111  114  118  121
  122  123  122  120  119  120  126  130  141                                   
    20.0-180.0 180.0   5.0 450.0                            LAT/LON1/LON2/DLON/H
  141  152  160  173  185  198  207  211  214  216  217  219  220  222  222  223
  226  232  241  250  259  265  267  268  272  281  296  315  334  352  364  369
  365  356  343  329  316  303  287  268  247  228  211  195  181  168  156  146
  136  128  120  113  109  107  106  106  105  103  103  103  105  107  111  114
  116  119  121  120  121  122  128  132  141                                   
    17.5-180.0 180.0   5.0 450.0                            LAT/LON1/LON2/DLON/H
  139  150  159  175  190  207  220  228  233  235  236  237  238  238  239  240
  243  250  260  270  280  286  289  290  294  302  315  332  349  363  370  371
  365  353  340  328  318  306  292  274  253  232  213  197  181  167  154  144
  134  124  115  108  103  102  102  102  102  100   99   98   99  100  103  106
  110  115  118  119  121  123  128  132  139                                   
    15.0-180.0 180.0   5.0 450.0                            LAT/LON1/LON2/DLON/H
  135  146  156  174  192  211  228  239  248  253  254  256  256  257  257  259
  263  271  281  292  301  308  311  313  317  324  335  348  361  370  373  370
  361  349  337  327  319  311  299  282  261  240  220  202  186  170  157  145
  134  123  113  105  100   99   99  100  100   98   96   94   93   93   95   99
  103  110  115  118  120  122  126  130  135                                   
    12.5-180.0 180.0   5.0 450.0                            LAT/LON1/LON2/DLON/H
  130  142  152  171  190  210  230  245  257  264  268  271  273  274  276  279
  284  292  302  313  322  329  334  337  340  346  354  363  371  375  373  367
  356  345  335  328  323  317  307  292  271  250  229  211  193  177  161  148
  135  123  112  104   99   98   98   99   98   96   94   91   88   87   88   92
   96  104  111  115  118  119  122  126  130                                   
    10.0-180.0 180.0   5.0 450.0                            LAT/LON1/LON2/DLON/H
  124  137  148  166  185  205  227  244  259  269  275  280  284  288  292  296
  303  311  321  331  340  347  353  357  361  365  370  375  378  378  373  364
  354  343  335  330  327  323  315  300  281  260  239  220  202  183  166  150
  136  123  112  104   99   98   97   97   96   94   91   87   85   83   83   86
   91   99  105  110  113  115  117  122  124                                   
     7.5-180.0 180.0   5.0 450.0                            LAT/LON1/LON2/DLON/H
  120  134  146  163  180  199  220  237  254  267  276  283  290  296  302  309
  316  324  333  342  351  359  367  373  377  381  383  385  384  379  372  363
