data/edconvlstm_nd/pred2180.15i
     1.0            IONOSPHERE MAPS     GNSS                IONEX VERSION / TYPE
pyspatialgeodesy        IME             05-JAN-18 20:20     PGM / RUN BY / DATE 
Map Name                                                    COMMENT             
Predicted global ionosphere maps (GIM).                     DESCRIPTION         
  2015     8     6     0     0     0                        EPOCH OF FIRST MAP  
  2015     8     7     0     0     0                        EPOCH OF LAST MAP   
  7200                                                      INTERVAL            
    13                                                      # OF MAPS IN FILE   
  NONE                                                      MAPPING FUNCTION    
10.0                                                        ELEVATION CUTOFF    
One-way carrier phase leveled to code                       OBSERVABLES USED    
  6371.0                                                    BASE RADIUS         
 2                                                          MAP DIMENSION       
   450.0 450.0   0.0                                        HGT1 / HGT2 / DHGT  
    87.5 -87.5  -2.5                                        LAT1 / LAT2 / DLAT  
  -180.0 180.0   5.0                                        LON1 / LON2 / DLON  
    -1                                                      EXPONENT            
                                                            END OF HEADER       
[from data line 3861]
    10                                                      START OF TEC MAP    
  2015     8     6    18     0     0                        EPOCH OF CURRENT MAP
    87.5-180.0 180.0   5.0 450.0                            LAT/LON1/LON2/DLON/H
  161  154  145  152  153  153  152  151  151  153  152  152  152  152  152  152
  152  152  151  151  150  150  149  148  148  147  146  146  145  144  144  143
  143  142  142  141  141  140  140  140  140  140  140  140  140  140  140  140
  140  141  141  142  142  142  142  143  143  143  144  144  144  144  145  145
  144  145  144  145  156  153  160  157  161                                   
    85.0-180.0 180.0   5.0 450.0                            LAT/LON1/LON2/DLON/H
  156  155  161  155  153  157  157  159  159  160  160  160  160  160  160  160
  160  159  159  158  157  157  156  155  154  153  152  151  150  149  148  147
  147  146  145  145  144  144  143  143  143  142  142  142  142  142  143  143
  143  144  144  145  145  146  146  147  147  148  148  148  149  149  149  149
  150  151  149  148  151  146  149  150  156                                   
    82.5-180.0 180.0   5.0 450.0                            LAT/LON1/LON2/DLON/H
  140  147  148  146  146  151  154  155  155  157  157  158  158  158  159  158
  158  158  157  157  156  155  154  153  152  151  150  149  148  146  145  144
  143  142  141  140  139  138  137  137  136  135  135  134  134  134  134  134
  135  136  136  137  138  139  139  140  140  140  141  141  141  141  141  141
  141  140  139  143  143  148  142  136  140                                   
    80.0-180.0 180.0   5.0 450.0                            LAT/LON1/LON2/DLON/H
  134  140  146  146  146  148  152  156  158  160  161  162  163  163  163  163
  163  163  162  161  161  160  159  157  156  154  153  151  150  148  147  145
  144  142  141  140  139  137  136  134  133  132  131  131  130  130  130  130
  131  132  133  134  135  135  136  137  137  137  137  137  137  137  137  137
  137  137  136  139  136  134  134  132  134                                   
    77.5-180.0 180.0   5.0 450.0                            LAT/LON1/LON2/DLON/H
  138  139  146  146  149  153  156  160  162  164  165  167  168  169  169  169
  170  169  169  169  169  168  167  166  165  164  162  160  158  156  154  153
  151  150  148  146  144  142  140  138  136  134  133  131  130  130  130  130
  131  132  133  134  135  135  136  136  136  136  136  135  135  134  134  134
  133  133  133  136  138  132  135  137  138                                   
    75.0-180.0 180.0   5.0 450.0                            LAT/LON1/LON2/DLON/H
  137  141  145  147  150  155  158  161  165  168  169  171  172  173  173  173
  174  174  174  175  175  175  175  174  173  172  170  168  166  164  162  160
  159  157  155  153  150  148  145  142  139  136  134  132  130  129  129  129
  130  131  132  132  133  133  133  133  133  133  132  132  131  131  131  132
  131  132  133  132  134  130  134  127  137                                   
    72.5-180.0 180.0   5.0 450.0                            LAT/LON1/LON2/DLON/H
  136  141  146  151  153  158  162  165  167  171  172  174  175  175  176  176
  176  177  178  179  180  181  181  181  181  179  177  174  171  169  167  165
  163  161  158  156  153  150  146  143  139  136  132  130  128  126  126  126
  126  127  127  128  128  128  127  127  126  126  125  125  125  126  126  127
  127  128  130  129  131  129  133  133  136                                   
    70.0-180.0 180.0   5.0 450.0                            LAT/LON1/LON2/DLON/H
  138  143  148  152  153  158  161  165  168  171  172  174  175  175  175  175
  175  176  177  179  181  183  184  184  183  182  179  176  173  170  168  165
  163  161  158  155  152  148  144  140  136  132  129  126  124  122  121  121
  121  121  121  120  119  118  117  116  115  115  115  116  117  118  120  122
  123  125  127  128  130  131  137  135  138                                   
    67.5-180.0 180.0   5.0 450.0                            LAT/LON1/LON2/DLON/H
  141  148  153  158  159  164  167  171  173  177  178  180  181  180  180  179
  179  180  181  183  186  188  190  190  189  187  183  180  176  173  170  168
  166  163  160  157  153  149  144  140  136  132  129  126  124  123  122  121
  120  119  118  116  114  112  110  109  108  108  109  111  114  116  120  123
  125  127  129  129  131  133  138  137  141                                   
    65.0-180.0 180.0   5.0 450.0                            LAT/LON1/LON2/DLON/H
  141  150  155  159  160  164  167  171  173  177  179  181  182  181  180  179
  178  179  180  183  186  188  190  191  190  187  183  180  176  173  171  168
  166  163  159  155  150  145  141  137  133  130  127  125  123  121  120  119
  117  115  113  110  106  103  100   99   98   99  101  104  108  112  116  120
  122  125  128  129  133  135  142  141  141                                   
    62.5-180.0 180.0   5.0 450.0                            LAT/LON1/LON2/DLON/H
  142  152  156  160  161  166  168  171  174  179  181  184  185  184  183  181
  180  179  180  183  186  188  190  191  189  187  183  180  177  174  172  170
  168  164  159  154  148  143  139  135  132  130  128  126  125  123  122  120
  117  114  110  105  101   97   94   92   92   93   96  100  104  109  114  118
  121  124  127  128  132  134  142  141  142                                   
    60.0-180.0 180.0   5.0 450.0                            LAT/LON1/LON2/DLON/H
  140  151  156  159  160  165  167  170  173  178  181  184  185  185  184  182
  180  179  179  181  183  185  187  188  187  185  182  180  178  177  176  175
  172  167  161  155  148  143  138  135  133  132  130  129  128  127  125  122
  118  114  109  103   98   93   90   88   89   91   94   98  102  107  111  116
  118  121  124  125  129  132  141  140  140                                   
    57.5-180.0 180.0   5.0 450.0                            LAT/LON1/LON2/DLON/H
  137  150  155  159  160  164  166  170  172  177  180  183  185  186  184  182
  180  178  178  178  180  182  183  184  184  183  182  182  182  183  184  183
  179  174  167  159  151  145  141  138  137  137  136  135  134  133  130  127
  123  117  111  105   99   94   91   90   91   93   96   99  103  106  110  113
  115  118  120  121  125  129  138  137  137                                   
    55.0-180.0 180.0   5.0 450.0                            LAT/LON1/LON2/DLON/H
  135  148  155  159  161  166  168  171  173  176  179  182  184  185  184  182
  180  177  176  175  176  177  179  180  180  181  182  185  188  191  192  192
  189  182  174  165  157  151  147  145  144  144  144  143  142  140  137  133
  128  122  116  110  104  100   97   96   97   99  101  103  105  107  109  112
  113  115  117  117  121  125  134  135  135                                   
    52.5-180.0 180.0   5.0 450.0                            LAT/LON1/LON2/DLON/H
  134  148  155  161  164  170  172  175  176  178  179  181  183  183  183  181
  179  177  174  173  172  172  174  175  177  180  183  188  193  198  201  201
  197  191  182  173  165  159  155  153  152  152  152  151  149  147  144  140
  135  130  123  117  112  109  107  107  107  108  108  108  108  108  109  111
  112  113  115  115  118  123  131  132  134                                   
    50.0-180.0 180.0   5.0 450.0                            LAT/LON1/LON2/DLON/H
  135  149  158  165  169  177  180  182  183  183  183  183  183  183  182  181
  179  177  174  172  170  170  171  173  176  180  185  191  198  204  208  208
  205  198  189  181  173  168  165  163  162  162  161  159  157  154  151  147
  143  138  133  128  124  121  119  119  119  119  117  115  113  111  111  112
  113  115  116  116  118  122  130  132  135                                   
    47.5-180.0 180.0   5.0 450.0                            LAT/LON1/LON2/DLON/H
  139  153  162  170  177  186  191  194  194  193  191  189  187  186  184  183
  181  179  176  173  171  170  170  172  176  181  187  194  202  209  213  213
  210  204  196  189  184  180  177  175  173  172  170  167  165  162  159  155
  152  148  144  139  136  134  132  132  131  130  127  123  119  116  116  117
  118  119  121  120  121  124  131  134  139                                   
    45.0-180.0 180.0   5.0 450.0                            LAT/LON1/LON2/DLON/H
  144  157  167  177  185  196  203  207  207  206  203  200  196  192  189  187
  185  184  181  178  175  173  173  175  179  184  191  198  206  213  218  219
  216  211  205  200  196  194  191  189  186  183  180  177  174  171  168  165
  161  158  155  151  148  145  144  143  142  139  135  131  126  123  123  124
  125  127  128  127  127  128  134  136  144                                   
    42.5-180.0 180.0   5.0 450.0                            LAT/LON1/LON2/DLON/H
  149  162  172  183  193  206  214  220  222  222  219  214  209  203  199  195
  193  191  189  187  183  181  180  182  185  191  197  205  213  220  225  227
  226  223  219  216  214  212  210  206  202  197  194  190  186  182  179  175
  172  169  165  161  158  155  153  151  149  147  143  138  134  132  131  133
  134  136  137  134  132  131  136  139  149                                   
    40.0-180.0 180.0   5.0 450.0                            LAT/LON1/LON2/DLON/H
  152  165  175  187  199  213  224  232  236  238  236  232  225  218  211  206
  203  202  201  198  195  192  191  192  195  200  207  215  223  231  238  242
  243  243  241  240  239  237  234  228  222  216  211  206  201  197  192  187
  183  178  174  169  164  161  158  155  153  151  148  145  142  141  142  144
  145  146  145  141  137  134  137  140  152                                   
    37.5-180.0 180.0   5.0 450.0                            LAT/LON1/LON2/DLON/H
  154  166  177  188  201  216  229  239  247  251  252  249  243  235  226  220
  216  215  214  212  209  205  204  204  207  213  220  229  240  250  260  267
  272  274  274  274  273  270  264  256  247  239  232  226  220  213  206  199
  192  186  180  173  167  162  158  155  153  152  151  150  150  150  152  154
  154  154  152  146  140  135  137  140  154                                   
    35.0-180.0 180.0   5.0 450.0                            LAT/LON1/LON2/DLON/H
  153  166  177  188  201  216  230  242  253  261  265  266  261  253  243  235
  230  228  228  226  224  220  218  219  222  228  238  249  263  278  291  303
  311  316  318  318  315  309  299  287  275  264  255  247  239  230  220  210
  200  191  183  174  167  160  155  152  151  151  152  154  156  158  160  162
  161  160  156  148  140  135  135  138  153                                   
    32.5-180.0 180.0   5.0 450.0                            LAT/LON1/LON2/DLON/H
  153  165  176  186  199  214  228  242  255  267  275  278  276  269  259  250
  245  243  242  241  239  235  233  234  238  247  259  274  292  312  331  347
  359  366  369  367  361  350  335  319  303  290  278  268  257  245  232  218
  205  193  183  172  164  156  151  148  147  148  151  156  160  163  165  166
  164  163  157  149  140  134  134  137  153                                   
    30.0-180.0 180.0   5.0 450.0                            LAT/LON1/LON2/DLON/H
  153  166  177  186  199  213  227  240  255  269  280  287  288  283  274  265
  260  257  256  255  253  250  249  250  256  266  282  302  325  350  374  395
  410  419  420  414  403  386  367  346  327  310  297  285  271  256  239  223
  207  193  180  169  159  152  147  144  143  145  150  155  160  164  166  166
  164  163  158  150  141  134  133  137  153                                   
    27.5-180.0 180.0   5.0 450.0                            LAT/LON1/LON2/DLON/H
  156  169  180  189  201  215  228  241  256  270  283  293  297  295  288  280
  275  272  271  270  267  265  264  266  274  287  306  330  358  387  416  440
  457  464  462  451  434  411  387  362  340  322  307  293  278  260  242  223
  205  190  176  164  155  149  145  143  142  144  148  153  158  161  163  163
  162  161  157  151  143  136  134  140  156                                   
    25.0-180.0 180.0   5.0 450.0                            LAT/LON1/LON2/DLON/H
  161  173  184  194  207  221  234  246  259  273  286  297  303  304  301  295
  290  287  285  284  282  280  280  283  292  308  330  357  388  420  449  474
  490  495  488  471  448  420  392  365  342  323  307  292  275  257  238  219
  201  185  171  160  152  147  145  144  143  144  147  150  154  156  157  158
  157  158  156  152  146  140  137  144  161                                   
    22.5-180.0 180.0   5.0 450.0                            LAT/LON1/LON2/DLON/H
  166  178  189  201  216  230  244  255  266  278  290  301  309  313  313  310
  306  303  301  299  297  295  296  301  311  328  352  380  411  442  471  492
  504  504  492  471  443  413  383  355  331  312  296  281  265  248  230  212
  194  179  165  155  149  146  146  146  146  145  145  146  148  148  149  150
  151  155  155  154  149  144  141  149  166                                   
    20.0-180.0 180.0   5.0 450.0                            LAT/LON1/LON2/DLON/H
  170  182  193  208  225  241  256  266  276  286  295  306  315  322  325  325
  323  321  318  315  313  312  314  319  331  348  371  398  427  454  477  492
  498  493  476  452  423  392  363  336  313  295  280  266  251  235  219  203
  187  173  160  150  146  145  147  149  148  146  143  141  140  139  140  142
  145  151  154  155  152  147  144  153  170                                   
    17.5-180.0 180.0   5.0 450.0                            LAT/LON1/LON2/DLON/H
  170  181  193  212  231  250  266  277  286  294  302  311  321  330  337  340
  341  338  335  332  330  330  332  339  350  367  388  411  434  454  469  477
  476  466  447  422  394  366  339  314  293  276  262  249  236  223  209  195
  181  168  155  147  143  144  148  151  150  146  141  136  132  130  130  134
  138  146  151  153  151  146  143  153  170                                   
    15.0-180.0 180.0   5.0 450.0                            LAT/LON1/LON2/DLON/H
  165  176  189  210  232  253  272  284  293  301  307  316  327  338  347  354
  356  355  352  349  347  348  351  358  368  383  400  418  434  447  454  454
  447  432  413  390  366  341  318  296  278  262  249  237  226  214  202  190
  177  164  152  144  141  143  148  151  150  144  137  129  124  120  121  125
  130  139  144  147  145  141  138  148  165                                   
    12.5-180.0 180.0   5.0 450.0                            LAT/LON1/LON2/DLON/H
  156  166  180  203  227  250  271  285  296  304  310  319  331  343  355  364
  369  369  367  364  363  364  369  376  385  397  410  422  432  437  437  431
  419  403  384  364  344  325  306  288  271  256  244  232  221  210  199  187
  174  161  149  140  138  140  145  149  147  141  132  123  116  112  112  116
  122  130  135  136  135  130  128  138  156                                   
    10.0-180.0 180.0   5.0 450.0                            LAT/LON1/LON2/DLON/H
  143  153  169  193  217  241  264  279  292  302  310  320  332  345  359  369
  376  379  378  376  376  379  384  391  399  409  418  425  430  430  425  415
  400  384  366  350  336  322  307  291  275  260  247  235  222  210  197  184
  170  157  145  136  133  135  140  144  142  136  126  117  109  104  104  107
  112  119  122  123  121  117  115  126  143                                   
     7.5-180.0 180.0   5.0 450.0                            LAT/LON1/LON2/DLON/H
  131  142  158  182  206  230  253  270  285  297  307  318  330  344  358  370
  379  383  384  384  385  389  395  403  410  418  424  429  430  428  421  410
