data/edconvlstm_nd/pred1180.15i
     1.0            IONOSPHERE MAPS     GNSS                IONEX VERSION / TYPE
pyspatialgeodesy        IME             05-JAN-18 20:20     PGM / RUN BY / DATE 
Map Name                                                    COMMENT             
Predicted global ionosphere maps (GIM).                     DESCRIPTION         
  2015     4    28     0     0     0                        EPOCH OF FIRST MAP  
  2015     4    29     0     0     0                        EPOCH OF LAST MAP   
  7200                                                      INTERVAL            
    13                                                      # OF MAPS IN FILE   
  NONE                                                      MAPPING FUNCTION    
10.0                                                        ELEVATION CUTOFF    
One-way carrier phase leveled to code                       OBSERVABLES USED    
  6371.0                                                    BASE RADIUS         
 2                                                          MAP DIMENSION       
   450.0 450.0   0.0                                        HGT1 / HGT2 / DHGT  
    87.5 -87.5  -2.5                                        LAT1 / LAT2 / DLAT  
  -180.0 180.0   5.0                                        LON1 / LON2 / DLON  
    -1                                                      EXPONENT            
                                                            END OF HEADER       
[from data line 2574]
     7                                                      START OF TEC MAP    
  2015     4    28    12     0     0                        EPOCH OF CURRENT MAP
    87.5-180.0 180.0   5.0 450.0                            LAT/LON1/LON2/DLON/H
  233  230  226  230  236  240  241  243  246  248  249  251  253  254  255  256
  257  258  259  260  260  261  261  262  262  262  262  262  261  260  259  257
  255  253  250  246  243  239  235  230  226  222  217  213  210  206  203  200
  197  195  193  192  190  190  189  189  189  189  190  191  192  193  195  197
  199  202  202  203  208  211  213  226  233                                   
    85.0-180.0 180.0   5.0 450.0                            LAT/LON1/LON2/DLON/H
  222  228  238  237  239  248  251  254  257  259  261  262  264  265  266  266
  267  268  268  269  269  270  270  271  271  272  272  272  272  271  270  268
  266  263  260  255  251  245  240  234  228  223  217  212  207  203  199  196
  193  191  189  188  187  186  186  186  186  187  188  190  191  193  195  198
  201  205  203  206  207  203  210  224  222                                   
    82.5-180.0 180.0   5.0 450.0                            LAT/LON1/LON2/DLON/H
  205  230  236  236  241  251  255  259  262  264  266  268  269  269  269  269
  269  269  268  268  268  269  269  270  272  273  275  277  278  279  279  278
  276  273  269  264  258  251  244  236  228  220  213  206  199  194  189  185
  181  179  177  176  175  175  175  175  176  177  179  180  182  184  187  189
  193  196  195  199  201  206  210  200  205                                   
    80.0-180.0 180.0   5.0 450.0                            LAT/LON1/LON2/DLON/H
  198  222  228  230  233  242  246  251  254  257  258  259  260  259  258  257
  255  254  253  251  251  251  251  253  255  259  262  266  270  273  276  277
  277  276  273  268  262  255  247  238  228  219  210  202  195  189  184  180
  178  176  174  174  173  174  174  175  176  176  178  179  180  181  183  185
  188  190  188  191  191  192  198  188  198                                   
    77.5-180.0 180.0   5.0 450.0                            LAT/LON1/LON2/DLON/H
  196  217  222  225  227  235  238  242  245  247  248  248  247  246  244  241
  238  235  233  230  229  229  230  232  236  241  247  255  262  269  276  281
  285  287  286  284  279  272  264  255  245  236  227  218  211  206  201  198
  196  195  195  195  195  195  196  196  196  196  196  196  196  195  195  195
  195  196  192  192  195  192  194  190  196                                   
    75.0-180.0 180.0   5.0 450.0                            LAT/LON1/LON2/DLON/H
  192  211  213  216  218  225  228  232  235  236  236  235  233  231  228  224
  219  215  211  208  205  205  206  209  214  221  230  241  252  263  274  283
  291  296  299  298  295  290  283  274  265  255  247  240  234  229  227  225
  225  225  225  225  225  225  225  224  224  222  221  220  218  216  214  212
  209  206  201  196  195  193  196  188  192                                   
    72.5-180.0 180.0   5.0 450.0                            LAT/LON1/LON2/DLON/H
  187  203  204  208  207  214  218  220  223  224  223  222  219  216  212  208
  203  198  194  189  187  185  186  190  196  205  216  229  244  258  273  286
  297  306  311  314  313  309  303  295  287  279  272  266  262  260  259  259
  259  260  260  260  259  258  256  254  251  248  245  242  239  235  232  228
  223  218  210  203  198  194  197  191  187                                   
    70.0-180.0 180.0   5.0 450.0                            LAT/LON1/LON2/DLON/H
  181  192  192  196  195  200  204  207  210  211  210  209  207  204  200  196
  191  187  182  177  174  172  173  177  184  194  207  221  238  255  272  287
  301  312  319  323  324  321  317  310  304  297  292  288  286  286  286  287
  288  289  288  287  284  280  275  270  265  260  256  253  249  245  241  236
  230  223  215  206  199  194  198  191  181                                   
    67.5-180.0 180.0   5.0 450.0                            LAT/LON1/LON2/DLON/H
  170  179  179  181  181  186  190  193  197  198  198  198  197  195  193  190
  187  183  179  175  171  170  171  175  182  192  205  220  238  256  274  290
  305  317  326  331  332  331  327  322  317  313  309  307  307  307  309  310
  310  310  307  302  296  288  280  272  265  259  254  250  247  243  240  235
  229  222  213  204  195  189  191  186  170                                   
    65.0-180.0 180.0   5.0 450.0                            LAT/LON1/LON2/DLON/H
  157  163  160  162  161  166  170  175  180  183  185  186  187  188  188  187
  185  183  179  176  173  172  173  177  184  194  206  222  239  257  275  292
  307  319  328  334  336  335  332  328  324  321  319  318  319  320  321  322
  321  317  312  304  294  283  272  261  253  246  241  238  236  234  231  227
  221  215  206  197  189  183  184  177  157                                   
    62.5-180.0 180.0   5.0 450.0                            LAT/LON1/LON2/DLON/H
  143  144  140  139  138  142  147  153  159  165  169  173  176  179  182  183
  184  183  181  178  176  176  177  181  188  198  210  224  241  258  276  293
  308  320  329  334  336  336  334  331  328  326  325  325  326  327  327  325
  322  316  308  297  285  271  258  247  238  232  228  226  225  224  222  218
  213  206  197  188  180  172  171  164  143                                   
    60.0-180.0 180.0   5.0 450.0                            LAT/LON1/LON2/DLON/H
  131  127  120  117  114  117  122  128  136  143  150  156  162  167  172  176
  179  180  179  178  177  177  179  184  191  201  212  226  241  258  276  292
  307  320  328  334  336  336  335  333  331  330  330  330  330  330  328  325
  320  312  302  290  276  262  249  238  230  225  223  223  223  222  219  215
  208  201  191  182  173  164  160  152  131                                   
    57.5-180.0 180.0   5.0 450.0                            LAT/LON1/LON2/DLON/H
  126  116  107  100   94   95  100  105  114  122  130  137  144  151  158  164
  169  172  174  174  174  175  178  184  192  202  213  226  242  258  276  293
  308  321  330  335  338  338  338  337  336  336  336  335  334  333  330  325
  319  311  300  288  275  262  251  242  236  233  232  233  233  232  228  222
  213  203  192  181  171  161  155  146  126                                   
    55.0-180.0 180.0   5.0 450.0                            LAT/LON1/LON2/DLON/H
  130  115  104   92   83   81   84   89   97  104  111  119  126  134  142  150
  157  162  165  167  168  171  176  183  191  202  213  227  242  259  277  295
  311  324  334  340  344  345  345  345  345  345  345  344  342  339  335  329
  323  315  305  295  285  274  266  259  255  254  255  256  256  253  247  238
  226  214  200  188  177  165  158  149  130                                   
    52.5-180.0 180.0   5.0 450.0                            LAT/LON1/LON2/DLON/H
  144  125  112   97   84   80   81   82   88   94   99  105  110  118  126  136
  146  153  158  161  164  168  174  182  192  203  215  228  244  261  280  299
  316  331  341  349  353  355  356  357  358  358  357  355  352  348  343  338
  332  325  318  310  303  296  290  286  283  283  284  285  284  279  271  259
  244  229  213  200  190  177  170  161  144                                   
    50.0-180.0 180.0   5.0 450.0                            LAT/LON1/LON2/DLON/H
  164  146  132  115   99   92   90   88   91   94   96   98  101  107  115  126
  137  147  154  159  163  168  175  185  196  207  220  233  249  267  286  305
  323  339  351  360  365  369  371  373  374  373  372  369  365  361  356  351
  345  341  336  331  326  321  316  313  311  311  311  311  308  302  292  278
  261  245  228  215  205  194  188  180  164                                   
    47.5-180.0 180.0   5.0 450.0                            LAT/LON1/LON2/DLON/H
  185  171  157  141  124  115  110  106  105  105  103  101  101  103  110  121
  134  146  155  162  168  174  182  193  204  216  228  242  257  274  293  312
  330  347  361  372  380  385  389  391  392  391  388  385  380  375  370  365
  361  357  354  350  346  342  337  332  329  327  325  323  318  311  300  286
  269  253  237  225  217  210  206  200  185                                   
    45.0-180.0 180.0   5.0 450.0                            LAT/LON1/LON2/DLON/H
  200  194  183  170  154  144  137  130  127  123  118  112  108  107  113  123
  137  151  162  170  177  184  193  204  216  228  239  252  266  282  299  317
  336  353  370  383  395  403  408  411  411  410  406  401  396  390  385  381
  377  373  370  366  360  354  346  338  331  325  321  316  310  302  291  279
  264  251  237  227  222  218  217  212  200                                   
    42.5-180.0 180.0   5.0 450.0                            LAT/LON1/LON2/DLON/H
  204  208  200  193  180  171  164  156  150  144  137  128  121  117  121  130
  144  159  172  182  189  197  206  217  228  240  251  262  274  288  303  321
  339  359  378  396  411  422  430  433  433  431  426  420  414  407  402  397
  392  388  383  377  368  358  346  334  322  312  304  296  289  281  272  261
  250  240  228  219  216  216  218  213  204                                   
    40.0-180.0 180.0   5.0 450.0                            LAT/LON1/LON2/DLON/H
  195  209  205  202  196  188  183  176  170  163  155  145  136  130  132  140
  154  169  182  192  201  208  217  228  239  250  260  270  280  292  306  322
  342  364  387  410  430  446  456  460  461  457  452  445  437  429  422  416
  410  404  397  388  377  363  347  331  315  301  290  280  270  261  253  245
  236  228  217  208  204  206  208  201  195                                   
    37.5-180.0 180.0   5.0 450.0                            LAT/LON1/LON2/DLON/H
  180  199  199  198  197  192  189  184  180  175  167  159  149  143  143  150
  162  176  190  201  209  217  226  236  247  257  266  275  284  294  307  324
  346  371  400  428  454  475  488  494  495  492  485  477  468  459  450  442
  435  428  419  409  396  380  362  343  325  309  295  282  271  260  251  243
  234  226  213  201  194  192  193  183  180                                   
    35.0-180.0 180.0   5.0 450.0                            LAT/LON1/LON2/DLON/H
  166  186  187  186  188  184  183  181  179  177  173  166  158  153  152  157
  167  181  194  205  214  222  231  241  251  261  270  278  287  297  311  330
  355  385  419  454  485  510  526  535  537  534  528  519  509  498  487  478
  470  463  455  446  434  419  402  384  366  349  333  317  302  288  276  266
  255  243  226  208  195  186  183  168  166                                   
    32.5-180.0 180.0   5.0 450.0                            LAT/LON1/LON2/DLON/H
  161  176  176  173  174  170  171  170  171  171  171  168  163  158  157  160
  169  182  195  207  217  225  234  244  254  264  273  282  292  304  320  343
  372  408  447  486  522  550  570  581  586  585  579  570  559  546  534  525
  518  514  509  504  497  487  474  459  443  426  408  390  370  350  334  318
  302  284  261  234  214  196  184  165  161                                   
    30.0-180.0 180.0   5.0 450.0                            LAT/LON1/LON2/DLON/H
  171  178  172  167  165  160  160  158  160  163  165  165  163  160  159  161
  168  180  194  207  218  228  237  247  257  268  278  289  302  317  338  364
  399  438  481  523  561  591  613  626  634  635  632  625  613  600  589  581
  577  578  580  583  584  582  577  567  554  538  519  496  470  444  421  398
  374  349  317  282  253  226  204  180  171                                   
    27.5-180.0 180.0   5.0 450.0                            LAT/LON1/LON2/DLON/H
  199  196  182  171  165  158  156  153  154  156  159  161  161  159  158  160
  166  177  192  207  220  232  242  252  263  274  287  301  317  337  362  394
  431  473  517  559  595  625  647  662  673  679  679  675  666  654  644  639
  640  648  659  671  682  689  693  690  681  666  645  619  588  554  523  491
  460  428  388  345  310  276  243  216  199                                   
    25.0-180.0 180.0   5.0 450.0                            LAT/LON1/LON2/DLON/H
  243  231  208  189  177  168  163  157  155  156  158  160  160  159  158  158
  164  175  191  208  224  237  249  259  271  284  299  317  337  362  391  426
  465  507  548  585  617  644  665  682  696  706  712  712  706  698  691  690
  697  711  730  750  768  783  792  794  787  773  751  722  688  650  612  575
  539  504  462  416  375  338  300  273  243                                   
    22.5-180.0 180.0   5.0 450.0                            LAT/LON1/LON2/DLON/H
  294  280  249  222  202  190  181  171  166  163  162  162  162  161  159  158
  163  175  192  211  229  244  256  268  282  297  315  336  361  389  421  457
  496  533  568  598  624  646  666  685  701  715  725  730  729  725  723  726
  738  757  780  803  823  839  848  848  839  822  798  770  736  698  660  621
  586  556  520  476  437  401  366  340  294                                   
    20.0-180.0 180.0   5.0 450.0                            LAT/LON1/LON2/DLON/H
  341  331  298  266  239  223  208  194  184  177  172  169  167  164  161  159
  164  175  193  214  233  249  263  277  292  311  332  357  386  416  449  484
  519  549  575  597  616  635  654  672  690  707  720  729  733  734  736  743
  758  778  801  822  838  848  850  841  823  800  773  745  715  682  648  615
  585  565  543  510  479  450  425  404  341                                   
    17.5-180.0 180.0   5.0 450.0                            LAT/LON1/LON2/DLON/H
  372  369  341  311  279  260  242  223  207  195  185  179  174  170  165  162
  165  177  195  215  235  252  268  283  301  323  349  378  409  440  472  503
  532  556  574  588  603  618  636  654  672  689  704  715  723  727  733  742
  757  775  793  807  814  814  804  783  752  718  687  661  636  611  586  560
  540  532  527  509  492  474  463  447  372                                   
    15.0-180.0 180.0   5.0 450.0                            LAT/LON1/LON2/DLON/H
  383  385  365  340  310  291  272  252  232  215  201  191  183  176  169  165
  167  178  195  215  234  251  268  286  308  334  364  395  426  456  486  514
  538  557  570  580  591  605  621  638  655  670  683  695  703  710  717  726
  738  752  762  766  763  751  730  696  653  609  573  549  532  516  498  480
  468  471  481  478  477  470  470  457  383                                   
    12.5-180.0 180.0   5.0 450.0                            LAT/LON1/LON2/DLON/H
  373  378  365  346  323  306  290  271  250  231  214  201  191  181  172  167
  168  177  193  212  230  247  265  285  310  340  372  405  437  466  493  518
  540  557  568  577  588  602  618  633  646  657  667  676  684  690  696  704
  713  720  721  716  704  684  654  611  560  509  471  449  438  429  416  401
  394  403  422  432  443  444  451  437  373                                   
    10.0-180.0 180.0   5.0 450.0                            LAT/LON1/LON2/DLON/H
  347  352  343  329  315  303  291  276  257  239  222  208  196  185  174  167
  167  175  190  206  223  240  259  281  309  340  375  410  442  471  497  522
  543  560  573  584  596  611  626  640  649  656  661  666  671  675  680  686
  691  693  689  677  660  636  603  557  502  448  409  390  383  377  364  348
  339  347  369  385  401  408  415  399  347                                   
     7.5-180.0 180.0   5.0 450.0                            LAT/LON1/LON2/DLON/H
  315  318  309  297  292  284  278  267  251  235  221  209  197  185  173  165
  164  171  184  200  215  232  252  276  305  340  378  415  448  476  501  526
