data/edconvlstm_nd/pred3080.15i
     1.0            IONOSPHERE MAPS     GNSS                IONEX VERSION / TYPE
pyspatialgeodesy        IME             05-JAN-18 20:20     PGM / RUN BY / DATE 
Map Name                                                    COMMENT             
Predicted global ionosphere maps (GIM).                     DESCRIPTION         
  2015    11     4     0     0     0                        EPOCH OF FIRST MAP  
  2015    11     5     0     0     0                        EPOCH OF LAST MAP   
  7200                                                      INTERVAL            
    13                                                      # OF MAPS IN FILE   
  NONE                                                      MAPPING FUNCTION    
10.0                                                        ELEVATION CUTOFF    
One-way carrier phase leveled to code                       OBSERVABLES USED    
  6371.0                                                    BASE RADIUS         
 2                                                          MAP DIMENSION       
   450.0 450.0   0.0                                        HGT1 / HGT2 / DHGT  
    87.5 -87.5  -2.5                                        LAT1 / LAT2 / DLAT  
  -180.0 180.0   5.0                                        LON1 / LON2 / DLON  
    -1                                                      EXPONENT            
                                                            END OF HEADER       
[from data line 3861]
    10                                                      START OF TEC MAP    
  2015    11     4    18     0     0                        EPOCH OF CURRENT MAP
    87.5-180.0 180.0   5.0 450.0                            LAT/LON1/LON2/DLON/H
   85   90   88   93   98   97   97   94   95   97   97   97   98   98   98   99
   99   99   99   98   98   97   96   96   95   94   93   92   92   91   90   90
   89   88   88   87   87   86   86   86   85   85   85   85   85   85   85   85
   85   85   85   85   86   86   86   86   86   86   86   86   86   86   86   86
   86   86   83   80   85   85  100  100   85                                   
    85.0-180.0 180.0   5.0 450.0                            LAT/LON1/LON2/DLON/H
   91   92  104   88   90   95   95   97   98  101  101  102  103  103  104  104
  105  105  104  104  103  102  102  101  100   99   98   97   96   95   94   93
   92   91   91   90   89   88   88   87   86   86   86   85   85   85   85   86
   86   86   86   87   87   87   87   87   87   87   87   87   87   87   87   86
   87   86   82   78   81   83   89   88   91                                   
    82.5-180.0 180.0   5.0 450.0                            LAT/LON1/LON2/DLON/H
   75   79   85   79   84   89   93   94   96   99  101  103  104  106  107  108
  108  108  108  107  107  106  104  103  102  101  100   99   97   97   96   95
   94   93   92   91   90   88   87   86   85   84   83   83   82   82   82   82
   83   83   84   84   84   85   85   85   84   84   84   83   83   82   81   80
   80   79   75   72   76   87   82   81   75                                   
    80.0-180.0 180.0   5.0 450.0                            LAT/LON1/LON2/DLON/H
   58   63   73   69   73   75   81   85   89   93   96   99  102  104  105  107
  107  107  107  105  104  102  100   98   96   94   93   92   91   90   89   88
   88   87   86   85   84   82   81   79   78   77   76   75   75   75   76   76
   77   78   79   80   81   81   81   81   81   80   79   78   77   76   75   74
   73   72   70   68   65   72   67   74   58                                   
    77.5-180.0 180.0   5.0 450.0                            LAT/LON1/LON2/DLON/H
   62   62   64   63   68   71   78   82   87   91   95  100  103  107  110  112
  113  113  113  111  109  107  104  101   99   96   95   93   92   91   91   91
   91   90   90   89   87   86   83   81   78   76   74   73   73   73   74   75
   77   78   80   81   82   83   83   83   82   81   80   79   77   76   74   72
   71   69   68   67   64   64   62   70   62                                   
    75.0-180.0 180.0   5.0 450.0                            LAT/LON1/LON2/DLON/H
   52   55   56   57   61   65   70   75   81   87   92   98  103  108  111  114
  116  117  116  115  112  109  105  101   98   95   92   90   89   88   88   89
   89   89   89   89   87   85   83   80   77   75   73   71   71   72   73   75
   77   79   81   83   84   84   84   83   83   81   80   79   77   76   74   73
   71   70   69   66   63   59   55   53   52                                   
    72.5-180.0 180.0   5.0 450.0                            LAT/LON1/LON2/DLON/H
   54   56   56   59   59   65   70   75   79   85   91   98  105  111  116  120
  123  124  124  122  119  115  111  106  101   96   92   89   87   86   86   87
   87   88   89   88   87   86   83   79   76   72   70   68   68   69   71   73
   75   78   80   81   82   82   82   81   80   79   78   76   75   74   73   72
   70   69   68   64   62   58   56   57   54                                   
    70.0-180.0 180.0   5.0 450.0                            LAT/LON1/LON2/DLON/H
   52   54   56   58   59   63   68   73   79   86   93  101  109  116  122  128
  131  134  134  133  129  125  119  113  107  101   95   91   87   85   84   84
   84   85   85   85   84   82   79   75   71   68   65   64   64   65   68   70
   73   76   77   78   78   78   77   76   75   74   73   73   73   73   73   72
   70   70   69   67   66   62   63   62   52                                   
    67.5-180.0 180.0   5.0 450.0                            LAT/LON1/LON2/DLON/H
   55   56   57   61   62   68   73   79   85   92  100  109  117  126  133  140
  145  148  149  147  144  139  132  125  117  109  102   96   90   86   83   82
   81   81   81   80   79   77   74   70   66   63   61   60   60   62   64   67
   70   72   73   74   73   72   71   69   69   68   69   69   70   71   72   72
   71   71   70   67   65   63   63   62   55                                   
    65.0-180.0 180.0   5.0 450.0                            LAT/LON1/LON2/DLON/H
   51   52   54   59   61   67   73   80   87   96  104  114  124  133  142  149
  155  160  162  161  158  154  147  139  130  121  113  104   97   91   85   81
   79   77   76   74   72   70   66   62   59   55   53   53   53   55   58   60
   63   64   65   64   63   61   60   59   58   59   60   61   63   65   66   67
   68   68   68   66   66   64   65   66   51                                   
    62.5-180.0 180.0   5.0 450.0                            LAT/LON1/LON2/DLON/H
   49   48   50   56   59   66   73   82   90  100  109  120  130  140  149  158
  165  170  173  174  172  168  161  153  144  135  126  117  108   99   92   85
   80   76   72   69   66   63   59   55   52   49   47   47   48   49   51   54
   55   56   55   54   52   51   49   48   48   49   51   53   56   58   60   62
   62   63   63   61   60   59   58   61   49                                   
    60.0-180.0 180.0   5.0 450.0                            LAT/LON1/LON2/DLON/H
   47   42   44   51   55   62   71   81   90  101  111  122  132  143  152  161
  169  176  180  182  181  178  173  166  158  150  142  133  123  114  104   95
   87   80   74   69   65   60   56   52   48   45   44   43   44   45   47   48
   48   48   47   45   43   41   40   39   40   41   43   46   48   51   53   55
   55   56   56   54   54   52   51   55   47                                   
    57.5-180.0 180.0   5.0 450.0                            LAT/LON1/LON2/DLON/H
   46   38   40   48   53   61   70   81   91  102  113  123  134  143  153  162
  171  178  184  187  187  185  182  177  172  166  159  152  144  134  123  113
  102   93   84   77   70   65   59   55   51   48   47   46   46   46   46   46
   45   44   42   41   39   38   37   37   37   39   41   43   45   47   49   51
   51   52   52   50   49   46   44   49   46                                   
    55.0-180.0 180.0   5.0 450.0                            LAT/LON1/LON2/DLON/H
   49   40   41   49   55   63   72   83   93  103  113  123  133  142  151  160
  168  176  183  187  189  188  187  184  182  179  176  172  165  157  146  134
  122  110  100   91   82   75   69   64   60   57   55   54   53   52   50   49
   47   44   43   41   40   40   40   40   41   42   43   45   46   47   49   50
   51   52   52   50   48   45   41   46   49                                   
    52.5-180.0 180.0   5.0 450.0                            LAT/LON1/LON2/DLON/H
   56   47   48   55   62   70   79   88   97  105  114  123  131  139  147  155
  164  172  179  184  187  188  188  189  190  191  192  190  186  178  168  156
  143  130  119  108   99   91   84   78   73   70   68   66   64   62   59   56
   53   50   48   47   47   48   48   49   50   50   50   51   51   52   53   55
   55   57   58   56   53   49   45   47   56                                   
    50.0-180.0 180.0   5.0 450.0                            LAT/LON1/LON2/DLON/H
   67   61   62   69   76   84   91   99  105  112  118  125  132  138  145  153
  160  168  175  180  184  187  189  192  197  202  205  206  204  197  187  175
  162  149  137  126  116  108  101   94   89   85   82   80   78   74   70   66
   63   60   59   58   59   60   61   62   63   62   61   59   59   59   60   62
   64   66   67   66   64   60   55   55   67                                   
    47.5-180.0 180.0   5.0 450.0                            LAT/LON1/LON2/DLON/H
   81   78   81   88   95  104  108  114  118  123  126  131  136  142  147  154
  160  167  174  179  183  187  191  197  204  212  218  220  216  209  198  186
  174  161  150  140  131  123  116  109  103   99   96   94   91   87   82   78
   74   72   71   71   72   74   76   76   76   74   71   69   67   67   69   72
   74   77   79   78   77   74   71   69   81                                   
    45.0-180.0 180.0   5.0 450.0                            LAT/LON1/LON2/DLON/H
   95   96  101  109  117  125  129  134  136  139  141  144  147  151  156  161
  166  172  178  183  188  192  197  204  214  223  229  229  224  214  202  189
  177  166  156  148  141  134  128  121  115  110  107  104  101   97   93   89
   85   84   83   83   85   86   87   88   87   84   80   77   75   75   77   81
   83   87   89   89   90   88   87   86   95                                   
    42.5-180.0 180.0   5.0 450.0                            LAT/LON1/LON2/DLON/H
  103  109  116  127  136  145  149  154  156  158  159  162  165  169  172  176
  180  185  190  194  198  202  208  215  225  234  239  236  227  214  199  186
  174  164  156  150  146  141  136  130  123  117  113  110  107  103  100   96
   94   92   92   92   92   93   94   94   93   90   86   82   80   81   83   87
   90   93   96   96   97   97   98  100  103                                   
    40.0-180.0 180.0   5.0 450.0                            LAT/LON1/LON2/DLON/H
  103  113  123  139  150  160  166  173  175  179  181  184  188  191  195  198
  201  204  208  212  215  218  223  230  239  246  248  242  229  212  195  181
  169  161  156  152  150  148  144  137  129  122  117  113  110  106  103  100
   98   96   95   95   94   94   94   94   93   91   88   85   83   83   85   89
   91   94   96   95   96   97  100  107  103                                   
    37.5-180.0 180.0   5.0 450.0                            LAT/LON1/LON2/DLON/H
   95  109  121  142  156  168  179  188  193  198  202  207  212  216  220  223
  225  228  231  234  237  239  242  247  254  259  259  250  234  214  195  181
  171  165  162  160  160  158  154  146  137  128  121  116  112  108  104  101
   98   97   95   93   92   91   91   91   91   89   87   85   84   84   85   87
   88   89   90   88   87   88   91  102   95                                   
    35.0-180.0 180.0   5.0 450.0                            LAT/LON1/LON2/DLON/H
   85   99  113  137  155  170  186  199  208  216  222  228  235  241  245  247
  249  251  254  258  260  261  262  265  270  274  272  262  245  225  207  194
  186  182  179  179  178  176  170  159  147  136  127  120  115  110  105  101
   98   95   93   90   87   86   86   87   88   88   87   86   86   85   86   86
   84   83   82   79   74   74   77   91   85                                   
    32.5-180.0 180.0   5.0 450.0                            LAT/LON1/LON2/DLON/H
   77   90  104  131  152  168  190  208  221  232  241  248  256  262  266  269
  270  271  275  279  281  281  281  282  286  289  288  280  265  248  233  223
  218  215  213  211  208  202  192  178  162  148  137  129  123  116  110  105
  100   96   92   88   85   84   84   86   88   90   90   91   91   90   89   87
   84   80   77   72   64   61   63   78   77                                   
    30.0-180.0 180.0   5.0 450.0                            LAT/LON1/LON2/DLON/H
   76   87  101  129  151  169  195  217  234  247  258  266  274  280  283  285
  285  286  290  295  298  299  298  298  301  305  307  304  295  284  275  271
  269  267  263  257  248  236  219  201  182  166  154  145  137  130  122  115
  108  102   96   91   88   87   88   91   94   96   98   99  100   99   98   95
   89   84   78   72   62   55   56   69   76                                   
    27.5-180.0 180.0   5.0 450.0                            LAT/LON1/LON2/DLON/H
   85   93  107  134  158  177  206  230  250  265  276  284  290  295  297  296
  294  295  299  305  310  312  312  312  316  323  329  333  334  332  332  334
  336  334  326  312  294  273  249  225  204  188  176  167  159  151  141  132
  123  115  108  102   99   98   99  102  105  108  110  112  113  113  111  107
  101   95   87   80   69   60   57   65   85                                   
    25.0-180.0 180.0   5.0 450.0                            LAT/LON1/LON2/DLON/H
  102  108  123  148  174  195  225  249  271  286  297  303  307  309  308  304
  300  299  303  310  316  320  322  325  330  341  354  367  379  389  398  407
  411  407  393  369  339  308  276  249  227  212  203  196  188  179  168  156
  145  135  126  120  116  115  116  118  120  123  125  127  128  128  127  124
  117  112  104   96   84   73   67   70  102                                   
    22.5-180.0 180.0   5.0 450.0                            LAT/LON1/LON2/DLON/H
  125  128  146  170  199  222  253  276  298  312  321  325  327  325  320  313
  306  302  305  311  319  326  331  336  345  359  380  403  426  447  466  479
  483  475  451  416  375  334  297  267  247  237  231  227  221  211  199  186
  173  160  150  142  137  135  135  135  136  137  139  140  141  141  141  140
  135  131  123  117  105   91   83   81  125                                   
    20.0-180.0 180.0   5.0 450.0                            LAT/LON1/LON2/DLON/H
  150  151  171  196  228  253  285  308  330  344  351  353  351  346  337  326
  314  308  308  313  322  330  338  347  360  379  407  439  472  501  524  537
  537  522  490  446  397  349  308  280  264  259  259  259  254  245  232  217
  202  187  174  164  157  153  150  148  147  147  147  148  149  150  151  152
  150  149  141  137  125  111  100   99  150                                   
    17.5-180.0 180.0   5.0 450.0                            LAT/LON1/LON2/DLON/H
  173  174  194  221  256  283  316  340  363  378  384  384  380  372  360  345
  330  320  317  320  327  336  347  359  376  401  435  473  511  542  563  571
  565  543  506  457  403  353  313  288  279  280  285  288  284  275  262  246
  228  211  194  181  172  165  159  155  152  150  150  150  151  152  155  158
  159  160  153  151  140  126  115  118  173                                   
    15.0-180.0 180.0   5.0 450.0                            LAT/LON1/LON2/DLON/H
  187  192  213  242  279  307  342  368  393  409  417  417  413  404  390  373
  356  342  334  333  337  345  358  374  396  426  463  503  540  567  581  582
  569  543  504  454  401  352  316  296  292  299  308  312  308  299  285  268
  249  229  209  193  180  169  161  154  150  147  146  146  147  149  153  157
  160  164  158  156  145  133  124  132  187                                   
    12.5-180.0 180.0   5.0 450.0                            LAT/LON1/LON2/DLON/H
  192  202  226  256  295  323  360  388  415  434  444  447  445  438  425  409
  391  374  361  354  353  359  373  393  420  453  490  527  558  577  583  575
  558  531  494  448  398  353  322  307  308  318  327  330  325  314  300  283
  263  241  218  198  181  168  157  149  143  141  139  139  139  141  146  152
  155  159  154  150  141  131  124  137  192                                   
    10.0-180.0 180.0   5.0 450.0                            LAT/LON1/LON2/DLON/H
  186  202  229  262  301  332  370  399  428  449  463  470  472  469  460  447
  431  414  397  383  376  379  393  416  446  481  515  546  569  579  576  564
  544  518  485  444  401  362  336  325  328  337  344  343  334  322  307  291
  270  247  223  200  179  162  149  140  135  132  131  130  131  133  137  142
  146  149  144  138  130  122  117  133  186                                   
     7.5-180.0 180.0   5.0 450.0                            LAT/LON1/LON2/DLON/H
  176  197  225  260  300  332  371  401  431  455  471  483  491  494  492  484
  472  456  438  419  405  404  418  444  475  508  538  562  576  578  570  555
