data/edconvlstm_nd/pred2360.15i
     1.0            IONOSPHERE MAPS     GNSS                IONEX VERSION / TYPE
pyspatialgeodesy        IME             05-JAN-18 20:20     PGM / RUN BY / DATE 
Map Name                                                    COMMENT             
Predicted global ionosphere maps (GIM).                     DESCRIPTION         
  2015     8    24     0     0     0                        EPOCH OF FIRST MAP  
  2015     8    25     0     0     0                        EPOCH OF LAST MAP   
  7200                                                      INTERVAL            
    13                                                      # OF MAPS IN FILE   
  NONE                                                      MAPPING FUNCTION    
10.0                                                        ELEVATION CUTOFF    
One-way carrier phase leveled to code                       OBSERVABLES USED    
  6371.0                                                    BASE RADIUS         
 2                                                          MAP DIMENSION       
   450.0 450.0   0.0                                        HGT1 / HGT2 / DHGT  
    87.5 -87.5  -2.5                                        LAT1 / LAT2 / DLAT  
  -180.0 180.0   5.0                                        LON1 / LON2 / DLON  
    -1                                                      EXPONENT            
                                                            END OF HEADER       
[from data line 1287]
     4                                                      START OF TEC MAP    
  2015     8    24     6     0     0                        EPOCH OF CURRENT MAP
    87.5-180.0 180.0   5.0 450.0                            LAT/LON1/LON2/DLON/H
   90   94   92   96   96   96   94   91   93   94   95   96   97   97   98   98
   98   98   98   98   97   97   96   95   95   94   93   92   92   91   91   90
   89   89   88   88   87   87   87   86   86   86   86   85   85   85   85   85
   85   85   85   85   85   85   85   85   84   84   84   84   83   83   82   83
   84   86   84   84   90   94  101   98   90                                   
    85.0-180.0 180.0   5.0 450.0                            LAT/LON1/LON2/DLON/H
   87  102  100  101  103  104  104  104  105  106  106  108  108  109  109  110
  110  109  109  108  108  107  106  105  104  103  102  101  101  100  100   99
   99   98   98   97   97   96   96   95   95   95   95   95   95   95   96   96
   96   97   97   97   98   98   98   98   98   98   98   98   97   97   96   96
   98   99   95   96   94   98  103   98   87                                   
    82.5-180.0 180.0   5.0 450.0                            LAT/LON1/LON2/DLON/H
   93  102  108  103  103  106  106  106  108  109  109  111  112  112  112  112
  112  111  110  109  108  106  105  103  102  100   99   99   98   97   97   97
   96   96   96   96   96   95   95   95   95   95   96   96   97   98   99  100
  101  102  103  104  105  106  106  107  107  106  106  106  105  104  103  103
  103  103  100  100  103   99   94   89   93                                   
    80.0-180.0 180.0   5.0 450.0                            LAT/LON1/LON2/DLON/H
   99  102  102  101  102  102  104  104  106  107  107  109  109  110  110  109
  109  108  106  104  102  100   97   95   93   92   90   90   89   89   89   90
   90   90   91   91   91   91   91   91   92   92   93   95   96   98  100  102
  104  106  109  111  112  114  115  115  115  115  114  113  112  111  109  108
  107  105  104  103  105  104  103   93   99                                   
    77.5-180.0 180.0   5.0 450.0                            LAT/LON1/LON2/DLON/H
  102  104  102  101   99  101  103  103  104  105  104  106  106  107  107  106
  105  104  102   99   96   93   90   87   85   83   82   81   81   82   83   84
   85   86   88   88   89   90   90   91   92   93   95   97  100  103  107  110
  114  118  121  124  126  128  129  130  130  130  128  127  124  122  120  118
  116  114  109  110  109  103  101   97  102                                   
    75.0-180.0 180.0   5.0 450.0                            LAT/LON1/LON2/DLON/H
   99  104   98   98   95   97   97   96   97   97   96   97   98   98   98   97
   96   95   92   90   86   83   79   76   73   71   70   70   71   72   73   75
   77   79   81   82   84   84   85   87   88   91   94   97  101  106  111  116
  121  125  129  133  136  138  140  140  140  139  137  135  132  130  127  124
  121  119  115  110  110  106  104  100   99                                   
    72.5-180.0 180.0   5.0 450.0                            LAT/LON1/LON2/DLON/H
  101  107  100   98   95   97   96   95   94   93   92   93   93   93   93   93
   92   90   88   86   82   79   75   71   68   66   65   65   66   68   70   73
   76   78   80   82   83   85   86   88   91   95   99  105  111  117  123  129
  135  140  145  148  151  153  154  154  153  151  149  146  143  140  137  135
  132  129  126  123  119  115  110  105  101                                   
    70.0-180.0 180.0   5.0 450.0                            LAT/LON1/LON2/DLON/H
  109  110  104   99   95   93   91   88   87   86   84   85   84   84   84   83
   83   82   80   78   75   72   68   64   62   60   59   59   61   63   65   68
   71   74   76   78   80   81   84   87   91   96  103  110  118  126  133  140
  146  151  155  157  159  160  160  160  158  156  153  150  147  144  142  140
  138  135  132  130  126  122  118  113  109                                   
    67.5-180.0 180.0   5.0 450.0                            LAT/LON1/LON2/DLON/H
  110  111  105   99   94   91   87   83   81   78   76   76   75   75   75   75
   74   74   72   71   68   65   62   59   56   55   54   55   56   58   60   63
   65   67   69   71   73   76   79   83   88   96  104  113  123  132  140  147
  152  156  158  160  160  160  159  157  155  153  150  147  145  143  141  140
  138  136  135  132  129  125  121  116  110                                   
    65.0-180.0 180.0   5.0 450.0                            LAT/LON1/LON2/DLON/H
  114  115  108  101   94   90   85   80   77   74   72   71   70   69   69   68
   68   67   66   65   63   61   58   56   54   53   53   54   55   57   58   60
   62   63   65   67   69   72   76   82   89   98  109  120  132  142  150  156
  160  162  162  162  161  159  157  155  153  150  147  145  143  142  141  141
  140  138  138  135  133  130  126  121  114                                   
    62.5-180.0 180.0   5.0 450.0                            LAT/LON1/LON2/DLON/H
  117  119  112  105   97   91   85   79   75   71   68   68   66   65   64   63
   62   61   60   59   58   56   54   52   52   52   52   54   55   56   57   58
   58   59   61   63   66   70   75   82   91  102  114  127  139  150  158  163
  165  165  164  162  160  157  155  152  149  147  145  143  142  141  141  141
  141  140  140  137  135  132  129  125  117                                   
    60.0-180.0 180.0   5.0 450.0                            LAT/LON1/LON2/DLON/H
  121  124  117  109  100   94   86   79   74   69   65   64   62   60   58   57
   55   54   53   52   50   49   48   47   47   49   50   52   53   54   54   54
   54   55   57   59   63   68   75   83   93  105  119  132  145  155  162  166
  167  166  163  161  158  155  153  150  147  145  144  143  142  142  142  142
  142  141  140  138  136  134  132  128  121                                   
    57.5-180.0 180.0   5.0 450.0                            LAT/LON1/LON2/DLON/H
  127  131  125  117  108  100   91   82   75   69   64   62   59   57   54   52
   50   48   47   45   44   43   42   42   43   45   48   50   52   52   52   51
   51   52   54   58   64   70   78   87   98  110  124  138  150  160  166  169
  169  167  165  162  160  158  155  153  151  150  148  148  148  148  148  148
  147  145  143  141  139  137  136  133  127                                   
    55.0-180.0 180.0   5.0 450.0                            LAT/LON1/LON2/DLON/H
  136  141  136  128  118  110   99   88   78   70   64   60   57   54   51   48
   46   44   42   40   39   37   37   37   39   42   45   48   50   50   49   48
   48   50   54   59   66   74   82   92  103  115  128  142  154  163  169  172
  172  171  169  167  165  164  163  161  160  158  158  158  158  157  157  156
  154  151  149  145  144  143  142  141  136                                   
    52.5-180.0 180.0   5.0 450.0                            LAT/LON1/LON2/DLON/H
  147  153  149  142  132  123  111   97   85   74   65   60   55   52   49   46
   43   42   40   38   36   35   35   35   37   41   44   47   49   49   48   47
   48   50   56   63   71   80   89   98  109  120  133  146  157  167  173  176
  177  177  176  176  175  175  174  172  171  170  170  170  170  170  168  167
  164  159  156  153  151  150  150  149  147                                   
    50.0-180.0 180.0   5.0 450.0                            LAT/LON1/LON2/DLON/H
  158  165  162  156  147  138  125  109   94   80   69   62   56   52   49   46
   44   42   41   39   38   37   36   37   39   42   46   48   50   49   48   48
   49   53   60   68   78   88   97  106  115  126  138  150  161  171  178  182
  184  186  186  187  187  187  186  184  183  182  182  182  183  182  180  178
  174  169  166  162  161  159  159  159  158                                   
    47.5-180.0 180.0   5.0 450.0                            LAT/LON1/LON2/DLON/H
  168  174  172  167  159  151  138  121  105   88   75   66   59   54   51   48
   46   46   45   45   44   43   43   44   45   48   50   52   52   52   51   51
   53   58   65   75   85   95  104  113  122  132  144  155  167  177  184  190
  194  196  198  199  200  199  197  195  193  191  191  192  192  191  190  187
  184  179  176  172  170  168  168  167  168                                   
    45.0-180.0 180.0   5.0 450.0                            LAT/LON1/LON2/DLON/H
  173  178  176  172  167  161  149  133  115   98   83   73   65   60   56   53
   52   52   53   54   54   54   54   55   56   57   58   58   57   56   55   56
   58   63   71   80   91  101  110  119  128  139  150  161  173  183  192  199
  204  207  210  211  211  209  206  202  199  197  197  198  198  198  196  194
  192  188  185  182  179  176  174  174  173                                   
    42.5-180.0 180.0   5.0 450.0                            LAT/LON1/LON2/DLON/H
  173  176  173  171  168  164  154  140  124  108   93   83   75   68   64   61
   60   61   63   65   67   68   68   69   69   68   67   65   64   62   61   61
   64   68   75   85   95  105  115  124  134  145  157  169  180  191  201  208
  214  218  220  221  220  217  212  207  203  201  200  201  202  202  201  200
  198  196  194  191  188  182  180  178  173                                   
    40.0-180.0 180.0   5.0 450.0                            LAT/LON1/LON2/DLON/H
  170  169  166  164  162  160  154  143  130  116  103   94   86   79   74   70
   69   70   73   77   80   82   83   83   81   79   76   73   70   68   67   68
   69   73   79   87   97  107  118  129  140  152  164  176  188  199  209  216
  222  226  228  228  227  223  218  212  208  205  205  206  207  207  207  207
  207  206  204  200  196  189  184  182  170                                   
    37.5-180.0 180.0   5.0 450.0                            LAT/LON1/LON2/DLON/H
  168  162  157  154  152  151  148  141  132  121  112  105   98   91   84   80
   78   79   82   86   90   93   94   94   92   89   84   80   77   74   73   73
   74   76   81   88   98  109  120  133  146  158  171  183  195  206  215  223
  228  231  233  234  234  231  227  222  217  215  215  217  217  218  218  219
  219  219  217  212  206  197  191  188  168                                   
    35.0-180.0 180.0   5.0 450.0                            LAT/LON1/LON2/DLON/H
  171  160  153  147  143  142  140  136  130  123  118  114  108  101   94   88
   85   85   88   92   96   99  102  102  100   95   90   85   81   79   78   77
   77   78   82   89   98  110  123  137  151  164  177  189  201  211  220  227
  232  236  239  242  244  244  242  239  236  234  235  236  237  237  237  238
  239  239  235  229  221  209  202  198  171                                   
    32.5-180.0 180.0   5.0 450.0                            LAT/LON1/LON2/DLON/H
  185  169  159  148  141  136  134  131  128  124  121  120  116  109  102   95
   90   89   91   94   98  102  105  106  104   99   93   88   85   83   81   80
   79   80   83   89   99  112  126  141  156  169  182  193  204  213  222  229
  235  240  246  252  259  264  266  266  264  264  264  266  266  265  265  266
  267  266  260  251  242  229  221  215  185                                   
    30.0-180.0 180.0   5.0 450.0                            LAT/LON1/LON2/DLON/H
  211  192  180  163  150  140  135  130  126  123  123  123  120  114  106   98
   93   91   91   94   98  103  106  107  105  101   95   90   87   85   83   81
   80   80   83   91  102  116  131  145  159  172  184  195  205  214  224  232
  239  247  257  268  280  291  298  301  302  302  303  304  304  303  302  302
  302  299  292  281  269  257  248  242  211                                   
    27.5-180.0 180.0   5.0 450.0                            LAT/LON1/LON2/DLON/H
  250  230  215  193  173  157  145  135  129  125  124  124  122  116  108  100
   94   91   91   93   97  102  106  108  106  102   97   92   89   87   84   82
   80   80   84   93  105  120  135  149  162  173  184  194  204  215  225  236
  246  258  271  288  307  323  335  342  344  346  347  347  347  345  344  343
  341  336  327  314  303  292  282  276  250                                   
    25.0-180.0 180.0   5.0 450.0                            LAT/LON1/LON2/DLON/H
  296  279  262  235  210  186  167  149  138  130  126  125  122  116  108  100
   94   91   91   93   97  103  107  109  108  104  100   95   91   88   85   81
   79   80   85   95  109  124  138  151  163  173  183  193  204  216  229  242
  257  272  290  312  336  357  373  382  386  388  389  390  389  387  385  383
  380  374  364  351  340  331  321  316  296                                   
    22.5-180.0 180.0   5.0 450.0                            LAT/LON1/LON2/DLON/H
  344  329  312  283  254  224  196  172  153  140  132  127  122  116  108  101
   96   93   93   95  100  105  110  113  112  108  103   98   94   89   85   81
   78   80   86   97  111  127  141  152  162  171  181  192  204  219  235  253
  271  290  312  338  365  389  406  417  422  425  426  426  425  423  420  418
  414  408  398  385  376  370  360  356  344                                   
    20.0-180.0 180.0   5.0 450.0                            LAT/LON1/LON2/DLON/H
  384  373  355  327  297  263  229  199  174  155  142  133  126  118  110  104
   99   97   97   99  104  110  115  117  116  112  107  101   96   90   84   79
   77   79   86   97  112  127  141  152  161  170  181  193  208  225  245  266
  288  311  336  363  391  415  433  443  449  452  453  453  452  450  447  445
  441  434  426  415  408  405  394  391  384                                   
    17.5-180.0 180.0   5.0 450.0                            LAT/LON1/LON2/DLON/H
  411  402  385  360  332  297  259  226  197  173  156  143  133  124  116  110
  105  103  103  105  110  115  120  122  120  116  110  103   96   89   82   77
   75   77   84   96  110  126  139  150  160  171  183  197  214  234  256  281
  306  332  358  385  411  434  450  460  466  470  472  472  471  469  466  463
  459  454  447  439  434  432  421  419  411                                   
    15.0-180.0 180.0   5.0 450.0                            LAT/LON1/LON2/DLON/H
  422  415  400  378  352  319  281  248  219  193  173  157  145  134  126  119
  115  112  111  113  116  120  124  125  122  116  109  102   94   87   80   75
   73   75   81   93  107  123  137  149  161  174  188  204  222  244  269  296
  324  350  377  402  426  445  459  469  475  479  483  484  484  482  479  476
  472  468  463  457  452  450  439  437  422                                   
    12.5-180.0 180.0   5.0 450.0                            LAT/LON1/LON2/DLON/H
  422  413  400  380  358  327  292  263  236  212  191  174  160  149  140  133
  127  123  120  120  121  123  124  123  119  113  106   98   91   84   78   73
   72   73   79   89  103  119  135  150  164  179  195  213  232  254  280  309
  337  365  391  414  435  451  463  471  478  484  489  492  492  491  489  486
  482  478  475  470  465  461  450  446  422                                   
    10.0-180.0 180.0   5.0 450.0                            LAT/LON1/LON2/DLON/H
  415  404  392  372  352  324  293  269  246  226  207  191  177  166  157  148
  141  134  129  126  124  122  121  118  113  106   99   92   86   80   76   73
   71   72   76   86  100  117  134  151  168  185  203  221  240  262  289  317
  347  374  399  421  439  453  464  472  480  488  495  498  499  498  496  493
  489  486  483  478  472  467  454  449  415                                   
     7.5-180.0 180.0   5.0 450.0                            LAT/LON1/LON2/DLON/H
  408  395  383  361  342  316  290  270  252  235  219  205  193  182  173  164
  154  145  137  130  124  119  114  110  104   98   92   86   81   78   75   73
