data/edconvlstm_nd/pred3190.15i
     1.0            IONOSPHERE MAPS     GNSS                IONEX VERSION / TYPE
pyspatialgeodesy        IME             05-JAN-18 20:20     PGM / RUN BY / DATE 
Map Name                                                    COMMENT             
Predicted global ionosphere maps (GIM).                     DESCRIPTION         
  2015    11    15     0     0     0                        EPOCH OF FIRST MAP  
  2015    11    16     0     0     0                        EPOCH OF LAST MAP   
  7200                                                      INTERVAL            
    13                                                      # OF MAPS IN FILE   
  NONE                                                      MAPPING FUNCTION    
10.0                                                        ELEVATION CUTOFF    
One-way carrier phase leveled to code                       OBSERVABLES USED    
  6371.0                                                    BASE RADIUS         
 2                                                          MAP DIMENSION       
   450.0 450.0   0.0                                        HGT1 / HGT2 / DHGT  
    87.5 -87.5  -2.5                                        LAT1 / LAT2 / DLAT  
  -180.0 180.0   5.0                                        LON1 / LON2 / DLON  
    -1                                                      EXPONENT            
                                                            END OF HEADER       
[from data line 1716]
     5                                                      START OF TEC MAP    
  2015    11    15     8     0     0                        EPOCH OF CURRENT MAP
    87.5-180.0 180.0   5.0 450.0                            LAT/LON1/LON2/DLON/H
   40   49   46   50   52   53   53   50   51   54   54   55   55   55   55   55
   55   54   53   53   52   51   50   49   49   48   47   47   46   46   45   45
   44   44   43   42   42   41   41   40   40   39   39   39   38   38   38   38
   38   38   37   37   37   36   36   35   35   34   34   33   33   32   32   32
   33   34   32   33   38   46   59   62   40                                   
    85.0-180.0 180.0   5.0 450.0                            LAT/LON1/LON2/DLON/H
   29   53   54   53   56   60   60   61   61   63   63   64   64   64   64   63
   63   62   62   61   61   60   60   59   59   58   58   58   57   57   57   56
   56   55   54   54   53   52   52   51   51   50   50   50   50   49   49   49
   49   48   48   48   47   46   46   45   44   44   43   42   42   41   41   41
   42   43   40   41   45   50   59   57   29                                   
    82.5-180.0 180.0   5.0 450.0                            LAT/LON1/LON2/DLON/H
   25   40   53   50   51   54   55   56   57   58   58   59   59   59   58   57
   57   56   55   54   53   53   52   52   52   52   52   52   52   52   52   52
   52   51   51   51   50   50   50   49   49   49   49   50   50   50   50   50
   50   49   49   48   47   46   45   44   43   41   40   39   37   36   35   35
   36   36   34   34   44   43   44   43   25                                   
    80.0-180.0 180.0   5.0 450.0                            LAT/LON1/LON2/DLON/H
   25   35   48   44   50   50   52   52   54   55   54   55   55   54   53   52
   50   49   48   47   46   46   45   45   45   46   46   47   48   48   49   49
   50   50   50   50   50   50   51   51   52   52   53   54   55   56   57   57
   57   57   56   56   54   52   50   48   46   43   41   38   36   34   33   32
   31   31   31   31   39   39   40   41   25                                   
    77.5-180.0 180.0   5.0 450.0                            LAT/LON1/LON2/DLON/H
   33   38   45   41   44   46   48   49   51   51   50   51   50   49   48   46
   45   44   43   41   40   40   39   39   39   39   40   41   42   44   45   46
   47   48   48   49   49   49   50   51   53   55   57   60   62   65   67   69
   70   70   70   69   68   66   63   60   57   53   49   45   42   38   35   33
   30   29   28   29   32   26   31   34   33                                   
    75.0-180.0 180.0   5.0 450.0                            LAT/LON1/LON2/DLON/H
   28   37   42   40   43   46   48   47   48   49   47   47   45   44   43   42
   41   40   39   38   37   36   36   36   36   37   38   40   41   44   46   47
   48   49   50   50   50   51   52   55   58   62   66   71   76   80   83   86
   88   90   90   89   88   86   83   79   75   70   65   60   54   49   45   41
   37   35   33   31   34   27   31   28   28                                   
    72.5-180.0 180.0   5.0 450.0                            LAT/LON1/LON2/DLON/H
   32   38   42   40   42   47   49   48   48   47   45   44   43   42   40   39
   39   38   37   36   36   35   34   34   35   35   37   39   41   44   46   49
   50   51   51   52   52   54   56   60   65   71   78   85   92   98  104  108
  110  112  112  111  110  107  104  100   95   89   84   78   72   65   60   55
   50   46   45   41   41   34   36   35   32                                   
    70.0-180.0 180.0   5.0 450.0                            LAT/LON1/LON2/DLON/H
   37   40   45   43   44   48   49   48   48   47   44   43   41   40   40   39
   39   39   39   38   38   37   37   37   37   37   38   40   43   45   48   50
   52   52   52   53   54   56   60   65   73   81   91  100  109  117  124  128
  131  132  132  131  128  125  121  117  112  106  100   94   87   80   74   69
   63   59   57   52   50   43   47   44   37                                   
    67.5-180.0 180.0   5.0 450.0                            LAT/LON1/LON2/DLON/H
   38   40   44   43   44   48   49   49   48   46   44   43   41   40   40   40
   40   41   41   41   41   41   40   39   39   39   39   40   42   44   46   48
   49   50   50   50   52   55   60   67   77   88  100  112  123  131  138  143
  146  146  145  143  139  135  131  126  120  115  109  103   96   90   83   78
   72   67   66   59   56   49   51   49   38                                   
    65.0-180.0 180.0   5.0 450.0                            LAT/LON1/LON2/DLON/H
   40   41   43   43   43   47   49   49   48   47   45   44   42   42   42   43
   44   45   46   46   46   46   46   45   43   42   41   41   42   43   45   47
   48   48   49   50   53   57   64   74   86   99  113  127  138  148  155  159
  161  161  158  155  150  145  140  134  128  123  117  111  104   98   91   85
   79   74   72   65   62   55   55   55   40                                   
    62.5-180.0 180.0   5.0 450.0                            LAT/LON1/LON2/DLON/H
   39   38   40   40   40   45   47   48   48   47   45   44   43   43   44   45
   46   48   49   50   50   50   49   48   46   44   42   41   40   41   42   43
   45   47   48   51   55   61   70   82   96  111  127  141  154  163  170  173
  175  173  170  166  160  153  146  140  133  127  121  116  109  102   94   88
   81   75   73   66   63   55   54   56   39                                   
    60.0-180.0 180.0   5.0 450.0                            LAT/LON1/LON2/DLON/H
   39   35   35   36   35   39   42   43   44   44   42   43   42   43   44   45
   47   48   49   49   49   49   49   47   45   42   40   37   35   35   36   38
   41   44   48   52   58   67   78   91  107  124  140  154  166  175  182  185
  186  185  181  176  168  161  152  145  138  131  125  119  112  104   96   87
   79   71   68   62   59   50   49   51   39                                   
    57.5-180.0 180.0   5.0 450.0                            LAT/LON1/LON2/DLON/H
   39   33   32   32   31   35   37   39   40   40   40   41   41   42   44   45
   46   47   47   47   46   46   46   45   43   40   37   34   31   31   32   34
   39   44   51   58   67   77   90  105  122  138  154  168  180  189  195  199
  201  200  196  190  183  174  164  156  148  142  136  129  122  113  102   91
   80   70   66   60   58   47   45   47   39                                   
    55.0-180.0 180.0   5.0 450.0                            LAT/LON1/LON2/DLON/H
   43   34   32   31   30   33   35   36   37   37   37   38   39   41   43   44
   44   44   43   42   42   42   42   41   40   38   34   31   28   27   29   33
   39   47   57   67   78   91  106  121  138  154  168  181  192  201  208  213
  216  216  213  208  200  191  181  171  163  157  151  145  137  127  113  100
   85   73   68   61   59   47   45   46   43                                   
    52.5-180.0 180.0   5.0 450.0                            LAT/LON1/LON2/DLON/H
   52   40   38   35   33   35   37   36   36   36   36   37   38   40   42   43
   43   42   41   39   38   38   38   39   38   37   34   30   27   26   28   34
   43   54   67   80   94  109  124  139  154  169  182  194  204  213  221  227
  231  232  231  226  218  209  199  189  181  175  170  164  157  145  130  114
   97   82   75   67   65   52   50   51   52                                   
    50.0-180.0 180.0   5.0 450.0                            LAT/LON1/LON2/DLON/H
   65   52   49   44   41   43   43   41   40   38   37   37   38   40   42   43
   43   42   40   38   37   37   37   38   39   38   36   33   30   29   31   38
   49   64   80   97  113  128  143  157  171  184  195  205  214  223  231  238
  243  246  245  241  234  224  214  205  197  192  187  183  175  164  149  131
  112   96   87   77   75   64   63   63   65                                   
    47.5-180.0 180.0   5.0 450.0                            LAT/LON1/LON2/DLON/H
   81   69   65   60   55   57   55   51   48   45   42   41   42   43   45   46
   45   43   41   39   39   39   40   41   42   42   41   37   34   33   36   45
   58   75   94  113  131  147  162  175  187  197  207  215  224  232  240  247
  252  254  253  249  243  234  224  215  208  202  199  195  189  178  164  146
  127  110   99   89   87   79   79   80   81                                   
    45.0-180.0 180.0   5.0 450.0                            LAT/LON1/LON2/DLON/H
   95   86   82   79   73   74   71   66   60   55   50   49   48   49   50   50
   49   48   46   45   45   46   47   48   49   49   47   44   41   40   43   52
   67   86  108  129  148  164  178  191  201  210  218  225  232  238  245  251
  255  256  255  251  245  237  228  219  211  206  202  199  193  184  170  154
  136  120  108   99   97   93   94   96   95                                   
    42.5-180.0 180.0   5.0 450.0                            LAT/LON1/LON2/DLON/H
  102   98   96   94   89   91   87   81   74   68   62   59   58   57   57   57
   56   55   55   55   56   57   58   58   58   57   55   51   48   46   49   59
   75   96  119  142  162  179  193  205  215  223  229  235  239  244  249  252
  254  253  251  247  242  235  227  218  211  204  200  196  190  181  169  154
  138  124  112  103  101   99  101  105  102                                   
    40.0-180.0 180.0   5.0 450.0                            LAT/LON1/LON2/DLON/H
   98   99   99  101   97  100   97   93   86   81   75   72   69   68   67   66
   65   65   66   68   70   71   70   69   66   64   61   58   54   53   56   66
   83  105  129  153  174  192  207  219  229  236  241  245  248  251  253  254
  253  251  248  244  240  235  228  220  211  204  197  191  184  174  162  149
  135  121  110  100   97   94   97  103   98                                   
    37.5-180.0 180.0   5.0 450.0                            LAT/LON1/LON2/DLON/H
   86   89   91   94   93   98   98   96   93   89   85   84   82   80   78   77
   75   76   78   81   83   84   81   78   74   70   67   63   60   59   63   74
   92  114  139  164  185  204  220  232  243  250  255  258  260  261  262  261
  259  256  253  250  248  245  240  232  223  213  203  194  183  171  158  145
  131  117  105   94   87   81   84   90   86                                   
    35.0-180.0 180.0   5.0 450.0                            LAT/LON1/LON2/DLON/H
   71   74   75   78   79   84   87   90   90   91   91   92   92   91   89   87
   85   86   88   92   94   93   90   84   79   74   71   68   66   67   72   84
  102  126  151  176  198  217  234  247  258  267  272  275  277  279  279  278
  277  274  272  272  273  272  269  262  252  240  227  213  198  182  166  151
  135  119  106   91   80   66   68   74   71                                   
    32.5-180.0 180.0   5.0 450.0                            LAT/LON1/LON2/DLON/H
   59   59   58   60   60   65   70   75   80   85   89   94   97   98   98   95
   94   94   96   99  101  100   95   89   82   78   75   73   73   76   82   95
  115  139  164  189  212  232  249  264  277  286  293  298  302  305  308  309
  309  309  310  313  317  320  319  313  303  289  273  255  235  214  193  174
  155  136  120   99   83   60   59   63   59                                   
    30.0-180.0 180.0   5.0 450.0                            LAT/LON1/LON2/DLON/H
   56   49   46   45   44   47   52   58   65   73   81   90   97  102  103  102
  100  100  102  104  104  102   97   91   85   81   79   79   80   84   93  108
  128  153  179  204  227  248  266  283  297  309  318  326  334  341  348  353
  357  361  366  372  379  385  386  381  371  356  338  317  294  268  242  219
  195  172  153  125  103   69   64   63   56                                   
    27.5-180.0 180.0   5.0 450.0                            LAT/LON1/LON2/DLON/H
   67   52   45   40   37   38   40   44   51   59   70   82   92   99  103  104
  104  104  104  105  104  102   98   92   88   84   83   83   86   92  103  119
  141  167  193  219  243  265  284  302  319  333  346  359  372  385  398  409
  419  427  435  445  454  462  465  461  451  437  418  395  369  340  310  281
  253  226  203  169  142   99   87   80   67                                   
    25.0-180.0 180.0   5.0 450.0                            LAT/LON1/LON2/DLON/H
   95   72   59   49   42   39   38   38   43   50   60   71   82   92   99  103
  104  104  104  103  102  100   97   93   89   86   85   86   90   97  110  129
  153  180  207  234  259  281  302  321  340  358  376  394  413  433  453  471
  487  500  511  523  534  543  546  544  534  520  502  480  454  423  389  356
  323  293  265  227  199  148  130  117   95                                   
    22.5-180.0 180.0   5.0 450.0                            LAT/LON1/LON2/DLON/H
  143  113   94   76   64   56   49   45   44   48   55   64   73   83   91   97
  100  101  100   99   98   96   95   93   90   88   86   87   91  101  116  136
  162  190  218  246  271  295  317  338  359  381  403  427  453  480  507  531
  551  568  582  594  604  613  617  615  608  595  580  560  535  504  468  432
  396  364  333  294  264  212  187  173  143                                   
    20.0-180.0 180.0   5.0 450.0                            LAT/LON1/LON2/DLON/H
  205  172  150  124  105   89   76   65   58   57   58   62   69   76   84   90
   94   95   95   94   94   94   93   92   90   88   85   86   91  101  117  139
  166  195  225  254  281  306  329  352  376  400  427  455  486  518  549  577
  600  618  631  641  650  656  661  661  657  649  636  620  598  569  534  497
  460  428  394  359  328  281  250  240  205                                   
    17.5-180.0 180.0   5.0 450.0                            LAT/LON1/LON2/DLON/H
  270  238  218  188  160  138  117  100   86   77   72   70   70   74   79   84
   88   90   91   91   91   91   92   92   90   87   84   84   88   99  115  138
  165  196  227  258  287  313  339  364  389  417  446  477  510  544  576  604
  626  642  651  657  662  667  671  674  673  669  662  650  632  607  575  539
  503  473  441  411  380  340  310  304  270                                   
    15.0-180.0 180.0   5.0 450.0                            LAT/LON1/LON2/DLON/H
  319  293  280  250  217  191  167  145  124  108   95   86   80   78   79   81
   84   86   88   88   89   90   91   91   89   86   82   81   85   95  111  134
  163  195  228  260  290  319  346  373  401  430  461  492  525  557  587  612
  630  641  646  646  646  648  652  656  658  658  654  647  634  614  587  555
  522  495  466  442  412  379  353  353  319                                   
    12.5-180.0 180.0   5.0 450.0                            LAT/LON1/LON2/DLON/H
  345  325  320  293  260  235  211  191  167  147  127  111   98   89   85   83
   84   85   87   88   89   90   91   91   90   86   82   79   82   91  108  132
  161  194  228  261  292  322  351  380  410  441  472  503  533  562  587  608
  621  626  625  620  616  616  619  623  625  626  624  620  612  596  575  547
  518  494  469  449  423  394  373  377  345                                   
    10.0-180.0 180.0   5.0 450.0                            LAT/LON1/LON2/DLON/H
  349  335  333  310  282  261  242  226  205  184  162  141  122  108   97   91
   89   88   89   90   91   92   94   94   93   88   83   80   82   92  109  132
  162  195  229  262  293  323  353  384  416  448  480  509  537  561  582  598
  606  607  602  594  589  587  588  590  591  590  588  586  580  568  550  526
  500  478  457  439  416  389  371  376  349                                   
     7.5-180.0 180.0   5.0 450.0                            LAT/LON1/LON2/DLON/H
  340  326  325  303  282  266  254  245  231  213  193  171  150  132  117  106
   99   96   95   95   96   97   99   99   97   92   87   84   87   97  114  138
