data/edconvlstm_nd/pred1140.15i
     1.0            IONOSPHERE MAPS     GNSS                IONEX VERSION / TYPE
pyspatialgeodesy        IME             05-JAN-18 20:20     PGM / RUN BY / DATE 
Map Name                                                    COMMENT             
Predicted global ionosphere maps (GIM).                     DESCRIPTION         
  2015     4    24     0     0     0                        EPOCH OF FIRST MAP  
  2015     4    25     0     0     0                        EPOCH OF LAST MAP   
  7200                                                      INTERVAL            
    13                                                      # OF MAPS IN FILE   
  NONE                                                      MAPPING FUNCTION    
10.0                                                        ELEVATION CUTOFF    
One-way carrier phase leveled to code                       OBSERVABLES USED    
  6371.0                                                    BASE RADIUS         
 2                                                          MAP DIMENSION       
   450.0 450.0   0.0                                        HGT1 / HGT2 / DHGT  
    87.5 -87.5  -2.5                                        LAT1 / LAT2 / DLAT  
  -180.0 180.0   5.0                                        LON1 / LON2 / DLON  
    -1                                                      EXPONENT            
                                                            END OF HEADER       
[from data line 1716]
     5                                                      START OF TEC MAP    
  2015     4    24     8     0     0                        EPOCH OF CURRENT MAP
    87.5-180.0 180.0   5.0 450.0                            LAT/LON1/LON2/DLON/H
  213  196  188  192  197  199  199  200  203  206  209  211  214  216  218  220
  222  224  225  226  227  228  229  229  230  230  230  230  230  229  229  229
  228  228  227  227  226  225  224  223  222  221  219  218  216  214  213  211
  209  207  204  202  200  198  196  194  192  190  189  187  186  184  183  182
  182  183  182  183  186  188  189  198  213                                   
    85.0-180.0 180.0   5.0 450.0                            LAT/LON1/LON2/DLON/H
  195  182  184  186  190  192  195  198  202  206  209  212  216  219  222  224
  226  228  230  231  232  233  233  234  234  234  234  234  234  234  234  234
  234  234  233  233  233  233  232  231  231  230  228  227  225  223  221  219
  217  214  212  209  207  204  202  199  197  195  192  190  188  186  184  183
  183  184  179  182  179  180  186  193  195                                   
    82.5-180.0 180.0   5.0 450.0                            LAT/LON1/LON2/DLON/H
  182  181  177  176  178  181  184  187  192  197  201  206  211  215  219  222
  225  227  228  229  229  229  229  228  228  228  227  227  227  227  227  227
  228  229  229  230  231  231  232  232  232  232  232  231  230  229  227  225
  223  221  218  215  213  210  207  205  202  199  196  193  191  188  185  183
  181  180  175  178  178  180  183  175  182                                   
    80.0-180.0 180.0   5.0 450.0                            LAT/LON1/LON2/DLON/H
  180  177  171  169  168  169  172  176  182  188  193  199  205  210  215  219
  222  224  224  224  223  222  220  218  216  215  214  213  213  213  214  215
  217  219  221  223  225  228  230  232  234  235  237  238  238  238  238  237
  235  234  232  230  228  226  224  221  219  216  213  210  206  203  200  197
  194  191  184  185  182  180  187  171  180                                   
    77.5-180.0 180.0   5.0 450.0                            LAT/LON1/LON2/DLON/H
  189  180  175  170  166  164  166  169  174  179  185  192  199  205  210  214
  217  219  219  218  216  212  209  205  202  199  197  196  196  197  199  202
  205  208  212  216  220  225  229  234  238  242  246  249  252  254  255  256
  256  256  255  254  253  252  251  249  247  245  242  239  236  232  229  225
  220  216  207  206  204  199  196  185  189                                   
    75.0-180.0 180.0   5.0 450.0                            LAT/LON1/LON2/DLON/H
  197  189  180  172  165  161  160  160  165  169  175  182  188  195  201  205
  208  210  210  208  205  201  196  191  186  183  180  179  180  181  184  188
  192  197  202  208  214  220  227  234  241  248  255  262  267  271  275  277
  279  280  280  281  281  281  280  280  279  277  275  272  269  266  262  258
  253  248  238  231  226  221  216  203  197                                   
    72.5-180.0 180.0   5.0 450.0                            LAT/LON1/LON2/DLON/H
  204  198  188  176  166  159  156  154  157  160  164  170  177  183  189  193
  197  199  199  198  195  190  184  179  174  170  168  167  168  171  175  180
  185  190  196  203  210  218  226  236  246  257  267  277  285  292  297  300
  303  304  305  306  306  306  306  305  304  303  301  298  295  292  288  284
  279  274  265  257  248  241  235  224  204                                   
    70.0-180.0 180.0   5.0 450.0                            LAT/LON1/LON2/DLON/H
  210  202  192  178  165  155  150  146  147  149  152  158  163  169  174  179
  182  185  186  185  183  179  174  169  164  161  160  160  163  166  171  176
  181  187  193  199  207  216  226  239  252  266  280  292  303  312  319  323
  325  326  326  326  324  323  322  321  319  317  314  311  308  304  300  296
  291  286  278  270  262  255  249  240  210                                   
    67.5-180.0 180.0   5.0 450.0                            LAT/LON1/LON2/DLON/H
  208  202  192  177  164  151  144  139  138  139  142  147  151  156  161  165
  169  172  173  174  172  170  166  162  159  157  157  159  163  167  172  178
  183  187  193  199  206  216  229  244  260  278  295  311  324  335  342  346
  347  346  344  340  337  333  329  326  323  319  315  311  307  302  297  293
  288  284  276  269  262  256  250  243  208                                   
    65.0-180.0 180.0   5.0 450.0                            LAT/LON1/LON2/DLON/H
  203  198  188  172  157  143  135  129  129  129  132  136  139  143  147  150
  153  156  159  160  159  158  155  153  152  152  155  159  164  170  175  180
  185  189  194  199  207  218  233  251  271  292  313  332  347  358  366  369
  368  364  359  351  344  336  330  324  318  313  308  302  297  290  284  279
  274  269  263  257  252  249  244  238  203                                   
    62.5-180.0 180.0   5.0 450.0                            LAT/LON1/LON2/DLON/H
  198  193  183  166  150  135  125  119  118  119  122  125  129  131  134  136
  139  141  143  144  144  143  142  141  142  145  150  156  163  170  176  182
  186  190  194  200  209  221  238  259  283  308  332  353  370  382  389  390
  387  381  371  360  349  338  328  320  313  306  299  292  285  277  270  263
  256  251  245  241  238  237  234  228  198                                   
    60.0-180.0 180.0   5.0 450.0                            LAT/LON1/LON2/DLON/H
  198  193  182  161  144  126  115  108  107  107  111  115  118  120  122  123
  124  126  127  127  127  126  125  125  128  133  140  149  158  167  173  179
  183  188  193  200  210  225  244  268  296  324  351  374  392  404  410  410
  405  396  384  370  356  343  331  321  313  305  297  289  281  272  263  255
  247  240  234  230  229  230  228  220  198                                   
    57.5-180.0 180.0   5.0 450.0                            LAT/LON1/LON2/DLON/H
  209  202  190  165  145  123  108   98   96   96  100  105  108  110  112  112
  112  113  113  112  111  109  108  109  113  119  129  139  150  160  168  174
  180  185  192  200  212  229  251  278  308  339  368  393  412  424  429  429
  423  413  400  385  370  356  343  333  324  315  307  299  290  279  269  260
  251  243  236  232  231  233  232  221  209                                   
    55.0-180.0 180.0   5.0 450.0                            LAT/LON1/LON2/DLON/H
  231  222  208  178  155  128  109   95   89   88   91   95  100  103  104  105
  105  104  103  101   99   97   95   96  100  107  117  130  142  152  161  169
  176  183  191  202  215  233  257  286  319  353  384  410  429  441  446  446
  441  432  420  407  392  379  366  356  346  338  329  320  311  300  289  279
  269  261  253  247  247  249  247  235  231                                   
    52.5-180.0 180.0   5.0 450.0                            LAT/LON1/LON2/DLON/H
  261  250  234  202  176  146  121  102   91   85   86   90   95   98  101  102
  102  101  100   98   95   92   89   89   93  100  111  124  137  148  158  166
  174  183  194  205  220  239  264  295  330  365  398  424  444  456  462  463
  460  455  446  435  422  410  398  387  377  368  359  349  339  328  317  307
  297  288  279  272  270  272  268  256  261                                   
    50.0-180.0 180.0   5.0 450.0                            LAT/LON1/LON2/DLON/H
  292  278  262  231  204  173  144  119  102   92   89   91   95   99  102  104
  105  105  104  102   99   96   93   92   95  102  112  125  138  149  159  168
  178  188  200  212  227  246  271  303  340  378  411  439  459  472  479  482
  483  480  475  467  457  445  433  421  410  399  388  377  366  355  345  335
  326  317  308  299  295  295  290  280  292                                   
    47.5-180.0 180.0   5.0 450.0                            LAT/LON1/LON2/DLON/H
  313  300  283  259  234  204  175  146  124  109  101  100  102  105  108  111
  113  113  113  112  111  108  106  104  106  112  122  134  146  157  167  176
  186  198  210  222  236  254  279  313  351  391  427  456  476  490  499  504
  507  507  505  499  490  479  465  452  438  424  411  397  385  373  363  355
  346  339  329  319  311  309  303  296  313                                   
    45.0-180.0 180.0   5.0 450.0                            LAT/LON1/LON2/DLON/H
  316  304  292  278  258  234  206  177  152  133  121  116  114  116  119  121
  124  125  127  128  128  127  125  123  124  128  136  147  159  170  180  189
  199  211  222  233  246  263  289  323  364  406  444  475  497  512  522  528
  532  534  533  528  519  506  491  474  457  440  423  406  391  378  368  361
  354  347  336  325  313  308  301  297  316                                   
    42.5-180.0 180.0   5.0 450.0                            LAT/LON1/LON2/DLON/H
  298  288  283  280  268  253  232  207  181  159  144  136  132  131  132  134
  136  139  142  145  147  148  147  145  144  146  153  163  174  185  194  204
  214  225  236  246  257  274  300  336  380  424  465  498  521  537  548  554
  557  558  557  551  541  527  510  490  470  450  430  410  392  376  365  357
  350  342  330  316  300  290  284  280  298                                   
    40.0-180.0 180.0   5.0 450.0                            LAT/LON1/LON2/DLON/H
  265  255  256  260  260  255  244  226  204  183  167  157  151  148  147  148
  150  152  156  161  165  167  167  164  161  161  166  175  187  198  208  218
  229  239  249  258  269  286  314  353  398  445  488  522  547  564  575  580
  582  581  578  573  563  548  530  510  489  468  446  423  401  382  367  356
  347  336  321  303  282  266  257  251  265                                   
    37.5-180.0 180.0   5.0 450.0                            LAT/LON1/LON2/DLON/H
  230  216  220  226  235  239  239  231  215  198  184  175  168  164  162  162
  162  165  169  175  180  183  183  179  174  171  174  182  194  206  218  230
  241  252  262  272  284  302  332  372  420  468  511  546  573  591  603  608
  609  607  604  600  592  580  565  548  530  511  489  464  438  413  393  377
  362  347  326  302  276  251  237  226  230                                   
    35.0-180.0 180.0   5.0 450.0                            LAT/LON1/LON2/DLON/H
  211  190  189  191  203  211  219  220  212  202  193  187  182  178  176  174
  174  176  181  186  191  194  193  188  180  175  176  183  195  209  223  237
  250  263  275  287  301  322  354  396  444  491  532  567  595  616  630  637
  639  639  640  640  638  634  626  617  605  591  571  545  515  484  457  434
  413  391  363  330  299  265  242  222  211                                   
    32.5-180.0 180.0   5.0 450.0                            LAT/LON1/LON2/DLON/H
  220  189  179  170  179  185  195  200  199  196  192  191  190  189  188  186
  186  187  191  196  200  202  200  193  183  176  173  179  190  206  223  240
  256  273  288  304  322  347  380  422  467  511  549  583  612  636  654  666
  673  679  687  695  704  710  714  715  714  708  693  668  635  599  564  533
  504  475  439  397  360  317  283  254  220                                   
    30.0-180.0 180.0   5.0 450.0                            LAT/LON1/LON2/DLON/H
  267  224  198  176  175  174  179  184  185  186  188  191  195  197  197  196
  196  198  201  205  208  209  205  197  186  175  169  172  183  201  220  241
  261  282  302  323  347  375  409  449  489  527  561  592  623  652  677  695
  710  725  743  763  784  803  820  835  846  849  842  821  788  749  708  670
  634  597  554  502  458  407  360  325  267                                   
    27.5-180.0 180.0   5.0 450.0                            LAT/LON1/LON2/DLON/H
  355  298  252  212  199  189  185  184  183  183  186  192  197  202  204  206
  207  209  211  214  216  216  212  203  189  176  167  167  177  195  217  241
  265  290  317  344  372  404  438  473  507  538  567  597  630  664  695  722
  746  772  802  835  869  900  929  956  979  992  993  978  948  909  868  825
  784  744  697  637  586  524  465  429  355                                   
    25.0-180.0 180.0   5.0 450.0                            LAT/LON1/LON2/DLON/H
  480  406  339  281  254  233  217  208  200  196  195  198  203  208  212  215
  217  219  222  224  225  225  220  210  196  179  167  164  172  190  214  241
  269  300  331  364  397  430  463  494  521  546  571  601  636  674  711  746
  779  816  858  902  944  983 1020 1055 1086 1107 1114 1105 1082 1048 1010  969
  928  890  844  779  723  652  586  553  480                                   
    22.5-180.0 180.0   5.0 450.0                            LAT/LON1/LON2/DLON/H
  620  532  448  378  336  304  276  256  239  226  217  215  215  218  221  224
  227  230  232  234  235  233  229  219  203  184  169  163  170  188  213  242
  274  309  345  382  418  451  482  508  531  553  577  607  644  685  727  768
  809  855  904  953  999 1039 1075 1111 1143 1167 1179 1176 1160 1136 1106 1071
 1035 1004  965  899  842  768  703  678  620                                   
    20.0-180.0 180.0   5.0 450.0                            LAT/LON1/LON2/DLON/H
  740  649  561  489  434  392  354  323  296  273  254  242  235  233  233  235
  237  240  241  242  242  240  236  225  208  188  171  164  169  186  212  244
  279  317  356  394  430  463  491  516  538  560  586  618  657  701  745  789
  835  885  937  985 1026 1059 1088 1116 1143 1165 1176 1177 1168 1152 1134 1111
 1084 1062 1033  972  918  845  789  777  740                                   
    17.5-180.0 180.0   5.0 450.0                            LAT/LON1/LON2/DLON/H
  814  730  653  587  529  483  441  402  366  331  301  277  262  253  249  247
  247  248  248  247  246  243  237  227  210  190  172  163  166  182  209  243
  282  322  361  398  433  464  491  516  541  568  600  636  677  721  765  810
  856  905  954  996 1026 1046 1060 1075 1090 1103 1110 1110 1105 1098 1092 1082
 1065 1051 1031  978  932  863  822  822  814                                   
    15.0-180.0 180.0   5.0 450.0                            LAT/LON1/LON2/DLON/H
  830  753  694  643  592  551  512  473  434  392  351  317  292  276  266  260
  257  254  251  248  245  240  233  223  207  188  170  158  159  175  202  239
  280  321  359  394  426  455  482  510  541  576  615  656  699  743  786  828
  872  915  956  987 1003 1007 1004 1002 1002 1002 1001  999  998 1000 1004 1005
  997  986  970  923  884  824  794  808  830                                   
    12.5-180.0 180.0   5.0 450.0                            LAT/LON1/LON2/DLON/H
  793  720  681  650  611  578  547  514  479  438  394  353  321  299  284  274
  266  259  253  246  240  232  224  214  199  181  162  149  149  164  194  232
  274  315  351  384  412  439  467  498  536  579  626  673  718  762  802  841
  879  915  945  963  966  955  939  922  908  896  887  883  887  899  912  919
  914  902  883  837  803  753  729  753  793                                   
    10.0-180.0 180.0   5.0 450.0                            LAT/LON1/LON2/DLON/H
  729  661  642  626  597  570  545  519  492  456  415  375  341  316  299  286
  275  265  254  244  233  223  214  203  189  170  151  139  139  155  184  223
  266  306  341  370  396  420  448  482  526  575  628  680  728  771  810  845
  878  907  928  936  929  911  887  863  840  818  803  800  810  830  849  857
  850  832  806  758  724  681  658  687  729                                   
     7.5-180.0 180.0   5.0 450.0                            LAT/LON1/LON2/DLON/H
  667  613  609  597  575  550  526  502  479  450  415  379  348  325  308  295
  283  270  256  241  228  215  204  193  179  160  142  131  132  147  176  214
