data/edconvlstm_nd/pred2930.15i
     1.0            IONOSPHERE MAPS     GNSS                IONEX VERSION / TYPE
pyspatialgeodesy        IME             05-JAN-18 20:20     PGM / RUN BY / DATE 
Map Name                                                    COMMENT             
Predicted global ionosphere maps (GIM).                     DESCRIPTION         
  2015    10    20     0     0     0                        EPOCH OF FIRST MAP  
  2015    10    21     0     0     0                        EPOCH OF LAST MAP   
  7200                                                      INTERVAL            
    13                                                      # OF MAPS IN FILE   
  NONE                                                      MAPPING FUNCTION    
10.0                                                        ELEVATION CUTOFF    
One-way carrier phase leveled to code                       OBSERVABLES USED    
  6371.0                                                    BASE RADIUS         
 2                                                          MAP DIMENSION       
   450.0 450.0   0.0                                        HGT1 / HGT2 / DHGT  
    87.5 -87.5  -2.5                                        LAT1 / LAT2 / DLAT  
  -180.0 180.0   5.0                                        LON1 / LON2 / DLON  
    -1                                                      EXPONENT            
                                                            END OF HEADER       
[from data line 3861]
    10                                                      START OF TEC MAP    
  2015    10    20    18     0     0                        EPOCH OF CURRENT MAP
    87.5-180.0 180.0   5.0 450.0                            LAT/LON1/LON2/DLON/H
  106  110  108  114  121  120  121  119  121  125  126  129  131  133  134  136
  137  137  137  137  137  136  134  132  130  128  126  123  121  118  115  113
  111  108  106  104  102  101   99   98   97   96   95   95   94   94   94   94
   94   95   95   95   96   96   97   97   98   99  100  100  101  101  102  102
  103  103  101   98  104  102  114  111  106                                   
    85.0-180.0 180.0   5.0 450.0                            LAT/LON1/LON2/DLON/H
  113  108  121  108  111  117  119  122  125  130  132  135  138  141  143  145
  147  148  148  148  147  146  144  142  139  136  133  130  127  123  120  117
  114  111  108  105  103  101   99   98   96   95   94   94   93   93   93   93
   93   94   94   94   95   95   96   97   97   98   99   99  100  101  101  102
  103  102   99   95   97   99  101   99  113                                   
    82.5-180.0 180.0   5.0 450.0                            LAT/LON1/LON2/DLON/H
   92   93   94   92   98  106  111  115  120  125  130  136  140  145  149  152
  155  156  157  157  155  153  150  147  143  138  134  129  124  119  114  110
  105  102   98   95   92   89   87   85   83   82   81   80   80   79   79   79
   80   80   81   81   82   82   83   84   85   86   87   88   88   89   89   90
   91   90   87   85   87   97   88   86   92                                   
    80.0-180.0 180.0   5.0 450.0                            LAT/LON1/LON2/DLON/H
   68   67   71   72   77   81   89   97  105  112  120  128  134  141  146  151
  154  156  157  156  154  151  147  142  136  130  123  116  110  104   98   92
   87   83   79   75   72   70   67   65   64   63   62   62   62   63   63   64
   65   65   66   67   68   69   70   71   72   73   74   75   75   76   76   77
   77   77   75   73   69   74   67   74   68                                   
    77.5-180.0 180.0   5.0 450.0                            LAT/LON1/LON2/DLON/H
   64   58   56   57   63   69   78   86   96  105  114  125  134  142  149  155
  160  162  163  163  160  156  150  144  136  128  120  112  104   96   90   84
   79   74   70   66   63   60   58   56   54   53   53   53   53   54   55   56
   57   58   59   60   61   62   63   64   65   66   67   68   68   69   69   69
   69   68   67   66   62   60   57   65   64                                   
    75.0-180.0 180.0   5.0 450.0                            LAT/LON1/LON2/DLON/H
   48   46   43   46   53   58   67   76   88  100  111  122  132  141  149  156
  161  164  165  164  162  157  151  144  136  127  118  109  101   94   87   81
   77   72   69   65   62   59   56   54   52   51   50   50   51   52   53   54
   55   56   57   58   58   58   58   58   59   59   60   61   62   62   63   64
   63   63   63   60   56   53   48   47   48                                   
    72.5-180.0 180.0   5.0 450.0                            LAT/LON1/LON2/DLON/H
   46   44   41   47   50   57   67   76   87   99  111  123  134  144  152  159
  164  168  169  169  166  162  156  148  139  129  119  109  100   92   86   80
   76   72   69   66   63   60   57   54   51   50   49   49   50   51   52   54
   55   55   56   55   55   54   54   53   53   53   54   54   55   56   57   58
   58   59   59   55   52   50   48   50   46                                   
    70.0-180.0 180.0   5.0 450.0                            LAT/LON1/LON2/DLON/H
   44   44   42   48   52   58   67   78   91  103  115  127  137  146  154  160
  165  168  171  171  170  166  161  153  145  135  125  115  106   99   92   87
   83   80   77   74   70   66   62   59   55   53   52   51   52   53   54   55
   56   56   55   54   52   50   49   48   47   47   47   48   48   50   51   52
   53   54   55   54   52   51   53   54   44                                   
    67.5-180.0 180.0   5.0 450.0                            LAT/LON1/LON2/DLON/H
   47   48   46   54   59   66   76   87  100  111  124  135  145  153  160  166
  171  175  178  180  179  177  172  165  156  147  136  126  116  108  101   96
   92   88   85   81   77   73   68   63   59   56   54   53   54   54   55   56
   56   55   54   52   49   47   45   44   43   42   42   43   43   44   46   47
   48   49   50   49   48   49   51   51   47                                   
    65.0-180.0 180.0   5.0 450.0                            LAT/LON1/LON2/DLON/H
   45   49   48   57   62   71   81   93  106  118  130  141  149  157  163  168
  173  178  182  185  186  185  182  177  169  160  149  139  129  121  114  108
  104   99   95   90   85   79   72   66   61   57   54   53   53   53   53   53
   52   50   48   45   42   40   38   36   36   35   35   36   36   37   38   39
   40   41   43   43   45   48   52   53   45                                   
    62.5-180.0 180.0   5.0 450.0                            LAT/LON1/LON2/DLON/H
   44   49   49   60   67   76   87  100  112  125  136  146  154  160  166  171
  176  182  187  192  194  195  193  188  181  172  162  152  142  134  126  119
  113  108  102   96   89   81   74   66   60   55   52   50   49   49   48   47
   45   42   39   36   34   32   30   30   30   30   31   31   32   32   33   33
   34   35   37   36   39   42   46   48   44                                   
    60.0-180.0 180.0   5.0 450.0                            LAT/LON1/LON2/DLON/H
   42   47   49   60   67   77   89  101  114  127  138  148  155  161  167  172
  178  184  190  196  199  200  199  196  190  182  173  164  155  146  138  131
  124  117  110  102   93   84   75   67   60   55   51   49   47   45   43   41
   38   35   31   28   26   25   25   26   27   29   30   31   31   31   31   30
   30   30   31   31   33   38   42   44   42                                   
    57.5-180.0 180.0   5.0 450.0                            LAT/LON1/LON2/DLON/H
   40   47   50   61   69   79   92  103  116  128  139  148  156  162  168  174
  180  187  193  198  202  204  203  200  195  189  182  175  167  160  152  144
  136  128  119  109  100   90   80   71   64   58   54   51   49   46   43   39
   35   31   27   25   23   24   25   28   30   33   35   36   36   36   35   34
   33   32   32   31   32   36   39   43   40                                   
    55.0-180.0 180.0   5.0 450.0                            LAT/LON1/LON2/DLON/H
   43   50   55   66   74   84   95  106  118  129  140  149  156  162  169  175
  182  189  194  199  202  203  203  201  197  193  189  184  179  173  166  158
  149  140  130  119  109   99   89   80   73   67   63   59   55   51   46   41
   36   32   28   26   26   27   30   34   39   42   45   47   47   47   46   44
   42   40   39   37   37   39   40   45   43                                   
    52.5-180.0 180.0   5.0 450.0                            LAT/LON1/LON2/DLON/H
   51   59   65   76   84   93  103  113  123  132  141  149  157  163  170  177
  184  190  195  198  200  201  200  199  197  196  194  193  190  186  181  173
  163  153  142  131  121  111  102   94   87   81   76   72   67   62   56   50
   45   40   36   35   35   37   41   46   51   56   59   61   62   62   61   59
   57   54   53   51   48   48   48   53   51                                   
    50.0-180.0 180.0   5.0 450.0                            LAT/LON1/LON2/DLON/H
   64   72   81   91   99  108  117  125  132  140  147  153  160  166  173  180
  187  192  196  197  198  198  198  198  199  200  201  202  202  199  194  187
  177  166  155  145  135  127  119  111  105   99   93   88   83   77   71   65
   59   54   51   49   49   52   56   60   66   70   74   76   78   79   79   77
   75   73   72   69   65   64   62   65   64                                   
    47.5-180.0 180.0   5.0 450.0                            LAT/LON1/LON2/DLON/H
   80   89   99  109  118  127  134  140  146  151  156  161  166  172  179  186
  191  195  197  198  198  199  199  201  203  206  209  212  213  211  206  198
  188  177  167  157  149  142  135  129  122  116  111  105   99   93   87   81
   76   72   68   66   66   67   70   74   78   82   86   89   91   93   94   94
   93   92   91   89   85   82   80   79   80                                   
    45.0-180.0 180.0   5.0 450.0                            LAT/LON1/LON2/DLON/H
   98  106  116  127  137  146  153  158  162  166  169  173  177  182  187  193
  198  200  201  202  202  203  205  208  211  215  219  221  221  218  212  204
  194  184  174  166  159  154  148  143  137  131  124  118  112  106  101   96
   92   88   85   82   80   80   81   84   87   90   93   97  100  104  106  108
  107  108  108  107  103   99   97   95   98                                   
    42.5-180.0 180.0   5.0 450.0                            LAT/LON1/LON2/DLON/H
  112  120  129  143  154  164  170  175  179  183  185  187  190  194  199  203
  206  207  208  209  210  213  216  220  223  226  228  229  226  222  214  206
  196  187  179  172  167  163  158  153  147  140  133  126  120  115  111  107
  104  100   95   91   88   87   87   89   91   93   96  100  105  109  113  116
  116  118  118  118  116  112  111  108  112                                   
    40.0-180.0 180.0   5.0 450.0                            LAT/LON1/LON2/DLON/H
  121  128  137  153  166  176  184  190  194  199  201  203  205  209  212  215
  217  217  218  220  223  227  231  234  236  237  237  234  229  222  214  206
  198  191  185  179  175  170  166  160  153  145  137  129  123  118  115  112
  109  105  100   95   90   88   87   89   91   94   97  101  106  112  116  120
  120  122  123  123  122  118  117  117  121                                   
    37.5-180.0 180.0   5.0 450.0                            LAT/LON1/LON2/DLON/H
  123  130  140  157  172  184  193  201  207  213  216  219  222  225  228  229
  229  229  230  233  239  244  247  249  248  247  244  239  232  224  217  211
  207  203  198  193  187  181  175  168  159  149  140  131  124  120  117  114
  111  106   99   93   88   86   86   88   92   95   99  103  108  113  118  121
  121  122  122  122  121  118  116  119  123                                   
    35.0-180.0 180.0   5.0 450.0                            LAT/LON1/LON2/DLON/H
  122  128  139  157  174  186  199  209  217  225  230  235  239  242  244  245
  244  243  244  249  255  260  262  261  259  255  251  245  239  232  229  228
  228  227  224  218  209  200  190  180  169  157  146  136  128  123  120  116
  112  105   98   92   87   86   88   92   97  101  105  109  113  118  121  124
  123  122  121  119  116  113  111  116  122                                   
    32.5-180.0 180.0   5.0 450.0                            LAT/LON1/LON2/DLON/H
  119  125  138  156  174  187  202  214  226  236  243  250  255  260  262  261
  259  257  259  264  270  274  274  271  267  264  262  258  255  253  255  260
  266  270  267  257  244  229  214  200  186  172  159  147  139  133  128  123
  117  109  101   95   91   92   96  102  109  115  119  122  125  127  129  129
  127  124  122  118  112  108  105  112  119                                   
    30.0-180.0 180.0   5.0 450.0                            LAT/LON1/LON2/DLON/H
  119  126  140  157  176  188  205  219  233  245  255  264  271  277  279  278
  274  272  274  279  284  286  284  280  278  278  280  283  285  290  299  312
  325  331  327  312  290  267  246  227  210  194  180  167  158  150  144  138
  130  121  113  107  105  108  114  123  132  138  142  143  142  142  141  140
  135  132  128  121  113  107  103  111  119                                   
    27.5-180.0 180.0   5.0 450.0                            LAT/LON1/LON2/DLON/H
  124  133  148  163  183  195  213  226  241  254  266  277  286  293  296  294
  290  287  288  292  295  296  294  292  294  300  310  321  332  345  363  384
  402  409  401  377  345  312  283  259  240  223  208  195  185  177  170  163
  154  144  136  132  131  136  144  154  163  169  171  169  165  161  158  154
  149  145  139  132  121  112  106  114  124                                   
    25.0-180.0 180.0   5.0 450.0                            LAT/LON1/LON2/DLON/H
  136  145  161  175  195  208  226  238  253  266  278  290  301  308  312  310
  305  302  302  304  307  307  307  311  320  335  354  375  395  416  441  469
  490  495  479  444  399  356  319  291  270  253  239  227  218  211  204  196
  187  178  171  168  169  174  182  190  198  203  202  197  190  182  176  171
  165  161  155  147  133  122  114  121  136                                   
    22.5-180.0 180.0   5.0 450.0                            LAT/LON1/LON2/DLON/H
  152  161  177  191  213  227  244  256  269  282  293  306  317  325  328  326
  322  318  316  317  320  323  328  339  358  383  412  441  469  496  527  556
  575  573  547  501  445  393  350  319  297  280  268  258  251  246  241  234
  227  219  214  212  213  216  222  227  232  234  231  222  211  200  191  185
  179  177  171  164  149  135  124  131  152                                   
    20.0-180.0 180.0   5.0 450.0                            LAT/LON1/LON2/DLON/H
  168  178  193  209  233  248  267  278  290  302  313  325  336  344  347  345
  341  336  334  335  339  346  360  380  409  443  480  515  546  575  604  629
  640  629  594  539  476  417  370  336  314  299  289  282  278  276  274  270
  265  260  256  255  255  255  256  258  259  258  251  240  226  212  202  195
  190  190  183  179  163  147  135  142  168                                   
    17.5-180.0 180.0   5.0 450.0                            LAT/LON1/LON2/DLON/H
  183  192  207  226  251  269  289  301  314  326  338  350  360  368  371  370
  366  361  358  359  366  380  402  433  470  512  552  588  617  640  660  674
  675  656  615  556  491  429  380  344  322  308  300  296  296  298  299  299
  296  294  292  291  288  284  279  276  274  270  261  248  232  217  206  198
  193  195  189  186  170  154  141  150  183                                   
    15.0-180.0 180.0   5.0 450.0                            LAT/LON1/LON2/DLON/H
  192  202  217  239  267  288  310  324  339  353  366  379  390  397  401  401
  398  394  391  393  403  424  455  494  538  582  622  652  671  681  687  688
  679  655  613  556  492  431  381  346  323  309  303  302  305  311  316  318
  319  318  317  314  308  299  289  281  275  269  259  246  230  214  203  195
  190  192  186  184  169  155  143  154  192                                   
    12.5-180.0 180.0   5.0 450.0                            LAT/LON1/LON2/DLON/H
  196  208  224  248  279  303  328  346  364  381  397  412  424  432  437  438
  438  435  433  437  450  476  514  559  605  648  680  697  701  696  688  678
  663  637  597  545  487  430  382  346  323  309  303  304  310  318  326  330
  332  332  330  324  314  300  286  274  266  258  248  235  220  206  196  188
  183  184  177  174  162  149  139  152  196                                   
    10.0-180.0 180.0   5.0 450.0                            LAT/LON1/LON2/DLON/H
  196  209  228  254  287  314  342  364  387  408  428  446  460  470  476  481
  483  483  482  487  502  532  573  620  665  700  720  721  709  690  672  656
  637  612  578  534  484  434  389  353  328  313  306  307  314  324  333  339
  340  339  333  324  310  292  274  260  250  242  232  220  207  195  187  179
  172  172  164  160  150  141  132  147  196                                   
     7.5-180.0 180.0   5.0 450.0                            LAT/LON1/LON2/DLON/H
  194  209  231  259  293  322  353  379  407  434  458  479  495  507  517  524
  530  532  533  539  555  585  627  671  710  733  737  724  700  674  653  634
