data/edconvlstm_nd/pred3370.15i
     1.0            IONOSPHERE MAPS     GNSS                IONEX VERSION / TYPE
pyspatialgeodesy        IME             05-JAN-18 20:20     PGM / RUN BY / DATE 
Map Name                                                    COMMENT             
Predicted global ionosphere maps (GIM).                     DESCRIPTION         
  2015    12     3     0     0     0                        EPOCH OF FIRST MAP  
  2015    12     4     0     0     0                        EPOCH OF LAST MAP   
  7200                                                      INTERVAL            
    13                                                      # OF MAPS IN FILE   
  NONE                                                      MAPPING FUNCTION    
10.0                                                        ELEVATION CUTOFF    
One-way carrier phase leveled to code                       OBSERVABLES USED    
  6371.0                                                    BASE RADIUS         
 2                                                          MAP DIMENSION       
   450.0 450.0   0.0                                        HGT1 / HGT2 / DHGT  
    87.5 -87.5  -2.5                                        LAT1 / LAT2 / DLAT  
  -180.0 180.0   5.0                                        LON1 / LON2 / DLON  
    -1                                                      EXPONENT            
                                                            END OF HEADER       
[from data line 3003]
     8                                                      START OF TEC MAP    
  2015    12     3    14     0     0                        EPOCH OF CURRENT MAP
    87.5-180.0 180.0   5.0 450.0                            LAT/LON1/LON2/DLON/H
   42   52   54   57   61   61   62   58   59   61   61   62   62   62   62   62
   62   62   62   61   60   60   59   58   57   56   55   54   53   53   52   51
   50   49   48   47   46   45   45   44   44   44   43   43   43   44   44   44
   45   45   45   46   46   46   47   47   47   47   47   47   47   47   47   48
   49   49   47   44   48   50   65   69   42                                   
    85.0-180.0 180.0   5.0 450.0                            LAT/LON1/LON2/DLON/H
   43   57   71   56   59   63   63   64   65   67   67   68   68   68   69   69
   69   69   69   68   68   68   67   67   66   65   65   64   63   62   61   60
   58   57   56   55   54   53   52   51   51   50   50   50   50   50   51   51
   51   52   52   53   53   53   53   53   54   54   54   54   54   54   54   54
   55   55   51   48   52   54   63   58   43                                   
    82.5-180.0 180.0   5.0 450.0                            LAT/LON1/LON2/DLON/H
   32   44   56   49   52   54   56   57   58   59   60   61   61   62   62   62
   62   62   62   62   62   62   61   61   61   60   59   59   58   57   56   54
   53   52   50   49   48   46   45   44   44   43   43   42   42   43   43   43
   44   44   45   45   45   46   46   46   46   45   45   45   45   45   45   45
   46   45   42   41   48   55   53   50   32                                   
    80.0-180.0 180.0   5.0 450.0                            LAT/LON1/LON2/DLON/H
   24   33   48   42   46   46   48   49   51   53   53   54   54   55   55   55
   55   55   55   55   56   56   56   56   56   56   56   55   54   53   52   51
   49   48   46   45   43   42   40   39   38   37   37   37   37   37   38   39
   39   40   41   42   43   43   43   43   42   42   41   40   40   39   39   39
   39   39   38   38   40   47   45   48   24                                   
    77.5-180.0 180.0   5.0 450.0                            LAT/LON1/LON2/DLON/H
   33   35   38   33   37   37   39   40   42   43   43   44   44   45   44   44
   45   45   46   47   48   49   50   51   51   52   52   51   50   49   48   46
   44   43   41   39   37   35   33   31   29   28   27   27   27   28   29   31
   33   34   36   38   39   40   40   40   39   38   37   35   34   32   32   31
   31   31   30   30   31   33   36   41   33                                   
    75.0-180.0 180.0   5.0 450.0                            LAT/LON1/LON2/DLON/H
   21   27   29   28   32   33   34   35   37   38   38   38   38   38   37   37
   38   39   40   42   44   46   48   50   52   53   54   53   53   51   50   48
   47   45   43   41   39   36   34   32   29   28   26   26   26   27   29   30
   33   35   38   40   42   43   43   43   42   40   38   36   34   33   32   31
   30   31   31   30   32   30   31   28   21                                   
    72.5-180.0 180.0   5.0 450.0                            LAT/LON1/LON2/DLON/H
   24   28   27   27   28   30   31   31   32   33   32   32   31   31   30   30
   30   31   33   36   39   43   47   50   53   55   56   56   56   54   53   52
   50   48   47   45   42   40   37   33   30   27   25   24   24   24   26   28
   31   33   36   39   41   43   43   43   42   40   37   35   33   31   30   30
   29   29   30   29   31   31   32   32   24                                   
    70.0-180.0 180.0   5.0 450.0                            LAT/LON1/LON2/DLON/H
   22   28   29   28   30   30   30   31   33   33   32   32   30   29   28   28
   29   31   34   38   43   48   54   59   63   66   67   68   67   65   64   62
   61   59   58   56   54   51   47   43   39   35   31   29   28   28   29   31
   33   36   39   42   44   45   45   45   43   42   39   37   36   34   34   34
   34   34   35   35   36   36   41   39   22                                   
    67.5-180.0 180.0   5.0 450.0                            LAT/LON1/LON2/DLON/H
   25   30   30   29   31   31   33   33   34   34   33   33   31   30   28   28
   29   31   34   39   46   53   60   67   72   76   78   78   77   75   73   72
   71   70   69   67   65   61   57   52   47   42   37   34   32   31   31   32
   33   36   38   40   41   42   42   42   41   39   38   36   35   35   35   36
   37   37   39   37   39   39   42   39   25                                   
    65.0-180.0 180.0   5.0 450.0                            LAT/LON1/LON2/DLON/H
   26   32   31   31   32   33   34   35   36   37   36   35   33   31   30   30
   31   33   38   44   51   60   69   77   83   88   90   90   89   87   85   84
   83   82   81   80   77   73   69   63   57   51   45   41   37   35   34   33
   34   34   35   36   36   37   37   36   35   35   34   34   34   34   35   37
   39   41   43   42   43   45   46   44   26                                   
    62.5-180.0 180.0   5.0 450.0                            LAT/LON1/LON2/DLON/H
   28   33   32   33   34   35   35   36   37   38   37   37   35   34   33   33
   34   37   41   48   56   66   76   84   92   97   99  100   99   97   96   95
   94   94   93   91   89   84   79   72   65   59   53   48   43   40   37   35
   33   32   31   30   29   29   29   29   29   29   29   30   31   32   34   36
   38   40   42   42   43   44   45   44   28                                   
    60.0-180.0 180.0   5.0 450.0                            LAT/LON1/LON2/DLON/H
   31   34   33   34   34   34   35   35   36   37   36   36   35   35   34   35
   36   39   44   51   60   69   79   88   96  102  105  106  106  105  104  104
  104  103  103  101   98   93   87   80   72   66   60   54   49   44   40   36
   32   29   26   24   23   22   22   22   23   23   24   25   27   28   30   32
   34   36   39   39   41   42   43   42   31                                   
    57.5-180.0 180.0   5.0 450.0                            LAT/LON1/LON2/DLON/H
   34   36   36   36   36   36   36   36   36   36   36   36   36   36   37   38
   40   43   48   55   63   72   82   91   99  105  109  112  113  113  113  114
  114  114  114  112  108  103   96   89   82   75   69   64   58   53   47   42
   37   32   27   24   22   21   20   21   22   23   24   25   27   28   30   32
   33   34   37   37   40   40   40   41   34                                   
    55.0-180.0 180.0   5.0 450.0                            LAT/LON1/LON2/DLON/H
   39   41   41   41   41   40   38   37   36   36   35   36   36   37   38   41
   44   48   53   59   67   75   84   92  100  107  112  116  119  120  122  123
  124  124  124  122  119  114  107  100   93   86   81   75   70   64   58   51
   45   39   34   29   26   25   24   24   25   26   28   29   30   31   32   33
   34   34   36   37   40   40   40   41   39                                   
    52.5-180.0 180.0   5.0 450.0                            LAT/LON1/LON2/DLON/H
   46   48   49   49   48   47   44   41   38   36   35   35   36   37   40   43
   47   52   58   64   71   78   86   94  102  109  115  120  124  127  129  131
  132  133  133  132  129  125  118  111  105   99   94   89   84   78   71   64
   57   51   45   41   37   34   33   34   35   36   37   38   39   39   39   39
   38   37   39   40   43   43   43   44   46                                   
    50.0-180.0 180.0   5.0 450.0                            LAT/LON1/LON2/DLON/H
   55   57   59   61   59   58   53   49   44   40   37   36   36   38   41   46
   52   58   64   70   76   82   89   97  105  112  119  124  129  132  135  136
  138  140  141  141  139  136  131  124  118  113  108  103   98   92   85   78
   71   65   60   55   51   48   47   47   48   49   50   51   51   50   49   48
   46   45   46   46   49   50   51   51   55                                   
    47.5-180.0 180.0   5.0 450.0                            LAT/LON1/LON2/DLON/H
   63   68   71   73   72   72   66   60   53   48   43   41   39   41   44   50
   58   65   72   78   84   90   96  103  110  117  124  129  133  136  138  139
  141  143  146  148  149  147  143  138  132  127  122  117  112  105   98   91
   85   79   74   69   64   61   60   60   61   62   63   63   63   62   61   58
   56   54   55   55   58   61   62   61   63                                   
    45.0-180.0 180.0   5.0 450.0                            LAT/LON1/LON2/DLON/H
   70   77   80   85   85   85   80   74   66   60   53   49   46   46   50   56
   65   74   82   88   94   99  105  111  118  124  130  134  137  138  138  139
  140  144  149  153  157  157  155  150  145  140  135  129  123  115  108  101
   95   89   84   78   73   70   68   68   70   71   72   73   73   72   70   68
   65   64   64   64   68   72   74   72   70                                   
    42.5-180.0 180.0   5.0 450.0                            LAT/LON1/LON2/DLON/H
   73   82   85   92   94   96   91   87   80   74   67   62   57   56   59   66
   75   84   93  100  106  111  116  122  127  132  136  139  139  138  137  136
  139  143  151  158  164  167  167  163  158  152  145  139  131  123  114  106
  100   94   88   82   76   72   70   70   72   74   75   76   76   76   75   74
   72   70   71   71   75   80   82   80   73                                   
    40.0-180.0 180.0   5.0 450.0                            LAT/LON1/LON2/DLON/H
   72   80   84   93   96  101   99   97   93   89   82   76   71   69   71   78
   87   97  106  113  119  124  128  133  137  140  143  143  141  138  135  135
  138  145  154  165  174  179  179  176  170  163  155  147  138  128  118  109
  102   95   88   81   74   68   66   66   68   71   73   74   75   75   75   75
   73   73   74   74   78   83   85   84   72                                   
    37.5-180.0 180.0   5.0 450.0                            LAT/LON1/LON2/DLON/H
   65   73   76   87   92   99  100  102  101  100   95   91   85   84   86   93
  102  111  119  126  131  136  140  143  146  148  148  147  143  139  136  136
  142  151  164  177  187  193  194  190  183  175  166  157  146  134  123  113
  104   96   88   79   70   64   60   60   62   65   67   69   69   70   71   71
   71   70   71   72   75   79   81   81   65                                   
    35.0-180.0 180.0   5.0 450.0                            LAT/LON1/LON2/DLON/H
   57   63   65   76   82   90   95  100  104  106  105  102   99   98  101  108
  117  126  133  138  143  147  150  152  153  154  153  151  147  143  141  145
  154  167  183  197  207  212  212  207  199  190  180  170  158  145  132  120
  111  102   93   82   72   64   59   58   60   63   65   65   65   66   66   67
   66   66   67   67   69   72   72   74   57                                   
    32.5-180.0 180.0   5.0 450.0                            LAT/LON1/LON2/DLON/H
   50   53   55   64   70   77   84   93  100  106  109  109  109  111  116  124
  132  140  146  150  154  157  159  159  159  159  158  156  153  152  155  163
  177  194  211  226  235  238  235  228  220  210  200  189  176  163  149  137
  127  117  108   97   85   75   68   66   66   68   69   68   67   66   65   65
   64   63   64   63   64   64   64   66   50                                   
    30.0-180.0 180.0   5.0 450.0                            LAT/LON1/LON2/DLON/H
   46   47   47   54   58   64   72   81   92  100  106  110  114  119  127  136
  145  153  158  162  165  167  167  165  164  164  164  164  165  168  176  191
  210  231  250  263  269  269  263  255  245  235  225  215  203  190  176  164
  154  146  136  125  113  101   92   87   85   85   84   81   78   74   71   69
   67   65   65   64   63   61   59   61   46                                   
    27.5-180.0 180.0   5.0 450.0                            LAT/LON1/LON2/DLON/H
   47   46   44   48   50   53   60   69   80   90   98  106  113  122  134  145
  155  163  168  172  174  175  173  171  169  169  171  176  182  191  206  227
  252  276  294  305  307  303  295  285  274  265  256  247  237  226  214  203
  194  186  178  168  156  142  130  121  117  114  111  105   98   91   86   81
   77   74   73   70   69   64   62   60   47                                   
    25.0-180.0 180.0   5.0 450.0                            LAT/LON1/LON2/DLON/H
   53   51   46   46   46   48   52   58   68   77   87   97  108  121  135  149
  161  170  175  179  182  182  179  176  174  176  182  192  204  220  241  268
  298  323  341  349  348  340  329  317  307  299  292  285  278  268  258  248
  241  235  228  220  208  193  178  166  158  152  146  137  127  116  108  101
   94   90   87   82   80   74   71   64   53                                   
    22.5-180.0 180.0   5.0 450.0                            LAT/LON1/LON2/DLON/H
   64   60   53   50   49   48   49   53   59   67   75   86   99  115  133  150
  163  173  180  185  188  188  185  182  182  187  198  213  231  253  280  311
  343  370  386  391  386  375  362  350  341  335  330  326  320  313  305  296
  290  285  279  272  260  245  228  213  201  192  183  172  158  144  133  124
  115  110  105  100   96   89   85   74   64                                   
    20.0-180.0 180.0   5.0 450.0                            LAT/LON1/LON2/DLON/H
   77   73   63   58   55   53   52   53   56   61   68   78   92  110  129  148
  163  174  182  188  192  193  192  191  193  202  218  238  261  287  318  352
  384  409  423  425  417  405  392  381  373  369  366  364  361  355  348  341
  334  328  323  316  304  288  269  251  236  224  213  200  185  169  155  144
  135  129  123  117  113  106  100   87   77                                   
    17.5-180.0 180.0   5.0 450.0                            LAT/LON1/LON2/DLON/H
   91   86   74   68   64   60   59   57   59   61   66   75   89  107  128  147
  163  175  185  191  196  199  199  201  208  221  242  266  293  322  353  386
  416  438  448  448  439  427  416  407  401  399  398  397  395  390  384  376
  368  360  353  344  331  314  294  274  257  243  231  217  201  184  170  159
  149  144  137  131  127  120  114  100   91                                   
    15.0-180.0 180.0   5.0 450.0                            LAT/LON1/LON2/DLON/H
  100   96   83   77   72   68   67   64   64   66   69   78   92  110  131  151
  167  180  190  197  202  205  208  214  226  245  270  298  326  354  382  411
  435  453  461  459  451  441  432  426  423  422  422  421  419  415  408  398
  387  376  365  352  338  320  299  278  260  246  234  221  206  190  176  165
  156  152  144  139  135  129  122  110  100                                   
    12.5-180.0 180.0   5.0 450.0                            LAT/LON1/LON2/DLON/H
  103  100   88   83   77   73   73   71   70   72   76   85  100  119  140  160
  177  190  199  206  210  214  219  230  248  272  301  330  357  381  405  426
  445  457  463  461  455  448  443  439  438  438  439  438  435  430  421  409
  394  377  361  344  327  307  286  266  250  238  227  215  201  187  174  165
  157  152  145  140  135  130  123  113  103                                   
    10.0-180.0 180.0   5.0 450.0                            LAT/LON1/LON2/DLON/H
  100   98   88   84   79   75   76   74   75   77   83   94  111  132  154  175
  193  206  214  219  221  225  233  249  272  301  332  361  385  404  420  435
  447  456  460  459  456  452  450  449  449  450  450  447  443  436  426  410
  391  369  347  326  305  285  265  248  234  224  215  205  193  180  169  161
  153  148  141  136  131  126  119  110  100                                   
     7.5-180.0 180.0   5.0 450.0                            LAT/LON1/LON2/DLON/H
   93   92   84   81   77   73   76   75   76   80   88  102  122  146  171  194
  213  226  233  235  235  238  249  269  298  330  362  388  408  421  432  440
