data/edconvlstm_nd/pred0440.15i
     1.0            IONOSPHERE MAPS     GNSS                IONEX VERSION / TYPE
pyspatialgeodesy        IME             05-JAN-18 20:20     PGM / RUN BY / DATE 
Map Name                                                    COMMENT             
Predicted global ionosphere maps (GIM).                     DESCRIPTION         
  2015     2    13     0     0     0                        EPOCH OF FIRST MAP  
  2015     2    14     0     0     0                        EPOCH OF LAST MAP   
  7200                                                      INTERVAL            
    13                                                      # OF MAPS IN FILE   
  NONE                                                      MAPPING FUNCTION    
10.0                                                        ELEVATION CUTOFF    
One-way carrier phase leveled to code                       OBSERVABLES USED    
  6371.0                                                    BASE RADIUS         
 2                                                          MAP DIMENSION       
   450.0 450.0   0.0                                        HGT1 / HGT2 / DHGT  
    87.5 -87.5  -2.5                                        LAT1 / LAT2 / DLAT  
  -180.0 180.0   5.0                                        LON1 / LON2 / DLON  
    -1                                                      EXPONENT            
                                                            END OF HEADER       
[from data line 3861]
    10                                                      START OF TEC MAP    
  2015     2    13    18     0     0                        EPOCH OF CURRENT MAP
    87.5-180.0 180.0   5.0 450.0                            LAT/LON1/LON2/DLON/H
  167  171  166  174  180  182  183  183  184  187  188  190  191  192  193  194
  195  195  195  195  194  193  192  191  189  187  185  183  181  179  177  175
  173  171  169  167  165  163  161  160  158  157  155  154  153  152  151  150
  150  149  149  149  149  149  149  149  150  151  151  152  154  155  156  157
  158  160  161  161  169  168  171  163  167                                   
    85.0-180.0 180.0   5.0 450.0                            LAT/LON1/LON2/DLON/H
  170  166  178  172  174  182  184  188  190  193  194  197  199  201  203  205
  206  207  207  207  207  206  204  202  200  197  194  192  189  186  184  181
  179  176  174  172  170  168  166  164  162  161  159  157  156  154  153  151
  150  149  149  148  148  147  147  148  148  148  149  150  151  152  154  155
  157  159  159  158  160  158  155  157  170                                   
    82.5-180.0 180.0   5.0 450.0                            LAT/LON1/LON2/DLON/H
  147  148  148  150  157  165  170  175  178  182  186  190  194  197  201  204
  207  209  210  210  209  207  204  201  196  192  187  182  178  174  170  167
  164  161  159  157  155  153  151  149  147  145  143  140  138  136  134  132
  130  128  127  126  126  125  125  125  125  125  126  126  127  128  129  130
  133  134  135  138  137  145  133  132  147                                   
    80.0-180.0 180.0   5.0 450.0                            LAT/LON1/LON2/DLON/H
  123  120  123  127  133  137  143  150  156  161  166  172  178  183  189  194
  198  201  203  203  201  198  194  188  181  174  167  160  154  148  143  140
  137  135  133  132  131  130  129  128  126  124  122  120  117  115  113  111
  110  108  108  107  107  106  106  106  106  106  106  106  107  107  108  109
  111  112  114  116  110  110  103  110  123                                   
    77.5-180.0 180.0   5.0 450.0                            LAT/LON1/LON2/DLON/H
  111  102  104  107  114  119  124  131  137  142  148  156  164  172  180  188
  194  199  202  203  202  198  191  183  174  163  153  144  135  128  122  118
  116  115  115  115  115  116  115  115  114  112  109  107  104  102  100   98
   97   97   97   97   98   98   98   98   98   98   97   96   95   95   94   94
   95   96   98  100   97   94   92  101  111                                   
    75.0-180.0 180.0   5.0 450.0                            LAT/LON1/LON2/DLON/H
   98   95   94   97  102  106  109  114  120  126  133  141  151  161  171  182
  191  199  204  206  205  201  194  183  172  159  146  134  123  115  109  104
  102  102  102  104  105  107  108  108  107  106  104  101   99   97   96   95
   95   96   97   99  100  101  102  102  102  101   99   97   95   93   92   92
   91   92   94   94   92   90   89   86   98                                   
    72.5-180.0 180.0   5.0 450.0                            LAT/LON1/LON2/DLON/H
   95   94   92   97   99  102  105  109  113  119  126  135  145  157  170  183
  196  207  216  220  221  217  210  198  184  169  154  139  126  115  107  102
   99   98   98  100  102  104  105  105  104  102  100   98   95   94   93   94
   95   97  100  103  106  109  110  111  110  108  106  103  100   96   94   93
   91   92   94   93   92   93   94   95   95                                   
    70.0-180.0 180.0   5.0 450.0                            LAT/LON1/LON2/DLON/H
   97   97   96  100  102  104  105  108  112  118  124  133  143  156  171  186
  202  216  228  236  239  238  231  220  206  190  173  157  142  129  119  112
  106  103  102  102  103  103  103  103  101   99   96   93   91   90   90   91
   94   97  101  106  110  114  116  117  116  114  111  107  103  100   97   95
   94   94   96   97   97   98  102  101   97                                   
    67.5-180.0 180.0   5.0 450.0                            LAT/LON1/LON2/DLON/H
  101  102  102  108  112  114  117  121  125  130  136  144  155  168  183  201
  218  236  250  261  268  269  264  255  241  225  208  191  175  160  147  137
  128  121  116  112  109  107  105  102   99   95   92   89   87   86   86   88
   91   95  100  105  110  115  118  120  120  118  115  111  107  103  100   99
   98   99  100  100  100  102  105  104  101                                   
    65.0-180.0 180.0   5.0 450.0                            LAT/LON1/LON2/DLON/H
   97   99   99  107  114  119  123  130  136  142  149  157  167  180  195  213
  232  251  268  282  291  294  292  285  274  259  244  227  211  196  181  167
  154  142  131  122  115  108  102   97   92   87   83   79   77   75   75   76
   79   82   87   92   98  102  106  109  109  108  105  102   99   95   94   93
   93   94   97   98   98  100  103  104   97                                   
    62.5-180.0 180.0   5.0 450.0                            LAT/LON1/LON2/DLON/H
   89   89   90  100  110  119  129  139  148  158  167  176  186  198  213  230
  249  268  286  301  312  317  317  311  302  290  276  262  247  232  216  199
  182  164  147  132  119  108   99   91   84   78   73   69   66   64   63   63
   64   66   70   74   79   85   89   92   93   93   91   89   87   85   84   84
   84   86   89   89   88   89   91   94   89                                   
    60.0-180.0 180.0   5.0 450.0                            LAT/LON1/LON2/DLON/H
   74   73   74   88  101  113  128  143  158  171  183  194  205  217  231  247
  265  284  301  315  326  331  331  327  319  310  300  289  278  265  249  230
  208  185  163  142  125  110   98   88   79   73   67   63   59   57   54   52
   51   51   53   56   60   66   70   74   77   77   77   76   74   73   73   73
   73   75   78   77   76   75   77   82   74                                   
    57.5-180.0 180.0   5.0 450.0                            LAT/LON1/LON2/DLON/H
   61   58   60   75   90  107  127  147  166  184  200  213  225  236  250  265
  281  298  313  326  334  338  338  334  328  322  315  309  301  291  276  257
  233  206  179  155  133  116  102   91   82   75   69   65   61   57   53   49
   46   44   43   45   48   53   58   62   66   68   69   69   68   67   67   67
   67   68   70   68   66   63   64   71   61                                   
    55.0-180.0 180.0   5.0 450.0                            LAT/LON1/LON2/DLON/H
   54   50   53   69   86  105  129  153  177  198  216  231  244  256  269  283
  297  312  324  333  339  340  339  335  331  327  324  322  318  311  298  278
  253  224  195  168  145  126  112  101   92   85   80   76   71   67   61   55
   50   45   43   43   46   50   55   60   65   68   70   70   71   70   70   70
   69   69   69   66   63   59   58   66   54                                   
    52.5-180.0 180.0   5.0 450.0                            LAT/LON1/LON2/DLON/H
   58   53   57   73   92  113  140  166  192  215  234  250  263  275  287  300
  313  324  333  339  340  340  337  333  331  329  329  330  330  325  313  294
  268  238  208  181  158  141  127  117  109  102   97   93   88   83   77   70
   63   57   53   52   54   57   63   68   73   77   80   81   82   82   81   80
   78   78   77   74   70   65   62   68   58                                   
    50.0-180.0 180.0   5.0 450.0                            LAT/LON1/LON2/DLON/H
   73   68   74   90  110  133  160  186  212  235  254  269  281  292  304  316
  327  336  342  344  342  340  337  334  332  333  335  337  338  333  322  302
  276  246  217  192  171  156  144  135  127  121  117  112  108  102   96   88
   81   75   70   69   70   73   77   83   88   92   95   97   98   98   98   96
   93   92   91   89   85   80   76   80   73                                   
    47.5-180.0 180.0   5.0 450.0                            LAT/LON1/LON2/DLON/H
   96   92  100  116  138  162  189  213  237  259  275  289  299  309  319  330
  340  347  350  349  346  342  340  339  339  340  343  344  343  337  323  303
  276  247  220  198  180  168  158  150  143  137  132  127  123  117  111  104
   98   92   88   86   86   88   92   97  102  106  110  112  113  114  113  112
  108  107  106  106  104   99   96   97   96                                   
    45.0-180.0 180.0   5.0 450.0                            LAT/LON1/LON2/DLON/H
  120  119  129  147  171  195  220  243  264  283  297  308  316  324  332  342
  350  356  357  354  351  349  348  349  351  353  353  352  347  336  319  296
  269  242  218  199  186  175  167  159  152  145  139  134  130  124  119  113
  108  104  100   97   96   97   99  103  108  113  117  120  122  123  123  122
  119  119  118  120  121  118  116  117  120                                   
    42.5-180.0 180.0   5.0 450.0                            LAT/LON1/LON2/DLON/H
  139  140  152  174  200  224  247  268  288  305  318  326  332  337  344  352
  359  363  363  361  358  358  360  364  366  367  365  358  347  331  310  285
  260  236  216  201  190  181  173  164  155  147  140  134  128  123  118  113
  109  106  102   98   95   94   94   98  103  108  113  118  121  124  125  125
  123  123  124  127  130  128  127  131  139                                   
    40.0-180.0 180.0   5.0 450.0                            LAT/LON1/LON2/DLON/H
  145  149  164  190  218  242  266  286  305  322  334  342  346  350  355  361
  367  370  369  367  366  369  374  379  382  381  374  362  346  326  304  280
  257  238  223  211  202  193  183  171  159  149  139  132  125  119  113  109
  105  102   97   91   86   82   81   84   89   96  102  108  112  116  119  120
  119  119  120  124  127  127  127  134  145                                   
    37.5-180.0 180.0   5.0 450.0                            LAT/LON1/LON2/DLON/H
  140  146  163  193  223  247  272  293  313  332  346  355  360  363  366  371
  375  377  376  375  376  380  386  392  394  389  380  365  347  328  307  288
  271  258  248  239  229  218  203  187  172  157  145  135  127  120  113  108
  104   99   92   84   75   69   67   69   75   83   90   96  101  106  109  112
  111  111  111  113  114  114  115  124  140                                   
    35.0-180.0 180.0   5.0 450.0                            LAT/LON1/LON2/DLON/H
  127  132  151  183  215  240  266  289  312  334  352  365  372  376  379  382
  384  385  385  384  386  391  396  400  399  393  383  370  355  341  328  317
  309  303  297  290  278  262  241  219  198  179  165  153  143  134  127  120
  114  106   97   85   73   65   62   64   71   79   86   91   95   99  103  106
  105  104  102  101  100   96   99  109  127                                   
    32.5-180.0 180.0   5.0 450.0                            LAT/LON1/LON2/DLON/H
  114  118  136  168  201  225  253  278  305  332  355  372  383  389  392  395
  396  396  396  395  397  400  402  403  400  394  387  380  375  371  369  370
  373  375  374  366  350  327  299  269  242  219  201  187  177  167  159  151
  142  132  119  103   89   78   75   77   84   91   96  100  102  104  107  109
  107  105  101   96   92   85   88   95  114                                   
    30.0-180.0 180.0   5.0 450.0                            LAT/LON1/LON2/DLON/H
  108  109  126  157  188  210  241  267  297  327  355  377  393  402  407  409
  410  409  409  408  407  407  405  402  398  395  396  399  407  419  433  450
  465  476  478  466  443  411  373  335  300  273  253  239  228  220  212  204
  193  179  163  144  127  115  110  112  118  123  126  125  123  122  123  124
  121  118  111  102   95   85   86   89  108                                   
    27.5-180.0 180.0   5.0 450.0                            LAT/LON1/LON2/DLON/H
  112  112  125  154  184  205  234  261  292  324  355  381  401  413  420  423
  424  423  422  420  417  412  406  400  397  399  410  429  456  487  520  553
  581  598  598  580  547  504  455  408  367  335  314  301  293  287  281  274
  263  247  228  208  189  176  170  170  172  174  172  166  158  152  149  148
  144  139  130  119  111   98   97   93  112                                   
    25.0-180.0 180.0   5.0 450.0                            LAT/LON1/LON2/DLON/H
  128  125  136  163  191  211  239  263  294  326  358  386  408  423  432  436
  437  436  434  431  424  415  405  397  398  410  435  473  519  571  623  669
  703  719  713  686  643  589  531  476  429  394  373  362  358  358  356  351
  341  326  308  287  269  256  248  244  242  238  229  216  202  190  182  178
  172  166  154  143  133  120  116  108  128                                   
    22.5-180.0 180.0   5.0 450.0                            LAT/LON1/LON2/DLON/H
  150  148  156  182  210  228  254  275  304  334  364  392  416  432  443  447
  449  448  445  439  429  416  404  399  407  431  473  529  595  663  724  772
  801  810  797  763  712  651  586  524  472  436  416  409  410  415  419  419
  412  400  383  366  350  337  327  319  311  300  285  266  246  229  216  208
  200  193  180  169  158  145  141  132  150                                   
    20.0-180.0 180.0   5.0 450.0                            LAT/LON1/LON2/DLON/H
  174  176  182  207  236  252  276  295  320  346  374  401  424  442  454  460
  461  460  456  447  435  420  409  409  427  466  525  598  675  746  801  838
  856  855  835  797  743  680  611  545  490  453  433  429  435  445  454  458
  455  447  434  421  407  395  384  372  359  342  322  299  276  255  240  230
  221  215  202  191  180  169  165  157  174                                   
    17.5-180.0 180.0   5.0 450.0                            LAT/LON1/LON2/DLON/H
  192  200  207  233  263  279  302  317  339  362  387  411  434  454  468  475
  478  476  470  459  444  429  422  431  462  515  587  668  743  801  840  860
  865  855  830  790  737  675  606  539  483  444  425  421  428  440  452  459
  460  456  447  437  427  416  404  390  373  352  330  306  283  262  248  238
  229  224  213  204  193  184  183  179  192                                   
    15.0-180.0 180.0   5.0 450.0                            LAT/LON1/LON2/DLON/H
  199  214  227  253  285  302  326  341  360  380  401  424  447  468  485  496
  500  499  492  479  463  450  449  468  510  574  651  725  784  821  840  844
  838  820  792  753  704  646  581  516  460  420  398  392  396  406  418  426
  430  427  422  415  407  399  387  372  354  333  311  290  271  254  243  233
  226  221  213  204  196  188  188  189  199                                   
    12.5-180.0 180.0   5.0 450.0                            LAT/LON1/LON2/DLON/H
  195  216  235  264  298  319  345  362  382  401  420  441  464  487  508  522
  530  530  524  511  495  485  491  518  567  633  702  759  795  811  813  804
  788  766  737  702  660  609  550  489  434  393  367  355  354  359  367  375
  378  378  374  369  363  355  344  329  312  295  278  263  250  239  230  222
  215  211  204  194  188  180  179  184  195                                   
    10.0-180.0 180.0   5.0 450.0                            LAT/LON1/LON2/DLON/H
  182  206  231  263  301  328  359  380  403  423  442  463  486  512  536  554
  566  570  566  555  541  535  544  575  624  682  735  769  784  784  773  755
  734  710  684  655  621  579  528  472  418  376  346  327  318  316  319  325
  329  329  326  321  315  307  296  283  270  258  247  238  230  224  218  211
  204  199  191  180  173  165  162  168  182                                   
     7.5-180.0 180.0   5.0 450.0                            LAT/LON1/LON2/DLON/H
  166  191  219  256  297  330  367  394  422  447  468  490  514  542  569  591
  607  616  615  607  597  593  603  632  674  717  749  764  763  751  732  711
