data/edconvlstm_nd/pred0950.15i
     1.0            IONOSPHERE MAPS     GNSS                IONEX VERSION / TYPE
pyspatialgeodesy        IME             05-JAN-18 20:20     PGM / RUN BY / DATE 
Map Name                                                    COMMENT             
Predicted global ionosphere maps (GIM).                     DESCRIPTION         
  2015     4     5     0     0     0                        EPOCH OF FIRST MAP  
  2015     4     6     0     0     0                        EPOCH OF LAST MAP   
  7200                                                      INTERVAL            
    13                                                      # OF MAPS IN FILE   
  NONE                                                      MAPPING FUNCTION    
10.0                                                        ELEVATION CUTOFF    
One-way carrier phase leveled to code                       OBSERVABLES USED    
  6371.0                                                    BASE RADIUS         
 2                                                          MAP DIMENSION       
   450.0 450.0   0.0                                        HGT1 / HGT2 / DHGT  
    87.5 -87.5  -2.5                                        LAT1 / LAT2 / DLAT  
  -180.0 180.0   5.0                                        LON1 / LON2 / DLON  
    -1                                                      EXPONENT            
                                                            END OF HEADER       
     1                                                      START OF TEC MAP    
  2015     4     5     0     0     0                        EPOCH OF CURRENT MAP
    87.5-180.0 180.0   5.0 450.0                            LAT/LON1/LON2/DLON/H
  176  187  194  181  179  181  179  179  180  180  181  182  183  183  183  182
  182  181  180  179  178  176  175  174  172  171  170  169  168  167  166  166
  165  165  164  164  164  164  164  165  165  165  166  166  167  167  167  168
  168  168  168  168  168  168  168  169  168  168  168  168  168  167  167  168
  168  169  170  171  172  170  174  191  176                                   
    85.0-180.0 180.0   5.0 450.0                            LAT/LON1/LON2/DLON/H
  193  193  183  182  187  189  188  188  190  190  192  193  193  193  193  192
  191  189  188  186  183  181  179  176  174  172  169  167  165  163  162  160
  159  158  158  158  158  159  160  161  162  163  164  165  166  167  168  169
  169  170  170  171  171  172  172  172  172  172  173  173  173  172  173  173
  174  174  176  180  174  180  187  198  193                                   
    82.5-180.0 180.0   5.0 450.0                            LAT/LON1/LON2/DLON/H
  193  192  194  193  197  199  198  200  204  205  206  208  208  208  207  205
  203  200  197  193  189  186  182  178  174  171  167  164  160  157  155  153
  151  150  150  150  151  152  154  155  157  159  161  163  165  167  168  170
  171  172  173  174  175  176  177  177  178  179  179  179  180  180  180  181
  181  183  184  184  182  174  185  187  193                                   
    80.0-180.0 180.0   5.0 450.0                            LAT/LON1/LON2/DLON/H
  194  199  198  198  204  209  214  218  223  225  227  229  229  228  226  223
  218  213  208  202  197  191  185  180  175  169  164  160  155  151  148  145
  144  143  143  144  145  147  149  152  155  157  160  162  164  166  168  170
  171  173  174  176  178  179  180  182  183  184  185  185  186  186  187  188
  189  189  189  188  192  185  195  201  194                                   
    77.5-180.0 180.0   5.0 450.0                            LAT/LON1/LON2/DLON/H
  201  204  206  210  213  219  228  235  241  244  248  250  250  247  243  237
  230  223  215  207  199  192  186  179  173  167  161  155  150  146  142  140
  138  138  138  139  141  144  146  149  152  155  157  159  161  163  165  166
  168  170  172  174  176  178  180  182  183  184  186  187  188  188  190  191
  192  193  192  191  196  196  202  210  201                                   
    75.0-180.0 180.0   5.0 450.0                            LAT/LON1/LON2/DLON/H
  213  216  218  223  226  233  241  250  258  262  266  267  266  261  253  244
  233  222  212  202  193  185  178  172  166  160  155  150  145  141  138  136
  135  135  136  137  139  142  144  147  149  151  153  155  156  157  158  160
  161  163  165  168  170  173  175  177  179  181  182  184  185  187  188  191
  191  193  194  191  195  202  207  216  213                                   
    72.5-180.0 180.0   5.0 450.0                            LAT/LON1/LON2/DLON/H
  215  226  229  233  237  244  254  264  273  279  282  283  280  272  261  247
  232  218  204  193  183  175  169  163  158  153  148  143  139  135  132  130
  130  129  130  131  133  135  137  139  140  142  143  144  144  144  145  146
  147  149  152  154  157  160  163  165  167  170  172  174  176  178  181  185
  186  190  193  192  195  201  208  220  215                                   
    70.0-180.0 180.0   5.0 450.0                            LAT/LON1/LON2/DLON/H
  222  231  233  241  246  253  264  275  286  293  298  299  294  283  268  250
  230  212  196  182  172  164  158  153  149  145  140  136  132  129  126  124
  123  123  123  123  124  125  126  127  128  128  129  129  128  128  128  129
  130  133  135  139  143  146  150  153  156  158  161  164  167  170  174  178
  181  184  189  191  195  203  209  220  222                                   
    67.5-180.0 180.0   5.0 450.0                            LAT/LON1/LON2/DLON/H
  225  234  234  243  248  256  267  279  293  302  309  311  306  294  276  255
  232  210  192  177  166  158  152  148  144  140  135  131  126  123  120  118
  116  114  113  112  111  111  111  111  111  111  111  110  110  109  109  109
  111  114  118  122  128  133  137  141  144  147  151  154  158  162  167  171
  174  178  183  185  191  199  206  219  225                                   
    65.0-180.0 180.0   5.0 450.0                            LAT/LON1/LON2/DLON/H
  225  229  230  238  244  251  262  276  292  304  314  318  315  304  285  262
  238  214  194  178  167  159  153  148  144  139  133  128  123  119  115  112
  110  107  104  101   99   97   96   96   95   95   95   94   94   92   92   92
   94   98  103  110  117  123  129  134  138  142  145  150  154  159  164  168
  171  174  179  181  186  194  203  216  225                                   
    62.5-180.0 180.0   5.0 450.0                            LAT/LON1/LON2/DLON/H
  223  225  224  231  237  243  252  267  285  300  313  321  321  312  296  274
  250  226  206  190  178  169  162  156  149  142  135  128  122  118  113  110
  106  102   97   93   90   87   85   85   85   85   85   84   83   82   81   81
   83   87   94  102  111  120  127  133  138  142  146  151  157  163  168  172
  174  177  181  181  184  191  200  215  223                                   
    60.0-180.0 180.0   5.0 450.0                            LAT/LON1/LON2/DLON/H
  223  223  223  226  230  234  242  256  275  291  306  317  321  317  305  287
  266  245  225  210  197  186  177  167  158  148  139  131  125  119  114  110
  105   99   94   89   84   82   80   80   80   81   81   81   79   78   76   75
   77   82   90  100  111  121  130  137  142  147  153  159  166  173  179  184
  186  188  191  189  189  193  203  218  223                                   
    57.5-180.0 180.0   5.0 450.0                            LAT/LON1/LON2/DLON/H
  230  231  230  230  232  233  239  251  267  282  297  309  317  317  311  299
  284  266  249  234  220  207  195  182  169  158  147  138  131  125  120  114
  108  101   95   89   85   83   82   82   83   84   85   84   83   80   78   77
   78   82   91  102  114  127  137  145  151  157  163  171  180  189  197  203
  206  207  210  207  206  207  217  231  230                                   
    55.0-180.0 180.0   5.0 450.0                            LAT/LON1/LON2/DLON/H
  248  251  249  245  246  244  247  255  268  278  290  301  309  313  313  308
  298  286  272  258  243  228  212  197  183  170  158  149  142  136  130  123
  116  108  101   96   92   90   90   91   93   94   95   95   93   90   87   84
   85   88   96  108  122  135  147  156  163  170  178  188  198  209  220  228
  232  235  238  235  233  233  241  255  248                                   
    52.5-180.0 180.0   5.0 450.0                            LAT/LON1/LON2/DLON/H
  277  283  279  274  273  270  270  273  279  283  288  295  301  307  311  312
  308  300  289  275  260  244  228  212  197  185  174  166  159  152  144  136
  127  118  111  106  103  103  104  105  107  108  109  109  107  104  100   97
   96   99  106  117  131  145  158  168  177  185  194  205  218  232  245  256
  263  268  272  270  270  270  276  288  277                                   
    50.0-180.0 180.0   5.0 450.0                            LAT/LON1/LON2/DLON/H
  314  325  320  314  312  310  307  305  304  299  296  295  298  303  308  312
  311  307  298  285  271  256  240  226  214  203  194  187  179  171  161  150
  139  129  122  118  116  117  119  120  122  124  125  125  123  120  116  112
  110  112  117  127  140  155  168  179  189  198  209  222  237  253  268  282
  293  302  308  307  310  311  316  325  314                                   
    47.5-180.0 180.0   5.0 450.0                            LAT/LON1/LON2/DLON/H
  351  367  364  360  358  356  353  346  338  325  313  305  302  303  307  311
  312  308  301  289  277  264  252  241  232  224  217  209  200  189  176  161
  148  137  130  128  128  130  132  134  135  137  138  139  138  136  132  129
  126  126  130  138  150  164  177  189  199  209  222  236  253  270  287  303
  317  329  338  340  346  350  355  360  351                                   
    45.0-180.0 180.0   5.0 450.0                            LAT/LON1/LON2/DLON/H
  382  403  404  402  399  400  398  389  377  358  339  324  315  312  313  314
  313  309  301  292  282  272  264  257  251  245  238  229  217  202  185  167
  152  142  136  135  136  139  141  143  145  146  148  150  151  150  148  144
  142  140  142  149  159  172  185  197  208  219  232  248  265  283  300  317
  332  346  358  364  373  378  386  387  382                                   
    42.5-180.0 180.0   5.0 450.0                            LAT/LON1/LON2/DLON/H
  402  426  431  430  428  429  429  423  411  391  369  350  337  330  326  323
  319  313  305  297  290  284  279  275  270  264  255  243  226  207  187  168
  153  144  140  140  143  146  148  150  151  154  156  159  161  162  161  159
  156  154  155  160  169  181  194  206  217  229  243  259  277  295  311  327
  342  357  370  380  389  394  406  403  402                                   
    40.0-180.0 180.0   5.0 450.0                            LAT/LON1/LON2/DLON/H
  414  437  442  441  438  441  442  440  432  416  397  379  365  355  348  341
  333  325  317  310  305  301  297  293  287  278  265  248  228  206  185  168
  155  148  147  149  152  155  157  158  159  162  165  169  171  173  172  171
  168  166  165  169  177  189  202  214  226  240  255  273  292  309  324  339
  352  365  379  390  398  402  416  413  414                                   
    37.5-180.0 180.0   5.0 450.0                            LAT/LON1/LON2/DLON/H
  425  443  446  440  437  437  438  440  439  430  419  406  396  386  376  366
  355  345  337  331  327  322  317  310  299  286  270  250  228  206  188  174
  165  162  163  166  169  171  171  172  173  175  178  181  183  184  183  181
  177  174  172  174  182  193  207  220  234  249  267  288  308  327  343  357
  368  380  393  402  406  410  425  425  425                                   
    35.0-180.0 180.0   5.0 450.0                            LAT/LON1/LON2/DLON/H
  442  453  452  440  434  431  428  431  436  436  433  429  424  417  407  395
  383  371  363  357  352  345  336  323  308  291  272  253  233  215  202  194
  191  191  194  196  197  197  196  195  194  196  197  199  198  196  192  188
  183  179  175  176  183  194  207  221  237  254  275  299  324  347  366  382
  395  406  418  423  426  427  439  444  442                                   
    32.5-180.0 180.0   5.0 450.0                            LAT/LON1/LON2/DLON/H
  474  479  473  453  443  434  427  428  435  441  445  449  449  446  437  425
  412  400  391  384  376  365  350  333  315  297  280  264  251  241  235  234
  237  240  242  241  239  235  231  227  225  223  222  220  215  209  201  194
  187  181  176  175  180  190  203  218  234  254  278  306  335  364  389  411
  428  442  454  456  459  459  465  477  474                                   
    30.0-180.0 180.0   5.0 450.0                            LAT/LON1/LON2/DLON/H
  527  527  515  489  474  460  446  442  447  454  462  469  473  471  464  452
  438  425  414  404  391  375  357  338  321  307  297  290  287  287  290  296
  302  305  304  299  291  282  273  266  260  255  250  243  233  221  210  199
  189  181  175  173  177  186  199  214  232  253  280  311  346  380  413  441
  464  484  496  496  504  505  507  526  527                                   
    27.5-180.0 180.0   5.0 450.0                            LAT/LON1/LON2/DLON/H
  598  594  579  550  531  514  494  483  482  486  492  497  500  497  489  475
  459  443  428  412  395  376  357  341  330  325  326  332  341  352  364  374
  381  381  373  359  344  329  315  304  293  284  275  264  250  234  218  204
  192  183  176  174  177  185  198  214  234  258  287  322  361  401  440  475
  504  528  541  540  553  564  568  594  598                                   
    25.0-180.0 180.0   5.0 450.0                            LAT/LON1/LON2/DLON/H
  683  675  659  634  613  596  572  554  545  542  541  539  535  528  515  498
  477  455  433  411  389  370  355  346  346  353  368  388  409  430  447  458
  460  452  434  410  386  365  347  332  318  306  293  279  262  243  225  209
  196  186  178  175  177  186  200  218  241  267  300  337  380  425  469  510
  546  573  588  590  606  630  644  681  683                                   
    22.5-180.0 180.0   5.0 450.0                            LAT/LON1/LON2/DLON/H
  770  758  743  729  710  695  671  649  633  621  610  598  585  569  549  525
  496  466  435  406  381  364  356  357  369  390  418  450  482  508  524  529
  521  500  469  435  404  379  360  344  329  315  301  286  269  249  229  212
  198  187  179  175  177  185  201  222  248  278  313  354  400  448  497  543
  582  613  631  639  661  695  723  770  770                                   
    20.0-180.0 180.0   5.0 450.0                            LAT/LON1/LON2/DLON/H
  845  825  817  817  806  797  778  755  735  716  696  673  649  624  596  563
  524  483  443  407  381  368  367  379  401  433  470  509  543  565  573  564
  541  506  464  424  391  368  351  338  324  310  297  283  267  249  231  214
  200  189  180  175  175  183  200  224  253  287  325  369  417  469  521  569
  611  643  666  682  708  745  785  842  845                                   
    17.5-180.0 180.0   5.0 450.0                            LAT/LON1/LON2/DLON/H
  891  863  867  880  882  882  872  854  835  814  788  758  726  693  657  615
  567  515  465  424  398  388  395  413  441  476  514  549  574  583  573  547
  509  464  419  380  352  336  326  317  306  294  283  272  260  245  229  214
  201  189  180  173  172  180  198  224  257  295  337  383  434  487  539  587
  630  662  688  713  740  774  818  881  891                                   
    15.0-180.0 180.0   5.0 450.0                            LAT/LON1/LON2/DLON/H
  901  869  890  914  928  938  937  927  914  897  872  841  806  769  728  680
  624  564  508  463  437  430  439  459  484  512  538  557  562  549  520  480
  435  389  349  320  303  297  296  293  285  275  265  257  247  236  223  210
  198  187  176  168  166  175  195  225  263  305  350  398  449  502  553  600
  642  672  702  732  758  785  826  887  901                                   
    12.5-180.0 180.0   5.0 450.0                            LAT/LON1/LON2/DLON/H
  881  855  891  922  942  958  965  963  960  951  933  908  876  841  801  752
  693  630  571  525  498  490  496  509  521  530  532  525  506  474  432  387
  346  310  284  269  265  270  275  275  268  258  248  240  233  224  214  202
  191  180  169  161  159  169  192  226  268  314  361  410  461  512  561  606
  647  677  708  741  765  786  820  871  881                                   
    10.0-180.0 180.0   5.0 450.0                            LAT/LON1/LON2/DLON/H
  848  837  884  914  932  950  959  964  969  970  963  946  924  896  862  818
  763  704  647  602  574  561  556  551  540  520  494  461  423  380  338  301
  273  255  246  245  251  261  269  269  261  248  236  227  219  211  202  191
  180  170  159  152  152  163  189  226  271  318  365  413  462  512  561  605
  645  675  708  741  764  780  808  846  848                                   
     7.5-180.0 180.0   5.0 450.0                            LAT/LON1/LON2/DLON/H
  820  827  878  900  912  926  933  939  950  958  960  953  941  923  899  865
  820  770  720  679  648  624  601  571  530  481  430  380  335  295  264  245
