data/edconvlstm_nd/pred1570.15i
     1.0            IONOSPHERE MAPS     GNSS                IONEX VERSION / TYPE
pyspatialgeodesy        IME             05-JAN-18 20:20     PGM / RUN BY / DATE 
Map Name                                                    COMMENT             
Predicted global ionosphere maps (GIM).                     DESCRIPTION         
  2015     6     6     0     0     0                        EPOCH OF FIRST MAP  
  2015     6     7     0     0     0                        EPOCH OF LAST MAP   
  7200                                                      INTERVAL            
    13                                                      # OF MAPS IN FILE   
  NONE                                                      MAPPING FUNCTION    
10.0                                                        ELEVATION CUTOFF    
One-way carrier phase leveled to code                       OBSERVABLES USED    
  6371.0                                                    BASE RADIUS         
 2                                                          MAP DIMENSION       
   450.0 450.0   0.0                                        HGT1 / HGT2 / DHGT  
    87.5 -87.5  -2.5                                        LAT1 / LAT2 / DLAT  
  -180.0 180.0   5.0                                        LON1 / LON2 / DLON  
    -1                                                      EXPONENT            
                                                            END OF HEADER       
[from data line 3003]
     8                                                      START OF TEC MAP    
  2015     6     6    14     0     0                        EPOCH OF CURRENT MAP
    87.5-180.0 180.0   5.0 450.0                            LAT/LON1/LON2/DLON/H
  204  197  189  195  196  196  195  195  195  196  196  196  196  196  196  196
  196  196  196  196  196  196  196  196  196  196  196  196  196  196  196  196
  196  196  197  197  197  198  198  199  199  200  200  201  201  201  202  202
  202  202  202  202  202  202  201  201  201  200  200  199  199  198  198  197
  196  196  195  195  199  201  201  203  204                                   
    85.0-180.0 180.0   5.0 450.0                            LAT/LON1/LON2/DLON/H
  189  189  197  194  193  196  197  198  199  199  199  199  199  200  200  200
  200  200  200  200  200  200  200  200  200  200  200  200  200  201  201  201
  201  201  202  202  203  203  204  204  205  206  206  207  207  207  207  208
  208  208  208  207  207  207  206  206  205  205  204  203  202  202  201  200
  200  200  196  196  196  193  197  204  189                                   
    82.5-180.0 180.0   5.0 450.0                            LAT/LON1/LON2/DLON/H
  172  184  186  184  184  189  190  192  192  193  193  194  194  194  194  194
  194  195  195  195  195  195  195  196  196  196  196  196  196  196  196  196
  196  197  197  197  198  199  200  200  201  202  203  204  204  205  205  206
  206  206  206  205  205  204  204  203  202  201  200  198  197  195  194  192
  191  190  186  189  186  192  193  184  172                                   
    80.0-180.0 180.0   5.0 450.0                            LAT/LON1/LON2/DLON/H
  171  181  184  185  183  187  189  192  193  194  194  195  195  195  195  195
  195  195  195  195  195  195  195  195  195  195  195  195  195  195  195  194
  194  194  195  195  196  197  198  199  200  202  203  204  204  205  206  206
  206  207  206  206  206  205  205  204  202  201  200  198  196  194  192  191
  189  187  184  186  182  180  185  177  171                                   
    77.5-180.0 180.0   5.0 450.0                            LAT/LON1/LON2/DLON/H
  175  179  184  185  184  188  190  192  194  195  194  195  195  195  195  195
  195  195  195  195  195  196  196  196  196  196  196  196  196  195  195  195
  195  194  195  195  196  197  198  199  200  201  203  204  204  205  206  206
  206  207  207  206  206  206  205  204  203  202  200  198  196  194  192  190
  188  185  182  183  184  179  181  179  175                                   
    75.0-180.0 180.0   5.0 450.0                            LAT/LON1/LON2/DLON/H
  177  182  184  186  186  191  192  194  196  197  196  196  196  196  195  195
  195  195  195  196  196  196  197  197  197  198  198  198  198  198  197  197
  196  196  196  196  197  198  199  200  201  202  203  204  204  205  205  205
  205  205  205  205  205  205  205  205  204  203  202  201  200  198  196  195
  192  190  187  185  184  181  183  175  177                                   
    72.5-180.0 180.0   5.0 450.0                            LAT/LON1/LON2/DLON/H
  178  184  186  190  188  192  195  196  197  197  196  196  195  194  194  193
  193  194  194  195  195  196  196  197  197  198  198  199  199  199  198  198
  197  197  196  196  197  197  198  199  200  201  201  202  202  202  201  201
  201  201  201  201  201  201  202  202  203  203  203  203  203  202  201  200
  197  195  192  190  187  185  186  182  178                                   
    70.0-180.0 180.0   5.0 450.0                            LAT/LON1/LON2/DLON/H
  183  187  189  191  188  192  194  195  196  196  194  194  193  192  191  191
  191  191  192  193  194  194  195  196  196  197  198  198  199  199  199  198
  198  197  196  196  196  196  197  198  198  199  199  198  198  197  196  195
  194  194  194  194  195  196  197  199  201  203  204  206  207  207  208  207
  205  203  200  197  193  191  193  188  183                                   
    67.5-180.0 180.0   5.0 450.0                            LAT/LON1/LON2/DLON/H
  187  191  193  195  192  195  196  197  197  197  196  195  195  194  193  193
  194  194  195  196  197  197  198  198  199  200  200  201  202  202  202  202
  201  200  199  199  198  198  199  199  200  200  200  199  198  196  194  193
  192  191  191  192  193  195  198  201  204  207  210  213  215  217  218  218
  216  214  211  207  201  197  198  194  187                                   
    65.0-180.0 180.0   5.0 450.0                            LAT/LON1/LON2/DLON/H
  188  192  192  194  190  192  193  193  194  194  193  194  193  193  194  194
  195  195  196  197  198  198  198  199  199  200  201  202  203  204  204  204
  203  202  201  200  200  200  200  200  200  200  199  198  196  194  192  190
  189  188  189  190  192  195  198  202  206  210  214  218  222  224  226  226
  225  222  218  214  208  203  204  200  188                                   
    62.5-180.0 180.0   5.0 450.0                            LAT/LON1/LON2/DLON/H
  187  189  189  190  185  187  187  188  189  190  190  192  193  194  195  196
  198  198  199  199  200  200  200  200  201  201  202  204  205  206  207  207
  206  205  204  203  202  202  202  202  202  202  201  199  197  195  192  190
  189  189  190  192  195  198  202  206  211  215  220  224  227  230  232  232
  229  227  222  217  209  203  203  201  187                                   
    60.0-180.0 180.0   5.0 450.0                            LAT/LON1/LON2/DLON/H
  181  183  182  183  178  180  180  180  182  184  185  188  191  194  196  199
  200  201  201  201  201  201  200  201  202  203  204  206  209  210  211  212
  211  210  209  207  206  206  206  206  205  204  203  201  199  197  194  192
  192  192  194  196  200  204  208  212  217  221  225  228  231  232  233  233
  229  225  219  214  206  199  199  197  181                                   
    57.5-180.0 180.0   5.0 450.0                            LAT/LON1/LON2/DLON/H
  174  175  174  175  170  172  172  173  175  177  180  184  189  193  198  201
  203  204  204  203  202  201  201  202  203  206  208  211  214  217  218  219
  218  217  216  215  214  213  212  212  211  209  208  206  203  201  199  197
  197  198  200  204  207  212  216  219  223  226  228  230  232  232  231  230
  225  220  213  206  198  191  191  189  174                                   
    55.0-180.0 180.0   5.0 450.0                            LAT/LON1/LON2/DLON/H
  166  167  167  168  163  166  167  167  169  172  175  180  186  192  199  203
  206  207  206  204  202  201  202  203  206  209  213  217  221  224  226  227
  227  226  225  224  223  222  221  220  218  216  214  212  209  207  205  204
  204  206  208  211  215  219  223  225  228  229  230  230  230  229  227  224
  218  212  204  196  188  180  180  179  166                                   
    52.5-180.0 180.0   5.0 450.0                            LAT/LON1/LON2/DLON/H
  160  161  163  164  160  164  165  165  167  169  172  177  184  191  199  205
  209  210  208  206  203  202  203  206  210  214  220  225  229  233  235  236
  237  237  237  236  236  235  233  231  228  225  222  219  216  214  212  211
  212  213  216  219  222  225  227  229  230  230  230  228  226  224  221  217
  210  204  195  187  178  171  171  170  160                                   
    50.0-180.0 180.0   5.0 450.0                            LAT/LON1/LON2/DLON/H
  157  158  161  163  161  165  167  167  168  169  171  176  183  191  200  208
  213  214  212  209  206  205  206  210  215  221  227  233  237  241  244  245
  247  248  250  251  251  251  249  246  241  237  232  229  225  223  221  219
  219  220  222  224  226  228  229  230  230  229  227  225  222  219  215  211
  205  198  190  182  172  165  165  163  157                                   
    47.5-180.0 180.0   5.0 450.0                            LAT/LON1/LON2/DLON/H
  156  159  163  165  164  169  172  172  173  173  174  177  184  192  202  211
  217  220  218  215  212  211  212  217  222  229  235  240  245  249  251  254
  256  260  264  267  269  270  268  263  257  251  245  240  235  232  229  227
  226  226  226  227  228  229  229  229  228  227  225  222  219  216  212  209
  203  197  189  181  171  164  162  161  156                                   
    45.0-180.0 180.0   5.0 450.0                            LAT/LON1/LON2/DLON/H
  158  161  165  167  167  173  177  179  180  180  180  182  187  195  206  216
  223  227  226  223  221  220  221  225  231  237  243  248  252  255  258  262
  266  272  279  286  290  292  290  285  277  269  261  253  247  242  238  235
  233  231  230  229  228  227  227  226  225  224  223  221  218  215  213  210
  205  199  192  184  174  167  164  162  158                                   
    42.5-180.0 180.0   5.0 450.0                            LAT/LON1/LON2/DLON/H
  160  163  166  168  169  175  181  184  187  187  187  189  193  200  210  221
  230  235  236  234  232  231  232  236  241  246  250  255  258  261  265  270
  278  287  298  308  315  318  316  310  301  290  279  270  261  254  248  244
  240  236  234  231  229  227  225  225  224  224  223  222  220  218  216  214
  210  205  198  192  181  173  169  166  160                                   
    40.0-180.0 180.0   5.0 450.0                            LAT/LON1/LON2/DLON/H
  162  164  166  166  167  173  180  186  191  194  195  196  200  206  215  226
  236  243  246  246  244  244  244  247  250  254  258  262  265  269  274  282
  292  306  320  333  343  348  346  339  328  315  302  289  278  268  260  253
  248  243  239  236  232  229  227  226  226  227  227  226  224  223  221  220
  216  212  206  200  189  180  176  171  162                                   
    37.5-180.0 180.0   5.0 450.0                            LAT/LON1/LON2/DLON/H
  163  164  164  161  162  167  175  183  191  197  201  203  206  212  220  231
  241  249  254  256  256  255  255  257  259  262  266  270  274  279  287  298
  312  329  348  364  376  381  379  371  358  343  326  310  296  283  273  264
  257  252  247  243  240  236  233  232  232  233  233  233  231  229  228  226
  222  219  213  207  196  188  182  176  163                                   
    35.0-180.0 180.0   5.0 450.0                            LAT/LON1/LON2/DLON/H
  165  165  162  156  154  158  167  176  187  197  204  208  212  216  223  233
  243  253  259  263  264  264  264  264  266  269  273  279  285  293  304  319
  338  359  380  398  410  415  413  404  389  371  352  333  315  300  287  277
  269  263  259  255  251  247  244  242  242  242  242  241  240  237  235  232
  227  223  217  212  201  194  188  181  165                                   
    32.5-180.0 180.0   5.0 450.0                            LAT/LON1/LON2/DLON/H
  169  166  161  153  149  150  157  166  180  193  203  210  214  218  224  232
  242  252  260  265  267  268  268  268  269  273  280  288  299  311  326  346
  368  392  415  433  445  448  444  433  417  398  376  355  335  317  303  291
  283  278  273  269  266  262  258  255  254  253  252  250  248  244  241  237
  231  226  219  215  205  198  192  185  169                                   
    30.0-180.0 180.0   5.0 450.0                            LAT/LON1/LON2/DLON/H
  175  171  163  154  147  146  151  159  171  186  198  208  213  217  221  228
  237  247  256  262  266  267  267  267  270  276  286  299  314  331  351  375
  401  427  450  466  474  475  469  456  439  419  397  374  353  334  319  307
  299  293  289  286  282  278  274  269  266  263  260  257  254  249  245  240
  232  227  219  215  206  201  196  189  175                                   
    27.5-180.0 180.0   5.0 450.0                            LAT/LON1/LON2/DLON/H
  184  179  170  160  151  148  150  154  165  179  192  203  209  213  216  221
  229  238  248  255  260  262  262  264  269  278  292  309  329  351  376  404
  432  458  478  490  494  491  482  469  452  432  411  389  369  350  335  323
  315  309  305  302  298  294  288  282  275  269  264  260  255  251  246  240
  232  226  218  214  206  202  199  193  184                                   
    25.0-180.0 180.0   5.0 450.0                            LAT/LON1/LON2/DLON/H
  192  189  180  171  161  156  155  155  162  173  184  196  203  207  209  213
  220  229  238  246  251  254  255  259  267  279  297  319  343  370  398  428
  456  479  495  502  502  495  484  470  454  437  419  400  381  364  350  339
  330  324  319  315  311  305  298  288  279  270  262  257  252  247  243  238
  230  224  216  212  205  203  201  196  192                                   
    22.5-180.0 180.0   5.0 450.0                            LAT/LON1/LON2/DLON/H
  199  199  190  184  175  169  165  161  163  169  178  188  195  200  202  205
  211  220  229  237  242  245  249  254  265  281  303  328  355  384  413  442
  468  487  499  501  496  486  474  461  448  434  420  406  391  376  363  352
  344  336  330  324  318  311  301  289  276  264  255  248  243  239  237  232
  226  220  212  208  202  201  201  197  199                                   
    20.0-180.0 180.0   5.0 450.0                            LAT/LON1/LON2/DLON/H
  201  204  197  194  188  183  177  170  166  167  172  180  187  193  196  200
  206  214  223  231  236  239  243  251  265  284  309  336  364  392  419  445
  468  483  491  489  482  470  458  446  437  428  419  409  397  386  374  364
  354  345  337  330  322  312  300  285  269  255  244  236  231  229  227  225
  220  215  207  203  198  198  197  195  201                                   
    17.5-180.0 180.0   5.0 450.0                            LAT/LON1/LON2/DLON/H
  196  202  198  199  196  192  186  177  169  165  166  172  180  186  191  196
  203  212  221  228  233  236  242  252  268  289  315  341  368  393  418  440
  458  471  475  472  463  452  441  432  427  422  418  411  403  393  383  372
  362  352  342  332  322  310  296  279  262  246  233  223  219  217  217  216
  212  207  200  196  191  191  191  188  196                                   
    15.0-180.0 180.0   5.0 450.0                            LAT/LON1/LON2/DLON/H
  183  192  190  193  195  193  189  180  170  163  160  165  172  181  188  195
  204  214  223  230  234  238  244  256  273  296  321  346  370  392  412  431
  446  455  458  455  447  438  430  424  422  420  418  414  407  398  388  377
  366  355  343  332  321  308  292  275  256  239  224  214  208  206  206  206
  202  198  192  187  183  182  181  177  183                                   
    12.5-180.0 180.0   5.0 450.0                            LAT/LON1/LON2/DLON/H
  165  175  174  179  183  183  183  175  166  157  154  157  165  175  186  196
  207  219  229  235  239  243  250  263  282  305  328  351  371  390  407  423
  435  443  446  444  439  433  428  425  424  424  423  418  411  401  390  378
  366  354  341  330  318  305  290  273  254  236  221  209  201  198  197  197
  193  189  183  178  173  171  169  163  165                                   
    10.0-180.0 180.0   5.0 450.0                            LAT/LON1/LON2/DLON/H
  146  155  154  158  164  165  168  163  156  148  145  148  158  170  184  197
  211  224  235  242  246  250  258  272  292  314  337  357  375  392  407  420
  430  438  442  443  441  439  437  436  435  434  430  423  412  400  387  374
  360  348  336  325  314  302  288  272  255  237  221  208  199  193  191  189
  185  181  175  170  164  161  158  151  146                                   
     7.5-180.0 180.0   5.0 450.0                            LAT/LON1/LON2/DLON/H
  130  136  134  136  141  143  147  145  141  136  134  139  150  164  181  198
  214  230  242  249  254  259  267  282  302  324  345  364  381  397  411  424
