data/edconvlstm_nd/pred1180.15i
     1.0            IONOSPHERE MAPS     GNSS                IONEX VERSION / TYPE
pyspatialgeodesy        IME             05-JAN-18 20:20     PGM / RUN BY / DATE 
Map Name                                                    COMMENT             
Predicted global ionosphere maps (GIM).                     DESCRIPTION         
  2015     4    28     0     0     0                        EPOCH OF FIRST MAP  
  2015     4    29     0     0     0                        EPOCH OF LAST MAP   
  7200                                                      INTERVAL            
    13                                                      # OF MAPS IN FILE   
  NONE                                                      MAPPING FUNCTION    
10.0                                                        ELEVATION CUTOFF    
One-way carrier phase leveled to code                       OBSERVABLES USED    
  6371.0                                                    BASE RADIUS         
 2                                                          MAP DIMENSION       
   450.0 450.0   0.0                                        HGT1 / HGT2 / DHGT  
    87.5 -87.5  -2.5                                        LAT1 / LAT2 / DLAT  
  -180.0 180.0   5.0                                        LON1 / LON2 / DLON  
    -1                                                      EXPONENT            
                                                            END OF HEADER       
[from data line 3003]
     8                                                      START OF TEC MAP    
  2015     4    28    14     0     0                        EPOCH OF CURRENT MAP
    87.5-180.0 180.0   5.0 450.0                            LAT/LON1/LON2/DLON/H
  248  246  239  243  249  254  254  254  256  257  257  258  259  260  260  261
  261  262  262  262  263  263  262  262  262  261  259  258  256  254  251  249
  245  242  238  234  231  227  223  219  216  212  209  207  205  203  201  200
  199  199  198  199  199  199  200  201  202  204  205  207  209  211  213  216
  218  221  221  223  228  231  229  237  248                                   
    85.0-180.0 180.0   5.0 450.0                            LAT/LON1/LON2/DLON/H
  242  244  251  249  251  259  260  262  264  264  265  265  266  266  267  267
  267  268  268  269  269  269  270  270  269  268  267  266  264  261  258  254
  250  245  240  235  229  224  219  214  210  206  202  200  197  196  194  194
  193  193  194  195  196  197  198  200  202  204  206  208  210  213  215  218
  222  225  224  226  229  220  227  239  242                                   
    82.5-180.0 180.0   5.0 450.0                            LAT/LON1/LON2/DLON/H
  227  247  249  248  254  264  265  266  266  267  267  266  266  265  265  265
  265  265  266  267  268  269  270  271  272  272  272  271  269  266  262  257
  251  245  238  230  222  215  208  201  195  190  185  182  179  178  177  177
  177  178  180  182  184  186  189  191  194  196  199  202  205  208  211  214
  218  221  220  225  226  228  228  215  227                                   
    80.0-180.0 180.0   5.0 450.0                            LAT/LON1/LON2/DLON/H
  220  236  238  239  241  248  249  251  252  251  250  249  247  246  245  244
  244  245  246  248  251  254  257  260  263  265  267  267  267  265  262  257
  250  243  235  225  216  207  198  190  183  177  172  169  166  166  166  167
  168  170  173  176  179  182  185  187  190  192  195  197  199  201  204  207
  210  212  211  214  214  208  210  201  220                                   
    77.5-180.0 180.0   5.0 450.0                            LAT/LON1/LON2/DLON/H
  217  227  228  230  231  237  236  236  236  234  231  229  226  224  222  221
  222  223  226  229  234  239  245  251  256  262  266  270  272  273  271  268
  262  255  247  238  228  218  208  199  192  186  181  178  176  176  177  179
  181  185  188  191  195  198  200  202  204  205  206  207  207  208  208  209
  210  211  209  209  213  204  203  198  217                                   
    75.0-180.0 180.0   5.0 450.0                            LAT/LON1/LON2/DLON/H
  210  219  216  219  219  224  222  222  221  218  214  210  206  203  200  199
  200  202  205  210  217  224  232  241  249  258  265  272  277  280  280  279
  275  269  261  252  243  233  223  215  207  201  197  195  194  194  196  199
  202  206  210  213  216  218  220  221  221  221  220  219  217  216  215  214
  212  212  209  205  206  200  200  191  210                                   
    72.5-180.0 180.0   5.0 450.0                            LAT/LON1/LON2/DLON/H
  202  210  207  211  209  213  212  211  209  205  200  195  191  187  185  183
  184  187  191  197  205  215  225  236  247  257  267  276  283  288  291  292
  290  286  280  272  263  254  246  238  231  226  222  220  220  221  223  226
  229  232  235  238  240  241  241  240  238  236  233  230  227  223  220  217
  214  211  207  202  201  195  197  190  202                                   
    70.0-180.0 180.0   5.0 450.0                            LAT/LON1/LON2/DLON/H
  192  199  196  201  199  204  203  203  201  198  193  188  184  180  177  176
  177  180  185  192  200  210  222  234  246  258  269  279  288  294  299  301
  301  298  293  287  280  272  265  258  253  248  245  243  243  243  245  247
  249  251  253  253  253  252  250  247  244  240  235  231  227  222  218  215
  210  206  202  196  194  189  193  187  192                                   
    67.5-180.0 180.0   5.0 450.0                            LAT/LON1/LON2/DLON/H
  179  187  185  191  191  197  198  199  198  196  193  189  186  183  181  180
  181  184  189  196  204  215  226  238  250  262  273  284  293  301  306  309
  310  309  306  301  296  290  284  279  274  270  267  265  263  262  262  262
  262  262  261  260  257  253  249  244  239  234  229  224  220  215  211  207
  202  198  193  187  183  179  183  177  179                                   
    65.0-180.0 180.0   5.0 450.0                            LAT/LON1/LON2/DLON/H
  161  170  168  175  177  185  188  192  194  194  194  192  191  189  189  189
  190  193  197  203  211  220  231  242  253  264  275  285  294  302  308  312
  315  315  313  310  305  301  296  292  288  284  281  277  274  271  269  266
  264  261  257  253  248  243  237  231  225  220  215  210  206  201  196  192
  187  183  178  172  170  167  170  164  161                                   
    62.5-180.0 180.0   5.0 450.0                            LAT/LON1/LON2/DLON/H
  140  149  148  155  159  168  175  181  187  191  193  195  196  197  198  199
  201  203  207  212  218  226  235  245  255  265  275  284  293  301  308  314
  317  319  318  316  313  309  305  301  298  294  290  285  280  275  270  264
  259  254  248  242  235  228  222  216  210  205  201  197  192  187  183  178
  172  167  162  156  153  149  151  146  140                                   
    60.0-180.0 180.0   5.0 450.0                            LAT/LON1/LON2/DLON/H
  119  126  125  131  137  147  156  165  174  181  187  192  197  200  203  206
  208  210  213  216  221  228  236  244  253  262  271  280  289  298  307  315
  320  323  324  322  319  316  312  309  305  301  296  290  284  276  269  262
  255  248  240  233  226  218  212  206  202  198  194  190  186  180  174  168
  160  154  148  141  137  133  133  128  119                                   
    57.5-180.0 180.0   5.0 450.0                            LAT/LON1/LON2/DLON/H
  104  107  106  109  114  125  136  146  157  167  176  184  191  197  203  207
  210  212  214  216  220  226  233  241  249  257  266  275  286  297  308  318
  326  331  332  330  327  324  320  316  313  309  303  297  289  281  272  264
  256  248  240  232  225  218  212  208  205  202  199  195  190  183  175  167
  157  149  141  133  128  122  120  115  104                                   
    55.0-180.0 180.0   5.0 450.0                            LAT/LON1/LON2/DLON/H
   98   96   94   95   97  107  118  128  140  151  162  172  181  189  197  203
  207  210  212  214  218  223  230  238  246  254  263  274  286  300  314  327
  336  342  344  342  339  335  330  327  323  319  314  307  299  291  282  274
  266  258  251  243  236  229  224  221  218  217  214  210  204  196  186  175
  163  153  143  135  129  121  116  112   98                                   
    52.5-180.0 180.0   5.0 450.0                            LAT/LON1/LON2/DLON/H
  104   98   94   91   90   98  107  115  127  138  149  160  170  180  190  197
  203  207  210  212  216  222  230  238  247  255  265  277  291  307  324  339
  350  357  359  357  353  348  344  340  336  332  328  322  315  307  299  291
  284  277  270  262  254  248  243  240  238  237  235  231  225  215  204  191
  178  167  156  147  140  130  125  120  104                                   
    50.0-180.0 180.0   5.0 450.0                            LAT/LON1/LON2/DLON/H
  121  112  105   99   94  100  106  112  122  132  142  153  163  174  185  195
  203  208  212  216  220  227  235  245  254  263  274  287  302  320  338  354
  366  373  376  374  370  365  360  356  352  349  345  340  334  327  321  314
  308  301  294  285  276  268  262  259  257  256  254  251  244  234  222  209
  196  185  174  166  159  150  144  139  121                                   
    47.5-180.0 180.0   5.0 450.0                            LAT/LON1/LON2/DLON/H
  144  136  126  118  110  112  115  118  125  134  143  153  163  175  187  198
  208  215  221  226  231  238  248  258  268  278  289  302  318  335  353  368
  381  388  392  391  388  383  378  374  370  367  363  359  354  348  342  337
  331  325  316  306  294  283  274  269  266  264  262  259  252  243  233  222
  211  202  193  186  181  174  169  164  144                                   
    45.0-180.0 180.0   5.0 450.0                            LAT/LON1/LON2/DLON/H
  168  163  151  144  134  133  132  132  137  144  152  162  172  183  195  208
  219  229  236  241  248  255  265  275  286  296  307  320  334  350  366  381
  393  401  407  408  407  404  399  395  390  386  382  377  372  366  361  356
  351  343  333  319  304  288  275  266  261  258  255  252  247  240  233  225
  218  212  206  202  200  195  192  186  168                                   
    42.5-180.0 180.0   5.0 450.0                            LAT/LON1/LON2/DLON/H
  185  186  174  168  159  155  152  150  153  159  167  176  186  197  210  223
  236  246  254  261  267  275  284  295  305  315  325  336  349  362  376  389
  402  413  422  427  429  428  424  419  413  407  401  395  389  382  377  371
  365  356  343  326  306  286  268  254  246  241  237  234  231  227  223  219
  215  214  210  208  208  208  206  199  185                                   
    40.0-180.0 180.0   5.0 450.0                            LAT/LON1/LON2/DLON/H
  191  198  188  185  179  173  169  166  168  174  182  193  203  215  227  241
  254  265  273  280  286  293  302  312  322  331  341  350  360  371  384  397
  412  427  440  451  458  460  457  450  442  433  425  416  407  398  391  385
  378  368  354  334  310  285  262  245  233  225  221  217  215  213  212  211
  209  209  207  206  207  209  208  200  191                                   
    37.5-180.0 180.0   5.0 450.0                            LAT/LON1/LON2/DLON/H
  185  198  190  189  186  180  176  174  177  184  195  207  219  231  244  257
  270  281  290  296  302  308  316  325  334  343  352  360  369  379  392  408
  426  447  467  485  496  501  498  490  479  467  455  442  430  419  410  404
  397  387  371  350  324  297  271  251  236  226  219  215  212  210  210  210
  208  207  203  200  200  201  201  190  185                                   
    35.0-180.0 180.0   5.0 450.0                            LAT/LON1/LON2/DLON/H
  175  189  184  184  183  176  174  172  177  186  200  215  229  242  255  269
  281  292  301  308  314  319  326  334  343  352  360  369  379  390  405  425
  450  479  507  530  546  552  549  540  526  510  494  478  462  449  439  433
  427  419  405  385  359  331  305  282  265  253  244  238  233  229  227  225
  220  215  206  198  195  193  192  177  175                                   
    32.5-180.0 180.0   5.0 450.0                            LAT/LON1/LON2/DLON/H
  166  179  174  174  173  166  165  164  170  181  197  215  232  248  262  275
  288  299  309  316  322  327  334  341  349  359  369  379  392  407  427  454
  487  524  559  587  606  613  609  597  581  562  542  522  504  490  481  477
  474  469  458  441  419  393  368  345  327  312  301  292  284  277  270  262
  251  240  224  209  200  193  188  170  166                                   
    30.0-180.0 180.0   5.0 450.0                            LAT/LON1/LON2/DLON/H
  166  174  166  164  162  156  155  153  160  173  190  211  230  247  262  276
  290  302  313  322  329  334  340  348  356  367  379  394  411  432  460  495
  536  580  620  651  669  674  668  655  637  616  595  574  555  541  535  534
  536  535  529  517  499  479  457  436  418  402  390  378  366  353  340  324
  305  284  260  237  221  207  196  175  166                                   
    27.5-180.0 180.0   5.0 450.0                            LAT/LON1/LON2/DLON/H
  179  179  165  160  156  149  149  147  153  165  183  204  225  243  260  275
  289  303  316  327  336  343  349  357  366  379  394  414  437  466  501  544
  591  639  679  708  723  724  716  702  684  665  644  624  608  597  594  598
  604  607  605  597  585  570  554  538  522  508  496  483  468  449  429  405
  377  347  314  283  258  238  220  196  179                                   
    25.0-180.0 180.0   5.0 450.0                            LAT/LON1/LON2/DLON/H
  204  197  175  164  157  151  150  147  151  162  178  198  219  239  257  273
  289  305  320  333  344  353  360  368  379  395  415  440  469  504  546  593
  642  688  724  746  754  751  742  729  714  698  681  666  654  648  650  657
  665  670  668  662  652  641  630  619  608  599  590  579  563  542  517  487
  453  419  379  341  308  283  259  234  204                                   
    22.5-180.0 180.0   5.0 450.0                            LAT/LON1/LON2/DLON/H
  239  229  198  179  168  160  158  154  156  163  177  195  216  236  254  272
  290  308  325  341  354  364  373  383  396  415  440  469  504  543  587  634
  679  718  744  756  758  752  743  732  722  711  700  691  685  685  691  700
  708  709  702  691  680  669  660  652  646  643  640  634  622  602  577  546
  513  479  440  399  361  332  307  284  239                                   
    20.0-180.0 180.0   5.0 450.0                            LAT/LON1/LON2/DLON/H
  276  266  230  204  188  179  173  167  165  170  180  195  215  235  254  273
  292  312  332  349  364  376  386  398  415  438  467  501  539  579  619  659
  695  722  737  741  738  731  724  717  711  705  701  698  699  704  713  721
  724  717  701  681  662  648  638  631  628  630  633  635  629  614  594  567
  538  511  479  441  403  373  352  333  276                                   
    17.5-180.0 180.0   5.0 450.0                            LAT/LON1/LON2/DLON/H
  306  299  264  235  214  202  194  184  179  179  185  198  215  235  255  275
  296  318  339  357  372  385  397  413  433  460  494  532  569  604  636  666
  690  705  711  710  705  700  696  693  691  690  690  692  697  705  714  718
  713  695  666  634  607  588  575  567  566  571  581  589  590  581  567  548
  527  509  487  455  423  394  380  366  306                                   
    15.0-180.0 180.0   5.0 450.0                            LAT/LON1/LON2/DLON/H
  321  318  287  259  237  224  215  202  193  189  190  200  216  235  256  277
  300  323  344  363  379  392  406  425  449  481  519  555  588  615  638  658
  672  679  680  676  672  670  670  670  671  672  674  678  685  692  698  697
  682  652  611  569  534  510  494  485  484  492  506  519  525  521  512  499
  486  477  464  439  414  389  381  371  321                                   
    12.5-180.0 180.0   5.0 450.0                            LAT/LON1/LON2/DLON/H
  319  318  293  270  251  237  228  215  203  195  193  200  215  234  255  278
  302  326  348  367  382  396  412  433  461  497  534  568  596  617  633  646
  654  656  654  651  650  653  656  659  660  660  661  664  668  673  674  666
  643  604  555  507  468  441  424  415  413  421  435  449  456  454  446  436
  428  424  418  400  382  360  357  348  319                                   
    10.0-180.0 180.0   5.0 450.0                            LAT/LON1/LON2/DLON/H
  299  301  283  265  252  239  231  217  204  194  191  197  211  230  253  277
  302  327  350  369  384  397  415  438  469  505  542  574  599  616  628  636
  641  642  641  641  645  652  659  662  661  658  655  654  655  655  652  639
  612  570  518  470  431  405  388  377  374  379  390  400  404  399  389  377
  370  368  364  350  336  317  315  307  299                                   
     7.5-180.0 180.0   5.0 450.0                            LAT/LON1/LON2/DLON/H
  269  273  261  248  240  228  222  209  196  186  183  189  204  224  247  273
  300  326  349  369  384  398  416  440  472  509  547  580  603  618  628  635
