data/edconvlstm_nd/pred2430.15i
     1.0            IONOSPHERE MAPS     GNSS                IONEX VERSION / TYPE
pyspatialgeodesy        IME             05-JAN-18 20:20     PGM / RUN BY / DATE 
Map Name                                                    COMMENT             
Predicted global ionosphere maps (GIM).                     DESCRIPTION         
  2015     8    31     0     0     0                        EPOCH OF FIRST MAP  
  2015     9     1     0     0     0                        EPOCH OF LAST MAP   
  7200                                                      INTERVAL            
    13                                                      # OF MAPS IN FILE   
  NONE                                                      MAPPING FUNCTION    
10.0                                                        ELEVATION CUTOFF    
One-way carrier phase leveled to code                       OBSERVABLES USED    
  6371.0                                                    BASE RADIUS         
 2                                                          MAP DIMENSION       
   450.0 450.0   0.0                                        HGT1 / HGT2 / DHGT  
    87.5 -87.5  -2.5                                        LAT1 / LAT2 / DLAT  
  -180.0 180.0   5.0                                        LON1 / LON2 / DLON  
    -1                                                      EXPONENT            
                                                            END OF HEADER       
[from data line 3861]
    10                                                      START OF TEC MAP    
  2015     8    31    18     0     0                        EPOCH OF CURRENT MAP
    87.5-180.0 180.0   5.0 450.0                            LAT/LON1/LON2/DLON/H
  117  120  114  119  122  120  119  117  117  119  118  119  119  120  120  121
  121  122  122  122  122  122  122  122  122  121  121  121  120  120  119  119
  118  118  117  117  117  116  116  116  116  116  116  116  116  116  116  116
  116  117  117  117  117  117  117  118  118  118  118  117  117  117  117  117
  116  117  114  112  119  116  129  124  117                                   
    85.0-180.0 180.0   5.0 450.0                            LAT/LON1/LON2/DLON/H
  123  121  130  117  115  119  118  120  120  122  122  123  123  124  125  126
  127  127  128  128  128  128  128  128  128  127  127  126  125  125  124  123
  122  121  121  120  119  119  118  118  118  118  118  118  118  119  119  119
  120  120  120  121  121  121  121  121  121  121  121  121  121  121  120  120
  121  120  116  112  113  112  117  116  123                                   
    82.5-180.0 180.0   5.0 450.0                            LAT/LON1/LON2/DLON/H
  110  112  114  107  108  111  114  114  114  116  117  119  120  122  123  124
  126  127  128  128  129  129  129  129  128  127  126  125  124  123  121  120
  119  117  116  115  114  113  112  112  111  111  111  111  112  112  113  113
  114  115  115  116  116  116  116  116  116  116  116  116  116  116  115  115
  115  114  111  110  110  118  110  107  110                                   
    80.0-180.0 180.0   5.0 450.0                            LAT/LON1/LON2/DLON/H
   95   96  103   98   98   97  102  105  107  110  111  114  116  119  121  123
  125  127  128  129  130  130  130  129  128  127  125  123  121  119  117  115
  113  111  109  107  106  104  103  102  101  101  101  101  101  102  102  103
  104  104  105  105  105  106  106  106  105  105  105  105  105  105  105  105
  105  105  104  104  100  102   99  101   95                                   
    77.5-180.0 180.0   5.0 450.0                            LAT/LON1/LON2/DLON/H
   95   92   95   91   94   95   99  102  104  107  109  114  117  120  123  127
  129  132  133  135  136  136  136  135  133  132  129  127  124  121  118  115
  112  110  107  105  102  100   99   97   96   95   95   95   95   95   95   96
   96   96   97   97   97   97   97   96   96   96   96   96   96   96   97   97
   97   98   98   99   98   96   96   99   95                                   
    75.0-180.0 180.0   5.0 450.0                            LAT/LON1/LON2/DLON/H
   86   88   88   86   90   93   96   99  103  108  111  116  120  124  128  132
  135  138  140  141  142  142  142  141  139  137  134  131  128  124  121  118
  114  111  108  105  103  100   98   96   95   93   92   91   90   90   90   89
   89   89   89   89   88   88   87   86   86   85   85   85   85   86   88   89
   90   92   94   92   93   91   90   84   86                                   
    72.5-180.0 180.0   5.0 450.0                            LAT/LON1/LON2/DLON/H
   82   84   84   87   88   92   96  100  103  108  111  117  122  127  131  135
  139  142  144  145  146  145  144  143  140  137  134  130  126  122  118  115
  111  108  105  102   99   97   95   92   90   88   86   84   83   81   80   79
   79   78   78   77   76   75   74   73   72   71   71   71   72   73   75   77
   79   82   84   83   84   86   87   86   82                                   
    70.0-180.0 180.0   5.0 450.0                            LAT/LON1/LON2/DLON/H
   78   82   82   84   86   90   93   99  104  109  114  120  125  131  135  139
  143  145  147  148  148  147  146  144  141  137  133  129  125  122  118  114
  111  108  105  103  100   98   95   93   90   88   85   82   79   76   74   73
   71   70   69   68   66   65   63   61   60   59   59   59   60   61   64   67
   69   72   76   77   80   83   87   86   78                                   
    67.5-180.0 180.0   5.0 450.0                            LAT/LON1/LON2/DLON/H
   77   82   82   86   89   93   98  104  109  115  120  126  132  138  142  146
  150  152  153  154  153  152  149  146  142  138  134  129  125  121  118  115
  112  109  107  105  103  100   98   96   93   90   86   82   78   75   72   69
   68   66   64   63   61   59   57   55   54   53   53   53   54   55   57   60
   63   66   70   71   73   78   81   81   77                                   
    65.0-180.0 180.0   5.0 450.0                            LAT/LON1/LON2/DLON/H
   74   80   81   86   89   94   99  105  111  118  123  130  136  141  146  151
  154  156  157  157  155  153  150  146  142  137  132  128  124  121  118  115
  113  111  108  107  105  103  101   99   96   92   87   83   78   73   70   67
   64   62   60   58   56   54   52   50   49   48   48   48   48   49   51   53
   55   59   63   65   69   75   80   81   74                                   
    62.5-180.0 180.0   5.0 450.0                            LAT/LON1/LON2/DLON/H
   72   80   82   87   91   97  103  108  114  120  126  133  139  145  150  154
  158  159  160  159  157  155  151  146  141  136  131  127  123  120  118  116
  114  112  110  108  106  105  104  102   99   95   89   84   78   73   68   65
   62   60   58   56   53   51   49   48   47   47   47   47   47   47   47   48
   50   52   56   58   62   68   74   76   72                                   
    60.0-180.0 180.0   5.0 450.0                            LAT/LON1/LON2/DLON/H
   71   78   82   88   91   97  104  110  115  121  126  133  139  145  151  156
  159  161  161  160  158  155  151  147  141  136  131  127  124  121  120  118
  116  113  111  109  108  107  106  104  101   97   92   85   79   73   68   64
   61   58   56   54   51   49   48   47   47   48   48   48   47   46   46   45
   45   46   48   51   55   62   68   71   71                                   
    57.5-180.0 180.0   5.0 450.0                            LAT/LON1/LON2/DLON/H
   70   78   83   90   94  101  107  113  117  121  126  132  138  144  151  156
  160  162  162  161  159  157  153  149  144  138  134  130  127  126  124  123
  120  117  115  112  111  110  109  108  105  101   95   88   81   75   69   65
   62   59   56   53   51   49   48   48   50   51   52   52   51   49   47   45
   43   43   44   46   50   57   63   67   70                                   
    55.0-180.0 180.0   5.0 450.0                            LAT/LON1/LON2/DLON/H
   70   79   86   94   99  106  112  116  119  122  125  129  135  142  149  155
  159  161  162  161  160  158  155  151  147  142  138  135  133  132  131  129
  126  123  119  116  114  113  113  111  109  105   99   92   84   77   71   67
   63   59   56   53   50   49   49   50   52   55   57   57   56   53   50   47
   44   42   42   43   47   53   59   63   70                                   
    52.5-180.0 180.0   5.0 450.0                            LAT/LON1/LON2/DLON/H
   71   81   89   98  105  112  118  121  122  123  124  127  132  139  145  152
  157  160  161  161  160  159  157  155  151  148  144  142  140  139  138  136
  133  128  124  121  119  118  117  116  113  109  103   96   88   81   75   70
   66   61   57   53   50   49   50   52   56   60   62   63   61   58   55   51
   47   44   44   43   47   52   57   61   71                                   
    50.0-180.0 180.0   5.0 450.0                            LAT/LON1/LON2/DLON/H
   72   84   93  104  111  120  126  129  128  127  126  127  131  136  143  149
  154  158  159  160  160  160  160  159  157  154  151  149  148  147  146  143
  139  135  130  127  125  124  123  122  119  114  108  100   93   86   80   75
   70   65   60   56   52   51   52   56   60   65   68   69   67   64   61   57
   53   50   48   47   49   53   58   61   72                                   
    47.5-180.0 180.0   5.0 450.0                            LAT/LON1/LON2/DLON/H
   75   87   98  109  118  128  135  138  136  134  131  131  132  136  142  148
  153  156  159  160  161  163  164  164  163  161  159  157  156  155  152  149
  145  140  136  134  132  131  130  128  124  119  113  106  100   94   88   83
   78   72   66   61   57   55   57   60   66   71   74   75   73   71   68   65
   61   58   56   54   55   58   61   63   75                                   
    45.0-180.0 180.0   5.0 450.0                            LAT/LON1/LON2/DLON/H
   78   90  101  114  124  136  143  147  146  145  141  138  138  140  144  149
  154  157  160  162  164  167  169  170  170  168  166  165  163  161  158  154
  150  146  143  141  140  139  137  134  130  124  119  113  108  103   98   93
   87   81   75   69   64   62   63   67   73   78   81   81   80   78   76   74
   71   68   66   63   62   64   66   67   78                                   
    42.5-180.0 180.0   5.0 450.0                            LAT/LON1/LON2/DLON/H
   81   93  104  118  129  142  151  156  157  156  153  150  147  147  149  153
  158  162  165  167  170  173  175  177  177  176  174  172  169  167  163  159
  155  151  149  148  148  147  145  141  135  129  124  120  116  112  108  104
   98   92   85   79   74   72   72   76   81   85   88   88   87   85   84   83
   81   79   76   72   70   70   71   72   81                                   
    40.0-180.0 180.0   5.0 450.0                            LAT/LON1/LON2/DLON/H
   83   94  105  120  132  146  156  164  167  169  166  163  160  158  159  162
  165  169  172  175  178  181  184  185  185  183  181  179  176  173  169  164
  160  157  156  156  156  155  152  146  139  134  129  126  124  122  119  115
  109  103   97   90   85   82   82   85   90   94   96   96   95   94   93   93
   91   89   86   81   77   75   75   77   83                                   
    37.5-180.0 180.0   5.0 450.0                            LAT/LON1/LON2/DLON/H
   85   95  106  121  133  148  160  170  175  179  179  178  174  172  171  173
  176  180  183  186  189  191  193  194  193  192  190  188  185  181  177  173
  169  167  166  166  166  163  158  151  143  137  133  131  130  129  127  123
  118  112  106  100   95   92   92   94   98  102  104  104  103  102  103  103
  101   99   95   89   83   80   78   80   85                                   
    35.0-180.0 180.0   5.0 450.0                            LAT/LON1/LON2/DLON/H
   87   97  108  122  135  149  162  173  181  188  191  191  188  186  185  186
  189  192  195  198  201  203  204  204  203  202  201  199  197  195  191  188
  184  182  180  180  177  173  166  156  147  140  136  135  135  134  131  127
  122  117  111  106  102   99   99  101  104  108  111  113  112  112  112  112
  110  107  102   95   88   84   81   84   87                                   
    32.5-180.0 180.0   5.0 450.0                            LAT/LON1/LON2/DLON/H
   90  100  112  125  137  150  164  175  185  194  199  202  201  199  198  200
  202  206  209  212  214  216  216  216  215  214  215  215  215  214  212  210
  207  204  201  197  192  185  174  163  152  144  140  138  137  135  131  127
  121  116  112  108  105  103  102  104  108  113  117  120  121  121  121  121
  118  114  109  101   93   87   83   87   90                                   
    30.0-180.0 180.0   5.0 450.0                            LAT/LON1/LON2/DLON/H
   95  106  118  129  142  154  166  177  188  198  205  210  212  212  212  214
  216  220  223  226  228  229  230  229  229  230  233  236  238  240  240  239
  237  233  227  221  212  200  186  172  159  150  144  141  138  134  128  122
  116  111  108  105  103  102  102  104  109  115  121  126  129  130  130  129
  125  120  114  106   98   91   87   90   95                                   
    27.5-180.0 180.0   5.0 450.0                            LAT/LON1/LON2/DLON/H
  102  113  126  136  148  159  171  180  191  201  210  217  221  224  226  228
  231  234  237  240  242  244  245  245  246  249  255  261  266  271  274  275
  273  268  260  248  235  219  202  184  169  158  151  145  139  132  124  116
  110  105  102  101  100  100  101  103  108  116  124  131  135  137  137  136
  131  126  119  111  103   96   92   95  102                                   
    25.0-180.0 180.0   5.0 450.0                            LAT/LON1/LON2/DLON/H
  110  122  135  144  156  166  177  184  194  204  214  223  230  235  240  243
  247  249  252  255  258  260  262  263  266  272  280  289  298  306  312  315
  314  307  295  280  262  242  221  201  184  171  161  152  143  133  122  113
  106  101   98   98   98   99  101  104  110  117  126  135  140  143  143  141
  136  131  125  117  109  102   97  100  110                                   
    22.5-180.0 180.0   5.0 450.0                            LAT/LON1/LON2/DLON/H
  120  132  145  152  165  175  184  191  199  209  219  230  240  248  254  259
  263  267  269  272  275  278  281  284  289  297  307  319  331  342  351  356
  355  347  332  313  291  268  245  222  204  188  175  163  151  138  126  116
  108  103  101  101  102  104  106  109  115  122  130  139  145  147  147  145
  140  136  129  122  116  108  103  106  120                                   
    20.0-180.0 180.0   5.0 450.0                            LAT/LON1/LON2/DLON/H
  131  141  153  161  175  185  194  200  207  216  226  238  250  261  270  277
  282  286  289  292  295  299  303  308  314  323  336  349  364  377  388  394
  392  383  367  345  321  295  270  246  226  209  194  179  165  151  138  128
  121  116  114  113  115  117  119  121  125  130  137  143  148  149  149  147
  142  138  132  127  121  114  108  112  131                                   
    17.5-180.0 180.0   5.0 450.0                            LAT/LON1/LON2/DLON/H
  139  149  160  169  183  195  204  210  217  226  236  249  263  275  286  295
  302  307  311  314  317  322  326  332  340  351  364  379  394  409  420  426
  424  413  395  372  346  320  294  270  249  231  215  200  184  170  159  150
  144  139  136  135  136  137  139  139  140  142  145  148  150  150  148  145
  141  138  133  128  124  117  111  117  139                                   
    15.0-180.0 180.0   5.0 450.0                            LAT/LON1/LON2/DLON/H
  144  153  163  174  189  204  214  222  230  239  249  262  276  290  302  313
  322  329  333  337  340  345  350  357  366  377  391  406  421  435  445  450
  446  434  415  391  366  341  315  292  271  253  237  222  207  195  186  180
  174  169  165  163  162  162  161  160  157  155  153  152  150  147  144  141
  137  135  130  127  124  117  113  119  144                                   
    12.5-180.0 180.0   5.0 450.0                            LAT/LON1/LON2/DLON/H
  144  152  162  176  192  209  223  233  243  253  263  277  291  305  318  330
  341  349  355  359  362  366  372  380  390  402  415  430  444  455  463  465
  458  444  425  402  379  355  331  309  289  272  257  243  230  221  215  211
  207  201  195  191  187  185  182  178  172  165  158  152  147  141  137  133
  130  129  125  122  120  115  111  119  144                                   
    10.0-180.0 180.0   5.0 450.0                            LAT/LON1/LON2/DLON/H
  139  148  157  173  191  211  227  241  254  265  277  291  305  318  332  345
  358  367  374  378  381  385  392  400  411  423  436  449  461  469  473  470
  461  445  425  404  383  361  339  318  300  284  270  258  248  242  239  236
  232  226  218  210  205  201  196  190  181  170  159  149  141  133  128  124
  120  120  117  115  114  110  108  117  139                                   
     7.5-180.0 180.0   5.0 450.0                            LAT/LON1/LON2/DLON/H
  131  141  150  168  188  209  229  245  261  275  289  303  316  330  343  357
  370  381  388  391  394  398  406  416  428  440  452  463  472  477  476  469
