data/edconvlstm_nd/pred2180.15i
     1.0            IONOSPHERE MAPS     GNSS                IONEX VERSION / TYPE
pyspatialgeodesy        IME             05-JAN-18 20:20     PGM / RUN BY / DATE 
Map Name                                                    COMMENT             
Predicted global ionosphere maps (GIM).                     DESCRIPTION         
  2015     8     6     0     0     0                        EPOCH OF FIRST MAP  
  2015     8     7     0     0     0                        EPOCH OF LAST MAP   
  7200                                                      INTERVAL            
    13                                                      # OF MAPS IN FILE   
  NONE                                                      MAPPING FUNCTION    
10.0                                                        ELEVATION CUTOFF    
One-way carrier phase leveled to code                       OBSERVABLES USED    
  6371.0                                                    BASE RADIUS         
 2                                                          MAP DIMENSION       
   450.0 450.0   0.0                                        HGT1 / HGT2 / DHGT  
    87.5 -87.5  -2.5                                        LAT1 / LAT2 / DLAT  
  -180.0 180.0   5.0                                        LON1 / LON2 / DLON  
    -1                                                      EXPONENT            
                                                            END OF HEADER       
[from data line 1287]
     4                                                      START OF TEC MAP    
  2015     8     6     6     0     0                        EPOCH OF CURRENT MAP
    87.5-180.0 180.0   5.0 450.0                            LAT/LON1/LON2/DLON/H
  141  140  140  144  145  144  141  139  140  141  141  141  141  141  141  141
  140  140  139  138  136  135  134  132  131  129  128  127  127  126  126  126
  126  126  127  127  128  129  130  131  132  133  134  135  136  137  138  139
  139  140  141  141  141  141  142  141  141  141  141  141  140  140  139  140
  140  142  140  139  144  142  144  138  141                                   
    85.0-180.0 180.0   5.0 450.0                            LAT/LON1/LON2/DLON/H
  143  150  148  150  152  151  152  151  152  152  152  153  153  153  153  153
  152  151  150  148  146  144  142  140  138  137  135  134  133  133  133  133
  133  134  134  135  137  138  139  141  142  144  146  147  149  151  152  153
  155  155  156  157  157  158  158  158  158  157  157  157  156  155  155  155
  155  156  152  152  147  147  149  144  143                                   
    82.5-180.0 180.0   5.0 450.0                            LAT/LON1/LON2/DLON/H
  150  154  156  151  151  152  152  151  152  153  153  154  154  154  154  154
  153  151  149  147  144  141  137  134  131  129  127  126  125  124  124  125
  126  128  129  131  133  135  138  140  143  145  148  151  153  156  158  160
  162  164  165  166  167  167  167  167  167  166  166  165  164  163  162  161
  161  160  156  156  156  152  148  140  150                                   
    80.0-180.0 180.0   5.0 450.0                            LAT/LON1/LON2/DLON/H
  153  154  150  149  149  149  149  149  150  150  150  152  153  153  154  153
  152  150  147  144  140  135  131  126  122  119  116  114  114  114  115  116
  118  121  124  126  129  132  136  139  142  146  150  153  157  161  164  167
  170  172  173  175  176  176  176  175  175  174  173  172  170  169  167  166
  165  163  159  160  159  158  161  145  153                                   
    77.5-180.0 180.0   5.0 450.0                            LAT/LON1/LON2/DLON/H
  154  153  151  151  147  148  148  147  147  147  147  148  150  151  152  152
  151  149  146  142  137  131  125  119  114  110  107  105  105  106  109  112
  115  119  123  127  130  134  138  142  146  150  155  160  165  169  174  178
  181  184  186  187  188  188  188  187  186  184  183  181  180  178  176  174
  172  171  164  165  165  160  159  154  154                                   
    75.0-180.0 180.0   5.0 450.0                            LAT/LON1/LON2/DLON/H
  151  153  147  148  144  145  143  140  140  139  138  139  140  142  144  145
  145  143  140  135  129  122  115  108  102   97   94   94   94   97  101  105
  110  115  120  125  129  133  137  141  145  150  155  161  167  172  178  182
  186  189  191  193  193  193  192  191  190  188  186  185  183  181  180  179
  176  174  168  164  163  162  161  157  151                                   
    72.5-180.0 180.0   5.0 450.0                            LAT/LON1/LON2/DLON/H
  151  156  151  150  147  146  143  139  136  134  132  132  133  135  137  139
  140  139  137  132  125  118  109  102   95   91   89   89   91   95  101  108
  114  121  126  131  135  139  143  146  151  155  161  167  173  180  185  190
  194  197  199  200  200  199  198  197  195  194  192  191  190  189  187  187
  184  182  178  174  170  167  164  162  151                                   
    70.0-180.0 180.0   5.0 450.0                            LAT/LON1/LON2/DLON/H
  156  158  154  152  147  144  140  134  129  125  121  121  121  123  125  128
  129  129  127  123  116  108  100   92   86   82   80   82   85   92   99  107
  115  122  128  133  137  140  142  146  150  155  160  167  174  180  186  191
  195  198  199  200  199  198  196  195  193  192  191  190  190  190  189  189
  188  185  181  178  174  171  171  168  156                                   
    67.5-180.0 180.0   5.0 450.0                            LAT/LON1/LON2/DLON/H
  156  159  155  153  149  144  138  131  124  117  112  110  109  110  113  115
  117  118  117  113  106   99   91   83   77   74   74   76   81   89   97  107
  115  123  129  133  136  138  140  142  146  151  157  164  171  178  184  189
  192  194  195  195  194  192  191  189  188  187  186  186  187  187  187  188
  188  186  182  179  175  172  171  168  156                                   
    65.0-180.0 180.0   5.0 450.0                            LAT/LON1/LON2/DLON/H
  157  161  157  155  151  146  139  130  122  113  106  102  100  100  101  104
  106  107  105  102   97   90   82   76   72   70   70   74   80   88   97  107
  116  123  128  132  134  135  137  139  143  149  155  163  170  177  183  187
  190  192  192  191  190  189  187  186  185  184  184  185  186  186  187  188
  188  186  183  179  176  173  173  170  157                                   
    62.5-180.0 180.0   5.0 450.0                            LAT/LON1/LON2/DLON/H
  158  162  158  157  154  148  141  131  122  112  103   97   93   91   92   93
   94   95   94   91   86   80   75   70   67   67   69   73   79   88   96  105
  114  121  126  129  131  132  134  136  141  147  154  162  170  177  182  186
  189  190  190  190  189  188  187  186  185  184  184  185  186  186  187  188
  187  186  182  179  175  172  172  170  158                                   
    60.0-180.0 180.0   5.0 450.0                            LAT/LON1/LON2/DLON/H
  158  161  159  158  155  150  143  132  122  111  101   94   88   84   83   83
   83   83   81   78   75   70   67   64   64   65   68   73   79   86   94  102
  109  115  120  123  126  128  130  134  139  145  153  162  170  177  182  185
  188  189  190  191  191  191  190  189  189  188  188  188  188  187  187  187
  185  184  180  177  173  170  170  168  158                                   
    57.5-180.0 180.0   5.0 450.0                            LAT/LON1/LON2/DLON/H
  160  163  161  160  158  153  146  135  124  112  101   93   85   80   77   75
   73   72   70   68   65   62   61   61   63   66   70   74   80   85   91   97
  104  109  115  119  122  125  129  133  139  146  155  163  171  178  183  187
  190  192  194  196  197  198  199  198  197  196  195  194  193  191  189  188
  185  183  179  176  173  170  170  168  160                                   
    55.0-180.0 180.0   5.0 450.0                            LAT/LON1/LON2/DLON/H
  164  166  165  163  161  156  149  138  127  115  103   93   84   77   72   68
   66   64   61   59   57   56   57   59   63   68   73   77   81   85   89   93
   98  104  110  115  120  125  129  134  141  149  157  166  174  180  186  190
  193  197  200  204  207  209  210  209  208  207  205  203  201  197  193  190
  186  184  180  177  174  172  172  170  164                                   
    52.5-180.0 180.0   5.0 450.0                            LAT/LON1/LON2/DLON/H
  171  173  171  169  166  161  154  143  131  119  106   95   85   76   70   65
   62   59   56   54   53   54   57   61   67   72   77   81   84   85   87   90
   95  101  108  115  121  126  132  138  144  152  160  168  176  183  189  194
  199  204  208  213  217  220  221  220  219  217  215  212  209  204  198  194
  189  186  183  181  179  177  177  175  171                                   
    50.0-180.0 180.0   5.0 450.0                            LAT/LON1/LON2/DLON/H
  180  182  180  177  173  167  159  148  137  124  111  100   88   78   71   65
   61   58   56   55   54   56   60   66   73   79   84   86   87   88   88   90
   94  101  109  117  124  131  136  142  148  156  163  171  179  187  194  200
  206  211  217  222  227  229  230  229  227  224  222  220  216  210  204  199
  194  191  188  187  187  186  186  184  180                                   
    47.5-180.0 180.0   5.0 450.0                            LAT/LON1/LON2/DLON/H
  191  193  190  185  180  173  165  154  143  130  118  106   94   83   75   69
   65   62   60   60   60   63   68   74   81   87   91   93   92   91   91   92
   97  104  113  122  130  136  142  147  153  159  166  174  182  191  199  206
  213  219  225  230  234  236  236  234  231  229  227  225  222  217  210  205
  200  198  196  197  197  198  198  195  191                                   
    45.0-180.0 180.0   5.0 450.0                            LAT/LON1/LON2/DLON/H
  201  202  199  193  187  179  171  159  149  137  125  114  102   91   82   75
   72   69   68   68   70   73   78   85   91   96   99   99   97   96   95   97
  102  109  118  128  136  142  147  152  157  163  169  177  186  195  204  213
  220  226  232  236  239  240  239  236  234  232  231  230  227  223  217  213
  209  208  207  208  209  211  210  206  201                                   
    42.5-180.0 180.0   5.0 450.0                            LAT/LON1/LON2/DLON/H
  210  210  205  198  191  183  174  164  154  143  133  123  111  100   91   85
   81   79   79   80   81   85   90   96  101  105  106  105  103  101  101  103
  108  116  125  134  142  148  152  156  161  166  173  181  191  201  211  220
  227  233  238  242  244  245  244  241  239  237  237  237  236  232  227  224
  221  221  222  223  224  224  223  218  210                                   
    40.0-180.0 180.0   5.0 450.0                            LAT/LON1/LON2/DLON/H
  217  215  209  200  193  184  176  166  158  149  140  131  121  111  102   96
   92   90   90   91   93   97  102  107  111  112  112  110  107  106  107  110
  115  123  132  140  147  152  156  160  165  171  178  187  197  207  218  227
  235  241  245  249  253  254  254  253  252  251  252  252  250  247  243  240
  239  240  241  241  241  239  237  230  217                                   
    37.5-180.0 180.0   5.0 450.0                            LAT/LON1/LON2/DLON/H
  226  219  212  201  193  182  175  167  160  153  146  139  131  121  113  106
  102  100  100  101  104  108  113  117  119  119  117  114  112  111  112  116
  121  128  137  144  150  155  159  164  169  176  184  194  204  216  227  236
  244  250  256  261  267  272  274  276  276  277  278  277  275  271  266  264
  263  264  265  264  261  256  252  244  226                                   
    35.0-180.0 180.0   5.0 450.0                            LAT/LON1/LON2/DLON/H
  237  226  218  203  193  181  173  166  161  156  151  146  139  131  123  116
  111  108  108  109  112  117  121  125  126  125  121  118  116  116  117  121
  125  132  139  146  152  157  161  167  174  183  192  202  213  224  236  246
  254  261  269  278  288  298  305  311  314  316  317  315  311  304  298  295
  294  296  296  292  286  277  270  261  237                                   
    32.5-180.0 180.0   5.0 450.0                            LAT/LON1/LON2/DLON/H
  255  240  229  210  197  183  173  166  162  157  154  150  145  138  131  124
  118  114  113  114  118  123  128  132  133  130  126  122  120  120  121  124
  127  133  139  146  152  157  162  170  179  190  201  211  222  234  245  255
  265  275  287  301  316  332  345  355  362  365  366  362  356  347  338  334
  332  333  332  325  316  303  294  284  255                                   
    30.0-180.0 180.0   5.0 450.0                            LAT/LON1/LON2/DLON/H
  281  262  248  226  210  191  179  170  165  160  156  153  149  143  136  129
  122  117  116  117  122  128  134  138  139  136  131  127  124  123  124  125
  127  131  137  143  149  155  162  172  184  196  209  220  231  242  253  264
  276  290  306  326  348  370  389  403  413  418  418  413  404  393  382  376
  374  374  372  362  350  335  322  312  281                                   
    27.5-180.0 180.0   5.0 450.0                            LAT/LON1/LON2/DLON/H
  314  294  276  252  231  209  192  180  171  164  159  156  151  146  140  132
  125  119  117  119  125  132  139  144  145  141  136  131  127  125  124  123
  123  126  131  137  144  152  161  172  186  201  215  227  238  249  260  273
  287  305  327  353  380  407  430  448  459  465  465  460  449  436  425  418
  415  415  411  400  386  369  354  345  314                                   
    25.0-180.0 180.0   5.0 450.0                            LAT/LON1/LON2/DLON/H
  350  331  311  284  260  234  213  196  183  172  164  158  153  148  142  134
  127  121  119  121  127  136  143  149  149  146  140  134  129  125  121  118
  116  117  122  129  137  146  157  171  187  203  219  231  242  253  265  280
  298  320  346  376  408  437  462  480  492  498  498  493  483  470  460  453
  450  450  446  434  420  403  387  379  350                                   
    22.5-180.0 180.0   5.0 450.0                            LAT/LON1/LON2/DLON/H
  384  369  346  320  293  265  239  218  200  184  171  162  156  150  143  136
  129  123  121  123  130  138  147  152  152  149  142  134  127  121  116  110
  106  106  110  118  128  139  152  168  185  203  219  233  245  256  269  286
  307  332  362  394  425  454  478  495  506  512  512  508  501  491  483  478
  476  477  473  461  447  433  416  410  384                                   
    20.0-180.0 180.0   5.0 450.0                            LAT/LON1/LON2/DLON/H
  411  400  378  353  325  296  267  242  219  198  181  168  159  152  146  139
  132  127  125  127  133  141  148  153  153  148  139  130  122  114  107  100
   95   94   98  107  118  132  146  163  181  200  217  232  245  257  272  291
  315  342  373  403  432  457  477  491  500  506  508  507  504  499  494  492
  492  492  489  478  465  453  437  433  411                                   
    17.5-180.0 180.0   5.0 450.0                            LAT/LON1/LON2/DLON/H
  426  418  399  376  350  320  290  263  237  212  191  176  164  157  150  144
  137  132  130  131  136  142  148  151  150  143  133  122  113  104   96   89
   83   82   87   96  110  125  141  158  177  196  214  230  245  258  274  295
  321  350  379  406  429  448  462  472  480  486  490  494  496  496  496  497
  498  499  496  485  473  462  447  445  426                                   
    15.0-180.0 180.0   5.0 450.0                            LAT/LON1/LON2/DLON/H
  429  423  407  385  362  333  303  275  249  223  200  183  171  162  156  150
  145  140  137  137  139  143  147  147  144  135  124  112  102   94   86   79
   74   73   77   88  103  119  137  155  173  192  211  228  244  259  277  299
  326  355  382  404  421  433  442  448  454  460  468  476  483  489  493  496
  498  499  495  484  472  460  448  446  429                                   
    12.5-180.0 180.0   5.0 450.0                            LAT/LON1/LON2/DLON/H
  422  416  403  381  360  333  304  277  252  227  205  188  176  168  163  158
  153  148  145  143  143  143  143  141  135  125  113  101   92   85   78   72
   67   66   71   83   98  117  135  153  171  189  208  226  243  260  279  302
  330  359  383  401  413  421  425  429  434  441  450  461  472  482  489  494
  496  496  491  478  465  452  440  438  422                                   
    10.0-180.0 180.0   5.0 450.0                            LAT/LON1/LON2/DLON/H
  410  403  391  368  349  323  294  270  246  224  205  191  181  174  170  166
  162  158  153  149  146  143  139  134  125  115  103   92   84   78   73   68
   64   64   69   80   97  116  135  152  169  187  206  224  242  259  279  304
  333  361  384  400  410  416  419  423  427  434  445  457  469  480  487  492
  493  491  485  471  457  441  429  426  410                                   
     7.5-180.0 180.0   5.0 450.0                            LAT/LON1/LON2/DLON/H
  398  389  378  352  334  308  281  257  235  216  200  190  182  178  175  173
  170  166  161  154  148  141  134  126  116  106   95   86   80   76   72   68
