data/edconvlstm_nd/pred2660.15i
     1.0            IONOSPHERE MAPS     GNSS                IONEX VERSION / TYPE
pyspatialgeodesy        IME             05-JAN-18 20:20     PGM / RUN BY / DATE 
Map Name                                                    COMMENT             
Predicted global ionosphere maps (GIM).                     DESCRIPTION         
  2015     9    23     0     0     0                        EPOCH OF FIRST MAP  
  2015     9    24     0     0     0                        EPOCH OF LAST MAP   
  7200                                                      INTERVAL            
    13                                                      # OF MAPS IN FILE   
  NONE                                                      MAPPING FUNCTION    
10.0                                                        ELEVATION CUTOFF    
One-way carrier phase leveled to code                       OBSERVABLES USED    
  6371.0                                                    BASE RADIUS         
 2                                                          MAP DIMENSION       
   450.0 450.0   0.0                                        HGT1 / HGT2 / DHGT  
    87.5 -87.5  -2.5                                        LAT1 / LAT2 / DLAT  
  -180.0 180.0   5.0                                        LON1 / LON2 / DLON  
    -1                                                      EXPONENT            
                                                            END OF HEADER       
     1                                                      START OF TEC MAP    
  2015     9    23     0     0     0                        EPOCH OF CURRENT MAP
    87.5-180.0 180.0   5.0 450.0                            LAT/LON1/LON2/DLON/H
  101   97   93   85   83   87   84   82   83   83   84   84   85   85   85   85
   85   84   84   83   82   82   81   80   79   78   77   76   75   74   74   73
   73   72   72   72   72   73   73   74   74   75   76   77   78   78   79   80
   81   82   82   83   84   84   84   84   84   84   84   84   83   83   83   83
   83   82   81   81   76   85   92   88  101                                   
    85.0-180.0 180.0   5.0 450.0                            LAT/LON1/LON2/DLON/H
   97   95   75   80   83   89   86   84   85   85   86   87   88   88   88   88
   87   87   86   84   83   81   79   77   76   74   72   71   69   68   67   67
   66   66   66   67   67   68   69   70   72   73   75   76   78   79   80   82
   83   84   85   85   86   86   87   87   87   87   87   86   86   85   85   85
   85   84   84   87   87   94  102   97   97                                   
    82.5-180.0 180.0   5.0 450.0                            LAT/LON1/LON2/DLON/H
   90   79   88   85   85   92   88   88   91   91   93   94   95   96   96   95
   94   93   91   89   86   83   79   76   73   69   66   64   61   59   58   57
   57   57   57   59   60   62   64   66   68   71   73   75   77   79   81   83
   84   86   87   88   89   90   90   91   91   91   91   91   90   90   89   89
   88   87   86   84   89   81   89   93   90                                   
    80.0-180.0 180.0   5.0 450.0                            LAT/LON1/LON2/DLON/H
  102   87   86   82   86   88   89   90   94   95   98  101  102  104  104  104
  103  101   98   95   91   86   81   75   70   66   62   58   55   53   51   50
   50   50   51   53   54   56   58   60   62   64   66   68   70   72   74   76
   78   80   81   83   84   85   86   87   88   88   89   89   88   88   88   88
   87   84   84   82   98   89   99  109  102                                   
    77.5-180.0 180.0   5.0 450.0                            LAT/LON1/LON2/DLON/H
  115  100   91   95   91   94   95   99  104  105  109  112  115  117  118  118
  117  115  111  107  102   96   89   82   76   70   64   60   56   53   51   50
   50   50   51   53   54   56   58   60   62   63   64   66   67   69   70   72
   74   76   78   79   81   83   85   87   89   90   91   92   92   92   93   93
   92   93   92   92  100  101  104  119  115                                   
    75.0-180.0 180.0   5.0 450.0                            LAT/LON1/LON2/DLON/H
  123  104  102  105  100  102  100  103  108  109  113  116  119  121  122  122
  121  119  116  111  105   99   91   84   76   69   63   58   54   51   49   48
   48   49   51   52   54   56   57   58   58   59   59   59   59   60   61   62
   63   65   67   70   72   75   78   81   83   86   88   89   91   92   93   94
   93   95   96   93  101  109  110  122  123                                   
    72.5-180.0 180.0   5.0 450.0                            LAT/LON1/LON2/DLON/H
  120  109  108  109  103  102  101  104  109  109  112  115  118  119  120  120
  119  118  115  111  106  100   92   85   77   70   64   58   54   51   49   48
   48   49   50   51   53   53   54   53   53   51   50   49   48   47   47   48
   49   50   52   55   58   61   65   69   72   76   79   82   84   86   89   91
   91   93   98   97  102  110  116  131  120                                   
    70.0-180.0 180.0   5.0 450.0                            LAT/LON1/LON2/DLON/H
  125  114  114  116  109  108  105  107  111  111  112  114  115  115  115  114
  113  112  110  108  104   99   93   86   79   72   65   60   56   53   51   50
   50   50   51   52   53   53   52   51   50   47   45   43   42   40   40   40
   41   43   45   48   51   55   59   64   69   74   78   82   86   89   92   95
   95   97  102  103  107  116  121  133  125                                   
    67.5-180.0 180.0   5.0 450.0                            LAT/LON1/LON2/DLON/H
  126  118  118  119  110  108  103  104  107  106  106  107  106  105  103  102
  101  100  100   99   97   94   89   83   77   70   64   59   54   51   48   47
   47   47   47   47   47   46   45   43   41   39   36   34   33   32   31   32
   33   34   36   39   42   46   52   57   63   70   75   81   85   88   92   95
   95   96  102  103  108  116  121  135  126                                   
    65.0-180.0 180.0   5.0 450.0                            LAT/LON1/LON2/DLON/H
  126  117  117  117  109  105   99  100  103  101  101  101   99   96   94   92
   91   91   92   93   94   92   89   84   78   71   65   60   55   51   48   46
   44   43   42   42   41   40   39   37   35   33   32   30   29   28   28   29
   30   31   33   36   39   43   48   55   62   69   76   83   88   92   95   97
   97   98  103  103  108  116  122  136  126                                   
    62.5-180.0 180.0   5.0 450.0                            LAT/LON1/LON2/DLON/H
  126  117  116  116  107  102   96   97  100   98   98   97   95   91   88   86
   86   87   90   93   94   94   91   87   81   75   69   63   58   54   50   46
   43   41   39   37   36   35   34   33   32   32   31   30   30   30   30   31
   32   33   35   37   40   44   50   57   65   73   81   88   94   98  102  104
  102  102  105  105  108  116  121  136  126                                   
    60.0-180.0 180.0   5.0 450.0                            LAT/LON1/LON2/DLON/H
  125  116  116  114  105   99   93   93   96   95   95   94   92   88   85   84
   85   87   91   95   98   97   94   90   84   78   72   67   62   57   52   47
   43   39   36   34   33   32   32   32   33   33   34   34   34   35   35   36
   36   37   38   40   43   47   52   60   69   77   86   94  100  105  108  110
  108  107  109  107  109  116  120  135  125                                   
    57.5-180.0 180.0   5.0 450.0                            LAT/LON1/LON2/DLON/H
  127  119  119  116  106   99   92   92   95   93   93   93   91   88   86   86
   87   91   96  100  102  101   97   92   86   81   76   71   66   61   56   50
   44   40   36   34   34   34   34   36   37   39   40   41   42   43   43   43
   43   42   43   44   47   51   56   64   73   82   90   98  105  110  114  116
  115  113  115  112  114  119  122  136  127                                   
    55.0-180.0 180.0   5.0 450.0                            LAT/LON1/LON2/DLON/H
  132  127  126  123  112  104   96   95   96   94   94   93   92   90   89   90
   92   97  101  105  105  103   98   92   87   82   78   75   71   66   60   54
   48   43   40   38   38   39   41   43   45   47   49   51   51   52   51   50
   49   48   48   48   51   55   61   69   77   85   93  101  107  113  118  122
  121  121  123  121  122  126  129  142  132                                   
    52.5-180.0 180.0   5.0 450.0                            LAT/LON1/LON2/DLON/H
  142  139  139  135  124  114  105  102  101   98   96   96   95   94   93   95
   98  102  105  107  106  102   97   91   86   83   81   79   76   72   66   59
   53   49   47   46   48   50   52   54   56   58   60   61   61   61   59   58
   55   54   53   53   55   60   67   74   82   89   95  102  108  113  120  125
  127  128  132  131  133  137  139  151  142                                   
    50.0-180.0 180.0   5.0 450.0                            LAT/LON1/LON2/DLON/H
  155  154  155  152  142  131  121  116  112  105  102  101   99   99   99  100
  102  105  107  108  105  101   95   90   86   84   83   82   80   76   71   65
   60   57   56   57   60   62   65   67   69   70   71   71   71   69   67   64
   61   59   58   59   62   67   74   81   88   93   98  102  107  113  120  127
  131  135  141  142  146  150  151  162  155                                   
    47.5-180.0 180.0   5.0 450.0                            LAT/LON1/LON2/DLON/H
  167  171  172  172  162  151  142  134  127  117  112  108  106  105  105  105
  106  107  108  107  104  100   95   91   88   87   87   86   84   80   75   69
   66   64   65   69   72   76   78   80   81   81   81   80   78   76   73   70
   68   66   66   67   71   77   84   90   95   99  101  104  107  112  120  128
  134  140  148  151  157  162  164  173  167                                   
    45.0-180.0 180.0   5.0 450.0                            LAT/LON1/LON2/DLON/H
  178  185  187  191  182  173  165  155  145  132  124  119  116  114  113  111
  110  110  109  108  105  102   98   95   93   92   91   89   86   81   76   71
   69   70   73   78   84   87   89   90   90   89   89   87   85   82   80   77
   75   74   74   76   81   88   95  101  105  107  108  108  110  114  121  129
  136  144  153  157  164  171  173  182  178                                   
    42.5-180.0 180.0   5.0 450.0                            LAT/LON1/LON2/DLON/H
  185  193  196  204  199  193  186  175  163  149  139  133  129  126  123  120
  116  114  113  112  110  108  105  103  101   99   96   92   86   80   75   71
   70   73   78   85   91   95   97   97   96   96   95   93   91   88   85   84
   83   82   83   86   91   98  106  113  116  117  116  115  116  119  125  132
  138  146  155  159  167  174  177  185  185                                   
    40.0-180.0 180.0   5.0 450.0                            LAT/LON1/LON2/DLON/H
  189  195  198  209  209  206  201  191  180  165  155  149  145  141  137  131
  126  123  122  122  121  120  118  115  112  107  101   94   86   79   73   69
   70   74   81   89   96  100  101  101  100  100   99   98   95   93   91   90
   90   90   91   93   99  107  115  122  125  126  125  124  125  127  132  137
  142  148  157  160  166  173  177  185  189                                   
    37.5-180.0 180.0   5.0 450.0                            LAT/LON1/LON2/DLON/H
  190  193  195  207  211  211  208  201  192  178  170  165  162  159  153  147
  141  137  136  137  137  136  133  129  124  116  107   96   86   77   71   69
   71   76   84   93   99  103  104  104  103  103  103  102   99   97   95   95
   95   95   95   97  102  110  119  127  132  133  132  132  134  136  140  144
  147  151  159  162  166  172  177  185  190                                   
    35.0-180.0 180.0   5.0 450.0                            LAT/LON1/LON2/DLON/H
  193  192  192  202  208  209  207  204  198  188  181  179  178  176  171  165
  159  155  155  155  155  153  148  142  133  123  111   99   88   79   74   72
   75   81   89   97  103  106  107  106  106  106  107  105  103  100   98   98
   97   96   94   94   99  107  118  127  133  136  137  139  141  145  149  152
  153  157  164  167  171  176  181  191  193                                   
    32.5-180.0 180.0   5.0 450.0                            LAT/LON1/LON2/DLON/H
  201  198  196  199  204  205  203  202  200  194  190  191  193  192  189  183
  178  175  174  173  171  166  158  149  138  126  114  102   92   85   81   81
   84   90   97  104  108  110  110  109  109  110  110  108  105  101   99   97
   95   92   88   87   90   99  111  122  131  136  139  142  147  152  157  160
  162  165  173  177  182  187  194  205  201                                   
    30.0-180.0 180.0   5.0 450.0                            LAT/LON1/LON2/DLON/H
  218  215  210  207  207  205  202  201  202  199  198  201  204  206  204  200
  196  193  190  187  180  170  159  148  137  126  116  108  100   96   94   95
   98  103  107  112  114  115  114  113  113  114  114  111  106  101   97   93
   90   84   79   76   79   89  102  116  127  134  139  144  150  158  164  169
  172  177  188  193  202  209  218  230  218                                   
    27.5-180.0 180.0   5.0 450.0                            LAT/LON1/LON2/DLON/H
  246  245  238  227  223  216  211  209  210  208  208  212  216  219  218  215
  211  206  201  192  180  166  152  141  132  125  120  116  113  111  111  112
  114  116  118  119  119  119  118  118  118  119  118  113  107  100   94   88
   83   76   69   65   68   78   94  110  123  132  138  145  154  163  172  179
  185  193  207  215  229  241  251  266  246                                   
    25.0-180.0 180.0   5.0 450.0                            LAT/LON1/LON2/DLON/H
  285  287  276  261  252  242  235  231  229  226  226  228  231  233  232  229
  224  216  204  189  172  154  141  132  128  126  126  127  127  128  129  129
  128  127  126  124  123  122  121  122  123  123  121  116  108   99   90   83
   77   69   62   58   61   71   87  105  120  131  139  148  158  170  182  192
  201  213  231  242  261  278  291  309  285                                   
    22.5-180.0 180.0   5.0 450.0                            LAT/LON1/LON2/DLON/H
  329  336  322  305  293  281  272  265  261  256  254  253  254  254  251  246
  237  223  204  183  161  143  132  127  128  132  136  139  142  143  143  141
  138  134  130  127  125  123  124  125  127  127  125  118  108   98   88   80
   72   64   58   54   57   67   84  103  119  132  143  153  166  180  195  209
  222  238  258  272  295  316  332  353  329                                   
    20.0-180.0 180.0   5.0 450.0                            LAT/LON1/LON2/DLON/H
  374  385  372  356  342  331  321  311  304  298  293  289  287  283  278  269
  254  232  206  178  154  138  131  132  137  144  149  153  155  155  153  149
  143  137  131  128  125  124  125  128  131  131  129  121  111   99   88   79
   71   63   56   53   56   65   82  102  121  136  148  161  176  194  212  230
  247  266  287  303  328  351  370  395  374                                   
    17.5-180.0 180.0   5.0 450.0                            LAT/LON1/LON2/DLON/H
  412  427  418  406  393  384  376  365  357  349  342  336  331  324  315  300
  278  249  215  183  159  145  143  148  155  161  165  166  165  162  158  151
  144  137  131  127  125  125  127  130  134  136  133  125  114  102   90   80
   72   64   58   54   56   66   83  103  123  140  156  172  190  211  233  255
  274  295  317  333  358  380  403  432  412                                   
    15.0-180.0 180.0   5.0 450.0                            LAT/LON1/LON2/DLON/H
  441  457  453  448  439  433  428  419  412  405  398  391  384  375  362  342
  313  276  236  201  177  166  167  173  179  181  180  176  171  166  160  152
  145  137  132  128  126  126  129  134  138  140  138  130  119  106   94   83
   74   66   59   56   58   67   83  104  125  144  163  182  204  229  255  280
  302  323  345  361  384  403  429  459  441                                   
    12.5-180.0 180.0   5.0 450.0                            LAT/LON1/LON2/DLON/H
  460  476  476  480  476  474  472  467  463  459  454  449  441  430  414  390
  355  313  269  232  210  201  202  206  207  202  193  183  175  169  162  155
  147  140  135  131  129  130  133  138  143  145  142  134  122  109   96   85
   75   67   60   56   58   67   83  103  125  146  167  190  217  247  277  305
  328  349  369  384  404  420  448  479  460                                   
    10.0-180.0 180.0   5.0 450.0                            LAT/LON1/LON2/DLON/H
  474  487  491  502  503  504  505  503  503  503  502  500  494  484  467  440
  403  358  313  276  254  245  244  241  233  218  202  189  179  173  168  162
  155  149  143  140  138  138  140  145  148  149  145  136  124  110   97   84
   74   65   58   54   55   64   79   99  122  144  168  195  226  261  295  325
  350  371  389  403  420  434  462  493  474                                   
     7.5-180.0 180.0   5.0 450.0                            LAT/LON1/LON2/DLON/H
  487  497  502  515  518  521  523  524  528  532  536  537  535  526  510  484
  448  405  361  327  304  292  283  271  252  230  209  194  185  182  180  176
