data/edconvlstm_nd/pred0360.15i
     1.0            IONOSPHERE MAPS     GNSS                IONEX VERSION / TYPE
pyspatialgeodesy        IME             05-JAN-18 20:20     PGM / RUN BY / DATE 
Map Name                                                    COMMENT             
Predicted global ionosphere maps (GIM).                     DESCRIPTION         
  2015     2     5     0     0     0                        EPOCH OF FIRST MAP  
  2015     2     6     0     0     0                        EPOCH OF LAST MAP   
  7200                                                      INTERVAL            
    13                                                      # OF MAPS IN FILE   
  NONE                                                      MAPPING FUNCTION    
10.0                                                        ELEVATION CUTOFF    
One-way carrier phase leveled to code                       OBSERVABLES USED    
  6371.0                                                    BASE RADIUS         
 2                                                          MAP DIMENSION       
   450.0 450.0   0.0                                        HGT1 / HGT2 / DHGT  
    87.5 -87.5  -2.5                                        LAT1 / LAT2 / DLAT  
  -180.0 180.0   5.0                                        LON1 / LON2 / DLON  
    -1                                                      EXPONENT            
                                                            END OF HEADER       
[from data line 3861]
    10                                                      START OF TEC MAP    
  2015     2     5    18     0     0                        EPOCH OF CURRENT MAP
    87.5-180.0 180.0   5.0 450.0                            LAT/LON1/LON2/DLON/H
  125  126  119  126  131  130  130  129  130  133  133  135  137  139  142  144
  146  148  151  152  154  156  157  158  159  159  159  160  160  159  159  159
  158  158  158  157  157  156  156  155  154  154  153  152  151  150  149  148
  147  146  145  143  142  141  140  139  137  136  135  134  133  132  131  130
  130  129  126  123  129  124  133  129  125                                   
    85.0-180.0 180.0   5.0 450.0                            LAT/LON1/LON2/DLON/H
  124  117  126  116  116  122  122  125  127  130  131  134  136  139  143  146
  149  153  156  159  161  163  165  166  167  168  169  169  169  169  168  168
  168  168  167  167  166  166  165  164  163  162  161  160  158  157  155  153
  151  149  147  145  143  141  140  138  136  134  133  132  130  129  128  127
  127  126  121  117  116  113  114  116  124                                   
    82.5-180.0 180.0   5.0 450.0                            LAT/LON1/LON2/DLON/H
  100   96   97   93   96  100  104  106  107  111  113  118  121  126  131  137
  142  148  153  158  162  166  168  170  172  173  173  172  172  171  170  170
  169  168  168  167  166  166  165  164  162  161  159  156  154  151  148  145
  142  139  136  133  130  128  125  123  121  119  117  116  114  113  112  110
  110  109  105  103  101  106   94   96  100                                   
    80.0-180.0 180.0   5.0 450.0                            LAT/LON1/LON2/DLON/H
   78   74   80   77   78   77   83   87   91   95   99  105  110  117  123  131
  138  145  152  158  163  167  169  170  171  170  168  166  163  161  159  157
  155  154  153  152  152  151  150  149  148  147  145  142  140  137  134  131
  128  125  122  119  117  114  112  110  108  106  104  103  101  100   99   98
   98   97   95   94   86   85   76   84   78                                   
    77.5-180.0 180.0   5.0 450.0                            LAT/LON1/LON2/DLON/H
   78   71   73   69   70   70   74   78   81   85   90   97  104  113  121  131
  140  149  158  166  172  176  179  179  178  175  171  166  161  156  152  148
  145  143  142  141  140  139  138  137  136  134  131  129  126  123  120  118
  115  113  110  108  107  105  103  101  100   99   97   96   95   95   94   94
   93   93   93   94   89   83   78   86   78                                   
    75.0-180.0 180.0   5.0 450.0                            LAT/LON1/LON2/DLON/H
   75   74   74   71   71   72   74   77   82   88   94  101  110  119  130  141
  152  164  174  184  191  195  197  195  191  185  177  168  159  151  144  138
  134  130  128  127  126  125  124  122  121  119  117  114  112  109  107  105
  104  103  102  101  100  100   99   98   98   97   96   95   95   95   95   96
   96   98   99   97   94   88   85   79   75                                   
    72.5-180.0 180.0   5.0 450.0                            LAT/LON1/LON2/DLON/H
   83   83   81   82   79   80   83   87   90   97  103  112  121  132  144  156
  170  184  197  208  216  221  222  218  211  200  187  174  160  148  137  129
  122  117  114  111  110  108  106  105  103  101   99   97   95   93   91   91
   91   91   92   93   95   96   97   97   97   97   96   96   96   96   97   99
   99  102  104  102  100   96   96   94   83                                   
    70.0-180.0 180.0   5.0 450.0                            LAT/LON1/LON2/DLON/H
   89   89   89   89   87   88   91   96  102  109  116  126  135  147  159  174
  189  205  220  234  244  249  250  245  234  219  202  183  165  149  135  124
  115  108  103   99   96   94   92   90   88   85   83   82   80   79   78   78
   79   81   84   87   90   93   95   96   97   97   96   96   95   96   97   99
  100  103  106  106  105  103  106  103   89                                   
    67.5-180.0 180.0   5.0 450.0                            LAT/LON1/LON2/DLON/H
   94   94   94   97   98  101  105  112  119  127  136  146  156  167  181  196
  213  231  248  264  275  282  282  275  261  243  221  198  176  156  139  125
  114  105   99   93   89   85   82   79   77   74   73   71   69   68   68   69
   71   74   78   82   87   91   95   97   98   98   97   96   95   95   96   97
   99  102  105  104  103  103  104  103   94                                   
    65.0-180.0 180.0   5.0 450.0                            LAT/LON1/LON2/DLON/H
   88   88   88   95   98  103  110  120  129  140  150  161  172  184  197  213
  231  251  270  288  301  309  309  301  285  264  240  215  191  169  150  135
  121  110  100   92   86   80   75   72   69   66   64   62   60   58   57   58
   59   62   66   71   77   83   87   90   92   91   90   88   86   84   84   85
   86   89   92   93   92   94   97   98   88                                   
    62.5-180.0 180.0   5.0 450.0                            LAT/LON1/LON2/DLON/H
   76   75   77   87   94  102  113  126  138  152  164  177  188  200  214  230
  249  269  290  309  323  331  330  322  305  283  259  234  210  188  169  152
  136  121  108   97   87   79   73   68   64   61   59   56   53   51   49   48
   48   51   54   60   66   72   77   81   83   82   80   77   74   71   70   69
   70   72   75   74   74   76   77   82   76                                   
    60.0-180.0 180.0   5.0 450.0                            LAT/LON1/LON2/DLON/H
   60   59   62   75   85   95  110  127  143  160  175  189  202  214  228  244
  263  284  305  323  338  345  344  335  320  299  277  255  235  215  196  178
  159  141  124  108   95   84   76   70   65   62   59   55   51   48   44   41
   40   41   44   48   54   60   66   70   72   72   69   66   62   58   56   54
   53   54   56   55   55   56   58   66   60                                   
    57.5-180.0 180.0   5.0 450.0                            LAT/LON1/LON2/DLON/H
   46   45   49   64   76   90  108  128  148  168  186  201  216  229  243  258
  276  296  316  333  346  352  351  342  329  313  296  279  263  248  231  211
  190  168  146  126  109   95   85   78   73   68   65   60   56   51   46   41
   38   37   39   42   47   53   58   63   65   65   63   59   55   51   48   45
   43   43   44   42   42   42   44   53   46                                   
    55.0-180.0 180.0   5.0 450.0                            LAT/LON1/LON2/DLON/H
   39   40   44   60   74   89  110  133  156  178  198  215  230  244  258  273
  290  307  324  339  349  353  351  344  334  323  313  303  294  282  266  246
  221  195  168  144  125  109   98   90   84   79   75   70   65   60   54   48
   44   41   41   43   47   52   57   61   63   64   62   59   56   52   49   46
   43   42   43   41   40   39   39   48   39                                   
    52.5-180.0 180.0   5.0 450.0                            LAT/LON1/LON2/DLON/H
   42   44   49   64   79   96  119  143  168  191  212  230  246  260  274  288
  303  318  332  342  348  350  347  342  337  332  328  325  321  312  297  275
  247  217  187  161  140  124  113  104   98   93   88   84   79   74   68   62
   57   53   52   53   56   59   63   67   69   69   68   66   63   60   57   55
   52   52   52   50   49   46   45   52   42                                   
    50.0-180.0 180.0   5.0 450.0                            LAT/LON1/LON2/DLON/H
   55   57   62   77   94  113  137  162  186  210  231  248  264  278  291  305
  318  330  340  345  348  347  344  341  339  340  342  344  343  335  318  294
  263  230  199  173  153  138  127  119  112  107  102   99   95   91   86   81
   76   73   71   70   71   74   76   79   80   80   79   77   76   74   72   71
   68   69   69   68   67   63   61   65   55                                   
    47.5-180.0 180.0   5.0 450.0                            LAT/LON1/LON2/DLON/H
   75   76   82   97  116  137  162  186  210  233  252  269  283  296  309  322
  334  343  349  351  350  347  344  343  344  348  354  358  356  346  327  299
  266  232  202  178  161  149  140  133  126  120  115  113  110  108  105  101
   98   94   92   91   91   91   93   94   94   94   92   91   90   89   88   88
   86   88   89   89   89   85   83   83   75                                   
    45.0-180.0 180.0   5.0 450.0                            LAT/LON1/LON2/DLON/H
   95   95  102  118  140  163  188  213  236  258  276  291  303  315  327  339
  349  357  360  359  356  353  350  350  352  358  363  364  359  344  320  289
  256  224  198  179  166  158  152  145  137  131  126  124  123  122  120  118
  115  113  110  109  107  107  107  107  106  105  103  102  101  100  101  101
  100  102  104  107  108  106  103  104   95                                   
    42.5-180.0 180.0   5.0 450.0                            LAT/LON1/LON2/DLON/H
  111  109  117  136  160  185  212  237  260  281  298  312  323  334  345  355
  365  371  373  371  367  364  361  361  363  366  367  363  351  330  303  271
  240  213  193  180  172  168  163  157  148  140  135  132  131  130  129  127
  125  122  120  118  116  115  115  114  113  112  109  107  105  105  105  105
  104  106  109  113  117  116  115  118  111                                   
    40.0-180.0 180.0   5.0 450.0                            LAT/LON1/LON2/DLON/H
  116  114  125  147  174  201  229  254  278  300  317  331  342  351  361  371
  380  385  386  385  382  379  376  375  373  371  365  354  336  311  283  255
  229  209  196  188  185  183  179  172  161  151  144  139  137  135  132  129
  126  123  121  118  117  115  115  115  115  112  109  105  103  101  101  101
   99  100  102  107  111  113  113  120  116                                   
    37.5-180.0 180.0   5.0 450.0                            LAT/LON1/LON2/DLON/H
  112  111  124  150  180  207  237  263  288  312  331  346  358  368  378  387
  395  399  401  400  398  395  392  388  381  373  360  343  322  298  275  254
  237  225  217  214  212  209  204  194  181  168  157  149  144  139  134  129
  124  120  117  114  112  112  112  113  113  111  106  101   97   94   92   91
   88   88   89   91   95   97   98  109  112                                   
    35.0-180.0 180.0   5.0 450.0                            LAT/LON1/LON2/DLON/H
  102  102  119  148  180  207  239  266  293  318  340  358  372  383  394  403
  410  414  415  415  413  410  405  398  387  373  357  339  320  303  288  278
  271  267  264  261  256  250  240  226  209  192  177  166  156  148  139  131
  124  119  115  112  110  110  111  113  114  112  106  100   93   89   87   85
   81   78   77   77   77   77   78   92  102                                   
    32.5-180.0 180.0   5.0 450.0                            LAT/LON1/LON2/DLON/H
   93   95  115  145  178  204  237  265  293  321  346  367  384  398  410  419
  426  429  429  428  426  422  415  404  391  376  362  348  337  331  329  332
  336  338  336  330  319  306  289  268  247  225  207  191  178  166  154  144
  135  128  123  119  117  116  118  120  122  120  114  106   99   93   91   88
   83   80   76   71   69   65   64   78   93                                   
    30.0-180.0 180.0   5.0 450.0                            LAT/LON1/LON2/DLON/H
   91   95  116  146  179  204  237  265  294  323  351  376  397  414  427  437
  443  444  442  440  435  429  420  408  396  385  377  374  377  386  401  418
  432  438  433  418  397  373  347  320  293  268  246  227  210  195  182  170
  161  154  148  143  139  137  137  139  140  138  133  125  117  111  108  106
  101   97   90   81   75   66   60   71   91                                   
    27.5-180.0 180.0   5.0 450.0                            LAT/LON1/LON2/DLON/H
  100  106  126  156  188  212  244  270  300  329  359  386  410  430  446  457
  461  460  456  450  443  434  423  412  404  402  406  418  438  467  500  531
  553  558  545  517  482  444  408  375  344  316  291  270  252  236  223  212
  204  199  193  186  179  174  171  170  170  169  164  157  149  143  140  139
  134  130  121  108   97   82   69   75  100                                   
    25.0-180.0 180.0   5.0 450.0                            LAT/LON1/LON2/DLON/H
  122  126  143  175  206  230  261  285  313  342  371  400  426  449  467  478
  482  479  471  462  450  438  427  419  419  428  448  479  519  568  617  659
  681  679  653  610  560  511  466  427  393  364  339  318  300  285  274  267
  264  261  256  247  236  225  217  213  211  209  205  199  191  184  181  180
  177  174  163  149  132  110   91   89  122                                   
    22.5-180.0 180.0   5.0 450.0                            LAT/LON1/LON2/DLON/H
  152  154  167  199  232  256  286  309  335  363  391  420  447  472  491  503
  506  501  490  477  461  446  435  432  441  465  502  552  611  673  730  771
  786  773  735  681  620  562  512  471  436  408  384  364  347  336  330  329
  331  332  328  318  302  284  270  261  256  253  249  244  236  229  224  223
  220  219  206  194  172  144  120  113  152                                   
    20.0-180.0 180.0   5.0 450.0                            LAT/LON1/LON2/DLON/H
  185  184  193  227  262  287  318  339  365  391  418  446  474  500  521  534
  536  530  517  500  481  464  455  457  476  513  566  629  697  762  814  844
  848  825  780  720  656  595  543  501  468  442  419  401  387  380  379  385
  394  399  397  384  362  339  318  304  296  292  289  284  277  268  262  259
  255  255  243  231  207  176  152  143  185                                   
    17.5-180.0 180.0   5.0 450.0                            LAT/LON1/LON2/DLON/H
  210  208  217  252  291  319  351  374  399  425  451  479  507  534  557  571
  575  568  554  535  515  497  489  497  525  571  632  699  764  818  856  872
  866  837  790  730  668  609  559  519  488  463  442  425  414  409  414  425
  439  449  447  432  407  377  352  333  322  317  315  311  304  294  286  280
  275  276  265  254  229  198  177  171  210                                   
    15.0-180.0 180.0   5.0 450.0                            LAT/LON1/LON2/DLON/H
  223  222  234  271  313  346  381  407  435  462  489  517  545  574  599  615
  622  617  604  586  566  549  543  554  585  634  693  752  802  838  858  861
  847  817  772  719  663  610  564  526  497  473  453  436  425  423  430  445
  462  473  472  456  429  396  367  346  333  327  325  321  314  303  292  284
  278  278  268  258  236  207  190  189  223                                   
    12.5-180.0 180.0   5.0 450.0                            LAT/LON1/LON2/DLON/H
  223  225  243  283  329  366  406  436  469  499  527  556  587  617  645  666
  676  676  667  652  634  620  615  625  653  695  742  783  812  827  832  825
  808  779  742  698  651  605  564  528  500  476  455  437  424  421  428  443
  461  472  471  455  428  396  366  344  330  324  321  317  310  298  286  274
  266  265  255  244  226  203  188  192  223                                   
    10.0-180.0 180.0   5.0 450.0                            LAT/LON1/LON2/DLON/H
  215  222  247  290  340  381  425  460  498  532  564  595  628  661  693  718
  734  740  737  728  715  703  698  704  722  749  775  793  800  800  794  782
  765  742  713  680  643  603  565  531  501  475  451  431  416  411  415  429
  444  453  451  437  411  381  354  333  319  312  309  304  296  284  270  257
  246  243  232  221  206  189  176  185  215                                   
     7.5-180.0 180.0   5.0 450.0                            LAT/LON1/LON2/DLON/H
  203  218  249  296  348  392  440  479  521  560  595  630  665  702  737  767
  789  801  805  803  797  788  781  779  782  789  792  789  781  771  760  748
