data/edconvlstm_nd/pred1350.15i
     1.0            IONOSPHERE MAPS     GNSS                IONEX VERSION / TYPE
pyspatialgeodesy        IME             05-JAN-18 20:20     PGM / RUN BY / DATE 
Map Name                                                    COMMENT             
Predicted global ionosphere maps (GIM).                     DESCRIPTION         
  2015     5    15     0     0     0                        EPOCH OF FIRST MAP  
  2015     5    16     0     0     0                        EPOCH OF LAST MAP   
  7200                                                      INTERVAL            
    13                                                      # OF MAPS IN FILE   
  NONE                                                      MAPPING FUNCTION    
10.0                                                        ELEVATION CUTOFF    
One-way carrier phase leveled to code                       OBSERVABLES USED    
  6371.0                                                    BASE RADIUS         
 2                                                          MAP DIMENSION       
   450.0 450.0   0.0                                        HGT1 / HGT2 / DHGT  
    87.5 -87.5  -2.5                                        LAT1 / LAT2 / DLAT  
  -180.0 180.0   5.0                                        LON1 / LON2 / DLON  
    -1                                                      EXPONENT            
                                                            END OF HEADER       
[from data line 429]
     2                                                      START OF TEC MAP    
  2015     5    15     2     0     0                        EPOCH OF CURRENT MAP
    87.5-180.0 180.0   5.0 450.0                            LAT/LON1/LON2/DLON/H
  177  189  195  196  195  193  191  191  192  193  194  195  196  196  196  195
  195  194  193  191  190  188  186  183  181  179  176  174  172  170  168  166
  165  164  163  162  162  161  161  161  161  162  162  163  163  164  165  165
  166  167  168  169  170  171  172  173  174  175  175  176  176  177  177  178
  180  182  181  182  184  182  180  171  177                                   
    85.0-180.0 180.0   5.0 450.0                            LAT/LON1/LON2/DLON/H
  196  206  194  202  208  207  206  207  208  209  210  210  210  210  210  209
  207  206  204  201  199  196  193  189  186  182  179  175  172  169  167  165
  163  162  161  161  161  161  162  162  163  164  164  165  166  167  169  170
  171  172  174  175  176  178  179  181  182  183  184  185  186  187  188  189
  192  194  193  196  191  191  187  181  196                                   
    82.5-180.0 180.0   5.0 450.0                            LAT/LON1/LON2/DLON/H
  206  206  210  208  210  210  210  211  214  214  214  215  215  215  214  212
  210  208  205  201  197  193  188  183  178  173  168  163  158  155  151  149
  147  147  147  147  148  149  151  152  154  156  157  159  160  162  163  165
  167  169  171  173  175  177  179  181  182  184  186  188  189  190  192  194
  196  197  196  197  201  191  189  178  206                                   
    80.0-180.0 180.0   5.0 450.0                            LAT/LON1/LON2/DLON/H
  207  208  201  201  205  206  209  211  213  214  215  216  216  216  215  214
  211  209  205  201  196  191  185  179  172  165  158  152  146  141  138  135
  134  135  136  138  141  143  146  149  152  154  156  158  159  161  162  164
  166  168  169  172  174  176  178  180  182  184  186  188  189  191  193  196
  197  198  197  198  207  199  201  185  207                                   
    77.5-180.0 180.0   5.0 450.0                            LAT/LON1/LON2/DLON/H
  209  203  199  201  198  199  203  205  207  208  208  209  210  209  208  206
  204  201  198  194  190  184  178  172  164  156  149  141  135  130  126  124
  125  126  130  134  138  143  147  151  155  157  159  161  162  163  165  166
  168  169  171  173  175  177  180  182  183  185  187  188  190  192  194  197
  199  201  199  202  209  204  201  194  209                                   
    75.0-180.0 180.0   5.0 450.0                            LAT/LON1/LON2/DLON/H
  211  204  199  201  196  197  199  199  201  202  201  202  202  200  198  196
  193  191  188  186  182  178  174  167  160  152  144  136  129  124  120  119
  120  124  129  135  141  147  152  157  160  163  164  165  165  166  167  168
  169  170  172  174  176  178  180  182  183  185  186  187  189  190  193  196
  198  202  202  199  206  206  204  201  211                                   
    72.5-180.0 180.0   5.0 450.0                            LAT/LON1/LON2/DLON/H
  210  209  205  205  200  199  200  201  202  202  201  201  198  195  191  187
  184  181  180  179  177  176  173  169  163  156  148  139  132  127  124  123
  125  130  136  144  151  158  164  169  172  173  174  174  174  174  174  175
  176  177  179  181  183  185  186  188  188  189  189  189  190  191  193  197
  199  203  206  206  211  210  210  209  210                                   
    70.0-180.0 180.0   5.0 450.0                            LAT/LON1/LON2/DLON/H
  219  215  212  212  204  203  203  204  206  205  203  201  197  190  184  177
  173  170  169  170  171  172  172  170  166  160  152  144  137  131  128  127
  130  135  141  149  157  165  171  175  177  178  178  177  177  177  177  179
  181  183  185  187  189  191  193  194  194  194  193  192  191  191  192  196
  199  203  207  210  216  219  220  218  219                                   
    67.5-180.0 180.0   5.0 450.0                            LAT/LON1/LON2/DLON/H
  221  220  215  215  207  205  205  206  208  208  206  203  196  187  178  169
  163  160  159  161  165  169  171  172  169  164  158  150  143  137  133  131
  133  137  143  150  158  164  169  172  174  174  173  173  173  174  176  179
  182  185  188  190  193  195  197  198  198  197  196  194  192  190  190  192
  194  199  203  206  214  218  220  221  221                                   
    65.0-180.0 180.0   5.0 450.0                            LAT/LON1/LON2/DLON/H
  221  220  214  214  207  204  204  206  210  211  209  206  198  187  176  165
  157  153  153  156  160  166  170  171  170  167  161  154  147  141  136  134
  134  136  140  145  151  156  160  163  163  163  163  163  165  168  172  176
  181  185  188  192  195  197  199  201  202  201  200  197  194  191  189  190
  191  194  198  201  209  214  218  220  221                                   
    62.5-180.0 180.0   5.0 450.0                            LAT/LON1/LON2/DLON/H
  219  217  211  211  206  201  202  205  210  211  211  208  201  190  178  166
  157  152  151  153  157  162  166  168  167  164  160  155  149  143  138  134
  132  131  133  136  140  143  146  147  148  148  148  150  154  160  166  172
  178  183  187  191  194  198  201  204  205  206  205  202  199  195  192  191
  190  191  193  195  202  207  211  214  219                                   
    60.0-180.0 180.0   5.0 450.0                            LAT/LON1/LON2/DLON/H
  215  213  208  206  202  197  197  200  206  208  209  207  201  191  180  169
  160  154  152  152  154  157  158  159  157  155  153  149  146  142  137  132
  127  124  123  123  125  127  129  130  130  131  133  137  143  150  159  167
  173  178  183  187  191  196  200  205  208  210  210  208  205  201  198  195
  192  191  192  191  196  199  203  206  215                                   
    57.5-180.0 180.0   5.0 450.0                            LAT/LON1/LON2/DLON/H
  215  213  209  207  204  197  196  198  202  204  205  204  199  191  182  173
  166  160  156  153  152  150  148  146  144  142  141  141  140  138  135  129
  123  118  115  113  114  115  116  116  116  117  120  125  134  143  153  162
  168  173  177  182  187  193  200  206  211  215  216  215  213  210  207  204
  200  198  196  193  195  196  200  204  215                                   
    55.0-180.0 180.0   5.0 450.0                            LAT/LON1/LON2/DLON/H
  222  221  220  216  213  205  203  201  203  202  200  199  195  190  184  178
  171  166  160  155  149  144  138  132  129  128  129  132  135  136  134  129
  122  116  111  108  108  108  109  108  108  108  112  118  128  139  150  159
  165  170  174  178  185  192  200  208  215  220  222  222  221  220  218  217
  213  210  208  202  203  202  205  209  222                                   
    52.5-180.0 180.0   5.0 450.0                            LAT/LON1/LON2/DLON/H
  239  241  240  236  232  225  221  215  212  206  200  196  192  188  185  181
  177  171  164  156  147  138  128  121  117  117  121  127  133  136  136  132
  126  119  114  111  110  110  109  108  106  106  109  116  127  139  150  159
  165  170  174  179  186  195  205  214  221  226  229  230  230  230  231  232
  230  229  227  220  219  218  221  226  239                                   
    50.0-180.0 180.0   5.0 450.0                            LAT/LON1/LON2/DLON/H
  266  271  270  267  263  256  251  241  232  220  208  200  193  189  186  184
  180  175  167  157  146  134  124  116  112  113  119  127  136  142  143  140
  134  128  123  120  119  119  117  114  111  109  112  119  130  142  154  164
  170  175  179  186  194  204  214  223  231  235  237  238  239  241  244  248
  249  251  251  244  244  244  248  253  266                                   
    47.5-180.0 180.0   5.0 450.0                            LAT/LON1/LON2/DLON/H
  299  307  306  305  300  296  289  276  262  243  225  211  201  194  191  188
  184  177  168  158  146  135  125  118  116  118  125  135  144  151  153  151
  145  140  136  134  134  133  131  126  121  117  119  125  136  150  163  173
  180  186  192  200  209  220  230  238  244  247  248  248  249  251  256  263
  269  274  278  273  275  277  281  286  299                                   
    45.0-180.0 180.0   5.0 450.0                            LAT/LON1/LON2/DLON/H
  334  346  344  345  340  337  330  315  297  273  250  230  215  205  199  194
  187  179  170  160  150  141  133  128  127  131  138  148  157  163  164  162
  158  154  152  152  152  152  148  141  134  129  128  135  146  160  174  186
  194  202  210  219  230  241  251  259  263  265  264  263  263  264  270  278
  286  295  302  302  307  311  316  319  334                                   
    42.5-180.0 180.0   5.0 450.0                            LAT/LON1/LON2/DLON/H
  366  379  376  378  374  371  364  350  330  304  277  254  235  222  212  203
  193  184  174  166  158  151  146  143  144  148  156  164  171  175  176  174
  171  169  169  170  172  171  167  159  149  142  141  146  157  173  188  201
  212  221  232  243  255  267  276  283  287  288  286  284  282  283  287  294
  303  313  323  326  334  341  347  346  366                                   
    40.0-180.0 180.0   5.0 450.0                            LAT/LON1/LON2/DLON/H
  390  401  395  396  394  391  385  372  354  329  302  278  258  242  228  215
  202  191  182  175  169  165  161  160  162  167  174  181  186  188  188  186
  185  185  186  189  191  190  185  176  165  157  154  158  169  185  201  217
  230  242  254  268  281  294  304  311  315  316  315  313  310  309  311  315
  322  331  341  346  355  364  369  365  390                                   
    37.5-180.0 180.0   5.0 450.0                            LAT/LON1/LON2/DLON/H
  407  414  404  400  400  396  390  379  364  342  319  298  279  262  246  230
  215  203  194  188  184  181  178  178  181  187  193  199  202  203  202  201
  201  202  204  208  210  209  203  194  182  172  167  170  180  196  213  229
  244  258  273  289  304  319  331  340  347  350  351  350  348  345  345  346
  349  354  360  363  372  381  385  379  407                                   
    35.0-180.0 180.0   5.0 450.0                            LAT/LON1/LON2/DLON/H
  423  424  412  403  402  394  386  375  362  344  327  311  297  282  265  247
  231  219  211  206  202  198  195  195  199  206  213  219  222  222  221  221
  221  222  225  227  228  227  221  211  198  187  181  182  189  203  219  236
  252  268  285  303  322  340  355  368  379  387  393  395  395  393  391  390
  387  386  388  385  391  399  401  394  423                                   
    32.5-180.0 180.0   5.0 450.0                            LAT/LON1/LON2/DLON/H
  445  442  431  418  414  402  389  374  360  345  332  322  312  299  283  266
  250  238  231  226  222  216  212  212  217  227  237  244  248  249  248  247
  247  248  248  248  247  244  237  227  214  202  194  191  195  205  220  236
  253  270  289  310  332  354  375  394  411  426  438  446  451  452  450  445
  438  432  426  416  417  423  421  417  445                                   
    30.0-180.0 180.0   5.0 450.0                            LAT/LON1/LON2/DLON/H
  480  475  468  455  450  435  416  394  374  356  344  336  329  318  303  285
  270  260  253  248  241  235  230  231  240  253  267  277  283  284  283  281
  280  277  274  269  265  259  251  240  228  215  204  198  198  204  216  231
  248  266  288  312  338  365  391  417  441  463  482  498  508  514  514  509
  499  488  475  457  454  454  450  450  480                                   
    27.5-180.0 180.0   5.0 450.0                            LAT/LON1/LON2/DLON/H
  532  524  526  519  514  501  476  445  416  391  374  364  355  342  325  307
  292  282  275  268  260  253  250  255  269  287  305  319  325  326  324  320
  315  308  299  288  279  270  260  250  238  224  212  202  198  201  210  224
  241  261  285  312  342  374  406  437  468  497  524  546  563  573  576  573
  564  552  534  508  500  495  491  496  532                                   
    25.0-180.0 180.0   5.0 450.0                            LAT/LON1/LON2/DLON/H
  601  587  600  604  603  595  568  529  491  456  430  411  396  377  355  333
  315  303  295  286  278  273  275  287  306  330  352  366  372  371  366  358
  347  334  317  300  285  273  263  252  241  229  216  204  198  198  205  218
  236  259  285  315  349  385  422  458  494  529  561  588  610  624  631  632
  627  618  598  570  558  547  546  558  601                                   
    22.5-180.0 180.0   5.0 450.0                            LAT/LON1/LON2/DLON/H
  676  660  685  703  705  705  680  639  592  548  510  480  453  424  393  364
  341  325  313  303  296  297  307  327  354  382  403  415  415  409  397  384
  366  346  323  300  282  267  256  247  238  228  216  204  197  195  202  216
  235  260  290  324  361  401  441  480  518  556  591  621  645  663  675  680
  682  678  662  637  624  610  614  631  676                                   
    20.0-180.0 180.0   5.0 450.0                            LAT/LON1/LON2/DLON/H
  742  732  770  799  804  813  794  756  707  656  608  566  526  484  441  402
  371  348  331  320  317  326  346  376  409  436  451  453  444  428  409  388
  365  339  311  287  267  252  242  236  230  222  213  203  195  194  201  215
  237  266  299  337  378  420  462  502  541  578  613  643  668  688  703  714
  723  726  717  700  690  676  684  704  742                                   
    17.5-180.0 180.0   5.0 450.0                            LAT/LON1/LON2/DLON/H
  791  793  840  875  883  899  889  858  814  763  709  658  606  551  496  446
  405  374  353  341  343  361  392  430  463  482  484  470  446  420  393  368
  341  313  286  262  244  231  224  220  217  213  207  200  194  193  200  216
  241  272  310  352  396  440  483  523  561  596  629  658  682  702  719  733
  748  757  756  750  746  734  746  765  791                                   
    15.0-180.0 180.0   5.0 450.0                            LAT/LON1/LON2/DLON/H
  822  837  884  915  925  946  945  925  890  846  794  739  680  617  552  492
  443  405  379  367  374  401  440  479  505  508  489  456  419  385  355  329
  303  277  253  233  218  208  204  203  203  203  200  196  191  191  198  215
  242  278  319  364  411  457  500  540  576  610  641  668  691  710  727  743
  760  772  779  784  785  776  791  807  822                                   
    12.5-180.0 180.0   5.0 450.0                            LAT/LON1/LON2/DLON/H
  841  863  902  922  930  954  957  946  923  889  845  794  735  669  601  536
  481  438  410  399  410  440  479  512  521  502  461  413  369  335  308  285
  263  241  221  205  194  188  186  187  190  192  192  189  186  185  192  209
  238  277  322  370  418  465  509  548  585  618  648  675  698  716  731  746
  764  777  789  801  806  802  819  832  841                                   
    10.0-180.0 180.0   5.0 450.0                            LAT/LON1/LON2/DLON/H
  853  876  901  905  908  929  933  927  913  890  856  813  760  698  632  569
  513  471  442  432  443  470  501  517  505  464  407  354  314  287  267  250
  231  213  197  184  176  173  172  175  179  182  182  180  176  175  180  197
  227  268  316  366  415  462  507  548  585  618  650  678  701  720  734  748
  764  777  791  806  815  816  834  846  853                                   
     7.5-180.0 180.0   5.0 450.0                            LAT/LON1/LON2/DLON/H
  860  881  894  881  877  889  886  880  870  855  830  795  752  699  641  584
  535  496  471  461  467  484  498  493  459  403  343  296  268  252  240  227
