data/edconvlstm_nd/pred0950.15i
     1.0            IONOSPHERE MAPS     GNSS                IONEX VERSION / TYPE
pyspatialgeodesy        IME             05-JAN-18 20:20     PGM / RUN BY / DATE 
Map Name                                                    COMMENT             
Predicted global ionosphere maps (GIM).                     DESCRIPTION         
  2015     4     5     0     0     0                        EPOCH OF FIRST MAP  
  2015     4     6     0     0     0                        EPOCH OF LAST MAP   
  7200                                                      INTERVAL            
    13                                                      # OF MAPS IN FILE   
  NONE                                                      MAPPING FUNCTION    
10.0                                                        ELEVATION CUTOFF    
One-way carrier phase leveled to code                       OBSERVABLES USED    
  6371.0                                                    BASE RADIUS         
 2                                                          MAP DIMENSION       
   450.0 450.0   0.0                                        HGT1 / HGT2 / DHGT  
    87.5 -87.5  -2.5                                        LAT1 / LAT2 / DLAT  
  -180.0 180.0   5.0                                        LON1 / LON2 / DLON  
    -1                                                      EXPONENT            
                                                            END OF HEADER       
[from data line 2574]
     7                                                      START OF TEC MAP    
  2015     4     5    12     0     0                        EPOCH OF CURRENT MAP
    87.5-180.0 180.0   5.0 450.0                            LAT/LON1/LON2/DLON/H
  166  166  163  171  174  176  177  177  180  183  184  186  187  188  189  189
  190  190  190  190  190  189  189  189  188  188  188  187  187  186  186  185
  184  183  182  181  179  178  176  174  173  171  169  167  166  164  163  162
  161  160  159  158  157  157  156  156  155  155  155  155  155  155  156  156
  156  158  156  156  160  160  166  170  166                                   
    85.0-180.0 180.0   5.0 450.0                            LAT/LON1/LON2/DLON/H
  149  157  168  168  169  176  178  182  185  188  189  191  193  194  195  196
  196  196  196  196  196  195  195  194  194  194  193  193  192  192  191  191
  190  188  187  185  183  181  179  177  175  173  171  169  167  165  164  163
  162  161  160  159  159  158  158  158  157  157  157  157  157  158  158  158
  160  161  158  157  157  156  161  168  149                                   
    82.5-180.0 180.0   5.0 450.0                            LAT/LON1/LON2/DLON/H
  129  147  153  153  155  163  167  172  176  180  183  186  188  190  192  193
  194  194  194  194  194  193  193  193  193  193  193  193  193  193  193  192
  191  190  188  186  183  180  177  174  171  168  165  162  160  158  156  155
  154  153  152  151  151  150  149  149  148  148  147  147  146  146  146  146
  146  147  143  145  143  150  150  145  129                                   
    80.0-180.0 180.0   5.0 450.0                            LAT/LON1/LON2/DLON/H
  118  132  139  141  142  148  153  160  166  171  175  179  182  185  187  189
  190  190  190  189  189  189  188  188  189  189  190  191  193  194  195  196
  196  195  194  192  189  186  183  179  175  172  169  166  164  162  161  160
  159  159  158  158  157  156  155  154  153  151  150  148  147  145  144  143
  142  141  138  138  134  136  140  133  118                                   
    77.5-180.0 180.0   5.0 450.0                            LAT/LON1/LON2/DLON/H
  114  119  125  125  126  132  136  142  148  153  158  163  167  171  174  176
  177  178  179  179  179  179  179  180  181  183  186  189  192  195  198  201
  203  204  204  203  200  198  194  191  187  184  181  179  178  176  176  175
  175  175  175  174  173  171  169  167  165  162  159  156  153  150  147  145
  142  139  134  133  132  128  130  128  114                                   
    75.0-180.0 180.0   5.0 450.0                            LAT/LON1/LON2/DLON/H
  105  111  111  113  112  118  121  126  132  138  142  147  152  156  159  161
  164  165  166  167  168  169  171  173  175  178  182  187  192  198  203  208
  212  215  216  216  215  213  211  208  205  203  201  200  199  199  199  200
  200  200  200  198  197  194  191  187  183  179  175  170  166  162  157  154
  149  144  138  133  130  127  128  120  105                                   
    72.5-180.0 180.0   5.0 450.0                            LAT/LON1/LON2/DLON/H
  100  105  103  105  103  107  111  114  119  123  127  131  135  139  143  146
  149  152  155  157  160  162  164  167  171  175  180  186  193  200  208  214
  220  224  227  229  229  229  227  226  224  223  223  223  223  224  226  227
  227  227  225  223  220  215  210  205  199  193  187  182  176  171  166  161
  155  149  143  136  130  126  127  122  100                                   
    70.0-180.0 180.0   5.0 450.0                            LAT/LON1/LON2/DLON/H
  100  102  100  101   99  102  104  107  110  113  115  118  121  125  128  132
  136  141  145  149  153  157  161  165  169  174  180  186  194  202  211  219
  226  232  236  239  240  241  241  240  240  240  241  243  245  247  248  250
  250  248  246  242  236  230  222  215  207  200  192  186  180  174  168  163
  157  151  144  136  130  126  128  124  100                                   
    67.5-180.0 180.0   5.0 450.0                            LAT/LON1/LON2/DLON/H
   97  100  100  101  100  103  104  106  108  109  110  112  113  116  120  124
  129  135  141  147  152  158  162  167  171  176  181  188  195  204  213  221
  229  236  241  245  247  249  250  251  252  254  256  259  262  265  267  267
  267  264  259  253  245  236  227  217  208  199  191  184  177  171  165  160
  155  148  142  134  127  123  123  121   97                                   
    65.0-180.0 180.0   5.0 450.0                            LAT/LON1/LON2/DLON/H
   93   97   97   99   98  102  104  105  106  106  106  106  106  108  111  116
  122  129  136  144  151  158  163  168  173  177  181  187  194  203  212  221
  229  236  242  246  250  252  255  257  260  263  266  270  273  276  278  278
  275  271  264  255  245  234  222  211  201  191  182  175  168  161  155  150
  145  139  133  126  120  117  117  115   93                                   
    62.5-180.0 180.0   5.0 450.0                            LAT/LON1/LON2/DLON/H
   87   90   91   94   94   98  101  104  105  104  102  101  101  102  105  109
  116  123  132  141  149  157  164  169  173  176  180  185  191  199  208  217
  226  233  239  244  249  253  256  260  264  268  272  276  280  282  283  282
  278  271  262  251  240  227  215  203  192  182  173  165  157  150  144  138
  132  126  120  114  108  105  104  102   87                                   
    60.0-180.0 180.0   5.0 450.0                            LAT/LON1/LON2/DLON/H
   80   81   82   85   86   91   95   98  100  100   98   96   95   95   98  102
  109  117  126  136  145  154  162  168  172  175  178  183  189  197  206  216
  224  232  239  244  249  254  259  264  268  273  277  282  285  287  287  285
  279  271  261  249  237  224  212  201  190  180  171  162  154  146  138  131
  123  116  109  102   97   92   90   89   80                                   
    57.5-180.0 180.0   5.0 450.0                            LAT/LON1/LON2/DLON/H
   77   74   74   76   77   82   87   91   94   94   93   91   90   90   92   96
  102  110  120  131  142  152  161  168  173  176  180  184  191  200  210  221
  230  238  245  251  257  263  268  273  278  283  287  291  294  296  295  291
  285  276  265  254  242  231  220  210  200  191  181  173  163  154  144  135
  125  115  107   99   92   86   82   80   77                                   
    55.0-180.0 180.0   5.0 450.0                            LAT/LON1/LON2/DLON/H
   80   73   72   71   71   75   81   84   87   88   88   87   85   85   87   91
   97  106  116  127  139  151  162  171  177  182  187  192  201  211  223  234
  244  253  260  266  273  279  285  290  295  298  302  304  307  307  306  302
  296  287  277  267  257  248  238  229  221  212  204  195  185  175  163  152
  139  128  116  107   98   90   84   81   80                                   
    52.5-180.0 180.0   5.0 450.0                            LAT/LON1/LON2/DLON/H
   93   82   80   75   73   75   79   82   84   86   86   85   83   83   84   89
   95  104  115  128  141  155  168  179  188  194  201  208  219  231  245  257
  268  277  284  291  298  305  311  315  317  319  320  321  322  322  321  317
  311  304  296  287  279  272  264  256  249  241  233  224  214  203  192  179
  165  151  137  127  117  106   99   93   93                                   
    50.0-180.0 180.0   5.0 450.0                            LAT/LON1/LON2/DLON/H
  114  103   98   89   84   84   86   86   88   89   88   87   85   84   86   90
   98  108  120  133  148  163  179  192  204  213  222  232  244  258  273  286
  298  307  315  323  331  338  343  345  345  343  341  340  339  338  337  333
  328  322  315  309  303  297  290  283  276  268  260  251  242  232  221  209
  194  180  165  154  144  134  126  118  114                                   
    47.5-180.0 180.0   5.0 450.0                            LAT/LON1/LON2/DLON/H
  141  132  124  113  105  102  101   98   98   98   97   95   92   90   91   96
  105  116  129  143  159  177  194  210  224  236  247  259  273  288  303  318
  330  341  350  360  369  376  379  379  375  369  363  358  355  353  351  347
  342  337  332  327  322  316  310  302  294  285  276  267  258  248  239  229
  217  205  191  181  172  165  157  149  141                                   
    45.0-180.0 180.0   5.0 450.0                            LAT/LON1/LON2/DLON/H
  167  162  154  142  132  126  122  117  115  113  110  107  103  100  100  105
  115  128  142  158  174  192  211  230  246  260  273  286  301  316  332  347
  361  373  386  398  408  416  418  415  406  396  385  376  371  367  363  358
  353  348  343  338  333  326  318  308  298  287  276  266  256  247  239  232
  223  215  204  198  192  190  185  178  167                                   
    42.5-180.0 180.0   5.0 450.0                            LAT/LON1/LON2/DLON/H
  184  187  180  171  161  153  146  139  134  131  127  122  116  112  112  117
  127  141  157  173  190  208  227  247  266  282  296  310  325  340  356  372
  388  404  420  435  449  457  458  452  440  424  409  396  387  381  375  369
  363  356  351  345  338  329  318  305  291  277  264  250  238  229  222  217
  211  207  200  197  197  201  200  193  184                                   
    40.0-180.0 180.0   5.0 450.0                            LAT/LON1/LON2/DLON/H
  189  200  195  190  183  175  168  159  153  148  143  138  131  125  124  128
  139  154  171  187  203  221  240  261  281  299  314  328  342  358  374  392
  412  432  453  474  491  501  503  494  479  459  439  422  410  400  393  385
  377  370  363  356  347  335  320  303  286  269  251  234  218  206  198  193
  189  186  182  181  185  193  197  189  189                                   
    37.5-180.0 180.0   5.0 450.0                            LAT/LON1/LON2/DLON/H
  183  198  197  195  194  187  182  174  167  162  157  151  144  137  135  139
  150  165  181  197  213  230  249  270  291  310  326  340  354  370  388  410
  434  461  489  516  538  552  555  546  527  504  481  460  445  433  423  413
  404  396  388  379  369  354  337  317  297  277  256  234  213  195  183  176
  169  165  160  159  165  173  181  172  183                                   
    35.0-180.0 180.0   5.0 450.0                            LAT/LON1/LON2/DLON/H
  170  187  187  188  192  188  185  178  173  170  166  161  154  147  144  147
  157  172  188  204  219  235  254  275  297  317  334  348  363  380  401  427
  459  494  530  565  593  611  616  608  589  565  539  516  498  484  472  462
  452  443  435  426  415  400  381  360  339  316  291  264  236  212  194  181
  169  159  150  143  147  151  162  151  170                                   
    32.5-180.0 180.0   5.0 450.0                            LAT/LON1/LON2/DLON/H
  158  172  171  176  181  178  178  174  171  169  167  165  160  154  150  152
  161  175  191  207  222  238  257  279  301  322  340  355  372  392  418  451
  491  535  580  622  655  677  685  679  662  639  613  590  571  556  544  533
  524  516  508  501  491  477  458  438  416  391  362  329  295  263  237  217
  198  181  164  149  148  143  151  136  158                                   
    30.0-180.0 180.0   5.0 450.0                            LAT/LON1/LON2/DLON/H
  155  163  158  164  169  166  166  163  162  162  163  163  161  156  153  154
  161  175  191  208  225  242  261  283  306  328  347  365  385  410  443  484
  533  585  637  683  720  744  755  752  739  719  697  677  659  645  635  626
  618  612  608  603  596  585  569  550  528  501  468  429  388  348  315  286
  259  233  207  182  173  159  157  137  155                                   
    27.5-180.0 180.0   5.0 450.0                            LAT/LON1/LON2/DLON/H
  164  165  154  159  162  157  157  154  152  153  155  157  157  155  152  152
  158  171  189  208  227  247  267  290  313  336  357  379  404  437  477  527
  582  640  694  741  778  802  813  814  807  794  779  764  751  741  733  727
  723  720  719  719  717  710  699  682  660  632  595  551  503  458  418  383
  348  314  277  242  224  200  185  157  164                                   
    25.0-180.0 180.0   5.0 450.0                            LAT/LON1/LON2/DLON/H
  190  183  164  164  164  156  154  150  147  146  147  150  151  150  148  147
  152  165  185  207  231  253  276  299  323  346  371  397  429  468  517  572
  632  691  744  787  818  839  850  855  855  852  845  838  832  828  824  821
  819  819  822  826  828  826  818  803  781  751  711  665  615  568  527  488
  450  412  366  322  294  263  233  196  190                                   
    22.5-180.0 180.0   5.0 450.0                            LAT/LON1/LON2/DLON/H
  228  216  190  181  175  165  160  153  148  145  143  144  145  144  142  140
  145  158  179  206  234  260  284  308  333  358  386  417  455  501  555  614
  674  730  777  812  835  850  861  871  879  884  888  890  892  892  892  891
  890  892  896  902  906  906  898  882  857  823  781  735  689  647  610  574
  537  503  454  408  372  336  296  249  228                                   
    20.0-180.0 180.0   5.0 450.0                            LAT/LON1/LON2/DLON/H
  272  258  227  208  194  181  173  164  156  149  144  141  140  138  135  133
  137  150  174  204  236  265  292  317  342  369  400  436  480  530  586  644
  701  750  787  811  826  836  847  861  877  892  905  916  924  929  930  929
  928  929  933  937  940  937  926  904  872  832  787  744  705  672  646  618
  589  563  522  478  441  403  361  308  272                                   
    17.5-180.0 180.0   5.0 450.0                            LAT/LON1/LON2/DLON/H
  309  296  267  238  217  200  191  180  170  159  150  143  138  134  130  127
  130  143  168  202  237  269  296  322  348  377  412  453  500  552  607  661
  710  749  776  790  797  804  815  834  856  880  901  918  930  936  937  934
  931  929  930  932  930  923  905  875  833  784  736  695  665  645  631  615
  597  582  555  519  488  451  412  363  309                                   
    15.0-180.0 180.0   5.0 450.0                            LAT/LON1/LON2/DLON/H
  334  322  298  265  237  218  209  197  185  172  158  147  139  133  127  122
  124  138  164  198  235  269  298  324  352  384  422  466  515  566  617  665
  705  735  753  759  762  767  780  802  830  859  884  904  916  920  918  911
  903  898  895  892  887  875  851  813  762  705  652  613  590  580  578  574
  568  565  553  528  507  475  441  400  334                                   
    12.5-180.0 180.0   5.0 450.0                            LAT/LON1/LON2/DLON/H
  344  332  313  280  250  230  220  209  197  183  168  154  143  134  126  120
  122  135  160  194  231  266  296  324  355  391  432  479  527  576  622  663
  695  717  728  731  733  739  755  781  811  840  865  883  891  891  883  871
  858  848  842  837  829  814  787  744  687  624  567  528  508  504  509  513
  515  522  524  511  500  476  447  412  344                                   
    10.0-180.0 180.0   5.0 450.0                            LAT/LON1/LON2/DLON/H
  341  329  314  281  252  232  223  214  203  191  176  161  148  137  128  122
  122  134  158  190  227  261  293  324  359  399  444  492  540  586  627  661
  687  704  713  717  721  732  752  778  808  835  855  867  869  862  847  829
  813  801  793  787  778  762  733  689  629  564  505  466  447  444  450  454
  460  470  480  478  475  459  437  404  341                                   
     7.5-180.0 180.0   5.0 450.0                            LAT/LON1/LON2/DLON/H
  331  319  304  273  246  226  218  211  203  192  179  166  153  142  132  126
  126  136  157  187  222  257  291  326  366  411  460  509  555  597  633  663
