data/edconvlstm_nd/pred3170.15i
     1.0            IONOSPHERE MAPS     GNSS                IONEX VERSION / TYPE
pyspatialgeodesy        IME             05-JAN-18 20:20     PGM / RUN BY / DATE 
Map Name                                                    COMMENT             
Predicted global ionosphere maps (GIM).                     DESCRIPTION         
  2015    11    13     0     0     0                        EPOCH OF FIRST MAP  
  2015    11    14     0     0     0                        EPOCH OF LAST MAP   
  7200                                                      INTERVAL            
    13                                                      # OF MAPS IN FILE   
  NONE                                                      MAPPING FUNCTION    
10.0                                                        ELEVATION CUTOFF    
One-way carrier phase leveled to code                       OBSERVABLES USED    
  6371.0                                                    BASE RADIUS         
 2                                                          MAP DIMENSION       
   450.0 450.0   0.0                                        HGT1 / HGT2 / DHGT  
    87.5 -87.5  -2.5                                        LAT1 / LAT2 / DLAT  
  -180.0 180.0   5.0                                        LON1 / LON2 / DLON  
    -1                                                      EXPONENT            
                                                            END OF HEADER       
[from data line 1287]
     4                                                      START OF TEC MAP    
  2015    11    13     6     0     0                        EPOCH OF CURRENT MAP
    87.5-180.0 180.0   5.0 450.0                            LAT/LON1/LON2/DLON/H
   29   38   33   36   36   36   35   31   32   33   33   34   34   34   34   34
   34   34   34   33   33   32   32   32   31   31   31   31   30   30   30   29
   29   29   29   28   28   28   28   27   27   27   28   28   28   28   29   29
   30   30   30   31   31   31   31   32   32   32   31   31   31   31   30   31
   31   31   29   30   35   46   55   50   29                                   
    85.0-180.0 180.0   5.0 450.0                            LAT/LON1/LON2/DLON/H
   15   40   36   37   39   41   41   40   41   42   42   42   43   43   43   43
   43   43   43   42   42   42   42   42   41   41   41   41   41   41   40   40
   40   40   40   40   39   39   39   39   39   39   40   40   41   41   42   42
   43   43   44   44   44   45   45   45   45   44   44   44   43   43   42   42
   43   42   39   41   45   46   58   49   15                                   
    82.5-180.0 180.0   5.0 450.0                            LAT/LON1/LON2/DLON/H
   17   26   38   36   36   38   38   37   38   39   39   40   41   41   42   42
   42   41   41   41   40   40   39   39   38   38   38   38   38   38   38   38
   38   38   38   38   38   38   38   38   39   39   40   41   41   42   43   44
   45   46   47   47   48   48   48   48   48   48   47   47   46   45   44   44
   43   43   40   39   49   40   42   38   17                                   
    80.0-180.0 180.0   5.0 450.0                            LAT/LON1/LON2/DLON/H
   25   27   36   30   35   33   34   33   35   36   36   38   39   40   40   40
   40   40   40   39   38   37   37   36   35   35   35   35   35   36   36   37
   37   37   38   38   38   38   38   39   39   40   41   42   44   45   47   48
   49   50   52   52   53   54   54   54   54   54   53   53   52   50   49   48
   46   44   44   42   49   41   39   36   25                                   
    77.5-180.0 180.0   5.0 450.0                            LAT/LON1/LON2/DLON/H
   36   32   32   26   26   26   27   26   28   29   30   32   34   36   37   38
   38   38   37   36   35   34   32   31   30   30   29   29   30   31   31   32
   33   33   34   34   34   34   34   34   35   36   38   40   42   44   46   48
   50   52   54   56   57   58   59   60   60   60   59   58   57   55   53   51
   48   46   43   42   41   27   28   29   36                                   
    75.0-180.0 180.0   5.0 450.0                            LAT/LON1/LON2/DLON/H
   32   32   30   25   24   25   26   25   26   27   27   30   32   33   35   36
   36   36   36   35   33   31   30   28   27   27   27   27   28   29   31   32
   33   33   33   33   32   32   31   32   32   34   36   38   41   45   48   51
   54   57   60   62   64   66   68   69   70   70   70   69   67   65   62   59
   54   51   48   42   41   28   28   26   32                                   
    72.5-180.0 180.0   5.0 450.0                            LAT/LON1/LON2/DLON/H
   38   34   32   26   26   29   29   28   28   28   28   31   32   34   36   37
   38   38   37   35   33   31   29   27   26   25   26   26   28   30   32   33
   34   35   35   34   33   32   32   32   33   35   38   42   46   51   55   60
   64   68   71   74   77   80   82   84   86   86   86   85   83   79   75   71
   66   61   58   52   49   35   34   32   38                                   
    70.0-180.0 180.0   5.0 450.0                            LAT/LON1/LON2/DLON/H
   45   39   39   34   33   34   34   32   31   31   30   32   33   35   37   38
   38   38   37   36   34   31   29   27   26   26   26   27   29   32   34   36
   37   37   37   35   34   33   32   32   34   37   41   46   52   58   64   70
   75   80   84   88   92   95   98  101  102  103  103  101   98   94   88   83
   77   71   67   60   55   43   43   40   45                                   
    67.5-180.0 180.0   5.0 450.0                            LAT/LON1/LON2/DLON/H
   48   41   41   37   36   37   36   35   33   32   31   32   33   34   35   36
   36   36   35   34   32   30   27   26   25   25   25   27   29   31   33   35
   36   35   34   33   31   30   29   30   33   37   43   49   57   65   72   78
   84   90   95  100  104  108  111  114  115  116  115  112  108  103   96   90
   82   75   71   62   58   47   46   44   48                                   
    65.0-180.0 180.0   5.0 450.0                            LAT/LON1/LON2/DLON/H
   50   43   42   39   37   38   38   37   36   35   34   34   34   34   35   35
   36   36   35   33   31   30   28   26   26   26   26   27   29   30   32   33
   34   33   32   30   28   27   28   29   33   39   47   56   65   74   82   90
   97  103  109  114  119  124  127  130  131  131  129  125  120  114  105   97
   89   80   75   65   61   51   49   49   50                                   
    62.5-180.0 180.0   5.0 450.0                            LAT/LON1/LON2/DLON/H
   50   43   41   38   36   37   38   38   38   38   36   37   36   35   36   36
   36   36   35   34   32   30   29   28   28   28   28   28   29   30   31   31
   31   30   29   28   27   27   28   31   37   45   54   64   75   85   94  103
  111  118  124  130  136  141  144  146  147  146  143  139  133  125  116  107
   97   86   80   70   65   54   51   52   50                                   
    60.0-180.0 180.0   5.0 450.0                            LAT/LON1/LON2/DLON/H
   51   42   38   34   32   32   33   34   36   36   36   36   35   35   35   35
   35   34   34   33   31   30   29   29   29   29   29   28   28   27   27   27
   27   26   25   25   25   26   28   33   40   50   60   72   84   95  105  114
  122  130  137  144  150  155  158  160  160  158  154  150  143  135  126  116
  105   93   86   76   70   57   53   52   51                                   
    57.5-180.0 180.0   5.0 450.0                            LAT/LON1/LON2/DLON/H
   54   42   37   30   27   26   28   29   32   33   34   35   35   34   34   34
   34   34   33   32   31   31   30   30   30   30   30   29   27   26   25   24
   24   24   24   24   26   28   32   38   47   57   69   82   94  105  115  125
  133  142  150  157  164  169  173  174  173  171  168  163  157  149  140  130
  119  106   99   88   80   64   58   57   54                                   
    55.0-180.0 180.0   5.0 450.0                            LAT/LON1/LON2/DLON/H
   62   46   39   30   25   23   23   24   27   29   30   32   32   33   33   34
   34   34   33   32   31   31   31   31   32   32   31   29   27   25   23   22
   22   23   25   26   29   32   37   45   55   66   79   91  103  115  125  135
  144  153  162  170  177  182  186  187  187  184  181  177  171  165  157  148
  136  123  115  103   94   76   69   66   62                                   
    52.5-180.0 180.0   5.0 450.0                            LAT/LON1/LON2/DLON/H
   76   57   47   35   29   24   24   23   25   26   27   29   30   31   32   33
   34   34   33   32   32   31   32   32   33   33   32   30   28   25   23   23
   24   26   28   31   34   39   45   54   64   76   89  101  113  125  135  146
  155  164  174  182  189  195  198  200  199  197  194  191  186  181  174  166
  154  142  134  121  111   92   85   80   76                                   
    50.0-180.0 180.0   5.0 450.0                            LAT/LON1/LON2/DLON/H
   94   75   62   50   40   34   31   28   27   27   26   28   28   30   31   33
   34   34   34   33   32   32   33   34   35   35   35   33   30   27   26   26
   27   30   34   38   42   48   55   64   75   88  100  112  124  135  146  157
  166  176  185  193  200  206  209  211  210  209  206  204  200  195  189  181
  171  159  150  136  126  109  103   97   94                                   
    47.5-180.0 180.0   5.0 450.0                            LAT/LON1/LON2/DLON/H
  113   97   84   72   61   53   47   40   35   32   30   29   29   30   32   33
   34   34   34   34   34   34   35   36   37   38   38   36   34   31   30   31
   33   37   42   46   52   58   66   76   88  100  112  124  136  147  158  169
  178  187  196  203  210  215  218  219  219  218  216  213  210  205  199  192
  182  171  160  145  136  121  119  114  113                                   
    45.0-180.0 180.0   5.0 450.0                            LAT/LON1/LON2/DLON/H
  127  116  105   98   87   79   70   58   50   43   37   35   34   34   34   35
   35   35   35   35   35   36   38   39   41   42   42   40   38   37   36   36
   39   43   49   55   61   68   77   88  101  114  126  138  149  161  172  182
  191  199  206  212  218  222  224  225  224  223  222  219  215  210  203  195
  185  174  163  147  138  125  125  123  127                                   
    42.5-180.0 180.0   5.0 450.0                            LAT/LON1/LON2/DLON/H
  131  126  119  117  109  104   94   80   68   57   49   44   41   40   39   38
   37   36   36   37   38   40   42   44   45   45   45   45   43   42   41   41
   44   49   54   61   68   77   88  101  115  129  142  153  165  176  186  196
  203  210  215  220  225  228  229  229  228  227  226  223  218  211  203  194
  184  171  158  141  131  118  119  120  131                                   
    40.0-180.0 180.0   5.0 450.0                            LAT/LON1/LON2/DLON/H
  123  120  117  120  119  117  110   98   85   72   62   56   52   49   47   44
   42   40   40   42   44   47   48   49   49   49   49   48   47   46   44   45
   47   51   57   65   73   84   98  114  130  146  159  170  181  192  202  210
  216  221  225  229  232  234  234  233  232  231  229  226  220  212  203  193
  181  167  153  133  120  104  104  107  123                                   
    37.5-180.0 180.0   5.0 450.0                            LAT/LON1/LON2/DLON/H
  105  102   99  106  109  113  110  103   93   82   73   68   64   60   57   53
   49   48   48   50   53   55   57   56   55   53   53   52   51   49   48   47
   49   53   59   67   77   90  107  126  145  162  176  187  198  208  217  225
  230  234  237  240  242  243  243  242  241  239  237  234  228  219  209  198
  186  169  153  131  113   89   86   89  105                                   
    35.0-180.0 180.0   5.0 450.0                            LAT/LON1/LON2/DLON/H
   85   76   72   79   86   93   96   94   89   82   77   75   73   71   68   64
   60   58   59   61   64   66   66   64   61   59   57   56   55   53   51   50
   50   53   59   68   80   96  115  138  160  178  193  204  214  224  233  240
  245  249  252  255  258  260  260  258  257  255  253  250  244  236  226  217
  204  187  170  144  120   85   76   77   85                                   
    32.5-180.0 180.0   5.0 450.0                            LAT/LON1/LON2/DLON/H
   72   52   44   50   57   65   71   75   75   74   74   76   78   79   78   75
   72   70   71   74   76   77   76   73   69   65   63   61   60   58   55   53
   52   55   60   69   82  100  123  148  172  192  208  220  230  241  250  257
  263  267  272  277  282  285  285  284  282  280  278  276  272  266  259  251
  240  225  209  178  150  101   86   81   72                                   
    30.0-180.0 180.0   5.0 450.0                            LAT/LON1/LON2/DLON/H
   75   40   24   27   32   39   46   51   56   60   64   71   76   81   83   82
   82   82   83   85   87   87   84   81   76   73   70   68   67   64   60   57
   56   57   62   71   84  104  129  156  182  204  221  234  246  257  268  276
  283  290  298  305  312  317  319  318  317  315  314  313  311  308  304  300
  292  280  265  232  203  142  121  107   75                                   
    27.5-180.0 180.0   5.0 450.0                            LAT/LON1/LON2/DLON/H
  100   48   22   18   18   21   27   33   39   45   53   61   69   76   81   85
   87   89   90   92   92   92   90   88   84   81   78   76   73   69   65   61
   60   61   65   73   87  107  133  162  190  214  233  248  262  275  287  298
  308  317  328  339  349  356  360  361  360  359  358  358  359  359  360  360
  356  347  333  300  271  205  180  158  100                                   
    25.0-180.0 180.0   5.0 450.0                            LAT/LON1/LON2/DLON/H
  151   85   46   30   22   19   21   25   30   37   44   52   61   69   75   81
   86   89   91   92   92   92   92   92   91   89   86   82   77   73   68   65
   64   65   69   77   90  111  137  167  196  222  243  262  278  294  309  322
  335  348  363  377  390  400  406  409  410  409  409  410  412  416  421  425
  425  420  407  375  349  282  253  232  151                                   
    22.5-180.0 180.0   5.0 450.0                            LAT/LON1/LON2/DLON/H
  227  151  101   72   53   40   34   33   36   39   44   49   55   61   68   74
   79   83   85   86   86   88   91   95   97   96   92   87   80   75   71   69
   69   70   74   81   94  114  140  170  201  229  253  275  296  315  333  349
  365  381  399  418  434  446  454  458  461  461  462  463  467  473  481  488
  491  490  478  451  426  366  335  320  227                                   
    20.0-180.0 180.0   5.0 450.0                            LAT/LON1/LON2/DLON/H
  318  242  184  145  112   87   71   64   60   58   56   56   56   59   63   67
   71   74   75   76   77   81   88   95  100  101   97   89   81   75   72   71
   72   73   77   84   97  117  143  174  205  235  263  290  315  338  358  377
  395  415  435  456  473  487  496  502  505  507  507  509  514  521  530  539
  544  546  537  516  490  444  418  410  318                                   
    17.5-180.0 180.0   5.0 450.0                            LAT/LON1/LON2/DLON/H
  407  341  282  240  193  158  132  117  105   95   85   76   69   66   65   65
   65   66   66   67   70   75   84   94  102  105  100   91   82   75   72   72
   73   74   78   85   99  120  147  178  210  243  274  305  333  359  382  403
  424  445  467  488  505  518  526  532  536  538  539  540  544  551  560  568
  573  576  572  558  534  504  488  484  407                                   
    15.0-180.0 180.0   5.0 450.0                            LAT/LON1/LON2/DLON/H
  470  423  373  334  280  240  206  185  166  148  128  110   95   84   77   71
   67   64   63   64   67   73   84   96  105  109  104   94   83   75   72   71
   72   74   78   86  101  123  151  183  216  251  285  319  350  379  404  426
  447  469  491  510  525  535  541  546  549  551  552  553  556  562  568  573
  576  579  577  569  551  535  529  523  470                                   
    12.5-180.0 180.0   5.0 450.0                            LAT/LON1/LON2/DLON/H
  496  466  432  400  350  311  277  255  232  208  180  154  132  114  100   89
   79   72   69   68   71   78   89  101  111  114  108   97   85   76   71   70
   70   72   76   86  103  127  156  188  223  259  295  330  364  394  419  442
  463  485  505  522  533  539  542  544  546  548  549  551  553  556  558  560
  559  560  560  555  544  538  535  526  496                                   
    10.0-180.0 180.0   5.0 450.0                            LAT/LON1/LON2/DLON/H
  489  470  448  421  385  353  325  308  288  262  231  201  175  152  133  116
  101   90   84   83   85   91  101  112  119  120  113  101   89   79   72   69
   69   70   75   87  105  130  160  193  228  264  301  338  372  402  428  451
  472  492  510  522  530  532  531  531  533  535  537  539  540  541  540  538
  535  533  532  530  525  522  517  504  489                                   
     7.5-180.0 180.0   5.0 450.0                            LAT/LON1/LON2/DLON/H
  463  446  430  401  381  358  340  333  319  298  271  243  217  194  172  151
  131  117  109  107  108  112  118  125  129  127  119  107   94   83   76   71
