data/edconvlstm_nd/pred0930.15i
     1.0            IONOSPHERE MAPS     GNSS                IONEX VERSION / TYPE
pyspatialgeodesy        IME             05-JAN-18 20:20     PGM / RUN BY / DATE 
Map Name                                                    COMMENT             
Predicted global ionosphere maps (GIM).                     DESCRIPTION         
  2015     4     3     0     0     0                        EPOCH OF FIRST MAP  
  2015     4     4     0     0     0                        EPOCH OF LAST MAP   
  7200                                                      INTERVAL            
    13                                                      # OF MAPS IN FILE   
  NONE                                                      MAPPING FUNCTION    
10.0                                                        ELEVATION CUTOFF    
One-way carrier phase leveled to code                       OBSERVABLES USED    
  6371.0                                                    BASE RADIUS         
 2                                                          MAP DIMENSION       
   450.0 450.0   0.0                                        HGT1 / HGT2 / DHGT  
    87.5 -87.5  -2.5                                        LAT1 / LAT2 / DLAT  
  -180.0 180.0   5.0                                        LON1 / LON2 / DLON  
    -1                                                      EXPONENT            
                                                            END OF HEADER       
[from data line 3861]
    10                                                      START OF TEC MAP    
  2015     4     3    18     0     0                        EPOCH OF CURRENT MAP
    87.5-180.0 180.0   5.0 450.0                            LAT/LON1/LON2/DLON/H
  210  210  202  209  211  212  213  213  214  216  216  217  218  218  219  219
  220  220  219  219  219  218  217  216  215  214  212  211  210  208  207  206
  204  203  202  201  200  199  199  198  198  197  197  197  197  197  197  197
  197  197  198  198  198  198  198  198  198  199  199  199  199  199  199  199
  199  200  199  200  210  210  209  202  210                                   
    85.0-180.0 180.0   5.0 450.0                            LAT/LON1/LON2/DLON/H
  204  207  214  209  208  213  215  218  219  221  221  222  223  224  225  226
  227  227  227  227  226  225  224  223  222  220  219  217  216  214  212  211
  209  208  207  206  205  204  203  202  202  202  201  201  201  201  201  201
  201  201  201  201  201  201  201  201  201  201  201  201  200  200  200  200
  201  201  200  199  203  196  196  198  204                                   
    82.5-180.0 180.0   5.0 450.0                            LAT/LON1/LON2/DLON/H
  182  193  194  191  194  201  204  208  208  211  213  215  217  219  221  222
  224  225  225  225  225  224  223  221  220  218  215  213  211  209  207  205
  203  201  200  199  197  196  196  195  194  194  194  193  193  193  193  193
  193  193  192  192  191  191  190  189  188  188  187  186  185  184  184  183
  183  182  180  184  183  187  180  171  182                                   
    80.0-180.0 180.0   5.0 450.0                            LAT/LON1/LON2/DLON/H
  159  166  170  169  172  177  182  189  192  196  198  202  204  207  210  212
  214  215  216  216  215  214  212  210  208  205  202  199  196  193  190  187
  184  182  180  178  177  176  175  174  173  173  173  173  173  173  173  173
  173  173  173  173  173  172  171  170  169  168  166  165  164  162  161  160
  159  158  156  158  155  151  148  145  159                                   
    77.5-180.0 180.0   5.0 450.0                            LAT/LON1/LON2/DLON/H
  141  140  147  148  155  161  166  172  176  180  183  187  191  195  198  202
  205  208  209  210  210  209  207  205  202  198  195  192  188  185  182  179
  176  174  172  170  169  168  167  166  165  165  164  164  164  164  164  164
  164  164  164  164  163  161  160  158  156  154  152  150  147  145  143  140
  138  135  133  133  134  126  127  128  141                                   
    75.0-180.0 180.0   5.0 450.0                            LAT/LON1/LON2/DLON/H
  123  126  131  134  141  150  154  159  164  169  172  177  181  186  191  196
  201  204  207  209  209  208  207  204  201  198  194  190  186  182  179  175
  172  169  167  165  163  161  160  158  157  156  155  154  154  154  154  154
  155  155  155  154  153  151  149  146  144  141  139  136  134  131  128  126
  123  120  118  113  114  109  110  104  123                                   
    72.5-180.0 180.0   5.0 450.0                            LAT/LON1/LON2/DLON/H
  111  118  123  131  138  146  151  155  158  162  166  171  176  182  189  196
  203  209  213  216  217  216  215  212  209  205  201  197  193  188  184  180
  176  173  170  167  165  163  161  159  157  155  153  151  151  150  150  151
  151  151  151  150  148  146  143  140  137  134  131  128  125  122  120  117
  113  110  107  102  101   99  101  102  111                                   
    70.0-180.0 180.0   5.0 450.0                            LAT/LON1/LON2/DLON/H
  108  117  122  130  138  146  150  154  156  159  163  167  174  181  190  199
  208  215  221  225  227  228  227  224  221  218  213  209  204  199  193  188
  183  179  175  171  168  165  162  159  156  153  150  148  146  144  144  144
  144  144  144  142  140  138  134  131  127  124  121  119  116  114  112  110
  106  103  100   95   96   95   99   99  108                                   
    67.5-180.0 180.0   5.0 450.0                            LAT/LON1/LON2/DLON/H
  110  121  129  139  148  156  160  162  164  166  168  174  181  190  201  212
  223  232  240  245  248  249  248  246  243  239  235  230  224  218  212  205
  199  193  188  183  179  175  171  168  164  160  156  152  149  146  145  144
  144  143  143  141  139  136  132  129  125  122  119  117  115  113  111  109
  106  104  101   95   95   95   99  101  110                                   
    65.0-180.0 180.0   5.0 450.0                            LAT/LON1/LON2/DLON/H
  111  124  132  144  153  162  164  167  167  169  172  178  186  197  209  223
  235  246  255  261  265  267  266  265  262  258  253  248  242  235  228  221
  214  207  200  194  189  184  180  176  171  166  161  155  150  145  142  140
  138  137  136  134  131  128  124  121  117  115  112  110  108  106  105  104
  101  100   98   94   95   96  100  103  111                                   
    62.5-180.0 180.0   5.0 450.0                            LAT/LON1/LON2/DLON/H
  111  125  134  148  158  166  169  171  172  174  178  185  195  208  222  237
  250  261  270  277  281  283  283  282  279  275  270  264  258  251  244  236
  229  221  213  207  201  196  191  186  181  175  168  161  154  147  141  137
  134  132  130  127  125  122  119  116  113  111  109  107  105  104  102  101
   99   97   96   92   93   94   97  101  111                                   
    60.0-180.0 180.0   5.0 450.0                            LAT/LON1/LON2/DLON/H
  109  123  133  147  157  165  169  171  173  177  183  192  205  220  235  250
  264  275  283  289  292  294  294  293  290  286  281  276  270  264  257  250
  242  234  227  220  214  209  204  199  194  187  179  170  160  151  143  136
  132  128  125  122  119  117  115  113  112  110  109  107  105  103  101   99
   96   95   94   90   91   92   94   97  109                                   
    57.5-180.0 180.0   5.0 450.0                            LAT/LON1/LON2/DLON/H
  106  120  130  144  155  163  168  171  174  180  189  202  217  234  250  266
  278  288  294  298  300  301  301  299  297  294  289  285  280  274  269  262
  256  249  242  236  231  226  221  216  210  202  193  182  170  159  148  140
  134  129  125  121  119  117  116  116  116  116  115  114  111  108  105  102
   98   97   95   91   92   91   91   94  106                                   
    55.0-180.0 180.0   5.0 450.0                            LAT/LON1/LON2/DLON/H
  106  119  130  142  154  162  168  172  178  186  198  214  231  250  267  282
  294  301  304  305  305  305  305  304  303  300  297  293  288  284  279  274
  269  264  259  254  250  245  240  234  227  219  209  197  183  170  158  148
  141  135  130  126  124  123  123  124  126  127  128  127  124  120  115  111
  106  104  101   97   97   94   91   94  106                                   
    52.5-180.0 180.0   5.0 450.0                            LAT/LON1/LON2/DLON/H
  111  122  134  145  157  167  173  178  186  197  211  229  248  267  285  300
  309  314  314  313  311  310  310  310  310  308  305  302  298  294  290  286
  282  279  276  273  269  265  259  252  244  235  223  210  196  182  170  160
  152  146  141  137  134  134  135  138  141  144  145  145  142  138  133  127
  121  118  114  110  108  103   97   99  111                                   
    50.0-180.0 180.0   5.0 450.0                            LAT/LON1/LON2/DLON/H
  123  132  143  154  167  178  185  192  202  214  230  249  269  288  305  319
  327  329  326  322  318  317  319  321  322  321  319  315  311  306  302  298
  295  293  292  291  288  284  276  267  257  246  233  220  206  193  182  173
  166  160  154  150  147  147  149  153  157  161  164  165  163  159  154  148
  141  138  133  128  126  118  109  111  123                                   
    47.5-180.0 180.0   5.0 450.0                            LAT/LON1/LON2/DLON/H
  141  147  156  168  183  195  204  212  224  238  255  273  292  311  327  339
  345  345  340  334  329  329  332  336  339  339  336  331  325  320  314  309
  306  304  305  306  304  299  290  277  264  250  236  222  209  198  189  183
  178  173  168  163  160  160  162  166  172  177  181  183  183  180  176  171
  164  161  154  150  148  137  126  131  141                                   
    45.0-180.0 180.0   5.0 450.0                            LAT/LON1/LON2/DLON/H
  161  166  173  188  204  217  227  237  251  267  283  301  319  335  349  360
  364  363  356  348  344  344  349  356  360  360  356  349  341  333  325  318
  314  313  315  317  317  311  299  283  266  249  233  218  206  196  191  188
  186  182  178  173  169  169  171  176  181  187  191  195  197  197  195  191
  185  182  175  172  169  157  146  155  161                                   
    42.5-180.0 180.0   5.0 450.0                            LAT/LON1/LON2/DLON/H
  181  184  191  210  228  243  254  266  281  298  315  331  347  361  373  382
  385  382  374  365  361  363  370  378  383  382  376  367  356  345  334  325
  320  320  324  329  329  322  308  288  266  246  227  211  198  190  188  188
  188  186  182  177  174  173  176  181  186  191  196  201  205  207  208  205
  200  197  190  187  183  171  161  176  181                                   
    40.0-180.0 180.0   5.0 450.0                            LAT/LON1/LON2/DLON/H
  194  197  207  231  251  267  282  295  311  329  346  362  376  387  397  404
  406  402  393  385  381  383  391  400  405  403  395  384  371  358  345  335
  330  332  338  345  347  339  321  297  271  247  225  206  192  185  184  186
  188  188  184  180  177  177  180  184  189  193  197  202  208  211  214  212
  207  204  196  192  187  176  168  186  194                                   
    37.5-180.0 180.0   5.0 450.0                            LAT/LON1/LON2/DLON/H
  199  204  217  245  270  288  306  322  340  359  377  392  404  414  422  427
  428  424  415  407  403  406  413  421  424  421  412  401  388  374  362  353
  350  354  364  373  375  366  345  317  287  258  233  212  196  187  185  188
  192  192  189  185  183  184  187  191  194  197  200  204  209  213  215  214
  208  203  193  186  180  171  164  183  199                                   
    35.0-180.0 180.0   5.0 450.0                            LAT/LON1/LON2/DLON/H
  199  206  224  253  283  303  325  343  364  385  404  420  432  441  448  451
  452  447  440  433  429  430  435  440  441  437  429  419  408  398  390  385
  386  394  407  418  419  407  381  349  316  284  256  232  213  202  199  201
  205  206  203  200  199  201  204  207  209  209  209  211  214  217  218  214
  205  198  185  175  166  158  153  173  199                                   
    32.5-180.0 180.0   5.0 450.0                            LAT/LON1/LON2/DLON/H
  197  207  229  260  292  314  340  361  384  407  428  446  458  467  473  476
  477  473  467  461  457  456  457  458  456  452  446  441  436  434  433  435
  443  456  471  481  479  461  431  394  358  325  296  270  248  235  229  230
  232  233  231  229  229  231  234  236  235  233  230  228  228  227  225  218
  206  195  179  165  154  146  142  162  197                                   
    30.0-180.0 180.0   5.0 450.0                            LAT/LON1/LON2/DLON/H
  198  210  236  269  304  327  356  377  402  427  449  468  482  492  498  501
  502  500  496  491  486  482  479  475  472  469  468  470  475  483  494  507
  523  540  554  559  549  523  486  446  408  376  347  321  299  283  275  274
  275  276  275  273  273  275  277  277  274  268  262  257  252  247  240  229
  213  199  179  162  149  140  135  153  198                                   
    27.5-180.0 180.0   5.0 450.0                            LAT/LON1/LON2/DLON/H
  205  218  245  282  319  344  374  395  420  445  468  488  504  515  522  526
  528  527  526  522  516  509  502  495  492  492  498  510  528  549  573  598
  620  637  645  640  619  583  538  494  456  426  401  378  357  341  332  330
  331  331  330  329  328  329  328  325  318  310  301  292  283  272  261  246
  228  212  189  169  153  141  134  150  205                                   
    25.0-180.0 180.0   5.0 450.0                            LAT/LON1/LON2/DLON/H
  215  229  256  297  338  365  395  416  440  464  486  507  524  537  546  551
  554  556  556  554  547  538  527  519  517  523  539  563  595  630  665  695
  717  728  726  707  674  627  574  526  488  462  444  427  411  398  390  388
  389  390  390  388  386  384  379  371  361  350  339  328  315  300  284  266
  247  230  206  184  166  150  141  155  215                                   
    22.5-180.0 180.0   5.0 450.0                            LAT/LON1/LON2/DLON/H
  227  242  267  312  357  386  417  437  460  483  504  525  543  558  569  577
  581  585  587  586  579  568  555  548  549  564  591  629  672  715  752  779
  793  793  778  748  704  647  587  533  495  473  462  454  446  439  434  435
  439  442  443  441  437  430  420  408  395  382  370  357  342  324  306  286
  267  250  225  203  183  164  151  165  227                                   
    20.0-180.0 180.0   5.0 450.0                            LAT/LON1/LON2/DLON/H
  237  254  277  324  373  404  436  456  479  500  521  542  562  580  595  605
  612  617  621  619  612  600  587  582  590  615  654  701  748  788  817  832
  833  820  796  759  708  644  575  515  475  454  449  451  453  454  456  462
  469  475  478  477  470  459  443  427  411  398  386  373  358  339  321  300
  282  267  243  221  199  177  163  178  237                                   
    17.5-180.0 180.0   5.0 450.0                            LAT/LON1/LON2/DLON/H
  242  262  285  333  384  416  449  471  493  514  534  556  580  603  623  637
  647  654  658  656  648  636  625  624  640  674  720  768  808  834  846  845
  835  815  787  747  691  621  547  481  436  415  413  421  432  443  453  464
  475  485  490  490  481  466  446  426  408  395  384  373  359  342  324  305
  289  275  253  232  211  187  173  189  242                                   
    15.0-180.0 180.0   5.0 450.0                            LAT/LON1/LON2/DLON/H
  242  262  288  336  388  422  457  480  503  523  544  569  597  626  652  672
  686  695  700  698  690  679  670  674  696  734  778  815  837  844  840  829
  813  791  761  720  664  594  516  445  395  370  367  378  395  414  432  448
  463  475  481  480  471  453  430  408  390  378  368  358  345  330  314  298
  283  271  251  233  213  191  176  194  242                                   
    12.5-180.0 180.0   5.0 450.0                            LAT/LON1/LON2/DLON/H
  235  256  284  333  386  423  460  485  510  531  552  579  612  647  680  706
  726  739  745  745  737  728  723  730  753  785  815  832  835  829  817  802
  783  759  729  692  641  574  497  423  367  337  329  339  359  383  405  426
  442  453  459  457  446  427  403  381  364  352  343  332  320  306  293  278
  265  254  238  221  205  186  172  191  235                                   
    10.0-180.0 180.0   5.0 450.0                            LAT/LON1/LON2/DLON/H
  222  243  274  326  379  419  460  488  515  538  561  590  625  665  704  738
  763  780  789  790  785  778  776  783  798  815  826  827  820  808  793  774
  753  730  706  675  633  574  501  426  365  328  314  320  338  362  388  409
  424  432  435  431  419  399  377  356  339  327  317  305  292  278  266  252
  239  230  216  202  190  177  165  183  222                                   
     7.5-180.0 180.0   5.0 450.0                            LAT/LON1/LON2/DLON/H
  206  229  262  316  371  414  458  490  520  545  571  601  638  681  723  761
  791  812  824  828  826  823  820  822  825  826  823  815  803  788  771  753
