data/edconvlstm_nd/pred0880.15i
     1.0            IONOSPHERE MAPS     GNSS                IONEX VERSION / TYPE
pyspatialgeodesy        IME             05-JAN-18 20:20     PGM / RUN BY / DATE 
Map Name                                                    COMMENT             
Predicted global ionosphere maps (GIM).                     DESCRIPTION         
  2015     3    29     0     0     0                        EPOCH OF FIRST MAP  
  2015     3    30     0     0     0                        EPOCH OF LAST MAP   
  7200                                                      INTERVAL            
    13                                                      # OF MAPS IN FILE   
  NONE                                                      MAPPING FUNCTION    
10.0                                                        ELEVATION CUTOFF    
One-way carrier phase leveled to code                       OBSERVABLES USED    
  6371.0                                                    BASE RADIUS         
 2                                                          MAP DIMENSION       
   450.0 450.0   0.0                                        HGT1 / HGT2 / DHGT  
    87.5 -87.5  -2.5                                        LAT1 / LAT2 / DLAT  
  -180.0 180.0   5.0                                        LON1 / LON2 / DLON  
    -1                                                      EXPONENT            
                                                            END OF HEADER       
[from data line 3003]
     8                                                      START OF TEC MAP    
  2015     3    29    14     0     0                        EPOCH OF CURRENT MAP
    87.5-180.0 180.0   5.0 450.0                            LAT/LON1/LON2/DLON/H
  152  150  145  152  156  159  160  160  163  165  166  167  168  169  170  171
  171  172  173  174  175  176  177  178  179  180  180  181  181  182  182  182
  182  182  182  181  180  179  178  177  176  174  172  170  168  166  164  162
  160  158  155  153  151  150  148  146  145  143  142  141  140  140  139  139
  138  140  139  139  145  144  150  157  152                                   
    85.0-180.0 180.0   5.0 450.0                            LAT/LON1/LON2/DLON/H
  136  141  151  150  152  160  162  166  169  171  172  174  174  175  176  177
  178  179  180  181  182  183  184  186  187  188  189  190  190  191  191  192
  192  192  192  191  190  189  188  187  185  183  180  178  175  173  170  167
  164  162  159  156  154  151  149  146  144  142  140  139  137  136  135  135
  135  136  134  134  136  134  138  144  136                                   
    82.5-180.0 180.0   5.0 450.0                            LAT/LON1/LON2/DLON/H
  108  126  131  133  138  148  154  160  163  167  168  171  172  173  174  175
  176  178  180  181  184  186  188  191  193  195  197  199  201  202  204  204
  205  205  205  205  204  202  200  197  194  191  187  183  179  174  170  166
  161  157  153  149  145  141  137  133  130  127  123  121  118  116  114  112
  111  111  109  112  113  121  118  114  108                                   
    80.0-180.0 180.0   5.0 450.0                            LAT/LON1/LON2/DLON/H
   93  107  116  121  125  133  141  149  154  158  160  162  163  164  165  166
  167  169  171  173  176  179  182  185  188  191  193  196  198  200  202  203
  204  205  206  206  205  204  202  200  197  193  189  185  181  177  172  168
  164  160  156  152  148  144  139  135  130  126  121  117  113  109  106  103
  101   98   95   96   94   96   97   97   93                                   
    77.5-180.0 180.0   5.0 450.0                            LAT/LON1/LON2/DLON/H
   90   97  106  111  117  126  134  142  148  152  154  156  157  158  159  161
  163  165  168  172  176  180  185  189  193  196  200  202  205  207  209  211
  213  215  216  217  217  216  215  212  209  205  201  197  192  188  184  181
  177  174  170  166  162  157  152  147  141  135  130  124  118  112  107  102
   97   93   88   88   88   84   84   89   90                                   
    75.0-180.0 180.0   5.0 450.0                            LAT/LON1/LON2/DLON/H
   84   91   96  104  110  120  128  135  142  146  148  150  151  152  154  156
  158  162  167  172  178  183  189  194  199  202  205  208  209  211  213  215
  217  219  221  223  224  224  222  220  217  214  210  206  203  200  198  196
  194  192  190  186  183  178  172  166  160  153  146  140  133  126  119  113
  106   99   93   88   87   81   80   76   84                                   
    72.5-180.0 180.0   5.0 450.0                            LAT/LON1/LON2/DLON/H
   81   86   90  100  106  116  125  133  138  143  145  148  149  151  153  156
  161  166  173  180  188  196  203  210  215  219  221  222  222  223  223  225
  226  229  231  233  234  235  234  232  229  225  222  218  216  214  213  213
  213  212  211  208  204  198  192  185  177  169  162  154  147  139  131  124
  115  107  100   93   89   82   81   79   81                                   
    70.0-180.0 180.0   5.0 450.0                            LAT/LON1/LON2/DLON/H
   81   84   87   96  102  112  120  128  134  139  142  145  147  150  153  158
  164  172  180  190  200  210  219  226  232  235  237  237  235  234  233  233
  234  236  238  240  241  241  240  238  235  232  228  226  224  223  224  225
  226  226  225  221  216  210  202  193  185  176  168  161  154  146  139  131
  123  114  106   98   93   86   85   82   81                                   
    67.5-180.0 180.0   5.0 450.0                            LAT/LON1/LON2/DLON/H
   79   82   85   94  101  110  118  126  132  138  141  146  150  154  159  165
  173  182  192  203  215  226  236  245  251  254  255  254  252  249  247  245
  245  245  247  248  249  249  248  246  243  239  236  233  232  232  233  235
  236  235  233  228  222  213  203  193  183  174  167  160  153  147  140  134
  126  118  111  102   95   89   87   85   79                                   
    65.0-180.0 180.0   5.0 450.0                            LAT/LON1/LON2/DLON/H
   76   79   80   89   95  103  110  118  125  131  137  143  148  154  161  169
  177  187  198  210  222  234  245  254  261  265  267  265  263  260  257  255
  254  254  255  255  255  255  254  251  248  245  242  239  238  238  238  239
  238  236  232  225  215  205  193  181  171  161  153  147  141  136  131  126
  120  113  107  100   95   90   89   87   76                                   
    62.5-180.0 180.0   5.0 450.0                            LAT/LON1/LON2/DLON/H
   72   74   73   81   86   92   99  107  114  122  129  137  145  153  162  170
  179  189  199  210  222  234  245  255  263  268  270  271  269  267  266  265
  264  264  263  263  262  261  260  258  255  252  249  246  244  243  241  240
  237  233  226  216  205  192  179  166  155  146  138  132  127  122  118  113
  108  103  100   93   90   86   86   85   72                                   
    60.0-180.0 180.0   5.0 450.0                            LAT/LON1/LON2/DLON/H
   69   68   66   73   75   79   86   92  100  108  117  127  137  147  157  166
  175  184  193  203  213  224  235  245  255  262  266  269  270  271  272  273
  273  274  273  272  271  269  268  266  264  262  259  256  253  250  247  243
  238  231  221  210  197  184  170  157  146  136  128  122  117  112  107  103
   98   94   92   87   85   83   84   83   69                                   
    57.5-180.0 180.0   5.0 450.0                            LAT/LON1/LON2/DLON/H
   70   66   63   66   67   69   74   79   86   95  104  115  127  139  150  160
  168  176  183  191  199  208  219  230  240  249  257  263  268  273  277  281
  284  285  285  284  282  280  279  278  278  276  274  272  268  263  258  251
  244  235  224  212  198  185  171  159  148  139  131  124  118  111  106  100
   95   91   90   86   85   83   85   83   70                                   
    55.0-180.0 180.0   5.0 450.0                            LAT/LON1/LON2/DLON/H
   76   70   65   65   64   64   67   70   76   84   93  104  117  129  141  151
  161  168  174  180  186  194  203  215  226  237  247  256  265  274  283  290
  296  299  299  298  296  294  294  294  295  295  293  291  286  280  273  265
  256  246  235  223  210  197  184  173  163  154  146  139  132  124  117  110
  103   99   97   94   93   91   92   88   76                                   
    52.5-180.0 180.0   5.0 450.0                            LAT/LON1/LON2/DLON/H
   88   80   74   72   68   68   68   69   73   79   87   97  109  121  133  145
  155  164  170  174  179  185  194  205  217  229  241  253  264  277  289  300
  308  313  315  314  312  311  312  313  315  315  315  312  307  300  292  283
  274  264  254  242  229  217  205  195  185  178  170  163  155  147  138  130
  122  116  113  111  109  107  106   99   88                                   
    50.0-180.0 180.0   5.0 450.0                            LAT/LON1/LON2/DLON/H
  106   97   91   86   81   80   78   76   78   82   87   96  106  118  130  143
  155  165  172  177  181  187  195  206  218  231  243  256  268  282  297  310
  320  327  330  330  330  331  332  335  337  338  337  333  327  320  312  303
  294  285  274  263  250  237  226  216  208  201  195  189  182  174  165  156
  147  141  136  134  131  128  126  118  106                                   
    47.5-180.0 180.0   5.0 450.0                            LAT/LON1/LON2/DLON/H
  126  119  112  106  101   98   96   91   91   92   95  101  109  120  133  147
  161  174  183  189  193  198  206  216  229  242  254  265  277  291  305  319
  330  339  344  347  350  353  356  359  360  360  357  352  345  337  328  320
  312  302  291  278  264  249  237  227  219  214  210  206  201  195  188  180
  171  165  160  157  154  151  147  139  126                                   
    45.0-180.0 180.0   5.0 450.0                            LAT/LON1/LON2/DLON/H
  144  141  134  129  125  121  117  110  107  107  108  112  119  128  141  156
  173  188  199  206  211  216  223  234  246  259  270  280  290  301  313  326
  338  349  358  365  372  378  383  386  386  383  377  369  360  350  341  332
  323  312  299  283  265  247  232  221  214  210  209  208  207  204  199  194
  187  182  177  175  171  169  165  158  144                                   
    42.5-180.0 180.0   5.0 450.0                            LAT/LON1/LON2/DLON/H
  155  158  152  150  147  142  137  129  125  123  123  127  132  141  154  170
  188  205  218  225  230  235  242  253  266  279  289  297  304  311  321  333
  346  359  373  386  398  408  415  418  416  409  400  388  375  362  351  341
  330  317  300  279  256  234  216  203  195  193  193  196  197  198  196  194
  189  186  183  180  178  176  175  167  155                                   
    40.0-180.0 180.0   5.0 450.0                            LAT/LON1/LON2/DLON/H
  158  166  161  162  162  157  152  144  139  137  137  141  147  157  170  187
  205  222  235  243  247  251  258  269  283  297  307  313  317  322  329  341
  356  374  393  413  431  446  456  458  454  444  430  413  396  380  365  352
  339  322  300  274  246  220  198  183  175  173  175  179  182  184  185  184
  181  179  177  174  173  173  173  164  158                                   
    37.5-180.0 180.0   5.0 450.0                            LAT/LON1/LON2/DLON/H
  153  165  162  165  167  161  158  150  146  145  147  153  161  172  186  203
  221  237  249  256  259  263  269  281  296  310  321  327  331  334  341  354
  373  397  423  450  474  494  507  510  504  490  472  451  429  409  390  374
  357  337  311  280  248  218  194  178  169  167  169  172  175  175  175  173
  170  168  165  162  160  161  164  153  153                                   
    35.0-180.0 180.0   5.0 450.0                            LAT/LON1/LON2/DLON/H
  146  158  156  159  162  156  154  147  145  146  151  161  172  185  201  217
  234  249  259  266  268  271  277  289  304  319  332  339  344  348  358  375
  399  430  464  498  529  553  568  572  566  551  530  506  479  454  432  412
  392  369  340  307  272  241  217  200  190  187  188  189  187  183  178  172
  165  161  157  151  150  149  153  139  146                                   
    32.5-180.0 180.0   5.0 450.0                            LAT/LON1/LON2/DLON/H
  142  149  147  150  151  144  143  138  138  141  149  162  178  195  212  228
  244  258  268  274  277  280  285  296  310  327  341  351  359  368  382  405
  437  476  517  557  593  621  638  644  639  625  603  577  547  519  493  471
  449  424  394  360  327  297  274  257  248  243  241  237  229  216  202  189
  177  168  161  152  148  145  146  128  142                                   
    30.0-180.0 180.0   5.0 450.0                            LAT/LON1/LON2/DLON/H
  143  143  138  141  141  134  133  129  129  133  144  159  179  199  218  236
  251  264  275  283  288  292  297  306  320  336  352  366  380  395  416  447
  487  533  580  624  662  691  710  718  716  705  686  661  630  600  573  549
  527  502  473  442  413  387  367  353  343  336  329  318  301  277  253  229
  209  195  181  168  162  154  148  124  143                                   
    27.5-180.0 180.0   5.0 450.0                            LAT/LON1/LON2/DLON/H
  151  142  131  134  134  128  129  124  124  128  138  155  176  198  220  239
  255  270  284  296  305  311  316  323  334  349  368  387  407  431  460  499
  546  598  649  693  729  756  775  786  788  783  769  747  718  688  661  638
  617  595  569  543  520  501  486  475  465  455  443  424  398  364  328  293
  263  241  219  201  189  178  160  129  151                                   
    25.0-180.0 180.0   5.0 450.0                            LAT/LON1/LON2/DLON/H
  165  149  132  132  133  129  131  127  126  128  136  151  171  195  218  238
  257  275  293  311  326  335  341  346  355  369  389  414  442  474  511  557
  610  665  715  755  785  808  826  838  845  846  838  820  795  768  743  722
  703  682  660  638  621  609  600  592  583  573  557  534  500  459  414  369
  331  303  272  247  227  213  182  145  165                                   
    22.5-180.0 180.0   5.0 450.0                            LAT/LON1/LON2/DLON/H
  186  167  143  137  138  136  139  136  133  133  137  149  167  191  215  237
  258  280  305  329  350  363  370  373  380  393  416  447  483  522  566  617
  673  727  770  801  823  840  855  869  880  885  882  869  847  823  800  782
  764  743  721  700  685  676  671  667  661  653  640  616  582  537  489  438
  396  363  326  296  269  252  213  171  186                                   
    20.0-180.0 180.0   5.0 450.0                            LAT/LON1/LON2/DLON/H
  210  193  167  153  150  149  152  148  144  141  142  149  165  187  212  237
  261  288  318  349  374  391  398  401  406  420  446  483  524  570  618  671
  725  773  807  827  839  850  864  879  891  899  898  887  867  845  825  807
  788  765  739  714  697  687  683  681  679  676  669  653  624  583  537  485
  441  407  369  336  307  286  245  203  210                                   
    17.5-180.0 180.0   5.0 450.0                            LAT/LON1/LON2/DLON/H
  232  221  197  177  169  166  167  162  155  150  147  152  165  186  212  239
  268  299  334  368  396  415  423  426  431  447  476  517  564  613  663  713
  761  798  820  830  836  844  857  872  885  892  890  878  858  837  817  799
  777  748  714  682  658  644  638  637  638  643  647  643  625  594  554  505
  462  429  395  362  335  309  271  234  232                                   
    15.0-180.0 180.0   5.0 450.0                            LAT/LON1/LON2/DLON/H
  250  241  223  201  190  184  183  175  166  158  153  156  167  188  216  246
  278  313  350  386  415  433  442  445  452  471  504  549  599  648  696  740
  778  804  816  819  822  830  844  860  871  875  868  852  830  807  787  766
  739  702  658  617  586  568  560  559  566  579  593  602  597  576  544  501
  460  429  400  369  348  320  286  254  250                                   
    12.5-180.0 180.0   5.0 450.0                            LAT/LON1/LON2/DLON/H
  259  248  235  216  204  195  192  183  173  164  158  160  172  194  223  257
  293  330  367  401  428  446  454  459  470  493  530  578  629  677  719  755
  782  799  806  807  810  821  836  851  859  857  844  823  797  771  747  722
  690  646  595  547  511  490  482  484  496  515  537  554  558  545  519  481
  442  412  388  362  346  320  292  263  259                                   
    10.0-180.0 180.0   5.0 450.0                            LAT/LON1/LON2/DLON/H
  261  246  236  218  206  197  193  183  174  165  161  164  177  201  234  272
  311  349  384  416  439  454  463  472  487  515  556  606  656  701  737  766
  785  796  800  802  808  822  839  852  856  847  828  800  770  740  713  685
  649  602  549  499  462  441  434  439  454  476  500  520  527  519  496  460
  422  392  370  348  336  314  293  263  261                                   
     7.5-180.0 180.0   5.0 450.0                            LAT/LON1/LON2/DLON/H
  259  240  228  211  200  190  185  176  167  161  160  167  183  210  247  288
  329  367  401  429  449  462  473  486  508  541  584  634  681  722  753  776
