data/edconvlstm_nd/pred1780.15i
     1.0            IONOSPHERE MAPS     GNSS                IONEX VERSION / TYPE
pyspatialgeodesy        IME             05-JAN-18 20:20     PGM / RUN BY / DATE 
Map Name                                                    COMMENT             
Predicted global ionosphere maps (GIM).                     DESCRIPTION         
  2015     6    27     0     0     0                        EPOCH OF FIRST MAP  
  2015     6    28     0     0     0                        EPOCH OF LAST MAP   
  7200                                                      INTERVAL            
    13                                                      # OF MAPS IN FILE   
  NONE                                                      MAPPING FUNCTION    
10.0                                                        ELEVATION CUTOFF    
One-way carrier phase leveled to code                       OBSERVABLES USED    
  6371.0                                                    BASE RADIUS         
 2                                                          MAP DIMENSION       
   450.0 450.0   0.0                                        HGT1 / HGT2 / DHGT  
    87.5 -87.5  -2.5                                        LAT1 / LAT2 / DLAT  
  -180.0 180.0   5.0                                        LON1 / LON2 / DLON  
    -1                                                      EXPONENT            
                                                            END OF HEADER       
[from data line 2145]
     6                                                      START OF TEC MAP    
  2015     6    27    10     0     0                        EPOCH OF CURRENT MAP
    87.5-180.0 180.0   5.0 450.0                            LAT/LON1/LON2/DLON/H
  113  119  119  124  125  125  124  121  123  124  124  124  124  124  124  124
  124  123  123  123  123  123  123  123  122  122  122  122  123  123  123  123
  123  124  124  124  125  125  125  126  126  126  127  127  127  127  127  127
  127  127  126  126  125  125  124  123  122  121  121  120  119  118  117  117
  117  118  117  115  121  119  127  121  113                                   
    85.0-180.0 180.0   5.0 450.0                            LAT/LON1/LON2/DLON/H
  115  124  132  126  127  130  130  131  132  133  132  133  133  132  132  131
  131  131  130  130  130  129  129  129  129  129  130  130  130  130  131  131
  132  132  133  133  134  134  135  136  136  137  137  137  138  138  138  138
  138  137  137  136  135  134  133  132  131  130  128  127  126  125  124  124
  124  125  120  118  117  119  125  126  115                                   
    82.5-180.0 180.0   5.0 450.0                            LAT/LON1/LON2/DLON/H
  111  123  130  124  124  127  129  130  131  131  131  131  130  129  129  128
  127  126  125  125  124  124  124  124  124  125  125  126  127  128  129  130
  131  132  133  134  135  136  137  138  139  140  141  142  143  144  144  144
  144  144  144  143  142  140  139  137  135  133  131  129  127  125  123  122
  121  121  116  115  116  121  119  114  111                                   
    80.0-180.0 180.0   5.0 450.0                            LAT/LON1/LON2/DLON/H
  111  117  123  122  123  124  126  128  129  129  128  128  127  125  123  122
  120  119  118  117  116  116  116  116  117  118  118  119  121  122  123  125
  126  128  130  131  133  134  136  137  139  140  142  143  145  146  147  148
  148  149  148  148  147  145  144  141  139  136  134  131  128  125  122  121
  119  117  114  113  112  118  123  114  111                                   
    77.5-180.0 180.0   5.0 450.0                            LAT/LON1/LON2/DLON/H
  114  117  122  123  123  126  128  130  131  130  128  127  124  122  120  117
  115  113  112  111  110  110  110  111  112  113  114  115  117  119  121  123
  126  128  130  132  134  136  138  140  143  145  147  149  151  153  155  157
  158  159  160  159  159  157  156  153  151  148  145  141  138  134  130  127
  124  121  116  116  116  116  119  117  114                                   
    75.0-180.0 180.0   5.0 450.0                            LAT/LON1/LON2/DLON/H
  109  114  114  119  120  124  126  127  127  127  124  122  118  115  112  109
  107  105  103  102  102  102  103  103  104  106  107  109  111  114  117  119
  123  126  128  131  134  136  138  140  142  144  147  150  152  155  158  160
  162  164  164  165  164  163  162  160  158  155  152  148  145  141  137  134
  130  126  121  116  116  117  119  114  109                                   
    72.5-180.0 180.0   5.0 450.0                            LAT/LON1/LON2/DLON/H
  107  112  111  116  117  123  125  126  126  125  121  119  115  111  108  105
  102  100   99   99   99   99  100  101  102  103  105  107  109  112  116  120
  123  127  131  134  137  139  141  143  145  147  150  153  156  159  162  164
  167  168  169  170  170  169  168  166  164  162  160  157  154  151  147  144
  140  136  130  125  121  121  121  119  107                                   
    70.0-180.0 180.0   5.0 450.0                            LAT/LON1/LON2/DLON/H
  108  108  107  111  111  114  116  118  118  117  114  111  108  104  101   98
   96   94   93   93   93   94   95   96   97   99  101  103  106  109  113  118
  123  127  131  135  137  140  141  143  145  147  149  152  155  158  161  163
  165  166  166  167  166  166  165  164  162  161  160  158  156  154  152  150
  146  141  136  130  125  124  125  123  108                                   
    67.5-180.0 180.0   5.0 450.0                            LAT/LON1/LON2/DLON/H
  106  104  102  105  105  107  109  111  111  111  108  107  104  102   99   97
   95   94   93   93   93   94   95   96   97   98  100  102  105  108  113  118
  123  128  132  136  139  141  142  144  145  147  149  152  155  157  159  161
  162  162  161  161  160  159  159  158  157  157  157  157  156  156  155  154
  151  147  142  136  130  128  126  124  106                                   
    65.0-180.0 180.0   5.0 450.0                            LAT/LON1/LON2/DLON/H
  106  102   97   99   96   98   99  101  102  103  102  102  101  100   99   98
   97   96   95   95   95   95   95   96   97   98  100  102  105  109  114  120
  125  131  136  140  143  144  145  147  148  150  152  155  157  159  160  160
  159  158  156  155  153  152  152  151  151  152  153  154  155  155  155  156
  155  152  148  143  137  135  133  130  106                                   
    62.5-180.0 180.0   5.0 450.0                            LAT/LON1/LON2/DLON/H
  106  101   94   93   88   88   88   90   92   94   94   97   98   99   99   99
   99   98   97   96   95   95   95   95   96   97   99  102  106  110  116  121
  127  133  138  142  145  147  148  149  151  153  155  158  160  162  162  160
  157  154  151  149  147  146  145  145  146  147  148  150  152  153  154  155
  156  154  152  147  142  140  138  135  106                                   
    60.0-180.0 180.0   5.0 450.0                            LAT/LON1/LON2/DLON/H
  108  100   91   88   80   78   77   78   79   82   84   88   91   94   97   98
   98   98   96   94   93   92   91   91   93   94   97  101  105  110  116  122
  128  134  139  143  146  148  149  151  153  155  158  162  164  164  163  160
  156  151  147  144  142  141  141  141  142  144  145  147  149  150  152  153
  154  153  152  149  146  145  143  139  108                                   
    57.5-180.0 180.0   5.0 450.0                            LAT/LON1/LON2/DLON/H
  111  102   91   85   76   71   68   67   68   70   73   78   83   88   92   94
   95   95   93   91   89   87   86   87   89   92   96  100  105  111  117  123
  129  134  140  144  147  150  152  154  156  160  163  167  169  170  167  163
  158  152  148  144  142  142  142  143  144  145  147  149  150  151  152  153
  154  154  153  152  150  150  149  144  111                                   
    55.0-180.0 180.0   5.0 450.0                            LAT/LON1/LON2/DLON/H
  116  106   94   86   75   67   62   60   59   60   62   66   72   78   83   87
   88   88   87   84   82   81   80   82   85   89   94  100  106  112  117  123
  129  134  140  145  149  152  154  157  160  164  168  172  174  174  172  167
  161  156  151  148  146  146  147  148  149  151  152  153  154  155  155  155
  155  155  154  153  153  154  153  148  116                                   
    52.5-180.0 180.0   5.0 450.0                            LAT/LON1/LON2/DLON/H
  122  112   99   90   78   69   61   56   53   52   52   56   60   66   72   76
   79   79   78   77   75   74   75   78   82   87   94  100  107  113  119  124
  129  135  140  146  151  155  158  161  164  169  173  177  179  179  177  172
  167  162  157  155  153  153  154  155  156  158  159  160  161  161  160  159
  159  157  157  156  155  158  157  152  122                                   
    50.0-180.0 180.0   5.0 450.0                            LAT/LON1/LON2/DLON/H
  127  117  105   97   84   74   65   58   53   49   47   48   51   55   60   65
   68   70   70   69   69   70   72   76   82   89   96  103  110  116  121  126
  131  136  142  149  154  159  163  167  170  175  179  183  185  185  182  178
  174  169  165  163  161  161  161  162  163  165  166  168  169  168  167  166
  164  162  160  159  158  161  160  155  127                                   
    47.5-180.0 180.0   5.0 450.0                            LAT/LON1/LON2/DLON/H
  130  122  112  104   92   82   73   65   57   51   46   45   45   48   52   56
   59   61   62   63   65   68   72   78   85   93  101  109  115  121  125  129
  134  140  147  154  161  167  171  175  179  182  186  189  191  191  189  186
  182  178  175  172  169  167  166  166  167  169  171  173  174  175  174  173
  171  167  165  162  160  163  162  157  130                                   
    45.0-180.0 180.0   5.0 450.0                            LAT/LON1/LON2/DLON/H
  132  125  117  110  100   90   82   74   66   58   51   47   44   45   47   50
   53   55   58   60   64   69   75   83   92  100  108  116  122  127  131  135
  140  146  154  162  170  177  182  186  189  192  195  197  198  198  197  195
  192  189  186  181  177  173  169  168  168  170  172  175  178  180  180  179
  177  173  169  165  162  164  162  157  132                                   
    42.5-180.0 180.0   5.0 450.0                            LAT/LON1/LON2/DLON/H
  131  125  119  114  104   97   91   83   76   67   59   53   49   47   47   48
   51   53   56   60   66   72   81   90  100  109  117  124  129  134  138  142
  148  155  164  173  182  189  195  199  202  205  208  209  209  209  208  206
  205  202  198  192  185  178  172  169  168  169  172  176  179  182  184  184
  182  178  173  169  163  163  161  156  131                                   
    40.0-180.0 180.0   5.0 450.0                            LAT/LON1/LON2/DLON/H
  129  123  118  114  106  100   96   91   85   78   70   64   58   54   52   52
   53   55   58   63   69   78   88   99  109  119  127  133  137  141  146  151
  157  166  176  186  195  203  209  214  218  221  223  223  223  222  222  221
  220  218  213  205  195  186  178  173  171  171  174  177  181  185  187  188
  186  182  177  171  165  162  159  154  129                                   
    37.5-180.0 180.0   5.0 450.0                            LAT/LON1/LON2/DLON/H
  127  121  116  112  104  100   98   95   91   87   81   75   69   65   61   59
   58   59   62   67   75   84   95  107  118  128  135  141  145  149  154  160
  168  178  189  200  210  218  224  230  235  238  240  241  240  239  239  239
  238  236  231  222  211  199  190  183  180  180  181  183  186  189  190  191
  189  186  180  174  166  162  158  153  127                                   
    35.0-180.0 180.0   5.0 450.0                            LAT/LON1/LON2/DLON/H
  127  120  114  109  101   98   97   96   94   92   89   85   81   76   72   68
   66   66   68   73   81   91  102  114  125  135  142  148  152  157  163  170
  179  190  202  213  223  231  238  245  251  256  259  260  260  259  259  259
  259  258  252  244  232  221  211  204  199  197  197  197  197  197  197  197
  194  190  184  178  170  164  159  152  127                                   
    32.5-180.0 180.0   5.0 450.0                            LAT/LON1/LON2/DLON/H
  130  121  115  108  100   95   95   94   95   95   94   93   90   86   82   77
   74   73   75   80   87   97  108  120  131  141  148  154  158  164  170  179
  189  201  213  224  234  242  250  257  265  272  277  279  280  280  280  281
  282  281  277  271  261  251  242  234  229  225  222  219  216  213  209  206
  201  196  189  183  175  168  162  154  130                                   
    30.0-180.0 180.0   5.0 450.0                            LAT/LON1/LON2/DLON/H
  137  127  120  110  101   95   94   93   95   96   97   98   97   94   90   85
   82   80   82   86   94  103  114  126  136  145  152  158  163  169  176  186
  196  208  220  231  241  250  258  267  277  286  293  297  298  299  300  302
  304  305  305  301  295  288  280  274  268  262  256  249  242  235  227  220
  211  204  196  190  182  175  168  160  137                                   
    27.5-180.0 180.0   5.0 450.0                            LAT/LON1/LON2/DLON/H
  147  137  129  117  108  101   98   96   96   98  100  101  102  100   96   92
   88   87   88   93  101  110  120  130  140  148  155  161  167  173  181  191
  201  213  224  236  246  255  264  275  286  297  306  311  314  316  318  322
  325  329  332  332  331  327  322  316  310  302  293  284  274  262  250  238
  225  215  205  199  191  183  176  167  147                                   
    25.0-180.0 180.0   5.0 450.0                            LAT/LON1/LON2/DLON/H
  159  150  142  130  120  112  107  104  103  103  104  105  106  105  102   97
   94   93   95  100  107  116  125  134  143  151  157  163  169  176  185  195
  205  216  227  239  249  260  270  282  294  306  315  322  326  330  334  338
  344  351  357  362  365  365  362  357  349  340  329  318  305  291  275  259
  242  228  216  207  199  191  183  175  159                                   
    22.5-180.0 180.0   5.0 450.0                            LAT/LON1/LON2/DLON/H
  170  162  156  146  137  128  123  117  115  112  111  111  111  109  106  102
   99   98  101  106  113  121  130  138  145  152  157  163  170  179  188  198
  208  219  230  243  255  266  278  290  302  314  324  331  337  341  347  353
  361  370  379  388  395  397  396  390  381  370  358  346  332  316  298  279
  258  241  226  215  206  198  190  182  170                                   
    20.0-180.0 180.0   5.0 450.0                            LAT/LON1/LON2/DLON/H
  178  172  169  161  154  146  141  134  130  125  122  120  118  115  111  107
  104  103  106  111  118  125  132  139  146  151  157  163  171  180  191  202
  212  223  236  249  263  276  288  301  313  324  334  341  347  353  359  367
  376  387  398  409  418  422  420  413  402  390  378  365  351  335  316  295
  272  252  234  221  211  202  193  186  178                                   
    17.5-180.0 180.0   5.0 450.0                            LAT/LON1/LON2/DLON/H
  182  179  179  173  167  161  157  151  146  139  134  130  126  122  117  112
  109  108  110  114  120  126  132  138  144  149  155  161  171  182  194  206
  218  230  244  259  275  289  303  315  327  337  346  352  358  365  373  381
  391  402  414  426  435  438  435  427  415  402  389  376  362  347  328  307
  283  261  240  225  213  202  195  187  182                                   
    15.0-180.0 180.0   5.0 450.0                            LAT/LON1/LON2/DLON/H
  183  182  184  178  174  169  168  163  159  151  145  139  134  129  123  117
  113  111  112  115  118  123  128  134  140  146  152  160  171  184  198  212
  226  240  255  272  289  305  319  332  343  353  360  366  372  379  387  396
  406  417  428  439  446  448  444  434  421  408  395  382  368  352  334  313
  289  266  244  226  213  200  194  186  183                                   
    12.5-180.0 180.0   5.0 450.0                            LAT/LON1/LON2/DLON/H
  183  183  186  178  175  170  170  167  164  158  152  146  140  134  128  121
  115  112  111  112  114  117  121  127  134  141  148  158  171  186  203  219
  235  250  268  286  304  321  336  349  360  368  375  380  386  393  402  411
  420  430  439  448  453  454  449  439  427  414  400  385  370  353  335  315
  291  268  246  227  212  197  192  184  183                                   
    10.0-180.0 180.0   5.0 450.0                            LAT/LON1/LON2/DLON/H
  185  184  185  175  171  165  165  163  162  158  153  148  143  137  130  123
  116  111  108  106  106  107  112  118  127  135  145  156  171  188  207  226
  243  261  280  299  317  335  350  363  373  381  388  393  399  406  415  424
  432  440  447  454  458  457  453  445  434  422  407  390  372  353  333  313
  291  268  246  226  211  195  191  183  185                                   
     7.5-180.0 180.0   5.0 450.0                            LAT/LON1/LON2/DLON/H
  188  188  185  172  165  157  155  153  153  151  148  145  141  136  130  122
  115  108  103   99   97   97  101  109  119  130  142  156  172  190  210  231
