data/edconvlstm_nd/pred0180.15i
     1.0            IONOSPHERE MAPS     GNSS                IONEX VERSION / TYPE
pyspatialgeodesy        IME             05-JAN-18 20:20     PGM / RUN BY / DATE 
Map Name                                                    COMMENT             
Predicted global ionosphere maps (GIM).                     DESCRIPTION         
  2015     1    18     0     0     0                        EPOCH OF FIRST MAP  
  2015     1    19     0     0     0                        EPOCH OF LAST MAP   
  7200                                                      INTERVAL            
    13                                                      # OF MAPS IN FILE   
  NONE                                                      MAPPING FUNCTION    
10.0                                                        ELEVATION CUTOFF    
One-way carrier phase leveled to code                       OBSERVABLES USED    
  6371.0                                                    BASE RADIUS         
 2                                                          MAP DIMENSION       
   450.0 450.0   0.0                                        HGT1 / HGT2 / DHGT  
    87.5 -87.5  -2.5                                        LAT1 / LAT2 / DLAT  
  -180.0 180.0   5.0                                        LON1 / LON2 / DLON  
    -1                                                      EXPONENT            
                                                            END OF HEADER       
[from data line 3432]
     9                                                      START OF TEC MAP    
  2015     1    18    16     0     0                        EPOCH OF CURRENT MAP
    87.5-180.0 180.0   5.0 450.0                            LAT/LON1/LON2/DLON/H
   94  101  101  107  111  110  109  105  105  107  105  104  103  102  101  100
   98   97   95   94   92   91   89   88   86   85   83   82   81   79   78   78
   77   76   75   75   75   75   75   75   75   75   76   76   77   78   78   79
   80   82   83   84   85   86   88   89   90   92   93   94   95   96   98   99
  100  101   99   96  101  100  112  108   94                                   
    85.0-180.0 180.0   5.0 450.0                            LAT/LON1/LON2/DLON/H
  101  106  119  106  106  111  110  111  110  111  109  108  107  105  104  102
  100   99   97   95   94   92   91   89   88   86   85   83   82   80   79   78
   77   76   75   75   74   74   74   74   74   74   75   75   76   76   77   78
   79   81   82   83   84   86   87   89   90   92   94   95   97   98  100  101
  103  104  101   97   99  102  106  105  101                                   
    82.5-180.0 180.0   5.0 450.0                            LAT/LON1/LON2/DLON/H
   89   98  103   97   99  103  105  105  104  104  103  102  100   98   96   94
   92   90   88   86   84   83   81   79   78   76   74   73   71   69   68   66
   65   64   62   62   61   60   60   59   59   59   59   59   60   60   61   62
   63   64   66   67   69   70   72   74   76   78   80   83   85   86   88   90
   92   93   91   89   93  104   99   98   89                                   
    80.0-180.0 180.0   5.0 450.0                            LAT/LON1/LON2/DLON/H
   76   84   91   86   87   87   91   92   94   94   93   92   90   88   86   84
   82   80   78   77   75   74   73   72   70   69   67   66   64   62   60   59
   57   55   54   53   52   51   50   49   49   48   48   48   49   49   50   51
   52   54   55   57   59   61   63   65   67   69   71   73   75   77   78   80
   82   83   82   82   80   88   85   89   76                                   
    77.5-180.0 180.0   5.0 450.0                            LAT/LON1/LON2/DLON/H
   75   76   78   74   76   78   82   84   85   85   84   84   82   81   79   78
   76   75   74   74   73   73   73   72   72   71   69   68   66   63   61   59
   57   55   53   51   49   48   46   45   43   42   41   41   40   40   41   42
   44   46   48   50   53   55   57   59   62   64   65   67   68   69   70   71
   72   72   72   72   71   72   73   76   75                                   
    75.0-180.0 180.0   5.0 450.0                            LAT/LON1/LON2/DLON/H
   58   63   62   61   64   67   69   71   73   74   74   74   73   73   72   71
   71   72   73   75   77   79   81   82   83   83   83   81   79   77   74   71
   69   66   64   61   59   56   53   51   48   46   43   42   40   40   40   41
   42   44   46   49   51   53   55   57   59   61   62   63   64   64   65   65
   64   64   64   61   61   59   58   53   58                                   
    72.5-180.0 180.0   5.0 450.0                            LAT/LON1/LON2/DLON/H
   50   53   53   55   56   60   63   64   66   67   67   67   68   68   68   69
   71   74   78   82   87   92   97  100  103  104  103  101   99   95   91   88
   84   80   77   73   70   66   62   57   53   49   45   41   39   37   36   37
   38   40   42   44   47   49   51   53   55   56   57   58   58   58   58   57
   56   55   55   51   51   50   51   50   50                                   
    70.0-180.0 180.0   5.0 450.0                            LAT/LON1/LON2/DLON/H
   43   47   48   50   52   54   56   58   60   62   62   64   64   65   67   70
   74   79   86   95  103  112  120  127  131  134  134  132  128  123  119  113
  108  103   99   93   88   82   76   70   64   58   52   47   43   40   38   38
   38   40   42   44   47   49   51   53   54   55   56   57   57   57   57   56
   54   52   51   48   48   47   50   48   43                                   
    67.5-180.0 180.0   5.0 450.0                            LAT/LON1/LON2/DLON/H
   40   45   45   49   52   55   57   59   60   62   62   64   66   68   71   75
   82   89   99  110  122  134  144  153  159  162  162  160  155  149  143  136
  130  123  117  110  103   95   88   80   73   65   58   52   47   42   39   38
   38   39   41   43   45   48   50   51   53   54   55   56   56   56   56   55
   53   51   50   45   45   45   46   44   40                                   
    65.0-180.0 180.0   5.0 450.0                            LAT/LON1/LON2/DLON/H
   37   43   42   48   50   53   54   57   58   60   61   63   65   69   74   80
   88   98  111  124  139  153  166  177  185  189  189  186  181  174  167  159
  151  143  134  126  117  107   98   89   80   72   64   56   49   44   39   37
   36   36   37   39   42   44   46   47   49   50   51   52   53   53   53   52
   51   49   48   45   45   46   47   47   37                                   
    62.5-180.0 180.0   5.0 450.0                            LAT/LON1/LON2/DLON/H
   35   40   39   45   48   51   52   54   55   57   59   63   67   72   79   87
   97  109  122  137  152  168  182  193  202  206  207  204  199  191  183  174
  165  156  146  135  124  113  102   93   83   75   66   58   50   43   38   34
   32   31   32   34   36   38   40   41   43   44   45   46   47   48   48   47
   46   44   44   41   41   43   43   45   35                                   
    60.0-180.0 180.0   5.0 450.0                            LAT/LON1/LON2/DLON/H
   33   37   36   42   43   45   46   48   50   53   56   61   67   74   83   93
  105  118  132  147  162  177  190  202  211  216  218  216  210  203  195  186
  176  166  155  143  130  118  106   96   86   78   69   61   52   44   37   32
   29   28   29   30   32   33   35   36   37   38   39   40   41   42   42   42
   40   39   39   37   38   39   40   42   33                                   
    57.5-180.0 180.0   5.0 450.0                            LAT/LON1/LON2/DLON/H
   31   34   33   38   39   40   42   44   46   50   54   60   68   78   89  101
  114  128  142  156  169  182  195  205  214  220  223  222  218  212  205  196
  187  177  165  152  138  125  113  102   94   85   77   68   59   50   42   36
   32   30   30   31   33   34   35   35   35   36   36   38   39   39   40   39
   38   37   37   35   36   36   37   41   31                                   
    55.0-180.0 180.0   5.0 450.0                            LAT/LON1/LON2/DLON/H
   32   34   32   37   37   38   39   41   44   48   53   61   71   82   96  110
  125  140  153  165  176  186  196  206  214  221  225  226  223  219  212  205
  196  186  175  162  148  134  122  112  104   97   89   80   70   60   51   45
   41   38   38   38   39   40   40   40   39   39   39   39   40   41   42   41
   40   39   39   38   38   36   37   41   32                                   
    52.5-180.0 180.0   5.0 450.0                            LAT/LON1/LON2/DLON/H
   36   37   35   38   38   39   40   41   44   49   55   64   75   88  103  120
  136  151  164  175  183  190  197  205  214  221  226  229  227  223  218  211
  204  196  185  173  160  147  135  126  119  112  104   95   85   75   66   59
   55   53   52   52   52   52   52   51   50   48   47   47   47   47   48   48
   47   46   47   45   44   41   40   43   36                                   
    50.0-180.0 180.0   5.0 450.0                            LAT/LON1/LON2/DLON/H
   44   44   41   44   44   45   45   47   50   54   61   70   82   96  112  130
  148  164  177  186  192  196  201  208  216  224  230  233  232  228  223  217
  210  203  195  184  172  161  150  141  134  127  119  110  100   91   83   77
   74   72   71   71   71   70   69   67   65   62   60   58   57   57   57   58
   57   57   58   56   55   51   49   49   44                                   
    47.5-180.0 180.0   5.0 450.0                            LAT/LON1/LON2/DLON/H
   54   53   50   53   53   55   54   56   59   64   71   80   92  106  123  142
  160  177  190  199  203  206  209  214  222  230  237  239  237  232  225  219
  213  208  201  193  183  173  164  156  148  141  132  123  114  105   99   95
   93   92   91   90   89   88   87   85   82   78   74   70   68   67   67   68
   68   69   70   69   69   64   61   58   54                                   
    45.0-180.0 180.0   5.0 450.0                            LAT/LON1/LON2/DLON/H
   65   64   61   65   65   67   66   68   71   77   84   93  104  118  135  153
  173  190  204  213  217  219  221  226  233  241  246  246  242  234  225  218
  213  208  204  198  191  184  176  167  159  150  141  132  123  116  112  110
  109  108  107  106  104  103  101   99   96   91   86   81   78   76   76   76
   77   78   81   81   81   77   74   69   65                                   
    42.5-180.0 180.0   5.0 450.0                            LAT/LON1/LON2/DLON/H
   75   73   71   76   76   78   77   80   84   90   98  108  118  132  147  166
  185  203  218  227  232  234  236  240  246  253  256  253  245  235  224  217
  212  209  206  203  198  193  185  177  167  157  147  137  129  123  121  120
  120  119  117  114  111  109  108  106  104   99   93   87   83   80   79   79
   80   83   86   87   89   87   83   79   75                                   
    40.0-180.0 180.0   5.0 450.0                            LAT/LON1/LON2/DLON/H
   80   79   78   84   85   86   86   89   94  103  112  123  134  146  161  178
  197  216  231  241  246  249  251  254  260  264  264  259  248  236  226  220
  217  216  214  212  209  204  197  188  177  165  153  143  135  130  128  127
  126  124  120  115  111  108  107  106  104  100   93   87   82   79   77   77
   78   80   84   86   89   89   85   83   80                                   
    37.5-180.0 180.0   5.0 450.0                            LAT/LON1/LON2/DLON/H
   81   79   80   88   89   90   91   95  102  113  125  137  148  161  175  191
  209  227  242  253  259  262  264  267  270  273  271  263  253  243  237  235
  235  236  235  233  229  224  217  206  193  180  166  154  146  140  136  134
  131  127  121  114  108  104  103  102  100   96   90   83   78   74   72   72
   72   73   77   80   82   82   80   81   81                                   
    35.0-180.0 180.0   5.0 450.0                            LAT/LON1/LON2/DLON/H
   78   76   77   86   88   88   91   97  107  120  135  150  163  175  189  204
  220  237  251  262  269  272  273  275  277  278  275  269  263  259  260  265
  271  274  273  269  263  256  247  235  220  204  189  175  165  157  151  147
  141  134  126  117  109  104  101   99   97   92   86   79   74   71   69   68
   67   67   69   71   73   72   70   74   78                                   
    32.5-180.0 180.0   5.0 450.0                            LAT/LON1/LON2/DLON/H
   74   71   71   81   83   83   86   94  107  125  143  161  176  190  203  217
  231  246  259  269  275  278  279  279  280  280  280  278  280  286  299  313
  326  331  329  322  313  302  290  276  259  241  223  208  195  184  176  168
  160  151  142  131  121  114  108  104   99   94   87   80   75   72   71   69
   67   66   66   66   66   63   61   66   74                                   
    30.0-180.0 180.0   5.0 450.0                            LAT/LON1/LON2/DLON/H
   74   69   67   76   78   78   81   90  106  126  149  170  188  203  216  229
  241  254  265  273  278  280  280  279  280  282  286  293  305  325  351  379
  399  407  403  390  375  360  344  327  308  288  268  250  234  221  210  200
  191  182  172  161  150  139  129  121  113  104   96   89   85   82   82   80
   77   74   72   68   68   61   57   60   74                                   
    27.5-180.0 180.0   5.0 450.0                            LAT/LON1/LON2/DLON/H
   78   71   66   75   77   76   80   89  106  128  153  177  197  214  227  240
  251  261  269  276  280  281  279  278  280  286  296  313  339  374  416  456
  485  496  488  468  445  423  404  384  363  340  318  297  279  264  251  242
  234  227  219  208  196  181  165  151  137  125  114  107  102  101  101  101
   96   92   87   81   78   67   60   59   78                                   
    25.0-180.0 180.0   5.0 450.0                            LAT/LON1/LON2/DLON/H
   87   77   70   79   82   81   85   93  110  133  159  184  205  222  236  248
  258  266  272  277  280  280  278  278  282  293  312  340  380  430  487  539
  574  585  571  543  512  484  461  438  415  390  365  342  322  306  294  287
  283  281  277  269  255  236  214  192  171  153  139  130  125  124  126  126
  122  117  109  101   96   82   70   63   87                                   
    22.5-180.0 180.0   5.0 450.0                            LAT/LON1/LON2/DLON/H
  101   87   77   86   90   92   96  103  120  142  167  192  213  229  243  254
  263  270  275  279  281  280  279  280  288  306  334  374  426  488  554  613
  650  658  639  604  566  534  507  483  458  431  404  378  357  341  331  328
  330  334  336  331  317  294  265  235  207  183  165  153  148  148  150  152
  148  144  132  126  117  101   83   73  101                                   
    20.0-180.0 180.0   5.0 450.0                            LAT/LON1/LON2/DLON/H
  115   99   86   94  101  103  109  117  133  155  179  202  222  238  251  261
  269  274  278  282  284  284  284  288  301  325  363  413  473  541  609  667
  701  705  680  641  601  567  538  513  486  458  428  400  377  362  355  357
  365  375  381  379  364  338  304  267  234  205  184  170  165  165  169  172
  170  166  153  147  137  119   99   87  115                                   
    17.5-180.0 180.0   5.0 450.0                            LAT/LON1/LON2/DLON/H
  124  108   94  102  109  113  121  129  146  168  192  214  234  249  261  271
  278  283  286  290  292  294  296  303  321  353  398  454  517  583  647  696
  722  719  692  653  613  580  553  528  500  470  438  407  382  366  362  368
  381  394  402  400  384  355  318  280  244  214  191  177  171  173  179  183
  183  180  166  161  150  133  112  100  124                                   
    15.0-180.0 180.0   5.0 450.0                            LAT/LON1/LON2/DLON/H
  127  113   99  105  114  119  129  139  157  180  204  228  247  263  276  286
  292  297  301  305  309  312  317  328  351  389  438  495  555  612  662  699
  714  705  678  642  608  578  554  530  503  472  437  403  376  359  355  362
  375  388  395  390  373  344  308  272  238  209  187  173  168  171  179  184
  185  183  170  164  153  138  119  108  127                                   
    12.5-180.0 180.0   5.0 450.0                            LAT/LON1/LON2/DLON/H
  123  112  101  106  115  121  134  146  165  190  216  242  263  280  294  305
  313  318  323  329  335  341  348  363  390  430  480  533  583  625  658  679
  684  672  648  618  590  566  546  525  499  468  432  396  365  345  339  343
  353  362  364  356  339  313  282  251  223  197  177  164  160  163  171  177
  178  176  164  156  147  134  118  109  123                                   
    10.0-180.0 180.0   5.0 450.0                            LAT/LON1/LON2/DLON/H
  113  107   98  102  112  119  136  150  173  201  229  257  280  300  316  328
  338  345  352  360  369  378  389  405  433  473  519  563  599  623  639  646
  644  631  611  589  569  553  538  521  498  467  431  393  359  335  324  322
  325  327  323  313  296  275  252  229  206  185  168  155  151  153  160  165
  166  163  152  143  134  124  111  104  113                                   
     7.5-180.0 180.0   5.0 450.0                            LAT/LON1/LON2/DLON/H
  102   98   92   96  106  115  135  154  181  212  244  274  300  322  340  355
  366  375  385  397  409  422  435  452  479  515  552  583  603  612  614  612
