data/edconvlstm_nd/pred2830.15i
     1.0            IONOSPHERE MAPS     GNSS                IONEX VERSION / TYPE
pyspatialgeodesy        IME             05-JAN-18 20:20     PGM / RUN BY / DATE 
Map Name                                                    COMMENT             
Predicted global ionosphere maps (GIM).                     DESCRIPTION         
  2015    10    10     0     0     0                        EPOCH OF FIRST MAP  
  2015    10    11     0     0     0                        EPOCH OF LAST MAP   
  7200                                                      INTERVAL            
    13                                                      # OF MAPS IN FILE   
  NONE                                                      MAPPING FUNCTION    
10.0                                                        ELEVATION CUTOFF    
One-way carrier phase leveled to code                       OBSERVABLES USED    
  6371.0                                                    BASE RADIUS         
 2                                                          MAP DIMENSION       
   450.0 450.0   0.0                                        HGT1 / HGT2 / DHGT  
    87.5 -87.5  -2.5                                        LAT1 / LAT2 / DLAT  
  -180.0 180.0   5.0                                        LON1 / LON2 / DLON  
    -1                                                      EXPONENT            
                                                            END OF HEADER       
[from data line 429]
     2                                                      START OF TEC MAP    
  2015    10    10     2     0     0                        EPOCH OF CURRENT MAP
    87.5-180.0 180.0   5.0 450.0                            LAT/LON1/LON2/DLON/H
   59   63   56   56   54   55   51   49   50   50   51   51   52   52   52   52
   52   52   52   52   51   51   50   50   49   49   48   48   47   47   47   46
   46   46   46   46   46   47   47   47   47   48   48   48   49   49   49   49
   50   50   50   50   50   50   50   50   50   50   50   50   50   50   50   50
   52   51   49   48   48   64   66   59   59                                   
    85.0-180.0 180.0   5.0 450.0                            LAT/LON1/LON2/DLON/H
   54   65   54   58   58   59   56   55   56   56   56   57   57   57   57   57
   57   56   55   54   53   51   50   49   48   47   46   45   44   44   44   43
   44   44   45   45   46   47   48   49   50   51   52   53   54   54   55   55
   55   55   56   56   56   56   57   57   57   57   58   58   58   58   58   58
   60   60   58   60   63   63   74   62   54                                   
    82.5-180.0 180.0   5.0 450.0                            LAT/LON1/LON2/DLON/H
   51   50   65   59   57   59   56   55   58   58   59   60   61   61   61   60
   59   58   56   54   52   49   47   45   43   41   39   38   37   36   36   36
   36   37   38   39   41   42   44   46   47   49   50   51   52   53   54   54
   54   55   55   55   56   56   57   58   58   59   59   60   60   60   61   62
   62   62   59   57   67   57   61   65   51                                   
    80.0-180.0 180.0   5.0 450.0                            LAT/LON1/LON2/DLON/H
   67   64   68   60   59   57   57   56   60   60   61   62   63   64   63   63
   61   59   57   54   51   48   45   42   39   36   34   33   32   31   31   31
   32   33   35   37   39   41   44   46   48   50   51   52   52   53   53   53
   53   53   53   53   54   55   56   57   58   59   60   61   62   62   63   64
   65   63   63   61   76   68   68   75   67                                   
    77.5-180.0 180.0   5.0 450.0                            LAT/LON1/LON2/DLON/H
   77   75   69   64   58   57   57   59   62   62   63   65   66   67   67   66
   65   62   59   55   51   47   43   39   35   32   29   27   25   25   25   25
   26   28   30   33   35   38   41   44   46   48   49   50   50   50   50   49
   49   49   49   49   50   52   53   55   57   58   60   61   63   63   64   66
   66   67   66   67   74   68   68   73   77                                   
    75.0-180.0 180.0   5.0 450.0                            LAT/LON1/LON2/DLON/H
   78   76   75   70   61   59   58   59   61   62   62   64   65   65   65   64
   62   59   56   52   48   43   39   34   31   27   25   23   22   21   21   22
   24   26   28   30   33   36   38   41   43   44   45   45   45   44   43   42
   41   41   41   42   43   45   48   50   53   55   58   59   61   62   63   65
   65   66   67   64   73   73   73   76   78                                   
    72.5-180.0 180.0   5.0 450.0                            LAT/LON1/LON2/DLON/H
   80   80   80   73   65   62   61   62   64   64   63   65   65   64   63   61
   59   56   53   49   45   41   37   34   30   28   25   24   23   23   24   24
   26   27   29   32   34   36   38   40   42   43   43   43   42   41   39   38
   37   36   37   38   40   43   46   50   54   57   59   61   62   63   64   66
   66   67   70   70   77   76   77   81   80                                   
    70.0-180.0 180.0   5.0 450.0                            LAT/LON1/LON2/DLON/H
   85   86   87   81   72   67   66   66   68   67   66   66   64   62   59   56
   53   50   48   45   42   39   36   33   31   29   28   27   27   28   28   29
   30   31   32   33   35   36   38   39   40   41   41   40   39   38   36   35
   34   34   35   37   40   44   49   54   58   62   64   66   67   67   67   68
   68   68   71   72   79   80   82   82   85                                   
    67.5-180.0 180.0   5.0 450.0                            LAT/LON1/LON2/DLON/H
   85   87   87   81   72   67   64   64   66   65   63   62   58   55   50   46
   43   40   38   36   35   33   32   30   29   29   28   29   29   30   30   30
   30   30   30   30   31   31   32   32   33   33   33   32   32   31   29   29
   28   29   31   34   38   43   48   54   59   63   66   67   67   65   65   65
   64   63   67   67   75   77   79   79   85                                   
    65.0-180.0 180.0   5.0 450.0                            LAT/LON1/LON2/DLON/H
   83   85   84   78   69   64   62   63   65   64   62   60   56   51   45   40
   37   35   33   33   32   31   31   30   30   30   31   32   33   33   33   32
   31   30   29   27   27   26   26   27   27   27   27   27   27   26   26   26
   26   27   30   34   38   44   51   58   63   68   70   71   70   67   65   64
   62   60   63   62   70   73   76   77   83                                   
    62.5-180.0 180.0   5.0 450.0                            LAT/LON1/LON2/DLON/H
   79   81   81   75   66   61   60   61   65   65   63   61   56   50   44   39
   35   33   33   33   33   32   32   32   33   33   34   35   36   36   35   33
   31   29   27   25   24   23   23   23   23   24   24   24   25   25   25   26
   27   28   31   36   41   48   55   63   69   73   76   76   75   72   69   67
   64   61   62   60   66   69   72   74   79                                   
    60.0-180.0 180.0   5.0 450.0                            LAT/LON1/LON2/DLON/H
   75   77   76   69   61   55   54   57   61   63   62   61   57   51   45   39
   36   34   34   34   34   33   33   33   33   34   35   36   36   35   34   32
   29   26   24   22   21   20   20   20   20   21   21   22   23   24   24   26
   27   29   33   37   43   50   57   65   72   77   80   80   79   77   74   72
   68   64   64   61   65   67   69   71   75                                   
    57.5-180.0 180.0   5.0 450.0                            LAT/LON1/LON2/DLON/H
   74   75   75   67   58   52   51   53   58   60   61   61   58   53   48   43
   40   38   38   37   36   35   33   33   33   33   34   34   34   33   31   28
   25   23   21   20   19   19   19   20   20   20   21   22   23   24   26   27
   29   31   34   39   44   51   59   67   75   81   84   85   85   83   82   80
   77   73   72   67   70   70   70   73   74                                   
    55.0-180.0 180.0   5.0 450.0                            LAT/LON1/LON2/DLON/H
   80   79   78   70   60   53   51   52   57   58   59   60   58   55   51   48
   45   43   42   40   37   34   32   31   31   31   31   31   31   29   27   24
   22   21   20   20   20   21   21   21   21   22   22   23   25   26   28   30
   32   34   37   40   46   52   60   69   77   83   87   90   90   91   91   91
   89   85   84   78   80   78   77   79   80                                   
    52.5-180.0 180.0   5.0 450.0                            LAT/LON1/LON2/DLON/H
   92   90   89   80   70   61   57   56   58   58   58   59   58   57   55   53
   50   48   45   41   37   33   30   29   28   29   29   29   28   26   24   22
   21   21   21   23   24   25   25   25   25   25   26   27   28   30   31   33
   36   38   40   43   48   54   62   71   80   87   92   95   97   98  101  104
  103  101   99   93   94   90   89   89   92                                   
    50.0-180.0 180.0   5.0 450.0                            LAT/LON1/LON2/DLON/H
  109  107  105   98   87   77   71   67   65   62   59   59   58   58   57   56
   54   51   46   41   36   32   29   28   28   28   29   28   27   25   23   22
   22   23   25   28   30   31   32   32   31   31   31   32   33   35   37   39
   42   44   46   49   53   59   67   77   86   93   98  101  104  107  111  116
  117  117  116  109  110  106  105  104  109                                   
    47.5-180.0 180.0   5.0 450.0                            LAT/LON1/LON2/DLON/H
  128  126  125  119  108   98   92   84   78   70   64   61   60   59   59   58
   56   52   47   41   36   32   29   29   30   30   31   30   28   27   26   25
   26   28   31   35   38   39   39   39   38   37   37   38   39   41   44   47
   50   53   56   59   63   69   77   86   95  102  106  109  112  115  120  127
  130  130  130  124  125  121  121  119  128                                   
    45.0-180.0 180.0   5.0 450.0                            LAT/LON1/LON2/DLON/H
  144  144  143  140  130  122  115  106   95   83   73   67   63   62   61   60
   57   53   47   42   37   34   33   33   34   35   35   34   32   30   30   30
   32   35   39   42   45   47   47   46   44   44   44   45   47   49   52   56
   60   64   68   72   77   83   91  100  108  114  117  118  120  123  129  135
  139  141  141  135  136  133  134  133  144                                   
    42.5-180.0 180.0   5.0 450.0                            LAT/LON1/LON2/DLON/H
  156  158  157  156  148  142  137  126  113   98   84   75   70   67   65   63
   59   55   50   45   41   39   39   40   41   41   41   39   37   35   35   36
   38   41   45   49   51   53   52   51   50   50   51   53   54   57   60   65
   70   76   82   88   94  100  108  116  123  127  129  129  130  133  137  144
  148  149  149  143  144  141  142  142  156                                   
    40.0-180.0 180.0   5.0 450.0                            LAT/LON1/LON2/DLON/H
  163  165  164  165  159  155  151  141  128  112   96   86   79   74   71   68
   64   59   55   52   50   49   49   49   49   49   47   44   42   40   40   41
   44   46   50   53   55   56   56   55   55   56   58   59   61   64   67   72
   79   88   96  104  111  119  127  134  139  142  142  142  142  144  148  154
  157  158  156  150  150  147  148  149  163                                   
    37.5-180.0 180.0   5.0 450.0                            LAT/LON1/LON2/DLON/H
  167  168  166  167  162  159  156  148  137  121  106   96   88   83   79   75
   70   67   64   62   61   60   60   59   57   55   52   48   46   45   45   46
   48   50   52   55   57   58   58   58   59   61   63   65   67   68   72   77
   86   96  107  118  127  136  144  151  155  157  157  156  157  159  164  169
  171  170  167  161  158  154  154  155  167                                   
    35.0-180.0 180.0   5.0 450.0                            LAT/LON1/LON2/DLON/H
  175  172  167  164  160  155  151  146  138  124  112  103   96   91   86   82
   79   76   76   75   75   73   71   68   64   60   55   52   49   48   49   50
   51   52   54   56   57   59   59   60   62   65   67   69   70   71   74   80
   90  102  115  128  140  150  160  166  170  171  171  172  174  179  185  191
  193  191  187  179  174  168  168  167  175                                   
    32.5-180.0 180.0   5.0 450.0                            LAT/LON1/LON2/DLON/H
  192  186  176  165  157  149  142  137  132  122  113  107  101   97   92   89
   87   86   87   87   86   83   78   73   67   62   57   53   52   52   53   54
   54   55   55   57   59   60   61   63   65   68   70   71   71   71   74   80
   91  105  120  135  149  162  173  180  184  186  187  189  195  203  213  221
  224  221  216  207  201  193  194  190  192                                   
    30.0-180.0 180.0   5.0 450.0                            LAT/LON1/LON2/DLON/H
  223  215  199  178  164  148  136  129  125  118  112  108  104  100   97   94
   92   93   94   94   92   87   80   73   67   62   58   55   54   55   57   59
   59   59   60   61   62   63   64   66   68   71   72   72   71   70   72   79
   90  105  123  140  157  172  184  193  198  201  204  210  220  232  246  257
  261  260  256  246  240  232  233  226  223                                   
    27.5-180.0 180.0   5.0 450.0                            LAT/LON1/LON2/DLON/H
  271  265  240  209  186  161  143  131  124  116  111  108  105  102   98   95
   94   94   94   93   88   82   75   69   64   61   59   58   58   61   64   66
   66   67   67   68   69   69   69   70   72   73   73   72   69   68   71   78
   90  106  124  144  163  180  195  207  214  219  225  234  248  265  282  296
  302  303  300  291  286  281  286  275  271                                   
    25.0-180.0 180.0   5.0 450.0                            LAT/LON1/LON2/DLON/H
  335  332  297  258  228  194  167  148  135  124  117  112  108  103   99   95
   92   90   87   84   78   71   66   62   61   61   62   63   65   68   73   76
   78   78   79   80   79   78   77   76   76   76   75   72   69   67   70   77
   90  107  126  147  169  189  208  222  233  241  250  263  280  299  317  334
  342  346  345  339  336  337  345  334  335                                   
    22.5-180.0 180.0   5.0 450.0                            LAT/LON1/LON2/DLON/H
  407  410  366  322  287  246  212  182  162  144  132  122  115  107   99   93
   87   82   77   70   64   59   56   58   61   65   68   71   74   79   84   89
   92   94   95   95   94   91   87   84   82   80   77   72   68   67   70   78
   91  109  130  153  176  200  222  241  255  267  280  295  313  333  352  368
  379  386  389  386  386  395  407  395  407                                   
    20.0-180.0 180.0   5.0 450.0                            LAT/LON1/LON2/DLON/H
  476  486  444  400  360  315  274  236  205  179  158  143  129  116  105   94
   85   76   68   60   53   51   52   59   67   74   79   82   86   91   98  105
  110  113  115  115  111  106  100   94   89   85   79   74   69   68   71   80
   94  112  134  159  185  212  238  261  280  296  312  329  347  365  382  398
  411  420  428  429  434  449  463  453  476                                   
    17.5-180.0 180.0   5.0 450.0                            LAT/LON1/LON2/DLON/H
  532  551  519  480  440  396  353  306  266  230  199  175  154  134  117  102
   89   77   66   57   52   52   58   68   79   88   93   96  100  106  114  122
  130  134  137  135  131  123  114  105   98   90   83   76   70   69   72   82
   97  116  139  166  194  224  253  280  303  323  342  360  377  393  408  422
  434  446  458  465  472  493  508  501  532                                   
    15.0-180.0 180.0   5.0 450.0                            LAT/LON1/LON2/DLON/H
  565  589  572  546  511  474  433  385  339  293  254  220  191  165  141  121
  103   88   75   66   63   65   74   87   99  108  112  113  116  122  131  141
  149  155  158  156  151  141  129  118  107   97   87   78   72   70   73   83
   98  119  143  172  202  234  266  296  322  346  368  387  403  416  427  438
  449  462  477  488  497  519  536  533  565                                   
    12.5-180.0 180.0   5.0 450.0                            LAT/LON1/LON2/DLON/H
  571  595  591  580  555  529  497  455  409  360  315  276  241  208  179  153
  132  114  100   92   89   93  103  115  126  132  133  133  134  140  149  159
  168  174  176  175  168  158  144  130  116  103   91   81   73   69   72   81
   97  119  146  176  208  241  274  306  334  361  384  404  420  431  438  446
  455  468  483  497  505  525  544  547  571                                   
    10.0-180.0 180.0   5.0 450.0                            LAT/LON1/LON2/DLON/H
  557  576  580  582  568  555  534  502  463  417  373  334  297  262  229  200
  176  157  143  135  132  135  143  151  156  158  157  155  155  159  167  176
  184  189  191  189  183  172  157  141  124  109   94   82   72   67   69   78
   95  118  147  178  210  244  277  308  337  365  389  410  426  436  442  446
  453  465  479  493  500  516  535  546  557                                   
     7.5-180.0 180.0   5.0 450.0                            LAT/LON1/LON2/DLON/H
  536  548  555  562  558  554  543  524  493  455  417  383  350  318  286  257
  234  216  203  194  190  188  189  189  189  186  183  179  178  180  185  191
