data/edconvlstm_nd/pred2930.15i
     1.0            IONOSPHERE MAPS     GNSS                IONEX VERSION / TYPE
pyspatialgeodesy        IME             05-JAN-18 20:20     PGM / RUN BY / DATE 
Map Name                                                    COMMENT             
Predicted global ionosphere maps (GIM).                     DESCRIPTION         
  2015    10    20     0     0     0                        EPOCH OF FIRST MAP  
  2015    10    21     0     0     0                        EPOCH OF LAST MAP   
  7200                                                      INTERVAL            
    13                                                      # OF MAPS IN FILE   
  NONE                                                      MAPPING FUNCTION    
10.0                                                        ELEVATION CUTOFF    
One-way carrier phase leveled to code                       OBSERVABLES USED    
  6371.0                                                    BASE RADIUS         
 2                                                          MAP DIMENSION       
   450.0 450.0   0.0                                        HGT1 / HGT2 / DHGT  
    87.5 -87.5  -2.5                                        LAT1 / LAT2 / DLAT  
  -180.0 180.0   5.0                                        LON1 / LON2 / DLON  
    -1                                                      EXPONENT            
                                                            END OF HEADER       
[from data line 2145]
     6                                                      START OF TEC MAP    
  2015    10    20    10     0     0                        EPOCH OF CURRENT MAP
    87.5-180.0 180.0   5.0 450.0                            LAT/LON1/LON2/DLON/H
   48   53   53   60   65   67   69   68   72   77   80   84   87   89   92   93
   95   96   97   97   98   98   97   97   97   96   95   95   94   94   93   92
   91   91   90   89   88   87   86   85   83   82   80   79   77   74   72   69
   67   64   61   59   56   53   51   49   47   45   43   42   41   40   39   39
   40   41   40   39   45   48   62   66   48                                   
    85.0-180.0 180.0   5.0 450.0                            LAT/LON1/LON2/DLON/H
   37   54   61   58   63   68   71   74   78   83   86   90   93   95   97   99
  101  102  104  104  105  106  106  106  106  107  107  107  107  107  106  106
  106  105  105  104  104  103  102  101   99   98   95   93   90   87   83   80
   76   72   68   64   60   57   53   50   48   45   43   42   41   41   40   41
   42   44   40   40   44   49   58   57   37                                   
    82.5-180.0 180.0   5.0 450.0                            LAT/LON1/LON2/DLON/H
   22   39   51   51   55   60   64   68   73   78   82   87   89   92   94   96
   97   98   99  100  101  101  102  102  103  103  104  105  106  107  107  108
  109  110  110  111  111  112  112  112  111  110  108  106  103   99   95   91
   86   81   75   70   65   60   55   51   47   44   40   38   36   35   34   35
   36   37   34   34   42   45   43   44   22                                   
    80.0-180.0 180.0   5.0 450.0                            LAT/LON1/LON2/DLON/H
   19   30   41   43   49   50   55   59   65   70   73   77   79   81   83   84
   85   86   86   87   88   89   89   90   92   93   95   96   98  100  102  104
  107  109  111  114  116  118  120  122  123  123  123  121  119  115  111  106
  101   95   89   82   76   70   64   58   53   48   43   39   35   33   31   30
   30   29   29   30   36   41   43   43   19                                   
    77.5-180.0 180.0   5.0 450.0                            LAT/LON1/LON2/DLON/H
   27   34   37   37   41   43   48   52   57   61   64   67   69   70   71   72
   72   73   73   74   74   75   76   77   79   81   83   86   89   92   95   98
  102  106  110  114  119  124  128  132  136  139  140  141  140  138  135  131
  126  120  114  108  102   95   88   82   75   68   62   56   50   45   40   37
   34   32   29   30   32   32   37   40   27                                   
    75.0-180.0 180.0   5.0 450.0                            LAT/LON1/LON2/DLON/H
   23   32   31   35   37   40   42   44   48   51   53   55   55   55   55   55
   55   55   56   56   57   59   60   62   65   68   71   75   79   83   87   91
   96  101  106  112  119  126  133  140  146  151  155  158  159  159  157  155
  151  146  141  135  129  123  116  109  102   95   87   80   72   65   58   52
   46   41   37   33   35   34   37   36   23                                   
    72.5-180.0 180.0   5.0 450.0                            LAT/LON1/LON2/DLON/H
   29   34   33   35   36   39   42   43   45   47   47   48   47   47   46   46
   45   46   46   47   48   49   51   53   57   60   64   69   73   78   83   87
   92   98  104  111  120  129  138  148  157  165  171  176  180  182  182  181
  179  175  171  166  161  155  148  142  135  127  119  111  102   93   84   76
   67   60   54   47   45   42   43   44   29                                   
    70.0-180.0 180.0   5.0 450.0                            LAT/LON1/LON2/DLON/H
   35   37   36   38   38   39   40   41   42   43   43   42   41   40   39   39
   38   39   39   40   41   43   45   48   52   57   62   67   72   77   82   87
   91   97  103  111  120  131  142  154  164  174  183  190  195  198  200  200
  199  197  193  189  183  178  171  164  157  149  141  132  123  113  103   94
   85   76   69   60   55   51   54   53   35                                   
    67.5-180.0 180.0   5.0 450.0                            LAT/LON1/LON2/DLON/H
   39   39   37   39   39   39   40   41   41   42   41   41   40   39   38   38
   38   39   39   40   42   43   45   48   52   57   63   69   74   79   83   87
   91   96  102  109  119  130  142  155  167  178  188  196  202  206  209  211
  210  209  205  201  195  189  182  175  167  159  150  141  132  122  112  104
   95   86   79   69   62   57   58   57   39                                   
    65.0-180.0 180.0   5.0 450.0                            LAT/LON1/LON2/DLON/H
   42   41   37   39   39   39   40   40   41   42   41   41   40   40   39   39
   40   41   42   43   44   45   47   50   54   60   66   72   78   83   88   92
   95   99  105  112  121  133  146  159  171  183  193  201  207  212  216  218
  218  217  214  209  202  195  187  179  170  161  151  142  132  122  112  104
   96   88   82   72   66   62   62   61   42                                   
    62.5-180.0 180.0   5.0 450.0                            LAT/LON1/LON2/DLON/H
   42   40   36   39   38   39   39   40   41   42   41   42   42   41   42   42
   43   44   45   46   46   47   48   51   55   60   67   74   81   87   92   96
  100  103  108  116  125  137  149  162  175  186  195  202  208  213  217  220
  221  220  217  212  204  196  187  177  167  157  146  135  125  114  104   96
   89   82   78   69   64   59   60   60   42                                   
    60.0-180.0 180.0   5.0 450.0                            LAT/LON1/LON2/DLON/H
   43   40   35   37   37   37   37   37   39   40   40   41   41   42   42   43
   44   45   46   45   45   45   46   48   51   57   64   72   80   87   94   99
  103  108  113  120  130  142  154  167  178  188  195  202  207  212  217  220
  222  222  220  214  207  198  188  177  166  154  142  129  117  105   94   86
   79   73   70   63   60   56   56   56   43                                   
    57.5-180.0 180.0   5.0 450.0                            LAT/LON1/LON2/DLON/H
   45   41   37   38   37   37   37   36   37   38   39   40   41   42   43   44
   45   45   45   44   42   41   41   43   47   53   60   69   78   87   96  103
  109  115  121  129  139  151  163  175  185  194  200  205  210  215  220  225
  228  229  228  223  217  208  197  186  174  161  147  133  119  106   94   84
   77   71   68   62   60   56   56   56   45                                   
    55.0-180.0 180.0   5.0 450.0                            LAT/LON1/LON2/DLON/H
   51   47   44   43   41   39   38   37   37   37   37   39   39   40   41   42
   43   43   42   40   38   37   37   38   42   48   57   66   77   87   98  108
  116  124  132  141  152  163  176  187  196  203  208  212  216  221  226  232
  237  240  240  237  231  223  213  202  189  176  162  147  131  116  103   92
   83   76   74   68   66   62   61   61   51                                   
    52.5-180.0 180.0   5.0 450.0                            LAT/LON1/LON2/DLON/H
   63   59   56   54   50   47   44   40   38   37   37   38   38   39   40   41
   41   41   39   37   34   33   33   36   40   47   56   66   77   90  102  115
  126  137  147  157  168  180  191  202  210  216  220  222  226  231  237  244
  249  253  254  252  248  241  232  221  210  197  183  168  152  136  122  110
   99   91   88   82   79   75   73   71   63                                   
    50.0-180.0 180.0   5.0 450.0                            LAT/LON1/LON2/DLON/H
   79   76   72   69   63   60   54   48   44   41   39   38   38   38   39   40
   40   39   37   34   32   32   33   37   43   50   60   70   82   95  110  124
  139  152  164  175  187  198  209  219  227  232  234  236  239  243  250  256
  262  266  267  266  262  256  248  238  227  216  203  189  175  160  145  132
  120  111  106   99   96   93   91   87   79                                   
    47.5-180.0 180.0   5.0 450.0                            LAT/LON1/LON2/DLON/H
   95   93   90   87   80   76   68   60   53   47   44   42   41   40   41   41
   40   39   37   34   33   33   36   42   50   59   68   79   90  104  119  136
  153  168  182  194  206  217  228  237  244  248  250  251  253  257  262  268
  273  275  276  274  270  264  256  247  236  226  215  203  191  178  165  152
  140  130  123  116  112  110  109  104   95                                   
    45.0-180.0 180.0   5.0 450.0                            LAT/LON1/LON2/DLON/H
  108  107  104  102   96   91   83   73   65   58   53   49   47   46   45   45
   44   42   39   37   36   38   43   51   60   70   80   90  102  115  131  148
  166  183  198  211  223  235  245  254  260  264  265  266  267  270  273  277
  279  279  278  274  269  262  253  244  233  224  215  206  197  187  176  165
  152  142  133  126  123  122  122  117  108                                   
    42.5-180.0 180.0   5.0 450.0                            LAT/LON1/LON2/DLON/H
  113  113  111  110  107  103   96   86   78   70   65   60   57   55   54   52
   51   48   45   43   43   46   52   61   72   83   93  103  114  126  142  160
  178  196  212  226  238  249  259  268  274  277  278  279  279  281  283  283
  283  280  275  269  262  254  244  233  222  212  205  198  192  185  177  167
  155  144  134  127  125  125  127  123  113                                   
    40.0-180.0 180.0   5.0 450.0                            LAT/LON1/LON2/DLON/H
  110  110  109  110  110  109  103   96   89   83   77   73   70   67   65   63
   60   57   53   51   51   55   61   71   82   93  103  114  124  137  152  169
  188  206  222  236  249  260  270  279  284  288  289  290  291  292  292  291
  287  282  275  267  259  249  237  224  212  201  193  188  183  177  170  162
  150  139  128  120  119  119  122  120  110                                   
    37.5-180.0 180.0   5.0 450.0                            LAT/LON1/LON2/DLON/H
   99  100   99  102  105  106  104  100   96   92   89   86   83   80   78   75
   72   68   64   61   61   63   69   77   87   99  110  121  132  145  159  176
  195  213  230  245  258  270  281  289  295  298  300  301  303  305  306  304
  300  293  286  279  270  260  247  232  217  204  194  186  179  173  165  157
  145  133  121  111  109  109  111  111   99                                   
    35.0-180.0 180.0   5.0 450.0                            LAT/LON1/LON2/DLON/H
   87   88   87   90   94   97   98   98   98   97   96   95   94   92   90   87
   84   80   75   72   70   71   74   80   89  101  113  126  138  151  166  183
  201  220  237  254  268  281  292  301  306  310  313  316  320  324  327  328
  325  321  316  311  304  295  283  266  249  232  218  205  194  183  173  162
  149  134  120  107  103  100  102  100   87                                   
    32.5-180.0 180.0   5.0 450.0                            LAT/LON1/LON2/DLON/H
   81   81   78   79   82   86   89   92   95   97   99  101  101  101  100   98
   95   90   86   82   79   76   77   81   89  101  115  129  143  157  172  189
  208  227  246  264  281  295  307  316  322  326  330  336  343  352  359  364
  367  367  367  366  364  358  347  331  312  291  271  252  233  216  201  187
  170  152  134  117  108  101  101   97   81                                   
    30.0-180.0 180.0   5.0 450.0                            LAT/LON1/LON2/DLON/H
   85   83   78   74   75   77   81   84   88   93   97  101  103  105  106  106
  103  100   96   91   86   81   79   81   88  101  116  132  148  163  179  197
  216  237  258  278  297  314  327  336  343  348  354  363  375  388  402  413
  422  430  437  442  446  445  438  423  402  378  352  326  299  274  252  233
  212  191  168  145  131  118  114  106   85                                   
    27.5-180.0 180.0   5.0 450.0                            LAT/LON1/LON2/DLON/H
  103  100   90   80   77   75   76   78   82   87   92   97  101  106  108  110
  109  107  104   99   93   86   82   83   91  103  120  137  154  170  187  206
  227  249  273  296  318  336  351  362  369  376  385  398  414  434  454  473
  491  506  521  535  545  550  546  533  512  484  453  418  384  351  323  298
  274  249  222  193  172  152  144  129  103                                   
    25.0-180.0 180.0   5.0 450.0                            LAT/LON1/LON2/DLON/H
  137  130  115   98   89   82   80   78   80   83   87   92   97  102  107  110
  111  111  109  105   98   91   87   89   96  109  126  144  161  179  197  218
  240  265  291  317  341  362  378  390  399  409  421  438  460  485  512  539
  565  589  612  632  647  656  655  644  622  592  556  515  473  434  400  372
  344  318  287  255  229  202  186  165  137                                   
    22.5-180.0 180.0   5.0 450.0                            LAT/LON1/LON2/DLON/H
  181  172  150  125  110   98   91   85   83   83   85   88   93   98  104  108
  111  112  111  108  102   96   94   96  105  118  134  152  170  188  209  231
  256  283  312  340  367  389  406  420  431  444  460  481  507  538  571  604
  636  665  692  714  732  741  741  730  708  677  639  595  550  507  470  438
  410  384  352  319  290  258  234  209  181                                   
    20.0-180.0 180.0   5.0 450.0                            LAT/LON1/LON2/DLON/H
  230  218  191  158  137  120  109   99   93   89   87   88   91   95  100  105
  109  111  111  109  105  101  100  104  114  128  144  161  179  199  221  246
  273  303  333  363  391  414  433  448  463  478  498  523  553  586  621  657
  690  720  745  764  777  783  781  770  749  720  683  641  596  553  516  484
  457  434  404  375  345  311  281  255  230                                   
    17.5-180.0 180.0   5.0 450.0                            LAT/LON1/LON2/DLON/H
  273  260  230  194  167  146  131  118  108  101   95   93   93   96  100  104
  107  110  111  109  106  104  105  112  123  137  153  169  188  209  234  262
  291  321  353  383  411  435  455  473  490  509  532  559  590  624  658  690
  720  745  763  774  780  780  774  761  742  716  684  647  606  566  530  500
  476  457  433  410  383  351  320  296  273                                   
    15.0-180.0 180.0   5.0 450.0                            LAT/LON1/LON2/DLON/H
  304  290  263  227  196  173  156  141  127  117  109  103  100  100  102  105
  107  110  110  109  106  105  108  117  130  145  161  177  197  220  247  276
  307  338  368  398  425  450  471  491  512  534  560  587  617  647  677  703
  726  741  750  751  748  741  731  717  699  677  650  619  585  548  515  487
  465  451  434  420  398  371  343  324  304                                   
    12.5-180.0 180.0   5.0 450.0                            LAT/LON1/LON2/DLON/H
  320  308  286  254  222  199  181  166  150  138  126  118  112  109  108  108
  110  111  111  109  106  105  110  120  134  150  167  185  206  231  259  290
  320  350  379  407  434  459  482  504  527  552  578  605  631  656  679  698
  712  718  717  710  700  687  673  658  640  621  599  574  545  512  481  453
  432  423  413  407  393  372  351  337  320                                   
    10.0-180.0 180.0   5.0 450.0                            LAT/LON1/LON2/DLON/H
  325  314  298  272  242  222  205  190  174  160  147  136  127  120  117  115
  114  114  113  110  107  107  112  123  137  154  173  193  216  242  272  302
  331  359  386  413  439  464  488  511  536  562  588  612  634  653  669  681
  686  686  679  667  653  638  623  606  589  572  552  530  504  474  442  413
  391  383  378  380  374  362  346  336  325                                   
     7.5-180.0 180.0   5.0 450.0                            LAT/LON1/LON2/DLON/H
  323  314  305  283  257  240  225  213  196  182  167  155  144  134  128  123
  121  120  118  115  112  111  115  124  139  158  179  202  228  255  284  313
