data/edconvlstm_nd/pred2030.15i
     1.0            IONOSPHERE MAPS     GNSS                IONEX VERSION / TYPE
pyspatialgeodesy        IME             05-JAN-18 20:20     PGM / RUN BY / DATE 
Map Name                                                    COMMENT             
Predicted global ionosphere maps (GIM).                     DESCRIPTION         
  2015     7    22     0     0     0                        EPOCH OF FIRST MAP  
  2015     7    23     0     0     0                        EPOCH OF LAST MAP   
  7200                                                      INTERVAL            
    13                                                      # OF MAPS IN FILE   
  NONE                                                      MAPPING FUNCTION    
10.0                                                        ELEVATION CUTOFF    
One-way carrier phase leveled to code                       OBSERVABLES USED    
  6371.0                                                    BASE RADIUS         
 2                                                          MAP DIMENSION       
   450.0 450.0   0.0                                        HGT1 / HGT2 / DHGT  
    87.5 -87.5  -2.5                                        LAT1 / LAT2 / DLAT  
  -180.0 180.0   5.0                                        LON1 / LON2 / DLON  
    -1                                                      EXPONENT            
                                                            END OF HEADER       
[from data line 4290]
    11                                                      START OF TEC MAP    
  2015     7    22    20     0     0                        EPOCH OF CURRENT MAP
    87.5-180.0 180.0   5.0 450.0                            LAT/LON1/LON2/DLON/H
  155  145  132  139  140  139  138  136  136  137  137  137  137  137  137  137
  137  137  137  137  136  136  135  135  135  134  134  133  133  132  132  131
  131  131  131  130  130  130  130  130  130  130  130  130  131  131  131  131
  131  131  131  131  132  132  132  132  132  132  132  132  132  132  133  132
  132  133  132  132  144  141  149  149  155                                   
    85.0-180.0 180.0   5.0 450.0                            LAT/LON1/LON2/DLON/H
  150  148  152  144  142  146  145  146  146  147  146  147  147  147  147  147
  147  147  147  146  146  145  145  144  144  143  142  142  141  140  140  139
  139  139  138  138  138  137  137  137  137  137  138  138  138  138  138  138
  138  139  139  139  139  139  140  140  140  140  140  140  140  141  141  141
  142  142  141  139  144  137  140  140  150                                   
    82.5-180.0 180.0   5.0 450.0                            LAT/LON1/LON2/DLON/H
  131  136  136  133  133  137  139  140  139  140  140  141  141  142  142  142
  142  142  142  142  141  141  140  139  138  137  136  135  134  133  132  131
  131  130  130  129  129  129  129  129  129  129  129  129  129  129  130  130
  130  130  130  131  131  131  131  131  131  131  131  131  131  132  132  132
  132  131  131  135  137  143  135  130  131                                   
    80.0-180.0 180.0   5.0 450.0                            LAT/LON1/LON2/DLON/H
  123  127  132  130  128  129  132  136  136  138  139  141  141  142  143  143
  143  143  143  143  142  141  140  139  138  136  135  133  131  130  129  127
  126  126  125  124  124  124  124  124  124  124  124  125  125  125  125  125
  126  126  126  126  126  126  126  126  126  126  125  125  125  125  126  126
  127  127  127  129  128  126  125  127  123                                   
    77.5-180.0 180.0   5.0 450.0                            LAT/LON1/LON2/DLON/H
  126  123  129  126  128  130  132  135  136  138  139  142  143  145  146  146
  147  147  147  147  146  145  144  143  141  139  137  135  133  131  129  127
  126  125  124  123  123  123  123  123  123  123  123  123  123  123  124  124
  124  124  124  124  124  124  123  122  122  121  120  120  120  120  120  121
  121  121  122  124  128  122  125  131  126                                   
    75.0-180.0 180.0   5.0 450.0                            LAT/LON1/LON2/DLON/H
  124  123  124  123  125  128  129  132  135  139  140  143  145  147  148  149
  150  150  150  150  149  149  148  146  145  142  140  137  135  132  130  128
  126  125  124  123  123  123  123  123  123  123  122  122  122  121  121  121
  121  121  121  121  121  120  119  118  117  116  115  115  115  115  116  117
  117  118  120  118  122  117  121  117  124                                   
    72.5-180.0 180.0   5.0 450.0                            LAT/LON1/LON2/DLON/H
  121  121  122  125  124  127  130  132  134  138  140  143  146  148  150  151
  151  152  152  152  151  151  150  148  146  144  141  138  134  131  128  126
  124  123  122  121  121  121  121  121  120  120  119  119  118  117  117  117
  117  117  117  116  115  114  113  111  110  109  108  108  108  108  109  111
  111  113  115  113  116  114  118  121  121                                   
    70.0-180.0 180.0   5.0 450.0                            LAT/LON1/LON2/DLON/H
  122  122  122  123  122  124  125  129  131  136  139  143  146  148  150  151
  151  151  151  151  151  151  150  149  147  144  141  137  134  130  127  125
  123  121  120  120  120  120  119  119  119  118  116  115  114  113  112  112
  112  111  111  110  109  107  106  104  102  101  101  101  102  103  105  107
  109  110  113  113  116  115  121  122  122                                   
    67.5-180.0 180.0   5.0 450.0                            LAT/LON1/LON2/DLON/H
  127  127  128  128  127  128  130  133  135  140  143  148  151  154  155  156
  157  157  156  156  156  156  155  153  151  148  145  141  137  133  130  128
  126  125  124  124  123  123  123  123  122  121  119  117  115  114  113  112
  111  111  110  109  107  105  103  101  100   99   99  100  102  104  107  110
  112  113  116  115  117  117  122  123  127                                   
    65.0-180.0 180.0   5.0 450.0                            LAT/LON1/LON2/DLON/H
  130  131  132  132  130  130  130  133  135  140  144  148  152  155  157  158
  158  157  157  157  156  156  155  154  152  149  145  142  138  135  132  130
  129  128  127  126  126  126  126  125  124  122  120  117  115  112  111  109
  108  107  106  104  102   99   97   95   94   94   95   97  100  104  107  111
  113  116  119  118  122  123  128  129  130                                   
    62.5-180.0 180.0   5.0 450.0                            LAT/LON1/LON2/DLON/H
  136  138  139  138  136  136  135  136  138  142  146  151  155  158  160  161
  161  161  160  159  159  158  157  156  154  151  148  144  141  139  137  136
  134  133  132  132  131  131  130  130  128  126  124  120  117  114  111  109
  107  105  103  100   97   94   92   90   90   91   93   97  101  105  110  114
  116  119  122  121  125  126  131  132  136                                   
    60.0-180.0 180.0   5.0 450.0                            LAT/LON1/LON2/DLON/H
  142  144  145  144  142  141  139  140  141  144  147  152  156  159  162  163
  163  163  162  161  160  159  159  157  155  153  150  148  146  145  144  143
  142  141  140  139  139  138  137  137  135  132  129  125  121  116  113  110
  107  104  101   97   93   90   87   86   86   88   91   96  101  106  111  116
  119  122  124  124  128  130  136  137  142                                   
    57.5-180.0 180.0   5.0 450.0                            LAT/LON1/LON2/DLON/H
  146  149  151  151  149  149  146  145  145  147  149  153  156  160  163  165
  165  165  164  163  162  161  160  159  157  155  153  152  152  152  152  152
  152  151  150  149  148  147  146  145  143  140  136  131  126  121  116  112
  109  104  100   95   90   86   83   83   84   87   91   96  101  107  112  117
  120  124  126  126  130  132  139  140  146                                   
    55.0-180.0 180.0   5.0 450.0                            LAT/LON1/LON2/DLON/H
  150  153  157  158  157  157  154  153  151  151  151  154  157  160  164  166
  167  167  166  164  163  162  161  161  160  158  158  157  158  159  161  162
  162  161  161  160  159  158  157  155  153  149  144  138  132  126  121  116
  111  106  100   93   88   83   81   81   83   87   91   96  101  106  112  117
  121  124  127  127  131  133  140  142  150                                   
    52.5-180.0 180.0   5.0 450.0                            LAT/LON1/LON2/DLON/H
  153  156  160  163  164  166  163  161  158  156  154  155  157  160  163  166
  167  167  166  164  163  163  163  163  162  162  161  162  164  166  168  170
  171  171  171  170  170  169  168  166  163  158  152  145  138  132  126  120
  115  108  101   93   87   83   81   82   85   88   93   97  101  105  110  115
  120  124  128  128  133  134  142  143  153                                   
    50.0-180.0 180.0   5.0 450.0                            LAT/LON1/LON2/DLON/H
  154  158  163  168  170  174  173  171  167  164  160  158  158  160  163  166
  167  167  166  165  164  165  165  166  166  166  166  167  169  172  174  177
  178  180  180  181  181  181  180  177  172  166  159  151  144  137  131  125
  119  112  104   95   89   84   83   85   89   93   96   99  101  104  109  114
  119  125  129  130  135  137  144  145  154                                   
    47.5-180.0 180.0   5.0 450.0                            LAT/LON1/LON2/DLON/H
  155  160  165  172  176  182  182  182  177  173  168  164  162  162  164  166
  167  167  166  166  166  168  169  171  171  171  171  172  174  177  180  182
  185  187  189  192  193  193  192  188  182  174  165  157  149  142  137  131
  125  117  108   99   92   89   89   91   96  100  102  103  104  105  109  115
  121  127  133  134  139  141  147  149  155                                   
    45.0-180.0 180.0   5.0 450.0                            LAT/LON1/LON2/DLON/H
  155  162  166  175  181  189  191  192  189  185  179  173  169  168  168  168
  169  168  168  168  170  173  175  177  178  178  178  178  180  182  185  188
  191  194  199  202  205  206  204  198  191  181  171  162  154  148  143  138
  132  124  114  105   98   95   96  100  105  109  110  110  109  109  112  118
  124  132  139  140  145  147  153  155  155                                   
    42.5-180.0 180.0   5.0 450.0                            LAT/LON1/LON2/DLON/H
  157  164  168  177  184  193  197  201  200  198  192  186  180  177  175  174
  173  172  172  173  176  180  184  186  187  186  186  186  186  188  191  194
  198  203  209  214  218  219  216  209  199  188  177  168  160  155  150  145
  139  131  122  113  106  103  104  109  114  118  120  118  116  116  118  124
  130  138  146  148  153  155  161  162  157                                   
    40.0-180.0 180.0   5.0 450.0                            LAT/LON1/LON2/DLON/H
  160  168  171  178  185  195  202  208  210  210  206  200  194  189  185  183
  181  180  179  181  185  190  194  197  197  197  195  195  196  197  200  203
  208  214  221  227  232  232  228  220  208  196  184  174  167  162  157  153
  147  139  129  120  113  111  112  117  123  127  128  127  125  124  126  131
  138  146  153  156  160  163  169  171  160                                   
    37.5-180.0 180.0   5.0 450.0                            LAT/LON1/LON2/DLON/H
  164  172  175  180  186  195  203  212  217  221  220  216  211  205  200  196
  193  191  191  192  197  202  206  209  209  208  207  207  208  210  212  216
  221  228  235  242  246  245  239  229  216  203  191  181  174  169  165  160
  153  145  135  126  120  117  119  123  129  133  135  134  133  132  134  139
  144  152  159  162  166  171  178  180  164                                   
    35.0-180.0 180.0   5.0 450.0                            LAT/LON1/LON2/DLON/H
  169  178  180  183  187  195  203  213  222  230  233  232  228  223  218  213
  209  206  206  207  211  215  219  220  221  220  220  221  223  225  228  232
  238  244  251  256  258  256  248  237  223  210  198  189  181  176  170  165
  158  149  139  130  124  121  122  126  130  135  138  138  138  138  140  144
  149  155  162  165  170  176  186  188  169                                   
    32.5-180.0 180.0   5.0 450.0                            LAT/LON1/LON2/DLON/H
  176  186  187  187  189  195  202  213  225  236  244  247  246  243  238  233
  229  226  224  224  226  229  231  232  232  233  235  237  241  244  247  252
  257  262  267  270  269  263  254  241  228  215  204  195  187  180  174  166
  158  149  139  130  124  121  121  124  128  132  136  138  139  140  142  146
  150  156  162  165  172  180  192  196  176                                   
    30.0-180.0 180.0   5.0 450.0                            LAT/LON1/LON2/DLON/H
  184  194  195  192  193  196  202  214  228  242  253  261  264  263  260  256
  252  248  245  244  243  243  243  244  244  247  250  255  260  264  268  272
  276  280  282  280  275  266  254  241  228  217  207  198  190  182  173  164
  154  144  135  127  121  118  117  118  121  125  129  132  135  137  140  143
  146  152  159  163  171  182  197  202  184                                   
    27.5-180.0 180.0   5.0 450.0                            LAT/LON1/LON2/DLON/H
  193  202  204  200  198  201  205  216  231  248  262  274  281  284  284  281
  277  273  268  265  261  258  256  255  257  261  267  273  278  283  287  290
  293  294  291  285  275  262  248  235  224  214  206  198  189  179  168  157
  146  135  126  119  115  112  111  111  112  115  119  123  127  130  133  137
  140  146  154  160  171  184  200  207  193                                   
    25.0-180.0 180.0   5.0 450.0                            LAT/LON1/LON2/DLON/H
  201  211  213  208  206  208  212  222  237  255  272  287  297  304  307  307
  304  299  293  287  280  274  270  269  271  276  283  290  296  300  303  304
  304  301  294  282  267  252  237  225  215  208  202  194  184  172  159  146
  134  124  115  109  106  105  103  102  102  104  107  112  116  119  122  126
  131  139  149  158  170  185  203  212  201                                   
    22.5-180.0 180.0   5.0 450.0                            LAT/LON1/LON2/DLON/H
  208  218  221  217  216  217  221  231  246  265  283  300  314  324  331  333
  331  327  320  311  302  293  286  284  287  292  300  306  310  312  313  312
  308  301  289  273  255  237  223  212  205  200  194  187  176  163  148  134
  121  111  103   99   97   97   96   95   93   94   96  100  103  106  109  114
  121  132  144  156  171  188  206  217  208                                   
    20.0-180.0 180.0   5.0 450.0                            LAT/LON1/LON2/DLON/H
  213  225  228  226  226  228  233  242  257  276  294  313  329  343  353  357
  358  354  347  337  325  314  306  303  304  310  315  319  320  319  317  312
  305  293  278  259  240  223  209  200  194  190  186  178  167  152  136  121
  109   99   92   90   90   91   91   89   87   87   88   90   92   94   97  103
  111  125  141  155  172  190  209  221  213                                   
    17.5-180.0 180.0   5.0 450.0                            LAT/LON1/LON2/DLON/H
  217  230  234  234  235  239  245  255  269  287  305  325  343  359  372  379
  382  380  374  363  351  338  328  324  324  327  329  329  326  322  315  307
  296  281  264  245  226  210  198  191  186  182  177  169  157  142  126  111
   99   89   84   82   84   86   87   86   84   83   82   83   83   84   86   92
  102  119  138  155  173  192  211  224  217                                   
    15.0-180.0 180.0   5.0 450.0                            LAT/LON1/LON2/DLON/H
  218  235  239  241  244  249  256  267  280  297  314  334  353  371  386  396
  402  403  398  389  376  363  352  346  343  342  341  336  329  321  311  300
  286  269  251  233  216  203  193  186  181  177  172  163  150  135  119  104
   92   84   79   78   80   83   86   86   84   81   80   78   77   76   78   83
   94  113  134  153  172  193  211  225  218                                   
    12.5-180.0 180.0   5.0 450.0                            LAT/LON1/LON2/DLON/H
  219  238  244  247  251  257  266  276  289  304  320  339  358  377  393  406
  415  419  418  410  399  386  374  366  360  355  349  340  330  319  307  292
  276  258  240  224  211  200  192  186  181  175  168  159  146  130  114  100
   89   81   76   76   78   82   85   86   85   82   79   76   74   71   72   77
   87  106  128  149  169  190  209  223  219                                   
    10.0-180.0 180.0   5.0 450.0                            LAT/LON1/LON2/DLON/H
  218  241  249  252  258  264  273  282  294  308  322  340  358  376  393  408
  420  428  430  425  416  404  392  382  373  364  354  342  330  317  303  287
  269  250  233  220  210  202  195  189  182  175  167  156  143  128  112   98
   88   80   76   75   77   82   86   87   86   83   80   76   72   68   67   71
   80   98  120  141  161  185  205  219  218                                   
     7.5-180.0 180.0   5.0 450.0                            LAT/LON1/LON2/DLON/H
  218  244  255  258  264  270  279  287  297  308  321  336  353  370  387  402
  416  427  432  431  424  414  402  391  380  368  356  343  330  316  302  284
