data/edconvlstm_nd/pred1230.15i
     1.0            IONOSPHERE MAPS     GNSS                IONEX VERSION / TYPE
pyspatialgeodesy        IME             05-JAN-18 20:20     PGM / RUN BY / DATE 
Map Name                                                    COMMENT             
Predicted global ionosphere maps (GIM).                     DESCRIPTION         
  2015     5     3     0     0     0                        EPOCH OF FIRST MAP  
  2015     5     4     0     0     0                        EPOCH OF LAST MAP   
  7200                                                      INTERVAL            
    13                                                      # OF MAPS IN FILE   
  NONE                                                      MAPPING FUNCTION    
10.0                                                        ELEVATION CUTOFF    
One-way carrier phase leveled to code                       OBSERVABLES USED    
  6371.0                                                    BASE RADIUS         
 2                                                          MAP DIMENSION       
   450.0 450.0   0.0                                        HGT1 / HGT2 / DHGT  
    87.5 -87.5  -2.5                                        LAT1 / LAT2 / DLAT  
  -180.0 180.0   5.0                                        LON1 / LON2 / DLON  
    -1                                                      EXPONENT            
                                                            END OF HEADER       
     1                                                      START OF TEC MAP    
  2015     5     3     0     0     0                        EPOCH OF CURRENT MAP
    87.5-180.0 180.0   5.0 450.0                            LAT/LON1/LON2/DLON/H
  157  160  170  163  165  166  165  166  168  169  171  173  174  175  176  176
  176  176  175  174  173  171  169  167  165  162  160  157  155  152  150  147
  145  143  141  140  138  137  136  135  135  134  134  134  135  135  136  137
  138  139  140  141  142  142  143  144  145  145  146  146  146  146  146  147
  147  148  149  149  148  147  150  161  157                                   
    85.0-180.0 180.0   5.0 450.0                            LAT/LON1/LON2/DLON/H
  169  164  154  159  167  169  169  171  174  177  179  182  184  185  186  186
  186  186  184  183  181  178  175  172  169  165  162  158  154  151  147  144
  141  138  136  134  132  131  130  129  129  129  129  129  130  131  133  134
  136  137  139  141  142  144  145  146  147  148  149  149  149  149  149  149
  150  151  152  155  148  153  156  162  169                                   
    82.5-180.0 180.0   5.0 450.0                            LAT/LON1/LON2/DLON/H
  163  154  158  160  167  171  172  176  182  185  189  193  196  198  199  200
  200  199  197  194  191  187  182  177  172  167  162  156  151  146  142  137
  133  130  127  124  122  120  119  118  118  118  119  120  122  124  126  128
  131  134  137  139  142  145  147  149  151  152  153  154  154  154  154  155
  154  155  155  153  151  142  146  150  163                                   
    80.0-180.0 180.0   5.0 450.0                            LAT/LON1/LON2/DLON/H
  159  151  148  151  159  165  172  178  186  191  197  203  207  211  213  213
  213  211  208  203  198  193  186  180  173  166  159  152  145  139  134  128
  124  120  116  114  111  110  109  108  108  109  110  112  114  117  120  124
  128  132  136  140  144  147  150  153  155  157  158  159  159  159  159  158
  157  155  154  149  154  144  151  159  159                                   
    77.5-180.0 180.0   5.0 450.0                            LAT/LON1/LON2/DLON/H
  163  150  145  152  156  162  171  180  190  197  205  212  218  222  224  224
  223  220  215  209  203  195  188  179  171  163  155  147  140  134  128  123
  118  115  111  109  107  105  104  104  104  105  106  108  111  115  119  124
  129  134  139  144  149  153  157  160  163  165  167  167  167  167  166  165
  163  161  158  153  156  152  155  167  163                                   
    75.0-180.0 180.0   5.0 450.0                            LAT/LON1/LON2/DLON/H
  170  154  149  155  158  163  171  180  191  199  207  215  222  225  226  226
  223  218  212  206  198  190  182  173  164  156  148  140  133  127  122  118
  115  112  110  108  106  104  103  102  102  103  104  107  110  114  118  123
  129  134  140  145  151  156  160  164  168  170  172  173  173  173  172  171
  168  167  165  155  157  159  160  173  170                                   
    72.5-180.0 180.0   5.0 450.0                            LAT/LON1/LON2/DLON/H
  169  162  159  160  161  165  173  182  193  201  210  217  222  224  224  221
  217  211  204  196  188  180  172  163  155  147  139  132  126  121  118  115
  113  112  110  109  107  105  104  103  102  102  103  106  109  113  117  122
  127  133  138  144  150  155  160  165  169  173  175  177  178  178  177  177
  174  174  173  165  165  166  171  185  169                                   
    70.0-180.0 180.0   5.0 450.0                            LAT/LON1/LON2/DLON/H
  179  173  171  171  170  173  180  188  198  206  213  219  223  223  220  215
  209  202  194  187  179  172  164  156  148  140  133  127  122  118  116  115
  115  114  114  113  111  109  107  105  104  104  105  107  110  113  118  122
  127  132  138  143  149  155  161  166  172  176  180  182  184  184  184  184
  183  182  183  178  181  183  186  197  179                                   
    67.5-180.0 180.0   5.0 450.0                            LAT/LON1/LON2/DLON/H
  191  189  186  184  180  181  187  193  202  209  215  220  221  219  215  208
  200  193  185  178  172  165  159  151  144  136  129  123  119  116  115  115
  116  116  115  114  111  108  106  103  102  102  103  105  108  112  116  120
  125  130  135  140  146  153  160  167  173  179  184  187  189  189  189  189
  188  189  190  186  191  196  198  209  191                                   
    65.0-180.0 180.0   5.0 450.0                            LAT/LON1/LON2/DLON/H
  202  202  199  196  191  190  194  199  207  212  217  220  220  216  210  203
  195  188  181  175  170  165  159  152  145  137  130  124  120  118  117  118
  118  118  117  114  111  108  104  102  101  101  103  105  108  112  115  119
  123  128  133  139  145  153  161  170  178  186  192  195  197  197  196  195
  193  194  195  194  200  206  210  221  202                                   
    62.5-180.0 180.0   5.0 450.0                            LAT/LON1/LON2/DLON/H
  213  214  212  208  203  199  201  205  212  215  219  220  219  215  209  201
  194  188  182  178  174  170  165  159  152  144  136  130  126  124  124  123
  123  122  119  115  111  107  104  102  101  102  104  107  110  113  116  120
  124  128  133  139  147  155  165  176  186  196  203  207  209  208  205  203
  200  199  200  199  205  212  217  228  213                                   
    60.0-180.0 180.0   5.0 450.0                            LAT/LON1/LON2/DLON/H
  220  223  222  219  213  209  209  212  216  218  220  220  218  214  208  202
  196  191  187  184  182  179  175  169  162  154  147  141  137  134  133  132
  130  127  122  117  112  108  105  104  104  105  108  110  113  116  118  121
  125  129  134  141  150  160  171  184  197  208  216  221  223  221  217  213
  208  205  205  203  207  214  220  232  220                                   
    57.5-180.0 180.0   5.0 450.0                            LAT/LON1/LON2/DLON/H
  226  231  232  228  224  220  219  220  223  222  222  221  218  213  208  203
  199  195  193  191  190  188  185  180  174  167  160  155  151  148  145  143
  139  134  128  121  116  111  109  108  109  111  113  116  118  119  121  123
  126  130  136  144  153  165  179  194  208  221  231  237  238  236  231  225
  218  213  212  208  210  215  222  234  226                                   
    55.0-180.0 180.0   5.0 450.0                            LAT/LON1/LON2/DLON/H
  233  239  243  239  237  233  233  233  234  230  227  223  219  214  209  205
  201  198  197  196  196  195  193  190  185  180  174  170  166  163  160  156
  150  143  135  128  122  119  117  117  118  120  121  122  123  123  124  125
  128  132  138  147  158  171  187  203  220  235  246  252  254  251  246  240
  233  226  223  217  216  218  225  239  233                                   
    52.5-180.0 180.0   5.0 450.0                            LAT/LON1/LON2/DLON/H
  243  251  255  253  252  251  253  251  250  244  237  230  223  216  210  206
  202  200  198  198  198  199  198  197  194  191  187  183  180  177  173  168
  161  153  144  137  132  129  128  128  129  130  130  129  128  127  126  127
  129  133  140  150  162  177  194  212  230  246  259  266  268  266  262  257
  250  244  239  231  227  227  233  249  243                                   
    50.0-180.0 180.0   5.0 450.0                            LAT/LON1/LON2/DLON/H
  257  266  271  269  271  274  278  276  273  264  254  243  232  223  215  208
  203  200  199  199  200  201  201  201  200  198  196  194  191  189  184  179
  171  162  154  147  143  141  140  140  140  139  138  135  133  130  129  128
  130  135  143  153  167  183  200  219  238  255  267  275  278  277  276  274
  270  265  261  250  246  242  248  264  257                                   
    47.5-180.0 180.0   5.0 450.0                            LAT/LON1/LON2/DLON/H
  274  283  288  289  292  299  306  306  302  291  278  263  249  235  223  214
  207  203  201  201  201  203  204  204  204  203  201  199  197  195  190  185
  177  169  162  157  154  152  151  151  149  147  144  140  137  134  131  131
  133  137  145  156  170  187  205  224  243  259  271  278  282  284  285  288
  288  288  285  274  269  263  269  286  274                                   
    45.0-180.0 180.0   5.0 450.0                            LAT/LON1/LON2/DLON/H
  293  302  307  309  314  325  335  337  334  322  307  290  272  255  239  226
  216  210  207  207  207  208  208  207  206  204  202  200  197  195  191  186
  180  173  168  165  163  162  162  160  158  154  150  145  141  138  135  135
  136  140  148  159  174  190  209  227  245  260  271  279  283  287  292  299
  305  309  309  301  296  288  295  312  293                                   
    42.5-180.0 180.0   5.0 450.0                            LAT/LON1/LON2/DLON/H
  313  320  324  329  335  348  360  365  364  354  340  323  303  283  263  245
  233  225  221  220  220  218  216  212  208  204  200  196  193  190  187  183
  179  176  173  171  171  171  171  169  166  162  157  152  148  145  142  140
  141  144  151  163  177  194  212  230  246  260  271  278  284  289  297  309
  321  330  334  328  323  316  323  339  313                                   
    40.0-180.0 180.0   5.0 450.0                            LAT/LON1/LON2/DLON/H
  334  339  342  347  353  366  379  387  389  382  372  357  339  317  295  274
  258  249  244  242  240  235  229  221  212  205  198  193  189  186  183  181
  180  179  179  179  180  181  181  179  176  172  167  163  159  155  152  149
  148  149  155  166  180  198  215  233  248  262  272  279  286  293  304  319
  335  349  357  354  351  344  352  366  334                                   
    37.5-180.0 180.0   5.0 450.0                            LAT/LON1/LON2/DLON/H
  357  361  362  366  371  382  394  403  408  406  400  390  376  356  333  310
  292  281  275  272  266  258  245  232  220  209  200  194  189  185  184  184
  185  187  188  189  190  192  193  192  190  187  183  179  174  169  164  159
  155  154  158  168  182  200  218  236  251  263  274  282  290  299  313  330
  350  367  379  379  377  372  381  393  357                                   
    35.0-180.0 180.0   5.0 450.0                            LAT/LON1/LON2/DLON/H
  387  390  389  388  392  399  407  416  423  425  424  421  411  395  373  350
  330  318  310  304  295  281  264  246  231  218  209  201  196  193  193  194
  197  200  202  203  204  206  208  209  209  208  204  199  193  186  178  170
  162  158  160  168  183  201  220  237  252  265  277  287  297  308  324  343
  365  386  400  403  404  401  410  421  387                                   
    32.5-180.0 180.0   5.0 450.0                            LAT/LON1/LON2/DLON/H
  424  428  425  419  419  422  426  432  440  444  448  449  444  432  413  390
  370  355  344  335  321  303  282  262  245  233  225  218  214  211  210  212
  216  218  220  220  221  222  226  229  232  232  229  223  215  204  192  180
  169  162  161  168  182  200  220  238  254  268  281  294  306  320  338  359
  383  406  423  428  432  433  441  450  424                                   
    30.0-180.0 180.0   5.0 450.0                            LAT/LON1/LON2/DLON/H
  470  477  473  463  460  459  457  460  466  470  475  478  476  468  451  428
  406  388  373  359  341  319  297  278  264  255  249  244  239  236  235  236
  238  240  239  237  237  239  243  249  254  256  253  246  234  220  204  189
  175  165  162  167  181  200  220  239  256  271  286  302  318  335  354  377
  403  427  446  453  462  466  474  483  470                                   
    27.5-180.0 180.0   5.0 450.0                            LAT/LON1/LON2/DLON/H
  521  531  530  520  516  513  507  505  506  508  510  512  511  503  487  463
  438  414  394  374  353  330  310  294  285  281  278  274  270  265  263  262
  261  259  256  251  249  252  258  266  273  275  272  263  249  231  213  194
  179  167  163  167  180  199  220  239  257  273  290  309  328  349  370  395
  422  449  469  479  493  500  508  518  521                                   
    25.0-180.0 180.0   5.0 450.0                            LAT/LON1/LON2/DLON/H
  574  585  589  584  580  578  570  565  562  559  557  554  550  541  523  497
  466  437  410  385  361  339  322  312  309  309  308  306  300  294  288  283
  278  271  264  257  255  258  266  275  282  284  280  269  254  235  215  197
  181  169  164  168  179  197  218  238  256  274  293  314  337  361  385  411
  440  469  490  502  522  531  543  555  574                                   
    22.5-180.0 180.0   5.0 450.0                            LAT/LON1/LON2/DLON/H
  623  632  641  644  642  643  638  632  627  621  613  605  596  584  563  533
  497  460  426  396  371  351  338  332  333  336  337  333  325  314  302  292
  281  271  261  254  252  256  265  274  279  280  275  264  249  231  213  195
  181  170  165  167  178  195  215  235  254  272  293  318  345  372  399  426
  456  485  507  522  548  556  574  592  623                                   
    20.0-180.0 180.0   5.0 450.0                            LAT/LON1/LON2/DLON/H
  663  665  678  690  691  697  696  694  690  683  672  659  647  631  607  573
  532  489  449  415  388  369  359  356  358  360  358  349  335  318  300  284
  270  258  248  242  243  249  257  263  266  264  258  249  237  222  206  191
  179  170  165  166  174  190  209  229  248  268  291  319  350  381  410  438
  470  499  522  540  567  574  599  623  663                                   
    17.5-180.0 180.0   5.0 450.0                            LAT/LON1/LON2/DLON/H
  685  680  696  715  721  732  737  741  741  735  724  710  695  678  654  619
  574  527  483  446  417  398  387  382  380  377  366  349  326  302  281  263
  249  238  230  227  231  238  245  247  246  241  235  228  220  209  197  186
  176  168  163  162  169  182  200  220  240  262  288  319  353  386  418  448
  480  510  534  554  580  585  614  643  685                                   
    15.0-180.0 180.0   5.0 450.0                            LAT/LON1/LON2/DLON/H
  684  674  694  721  730  745  756  765  770  769  760  747  734  720  698  665
  622  574  528  490  459  437  421  409  397  381  358  329  299  273  252  237
  225  217  213  215  221  229  234  232  224  216  210  207  203  197  188  179
  171  164  158  156  160  171  188  208  230  254  283  317  353  390  423  455
  487  518  543  565  587  589  621  650  684                                   
    12.5-180.0 180.0   5.0 450.0                            LAT/LON1/LON2/DLON/H
  669  657  682  712  724  741  754  767  776  779  774  766  758  749  733  706
  668  625  581  543  511  482  456  431  403  370  332  294  262  239  223  213
  207  204  204  210  219  227  228  220  207  196  190  188  188  186  180  173
  165  157  150  146  147  156  172  193  218  245  277  314  353  392  427  460
  493  523  549  572  589  591  621  650  669                                   
    10.0-180.0 180.0   5.0 450.0                            LAT/LON1/LON2/DLON/H
  652  642  670  700  711  727  739  752  763  768  767  763  762  760  752  735
  706  670  633  597  561  523  482  439  393  344  296  256  228  213  205  203
  201  202  206  214  225  232  230  216  197  182  176  175  178  177  173  165
  155  146  137  132  131  139  154  177  204  234  270  310  352  393  431  464
  497  527  553  576  591  591  620  647  652                                   
     7.5-180.0 180.0   5.0 450.0                            LAT/LON1/LON2/DLON/H
  644  639  666  691  700  712  721  731  739  743  743  743  746  750  751  743
  724  698  669  636  596  547  491  430  368  309  260  226  208  203  204  207
