data/edconvlstm_nd/pred1280.15i
     1.0            IONOSPHERE MAPS     GNSS                IONEX VERSION / TYPE
pyspatialgeodesy        IME             05-JAN-18 20:20     PGM / RUN BY / DATE 
Map Name                                                    COMMENT             
Predicted global ionosphere maps (GIM).                     DESCRIPTION         
  2015     5     8     0     0     0                        EPOCH OF FIRST MAP  
  2015     5     9     0     0     0                        EPOCH OF LAST MAP   
  7200                                                      INTERVAL            
    13                                                      # OF MAPS IN FILE   
  NONE                                                      MAPPING FUNCTION    
10.0                                                        ELEVATION CUTOFF    
One-way carrier phase leveled to code                       OBSERVABLES USED    
  6371.0                                                    BASE RADIUS         
 2                                                          MAP DIMENSION       
   450.0 450.0   0.0                                        HGT1 / HGT2 / DHGT  
    87.5 -87.5  -2.5                                        LAT1 / LAT2 / DLAT  
  -180.0 180.0   5.0                                        LON1 / LON2 / DLON  
    -1                                                      EXPONENT            
                                                            END OF HEADER       
     1                                                      START OF TEC MAP    
  2015     5     8     0     0     0                        EPOCH OF CURRENT MAP
    87.5-180.0 180.0   5.0 450.0                            LAT/LON1/LON2/DLON/H
  150  152  161  156  156  156  154  154  154  154  155  155  155  155  155  154
  153  152  150  149  147  145  143  141  139  136  134  132  130  128  126  124
  123  122  121  120  119  119  119  119  119  120  121  122  122  123  124  126
  127  128  129  130  131  132  134  135  136  137  138  139  140  140  141  142
  143  144  146  145  143  143  145  144  150                                   
    85.0-180.0 180.0   5.0 450.0                            LAT/LON1/LON2/DLON/H
  167  164  151  155  163  163  162  162  163  164  165  166  166  166  166  165
  164  163  161  159  156  154  151  148  144  141  138  135  132  129  127  125
  123  122  121  120  120  120  120  121  122  123  124  126  127  128  129  131
  132  133  134  135  137  138  139  140  142  143  144  145  146  147  148  149
  150  151  153  156  152  156  155  155  167                                   
    82.5-180.0 180.0   5.0 450.0                            LAT/LON1/LON2/DLON/H
  169  158  163  162  168  171  169  171  174  176  177  179  180  181  181  180
  179  177  174  171  168  164  160  155  150  146  141  136  132  128  124  121
  119  117  116  116  116  117  118  120  121  123  125  127  129  130  132  134
  135  137  138  140  141  143  145  146  148  150  152  153  154  155  157  158
  159  160  161  160  160  150  150  150  169                                   
    80.0-180.0 180.0   5.0 450.0                            LAT/LON1/LON2/DLON/H
  171  161  156  157  163  167  171  174  179  181  184  187  188  189  189  188
  187  184  181  177  173  168  162  156  150  144  137  131  125  119  115  111
  108  107  106  107  108  110  112  115  118  121  123  126  128  129  131  133
  134  136  137  139  141  143  145  147  149  151  152  154  155  157  158  159
  159  159  159  157  167  157  161  164  171                                   
    77.5-180.0 180.0   5.0 450.0                            LAT/LON1/LON2/DLON/H
  180  166  158  164  164  167  175  180  185  188  192  195  197  198  197  195
  193  190  186  181  176  171  165  159  151  144  136  128  121  114  108  104
  101   99   99  101  103  106  110  114  117  121  124  126  128  130  131  133
  134  136  138  140  142  144  146  148  150  153  155  157  158  160  161  163
  163  165  164  163  169  167  166  175  180                                   
    75.0-180.0 180.0   5.0 450.0                            LAT/LON1/LON2/DLON/H
  187  169  162  167  167  169  176  182  188  192  195  198  199  199  197  194
  190  186  182  178  173  168  163  156  149  141  132  123  115  107  101   96
   93   92   93   95   99  103  108  113  117  120  123  125  126  127  128  129
  130  132  133  135  137  139  142  144  146  148  151  153  155  157  159  161
  161  164  166  159  165  171  168  177  187                                   
    72.5-180.0 180.0   5.0 450.0                            LAT/LON1/LON2/DLON/H
  182  174  169  171  171  173  179  186  193  197  200  202  202  199  195  191
  186  181  177  173  169  166  161  155  149  141  132  123  113  105   98   93
   90   89   91   94   98  103  108  113  117  119  121  122  122  122  122  122
  123  125  127  129  131  133  135  137  140  142  145  148  150  153  156  159
  160  163  168  164  166  171  172  183  182                                   
    70.0-180.0 180.0   5.0 450.0                            LAT/LON1/LON2/DLON/H
  188  179  175  178  178  179  186  193  201  204  208  209  207  202  197  190
  184  179  175  172  169  166  163  158  152  144  136  126  116  107  100   94
   91   90   92   95   99  105  109  114  116  118  118  117  116  116  116  116
  117  119  122  124  127  129  131  134  137  139  143  146  149  152  155  159
  161  164  171  170  174  179  177  186  188                                   
    67.5-180.0 180.0   5.0 450.0                            LAT/LON1/LON2/DLON/H
  194  189  183  184  184  184  190  197  205  210  213  214  211  205  198  191
  184  179  175  172  170  167  164  160  154  147  138  129  119  110  102   96
   92   90   90   93   96  100  104  107  109  109  107  106  104  103  102  104
  106  109  112  115  118  121  124  127  130  134  138  142  146  149  152  156
  159  163  169  169  176  182  179  188  194                                   
    65.0-180.0 180.0   5.0 450.0                            LAT/LON1/LON2/DLON/H
  200  195  188  188  188  187  193  200  209  214  218  218  216  210  203  196
  190  184  180  177  174  172  168  164  158  151  143  134  125  116  107  100
   95   92   90   91   92   95   97   99   99   97   95   93   90   89   89   92
   95  100  104  108  112  115  119  122  126  131  136  141  145  149  152  155
  157  161  168  168  176  183  182  191  200                                   
    62.5-180.0 180.0   5.0 450.0                            LAT/LON1/LON2/DLON/H
  204  199  192  192  191  189  194  201  210  216  220  222  220  216  211  205
  200  195  191  187  183  179  174  168  162  156  149  141  133  124  116  108
  101   95   91   89   88   89   89   89   88   86   83   80   77   77   78   81
   86   92   98  103  107  111  115  119  124  130  137  143  148  152  155  157
  157  160  165  165  173  181  181  191  204                                   
    60.0-180.0 180.0   5.0 450.0                            LAT/LON1/LON2/DLON/H
  206  202  197  195  194  191  195  201  210  215  220  223  223  221  218  215
  212  208  204  199  193  186  179  172  165  160  154  148  142  134  126  117
  108  100   93   88   85   83   82   81   79   76   73   70   68   67   69   73
   79   86   92   98  103  107  112  117  124  131  139  146  153  157  160  161
  159  159  163  162  169  177  178  190  206                                   
    57.5-180.0 180.0   5.0 450.0                            LAT/LON1/LON2/DLON/H
  209  205  203  200  199  195  198  203  210  215  218  221  222  223  224  224
  223  221  217  210  201  191  182  174  168  163  160  156  152  146  138  128
  117  107   98   90   84   81   78   77   74   72   68   65   63   63   65   69
   76   82   89   95  100  105  110  117  125  134  143  152  160  165  167  168
  165  163  165  162  167  175  177  191  209                                   
    55.0-180.0 180.0   5.0 450.0                            LAT/LON1/LON2/DLON/H
  214  213  212  210  209  205  208  210  215  216  217  219  221  223  226  229
  231  230  225  216  206  195  184  176  170  167  166  165  162  157  149  139
  127  115  104   95   88   84   81   78   76   73   70   67   65   65   67   71
   76   83   89   94   99  105  111  119  128  139  150  160  169  175  178  179
  176  173  174  168  171  177  179  196  214                                   
    52.5-180.0 180.0   5.0 450.0                            LAT/LON1/LON2/DLON/H
  223  226  226  224  225  222  224  224  225  222  219  218  219  222  226  231
  233  232  227  218  207  196  186  178  174  173  173  173  172  168  160  150
  137  124  112  103   96   91   88   85   83   81   78   75   73   73   74   77
   81   86   91   96  101  107  114  122  133  145  156  168  177  185  190  193
  191  189  189  181  183  187  188  206  223                                   
    50.0-180.0 180.0   5.0 450.0                            LAT/LON1/LON2/DLON/H
  238  244  245  244  246  246  248  245  241  234  227  222  220  222  225  229
  231  229  224  216  206  197  189  183  180  180  181  182  180  176  168  157
  145  132  121  112  105  101   99   97   94   92   90   87   85   84   84   86
   88   92   96  100  105  111  118  128  139  151  163  174  185  194  201  207
  208  210  211  203  204  206  204  222  238                                   
    47.5-180.0 180.0   5.0 450.0                            LAT/LON1/LON2/DLON/H
  257  266  266  267  271  273  276  270  263  251  239  231  226  225  226  227
  226  224  219  213  206  200  195  192  190  190  190  189  186  180  171  160
  148  137  128  121  116  113  111  109  107  105  103  100   98   97   96   96
   97   99  102  105  109  116  124  134  146  158  169  180  191  201  212  221
  227  233  237  231  233  232  228  243  257                                   
    45.0-180.0 180.0   5.0 450.0                            LAT/LON1/LON2/DLON/H
  278  288  287  289  295  299  301  295  285  270  256  245  237  233  230  227
  224  220  216  212  210  208  206  205  203  201  199  195  188  180  169  159
  148  139  132  128  125  123  122  121  119  117  115  113  111  109  108  107
  106  107  108  110  115  121  131  142  154  166  177  187  197  209  221  234
  246  256  265  262  265  263  258  269  278                                   
    42.5-180.0 180.0   5.0 450.0                            LAT/LON1/LON2/DLON/H
  298  309  306  307  314  317  320  313  303  288  273  261  253  246  240  234
  227  222  219  219  221  222  222  221  217  212  206  198  188  177  166  155
  146  139  134  132  131  131  130  130  128  127  126  125  123  121  119  116
  115  113  114  115  119  126  136  148  161  174  185  195  206  217  231  247
  263  278  291  292  297  295  290  296  298                                   
    40.0-180.0 180.0   5.0 450.0                            LAT/LON1/LON2/DLON/H
  317  327  320  319  325  328  329  323  314  299  287  278  271  264  257  248
  239  233  232  234  238  241  241  237  230  221  211  200  188  175  163  152
  144  138  134  133  134  135  136  136  136  135  135  134  133  131  128  124
  121  119  118  119  122  129  140  153  167  181  194  206  217  229  244  261
  280  298  314  319  326  325  322  325  317                                   
    37.5-180.0 180.0   5.0 450.0                            LAT/LON1/LON2/DLON/H
  336  344  332  328  331  331  330  324  316  305  297  292  288  284  278  268
  259  253  253  256  260  262  259  251  240  228  216  204  191  178  165  154
  145  139  136  135  136  138  140  141  142  142  142  143  142  139  135  130
  126  122  120  119  122  128  140  154  171  188  203  218  231  245  260  278
  297  317  334  342  351  353  352  356  336                                   
    35.0-180.0 180.0   5.0 450.0                            LAT/LON1/LON2/DLON/H
  358  365  349  339  338  333  328  322  316  307  303  302  303  303  299  292
  284  279  278  280  282  280  273  261  248  235  223  212  200  188  175  164
  155  147  142  140  140  142  145  147  148  149  150  151  150  146  140  134
  129  124  120  118  119  125  137  154  174  194  214  233  249  265  281  299
  318  337  354  363  373  380  382  389  358                                   
    32.5-180.0 180.0   5.0 450.0                            LAT/LON1/LON2/DLON/H
  390  396  375  360  353  343  334  326  320  313  310  312  316  319  318  314
  308  304  303  302  300  293  282  268  254  243  235  227  218  207  195  184
  173  163  155  151  149  151  153  155  157  158  160  160  158  153  146  139
  132  125  120  117  117  123  136  155  178  203  228  250  270  288  306  323
  342  359  375  384  397  407  412  424  390                                   
    30.0-180.0 180.0   5.0 450.0                            LAT/LON1/LON2/DLON/H
  433  440  415  395  383  369  355  344  336  328  324  325  329  333  334  332
  328  325  322  318  311  300  286  273  262  255  251  248  243  235  224  213
  200  188  177  169  165  164  166  167  169  171  173  173  169  162  153  144
  136  129  123  118  118  124  138  160  186  215  244  270  293  313  330  348
  366  382  397  406  422  437  443  462  433                                   
    27.5-180.0 180.0   5.0 450.0                            LAT/LON1/LON2/DLON/H
  487  496  469  447  430  414  397  383  372  360  351  347  347  349  349  347
  344  340  335  327  315  302  289  278  273  271  273  275  274  268  259  247
  233  218  204  192  186  184  184  185  186  188  189  187  183  174  163  152
  143  135  128  124  123  130  146  170  199  232  263  292  316  336  354  371
  389  405  418  427  449  467  475  504  487                                   
    25.0-180.0 180.0   5.0 450.0                            LAT/LON1/LON2/DLON/H
  546  558  532  514  495  479  461  444  429  411  396  384  376  371  367  362
  357  351  343  332  318  304  293  288  288  292  299  304  305  301  293  281
  265  248  232  219  211  207  206  205  205  205  205  203  196  185  173  161
  151  143  136  132  132  140  158  184  216  250  283  312  337  357  375  393
  412  426  439  449  476  497  510  546  546                                   
    22.5-180.0 180.0   5.0 450.0                            LAT/LON1/LON2/DLON/H
  603  617  597  587  568  556  540  524  505  482  458  437  419  405  393  383
  374  364  352  338  323  311  304  304  308  316  324  330  331  326  317  305
  289  272  256  243  234  230  227  224  222  220  218  213  205  193  180  167
  158  150  144  140  142  153  172  201  235  270  302  331  355  375  394  412
  432  447  459  471  502  525  546  588  603                                   
    20.0-180.0 180.0   5.0 450.0                            LAT/LON1/LON2/DLON/H
  650  664  651  652  639  634  625  612  592  565  534  503  475  451  431  413
  398  384  369  353  338  327  324  327  333  340  345  347  343  336  326  314
  300  285  271  261  253  248  243  238  232  226  222  217  208  196  182  171
  161  154  149  147  152  165  188  219  255  290  321  347  370  390  409  429
  449  464  478  493  526  549  578  624  650                                   
    17.5-180.0 180.0   5.0 450.0                            LAT/LON1/LON2/DLON/H
  679  691  688  700  694  698  698  692  676  649  613  576  541  509  480  455
  434  416  399  381  366  357  354  356  359  360  356  350  340  329  319  308
  298  287  278  271  265  260  252  243  233  225  218  212  203  192  181  170
  162  156  152  152  159  175  201  235  271  305  334  359  380  401  421  442
  464  480  496  514  546  567  603  650  679                                   
    15.0-180.0 180.0   5.0 450.0                            LAT/LON1/LON2/DLON/H
  690  697  704  723  724  737  746  749  740  717  683  645  607  571  537  506
  481  460  442  424  409  398  392  387  381  370  354  338  323  310  301  294
  288  283  279  275  270  264  253  241  228  217  209  202  194  185  176  167
  160  155  151  153  162  182  210  245  280  313  340  364  386  408  430  453
  476  493  511  532  562  579  621  666  690                                   
    12.5-180.0 180.0   5.0 450.0                            LAT/LON1/LON2/DLON/H
  689  690  704  725  729  747  762  773  772  757  730  698  663  628  594  563
  536  514  496  479  462  446  431  415  393  366  339  315  299  289  283  280
  278  277  276  274  270  262  250  234  219  207  197  190  183  176  169  162
  156  150  147  150  161  183  213  248  283  315  342  366  390  415  440  464
  488  506  526  549  575  590  634  675  689                                   
    10.0-180.0 180.0   5.0 450.0                            LAT/LON1/LON2/DLON/H
  684  683  700  717  720  737  752  766  771  764  747  724  699  672  643  615
  590  571  554  536  515  492  464  431  392  351  316  291  279  274  273  274
  275  275  274  272  267  258  244  227  211  197  187  179  173  167  161  155
  148  142  139  141  154  176  208  244  280  313  343  372  400  428  455  480
  503  521  540  565  590  603  646  684  684                                   
     7.5-180.0 180.0   5.0 450.0                            LAT/LON1/LON2/DLON/H
  686  686  703  712  707  717  728  741  748  745  736  724  709  692  673  652
  633  618  603  584  558  524  481  431  377  328  293  275  271  274  278  279
