data/edconvlstm_nd/pred0220.15i
     1.0            IONOSPHERE MAPS     GNSS                IONEX VERSION / TYPE
pyspatialgeodesy        IME             05-JAN-18 20:20     PGM / RUN BY / DATE 
Map Name                                                    COMMENT             
Predicted global ionosphere maps (GIM).                     DESCRIPTION         
  2015     1    22     0     0     0                        EPOCH OF FIRST MAP  
  2015     1    23     0     0     0                        EPOCH OF LAST MAP   
  7200                                                      INTERVAL            
    13                                                      # OF MAPS IN FILE   
  NONE                                                      MAPPING FUNCTION    
10.0                                                        ELEVATION CUTOFF    
One-way carrier phase leveled to code                       OBSERVABLES USED    
  6371.0                                                    BASE RADIUS         
 2                                                          MAP DIMENSION       
   450.0 450.0   0.0                                        HGT1 / HGT2 / DHGT  
    87.5 -87.5  -2.5                                        LAT1 / LAT2 / DLAT  
  -180.0 180.0   5.0                                        LON1 / LON2 / DLON  
    -1                                                      EXPONENT            
                                                            END OF HEADER       
[from data line 4290]
    11                                                      START OF TEC MAP    
  2015     1    22    20     0     0                        EPOCH OF CURRENT MAP
    87.5-180.0 180.0   5.0 450.0                            LAT/LON1/LON2/DLON/H
   82   76   68   73   78   76   76   74   75   78   78   80   81   83   84   85
   87   88   88   89   90   90   91   91   91   91   91   91   91   91   90   90
   89   88   87   87   86   85   84   83   82   81   80   79   79   78   78   77
   77   77   76   76   76   75   75   74   74   74   73   73   72   71   71   70
   69   69   66   63   71   70   89   97   82                                   
    85.0-180.0 180.0   5.0 450.0                            LAT/LON1/LON2/DLON/H
   79   78   84   70   71   75   75   77   78   81   81   83   85   86   87   89
   90   90   91   91   92   92   92   92   93   93   93   93   93   93   93   92
   91   90   89   88   87   86   85   84   83   82   81   80   80   80   79   79
   79   79   79   79   79   79   78   78   78   78   77   77   76   76   75   74
   74   73   69   64   69   72   78   76   79                                   
    82.5-180.0 180.0   5.0 450.0                            LAT/LON1/LON2/DLON/H
   52   61   65   58   61   65   68   68   70   73   75   78   80   82   83   85
   86   86   86   86   86   86   86   86   87   87   88   88   89   89   89   89
   88   87   85   84   82   80   78   77   75   74   73   73   73   73   73   73
   74   74   74   75   75   76   76   76   76   76   75   75   74   73   72   71
   70   68   64   63   69   80   75   75   52                                   
    80.0-180.0 180.0   5.0 450.0                            LAT/LON1/LON2/DLON/H
   43   53   61   56   57   57   64   67   70   74   77   81   84   86   88   89
   89   88   87   86   84   83   82   82   82   83   84   85   87   88   89   89
   89   88   86   84   82   80   77   75   74   73   72   72   72   73   74   75
   76   78   79   80   81   82   82   83   83   83   83   82   81   80   79   77
   75   73   70   68   66   72   68   77   43                                   
    77.5-180.0 180.0   5.0 450.0                            LAT/LON1/LON2/DLON/H
   56   59   63   59   62   64   71   75   79   83   87   92   96   99  101  101
  100   98   95   91   88   84   81   79   79   79   81   83   85   88   90   92
   92   92   90   88   85   82   79   76   74   73   73   73   74   76   78   80
   82   84   86   88   89   91   92   93   93   93   93   93   92   90   89   87
   85   82   80   78   76   76   74   85   56                                   
    75.0-180.0 180.0   5.0 450.0                            LAT/LON1/LON2/DLON/H
   65   66   66   65   67   71   76   80   86   92   97  103  108  112  114  114
  111  107  102   95   88   82   77   73   71   71   73   76   81   85   89   92
   94   94   93   91   87   84   80   78   76   76   76   77   79   82   84   87
   89   92   93   95   97   98   99  100  101  101  101  101  100   98   97   95
   93   92   90   85   81   77   72   75   65                                   
    72.5-180.0 180.0   5.0 450.0                            LAT/LON1/LON2/DLON/H
   79   74   73   77   75   78   84   88   93   99  105  113  119  124  127  127
  124  118  110  101   90   80   72   65   61   60   61   64   69   75   80   85
   88   89   88   86   82   78   74   72   71   71   72   74   77   80   83   85
   87   89   90   91   92   93   94   95   96   96   96   96   95   94   93   91
   89   88   87   83   78   76   73   80   79                                   
    70.0-180.0 180.0   5.0 450.0                            LAT/LON1/LON2/DLON/H
   91   82   82   86   85   87   91   97  103  110  118  126  134  140  144  145
  143  136  127  115  101   88   76   67   60   57   57   60   65   70   76   81
   85   86   85   83   79   75   71   69   69   70   72   76   79   82   84   86
   87   87   87   88   88   89   89   90   91   91   91   91   91   90   89   88
   86   85   85   83   80   77   77   83   91                                   
    67.5-180.0 180.0   5.0 450.0                            LAT/LON1/LON2/DLON/H
  101   92   92   99  101  104  110  116  121  129  137  147  156  164  170  173
  171  166  155  142  126  109   94   81   71   65   62   62   65   69   74   78
   81   83   82   79   75   71   68   66   67   69   72   76   79   81   83   83
   82   81   80   79   79   80   80   81   82   83   84   84   83   83   82   81
   79   79   78   76   73   73   73   79  101                                   
    65.0-180.0 180.0   5.0 450.0                            LAT/LON1/LON2/DLON/H
  101   96   99  109  113  119  125  133  140  149  158  169  180  190  198  203
  204  200  190  177  160  141  123  107   93   83   76   72   71   72   74   76
   77   78   76   73   69   65   62   61   62   65   68   72   75   76   75   74
   71   68   66   65   65   66   67   68   70   71   72   72   72   72   71   70
   69   69   70   69   68   70   71   79  101                                   
    62.5-180.0 180.0   5.0 450.0                            LAT/LON1/LON2/DLON/H
   98   97  103  116  125  136  145  156  164  174  184  195  207  219  229  237
  241  239  231  218  201  182  163  143  126  111   99   90   84   79   77   76
   75   74   71   68   64   60   57   57   58   61   65   68   70   70   67   63
   59   55   53   52   52   53   55   57   58   60   61   62   62   61   61   60
   58   58   58   58   57   61   63   72   98                                   
    60.0-180.0 180.0   5.0 450.0                            LAT/LON1/LON2/DLON/H
   90   96  105  122  136  151  165  179  191  202  213  224  237  250  262  272
  278  278  272  261  246  227  208  187  168  149  132  117  104   94   86   81
   77   73   70   66   62   58   56   55   57   60   63   65   65   63   59   54
   48   44   42   41   42   44   46   48   50   51   53   53   54   53   53   52
   50   49   49   48   48   53   56   66   90                                   
    57.5-180.0 180.0   5.0 450.0                            LAT/LON1/LON2/DLON/H
   83   95  108  128  147  167  187  205  220  232  244  255  267  280  293  305
  312  314  310  300  286  270  252  233  213  192  172  151  132  116  102   92
   84   78   73   69   65   62   59   59   60   62   64   65   64   61   55   49
   44   40   38   38   39   41   43   45   47   48   50   51   51   51   51   49
   47   46   45   43   42   47   50   62   83                                   
    55.0-180.0 180.0   5.0 450.0                            LAT/LON1/LON2/DLON/H
   81   97  112  136  159  184  208  231  248  262  274  285  296  308  321  333
  341  343  339  331  318  304  289  273  255  235  212  188  164  142  123  107
   95   87   81   76   73   69   67   66   66   68   69   69   67   62   57   51
   46   43   42   42   44   45   46   48   49   51   52   53   54   54   54   53
   50   48   46   44   42   46   48   60   81                                   
    52.5-180.0 180.0   5.0 450.0                            LAT/LON1/LON2/DLON/H
   84  102  120  144  171  200  229  254  274  289  301  310  320  331  343  353
  361  363  359  350  339  328  316  304  289  271  249  224  196  170  145  125
  109   99   91   87   84   81   78   77   76   77   77   76   74   69   64   59
   56   54   54   55   55   56   56   56   56   57   58   59   60   61   61   61
   58   56   54   51   48   50   51   63   84                                   
    50.0-180.0 180.0   5.0 450.0                            LAT/LON1/LON2/DLON/H
   94  111  130  156  184  216  247  275  296  312  323  331  339  348  358  367
  373  374  369  361  351  343  335  327  316  300  279  254  225  196  168  143
  124  111  103   98   96   93   91   89   88   87   87   85   83   80   76   74
   72   72   73   73   72   71   68   67   66   65   66   67   68   69   70   71
   69   67   66   63   58   58   59   71   94                                   
    47.5-180.0 180.0   5.0 450.0                            LAT/LON1/LON2/DLON/H
  108  123  143  167  197  229  262  291  313  330  340  346  352  359  367  375
  379  378  373  365  357  352  347  342  334  320  301  277  248  217  187  160
  138  123  113  109  106  105  102  100   98   97   96   95   94   92   91   91
   91   93   94   93   90   86   82   78   75   74   74   75   76   78   79   80
   79   78   77   74   70   70   72   82  108                                   
    45.0-180.0 180.0   5.0 450.0                            LAT/LON1/LON2/DLON/H
  122  135  155  178  206  239  272  301  324  340  350  355  360  365  371  378
  381  379  374  367  362  358  356  352  345  333  315  291  263  232  201  173
  149  131  121  116  114  112  110  108  105  104  103  103  103  103  104  106
  109  111  112  110  105   99   93   87   84   82   81   82   83   84   85   86
   85   85   84   83   81   82   86   95  122                                   
    42.5-180.0 180.0   5.0 450.0                            LAT/LON1/LON2/DLON/H
  135  145  164  186  212  242  274  304  326  343  353  358  362  367  372  378
  381  380  377  372  368  366  364  360  352  339  321  298  271  241  210  181
  156  138  126  120  118  116  114  112  109  108  107  108  109  111  114  117
  121  123  123  120  114  107  100   94   90   87   86   86   86   87   88   88
   88   88   88   88   88   91   98  107  135                                   
    40.0-180.0 180.0   5.0 450.0                            LAT/LON1/LON2/DLON/H
  143  153  171  191  214  241  271  300  322  340  351  357  361  366  371  377
  382  383  383  381  379  377  373  367  356  340  320  297  271  244  215  188
  163  144  132  125  121  119  116  114  111  110  110  111  112  115  118  122
  125  126  125  122  117  111  104   98   94   91   89   89   88   88   88   88
   86   86   86   87   90   97  106  118  143                                   
    37.5-180.0 180.0   5.0 450.0                            LAT/LON1/LON2/DLON/H
  148  160  177  195  215  239  266  293  315  333  345  353  358  364  371  378
  384  389  392  392  391  388  382  371  355  336  315  292  268  244  219  195
  173  155  142  133  128  124  120  117  114  113  113  113  114  116  118  121
  123  123  121  118  115  110  106  101   97   94   91   90   88   87   86   85
   83   82   83   84   88   98  110  124  148                                   
    35.0-180.0 180.0   5.0 450.0                            LAT/LON1/LON2/DLON/H
  152  168  185  201  219  239  263  287  309  327  340  350  357  363  371  380
  389  396  402  404  403  397  386  370  350  329  307  286  265  246  226  207
  189  173  160  149  141  134  128  123  120  119  118  118  117  117  117  118
  117  116  114  112  111  110  108  105  101   97   93   91   89   87   86   84
   81   79   79   81   86   98  111  129  152                                   
    32.5-180.0 180.0   5.0 450.0                            LAT/LON1/LON2/DLON/H
  160  180  198  213  229  245  266  287  307  325  339  350  358  365  373  383
  393  402  409  412  409  399  383  363  341  320  300  282  266  252  239  226
  213  200  187  175  163  152  143  136  132  130  128  126  124  121  119  116
  113  110  108  109  111  112  113  110  106  101   96   93   91   89   88   86
   82   80   80   82   86  100  114  134  160                                   
    30.0-180.0 180.0   5.0 450.0                            LAT/LON1/LON2/DLON/H
  173  198  218  231  247  260  278  295  313  330  344  355  364  371  378  387
  397  406  412  412  405  391  372  351  330  312  296  284  273  265  259  253
  246  236  224  209  192  176  163  154  149  146  144  140  136  131  125  119
  114  110  109  111  115  120  121  118  113  106  100   97   94   93   93   92
   89   88   88   90   93  107  123  143  173                                   
    27.5-180.0 180.0   5.0 450.0                            LAT/LON1/LON2/DLON/H
  194  223  245  257  272  284  299  312  328  342  356  367  375  380  386  392
  400  406  409  405  394  376  355  335  318  306  298  292  288  286  286  287
  285  279  266  248  226  205  188  177  170  167  164  160  154  146  138  130
  123  118  117  121  127  132  133  129  121  112  106  102  100  100  102  103
  102  102  102  105  108  123  138  157  194                                   
    25.0-180.0 180.0   5.0 450.0                            LAT/LON1/LON2/DLON/H
  221  253  278  288  305  315  328  338  350  362  374  384  390  394  397  400
  403  405  402  393  377  357  337  321  311  307  307  309  311  314  319  325
  327  322  308  286  260  234  214  201  195  192  189  184  176  167  157  147
  139  134  134  138  144  148  147  139  129  118  111  107  106  108  112  116
  117  121  122  126  129  144  160  176  221                                   
    22.5-180.0 180.0   5.0 450.0                            LAT/LON1/LON2/DLON/H
  250  284  311  322  341  352  363  370  379  388  398  405  411  413  413  412
  410  406  397  382  363  342  325  314  312  317  325  334  341  348  355  362
  365  360  343  318  288  259  237  224  219  216  214  209  201  190  179  169
  161  156  156  160  164  165  159  148  135  122  114  110  110  113  120  127
  132  139  143  149  153  167  185  199  250                                   
    20.0-180.0 180.0   5.0 450.0                            LAT/LON1/LON2/DLON/H
  278  312  341  355  377  390  400  404  411  418  425  431  435  435  433  429
  422  413  399  381  360  340  326  322  327  339  354  367  376  384  390  395
  394  385  365  336  304  276  256  244  240  239  237  232  223  212  201  191
  183  180  180  182  183  179  168  153  137  124  115  111  112  115  123  133
  142  153  160  168  173  188  208  222  278                                   
    17.5-180.0 180.0   5.0 450.0                            LAT/LON1/LON2/DLON/H
  298  334  365  383  409  423  434  437  443  448  454  460  463  463  459  453
  443  430  414  394  374  357  347  347  357  374  392  406  414  418  419  417
  409  394  370  340  310  285  269  260  258  257  255  250  241  230  218  209
  203  201  201  201  197  188  172  154  136  123  114  110  110  113  122  134
  146  161  170  181  187  204  226  242  298                                   
    15.0-180.0 180.0   5.0 450.0                            LAT/LON1/LON2/DLON/H
  310  349  382  404  433  449  461  465  470  476  482  489  494  495  492  485
  474  461  445  427  409  396  389  392  404  421  437  447  450  447  439  427
  410  388  361  334  309  290  279  274  273  272  269  262  252  240  229  220
  216  214  214  212  204  190  171  151  134  121  113  109  107  109  117  130
  144  161  173  185  193  212  237  256  310                                   
    12.5-180.0 180.0   5.0 450.0                            LAT/LON1/LON2/DLON/H
  315  357  392  417  449  466  481  485  492  498  507  517  525  529  528  523
  515  504  491  477  465  455  451  453  462  474  483  485  479  466  449  427
  402  375  348  324  306  295  289  287  286  284  279  270  258  245  233  224
  220  220  220  215  205  188  167  148  132  121  113  108  105  105  112  123
  137  156  170  182  193  215  242  264  315                                   
    10.0-180.0 180.0   5.0 450.0                            LAT/LON1/LON2/DLON/H
  315  361  397  423  457  475  492  497  506  515  527  541  553  562  566  566
  562  556  549  542  535  529  525  523  524  525  523  514  498  477  452  422
  391  362  336  318  307  303  303  303  301  295  287  275  261  245  232  222
  218  218  217  211  199  182  162  145  131  121  114  108  104  103  107  117
  130  149  163  176  189  214  243  266  315                                   
     7.5-180.0 180.0   5.0 450.0                            LAT/LON1/LON2/DLON/H
  314  363  400  426  460  478  496  503  514  526  542  560  578  592  602  608
  610  611  612  612  610  606  598  589  578  566  551  532  509  483  452  419
