data/edconvlstm_nd/pred2960.15i
     1.0            IONOSPHERE MAPS     GNSS                IONEX VERSION / TYPE
pyspatialgeodesy        IME             05-JAN-18 20:20     PGM / RUN BY / DATE 
Map Name                                                    COMMENT             
Predicted global ionosphere maps (GIM).                     DESCRIPTION         
  2015    10    23     0     0     0                        EPOCH OF FIRST MAP  
  2015    10    24     0     0     0                        EPOCH OF LAST MAP   
  7200                                                      INTERVAL            
    13                                                      # OF MAPS IN FILE   
  NONE                                                      MAPPING FUNCTION    
10.0                                                        ELEVATION CUTOFF    
One-way carrier phase leveled to code                       OBSERVABLES USED    
  6371.0                                                    BASE RADIUS         
 2                                                          MAP DIMENSION       
   450.0 450.0   0.0                                        HGT1 / HGT2 / DHGT  
    87.5 -87.5  -2.5                                        LAT1 / LAT2 / DLAT  
  -180.0 180.0   5.0                                        LON1 / LON2 / DLON  
    -1                                                      EXPONENT            
                                                            END OF HEADER       
[from data line 2574]
     7                                                      START OF TEC MAP    
  2015    10    23    12     0     0                        EPOCH OF CURRENT MAP
    87.5-180.0 180.0   5.0 450.0                            LAT/LON1/LON2/DLON/H
   83   93   95  101  106  107  108  106  108  112  112  114  115  116  117  117
  118  118  118  118  119  119  119  119  119  119  119  119  119  119  118  118
  117  117  116  115  114  113  111  110  109  107  106  105  103  102  101  100
   98   97   96   95   94   93   92   91   90   89   89   89   88   88   88   88
   89   91   89   86   90   90  102  102   83                                   
    85.0-180.0 180.0   5.0 450.0                            LAT/LON1/LON2/DLON/H
   82   96  108  100  102  109  110  112  114  118  118  120  121  122  122  123
  123  124  124  124  125  125  126  126  127  127  128  128  128  129  129  128
  128  127  127  126  124  123  121  120  118  116  114  112  110  108  106  104
  102  100   99   97   96   95   94   93   92   92   91   91   91   91   91   92
   93   94   90   87   88   92   97   98   82                                   
    82.5-180.0 180.0   5.0 450.0                            LAT/LON1/LON2/DLON/H
   68   84   93   88   90   97  100  103  106  109  111  113  114  115  115  115
  116  116  116  117  117  118  119  120  122  123  125  126  128  129  130  131
  131  131  131  130  129  128  126  124  122  119  117  114  111  108  105  102
   99   97   94   92   90   88   86   84   83   81   81   80   79   79   78   79
   80   81   77   76   78   87   83   83   68                                   
    80.0-180.0 180.0   5.0 450.0                            LAT/LON1/LON2/DLON/H
   58   67   76   73   76   79   84   88   92   95   97   99  100  101  101  101
  101  101  101  101  102  104  106  108  111  113  116  119  122  124  126  127
  128  129  129  129  128  127  126  124  121  118  115  112  109  105  102   98
   95   92   88   85   83   80   77   75   73   71   70   69   68   67   67   67
   67   67   66   65   65   73   73   75   58                                   
    77.5-180.0 180.0   5.0 450.0                            LAT/LON1/LON2/DLON/H
   56   59   62   61   62   67   71   76   81   84   86   88   89   89   89   89
   89   89   89   90   91   94   97  101  105  109  114  118  122  126  129  132
  134  136  137  138  138  137  136  134  132  129  126  122  118  114  111  107
  103   99   96   92   88   84   81   78   75   72   69   67   66   64   63   63
   62   61   60   60   60   59   61   66   56                                   
    75.0-180.0 180.0   5.0 450.0                            LAT/LON1/LON2/DLON/H
   44   49   49   49   51   55   58   62   67   71   73   75   76   76   75   75
   74   75   76   77   80   84   89   95  101  107  114  120  126  131  135  139
  142  144  146  148  149  149  148  147  145  143  140  136  133  129  125  121
  117  113  108  104   99   94   89   84   80   76   73   70   68   66   64   63
   61   60   58   55   56   54   54   52   44                                   
    72.5-180.0 180.0   5.0 450.0                            LAT/LON1/LON2/DLON/H
   40   44   43   44   44   49   53   57   62   65   67   70   70   70   70   69
   69   69   71   74   78   83   90   98  106  114  123  131  138  144  149  153
  157  160  163  166  167  169  169  169  167  165  163  159  156  152  148  144
  140  135  130  124  117  111  104   97   91   86   81   77   73   71   68   67
   65   63   62   59   59   56   55   55   40                                   
    70.0-180.0 180.0   5.0 450.0                            LAT/LON1/LON2/DLON/H
   39   42   41   42   42   45   48   52   57   60   63   65   65   65   64   64
   64   65   67   71   77   84   93  103  113  123  133  143  151  157  163  168
  172  175  178  181  184  186  187  187  187  185  183  179  176  172  168  164
  159  153  147  140  132  123  114  106   98   91   85   79   75   72   70   68
   66   65   64   61   60   58   60   59   39                                   
    67.5-180.0 180.0   5.0 450.0                            LAT/LON1/LON2/DLON/H
   37   42   41   42   42   46   49   53   57   60   62   65   65   65   65   64
   65   66   70   74   81   90  100  111  122  134  145  154  163  170  176  180
  184  188  192  195  198  201  202  203  202  201  198  195  191  187  183  179
  173  167  160  151  141  130  119  109  100   92   85   79   75   71   69   68
   67   65   65   62   62   61   62   60   37                                   
    65.0-180.0 180.0   5.0 450.0                            LAT/LON1/LON2/DLON/H
   36   41   40   42   41   45   47   51   55   59   61   63   64   64   64   64
   64   67   70   76   84   93  104  116  129  141  152  163  172  179  185  190
  195  199  203  206  210  213  215  216  215  213  210  207  203  198  194  189
  183  175  166  155  143  131  118  107   97   88   80   74   70   66   63   62
   62   61   62   60   62   63   64   64   36                                   
    62.5-180.0 180.0   5.0 450.0                            LAT/LON1/LON2/DLON/H
   34   39   38   40   39   42   45   48   52   56   58   61   61   62   62   62
   64   66   70   76   84   94  105  117  130  143  155  165  175  183  190  196
  201  206  210  214  217  220  222  223  222  220  216  212  208  203  198  193
  186  177  166  153  139  125  112  100   89   81   74   68   63   58   55   54
   53   53   55   53   56   58   61   61   34                                   
    60.0-180.0 180.0   5.0 450.0                            LAT/LON1/LON2/DLON/H
   32   36   35   37   35   38   40   43   46   50   53   56   57   57   58   58
   60   63   67   73   81   90  101  113  126  138  151  162  173  182  190  197
  204  210  215  219  223  226  227  228  226  223  219  214  210  205  200  194
  186  176  163  149  134  118  105   93   83   75   69   63   58   53   49   47
   45   45   47   46   50   52   55   56   32                                   
    57.5-180.0 180.0   5.0 450.0                            LAT/LON1/LON2/DLON/H
   33   35   34   36   33   34   36   38   42   45   48   51   52   53   53   54
   56   59   63   69   76   85   95  107  119  132  145  157  169  179  190  199
  207  215  221  226  230  233  234  234  232  229  224  219  214  210  205  198
  190  179  165  150  134  118  104   93   85   78   73   67   62   57   52   48
   45   43   45   44   48   49   51   53   33                                   
    55.0-180.0 180.0   5.0 450.0                            LAT/LON1/LON2/DLON/H
   38   38   37   37   34   33   34   36   38   42   44   47   48   49   50   50
   52   55   59   64   71   80   90  101  114  126  139  152  164  177  189  201
  212  221  229  235  239  242  243  242  240  236  232  227  222  218  213  207
  198  187  173  157  140  124  111  101   94   89   85   80   75   69   64   58
   54   51   52   50   53   51   51   53   38                                   
    52.5-180.0 180.0   5.0 450.0                            LAT/LON1/LON2/DLON/H
   48   46   44   43   39   38   37   37   39   41   43   45   47   47   48   49
   50   53   57   62   69   77   87   99  111  124  137  150  163  176  190  204
  218  229  239  247  252  255  255  254  251  247  243  239  235  231  227  221
  212  201  186  170  153  138  126  117  111  106  103  100   96   90   84   78
   72   68   68   65   65   62   60   60   48                                   
    50.0-180.0 180.0   5.0 450.0                            LAT/LON1/LON2/DLON/H
   63   60   57   55   51   49   46   44   44   45   46   48   48   49   49   50
   52   55   59   64   71   80   90  101  114  126  139  152  165  178  193  209
  224  238  250  259  266  269  270  269  266  261  257  253  250  247  243  238
  229  218  203  187  171  156  144  135  129  126  123  121  119  114  109  103
   96   92   90   86   85   80   77   72   63                                   
    47.5-180.0 180.0   5.0 450.0                            LAT/LON1/LON2/DLON/H
   80   77   73   71   67   65   60   55   53   53   53   54   54   54   54   55
   57   60   65   70   78   87   97  109  121  134  146  157  169  182  197  213
  229  245  259  271  280  285  287  285  282  277  272  268  265  263  259  254
  246  234  220  204  188  173  161  151  144  140  139  138  137  135  131  126
  120  115  112  108  107  103   98   90   80                                   
    45.0-180.0 180.0   5.0 450.0                            LAT/LON1/LON2/DLON/H
   96   94   89   87   84   82   76   70   66   64   63   63   62   62   62   63
   66   69   74   80   88   97  108  120  132  144  155  165  175  186  199  214
  231  249  266  281  293  300  303  302  298  292  286  282  278  276  272  266
  258  246  232  216  200  184  170  159  151  146  145  146  146  146  144  141
  136  132  128  125  125  123  118  108   96                                   
    42.5-180.0 180.0   5.0 450.0                            LAT/LON1/LON2/DLON/H
  106  106  101  100   98   96   90   83   78   76   74   73   73   72   73   74
   76   80   85   91  100  109  120  132  144  156  165  174  181  189  199  213
  230  249  269  288  303  314  319  318  313  307  300  294  289  285  280  274
  264  252  237  222  205  188  173  159  150  144  142  143  145  146  146  143
  139  136  133  131  134  134  131  122  106                                   
    40.0-180.0 180.0   5.0 450.0                            LAT/LON1/LON2/DLON/H
  108  110  107  107  107  105  100   93   88   85   83   83   83   83   83   85
   87   91   96  102  111  121  132  143  154  165  173  180  186  191  199  211
  227  248  271  294  313  328  335  335  330  322  313  306  299  294  287  279
  268  255  240  224  206  188  171  156  145  139  136  137  138  139  138  136
  132  129  126  125  130  134  133  127  108                                   
    37.5-180.0 180.0   5.0 450.0                            LAT/LON1/LON2/DLON/H
  102  106  105  107  108  108  104   98   94   92   90   91   91   92   93   94
   96   99  104  112  120  130  140  151  161  171  179  185  189  193  200  210
  227  249  275  302  326  343  353  354  350  341  331  322  314  307  299  289
  277  263  247  230  211  192  174  158  146  139  136  134  134  132  129  125
  120  116  113  111  117  123  124  120  102                                   
    35.0-180.0 180.0   5.0 450.0                            LAT/LON1/LON2/DLON/H
   91   98   97  100  103  104  102   98   96   94   94   96   97   99  100  102
  103  106  110  118  127  137  147  156  165  175  183  190  194  198  204  215
  232  256  284  315  342  363  376  379  375  367  357  347  338  330  321  310
  297  282  265  247  228  208  189  173  161  154  150  147  142  136  129  121
  112  105  100   97  102  107  109  108   91                                   
    32.5-180.0 180.0   5.0 450.0                            LAT/LON1/LON2/DLON/H
   82   89   89   91   95   96   97   95   94   94   96   99  101  103  105  106
  106  109  114  123  133  143  151  160  169  178  188  196  202  208  215  227
  246  272  303  336  367  390  405  411  409  402  393  384  375  367  358  347
  334  318  300  281  261  241  222  207  197  191  186  181  172  160  147  133
  119  108   98   91   92   95   97   97   82                                   
    30.0-180.0 180.0   5.0 450.0                            LAT/LON1/LON2/DLON/H
   79   85   85   85   88   88   90   89   91   93   95   99  102  105  107  107
  107  110  116  126  138  148  157  164  173  183  194  204  214  223  233  249
  270  299  332  367  399  425  441  449  450  447  441  434  427  420  412  401
  387  371  352  333  312  292  274  261  253  249  245  238  225  207  187  167
  148  131  115  101   97   94   92   91   79                                   
    27.5-180.0 180.0   5.0 450.0                            LAT/LON1/LON2/DLON/H
   86   90   87   84   85   84   86   86   88   90   94   98  101  104  105  105
  106  109  117  129  142  154  163  171  179  190  202  215  229  243  260  280
  306  337  372  407  439  465  482  492  497  498  497  494  491  487  480  470
  456  439  419  398  377  358  342  331  326  325  322  314  298  275  249  223
  198  176  153  132  119  108   99   94   86                                   
    25.0-180.0 180.0   5.0 450.0                            LAT/LON1/LON2/DLON/H
  104  105   97   91   90   87   88   86   87   89   92   95   98  100  101  101
  102  107  117  132  147  161  170  178  187  198  213  229  248  268  292  319
  349  382  418  452  482  506  523  535  544  551  556  559  560  558  554  545
  531  513  492  470  448  430  416  407  405  405  404  396  379  354  326  295
  265  239  209  183  160  138  119  105  104                                   
    22.5-180.0 180.0   5.0 450.0                            LAT/LON1/LON2/DLON/H
  131  129  114  104  101   96   95   91   90   90   91   93   94   95   95   96
   98  105  118  135  153  167  178  187  196  208  225  245  269  296  326  360
  394  430  464  495  522  543  560  574  587  599  610  619  624  625  622  613
  599  580  557  534  513  494  481  474  472  472  472  465  451  428  401  370
  340  312  275  246  213  180  150  127  131                                   
    20.0-180.0 180.0   5.0 450.0                            LAT/LON1/LON2/DLON/H
  162  157  135  122  116  109  106   99   95   93   91   90   90   89   90   91
   95  104  119  139  158  173  185  194  205  219  238  262  290  323  360  398
  436  472  504  532  554  572  588  603  620  637  653  665  672  674  671  662
  647  627  604  581  559  540  526  517  512  511  510  505  496  480  459  433
  406  381  342  312  271  227  188  157  162                                   
    17.5-180.0 180.0   5.0 450.0                            LAT/LON1/LON2/DLON/H
  194  184  159  142  132  124  118  109  102   97   92   89   86   85   85   88
   94  106  123  143  163  179  191  202  215  232  254  280  312  349  390  432
  471  505  534  556  574  590  605  621  640  660  678  692  699  700  695  685
  670  651  629  606  584  564  546  532  521  515  511  508  504  497  486  469
  449  430  396  367  322  272  228  193  194                                   
    15.0-180.0 180.0   5.0 450.0                            LAT/LON1/LON2/DLON/H
  220  208  182  161  146  137  129  118  107  100   93   88   85   83   84   88
   96  110  129  149  168  184  197  210  226  246  271  301  335  374  416  457
  495  526  550  568  583  597  612  630  650  671  689  701  706  705  698  687
  673  655  635  614  591  569  546  525  506  492  483  480  481  481  479  471
  460  449  424  400  357  307  263  227  220                                   
    12.5-180.0 180.0   5.0 450.0                            LAT/LON1/LON2/DLON/H
  240  226  201  177  159  148  138  125  112  102   94   89   85   83   85   90
  100  116  136  156  175  190  204  220  239  264  292  323  358  397  437  475
  509  536  556  571  585  598  614  633  654  673  689  699  701  697  689  678
  664  649  631  610  588  563  536  507  480  457  442  437  439  444  448  445
  440  437  422  404  370  325  285  253  240                                   
    10.0-180.0 180.0   5.0 450.0                            LAT/LON1/LON2/DLON/H
  252  237  216  191  170  158  146  131  116  105   96   91   87   86   88   95
  106  123  144  165  183  199  214  233  257  285  316  349  383  419  455  488
  516  539  556  571  585  600  617  636  656  674  686  692  692  687  678  668
  656  642  625  605  582  555  526  493  458  427  406  397  399  405  409  407
  403  403  396  386  362  328  295  267  252                                   
     7.5-180.0 180.0   5.0 450.0                            LAT/LON1/LON2/DLON/H
  259  243  226  201  180  166  153  137  121  108  100   95   92   91   93  100
  112  131  152  174  193  210  228  251  279  311  344  377  409  441  471  499
