data/edconvlstm_nd/pred1780.15i
     1.0            IONOSPHERE MAPS     GNSS                IONEX VERSION / TYPE
pyspatialgeodesy        IME             05-JAN-18 20:20     PGM / RUN BY / DATE 
Map Name                                                    COMMENT             
Predicted global ionosphere maps (GIM).                     DESCRIPTION         
  2015     6    27     0     0     0                        EPOCH OF FIRST MAP  
  2015     6    28     0     0     0                        EPOCH OF LAST MAP   
  7200                                                      INTERVAL            
    13                                                      # OF MAPS IN FILE   
  NONE                                                      MAPPING FUNCTION    
10.0                                                        ELEVATION CUTOFF    
One-way carrier phase leveled to code                       OBSERVABLES USED    
  6371.0                                                    BASE RADIUS         
 2                                                          MAP DIMENSION       
   450.0 450.0   0.0                                        HGT1 / HGT2 / DHGT  
    87.5 -87.5  -2.5                                        LAT1 / LAT2 / DLAT  
  -180.0 180.0   5.0                                        LON1 / LON2 / DLON  
    -1                                                      EXPONENT            
                                                            END OF HEADER       
[from data line 2574]
     7                                                      START OF TEC MAP    
  2015     6    27    12     0     0                        EPOCH OF CURRENT MAP
    87.5-180.0 180.0   5.0 450.0                            LAT/LON1/LON2/DLON/H
  116  121  119  123  125  124  123  120  121  122  122  122  122  122  122  122
  123  123  123  124  124  125  125  126  126  127  127  127  128  128  129  129
  129  130  130  130  131  131  131  131  131  131  131  131  131  131  131  131
  131  130  130  130  129  129  128  128  127  127  126  126  125  125  124  124
  124  124  123  120  126  123  132  126  116                                   
    85.0-180.0 180.0   5.0 450.0                            LAT/LON1/LON2/DLON/H
  116  121  130  122  121  124  123  123  124  124  124  124  124  124  124  124
  125  125  126  127  127  128  129  130  131  131  132  133  134  134  135  135
  136  136  137  137  137  138  138  138  138  138  138  138  138  137  137  137
  137  136  136  135  135  134  134  133  133  132  131  131  130  129  129  128
  129  129  124  121  120  120  126  128  116                                   
    82.5-180.0 180.0   5.0 450.0                            LAT/LON1/LON2/DLON/H
  108  117  121  115  113  115  116  116  115  116  115  115  115  115  115  115
  116  117  118  119  120  121  123  124  126  127  128  129  131  132  133  134
  135  136  137  137  138  138  139  139  139  139  139  139  139  139  139  139
  138  138  137  137  136  135  135  134  133  132  131  130  128  127  126  125
  125  124  119  118  117  123  119  114  108                                   
    80.0-180.0 180.0   5.0 450.0                            LAT/LON1/LON2/DLON/H
  107  111  116  113  111  110  110  111  110  110  109  109  108  108  108  108
  109  110  111  112  114  116  117  119  121  122  124  125  127  128  129  131
  132  133  134  135  135  136  136  136  136  136  136  137  137  137  137  137
  137  137  137  136  136  135  134  133  132  131  129  128  126  125  123  122
  122  120  117  117  113  118  121  114  107                                   
    77.5-180.0 180.0   5.0 450.0                            LAT/LON1/LON2/DLON/H
  113  113  116  115  113  113  112  112  111  109  107  106  105  104  104  104
  105  106  107  109  111  113  115  117  119  121  122  124  126  127  129  131
  132  134  135  136  137  137  138  138  138  138  138  139  139  140  140  141
  141  142  142  142  142  142  141  140  139  137  136  134  132  130  128  126
  124  122  119  119  118  117  120  118  113                                   
    75.0-180.0 180.0   5.0 450.0                            LAT/LON1/LON2/DLON/H
  110  114  113  115  114  116  114  113  111  110  106  104  102  101  100  100
  101  102  104  106  109  111  113  115  117  118  120  122  123  125  127  129
  131  133  135  136  137  137  137  137  137  137  137  138  139  139  140  142
  143  143  144  145  145  145  145  144  143  142  140  138  136  134  131  130
  127  125  121  117  118  119  121  113  110                                   
    72.5-180.0 180.0   5.0 450.0                            LAT/LON1/LON2/DLON/H
  109  114  113  117  116  119  118  117  114  112  108  105  102  101  100   99
  100  101  103  106  108  111  113  115  117  118  119  121  122  124  126  128
  131  133  136  137  138  138  138  138  138  138  138  138  139  141  142  143
  145  146  147  148  149  149  149  149  148  147  145  144  142  139  137  135
  132  129  125  121  120  120  121  118  109                                   
    70.0-180.0 180.0   5.0 450.0                            LAT/LON1/LON2/DLON/H
  109  111  112  115  114  116  115  115  113  111  107  104  101   99   98   97
   97   99  101  103  106  109  111  113  115  116  117  118  119  121  124  127
  130  133  136  137  138  139  138  138  137  137  137  137  138  139  141  142
  143  144  145  146  147  147  147  147  147  146  145  144  143  141  139  137
  134  130  127  122  119  119  122  119  109                                   
    67.5-180.0 180.0   5.0 450.0                            LAT/LON1/LON2/DLON/H
  105  108  108  112  112  114  115  116  114  113  109  107  105  103  101  100
  101  102  103  105  108  110  112  114  116  117  117  118  119  121  124  127
  130  134  137  139  140  140  140  139  138  137  138  138  139  140  141  142
  142  143  143  144  144  145  145  145  145  145  145  145  144  143  142  141
  138  134  130  124  119  118  119  115  105                                   
    65.0-180.0 180.0   5.0 450.0                            LAT/LON1/LON2/DLON/H
  101  102  102  106  105  108  109  111  111  111  109  108  106  105  104  103
  103  104  105  106  108  110  112  114  116  117  118  119  120  122  125  129
  133  137  141  143  144  144  143  142  141  140  141  142  143  143  143  143
  142  141  141  141  141  141  142  142  143  143  144  144  145  145  144  144
  141  137  132  126  121  119  119  116  101                                   
    62.5-180.0 180.0   5.0 450.0                            LAT/LON1/LON2/DLON/H
   96   95   93   96   95   98  100  103  105  106  106  107  107  107  106  106
  106  106  106  106  107  109  110  113  115  117  119  121  122  124  127  131
  135  140  144  147  148  148  147  145  145  145  145  146  147  147  146  144
  142  140  138  137  137  137  138  139  140  141  142  144  145  146  146  146
  144  139  134  127  121  116  115  113   96                                   
    60.0-180.0 180.0   5.0 450.0                            LAT/LON1/LON2/DLON/H
   91   87   83   85   82   85   87   91   93   96   98  101  103  104  105  106
  106  105  104  104  104  105  106  109  112  116  119  121  124  126  129  133
  138  142  147  150  151  151  150  149  149  149  151  152  153  152  150  146
  142  139  136  134  134  135  136  137  138  140  141  143  145  146  147  147
  145  140  135  127  120  114  112  109   91                                   
    57.5-180.0 180.0   5.0 450.0                            LAT/LON1/LON2/DLON/H
   88   81   75   75   72   73   74   77   81   84   88   92   96   99  102  104
  104  103  102  101  100  100  102  106  110  115  119  123  127  130  133  137
  141  146  151  154  156  156  155  154  155  156  158  160  161  159  156  151
  145  141  137  135  135  136  137  139  141  143  144  146  148  149  150  149
  147  142  137  129  120  113  110  107   88                                   
    55.0-180.0 180.0   5.0 450.0                            LAT/LON1/LON2/DLON/H
   87   78   70   69   63   63   63   65   68   71   75   80   85   91   95   98
  100  100   99   97   96   96   98  102  108  114  120  125  130  133  137  140
  145  150  154  158  160  160  160  160  161  163  165  168  168  167  163  157
  150  144  140  138  138  140  142  144  146  148  150  152  154  154  154  153
  150  144  138  130  121  113  109  106   87                                   
    52.5-180.0 180.0   5.0 450.0                            LAT/LON1/LON2/DLON/H
   89   78   69   67   60   58   56   56   57   59   63   68   74   80   86   91
   94   95   95   94   93   93   96  101  107  114  122  128  133  137  140  144
  149  154  158  162  165  166  166  166  167  170  173  175  176  174  170  163
  157  151  147  145  145  146  149  151  154  156  158  160  161  161  159  157
  153  147  141  132  123  115  110  107   89                                   
    50.0-180.0 180.0   5.0 450.0                            LAT/LON1/LON2/DLON/H
   93   82   73   70   62   58   55   53   51   52   53   57   63   69   76   83
   88   91   92   92   93   94   97  103  109  117  124  131  136  141  145  148
  153  158  163  167  170  172  173  174  175  177  180  182  183  181  177  171
  165  159  155  153  153  154  157  160  163  165  167  169  169  168  165  162
  157  151  144  135  126  118  113  110   93                                   
    47.5-180.0 180.0   5.0 450.0                            LAT/LON1/LON2/DLON/H
   98   88   81   78   69   63   59   54   51   49   48   51   55   61   68   76
   83   88   91   94   96   99  103  109  115  122  129  135  141  145  149  154
  158  164  170  174  178  180  182  183  184  186  189  190  190  188  185  180
  175  170  166  163  162  163  165  168  171  173  176  177  176  174  171  167
  161  154  147  139  130  122  118  114   98                                   
    45.0-180.0 180.0   5.0 450.0                            LAT/LON1/LON2/DLON/H
  103   95   89   87   77   72   66   60   55   51   49   49   52   57   64   72
   80   87   93   98  102  107  113  119  125  131  136  141  146  150  155  160
  166  172  178  184  188  191  193  195  196  198  199  199  199  197  195  191
  187  183  178  174  171  171  172  174  177  180  182  183  182  179  175  171
  165  158  151  143  134  127  123  119  103                                   
    42.5-180.0 180.0   5.0 450.0                            LAT/LON1/LON2/DLON/H
  106  101   97   95   86   81   75   69   62   57   53   53   54   57   64   71
   80   89   97  104  112  119  125  131  137  141  145  149  153  157  162  168
  175  182  190  196  201  205  208  210  212  212  212  211  210  208  207  205
  202  197  192  186  181  178  178  179  182  185  187  188  186  183  179  174
  168  161  154  147  137  131  127  124  106                                   
    40.0-180.0 180.0   5.0 450.0                            LAT/LON1/LON2/DLON/H
  107  105  103  101   93   88   83   77   70   65   61   59   59   62   67   74
   83   92  102  112  122  131  139  146  150  153  155  158  161  165  171  178
  186  195  203  210  216  221  225  228  231  231  230  227  225  223  222  221
  218  214  207  199  191  186  184  185  187  190  192  192  190  186  181  177
  171  165  158  150  141  135  131  127  107                                   
    37.5-180.0 180.0   5.0 450.0                            LAT/LON1/LON2/DLON/H
  108  107  106  104   96   92   88   83   78   74   70   68   67   69   73   79
   87   97  109  120  132  143  153  160  164  166  167  167  170  174  181  189
  199  209  218  226  233  239  245  250  253  253  251  247  244  241  240  239
  237  232  223  213  203  196  193  193  194  196  197  196  194  189  185  180
  175  169  162  154  144  138  135  129  108                                   
    35.0-180.0 180.0   5.0 450.0                            LAT/LON1/LON2/DLON/H
  108  108  107  103   96   92   90   86   83   81   78   77   76   77   80   85
   93  103  115  128  141  154  164  172  176  178  178  178  180  184  191  200
  211  223  234  243  251  258  265  272  276  278  275  271  266  263  261  260
  258  251  242  230  219  211  206  205  205  206  206  204  200  195  190  185
  179  174  166  159  148  141  137  131  108                                   
    32.5-180.0 180.0   5.0 450.0                            LAT/LON1/LON2/DLON/H
  110  110  107  102   95   92   90   88   86   86   85   84   84   84   86   91
   98  108  120  134  148  162  173  181  186  188  188  188  190  194  201  211
  223  236  248  258  267  276  284  293  299  302  300  296  290  286  284  283
  279  273  262  250  238  230  225  222  222  220  218  214  209  203  198  192
  186  180  171  163  152  144  140  133  110                                   
    30.0-180.0 180.0   5.0 450.0                            LAT/LON1/LON2/DLON/H
  115  113  109  102   95   91   90   89   89   89   90   90   90   90   91   95
  102  112  125  139  153  167  179  188  193  196  197  197  199  203  210  221
  234  247  259  270  280  290  301  311  319  324  323  319  313  309  307  305
  301  294  284  273  262  254  248  245  242  239  234  229  222  215  208  202
  194  186  177  168  157  148  144  136  115                                   
    27.5-180.0 180.0   5.0 450.0                            LAT/LON1/LON2/DLON/H
  122  120  114  106   98   94   93   91   92   93   94   94   93   93   94   98
  105  115  128  142  156  170  182  191  198  202  204  206  208  212  219  229
  242  256  269  280  291  302  313  325  334  340  341  338  333  329  327  325
  322  316  308  298  289  281  276  271  266  259  252  245  237  229  221  213
  203  194  183  173  162  153  148  139  122                                   
    25.0-180.0 180.0   5.0 450.0                            LAT/LON1/LON2/DLON/H
  131  129  123  114  106  102  100   97   98   98   98   97   95   94   95   99
  106  117  130  143  157  170  182  192  200  206  210  212  215  220  226  236
  249  263  276  288  300  311  323  334  345  351  353  352  348  345  344  343
  342  338  332  324  317  311  304  297  289  279  269  260  251  242  233  224
  212  200  187  176  166  158  152  144  131                                   
    22.5-180.0 180.0   5.0 450.0                            LAT/LON1/LON2/DLON/H
  140  139  134  125  118  113  110  107  107  105  104  101   97   95   95   98
  106  117  130  144  157  170  181  191  200  208  214  218  222  227  234  244
  256  270  284  297  308  320  331  342  351  358  361  361  359  358  358  360
  360  359  355  351  345  339  331  321  309  296  283  272  262  252  242  231
  218  204  190  179  169  162  156  148  140                                   
    20.0-180.0 180.0   5.0 450.0                            LAT/LON1/LON2/DLON/H
  147  148  144  137  130  125  122  119  117  114  110  105  100   96   94   97
  104  115  129  143  156  167  179  189  200  209  217  223  228  234  242  252
  264  278  293  307  319  330  340  349  358  364  367  368  368  369  372  375
  378  379  378  376  371  364  354  340  325  308  292  279  267  257  247  235
  220  206  191  180  171  164  158  151  147                                   
    17.5-180.0 180.0   5.0 450.0                            LAT/LON1/LON2/DLON/H
  150  153  151  145  140  136  133  130  127  123  117  110  103   97   94   95
  102  113  127  140  153  165  176  187  198  209  219  227  234  241  251  262
  275  290  305  320  332  343  352  359  365  370  373  375  377  380  385  391
  396  399  400  398  393  384  371  354  335  316  298  282  269  257  246  234
  218  204  190  179  171  165  160  153  150                                   
    15.0-180.0 180.0   5.0 450.0                            LAT/LON1/LON2/DLON/H
  150  154  153  148  144  141  140  137  135  129  123  114  106   98   94   94
  100  110  123  137  150  161  173  185  197  209  221  230  240  249  261  274
  288  304  320  335  348  358  366  372  376  379  382  384  387  392  399  406
  413  417  419  417  411  399  383  363  342  321  300  282  267  253  241  229
  214  201  188  177  170  164  160  152  150                                   
    12.5-180.0 180.0   5.0 450.0                            LAT/LON1/LON2/DLON/H
  146  150  150  145  143  140  141  139  137  132  126  117  108  100   94   93
   97  107  120  133  146  158  170  183  197  210  223  234  246  258  272  287
  303  319  336  352  365  375  382  386  389  391  393  395  399  405  412  420
  427  432  434  431  423  409  390  369  346  323  302  281  263  247  234  221
  208  196  185  176  169  162  159  151  146                                   
    10.0-180.0 180.0   5.0 450.0                            LAT/LON1/LON2/DLON/H
  142  144  143  138  137  135  136  135  135  131  125  117  108  100   94   92
   95  104  116  130  143  155  168  183  197  212  226  239  252  267  283  300
  317  334  351  366  380  390  397  400  402  403  404  406  410  416  423  431
  437  442  443  438  428  412  392  370  348  325  302  280  259  240  225  213
  201  191  182  174  168  161  158  149  142                                   
     7.5-180.0 180.0   5.0 450.0                            LAT/LON1/LON2/DLON/H
  138  138  134  130  129  127  129  129  129  126  120  113  106   98   93   91
   93  101  113  126  140  154  168  183  199  215  229  243  258  275  293  312
