data/edconvlstm_nd/pred1750.15i
     1.0            IONOSPHERE MAPS     GNSS                IONEX VERSION / TYPE
pyspatialgeodesy        IME             05-JAN-18 20:20     PGM / RUN BY / DATE 
Map Name                                                    COMMENT             
Predicted global ionosphere maps (GIM).                     DESCRIPTION         
  2015     6    24     0     0     0                        EPOCH OF FIRST MAP  
  2015     6    25     0     0     0                        EPOCH OF LAST MAP   
  7200                                                      INTERVAL            
    13                                                      # OF MAPS IN FILE   
  NONE                                                      MAPPING FUNCTION    
10.0                                                        ELEVATION CUTOFF    
One-way carrier phase leveled to code                       OBSERVABLES USED    
  6371.0                                                    BASE RADIUS         
 2                                                          MAP DIMENSION       
   450.0 450.0   0.0                                        HGT1 / HGT2 / DHGT  
    87.5 -87.5  -2.5                                        LAT1 / LAT2 / DLAT  
  -180.0 180.0   5.0                                        LON1 / LON2 / DLON  
    -1                                                      EXPONENT            
                                                            END OF HEADER       
[from data line 4290]
    11                                                      START OF TEC MAP    
  2015     6    24    20     0     0                        EPOCH OF CURRENT MAP
    87.5-180.0 180.0   5.0 450.0                            LAT/LON1/LON2/DLON/H
  143  134  121  127  130  129  127  125  125  126  125  125  125  124  124  124
  124  123  123  122  122  121  120  120  119  118  117  117  116  115  114  113
  113  112  111  111  110  110  109  109  109  109  108  108  108  108  109  109
  109  109  109  110  110  111  111  112  112  113  114  114  115  116  116  117
  117  118  118  119  132  127  137  138  143                                   
    85.0-180.0 180.0   5.0 450.0                            LAT/LON1/LON2/DLON/H
  141  140  144  135  134  138  136  137  137  137  136  136  135  135  135  134
  134  133  133  132  131  130  130  129  128  127  125  124  123  122  121  120
  119  118  117  116  116  115  115  114  114  114  114  113  113  113  113  113
  114  114  114  115  116  116  117  118  119  120  121  122  122  124  125  125
  127  128  127  127  133  127  130  128  141                                   
    82.5-180.0 180.0   5.0 450.0                            LAT/LON1/LON2/DLON/H
  121  129  128  125  126  131  131  131  129  129  129  129  128  128  127  127
  127  126  126  125  124  124  123  122  121  119  118  117  115  113  112  111
  109  108  107  106  106  105  105  104  104  104  104  104  104  103  104  104
  104  104  105  105  106  107  108  109  110  111  112  113  114  115  116  116
  118  118  118  122  128  134  127  119  121                                   
    80.0-180.0 180.0   5.0 450.0                            LAT/LON1/LON2/DLON/H
  112  118  120  120  119  121  121  124  123  123  123  123  122  122  121  121
  121  121  120  120  119  119  118  117  115  114  112  110  108  106  104  102
  100   99   98   97   96   96   96   96   95   95   95   95   95   95   94   95
   95   95   96   96   97   98   99  101  102  103  104  105  106  107  109  110
  111  111  112  113  115  115  115  115  112                                   
    77.5-180.0 180.0   5.0 450.0                            LAT/LON1/LON2/DLON/H
  119  118  120  120  122  124  124  126  124  124  123  124  123  123  123  123
  123  123  124  124  124  124  123  123  121  120  118  115  113  110  108  106
  104  103  102  102  101  102  102  102  102  102  102  101  101  101  101  101
  101  101  102  103  103  104  105  107  108  109  109  110  111  111  112  112
  112  113  113  114  119  113  116  122  119                                   
    75.0-180.0 180.0   5.0 450.0                            LAT/LON1/LON2/DLON/H
  117  116  115  115  117  121  119  120  120  121  120  121  120  121  121  121
  122  122  123  124  125  125  125  125  124  123  121  118  115  112  110  107
  105  104  104  104  104  105  105  106  106  106  105  105  104  104  103  103
  103  103  104  104  105  106  107  108  109  110  111  112  112  112  113  113
  112  112  112  108  112  107  111  107  117                                   
    72.5-180.0 180.0   5.0 450.0                            LAT/LON1/LON2/DLON/H
  118  116  115  119  119  122  122  123  121  122  121  121  121  122  122  123
  124  125  126  127  129  130  131  131  130  129  126  124  121  117  114  112
  110  109  108  109  110  111  112  113  113  113  112  111  110  109  108  108
  108  108  108  109  110  111  112  113  114  115  116  116  117  116  116  116
  114  114  113  109  111  106  112  114  118                                   
    70.0-180.0 180.0   5.0 450.0                            LAT/LON1/LON2/DLON/H
  120  117  115  118  118  121  120  121  121  122  121  121  122  122  123  124
  125  126  127  129  131  132  134  134  134  133  131  128  125  121  118  115
  113  112  112  113  114  116  117  118  118  118  116  114  112  110  109  108
  107  107  108  108  109  109  110  111  113  114  115  117  118  118  118  118
  116  115  114  111  112  109  115  115  120                                   
    67.5-180.0 180.0   5.0 450.0                            LAT/LON1/LON2/DLON/H
  125  123  122  125  126  128  127  128  127  128  127  128  128  129  130  130
  131  132  134  135  137  139  140  141  141  140  138  136  133  129  126  123
  121  119  119  119  121  123  124  125  125  124  121  118  115  112  110  109
  108  108  108  108  108  108  109  110  112  114  116  118  120  122  123  123
  122  121  120  115  116  113  118  118  125                                   
    65.0-180.0 180.0   5.0 450.0                            LAT/LON1/LON2/DLON/H
  129  128  127  130  130  132  130  131  130  131  130  131  132  133  133  134
  134  135  136  137  139  140  142  143  143  143  143  141  139  136  133  130
  127  125  124  124  125  127  128  129  128  126  123  118  114  110  107  104
  103  102  101  101  100  100  100  101  103  106  110  114  118  120  123  124
  124  124  123  120  122  120  127  126  129                                   
    62.5-180.0 180.0   5.0 450.0                            LAT/LON1/LON2/DLON/H
  134  135  135  137  137  138  136  136  134  135  135  136  137  138  138  139
  139  139  139  139  140  141  143  144  145  146  146  146  144  143  140  137
  133  130  128  128  128  130  131  132  130  127  122  117  111  106  101   99
   97   95   94   92   91   90   89   90   93   97  102  107  113  117  121  124
  125  126  126  123  126  124  132  130  134                                   
    60.0-180.0 180.0   5.0 450.0                            LAT/LON1/LON2/DLON/H
  139  141  140  142  142  143  140  139  138  138  138  139  140  141  141  141
  141  140  140  139  140  140  141  142  144  145  147  148  148  148  146  143
  139  135  132  130  130  131  132  133  131  127  121  114  107  101   96   92
   89   87   85   83   80   78   78   79   81   86   92   99  105  111  117  121
  123  125  126  124  129  129  139  136  139                                   
    57.5-180.0 180.0   5.0 450.0                            LAT/LON1/LON2/DLON/H
  141  145  144  146  147  148  144  143  141  140  140  141  142  143  144  144
  143  142  140  139  139  138  139  140  141  144  146  148  150  151  150  147
  143  138  134  132  131  132  133  133  131  126  119  111  103   96   91   87
   84   81   78   75   72   69   68   69   72   76   83   90   98  104  111  115
  118  122  124  123  130  132  142  139  141                                   
    55.0-180.0 180.0   5.0 450.0                            LAT/LON1/LON2/DLON/H
  143  147  146  149  151  152  148  147  144  143  143  143  144  145  146  146
  145  143  141  140  138  137  137  138  139  141  144  147  150  151  151  149
  145  140  135  132  131  132  133  133  130  125  118  109  101   94   88   84
   80   77   74   71   67   64   63   63   66   70   77   84   91   98  104  109
  113  117  121  121  129  132  143  141  143                                   
    52.5-180.0 180.0   5.0 450.0                            LAT/LON1/LON2/DLON/H
  142  148  147  151  153  156  152  151  149  148  146  147  147  148  148  148
  147  145  143  141  140  138  137  137  137  139  141  144  147  149  150  149
  145  140  136  132  131  132  133  132  130  124  116  108   99   92   87   83
   80   77   74   70   66   63   62   62   64   68   74   80   86   92   98  103
  107  112  117  117  126  131  142  140  142                                   
    50.0-180.0 180.0   5.0 450.0                            LAT/LON1/LON2/DLON/H
  141  148  146  152  157  161  158  158  156  155  153  153  153  152  152  151
  150  149  148  146  144  142  141  139  138  138  139  141  144  146  148  147
  145  141  137  134  133  134  134  134  130  124  116  107   99   93   89   85
   83   80   77   73   70   67   66   66   68   71   75   80   84   89   94   99
  104  109  114  115  124  130  140  140  141                                   
    47.5-180.0 180.0   5.0 450.0                            LAT/LON1/LON2/DLON/H
  140  149  147  154  161  167  166  167  166  165  164  163  161  160  158  157
  155  155  154  153  152  150  148  145  143  142  141  141  142  144  146  146
  145  143  140  138  138  138  138  137  132  126  117  108  101   96   93   90
   88   86   83   79   76   74   73   73   75   77   79   82   85   89   93   98
  103  109  114  115  124  129  139  139  140                                   
    45.0-180.0 180.0   5.0 450.0                            LAT/LON1/LON2/DLON/H
  140  150  148  157  165  173  174  177  178  178  177  176  174  171  168  165
  163  163  163  163  162  161  158  156  153  149  146  144  144  145  147  149
  150  150  149  148  147  147  146  143  137  129  120  112  105  101   99   97
   95   93   90   87   84   82   81   82   83   84   85   86   88   90   94  100
  105  112  117  118  126  131  140  140  140                                   
    42.5-180.0 180.0   5.0 450.0                            LAT/LON1/LON2/DLON/H
  142  152  150  160  170  179  182  187  190  192  193  192  190  186  181  176
  174  173  173  174  174  173  172  169  166  162  157  153  151  152  155  158
  162  163  164  163  162  161  158  152  145  135  126  118  112  108  107  105
  103  100   97   93   91   89   89   90   91   91   91   91   91   93   98  104
  110  117  123  124  131  136  143  143  142                                   
    40.0-180.0 180.0   5.0 450.0                            LAT/LON1/LON2/DLON/H
  145  156  153  163  174  183  188  195  201  206  209  210  208  203  197  191
  187  185  186  187  187  187  186  185  183  179  174  169  166  167  170  175
  181  184  185  185  182  178  172  165  155  144  134  126  121  118  116  114
  111  107  103   99   96   94   95   96   97   97   96   95   95   97  102  109
  117  125  131  132  138  142  149  148  145                                   
    37.5-180.0 180.0   5.0 450.0                            LAT/LON1/LON2/DLON/H
  149  159  157  165  177  186  193  202  210  218  223  227  226  222  215  207
  202  199  199  200  200  200  201  201  201  199  195  191  189  189  194  200
  207  211  212  210  205  198  189  178  166  155  144  137  131  128  125  122
  118  113  108  102   98   97   97   99  100   99   98   97   98  100  106  115
  123  133  140  141  146  149  156  154  149                                   
    35.0-180.0 180.0   5.0 450.0                            LAT/LON1/LON2/DLON/H
  154  164  161  168  179  189  197  207  217  228  236  242  244  241  234  225
  219  215  213  213  213  213  215  217  219  220  219  217  216  218  224  231
  238  242  241  236  227  216  204  190  177  165  155  147  142  138  134  130
  124  117  110  104   99   97   98   99  100  100   99   98   99  103  110  119
  129  139  147  148  154  155  164  162  154                                   
    32.5-180.0 180.0   5.0 450.0                            LAT/LON1/LON2/DLON/H
  161  168  165  172  182  193  202  213  225  236  248  257  261  260  253  244
  237  231  228  226  225  225  227  232  237  241  243  244  246  249  256  263
  269  271  267  257  244  229  213  198  185  173  163  156  150  146  141  135
  127  119  111  104   98   96   97   98   99   99   98   98  100  104  112  122
  132  143  151  154  160  161  172  170  161                                   
    30.0-180.0 180.0   5.0 450.0                            LAT/LON1/LON2/DLON/H
  168  173  171  178  189  201  211  222  234  247  259  271  278  278  273  264
  255  248  243  239  236  236  239  244  252  259  265  270  273  278  284  290
  294  292  284  269  251  232  214  199  186  175  166  160  154  149  143  136
  128  119  110  102   97   94   95   97   98   98   97   97   99  104  112  122
  132  144  153  156  165  166  180  179  168                                   
    27.5-180.0 180.0   5.0 450.0                            LAT/LON1/LON2/DLON/H
  176  180  179  188  200  214  225  237  248  260  273  285  294  296  292  283
  274  266  258  252  248  247  249  255  264  273  282  289  294  299  304  308
  308  302  289  269  246  224  205  189  177  168  162  157  152  147  141  133
  125  117  108  100   95   92   93   95   96   96   95   95   97  102  110  119
  130  142  153  157  168  171  187  188  176                                   
    25.0-180.0 180.0   5.0 450.0                            LAT/LON1/LON2/DLON/H
  185  189  190  201  215  232  246  258  268  278  289  301  310  313  310  302
  293  283  274  266  260  257  258  263  272  282  291  300  306  311  314  315
  311  300  281  256  229  205  185  171  160  154  149  147  144  139  134  127
  120  112  104   96   92   90   92   94   95   94   92   92   93   98  105  115
  125  138  150  157  170  177  194  197  185                                   
    22.5-180.0 180.0   5.0 450.0                            LAT/LON1/LON2/DLON/H
  193  201  204  217  234  254  270  282  291  299  308  318  326  330  328  320
  310  300  289  279  272  267  266  269  275  284  294  302  308  312  312  310
  302  285  261  232  203  178  159  147  139  135  133  133  133  130  126  120
  113  106   98   92   88   88   89   92   92   91   89   88   89   93   99  108
  119  134  148  158  174  183  202  208  193                                   
    20.0-180.0 180.0   5.0 450.0                            LAT/LON1/LON2/DLON/H
  203  215  221  235  254  275  293  306  315  321  327  335  341  345  343  336
  326  315  303  292  283  276  273  272  276  282  290  298  303  304  302  295
  283  262  235  205  176  152  136  125  120  118  119  122  123  122  119  113
  107  100   93   87   84   84   87   89   90   88   85   83   84   87   93  101
  113  130  147  160  178  192  212  220  203                                   
    17.5-180.0 180.0   5.0 450.0                            LAT/LON1/LON2/DLON/H
  212  229  238  251  270  292  312  325  334  339  343  349  353  356  354  347
  338  327  315  303  293  284  278  274  275  278  284  289  292  291  285  275
  260  239  212  183  157  136  122  114  110  110  113  117  119  119  115  109
  102   94   87   82   79   80   83   86   86   84   81   79   79   81   86   95
  108  127  147  163  183  202  223  232  212                                   
    15.0-180.0 180.0   5.0 450.0                            LAT/LON1/LON2/DLON/H
  223  244  254  264  282  302  322  335  345  350  353  357  360  361  360  354
  346  336  324  312  300  290  281  275  272  273  276  280  280  276  268  258
  243  223  200  175  153  135  123  116  112  112  115  120  123  122  116  108
   99   90   83   77   75   75   78   81   82   81   77   75   74   76   81   90
  104  125  149  167  189  211  234  245  223                                   
    12.5-180.0 180.0   5.0 450.0                            LAT/LON1/LON2/DLON/H
  233  258  268  274  289  305  322  334  345  351  355  358  360  361  360  356
  349  340  329  317  305  293  283  275  270  268  269  271  270  265  258  248
  236  221  202  182  164  149  139  132  127  126  128  132  133  130  122  111
   99   89   80   74   71   72   74   77   78   77   74   71   71   72   77   87
  102  125  150  171  194  220  244  256  233                                   
    10.0-180.0 180.0   5.0 450.0                            LAT/LON1/LON2/DLON/H
  244  270  280  281  290  300  314  324  335  343  347  351  353  354  354  352
  348  340  330  318  306  294  283  274  267  265  265  266  265  262  256  249
  241  230  215  200  186  175  166  159  152  149  149  151  149  143  131  116
  102   90   80   74   70   69   71   73   74   73   71   69   69   70   75   85
  100  124  151  174  197  226  253  265  244                                   
     7.5-180.0 180.0   5.0 450.0                            LAT/LON1/LON2/DLON/H
  255  282  290  286  288  291  300  307  318  327  332  337  340  343  344  345
  342  337  328  316  304  292  281  272  265  263  264  266  267  265  261  257
