data/edconvlstm_nd/pred2400.15i
     1.0            IONOSPHERE MAPS     GNSS                IONEX VERSION / TYPE
pyspatialgeodesy        IME             05-JAN-18 20:20     PGM / RUN BY / DATE 
Map Name                                                    COMMENT             
Predicted global ionosphere maps (GIM).                     DESCRIPTION         
  2015     8    28     0     0     0                        EPOCH OF FIRST MAP  
  2015     8    29     0     0     0                        EPOCH OF LAST MAP   
  7200                                                      INTERVAL            
    13                                                      # OF MAPS IN FILE   
  NONE                                                      MAPPING FUNCTION    
10.0                                                        ELEVATION CUTOFF    
One-way carrier phase leveled to code                       OBSERVABLES USED    
  6371.0                                                    BASE RADIUS         
 2                                                          MAP DIMENSION       
   450.0 450.0   0.0                                        HGT1 / HGT2 / DHGT  
    87.5 -87.5  -2.5                                        LAT1 / LAT2 / DLAT  
  -180.0 180.0   5.0                                        LON1 / LON2 / DLON  
    -1                                                      EXPONENT            
                                                            END OF HEADER       
[from data line 3432]
     9                                                      START OF TEC MAP    
  2015     8    28    16     0     0                        EPOCH OF CURRENT MAP
    87.5-180.0 180.0   5.0 450.0                            LAT/LON1/LON2/DLON/H
   98  104  101  106  110  110  109  107  108  111  110  111  112  112  113  113
  114  114  114  115  114  114  114  113  113  112  111  110  109  108  107  106
  105  104  103  103  102  102  101  101  101  101  101  100  100  100  100   99
   99   99   98   98   97   97   96   96   96   95   95   95   95   95   95   96
   96   97   95   93  100   96  109  109   98                                   
    85.0-180.0 180.0   5.0 450.0                            LAT/LON1/LON2/DLON/H
  102  103  115  103  104  110  110  112  113  116  115  117  117  118  119  119
  120  120  121  121  121  120  120  119  118  117  116  114  113  111  110  108
  107  106  105  105  104  104  104  103  103  103  103  103  103  103  102  102
  101  100  100   99   98   97   96   95   95   94   94   93   93   93   93   93
   95   95   92   88   91   90   97   97  102                                   
    82.5-180.0 180.0   5.0 450.0                            LAT/LON1/LON2/DLON/H
   89   97  101   95   98  104  107  109  110  112  113  114  115  116  117  117
  118  119  120  120  120  120  120  119  118  117  115  113  111  108  106  105
  103  102  101  101  100  101  101  101  102  102  103  103  103  103  102  102
  101  100   98   97   96   94   93   91   90   89   87   87   86   85   85   85
   86   86   83   83   85   92   87   84   89                                   
    80.0-180.0 180.0   5.0 450.0                            LAT/LON1/LON2/DLON/H
   79   83   92   89   90   93   97  101  103  105  105  107  107  108  109  110
  111  112  113  114  115  115  115  114  112  110  108  105  102   99   96   93
   91   90   89   89   90   91   92   93   94   95   96   97   97   97   97   96
   95   94   92   91   89   87   85   83   81   79   78   76   75   74   74   74
   75   75   74   74   73   77   77   79   79                                   
    77.5-180.0 180.0   5.0 450.0                            LAT/LON1/LON2/DLON/H
   81   82   86   85   87   91   94   97   98   99   98   99   99  100  101  102
  103  105  107  109  110  112  112  112  111  108  105  102   98   94   90   87
   85   83   83   83   85   86   89   91   93   94   96   97   97   97   97   96
   95   94   92   90   88   86   83   81   79   76   74   73   71   70   69   69
   69   69   68   70   71   71   73   77   81                                   
    75.0-180.0 180.0   5.0 450.0                            LAT/LON1/LON2/DLON/H
   75   79   80   80   84   89   91   93   94   95   93   93   92   92   92   93
   94   96   99  102  105  107  109  109  109  106  103   99   94   90   85   82
   79   78   78   79   81   84   86   89   92   93   95   95   95   95   95   94
   93   91   90   89   87   85   83   81   79   77   75   73   72   70   70   70
   69   69   69   67   70   69   71   66   75                                   
    72.5-180.0 180.0   5.0 450.0                            LAT/LON1/LON2/DLON/H
   71   76   76   80   81   86   89   90   90   90   87   86   84   83   82   82
   84   86   90   94   99  103  106  108  108  106  103   98   93   88   83   79
   77   76   76   78   80   83   86   89   91   92   92   92   91   90   89   88
   87   86   85   84   82   81   79   78   76   75   73   72   71   70   70   69
   69   68   68   66   67   68   70   69   71                                   
    70.0-180.0 180.0   5.0 450.0                            LAT/LON1/LON2/DLON/H
   69   73   74   76   78   82   84   86   86   86   84   82   79   77   75   75
   75   78   82   88   94   99  104  107  108  107  104  100   95   90   85   81
   79   78   78   80   83   86   88   90   91   91   90   88   85   83   81   80
   79   78   78   77   76   75   74   74   73   72   71   71   70   70   70   70
   70   68   69   66   67   67   71   70   69                                   
    67.5-180.0 180.0   5.0 450.0                            LAT/LON1/LON2/DLON/H
   65   70   71   74   76   80   83   85   85   85   83   81   78   75   73   71
   72   74   79   85   92   99  105  109  111  111  109  105  100   95   90   86
   84   83   84   85   88   90   92   93   92   90   87   83   79   76   74   72
   71   70   70   69   69   69   68   68   68   68   68   68   69   69   69   70
   69   68   67   64   63   65   67   65   65                                   
    65.0-180.0 180.0   5.0 450.0                            LAT/LON1/LON2/DLON/H
   60   66   66   70   72   76   79   81   83   84   83   82   79   76   73   71
   71   73   78   84   92   99  105  111  114  115  113  111  107  103   98   95
   92   92   92   93   95   97   98   97   95   91   87   81   77   72   69   67
   66   65   64   64   63   63   63   62   63   63   63   64   64   65   66   66
   67   66   65   62   62   64   66   64   60                                   
    62.5-180.0 180.0   5.0 450.0                            LAT/LON1/LON2/DLON/H
   56   62   62   66   68   72   74   77   80   82   83   83   81   79   76   74
   74   76   80   86   93  100  107  113  116  118  118  117  114  111  107  104
  102  101  101  102  104  105  105  103  100   96   90   84   78   74   70   67
   65   63   62   61   59   58   58   57   57   58   58   58   58   59   59   60
   61   60   60   57   57   58   61   59   56                                   
    60.0-180.0 180.0   5.0 450.0                            LAT/LON1/LON2/DLON/H
   54   59   59   63   64   67   69   72   75   79   81   83   83   81   79   78
   77   79   83   88   94  101  107  113  117  120  121  121  120  118  116  113
  111  110  110  111  112  113  113  111  108  104   98   92   86   81   77   74
   71   68   65   62   60   57   55   54   54   53   53   53   52   52   52   53
   53   53   54   51   52   54   57   55   54                                   
    57.5-180.0 180.0   5.0 450.0                            LAT/LON1/LON2/DLON/H
   53   57   57   61   62   64   65   68   71   75   79   82   84   84   83   82
   82   83   86   91   96  102  107  112  117  121  123  125  125  125  123  122
  120  120  120  121  122  124  124  124  122  118  113  108  102   97   93   89
   85   80   76   71   66   62   59   57   55   54   53   51   49   48   47   48
   48   49   49   47   49   50   53   52   53                                   
    55.0-180.0 180.0   5.0 450.0                            LAT/LON1/LON2/DLON/H
   53   58   58   61   61   62   63   64   67   72   76   80   83   84   84   84
   85   87   90   93   97  102  106  110  115  119  123  126  128  129  128  127
  127  127  127  130  132  135  137  138  138  135  132  127  123  118  113  108
  103   97   91   84   77   71   66   63   61   59   56   53   50   47   45   45
   46   47   48   46   47   48   52   51   53                                   
    52.5-180.0 180.0   5.0 450.0                            LAT/LON1/LON2/DLON/H
   56   60   60   63   62   62   62   63   65   69   73   78   81   84   85   86
   87   89   92   95   98  101  104  108  112  117  122  125  128  130  130  130
  131  132  134  138  143  148  152  155  155  154  152  148  144  140  135  130
  123  116  108   99   90   83   77   73   71   68   65   60   55   51   49   48
   49   50   51   48   49   49   53   51   56                                   
    50.0-180.0 180.0   5.0 450.0                            LAT/LON1/LON2/DLON/H
   59   63   63   66   64   64   64   64   66   69   72   77   80   83   85   87
   89   92   95   97   99  101  104  107  111  115  120  124  128  130  131  132
  133  136  140  146  154  161  167  172  173  173  171  167  163  159  154  149
  142  133  124  114  104   96   90   86   83   80   76   71   65   60   57   56
   57   58   58   55   55   54   56   54   59                                   
    47.5-180.0 180.0   5.0 450.0                            LAT/LON1/LON2/DLON/H
   62   66   66   68   67   67   67   68   69   72   75   79   82   85   87   89
   92   95   98  100  102  103  105  107  111  115  120  124  127  129  131  132
  135  140  147  156  166  175  183  188  190  189  187  183  178  174  169  163
  156  147  137  127  117  109  103   99   96   94   90   85   79   73   70   69
   70   70   70   65   63   61   62   58   62                                   
    45.0-180.0 180.0   5.0 450.0                            LAT/LON1/LON2/DLON/H
   65   68   67   70   69   70   71   73   75   79   81   85   87   89   91   93
   96   99  102  104  106  107  108  111  114  118  122  126  128  130  132  135
  140  146  156  168  180  192  200  205  206  204  199  194  189  184  179  174
  167  158  147  137  127  119  114  110  108  106  103   99   93   88   85   84
   85   85   84   78   74   69   68   64   65                                   
    42.5-180.0 180.0   5.0 450.0                            LAT/LON1/LON2/DLON/H
   67   69   67   70   69   72   75   79   83   87   90   94   96   98   99  101
  102  105  107  109  111  112  114  117  121  124  128  130  132  134  137  141
  148  157  169  183  197  210  218  222  221  217  211  204  198  192  187  182
  174  165  155  144  135  127  122  119  117  116  114  111  106  102  100  100
  100   99   97   90   84   77   75   69   67                                   
    40.0-180.0 180.0   5.0 450.0                            LAT/LON1/LON2/DLON/H
   69   68   65   68   69   73   78   84   90   96  101  105  108  109  110  110
  111  112  114  115  117  118  121  124  129  133  136  138  140  142  146  152
  161  173  187  202  218  230  238  240  237  231  223  214  207  202  196  190
  182  172  161  150  140  133  128  125  124  123  121  119  117  114  113  113
  113  111  108  100   92   84   81   75   69                                   
    37.5-180.0 180.0   5.0 450.0                            LAT/LON1/LON2/DLON/H
   70   68   63   66   67   73   80   89   97  105  111  116  120  122  122  122
  121  121  121  121  122  124  128  132  137  142  145  147  150  154  160  169
  180  193  209  225  241  252  259  259  255  246  237  228  221  215  209  202
  192  180  167  155  145  138  133  130  128  126  126  125  124  122  122  122
  122  119  115  107   98   89   86   79   70                                   
    35.0-180.0 180.0   5.0 450.0                            LAT/LON1/LON2/DLON/H
   73   68   62   65   66   73   82   92  103  112  120  127  132  135  135  134
  132  130  128  128  128  130  134  139  145  151  155  158  162  169  178  190
  204  219  235  251  266  276  281  279  273  265  256  247  240  234  227  218
  205  190  174  160  149  141  137  133  130  129  128  128  127  127  127  128
  127  124  119  110  102   93   90   83   73                                   
    32.5-180.0 180.0   5.0 450.0                            LAT/LON1/LON2/DLON/H
   77   71   65   66   68   75   84   96  107  118  128  137  143  147  148  146
  143  139  136  134  134  135  139  145  152  159  165  170  177  187  200  215
  231  248  264  280  292  300  303  300  294  286  278  271  264  257  249  237
  221  201  181  164  152  145  140  136  133  131  130  130  130  130  131  130
  129  125  121  112  105   97   95   88   77                                   
    30.0-180.0 180.0   5.0 450.0                            LAT/LON1/LON2/DLON/H
   82   76   70   70   72   79   89  100  112  124  134  144  153  158  160  159
  155  150  146  143  141  141  145  151  159  167  175  183  194  208  225  243
  261  279  295  309  319  324  324  321  316  310  304  299  292  284  273  257
  236  212  188  168  155  147  143  140  137  134  133  132  133  133  133  132
  129  126  121  113  107  100  100   93   82                                   
    27.5-180.0 180.0   5.0 450.0                            LAT/LON1/LON2/DLON/H
   89   84   79   78   80   87   96  107  118  129  140  150  161  168  173  173
  169  165  159  155  151  150  153  159  167  177  187  198  212  230  251  272
  292  310  326  337  345  347  346  342  338  334  332  328  321  310  295  275
  249  220  192  170  156  150  147  145  143  140  138  137  136  136  135  133
  130  126  122  115  110  104  106   99   89                                   
    25.0-180.0 180.0   5.0 450.0                            LAT/LON1/LON2/DLON/H
   97   93   88   88   90   98  106  115  125  136  145  156  168  178  186  188
  187  183  178  172  167  164  165  170  178  189  201  216  233  254  278  301
  323  341  355  365  370  370  367  363  360  359  359  355  347  332  313  287
  257  225  194  171  158  153  152  152  150  147  145  143  141  139  137  134
  131  128  124  118  114  109  112  106   97                                   
    22.5-180.0 180.0   5.0 450.0                            LAT/LON1/LON2/DLON/H
  105  102   98   99  101  109  116  125  134  143  152  163  176  189  200  206
  208  206  202  196  189  184  183  187  195  206  220  237  257  280  306  331
  353  371  383  391  394  392  388  384  383  384  384  379  367  348  323  293
  260  226  195  173  160  157  158  159  158  156  152  149  146  143  139  136
  133  130  127  122  118  114  118  111  105                                   
    20.0-180.0 180.0   5.0 450.0                            LAT/LON1/LON2/DLON/H
  110  109  105  107  110  118  126  133  142  150  158  170  185  201  216  227
  232  233  231  225  218  211  208  209  217  229  244  263  285  309  334  359
  380  397  409  415  417  415  411  408  406  407  406  399  383  358  328  294
  259  225  197  176  166  163  165  167  166  164  160  156  151  146  142  138
  134  132  130  125  122  118  122  115  110                                   
    17.5-180.0 180.0   5.0 450.0                            LAT/LON1/LON2/DLON/H
  113  113  108  112  116  124  132  140  148  157  165  178  195  214  233  248
  259  263  263  258  251  243  238  238  245  257  273  293  315  338  362  385
  405  420  431  437  439  438  435  432  431  430  427  416  395  364  329  292
  258  227  202  184  175  173  174  175  175  172  167  162  156  149  143  138
  135  133  133  128  125  120  124  118  113                                   
    15.0-180.0 180.0   5.0 450.0                            LAT/LON1/LON2/DLON/H
  112  113  108  112  116  125  134  142  152  161  171  185  204  227  250  270
  284  293  295  292  286  278  272  271  277  289  305  325  346  367  388  409
  427  441  451  458  461  462  461  459  457  454  447  431  405  370  330  293
  260  233  212  198  189  186  185  185  183  179  173  167  159  151  144  138
  134  133  133  129  126  121  124  118  112                                   
    12.5-180.0 180.0   5.0 450.0                            LAT/LON1/LON2/DLON/H
  109  110  103  108  112  120  130  141  153  164  176  192  214  239  266  289
  307  319  324  324  319  312  306  305  310  322  338  357  376  394  413  430
  446  459  469  476  482  486  487  486  482  477  466  446  416  377  335  298
  268  245  229  216  208  202  199  195  191  185  178  171  162  153  144  138
  133  132  131  128  124  120  122  117  109                                   
    10.0-180.0 180.0   5.0 450.0                            LAT/LON1/LON2/DLON/H
  104  105   98  101  104  112  124  136  150  164  179  198  222  250  278  304
  325  340  348  350  347  343  338  337  342  354  369  386  403  419  434  449
  463  474  484  493  500  506  510  510  506  497  483  460  427  386  345  309
  282  263  249  238  228  220  212  205  198  191  183  174  164  154  144  136
  131  129  128  125  122  119  120  115  104                                   
     7.5-180.0 180.0   5.0 450.0                            LAT/LON1/LON2/DLON/H
  100  100   92   94   96  103  116  130  147  163  181  203  229  258  288  315
  338  354  364  369  369  367  365  365  371  381  396  411  426  439  452  464
