data/edconvlstm_nd/pred2940.15i
     1.0            IONOSPHERE MAPS     GNSS                IONEX VERSION / TYPE
pyspatialgeodesy        IME             05-JAN-18 20:20     PGM / RUN BY / DATE 
Map Name                                                    COMMENT             
Predicted global ionosphere maps (GIM).                     DESCRIPTION         
  2015    10    21     0     0     0                        EPOCH OF FIRST MAP  
  2015    10    22     0     0     0                        EPOCH OF LAST MAP   
  7200                                                      INTERVAL            
    13                                                      # OF MAPS IN FILE   
  NONE                                                      MAPPING FUNCTION    
10.0                                                        ELEVATION CUTOFF    
One-way carrier phase leveled to code                       OBSERVABLES USED    
  6371.0                                                    BASE RADIUS         
 2                                                          MAP DIMENSION       
   450.0 450.0   0.0                                        HGT1 / HGT2 / DHGT  
    87.5 -87.5  -2.5                                        LAT1 / LAT2 / DLAT  
  -180.0 180.0   5.0                                        LON1 / LON2 / DLON  
    -1                                                      EXPONENT            
                                                            END OF HEADER       
[from data line 3432]
     9                                                      START OF TEC MAP    
  2015    10    21    16     0     0                        EPOCH OF CURRENT MAP
    87.5-180.0 180.0   5.0 450.0                            LAT/LON1/LON2/DLON/H
  121  137  138  146  151  153  155  153  155  158  158  160  160  161  161  161
  161  160  159  158  157  155  153  151  149  147  144  142  140  137  135  133
  131  129  127  126  124  123  122  121  120  120  120  120  120  121  121  122
  123  124  125  126  127  128  129  130  131  132  132  133  133  134  134  135
  135  136  134  131  136  135  144  134  121                                   
    85.0-180.0 180.0   5.0 450.0                            LAT/LON1/LON2/DLON/H
  132  139  155  144  146  154  156  160  163  166  167  169  170  171  172  172
  172  171  170  168  166  164  161  158  156  153  150  146  143  140  137  135
  132  129  127  125  124  122  121  120  120  119  119  120  121  122  123  124
  125  127  128  130  131  132  133  134  135  136  136  136  137  137  137  137
  138  138  134  129  130  130  134  133  132                                   
    82.5-180.0 180.0   5.0 450.0                            LAT/LON1/LON2/DLON/H
  121  127  135  130  136  145  151  156  159  164  167  171  173  174  176  176
  176  175  173  171  168  165  162  158  154  150  146  141  137  133  129  125
  122  119  116  114  111  109  108  107  106  106  106  106  107  108  110  112
  114  116  118  120  122  124  125  126  126  127  126  126  126  125  125  124
  125  124  120  117  117  126  118  116  121                                   
    80.0-180.0 180.0   5.0 450.0                            LAT/LON1/LON2/DLON/H
   97   99  108  107  113  118  127  135  143  149  154  160  163  166  168  169
  169  168  166  164  160  157  152  148  143  138  133  127  122  117  112  107
  103   99   96   93   91   89   87   86   85   85   85   86   88   90   92   95
   99  102  105  108  111  113  115  115  116  115  115  113  112  110  108  107
  106  105  102   99   94   98   93   97   97                                   
    77.5-180.0 180.0   5.0 450.0                            LAT/LON1/LON2/DLON/H
   87   81   83   84   91   99  108  117  126  133  140  147  152  156  159  160
  161  161  160  158  155  152  149  144  140  134  129  123  117  111  106  101
   96   92   89   86   83   80   78   76   75   74   74   75   76   78   81   85
   89   93   98  102  105  107  109  110  110  109  107  105  102   99   97   94
   92   90   88   86   81   78   75   80   87                                   
    75.0-180.0 180.0   5.0 450.0                            LAT/LON1/LON2/DLON/H
   67   64   64   67   73   81   89   98  108  117  125  133  138  143  147  150
  151  152  153  153  152  151  150  147  144  139  134  128  122  116  110  105
  100   95   91   88   85   82   80   77   75   73   72   71   72   74   77   80
   85   90   94   99  103  105  107  108  107  106  103  100   97   94   91   89
   86   84   83   78   74   69   64   60   67                                   
    72.5-180.0 180.0   5.0 450.0                            LAT/LON1/LON2/DLON/H
   61   58   55   60   62   70   78   87   95  105  112  120  127  132  137  141
  144  147  150  153  155  157  158  158  156  153  148  143  136  129  122  116
  110  106  101   98   94   90   87   83   79   75   72   70   69   70   72   75
   79   83   88   93   96   99  101  101  100   99   96   93   90   88   85   84
   82   81   80   76   72   68   64   64   61                                   
    70.0-180.0 180.0   5.0 450.0                            LAT/LON1/LON2/DLON/H
   58   55   53   56   58   64   70   79   87   96  104  111  117  123  128  132
  137  142  148  154  160  166  171  174  174  173  169  164  157  149  141  134
  127  121  117  112  108  103   98   93   87   81   76   72   70   69   69   71
   74   78   82   86   89   91   93   93   92   90   88   86   84   82   81   81
   80   80   82   79   76   73   73   71   58                                   
    67.5-180.0 180.0   5.0 450.0                            LAT/LON1/LON2/DLON/H
   59   58   54   58   59   65   71   79   86   94  102  109  115  120  126  132
  138  146  154  163  173  182  190  195  198  198  195  189  181  172  163  154
  146  139  134  128  123  117  111  104   96   89   82   76   71   68   67   68
   69   71   74   77   79   81   83   83   83   81   80   78   77   76   77   78
   79   81   82   81   78   78   76   72   59                                   
    65.0-180.0 180.0   5.0 450.0                            LAT/LON1/LON2/DLON/H
   57   56   53   57   58   64   69   77   85   93  100  107  113  119  125  132
  140  149  160  172  185  197  207  215  220  221  218  211  203  193  183  173
  165  157  150  144  137  130  123  114  104   95   86   78   72   67   64   62
   62   62   62   63   65   67   68   69   69   68   67   66   66   66   67   70
   72   75   78   78   77   78   78   75   57                                   
    62.5-180.0 180.0   5.0 450.0                            LAT/LON1/LON2/DLON/H
   52   51   48   53   55   61   67   76   84   93  100  108  115  121  128  136
  145  157  169  183  197  211  222  231  236  238  235  229  220  211  200  190
  181  172  164  157  149  141  131  121  110   99   89   79   72   66   61   57
   54   52   51   50   51   52   54   55   56   56   56   56   55   56   57   60
   62   65   69   68   68   69   68   68   52                                   
    60.0-180.0 180.0   5.0 450.0                            LAT/LON1/LON2/DLON/H
   43   42   41   47   49   55   62   71   81   91  100  109  117  125  132  142
  152  164  177  191  205  219  231  239  245  246  244  239  232  223  214  204
  195  186  178  169  160  150  140  128  116  103   92   82   73   66   60   54
   49   45   41   39   39   40   42   44   46   47   47   47   47   47   48   49
   51   53   55   55   55   55   54   55   43                                   
    57.5-180.0 180.0   5.0 450.0                            LAT/LON1/LON2/DLON/H
   34   33   33   40   43   48   56   67   78   89  100  111  121  130  139  149
  160  172  185  198  211  223  233  242  247  249  247  244  239  233  226  218
  211  202  193  184  174  163  151  139  126  112  100   89   80   72   65   58
   51   45   39   36   35   36   38   41   44   46   46   46   45   45   44   44
   44   45   46   44   44   42   40   43   34                                   
    55.0-180.0 180.0   5.0 450.0                            LAT/LON1/LON2/DLON/H
   28   29   30   36   38   43   52   63   76   88  101  114  126  137  147  158
  169  180  191  202  213  223  232  239  243  246  246  245  243  240  237  232
  226  219  210  200  190  179  167  153  139  126  113  102   92   84   75   67
   59   51   45   41   39   40   43   46   49   52   53   52   51   49   48   46
   44   43   42   40   39   35   32   35   28                                   
    52.5-180.0 180.0   5.0 450.0                            LAT/LON1/LON2/DLON/H
   29   30   32   36   38   43   52   63   76   89  104  118  131  143  155  166
  177  188  197  205  213  221  227  233  238  242  244  245  246  247  247  245
  242  235  227  218  208  197  185  172  158  144  131  119  109  100   91   82
   73   65   58   53   51   52   55   58   62   64   65   65   63   61   59   57
   53   50   48   45   43   38   33   35   29                                   
    50.0-180.0 180.0   5.0 450.0                            LAT/LON1/LON2/DLON/H
   39   40   41   44   45   50   57   67   80   94  109  124  139  152  164  175
  186  195  202  208  214  219  224  230  235  239  243  246  250  254  256  257
  255  250  244  236  227  217  205  193  179  165  151  139  129  119  110  101
   91   83   76   71   68   69   71   75   78   80   81   80   79   78   76   74
   70   67   64   60   57   51   45   45   39                                   
    47.5-180.0 180.0   5.0 450.0                            LAT/LON1/LON2/DLON/H
   56   58   57   58   57   62   68   77   89  104  119  134  148  161  173  184
  194  202  208  212  216  219  224  230  235  240  245  249  254  258  262  264
  263  261  256  250  243  235  225  213  200  186  172  159  147  137  127  118
  108  100   93   88   85   85   87   89   92   94   95   95   95   95   94   93
   91   88   86   82   78   73   69   65   56                                   
    45.0-180.0 180.0   5.0 450.0                            LAT/LON1/LON2/DLON/H
   77   79   77   76   73   77   82   91  103  118  132  147  160  173  184  194
  202  209  214  217  219  223  228  234  240  245  250  253  257  260  263  265
  266  265  264  261  257  251  243  232  218  203  189  175  162  151  140  130
  121  113  106  101   97   96   96   98  100  102  103  105  106  108  110  111
  110  109  108  106  103   99   97   90   77                                   
    42.5-180.0 180.0   5.0 450.0                            LAT/LON1/LON2/DLON/H
   97  100   95   93   90   93   97  106  118  133  148  162  175  186  196  204
  211  217  220  222  225  229  234  241  247  253  256  257  258  259  260  262
  264  267  269  271  270  266  259  248  233  217  201  186  171  159  147  136
  127  118  111  105  101   98   98   99  101  103  105  108  111  115  119  123
  124  125  124  124  123  122  121  113   97                                   
    40.0-180.0 180.0   5.0 450.0                            LAT/LON1/LON2/DLON/H
  109  113  106  106  103  105  110  120  133  149  164  178  190  200  209  216
  221  225  227  229  232  236  242  249  255  259  261  259  257  255  255  257
  263  270  278  284  286  284  276  263  247  229  210  193  177  162  149  137
  127  118  110  103   98   94   92   93   96   99  102  106  110  116  122  127
  129  131  132  132  133  134  134  128  109                                   
    37.5-180.0 180.0   5.0 450.0                            LAT/LON1/LON2/DLON/H
  112  115  108  110  109  112  118  130  145  162  178  193  205  215  223  229
  233  235  236  237  240  244  249  256  261  264  264  261  257  254  254  259
  269  283  296  307  311  308  298  282  262  241  220  200  182  165  151  138
  127  117  108  100   93   88   86   87   90   94   98  103  108  113  120  125
  127  129  130  130  132  133  134  130  112                                   
    35.0-180.0 180.0   5.0 450.0                            LAT/LON1/LON2/DLON/H
  106  107  102  105  107  111  121  135  152  171  188  204  218  229  238  243
  245  245  245  245  247  250  255  260  264  267  267  265  262  260  264  274
  290  311  330  344  349  343  328  307  282  257  233  211  191  173  158  145
  133  122  112  103   94   88   86   87   91   96  100  104  109  113  118  122
  123  124  123  123  123  123  123  120  106                                   
    32.5-180.0 180.0   5.0 450.0                            LAT/LON1/LON2/DLON/H
   97   96   92   96  100  106  118  135  155  175  195  213  228  241  251  256
  257  256  255  254  255  256  259  262  266  269  272  274  275  280  289  306
  330  357  382  397  400  389  367  340  310  281  254  230  209  190  175  161
  150  138  128  117  107  100   98   99  104  109  113  116  119  121  124  125
  123  121  119  115  113  110  109  107   97                                   
    30.0-180.0 180.0   5.0 450.0                            LAT/LON1/LON2/DLON/H
   90   87   85   87   93   99  113  132  154  176  197  217  235  250  261  267
  268  267  264  263  263  263  263  265  269  275  283  292  302  314  332  357
  388  421  448  463  461  443  414  380  345  313  284  258  237  219  204  191
  180  169  158  146  136  129  126  127  131  136  139  141  141  140  140  138
  133  128  122  115  109  103   99   96   90                                   
    27.5-180.0 180.0   5.0 450.0                            LAT/LON1/LON2/DLON/H
   89   84   83   83   89   95  110  129  152  175  197  218  238  255  268  275
  277  276  274  273  272  271  270  271  277  288  303  322  342  364  390  422
  459  496  523  534  525  499  463  424  386  352  322  296  274  257  244  233
  223  213  203  192  182  174  171  171  174  177  178  177  174  171  167  162
  154  147  137  127  118  106   99   93   89                                   
    25.0-180.0 180.0   5.0 450.0                            LAT/LON1/LON2/DLON/H
   96   91   88   87   91   98  113  130  152  175  196  217  237  256  271  280
  284  284  283  283  283  281  281  284  293  310  334  363  393  424  458  496
  537  574  598  601  583  549  508  466  428  395  365  339  317  301  290  282
  274  267  258  249  240  233  228  226  226  226  223  219  213  208  202  196
  186  177  164  153  139  123  111  101   96                                   
    22.5-180.0 180.0   5.0 450.0                            LAT/LON1/LON2/DLON/H
  110  105   99   97  100  106  120  136  157  177  196  216  236  255  271  282
  288  290  292  294  295  295  297  303  318  342  374  412  451  490  529  569
  609  641  658  652  626  586  543  503  467  436  407  382  361  345  336  330
  326  322  316  309  301  293  287  282  278  273  266  258  251  244  239  232
  222  214  200  188  170  149  133  120  110                                   
    20.0-180.0 180.0   5.0 450.0                            LAT/LON1/LON2/DLON/H
  129  123  113  110  112  119  132  147  165  183  200  217  235  254  271  283
  292  297  302  306  310  313  319  330  350  382  422  466  511  554  593  631
  664  687  693  678  646  605  564  529  499  472  445  419  397  382  373  370
  369  368  365  359  352  343  335  326  317  308  298  288  280  273  269  264
  257  251  236  225  204  179  161  146  129                                   
    17.5-180.0 180.0   5.0 450.0                            LAT/LON1/LON2/DLON/H
  147  141  127  125  125  133  146  160  177  194  208  223  239  256  273  287
  297  306  313  320  327  334  345  363  390  428  473  522  568  608  643  672
  694  704  699  677  643  606  572  546  523  500  474  447  422  405  396  395
  396  398  397  392  384  375  363  351  339  326  314  302  294  289  287  285
  281  278  266  256  232  206  187  172  147                                   
    15.0-180.0 180.0   5.0 450.0                            LAT/LON1/LON2/DLON/H
  160  153  137  135  136  145  159  175  192  208  221  233  248  264  280  295
  308  319  329  338  347  359  375  400  434  477  525  573  615  649  673  690
  698  696  682  657  626  597  573  556  540  520  493  463  434  414  404  403
  406  409  409  406  398  387  373  359  344  329  315  303  294  290  290  290
  289  290  281  273  249  223  205  190  160                                   
    12.5-180.0 180.0   5.0 450.0                            LAT/LON1/LON2/DLON/H
  164  156  139  139  141  153  170  188  207  225  237  250  263  278  294  310
  325  338  349  359  370  385  408  439  479  525  572  615  649  671  684  688
  684  673  655  631  607  587  574  565  553  534  505  470  437  414  402  400
  403  407  408  405  397  385  370  354  338  322  307  294  285  280  281  281
  282  285  279  273  251  226  210  196  164                                   
    10.0-180.0 180.0   5.0 450.0                            LAT/LON1/LON2/DLON/H
  160  150  132  135  141  156  177  198  221  241  256  270  283  298  315  332
  348  362  374  384  396  414  441  478  522  569  611  645  667  678  680  674
  662  647  629  611  596  586  582  578  569  547  514  474  436  409  395  392
  395  399  401  398  390  377  361  345  328  311  295  281  271  265  264  263
  263  267  263  257  239  217  202  189  160                                   
     7.5-180.0 180.0   5.0 450.0                            LAT/LON1/LON2/DLON/H
  151  139  121  127  137  155  180  205  231  256  275  291  306  323  341  359
  376  391  402  412  423  443  473  514  560  604  639  662  673  675  669  659
