data/edconvlstm_nd/pred2910.15i
     1.0            IONOSPHERE MAPS     GNSS                IONEX VERSION / TYPE
pyspatialgeodesy        IME             05-JAN-18 20:20     PGM / RUN BY / DATE 
Map Name                                                    COMMENT             
Predicted global ionosphere maps (GIM).                     DESCRIPTION         
  2015    10    18     0     0     0                        EPOCH OF FIRST MAP  
  2015    10    19     0     0     0                        EPOCH OF LAST MAP   
  7200                                                      INTERVAL            
    13                                                      # OF MAPS IN FILE   
  NONE                                                      MAPPING FUNCTION    
10.0                                                        ELEVATION CUTOFF    
One-way carrier phase leveled to code                       OBSERVABLES USED    
  6371.0                                                    BASE RADIUS         
 2                                                          MAP DIMENSION       
   450.0 450.0   0.0                                        HGT1 / HGT2 / DHGT  
    87.5 -87.5  -2.5                                        LAT1 / LAT2 / DLAT  
  -180.0 180.0   5.0                                        LON1 / LON2 / DLON  
    -1                                                      EXPONENT            
                                                            END OF HEADER       
[from data line 2574]
     7                                                      START OF TEC MAP    
  2015    10    18    12     0     0                        EPOCH OF CURRENT MAP
    87.5-180.0 180.0   5.0 450.0                            LAT/LON1/LON2/DLON/H
   81   94   95  100  103  103  103   99   99  101  100  100   99   99   98   98
   97   97   96   96   96   96   96   96   95   95   95   95   95   94   94   93
   92   91   90   89   88   87   86   85   83   82   81   81   80   79   79   79
   78   78   79   79   79   80   81   81   82   83   84   85   86   86   87   89
   90   92   90   88   93   95  108  103   81                                   
    85.0-180.0 180.0   5.0 450.0                            LAT/LON1/LON2/DLON/H
   87  102  114  102  101  106  105  105  104  105  103  102  101  100   99   98
   98   97   97   98   98   98   99  100  101  102  102  103  103  103  103  102
  102  101   99   98   97   95   93   91   89   88   86   84   83   82   81   80
   80   80   80   81   81   82   83   84   86   87   88   90   91   93   94   95
   98   99   96   93   95   99  107  108   87                                   
    82.5-180.0 180.0   5.0 450.0                            LAT/LON1/LON2/DLON/H
   85   96  105   96   95   97   97   96   95   94   92   90   88   86   85   83
   83   83   83   84   85   87   89   91   93   95   97   99  101  102  102  103
  102  102  101   99   98   96   93   91   89   86   84   81   79   78   76   75
   74   74   74   74   74   75   76   77   79   80   82   83   85   86   87   89
   91   92   90   87   92  102  101  100   85                                   
    80.0-180.0 180.0   5.0 450.0                            LAT/LON1/LON2/DLON/H
   82   87   96   87   87   85   85   83   82   80   77   75   72   69   67   65
   65   65   66   67   69   72   76   80   84   88   91   95   98  100  102  103
  103  103  102  101   99   97   95   92   89   86   83   80   77   75   73   71
   70   69   69   69   70   70   71   72   73   75   76   77   79   80   81   82
   84   84   84   82   83   92   94   95   82                                   
    77.5-180.0 180.0   5.0 450.0                            LAT/LON1/LON2/DLON/H
   83   82   84   78   77   77   77   75   73   70   65   62   58   55   52   50
   50   50   52   54   58   62   67   73   78   84   89   94   98  102  105  106
  108  108  108  107  105  103  101   98   95   92   88   85   82   80   78   76
   75   74   74   73   73   73   74   74   74   75   76   77   77   78   79   79
   79   79   78   77   77   78   81   82   83                                   
    75.0-180.0 180.0   5.0 450.0                            LAT/LON1/LON2/DLON/H
   69   71   72   69   69   70   68   66   63   60   55   51   47   43   41   39
   38   39   41   44   49   54   61   68   75   82   89   95  100  105  108  111
  113  114  114  114  113  112  110  108  106  103  100   97   94   92   90   88
   87   85   84   83   82   80   79   78   77   77   76   76   76   76   75   75
   74   73   72   69   70   68   68   64   69                                   
    72.5-180.0 180.0   5.0 450.0                            LAT/LON1/LON2/DLON/H
   62   64   64   64   63   66   65   62   59   55   49   45   41   38   35   33
   33   34   37   40   45   52   59   67   75   83   90   97  103  108  112  115
  117  119  120  121  122  122  121  120  118  116  114  111  109  106  105  103
  101   99   97   95   92   88   85   82   79   77   76   74   74   73   72   71
   69   68   67   63   64   62   62   62   62                                   
    70.0-180.0 180.0   5.0 450.0                            LAT/LON1/LON2/DLON/H
   56   58   62   62   62   63   62   60   57   53   48   44   40   37   34   33
   33   34   36   40   46   53   61   70   78   87   94  101  107  112  116  119
  122  124  126  128  129  131  131  131  130  129  127  125  123  121  120  118
  116  113  110  105  100   95   89   84   80   76   74   72   71   70   69   68
   66   64   64   60   60   58   62   62   56                                   
    67.5-180.0 180.0   5.0 450.0                            LAT/LON1/LON2/DLON/H
   50   55   60   61   62   65   65   64   61   57   52   49   45   42   40   38
   38   39   42   46   52   59   68   76   85   93  100  106  111  116  119  122
  125  127  130  132  135  137  138  139  139  139  137  136  134  132  130  128
  126  123  118  112  105   98   91   84   78   74   72   70   69   69   68   68
   66   64   63   58   58   57   59   59   50                                   
    65.0-180.0 180.0   5.0 450.0                            LAT/LON1/LON2/DLON/H
   48   54   58   61   61   65   65   65   63   60   56   54   50   48   46   45
   45   46   49   53   59   66   74   83   91   99  106  112  117  121  125  128
  130  133  136  138  141  144  146  147  147  147  145  143  141  139  137  135
  132  128  122  115  107   98   89   81   75   71   69   68   68   68   68   68
   67   65   64   60   60   59   61   62   48                                   
    62.5-180.0 180.0   5.0 450.0                            LAT/LON1/LON2/DLON/H
   47   53   56   59   59   62   63   63   62   61   58   57   55   53   52   51
   51   52   55   59   64   71   79   87   95  103  110  116  121  126  131  134
  138  140  143  145  148  150  152  152  152  151  149  146  144  141  139  137
  133  129  122  114  105   95   86   78   72   68   66   66   66   67   67   67
   67   65   65   61   60   59   60   62   47                                   
    60.0-180.0 180.0   5.0 450.0                            LAT/LON1/LON2/DLON/H
   47   51   53   54   53   54   55   56   57   56   55   55   54   54   53   53
   53   53   56   60   65   72   80   88   96  104  111  118  125  131  137  142
  146  149  152  153  155  156  157  156  155  153  150  147  143  140  138  136
  132  127  121  112  103   92   83   75   70   67   66   66   66   66   67   66
   65   64   64   60   60   58   58   60   47                                   
    57.5-180.0 180.0   5.0 450.0                            LAT/LON1/LON2/DLON/H
   49   49   50   49   47   47   48   49   50   51   51   52   52   52   52   52
   52   52   54   58   64   71   79   88   96  105  113  121  130  138  146  153
  159  163  165  166  166  166  166  164  162  158  154  150  147  144  142  139
  136  132  126  117  107   97   88   81   76   74   73   73   73   72   71   70
   68   66   66   63   62   59   58   59   49                                   
    55.0-180.0 180.0   5.0 450.0                            LAT/LON1/LON2/DLON/H
   52   50   48   45   42   41   42   43   44   46   46   48   48   49   49   48
   48   49   51   55   62   70   79   88   97  106  115  125  135  146  156  166
  173  178  180  181  180  178  176  174  170  166  162  157  154  151  150  148
  146  142  136  128  119  109  100   93   89   87   86   85   84   82   79   76
   73   70   70   67   66   62   60   59   52                                   
    52.5-180.0 180.0   5.0 450.0                            LAT/LON1/LON2/DLON/H
   57   53   49   45   40   39   40   40   42   43   44   45   45   45   45   45
   45   46   48   53   61   70   80   90  100  109  119  130  141  153  166  177
  187  193  196  196  194  192  189  185  181  177  172  168  165  164  163  162
  161  158  153  145  136  126  117  110  106  104  103  102  100   96   91   87
   82   78   78   74   73   68   66   63   57                                   
    50.0-180.0 180.0   5.0 450.0                            LAT/LON1/LON2/DLON/H
   65   59   54   49   44   43   43   43   44   44   44   45   44   44   44   43
   43   45   48   54   63   73   85   96  106  115  125  135  147  160  173  187
  198  205  209  210  209  206  203  199  195  190  186  183  181  180  180  179
  179  176  171  164  155  145  135  128  124  122  120  119  116  111  105  100
   94   90   88   84   83   79   76   71   65                                   
    47.5-180.0 180.0   5.0 450.0                            LAT/LON1/LON2/DLON/H
   74   70   64   59   52   53   52   51   51   51   50   49   47   47   46   45
   46   48   52   59   69   80   92  104  114  124  132  142  152  164  178  192
  204  214  219  222  222  220  218  214  210  206  202  199  197  197  197  197
  195  193  188  180  171  160  150  141  136  134  133  132  129  124  119  113
  108  103  100   96   95   93   90   85   74                                   
    45.0-180.0 180.0   5.0 450.0                            LAT/LON1/LON2/DLON/H
   84   82   76   72   65   66   65   64   64   62   59   57   54   53   51   51
   52   54   59   68   78   90  103  115  125  134  141  149  157  167  179  193
  206  218  226  232  234  235  234  231  228  223  219  216  214  212  212  210
  208  204  199  190  180  168  156  147  141  139  139  138  136  133  129  125
  120  115  112  107  106  106  105  100   84                                   
    42.5-180.0 180.0   5.0 450.0                            LAT/LON1/LON2/DLON/H
   91   92   87   85   79   81   80   79   78   76   72   68   65   62   61   60
   61   64   70   78   89  101  114  126  136  145  151  156  161  168  178  192
  206  220  232  241  247  251  252  250  247  242  237  232  229  226  224  220
  216  210  203  194  182  168  155  145  139  137  137  138  138  136  134  132
  128  125  121  116  115  116  115  112   91                                   
    40.0-180.0 180.0   5.0 450.0                            LAT/LON1/LON2/DLON/H
   93   98   95   95   90   92   91   91   89   88   84   80   76   73   71   70
   71   75   81   90  100  112  124  135  146  154  160  163  165  170  178  191
  207  223  239  252  262  269  273  273  270  264  257  250  245  240  235  229
  222  214  205  194  181  166  151  140  133  132  133  134  135  134  134  133
  132  130  126  121  119  120  119  117   93                                   
    37.5-180.0 180.0   5.0 450.0                            LAT/LON1/LON2/DLON/H
   92   99   96   98   94   96   97   97   96   95   92   90   87   84   82   81
   82   85   91   99  109  119  130  142  153  162  168  170  171  174  182  195
  212  232  251  268  282  292  298  299  296  289  281  272  264  256  249  241
  233  223  211  199  184  168  152  140  133  131  132  133  133  132  131  132
  131  129  127  121  118  117  116  114   92                                   
    35.0-180.0 180.0   5.0 450.0                            LAT/LON1/LON2/DLON/H
   88   95   92   94   92   94   95   96   97   97   97   96   94   93   91   89
   90   93   99  107  115  124  134  146  157  168  175  178  180  183  191  205
  226  248  270  290  307  319  328  331  328  320  310  299  289  281  273  265
  255  244  231  217  201  184  167  153  145  141  141  140  137  134  131  130
  129  127  124  118  114  110  110  107   88                                   
    32.5-180.0 180.0   5.0 450.0                            LAT/LON1/LON2/DLON/H
   85   90   86   87   85   85   87   89   92   94   96   98   98   98   96   95
   95   98  104  112  119  127  136  148  160  173  182  188  191  196  207  224
  248  273  298  319  337  352  362  366  364  357  346  335  325  317  310  303
  294  283  270  255  238  219  200  185  175  170  166  161  154  145  137  133
  129  126  123  116  111  104  104   99   85                                   
    30.0-180.0 180.0   5.0 450.0                            LAT/LON1/LON2/DLON/H
   83   86   80   79   77   76   77   80   84   88   92   96   99  100   99   97
   97  100  107  114  122  129  138  149  163  177  188  197  204  214  229  250
  277  305  331  353  372  387  399  405  405  399  389  379  371  366  362  357
  350  341  329  313  295  275  254  237  224  216  208  199  185  169  155  145
  137  131  128  119  114  104  104   96   83                                   
    27.5-180.0 180.0   5.0 450.0                            LAT/LON1/LON2/DLON/H
   86   86   78   75   72   69   70   72   76   81   87   93   97   98   98   96
   97  101  108  116  124  132  141  152  166  181  195  207  219  234  254  281
  312  342  369  390  408  423  436  444  447  443  437  430  425  424  425  424
  422  414  403  387  368  346  324  304  288  276  264  249  229  206  184  168
  155  146  140  129  125  113  113  100   86                                   
    25.0-180.0 180.0   5.0 450.0                            LAT/LON1/LON2/DLON/H
   94   92   81   77   73   69   69   69   73   78   83   89   93   95   94   93
   94  100  108  118  127  135  145  156  170  185  200  215  232  254  282  315
  349  381  406  426  442  457  470  481  486  487  485  483  484  488  494  499
  500  495  484  467  447  424  399  377  357  341  325  305  280  251  224  201
  182  170  160  149  144  132  129  113   94                                   
    22.5-180.0 180.0   5.0 450.0                            LAT/LON1/LON2/DLON/H
  109  105   92   86   81   76   75   74   76   79   82   86   89   90   90   89
   92   98  108  120  131  141  151  162  175  189  205  223  245  274  308  346
  384  416  440  457  471  484  498  511  521  527  531  534  540  550  561  569
  573  568  557  540  518  493  467  442  419  399  379  356  329  298  267  240
  217  202  187  175  170  158  152  134  109                                   
    20.0-180.0 180.0   5.0 450.0                            LAT/LON1/LON2/DLON/H
  129  124  109  100   93   88   86   84   84   85   85   85   86   86   86   86
   89   97  110  123  136  147  158  169  181  194  210  231  258  292  332  374
  412  443  465  480  491  504  518  534  548  559  569  578  588  601  614  624
  627  621  607  589  566  540  513  485  460  437  415  393  367  337  308  280
  255  237  218  206  199  188  178  160  129                                   
    17.5-180.0 180.0   5.0 450.0                            LAT/LON1/LON2/DLON/H
  151  147  129  118  108  101  100   97   95   92   89   87   85   84   83   84
   89   98  112  127  141  153  165  176  187  200  217  240  271  309  352  395
  433  462  481  493  503  515  531  549  567  583  597  610  622  635  646  653
  652  642  626  606  584  559  531  502  475  450  429  409  388  364  340  315
  291  272  250  237  226  216  203  184  151                                   
    15.0-180.0 180.0   5.0 450.0                            LAT/LON1/LON2/DLON/H
  171  167  150  135  123  115  113  109  105  100   94   89   86   84   83   85
   90  101  116  132  147  159  171  183  195  208  227  252  285  325  369  410
  446  472  489  500  510  522  539  559  580  599  615  628  639  649  654  655
  647  633  616  596  575  552  525  497  469  444  424  407  392  378  361  342
  320  301  277  264  249  238  223  203  171                                   
    12.5-180.0 180.0   5.0 450.0                            LAT/LON1/LON2/DLON/H
  185  183  167  149  134  125  123  119  113  106   98   92   88   86   85   87
   94  106  121  137  152  165  177  190  203  219  240  267  302  342  383  421
  453  476  492  503  514  527  545  566  588  607  623  634  642  645  643  636
  623  605  586  568  550  529  505  478  451  426  407  394  386  379  372  358
  340  321  297  282  265  250  234  214  185                                   
    10.0-180.0 180.0   5.0 450.0                            LAT/LON1/LON2/DLON/H
  194  191  177  158  143  132  130  125  117  110  101   95   92   90   89   92
   99  111  127  142  157  170  183  198  214  233  257  287  322  360  397  430
  457  477  492  505  517  532  551  572  593  611  624  632  634  631  622  609
  590  571  552  536  520  503  481  457  431  407  390  379  375  374  373  365
  350  331  308  291  271  253  237  216  194                                   
     7.5-180.0 180.0   5.0 450.0                            LAT/LON1/LON2/DLON/H
  199  195  181  161  147  135  133  127  120  112  104   98   96   94   94   97
  104  117  132  148  162  175  190  207  227  250  277  309  343  378  410  437
