data/edconvlstm_nd/pred2880.15i
     1.0            IONOSPHERE MAPS     GNSS                IONEX VERSION / TYPE
pyspatialgeodesy        IME             05-JAN-18 20:20     PGM / RUN BY / DATE 
Map Name                                                    COMMENT             
Predicted global ionosphere maps (GIM).                     DESCRIPTION         
  2015    10    15     0     0     0                        EPOCH OF FIRST MAP  
  2015    10    16     0     0     0                        EPOCH OF LAST MAP   
  7200                                                      INTERVAL            
    13                                                      # OF MAPS IN FILE   
  NONE                                                      MAPPING FUNCTION    
10.0                                                        ELEVATION CUTOFF    
One-way carrier phase leveled to code                       OBSERVABLES USED    
  6371.0                                                    BASE RADIUS         
 2                                                          MAP DIMENSION       
   450.0 450.0   0.0                                        HGT1 / HGT2 / DHGT  
    87.5 -87.5  -2.5                                        LAT1 / LAT2 / DLAT  
  -180.0 180.0   5.0                                        LON1 / LON2 / DLON  
    -1                                                      EXPONENT            
                                                            END OF HEADER       
[from data line 2145]
     6                                                      START OF TEC MAP    
  2015    10    15    10     0     0                        EPOCH OF CURRENT MAP
    87.5-180.0 180.0   5.0 450.0                            LAT/LON1/LON2/DLON/H
   41   52   51   54   56   55   55   51   52   55   55   56   57   58   58   59
   59   59   60   60   60   60   60   60   60   60   60   60   60   60   59   59
   58   57   57   56   55   53   52   51   50   49   48   48   47   46   45   45
   44   44   43   43   43   42   42   42   42   42   42   42   42   42   43   43
   44   45   44   43   48   53   66   68   41                                   
    85.0-180.0 180.0   5.0 450.0                            LAT/LON1/LON2/DLON/H
   38   59   67   57   58   61   61   61   61   63   63   64   64   65   66   66
   67   67   68   68   69   69   70   70   71   71   72   72   72   72   72   72
   71   70   69   68   67   65   64   63   61   60   59   58   57   55   55   54
   53   52   52   52   51   51   51   51   51   51   51   52   52   53   53   54
   55   56   53   52   56   60   70   67   38                                   
    82.5-180.0 180.0   5.0 450.0                            LAT/LON1/LON2/DLON/H
   33   49   61   54   54   55   55   55   56   57   57   59   59   60   60   61
   61   61   62   63   63   64   64   65   66   67   68   69   70   71   72   72
   72   71   70   69   68   66   65   63   62   60   59   57   56   55   54   53
   52   51   51   50   49   49   48   48   48   48   48   48   49   49   50   50
   52   52   50   49   57   61   61   58   33                                   
    80.0-180.0 180.0   5.0 450.0                            LAT/LON1/LON2/DLON/H
   34   44   57   50   52   50   50   50   51   52   51   53   53   53   54   54
   54   54   55   55   56   57   58   59   60   62   64   67   69   71   72   73
   74   74   73   72   71   69   67   66   64   63   61   60   59   58   57   56
   55   54   53   53   52   51   50   49   49   49   48   48   48   49   49   50
   51   51   51   50   55   61   62   60   34                                   
    77.5-180.0 180.0   5.0 450.0                            LAT/LON1/LON2/DLON/H
   42   47   50   44   44   44   44   44   45   45   45   47   47   47   48   48
   48   48   48   48   48   49   50   51   53   56   59   62   65   68   71   73
   74   74   74   73   71   69   68   66   64   63   63   62   62   61   61   61
   61   60   59   58   57   56   55   54   53   52   51   51   50   50   50   49
   50   49   48   48   49   49   55   55   42                                   
    75.0-180.0 180.0   5.0 450.0                            LAT/LON1/LON2/DLON/H
   32   41   42   39   39   40   39   39   39   40   40   41   41   42   42   42
   42   42   42   41   41   42   42   44   46   49   53   57   61   65   69   71
   73   74   73   72   71   69   67   66   66   66   66   67   67   68   69   69
   69   69   68   67   66   64   63   61   59   58   56   55   54   53   52   51
   50   49   48   46   48   47   51   47   32                                   
    72.5-180.0 180.0   5.0 450.0                            LAT/LON1/LON2/DLON/H
   33   38   38   35   36   38   38   37   37   38   37   38   38   39   39   40
   39   39   38   37   36   35   35   36   39   42   46   51   56   62   66   70
   72   73   73   72   70   69   68   68   69   70   72   74   76   78   80   81
   81   81   80   79   77   75   72   70   68   65   63   61   59   57   55   54
   52   51   50   47   48   46   49   48   33                                   
    70.0-180.0 180.0   5.0 450.0                            LAT/LON1/LON2/DLON/H
   33   36   39   36   36   36   36   35   36   36   36   37   37   38   39   39
   39   38   37   35   34   32   32   33   35   38   42   48   54   60   66   69
   72   73   73   72   71   70   70   71   73   76   80   83   87   89   91   93
   93   92   90   88   85   82   79   76   73   70   67   64   62   59   57   55
   53   51   51   47   47   46   51   50   33                                   
    67.5-180.0 180.0   5.0 450.0                            LAT/LON1/LON2/DLON/H
   32   35   38   36   37   37   37   36   37   37   36   38   38   40   41   41
   41   40   38   36   34   32   31   31   32   36   40   46   53   59   64   68
   71   72   71   71   70   70   71   73   77   81   86   90   95   98  100  101
  100   99   96   93   89   86   82   79   76   72   69   66   62   59   56   55
   52   50   49   45   45   43   47   46   32                                   
    65.0-180.0 180.0   5.0 450.0                            LAT/LON1/LON2/DLON/H
   33   36   38   38   39   39   39   39   39   39   38   40   41   42   43   44
   44   43   41   39   36   34   32   32   34   37   42   48   54   61   66   70
   72   73   73   72   72   73   75   78   83   88   94   99  104  107  109  109
  107  105  101   97   92   88   84   81   77   74   70   67   63   59   56   54
   52   49   49   44   45   44   47   47   33                                   
    62.5-180.0 180.0   5.0 450.0                            LAT/LON1/LON2/DLON/H
   35   38   40   40   42   42   42   41   40   40   40   41   42   44   45   46
   47   46   44   41   38   36   34   34   35   39   44   50   56   62   67   71
   73   74   74   74   75   76   79   83   88   94  100  106  110  113  114  114
  112  108  103   99   94   89   85   82   79   75   72   67   63   59   55   52
   49   47   47   43   44   42   45   46   35                                   
    60.0-180.0 180.0   5.0 450.0                            LAT/LON1/LON2/DLON/H
   37   40   41   41   43   43   42   41   40   39   38   40   41   42   44   46
   46   45   43   40   38   35   34   34   36   39   44   51   57   63   68   71
   74   75   76   76   77   79   82   87   92   98  104  109  113  116  117  116
  114  110  105  100   95   90   87   84   81   78   74   69   64   58   53   49
   46   44   44   41   42   40   42   42   37                                   
    57.5-180.0 180.0   5.0 450.0                            LAT/LON1/LON2/DLON/H
   39   41   43   43   45   45   44   41   40   39   37   38   39   41   43   44
   44   43   41   39   36   35   34   35   37   41   46   52   58   64   69   73
   76   78   79   81   82   85   88   93   98  104  109  114  118  121  122  122
  121  117  113  108  103   98   95   92   90   87   82   77   70   63   57   52
   48   45   45   43   43   40   41   42   39                                   
    55.0-180.0 180.0   5.0 450.0                            LAT/LON1/LON2/DLON/H
   43   43   46   46   46   46   45   42   40   38   36   37   37   39   40   41
   41   40   38   36   34   33   33   35   38   42   47   53   59   65   70   75
   79   82   84   86   89   92   95  100  104  109  114  119  123  126  129  131
  131  129  125  120  116  111  108  106  103  100   95   89   81   73   65   58
   53   50   50   47   47   43   43   44   43                                   
    52.5-180.0 180.0   5.0 450.0                            LAT/LON1/LON2/DLON/H
   47   47   49   49   48   48   47   43   40   38   36   36   36   38   39   39
   39   37   35   33   32   31   32   35   39   44   49   56   61   67   73   78
   82   87   90   93   96  100  104  108  112  116  121  125  130  134  139  142
  144  144  141  137  133  128  125  122  119  116  112  105   96   86   77   69
   63   59   59   55   54   49   49   48   47                                   
    50.0-180.0 180.0   5.0 450.0                            LAT/LON1/LON2/DLON/H
   53   52   53   53   50   51   50   46   43   40   37   37   37   38   39   39
   38   36   34   32   31   31   33   36   40   46   53   59   64   70   76   81
   87   93   97  102  105  109  114  118  122  126  129  134  139  145  150  156
  159  160  159  155  150  145  141  137  135  131  127  120  111  101   91   83
   76   71   70   65   63   58   57   57   53                                   
    47.5-180.0 180.0   5.0 450.0                            LAT/LON1/LON2/DLON/H
   60   58   58   58   54   56   54   51   47   44   41   40   40   40   41   40
   39   37   35   33   32   32   34   38   44   50   57   63   69   74   80   86
   93  100  106  111  116  121  125  130  134  137  141  145  150  156  163  169
  173  175  173  169  163  158  153  149  145  142  137  131  123  113  104   96
   89   84   81   77   74   69   68   68   60                                   
    45.0-180.0 180.0   5.0 450.0                            LAT/LON1/LON2/DLON/H
   67   64   63   63   59   61   60   57   53   50   46   45   44   45   45   44
   42   40   38   36   35   35   37   42   48   56   63   69   75   80   86   93
  100  107  114  121  127  133  139  144  148  152  155  158  163  168  175  180
  184  185  183  178  171  164  158  153  149  145  141  136  129  121  113  106
   99   94   91   86   83   79   78   78   67                                   
    42.5-180.0 180.0   5.0 450.0                            LAT/LON1/LON2/DLON/H
   72   69   67   68   64   66   65   63   60   57   53   52   51   51   51   50
   49   46   44   42   41   41   43   47   54   62   70   77   82   88   93  100
  108  116  124  132  140  148  155  161  165  168  170  173  176  180  185  189
  192  192  188  181  173  165  158  152  148  144  139  135  129  123  116  110
  105  100   96   91   89   86   85   85   72                                   
    40.0-180.0 180.0   5.0 450.0                            LAT/LON1/LON2/DLON/H
   74   72   69   70   67   70   69   69   67   64   61   60   59   60   60   59
   57   55   52   50   48   48   49   53   60   69   77   85   91   96  102  108
  116  125  134  144  154  163  172  178  183  186  187  188  189  191  194  197
  198  196  191  183  174  165  156  150  145  140  136  131  126  120  115  111
  106  101   97   92   90   88   87   86   74                                   
    37.5-180.0 180.0   5.0 450.0                            LAT/LON1/LON2/DLON/H
   73   72   68   69   68   70   70   71   71   70   68   67   68   69   69   68
   66   64   61   59   57   55   56   59   66   75   85   93  100  105  111  117
  125  134  145  157  169  180  190  197  202  203  204  203  203  204  205  206
  206  203  197  189  179  169  160  153  147  142  136  130  124  118  113  109
  104   98   94   89   86   84   83   83   73                                   
    35.0-180.0 180.0   5.0 450.0                            LAT/LON1/LON2/DLON/H
   70   70   67   67   66   67   69   71   72   72   72   73   75   77   78   77
   75   72   70   67   64   61   61   64   71   81   91  101  109  115  121  127
  135  146  158  171  185  198  208  216  220  221  221  219  218  219  220  221
  221  219  214  206  196  185  176  168  162  155  147  138  129  121  115  110
  104   96   91   85   81   78   77   77   70                                   
    32.5-180.0 180.0   5.0 450.0                            LAT/LON1/LON2/DLON/H
   66   68   65   64   62   64   65   68   71   72   74   77   81   85   86   86
   83   79   76   73   69   66   64   67   74   85   97  109  118  125  131  138
  147  159  172  187  203  217  228  235  239  240  239  238  237  239  242  245
  247  247  244  237  228  218  208  200  192  184  173  161  147  136  126  118
  109   99   91   83   78   73   72   72   66                                   
    30.0-180.0 180.0   5.0 450.0                            LAT/LON1/LON2/DLON/H
   65   67   65   62   60   60   62   64   67   69   73   78   84   89   92   92
   89   85   81   77   72   68   67   69   77   89  102  115  126  134  142  150
  161  174  189  206  223  238  249  256  259  260  259  260  262  266  272  280
  286  290  289  284  275  265  255  247  239  229  215  198  180  163  149  137
  124  111   99   88   81   73   72   72   65                                   
    27.5-180.0 180.0   5.0 450.0                            LAT/LON1/LON2/DLON/H
   68   71   69   63   60   59   60   61   63   66   70   76   84   91   95   95
   92   87   83   78   73   69   68   71   79   91  105  119  132  143  153  164
  176  192  209  228  246  261  272  279  282  283  284  286  292  301  312  325
  336  344  346  342  334  323  313  305  296  285  269  248  225  203  184  168
  151  134  118  102   93   81   80   78   68                                   
    25.0-180.0 180.0   5.0 450.0                            LAT/LON1/LON2/DLON/H
   81   81   78   69   64   62   61   59   60   63   67   74   82   90   94   94
   92   87   83   78   73   69   68   72   81   93  107  122  137  150  164  178
  193  212  232  252  271  286  297  303  307  309  312  319  329  342  359  377
  393  405  409  406  397  386  375  367  358  346  327  303  276  250  227  207
  187  167  147  128  116  100   96   93   81                                   
    22.5-180.0 180.0   5.0 450.0                            LAT/LON1/LON2/DLON/H
  102  100   96   82   75   70   67   62   61   62   65   71   78   86   90   91
   89   85   81   76   71   68   68   73   82   94  108  123  140  157  174  192
  212  233  255  277  296  312  323  330  334  339  345  356  370  389  411  433
  453  467  472  468  458  444  432  423  414  401  381  354  325  297  272  249
  227  205  183  163  148  129  121  115  102                                   
    20.0-180.0 180.0   5.0 450.0                            LAT/LON1/LON2/DLON/H
  131  128  122  103   93   85   78   70   66   65   65   69   74   80   84   85
   83   81   77   73   69   67   69   75   84   95  109  125  143  163  184  206
  230  254  279  302  321  337  348  357  364  371  381  395  414  436  461  486
  507  521  525  518  504  488  474  463  453  440  421  394  365  336  311  288
  265  243  220  201  185  165  153  145  131                                   
    17.5-180.0 180.0   5.0 450.0                            LAT/LON1/LON2/DLON/H
  162  162  154  131  117  105   95   84   76   72   69   70   72   75   78   78
   78   76   73   70   68   67   70   77   87   98  111  127  147  170  195  221
  247  274  300  323  343  359  372  382  392  404  417  435  455  479  505  529
  549  560  559  548  531  512  495  483  473  461  443  418  391  364  340  318
  296  276  253  237  222  203  187  178  162                                   
    15.0-180.0 180.0   5.0 450.0                            LAT/LON1/LON2/DLON/H
  192  195  187  163  146  130  116  103   91   84   77   74   72   72   73   73
   73   72   71   69   67   68   73   81   92  103  116  132  153  178  206  234
  262  290  316  339  358  375  390  404  417  432  449  469  490  513  536  557
  572  578  572  557  536  515  498  485  476  465  450  428  404  380  358  337
  317  298  279  267  255  237  221  210  192                                   
    12.5-180.0 180.0   5.0 450.0                            LAT/LON1/LON2/DLON/H
  219  224  217  193  175  157  141  125  110   99   90   82   76   73   71   71
   70   70   70   69   69   71   78   87   99  111  124  140  162  189  218  247
  275  302  326  348  367  385  402  419  437  455  474  494  514  533  552  568
  578  578  568  550  528  508  490  478  469  460  447  428  407  385  365  346
  327  311  295  287  279  265  249  238  219                                   
    10.0-180.0 180.0   5.0 450.0                            LAT/LON1/LON2/DLON/H
  242  248  241  218  202  182  165  148  131  118  105   94   84   78   74   72
   72   72   72   72   73   77   85   96  108  121  135  152  175  202  231  258
  284  309  331  351  370  389  408  428  448  468  488  507  524  541  555  565
  570  566  554  537  517  498  482  471  462  453  440  423  403  384  365  347
  329  315  303  299  295  285  270  259  242                                   
     7.5-180.0 180.0   5.0 450.0                            LAT/LON1/LON2/DLON/H
  262  267  258  238  223  204  186  169  152  137  123  109   97   88   82   78
   77   77   77   78   80   85   94  106  120  134  149  168  191  217  244  268
