data/edconvlstm_nd/pred1140.15i
     1.0            IONOSPHERE MAPS     GNSS                IONEX VERSION / TYPE
pyspatialgeodesy        IME             05-JAN-18 20:20     PGM / RUN BY / DATE 
Map Name                                                    COMMENT             
Predicted global ionosphere maps (GIM).                     DESCRIPTION         
  2015     4    24     0     0     0                        EPOCH OF FIRST MAP  
  2015     4    25     0     0     0                        EPOCH OF LAST MAP   
  7200                                                      INTERVAL            
    13                                                      # OF MAPS IN FILE   
  NONE                                                      MAPPING FUNCTION    
10.0                                                        ELEVATION CUTOFF    
One-way carrier phase leveled to code                       OBSERVABLES USED    
  6371.0                                                    BASE RADIUS         
 2                                                          MAP DIMENSION       
   450.0 450.0   0.0                                        HGT1 / HGT2 / DHGT  
    87.5 -87.5  -2.5                                        LAT1 / LAT2 / DLAT  
  -180.0 180.0   5.0                                        LON1 / LON2 / DLON  
    -1                                                      EXPONENT            
                                                            END OF HEADER       
[from data line 429]
     2                                                      START OF TEC MAP    
  2015     4    24     2     0     0                        EPOCH OF CURRENT MAP
    87.5-180.0 180.0   5.0 450.0                            LAT/LON1/LON2/DLON/H
  229  229  229  226  228  227  224  224  225  225  226  227  227  227  227  227
  227  226  226  225  224  223  222  220  219  217  215  214  212  211  209  208
  207  206  205  205  205  205  205  205  206  207  207  208  209  210  211  212
  213  214  215  216  216  217  218  218  218  218  218  218  218  218  218  218
  218  220  221  223  225  222  215  225  229                                   
    85.0-180.0 180.0   5.0 450.0                            LAT/LON1/LON2/DLON/H
  240  234  226  229  235  232  231  231  232  233  234  234  235  235  236  235
  235  234  233  232  230  228  226  224  221  219  216  214  211  209  207  205
  203  202  201  201  201  202  202  204  205  207  208  210  212  214  216  218
  220  221  223  224  225  227  227  228  229  229  229  229  229  229  229  229
  230  231  230  235  229  226  223  227  240                                   
    82.5-180.0 180.0   5.0 450.0                            LAT/LON1/LON2/DLON/H
  242  238  233  234  238  235  234  236  238  240  241  243  244  245  245  245
  244  243  241  238  235  232  228  224  220  215  211  206  202  199  195  193
  191  189  188  188  188  189  191  193  195  198  201  204  207  211  214  217
  220  223  226  228  230  232  234  235  236  236  237  237  237  237  237  237
  237  238  236  238  238  228  227  220  242                                   
    80.0-180.0 180.0   5.0 450.0                            LAT/LON1/LON2/DLON/H
  235  238  228  230  232  232  235  238  242  244  246  249  252  253  254  254
  253  252  249  246  242  238  232  227  221  215  209  203  198  193  189  186
  183  182  181  181  182  183  185  188  191  194  198  201  205  209  213  217
  221  224  228  230  233  235  237  238  239  240  241  241  241  240  240  240
  240  239  235  236  238  230  233  219  235                                   
    77.5-180.0 180.0   5.0 450.0                            LAT/LON1/LON2/DLON/H
  237  235  230  231  232  233  238  242  247  250  254  258  261  262  263  263
  262  260  256  252  248  242  236  230  223  215  208  201  195  190  185  182
  179  178  178  178  179  181  183  186  189  192  196  200  204  208  212  217
  221  225  228  231  234  236  238  239  241  241  242  243  243  242  242  242
  242  241  237  237  239  234  232  224  237                                   
    75.0-180.0 180.0   5.0 450.0                            LAT/LON1/LON2/DLON/H
  240  238  232  234  235  237  242  246  252  256  260  264  266  267  267  265
  263  260  256  252  247  242  236  229  222  214  206  199  192  186  182  179
  177  176  177  177  179  180  182  185  187  190  193  197  201  205  210  215
  219  224  228  231  234  236  238  239  241  242  242  243  243  243  243  244
  244  244  240  235  236  234  234  232  240                                   
    72.5-180.0 180.0   5.0 450.0                            LAT/LON1/LON2/DLON/H
  238  240  237  238  239  241  246  250  256  260  264  267  268  267  265  261
  257  252  248  244  240  235  230  223  216  209  201  193  186  181  177  174
  173  173  174  175  176  178  179  180  182  184  187  191  195  200  205  211
  216  222  226  230  233  235  237  238  240  241  242  243  243  243  244  245
  244  244  242  240  238  233  236  237  238                                   
    70.0-180.0 180.0   5.0 450.0                            LAT/LON1/LON2/DLON/H
  240  240  239  241  242  243  248  253  260  265  269  271  270  266  261  254
  247  241  236  232  229  225  221  215  208  201  192  184  177  172  168  166
  166  166  167  168  169  169  170  171  172  173  176  179  184  190  197  205
  212  219  225  229  233  235  237  238  240  241  243  244  244  244  244  245
  244  244  242  240  240  237  241  243  240                                   
    67.5-180.0 180.0   5.0 450.0                            LAT/LON1/LON2/DLON/H
  240  241  240  242  242  242  246  252  260  266  271  273  271  265  257  247
  238  230  225  221  218  216  212  206  199  191  182  173  166  161  157  155
  154  154  155  155  155  155  155  155  156  158  160  165  171  179  188  198
  208  217  224  230  234  237  238  240  242  244  246  248  249  248  247  246
  244  243  241  238  237  235  241  246  240                                   
    65.0-180.0 180.0   5.0 450.0                            LAT/LON1/LON2/DLON/H
  237  236  236  237  236  234  238  245  255  262  268  272  270  263  253  242
  231  222  215  211  209  206  202  196  188  178  168  159  152  147  143  141
  140  139  138  138  137  137  137  137  138  140  144  150  158  168  180  192
  205  216  225  232  236  239  242  244  247  250  253  255  256  255  252  250
  245  242  238  235  233  232  239  244  237                                   
    62.5-180.0 180.0   5.0 450.0                            LAT/LON1/LON2/DLON/H
  233  231  230  229  227  223  226  233  244  253  262  267  267  262  252  241
  230  221  214  209  206  202  196  188  177  166  155  146  139  134  131  128
  126  124  122  121  120  120  120  121  123  126  131  138  148  161  175  190
  204  218  228  236  241  244  247  250  254  258  262  266  267  265  262  257
  251  244  239  234  230  230  236  241  233                                   
    60.0-180.0 180.0   5.0 450.0                            LAT/LON1/LON2/DLON/H
  231  228  227  222  219  212  213  219  230  240  250  258  261  259  253  245
  235  227  220  214  209  202  193  182  169  156  145  136  129  125  122  119
  116  113  110  108  107  107  109  111  114  118  124  132  143  157  173  190
  206  221  233  241  246  250  253  257  262  268  273  278  280  279  275  269
  260  252  244  237  233  231  236  240  231                                   
    57.5-180.0 180.0   5.0 450.0                            LAT/LON1/LON2/DLON/H
  238  234  232  223  218  208  205  208  217  226  236  246  253  256  255  251
  245  239  232  225  216  206  194  180  165  152  140  132  127  123  121  117
  113  108  105  102  102  103  105  108  112  116  123  131  143  158  175  193
  210  226  238  247  253  256  260  265  271  279  286  292  295  294  290  284
  275  266  258  249  243  240  244  247  238                                   
    55.0-180.0 180.0   5.0 450.0                            LAT/LON1/LON2/DLON/H
  255  251  247  236  229  216  209  207  211  216  225  235  244  251  256  258
  257  253  246  237  226  213  198  182  167  153  143  136  132  130  127  123
  117  112  107  105  105  107  110  113  117  121  127  135  147  162  179  198
  217  233  246  255  261  266  270  276  283  292  300  307  311  312  309  304
  296  288  280  270  263  259  262  265  255                                   
    52.5-180.0 180.0   5.0 450.0                            LAT/LON1/LON2/DLON/H
  285  282  275  263  254  240  229  221  218  217  220  228  237  247  256  263
  266  265  258  248  234  220  204  188  174  162  153  148  145  143  140  135
  128  121  116  114  115  117  121  124  126  130  134  142  153  168  186  206
  225  242  256  266  274  279  285  291  299  308  317  325  330  331  330  327
  322  316  310  300  293  288  290  295  285                                   
    50.0-180.0 180.0   5.0 450.0                            LAT/LON1/LON2/DLON/H
  325  323  314  304  294  280  265  250  240  231  227  229  236  246  257  267
  273  272  265  254  241  226  212  198  186  176  170  166  163  161  156  149
  141  134  130  128  130  133  135  137  139  140  143  150  160  176  195  216
  236  255  270  282  291  298  304  311  319  328  336  344  349  351  352  352
  350  349  346  338  332  327  328  335  325                                   
    47.5-180.0 180.0   5.0 450.0                            LAT/LON1/LON2/DLON/H
  372  371  364  356  346  333  315  295  276  259  247  242  244  251  261  271
  276  275  268  256  244  231  220  210  202  195  189  185  182  177  171  162
  153  147  143  143  146  149  151  151  150  150  152  158  169  185  206  228
  250  270  287  301  312  321  329  336  343  350  358  364  369  371  373  376
  379  382  383  379  374  370  371  379  372                                   
    45.0-180.0 180.0   5.0 450.0                            LAT/LON1/LON2/DLON/H
  418  422  416  413  403  391  372  348  324  299  279  267  262  264  270  276
  278  275  267  256  245  236  229  224  219  214  208  203  196  189  180  170
  161  156  155  157  160  163  163  162  159  158  159  165  177  195  218  242
  266  287  306  322  336  347  355  362  367  373  379  385  389  391  393  398
  404  411  417  417  415  413  414  421  418                                   
    42.5-180.0 180.0   5.0 450.0                            LAT/LON1/LON2/DLON/H
  458  466  462  462  452  444  425  401  373  344  318  300  290  285  285  284
  281  275  265  255  247  242  239  237  235  230  223  214  204  193  182  172
  165  162  163  168  172  174  173  170  167  164  166  172  185  205  230  256
  281  304  324  342  358  371  381  387  392  396  401  406  409  411  414  418
  425  435  443  448  449  450  453  456  458                                   
    40.0-180.0 180.0   5.0 450.0                            LAT/LON1/LON2/DLON/H
  489  499  493  493  485  479  462  440  414  384  357  337  322  312  304  297
  288  278  268  259  253  251  250  250  248  242  232  220  207  194  182  173
  168  168  172  178  183  185  183  179  175  173  174  181  194  215  241  268
  295  318  339  359  378  393  404  411  415  418  423  429  433  435  436  439
  445  454  464  471  474  481  485  483  489                                   
    37.5-180.0 180.0   5.0 450.0                            LAT/LON1/LON2/DLON/H
  515  521  510  504  499  493  478  460  438  412  388  369  353  339  326  312
  298  286  275  268  264  263  262  261  257  250  238  224  210  196  186  178
  176  178  184  191  196  196  194  189  186  184  186  192  205  225  251  278
  305  328  350  371  393  411  425  433  438  442  449  456  462  464  465  466
  470  476  485  492  497  510  515  508  515                                   
    35.0-180.0 180.0   5.0 450.0                            LAT/LON1/LON2/DLON/H
  541  542  524  507  501  494  477  462  445  425  407  391  377  362  346  328
  311  297  288  282  279  277  274  271  265  256  244  231  217  206  197  192
  191  195  203  209  213  212  209  205  202  201  202  206  217  234  258  285
  310  333  355  378  402  424  441  451  459  467  477  488  497  502  503  503
  504  508  515  520  527  546  549  539  541                                   
    32.5-180.0 180.0   5.0 450.0                            LAT/LON1/LON2/DLON/H
  579  576  552  522  510  497  475  460  445  430  416  405  393  378  360  341
  323  311  303  299  295  291  285  279  273  265  256  246  235  226  219  217
  218  223  230  235  237  234  230  226  224  223  222  223  229  243  263  287
  310  332  353  377  403  429  449  463  474  486  502  520  536  545  550  551
  552  555  561  563  573  597  596  584  579                                   
    30.0-180.0 180.0   5.0 450.0                            LAT/LON1/LON2/DLON/H
  637  634  606  565  545  526  496  474  456  440  426  415  402  386  368  349
  333  322  316  313  308  301  294  288  283  280  276  270  263  258  254  253
  256  261  266  267  265  260  255  252  251  249  245  241  242  249  265  285
  305  325  346  371  399  427  450  468  483  500  522  548  572  590  600  606
  611  616  621  624  636  664  659  647  637                                   
    27.5-180.0 180.0   5.0 450.0                            LAT/LON1/LON2/DLON/H
  718  718  691  646  619  595  556  524  497  473  452  433  414  394  373  354
  339  329  323  320  315  308  301  298  298  301  303  302  300  298  297  298
  301  304  305  301  294  287  281  278  276  273  266  257  251  252  262  278
  296  315  336  361  391  422  448  470  489  512  540  573  605  632  650  662
  673  683  691  697  712  743  739  730  718                                   
    25.0-180.0 180.0   5.0 450.0                            LAT/LON1/LON2/DLON/H
  817  819  802  762  730  704  660  616  576  538  502  470  438  409  383  361
  343  331  324  320  315  311  308  311  318  327  335  339  341  342  343  344
  344  343  338  330  318  308  301  297  295  289  278  265  254  250  255  268
  284  303  325  352  383  416  445  471  496  524  558  598  637  671  696  716
  734  750  763  776  792  825  827  828  817                                   
    22.5-180.0 180.0   5.0 450.0                            LAT/LON1/LON2/DLON/H
  920  918  917  890  858  834  790  739  687  634  581  529  481  439  403  375
  352  334  322  315  312  312  317  327  341  355  367  375  379  380  379  377
  374  367  357  344  330  318  310  304  299  292  279  264  251  244  246  256
  272  292  316  345  378  412  444  474  504  538  577  621  665  704  737  764
  789  810  829  850  868  897  912  925  920                                   
    20.0-180.0 180.0   5.0 450.0                            LAT/LON1/LON2/DLON/H
 1007 1002 1020 1006  980  961  922  869  810  747  679  610  544  487  440  402
  370  343  324  313  311  318  330  348  366  383  395  402  403  400  395  388
  379  368  354  340  325  313  303  296  290  281  270  256  243  235  235  245
  262  284  312  343  378  414  448  482  516  554  597  643  689  731  769  803
  834  859  883  911  931  949  976 1000 1007                                   
    17.5-180.0 180.0   5.0 450.0                            LAT/LON1/LON2/DLON/H
 1059 1062 1096 1090 1074 1064 1034  983  924  857  782  702  624  554  495  445
  401  363  334  319  319  330  350  371  391  406  414  414  407  397  385  372
  359  346  332  319  307  296  287  278  271  263  253  243  232  225  225  234
  252  278  309  343  380  418  456  494  533  575  619  665  710  752  792  830
  865  893  921  951  970  977 1009 1039 1059                                   
    15.0-180.0 180.0   5.0 450.0                            LAT/LON1/LON2/DLON/H
 1071 1083 1127 1128 1124 1126 1106 1062 1009  946  872  791  709  632  565  504
  448  398  360  339  339  354  375  396  412  419  417  406  390  372  355  339
  324  310  298  289  282  274  266  258  249  242  235  228  220  214  213  222
  241  270  305  342  382  423  464  507  550  594  640  686  729  770  809  848
  885  914  943  969  984  982 1012 1041 1071                                   
    12.5-180.0 180.0   5.0 450.0                            LAT/LON1/LON2/DLON/H
 1053 1070 1113 1119 1127 1138 1127 1093 1050  997  934  862  785  709  638  571
  505  446  400  375  373  386  405  420  425  419  403  380  355  333  315  299
  284  273  266  262  260  256  249  240  230  222  217  212  207  202  201  208
  228  260  298  339  381  424  469  514  560  607  654  701  744  783  821  859
  897  925  952  972  980  975  997 1019 1053                                   
    10.0-180.0 180.0   5.0 450.0                            LAT/LON1/LON2/DLON/H
 1024 1039 1069 1077 1090 1105 1099 1071 1038 1000  954  898  835  768  700  632
  564  500  450  422  416  424  434  436  426  403  371  339  311  292  277  265
  254  247  245  246  247  245  238  226  214  204  200  197  194  189  186  193
  213  246  287  330  374  419  465  512  559  607  656  704  748  789  827  865
  902  930  955  969  971  966  978  992 1024                                   
     7.5-180.0 180.0   5.0 450.0                            LAT/LON1/LON2/DLON/H
  999 1004 1017 1017 1028 1040 1031 1005  978  952  924  890  845  793  735  673
  608  547  499  470  460  459  455  440  411  371  328  292  270  260  254  248
