data/edconvlstm_nd/pred1490.15i
     1.0            IONOSPHERE MAPS     GNSS                IONEX VERSION / TYPE
pyspatialgeodesy        IME             05-JAN-18 20:20     PGM / RUN BY / DATE 
Map Name                                                    COMMENT             
Predicted global ionosphere maps (GIM).                     DESCRIPTION         
  2015     5    29     0     0     0                        EPOCH OF FIRST MAP  
  2015     5    30     0     0     0                        EPOCH OF LAST MAP   
  7200                                                      INTERVAL            
    13                                                      # OF MAPS IN FILE   
  NONE                                                      MAPPING FUNCTION    
10.0                                                        ELEVATION CUTOFF    
One-way carrier phase leveled to code                       OBSERVABLES USED    
  6371.0                                                    BASE RADIUS         
 2                                                          MAP DIMENSION       
   450.0 450.0   0.0                                        HGT1 / HGT2 / DHGT  
    87.5 -87.5  -2.5                                        LAT1 / LAT2 / DLAT  
  -180.0 180.0   5.0                                        LON1 / LON2 / DLON  
    -1                                                      EXPONENT            
                                                            END OF HEADER       
[from data line 1287]
     4                                                      START OF TEC MAP    
  2015     5    29     6     0     0                        EPOCH OF CURRENT MAP
    87.5-180.0 180.0   5.0 450.0                            LAT/LON1/LON2/DLON/H
  150  149  149  154  156  154  152  150  151  152  153  153  154  154  154  154
  154  153  153  152  151  150  149  148  147  146  145  144  143  142  141  141
  140  140  140  140  140  140  140  141  141  142  142  143  144  144  145  146
  146  147  147  147  147  147  147  147  147  146  146  146  145  145  144  144
  144  146  145  144  150  148  150  144  150                                   
    85.0-180.0 180.0   5.0 450.0                            LAT/LON1/LON2/DLON/H
  152  157  157  159  162  161  162  162  162  163  164  165  165  165  166  166
  165  165  164  164  162  161  160  158  156  155  153  152  151  149  149  148
  147  147  147  147  147  148  148  149  150  151  152  153  154  155  156  157
  158  159  160  160  161  161  161  161  160  160  159  159  158  157  156  156
  157  159  154  156  151  151  153  149  152                                   
    82.5-180.0 180.0   5.0 450.0                            LAT/LON1/LON2/DLON/H
  156  161  163  158  160  161  161  161  162  163  163  165  166  166  167  167
  167  167  166  165  163  161  159  156  153  151  149  147  145  144  143  142
  142  142  142  143  144  145  146  148  149  151  153  155  157  159  161  163
  164  166  167  168  169  169  169  168  168  167  166  165  163  162  160  160
  159  160  155  157  158  154  151  142  156                                   
    80.0-180.0 180.0   5.0 450.0                            LAT/LON1/LON2/DLON/H
  156  158  154  153  156  155  156  156  157  158  158  160  161  162  163  164
  164  163  163  161  158  156  152  148  145  141  138  136  134  133  132  132
  133  134  135  137  139  140  143  145  147  150  153  156  159  163  166  169
  171  174  175  176  177  177  177  176  175  173  171  169  167  165  163  162
  161  159  156  157  157  157  159  143  156                                   
    77.5-180.0 180.0   5.0 450.0                            LAT/LON1/LON2/DLON/H
  154  154  151  151  151  151  152  151  152  152  151  153  154  156  157  158
  159  159  159  157  154  150  146  141  136  132  128  125  123  123  123  125
  127  130  133  136  139  142  145  148  152  155  159  163  168  173  177  181
  185  188  190  191  191  191  190  188  186  184  181  178  175  172  169  168
  165  164  158  159  159  155  154  148  154                                   
    75.0-180.0 180.0   5.0 450.0                            LAT/LON1/LON2/DLON/H
  148  152  145  146  146  146  145  143  143  142  141  142  143  145  147  148
  150  151  151  149  146  142  136  130  124  118  114  111  110  110  113  116
  120  125  130  134  138  142  146  149  153  158  163  168  174  179  185  190
  194  197  199  200  200  199  197  194  191  188  185  182  179  175  172  170
  167  165  160  156  156  153  153  148  148                                   
    72.5-180.0 180.0   5.0 450.0                            LAT/LON1/LON2/DLON/H
  147  153  146  146  146  145  144  141  140  137  136  136  136  138  140  142
  144  146  146  145  143  138  132  125  118  112  107  104  104  106  111  117
  123  130  136  142  147  151  155  159  163  167  173  179  186  192  199  204
  208  211  212  212  210  208  205  201  197  194  191  188  185  182  179  178
  175  173  168  165  161  157  155  151  147                                   
    70.0-180.0 180.0   5.0 450.0                            LAT/LON1/LON2/DLON/H
  151  153  147  145  144  141  139  135  133  130  128  127  127  127  129  131
  134  136  138  138  136  132  126  118  111  104   99   97   98  102  108  116
  125  133  141  147  152  156  160  163  167  172  178  185  192  199  206  211
  215  217  217  214  211  206  202  197  193  190  187  185  183  181  179  178
  176  174  171  168  165  161  161  156  151                                   
    67.5-180.0 180.0   5.0 450.0                            LAT/LON1/LON2/DLON/H
  152  154  148  145  143  139  136  131  128  125  122  120  119  119  120  122
  124  127  129  130  129  125  119  112  105   98   93   92   94  100  108  117
  127  136  144  150  155  158  161  164  168  173  179  186  194  202  209  214
  216  217  214  210  205  199  193  188  184  181  179  177  177  176  175  176
  175  174  171  169  166  162  162  158  152                                   
    65.0-180.0 180.0   5.0 450.0                            LAT/LON1/LON2/DLON/H
  156  157  149  146  143  138  135  130  127  123  119  117  116  114  114  115
  117  119  121  122  122  119  114  108  101   95   92   91   95  101  111  121
  131  140  148  153  157  159  161  164  168  173  180  188  197  205  211  215
  217  215  211  205  198  190  184  178  175  173  172  172  173  173  173  174
  174  174  172  170  169  166  167  164  156                                   
    62.5-180.0 180.0   5.0 450.0                            LAT/LON1/LON2/DLON/H
  161  162  154  150  146  141  137  131  127  123  119  117  115  112  111  110
  110  111  113  114  114  112  108  103   97   93   91   92   97  105  114  125
  134  142  149  153  155  157  159  162  167  173  181  190  199  207  213  216
  216  213  207  200  191  184  177  173  170  169  169  170  171  172  173  174
  174  174  173  172  171  170  172  170  161                                   
    60.0-180.0 180.0   5.0 450.0                            LAT/LON1/LON2/DLON/H
  168  170  162  156  152  146  141  134  129  124  120  117  114  111  108  105
  104  103  104  104  105  103  100   97   93   91   91   94  100  108  117  127
  135  141  146  149  151  153  155  159  165  172  181  191  200  208  213  216
  215  211  204  197  189  182  176  173  171  171  172  173  174  175  175  176
  176  176  174  174  174  174  177  175  168                                   
    57.5-180.0 180.0   5.0 450.0                            LAT/LON1/LON2/DLON/H
  178  181  174  169  164  157  150  141  134  127  122  119  115  111  106  102
   98   96   95   95   95   94   92   90   89   89   91   96  103  111  120  128
  134  138  141  144  146  148  152  157  165  173  183  194  203  211  216  218
  216  213  207  200  193  188  184  181  181  181  182  183  183  183  182  182
  180  180  178  178  179  180  184  183  178                                   
    55.0-180.0 180.0   5.0 450.0                            LAT/LON1/LON2/DLON/H
  190  195  190  186  181  173  164  152  143  133  126  120  115  110  104   98
   93   90   88   87   87   86   85   84   85   87   92   98  106  114  121  127
  131  134  136  138  141  145  151  158  167  177  188  198  208  215  220  222
  221  218  214  209  204  200  198  196  196  197  197  197  196  195  192  191
  188  187  185  185  185  187  192  192  190                                   
    52.5-180.0 180.0   5.0 450.0                            LAT/LON1/LON2/DLON/H
  205  212  210  207  202  193  183  168  155  142  131  123  116  109  103   96
   91   86   84   83   82   81   81   81   83   87   93  101  109  116  122  126
  128  130  132  135  139  145  152  161  171  183  194  205  215  222  227  229
  229  228  225  222  219  217  216  215  215  215  214  213  211  208  204  202
  199  197  194  194  194  196  200  201  205                                   
    50.0-180.0 180.0   5.0 450.0                            LAT/LON1/LON2/DLON/H
  219  228  229  229  225  217  206  188  171  154  139  128  118  110  103   96
   90   86   84   83   82   81   81   82   85   90   97  105  112  118  123  125
  126  128  130  134  140  148  157  167  179  191  202  213  223  230  236  239
  240  240  239  237  236  235  234  233  233  232  230  227  224  220  216  214
  211  209  207  205  205  206  210  210  219                                   
    47.5-180.0 180.0   5.0 450.0                            LAT/LON1/LON2/DLON/H
  230  240  244  247  246  238  228  209  189  168  150  135  123  113  105   98
   93   90   89   88   87   86   86   87   90   96  103  110  116  121  123  125
  126  128  132  137  145  154  164  176  188  200  212  223  232  240  245  250
  252  253  253  252  251  250  248  247  245  243  240  236  233  229  227  226
  224  224  221  219  217  217  219  219  230                                   
    45.0-180.0 180.0   5.0 450.0                            LAT/LON1/LON2/DLON/H
  237  246  251  257  259  254  245  227  206  183  163  145  131  119  109  103
   99   97   97   97   97   96   96   97  100  105  111  116  121  124  125  126
  128  131  136  143  152  162  174  186  198  210  221  232  241  249  256  261
  264  265  266  265  263  261  258  256  253  250  246  242  239  236  236  237
  238  239  238  234  230  227  228  227  237                                   
    42.5-180.0 180.0   5.0 450.0                            LAT/LON1/LON2/DLON/H
  238  243  249  255  260  257  252  238  219  197  176  157  141  127  117  110
  106  106  107  108  108  109  109  109  112  115  120  123  126  127  127  129
  131  136  142  150  160  171  183  196  208  219  230  241  250  258  265  271
  274  276  276  275  272  269  265  262  259  255  252  248  245  244  245  249
  253  257  256  252  245  239  237  234  238                                   
    40.0-180.0 180.0   5.0 450.0                            LAT/LON1/LON2/DLON/H
  235  234  238  242  248  248  247  238  225  207  188  170  153  137  126  118
  115  115  117  119  120  121  122  122  124  127  129  131  131  130  130  132
  135  141  149  158  168  180  192  204  216  228  238  248  257  266  273  279
  284  286  286  284  281  278  274  272  269  266  263  259  257  256  259  265
  271  276  276  271  263  252  248  243  235                                   
    37.5-180.0 180.0   5.0 450.0                            LAT/LON1/LON2/DLON/H
  232  225  224  224  229  228  231  228  222  210  197  181  165  149  136  128
  124  124  125  128  130  132  133  135  136  137  138  137  135  134  133  135
  140  147  155  165  175  187  199  212  224  234  244  254  263  272  280  287
  292  295  296  296  294  293  291  290  289  288  285  281  278  277  280  286
  293  300  300  294  283  270  263  257  232                                   
    35.0-180.0 180.0   5.0 450.0                            LAT/LON1/LON2/DLON/H
  236  221  214  208  209  206  209  211  212  208  201  190  176  161  147  137
  132  131  132  134  137  140  143  145  146  146  145  143  140  137  136  138
  143  151  160  170  180  192  205  218  229  239  249  257  266  276  284  292
  298  304  308  311  313  315  317  320  322  323  321  317  312  309  309  314
  320  327  327  320  308  293  284  276  236                                   
    32.5-180.0 180.0   5.0 450.0                            LAT/LON1/LON2/DLON/H
  251  230  217  204  198  191  192  195  200  202  202  197  185  171  157  146
  139  136  137  139  142  146  150  153  155  154  151  147  143  139  138  140
  146  153  162  172  183  196  209  222  233  242  250  259  268  277  286  296
  304  313  321  330  338  345  353  360  366  370  369  364  357  350  346  348
  351  356  356  349  336  322  311  304  251                                   
    30.0-180.0 180.0   5.0 450.0                            LAT/LON1/LON2/DLON/H
  280  255  236  218  204  192  188  188  194  199  202  201  193  180  166  155
  146  142  140  142  146  151  157  161  162  160  156  151  145  141  139  141
  146  153  162  172  184  197  211  224  234  243  250  258  267  276  287  298
  309  322  336  351  366  380  394  406  417  423  423  418  408  397  389  385
  385  387  387  379  367  355  344  338  280                                   
    27.5-180.0 180.0   5.0 450.0                            LAT/LON1/LON2/DLON/H
  323  298  274  252  231  213  202  197  198  202  206  206  200  189  175  163
  153  147  144  145  150  156  163  168  169  166  160  153  146  141  139  140
  144  150  159  170  182  196  211  223  233  241  247  255  264  274  286  299
  314  331  351  372  393  414  433  451  465  474  475  470  458  444  431  421
  417  417  416  409  398  390  379  376  323                                   
    25.0-180.0 180.0   5.0 450.0                            LAT/LON1/LON2/DLON/H
  374  354  327  303  276  253  235  222  217  215  215  214  208  198  185  173
  162  154  150  151  155  163  170  175  175  170  162  153  145  140  136  136
  139  145  154  165  179  194  208  220  230  237  244  251  260  272  285  301
  319  340  364  391  418  443  465  486  502  512  514  509  498  482  466  453
  445  442  441  435  425  422  414  412  374                                   
    22.5-180.0 180.0   5.0 450.0                            LAT/LON1/LON2/DLON/H
  424  412  386  365  334  308  283  262  247  237  231  226  219  208  196  184
  173  165  160  159  163  171  179  182  180  172  162  151  143  136  132  130
  132  138  147  159  173  189  204  216  225  233  240  248  258  271  286  304
  325  349  376  406  435  462  485  505  520  530  534  530  521  507  491  476
  465  460  458  454  446  447  443  441  424                                   
    20.0-180.0 180.0   5.0 450.0                            LAT/LON1/LON2/DLON/H
  465  463  441  424  394  367  337  309  285  266  252  242  232  221  210  198
  187  178  172  170  173  180  187  189  184  172  159  147  138  131  126  123
  124  129  138  151  166  183  198  211  221  230  238  248  259  274  291  310
  332  358  387  416  445  469  490  507  520  529  533  532  527  516  503  489
  477  471  468  465  459  463  462  459  465                                   
    17.5-180.0 180.0   5.0 450.0                            LAT/LON1/LON2/DLON/H
  488  493  478  466  441  417  385  353  323  296  275  259  247  235  225  214
  203  193  186  183  185  189  193  193  184  169  153  140  131  124  118  115
  115  120  129  142  158  175  192  207  219  230  240  251  264  280  298  319
  342  367  395  422  447  467  483  495  505  513  518  520  519  514  505  494
  482  475  472  469  465  470  470  465  488                                   
    15.0-180.0 180.0   5.0 450.0                            LAT/LON1/LON2/DLON/H
  491  499  490  482  464  444  414  383  351  321  295  276  261  250  240  230
  220  210  202  197  195  197  197  192  180  163  146  132  123  116  111  107
  107  111  120  133  150  168  187  204  219  233  245  258  273  289  308  329
  352  376  401  425  444  459  470  479  486  493  498  503  506  506  502  494
  484  476  472  469  465  469  469  462  491                                   
    12.5-180.0 180.0   5.0 450.0                            LAT/LON1/LON2/DLON/H
  478  485  478  469  458  441  417  392  363  333  307  287  273  263  255  246
  236  226  217  209  204  201  196  188  172  153  136  123  115  109  103   99
   98  102  111  124  141  161  182  203  222  238  253  267  282  299  318  340
  362  385  408  428  443  454  461  467  473  478  484  490  495  499  499  494
  486  478  473  469  465  465  463  453  478                                   
    10.0-180.0 180.0   5.0 450.0                            LAT/LON1/LON2/DLON/H
  457  459  452  437  428  413  394  376  354  331  309  292  280  272  266  258
  250  239  229  218  209  200  191  178  161  142  126  114  107  102   97   92
   91   94  102  115  133  154  178  203  225  244  260  275  289  306  326  348
  371  394  415  433  447  456  463  469  474  479  483  488  494  498  500  497
  490  484  478  473  466  462  457  444  457                                   
     7.5-180.0 180.0   5.0 450.0                            LAT/LON1/LON2/DLON/H
  437  434  422  400  389  372  356  343  330  315  300  288  279  274  270  265
  257  247  235  222  209  195  180  165  147  130  116  106  101   96   91   86
