data/edconvlstm_nd/pred0730.15i
     1.0            IONOSPHERE MAPS     GNSS                IONEX VERSION / TYPE
pyspatialgeodesy        IME             05-JAN-18 20:20     PGM / RUN BY / DATE 
Map Name                                                    COMMENT             
Predicted global ionosphere maps (GIM).                     DESCRIPTION         
  2015     3    14     0     0     0                        EPOCH OF FIRST MAP  
  2015     3    15     0     0     0                        EPOCH OF LAST MAP   
  7200                                                      INTERVAL            
    13                                                      # OF MAPS IN FILE   
  NONE                                                      MAPPING FUNCTION    
10.0                                                        ELEVATION CUTOFF    
One-way carrier phase leveled to code                       OBSERVABLES USED    
  6371.0                                                    BASE RADIUS         
 2                                                          MAP DIMENSION       
   450.0 450.0   0.0                                        HGT1 / HGT2 / DHGT  
    87.5 -87.5  -2.5                                        LAT1 / LAT2 / DLAT  
  -180.0 180.0   5.0                                        LON1 / LON2 / DLON  
    -1                                                      EXPONENT            
                                                            END OF HEADER       
[from data line 1716]
     5                                                      START OF TEC MAP    
  2015     3    14     8     0     0                        EPOCH OF CURRENT MAP
    87.5-180.0 180.0   5.0 450.0                            LAT/LON1/LON2/DLON/H
  117  113  109  114  117  117  116  115  118  122  124  127  129  131  133  135
  137  138  139  141  142  142  143  144  144  144  144  144  144  144  144  145
  145  145  145  145  146  146  146  145  145  145  144  143  142  141  140  139
  137  136  134  133  131  130  128  127  125  124  122  121  119  118  116  115
  114  114  112  110  113  112  119  121  117                                   
    85.0-180.0 180.0   5.0 450.0                            LAT/LON1/LON2/DLON/H
  104  108  108  109  111  114  115  116  119  122  124  128  130  132  135  137
  139  141  143  145  146  148  149  150  150  151  151  152  152  152  153  154
  154  155  156  157  158  158  159  159  159  159  158  158  156  155  153  151
  149  147  145  143  141  139  137  135  133  131  129  127  125  123  121  119
  119  119  113  112  107  108  110  113  104                                   
    82.5-180.0 180.0   5.0 450.0                            LAT/LON1/LON2/DLON/H
   92   97   96   94   93   97   99  101  104  107  110  113  116  119  122  124
  127  129  131  134  135  137  138  140  140  141  142  143  144  145  146  148
  150  152  155  158  160  162  164  166  167  167  167  166  165  163  161  159
  157  154  152  149  147  144  142  139  137  134  132  129  126  123  119  117
  114  112  106  105  103  101   96   94   92                                   
    80.0-180.0 180.0   5.0 450.0                            LAT/LON1/LON2/DLON/H
   89   84   81   80   80   80   83   85   89   92   95   99  101  104  107  110
  113  115  118  120  122  123  125  125  126  126  127  127  129  130  133  136
  140  145  149  155  159  164  168  171  174  175  176  175  174  173  171  169
  167  165  162  160  158  156  154  152  150  147  145  141  138  134  130  126
  121  116  109  105  100   97   96   88   89                                   
    77.5-180.0 180.0   5.0 450.0                            LAT/LON1/LON2/DLON/H
   94   82   77   75   70   71   72   74   77   80   82   85   88   90   93   96
   98  101  103  106  108  109  110  111  111  110  110  111  112  114  118  123
  129  136  145  153  161  169  176  181  186  188  190  191  190  189  188  186
  185  184  183  182  181  180  179  178  177  175  173  170  166  161  156  151
  144  137  126  121  114  102   97   94   94                                   
    75.0-180.0 180.0   5.0 450.0                            LAT/LON1/LON2/DLON/H
   99   87   76   73   66   66   65   65   67   69   70   72   74   75   77   79
   82   84   87   90   92   94   95   95   95   94   93   93   94   96  101  107
  115  125  136  148  159  170  179  187  193  197  200  202  202  202  202  202
  202  202  203  203  204  205  205  206  206  205  204  201  198  194  189  183
  174  165  153  142  132  117  110  102   99                                   
    72.5-180.0 180.0   5.0 450.0                            LAT/LON1/LON2/DLON/H
  107   93   82   76   68   67   66   65   65   66   66   67   66   67   67   68
   70   73   76   80   83   86   87   88   87   85   84   83   83   85   90   97
  107  119  133  147  161  174  186  196  203  209  213  215  217  218  219  220
  221  223  224  226  228  230  232  233  234  234  233  232  229  225  220  214
  206  196  185  171  157  139  130  123  107                                   
    70.0-180.0 180.0   5.0 450.0                            LAT/LON1/LON2/DLON/H
  119  101   90   81   72   68   65   64   64   63   62   62   60   58   57   57
   58   61   65   70   75   79   81   82   81   79   77   76   75   77   82   89
   99  113  128  144  160  175  188  199  207  214  218  222  224  226  229  231
  233  236  239  241  243  245  247  248  249  250  249  248  245  241  236  231
  223  213  203  189  175  156  149  142  119                                   
    67.5-180.0 180.0   5.0 450.0                            LAT/LON1/LON2/DLON/H
  122  105   94   84   75   70   67   65   65   65   63   62   59   55   52   51
   52   55   59   65   71   76   80   81   80   78   76   74   73   74   78   85
   96  109  124  141  158  173  187  199  208  215  221  225  228  232  235  238
  241  243  246  248  249  250  251  251  252  251  250  249  246  242  236  231
  224  215  206  193  180  163  155  151  122                                   
    65.0-180.0 180.0   5.0 450.0                            LAT/LON1/LON2/DLON/H
  123  107   94   85   74   68   65   64   65   66   65   64   60   55   51   49
   49   51   56   62   69   75   79   81   81   79   76   74   73   74   78   85
   95  108  124  141  157  173  187  199  209  217  224  229  234  238  242  245
  248  250  251  251  251  250  249  248  247  246  244  241  238  233  226  220
  213  205  197  185  176  162  156  153  123                                   
    62.5-180.0 180.0   5.0 450.0                            LAT/LON1/LON2/DLON/H
  120  104   92   80   69   63   60   60   62   64   65   65   62   57   52   49
   48   50   55   61   68   73   77   79   79   78   76   74   74   75   79   86
   97  109  124  141  157  173  187  200  211  220  227  234  240  245  249  252
  254  254  253  251  249  246  243  241  239  237  235  231  226  220  212  204
  196  187  180  169  162  151  147  146  120                                   
    60.0-180.0 180.0   5.0 450.0                            LAT/LON1/LON2/DLON/H
  118  102   88   75   63   55   51   51   54   58   61   63   61   58   53   50
   48   50   53   59   64   69   73   74   74   73   72   72   72   75   80   87
   98  111  126  142  158  174  188  201  213  223  232  240  247  253  258  260
  261  260  257  253  248  244  240  237  235  233  231  227  221  213  203  193
  182  172  164  154  148  138  136  134  118                                   
    57.5-180.0 180.0   5.0 450.0                            LAT/LON1/LON2/DLON/H
  121  105   91   75   62   50   45   44   47   51   55   58   59   57   54   51
   49   50   53   57   61   64   66   67   67   67   67   68   70   74   80   88
  100  114  129  145  162  178  192  206  218  230  241  250  259  266  271  273
  273  271  266  261  255  250  246  243  242  240  238  235  229  219  207  195
  181  168  158  147  142  131  129  126  121                                   
    55.0-180.0 180.0   5.0 450.0                            LAT/LON1/LON2/DLON/H
  132  116  102   85   70   55   46   42   42   45   49   54   55   55   54   52
   50   51   53   55   57   59   60   60   61   61   63   64   67   72   79   89
  102  117  134  151  168  184  199  213  226  239  251  263  273  281  287  290
  289  286  281  275  269  264  261  259  258  258  257  254  248  238  225  211
  195  179  166  153  146  134  131  126  132                                   
    52.5-180.0 180.0   5.0 450.0                            LAT/LON1/LON2/DLON/H
  150  136  123  105   90   72   59   49   46   45   48   51   53   54   53   53
   52   53   54   56   57   57   57   57   58   59   61   63   67   71   79   89
  104  121  140  158  176  192  207  222  236  250  264  277  289  299  305  308
  308  305  300  295  289  285  281  280  280  281  281  279  274  265  252  237
  220  202  187  170  160  146  141  134  150                                   
    50.0-180.0 180.0   5.0 450.0                            LAT/LON1/LON2/DLON/H
  169  159  148  133  120  100   84   69   60   54   53   53   54   55   55   55
   56   57   58   59   60   60   60   60   61   63   65   67   69   73   79   90
  106  125  146  166  185  202  217  232  247  262  277  291  305  315  323  327
  328  326  322  317  312  307  304  302  302  302  303  302  298  291  279  266
  249  231  213  194  180  163  156  147  169                                   
    47.5-180.0 180.0   5.0 450.0                            LAT/LON1/LON2/DLON/H
  184  177  170  160  150  133  117   98   84   73   66   63   61   61   61   61
   62   64   65   67   68   68   69   70   71   73   74   75   75   76   81   92
  108  129  152  174  194  212  227  243  258  273  289  305  319  331  339  344
  346  345  343  338  333  327  322  318  316  315  315  315  312  306  297  286
  272  256  237  216  198  178  171  162  184                                   
    45.0-180.0 180.0   5.0 450.0                            LAT/LON1/LON2/DLON/H
  188  183  180  176  172  162  149  130  113   98   87   80   75   73   72   72
   72   74   76   78   80   82   83   84   86   88   88   86   83   82   84   94
  110  132  156  180  201  220  236  252  268  284  300  316  331  343  353  359
  362  362  360  355  349  341  332  324  318  314  313  312  311  307  300  292
  281  269  251  230  210  187  178  170  188                                   
    42.5-180.0 180.0   5.0 450.0                            LAT/LON1/LON2/DLON/H
  178  174  173  176  178  176  170  156  140  124  110  101   94   90   88   87
   86   88   90   93   96   98  100  102  104  105  103   99   93   88   88   96
  111  134  159  184  206  226  243  260  277  294  311  327  342  355  364  371
  374  375  373  369  361  349  337  324  313  306  301  299  297  294  290  284
  277  267  252  232  211  185  176  168  178                                   
    40.0-180.0 180.0   5.0 450.0                            LAT/LON1/LON2/DLON/H
  158  150  150  155  164  169  172  167  156  143  130  122  115  111  107  105
  104  105  107  111  114  116  118  120  121  121  117  111  102   94   92   98
  113  135  160  186  209  230  250  269  287  305  322  339  354  366  376  383
  387  389  388  383  374  361  345  328  314  303  295  291  287  282  277  272
  266  259  245  226  205  175  165  156  158                                   
    37.5-180.0 180.0   5.0 450.0                            LAT/LON1/LON2/DLON/H
  133  118  117  121  132  143  154  158  156  149  142  137  133  130  127  125
  123  124  126  129  132  134  134  135  135  133  128  120  109  100   97  102
  116  137  161  187  212  235  257  278  298  318  336  353  368  380  390  398
  404  408  409  406  399  386  369  352  335  322  312  304  296  288  280  273
  265  256  242  223  201  166  153  143  133                                   
    35.0-180.0 180.0   5.0 450.0                            LAT/LON1/LON2/DLON/H
  117   90   83   83   94  105  122  132  139  140  141  143  144  145  145  143
  142  142  143  146  148  148  147  145  143  140  134  125  114  105  102  106
  119  139  163  189  215  241  266  290  313  334  353  371  386  399  410  420
  429  436  442  443  440  430  417  401  386  373  362  351  340  326  312  299
  286  273  257  234  212  171  155  140  117                                   
    32.5-180.0 180.0   5.0 450.0                            LAT/LON1/LON2/DLON/H
  119   79   63   54   59   68   85   99  110  119  129  138  147  153  156  157
  157  157  158  160  159  157  154  150  147  142  136  126  116  109  106  112
  125  144  168  194  222  250  278  305  330  353  373  392  408  422  435  448
  462  476  488  496  499  497  489  478  467  457  447  435  420  401  380  359
  337  318  297  270  247  201  180  160  119                                   
    30.0-180.0 180.0   5.0 450.0                            LAT/LON1/LON2/DLON/H
  149   99   70   48   42   42   55   68   81   94  109  125  140  151  159  163
  165  167  168  167  165  162  157  152  147  142  134  125  116  110  111  118
  132  152  176  203  232  262  293  323  350  374  395  414  432  448  465  483
  503  525  546  564  577  584  585  582  578  572  565  554  536  511  482  451
  420  392  364  332  307  259  232  208  149                                   
    27.5-180.0 180.0   5.0 450.0                            LAT/LON1/LON2/DLON/H
  210  156  115   76   54   41   43   51   60   73   90  108  127  142  153  161
  166  168  169  168  165  161  156  152  146  139  130  121  114  112  116  127
  142  163  187  214  245  278  311  342  370  395  417  437  457  477  498  523
  551  582  614  643  668  685  697  704  709  710  707  697  677  648  611  569
  528  491  453  415  388  339  305  283  210                                   
    25.0-180.0 180.0   5.0 450.0                            LAT/LON1/LON2/DLON/H
  299  246  194  142  103   74   60   57   58   66   79   96  114  130  142  151
  158  162  163  162  159  156  154  150  144  136  126  117  112  114  122  136
  153  174  199  228  261  295  328  360  388  413  436  458  480  504  532  563
  600  641  683  724  759  787  810  827  840  849  850  842  821  789  747  697
  647  602  556  511  480  433  394  375  299                                   
    22.5-180.0 180.0   5.0 450.0                            LAT/LON1/LON2/DLON/H
  402  354  296  238  184  143  111   92   81   79   84   94  107  120  130  140
  147  151  153  152  151  150  150  148  143  134  123  115  113  117  128  143
  162  185  211  242  275  310  344  375  403  428  452  476  501  530  562  600
  643  692  742  789  831  866  895  919  939  952  957  952  934  904  862  810
  755  708  658  608  569  525  489  475  402                                   
    20.0-180.0 180.0   5.0 450.0                            LAT/LON1/LON2/DLON/H
  499  460  403  350  285  236  189  156  129  113  107  107  111  117  124  131
  137  142  143  142  142  144  146  146  142  133  123  115  113  118  130  148
  168  193  221  253  288  323  356  386  414  440  465  492  520  552  588  630
  676  727  778  825  866  900  930  957  978  994 1002 1001  990  967  931  883
  831  785  737  685  640  599  572  565  499                                   
    17.5-180.0 180.0   5.0 450.0                            LAT/LON1/LON2/DLON/H
  570  540  494  454  386  336  280  235  196  167  147  135  128  125  126  129
  133  136  136  135  135  138  142  145  142  133  123  114  112  117  129  148
  171  198  228  261  296  331  364  394  422  450  477  506  538  571  609  650
  695  741  786  826  860  888  913  936  956  971  981  985  982  969  944  905
  860  819  777  726  678  637  622  624  570                                   
    15.0-180.0 180.0   5.0 450.0                            LAT/LON1/LON2/DLON/H
  605  582  551  526  465  419  363  315  269  230  199  175  157  144  137  135
  136  137  135  132  131  134  140  144  142  133  122  113  109  112  125  146
  172  201  233  267  301  335  367  399  429  459  489  521  553  588  624  661
  699  736  769  798  821  840  858  874  890  903  914  922  926  922  909  881
  845  810  775  726  680  636  630  640  605                                   
    12.5-180.0 180.0   5.0 450.0                            LAT/LON1/LON2/DLON/H
  603  583  565  555  507  469  421  377  332  291  255  223  196  174  159  150
  147  144  139  133  131  134  140  144  142  133  121  110  105  108  122  144
  172  203  237  270  304  336  368  401  434  468  501  534  567  601  633  664
  693  717  738  754  766  777  787  797  808  819  830  841  849  853  848  831
  804  776  745  700  656  609  605  617  603                                   
    10.0-180.0 180.0   5.0 450.0                            LAT/LON1/LON2/DLON/H
  577  554  544  545  513  485  448  412  375  339  304  271  239  210  188  173
  164  157  148  140  136  138  143  145  142  133  121  109  103  106  121  144
  174  207  240  273  304  335  366  400  436  473  510  545  578  609  637  661
  680  694  703  710  716  721  727  734  743  752  763  773  783  789  789  778
  759  736  709  666  624  574  565  576  577                                   
     7.5-180.0 180.0   5.0 450.0                            LAT/LON1/LON2/DLON/H
  544  513  507  513  496  477  451  425  398  370  341  311  280  249  221  200
  186  174  162  151  145  145  147  147  142  133  121  111  106  109  123  147
