data/edconvlstm_nd/pred2480.15i
     1.0            IONOSPHERE MAPS     GNSS                IONEX VERSION / TYPE
pyspatialgeodesy        IME             05-JAN-18 20:20     PGM / RUN BY / DATE 
Map Name                                                    COMMENT             
Predicted global ionosphere maps (GIM).                     DESCRIPTION         
  2015     9     5     0     0     0                        EPOCH OF FIRST MAP  
  2015     9     6     0     0     0                        EPOCH OF LAST MAP   
  7200                                                      INTERVAL            
    13                                                      # OF MAPS IN FILE   
  NONE                                                      MAPPING FUNCTION    
10.0                                                        ELEVATION CUTOFF    
One-way carrier phase leveled to code                       OBSERVABLES USED    
  6371.0                                                    BASE RADIUS         
 2                                                          MAP DIMENSION       
   450.0 450.0   0.0                                        HGT1 / HGT2 / DHGT  
    87.5 -87.5  -2.5                                        LAT1 / LAT2 / DLAT  
  -180.0 180.0   5.0                                        LON1 / LON2 / DLON  
    -1                                                      EXPONENT            
                                                            END OF HEADER       
[from data line 3432]
     9                                                      START OF TEC MAP    
  2015     9     5    16     0     0                        EPOCH OF CURRENT MAP
    87.5-180.0 180.0   5.0 450.0                            LAT/LON1/LON2/DLON/H
  105  110  108  113  117  116  115  113  113  115  115  115  115  116  116  116
  116  116  116  115  115  115  114  113  113  112  111  110  109  108  107  106
  106  105  104  103  103  102  102  101  101  101  101  101  101  101  101  102
  102  102  103  103  104  104  105  105  106  106  107  107  107  107  108  108
  108  109  107  105  111  107  119  116  105                                   
    85.0-180.0 180.0   5.0 450.0                            LAT/LON1/LON2/DLON/H
  108  111  123  111  112  117  116  118  118  120  119  120  120  121  121  121
  121  121  121  121  120  120  119  118  117  116  115  114  113  112  111  110
  109  108  107  106  105  105  104  103  103  103  103  103  103  103  103  104
  104  105  105  106  106  107  108  108  109  109  109  110  110  110  111  111
  112  112  108  105  106  105  110  109  108                                   
    82.5-180.0 180.0   5.0 450.0                            LAT/LON1/LON2/DLON/H
   91  101  105  100  103  108  111  112  112  114  114  115  115  116  117  117
  118  118  118  118  118  118  117  116  115  114  113  112  110  109  108  106
  105  104  103  102  101  100   99   98   98   98   97   97   97   97   97   98
   98   99   99  100  101  101  102  102  103  103  103  103  103  103  103  103
  103  103  100   98   99  107  101   97   91                                   
    80.0-180.0 180.0   5.0 450.0                            LAT/LON1/LON2/DLON/H
   77   84   92   90   91   92   97  100  102  104  105  107  107  108  109  110
  111  112  112  112  112  112  111  111  110  108  107  105  104  102  100   99
   97   96   94   93   92   91   89   89   88   87   87   86   86   86   86   86
   86   87   88   88   89   90   90   90   91   91   91   90   90   90   90   89
   90   89   88   87   84   89   88   89   77                                   
    77.5-180.0 180.0   5.0 450.0                            LAT/LON1/LON2/DLON/H
   75   78   81   80   83   86   90   93   95   97   97  100  101  102  104  105
  107  108  110  111  111  112  112  111  110  109  108  106  104  102  100   98
   97   95   94   92   91   89   88   86   85   84   83   82   81   80   80   80
   80   80   80   81   81   82   82   82   82   81   81   80   79   78   78   77
   77   77   76   76   76   77   78   82   75                                   
    75.0-180.0 180.0   5.0 450.0                            LAT/LON1/LON2/DLON/H
   66   69   69   71   74   79   81   84   87   90   90   92   94   95   97   99
  101  103  105  107  109  110  111  112  111  110  109  108  106  104  102  100
   98   97   95   94   92   90   89   87   86   84   82   81   79   78   77   76
   76   75   75   76   76   76   76   76   75   75   74   72   71   70   70   70
   69   69   69   67   68   68   69   64   66                                   
    72.5-180.0 180.0   5.0 450.0                            LAT/LON1/LON2/DLON/H
   60   63   62   67   68   73   77   79   81   83   84   86   87   89   90   92
   95   98  101  105  108  110  112  113  114  113  112  111  109  107  105  103
  101  100   98   97   95   93   92   90   88   86   83   81   79   77   75   74
   73   72   71   71   71   71   70   70   69   67   66   65   63   62   62   61
   61   61   62   60   60   62   63   62   60                                   
    70.0-180.0 180.0   5.0 450.0                            LAT/LON1/LON2/DLON/H
   57   58   59   62   64   68   70   74   76   79   80   81   81   82   84   86
   88   92   96  101  106  110  113  115  116  116  116  114  112  111  109  107
  105  104  102  101   99   98   96   94   92   89   87   85   82   80   77   75
   74   72   71   70   69   68   67   66   64   63   61   60   58   58   57   58
   58   58   59   58   59   59   63   61   57                                   
    67.5-180.0 180.0   5.0 450.0                            LAT/LON1/LON2/DLON/H
   54   56   57   61   63   67   71   74   77   79   80   81   81   81   82   84
   86   90   95  101  106  111  115  118  120  120  119  118  116  114  112  110
  108  107  105  104  102  101   99   97   95   93   91   88   86   83   81   78
   76   74   72   70   69   67   66   64   62   61   59   58   57   56   56   57
   58   58   59   57   57   58   60   57   54                                   
    65.0-180.0 180.0   5.0 450.0                            LAT/LON1/LON2/DLON/H
   52   55   54   59   60   65   68   72   75   78   80   81   81   81   81   82
   85   89   94   99  105  111  116  119  122  122  122  121  119  117  115  113
  112  110  109  107  106  104  103  101  100   98   96   95   92   90   87   85
   82   79   76   74   71   69   66   64   62   60   59   57   56   56   57   58
   59   60   61   59   60   61   62   60   52                                   
    62.5-180.0 180.0   5.0 450.0                            LAT/LON1/LON2/DLON/H
   50   53   52   57   59   64   67   71   75   79   82   84   85   85   84   85
   87   90   94  100  106  111  116  120  122  123  123  122  121  119  117  116
  114  113  112  110  109  107  106  105  104  103  102  100   99   97   94   92
   89   85   82   78   75   72   69   66   64   62   60   59   58   58   58   59
   61   61   62   60   60   60   62   59   50                                   
    60.0-180.0 180.0   5.0 450.0                            LAT/LON1/LON2/DLON/H
   50   52   51   55   57   61   65   69   74   79   83   86   88   89   89   89
   90   93   96  101  106  111  116  119  122  123  124  123  122  121  120  119
  119  118  116  115  114  112  111  110  110  109  109  108  107  105  103  101
   97   94   89   85   81   77   73   70   68   66   64   62   61   60   60   61
   62   62   63   60   60   60   62   59   50                                   
    57.5-180.0 180.0   5.0 450.0                            LAT/LON1/LON2/DLON/H
   50   52   52   55   57   61   64   69   74   79   84   89   92   94   95   95
   96   98  101  104  108  112  116  119  122  124  125  126  126  126  126  126
  126  126  125  123  122  121  120  119  119  119  118  118  117  116  114  112
  109  105  100   95   90   85   81   77   75   72   70   68   67   65   65   65
   65   64   64   61   61   60   62   60   50                                   
    55.0-180.0 180.0   5.0 450.0                            LAT/LON1/LON2/DLON/H
   54   56   55   58   59   63   65   69   74   80   85   91   95   99  101  102
  103  104  106  108  110  113  116  120  123  126  128  130  131  132  134  135
  136  136  135  135  133  132  131  131  130  130  130  129  129  128  126  124
  121  117  112  106  100   94   89   86   83   81   79   77   74   71   70   69
   68   67   66   63   62   61   63   61   54                                   
    52.5-180.0 180.0   5.0 450.0                            LAT/LON1/LON2/DLON/H
   60   62   61   64   63   67   69   72   75   81   86   92   98  102  105  108
  110  111  112  113  114  116  118  122  126  130  133  135  138  140  143  145
  147  148  148  147  146  146  145  144  143  142  142  141  140  139  138  136
  133  129  124  117  110  104   99   95   93   91   89   86   83   79   76   74
   72   71   70   66   65   63   65   64   60                                   
    50.0-180.0 180.0   5.0 450.0                            LAT/LON1/LON2/DLON/H
   68   70   69   71   70   74   75   77   80   84   89   95  100  105  110  113
  116  118  119  119  120  121  123  127  131  136  140  143  146  150  153  156
  159  160  160  160  160  159  159  158  156  155  153  152  151  150  149  147
  145  141  135  128  121  114  109  105  104  102  101   98   93   89   84   81
   79   76   75   71   70   69   71   69   68                                   
    47.5-180.0 180.0   5.0 450.0                            LAT/LON1/LON2/DLON/H
   76   78   77   79   78   82   82   85   87   91   94   99  104  109  114  118
  122  125  127  127  127  128  131  135  140  145  149  153  156  159  163  167
  169  171  172  172  172  173  172  171  169  167  165  163  162  161  159  158
  155  151  145  138  130  123  117  115  114  113  112  109  104   99   94   90
   86   84   82   78   77   76   78   75   76                                   
    45.0-180.0 180.0   5.0 450.0                            LAT/LON1/LON2/DLON/H
   82   85   83   86   85   89   91   94   96   99  102  106  110  114  119  124
  129  133  135  136  137  138  141  145  151  156  160  163  166  169  172  176
  178  180  182  183  184  185  185  184  181  178  176  173  172  171  169  168
  165  160  154  146  137  130  125  123  123  123  123  120  115  109  103   99
   95   92   90   87   86   84   86   82   82                                   
    42.5-180.0 180.0   5.0 450.0                            LAT/LON1/LON2/DLON/H
   85   88   85   88   89   95   98  103  106  110  112  115  118  122  126  131
  136  141  145  147  148  149  152  158  164  169  172  174  176  178  181  184
  187  190  192  194  197  199  199  197  194  190  187  184  183  181  179  176
  173  167  160  152  143  135  131  129  130  131  131  129  125  119  113  108
  104  101   99   95   93   92   92   88   85                                   
    40.0-180.0 180.0   5.0 450.0                            LAT/LON1/LON2/DLON/H
   84   86   83   87   90   97  103  110  116  121  124  126  129  131  135  140
  145  150  155  157  159  161  164  170  176  181  184  186  186  188  191  194
  198  202  205  209  213  216  216  213  208  203  200  197  195  192  189  185
  180  173  165  155  146  138  134  133  135  137  137  135  131  126  121  116
  112  108  106  101   99   97   97   92   84                                   
    37.5-180.0 180.0   5.0 450.0                            LAT/LON1/LON2/DLON/H
   80   82   78   82   87   96  104  115  124  131  135  138  140  142  145  149
  154  160  164  168  170  172  176  181  188  193  196  197  198  200  204  209
  214  220  225  230  235  238  237  232  226  220  215  212  209  205  200  194
  186  178  168  158  148  140  136  135  136  138  139  138  135  131  126  122
  118  114  110  105  102   99   98   93   80                                   
    35.0-180.0 180.0   5.0 450.0                            LAT/LON1/LON2/DLON/H
   76   77   73   77   82   92  103  116  128  137  143  148  150  153  155  159
  164  169  174  178  181  183  186  191  197  203  206  209  211  215  221  229
  237  245  253  259  264  266  263  257  248  240  234  230  226  220  212  203
  193  182  170  159  148  140  136  135  135  137  137  137  135  132  129  125
  121  116  112  107  103   99   97   93   76                                   
    32.5-180.0 180.0   5.0 450.0                            LAT/LON1/LON2/DLON/H
   74   74   70   73   78   88  100  114  128  140  148  154  158  161  164  168
  172  178  184  188  191  193  196  200  206  212  217  222  227  235  245  256
  267  278  288  295  300  300  294  285  274  264  257  252  246  237  226  213
  200  186  173  160  149  141  135  133  133  133  133  132  131  130  128  126
  121  117  113  107  103   98   95   92   74                                   
    30.0-180.0 180.0   5.0 450.0                            LAT/LON1/LON2/DLON/H
   77   76   72   73   78   87   97  110  125  138  148  156  162  167  171  175
  180  186  193  198  201  203  205  208  213  220  227  236  246  258  272  288
  303  317  328  336  338  335  327  315  302  291  283  276  268  257  242  226
  209  192  177  164  152  142  136  132  130  128  126  126  126  126  126  124
  120  117  113  107  103   98   96   92   77                                   
    27.5-180.0 180.0   5.0 450.0                            LAT/LON1/LON2/DLON/H
   86   84   80   80   83   90   98  108  121  134  144  154  163  169  175  181
  187  194  202  209  213  214  215  217  221  229  239  252  267  284  303  323
  341  357  369  376  376  369  358  343  329  318  310  302  292  278  260  239
  219  201  184  169  157  147  139  134  129  125  121  119  120  121  122  122
  119  116  112  107  105  101   98   95   86                                   
    25.0-180.0 180.0   5.0 450.0                            LAT/LON1/LON2/DLON/H
   97   96   93   92   94   98  102  109  119  130  140  150  160  170  178  185
  193  202  212  220  225  227  227  228  232  240  253  270  290  312  334  357
  378  395  406  410  407  397  382  367  354  343  336  327  316  299  278  255
  232  212  194  179  165  155  147  140  133  125  119  115  115  117  119  119
  117  116  113  110  109  106  103  101   97                                   
    22.5-180.0 180.0   5.0 450.0                            LAT/LON1/LON2/DLON/H
  110  109  107  107  108  110  111  113  120  128  137  147  158  169  180  190
  200  212  224  234  241  243  242  242  245  254  269  289  313  338  364  388
  409  425  434  434  427  414  399  384  372  364  358  350  337  318  295  270
  247  225  207  191  178  167  159  151  141  131  122  116  113  114  116  118
  116  116  114  113  114  112  110  108  110                                   
    20.0-180.0 180.0   5.0 450.0                            LAT/LON1/LON2/DLON/H
  119  120  118  121  121  123  121  121  124  131  138  148  160  172  184  197
  210  224  238  250  258  261  260  260  263  272  288  310  336  363  388  411
  430  443  448  445  435  421  406  394  386  381  376  368  355  335  311  285
  261  240  221  206  193  183  174  166  155  143  130  121  116  115  116  117
  116  117  116  116  118  117  115  114  119                                   
    17.5-180.0 180.0   5.0 450.0                            LAT/LON1/LON2/DLON/H
  122  124  122  128  130  132  131  129  132  137  144  153  165  179  193  208
  223  239  255  268  277  281  281  281  284  293  310  332  357  383  406  426
  441  450  451  445  433  419  407  398  394  392  389  381  367  347  323  298
  275  254  236  220  208  199  192  184  173  159  145  132  125  120  119  118
  116  117  116  117  120  120  117  117  122                                   
    15.0-180.0 180.0   5.0 450.0                            LAT/LON1/LON2/DLON/H
  117  119  118  127  130  134  135  136  139  145  153  163  176  191  207  223
  240  257  273  287  296  301  302  303  307  317  333  354  377  399  418  433
  443  448  446  438  426  414  406  402  401  401  398  390  375  355  332  308
  285  265  248  233  221  214  209  203  193  179  163  148  137  129  125  121
  117  117  116  116  118  118  114  115  117                                   
    12.5-180.0 180.0   5.0 450.0                            LAT/LON1/LON2/DLON/H
  105  108  106  116  122  127  133  137  145  154  163  176  191  207  224  242
  259  277  293  306  314  319  322  325  331  341  356  374  394  411  426  436
  441  442  438  430  420  411  407  407  409  409  405  394  378  357  335  312
  291  271  254  239  229  224  222  219  212  199  182  166  152  141  133  126
  119  117  114  113  114  113  108  108  105                                   
    10.0-180.0 180.0   5.0 450.0                            LAT/LON1/LON2/DLON/H
   91   93   90  100  107  114  125  134  146  159  173  189  206  224  242  261
  279  296  311  322  330  335  340  346  353  364  378  394  409  422  431  437
  439  437  433  426  419  415  414  415  417  415  408  394  375  354  331  309
  289  270  253  239  230  227  228  229  225  214  198  181  166  152  141  131
  121  117  111  109  108  105   99   99   91                                   
     7.5-180.0 180.0   5.0 450.0                            LAT/LON1/LON2/DLON/H
   79   79   76   85   92   99  114  127  144  162  180  199  218  238  258  278
  296  313  327  336  342  348  354  363  373  386  399  412  424  432  438  440
