data/edconvlstm_nd/pred0460.15i
     1.0            IONOSPHERE MAPS     GNSS                IONEX VERSION / TYPE
pyspatialgeodesy        IME             05-JAN-18 20:20     PGM / RUN BY / DATE 
Map Name                                                    COMMENT             
Predicted global ionosphere maps (GIM).                     DESCRIPTION         
  2015     2    15     0     0     0                        EPOCH OF FIRST MAP  
  2015     2    16     0     0     0                        EPOCH OF LAST MAP   
  7200                                                      INTERVAL            
    13                                                      # OF MAPS IN FILE   
  NONE                                                      MAPPING FUNCTION    
10.0                                                        ELEVATION CUTOFF    
One-way carrier phase leveled to code                       OBSERVABLES USED    
  6371.0                                                    BASE RADIUS         
 2                                                          MAP DIMENSION       
   450.0 450.0   0.0                                        HGT1 / HGT2 / DHGT  
    87.5 -87.5  -2.5                                        LAT1 / LAT2 / DLAT  
  -180.0 180.0   5.0                                        LON1 / LON2 / DLON  
    -1                                                      EXPONENT            
                                                            END OF HEADER       
[from data line 5148]
    13                                                      START OF TEC MAP    
  2015     2    16     0     0     0                        EPOCH OF CURRENT MAP
    87.5-180.0 180.0   5.0 450.0                            LAT/LON1/LON2/DLON/H
  120  122  129  117  112  113  110  107  107  105  104  104  103  102  100   99
   98   97   97   96   96   95   95   95   95   96   96   97   98   99  100  101
  102  103  104  105  106  106  107  108  109  110  111  113  114  115  115  116
  117  118  118  119  119  119  119  118  118  117  116  116  115  114  113  113
  113  113  113  113  110  112  125  145  120                                   
    85.0-180.0 180.0   5.0 450.0                            LAT/LON1/LON2/DLON/H
  123  120  108  111  110  112  109  107  107  105  104  103  101  100   99   97
   96   94   93   92   91   90   89   88   88   88   88   88   88   89   90   91
   92   93   94   95   97   98  100  102  103  105  107  109  111  113  114  116
  118  119  120  121  121  122  122  122  121  121  120  119  118  117  117  116
  116  116  117  119  113  121  134  149  123                                   
    82.5-180.0 180.0   5.0 450.0                            LAT/LON1/LON2/DLON/H
  122  114  121  119  116  118  114  113  115  113  112  111  110  108  106  104
  102   99   97   94   92   89   87   85   84   83   82   81   81   81   82   83
   84   85   87   88   90   92   95   97   99  102  105  107  110  113  115  118
  120  122  124  126  127  128  129  129  130  130  129  129  129  128  128  128
  127  126  126  125  123  117  129  142  122                                   
    80.0-180.0 180.0   5.0 450.0                            LAT/LON1/LON2/DLON/H
  135  123  122  122  121  122  123  124  125  123  122  122  120  118  115  111
  107  103   98   93   89   84   80   77   74   71   70   69   68   68   69   70
   71   73   75   77   79   81   84   86   89   92   94   97  100  103  105  108
  111  113  116  118  120  122  124  125  126  127  128  128  129  129  129  130
  129  127  129  127  134  128  142  159  135                                   
    77.5-180.0 180.0   5.0 450.0                            LAT/LON1/LON2/DLON/H
  154  136  134  141  136  136  139  142  144  142  142  141  138  135  130  125
  118  111  104   97   90   83   78   73   69   66   65   64   63   64   65   66
   68   70   72   74   76   78   80   82   85   87   89   91   93   95   97   99
  101  103  105  107  109  112  114  116  118  120  121  123  125  126  128  131
  131  133  135  135  141  144  154  179  154                                   
    75.0-180.0 180.0   5.0 450.0                            LAT/LON1/LON2/DLON/H
  179  163  160  166  161  161  161  164  167  165  164  162  158  153  146  137
  128  118  108   99   90   83   76   71   67   64   63   62   62   63   65   66
   68   69   71   72   74   75   77   78   80   81   82   82   83   84   85   85
   87   88   90   91   94   96   98  100  103  106  109  112  115  119  124  128
  131  136  141  141  149  162  171  196  179                                   
    72.5-180.0 180.0   5.0 450.0                            LAT/LON1/LON2/DLON/H
  200  196  194  196  191  191  191  193  196  194  191  189  183  176  166  154
  141  128  116  104   94   85   78   73   69   67   65   65   66   67   68   69
   70   71   71   72   72   73   73   73   74   74   74   74   74   73   73   72
   72   73   74   75   77   79   81   83   86   90   94   99  104  111  118  126
  132  140  151  156  167  179  191  215  200                                   
    70.0-180.0 180.0   5.0 450.0                            LAT/LON1/LON2/DLON/H
  229  229  225  227  222  222  219  220  222  219  216  212  205  195  182  167
  151  135  120  107   97   88   81   77   74   72   71   71   72   72   72   73
   73   72   72   71   70   70   70   70   70   70   70   69   68   67   66   65
   64   64   64   65   66   68   70   72   76   80   85   92  100  109  119  130
  139  150  163  172  187  203  214  235  229                                   
    67.5-180.0 180.0   5.0 450.0                            LAT/LON1/LON2/DLON/H
  251  257  252  252  249  248  243  242  243  240  237  232  224  211  195  177
  159  140  124  111  100   92   86   82   79   77   76   75   75   74   72   71
   69   67   65   63   61   60   60   60   61   61   62   61   60   59   57   55
   54   54   54   55   56   57   59   62   66   71   78   86   96  107  120  133
  145  157  173  183  202  219  231  254  251                                   
    65.0-180.0 180.0   5.0 450.0                            LAT/LON1/LON2/DLON/H
  264  271  267  267  265  263  257  256  257  255  252  247  238  225  208  188
  168  149  132  119  109  101   96   92   89   86   84   81   79   75   72   68
   64   60   56   53   51   49   49   50   52   54   55   56   55   53   51   49
   48   48   48   49   51   52   54   56   61   67   75   85   97  110  124  139
  152  165  181  192  211  228  243  267  264                                   
    62.5-180.0 180.0   5.0 450.0                            LAT/LON1/LON2/DLON/H
  268  276  275  275  274  271  264  263  264  263  261  258  250  237  220  200
  180  162  146  134  124  117  111  106  102   97   93   88   83   78   72   66
   60   54   49   45   42   41   41   43   46   49   52   54   54   52   49   47
   46   45   47   48   50   52   54   57   62   70   79   91  104  118  133  148
  161  173  189  199  215  231  247  273  268                                   
    60.0-180.0 180.0   5.0 450.0                            LAT/LON1/LON2/DLON/H
  266  276  278  277  276  272  265  264  265  265  264  263  257  246  231  213
  195  178  164  152  143  135  128  121  114  107  101   94   87   80   73   65
   58   51   45   41   38   37   37   40   45   50   54   57   57   54   51   48
   47   47   49   52   54   57   59   64   70   78   89  101  116  130  146  160
  172  183  197  206  219  232  248  275  266                                   
    57.5-180.0 180.0   5.0 450.0                            LAT/LON1/LON2/DLON/H
  267  279  282  281  281  276  268  267  267  266  266  265  261  253  241  226
  211  197  184  173  162  153  143  133  124  115  107   99   92   84   76   68
   60   53   47   43   40   39   40   44   49   55   61   64   64   61   57   53
   52   52   55   59   62   65   69   74   80   90  102  116  131  146  161  175
  186  196  210  219  229  237  251  278  267                                   
    55.0-180.0 180.0   5.0 450.0                            LAT/LON1/LON2/DLON/H
  276  289  292  292  293  288  280  277  275  272  270  269  265  259  250  239
  227  214  202  191  179  167  155  143  132  122  114  106   99   92   84   76
   68   61   56   52   50   50   51   54   60   66   72   75   75   71   66   62
   61   62   65   69   73   77   80   85   93  103  116  131  146  161  176  190
  202  213  227  236  245  250  259  285  276                                   
    52.5-180.0 180.0   5.0 450.0                            LAT/LON1/LON2/DLON/H
  295  310  311  312  316  312  303  298  293  286  281  277  272  266  259  250
  240  229  217  204  190  177  164  151  139  130  122  116  110  104   96   88
   81   75   71   69   68   67   68   71   75   81   86   89   88   84   78   74
   73   74   78   83   86   89   91   96  103  113  126  141  156  172  187  202
  216  229  245  255  265  269  275  298  295                                   
    50.0-180.0 180.0   5.0 450.0                            LAT/LON1/LON2/DLON/H
  321  339  339  341  348  345  337  329  320  309  299  291  284  277  269  261
  251  239  226  211  197  183  170  159  148  140  134  129  124  118  110  102
   95   91   89   89   89   89   89   90   93   97  101  104  102   98   93   89
   88   90   94   98  100  100  101  104  111  120  133  147  162  177  193  210
  226  243  261  274  287  293  298  316  321                                   
    47.5-180.0 180.0   5.0 450.0                            LAT/LON1/LON2/DLON/H
  348  372  371  376  385  385  379  368  355  339  323  310  299  290  281  272
  261  247  231  215  201  189  178  169  161  155  149  145  139  131  122  112
  105  102  102  105  108  109  109  108  108  111  114  116  116  112  108  105
  104  107  110  112  112  110  109  111  116  125  136  150  164  178  195  213
  231  252  273  288  306  317  323  336  348                                   
    45.0-180.0 180.0   5.0 450.0                            LAT/LON1/LON2/DLON/H
  370  399  401  409  420  422  419  409  394  373  352  334  319  307  296  284
  270  253  235  219  207  198  191  185  179  173  166  159  150  138  125  114
  106  105  109  115  121  123  122  120  119  120  124  126  126  124  121  119
  119  121  123  124  122  118  116  116  121  129  140  152  165  179  195  214
  234  256  280  298  320  335  344  353  370                                   
    42.5-180.0 180.0   5.0 450.0                            LAT/LON1/LON2/DLON/H
  380  413  419  429  441  447  448  441  426  404  381  359  340  325  312  298
  281  261  243  229  220  215  212  208  201  191  180  167  152  136  119  106
  100  101  108  118  126  130  130  127  125  126  129  132  133  132  130  129
  130  132  133  132  128  124  121  122  127  136  146  158  171  184  199  217
  237  259  283  303  326  343  355  362  380                                   
    40.0-180.0 180.0   5.0 450.0                            LAT/LON1/LON2/DLON/H
  379  412  419  431  442  450  453  451  442  423  401  380  361  345  330  314
  295  276  258  247  242  240  239  233  221  205  186  167  146  126  109   97
   93   96  107  119  129  134  133  131  129  129  132  135  136  136  135  134
  135  136  136  134  130  126  125  127  134  144  156  168  180  193  208  225
  243  263  286  305  325  342  357  364  379                                   
    37.5-180.0 180.0   5.0 450.0                            LAT/LON1/LON2/DLON/H
  371  401  407  415  426  433  437  440  437  424  408  391  376  361  348  332
  314  296  282  274  272  271  266  254  234  210  184  160  138  119  104   96
   94  101  113  126  135  139  138  135  132  132  134  136  137  137  136  134
  133  132  131  128  125  123  124  130  140  152  165  178  191  205  220  237
  253  270  290  307  323  338  354  363  371                                   
    35.0-180.0 180.0   5.0 450.0                            LAT/LON1/LON2/DLON/H
  365  389  392  392  400  403  406  411  415  411  403  393  383  373  363  350
  335  321  310  306  304  299  287  266  237  206  177  154  136  123  115  111
  113  121  133  143  149  150  147  143  139  137  137  138  137  136  133  129
  125  122  119  117  115  115  120  129  141  157  172  187  202  218  236  254
  269  284  301  314  326  339  355  366  365                                   
    32.5-180.0 180.0   5.0 450.0                            LAT/LON1/LON2/DLON/H
  372  391  389  380  380  377  375  380  388  390  389  387  383  379  373  365
  355  345  338  334  329  317  295  264  230  198  174  158  150  146  146  148
  153  161  169  174  174  170  162  155  149  145  143  141  138  134  129  122
  116  110  106  103  103  106  114  126  142  159  177  194  212  232  254  276
  292  306  321  331  342  354  367  380  372                                   
    30.0-180.0 180.0   5.0 450.0                            LAT/LON1/LON2/DLON/H
  400  418  412  394  386  375  366  366  373  377  379  380  381  380  378  374
  368  363  358  352  340  319  288  253  221  196  183  180  184  193  201  209
  215  220  221  217  207  194  181  170  161  155  149  144  139  133  125  117
  108  101   96   94   96  102  113  127  144  164  183  202  224  248  275  302
  322  338  352  359  372  384  393  406  400                                   
    27.5-180.0 180.0   5.0 450.0                            LAT/LON1/LON2/DLON/H
  453  472  464  441  428  413  396  389  388  387  386  385  384  383  381  378
  375  371  365  354  334  305  272  241  219  208  210  222  240  259  275  286
  291  290  281  265  243  220  200  184  173  164  156  148  141  134  125  115
  105   98   94   94   98  106  118  133  152  172  193  214  239  267  298  329
  355  374  389  394  413  430  436  448  453                                   
    25.0-180.0 180.0   5.0 450.0                            LAT/LON1/LON2/DLON/H
  527  551  545  522  507  487  463  446  435  425  417  408  401  394  387  381
  375  369  359  341  315  284  257  238  232  239  257  284  313  339  359  369
  370  359  337  307  272  239  212  194  180  170  161  152  145  137  128  119
  110  104  101  101  105  114  126  141  161  183  206  230  257  287  322  356
  385  407  423  429  457  485  494  506  527                                   
    22.5-180.0 180.0   5.0 450.0                            LAT/LON1/LON2/DLON/H
  614  646  649  632  614  591  559  529  505  485  466  449  432  417  402  389
  376  364  347  324  297  272  256  255  267  291  324  360  394  421  437  441
  431  407  372  330  286  246  217  197  184  174  164  156  150  144  137  128
  120  114  111  111  113  119  130  146  168  194  221  249  278  310  346  382
  413  437  453  463  499  538  561  577  614                                   
    20.0-180.0 180.0   5.0 450.0                            LAT/LON1/LON2/DLON/H
  705  741  754  748  731  708  671  630  594  560  530  502  476  451  427  404
  384  364  342  317  294  279  279  295  325  362  401  438  468  486  491  481
  458  423  379  331  283  243  214  197  186  177  169  163  158  153  148  140
  133  126  121  119  119  122  130  147  172  202  235  267  300  334  370  407
  440  465  483  498  538  585  625  649  705                                   
    17.5-180.0 180.0   5.0 450.0                            LAT/LON1/LON2/DLON/H
  783  820  839  846  835  817  781  735  689  645  604  565  529  494  461  430
  402  377  352  329  313  311  327  360  401  443  478  504  518  519  506  482
  448  406  359  310  265  230  207  194  187  181  175  170  166  164  160  153
  145  138  132  127  123  123  130  147  174  209  247  284  319  355  393  430
  463  490  510  531  571  619  674  703  783                                   
    15.0-180.0 180.0   5.0 450.0                            LAT/LON1/LON2/DLON/H
  819  854  885  908  909  900  870  825  775  725  677  631  587  545  504  466
  433  405  381  362  356  368  399  442  485  519  538  542  532  511  480  443
  401  356  312  270  236  212  198  191  188  185  180  177  175  174  170  164
  157  149  141  134  127  125  130  147  176  215  256  296  334  372  412  450
  484  511  534  558  595  639  698  729  819                                   
    12.5-180.0 180.0   5.0 450.0                            LAT/LON1/LON2/DLON/H
  805  839  886  926  941  944  924  886  839  789  739  691  644  598  553  511
  475  447  426  415  420  444  483  527  562  577  570  545  506  461  415  369
  325  284  251  225  207  195  192  192  193  191  187  184  183  182  178  172
  164  156  148  139  130  126  132  150  181  222  265  306  345  385  426  466
  501  528  553  580  610  648  703  730  805                                   
    10.0-180.0 180.0   5.0 450.0                            LAT/LON1/LON2/DLON/H
  768  803  861  913  936  948  937  909  871  827  782  738  695  650  604  562
  527  501  485  482  496  527  568  603  619  607  567  508  442  379  325  280
  244  218  202  193  190  191  196  201  204  202  197  193  190  187  183  175
  167  159  151  142  134  131  139  159  192  232  275  315  355  395  437  478
  513  540  567  593  619  650  696  717  768                                   
     7.5-180.0 180.0   5.0 450.0                            LAT/LON1/LON2/DLON/H
  729  767  827  878  904  920  917  899  872  839  804  770  734  696  655  617
  585  563  552  556  576  608  640  658  647  601  526  436  352  286  239  209
