data/edconvlstm_nd/pred1230.15i
     1.0            IONOSPHERE MAPS     GNSS                IONEX VERSION / TYPE
pyspatialgeodesy        IME             05-JAN-18 20:20     PGM / RUN BY / DATE 
Map Name                                                    COMMENT             
Predicted global ionosphere maps (GIM).                     DESCRIPTION         
  2015     5     3     0     0     0                        EPOCH OF FIRST MAP  
  2015     5     4     0     0     0                        EPOCH OF LAST MAP   
  7200                                                      INTERVAL            
    13                                                      # OF MAPS IN FILE   
  NONE                                                      MAPPING FUNCTION    
10.0                                                        ELEVATION CUTOFF    
One-way carrier phase leveled to code                       OBSERVABLES USED    
  6371.0                                                    BASE RADIUS         
 2                                                          MAP DIMENSION       
   450.0 450.0   0.0                                        HGT1 / HGT2 / DHGT  
    87.5 -87.5  -2.5                                        LAT1 / LAT2 / DLAT  
  -180.0 180.0   5.0                                        LON1 / LON2 / DLON  
    -1                                                      EXPONENT            
                                                            END OF HEADER       
[from data line 2145]
     6                                                      START OF TEC MAP    
  2015     5     3    10     0     0                        EPOCH OF CURRENT MAP
    87.5-180.0 180.0   5.0 450.0                            LAT/LON1/LON2/DLON/H
  143  136  132  139  143  145  145  146  149  153  155  157  159  161  163  164
  166  167  168  169  170  171  171  171  172  172  172  171  171  171  170  169
  168  167  166  165  164  162  161  159  158  156  155  153  152  150  149  147
  146  144  143  141  139  138  136  134  133  131  130  128  127  126  125  124
  123  125  124  123  129  128  136  140  143                                   
    85.0-180.0 180.0   5.0 450.0                            LAT/LON1/LON2/DLON/H
  128  126  133  134  137  142  145  148  152  156  158  162  164  167  169  171
  173  175  177  178  179  180  181  182  182  182  183  183  183  183  182  182
  181  180  179  177  176  174  172  170  168  166  164  163  161  159  157  156
  154  152  150  148  146  144  141  139  137  135  133  131  129  127  125  124
  124  125  120  120  118  120  126  132  128                                   
    82.5-180.0 180.0   5.0 450.0                            LAT/LON1/LON2/DLON/H
  112  118  119  120  123  129  134  138  143  148  151  155  159  162  165  168
  170  172  174  176  178  179  180  181  182  183  184  185  186  186  187  187
  187  187  186  185  183  182  180  178  176  173  171  170  168  166  164  163
  161  159  156  154  151  148  145  142  139  136  132  129  126  123  120  117
  115  114  109  109  109  114  114  112  112                                   
    80.0-180.0 180.0   5.0 450.0                            LAT/LON1/LON2/DLON/H
  109  110  111  115  118  122  128  134  140  145  149  154  158  161  164  167
  169  171  173  175  176  177  177  178  179  180  181  182  184  185  187  188
  189  189  189  189  188  187  186  184  183  181  180  179  178  178  177  177
  176  174  173  171  168  165  162  159  155  151  147  143  139  134  130  126
  122  118  112  110  107  109  114  107  109                                   
    77.5-180.0 180.0   5.0 450.0                            LAT/LON1/LON2/DLON/H
  114  109  110  114  116  120  125  131  137  141  145  150  154  157  160  162
  165  166  168  169  170  170  170  171  171  172  174  176  179  182  185  188
  192  194  196  198  198  198  198  198  197  197  197  198  199  201  202  203
  204  204  203  202  200  197  194  191  187  182  178  173  167  162  156  150
  143  137  127  124  120  114  116  114  114                                   
    75.0-180.0 180.0   5.0 450.0                            LAT/LON1/LON2/DLON/H
  117  113  108  112  114  118  122  126  131  136  139  142  145  148  151  153
  155  156  157  158  158  158  158  158  158  159  161  164  167  172  178  183
  189  194  198  201  203  205  205  206  207  209  211  214  217  221  224  227
  230  231  231  231  229  227  224  221  217  213  209  204  199  193  186  180
  171  163  151  141  134  127  126  118  117                                   
    72.5-180.0 180.0   5.0 450.0                            LAT/LON1/LON2/DLON/H
  122  117  111  113  115  117  120  123  127  130  132  134  136  138  140  142
  144  145  146  147  148  147  147  147  147  147  149  153  158  164  172  180
  188  195  202  207  211  214  216  217  220  223  227  232  237  243  248  252
  256  258  258  257  255  253  250  246  243  239  236  232  228  223  216  210
  201  191  179  167  154  145  140  134  122                                   
    70.0-180.0 180.0   5.0 450.0                            LAT/LON1/LON2/DLON/H
  130  121  115  114  113  113  115  116  119  120  121  122  123  124  126  127
  129  131  133  134  135  135  135  134  134  135  137  141  147  155  164  175
  185  195  203  210  215  219  222  224  228  232  237  244  251  257  263  268
  271  273  272  270  267  263  259  255  252  249  246  244  241  238  234  229
  221  212  199  186  171  160  156  148  130                                   
    67.5-180.0 180.0   5.0 450.0                            LAT/LON1/LON2/DLON/H
  133  125  119  116  114  112  112  112  113  113  113  113  114  114  115  116
  118  121  123  125  127  127  128  127  127  128  130  135  141  150  161  173
  185  196  206  214  220  224  228  231  235  239  246  253  261  268  274  278
  280  279  276  272  266  261  256  251  247  245  243  242  242  241  239  236
  231  223  211  198  183  172  165  159  133                                   
    65.0-180.0 180.0   5.0 450.0                            LAT/LON1/LON2/DLON/H
  138  130  123  118  112  109  107  105  105  104  104  104  104  104  105  106
  108  111  114  116  119  120  121  122  123  124  127  131  139  148  160  173
  187  199  210  219  226  231  234  238  242  247  254  262  269  276  280  283
  282  279  273  266  259  251  244  239  235  232  231  232  232  233  234  233
  230  225  216  205  192  182  175  169  138                                   
    62.5-180.0 180.0   5.0 450.0                            LAT/LON1/LON2/DLON/H
  143  136  127  120  112  106  101   98   97   96   96   96   96   96   97   98
  100  103  106  109  112  114  116  118  120  122  125  130  138  148  161  174
  188  202  214  223  231  236  240  245  249  255  262  269  276  281  284  284
  281  275  267  258  248  239  231  225  221  218  217  218  219  221  223  224
  224  221  214  205  195  187  180  175  143                                   
    60.0-180.0 180.0   5.0 450.0                            LAT/LON1/LON2/DLON/H
  150  143  134  123  112  103   96   91   89   88   88   89   89   89   90   91
   92   95   97  100  103  106  109  112  115  119  123  129  137  148  160  174
  189  203  215  226  235  241  247  252  257  263  269  276  282  286  287  285
  280  272  263  252  242  233  225  219  214  211  210  210  211  213  215  217
  217  216  211  205  197  191  185  179  150                                   
    57.5-180.0 180.0   5.0 450.0                            LAT/LON1/LON2/DLON/H
  162  155  144  131  116  104   94   87   83   82   81   82   83   83   84   84
   86   88   90   92   95   98  102  106  111  116  121  127  136  147  159  174
  189  203  217  229  239  247  255  261  267  273  279  285  290  293  292  289
  283  275  265  255  245  237  229  224  219  216  214  213  213  214  215  217
  217  216  212  207  201  196  191  184  162                                   
    55.0-180.0 180.0   5.0 450.0                            LAT/LON1/LON2/DLON/H
  177  170  160  143  126  110   98   87   81   78   77   78   78   78   79   80
   81   83   84   86   88   91   95  101  107  112  119  125  134  145  158  172
  187  203  217  231  243  254  263  271  278  285  291  296  300  302  301  297
  291  283  274  266  258  251  245  239  235  232  229  228  227  226  226  226
  225  223  219  214  209  205  199  191  177                                   
    52.5-180.0 180.0   5.0 450.0                            LAT/LON1/LON2/DLON/H
  195  188  179  160  142  123  108   94   85   80   78   77   76   75   76   77
   79   80   82   82   84   86   91   97  104  111  117  124  132  143  155  170
  186  202  218  233  248  262  273  283  291  298  303  308  311  312  311  308
  303  296  290  283  277  271  266  262  258  255  252  250  248  246  244  243
  240  237  232  226  220  215  209  200  195                                   
    50.0-180.0 180.0   5.0 450.0                            LAT/LON1/LON2/DLON/H
  212  206  198  180  162  142  124  107   96   88   83   80   78   76   76   77
   80   82   83   84   85   87   92   98  105  112  118  124  132  142  154  168
  184  201  219  237  255  271  285  296  305  311  317  321  324  325  323  321
  317  312  307  303  298  293  289  284  280  277  274  272  270  268  266  263
  258  253  246  239  232  226  219  210  212                                   
    47.5-180.0 180.0   5.0 450.0                            LAT/LON1/LON2/DLON/H
  224  218  212  198  181  162  144  125  112  102   95   89   84   81   79   81
   84   88   90   90   91   93   97  104  111  117  122  127  133  142  154  168
  184  202  221  242  262  282  298  310  319  326  330  334  336  337  336  334
  331  328  324  320  316  311  305  300  295  291  288  286  285  284  282  279
  273  267  258  249  240  233  225  217  224                                   
    45.0-180.0 180.0   5.0 450.0                            LAT/LON1/LON2/DLON/H
  225  221  218  208  195  180  163  145  131  119  110  103   95   90   87   89
   93   97  100  101  101  103  107  113  120  126  129  132  136  144  155  169
  186  204  225  248  271  294  312  326  335  341  345  348  350  350  350  348
  345  342  339  334  329  322  314  306  299  294  290  289  290  290  290  288
  282  275  264  253  242  233  225  218  225                                   
    42.5-180.0 180.0   5.0 450.0                            LAT/LON1/LON2/DLON/H
  215  213  213  208  200  189  176  161  149  138  129  120  110  103   99  100
  103  108  112  113  113  115  119  126  132  136  138  139  141  147  158  172
  189  208  231  256  282  306  327  342  351  357  361  364  366  366  365  364
  361  358  354  348  340  330  319  308  297  289  285  284  285  288  289  288
  283  275  263  250  237  226  218  211  215                                   
    40.0-180.0 180.0   5.0 450.0                            LAT/LON1/LON2/DLON/H
  196  195  196  196  193  188  181  171  162  154  146  137  128  119  113  113
  116  120  123  125  125  126  131  137  143  147  148  147  148  153  162  176
  193  214  238  265  293  320  343  359  369  375  380  383  385  386  386  384
  382  379  374  367  357  344  329  313  299  287  281  279  280  284  287  286
  281  272  258  243  228  215  207  198  196                                   
    37.5-180.0 180.0   5.0 450.0                            LAT/LON1/LON2/DLON/H
  175  173  174  175  177  175  174  171  167  164  160  153  144  135  129  126
  128  131  133  134  134  135  139  145  152  156  156  155  155  159  168  182
  200  221  246  275  306  335  359  377  388  396  402  406  410  412  413  413
  412  410  405  398  387  372  353  334  315  300  289  285  285  288  291  290
  284  274  257  239  222  205  196  185  175                                   
    35.0-180.0 180.0   5.0 450.0                            LAT/LON1/LON2/DLON/H
  160  154  152  152  155  156  160  162  164  167  167  165  158  150  143  139
  139  140  141  140  139  139  143  150  157  161  163  162  162  167  176  190
  208  230  256  287  320  351  376  396  409  419  427  435  440  445  449  451
  453  454  452  446  436  420  400  377  354  335  320  312  309  310  311  308
  300  287  267  245  225  204  193  179  160                                   
    32.5-180.0 180.0   5.0 450.0                            LAT/LON1/LON2/DLON/H
  156  146  139  135  137  138  144  149  156  162  168  170  167  162  155  150
  148  147  146  144  141  141  144  150  158  164  167  168  170  176  186  201
  219  242  269  300  334  366  393  414  430  443  455  466  476  485  493  500
  507  512  514  513  505  491  471  446  420  397  378  365  358  354  352  346
  335  318  295  269  245  218  204  185  156                                   
    30.0-180.0 180.0   5.0 450.0                            LAT/LON1/LON2/DLON/H
  170  154  140  131  129  128  133  139  146  155  163  169  171  168  163  158
  154  152  149  146  142  141  143  149  157  165  170  174  178  186  198  214
  234  257  284  315  349  381  408  431  449  466  483  499  515  529  543  556
  569  580  589  593  591  581  563  539  511  484  462  444  432  423  415  404
  388  368  340  309  282  250  231  208  170                                   
    27.5-180.0 180.0   5.0 450.0                            LAT/LON1/LON2/DLON/H
  201  180  158  144  137  132  134  137  143  150  158  165  169  169  166  161
  157  154  152  148  144  141  142  148  156  165  173  179  187  198  213  231
  252  275  301  331  363  394  421  444  465  486  508  530  551  572  592  612
  632  650  666  677  682  677  663  641  614  586  562  541  523  507  493  476
  455  430  399  364  333  297  271  246  201                                   
    25.0-180.0 180.0   5.0 450.0                            LAT/LON1/LON2/DLON/H
  247  222  194  174  162  153  150  148  149  151  156  162  166  167  165  161
  158  156  153  150  146  142  142  147  155  165  175  185  197  211  229  249
  271  294  319  347  376  404  429  453  476  500  526  553  581  607  633  659
  684  709  730  747  757  758  749  730  706  680  655  633  611  590  569  546
  520  493  460  421  387  349  320  294  247                                   
    22.5-180.0 180.0   5.0 450.0                            LAT/LON1/LON2/DLON/H
  299  274  243  220  201  188  179  172  166  162  161  162  164  165  163  160
  158  156  155  152  148  144  143  146  154  165  177  190  206  224  245  267
  289  311  335  361  387  412  435  458  482  509  538  569  600  631  661  689
  716  742  765  785  798  803  798  785  765  743  720  698  675  651  626  599
  570  542  509  470  434  397  369  345  299                                   
    20.0-180.0 180.0   5.0 450.0                            LAT/LON1/LON2/DLON/H
  348  325  295  271  247  232  218  205  192  180  172  168  166  164  161  158
  156  156  156  153  149  145  143  146  153  164  178  194  213  234  257  281
  304  327  350  373  397  419  440  462  486  514  545  578  610  642  671  697
  722  744  765  783  796  804  804  797  783  766  748  727  705  679  652  623
  592  565  536  499  466  432  410  389  348                                   
    17.5-180.0 180.0   5.0 450.0                            LAT/LON1/LON2/DLON/H
  384  365  339  318  291  275  258  242  222  204  189  178  171  166  161  158
  156  156  155  153  148  144  142  144  151  163  177  195  217  241  267  293
  317  340  363  385  407  428  448  469  492  519  549  581  612  641  665  686
  703  718  732  746  758  768  773  772  766  756  742  725  703  677  649  618
  587  562  537  506  477  449  435  419  384                                   
    15.0-180.0 180.0   5.0 450.0                            LAT/LON1/LON2/DLON/H
  400  387  368  350  323  308  291  274  252  229  208  193  181  172  165  159
  156  155  153  150  144  140  138  140  147  159  175  195  220  247  276  303
  328  352  374  396  418  438  458  478  501  526  554  582  609  633  650  662
  669  675  681  690  700  711  720  726  727  723  715  701  681  655  625  592
  560  537  517  492  470  448  442  431  400                                   
    12.5-180.0 180.0   5.0 450.0                            LAT/LON1/LON2/DLON/H
  401  392  380  364  339  325  310  295  273  250  227  208  193  181  171  163
  158  155  150  144  137  132  130  134  141  154  172  195  223  254  284  312
  338  361  384  406  428  449  470  490  512  535  560  584  605  622  631  633
  631  628  628  632  641  653  666  677  684  685  681  670  651  623  590  554
  521  498  482  464  449  435  435  428  401                                   
    10.0-180.0 180.0   5.0 450.0                            LAT/LON1/LON2/DLON/H
  393  389  381  363  341  328  315  302  284  263  241  222  206  192  179  169
  161  154  147  138  128  122  121  125  134  150  171  199  230  261  292  320
  345  368  390  413  436  459  480  502  523  544  565  585  602  612  615  610
  602  594  590  591  599  612  627  642  653  658  656  645  624  594  557  517
  482  459  445  433  424  416  420  415  393                                   
     7.5-180.0 180.0   5.0 450.0                            LAT/LON1/LON2/DLON/H
  384  385  376  356  335  320  308  297  282  266  248  231  216  201  187  174
  164  154  143  130  119  112  111  116  129  149  175  205  237  269  298  325
