data/edconvlstm_nd/pred2350.15i
     1.0            IONOSPHERE MAPS     GNSS                IONEX VERSION / TYPE
pyspatialgeodesy        IME             05-JAN-18 20:20     PGM / RUN BY / DATE 
Map Name                                                    COMMENT             
Predicted global ionosphere maps (GIM).                     DESCRIPTION         
  2015     8    23     0     0     0                        EPOCH OF FIRST MAP  
  2015     8    24     0     0     0                        EPOCH OF LAST MAP   
  7200                                                      INTERVAL            
    13                                                      # OF MAPS IN FILE   
  NONE                                                      MAPPING FUNCTION    
10.0                                                        ELEVATION CUTOFF    
One-way carrier phase leveled to code                       OBSERVABLES USED    
  6371.0                                                    BASE RADIUS         
 2                                                          MAP DIMENSION       
   450.0 450.0   0.0                                        HGT1 / HGT2 / DHGT  
    87.5 -87.5  -2.5                                        LAT1 / LAT2 / DLAT  
  -180.0 180.0   5.0                                        LON1 / LON2 / DLON  
    -1                                                      EXPONENT            
                                                            END OF HEADER       
[from data line 858]
     3                                                      START OF TEC MAP    
  2015     8    23     4     0     0                        EPOCH OF CURRENT MAP
    87.5-180.0 180.0   5.0 450.0                            LAT/LON1/LON2/DLON/H
  107  111  110  114  113  111  109  106  107  107  107  107  107  107  106  106
  105  104  103  102  101  100   99   98   96   95   94   93   92   91   90   89
   89   88   88   88   88   88   88   88   88   89   90   90   91   92   92   93
   94   95   95   96   97   97   98   98   98   98   99   99   99   99   99   99
  101  102  101  102  107  112  115  107  107                                   
    85.0-180.0 180.0   5.0 450.0                            LAT/LON1/LON2/DLON/H
  106  120  111  116  119  118  118  117  117  117  117  117  117  116  116  115
  114  113  112  110  109  107  106  104  102  101   99   97   96   95   94   93
   92   91   91   91   91   91   92   92   93   94   94   96   97   98   99  100
  102  103  104  105  106  107  108  108  109  109  109  109  109  109  109  110
  111  113  110  112  111  114  118  110  106                                   
    82.5-180.0 180.0   5.0 450.0                            LAT/LON1/LON2/DLON/H
  115  118  125  119  118  121  121  121  122  122  121  121  121  120  120  119
  118  116  115  113  111  109  107  104  102   99   97   95   93   91   90   89
   88   87   87   87   87   87   88   89   90   91   93   95   96   98  100  102
  104  106  108  110  111  112  114  114  115  115  116  116  115  115  115  115
  115  115  112  113  119  112  110  105  115                                   
    80.0-180.0 180.0   5.0 450.0                            LAT/LON1/LON2/DLON/H
  120  120  116  114  115  117  119  120  120  121  119  120  119  118  118  117
  115  114  112  110  108  105  102   99   95   92   89   87   84   82   81   79
   79   78   78   78   78   79   80   81   83   85   87   90   92   95   98  101
  104  107  110  112  114  116  117  118  119  119  119  119  118  117  116  116
  115  113  112  113  120  117  118  107  120                                   
    77.5-180.0 180.0   5.0 450.0                            LAT/LON1/LON2/DLON/H
  118  117  113  113  110  115  119  120  121  120  118  118  117  116  115  114
  113  112  110  108  106  103   99   95   91   87   84   81   78   76   74   73
   73   72   72   73   73   74   75   77   79   82   85   89   93   97  101  105
  109  113  116  119  122  124  125  126  127  127  127  126  125  123  121  120
  118  116  112  114  117  110  109  106  118                                   
    75.0-180.0 180.0   5.0 450.0                            LAT/LON1/LON2/DLON/H
  109  111  106  107  104  110  113  113  113  113  110  110  108  106  105  104
  103  102  101   99   97   94   90   86   82   78   74   70   67   66   64   64
   63   64   64   64   65   66   67   69   72   75   79   83   88   93   98  103
  107  112  115  119  122  124  126  127  128  128  127  126  125  123  120  118
  115  113  109  106  108  105  104  103  109                                   
    72.5-180.0 180.0   5.0 450.0                            LAT/LON1/LON2/DLON/H
  104  108  104  104  103  108  112  112  112  110  107  106  103  101  100   98
   98   97   96   95   93   91   87   82   78   73   69   65   63   61   61   61
   61   61   62   63   63   64   66   68   71   74   79   85   91   97  103  108
  113  118  122  125  128  130  132  133  133  133  133  132  130  128  126  124
  121  117  115  112  111  105  102  101  104                                   
    70.0-180.0 180.0   5.0 450.0                            LAT/LON1/LON2/DLON/H
  105  106  104  102  100  104  106  107  106  104  100   98   95   92   89   88
   87   87   87   87   85   83   79   75   70   65   60   57   55   54   54   54
   55   56   57   58   58   59   60   62   66   71   76   83   90   97  103  109
  114  119  122  125  128  130  132  133  133  134  133  132  131  129  127  126
  123  119  117  114  113  107  106  103  105                                   
    67.5-180.0 180.0   5.0 450.0                            LAT/LON1/LON2/DLON/H
  103  104  101   98   96   99  101  101  100   97   93   90   86   82   80   78
   77   77   77   77   76   73   70   65   60   55   51   48   46   46   46   47
   48   49   50   50   50   50   52   54   58   64   71   78   86   94  101  107
  112  116  119  122  124  125  127  128  129  129  129  128  127  126  125  124
  122  119  117  115  114  109  106  104  103                                   
    65.0-180.0 180.0   5.0 450.0                            LAT/LON1/LON2/DLON/H
  105  106  101   98   95   96   98   97   96   93   89   86   81   77   74   72
   70   70   70   70   69   66   63   59   54   49   45   43   41   41   42   43
   44   45   45   45   45   45   46   49   54   61   69   78   87   96  103  109
  113  116  118  120  122  123  125  126  127  127  128  127  127  126  125  125
  124  121  121  119  119  115  113  111  105                                   
    62.5-180.0 180.0   5.0 450.0                            LAT/LON1/LON2/DLON/H
  110  110  105  101   96   97   97   96   95   92   88   85   80   76   72   69
   67   66   65   65   63   61   58   54   49   45   42   40   39   39   40   41
   42   42   42   41   41   41   43   47   52   60   70   80   90   99  107  112
  115  117  119  120  122  123  125  126  127  128  128  128  128  128  128  128
  127  126  126  125  125  122  120  119  110                                   
    60.0-180.0 180.0   5.0 450.0                            LAT/LON1/LON2/DLON/H
  116  115  110  104   98   97   97   95   94   90   87   84   80   75   71   68
   65   63   62   60   58   56   53   49   45   42   40   38   38   38   39   40
   40   40   40   39   38   39   41   45   52   61   72   83   94  103  110  115
  118  119  120  122  123  125  126  128  129  129  129  129  130  129  130  130
  130  129  130  130  131  128  128  126  116                                   
    57.5-180.0 180.0   5.0 450.0                            LAT/LON1/LON2/DLON/H
  124  123  117  110  103  101  100   97   94   91   87   85   81   76   72   68
   65   62   60   57   55   52   49   46   43   41   40   39   39   40   41   41
   41   40   39   39   39   40   42   47   55   64   76   88   99  109  115  120
  122  124  125  126  128  130  132  133  134  134  134  134  134  133  134  135
  135  134  135  136  137  136  136  135  124                                   
    55.0-180.0 180.0   5.0 450.0                            LAT/LON1/LON2/DLON/H
  132  131  125  118  110  107  104  100   97   92   88   85   81   77   73   69
   65   61   58   55   52   49   47   44   43   41   41   42   42   43   43   43
   43   42   41   41   41   43   46   51   59   69   81   93  105  114  121  125
  128  130  131  133  136  138  140  141  141  140  139  139  139  139  139  139
  139  139  140  141  143  142  143  142  132                                   
    52.5-180.0 180.0   5.0 450.0                            LAT/LON1/LON2/DLON/H
  141  140  133  127  119  115  111  106  101   95   90   86   82   78   73   69
   65   61   58   54   51   48   46   45   44   44   45   46   47   48   48   47
   47   46   45   46   47   49   52   57   65   75   87   99  110  120  127  132
  135  138  140  143  146  148  150  150  149  147  146  145  145  145  145  146
  145  145  146  147  149  148  149  148  141                                   
    50.0-180.0 180.0   5.0 450.0                            LAT/LON1/LON2/DLON/H
  149  148  142  137  129  125  120  114  107  100   93   88   83   78   74   70
   66   62   59   55   52   50   49   48   48   49   51   52   53   54   54   53
   52   51   51   52   54   56   59   64   72   81   92  104  116  126  134  140
  144  147  151  154  157  159  160  159  157  154  152  151  151  152  152  153
  153  152  153  153  155  154  155  154  149                                   
    47.5-180.0 180.0   5.0 450.0                            LAT/LON1/LON2/DLON/H
  155  155  150  146  139  135  130  123  115  107   98   92   86   80   75   70
   67   64   61   58   55   54   53   54   55   56   58   60   61   61   61   60
   59   58   59   60   61   64   67   71   78   87   98  110  121  132  140  148
  153  158  162  166  169  170  169  167  164  161  158  157  158  159  160  162
  162  161  161  161  162  160  160  159  155                                   
    45.0-180.0 180.0   5.0 450.0                            LAT/LON1/LON2/DLON/H
  159  160  155  153  147  144  139  132  124  115  105   98   90   83   77   72
   69   66   64   62   60   60   60   61   63   65   67   68   69   69   68   67
   66   65   66   67   68   70   73   77   84   92  103  114  126  137  147  156
  162  168  173  176  179  179  177  173  169  166  164  163  164  166  168  170
  171  170  170  170  171  167  166  164  159                                   
    42.5-180.0 180.0   5.0 450.0                            LAT/LON1/LON2/DLON/H
  163  164  159  157  152  150  146  139  132  123  113  105   96   87   81   75
   72   70   68   67   66   66   67   69   71   73   75   76   76   76   75   74
   73   72   72   73   74   75   77   81   88   96  107  119  132  143  154  163
  171  177  182  185  187  186  183  179  175  171  170  170  171  173  176  179
  181  181  181  180  180  176  174  171  163                                   
    40.0-180.0 180.0   5.0 450.0                            LAT/LON1/LON2/DLON/H
  168  168  163  160  155  153  150  144  138  130  121  113  104   94   86   80
   76   74   73   72   71   72   73   76   79   81   83   83   83   83   82   81
   79   78   77   77   77   77   79   83   90  100  112  124  137  149  160  170
  178  184  189  192  192  191  188  184  181  178  177  178  179  182  185  189
  191  192  192  191  191  186  184  179  168                                   
    37.5-180.0 180.0   5.0 450.0                            LAT/LON1/LON2/DLON/H
  176  175  168  163  158  155  152  148  144  137  129  121  112  102   93   85
   80   78   76   75   75   76   78   81   84   87   89   89   89   88   87   86
   85   83   81   79   78   78   79   84   92  103  116  129  142  154  164  174
  182  189  193  196  196  196  194  191  189  188  188  189  190  192  195  199
  202  203  204  204  204  199  196  191  176                                   
    35.0-180.0 180.0   5.0 450.0                            LAT/LON1/LON2/DLON/H
  188  185  177  170  163  159  156  152  148  142  136  129  120  110   99   90
   84   80   78   77   77   78   81   84   88   91   93   93   93   92   92   90
   88   86   83   80   77   77   78   84   93  105  119  132  145  156  167  176
  184  190  195  198  200  201  201  201  201  201  203  204  205  206  208  211
  214  216  217  217  218  214  211  205  188                                   
    32.5-180.0 180.0   5.0 450.0                            LAT/LON1/LON2/DLON/H
  206  202  193  183  175  169  163  159  155  149  143  136  127  116  104   94
   86   81   78   77   77   78   81   86   90   93   95   95   95   95   94   93
   90   87   84   80   76   75   77   83   93  106  121  134  147  157  167  176
  184  190  196  201  205  209  211  213  216  218  221  222  223  222  223  225
  227  229  231  232  234  231  229  222  206                                   
    30.0-180.0 180.0   5.0 450.0                            LAT/LON1/LON2/DLON/H
  231  227  217  204  196  187  179  172  167  159  151  143  133  120  108   96
   87   80   77   75   75   77   81   86   90   94   95   96   96   95   95   93
   91   87   83   79   75   74   76   82   92  106  120  134  146  156  165  174
  182  191  199  206  213  219  224  229  233  238  241  244  244  242  241  242
  242  244  246  247  252  251  249  242  231                                   
    27.5-180.0 180.0   5.0 450.0                            LAT/LON1/LON2/DLON/H
  259  257  248  234  227  217  206  195  186  174  162  151  138  124  110   96
   85   78   74   73   73   76   80   85   90   93   95   95   95   94   93   92
   90   86   82   77   74   73   75   81   91  104  118  131  143  153  162  172
  182  192  203  214  224  234  241  248  254  259  264  267  267  266  263  262
  261  262  264  265  271  271  271  264  259                                   
    25.0-180.0 180.0   5.0 450.0                            LAT/LON1/LON2/DLON/H
  291  291  283  271  266  256  242  228  213  195  178  161  144  127  111   96
   84   76   72   71   72   76   81   86   91   93   94   94   93   92   91   89
   87   83   79   76   73   73   75   80   88  100  114  128  140  150  161  172
  184  197  212  226  239  251  261  269  276  282  288  292  294  292  289  287
  285  285  286  287  292  294  294  287  291                                   
    22.5-180.0 180.0   5.0 450.0                            LAT/LON1/LON2/DLON/H
  321  324  319  311  309  300  285  268  248  224  199  175  153  132  113   97
   84   76   72   71   73   78   83   89   92   94   94   92   91   89   88   86
   83   80   76   74   72   72   74   78   85   96  110  124  137  150  162  175
  190  207  224  241  258  271  282  291  298  306  313  318  321  321  319  316
  313  312  313  311  315  317  317  310  321                                   
    20.0-180.0 180.0   5.0 450.0                            LAT/LON1/LON2/DLON/H
  348  355  353  349  350  343  329  309  285  255  223  193  165  140  119  101
   88   79   75   75   78   83   88   93   96   96   94   91   89   86   84   82
   79   76   73   72   72   72   73   76   82   92  106  122  137  152  166  182
  200  219  240  259  277  292  303  313  321  329  338  345  350  351  350  348
  345  343  343  339  341  341  340  333  348                                   
    17.5-180.0 180.0   5.0 450.0                            LAT/LON1/LON2/DLON/H
  370  380  381  381  384  380  366  346  319  286  249  213  180  152  129  111
   97   88   85   85   87   92   96  100  101   99   95   91   87   84   81   78
   75   72   71   70   71   72   72   75   80   90  105  122  140  157  174  192
  212  234  256  277  296  311  323  333  342  352  362  371  378  382  382  381
  378  376  375  369  368  365  363  355  370                                   
    15.0-180.0 180.0   5.0 450.0                            LAT/LON1/LON2/DLON/H
  387  398  401  402  408  404  391  371  344  309  269  231  196  167  143  125
  112  104  100   99  101  104  106  107  106  103   98   92   87   83   80   77
   73   71   69   69   70   71   72   74   79   90  106  125  144  163  182  203
  225  248  271  293  312  328  340  352  362  374  385  396  405  410  412  412
  410  408  406  398  393  387  384  376  387                                   
    12.5-180.0 180.0   5.0 450.0                            LAT/LON1/LON2/DLON/H
  400  411  414  415  419  415  402  382  355  321  282  244  210  182  160  144
  132  125  121  119  118  117  117  115  112  107  100   94   88   84   81   77
   74   71   69   69   70   72   73   75   80   92  109  129  150  170  190  212
  235  260  283  305  324  340  354  368  380  393  406  417  427  433  436  437
  436  434  433  424  416  407  403  395  400                                   
    10.0-180.0 180.0   5.0 450.0                            LAT/LON1/LON2/DLON/H
  411  421  422  420  421  414  400  379  353  321  285  251  220  196  178  165
  155  149  144  140  136  131  127  122  117  111  104   97   91   87   83   79
   75   72   70   70   71   72   73   76   82   94  112  133  154  174  195  217
  241  266  291  312  332  349  364  380  394  408  422  433  443  449  452  453
  453  453  451  443  434  424  419  412  411                                   
     7.5-180.0 180.0   5.0 450.0                            LAT/LON1/LON2/DLON/H
  423  430  428  421  418  407  389  367  342  312  280  251  225  206  193  184
  178  173  167  161  152  143  135  128  121  114  107  101   95   91   86   82
