data/edconvlstm_nd/pred2880.15i
     1.0            IONOSPHERE MAPS     GNSS                IONEX VERSION / TYPE
pyspatialgeodesy        IME             05-JAN-18 20:20     PGM / RUN BY / DATE 
Map Name                                                    COMMENT             
Predicted global ionosphere maps (GIM).                     DESCRIPTION         
  2015    10    15     0     0     0                        EPOCH OF FIRST MAP  
  2015    10    16     0     0     0                        EPOCH OF LAST MAP   
  7200                                                      INTERVAL            
    13                                                      # OF MAPS IN FILE   
  NONE                                                      MAPPING FUNCTION    
10.0                                                        ELEVATION CUTOFF    
One-way carrier phase leveled to code                       OBSERVABLES USED    
  6371.0                                                    BASE RADIUS         
 2                                                          MAP DIMENSION       
   450.0 450.0   0.0                                        HGT1 / HGT2 / DHGT  
    87.5 -87.5  -2.5                                        LAT1 / LAT2 / DLAT  
  -180.0 180.0   5.0                                        LON1 / LON2 / DLON  
    -1                                                      EXPONENT            
                                                            END OF HEADER       
[from data line 858]
     3                                                      START OF TEC MAP    
  2015    10    15     4     0     0                        EPOCH OF CURRENT MAP
    87.5-180.0 180.0   5.0 450.0                            LAT/LON1/LON2/DLON/H
   49   56   51   53   53   54   52   50   51   53   54   55   56   57   57   58
   58   57   57   56   56   55   54   53   52   52   51   50   49   49   48   48
   47   47   46   46   46   45   45   45   45   46   46   46   47   47   48   48
   49   49   49   49   50   50   50   49   49   49   49   48   48   47   46   47
   47   47   45   45   50   63   69   60   49                                   
    85.0-180.0 180.0   5.0 450.0                            LAT/LON1/LON2/DLON/H
   39   58   48   51   54   56   56   55   57   58   59   61   62   62   63   63
   63   62   61   60   59   58   57   55   54   53   53   52   51   51   50   50
   50   49   49   49   49   50   50   51   51   52   53   53   54   55   56   57
   58   59   59   59   60   60   60   60   60   59   59   58   57   56   55   55
   55   55   52   54   58   59   71   59   39                                   
    82.5-180.0 180.0   5.0 450.0                            LAT/LON1/LON2/DLON/H
   40   44   55   49   49   53   53   54   56   58   60   62   64   65   65   65
   65   64   62   60   58   56   54   52   50   48   47   46   45   44   44   44
   44   44   45   45   46   47   47   48   50   51   52   54   55   57   59   60
   62   63   64   65   66   66   66   67   66   66   65   64   63   61   60   59
   57   56   53   51   62   52   54   52   40                                   
    80.0-180.0 180.0   5.0 450.0                            LAT/LON1/LON2/DLON/H
   50   48   51   42   45   46   49   50   53   55   57   60   62   63   64   63
   62   61   58   56   53   50   47   44   42   40   38   38   37   37   37   38
   39   40   41   42   43   44   45   46   48   49   51   53   56   58   61   63
   65   67   69   70   72   73   73   74   74   74   73   72   70   69   66   65
   63   60   59   56   66   56   55   54   50                                   
    77.5-180.0 180.0   5.0 450.0                            LAT/LON1/LON2/DLON/H
   58   53   47   40   38   41   44   47   50   52   54   58   60   62   63   63
   61   59   56   52   48   44   40   36   33   31   29   28   28   29   30   32
   34   36   37   39   40   41   42   43   45   46   48   51   54   57   60   63
   66   69   72   74   76   77   79   80   81   81   81   80   79   77   75   73
   70   68   64   63   64   50   49   51   58                                   
    75.0-180.0 180.0   5.0 450.0                            LAT/LON1/LON2/DLON/H
   56   52   48   41   36   39   42   44   46   49   51   55   57   59   60   60
   58   56   53   48   44   39   34   30   27   24   23   23   24   25   28   31
   33   36   37   39   39   40   40   40   41   42   44   47   50   54   58   61
   65   68   70   73   75   78   80   82   84   85   86   86   85   83   81   80
   77   74   72   68   69   58   55   55   56                                   
    72.5-180.0 180.0   5.0 450.0                            LAT/LON1/LON2/DLON/H
   62   57   52   43   40   42   45   46   48   50   52   55   57   59   60   60
   59   57   53   49   44   38   33   29   26   23   23   23   25   28   31   35
   39   42   43   44   44   44   43   43   43   44   46   49   53   57   61   65
   69   72   74   77   79   82   85   88   90   92   94   94   94   93   91   90
   88   86   86   83   82   71   66   66   62                                   
    70.0-180.0 180.0   5.0 450.0                            LAT/LON1/LON2/DLON/H
   72   65   61   51   46   45   47   47   49   50   51   53   55   56   57   57
   56   54   51   48   43   38   34   30   27   25   25   27   30   33   38   42
   46   48   49   49   48   47   45   44   44   45   47   51   55   60   64   68
   71   73   75   77   80   83   86   90   94   97   99  100   99   98   97   96
   95   93   95   93   93   84   81   77   72                                   
    67.5-180.0 180.0   5.0 450.0                            LAT/LON1/LON2/DLON/H
   76   69   63   54   47   46   46   46   46   47   46   48   49   49   50   50
   49   49   47   45   41   38   34   31   28   27   28   30   33   37   41   45
   48   49   49   48   46   44   42   40   40   41   44   49   53   59   63   66
   69   71   72   74   76   80   84   88   93   96   99  100   99   98   96   95
   94   93   96   95   97   90   88   84   76                                   
    65.0-180.0 180.0   5.0 450.0                            LAT/LON1/LON2/DLON/H
   81   73   66   56   49   47   46   46   46   46   45   45   45   45   45   45
   45   45   45   44   43   40   37   35   33   33   34   36   39   42   45   48
   49   49   48   46   43   40   38   37   37   39   43   48   54   60   64   68
   70   71   72   73   76   80   85   90   95  100  103  104  103  100   98   96
   95   94   97   97  100   95   93   90   81                                   
    62.5-180.0 180.0   5.0 450.0                            LAT/LON1/LON2/DLON/H
   83   77   69   59   52   49   47   47   47   46   44   44   43   42   41   41
   42   44   45   45   45   43   41   40   39   39   40   42   44   46   48   48
   47   46   44   41   38   36   34   34   35   38   43   49   56   62   67   70
   72   73   75   77   80   85   91   97  103  108  111  112  110  107  103  101
   98   96   99  100  103   99   97   94   83                                   
    60.0-180.0 180.0   5.0 450.0                            LAT/LON1/LON2/DLON/H
   87   81   72   61   53   50   48   47   46   44   42   41   40   38   37   38
   39   41   43   44   44   43   42   41   41   41   43   44   45   46   45   43
   41   39   36   34   32   30   29   29   32   36   42   49   56   62   68   71
   74   76   79   82   87   93  100  107  114  119  122  122  120  117  112  108
  104  101  104  104  107  102  100   96   87                                   
    57.5-180.0 180.0   5.0 450.0                            LAT/LON1/LON2/DLON/H
   94   88   79   67   59   54   51   48   46   43   41   40   38   36   35   35
   37   39   41   42   42   41   40   39   40   40   42   43   43   42   40   37
   34   31   29   27   26   26   26   27   30   35   41   49   56   63   69   74
   78   82   87   93   99  107  115  122  129  134  137  137  136  132  127  122
  117  113  115  114  116  110  107  101   94                                   
    55.0-180.0 180.0   5.0 450.0                            LAT/LON1/LON2/DLON/H
  107  101   92   79   69   62   57   51   47   43   40   38   36   34   33   33
   35   36   38   38   38   37   36   35   36   37   39   40   40   38   35   31
   28   26   24   24   24   24   25   26   30   35   42   50   57   65   72   78
   85   91   99  107  116  124  133  140  146  150  153  154  153  150  146  142
  135  130  130  128  129  122  119  112  107                                   
    52.5-180.0 180.0   5.0 450.0                            LAT/LON1/LON2/DLON/H
  126  120  111   98   86   76   67   58   51   44   39   37   35   33   33   33
   34   35   35   35   34   32   31   31   32   33   35   37   36   34   31   28
   25   24   24   25   25   26   27   29   32   38   44   52   60   68   76   85
   94  104  114  125  135  145  152  158  163  166  169  171  171  170  168  164
  157  151  150  146  146  138  136  128  126                                   
    50.0-180.0 180.0   5.0 450.0                            LAT/LON1/LON2/DLON/H
  148  144  135  122  108   96   83   69   58   48   41   38   36   34   34   34
   34   34   34   33   31   29   28   28   30   32   34   36   35   34   31   28
   27   27   28   30   32   32   33   34   37   42   49   57   65   74   83   94
  106  119  132  144  155  164  171  174  177  179  181  184  187  188  188  185
  179  173  170  165  164  156  154  146  148                                   
    47.5-180.0 180.0   5.0 450.0                            LAT/LON1/LON2/DLON/H
  169  167  158  147  132  119  103   84   69   55   46   41   38   37   37   36
   36   36   34   33   31   30   29   30   32   35   37   38   37   36   34   32
   32   34   37   40   41   42   42   42   44   49   55   63   72   82   93  106
  120  135  149  163  173  181  185  187  187  188  190  194  198  202  203  202
  196  190  185  180  178  170  169  163  169                                   
    45.0-180.0 180.0   5.0 450.0                            LAT/LON1/LON2/DLON/H
  183  183  176  166  154  141  123  101   82   66   54   47   43   42   41   40
   40   39   38   36   35   35   36   37   39   41   42   42   41   40   39   39
   40   43   47   51   53   52   51   50   52   56   63   71   81   92  104  119
  134  150  165  178  187  193  195  194  193  192  195  200  205  210  213  212
  207  200  195  189  187  179  178  173  183                                   
    42.5-180.0 180.0   5.0 450.0                            LAT/LON1/LON2/DLON/H
  188  188  182  176  167  156  138  116   96   77   64   56   51   49   48   47
   46   45   44   44   44   46   47   48   49   49   49   48   46   45   44   45
   48   52   57   61   62   61   59   58   59   64   72   81   91  103  117  132
  148  163  177  188  195  199  200  198  195  195  198  204  210  216  218  218
  213  206  200  193  190  181  180  176  188                                   
    40.0-180.0 180.0   5.0 450.0                            LAT/LON1/LON2/DLON/H
  184  182  177  173  168  160  144  126  107   89   75   66   61   58   57   55
   54   53   54   55   58   60   61   62   61   59   56   53   51   50   49   50
   53   58   63   67   69   68   65   64   66   72   80   91  102  115  129  144
  159  173  184  193  199  202  202  201  200  200  204  211  218  223  225  223
  218  210  203  196  191  179  177  172  184                                   
    37.5-180.0 180.0   5.0 450.0                            LAT/LON1/LON2/DLON/H
  176  170  163  159  157  152  141  127  112   97   84   76   71   69   67   66
   65   65   66   69   72   75   76   75   71   66   61   57   55   53   53   54
   57   61   66   70   71   70   69   68   71   78   88  100  112  125  139  153
  167  178  188  195  201  205  207  208  209  212  218  225  231  235  236  234
  228  220  212  204  198  182  176  170  176                                   
    35.0-180.0 180.0   5.0 450.0                            LAT/LON1/LON2/DLON/H
  173  159  148  141  138  134  128  120  110   99   89   83   80   79   78   77
   76   77   79   83   87   89   88   84   78   71   65   60   57   56   55   56
   58   62   66   69   71   71   70   71   75   84   95  107  120  133  146  159
  171  180  189  197  204  211  217  221  226  232  240  248  254  258  258  256
  249  241  234  225  217  198  188  177  173                                   
    32.5-180.0 180.0   5.0 450.0                            LAT/LON1/LON2/DLON/H
  184  160  142  127  119  113  109  106  102   95   89   87   86   86   87   87
   87   88   91   95   97   98   95   88   81   73   67   62   60   59   59   59
   60   62   65   68   70   70   70   73   79   88  100  113  125  138  151  162
  172  181  190  200  212  223  234  243  251  261  271  280  286  290  291  289
  284  277  271  262  254  233  221  203  184                                   
    30.0-180.0 180.0   5.0 450.0                            LAT/LON1/LON2/DLON/H
  216  183  154  127  109   96   91   90   89   87   85   86   87   90   92   93
   94   96   98  101  103  101   95   88   80   73   68   65   64   63   63   63
   63   63   65   67   69   70   71   74   81   91  103  116  129  141  153  164
  174  183  195  209  226  243  258  272  284  296  307  318  326  330  333  334
  331  327  323  316  310  290  276  251  216                                   
    27.5-180.0 180.0   5.0 450.0                            LAT/LON1/LON2/DLON/H
  274  235  193  149  116   92   81   78   78   77   78   81   85   89   93   95
   96   98  100  102  101   97   91   85   79   75   72   70   70   70   70   69
   68   67   67   68   69   70   72   75   82   93  105  118  131  143  155  166
  177  189  205  225  248  270  290  306  321  334  347  359  368  375  381  385
  387  386  386  381  381  366  350  320  274                                   
    25.0-180.0 180.0   5.0 450.0                            LAT/LON1/LON2/DLON/H
  353  314  258  197  146  107   85   75   72   71   72   76   81   86   90   92
   93   95   96   95   93   89   84   81   79   79   78   78   78   79   78   77
   75   73   72   72   71   71   73   76   83   94  106  120  133  146  158  171
  184  201  222  248  277  304  326  344  359  373  387  399  410  420  429  438
  444  447  451  450  456  449  430  397  353                                   
    22.5-180.0 180.0   5.0 450.0                            LAT/LON1/LON2/DLON/H
  441  407  342  265  199  145  109   88   78   73   72   75   78   82   85   86
   86   86   86   84   82   79   78   80   84   87   89   89   89   88   88   86
   84   82   80   77   75   74   74   77   83   94  107  122  136  150  165  180
  197  219  246  278  311  340  363  380  393  406  419  432  445  458  471  484
  493  501  509  511  524  525  505  472  441                                   
    20.0-180.0 180.0   5.0 450.0                            LAT/LON1/LON2/DLON/H
  520  496  427  343  267  203  152  120  100   88   82   81   81   81   81   80
   78   77   75   73   71   72   76   84   93  100  103  103  101   99   98   96
   94   91   88   84   80   76   75   77   83   94  109  125  141  157  174  193
  215  242  274  310  344  373  393  407  417  428  441  454  469  485  501  517
  529  539  549  556  573  584  563  534  520                                   
    17.5-180.0 180.0   5.0 450.0                            LAT/LON1/LON2/DLON/H
  575  562  496  416  340  272  211  169  138  118  105   98   92   87   83   77
   73   69   66   64   65   69   79   94  108  118  121  119  114  110  108  105
  103  100   96   90   84   79   76   77   83   95  110  129  147  166  186  208
  235  266  301  338  372  397  413  422  429  438  450  465  481  499  517  534
  547  558  569  578  598  616  598  575  575                                   
    15.0-180.0 180.0   5.0 450.0                            LAT/LON1/LON2/DLON/H
  600  596  541  473  405  342  278  231  192  164  143  129  116  104   93   83
   75   69   64   62   65   73   89  109  128  139  141  135  128  121  117  114
  111  107  102   96   89   82   78   78   83   95  113  133  154  175  197  223
  253  287  324  359  389  410  420  425  429  438  450  466  484  503  521  537
  548  558  568  578  597  620  608  592  600                                   
    12.5-180.0 180.0   5.0 450.0                            LAT/LON1/LON2/DLON/H
  600  602  560  508  455  402  343  296  254  220  194  172  152  133  115  100
   87   78   72   70   74   85  105  130  150  161  160  151  140  132  126  121
  117  113  108  101   93   86   80   79   84   97  115  136  158  181  206  235
  267  303  338  371  396  411  418  420  423  432  445  462  481  500  517  531
  539  546  554  563  580  604  597  587  600                                   
    10.0-180.0 180.0   5.0 450.0                            LAT/LON1/LON2/DLON/H
  582  587  558  522  486  447  398  357  315  280  250  224  199  173  149  128
  111   99   92   89   93  106  128  153  173  181  177  164  151  141  134  129
  123  118  112  105   98   90   84   82   86   98  116  137  160  184  210  240
  274  310  343  372  393  405  410  412  415  425  439  457  476  495  511  521
  527  531  536  544  556  577  573  568  582                                   
     7.5-180.0 180.0   5.0 450.0                            LAT/LON1/LON2/DLON/H
  558  564  545  521  500  475  438  405  368  334  305  278  250  220  192  167
  146  132  122  117  121  133  154  176  193  197  188  174  160  150  143  136
