data/edconvlstm_nd/pred3470.15i
     1.0            IONOSPHERE MAPS     GNSS                IONEX VERSION / TYPE
pyspatialgeodesy        IME             05-JAN-18 20:20     PGM / RUN BY / DATE 
Map Name                                                    COMMENT             
Predicted global ionosphere maps (GIM).                     DESCRIPTION         
  2015    12    13     0     0     0                        EPOCH OF FIRST MAP  
  2015    12    14     0     0     0                        EPOCH OF LAST MAP   
  7200                                                      INTERVAL            
    13                                                      # OF MAPS IN FILE   
  NONE                                                      MAPPING FUNCTION    
10.0                                                        ELEVATION CUTOFF    
One-way carrier phase leveled to code                       OBSERVABLES USED    
  6371.0                                                    BASE RADIUS         
 2                                                          MAP DIMENSION       
   450.0 450.0   0.0                                        HGT1 / HGT2 / DHGT  
    87.5 -87.5  -2.5                                        LAT1 / LAT2 / DLAT  
  -180.0 180.0   5.0                                        LON1 / LON2 / DLON  
    -1                                                      EXPONENT            
                                                            END OF HEADER       
[from data line 2145]
     6                                                      START OF TEC MAP    
  2015    12    13    10     0     0                        EPOCH OF CURRENT MAP
    87.5-180.0 180.0   5.0 450.0                            LAT/LON1/LON2/DLON/H
   24   35   35   37   39   38   38   34   35   36   36   37   37   37   37   36
   36   36   36   36   35   35   35   35   34   34   34   33   33   33   32   32
   31   31   30   30   29   29   28   27   27   26   26   25   25   24   24   24
   23   23   23   23   22   22   22   22   22   22   22   22   22   22   22   23
   24   25   23   24   30   36   50   53   24                                   
    85.0-180.0 180.0   5.0 450.0                            LAT/LON1/LON2/DLON/H
   20   45   53   43   46   48   48   48   48   49   48   49   49   49   49   48
   48   48   48   48   48   48   48   48   48   48   48   48   48   47   47   47
   46   46   45   45   44   43   43   42   42   41   40   40   39   39   38   37
   37   36   36   36   36   35   35   35   35   35   35   35   35   35   36   36
   37   38   35   35   41   44   56   49   20                                   
    82.5-180.0 180.0   5.0 450.0                            LAT/LON1/LON2/DLON/H
   17   35   50   45   46   47   47   47   47   47   46   47   46   45   45   44
   44   44   44   44   44   44   44   44   44   44   44   45   45   44   44   44
   44   44   43   43   43   42   42   41   41   40   40   39   38   38   37   36
   36   35   35   34   34   34   33   33   33   33   33   33   33   33   33   33
   34   35   33   33   43   45   46   42   17                                   
    80.0-180.0 180.0   5.0 450.0                            LAT/LON1/LON2/DLON/H
   23   35   51   46   50   48   49   47   48   48   46   46   44   43   41   40
   40   39   39   39   39   40   41   41   42   42   43   43   43   44   44   44
   44   44   44   44   44   44   44   44   44   43   43   42   42   41   40   40
   39   38   37   37   36   36   35   35   34   34   34   33   33   33   32   33
   34   34   34   34   40   45   46   45   23                                   
    77.5-180.0 180.0   5.0 450.0                            LAT/LON1/LON2/DLON/H
   36   42   47   42   45   45   46   45   45   44   41   40   38   36   35   33
   32   32   32   32   33   34   35   36   37   37   38   38   39   39   39   40
   40   41   41   42   43   43   44   44   44   44   44   44   44   43   43   42
   42   41   41   40   39   38   37   37   36   35   33   32   31   30   30   29
   29   29   28   29   30   31   37   39   36                                   
    75.0-180.0 180.0   5.0 450.0                            LAT/LON1/LON2/DLON/H
   27   37   40   39   43   44   44   43   43   42   38   37   34   31   29   28
   27   27   27   28   29   31   33   34   35   36   37   37   37   37   37   37
   38   39   40   41   43   44   46   47   49   50   50   51   51   51   51   50
   50   49   48   47   46   45   44   43   41   39   38   36   34   33   31   30
   29   29   28   26   30   28   33   30   27                                   
    72.5-180.0 180.0   5.0 450.0                            LAT/LON1/LON2/DLON/H
   28   36   38   36   40   43   44   43   41   40   36   33   30   27   24   23
   22   22   23   25   26   29   31   32   34   35   35   35   34   34   34   34
   35   36   38   40   43   46   49   52   55   57   59   60   61   62   62   62
   61   60   59   58   56   54   52   49   47   44   42   39   37   35   33   32
   30   29   29   28   30   29   32   32   28                                   
    70.0-180.0 180.0   5.0 450.0                            LAT/LON1/LON2/DLON/H
   27   34   38   37   41   42   42   41   41   39   35   32   29   26   23   22
   21   22   23   26   28   31   34   36   37   37   37   36   35   34   34   34
   34   36   38   42   46   50   55   60   64   68   70   73   74   75   76   75
   74   73   71   69   66   63   59   56   53   49   46   43   41   38   36   35
   34   33   33   31   33   31   36   35   27                                   
    67.5-180.0 180.0   5.0 450.0                            LAT/LON1/LON2/DLON/H
   26   33   36   36   39   41   41   41   40   38   35   32   29   26   24   23
   22   23   25   28   31   34   37   39   40   40   39   37   35   34   33   33
   34   36   39   43   49   55   61   67   73   78   82   85   87   89   89   88
   86   84   81   77   72   68   63   58   54   50   47   44   41   39   37   36
   35   34   35   33   34   32   36   33   26                                   
    65.0-180.0 180.0   5.0 450.0                            LAT/LON1/LON2/DLON/H
   26   33   35   36   38   40   40   40   40   38   36   34   31   29   27   26
   26   27   29   31   35   38   41   42   43   43   41   39   37   35   34   34
   36   38   43   48   55   62   69   76   83   89   95   99  101  102  102  101
   99   95   90   85   79   72   66   60   55   51   47   44   42   40   38   38
   38   37   38   36   38   37   39   37   26                                   
    62.5-180.0 180.0   5.0 450.0                            LAT/LON1/LON2/DLON/H
   27   33   35   35   37   39   39   39   39   38   36   35   33   32   30   30
   30   30   32   34   37   40   43   44   45   44   42   40   38   36   36   37
   40   44   49   56   63   71   79   87   94  101  107  111  114  115  114  113
  109  104   98   91   83   76   68   61   56   51   47   44   41   39   38   38
   38   38   40   38   40   38   41   40   27                                   
    60.0-180.0 180.0   5.0 450.0                            LAT/LON1/LON2/DLON/H
   29   35   35   35   36   37   37   36   36   35   34   33   33   32   32   32
   31   31   32   34   36   38   40   42   42   41   40   38   37   37   38   41
   45   51   57   64   72   80   88   96  104  111  116  120  123  124  123  121
  117  112  105   97   88   79   70   63   56   51   47   44   41   38   37   36
   36   37   39   38   40   39   41   40   29                                   
    57.5-180.0 180.0   5.0 450.0                            LAT/LON1/LON2/DLON/H
   33   37   37   37   37   37   36   35   34   33   32   33   33   33   34   33
   33   32   32   32   34   35   37   38   38   38   37   37   37   39   43   47
   54   61   69   76   84   92  100  107  115  121  126  131  133  134  134  131
  128  122  115  106   97   87   78   70   64   58   54   50   46   42   40   38
   38   38   40   39   41   40   42   42   33                                   
    55.0-180.0 180.0   5.0 450.0                            LAT/LON1/LON2/DLON/H
   38   42   42   41   41   40   38   35   34   32   31   32   33   34   34   34
   33   32   30   30   30   31   33   34   34   35   35   36   38   42   48   55
   64   73   81   90   98  105  112  119  125  131  136  141  143  145  144  143
  139  134  127  119  109   99   90   82   76   70   65   61   56   51   47   44
   42   40   42   41   43   42   43   43   38                                   
    52.5-180.0 180.0   5.0 450.0                            LAT/LON1/LON2/DLON/H
   45   48   48   48   47   46   43   39   36   33   32   32   33   34   35   35
   34   32   29   28   27   28   29   31   32   33   34   36   40   46   54   64
   74   85   95  103  111  118  124  131  137  142  147  151  154  156  156  155
  152  147  141  133  124  114  104   96   90   85   80   75   70   64   58   53
   49   47   47   45   47   46   47   47   45                                   
    50.0-180.0 180.0   5.0 450.0                            LAT/LON1/LON2/DLON/H
   53   56   56   57   55   55   51   45   40   37   34   34   35   36   37   37
   35   33   30   28   27   27   28   30   31   33   35   38   44   51   61   72
   84   95  106  116  123  130  137  142  148  154  159  163  166  168  168  167
  164  159  154  146  137  127  117  109  103   98   94   89   84   78   71   66
   60   56   55   51   53   52   53   53   53                                   
    47.5-180.0 180.0   5.0 450.0                            LAT/LON1/LON2/DLON/H
   61   65   65   67   65   66   61   54   48   43   39   38   38   39   40   40
   38   35   32   30   29   29   30   32   34   36   39   43   49   57   67   79
   92  104  115  125  134  141  148  154  160  165  170  175  178  179  179  177
  174  170  164  156  147  136  126  117  110  105  102   98   94   89   83   78
   72   68   65   60   60   59   61   60   61                                   
    45.0-180.0 180.0   5.0 450.0                            LAT/LON1/LON2/DLON/H
   67   72   72   75   74   77   72   66   58   52   47   44   43   44   44   44
   43   40   37   35   34   35   37   38   40   42   45   50   56   64   74   85
   97  110  121  132  142  150  159  166  172  177  182  186  189  190  189  186
  182  176  170  162  152  141  130  119  111  106  102  100   97   94   90   87
   83   78   75   69   68   68   69   69   67                                   
    42.5-180.0 180.0   5.0 450.0                            LAT/LON1/LON2/DLON/H
   70   75   75   80   80   84   81   76   69   63   57   53   51   51   51   51
   50   48   46   44   44   45   47   48   49   51   54   59   65   72   81   91
  101  113  125  137  148  159  169  177  183  188  192  196  198  198  196  192
  186  180  173  166  155  143  130  118  108  101   98   96   94   93   93   92
   90   87   83   77   75   74   75   76   70                                   
    40.0-180.0 180.0   5.0 450.0                            LAT/LON1/LON2/DLON/H
   68   73   73   78   80   86   85   83   78   73   68   64   61   60   60   60
   60   58   57   57   58   59   60   61   61   62   65   69   75   81   88   96
  105  116  128  141  154  167  179  188  194  199  202  204  206  205  202  197
  191  184  177  170  160  148  133  119  107   98   93   90   89   89   90   92
   93   91   88   82   79   78   78   79   68                                   
    37.5-180.0 180.0   5.0 450.0                            LAT/LON1/LON2/DLON/H
   61   66   66   71   74   81   83   84   83   81   77   74   71   70   69   70
   70   70   70   70   72   73   74   73   72   73   76   81   86   91   97  103
  111  122  134  148  163  178  190  200  206  209  211  212  214  213  210  204
  197  191  186  180  173  161  147  131  117  105   97   92   88   87   88   91
   92   91   89   84   80   77   76   78   61                                   
    35.0-180.0 180.0   5.0 450.0                            LAT/LON1/LON2/DLON/H
   52   57   56   60   63   71   76   79   82   83   82   81   79   78   77   78
   79   80   81   83   85   86   85   83   81   82   86   92   98  103  108  114
  121  131  144  158  175  191  204  214  218  220  221  222  224  224  221  216
  210  206  204  203  199  191  177  161  145  131  118  107   98   92   90   91
   92   91   89   83   78   74   72   74   52                                   
    32.5-180.0 180.0   5.0 450.0                            LAT/LON1/LON2/DLON/H
   44   48   46   48   51   58   64   70   76   80   83   84   84   83   83   84
   86   88   91   93   95   95   93   90   88   90   96  104  111  118  123  128
  136  146  159  174  191  208  221  230  234  235  235  237  239  240  239  236
  233  233  236  240  242  238  228  213  196  179  161  143  125  111  101   98
   95   92   90   82   77   70   68   70   44                                   
    30.0-180.0 180.0   5.0 450.0                            LAT/LON1/LON2/DLON/H
   39   42   39   39   40   46   53   59   66   73   79   83   84   85   86   88
   91   94   97  100  101  101   99   95   94   97  105  116  125  133  140  146
  155  166  179  195  212  229  242  250  254  254  254  257  261  264  266  266
  267  271  280  290  298  300  294  282  265  246  224  198  171  146  127  115
  106  100   95   86   79   70   68   69   39                                   
    27.5-180.0 180.0   5.0 450.0                            LAT/LON1/LON2/DLON/H
   39   41   36   34   34   38   43   48   56   64   71   77   81   83   85   89
   93   96   99  102  103  103  101   98   98  103  114  127  139  149  158  166
  177  189  203  220  237  254  267  275  278  279  281  285  291  297  302  305
  310  319  333  349  363  370  369  360  345  324  298  267  231  195  165  143
  127  116  107   95   87   75   73   73   39                                   
    25.0-180.0 180.0   5.0 450.0                            LAT/LON1/LON2/DLON/H
   47   47   40   35   33   35   38   42   48   55   63   70   75   79   82   86
   91   95   98  100  102  102  101  100  102  109  122  138  152  165  176  188
  201  215  230  247  265  282  295  303  307  310  313  320  328  337  344  351
  360  373  391  412  431  443  446  440  426  405  376  339  296  251  211  180
  157  140  127  111  102   87   84   82   47                                   
    22.5-180.0 180.0   5.0 450.0                            LAT/LON1/LON2/DLON/H
   64   60   52   43   39   38   39   40   45   51   58   65   70   73   77   82
   87   91   94   95   97   99  100  101  105  115  130  148  165  181  195  209
  225  241  258  275  294  311  325  334  340  345  351  360  370  381  391  401
  413  429  450  473  494  508  513  508  496  475  445  405  356  305  258  221
  191  171  153  135  124  106  101   96   64                                   
    20.0-180.0 180.0   5.0 450.0                            LAT/LON1/LON2/DLON/H
   86   81   71   59   52   49   47   46   48   53   58   63   67   69   73   78
   82   86   88   89   92   95   99  103  109  121  138  158  178  196  213  230
  248  265  283  301  320  338  354  365  373  381  389  401  413  426  437  449
  462  479  499  521  541  553  557  552  540  520  490  450  401  348  298  258
  226  203  181  163  149  130  122  116   86                                   
    17.5-180.0 180.0   5.0 450.0                            LAT/LON1/LON2/DLON/H
  111  106   95   82   72   66   63   59   59   62   65   67   68   69   71   75
   79   81   82   84   87   93   98  105  115  129  147  169  190  210  229  248
  267  285  304  322  342  361  378  392  403  414  425  438  451  464  476  488
  500  516  533  549  563  570  570  563  550  531  504  467  421  372  326  287
  256  233  210  191  177  156  145  138  111                                   
    15.0-180.0 180.0   5.0 450.0                            LAT/LON1/LON2/DLON/H
  134  129  120  106   95   87   83   78   77   77   78   77   75   73   73   75
   77   79   79   81   85   92  100  109  121  137  157  180  202  223  244  263
  283  301  319  338  358  378  397  414  428  441  454  467  480  492  503  513
  524  535  547  556  562  562  557  547  532  514  490  458  419  377  338  304
  277  256  234  217  201  179  167  159  134                                   
    12.5-180.0 180.0   5.0 450.0                            LAT/LON1/LON2/DLON/H
  152  147  139  126  115  106  103   99   97   96   94   91   86   81   78   78
   79   79   80   81   86   93  103  114  129  146  168  191  214  236  256  276
  294  312  329  347  368  389  410  428  445  459  473  485  497  507  516  524
  532  540  545  548  546  540  530  517  501  483  461  434  402  369  337  311
  289  272  252  236  221  198  184  175  152                                   
    10.0-180.0 180.0   5.0 450.0                            LAT/LON1/LON2/DLON/H
  165  158  149  137  128  118  117  116  115  114  111  106   98   91   85   83
   83   83   83   84   89   97  107  121  137  156  178  202  226  248  268  286
  303  319  335  353  373  395  416  436  454  469  482  494  503  511  518  525
  531  535  536  534  527  517  504  488  471  452  431  407  381  354  330  310
  293  279  263  248  233  209  195  184  165                                   
     7.5-180.0 180.0   5.0 450.0                            LAT/LON1/LON2/DLON/H
  174  163  153  139  132  124  125  127  128  128  125  119  110  101   94   90
   89   88   89   90   95  102  114  128  145  165  189  213  237  259  278  295
