data/edconvlstm_nd/pred2480.15i
     1.0            IONOSPHERE MAPS     GNSS                IONEX VERSION / TYPE
pyspatialgeodesy        IME             05-JAN-18 20:20     PGM / RUN BY / DATE 
Map Name                                                    COMMENT             
Predicted global ionosphere maps (GIM).                     DESCRIPTION         
  2015     9     5     0     0     0                        EPOCH OF FIRST MAP  
  2015     9     6     0     0     0                        EPOCH OF LAST MAP   
  7200                                                      INTERVAL            
    13                                                      # OF MAPS IN FILE   
  NONE                                                      MAPPING FUNCTION    
10.0                                                        ELEVATION CUTOFF    
One-way carrier phase leveled to code                       OBSERVABLES USED    
  6371.0                                                    BASE RADIUS         
 2                                                          MAP DIMENSION       
   450.0 450.0   0.0                                        HGT1 / HGT2 / DHGT  
    87.5 -87.5  -2.5                                        LAT1 / LAT2 / DLAT  
  -180.0 180.0   5.0                                        LON1 / LON2 / DLON  
    -1                                                      EXPONENT            
                                                            END OF HEADER       
[from data line 3861]
    10                                                      START OF TEC MAP    
  2015     9     5    18     0     0                        EPOCH OF CURRENT MAP
    87.5-180.0 180.0   5.0 450.0                            LAT/LON1/LON2/DLON/H
  112  112  105  111  116  114  113  111  112  114  114  115  115  116  116  117
  117  117  117  116  116  115  114  113  112  111  110  109  107  106  105  104
  103  102  101  100   99   99   98   98   98   98   98   99   99  100  101  101
  102  103  104  105  105  106  107  107  108  108  108  108  108  108  108  107
  107  107  105  103  111  107  120  118  112                                   
    85.0-180.0 180.0   5.0 450.0                            LAT/LON1/LON2/DLON/H
  113  110  118  107  109  114  113  116  117  119  119  121  122  123  124  124
  125  125  125  124  124  123  122  120  119  117  115  114  112  110  108  107
  105  104  103  101  100  100   99   99   98   99   99   99  100  101  102  103
  105  106  107  109  110  111  111  112  112  113  113  112  112  112  111  111
  111  110  106  102  104  103  106  105  113                                   
    82.5-180.0 180.0   5.0 450.0                            LAT/LON1/LON2/DLON/H
   91   95   96   93   97  102  106  107  109  112  113  116  118  120  121  123
  124  125  125  125  124  123  121  119  117  115  112  110  108  105  103  101
   99   97   95   93   92   91   90   89   89   89   89   90   91   92   94   96
   98  100  102  103  105  106  107  108  108  108  108  107  106  104  103  101
  100   98   94   94   95  102   94   91   91                                   
    80.0-180.0 180.0   5.0 450.0                            LAT/LON1/LON2/DLON/H
   73   75   80   80   83   85   91   96   99  103  106  110  113  116  118  121
  122  124  124  123  122  120  118  115  112  109  105  102   99   96   94   91
   88   86   84   81   79   77   76   75   74   74   74   75   76   78   80   82
   85   88   91   93   95   97   98   99   99   99   98   96   94   92   90   88
   86   84   81   80   76   79   75   80   73                                   
    77.5-180.0 180.0   5.0 450.0                            LAT/LON1/LON2/DLON/H
   71   67   70   71   76   80   85   90   93   97  101  106  110  114  118  122
  124  126  127  127  126  123  120  117  113  109  105  101   98   95   92   89
   87   84   82   79   76   73   71   69   67   66   66   66   67   69   71   74
   77   80   83   86   88   90   91   92   91   90   89   87   84   81   78   75
   73   70   68   68   67   65   64   73   71                                   
    75.0-180.0 180.0   5.0 450.0                            LAT/LON1/LON2/DLON/H
   63   62   62   65   70   75   79   83   88   93   97  102  107  112  117  121
  125  127  129  129  127  125  122  117  113  109  104  101   97   95   92   90
   88   86   83   80   77   73   70   67   65   63   62   61   62   63   65   68
   71   74   77   79   82   83   84   84   83   82   80   78   75   73   70   68
   65   63   62   58   58   56   55   54   63                                   
    72.5-180.0 180.0   5.0 450.0                            LAT/LON1/LON2/DLON/H
   61   60   60   67   70   75   79   82   86   90   93   98  104  109  114  120
  124  127  129  130  129  127  123  118  113  108  103  100   97   95   93   92
   90   88   86   83   79   75   71   67   63   60   58   57   57   58   59   61
   63   66   68   70   71   72   72   72   71   70   68   66   64   62   60   58
   56   54   54   51   51   52   52   55   61                                   
    70.0-180.0 180.0   5.0 450.0                            LAT/LON1/LON2/DLON/H
   62   62   63   68   71   75   78   81   84   88   92   96  101  106  112  117
  122  126  129  130  130  127  124  119  113  108  103  100   97   96   95   95
   94   93   90   87   83   78   74   69   65   62   59   58   57   57   58   58
   60   61   61   62   62   62   61   60   59   58   57   56   55   54   53   53
   52   51   52   51   52   53   56   58   62                                   
    67.5-180.0 180.0   5.0 450.0                            LAT/LON1/LON2/DLON/H
   65   67   69   74   78   81   84   87   89   92   95   99  103  108  113  118
  123  127  131  133  133  131  127  122  116  110  105  101   99   98   98   98
   98   97   94   91   86   81   76   72   68   64   62   60   59   58   58   58
   58   57   57   55   54   53   51   50   49   48   48   48   49   49   50   51
   51   52   52   51   53   55   57   58   65                                   
    65.0-180.0 180.0   5.0 450.0                            LAT/LON1/LON2/DLON/H
   65   70   71   77   80   84   86   89   92   95   98  101  105  108  112  117
  122  126  130  133  134  133  130  125  119  112  107  104  102  102  102  103
  103  101   98   95   90   85   80   75   72   69   67   65   64   64   63   61
   60   57   54   51   48   45   43   41   40   40   41   42   44   46   48   50
   52   53   55   55   57   60   63   64   65                                   
    62.5-180.0 180.0   5.0 450.0                            LAT/LON1/LON2/DLON/H
   65   71   73   78   82   87   90   93   97  100  103  106  109  112  115  119
  123  127  131  135  136  136  133  128  122  116  111  108  107  107  108  108
  108  106  102   98   93   87   83   79   76   74   73   72   71   71   69   67
   63   59   55   50   45   41   38   36   36   36   37   39   42   44   47   50
   52   54   56   56   59   62   65   65   65                                   
    60.0-180.0 180.0   5.0 450.0                            LAT/LON1/LON2/DLON/H
   64   70   72   77   81   87   91   95  100  104  108  111  114  116  118  120
  124  127  131  135  137  138  135  131  126  120  116  113  113  114  116  116
  116  113  109  103   98   93   88   85   83   82   82   82   82   81   79   75
   71   65   59   52   47   42   39   37   36   37   38   40   43   45   48   51
   53   55   57   56   59   62   66   66   64                                   
    57.5-180.0 180.0   5.0 450.0                            LAT/LON1/LON2/DLON/H
   63   68   71   76   81   88   92   98  103  108  112  116  119  121  122  123
  126  129  132  136  139  139  138  134  130  125  122  121  123  125  127  128
  127  124  119  113  108  103   99   97   95   95   95   96   95   94   92   87
   82   75   67   60   54   49   46   44   43   44   45   46   48   50   52   54
   55   56   57   56   59   61   65   66   63                                   
    55.0-180.0 180.0   5.0 450.0                            LAT/LON1/LON2/DLON/H
   64   69   72   77   82   90   95  101  107  112  117  121  124  125  126  127
  128  131  134  137  139  140  139  137  134  131  130  131  134  138  141  142
  141  137  132  127  122  117  114  112  111  111  111  111  111  109  106  101
   94   86   78   70   64   60   57   56   56   56   56   56   56   56   57   57
   57   57   57   56   58   60   64   66   64                                   
    52.5-180.0 180.0   5.0 450.0                            LAT/LON1/LON2/DLON/H
   67   71   75   81   86   95  100  106  111  116  120  124  127  129  130  131
  132  134  136  138  140  141  140  139  137  136  137  140  145  151  155  157
  156  152  148  143  139  135  133  131  129  128  128  127  126  124  120  115
  107   99   91   83   78   74   72   72   72   72   71   69   67   65   64   62
   61   60   59   57   59   60   64   66   67                                   
    50.0-180.0 180.0   5.0 450.0                            LAT/LON1/LON2/DLON/H
   73   78   82   89   94  103  108  113  117  121  124  128  131  134  135  137
  138  139  140  141  142  142  142  141  140  141  145  150  156  163  168  170
  169  166  163  160  157  155  153  151  149  147  145  143  141  138  134  128
  121  112  104   97   92   89   89   89   90   89   87   83   79   75   72   69
   66   64   63   60   61   62   67   69   73                                   
    47.5-180.0 180.0   5.0 450.0                            LAT/LON1/LON2/DLON/H
   81   87   92   99  105  114  118  122  124  127  129  132  136  139  141  143
  145  146  146  146  145  145  144  144  145  147  152  158  166  172  177  179
  178  177  176  175  175  175  174  171  167  164  161  158  155  151  147  140
  133  125  117  110  106  104  104  106  106  106  102   98   92   86   81   77
   73   70   68   65   66   67   71   73   81                                   
    45.0-180.0 180.0   5.0 450.0                            LAT/LON1/LON2/DLON/H
   90   97  102  111  117  126  129  132  133  134  135  138  142  146  149  152
  154  155  154  153  151  149  149  149  151  154  160  166  172  178  182  183
  184  184  186  188  191  192  191  188  184  179  174  170  167  163  157  151
  143  135  128  122  118  117  118  119  121  120  116  110  103   96   91   86
   81   78   75   72   73   72   76   78   90                                   
    42.5-180.0 180.0   5.0 450.0                            LAT/LON1/LON2/DLON/H
   97  106  111  121  128  136  139  141  141  142  143  146  150  154  159  162
  165  165  164  162  159  156  155  156  159  162  167  173  178  181  184  185
  187  190  194  199  204  207  207  203  197  191  186  181  177  172  166  160
  152  144  137  131  128  127  128  129  131  130  126  120  113  106  100   95
   90   86   83   79   79   78   81   83   97                                   
    40.0-180.0 180.0   5.0 450.0                            LAT/LON1/LON2/DLON/H
  101  111  118  128  136  144  147  149  149  150  151  155  159  164  169  173
  175  176  174  171  167  165  164  165  168  172  176  180  183  185  187  188
  192  197  204  212  218  221  220  215  209  201  195  191  186  180  174  166
  158  151  144  138  134  133  133  135  136  135  132  127  121  114  108  103
   98   94   90   85   84   83   85   86  101                                   
    37.5-180.0 180.0   5.0 450.0                            LAT/LON1/LON2/DLON/H
  103  114  121  131  140  148  151  154  156  158  160  164  169  175  179  183
  185  185  183  180  177  175  174  176  179  183  186  189  191  193  194  197
  203  211  220  228  235  237  234  227  219  211  204  199  193  187  179  170
  162  154  147  141  137  136  136  137  138  137  134  130  125  120  114  109
  104   99   95   90   88   86   87   89  103                                   
    35.0-180.0 180.0   5.0 450.0                            LAT/LON1/LON2/DLON/H
  102  114  121  130  139  147  151  156  159  164  168  173  179  184  188  191
  192  193  192  189  187  185  186  188  191  195  199  202  204  207  210  216
  224  234  244  252  256  255  249  239  229  220  213  207  200  191  182  172
  163  155  148  142  138  136  135  135  136  135  133  131  127  123  118  113
  107  102   98   92   90   88   88   91  102                                   
    32.5-180.0 180.0   5.0 450.0                            LAT/LON1/LON2/DLON/H
  103  114  121  128  136  143  148  154  161  167  174  181  187  192  195  197
  198  199  199  199  198  197  198  201  205  209  214  218  223  229  237  247
  258  270  279  284  283  276  266  253  240  230  221  214  205  194  183  171
  162  153  147  141  136  134  133  132  132  131  130  129  127  124  120  115
  108  103   99   93   91   89   90   93  103                                   
    30.0-180.0 180.0   5.0 450.0                            LAT/LON1/LON2/DLON/H
  105  115  122  126  133  139  144  151  159  169  178  187  194  199  202  203
  205  207  209  210  211  211  212  215  219  224  231  239  249  260  273  288
  302  315  322  321  314  300  284  267  252  240  230  220  209  195  182  169
  158  150  143  138  134  131  130  128  127  127  126  126  125  123  120  114
  108  103   98   94   93   92   93   97  105                                   
    27.5-180.0 180.0   5.0 450.0                            LAT/LON1/LON2/DLON/H
  112  120  126  128  133  138  143  149  158  169  180  190  199  205  208  210
  213  217  221  225  227  228  229  231  235  242  251  264  279  297  316  335
  352  364  367  360  345  324  302  281  264  250  238  225  211  195  179  165
  154  146  139  134  131  129  127  126  124  123  123  123  123  122  119  113
  107  102   98   95   96   96   98  103  112                                   
    25.0-180.0 180.0   5.0 450.0                            LAT/LON1/LON2/DLON/H
  121  127  133  134  138  141  145  151  160  171  182  194  204  211  216  221
  226  233  240  245  248  248  249  250  254  262  274  292  313  337  361  384
  402  411  409  394  371  343  316  293  274  259  244  229  212  194  176  162
  150  142  136  131  129  127  126  124  122  121  120  120  121  120  117  112
  105  102   99   97   99  101  104  111  121                                   
    22.5-180.0 180.0   5.0 450.0                            LAT/LON1/LON2/DLON/H
  130  136  141  142  146  149  153  158  166  177  188  200  211  220  228  236
  245  256  265  271  274  274  273  273  276  285  300  322  348  375  403  426
  443  448  440  418  388  356  326  302  283  266  250  232  212  192  174  159
  148  140  134  130  128  127  127  125  123  120  118  118  118  117  115  110
  104  102   99   99  103  105  109  118  130                                   
    20.0-180.0 180.0   5.0 450.0                            LAT/LON1/LON2/DLON/H
  138  142  147  152  156  161  165  170  178  187  197  210  222  234  245  258
  272  285  297  303  305  303  301  299  302  312  328  352  380  409  435  457
  469  469  455  428  394  361  332  309  290  272  254  234  213  191  173  158
  147  140  134  131  129  129  129  128  125  121  118  117  116  115  113  109
  104  102  100  100  105  108  111  122  138                                   
    17.5-180.0 180.0   5.0 450.0                            LAT/LON1/LON2/DLON/H
  139  145  151  159  166  174  180  186  193  202  212  224  238  253  268  285
  303  320  333  339  339  336  331  329  332  341  358  381  408  434  456  472
  479  473  455  426  392  360  334  314  296  278  258  236  214  192  174  160
  150  142  136  133  132  133  133  132  128  124  120  117  115  113  111  108
  103  102   99   99  103  106  109  121  139                                   
    15.0-180.0 180.0   5.0 450.0                            LAT/LON1/LON2/DLON/H
  135  142  149  162  173  184  195  203  211  221  230  243  259  276  295  316
  338  357  370  375  373  368  362  360  363  372  387  407  429  449  464  473
  473  463  443  415  385  358  337  319  303  285  263  240  217  195  178  165
  155  147  140  136  135  137  138  137  133  128  122  118  114  111  109  107
  103  101   98   96   99  101  101  115  135                                   
    12.5-180.0 180.0   5.0 450.0                            LAT/LON1/LON2/DLON/H
  125  135  144  161  176  191  207  218  230  240  251  265  281  301  322  346
  370  391  403  407  403  396  391  390  393  402  415  430  444  456  463  464
  458  446  426  402  378  358  342  328  312  293  270  245  222  201  184  170
  160  151  144  139  139  141  143  143  139  133  126  119  114  110  108  105
  101  100   95   92   92   93   92  106  125                                   
    10.0-180.0 180.0   5.0 450.0                            LAT/LON1/LON2/DLON/H
  114  127  137  157  176  195  216  232  246  259  271  286  304  324  347  372
  397  417  428  430  424  418  414  415  421  429  438  447  454  457  456  451
  441  428  411  392  376  362  351  339  323  302  277  252  227  206  189  175
  164  154  146  141  141  144  147  147  143  137  128  120  114  109  106  104
  100   98   92   87   86   85   82   96  114                                   
     7.5-180.0 180.0   5.0 450.0                            LAT/LON1/LON2/DLON/H
  105  120  133  154  176  197  223  242  260  275  289  305  323  342  365  389
  413  432  442  442  436  431  430  435  442  450  457  461  461  457  449  439
