data/edconvlstm_nd/pred1960.15i
     1.0            IONOSPHERE MAPS     GNSS                IONEX VERSION / TYPE
pyspatialgeodesy        IME             05-JAN-18 20:20     PGM / RUN BY / DATE 
Map Name                                                    COMMENT             
Predicted global ionosphere maps (GIM).                     DESCRIPTION         
  2015     7    15     0     0     0                        EPOCH OF FIRST MAP  
  2015     7    16     0     0     0                        EPOCH OF LAST MAP   
  7200                                                      INTERVAL            
    13                                                      # OF MAPS IN FILE   
  NONE                                                      MAPPING FUNCTION    
10.0                                                        ELEVATION CUTOFF    
One-way carrier phase leveled to code                       OBSERVABLES USED    
  6371.0                                                    BASE RADIUS         
 2                                                          MAP DIMENSION       
   450.0 450.0   0.0                                        HGT1 / HGT2 / DHGT  
    87.5 -87.5  -2.5                                        LAT1 / LAT2 / DLAT  
  -180.0 180.0   5.0                                        LON1 / LON2 / DLON  
    -1                                                      EXPONENT            
                                                            END OF HEADER       
[from data line 3432]
     9                                                      START OF TEC MAP    
  2015     7    15    16     0     0                        EPOCH OF CURRENT MAP
    87.5-180.0 180.0   5.0 450.0                            LAT/LON1/LON2/DLON/H
  141  138  132  137  140  139  137  136  136  137  137  137  137  137  137  137
  137  137  138  138  138  138  138  138  138  138  138  138  137  137  137  137
  137  137  136  136  136  136  137  137  137  138  138  139  139  140  140  141
  142  142  142  143  143  143  143  143  143  143  142  142  141  141  140  140
  139  139  138  136  145  141  148  144  141                                   
    85.0-180.0 180.0   5.0 450.0                            LAT/LON1/LON2/DLON/H
  138  136  144  137  137  140  140  141  142  143  143  143  143  144  144  144
  144  144  144  144  144  144  144  144  144  144  144  143  143  142  142  142
  141  140  140  140  139  139  139  140  140  140  141  142  143  144  145  146
  146  147  148  148  148  149  149  149  148  148  147  147  146  146  145  144
  144  144  140  138  139  134  138  139  138                                   
    82.5-180.0 180.0   5.0 450.0                            LAT/LON1/LON2/DLON/H
  122  129  130  127  128  133  135  137  137  138  139  140  141  141  142  142
  143  143  143  144  144  144  144  144  144  144  144  143  143  142  141  140
  139  138  137  136  136  135  135  135  135  136  137  138  139  141  142  143
  145  146  146  147  147  147  147  146  146  145  144  143  141  140  139  137
  137  135  131  132  131  136  130  124  122                                   
    80.0-180.0 180.0   5.0 450.0                            LAT/LON1/LON2/DLON/H
  115  118  123  124  123  125  128  132  133  135  136  138  139  140  140  141
  142  142  142  142  142  142  142  142  142  142  142  141  141  140  138  137
  135  133  132  130  128  127  127  127  127  128  130  131  133  136  138  139
  141  142  143  144  144  144  144  143  142  141  139  138  136  135  133  131
  130  128  126  126  122  121  122  118  115                                   
    77.5-180.0 180.0   5.0 450.0                            LAT/LON1/LON2/DLON/H
  120  118  123  125  126  129  131  135  137  139  140  142  143  144  145  146
  146  147  147  147  148  148  148  148  148  148  147  147  146  145  144  142
  140  138  135  133  131  129  128  128  128  129  131  133  136  138  141  143
  145  146  147  148  148  147  147  145  144  142  140  139  136  134  132  130
  128  126  123  123  124  118  120  121  120                                   
    75.0-180.0 180.0   5.0 450.0                            LAT/LON1/LON2/DLON/H
  119  119  120  124  126  130  132  135  137  140  141  143  144  146  146  147
  148  148  148  148  148  148  148  148  148  148  148  147  147  146  145  144
  142  139  136  134  131  129  127  127  127  128  130  132  135  138  141  143
  145  146  147  147  146  146  145  143  142  140  138  136  134  132  130  128
  126  124  122  119  119  116  118  111  119                                   
    72.5-180.0 180.0   5.0 450.0                            LAT/LON1/LON2/DLON/H
  118  120  122  129  130  134  137  140  141  143  144  146  147  148  149  149
  149  149  149  149  149  149  148  148  148  147  147  147  147  147  146  145
  144  142  139  136  134  131  129  128  128  130  132  134  137  140  142  145
  146  147  147  147  146  145  144  142  141  139  138  136  134  132  130  128
  125  124  122  119  118  117  119  117  118                                   
    70.0-180.0 180.0   5.0 450.0                            LAT/LON1/LON2/DLON/H
  121  122  124  129  130  134  135  138  139  141  142  144  145  146  147  147
  147  147  146  146  145  144  143  142  141  141  140  140  140  140  141  141
  141  139  138  135  133  130  128  127  128  129  131  133  136  139  141  142
  143  144  143  142  141  140  139  138  137  136  135  134  132  130  129  127
  125  122  121  119  118  118  122  118  121                                   
    67.5-180.0 180.0   5.0 450.0                            LAT/LON1/LON2/DLON/H
  123  127  129  134  136  139  140  142  143  144  145  147  148  148  149  149
  148  148  147  146  144  143  141  140  138  136  135  135  135  136  137  138
  139  139  138  137  135  133  131  131  131  132  134  137  140  142  144  145
  146  146  145  144  143  142  141  141  140  140  139  138  137  136  134  133
  130  128  126  123  121  120  123  120  123                                   
    65.0-180.0 180.0   5.0 450.0                            LAT/LON1/LON2/DLON/H
  123  129  130  135  136  138  139  140  141  143  144  146  147  148  148  148
  147  146  145  143  142  140  138  135  133  130  128  128  128  129  131  133
  135  136  136  136  134  133  132  132  133  135  137  139  142  144  145  146
  147  146  146  145  144  143  143  142  142  141  141  141  140  138  137  135
  132  129  127  124  123  123  127  123  123                                   
    62.5-180.0 180.0   5.0 450.0                            LAT/LON1/LON2/DLON/H
  122  129  131  135  136  138  139  140  140  143  144  146  148  149  150  150
  149  147  145  143  141  139  137  134  131  128  126  124  124  125  127  130
  132  134  135  135  135  134  134  135  136  139  141  143  146  147  149  150
  150  150  150  149  149  148  147  147  146  146  145  144  143  141  139  137
  133  130  128  124  122  121  126  123  122                                   
    60.0-180.0 180.0   5.0 450.0                            LAT/LON1/LON2/DLON/H
  120  127  129  133  134  136  137  138  139  141  143  146  148  150  151  151
  149  148  146  144  142  140  137  135  132  129  126  125  124  125  127  130
  132  134  135  136  136  136  137  138  141  143  146  148  150  152  153  154
  155  155  156  155  155  154  152  151  150  149  147  146  144  141  138  135
  131  127  124  120  118  117  123  120  120                                   
    57.5-180.0 180.0   5.0 450.0                            LAT/LON1/LON2/DLON/H
  116  124  126  131  132  135  136  137  138  141  143  146  149  151  152  152
  151  149  147  145  143  142  140  139  137  134  132  130  130  130  132  134
  136  138  139  139  140  140  142  144  147  150  153  155  157  158  160  161
  162  164  164  164  163  161  159  156  154  151  149  146  142  138  134  130
  125  121  118  114  112  111  117  115  116                                   
    55.0-180.0 180.0   5.0 450.0                            LAT/LON1/LON2/DLON/H
  111  119  122  127  130  134  136  138  139  141  143  146  149  151  152  152
  151  150  148  146  145  145  144  144  143  142  141  140  139  139  140  142
  143  144  145  145  146  147  149  152  156  159  162  164  165  166  168  169
  171  173  173  172  170  168  164  160  156  152  148  144  139  134  129  124
  118  113  110  106  104  103  110  108  111                                   
    52.5-180.0 180.0   5.0 450.0                            LAT/LON1/LON2/DLON/H
  107  114  117  124  128  134  137  139  141  143  144  146  148  150  151  151
  151  150  148  147  147  147  148  150  150  151  150  150  150  150  150  151
  152  153  153  153  154  155  158  162  166  170  172  173  174  175  177  179
  181  182  182  180  177  172  167  162  156  151  146  140  135  129  123  117
  111  106  103   98   96   96  102  101  107                                   
    50.0-180.0 180.0   5.0 450.0                            LAT/LON1/LON2/DLON/H
  103  109  113  121  127  135  139  143  145  146  147  148  148  149  150  150
  151  150  149  149  149  150  152  155  157  159  159  159  159  160  160  160
  161  162  162  163  164  166  169  174  178  181  183  184  185  186  187  190
  191  192  190  187  181  175  169  162  155  149  143  138  132  126  120  114
  107  102   98   94   92   91   97   96  103                                   
    47.5-180.0 180.0   5.0 450.0                            LAT/LON1/LON2/DLON/H
  100  106  109  119  126  136  142  147  150  152  151  151  150  149  150  150
  151  152  152  152  153  155  157  160  163  165  166  166  166  166  167  168
  169  170  172  174  176  179  183  187  191  194  196  196  196  197  198  201
  202  201  197  191  184  177  169  161  154  148  142  137  132  126  120  114
  108  103   99   94   92   90   95   94  100                                   
    45.0-180.0 180.0   5.0 450.0                            LAT/LON1/LON2/DLON/H
   99  104  105  117  125  136  144  151  155  158  158  156  154  152  152  153
  155  156  157  158  159  160  163  166  169  170  171  171  171  171  171  172
  175  178  182  186  190  194  198  202  206  208  208  208  208  208  210  212
  212  209  203  195  187  178  169  162  155  149  144  140  136  131  125  120
  113  108  105  100   96   94   98   94   99                                   
    42.5-180.0 180.0   5.0 450.0                            LAT/LON1/LON2/DLON/H
  100  104  103  114  123  135  144  154  161  165  166  164  161  158  158  159
  161  164  166  167  167  169  171  173  175  176  176  175  174  174  174  176
  181  187  194  200  206  211  215  219  221  222  222  220  220  220  222  223
  222  217  209  199  190  180  172  165  158  153  149  147  144  140  135  130
  124  119  115  109  104  101  103   98  100                                   
    40.0-180.0 180.0   5.0 450.0                            LAT/LON1/LON2/DLON/H
  103  105  100  111  120  132  143  155  164  171  174  173  171  168  167  168
  171  174  177  178  179  180  182  183  184  184  183  181  179  178  179  182
  188  197  207  217  224  230  234  237  238  237  236  233  232  233  234  235
  232  225  215  204  194  185  178  171  165  160  158  156  155  152  148  143
  137  132  127  121  115  110  111  105  103                                   
    37.5-180.0 180.0   5.0 450.0                            LAT/LON1/LON2/DLON/H
  106  106   99  108  116  128  140  154  166  176  182  183  182  180  179  181
  184  187  190  191  192  193  195  196  196  195  193  191  189  187  188  192
  201  212  225  237  246  252  255  256  255  253  250  247  246  246  246  245
  241  232  221  210  200  193  186  180  174  170  167  166  166  164  161  156
  150  145  140  133  127  120  120  112  106                                   
    35.0-180.0 180.0   5.0 450.0                            LAT/LON1/LON2/DLON/H
  111  108   99  105  112  123  136  151  166  179  188  193  194  194  193  195
  198  201  203  205  206  208  210  211  211  210  208  206  204  203  205  210
  220  233  248  261  271  276  278  277  274  270  266  262  260  259  259  256
  249  239  227  216  208  202  196  190  184  179  176  175  175  174  172  167
  161  155  150  143  136  128  129  119  111                                   
    32.5-180.0 180.0   5.0 450.0                            LAT/LON1/LON2/DLON/H
  115  111  100  104  109  120  132  148  165  181  193  201  206  207  208  209
  211  214  216  218  220  223  226  228  229  228  228  227  227  228  230  236
  247  261  277  291  300  303  303  299  294  288  283  278  275  274  271  266
  258  246  233  223  215  210  206  200  192  186  181  181  181  180  178  173
  167  161  156  149  143  135  136  126  115                                   
    30.0-180.0 180.0   5.0 450.0                            LAT/LON1/LON2/DLON/H
  120  114  103  105  109  119  131  147  164  181  196  208  215  219  222  223
  225  226  228  230  233  237  241  245  247  248  250  253  255  259  263  270
  281  296  311  323  331  332  329  322  315  308  302  297  293  289  284  277
  266  253  239  228  221  217  212  206  197  189  183  182  182  182  179  175
  168  162  158  151  146  138  141  131  120                                   
    27.5-180.0 180.0   5.0 450.0                            LAT/LON1/LON2/DLON/H
  123  117  107  109  112  122  133  147  164  181  198  212  223  229  233  235
  236  237  238  241  245  250  256  261  264  268  273  279  287  293  300  309
  320  334  347  357  362  360  354  345  337  329  323  317  312  305  298  287
  273  258  243  231  224  219  214  206  197  187  181  178  178  178  176  172
  165  160  155  149  145  140  144  135  123                                   
    25.0-180.0 180.0   5.0 450.0                            LAT/LON1/LON2/DLON/H
  126  120  111  114  118  127  137  150  165  182  199  214  228  237  243  246
  247  248  249  252  257  264  270  275  280  285  294  306  318  328  338  348
  359  371  382  389  390  385  376  366  356  348  342  337  330  321  310  296
  280  262  245  231  221  215  209  201  192  182  175  172  171  171  170  166
  160  155  151  145  143  139  145  137  126                                   
    22.5-180.0 180.0   5.0 450.0                            LAT/LON1/LON2/DLON/H
  127  124  116  119  125  134  144  154  168  183  199  216  231  243  251  256
  258  259  261  265  271  277  283  288  293  301  313  329  346  361  373  384
  394  403  411  414  412  404  393  381  371  363  359  354  347  336  321  304
  284  263  243  226  213  205  198  191  183  175  168  165  164  163  162  159
  153  149  145  141  139  138  143  137  127                                   
    20.0-180.0 180.0   5.0 450.0                            LAT/LON1/LON2/DLON/H
  127  127  120  125  132  140  150  159  172  185  200  217  234  248  259  266
  270  273  276  281  287  293  298  302  307  316  330  349  370  388  403  414
  422  429  432  432  427  417  405  392  382  376  372  368  361  348  331  311
  287  263  240  219  203  192  185  179  174  168  163  160  158  157  155  152
  147  143  140  136  135  135  141  136  127                                   
    17.5-180.0 180.0   5.0 450.0                            LAT/LON1/LON2/DLON/H
  125  127  122  128  137  145  156  164  176  188  203  220  237  253  267  276
  283  288  294  299  305  310  314  316  321  330  346  368  391  411  426  436
  442  446  447  444  437  427  415  402  393  387  384  381  373  360  340  317
  291  264  237  212  193  180  173  169  167  165  161  158  156  153  150  146
  141  138  135  131  131  132  136  133  125                                   
    15.0-180.0 180.0   5.0 450.0                            LAT/LON1/LON2/DLON/H
  121  125  120  127  138  147  159  168  181  193  207  224  241  259  275  288
  298  306  314  320  326  330  331  333  336  346  363  385  409  429  443  452
  456  458  456  452  445  436  426  415  406  400  397  393  385  370  350  324
  296  266  236  209  187  172  165  164  165  166  164  161  157  152  148  143
  137  134  131  128  127  127  131  128  121                                   
    12.5-180.0 180.0   5.0 450.0                            LAT/LON1/LON2/DLON/H
  115  120  115  123  134  143  158  169  184  198  213  229  247  266  284  300
  313  325  334  341  346  349  349  350  354  363  380  402  424  443  456  463
  466  466  464  460  454  447  439  429  421  415  410  405  395  380  359  332
  302  271  239  209  185  169  163  164  167  170  170  166  160  153  147  141
  134  131  128  124  123  122  124  121  115                                   
    10.0-180.0 180.0   5.0 450.0                            LAT/LON1/LON2/DLON/H
  107  112  107  114  125  135  152  167  184  201  218  235  253  273  292  311
  327  341  352  360  364  366  366  367  372  382  398  419  439  455  465  471
  473  473  470  466  462  458  452  444  436  428  421  414  403  387  365  338
  308  275  242  212  187  171  165  167  172  176  176  171  163  154  146  138
  131  128  124  120  118  116  117  114  107                                   
     7.5-180.0 180.0   5.0 450.0                            LAT/LON1/LON2/DLON/H
  100  104   98  105  115  125  143  161  182  203  222  240  259  279  299  320
  338  354  365  373  376  378  379  382  388  400  416  434  452  465  474  478
