data/edconvlstm_nd/pred1020.15i
     1.0            IONOSPHERE MAPS     GNSS                IONEX VERSION / TYPE
pyspatialgeodesy        IME             05-JAN-18 20:20     PGM / RUN BY / DATE 
Map Name                                                    COMMENT             
Predicted global ionosphere maps (GIM).                     DESCRIPTION         
  2015     4    12     0     0     0                        EPOCH OF FIRST MAP  
  2015     4    13     0     0     0                        EPOCH OF LAST MAP   
  7200                                                      INTERVAL            
    13                                                      # OF MAPS IN FILE   
  NONE                                                      MAPPING FUNCTION    
10.0                                                        ELEVATION CUTOFF    
One-way carrier phase leveled to code                       OBSERVABLES USED    
  6371.0                                                    BASE RADIUS         
 2                                                          MAP DIMENSION       
   450.0 450.0   0.0                                        HGT1 / HGT2 / DHGT  
    87.5 -87.5  -2.5                                        LAT1 / LAT2 / DLAT  
  -180.0 180.0   5.0                                        LON1 / LON2 / DLON  
    -1                                                      EXPONENT            
                                                            END OF HEADER       
[from data line 429]
     2                                                      START OF TEC MAP    
  2015     4    12     2     0     0                        EPOCH OF CURRENT MAP
    87.5-180.0 180.0   5.0 450.0                            LAT/LON1/LON2/DLON/H
  112  113  114  114  114  111  108  108  111  113  115  117  120  122  123  125
  126  126  126  126  125  124  122  120  118  116  114  112  110  108  107  105
  104  103  103  102  102  102  102  102  102  103  103  103  103  103  103  103
  104  104  104  104  104  104  104  105  105  105  105  105  105  105  104  105
  106  106  105  104  105  111  112  109  112                                   
    85.0-180.0 180.0   5.0 450.0                            LAT/LON1/LON2/DLON/H
  112  120  106  111  114  111  109  110  112  115  117  120  123  126  128  130
  131  132  132  131  130  128  125  122  119  116  112  109  106  103  101   99
   97   96   95   95   95   95   96   96   97   98   98   99   99  100  100  101
  102  102  103  103  104  105  106  107  108  109  110  111  111  111  111  112
  113  114  113  116  112  112  114  107  112                                   
    82.5-180.0 180.0   5.0 450.0                            LAT/LON1/LON2/DLON/H
  110  107  112  109  109  108  106  107  111  115  118  122  126  130  133  136
  138  138  138  137  135  131  127  123  118  112  107  102   98   93   90   87
   85   84   83   83   83   84   85   86   87   89   90   91   92   92   93   94
   95   96   97   98  100  101  103  105  107  109  111  113  115  116  117  118
  119  120  118  116  121  108  107  106  110                                   
    80.0-180.0 180.0   5.0 450.0                            LAT/LON1/LON2/DLON/H
  116  109  104  101  101   98   99  101  106  110  114  119  124  129  133  137
  139  140  139  138  135  130  124  118  111  103   96   89   83   78   74   71
   69   67   67   67   68   69   71   72   74   75   76   77   78   79   80   81
   82   83   85   86   88   91   94   97  100  104  107  111  114  117  120  123
  125  124  123  120  127  117  117  115  116                                   
    77.5-180.0 180.0   5.0 450.0                            LAT/LON1/LON2/DLON/H
  127  118  107  106  101   98  100  102  105  109  113  118  123  128  133  136
  138  139  139  137  133  128  122  114  105   97   88   80   73   68   64   61
   59   59   59   60   61   63   65   67   68   69   70   71   72   72   73   74
   74   75   77   79   81   84   88   92   97  102  108  113  119  124  128  134
  137  139  136  136  139  129  128  127  127                                   
    75.0-180.0 180.0   5.0 450.0                            LAT/LON1/LON2/DLON/H
  139  131  121  118  111  105  105  105  108  110  112  117  120  124  127  129
  131  131  131  129  126  121  115  107   98   89   80   72   65   60   56   54
   53   53   54   56   57   59   60   62   63   64   64   65   65   65   65   66
   66   67   69   71   73   77   81   86   91   98  105  112  120  127  134  142
  147  151  152  149  154  151  149  144  139                                   
    72.5-180.0 180.0   5.0 450.0                            LAT/LON1/LON2/DLON/H
  152  150  141  135  127  120  119  118  119  118  119  121  122  123  123  123
  124  124  124  123  121  118  112  105   97   88   79   71   65   60   57   56
   56   57   58   60   61   63   63   64   64   64   64   64   64   64   64   65
   65   66   68   70   72   76   80   85   91   98  106  115  124  132  141  151
  157  164  169  169  173  170  169  165  152                                   
    70.0-180.0 180.0   5.0 450.0                            LAT/LON1/LON2/DLON/H
  172  169  161  155  143  135  133  130  129  127  124  123  120  116  113  111
  109  109  109  110  110  109  105  100   93   85   77   69   64   60   58   58
   58   60   61   62   62   63   63   62   62   61   61   61   61   61   62   63
   64   66   68   70   73   76   80   86   92   99  107  116  125  134  144  154
  162  169  177  180  186  187  189  184  172                                   
    67.5-180.0 180.0   5.0 450.0                            LAT/LON1/LON2/DLON/H
  186  186  177  170  158  149  145  140  138  134  129  124  117  109  103   97
   94   93   94   96   98   99   98   94   88   81   74   67   63   60   59   59
   59   60   60   60   60   58   57   56   55   54   54   54   55   56   58   60
   62   65   67   70   73   76   80   85   91   98  106  115  124  132  141  151
  159  167  175  179  188  192  196  197  186                                   
    65.0-180.0 180.0   5.0 450.0                            LAT/LON1/LON2/DLON/H
  195  196  187  181  169  160  155  150  147  141  134  126  116  105   95   87
   82   81   82   86   90   92   93   90   85   79   72   66   62   60   59   59
   60   59   59   57   55   52   50   48   47   46   47   48   50   52   55   59
   63   67   70   74   78   81   85   90   95  102  110  118  126  134  141  150
  156  163  171  175  185  191  200  205  195                                   
    62.5-180.0 180.0   5.0 450.0                            LAT/LON1/LON2/DLON/H
  199  201  193  187  177  167  161  157  153  147  139  129  117  104   92   83
   77   75   77   80   84   88   88   86   81   75   69   64   61   59   59   58
   58   56   54   51   47   44   41   39   39   39   41   43   47   51   55   60
   65   70   75   80   84   88   92   97  102  109  117  125  133  139  145  151
  155  160  167  170  178  186  197  205  199                                   
    60.0-180.0 180.0   5.0 450.0                            LAT/LON1/LON2/DLON/H
  198  200  195  189  180  169  164  160  156  150  141  131  119  105   93   83
   77   74   75   77   81   83   82   79   74   67   62   58   56   55   55   54
   53   50   47   42   38   35   33   32   33   35   38   41   46   50   56   62
   68   75   81   87   92   96  100  105  111  118  126  134  142  148  153  157
  158  160  164  165  172  180  191  201  198                                   
    57.5-180.0 180.0   5.0 450.0                            LAT/LON1/LON2/DLON/H
  199  201  197  192  184  174  168  163  160  153  144  134  122  109   97   88
   81   78   77   77   78   78   75   70   64   58   54   51   50   51   51   50
   48   44   40   36   32   30   29   30   32   35   39   43   48   54   59   66
   73   80   88   95  101  106  110  115  121  128  137  146  155  161  166  169
  169  169  170  168  173  178  189  199  199                                   
    55.0-180.0 180.0   5.0 450.0                            LAT/LON1/LON2/DLON/H
  204  207  204  201  194  183  178  172  167  158  148  137  125  114  103   95
   89   84   81   78   75   72   67   61   55   50   46   45   46   47   48   47
   44   41   37   34   31   31   32   34   37   41   45   50   55   60   66   73
   81   89   97  105  112  118  122  127  133  140  150  160  170  178  184  187
  186  185  185  181  182  185  193  203  204                                   
    52.5-180.0 180.0   5.0 450.0                            LAT/LON1/LON2/DLON/H
  217  221  219  217  211  202  196  188  180  168  155  143  131  120  111  103
   97   90   84   78   72   66   60   53   48   43   42   42   44   46   47   47
   44   41   39   37   37   38   41   44   48   53   57   62   67   72   78   85
   93  102  111  119  127  132  137  141  147  155  165  177  188  198  205  210
  209  209  209  203  201  200  207  215  217                                   
    50.0-180.0 180.0   5.0 450.0                            LAT/LON1/LON2/DLON/H
  237  242  241  242  238  230  223  213  201  185  168  152  139  128  119  112
  104   96   87   78   70   63   56   50   45   42   42   44   47   49   51   50
   48   46   45   46   48   51   56   60   65   70   74   79   84   90   96  103
  111  120  129  138  145  151  156  159  165  173  184  196  208  219  227  234
  236  238  238  232  229  224  229  235  237                                   
    47.5-180.0 180.0   5.0 450.0                            LAT/LON1/LON2/DLON/H
  261  268  269  272  270  264  257  244  228  207  185  166  150  138  128  119
  110  100   89   79   70   63   57   52   48   47   47   49   53   55   57   56
   55   55   56   59   64   69   74   80   85   90   96  101  107  113  120  127
  134  143  151  160  168  174  178  182  188  196  207  219  231  242  250  258
  262  267  270  264  260  253  257  262  261                                   
    45.0-180.0 180.0   5.0 450.0                            LAT/LON1/LON2/DLON/H
  287  295  297  303  303  298  291  276  257  231  205  182  163  148  137  126
  115  103   92   82   75   69   65   61   58   57   57   59   61   63   64   63
   63   65   69   74   81   88   94  100  106  113  120  127  134  140  147  153
  160  168  176  185  193  200  206  211  217  225  235  247  258  267  275  282
  288  295  300  296  292  284  287  290  287                                   
    42.5-180.0 180.0   5.0 450.0                            LAT/LON1/LON2/DLON/H
  313  321  323  330  332  328  320  304  282  254  225  199  177  160  146  133
  120  108   97   89   85   82   79   77   73   71   69   70   70   71   71   70
   72   75   81   89   97  105  112  119  127  135  143  152  159  166  173  179
  185  192  201  210  220  230  237  244  251  260  270  281  290  297  302  308
  313  321  328  326  322  313  316  318  313                                   
    40.0-180.0 180.0   5.0 450.0                            LAT/LON1/LON2/DLON/H
  337  344  345  350  352  348  339  323  301  271  241  213  190  170  154  139
  125  114  106  101   99   99   98   96   91   87   83   80   79   78   77   77
   79   84   92  102  111  120  128  135  143  153  162  172  180  187  193  199
  205  213  223  234  246  258  269  278  287  297  308  318  326  331  334  337
  341  348  355  355  350  341  344  344  337                                   
    37.5-180.0 180.0   5.0 450.0                            LAT/LON1/LON2/DLON/H
  364  368  366  365  366  359  348  332  310  282  252  225  201  180  162  145
  132  122  117  115  117  118  118  114  108  101   95   90   87   85   83   83
   86   93  102  112  123  132  140  147  155  165  176  185  193  200  206  212
  219  228  240  253  268  283  298  311  323  335  347  358  367  371  373  373
  374  379  386  385  380  372  374  372  364                                   
    35.0-180.0 180.0   5.0 450.0                            LAT/LON1/LON2/DLON/H
  400  401  393  383  379  368  354  337  315  288  260  235  211  189  169  152
  139  132  129  130  134  136  135  130  122  114  106  101   97   94   92   92
   95  102  112  122  132  141  148  155  163  172  183  192  199  205  210  217
  226  238  251  267  285  305  324  342  358  374  389  403  413  418  419  419
  417  420  424  421  416  410  410  405  400                                   
    32.5-180.0 180.0   5.0 450.0                            LAT/LON1/LON2/DLON/H
  448  450  435  415  404  386  367  346  323  296  269  245  222  199  178  160
  147  141  141  144  147  148  145  140  132  125  119  115  111  108  105  105
  108  115  124  133  142  149  155  160  168  176  185  193  199  204  209  217
  229  243  259  277  298  322  347  370  392  412  431  448  462  471  474  474
  472  471  472  467  462  459  456  448  448                                   
    30.0-180.0 180.0   5.0 450.0                            LAT/LON1/LON2/DLON/H
  513  518  498  470  451  427  401  373  345  314  285  260  236  212  189  170
  157  151  151  153  154  153  150  146  142  139  137  135  133  129  126  125
  127  132  139  147  153  158  162  166  172  179  186  192  196  199  204  214
  227  244  263  284  308  335  364  393  418  442  464  486  505  520  529  533
  533  532  530  521  517  518  513  502  513                                   
    27.5-180.0 180.0   5.0 450.0                            LAT/LON1/LON2/DLON/H
  591  604  583  550  525  498  465  428  391  353  317  287  259  232  205  183
  168  160  158  157  155  153  152  152  155  159  163  165  165  161  156  153
  153  155  159  163  167  169  171  174  177  182  187  190  192  194  199  209
  225  245  266  289  315  345  376  407  435  461  485  510  534  557  575  586
  591  592  590  580  579  584  579  567  591                                   
    25.0-180.0 180.0   5.0 450.0                            LAT/LON1/LON2/DLON/H
  675  697  680  650  624  598  561  516  469  419  372  331  296  262  229  202
  183  171  164  158  154  152  156  164  176  190  201  208  208  203  196  189
  185  183  183  182  182  182  183  183  185  187  190  191  191  191  195  206
  223  245  269  294  321  352  384  416  445  470  495  521  550  579  606  627
  640  646  645  638  641  651  649  638  675                                   
    22.5-180.0 180.0   5.0 450.0                            LAT/LON1/LON2/DLON/H
  758  784  778  758  735  715  677  629  572  510  449  396  349  306  266  231
  205  186  172  162  156  157  168  187  211  235  253  263  262  253  241  229
  220  212  206  201  197  196  195  194  194  194  195  195  193  191  193  203
  222  246  272  299  327  359  392  423  451  475  499  525  557  592  626  655
  676  688  692  691  699  715  719  711  758                                   
    20.0-180.0 180.0   5.0 450.0                            LAT/LON1/LON2/DLON/H
  831  857  865  858  841  829  796  748  686  615  542  477  419  367  318  274
  238  211  190  175  169  175  195  226  262  295  317  324  318  303  283  265
  249  236  224  215  209  206  205  204  203  202  201  200  196  192  192  201
  221  247  275  304  334  366  400  431  457  479  501  528  560  599  638  673
  701  719  729  737  751  771  780  776  831                                   
    17.5-180.0 180.0   5.0 450.0                            LAT/LON1/LON2/DLON/H
  885  909  931  938  929  925  899  855  793  718  638  565  501  442  386  333
  288  251  222  204  199  211  241  285  330  366  384  382  364  338  311  286
  266  248  234  222  216  213  212  211  209  207  207  204  199  193  191  199
  219  246  277  307  339  373  406  437  462  483  505  531  564  604  646  685
  717  741  757  774  793  813  825  826  885                                   
    15.0-180.0 180.0   5.0 450.0                            LAT/LON1/LON2/DLON/H
  915  937  970  987  986  990  971  934  877  803  723  650  586  527  468  410
  355  309  274  253  250  270  310  362  409  437  439  419  387  350  316  289
  267  249  235  224  218  216  216  214  212  210  209  207  200  192  188  195
  215  243  275  307  340  374  409  439  464  485  507  534  569  609  652  691
  726  753  777  801  822  841  853  856  915                                   
    12.5-180.0 180.0   5.0 450.0                            LAT/LON1/LON2/DLON/H
  924  945  983 1003 1008 1016 1003  973  923  857  784  719  663  611  556  497
  439  387  348  326  327  354  400  449  483  488  467  427  382  340  305  280
  261  245  232  223  218  217  216  214  211  209  208  205  198  189  183  188
  207  235  268  301  334  368  402  433  458  481  504  533  570  611  653  693
  730  759  788  817  840  855  867  869  924                                   
    10.0-180.0 180.0   5.0 450.0                            LAT/LON1/LON2/DLON/H
  918  940  976  993  998 1006  995  970  929  873  813  760  718  679  635  583
  527  476  439  421  426  454  494  525  531  507  462  408  359  320  292  272
  256  243  232  224  220  218  215  211  207  204  203  199  192  181  174  178
  195  223  255  288  321  355  388  417  443  467  494  527  566  610  652  692
  729  761  794  827  849  863  873  872  918                                   
     7.5-180.0 180.0   5.0 450.0                            LAT/LON1/LON2/DLON/H
  910  932  961  970  970  975  962  940  905  858  810  770  743  719  688  648
  602  561  532  520  528  548  568  569  541  491  432  377  335  306  287  273
