data/edconvlstm_nd/pred2610.15i
     1.0            IONOSPHERE MAPS     GNSS                IONEX VERSION / TYPE
pyspatialgeodesy        IME             05-JAN-18 20:20     PGM / RUN BY / DATE 
Map Name                                                    COMMENT             
Predicted global ionosphere maps (GIM).                     DESCRIPTION         
  2015     9    18     0     0     0                        EPOCH OF FIRST MAP  
  2015     9    19     0     0     0                        EPOCH OF LAST MAP   
  7200                                                      INTERVAL            
    13                                                      # OF MAPS IN FILE   
  NONE                                                      MAPPING FUNCTION    
10.0                                                        ELEVATION CUTOFF    
One-way carrier phase leveled to code                       OBSERVABLES USED    
  6371.0                                                    BASE RADIUS         
 2                                                          MAP DIMENSION       
   450.0 450.0   0.0                                        HGT1 / HGT2 / DHGT  
    87.5 -87.5  -2.5                                        LAT1 / LAT2 / DLAT  
  -180.0 180.0   5.0                                        LON1 / LON2 / DLON  
    -1                                                      EXPONENT            
                                                            END OF HEADER       
[from data line 2574]
     7                                                      START OF TEC MAP    
  2015     9    18    12     0     0                        EPOCH OF CURRENT MAP
    87.5-180.0 180.0   5.0 450.0                            LAT/LON1/LON2/DLON/H
   81   94   94   99  101  102  101   98   98  101  100  101  101  101  101  101
  100  100  100  100  100  100   99   99   98   98   98   97   97   96   95   95
   94   94   93   92   91   91   90   89   89   88   88   87   87   87   86   86
   86   86   86   85   85   85   85   85   85   85   85   85   86   86   86   87
   88   90   88   86   89   89  102  101   81                                   
    85.0-180.0 180.0   5.0 450.0                            LAT/LON1/LON2/DLON/H
   84   97  109   98   98  103  103  104  104  106  105  106  106  106  106  106
  106  106  106  106  106  106  106  106  106  106  106  106  106  105  105  104
  104  103  102  101  100   99   98   97   97   96   95   94   94   93   92   92
   91   91   90   90   89   89   89   88   88   88   88   88   88   89   89   90
   92   93   89   85   85   89   97   99   84                                   
    82.5-180.0 180.0   5.0 450.0                            LAT/LON1/LON2/DLON/H
   76   89   97   89   89   94   95   96   96   98   97   98   97   97   97   97
   97   97   98   98   99  100  100  101  102  102  103  103  104  104  103  103
  102  102  101  100   99   98   97   96   95   94   93   92   91   90   89   88
   87   86   85   84   83   82   82   81   81   80   80   79   79   79   79   80
   81   82   79   77   79   87   84   83   76                                   
    80.0-180.0 180.0   5.0 450.0                            LAT/LON1/LON2/DLON/H
   66   73   83   78   78   79   81   82   84   85   84   85   84   84   83   84
   84   85   85   86   88   89   91   93   94   96   97   98   99  100  100   99
   99   98   97   96   95   94   93   93   92   91   89   88   87   86   84   83
   81   80   79   77   76   75   74   72   71   70   69   68   67   66   66   66
   68   68   67   66   67   74   76   77   66                                   
    77.5-180.0 180.0   5.0 450.0                            LAT/LON1/LON2/DLON/H
   63   65   70   66   66   69   70   71   72   72   70   71   70   70   70   70
   71   72   74   76   78   81   84   87   89   92   94   96   98   99   99   99
   98   97   96   95   95   94   93   92   92   91   90   88   87   85   84   82
   80   78   77   75   73   71   70   67   65   63   61   60   58   57   56   55
   55   55   55   55   57   58   61   65   63                                   
    75.0-180.0 180.0   5.0 450.0                            LAT/LON1/LON2/DLON/H
   49   54   56   56   56   59   59   59   60   60   58   58   57   57   57   58
   59   60   63   65   68   72   76   80   84   88   92   95   97   98   99   99
   98   98   97   96   96   96   96   96   96   95   94   93   91   89   87   85
   83   81   79   77   74   72   69   67   64   61   58   55   53   51   50   49
   48   48   48   46   50   49   51   49   49                                   
    72.5-180.0 180.0   5.0 450.0                            LAT/LON1/LON2/DLON/H
   42   47   49   49   49   52   53   52   52   51   49   49   48   48   48   49
   50   52   55   58   62   66   71   76   81   87   91   95   98  100  100  100
  100   99   99   98   99   99  100  101  101  101  100   99   97   94   92   89
   87   85   82   80   77   74   71   67   63   60   56   53   50   48   46   45
   44   44   44   43   45   45   46   47   42                                   
    70.0-180.0 180.0   5.0 450.0                            LAT/LON1/LON2/DLON/H
   40   42   46   45   45   46   46   46   46   46   44   43   42   42   43   44
   45   48   51   54   58   63   68   74   80   86   91   96  100  102  103  103
  103  102  102  102  103  104  106  108  109  109  108  106  104  101   98   95
   93   90   88   85   82   78   74   70   66   62   58   54   51   49   47   46
   45   44   45   43   45   44   47   48   40                                   
    67.5-180.0 180.0   5.0 450.0                            LAT/LON1/LON2/DLON/H
   37   40   43   42   43   43   44   44   44   44   42   42   42   42   42   44
   46   48   51   55   58   62   67   73   79   85   91   96  100  103  104  104
  104  103  103  103  105  107  110  112  113  114  113  111  108  104  101   99
   96   94   92   89   86   82   78   74   69   65   61   58   55   53   52   51
   51   49   49   46   47   45   46   46   37                                   
    65.0-180.0 180.0   5.0 450.0                            LAT/LON1/LON2/DLON/H
   38   40   41   41   40   41   42   42   43   43   42   43   43   43   44   46
   48   51   54   56   59   63   67   72   78   84   90   96  101  104  106  107
  107  106  106  107  109  112  115  118  119  120  118  116  112  109  106  103
  101   99   97   95   92   88   84   79   75   71   67   64   62   61   60   59
   59   58   57   54   53   50   50   50   38                                   
    62.5-180.0 180.0   5.0 450.0                            LAT/LON1/LON2/DLON/H
   38   38   39   39   38   38   39   40   41   42   42   43   43   44   46   49
   51   54   56   58   60   62   65   70   75   81   87   94   99  103  106  108
  108  108  109  110  112  115  118  121  122  122  120  117  113  110  107  105
  104  103  101  100   97   93   89   85   80   77   73   71   69   68   67   66
   66   64   64   59   57   53   52   52   38                                   
    60.0-180.0 180.0   5.0 450.0                            LAT/LON1/LON2/DLON/H
   40   38   37   36   34   34   35   36   38   39   39   41   42   43   46   49
   52   54   56   57   58   60   62   66   71   76   83   89   95  101  105  108
  110  111  113  114  116  119  121  124  124  123  120  117  112  109  107  106
  105  105  105  104  102   98   94   90   86   83   80   78   75   74   72   71
   70   68   67   62   59   54   52   52   40                                   
    57.5-180.0 180.0   5.0 450.0                            LAT/LON1/LON2/DLON/H
   42   38   37   36   33   33   33   34   35   36   37   38   39   42   44   48
   51   54   55   56   56   57   59   63   67   73   79   86   93  100  106  111
  115  118  120  122  124  126  128  129  129  127  124  119  115  112  110  110
  111  112  112  112  110  107  103  100   96   93   90   88   85   82   79   77
   75   72   71   65   61   55   53   53   42                                   
    55.0-180.0 180.0   5.0 450.0                            LAT/LON1/LON2/DLON/H
   47   41   40   38   35   34   33   33   34   34   34   35   36   38   41   45
   48   51   53   53   54   55   57   61   66   71   78   85   92  100  109  116
  123  127  130  132  133  135  136  137  136  133  129  125  120  118  116  117
  119  120  121  121  119  117  113  110  107  104  102   99   95   91   87   83
   79   75   73   67   62   56   54   54   47                                   
    52.5-180.0 180.0   5.0 450.0                            LAT/LON1/LON2/DLON/H
   54   47   46   45   40   39   38   37   36   35   34   34   34   35   38   41
   45   48   50   51   52   54   57   62   67   73   80   86   94  104  114  124
  132  138  142  144  146  146  147  147  146  143  138  134  129  127  126  127
  129  131  132  132  130  127  124  122  119  117  115  111  107  102   95   90
   84   78   76   70   65   59   57   57   54                                   
    50.0-180.0 180.0   5.0 450.0                            LAT/LON1/LON2/DLON/H
   63   57   56   55   50   49   47   45   43   40   37   35   34   34   36   39
   42   46   48   51   53   56   61   67   73   79   85   92   99  109  120  132
  143  150  155  158  159  159  159  159  157  154  150  145  141  139  138  139
  141  142  142  141  140  137  134  132  130  129  127  124  119  113  105   98
   91   84   81   75   71   65   63   62   63                                   
    47.5-180.0 180.0   5.0 450.0                            LAT/LON1/LON2/DLON/H
   72   69   69   69   64   63   61   58   55   51   45   41   37   35   36   38
   42   46   49   53   56   61   68   75   82   89   94  100  107  117  128  141
  153  162  168  170  171  172  172  171  170  167  162  158  154  151  151  151
  151  151  151  149  146  143  141  139  137  137  136  134  130  123  115  107
   99   92   88   82   78   74   72   70   72                                   
    45.0-180.0 180.0   5.0 450.0                            LAT/LON1/LON2/DLON/H
   81   80   81   83   78   78   76   74   70   65   58   51   45   41   40   41
   44   48   53   58   63   70   77   86   94  101  106  110  116  125  136  149
  162  171  178  182  183  184  184  184  182  179  175  170  166  163  162  161
  160  158  156  153  149  146  143  141  140  141  141  140  137  132  124  116
  108  101   96   90   87   83   82   80   81                                   
    42.5-180.0 180.0   5.0 450.0                            LAT/LON1/LON2/DLON/H
   87   89   90   93   90   91   90   89   85   81   73   66   57   52   48   48
   51   55   60   66   72   80   89   98  106  112  117  121  126  133  144  156
  169  179  187  192  195  197  198  197  196  192  187  182  177  174  171  169
  167  163  159  154  149  145  142  140  140  141  142  143  141  137  130  123
  115  108  104   98   95   92   91   88   87                                   
    40.0-180.0 180.0   5.0 450.0                            LAT/LON1/LON2/DLON/H
   88   92   94   98   96   99  100  100   99   95   88   81   72   65   60   59
   60   64   70   76   83   91  100  108  116  122  127  130  134  141  150  162
  175  187  197  204  209  212  214  213  210  206  199  193  188  184  181  178
  174  168  162  155  149  144  140  138  138  140  142  143  142  138  133  127
  120  113  109  103  100   97   96   93   88                                   
    37.5-180.0 180.0   5.0 450.0                            LAT/LON1/LON2/DLON/H
   85   90   91   96   96  100  103  106  107  106  101   94   86   79   74   71
   71   75   80   87   95  102  109  116  123  129  134  138  142  148  157  170
  184  198  210  221  228  232  233  232  228  221  213  206  199  195  192  189
  184  177  169  161  154  148  144  141  140  141  142  143  141  138  132  126
  120  113  109  105  102   99   97   94   85                                   
    35.0-180.0 180.0   5.0 450.0                            LAT/LON1/LON2/DLON/H
   79   84   85   89   89   95  100  106  109  111  109  105   99   92   87   83
   82   85   90   98  105  111  116  121  127  133  138  143  149  156  166  180
  196  213  229  243  252  258  258  255  249  240  231  222  215  211  209  206
  201  194  186  176  168  161  156  152  150  149  148  147  143  137  130  124
  117  110  107  102   99   96   95   92   79                                   
    32.5-180.0 180.0   5.0 450.0                            LAT/LON1/LON2/DLON/H
   74   77   77   79   80   86   92   99  105  109  111  110  107  102   97   92
   90   92   98  106  113  117  120  123  127  133  141  148  156  165  178  194
  213  234  254  271  283  288  288  283  275  264  253  244  238  234  233  232
  228  222  213  204  195  187  180  175  171  168  164  158  150  140  130  121
  112  105  102   97   95   92   92   89   74                                   
    30.0-180.0 180.0   5.0 450.0                            LAT/LON1/LON2/DLON/H
   71   73   71   72   72   77   82   90   97  103  107  109  109  107  103   98
   95   97  102  111  118  121  122  123  127  133  142  152  164  177  193  212
  236  261  285  304  316  322  320  314  304  292  281  272  267  265  266  267
  265  260  252  243  233  225  218  211  205  198  190  178  164  149  134  122
  111  102   97   92   91   88   89   86   71                                   
    27.5-180.0 180.0   5.0 450.0                            LAT/LON1/LON2/DLON/H
   73   74   70   70   69   72   76   81   88   94   99  104  107  107  104   99
   96   97  103  112  120  123  123  123  126  133  144  158  173  190  210  234
  261  290  317  338  351  355  352  344  334  323  313  306  302  302  305  308
  309  306  299  291  282  273  265  257  248  237  224  207  187  165  145  128
  114  104   97   91   90   88   90   87   73                                   
    25.0-180.0 180.0   5.0 450.0                            LAT/LON1/LON2/DLON/H
   80   81   75   74   73   74   75   78   82   87   91   96  100  102  100   96
   93   94  101  111  119  123  123  123  126  134  148  165  184  205  229  257
  288  320  348  369  381  383  379  371  362  354  347  342  340  342  346  351
  354  353  348  341  333  324  315  305  293  279  261  239  214  187  163  142
  125  112  104   96   95   93   96   92   80                                   
    22.5-180.0 180.0   5.0 450.0                            LAT/LON1/LON2/DLON/H
   92   94   87   86   84   83   81   80   81   83   85   89   93   95   94   90
   87   89   97  107  117  122  123  124  128  138  153  173  196  221  249  281
  315  347  375  395  404  404  399  392  386  381  378  376  377  379  385  390
  395  396  393  388  380  371  360  348  334  317  296  270  242  213  186  163
  143  129  118  108  106  104  106  101   92                                   
    20.0-180.0 180.0   5.0 450.0                            LAT/LON1/LON2/DLON/H
  106  110  104  101   99   96   92   87   85   83   82   84   86   88   87   84
   81   84   92  104  114  120  123  126  132  144  161  183  209  238  269  303
  337  369  394  410  416  415  410  405  403  403  404  406  408  411  416  421
  426  428  428  424  416  406  394  379  363  344  322  296  267  238  211  188
  168  152  138  127  122  118  118  113  106                                   
    17.5-180.0 180.0   5.0 450.0                            LAT/LON1/LON2/DLON/H
  121  126  120  117  114  109  104   97   91   86   82   81   81   82   81   79
   77   80   89  101  112  119  124  129  138  152  171  195  224  255  288  322
  355  383  404  416  419  416  412  411  414  419  424  428  431  433  437  441
  445  447  447  444  437  426  411  395  377  357  336  312  287  260  236  215
  195  179  163  150  142  136  133  127  121                                   
    15.0-180.0 180.0   5.0 450.0                            LAT/LON1/LON2/DLON/H
  134  139  134  129  126  119  114  106   98   90   84   80   78   78   77   75
   75   79   88  100  111  119  126  134  146  162  183  209  238  271  304  337
  367  391  407  413  413  410  409  412  420  430  438  443  445  446  447  448
  450  452  451  448  440  428  413  395  376  358  339  319  298  277  257  240
  221  206  189  174  163  153  147  139  134                                   
    12.5-180.0 180.0   5.0 450.0                            LAT/LON1/LON2/DLON/H
  142  147  142  136  132  124  120  110  102   94   86   80   76   75   74   74
   75   81   90  101  112  121  130  140  154  173  195  223  253  286  319  349
  374  393  404  407  405  404  406  413  425  438  447  452  452  450  448  446
  446  445  444  439  431  418  402  383  365  349  334  318  303  287  272  259
  243  229  212  196  182  168  160  149  142                                   
    10.0-180.0 180.0   5.0 450.0                            LAT/LON1/LON2/DLON/H
  147  150  144  136  131  123  119  111  103   95   87   80   75   73   72   73
   77   84   94  105  115  125  135  148  164  184  209  237  268  300  331  357
  379  393  400  401  400  400  406  417  432  445  453  456  454  449  443  439
  436  433  430  424  415  402  386  368  351  337  324  313  301  290  280  270
  257  245  228  213  198  181  170  158  147                                   
     7.5-180.0 180.0   5.0 450.0                            LAT/LON1/LON2/DLON/H
  150  149  142  132  126  117  114  106  101   94   87   80   75   72   72   74
   79   87   98  110  120  130  142  156  175  197  222  251  281  312  340  364
