data/edconvlstm_nd/pred1910.15i
     1.0            IONOSPHERE MAPS     GNSS                IONEX VERSION / TYPE
pyspatialgeodesy        IME             05-JAN-18 20:20     PGM / RUN BY / DATE 
Map Name                                                    COMMENT             
Predicted global ionosphere maps (GIM).                     DESCRIPTION         
  2015     7    10     0     0     0                        EPOCH OF FIRST MAP  
  2015     7    11     0     0     0                        EPOCH OF LAST MAP   
  7200                                                      INTERVAL            
    13                                                      # OF MAPS IN FILE   
  NONE                                                      MAPPING FUNCTION    
10.0                                                        ELEVATION CUTOFF    
One-way carrier phase leveled to code                       OBSERVABLES USED    
  6371.0                                                    BASE RADIUS         
 2                                                          MAP DIMENSION       
   450.0 450.0   0.0                                        HGT1 / HGT2 / DHGT  
    87.5 -87.5  -2.5                                        LAT1 / LAT2 / DLAT  
  -180.0 180.0   5.0                                        LON1 / LON2 / DLON  
    -1                                                      EXPONENT            
                                                            END OF HEADER       
[from data line 2145]
     6                                                      START OF TEC MAP    
  2015     7    10    10     0     0                        EPOCH OF CURRENT MAP
    87.5-180.0 180.0   5.0 450.0                            LAT/LON1/LON2/DLON/H
  184  181  177  181  182  182  180  178  178  179  178  178  177  177  177  176
  176  176  176  176  176  176  176  176  176  176  176  176  176  176  176  176
  176  176  176  176  176  176  176  176  177  177  177  177  178  178  179  179
  179  179  179  179  179  179  179  179  179  179  178  178  178  178  178  178
  178  179  178  178  183  182  185  182  184                                   
    85.0-180.0 180.0   5.0 450.0                            LAT/LON1/LON2/DLON/H
  180  180  187  183  182  184  183  183  183  182  181  181  180  179  179  179
  178  178  178  178  178  178  179  179  179  180  180  180  180  181  181  181
  181  182  182  182  182  182  183  183  183  183  184  184  185  185  186  186
  186  187  187  187  187  187  187  186  186  186  186  185  185  185  185  185
  185  187  183  182  181  180  185  189  180                                   
    82.5-180.0 180.0   5.0 450.0                            LAT/LON1/LON2/DLON/H
  174  184  185  178  176  177  176  175  175  173  172  171  170  169  169  168
  168  168  168  169  169  170  171  171  172  173  173  174  175  176  176  177
  178  179  179  180  181  181  182  182  183  184  184  185  186  187  188  189
  189  190  190  190  190  190  190  189  188  188  187  186  185  184  183  183
  182  183  179  181  180  185  187  176  174                                   
    80.0-180.0 180.0   5.0 450.0                            LAT/LON1/LON2/DLON/H
  177  183  184  179  177  175  174  173  172  170  168  166  165  164  163  163
  163  163  163  164  164  165  166  166  167  168  169  170  170  171  172  174
  175  176  177  178  179  179  180  181  182  183  184  186  187  189  190  192
  193  194  195  196  196  196  195  195  193  192  191  189  188  187  185  185
  184  184  181  183  181  185  192  177  177                                   
    77.5-180.0 180.0   5.0 450.0                            LAT/LON1/LON2/DLON/H
  183  184  186  182  178  176  174  171  169  166  163  162  160  159  158  158
  158  158  159  160  161  162  163  163  164  165  166  167  168  169  171  173
  175  176  178  180  181  183  184  185  186  187  189  191  193  195  198  200
  202  204  205  206  207  207  206  205  204  202  200  198  196  194  193  191
  190  190  185  188  190  190  192  186  183                                   
    75.0-180.0 180.0   5.0 450.0                            LAT/LON1/LON2/DLON/H
  184  187  185  182  178  175  172  168  166  162  159  157  155  154  153  153
  154  155  156  157  158  159  160  160  161  161  162  163  164  166  168  171
  174  177  179  181  183  185  186  187  188  190  192  194  196  199  202  205
  207  209  211  212  213  213  213  212  210  209  207  205  203  201  199  198
  197  196  192  190  191  194  196  189  184                                   
    72.5-180.0 180.0   5.0 450.0                            LAT/LON1/LON2/DLON/H
  184  189  185  182  176  172  169  165  162  158  155  153  152  151  151  151
  152  153  155  156  157  158  159  159  159  159  160  161  162  164  167  171
  175  178  182  185  187  189  190  191  192  193  195  197  199  202  205  208
  210  212  213  214  215  215  215  214  213  212  210  209  207  206  205  204
  203  202  199  198  196  198  199  196  184                                   
    70.0-180.0 180.0   5.0 450.0                            LAT/LON1/LON2/DLON/H
  187  188  184  179  171  165  161  156  154  151  148  148  147  147  147  148
  149  150  152  153  155  156  156  156  156  156  156  157  159  162  166  170
  175  180  184  187  190  191  192  192  193  194  196  198  200  202  204  206
  207  208  209  209  209  209  208  208  207  207  207  206  206  206  206  206
  206  205  203  201  200  202  205  202  187                                   
    67.5-180.0 180.0   5.0 450.0                            LAT/LON1/LON2/DLON/H
  187  188  182  176  166  160  154  149  147  144  144  144  145  146  147  148
  149  150  151  153  154  155  156  156  156  156  157  158  160  163  167  173
  178  183  188  191  193  194  195  195  195  196  197  199  201  203  204  204
  204  203  202  201  200  200  199  199  199  200  201  202  203  204  206  207
  208  208  207  205  203  205  207  206  187                                   
    65.0-180.0 180.0   5.0 450.0                            LAT/LON1/LON2/DLON/H
  188  188  180  173  160  152  145  140  137  137  137  139  142  143  145  146
  146  147  148  150  151  153  154  155  155  156  157  160  163  167  172  177
  183  188  192  196  197  198  198  198  198  199  201  203  204  205  205  204
  201  199  196  194  192  190  190  190  191  192  194  197  200  202  205  208
  209  211  210  209  208  211  213  212  188                                   
    62.5-180.0 180.0   5.0 450.0                            LAT/LON1/LON2/DLON/H
  189  188  179  170  155  145  136  130  128  128  130  133  136  139  141  141
  141  142  143  144  146  148  150  151  154  156  159  162  167  172  177  183
  188  193  197  200  201  201  200  200  201  203  205  207  209  209  208  205
  201  197  192  189  186  184  183  183  185  187  190  193  197  201  205  208
  210  213  212  211  211  215  218  217  189                                   
    60.0-180.0 180.0   5.0 450.0                            LAT/LON1/LON2/DLON/H
  191  189  179  168  152  139  128  120  117  117  119  123  127  130  132  132
  132  131  132  134  136  139  142  145  149  154  159  165  171  177  183  188
  193  197  200  202  203  203  202  202  204  206  210  212  214  214  212  208
  203  198  193  189  186  183  182  182  183  186  189  193  197  201  205  209
  211  214  213  213  214  218  221  219  191                                   
    57.5-180.0 180.0   5.0 450.0                            LAT/LON1/LON2/DLON/H
  195  192  182  169  152  137  124  113  108  106  108  112  116  118  119  119
  119  118  119  121  124  128  132  138  144  151  159  167  175  182  188  194
  198  201  204  205  205  205  205  206  208  211  215  219  221  221  219  215
  210  205  200  196  192  190  189  188  189  190  193  197  201  205  209  212
  214  216  216  216  216  221  224  221  195                                   
    55.0-180.0 180.0   5.0 450.0                            LAT/LON1/LON2/DLON/H
  199  195  186  173  155  139  123  110  102   98   97   99  102  104  104  104
  104  104  106  108  112  117  123  130  138  148  158  168  178  186  192  198
  201  204  206  208  208  208  208  209  212  216  221  225  228  228  227  223
  219  215  211  207  204  202  200  199  199  199  201  204  208  211  214  217
  218  220  219  218  219  223  226  221  199                                   
    52.5-180.0 180.0   5.0 450.0                            LAT/LON1/LON2/DLON/H
  203  199  191  178  162  145  128  112  100   93   89   89   89   90   90   90
   90   92   95   98  103  109  116  124  134  145  157  169  179  188  195  200
  204  207  209  211  212  213  213  215  218  222  227  231  234  235  235  232
  230  227  224  221  219  216  213  211  210  210  211  213  216  218  221  223
  224  225  223  222  221  225  226  220  203                                   
    50.0-180.0 180.0   5.0 450.0                            LAT/LON1/LON2/DLON/H
  205  200  194  183  169  153  137  119  105   93   86   82   80   79   79   79
   81   84   88   93   99  105  112  121  131  143  156  168  179  188  195  200
  205  209  212  215  218  220  221  223  226  230  234  238  241  243  243  242
  240  239  237  235  231  228  224  221  219  219  219  221  223  225  228  231
  231  232  229  227  224  226  225  218  205                                   
    47.5-180.0 180.0   5.0 450.0                            LAT/LON1/LON2/DLON/H
  203  198  194  186  175  162  147  129  113   99   89   82   77   74   73   74
   77   81   87   93  100  106  113  122  132  144  156  168  178  186  193  199
  205  211  216  222  226  229  232  234  236  239  243  246  249  251  251  252
  251  250  249  245  241  236  231  227  225  223  224  225  228  231  234  237
  238  239  236  232  227  226  223  216  203                                   
    45.0-180.0 180.0   5.0 450.0                            LAT/LON1/LON2/DLON/H
  198  193  190  185  178  168  157  140  125  110   98   88   81   76   74   75
   79   85   92   99  105  111  118  127  136  147  158  168  177  184  191  198
  206  214  222  229  236  241  245  248  250  252  255  258  260  262  263  263
  263  262  259  254  248  241  235  230  227  225  226  227  230  234  238  242
  245  246  243  238  231  227  221  212  198                                   
    42.5-180.0 180.0   5.0 450.0                            LAT/LON1/LON2/DLON/H
  190  185  182  179  176  170  162  149  136  122  110   99   90   84   82   83
   87   93  100  107  113  119  126  134  143  153  162  170  177  183  190  198
  207  218  228  239  247  255  260  264  267  269  271  273  275  277  278  278
  277  275  270  263  255  246  239  233  230  228  228  229  232  236  241  247
  250  252  249  243  234  227  220  210  190                                   
    40.0-180.0 180.0   5.0 450.0                            LAT/LON1/LON2/DLON/H
  184  178  174  170  169  166  162  154  145  134  123  113  103   96   93   93
   97  103  109  115  121  128  135  143  151  160  168  175  180  185  191  200
  211  223  236  248  259  269  276  282  285  288  290  293  295  297  298  298
  296  292  286  277  266  257  249  243  239  237  236  236  238  241  246  252
  256  259  255  248  238  229  220  209  184                                   
    37.5-180.0 180.0   5.0 450.0                            LAT/LON1/LON2/DLON/H
  181  174  168  162  161  159  158  154  149  142  135  126  118  110  106  106
  108  112  117  122  128  135  143  151  161  169  176  182  185  189  195  204
  216  231  245  259  271  283  292  300  305  309  312  315  318  320  322  322
  320  315  308  298  288  278  270  265  261  258  255  252  251  252  256  260
  263  265  261  253  242  232  223  210  181                                   
    35.0-180.0 180.0   5.0 450.0                            LAT/LON1/LON2/DLON/H
  187  178  169  159  156  152  152  150  150  147  143  138  130  123  119  117
  117  119  122  126  132  140  149  160  170  179  186  191  194  197  202  212
  225  240  255  270  284  296  308  317  324  330  334  338  342  346  348  349
  348  344  338  329  320  313  306  302  297  292  286  280  275  272  272  273
  273  273  268  259  248  238  230  215  187                                   
    32.5-180.0 180.0   5.0 450.0                            LAT/LON1/LON2/DLON/H
  201  191  179  165  157  150  148  147  148  149  149  146  141  134  129  125
  123  123  124  127  134  143  155  167  178  188  196  201  204  207  213  222
  235  250  266  281  295  309  322  333  342  348  354  359  364  370  374  377
  378  377  374  370  365  360  356  353  348  340  331  320  310  301  296  292
  288  284  276  266  255  246  239  224  201                                   
    30.0-180.0 180.0   5.0 450.0                            LAT/LON1/LON2/DLON/H
  223  213  198  181  168  157  151  147  149  151  153  153  148  142  136  131
  127  124  124  127  135  146  159  172  185  196  205  211  215  219  225  234
  247  262  278  293  307  321  335  347  356  363  369  375  382  390  397  403
  409  412  414  415  416  416  415  413  407  397  384  369  354  339  327  316
  306  297  286  274  263  255  249  236  223                                   
    27.5-180.0 180.0   5.0 450.0                            LAT/LON1/LON2/DLON/H
  249  239  225  205  189  174  164  156  155  156  159  159  155  149  142  136
  130  125  124  127  136  149  164  178  190  202  212  220  225  231  237  247
  260  274  289  304  318  333  347  358  368  374  380  387  395  405  416  426
  435  445  453  461  467  472  474  472  465  453  437  419  399  380  361  344
  328  313  297  282  270  265  259  248  249                                   
    25.0-180.0 180.0   5.0 450.0                            LAT/LON1/LON2/DLON/H
  272  266  253  235  217  200  186  174  170  168  168  167  163  157  149  141
  133  128  126  130  140  153  168  182  194  205  216  225  233  240  248  258
  271  285  299  314  328  343  356  368  376  381  387  394  404  416  429  442
  456  471  485  498  510  519  522  520  511  497  479  459  438  416  393  371
  349  328  308  291  277  272  267  258  272                                   
    22.5-180.0 180.0   5.0 450.0                            LAT/LON1/LON2/DLON/H
  286  286  279  264  247  230  215  200  192  186  183  179  174  166  157  148
  139  133  130  135  145  159  173  185  195  205  216  227  237  246  256  266
  279  292  307  322  337  351  364  375  382  387  392  399  410  423  437  453
  470  487  505  522  536  546  549  546  536  521  503  483  462  440  417  392
  366  341  318  298  281  275  271  263  286                                   
    20.0-180.0 180.0   5.0 450.0                            LAT/LON1/LON2/DLON/H
  289  294  294  285  271  258  244  229  218  209  202  195  188  179  169  159
  149  141  138  142  152  164  176  186  194  203  213  224  236  247  258  270
  284  298  313  329  344  358  370  380  387  392  397  405  415  429  443  459
  476  494  513  529  542  550  553  549  539  524  507  489  471  450  428  403
  375  349  324  302  282  274  270  263  289                                   
    17.5-180.0 180.0   5.0 450.0                            LAT/LON1/LON2/DLON/H
  280  289  295  292  283  276  267  254  243  231  222  213  204  194  184  172
  161  152  148  150  158  168  177  185  191  198  207  218  231  244  258  272
  287  302  318  334  349  363  375  385  393  399  405  413  423  436  449  464
  479  495  510  522  532  537  537  533  523  511  496  481  466  449  429  405
  378  352  327  303  282  270  266  258  280                                   
    15.0-180.0 180.0   5.0 450.0                            LAT/LON1/LON2/DLON/H
  262  271  281  282  280  278  276  268  260  248  238  228  219  210  199  187
  175  165  159  158  163  170  176  181  186  192  200  210  224  240  256  273
  290  306  322  338  353  366  379  390  399  407  415  424  434  446  458  469
  480  492  502  509  513  514  512  507  499  489  478  466  454  439  422  401
  377  352  328  304  283  266  261  250  262                                   
    12.5-180.0 180.0   5.0 450.0                            LAT/LON1/LON2/DLON/H
  241  248  257  257  261  263  269  267  263  254  245  238  230  222  212  200
  187  176  168  164  165  168  172  175  179  185  192  203  218  236  256  275
  293  310  326  341  354  367  380  392  404  415  426  438  449  460  469  477
  484  491  494  496  494  492  488  483  477  470  461  452  442  429  414  396
  374  352  330  307  285  264  258  243  241                                   
    10.0-180.0 180.0   5.0 450.0                            LAT/LON1/LON2/DLON/H
  225  227  230  227  232  236  246  250  251  247  242  237  233  227  219  208
  196  183  173  166  163  163  164  167  172  178  187  198  214  235  257  278
  297  313  328  341  353  364  377  391  407  422  437  452  465  476  483  489
  492  494  493  490  485  480  476  472  467  462  454  445  435  423  409  392
  373  353  333  312  292  268  260  242  225                                   
     7.5-180.0 180.0   5.0 450.0                            LAT/LON1/LON2/DLON/H
  219  215  211  201  204  205  216  223  229  229  228  228  227  225  219  210
  198  186  174  165  158  154  154  157  164  172  183  196  214  236  259  282
