data/edconvlstm_nd/pred1550.15i
     1.0            IONOSPHERE MAPS     GNSS                IONEX VERSION / TYPE
pyspatialgeodesy        IME             05-JAN-18 20:20     PGM / RUN BY / DATE 
Map Name                                                    COMMENT             
Predicted global ionosphere maps (GIM).                     DESCRIPTION         
  2015     6     4     0     0     0                        EPOCH OF FIRST MAP  
  2015     6     5     0     0     0                        EPOCH OF LAST MAP   
  7200                                                      INTERVAL            
    13                                                      # OF MAPS IN FILE   
  NONE                                                      MAPPING FUNCTION    
10.0                                                        ELEVATION CUTOFF    
One-way carrier phase leveled to code                       OBSERVABLES USED    
  6371.0                                                    BASE RADIUS         
 2                                                          MAP DIMENSION       
   450.0 450.0   0.0                                        HGT1 / HGT2 / DHGT  
    87.5 -87.5  -2.5                                        LAT1 / LAT2 / DLAT  
  -180.0 180.0   5.0                                        LON1 / LON2 / DLON  
    -1                                                      EXPONENT            
                                                            END OF HEADER       
[from data line 2574]
     7                                                      START OF TEC MAP    
  2015     6     4    12     0     0                        EPOCH OF CURRENT MAP
    87.5-180.0 180.0   5.0 450.0                            LAT/LON1/LON2/DLON/H
  164  162  157  163  165  166  165  164  166  167  167  168  168  169  169  169
  168  168  168  168  167  167  167  166  166  166  165  165  165  165  165  165
  165  165  165  165  165  165  165  165  165  165  165  165  165  165  165  164
  164  164  164  164  163  163  163  162  162  161  161  160  160  159  159  158
  158  159  157  156  162  161  167  165  164                                   
    85.0-180.0 180.0   5.0 450.0                            LAT/LON1/LON2/DLON/H
  154  158  167  164  164  168  170  171  173  174  175  175  176  176  176  176
  176  175  175  175  174  174  173  173  172  172  172  171  171  171  172  172
  172  172  172  172  172  172  172  172  172  172  172  171  171  171  171  170
  170  170  169  169  169  169  168  168  167  167  166  166  165  164  163  163
  163  164  159  159  157  157  162  166  154                                   
    82.5-180.0 180.0   5.0 450.0                            LAT/LON1/LON2/DLON/H
  141  154  157  155  155  161  163  166  168  170  170  172  172  172  173  172
  172  171  171  170  169  169  168  168  168  168  168  168  168  169  169  170
  171  171  172  172  173  173  173  173  173  172  172  171  171  170  170  169
  169  169  168  168  168  168  167  167  166  165  164  163  161  160  158  156
  155  154  150  151  149  156  156  149  141                                   
    80.0-180.0 180.0   5.0 450.0                            LAT/LON1/LON2/DLON/H
  138  148  153  154  155  158  161  166  169  171  172  173  174  174  174  173
  172  172  171  170  169  168  167  166  166  166  167  167  168  169  170  172
  173  174  175  176  177  178  178  178  178  178  177  176  176  175  175  174
  174  174  173  173  173  173  173  172  172  170  169  167  165  162  160  158
  155  153  149  149  145  148  153  144  138                                   
    77.5-180.0 180.0   5.0 450.0                            LAT/LON1/LON2/DLON/H
  140  145  150  152  152  157  161  165  168  170  170  172  172  172  171  170
  170  168  167  166  165  165  164  164  164  165  166  167  169  171  174  177
  179  182  184  186  187  188  189  189  188  188  187  186  185  184  183  183
  183  182  183  183  183  183  183  183  182  181  179  177  174  171  167  163
  159  156  149  149  148  146  148  146  140                                   
    75.0-180.0 180.0   5.0 450.0                            LAT/LON1/LON2/DLON/H
  138  143  144  148  149  155  158  162  165  167  168  169  168  168  167  166
  165  164  163  162  162  161  161  161  162  163  165  168  171  175  178  182
  186  190  193  196  198  199  200  200  199  198  197  195  194  192  191  190
  190  190  190  190  191  192  192  193  192  192  190  188  185  182  178  174
  169  163  157  151  150  148  149  141  138                                   
    72.5-180.0 180.0   5.0 450.0                            LAT/LON1/LON2/DLON/H
  137  141  141  144  145  150  154  157  160  161  161  162  161  161  160  159
  158  157  157  156  156  156  157  158  159  161  164  167  172  176  182  187
  192  197  201  205  207  208  209  208  207  205  204  201  199  198  196  194
  194  193  193  194  195  196  197  198  199  199  199  197  195  192  189  185
  179  174  166  160  155  152  151  148  137                                   
    70.0-180.0 180.0   5.0 450.0                            LAT/LON1/LON2/DLON/H
  141  140  139  141  140  143  146  149  151  153  152  153  152  151  150  150
  149  149  149  150  150  151  152  154  156  159  162  167  172  177  184  190
  196  202  207  211  213  214  214  213  211  209  207  204  202  199  197  195
  193  192  191  192  192  194  196  198  200  201  202  203  202  201  199  196
  191  185  178  171  164  159  159  155  141                                   
    67.5-180.0 180.0   5.0 450.0                            LAT/LON1/LON2/DLON/H
  145  142  140  140  138  139  141  143  145  146  146  147  146  146  145  145
  145  145  146  147  149  150  152  154  157  160  164  169  175  181  188  195
  201  207  212  216  218  219  219  217  215  213  210  208  205  202  199  196
  193  191  190  189  190  192  194  197  200  203  205  208  209  209  209  208
  204  199  192  185  176  170  167  162  145                                   
    65.0-180.0 180.0   5.0 450.0                            LAT/LON1/LON2/DLON/H
  152  147  141  139  134  133  133  135  136  138  138  139  140  140  140  140
  140  141  143  145  147  149  152  155  158  162  167  173  179  185  192  199
  206  211  216  220  221  222  221  220  218  216  213  211  208  204  201  197
  193  190  187  186  186  188  191  194  198  202  206  210  213  215  217  217
  215  212  206  200  191  184  180  174  152                                   
    62.5-180.0 180.0   5.0 450.0                            LAT/LON1/LON2/DLON/H
  158  151  143  139  131  128  126  126  128  129  131  133  134  135  136  136
  137  139  141  144  146  149  152  156  160  165  170  177  183  190  196  203
  209  214  219  222  223  224  223  222  220  218  216  214  211  208  204  199
  194  190  187  185  185  186  189  193  197  202  206  211  215  218  221  223
  223  221  216  211  202  194  190  184  158                                   
    60.0-180.0 180.0   5.0 450.0                            LAT/LON1/LON2/DLON/H
  163  155  145  138  128  122  118  117  118  120  123  126  128  130  131  133
  134  136  139  142  144  147  151  155  160  167  173  180  187  194  200  206
  212  217  221  223  225  225  225  224  222  221  220  218  216  213  208  203
  198  192  188  186  186  187  190  194  198  202  207  211  215  219  222  224
  225  224  221  216  209  202  198  191  163                                   
    57.5-180.0 180.0   5.0 450.0                            LAT/LON1/LON2/DLON/H
  168  159  148  139  126  119  113  110  111  113  116  119  123  125  127  130
  132  134  137  140  143  146  149  154  161  168  176  184  192  199  205  211
  216  220  224  227  229  229  229  229  228  227  226  225  223  220  216  210
  204  198  194  191  190  192  195  198  202  206  210  213  216  219  221  223
  224  224  221  217  211  205  201  194  168                                   
    55.0-180.0 180.0   5.0 450.0                            LAT/LON1/LON2/DLON/H
  171  162  151  141  127  119  111  106  106  107  109  113  117  120  123  126
  129  132  135  138  140  143  147  153  160  169  179  188  196  203  209  215
  220  224  229  232  235  237  237  237  237  236  235  234  232  229  224  219
  212  206  201  198  197  199  201  205  209  212  214  216  218  219  220  221
  220  219  217  213  208  203  199  192  171                                   
    52.5-180.0 180.0   5.0 450.0                            LAT/LON1/LON2/DLON/H
  172  164  154  145  130  121  113  106  104  104  105  108  111  114  118  122
  126  130  134  137  140  142  146  152  160  170  181  191  200  207  213  219
  224  230  235  240  244  247  249  249  249  247  245  243  241  237  233  227
  220  214  208  205  204  205  208  212  215  218  219  220  220  219  219  218
  216  214  211  207  202  197  194  187  172                                   
    50.0-180.0 180.0   5.0 450.0                            LAT/LON1/LON2/DLON/H
  171  164  157  150  136  128  118  111  106  104  104  105  107  110  113  118
  124  130  135  139  142  144  148  153  162  172  184  194  203  211  217  224
  230  237  244  251  256  261  264  265  264  261  258  254  250  246  241  234
  227  220  214  210  209  210  213  216  219  222  223  223  223  221  219  217
  214  210  206  201  196  191  188  181  171                                   
    47.5-180.0 180.0   5.0 450.0                            LAT/LON1/LON2/DLON/H
  168  163  159  154  143  135  127  119  113  109  106  106  106  107  110  116
  123  131  138  144  147  149  153  158  167  177  188  198  207  214  221  229
  237  246  255  264  272  278  282  283  281  277  272  265  260  254  248  241
  233  226  219  214  212  212  214  217  221  223  225  225  225  224  222  220
  215  210  203  197  191  186  182  176  168                                   
    45.0-180.0 180.0   5.0 450.0                            LAT/LON1/LON2/DLON/H
  164  160  159  156  148  143  136  128  122  117  112  110  108  107  110  116
  125  135  144  151  155  159  162  167  175  184  194  203  211  219  227  235
  246  257  268  279  289  297  303  304  302  296  287  278  270  262  255  248
  240  231  223  217  213  212  214  216  220  222  225  227  228  228  227  225
  219  213  205  198  190  183  178  172  164                                   
    42.5-180.0 180.0   5.0 450.0                            LAT/LON1/LON2/DLON/H
  158  157  158  156  151  148  144  138  132  126  121  117  113  111  112  118
  128  140  151  160  166  171  174  179  185  193  201  209  217  225  233  244
  256  269  283  296  308  318  325  327  324  316  305  293  282  273  265  257
  249  240  231  223  217  215  215  217  220  223  226  229  232  234  234  232
  227  220  211  201  191  183  178  171  158                                   
    40.0-180.0 180.0   5.0 450.0                            LAT/LON1/LON2/DLON/H
  153  153  154  153  151  150  148  144  140  135  130  125  120  117  117  123
  133  146  159  170  178  184  188  192  197  204  210  217  224  232  242  255
  269  284  299  314  328  340  349  352  349  340  326  312  299  288  280  272
  264  255  245  236  228  224  222  223  224  227  230  233  237  240  242  241
  236  229  218  208  196  186  180  172  153                                   
    37.5-180.0 180.0   5.0 450.0                            LAT/LON1/LON2/DLON/H
  150  150  151  149  148  148  148  146  145  142  139  134  129  124  124  128
  138  152  166  179  189  196  201  205  209  214  220  226  234  242  254  268
  284  300  317  333  348  362  372  377  374  365  350  334  320  309  301  294
  287  279  269  259  250  244  240  238  238  238  240  242  245  248  250  250
  245  237  226  215  202  191  185  176  150                                   
    35.0-180.0 180.0   5.0 450.0                            LAT/LON1/LON2/DLON/H
  151  150  149  145  143  143  145  145  146  146  145  141  136  132  130  134
  143  156  171  185  196  205  211  215  218  222  228  235  243  254  267  282
  300  318  335  352  368  383  394  401  400  390  376  360  346  336  329  324
  319  313  304  294  285  276  270  265  262  260  258  258  258  259  259  258
  252  244  233  222  209  198  192  181  151                                   
    32.5-180.0 180.0   5.0 450.0                            LAT/LON1/LON2/DLON/H
  156  155  151  144  141  140  141  142  144  147  148  146  143  138  136  139
  147  159  174  189  201  211  217  221  224  228  235  243  254  266  281  298
  317  335  353  369  385  400  414  421  422  414  401  387  374  366  363  361
  359  355  348  340  330  321  312  304  297  291  285  280  276  272  269  264
  257  249  237  226  214  205  200  188  156                                   
    30.0-180.0 180.0   5.0 450.0                            LAT/LON1/LON2/DLON/H
  166  164  158  148  143  140  140  140  142  146  148  149  146  142  140  142
  149  161  175  190  203  213  219  223  226  232  240  251  264  278  295  313
  332  351  368  383  399  414  428  437  439  433  423  412  403  398  398  401
  403  402  398  391  383  373  363  352  342  330  319  307  297  286  278  269
  259  250  238  228  218  211  207  195  166                                   
    27.5-180.0 180.0   5.0 450.0                            LAT/LON1/LON2/DLON/H
  180  178  170  159  151  146  143  141  143  145  148  149  148  144  143  144
  151  162  175  190  203  213  218  222  226  232  243  257  272  289  308  327
  346  364  380  394  408  422  435  445  448  446  439  431  427  427  431  438
  444  447  447  443  436  426  415  402  387  371  353  335  316  299  284  271
  258  247  236  227  219  215  213  202  180                                   
    25.0-180.0 180.0   5.0 450.0                            LAT/LON1/LON2/DLON/H
  194  194  185  173  164  157  153  148  146  147  148  149  147  145  143  145
  151  161  175  189  201  210  215  218  223  231  244  261  280  299  319  338
  357  374  388  400  412  424  436  445  450  449  447  444  444  449  457  467
  476  483  485  484  479  470  458  442  423  402  378  354  329  306  286  268
  254  243  232  225  219  218  217  208  194                                   
    22.5-180.0 180.0   5.0 450.0                            LAT/LON1/LON2/DLON/H
  206  209  200  190  181  173  166  159  154  151  150  149  147  144  143  145
  151  161  174  187  198  206  211  214  219  229  245  265  286  307  328  347
  366  381  393  403  413  423  432  440  445  447  447  449  453  461  472  484
  495  503  508  509  505  496  482  463  441  416  389  360  332  305  281  263
  247  238  228  222  217  218  218  210  206                                   
    20.0-180.0 180.0   5.0 450.0                            LAT/LON1/LON2/DLON/H
  212  218  212  204  196  188  181  172  164  158  153  149  147  144  142  144
  150  161  173  185  195  202  205  209  216  228  246  268  291  314  335  355
  373  387  398  406  413  420  427  433  438  441  444  449  456  466  477  489
  499  507  512  513  509  500  484  464  439  412  383  354  324  296  272  254
  240  232  224  219  215  215  215  209  212                                   
    17.5-180.0 180.0   5.0 450.0                            LAT/LON1/LON2/DLON/H
  209  218  216  210  204  199  193  184  174  165  157  151  147  144  142  144
  150  160  172  183  191  196  200  204  213  228  248  272  297  321  343  363
  380  393  403  409  414  419  423  428  432  436  440  446  455  465  475  485
  492  498  501  501  496  486  469  447  422  395  366  336  308  281  260  244
  233  227  220  216  211  210  210  204  209                                   
    15.0-180.0 180.0   5.0 450.0                            LAT/LON1/LON2/DLON/H
  199  210  210  206  203  200  197  190  180  170  160  153  148  144  142  143
  149  158  170  179  186  191  195  201  212  229  252  277  303  328  350  371
  388  402  410  416  419  422  425  428  431  434  438  445  452  461  468  474
  478  481  481  479  472  461  443  421  396  369  342  315  288  265  247  234
  226  222  217  214  207  203  201  194  199                                   
    12.5-180.0 180.0   5.0 450.0                            LAT/LON1/LON2/DLON/H
  183  193  195  192  192  190  191  187  180  171  161  154  148  144  141  142
  147  156  166  175  181  185  190  199  213  233  257  283  310  335  359  380
  398  411  420  425  428  430  432  434  436  438  441  446  451  457  461  462
  462  461  458  454  446  433  415  394  369  344  318  293  270  250  235  225
  219  218  215  210  203  195  191  183  183                                   
    10.0-180.0 180.0   5.0 450.0                            LAT/LON1/LON2/DLON/H
  165  174  175  171  172  171  176  176  173  166  158  152  147  143  140  140
  144  152  161  169  175  180  187  198  215  237  263  290  317  343  367  389
  407  421  431  437  440  443  445  446  446  447  448  449  452  453  453  451
  447  443  438  432  424  411  393  372  348  324  299  276  255  237  225  217
  214  213  211  206  197  186  180  170  165                                   
     7.5-180.0 180.0   5.0 450.0                            LAT/LON1/LON2/DLON/H
  150  156  155  149  150  149  156  159  159  156  151  147  144  141  138  137
  140  147  155  163  169  175  184  199  218  242  269  296  323  349  374  397
