data/edconvlstm_nd/pred1490.15i
     1.0            IONOSPHERE MAPS     GNSS                IONEX VERSION / TYPE
pyspatialgeodesy        IME             05-JAN-18 20:20     PGM / RUN BY / DATE 
Map Name                                                    COMMENT             
Predicted global ionosphere maps (GIM).                     DESCRIPTION         
  2015     5    29     0     0     0                        EPOCH OF FIRST MAP  
  2015     5    30     0     0     0                        EPOCH OF LAST MAP   
  7200                                                      INTERVAL            
    13                                                      # OF MAPS IN FILE   
  NONE                                                      MAPPING FUNCTION    
10.0                                                        ELEVATION CUTOFF    
One-way carrier phase leveled to code                       OBSERVABLES USED    
  6371.0                                                    BASE RADIUS         
 2                                                          MAP DIMENSION       
   450.0 450.0   0.0                                        HGT1 / HGT2 / DHGT  
    87.5 -87.5  -2.5                                        LAT1 / LAT2 / DLAT  
  -180.0 180.0   5.0                                        LON1 / LON2 / DLON  
    -1                                                      EXPONENT            
                                                            END OF HEADER       
[from data line 2145]
     6                                                      START OF TEC MAP    
  2015     5    29    10     0     0                        EPOCH OF CURRENT MAP
    87.5-180.0 180.0   5.0 450.0                            LAT/LON1/LON2/DLON/H
  139  138  135  140  143  142  141  140  142  144  144  145  146  146  147  147
  148  148  148  148  149  149  149  149  149  149  149  149  150  150  150  150
  151  151  151  151  151  151  151  151  151  150  150  149  149  148  148  147
  146  145  144  144  143  142  141  140  139  138  137  136  136  135  134  134
  133  135  133  131  138  135  142  140  139                                   
    85.0-180.0 180.0   5.0 450.0                            LAT/LON1/LON2/DLON/H
  134  136  143  140  142  145  146  147  149  151  151  153  154  154  155  155
  156  156  156  156  157  157  157  157  157  157  157  158  158  159  159  160
  160  160  161  161  161  161  161  161  160  160  159  159  158  157  156  155
  154  153  152  151  150  149  148  147  145  144  143  142  141  140  139  139
  139  140  135  134  132  132  137  140  134                                   
    82.5-180.0 180.0   5.0 450.0                            LAT/LON1/LON2/DLON/H
  125  134  137  134  135  138  140  143  145  147  148  150  151  152  153  154
  154  154  155  155  155  155  155  155  155  156  156  157  158  159  161  162
  163  164  165  166  167  167  167  167  166  166  165  164  163  162  160  159
  158  157  155  154  152  151  149  148  146  145  143  142  140  138  137  136
  135  134  130  130  129  133  131  124  125                                   
    80.0-180.0 180.0   5.0 450.0                            LAT/LON1/LON2/DLON/H
  123  128  131  132  133  134  137  141  144  146  148  150  151  152  152  153
  153  153  152  152  152  151  151  151  151  151  152  153  154  156  158  160
  163  164  166  168  169  170  170  170  170  170  169  168  167  167  166  165
  164  162  161  160  159  157  156  154  152  151  149  147  144  142  140  138
  137  135  131  131  127  130  135  123  123                                   
    77.5-180.0 180.0   5.0 450.0                            LAT/LON1/LON2/DLON/H
  126  126  129  130  131  134  136  140  144  146  147  149  150  151  152  152
  152  151  151  150  149  149  148  147  147  147  148  149  151  154  157  161
  164  168  171  173  175  177  178  179  179  179  179  178  178  178  178  177
  177  176  175  175  173  172  171  169  167  165  163  160  158  155  152  149
  146  143  136  136  134  131  132  129  126                                   
    75.0-180.0 180.0   5.0 450.0                            LAT/LON1/LON2/DLON/H
  121  124  121  125  126  130  132  136  140  142  144  146  146  147  147  147
  147  147  147  146  145  143  142  141  140  139  140  141  144  148  152  157
  162  166  171  174  177  179  181  182  182  183  183  184  184  185  185  186
  186  186  186  185  185  184  182  181  179  177  175  173  171  168  164  161
  157  153  146  140  137  135  136  128  121                                   
    72.5-180.0 180.0   5.0 450.0                            LAT/LON1/LON2/DLON/H
  118  121  118  120  122  125  128  131  135  138  139  141  141  142  142  142
  143  143  143  143  142  141  139  137  136  135  135  136  139  144  149  155
  162  167  173  177  180  183  185  186  187  188  189  191  192  194  195  196
  197  197  197  196  195  194  193  191  190  189  187  186  184  181  178  176
  171  167  159  152  146  142  140  135  118                                   
    70.0-180.0 180.0   5.0 450.0                            LAT/LON1/LON2/DLON/H
  119  118  114  114  113  115  117  120  124  127  128  130  131  131  132  133
  134  135  137  137  137  136  135  132  130  129  129  130  134  139  146  153
  160  166  172  176  180  182  184  186  187  189  191  193  195  198  199  201
  201  201  200  198  196  194  193  191  190  190  190  189  189  187  185  184
  180  175  168  161  153  148  147  141  119                                   
    67.5-180.0 180.0   5.0 450.0                            LAT/LON1/LON2/DLON/H
  118  117  111  109  107  107  108  110  114  116  118  120  120  121  122  123
  125  128  131  133  134  134  132  130  127  126  126  128  132  137  144  152
  159  166  171  176  179  181  183  185  187  189  192  195  198  201  202  203
  203  201  199  196  192  189  187  186  186  186  187  188  189  189  188  188
  186  182  176  168  160  154  152  146  118                                   
    65.0-180.0 180.0   5.0 450.0                            LAT/LON1/LON2/DLON/H
  122  119  111  107  101   99   98   99  102  105  107  109  110  110  111  113
  116  120  124  127  129  130  130  128  126  125  126  129  133  140  147  155
  162  168  173  176  179  181  183  186  188  192  195  199  203  205  206  206
  204  201  196  191  186  182  179  178  178  180  182  184  186  188  189  190
  190  188  183  176  169  165  162  156  122                                   
    62.5-180.0 180.0   5.0 450.0                            LAT/LON1/LON2/DLON/H
  129  125  115  108   99   94   91   90   92   94   96   98   99  100  101  103
  106  110  115  120  123  125  126  125  125  125  127  131  137  144  151  159
  165  170  174  177  179  181  183  186  190  194  199  204  207  210  210  208
  205  199  193  186  180  175  172  171  172  174  177  180  183  185  187  189
  190  190  187  183  177  173  172  165  129                                   
    60.0-180.0 180.0   5.0 450.0                            LAT/LON1/LON2/DLON/H
  140  134  122  112  100   92   86   83   83   83   85   87   88   89   89   91
   95   99  105  110  114  117  119  120  122  124  128  134  141  149  156  163
  168  171  174  176  177  180  183  187  192  197  203  208  212  214  213  210
  206  199  191  184  177  172  169  168  169  172  175  179  181  183  185  187
  188  190  188  186  183  181  181  174  140                                   
    57.5-180.0 180.0   5.0 450.0                            LAT/LON1/LON2/DLON/H
  154  147  135  122  108   96   87   80   78   77   77   79   79   79   80   81
   84   88   94   99  104  108  111  114  118  123  130  138  146  154  161  167
  170  173  174  175  177  179  183  189  195  202  208  214  217  219  218  214
  209  202  194  186  180  175  172  172  174  178  181  183  185  185  185  187
  188  190  190  190  188  188  189  183  154                                   
    55.0-180.0 180.0   5.0 450.0                            LAT/LON1/LON2/DLON/H
  168  161  149  136  119  105   93   83   77   74   73   73   73   72   71   72
   75   79   84   89   93   98  102  107  114  122  131  140  149  158  164  169
  171  172  173  174  176  179  184  191  198  205  213  218  222  223  222  219
  213  207  200  193  187  184  182  183  186  189  191  192  192  190  189  188
  189  191  191  192  192  193  195  189  168                                   
    52.5-180.0 180.0   5.0 450.0                            LAT/LON1/LON2/DLON/H
  181  175  165  152  134  118  104   91   83   77   74   72   70   68   66   66
   68   72   76   81   85   90   95  102  111  121  131  142  151  159  165  169
  170  171  171  173  176  180  186  193  201  209  216  222  225  227  226  223
  219  214  209  203  199  196  196  197  200  203  205  205  202  199  195  193
  192  192  193  193  195  197  198  193  181                                   
    50.0-180.0 180.0   5.0 450.0                            LAT/LON1/LON2/DLON/H
  190  185  178  168  151  135  120  105   94   86   80   76   71   67   65   64
   66   69   73   77   81   86   92  101  111  122  133  143  152  159  164  167
  168  169  170  173  177  182  189  197  204  212  218  224  228  230  230  228
  226  223  219  215  212  210  210  212  215  217  218  216  213  208  203  199
  197  196  196  195  196  198  199  195  190                                   
    47.5-180.0 180.0   5.0 450.0                            LAT/LON1/LON2/DLON/H
  194  190  187  180  166  152  137  121  109   99   91   84   78   72   68   66
   67   70   74   78   82   87   94  103  114  125  136  145  153  158  162  165
  167  168  171  175  180  187  194  201  208  215  221  226  230  233  234  234
  233  232  229  226  222  221  221  222  225  227  227  225  221  216  211  207
  203  202  200  198  198  198  199  195  194                                   
    45.0-180.0 180.0   5.0 450.0                            LAT/LON1/LON2/DLON/H
  191  190  189  185  175  164  153  139  127  115  106   97   89   81   75   72
   73   76   79   83   87   92  100  109  120  131  140  148  153  158  161  164
  167  170  173  179  185  193  201  208  214  219  225  230  234  238  240  242
  242  241  239  235  231  228  227  228  229  231  231  229  226  223  219  215
  212  210  206  202  200  199  199  194  191                                   
    42.5-180.0 180.0   5.0 450.0                            LAT/LON1/LON2/DLON/H
  183  183  184  183  178  171  163  153  143  132  122  113  102   93   85   81
   81   84   87   91   95  101  108  118  128  138  146  151  155  158  161  165
  169  173  178  185  193  202  210  216  221  226  231  236  242  246  250  253
  254  253  250  244  238  234  231  230  231  232  232  232  231  229  227  226
  223  220  214  208  203  200  199  193  183                                   
    40.0-180.0 180.0   5.0 450.0                            LAT/LON1/LON2/DLON/H
  173  174  174  174  172  169  167  160  154  146  138  128  118  107   98   93
   91   93   96  100  104  110  118  127  138  146  153  156  158  161  164  168
  173  178  185  193  202  212  220  227  232  236  241  247  254  260  266  270
  272  270  265  257  249  242  237  235  235  235  236  237  238  239  239  239
  236  232  225  216  208  204  202  193  173                                   
    37.5-180.0 180.0   5.0 450.0                            LAT/LON1/LON2/DLON/H
  165  165  163  161  161  160  162  161  159  155  150  142  132  121  111  105
  102  102  104  108  112  118  126  136  146  154  159  162  163  165  168  173
  179  185  192  201  212  222  232  239  245  250  256  263  272  280  288  293
  295  293  287  277  267  258  252  249  248  248  248  250  252  255  257  257
  253  248  238  227  216  210  207  197  165                                   
    35.0-180.0 180.0   5.0 450.0                            LAT/LON1/LON2/DLON/H
  162  159  154  149  148  148  152  154  158  158  157  152  144  134  123  115
  111  109  111  113  117  123  132  142  152  160  165  168  169  171  174  179
  185  192  200  210  222  234  244  253  259  266  273  283  294  305  315  322
  326  324  317  307  296  286  280  276  274  274  274  275  278  280  282  280
  274  266  253  240  227  219  215  203  162                                   
    32.5-180.0 180.0   5.0 450.0                            LAT/LON1/LON2/DLON/H
  166  160  151  141  138  137  141  145  152  156  159  158  152  144  134  125
  118  115  115  117  121  127  135  145  156  165  171  174  176  178  182  186
  192  199  208  219  231  245  257  267  275  283  293  305  319  333  345  355
  360  360  354  345  335  327  321  318  316  314  314  314  315  315  314  309
  299  287  271  254  239  229  225  213  166                                   
    30.0-180.0 180.0   5.0 450.0                            LAT/LON1/LON2/DLON/H
  179  168  155  142  135  132  134  137  145  152  157  160  157  151  142  132
  124  119  117  119  122  128  137  147  158  168  176  180  183  186  189  194
  200  207  216  227  241  256  269  281  291  301  313  327  343  360  375  388
  395  398  395  389  382  376  373  371  369  368  366  364  361  357  350  340
  324  308  288  269  252  241  236  225  179                                   
    27.5-180.0 180.0   5.0 450.0                            LAT/LON1/LON2/DLON/H
  197  183  167  152  140  134  134  135  141  149  156  160  160  156  148  138
  129  122  119  120  123  129  137  148  159  170  180  186  191  194  197  201
  207  214  224  237  252  267  282  294  306  318  331  348  366  384  402  416
  427  433  434  433  430  428  428  428  428  426  422  417  410  401  387  370
  348  327  304  283  264  252  246  238  197                                   
    25.0-180.0 180.0   5.0 450.0                            LAT/LON1/LON2/DLON/H
  218  203  186  171  155  146  142  141  144  150  156  161  162  160  153  143
  133  125  121  121  124  129  138  148  160  172  183  191  197  202  205  209
  215  223  234  248  264  280  295  308  320  333  348  365  384  403  422  438
  451  460  467  470  473  475  478  480  480  478  472  464  453  438  418  393
  366  341  316  293  273  260  254  250  218                                   
    22.5-180.0 180.0   5.0 450.0                            LAT/LON1/LON2/DLON/H
  238  224  209  196  177  166  159  154  154  157  161  164  166  164  157  148
  137  128  123  122  124  130  138  148  160  173  185  195  203  209  213  218
  225  234  247  263  279  295  310  322  334  347  362  379  398  417  435  451
  466  478  487  495  502  508  513  516  517  514  507  497  482  462  436  407
  376  348  321  298  278  264  259  258  238                                   
    20.0-180.0 180.0   5.0 450.0                            LAT/LON1/LON2/DLON/H
  253  241  232  222  202  190  180  173  169  168  169  171  171  168  162  152
  141  131  125  123  125  130  138  148  160  173  186  198  208  216  222  229
  237  249  264  281  297  313  326  338  349  362  376  392  408  426  442  457
  471  484  495  506  516  524  530  533  533  529  522  510  493  470  442  410
  376  347  321  299  279  265  261  261  253                                   
    17.5-180.0 180.0   5.0 450.0                            LAT/LON1/LON2/DLON/H
  260  252  248  241  224  212  201  193  187  182  180  179  177  174  168  157
  145  134  127  123  124  128  136  146  158  171  186  200  213  223  232  242
  253  267  284  301  318  332  344  355  365  377  389  403  418  432  445  457
  469  480  492  504  514  523  529  532  531  527  518  506  488  464  435  402
  369  340  316  296  277  264  260  260  260                                   
    15.0-180.0 180.0   5.0 450.0                            LAT/LON1/LON2/DLON/H
  259  254  256  251  237  226  218  210  202  196  190  187  184  180  172  162
  149  137  127  122  121  124  131  141  154  168  184  201  217  231  244  257
  271  287  304  322  338  352  363  372  382  392  403  415  426  437  447  455
  463  472  482  493  503  511  516  519  517  512  503  490  473  450  422  389
  357  331  309  291  275  261  258  256  259                                   
    12.5-180.0 180.0   5.0 450.0                            LAT/LON1/LON2/DLON/H
  253  250  254  248  240  230  224  218  212  205  198  193  189  184  176  165
  151  138  127  119  116  118  124  135  148  163  182  201  221  239  256  272
  289  307  325  342  357  369  379  388  397  407  416  426  434  442  448  453
  457  463  471  480  489  496  501  502  500  494  484  471  454  433  407  376
  346  321  302  287  273  260  256  250  253                                   
    10.0-180.0 180.0   5.0 450.0                            LAT/LON1/LON2/DLON/H
  244  243  246  237  232  223  220  217  213  207  201  196  191  185  177  165
  151  137  124  115  109  109  115  126  140  158  179  201  224  247  268  287
  306  324  341  357  370  381  391  400  409  418  426  434  441  447  451  454
  456  459  465  472  480  485  489  490  487  481  470  456  440  420  396  368
  339  315  298  286  274  260  255  246  244                                   
     7.5-180.0 180.0   5.0 450.0                            LAT/LON1/LON2/DLON/H
  235  234  235  222  218  210  209  208  206  202  197  193  188  183  175  163
  149  134  121  110  102  101  105  116  132  152  175  201  227  253  277  300
