data/edconvlstm_nd/pred2540.15i
     1.0            IONOSPHERE MAPS     GNSS                IONEX VERSION / TYPE
pyspatialgeodesy        IME             05-JAN-18 20:20     PGM / RUN BY / DATE 
Map Name                                                    COMMENT             
Predicted global ionosphere maps (GIM).                     DESCRIPTION         
  2015     9    11     0     0     0                        EPOCH OF FIRST MAP  
  2015     9    12     0     0     0                        EPOCH OF LAST MAP   
  7200                                                      INTERVAL            
    13                                                      # OF MAPS IN FILE   
  NONE                                                      MAPPING FUNCTION    
10.0                                                        ELEVATION CUTOFF    
One-way carrier phase leveled to code                       OBSERVABLES USED    
  6371.0                                                    BASE RADIUS         
 2                                                          MAP DIMENSION       
   450.0 450.0   0.0                                        HGT1 / HGT2 / DHGT  
    87.5 -87.5  -2.5                                        LAT1 / LAT2 / DLAT  
  -180.0 180.0   5.0                                        LON1 / LON2 / DLON  
    -1                                                      EXPONENT            
                                                            END OF HEADER       
[from data line 2574]
     7                                                      START OF TEC MAP    
  2015     9    11    12     0     0                        EPOCH OF CURRENT MAP
    87.5-180.0 180.0   5.0 450.0                            LAT/LON1/LON2/DLON/H
   74   82   82   86   88   87   86   81   82   83   83   83   83   84   85   85
   86   87   88   89   90   91   92   93   94   95   95   96   96   96   96   96
   96   96   96   96   95   95   95   95   95   95   95   94   94   94   94   94
   93   93   93   92   91   91   90   90   89   88   88   87   86   86   85   85
   86   86   84   81   85   84   97   95   74                                   
    85.0-180.0 180.0   5.0 450.0                            LAT/LON1/LON2/DLON/H
   77   86   96   84   83   86   84   84   84   85   84   85   84   85   86   86
   87   89   90   92   93   95   96   98   99  100  101  102  103  103  103  104
  104  103  103  103  103  103  103  103  103  103  103  102  102  102  102  102
  101  101  100   99   98   98   97   96   94   93   92   91   91   90   89   89
   89   89   84   80   81   85   94   96   77                                   
    82.5-180.0 180.0   5.0 450.0                            LAT/LON1/LON2/DLON/H
   70   81   88   80   79   80   80   80   79   79   79   79   79   79   80   81
   82   84   86   88   91   93   96   98  100  102  103  104  105  106  106  106
  106  106  106  106  106  105  106  106  106  106  107  107  107  108  108  107
  107  106  105  104  103  101  100   98   96   94   92   91   89   87   86   86
   86   85   80   77   80   88   87   87   70                                   
    80.0-180.0 180.0   5.0 450.0                            LAT/LON1/LON2/DLON/H
   66   71   80   76   74   72   72   71   71   71   69   70   69   69   70   71
   73   75   78   81   84   88   91   94   96   99  101  102  103  104  104  103
  103  103  102  102  101  101  102  102  103  104  105  106  107  108  108  108
  107  107  105  104  102  100   98   95   92   90   87   85   82   80   78   77
   77   76   74   73   74   82   86   87   66                                   
    77.5-180.0 180.0   5.0 450.0                            LAT/LON1/LON2/DLON/H
   70   72   74   72   70   69   69   68   67   66   63   63   62   62   63   64
   67   70   73   77   82   86   90   93   96   99  101  102  103  103  103  103
  102  101  100   99   99   99  100  101  102  104  106  108  109  111  111  112
  111  110  109  107  104  101   98   95   91   88   84   81   77   75   72   70
   69   68   67   67   68   71   77   79   70                                   
    75.0-180.0 180.0   5.0 450.0                            LAT/LON1/LON2/DLON/H
   60   65   64   65   64   66   64   63   62   60   57   56   55   55   56   58
   60   64   68   72   77   81   85   89   92   95   97   99  100  100  100   99
   98   97   96   95   95   95   96   98  100  103  105  108  110  111  112  112
  112  111  109  107  104  101   97   93   89   85   81   77   73   70   67   65
   63   62   61   58   62   64   69   66   60                                   
    72.5-180.0 180.0   5.0 450.0                            LAT/LON1/LON2/DLON/H
   56   59   58   60   60   63   62   61   59   57   54   53   52   52   53   55
   58   62   67   71   76   80   84   88   90   93   95   97   98   99   99   98
   97   96   95   94   94   95   97   99  102  105  108  111  113  115  116  115
  114  113  111  108  105  101   97   93   89   85   80   76   72   68   64   62
   60   57   56   54   56   59   62   64   56                                   
    70.0-180.0 180.0   5.0 450.0                            LAT/LON1/LON2/DLON/H
   51   53   53   54   55   56   55   56   55   54   52   51   50   50   52   54
   58   62   66   71   75   79   82   85   87   89   91   93   95   96   97   98
   97   96   96   95   95   97   99  102  105  109  112  114  116  117  117  116
  114  112  109  106  103  100   96   92   89   85   80   76   72   68   64   61
   58   55   54   51   52   53   60   61   51                                   
    67.5-180.0 180.0   5.0 450.0                            LAT/LON1/LON2/DLON/H
   46   47   47   47   49   50   51   51   52   51   50   50   50   51   53   56
   60   64   69   73   76   79   81   82   84   85   87   89   91   94   96   97
   97   97   97   97   98   99  102  105  108  112  115  116  117  117  116  114
  112  109  106  103  100   97   94   91   88   84   81   77   73   69   65   61
   58   54   53   49   48   49   53   53   46                                   
    65.0-180.0 180.0   5.0 450.0                            LAT/LON1/LON2/DLON/H
   41   42   40   41   42   43   44   46   48   48   48   49   50   52   55   58
   62   67   71   75   77   79   80   80   81   82   83   86   90   93   97   99
  101  102  102  102  103  105  107  111  114  117  119  120  119  118  116  113
  110  108  105  102   99   97   94   92   89   86   83   80   76   72   68   64
   61   57   55   51   50   49   52   53   41                                   
    62.5-180.0 180.0   5.0 450.0                            LAT/LON1/LON2/DLON/H
   38   38   35   36   37   37   38   41   43   44   45   47   49   52   55   59
   64   68   72   76   78   79   79   78   79   79   81   85   89   94   99  102
  105  106  107  107  108  110  113  116  119  121  122  122  120  118  115  112
  110  107  105  103  101   98   96   94   91   89   86   83   79   75   70   67
   63   59   58   53   51   49   51   51   38                                   
    60.0-180.0 180.0   5.0 450.0                            LAT/LON1/LON2/DLON/H
   38   36   31   32   31   31   32   34   36   38   40   42   45   49   53   57
   62   66   70   73   75   76   76   76   76   77   80   84   89   95  100  105
  108  109  110  110  112  113  116  119  122  123  123  122  120  117  114  112
  110  108  107  105  103  101   99   96   93   91   88   84   80   76   71   67
   63   59   58   53   51   49   51   50   38                                   
    57.5-180.0 180.0   5.0 450.0                            LAT/LON1/LON2/DLON/H
   38   35   30   30   29   28   29   30   31   33   35   38   41   45   49   54
   59   63   67   70   72   73   74   75   75   77   80   85   91   97  103  108
  111  113  114  114  115  117  120  123  125  126  126  124  122  119  117  115
  114  114  114  113  112  109  106  102   99   95   91   88   83   78   73   68
   64   60   59   54   53   50   52   51   38                                   
    55.0-180.0 180.0   5.0 450.0                            LAT/LON1/LON2/DLON/H
   41   37   31   31   30   28   27   27   28   29   30   33   36   40   44   49
   53   58   62   65   68   70   72   74   76   79   82   87   93   99  105  110
  113  115  116  117  118  120  123  126  128  129  128  127  125  123  122  121
  122  123  124  123  122  119  115  110  105  100   96   91   86   81   75   70
   65   61   59   55   53   51   52   51   41                                   
    52.5-180.0 180.0   5.0 450.0                            LAT/LON1/LON2/DLON/H
   44   40   33   34   33   30   29   28   27   27   27   29   31   35   39   44
   48   52   56   60   64   68   72   75   78   81   85   89   94  100  106  110
  114  116  117  119  120  123  126  129  131  132  132  131  130  129  129  130
  131  133  134  135  133  129  124  118  112  106  101   96   91   85   79   72
   67   62   60   55   53   51   52   51   44                                   
    50.0-180.0 180.0   5.0 450.0                            LAT/LON1/LON2/DLON/H
   47   43   37   39   37   35   33   31   29   27   26   27   29   32   35   40
   44   48   52   56   61   67   72   76   81   84   87   91   95  100  106  110
  114  116  118  120  123  126  129  133  135  136  137  136  136  136  137  139
  141  143  144  144  142  138  133  126  119  113  108  103   98   92   85   78
   71   65   62   56   54   51   53   52   47                                   
    47.5-180.0 180.0   5.0 450.0                            LAT/LON1/LON2/DLON/H
   49   46   41   44   42   41   39   36   33   31   28   28   28   30   33   37
   41   45   49   54   60   67   73   79   84   87   90   92   96  100  105  109
  113  117  120  123  126  130  134  138  140  142  143  143  143  144  145  147
  148  150  151  151  149  145  140  134  127  121  116  112  107  101   94   86
   78   70   65   58   55   52   53   52   49                                   
    45.0-180.0 180.0   5.0 450.0                            LAT/LON1/LON2/DLON/H
   50   48   44   48   47   46   45   42   39   36   33   31   30   30   32   35
   39   44   49   54   61   68   75   82   86   89   91   93   95   99  104  109
  114  118  123  127  131  136  141  144  147  149  150  151  151  152  153  153
  154  154  154  154  153  150  146  141  135  130  125  122  118  112  105   97
   88   78   71   62   57   53   53   52   50                                   
    42.5-180.0 180.0   5.0 450.0                            LAT/LON1/LON2/DLON/H
   50   49   45   50   50   50   50   48   46   43   39   36   34   33   34   36
   40   44   50   56   63   71   78   84   89   92   93   93   95   98  103  109
  115  121  127  133  138  144  149  153  155  157  158  159  159  159  159  159
  158  157  156  156  156  155  152  149  144  140  136  133  129  124  117  108
   98   87   78   67   60   55   54   54   50                                   
    40.0-180.0 180.0   5.0 450.0                            LAT/LON1/LON2/DLON/H
   50   50   45   51   50   51   52   53   52   50   46   43   39   37   37   38
   42   46   52   59   67   74   81   87   91   93   94   94   96   99  105  112
  119  127  133  140  147  153  158  162  165  166  167  167  167  167  167  165
  163  161  160  160  161  162  162  160  156  152  148  145  141  135  128  119
  108   95   86   74   65   59   57   56   50                                   
    37.5-180.0 180.0   5.0 450.0                            LAT/LON1/LON2/DLON/H
   51   51   45   50   49   50   52   55   56   55   53   50   46   43   41   42
   45   50   56   63   70   76   83   88   92   94   95   96   98  102  109  116
  125  133  141  149  156  163  169  173  176  177  178  178  178  178  177  175
  173  171  171  171  174  176  177  176  172  168  163  157  151  145  136  127
  115  103   92   81   71   65   62   59   51                                   
    35.0-180.0 180.0   5.0 450.0                            LAT/LON1/LON2/DLON/H
   54   53   45   49   48   48   51   54   57   59   58   56   53   49   47   46
   49   53   60   66   73   78   84   89   93   96   98   99  102  107  114  123
  133  142  151  160  168  175  181  186  189  191  191  192  192  193  193  193
  191  191  191  193  196  199  200  198  194  187  179  170  161  152  142  131
  120  108   98   87   78   72   68   64   54                                   
    32.5-180.0 180.0   5.0 450.0                            LAT/LON1/LON2/DLON/H
   60   57   47   49   47   47   49   53   57   60   62   61   59   56   53   52
   53   57   63   70   75   80   85   89   93   97  100  104  108  114  122  131
  142  152  162  172  181  189  196  201  205  207  209  210  212  215  217  219
  220  222  224  228  231  232  231  227  220  210  197  184  171  158  146  134
  122  111  102   94   85   80   76   70   60                                   
    30.0-180.0 180.0   5.0 450.0                            LAT/LON1/LON2/DLON/H
   69   63   52   52   48   47   48   51   56   59   63   64   63   61   58   57
   58   61   67   73   78   82   86   90   94   99  104  109  114  121  130  141
  152  164  176  187  198  207  215  221  225  229  232  235  239  244  250  255
  259  264  269  273  275  275  270  262  251  236  218  200  182  165  149  136
  124  114  107  100   93   88   85   78   69                                   
    27.5-180.0 180.0   5.0 450.0                            LAT/LON1/LON2/DLON/H
   80   73   60   57   53   51   50   52   55   58   62   65   66   65   63   61
   61   64   70   76   80   84   87   91   96  102  109  115  122  130  140  152
  165  178  193  206  218  229  238  245  251  255  260  265  272  280  289  297
  306  313  320  325  326  322  314  300  283  263  241  218  194  173  154  140
  128  119  113  108  101   97   95   87   80                                   
    25.0-180.0 180.0   5.0 450.0                            LAT/LON1/LON2/DLON/H
   93   84   70   66   61   58   56   55   56   58   61   64   67   67   66   64
   64   67   72   78   83   86   89   93   99  106  114  121  130  139  151  164
  179  196  213  229  243  255  265  273  280  286  293  301  310  321  332  343
  354  364  373  377  376  369  355  337  315  290  264  236  209  184  163  148
  136  128  123  117  112  106  106   97   93                                   
    22.5-180.0 180.0   5.0 450.0                            LAT/LON1/LON2/DLON/H
  106   96   83   78   72   68   65   61   60   60   61   64   66   67   67   66
   66   69   74   80   85   89   92   96  103  110  119  129  139  150  164  179
  197  217  237  256  273  286  296  305  312  320  329  339  350  363  375  388
  400  411  419  423  419  408  389  367  341  314  285  255  226  199  177  160
  148  140  135  130  124  117  117  109  106                                   
    20.0-180.0 180.0   5.0 450.0                            LAT/LON1/LON2/DLON/H
  119  110   98   92   85   80   75   69   66   63   62   63   65   67   67   66
   67   71   76   83   88   92   96  100  107  116  126  137  149  163  179  197
  218  241  264  286  304  318  329  338  346  355  366  377  390  402  414  426
  437  447  454  455  449  434  412  387  360  333  304  274  245  218  195  178
  165  157  152  144  137  129  128  121  119                                   
    17.5-180.0 180.0   5.0 450.0                            LAT/LON1/LON2/DLON/H
  131  124  114  107   98   92   86   78   73   68   65   64   65   66   66   67
   68   72   79   86   92   96  100  105  113  122  133  146  161  178  197  218
  242  267  293  316  336  350  361  369  378  389  400  413  425  436  446  455
  463  470  474  473  464  446  424  398  373  347  320  293  265  238  216  199
  186  177  170  161  152  142  139  132  131                                   
    15.0-180.0 180.0   5.0 450.0                            LAT/LON1/LON2/DLON/H
  142  137  129  121  111  103   97   87   80   73   68   66   65   65   66   67
   69   74   81   89   95  100  105  111  119  130  142  158  176  196  218  242
  267  294  321  345  364  378  388  397  406  418  430  443  453  462  468  472
  476  479  480  477  466  449  427  404  381  358  335  309  283  258  236  220
  207  197  189  178  166  154  150  143  142                                   
    12.5-180.0 180.0   5.0 450.0                            LAT/LON1/LON2/DLON/H
  152  149  143  133  122  112  105   95   87   79   72   68   66   66   66   68
   71   77   85   92   99  105  111  118  127  139  154  172  193  216  241  266
  293  320  345  368  386  400  409  418  428  440  453  464  472  476  478  478
  478  478  477  472  462  446  426  406  386  367  346  322  298  274  254  238
  225  215  206  193  180  165  161  153  152                                   
    10.0-180.0 180.0   5.0 450.0                            LAT/LON1/LON2/DLON/H
  160  157  152  140  129  118  112  101   92   84   77   72   69   67   68   70
   74   81   89   96  103  110  117  125  136  150  167  188  212  238  264  290
  316  341  364  385  401  413  422  431  441  453  465  474  479  480  478  475
  472  470  468  463  454  440  423  405  388  371  352  330  307  284  264  249
  236  227  218  205  191  176  172  163  160                                   
     7.5-180.0 180.0   5.0 450.0                            LAT/LON1/LON2/DLON/H
  166  163  157  143  132  120  115  104   96   88   81   75   72   70   71   74
   79   85   93  101  108  115  124  134  147  163  182  205  231  258  285  310
