data/edconvlstm_nd/pred0910.15i
     1.0            IONOSPHERE MAPS     GNSS                IONEX VERSION / TYPE
pyspatialgeodesy        IME             05-JAN-18 20:20     PGM / RUN BY / DATE 
Map Name                                                    COMMENT             
Predicted global ionosphere maps (GIM).                     DESCRIPTION         
  2015     4     1     0     0     0                        EPOCH OF FIRST MAP  
  2015     4     2     0     0     0                        EPOCH OF LAST MAP   
  7200                                                      INTERVAL            
    13                                                      # OF MAPS IN FILE   
  NONE                                                      MAPPING FUNCTION    
10.0                                                        ELEVATION CUTOFF    
One-way carrier phase leveled to code                       OBSERVABLES USED    
  6371.0                                                    BASE RADIUS         
 2                                                          MAP DIMENSION       
   450.0 450.0   0.0                                        HGT1 / HGT2 / DHGT  
    87.5 -87.5  -2.5                                        LAT1 / LAT2 / DLAT  
  -180.0 180.0   5.0                                        LON1 / LON2 / DLON  
    -1                                                      EXPONENT            
                                                            END OF HEADER       
[from data line 4719]
    12                                                      START OF TEC MAP    
  2015     4     1    22     0     0                        EPOCH OF CURRENT MAP
    87.5-180.0 180.0   5.0 450.0                            LAT/LON1/LON2/DLON/H
  185  170  154  161  159  158  158  156  155  156  155  155  155  155  155  155
  155  155  155  154  154  153  153  152  151  150  149  148  147  145  144  143
  143  142  141  141  141  141  141  141  141  141  141  142  142  143  144  145
  146  147  148  149  150  152  153  154  155  157  158  158  159  160  160  160
  160  160  159  161  172  172  174  182  185                                   
    85.0-180.0 180.0   5.0 450.0                            LAT/LON1/LON2/DLON/H
  176  174  176  170  165  168  168  168  167  168  167  167  167  167  167  167
  167  166  166  165  165  163  162  161  159  157  155  153  151  149  147  146
  144  143  142  141  141  141  141  141  142  142  143  144  145  146  148  149
  150  152  154  156  158  159  161  163  165  167  168  170  171  172  173  173
  174  174  173  172  176  169  169  177  176                                   
    82.5-180.0 180.0   5.0 450.0                            LAT/LON1/LON2/DLON/H
  157  161  165  161  159  163  166  166  164  165  165  166  166  167  167  168
  168  168  168  168  167  166  164  162  159  157  154  150  147  144  141  138
  135  133  132  130  129  129  129  129  129  129  129  130  130  131  132  134
  135  137  139  142  144  147  150  153  155  158  160  163  164  166  167  167
  167  167  167  171  172  179  171  174  157                                   
    80.0-180.0 180.0   5.0 450.0                            LAT/LON1/LON2/DLON/H
  153  161  169  163  161  162  166  169  169  170  170  171  171  172  172  173
  173  173  173  173  172  171  169  167  164  160  156  151  146  141  136  132
  128  125  123  121  120  119  119  119  119  119  120  120  121  121  122  124
  125  127  130  133  136  140  144  148  152  155  159  162  165  167  169  170
  171  171  171  173  171  168  167  179  153                                   
    77.5-180.0 180.0   5.0 450.0                            LAT/LON1/LON2/DLON/H
  163  162  175  170  171  173  177  179  180  181  181  182  182  182  182  182
  183  183  183  183  183  183  182  179  176  172  167  161  155  148  142  136
  131  127  124  122  120  119  119  118  117  116  115  114  113  113  112  113
  113  115  117  120  123  127  131  136  140  145  150  154  158  161  164  166
  167  168  169  172  174  171  178  197  163                                   
    75.0-180.0 180.0   5.0 450.0                            LAT/LON1/LON2/DLON/H
  177  178  186  182  183  187  189  191  193  194  194  194  193  192  191  190
  189  189  190  190  191  191  191  189  186  182  176  169  161  153  145  138
  132  127  124  121  119  119  118  117  116  114  112  110  108  106  104  104
  104  104  106  108  111  115  119  123  129  134  139  145  150  154  159  163
  165  168  172  172  174  172  180  190  177                                   
    72.5-180.0 180.0   5.0 450.0                            LAT/LON1/LON2/DLON/H
  195  197  205  206  206  209  212  214  214  215  214  213  211  208  205  202
  200  199  199  200  202  203  203  202  200  195  188  179  170  160  150  141
  134  128  125  122  121  120  120  118  117  114  111  107  103  100   97   95
   94   94   94   95   97  100  104  108  113  119  125  131  138  144  150  156
  160  166  171  175  178  181  191  206  195                                   
    70.0-180.0 180.0   5.0 450.0                            LAT/LON1/LON2/DLON/H
  217  220  226  225  225  227  229  232  233  234  233  230  226  221  215  210
  206  204  203  205  207  209  210  210  207  201  193  183  172  160  149  139
  130  123  119  116  115  115  114  114  112  109  105  101   96   92   89   86
   85   84   84   84   85   87   89   93   98  103  110  117  125  132  140  148
  154  163  171  178  184  191  204  215  217                                   
    67.5-180.0 180.0   5.0 450.0                            LAT/LON1/LON2/DLON/H
  241  246  253  253  254  257  259  262  262  263  261  258  252  245  236  228
  222  218  217  218  221  224  225  224  221  214  205  194  181  167  154  143
  133  125  120  117  116  116  115  115  113  109  105  100   95   91   87   85
   83   82   81   81   81   82   84   86   90   96  103  111  120  129  138  148
  156  167  178  186  195  205  219  229  241                                   
    65.0-180.0 180.0   5.0 450.0                            LAT/LON1/LON2/DLON/H
  255  263  270  269  271  274  276  280  282  284  283  279  272  263  252  242
  234  229  227  228  230  233  234  232  228  220  210  197  184  170  156  143
  132  123  116  112  110  109  109  108  106  103   98   93   88   84   81   79
   78   77   77   76   75   75   76   78   81   86   93  102  112  122  133  144
  154  167  179  190  201  215  231  240  255                                   
    62.5-180.0 180.0   5.0 450.0                            LAT/LON1/LON2/DLON/H
  266  275  282  282  285  289  293  297  300  304  303  300  294  283  272  260
  250  244  241  241  243  244  244  241  235  226  215  203  190  177  163  149
  136  125  117  110  107  106  105  104  102   99   94   89   84   80   78   76
   76   75   75   75   74   73   73   75   78   83   90   99  110  121  134  146
  157  171  184  195  207  222  238  246  266                                   
    60.0-180.0 180.0   5.0 450.0                            LAT/LON1/LON2/DLON/H
  271  281  289  289  294  298  303  308  314  318  320  318  312  302  290  277
  267  259  255  253  253  253  251  246  238  229  219  209  199  188  175  161
  147  134  122  114  109  106  105  104  102   98   94   88   83   79   77   76
   76   76   77   77   76   76   75   76   79   83   91  100  112  125  138  151
  163  177  191  201  213  229  244  252  271                                   
    57.5-180.0 180.0   5.0 450.0                            LAT/LON1/LON2/DLON/H
  277  287  295  295  302  306  314  319  326  331  334  333  327  318  306  293
  281  272  266  263  261  258  254  247  240  232  224  217  211  203  193  180
  165  149  134  123  116  112  110  109  106  103   98   93   87   83   80   79
   80   80   81   82   82   82   82   83   85   89   97  107  120  134  148  162
  175  189  202  211  221  237  251  258  277                                   
    55.0-180.0 180.0   5.0 450.0                            LAT/LON1/LON2/DLON/H
  289  299  308  308  316  321  329  334  341  346  349  347  342  332  320  306
  293  282  274  268  264  259  254  247  241  235  231  229  227  224  216  203
  187  168  151  137  128  123  120  119  117  113  108  103   97   92   89   88
   88   88   90   91   92   93   93   94   96  101  108  119  133  148  164  179
  192  206  219  228  236  251  265  270  289                                   
    52.5-180.0 180.0   5.0 450.0                            LAT/LON1/LON2/DLON/H
  309  319  329  328  339  344  352  356  362  365  366  363  357  346  332  316
  300  287  276  267  261  256  251  246  241  239  240  243  245  245  238  226
  207  187  168  152  142  136  133  132  130  127  122  117  111  106  102  100
  100  100  101  102  104  106  108  109  111  116  123  135  150  166  183  199
  213  228  242  251  258  272  285  289  309                                   
    50.0-180.0 180.0   5.0 450.0                            LAT/LON1/LON2/DLON/H
  338  349  360  358  371  377  385  387  391  392  390  385  375  361  344  325
  306  288  273  263  255  251  247  245  245  247  251  257  262  263  256  242
  222  200  181  165  155  149  147  145  144  141  137  132  127  122  118  116
  114  114  115  116  119  122  124  126  128  133  140  153  168  186  205  222
  236  253  267  278  285  299  314  316  338                                   
    47.5-180.0 180.0   5.0 450.0                            LAT/LON1/LON2/DLON/H
  373  384  396  395  410  418  425  427  429  427  421  412  398  380  359  335
  310  288  270  257  250  247  247  249  252  257  264  271  275  273  263  246
  225  204  186  172  164  159  157  155  154  152  149  145  141  137  135  132
  130  129  129  131  133  137  140  142  144  149  157  170  187  206  226  244
  259  277  292  306  315  329  346  348  373                                   
    45.0-180.0 180.0   5.0 450.0                            LAT/LON1/LON2/DLON/H
  408  421  433  433  450  460  467  469  470  466  458  445  428  405  378  349
  319  292  270  256  249  249  252  257  263  270  276  280  280  273  258  238
  217  199  184  175  169  166  164  162  161  159  156  154  152  150  149  147
  145  143  143  143  146  149  152  155  158  163  172  186  204  224  244  263
  278  297  314  330  342  358  378  382  408                                   
    42.5-180.0 180.0   5.0 450.0                            LAT/LON1/LON2/DLON/H
  438  453  466  466  485  496  505  508  510  507  498  483  463  436  405  370
  334  303  279  263  257  259  264  271  278  283  286  284  277  263  244  223
  204  190  182  178  176  173  171  168  166  163  161  160  159  159  159  158
  157  155  153  152  154  156  159  162  166  172  182  198  217  238  259  277
  293  312  330  348  362  382  404  411  438                                   
    40.0-180.0 180.0   5.0 450.0                            LAT/LON1/LON2/DLON/H
  459  477  490  490  510  522  533  539  544  543  536  522  500  472  437  398
  359  324  298  283  277  279  284  291  296  297  294  285  271  251  229  210
  196  190  189  190  190  187  183  178  174  170  168  166  165  166  166  166
  164  161  159  157  156  158  161  164  168  175  187  205  226  248  269  287
  302  321  340  359  374  397  421  432  459                                   
    37.5-180.0 180.0   5.0 450.0                            LAT/LON1/LON2/DLON/H
  473  494  507  506  526  539  553  561  571  573  569  558  538  510  474  434
  393  357  331  315  308  308  311  314  315  311  302  288  269  247  227  212
  205  207  212  217  217  212  205  197  190  184  179  175  173  172  171  170
  168  165  160  156  155  155  157  161  166  174  187  206  229  252  274  292
  307  326  344  363  379  404  430  444  473                                   
    35.0-180.0 180.0   5.0 450.0                            LAT/LON1/LON2/DLON/H
  484  506  521  519  540  553  569  579  591  598  597  589  572  546  512  473
  433  398  372  356  347  343  342  339  335  327  315  299  280  260  245  238
  240  249  259  264  261  252  240  228  218  208  200  192  185  181  178  175
  171  166  160  155  152  151  153  156  162  170  185  205  229  253  276  294
  309  328  346  364  380  405  434  448  484                                   
    32.5-180.0 180.0   5.0 450.0                            LAT/LON1/LON2/DLON/H
  498  521  538  535  558  570  587  598  613  621  623  617  603  580  550  514
  477  444  419  402  389  380  372  364  356  347  336  323  309  297  291  294
  305  320  331  332  323  307  289  273  258  245  231  217  205  195  187  181
  175  168  161  155  151  150  152  155  161  169  183  203  228  253  277  297
  313  332  350  367  381  407  437  449  498                                   
    30.0-180.0 180.0   5.0 450.0                            LAT/LON1/LON2/DLON/H
  519  545  563  561  586  598  615  624  640  648  651  646  633  613  585  553
  519  490  465  446  429  413  400  389  382  376  370  365  360  359  366  380
  400  418  426  418  397  372  347  326  308  290  271  251  232  215  202  191
  182  173  165  159  156  155  157  160  165  172  185  204  228  255  280  302
  320  341  359  375  389  413  444  454  519                                   
    27.5-180.0 180.0   5.0 450.0                            LAT/LON1/LON2/DLON/H
  550  579  599  599  628  639  655  663  678  685  686  680  666  647  621  592
  561  533  508  485  463  443  427  418  415  416  420  425  433  446  466  492
  517  533  530  507  471  434  403  379  359  339  315  289  264  241  222  207
  194  183  175  169  166  166  168  170  173  179  189  206  230  257  285  310
  331  354  373  390  404  427  459  466  550                                   
    25.0-180.0 180.0   5.0 450.0                            LAT/LON1/LON2/DLON/H
  587  621  643  648  681  693  708  714  727  732  731  722  707  687  662  633
  603  574  547  521  494  471  456  452  458  471  486  503  523  547  578  609
  632  637  617  575  524  476  442  418  400  380  355  326  297  269  246  226
  210  198  189  184  181  181  182  183  184  186  193  208  231  259  290  319
  344  370  392  411  425  449  482  488  587                                   
    22.5-180.0 180.0   5.0 450.0                            LAT/LON1/LON2/DLON/H
  627  666  691  702  739  752  766  771  783  787  785  775  758  737  711  682
  651  619  588  557  527  504  493  498  515  538  564  589  616  644  673  698
  709  697  657  598  535  484  451  433  420  404  382  354  324  296  270  248
  230  217  208  203  201  200  200  199  196  195  198  210  231  261  294  328
  356  387  413  434  450  476  511  516  627                                   
    20.0-180.0 180.0   5.0 450.0                            LAT/LON1/LON2/DLON/H
  661  707  735  751  791  806  820  826  839  844  842  833  817  796  771  741
  708  672  636  599  567  546  542  556  582  614  644  669  690  709  724  732
  724  693  638  568  502  453  427  418  413  404  388  366  341  316  291  269
  250  237  228  224  222  221  219  214  208  202  202  211  232  262  298  335
  367  401  432  456  474  504  541  546  661                                   
    17.5-180.0 180.0   5.0 450.0                            LAT/LON1/LON2/DLON/H
  685  735  767  787  829  845  860  868  884  894  897  892  880  862  839  810
  776  737  695  655  621  602  604  624  655  687  711  724  728  724  714  698
  670  625  563  494  434  395  380  380  384  382  374  360  344  326  305  285
  267  254  247  243  241  238  234  226  216  206  203  210  230  261  299  337
  373  410  445  473  494  526  567  573  685                                   
    15.0-180.0 180.0   5.0 450.0                            LAT/LON1/LON2/DLON/H
  697  750  783  806  848  866  882  893  914  930  941  944  939  927  910  885
  853  813  768  725  690  673  676  697  723  745  752  742  717  683  645  606
  564  514  456  399  355  331  328  336  345  349  347  342  334  324  309  292
  276  265  259  255  253  249  243  232  219  206  200  207  227  258  297  336
  372  412  450  482  506  543  585  593  697                                   
    12.5-180.0 180.0   5.0 450.0                            LAT/LON1/LON2/DLON/H
  699  751  786  809  850  868  886  900  926  949  969  981  986  984  975  957
  930  893  849  805  769  750  751  763  777  779  760  719  662  599  537  483
  437  393  352  317  294  286  292  303  312  316  317  317  316  311  301  288
  275  266  261  258  255  250  243  231  216  202  195  201  221  253  292  331
  367  408  448  484  512  553  597  606  699                                   
    10.0-180.0 180.0   5.0 450.0                            LAT/LON1/LON2/DLON/H
  696  748  781  804  842  860  879  895  925  954  981 1002 1016 1023 1024 1016
  997  966  926  884  847  825  817  816  809  784  735  663  579  496  424  368
  328  300  282  272  270  275  285  293  296  294  292  292  293  291  284  274
  263  256  253  250  247  242  234  223  208  194  188  194  216  248  286  324
  360  401  443  481  514  558  604  614  696                                   
     7.5-180.0 180.0   5.0 450.0                            LAT/LON1/LON2/DLON/H
  695  747  779  799  835  852  870  886  918  949  980 1006 1027 1042 1051 1052
 1042 1020  987  948  912  885  866  847  815  761  683  588  492  405  338  291
