data/edconvlstm_nd/pred2120.15i
     1.0            IONOSPHERE MAPS     GNSS                IONEX VERSION / TYPE
pyspatialgeodesy        IME             05-JAN-18 20:20     PGM / RUN BY / DATE 
Map Name                                                    COMMENT             
Predicted global ionosphere maps (GIM).                     DESCRIPTION         
  2015     7    31     0     0     0                        EPOCH OF FIRST MAP  
  2015     8     1     0     0     0                        EPOCH OF LAST MAP   
  7200                                                      INTERVAL            
    13                                                      # OF MAPS IN FILE   
  NONE                                                      MAPPING FUNCTION    
10.0                                                        ELEVATION CUTOFF    
One-way carrier phase leveled to code                       OBSERVABLES USED    
  6371.0                                                    BASE RADIUS         
 2                                                          MAP DIMENSION       
   450.0 450.0   0.0                                        HGT1 / HGT2 / DHGT  
    87.5 -87.5  -2.5                                        LAT1 / LAT2 / DLAT  
  -180.0 180.0   5.0                                        LON1 / LON2 / DLON  
    -1                                                      EXPONENT            
                                                            END OF HEADER       
[from data line 4719]
    12                                                      START OF TEC MAP    
  2015     7    31    22     0     0                        EPOCH OF CURRENT MAP
    87.5-180.0 180.0   5.0 450.0                            LAT/LON1/LON2/DLON/H
  145  130  114  120  121  118  118  116  115  116  114  114  114  114  113  113
  113  112  112  112  111  111  111  110  110  109  109  108  108  107  106  105
  105  104  103  102  102  101  100  100   99   99   99   99   99   99   99   99
   99  100  100  101  101  102  102  103  104  104  105  106  107  108  108  109
  109  110  110  111  124  121  133  140  145                                   
    85.0-180.0 180.0   5.0 450.0                            LAT/LON1/LON2/DLON/H
  140  136  138  129  126  128  127  128  127  127  125  125  124  124  123  123
  122  121  121  120  120  119  119  118  118  117  116  116  115  114  113  112
  111  110  109  108  107  107  106  105  105  104  104  103  103  103  103  104
  104  104  105  106  107  108  109  110  111  112  113  115  116  117  118  119
  121  121  121  121  126  122  125  127  140                                   
    82.5-180.0 180.0   5.0 450.0                            LAT/LON1/LON2/DLON/H
  122  125  127  122  120  123  126  124  122  122  120  120  119  118  117  116
  115  115  114  114  113  113  113  113  113  112  111  111  110  109  107  106
  105  103  102  101  100   98   97   96   96   95   94   94   94   94   94   94
   95   96   97   98   99  100  102  103  105  106  108  109  111  112  113  114
  115  115  116  121  125  133  127  127  122                                   
    80.0-180.0 180.0   5.0 450.0                            LAT/LON1/LON2/DLON/H
  117  124  130  125  122  121  125  127  126  126  125  124  122  121  120  119
  118  117  116  116  116  117  117  117  117  117  116  115  114  112  111  109
  107  106  104  102  101   99   98   97   96   95   94   94   93   94   94   95
   96   97   98  100  102  103  105  107  109  111  112  114  116  117  119  120
  121  121  122  124  124  124  123  131  117                                   
    77.5-180.0 180.0   5.0 450.0                            LAT/LON1/LON2/DLON/H
  126  124  134  129  129  130  133  134  133  133  131  130  128  126  125  123
  122  121  121  121  122  123  125  125  126  126  126  125  123  122  120  118
  116  114  113  111  109  107  106  104  102  101  100  100  100  100  101  102
  104  105  107  109  111  113  115  116  118  120  122  123  125  126  127  128
  128  128  128  129  132  127  132  145  126                                   
    75.0-180.0 180.0   5.0 450.0                            LAT/LON1/LON2/DLON/H
  129  128  133  128  129  132  134  136  137  139  137  136  134  132  130  128
  126  125  125  126  128  129  131  133  134  134  134  133  131  129  127  125
  124  122  120  119  117  115  113  111  109  108  106  106  106  107  108  110
  112  114  116  118  119  121  123  125  126  128  130  131  132  133  134  135
  134  134  134  130  130  123  127  130  129                                   
    72.5-180.0 180.0   5.0 450.0                            LAT/LON1/LON2/DLON/H
  131  127  132  134  131  134  139  141  142  143  142  141  139  137  134  131
  129  128  128  129  131  134  136  138  139  140  139  137  135  133  131  129
  127  126  125  123  122  119  117  114  111  109  108  107  107  109  110  113
  115  118  120  122  124  126  127  129  130  132  134  135  137  137  138  138
  136  135  134  129  126  120  123  133  131                                   
    70.0-180.0 180.0   5.0 450.0                            LAT/LON1/LON2/DLON/H
  134  127  130  130  128  132  137  141  144  147  147  147  145  142  139  135
  133  131  131  132  134  136  139  141  143  143  141  139  136  133  130  128
  127  127  126  125  123  121  118  114  111  108  106  105  105  107  109  112
  114  117  119  121  122  124  125  127  128  130  133  135  136  138  139  139
  136  134  133  130  127  120  122  130  134                                   
    67.5-180.0 180.0   5.0 450.0                            LAT/LON1/LON2/DLON/H
  140  132  135  137  136  139  145  150  153  156  158  158  157  154  151  147
  144  141  141  141  143  146  149  151  152  151  148  145  141  138  135  133
  132  132  131  131  129  126  121  117  112  108  105  104  105  107  109  112
  115  118  120  121  122  123  125  126  129  132  135  138  140  142  143  143
  141  139  136  131  127  120  120  129  140                                   
    65.0-180.0 180.0   5.0 450.0                            LAT/LON1/LON2/DLON/H
  145  137  139  141  139  142  148  153  157  162  164  166  165  163  159  155
  151  149  147  148  149  152  154  156  156  154  151  147  143  139  136  134
  133  133  133  132  130  126  121  115  109  104  101  100  100  102  104  107
  109  110  111  112  112  113  115  117  120  124  129  133  137  139  142  142
  140  138  137  134  131  124  125  133  145                                   
    62.5-180.0 180.0   5.0 450.0                            LAT/LON1/LON2/DLON/H
  154  146  149  150  149  151  155  160  164  169  171  174  174  172  168  165
  161  158  156  156  157  159  161  162  162  160  157  153  148  144  141  139
  138  137  137  136  133  128  122  115  108  103   99   97   97   99  100  102
  103  103  102  102  102  103  105  108  113  118  123  129  134  137  140  141
  140  139  138  135  134  128  129  137  154                                   
    60.0-180.0 180.0   5.0 450.0                            LAT/LON1/LON2/DLON/H
  163  158  161  161  159  160  163  167  170  175  178  180  180  179  176  172
  169  166  164  163  164  165  167  168  168  166  163  159  155  151  148  146
  145  144  143  141  137  132  125  117  110  104  100   98   98   98   98   98
   97   95   93   92   92   93   95   99  105  111  117  124  129  134  137  139
  139  139  139  138  138  136  139  146  163                                   
    57.5-180.0 180.0   5.0 450.0                            LAT/LON1/LON2/DLON/H
  173  171  175  174  172  172  174  176  178  182  183  185  185  184  181  178
  174  172  170  169  169  170  171  172  173  172  171  168  165  162  159  157
  155  153  151  148  144  137  130  123  116  110  106  104  102  101  100   97
   94   90   87   84   84   85   88   93   99  106  113  119  125  130  134  137
  138  140  141  141  143  143  148  155  173                                   
    55.0-180.0 180.0   5.0 450.0                            LAT/LON1/LON2/DLON/H
  183  184  190  189  186  187  188  189  190  191  191  192  191  188  185  182
  179  177  175  174  173  174  175  176  178  178  179  178  177  175  172  169
  166  163  160  156  151  145  138  131  124  119  115  113  110  108  104   99
   93   88   84   81   80   82   86   91   97  104  110  116  122  127  132  136
  138  141  144  145  149  151  158  165  183                                   
    52.5-180.0 180.0   5.0 450.0                            LAT/LON1/LON2/DLON/H
  191  194  202  201  200  201  203  204  204  204  202  200  197  194  190  186
  183  180  178  177  177  177  177  179  182  184  186  188  188  187  184  181
  177  173  168  164  159  153  147  140  134  129  125  122  119  115  110  103
   96   89   84   81   81   83   87   92   98  104  109  115  120  126  131  136
  140  144  148  150  154  158  166  172  191                                   
    50.0-180.0 180.0   5.0 450.0                            LAT/LON1/LON2/DLON/H
  198  202  211  212  212  216  219  221  221  221  217  213  208  202  197  192
  188  185  183  182  181  180  181  183  186  190  194  197  198  197  195  190
  185  180  175  170  165  160  155  149  144  139  135  132  128  122  115  108
  100   93   88   86   86   88   92   96  101  106  110  115  121  126  133  139
  144  149  155  157  161  165  172  179  198                                   
    47.5-180.0 180.0   5.0 450.0                            LAT/LON1/LON2/DLON/H
  203  206  215  219  222  229  235  239  241  240  236  231  224  216  208  201
  196  192  190  188  187  186  187  189  192  197  201  204  206  205  201  197
  191  185  180  175  171  167  162  157  151  146  142  138  133  127  120  112
  104   98   94   93   93   95   98  101  105  109  113  117  123  130  138  145
  151  158  164  166  169  171  177  184  203                                   
    45.0-180.0 180.0   5.0 450.0                            LAT/LON1/LON2/DLON/H
  207  208  217  223  229  240  249  257  260  262  258  252  243  233  223  215
  208  203  200  198  197  195  195  197  200  204  208  211  211  209  205  199
  193  188  183  179  175  172  168  162  157  151  146  141  136  129  122  115
  109  104  101  100  100  102  104  106  109  112  115  120  127  135  145  155
  162  170  176  177  179  179  183  190  207                                   
    42.5-180.0 180.0   5.0 450.0                            LAT/LON1/LON2/DLON/H
  211  210  218  226  235  248  260  271  278  282  280  275  266  255  243  232
  224  218  215  212  210  208  207  208  210  213  216  217  215  212  206  200
  194  189  185  182  180  177  172  167  160  153  146  141  135  130  124  118
  113  109  107  107  107  107  108  109  110  113  117  124  133  143  155  167
  175  183  190  190  191  188  190  197  211                                   
    40.0-180.0 180.0   5.0 450.0                            LAT/LON1/LON2/DLON/H
  217  213  221  229  240  254  269  282  292  299  299  296  288  277  265  253
  244  237  233  230  227  224  222  222  223  225  225  224  220  214  207  201
  195  191  188  186  184  181  176  169  161  153  146  140  135  130  125  120
  116  114  112  111  110  109  108  108  110  113  118  127  139  153  167  180
  189  198  204  204  204  200  200  207  217                                   
    37.5-180.0 180.0   5.0 450.0                            LAT/LON1/LON2/DLON/H
  226  222  229  237  248  262  277  291  303  312  315  314  308  299  287  275
  265  258  253  250  246  243  240  239  239  239  237  233  226  218  210  203
  197  194  191  189  187  184  179  171  162  153  146  140  135  131  127  123
  120  117  115  113  110  108  106  105  107  111  119  130  145  161  178  192
  202  211  218  218  217  214  213  219  226                                   
    35.0-180.0 180.0   5.0 450.0                            LAT/LON1/LON2/DLON/H
  240  237  244  250  261  272  286  300  312  323  328  329  326  318  307  296
  287  280  275  272  268  263  260  258  256  255  251  244  235  224  214  206
  201  197  195  192  190  186  180  172  163  154  147  142  138  135  131  127
  123  120  116  112  108  104  102  101  102  108  118  132  150  169  187  202
  212  222  229  230  230  228  229  235  240                                   
    32.5-180.0 180.0   5.0 450.0                            LAT/LON1/LON2/DLON/H
  258  258  266  269  279  287  299  310  322  332  339  342  341  335  327  317
  308  302  298  294  289  284  280  278  276  273  267  258  246  232  220  211
  205  200  197  193  189  184  178  171  163  156  150  146  143  140  136  131
  126  121  115  110  105  100   97   96   98  105  116  132  152  173  192  208
  218  228  236  239  240  243  245  253  258                                   
    30.0-180.0 180.0   5.0 450.0                            LAT/LON1/LON2/DLON/H
  280  283  293  294  302  308  316  324  335  344  351  355  356  352  345  337
  329  324  320  316  311  306  301  298  295  292  284  273  258  242  227  216
  208  202  196  190  184  178  172  166  160  155  151  149  147  144  140  134
  127  120  113  106  101   97   94   93   96  102  114  131  153  174  194  209
  219  231  240  246  249  255  262  270  280                                   
    27.5-180.0 180.0   5.0 450.0                            LAT/LON1/LON2/DLON/H
  302  309  321  320  329  333  339  343  351  359  366  371  372  370  364  358
  351  347  342  338  332  326  322  318  315  310  301  287  270  251  233  219
  209  199  190  180  172  165  160  156  153  151  149  149  147  144  140  133
  125  117  109  102   97   94   92   92   94  100  111  129  150  172  191  206
  217  230  241  249  255  265  275  285  302                                   
    25.0-180.0 180.0   5.0 450.0                            LAT/LON1/LON2/DLON/H
  322  331  345  346  356  359  364  366  372  378  384  389  391  390  386  380
  375  370  366  361  354  347  342  338  334  327  316  300  279  257  237  220
  205  192  179  167  156  148  143  141  141  141  142  142  142  139  134  128
  120  111  104   98   94   93   92   92   94   98  108  125  145  166  185  200
  212  226  238  249  258  271  284  296  322                                   
    22.5-180.0 180.0   5.0 450.0                            LAT/LON1/LON2/DLON/H
  336  345  361  365  379  384  389  391  396  401  406  411  413  413  410  405
  400  396  391  384  377  369  363  357  351  342  328  308  284  260  237  217
  199  182  166  150  138  129  125  124  125  127  129  130  129  127  123  117
  110  103   97   93   92   92   93   93   93   96  105  119  138  158  177  193
  205  221  235  248  259  273  287  302  336                                   
    20.0-180.0 180.0   5.0 450.0                            LAT/LON1/LON2/DLON/H
  341  349  366  375  393  401  408  412  418  424  429  434  437  438  435  431
  427  423  417  409  400  391  383  375  366  354  335  312  286  259  234  211
  191  172  153  136  122  112  107  107  108  110  112  112  111  109  106  102
   97   92   89   87   88   91   92   92   92   93  100  113  130  150  168  185
  198  215  231  245  257  271  285  302  341                                   
    17.5-180.0 180.0   5.0 450.0                            LAT/LON1/LON2/DLON/H
  337  342  360  372  394  407  417  424  433  441  449  455  459  461  460  457
  454  449  443  434  423  411  401  391  378  361  338  312  283  255  229  206
  185  165  145  127  112  102   96   94   94   94   94   93   92   90   88   86
   84   81   81   82   84   88   90   90   89   90   95  107  123  142  161  178
  193  211  227  241  253  267  281  299  337                                   
    15.0-180.0 180.0   5.0 450.0                            LAT/LON1/LON2/DLON/H
  326  330  345  360  382  399  413  424  437  449  460  469  475  479  480  479
  477  473  466  456  443  429  416  403  386  364  338  308  278  250  225  202
  182  163  144  127  113  102   95   90   87   84   81   78   76   74   72   72
   72   72   73   76   80   83   85   84   83   84   90  101  117  136  155  173
  190  209  225  238  250  262  275  294  326                                   
    12.5-180.0 180.0   5.0 450.0                            LAT/LON1/LON2/DLON/H
  314  316  330  343  364  381  397  412  429  445  459  472  481  488  491  492
  492  490  483  473  458  442  427  409  389  363  333  302  273  246  222  202
  184  168  152  138  125  115  105   96   88   81   75   70   66   64   63   63
   64   66   68   71   74   77   78   77   76   78   85   96  113  131  151  171
  188  208  223  236  247  260  272  291  314                                   
    10.0-180.0 180.0   5.0 450.0                            LAT/LON1/LON2/DLON/H
  305  309  320  330  348  362  377  392  411  430  447  463  475  485  491  495
  497  497  492  481  466  448  429  410  386  358  327  296  268  243  222  204
  190  178  168  158  148  138  126  113  100   88   79   72   67   63   62   61
   62   64   65   68   69   70   70   69   69   72   80   92  109  129  150  170
  188  207  223  235  246  260  274  290  305                                   
     7.5-180.0 180.0   5.0 450.0                            LAT/LON1/LON2/DLON/H
  305  312  322  327  339  348  360  373  391  410  428  444  459  470  479  486
  490  492  489  479  463  445  425  404  379  351  321  291  264  241  223  209
