data/edconvlstm_nd/pred2380.15i
     1.0            IONOSPHERE MAPS     GNSS                IONEX VERSION / TYPE
pyspatialgeodesy        IME             05-JAN-18 20:20     PGM / RUN BY / DATE 
Map Name                                                    COMMENT             
Predicted global ionosphere maps (GIM).                     DESCRIPTION         
  2015     8    26     0     0     0                        EPOCH OF FIRST MAP  
  2015     8    27     0     0     0                        EPOCH OF LAST MAP   
  7200                                                      INTERVAL            
    13                                                      # OF MAPS IN FILE   
  NONE                                                      MAPPING FUNCTION    
10.0                                                        ELEVATION CUTOFF    
One-way carrier phase leveled to code                       OBSERVABLES USED    
  6371.0                                                    BASE RADIUS         
 2                                                          MAP DIMENSION       
   450.0 450.0   0.0                                        HGT1 / HGT2 / DHGT  
    87.5 -87.5  -2.5                                        LAT1 / LAT2 / DLAT  
  -180.0 180.0   5.0                                        LON1 / LON2 / DLON  
    -1                                                      EXPONENT            
                                                            END OF HEADER       
[from data line 1716]
     5                                                      START OF TEC MAP    
  2015     8    26     8     0     0                        EPOCH OF CURRENT MAP
    87.5-180.0 180.0   5.0 450.0                            LAT/LON1/LON2/DLON/H
   92   97   96  101  103  104  104  101  103  105  106  107  108  108  108  108
  108  108  108  107  107  106  106  105  104  104  103  102  102  101  101  100
   99   99   98   98   97   97   97   96   96   95   95   95   95   94   94   94
   94   94   94   93   93   93   92   92   92   91   91   90   89   89   88   88
   89   90   88   87   92   93  102  100   92                                   
    85.0-180.0 180.0   5.0 450.0                            LAT/LON1/LON2/DLON/H
   89  101  105  103  106  109  110  111  113  115  115  117  118  118  118  118
  118  118  117  117  116  116  115  114  114  113  113  112  112  111  111  110
  110  110  109  109  109  109  108  108  108  108  107  107  107  107  107  106
  106  106  106  105  105  104  104  103  102  101  100   99   98   97   96   96
   97   97   92   91   89   93  100  101   89                                   
    82.5-180.0 180.0   5.0 450.0                            LAT/LON1/LON2/DLON/H
   89   97  105  101  102  107  109  111  113  116  116  118  118  118  118  117
  117  116  115  114  113  112  112  111  110  110  109  109  109  109  109  108
  109  109  109  109  110  110  111  111  111  112  112  112  113  113  113  113
  113  113  113  113  112  112  111  110  109  107  106  104  102  100   98   97
   96   95   90   89   90   91   87   86   89                                   
    80.0-180.0 180.0   5.0 450.0                            LAT/LON1/LON2/DLON/H
   88   90   95   95   98  100  103  106  109  111  111  113  112  112  111  110
  109  107  106  105  104  103  102  101  101  100  100  100  100  100  100  101
  102  103  104  105  106  108  109  110  112  113  114  115  116  117  118  118
  119  119  119  119  119  118  117  116  114  112  110  108  105  102   98   96
   94   90   87   86   85   88   89   84   88                                   
    77.5-180.0 180.0   5.0 450.0                            LAT/LON1/LON2/DLON/H
   87   86   89   91   92   97   99  102  105  107  106  107  106  105  104  102
  100   98   96   95   94   93   92   92   91   91   91   91   91   92   93   94
   96   98  100  103  105  107  110  112  115  117  119  121  123  125  126  128
  129  129  130  130  130  130  129  128  126  124  121  118  114  110  105  101
   97   93   87   86   84   80   80   81   87                                   
    75.0-180.0 180.0   5.0 450.0                            LAT/LON1/LON2/DLON/H
   78   82   80   83   85   91   93   94   97   98   97   97   95   93   91   89
   86   84   82   81   80   80   79   79   79   79   79   79   80   81   82   84
   87   90   93   96  100  103  107  110  114  117  121  124  127  129  131  133
  134  135  136  136  136  136  136  135  133  131  128  125  121  117  112  107
  102   96   90   83   82   78   78   77   78                                   
    72.5-180.0 180.0   5.0 450.0                            LAT/LON1/LON2/DLON/H
   77   81   78   80   82   88   90   91   93   94   92   92   89   87   85   82
   80   78   76   75   74   74   74   74   74   74   74   74   74   76   77   80
   83   87   91   95   99  104  108  113  117  122  127  131  135  138  140  142
  144  144  145  145  145  145  145  144  143  141  138  136  132  128  123  118
  113  107  101   94   88   84   81   80   77                                   
    70.0-180.0 180.0   5.0 450.0                            LAT/LON1/LON2/DLON/H
   82   81   79   78   79   82   82   83   84   85   84   83   81   79   76   74
   71   70   68   68   68   68   68   68   69   68   68   69   69   70   72   75
   79   83   87   92   97  102  107  113  118  124  130  135  140  144  146  148
  149  149  149  148  148  147  147  146  145  143  142  139  137  133  129  126
  121  114  109  102   95   90   89   87   82                                   
    67.5-180.0 180.0   5.0 450.0                            LAT/LON1/LON2/DLON/H
   82   82   79   76   75   76   76   75   76   77   76   77   75   74   72   69
   68   66   65   65   65   66   66   67   67   67   66   66   66   67   69   72
   76   80   84   89   94   99  105  111  117  124  131  137  142  146  148  149
  149  149  147  146  145  144  143  142  141  140  139  137  136  134  131  129
  125  120  115  108  102   97   93   91   82                                   
    65.0-180.0 180.0   5.0 450.0                            LAT/LON1/LON2/DLON/H
   88   85   80   76   72   71   69   68   69   70   70   72   71   71   70   68
   67   66   65   65   65   66   66   67   67   67   67   67   67   68   70   73
   76   80   85   89   94   99  105  111  118  126  134  141  146  150  152  153
  152  151  149  147  145  143  142  141  140  138  137  136  135  134  133  132
  130  126  123  117  111  107  103  100   88                                   
    62.5-180.0 180.0   5.0 450.0                            LAT/LON1/LON2/DLON/H
   94   90   83   77   70   66   63   61   62   63   64   67   68   69   69   68
   67   66   65   64   64   65   65   66   66   67   67   67   67   69   71   74
   77   82   86   90   95  100  105  112  119  128  136  143  149  153  155  155
  154  152  150  147  145  144  142  141  139  138  136  135  135  134  134  135
  134  131  128  123  118  114  110  107   94                                   
    60.0-180.0 180.0   5.0 450.0                            LAT/LON1/LON2/DLON/H
  101   95   87   78   69   63   58   55   55   56   58   61   63   65   65   65
   64   63   61   60   60   60   60   61   62   63   64   65   66   68   70   74
   78   82   87   91   96  100  106  112  120  128  137  145  151  155  157  157
  155  153  151  150  148  147  145  143  141  139  137  136  135  135  135  136
  136  134  132  128  124  121  117  113  101                                   
    57.5-180.0 180.0   5.0 450.0                            LAT/LON1/LON2/DLON/H
  109  103   94   83   72   63   56   51   50   51   53   56   58   60   61   61
   60   59   57   55   54   53   54   55   57   58   60   62   64   67   70   74
   79   84   89   94   99  104  109  116  123  132  140  148  154  158  160  161
  160  159  158  157  156  156  154  153  150  148  145  143  142  141  141  141
  141  139  137  133  130  127  124  119  109                                   
    55.0-180.0 180.0   5.0 450.0                            LAT/LON1/LON2/DLON/H
  118  112  103   91   79   68   59   52   49   48   48   51   53   55   56   56
   55   53   50   48   47   46   46   48   50   53   55   58   62   65   70   75
   80   86   92   98  103  109  115  121  129  137  145  152  158  163  165  166
  167  167  167  167  167  167  167  165  162  159  156  153  152  150  150  149
  148  146  143  139  135  133  130  124  118                                   
    52.5-180.0 180.0   5.0 450.0                            LAT/LON1/LON2/DLON/H
  127  122  114  102   89   78   67   58   52   48   47   48   49   50   50   50
   49   47   45   43   41   41   41   43   45   48   52   56   60   65   70   76
   82   89   96  103  110  116  123  130  137  145  152  159  165  169  172  174
  176  177  178  179  180  180  180  178  175  172  169  166  164  162  161  160
  158  154  151  145  141  139  135  129  127                                   
    50.0-180.0 180.0   5.0 450.0                            LAT/LON1/LON2/DLON/H
  135  132  124  114  103   91   79   68   60   53   49   47   46   46   46   46
   45   44   42   41   40   39   40   41   44   47   51   55   60   65   71   77
   85   93  102  110  118  126  133  140  148  155  161  168  173  178  181  184
  186  188  189  190  191  191  190  188  186  183  180  177  175  173  172  170
  168  164  159  152  147  144  140  134  135                                   
    47.5-180.0 180.0   5.0 450.0                            LAT/LON1/LON2/DLON/H
  140  139  133  126  116  106   95   83   73   63   56   51   48   46   45   45
   44   43   43   42   42   42   43   45   47   49   53   56   61   66   73   80
   88   98  108  118  127  137  145  153  160  167  173  178  184  188  192  195
  198  199  199  199  199  198  196  194  192  189  187  185  183  182  180  179
  177  172  166  158  152  148  144  138  140                                   
    45.0-180.0 180.0   5.0 450.0                            LAT/LON1/LON2/DLON/H
  141  142  138  133  126  118  109   98   87   76   66   59   54   50   48   47
   47   47   47   48   49   50   51   52   53   55   57   60   64   69   76   84
   93  103  114  125  137  147  157  165  173  179  185  191  196  201  205  208
  209  209  208  206  203  201  198  195  193  191  190  189  188  187  186  185
  183  179  172  163  155  150  145  140  141                                   
    42.5-180.0 180.0   5.0 450.0                            LAT/LON1/LON2/DLON/H
  138  139  137  134  129  125  118  110  100   89   79   71   64   59   56   54
   53   54   55   57   59   61   63   63   62   62   62   63   67   73   80   88
   97  108  120  133  145  157  167  177  185  192  198  204  209  214  218  221
  221  220  216  212  208  203  200  196  194  193  192  192  191  190  189  189
  187  183  177  167  158  151  146  141  138                                   
    40.0-180.0 180.0   5.0 450.0                            LAT/LON1/LON2/DLON/H
  132  133  130  129  126  124  121  116  109  100   90   83   76   71   67   64
   63   63   65   67   71   73   74   73   71   68   66   67   70   76   83   92
  102  114  126  139  152  165  176  187  196  204  210  217  223  228  232  234
  234  231  226  221  215  210  206  203  201  200  199  199  198  196  194  193
  191  187  181  171  161  151  145  139  132                                   
    37.5-180.0 180.0   5.0 450.0                            LAT/LON1/LON2/DLON/H
  126  124  120  119  117  117  117  115  111  105   99   93   88   83   79   76
   74   74   75   78   81   83   83   81   77   72   69   69   73   79   87   97
  108  119  132  145  158  171  183  194  205  214  222  229  236  242  247  249
  248  245  240  236  231  228  224  221  219  218  217  215  212  208  204  201
  198  194  187  177  165  153  146  138  126                                   
    35.0-180.0 180.0   5.0 450.0                            LAT/LON1/LON2/DLON/H
  122  116  111  107  105  105  107  107  107  105  102   99   96   93   89   86
   84   83   84   85   88   89   88   85   79   74   71   71   74   82   91  102
  113  125  137  150  163  176  188  201  212  223  232  241  248  255  261  264
  264  262  261  260  259  259  257  254  252  250  248  244  238  231  223  217
  212  207  199  188  174  159  150  140  122                                   
    32.5-180.0 180.0   5.0 450.0                            LAT/LON1/LON2/DLON/H
  124  114  104   97   94   93   95   97   99   99  100  100  100   98   96   94
   92   90   89   90   91   92   90   86   80   74   71   71   76   84   95  107
  119  131  143  155  167  180  193  205  218  230  241  251  260  268  275  280
  283  285  289  294  300  304  305  303  300  297  293  286  277  265  253  243
  235  227  217  205  190  171  160  146  124                                   
    30.0-180.0 180.0   5.0 450.0                            LAT/LON1/LON2/DLON/H
  133  118  105   94   89   85   85   86   89   91   93   96   98   99   99   98
   96   94   92   92   92   92   89   85   79   74   71   73   78   87   99  112
  124  136  147  159  171  183  196  210  224  238  250  261  271  281  290  297
  305  313  323  336  349  359  363  362  359  353  347  338  325  310  293  279
  266  256  244  229  213  191  178  161  133                                   
    27.5-180.0 180.0   5.0 450.0                            LAT/LON1/LON2/DLON/H
  151  131  114   99   91   84   81   80   82   83   86   90   94   96   98   98
   97   95   94   93   93   92   89   85   80   76   74   75   81   90  103  115
  128  140  152  163  175  187  200  215  230  245  258  270  282  293  305  316
  328  342  361  381  401  416  423  423  418  410  402  391  376  358  338  320
  304  291  278  260  242  217  202  182  151                                   
    25.0-180.0 180.0   5.0 450.0                            LAT/LON1/LON2/DLON/H
  175  151  133  115  103   92   86   82   80   80   81   85   88   91   94   95
   96   95   94   94   93   92   90   87   83   80   79   80   85   94  105  118
  131  143  155  167  179  192  205  220  236  252  266  279  292  306  320  335
  352  372  397  424  449  468  476  475  468  459  449  437  421  402  381  362
  344  329  314  295  275  249  231  210  175                                   
    22.5-180.0 180.0   5.0 450.0                            LAT/LON1/LON2/DLON/H
  202  175  157  138  123  109  100   91   87   83   82   83   85   87   90   93
   94   95   95   96   96   95   94   91   89   87   85   86   89   96  106  119
  132  145  158  170  184  197  211  227  243  260  275  289  303  318  335  353
  374  399  428  459  486  505  512  510  501  491  481  469  455  438  418  399
  380  366  350  330  309  281  260  240  202                                   
    20.0-180.0 180.0   5.0 450.0                            LAT/LON1/LON2/DLON/H
  228  201  184  166  148  131  120  108  101   94   89   86   86   87   89   92
   94   96   97   98   99   99   99   98   96   95   92   91   92   97  106  118
  131  145  159  174  189  203  218  234  251  268  283  298  313  330  349  370
  394  421  451  482  508  525  530  525  515  505  495  486  474  460  443  427
  410  397  382  361  340  311  288  268  228                                   
    17.5-180.0 180.0   5.0 450.0                            LAT/LON1/LON2/DLON/H
  250  224  210  192  172  154  141  128  119  109  102   96   92   91   92   94
   95   98  100  102  103  104  105  104  103  101   98   94   93   96  103  115
  130  145  161  178  194  210  226  242  259  275  291  306  322  340  361  385
  410  437  466  493  515  527  529  523  514  504  496  488  480  469  457  444
  431  420  407  387  365  336  312  293  250                                   
    15.0-180.0 180.0   5.0 450.0                            LAT/LON1/LON2/DLON/H
  266  241  231  213  192  173  161  148  138  128  118  110  104  100   99   98
   99  101  103  105  107  108  109  109  108  105  100   95   92   93  101  113
  128  145  163  182  200  217  233  250  266  282  298  313  330  349  371  396
  421  447  472  495  511  518  517  510  502  494  487  482  476  469  461  453
  444  436  424  405  383  355  330  312  266                                   
    12.5-180.0 180.0   5.0 450.0                            LAT/LON1/LON2/DLON/H
  277  253  245  226  204  185  174  163  155  145  135  126  118  112  109  106
  105  105  106  108  109  110  111  110  108  105   99   92   88   90   98  111
  128  147  166  186  206  224  240  256  272  287  302  318  335  355  378  403
  427  451  473  490  500  502  500  494  488  482  477  472  467  462  458  454
  449  444  434  416  396  368  345  328  277                                   
    10.0-180.0 180.0   5.0 450.0                            LAT/LON1/LON2/DLON/H
  285  264  254  233  212  192  182  173  167  159  150  141  133  126  120  115
  111  109  108  109  110  110  109  108  105  100   94   87   84   86   96  111
  129  149  170  191  211  229  245  260  275  290  304  320  337  357  381  405
  429  451  469  482  488  488  486  482  478  474  470  464  459  455  452  451
  448  446  438  421  403  376  355  339  285                                   
     7.5-180.0 180.0   5.0 450.0                            LAT/LON1/LON2/DLON/H
  293  275  263  239  217  196  186  179  174  168  161  153  145  138  130  123
  117  113  110  109  108  107  105  102   99   93   87   82   80   84   95  112
