data/edconvlstm_nd/pred0710.15i
     1.0            IONOSPHERE MAPS     GNSS                IONEX VERSION / TYPE
pyspatialgeodesy        IME             05-JAN-18 20:20     PGM / RUN BY / DATE 
Map Name                                                    COMMENT             
Predicted global ionosphere maps (GIM).                     DESCRIPTION         
  2015     3    12     0     0     0                        EPOCH OF FIRST MAP  
  2015     3    13     0     0     0                        EPOCH OF LAST MAP   
  7200                                                      INTERVAL            
    13                                                      # OF MAPS IN FILE   
  NONE                                                      MAPPING FUNCTION    
10.0                                                        ELEVATION CUTOFF    
One-way carrier phase leveled to code                       OBSERVABLES USED    
  6371.0                                                    BASE RADIUS         
 2                                                          MAP DIMENSION       
   450.0 450.0   0.0                                        HGT1 / HGT2 / DHGT  
    87.5 -87.5  -2.5                                        LAT1 / LAT2 / DLAT  
  -180.0 180.0   5.0                                        LON1 / LON2 / DLON  
    -1                                                      EXPONENT            
                                                            END OF HEADER       
[from data line 3003]
     8                                                      START OF TEC MAP    
  2015     3    12    14     0     0                        EPOCH OF CURRENT MAP
    87.5-180.0 180.0   5.0 450.0                            LAT/LON1/LON2/DLON/H
  162  167  165  173  176  178  179  180  182  185  186  188  189  191  192  193
  193  194  194  194  194  194  193  192  191  190  189  188  186  185  183  182
  180  178  176  174  172  169  167  165  163  161  159  157  155  154  153  152
  151  151  150  150  150  150  151  151  152  152  153  154  155  156  156  157
  158  160  160  160  166  167  173  170  162                                   
    85.0-180.0 180.0   5.0 450.0                            LAT/LON1/LON2/DLON/H
  155  164  176  172  172  179  181  185  188  190  192  194  196  197  199  200
  201  202  202  202  202  202  201  201  200  199  197  196  194  193  191  188
  186  183  181  178  174  171  168  165  162  159  157  155  153  151  150  149
  148  148  148  148  149  150  151  152  153  154  155  156  158  159  159  160
  162  163  161  160  161  162  164  166  155                                   
    82.5-180.0 180.0   5.0 450.0                            LAT/LON1/LON2/DLON/H
  135  153  155  153  155  162  167  171  174  178  181  184  186  189  191  194
  195  197  198  199  199  200  200  199  199  198  197  196  195  193  191  189
  186  182  178  174  169  164  159  154  149  145  141  137  134  131  129  128
  127  127  127  127  128  130  131  133  135  136  138  140  141  142  142  143
  144  144  142  143  143  153  149  142  135                                   
    80.0-180.0 180.0   5.0 450.0                            LAT/LON1/LON2/DLON/H
  121  134  138  137  139  144  150  157  162  167  171  175  179  183  186  189
  192  194  196  197  198  199  200  200  200  201  201  201  201  200  199  197
  194  190  186  181  175  169  162  155  149  143  138  133  129  126  123  122
  121  120  121  122  123  125  127  130  132  134  136  137  138  139  138  138
  138  136  133  131  127  130  129  125  121                                   
    77.5-180.0 180.0   5.0 450.0                            LAT/LON1/LON2/DLON/H
  112  116  119  118  121  126  131  138  144  148  153  159  163  169  173  178
  182  185  189  191  193  195  197  199  201  203  205  207  209  211  212  212
  210  208  204  198  192  185  177  170  162  155  148  142  137  133  129  127
  125  124  124  124  125  127  129  131  134  136  137  139  139  138  137  135
  132  129  124  121  119  114  114  112  112                                   
    75.0-180.0 180.0   5.0 450.0                            LAT/LON1/LON2/DLON/H
  100  107  104  106  108  113  116  121  127  132  137  143  149  155  161  166
  172  177  181  185  188  192  195  198  202  207  212  217  222  226  229  232
  232  231  228  223  216  209  201  193  185  177  170  163  157  152  148  144
  141  139  137  136  136  137  138  139  141  142  144  144  144  143  141  138
  134  129  124  116  113  107  105   95  100                                   
    72.5-180.0 180.0   5.0 450.0                            LAT/LON1/LON2/DLON/H
   92   98   95   98   98  102  105  109  113  117  122  128  134  141  148  155
  162  168  174  179  184  188  193  198  203  209  216  224  231  238  244  248
  251  251  249  245  239  231  224  215  208  200  193  187  181  175  169  164
  159  155  151  147  145  143  142  142  142  143  143  144  143  142  140  137
  132  126  120  112  108  103  101   96   92                                   
    70.0-180.0 180.0   5.0 450.0                            LAT/LON1/LON2/DLON/H
   91   97   95   96   96   99   99  102  104  108  111  116  122  129  137  145
  153  161  168  174  179  185  190  196  203  211  220  230  240  249  257  263
  267  268  267  262  257  250  242  234  227  221  215  209  203  197  190  183
  176  168  161  155  149  144  141  138  137  136  136  136  136  136  135  132
  128  123  118  109  106  102  103   97   91                                   
    67.5-180.0 180.0   5.0 450.0                            LAT/LON1/LON2/DLON/H
   89   97   97   99   99  103  103  104  105  106  109  113  118  125  133  142
  151  159  167  174  180  186  192  198  206  214  224  235  247  258  267  274
  279  280  279  274  268  261  254  247  241  236  231  227  221  215  207  199
  189  178  168  158  149  141  135  130  126  124  123  124  125  126  126  126
  124  120  116  108  105  102  102   98   89                                   
    65.0-180.0 180.0   5.0 450.0                            LAT/LON1/LON2/DLON/H
   85   96   96   99  100  104  103  103  104  105  106  109  114  120  128  137
  146  155  164  171  177  183  189  196  204  213  224  236  249  261  273  281
  287  288  286  281  274  266  259  253  247  243  240  236  231  225  216  205
  192  179  165  152  140  129  120  113  108  104  103  103  105  108  110  112
  112  110  108  102  101  101  101   98   85                                   
    62.5-180.0 180.0   5.0 450.0                            LAT/LON1/LON2/DLON/H
   77   89   90   94   95  100  100  100  100  101  103  105  109  116  123  133
  142  152  161  168  174  180  186  193  200  210  221  233  247  261  273  283
  289  291  289  283  275  266  258  252  247  244  241  237  233  225  215  203
  188  172  156  141  127  115  105   96   89   85   82   83   85   88   92   95
   96   96   95   91   90   91   91   91   77                                   
    60.0-180.0 180.0   5.0 450.0                            LAT/LON1/LON2/DLON/H
   67   77   77   81   83   88   90   91   92   94   95   98  103  109  117  126
  136  146  155  163  169  175  181  188  195  204  216  229  244  259  273  284
  291  294  291  284  275  265  257  250  245  242  239  236  231  223  212  198
  182  165  148  132  118  105   94   85   77   72   69   68   70   73   76   80
   81   81   81   77   77   77   77   78   67                                   
    57.5-180.0 180.0   5.0 450.0                            LAT/LON1/LON2/DLON/H
   57   63   63   66   67   72   75   78   81   84   86   90   94  101  109  120
  130  141  150  158  165  171  178  184  193  202  214  227  243  259  275  288
  296  299  296  289  279  269  259  252  247  243  240  236  231  222  211  197
  181  164  147  132  118  106   96   86   79   72   68   67   67   69   71   73
   73   72   71   67   66   64   64   67   57                                   
    55.0-180.0 180.0   5.0 450.0                            LAT/LON1/LON2/DLON/H
   53   54   52   54   54   58   61   65   69   73   77   81   86   93  102  114
  125  137  146  155  162  170  177  185  194  205  217  231  247  265  281  295
  305  308  306  299  288  277  267  259  254  250  246  242  235  227  215  201
  186  171  156  142  130  119  110  101   93   87   82   79   78   78   78   77
   75   72   69   64   63   59   57   60   53                                   
    52.5-180.0 180.0   5.0 450.0                            LAT/LON1/LON2/DLON/H
   57   53   49   49   47   50   53   56   61   66   70   75   80   88   98  110
  124  136  147  156  164  173  182  192  202  214  226  241  258  275  292  306
  316  320  319  312  302  291  281  273  267  262  258  252  246  237  226  214
  200  186  173  161  151  141  133  125  118  112  107  103  100   98   95   92
   87   82   78   72   70   64   61   62   57                                   
    50.0-180.0 180.0   5.0 450.0                            LAT/LON1/LON2/DLON/H
   69   63   57   54   51   52   54   56   61   66   70   74   79   87   98  112
  127  140  152  162  171  181  192  204  216  229  242  257  273  290  306  319
  328  332  331  326  317  307  298  290  284  279  273  267  260  252  242  231
  219  207  195  184  174  165  156  149  142  137  133  130  127  123  119  114
  106   99   94   89   86   81   78   75   69                                   
    47.5-180.0 180.0   5.0 450.0                            LAT/LON1/LON2/DLON/H
   90   83   76   71   65   64   64   65   69   73   76   80   84   93  105  120
  136  150  162  173  183  194  207  220  234  248  262  276  291  305  318  329
  337  341  342  338  332  324  316  309  303  297  290  283  275  267  258  248
  237  226  215  203  192  181  171  163  157  153  151  149  148  144  140  134
  126  119  113  109  109  105  102   96   90                                   
    45.0-180.0 180.0   5.0 450.0                            LAT/LON1/LON2/DLON/H
  112  109  101   96   89   85   83   82   84   87   89   92   96  105  117  134
  150  165  177  187  197  209  223  237  252  267  281  295  307  318  327  335
  342  347  349  349  345  340  334  327  320  313  305  296  288  280  271  261
  251  239  226  212  197  183  170  160  154  152  152  154  154  153  150  145
  138  133  129  127  130  130  128  120  112                                   
    42.5-180.0 180.0   5.0 450.0                            LAT/LON1/LON2/DLON/H
  131  134  127  123  117  111  107  104  103  105  106  108  112  121  135  151
  169  183  195  204  213  225  238  253  269  284  297  309  318  326  333  340
  347  354  359  362  362  359  353  346  337  328  317  307  297  288  279  269
  258  244  228  210  191  172  155  142  135  134  137  142  145  147  146  144
  140  137  135  136  142  147  147  139  131                                   
    40.0-180.0 180.0   5.0 450.0                            LAT/LON1/LON2/DLON/H
  141  150  147  145  142  135  129  124  122  122  123  125  130  139  154  171
  188  202  213  221  229  239  252  266  281  295  308  318  326  332  339  346
  356  368  378  386  388  386  379  370  358  345  331  317  306  296  286  275
  262  246  227  206  182  158  136  120  112  112  116  122  127  131  133  133
  131  131  131  134  142  150  153  145  141                                   
    37.5-180.0 180.0   5.0 450.0                            LAT/LON1/LON2/DLON/H
  140  154  155  157  157  150  145  139  135  135  136  139  146  156  171  189
  206  220  230  237  244  253  264  277  290  303  314  324  332  339  348  360
  376  395  413  425  430  427  418  404  387  369  350  333  320  309  298  286
  271  253  233  209  183  156  131  112  101  100  103  109  113  116  119  120
  120  120  121  123  131  140  145  138  140                                   
    35.0-180.0 180.0   5.0 450.0                            LAT/LON1/LON2/DLON/H
  131  148  151  156  159  153  149  143  140  139  141  147  156  169  186  204
  221  235  245  252  259  267  276  286  297  308  319  330  340  351  365  386
  412  442  468  486  493  488  473  453  429  404  380  360  345  333  322  309
  294  275  255  232  206  178  151  130  117  113  114  116  117  116  116  116
  115  113  112  112  117  123  129  124  131                                   
    32.5-180.0 180.0   5.0 450.0                            LAT/LON1/LON2/DLON/H
  120  135  140  146  150  145  143  137  135  135  139  147  159  175  194  214
  232  247  258  267  274  282  289  297  305  315  326  339  353  371  395  427
  467  509  546  569  576  566  545  516  485  453  425  401  385  373  362  350
  335  319  301  281  258  232  206  183  168  161  157  153  147  141  136  132
  126  121  116  109  110  111  116  109  120                                   
    30.0-180.0 180.0   5.0 450.0                            LAT/LON1/LON2/DLON/H
  112  124  127  134  137  131  130  125  124  125  130  141  157  176  198  219
  239  255  268  279  289  297  304  310  316  325  337  353  374  402  439  485
  538  593  638  665  669  653  624  589  551  515  483  458  441  430  421  411
  399  385  373  360  343  322  298  275  257  244  233  222  208  194  183  173
  161  150  138  124  119  112  112  102  112                                   
    27.5-180.0 180.0   5.0 450.0                            LAT/LON1/LON2/DLON/H
  114  121  119  123  124  118  118  114  112  113  119  132  150  172  197  220
  241  259  275  290  303  314  321  326  331  340  354  375  405  444  493  552
  616  679  729  755  755  733  699  659  619  581  549  525  510  502  496  489
  481  472  466  461  453  438  417  395  374  355  337  316  294  272  253  236
  218  200  180  160  148  132  124  108  114                                   
    25.0-180.0 180.0   5.0 450.0                            LAT/LON1/LON2/DLON/H
  127  129  120  121  119  112  112  107  105  105  110  123  142  166  192  217
  239  260  279  298  316  330  339  344  349  359  377  406  445  494  553  619
  689  753  800  822  816  790  753  714  676  642  614  594  583  579  578  574
  569  565  564  565  564  555  539  517  493  469  444  416  387  359  334  312
  288  265  237  213  193  170  154  129  127                                   
    22.5-180.0 180.0   5.0 450.0                            LAT/LON1/LON2/DLON/H
  151  149  133  129  123  115  115  109  105  103  106  117  136  161  188  213
  237  259  282  305  327  345  356  363  370  384  409  444  492  549  612  680
  746  804  842  855  843  814  780  745  715  688  666  653  648  648  650  649
  646  643  642  643  643  637  623  602  577  550  521  491  460  431  406  382
  357  333  300  275  248  220  198  165  151                                   
    20.0-180.0 180.0   5.0 450.0                            LAT/LON1/LON2/DLON/H
  182  177  157  146  136  127  126  120  114  110  109  117  135  158  185  210
  235  258  284  310  336  357  372  382  393  413  444  488  541  601  664  726
  782  826  850  852  834  806  778  753  732  715  702  694  694  698  702  701
  696  689  682  676  671  661  645  624  599  573  547  520  494  470  450  430
  409  388  357  333  304  274  249  209  182                                   
    17.5-180.0 180.0   5.0 450.0                            LAT/LON1/LON2/DLON/H
  212  205  185  169  154  145  143  137  129  123  119  124  138  160  185  210
  235  259  286  315  344  369  386  401  418  444  482  531  586  643  698  747
  788  815  824  817  797  774  755  742  733  725  719  717  719  724  727  724
  714  698  679  660  642  623  603  581  558  537  518  502  487  474  463  450
  435  420  396  376  348  319  296  253  212                                   
    15.0-180.0 180.0   5.0 450.0                            LAT/LON1/LON2/DLON/H
  234  226  208  189  172  163  161  155  147  139  133  135  146  166  190  214
  238  263  290  321  352  378  399  418  441  474  517  566  616  663  704  738
  763  775  774  762  747  734  727  725  726  726  725  724  726  728  728  720
  702  675  640  603  569  539  513  490  472  459  452  450  450  451  450  446
  436  427  411  396  373  346  325  285  234                                   
    12.5-180.0 180.0   5.0 450.0                            LAT/LON1/LON2/DLON/H
  246  237  221  203  185  176  174  169  162  154  148  148  158  176  198  222
  246  271  298  328  359  387  411  434  463  500  543  586  626  660  688  709
  721  724  719  711  703  701  706  714  722  725  725  723  721  718  711  697
  671  632  582  528  479  439  410  389  376  372  378  390  404  417  425  427
  421  416  406  395  378  354  334  299  246                                   
    10.0-180.0 180.0   5.0 450.0                            LAT/LON1/LON2/DLON/H
  250  239  224  208  191  181  180  176  170  164  159  161  170  187  210  235
  260  284  310  339  369  396  423  450  482  520  558  593  624  649  667  678
  683  683  680  677  679  688  702  717  727  730  726  719  711  702  689  669
  636  589  528  463  404  359  329  312  305  309  323  345  369  388  401  404
  399  395  388  380  366  345  327  296  250                                   
     7.5-180.0 180.0   5.0 450.0                            LAT/LON1/LON2/DLON/H
  249  237  221  207  191  180  179  175  171  168  166  169  180  199  223  250
  277  302  328  355  383  410  437  465  497  532  566  598  623  642  653  658
