data/edconvlstm_nd/pred3230.15i
     1.0            IONOSPHERE MAPS     GNSS                IONEX VERSION / TYPE
pyspatialgeodesy        IME             05-JAN-18 20:20     PGM / RUN BY / DATE 
Map Name                                                    COMMENT             
Predicted global ionosphere maps (GIM).                     DESCRIPTION         
  2015    11    19     0     0     0                        EPOCH OF FIRST MAP  
  2015    11    20     0     0     0                        EPOCH OF LAST MAP   
  7200                                                      INTERVAL            
    13                                                      # OF MAPS IN FILE   
  NONE                                                      MAPPING FUNCTION    
10.0                                                        ELEVATION CUTOFF    
One-way carrier phase leveled to code                       OBSERVABLES USED    
  6371.0                                                    BASE RADIUS         
 2                                                          MAP DIMENSION       
   450.0 450.0   0.0                                        HGT1 / HGT2 / DHGT  
    87.5 -87.5  -2.5                                        LAT1 / LAT2 / DLAT  
  -180.0 180.0   5.0                                        LON1 / LON2 / DLON  
    -1                                                      EXPONENT            
                                                            END OF HEADER       
[from data line 4719]
    12                                                      START OF TEC MAP    
  2015    11    19    22     0     0                        EPOCH OF CURRENT MAP
    87.5-180.0 180.0   5.0 450.0                            LAT/LON1/LON2/DLON/H
  107   99   88   92   97   94   94   91   92   95   95   96   97   98   98   98
   99   98   98   98   97   96   95   94   93   92   92   91   90   89   89   88
   88   88   87   87   87   87   87   86   86   86   86   85   85   85   84   84
   84   83   83   83   82   82   82   81   81   81   80   80   80   79   79   78
   78   78   75   74   82   83  102  109  107                                   
    85.0-180.0 180.0   5.0 450.0                            LAT/LON1/LON2/DLON/H
  110  102  109   95   95  100  100  102  103  106  106  108  109  109  110  110
  110  109  109  108  107  106  105  104  103  102  101  100   99   99   98   98
   98   98   97   97   97   97   97   97   97   96   96   95   95   94   93   93
   92   92   91   90   90   89   89   88   88   87   87   86   86   85   85   84
   84   84   80   77   82   86   90   89  110                                   
    82.5-180.0 180.0   5.0 450.0                            LAT/LON1/LON2/DLON/H
   88   88   90   86   91   97  101  102  104  107  109  112  113  114  114  114
  114  113  112  111  110  108  107  105  104  103  101  100  100   99   98   98
   98   98   99   99   99   99   99   99   98   98   97   96   94   93   92   91
   90   89   88   88   87   87   86   86   86   85   84   84   83   82   81   79
   79   77   74   74   79   93   86   88   88                                   
    80.0-180.0 180.0   5.0 450.0                            LAT/LON1/LON2/DLON/H
   67   72   79   77   84   86   95  100  105  109  113  116  117  117  116  115
  114  112  110  108  106  104  102  100   98   97   96   95   94   94   94   94
   95   95   96   97   98   99   99   99   99   98   97   95   94   92   90   89
   88   87   86   86   85   85   85   84   84   83   82   80   79   77   75   73
   72   71   68   68   67   76   70   81   67                                   
    77.5-180.0 180.0   5.0 450.0                            LAT/LON1/LON2/DLON/H
   73   72   77   77   87   92  103  108  115  119  123  126  127  126  124  121
  118  115  112  109  107  105  103  101  100   99   98   98   98   98   99  100
  101  103  105  106  107  108  108  108  107  105  102  100   97   94   92   90
   89   88   88   88   89   89   89   89   89   88   87   85   82   79   77   74
   71   70   68   68   67   71   70   85   73                                   
    75.0-180.0 180.0   5.0 450.0                            LAT/LON1/LON2/DLON/H
   68   72   76   77   88   97  107  115  125  131  135  137  136  132  127  122
  116  111  107  103  101   99   99   98   98   98   98   98   99  100  101  103
  105  107  109  110  112  112  112  111  110  107  104  101   97   94   92   90
   88   88   88   89   90   91   92   92   92   91   89   87   84   80   77   74
   71   71   69   67   65   66   64   70   68                                   
    72.5-180.0 180.0   5.0 450.0                            LAT/LON1/LON2/DLON/H
   79   81   86   93   99  109  122  130  138  144  147  147  143  137  128  119
  111  103   98   94   92   92   92   93   94   94   95   96   97   98  100  102
  104  106  108  109  110  110  110  108  105  102   98   94   90   87   84   82
   81   81   83   84   86   88   90   91   91   90   89   86   82   78   75   71
   68   68   67   64   62   66   68   78   79                                   
    70.0-180.0 180.0   5.0 450.0                            LAT/LON1/LON2/DLON/H
   88   92   98  104  112  123  134  146  156  162  164  162  155  144  131  118
  106   96   90   86   86   87   89   91   93   94   96   97   98   99  100  101
  102  103  104  104  104  104  102  100   98   94   90   86   83   79   77   76
   76   77   78   81   83   86   88   90   90   89   87   85   81   77   73   71
   68   68   70   70   71   77   83   92   88                                   
    67.5-180.0 180.0   5.0 450.0                            LAT/LON1/LON2/DLON/H
  105  110  116  124  132  143  156  168  177  183  184  180  169  154  137  120
  105   93   86   83   82   84   86   89   91   92   93   94   95   96   96   96
   96   95   94   93   92   90   88   86   83   80   77   74   71   69   67   67
   67   69   71   74   77   81   83   85   86   86   84   82   78   74   71   69
   67   69   71   73   75   86   91  100  105                                   
    65.0-180.0 180.0   5.0 450.0                            LAT/LON1/LON2/DLON/H
  116  124  130  139  147  159  172  185  196  203  204  198  185  166  145  125
  107   95   87   83   83   84   86   87   88   88   88   88   88   88   88   87
   84   82   78   75   72   70   68   66   64   62   60   58   56   55   55   55
   57   58   61   64   67   70   73   76   77   77   76   73   70   67   65   64
   64   68   73   79   84   98  106  116  116                                   
    62.5-180.0 180.0   5.0 450.0                            LAT/LON1/LON2/DLON/H
  129  138  145  154  162  175  189  203  214  221  222  215  201  181  158  137
  118  105   97   92   90   89   88   87   85   83   81   80   80   79   78   76
   72   68   63   58   54   51   49   47   46   46   45   45   45   45   45   46
   47   49   51   53   56   59   62   65   66   67   66   65   63   60   59   59
   61   66   73   81   88  104  114  123  129                                   
    60.0-180.0 180.0   5.0 450.0                            LAT/LON1/LON2/DLON/H
  138  149  157  167  175  187  202  216  229  236  238  232  218  198  175  154
  136  123  114  108  103   98   93   87   81   76   73   71   71   70   69   67
   62   56   50   43   39   36   34   33   34   34   35   36   37   38   39   40
   40   41   42   43   45   47   50   53   55   56   56   55   54   53   54   56
   59   66   74   83   91  110  122  132  138                                   
    57.5-180.0 180.0   5.0 450.0                            LAT/LON1/LON2/DLON/H
  148  161  170  180  189  200  214  228  241  248  250  244  232  214  195  176
  160  147  137  128  119  110   99   89   79   71   66   64   64   65   65   62
   58   51   44   37   32   29   28   28   30   31   33   35   37   38   38   38
   38   37   36   36   37   39   41   44   46   47   48   48   49   49   51   55
   60   68   78   88   96  115  127  137  148                                   
    55.0-180.0 180.0   5.0 450.0                            LAT/LON1/LON2/DLON/H
  160  176  187  197  207  216  229  241  252  258  260  255  244  229  213  199
  185  173  162  150  137  122  106   91   78   68   63   61   62   64   65   63
   59   53   45   39   34   31   31   32   34   36   39   41   42   43   43   42
   40   37   35   34   34   35   37   39   41   43   44   45   46   48   52   58
   65   75   86   95  103  121  134  144  160                                   
    52.5-180.0 180.0   5.0 450.0                            LAT/LON1/LON2/DLON/H
  176  194  209  218  229  237  247  256  264  267  267  261  252  240  229  218
  208  196  184  169  152  133  113   96   81   70   65   64   65   68   70   69
   65   60   53   48   44   42   42   43   45   47   50   52   53   53   52   50
   47   43   40   37   36   37   38   40   42   43   44   45   47   51   57   65
   73   85   97  108  114  132  144  152  176                                   
    50.0-180.0 180.0   5.0 450.0                            LAT/LON1/LON2/DLON/H
  195  216  235  243  256  264  271  277  279  278  274  267  258  249  241  233
  225  214  200  183  163  143  122  104   89   79   74   73   75   77   79   78
   75   70   65   60   58   57   57   58   59   62   64   66   67   66   65   62
   58   54   50   46   45   44   45   46   47   48   48   49   51   56   64   74
   84   98  112  123  129  145  158  164  195                                   
    47.5-180.0 180.0   5.0 450.0                            LAT/LON1/LON2/DLON/H
  216  237  260  269  283  293  298  300  297  291  282  272  263  255  249  244
  236  225  211  193  172  152  133  116  103   93   88   86   86   88   88   86
   83   79   76   73   72   72   72   73   74   75   77   79   80   79   78   75
   71   67   63   59   57   56   56   56   57   56   56   56   58   63   71   83
   96  111  126  139  147  162  174  179  216                                   
    45.0-180.0 180.0   5.0 450.0                            LAT/LON1/LON2/DLON/H
  234  255  279  290  306  318  322  322  315  306  292  279  268  260  255  250
  242  231  216  199  180  163  146  132  121  112  105  101   98   96   93   90
   87   84   82   82   83   83   84   84   84   85   87   89   90   90   89   86
   84   80   77   74   71   70   69   68   67   66   64   63   65   70   79   92
  106  123  139  153  163  178  192  197  234                                   
    42.5-180.0 180.0   5.0 450.0                            LAT/LON1/LON2/DLON/H
  245  266  289  302  319  333  338  338  329  318  302  287  274  266  260  254
  246  234  220  204  189  175  162  150  140  130  120  112  105   99   94   90
   86   84   84   86   88   90   90   90   90   91   92   95   96   97   96   95
   94   92   89   87   84   82   80   79   77   74   72   71   72   77   87   99
  113  131  147  162  176  192  206  213  245                                   
    40.0-180.0 180.0   5.0 450.0                            LAT/LON1/LON2/DLON/H
  248  267  289  302  320  335  342  343  336  325  309  294  282  274  267  259
  250  238  225  212  200  189  178  167  155  143  130  118  107   98   92   87
   84   83   85   88   92   94   94   93   92   93   95   98   99  100  100  100
   99   99   97   95   92   90   87   85   82   80   78   77   78   84   93  105
  119  136  153  168  183  201  216  226  248                                   
    37.5-180.0 180.0   5.0 450.0                            LAT/LON1/LON2/DLON/H
  244  260  278  292  310  324  334  338  334  326  313  300  290  282  275  267
  256  244  233  223  214  204  192  179  165  149  133  118  106   97   92   88
   86   87   89   93   97   98   98   96   95   96   98  100  101  102  101  101
  101  101  100   98   95   92   89   86   84   82   80   81   83   89   99  111
  123  139  156  171  186  206  220  232  244                                   
    35.0-180.0 180.0   5.0 450.0                            LAT/LON1/LON2/DLON/H
  238  249  263  275  292  305  318  324  325  321  312  303  296  291  285  276
  265  255  246  238  229  217  203  185  167  149  132  118  109  103  101  101
  101  101  103  106  108  108  106  103  101  101  102  104  104  103  102  101
  100   99   98   96   93   89   86   83   81   80   81   83   87   94  105  117
  128  143  159  174  188  209  222  235  238                                   
    32.5-180.0 180.0   5.0 450.0                            LAT/LON1/LON2/DLON/H
  236  241  250  259  275  285  299  308  314  314  311  306  303  300  295  287
  277  268  261  254  243  227  207  185  164  146  132  124  121  123  126  130
  131  131  130  129  127  125  120  116  112  111  111  111  109  107  104  101
   99   97   94   91   88   84   81   79   78   78   80   84   90  100  112  124
  136  150  166  181  192  214  228  241  236                                   
    30.0-180.0 180.0   5.0 450.0                            LAT/LON1/LON2/DLON/H
  244  244  248  253  266  271  286  297  307  311  312  311  311  310  306  299
  290  282  276  268  253  232  206  181  161  148  142  142  149  160  170  177
  179  175  169  162  155  147  139  132  127  125  123  121  118  113  108  103
   99   95   92   88   84   81   78   76   75   77   80   86   94  106  120  135
  146  161  177  192  203  225  241  252  244                                   
    27.5-180.0 180.0   5.0 450.0                            LAT/LON1/LON2/DLON/H
  266  263  265  263  274  275  287  299  311  317  321  322  323  322  319  311
  303  295  288  277  259  233  204  180  166  161  166  178  195  214  231  240
  240  230  216  200  184  171  159  150  144  139  136  133  128  122  116  109
  103   97   92   88   84   81   78   77   76   78   82   89   99  113  130  147
  161  177  193  210  222  246  264  272  266                                   
    25.0-180.0 180.0   5.0 450.0                            LAT/LON1/LON2/DLON/H
  303  299  301  295  304  302  311  320  332  337  340  340  340  338  333  324
  314  305  296  282  260  233  206  189  185  193  209  231  257  282  303  311
  305  287  261  234  210  190  175  164  157  152  149  145  139  133  126  119
  111  103   97   92   88   86   84   82   81   83   87   94  105  121  141  162
  178  197  213  233  248  275  296  301  303                                   
    22.5-180.0 180.0   5.0 450.0                            LAT/LON1/LON2/DLON/H
  350  348  352  346  356  353  359  364  373  376  374  370  365  359  350  338
  326  314  302  285  263  239  220  215  224  243  269  298  327  354  373  377
  363  333  296  257  225  200  183  172  166  161  158  154  150  145  138  131
  122  113  106  100   97   95   93   91   89   90   93  100  112  130  153  177
  196  218  237  260  280  308  334  338  350                                   
    20.0-180.0 180.0   5.0 450.0                            LAT/LON1/LON2/DLON/H
  402  405  412  409  423  422  427  429  434  432  425  414  401  388  373  357
  340  325  310  293  273  257  251  259  281  311  341  369  395  416  427  421
  397  358  310  265  227  201  184  174  169  166  164  161  158  155  150  143
  135  126  117  111  108  107  105  101   98   97  100  107  120  139  164  191
  214  240  261  288  311  343  373  380  402                                   
    17.5-180.0 180.0   5.0 450.0                            LAT/LON1/LON2/DLON/H
  451  462  473  476  496  497  504  504  508  502  490  471  449  427  405  382
  361  341  324  309  296  291  299  322  354  386  413  431  444  451  448  432
  399  353  303  256  219  194  180  173  169  168  167  165  164  163  160  155
  148  138  130  123  120  118  115  111  106  104  105  112  126  147  174  203
  229  258  284  313  340  374  409  421  451                                   
    15.0-180.0 180.0   5.0 450.0                            LAT/LON1/LON2/DLON/H
  490  509  527  534  561  566  576  579  583  577  561  537  508  477  447  417
  391  368  350  338  334  341  363  396  431  459  472  471  462  449  431  405
  368  324  278  238  207  187  177  172  171  170  169  168  168  168  167  164
  158  150  141  134  131  128  124  118  111  107  108  116  131  153  181  212
  241  273  302  332  360  399  438  454  490                                   
    12.5-180.0 180.0   5.0 450.0                            LAT/LON1/LON2/DLON/H
  514  541  565  575  607  617  632  638  647  644  630  604  570  534  498  463
  432  406  389  381  386  404  435  471  502  515  505  478  444  411  380  349
  315  281  249  221  200  187  181  179  177  175  173  172  171  171  171  169
  165  158  150  143  138  134  129  121  112  107  108  117  134  158  187  219
  249  283  314  344  373  414  456  475  514                                   
    10.0-180.0 180.0   5.0 450.0                            LAT/LON1/LON2/DLON/H
  523  556  585  594  629  644  664  675  689  693  684  661  629  592  554  517
  484  458  442  439  449  474  508  540  556  546  507  452  396  348  311  282
  259  241  226  215  206  201  198  196  192  187  181  176  174  172  172  171
  169  163  156  149  143  137  129  120  110  104  106  116  135  160  191  223
  254  288  321  350  378  421  464  484  523                                   
     7.5-180.0 180.0   5.0 450.0                            LAT/LON1/LON2/DLON/H
  523  557  588  596  631  649  672  687  708  719  717  702  676  644  609  574
  542  518  505  505  519  544  572  591  585  546  479  401  332  279  244  225
