data/edconvlstm_nd/pred1640.15i
     1.0            IONOSPHERE MAPS     GNSS                IONEX VERSION / TYPE
pyspatialgeodesy        IME             05-JAN-18 20:20     PGM / RUN BY / DATE 
Map Name                                                    COMMENT             
Predicted global ionosphere maps (GIM).                     DESCRIPTION         
  2015     6    13     0     0     0                        EPOCH OF FIRST MAP  
  2015     6    14     0     0     0                        EPOCH OF LAST MAP   
  7200                                                      INTERVAL            
    13                                                      # OF MAPS IN FILE   
  NONE                                                      MAPPING FUNCTION    
10.0                                                        ELEVATION CUTOFF    
One-way carrier phase leveled to code                       OBSERVABLES USED    
  6371.0                                                    BASE RADIUS         
 2                                                          MAP DIMENSION       
   450.0 450.0   0.0                                        HGT1 / HGT2 / DHGT  
    87.5 -87.5  -2.5                                        LAT1 / LAT2 / DLAT  
  -180.0 180.0   5.0                                        LON1 / LON2 / DLON  
    -1                                                      EXPONENT            
                                                            END OF HEADER       
[from data line 3432]
     9                                                      START OF TEC MAP    
  2015     6    13    16     0     0                        EPOCH OF CURRENT MAP
    87.5-180.0 180.0   5.0 450.0                            LAT/LON1/LON2/DLON/H
  195  188  178  186  189  190  190  190  192  194  194  195  196  196  197  197
  197  197  197  197  196  196  195  194  194  193  192  192  191  190  190  190
  189  189  189  188  188  188  188  188  188  188  188  188  189  189  189  189
  189  190  190  190  190  190  190  189  189  189  188  188  187  187  186  185
  184  184  182  182  189  190  190  191  195                                   
    85.0-180.0 180.0   5.0 450.0                            LAT/LON1/LON2/DLON/H
  180  181  187  185  185  190  192  194  196  197  198  199  200  201  201  201
  201  201  201  200  199  198  198  197  196  195  194  193  192  192  191  191
  191  190  190  190  190  190  190  190  190  191  191  191  192  192  193  193
  194  194  194  195  195  195  195  195  194  194  193  192  191  190  189  188
  188  187  184  184  185  180  182  188  180                                   
    82.5-180.0 180.0   5.0 450.0                            LAT/LON1/LON2/DLON/H
  161  172  175  175  177  185  188  191  193  196  197  199  200  201  201  202
  201  201  200  199  198  197  196  194  193  192  191  190  189  188  188  187
  187  186  186  186  186  185  186  186  186  187  187  188  189  189  190  191
  192  192  193  194  194  194  194  194  193  192  191  189  188  186  184  182
  180  177  174  176  173  178  175  167  161                                   
    80.0-180.0 180.0   5.0 450.0                            LAT/LON1/LON2/DLON/H
  160  169  175  177  179  185  190  196  199  202  204  206  208  208  209  208
  208  207  206  204  203  201  199  198  196  195  193  192  191  190  189  188
  188  187  187  187  187  187  187  188  188  189  191  192  193  194  196  197
  198  200  201  202  203  203  203  203  202  201  199  197  195  192  189  186
  183  180  176  177  171  166  167  161  160                                   
    77.5-180.0 180.0   5.0 450.0                            LAT/LON1/LON2/DLON/H
  167  170  177  180  184  191  196  201  205  208  209  211  212  213  213  212
  211  210  209  207  206  204  203  201  200  199  197  196  195  194  194  193
  192  192  191  191  191  191  191  192  193  194  196  197  199  200  202  204
  206  207  209  211  212  213  213  213  212  210  208  205  202  199  195  191
  187  183  179  178  176  168  168  168  167                                   
    75.0-180.0 180.0   5.0 450.0                            LAT/LON1/LON2/DLON/H
  172  177  182  186  189  197  202  207  211  214  215  216  216  215  215  214
  213  211  210  209  208  207  206  205  204  203  202  201  200  200  199  198
  197  197  196  195  195  195  195  196  197  198  200  201  203  205  207  208
  210  212  214  216  218  219  219  219  218  216  214  211  208  204  201  197
  193  189  185  182  179  173  174  165  172                                   
    72.5-180.0 180.0   5.0 450.0                            LAT/LON1/LON2/DLON/H
  178  186  190  196  198  205  210  214  216  218  218  218  217  215  214  213
  212  211  211  211  211  211  210  210  209  208  207  207  206  205  204  203
  202  201  200  199  198  197  197  198  198  199  201  202  204  205  207  209
  211  213  215  217  219  220  220  220  219  217  215  212  209  206  203  200
  196  193  191  188  184  180  181  178  178                                   
    70.0-180.0 180.0   5.0 450.0                            LAT/LON1/LON2/DLON/H
  187  194  199  204  204  211  215  218  219  220  219  218  216  214  212  210
  210  210  211  212  213  214  215  215  214  213  212  211  210  209  208  207
  205  203  201  199  198  196  196  196  196  197  198  199  200  201  203  204
  206  208  210  212  214  215  215  215  213  211  209  206  204  202  200  199
  196  195  194  192  189  187  191  187  187                                   
    67.5-180.0 180.0   5.0 450.0                            LAT/LON1/LON2/DLON/H
  195  206  210  215  216  222  225  227  227  226  224  222  220  217  215  214
  214  216  218  220  223  225  226  226  225  224  222  221  219  218  216  214
  212  209  206  203  201  199  197  197  197  198  199  199  200  200  201  202
  204  207  209  212  213  214  214  213  211  209  206  204  202  200  200  200
  199  199  199  199  196  195  199  195  195                                   
    65.0-180.0 180.0   5.0 450.0                            LAT/LON1/LON2/DLON/H
  200  211  215  220  220  226  228  229  228  228  226  224  221  219  217  216
  217  219  222  226  230  233  235  235  234  232  229  227  225  223  221  219
  216  212  208  204  201  198  196  195  195  196  196  196  196  196  196  197
  199  202  205  208  210  211  210  209  206  202  199  196  194  193  193  194
  194  196  198  199  198  199  205  201  200                                   
    62.5-180.0 180.0   5.0 450.0                            LAT/LON1/LON2/DLON/H
  199  212  217  222  222  228  229  229  229  229  227  226  224  223  221  221
  222  225  229  233  238  242  244  244  242  240  237  234  232  230  228  225
  222  217  212  207  203  199  197  196  196  196  196  195  195  194  194  195
  197  201  204  208  210  211  211  208  205  200  195  192  189  187  187  188
  189  191  193  195  195  197  203  200  199                                   
    60.0-180.0 180.0   5.0 450.0                            LAT/LON1/LON2/DLON/H
  193  207  212  218  219  224  225  226  226  227  226  226  226  226  225  225
  226  229  233  238  243  247  249  249  248  245  242  240  238  237  235  232
  228  223  217  211  206  202  200  199  199  199  198  197  196  195  195  196
  198  202  206  211  214  215  214  211  206  201  195  190  186  183  182  182
  182  183  184  186  186  189  195  192  193                                   
    57.5-180.0 180.0   5.0 450.0                            LAT/LON1/LON2/DLON/H
  183  197  204  210  213  219  220  221  222  223  224  226  228  228  229  229
  229  231  235  240  244  248  251  251  250  249  247  245  244  244  243  240
  236  231  224  218  212  208  206  205  205  205  204  203  201  199  199  200
  203  207  212  217  220  221  220  217  211  205  198  192  187  183  180  178
  175  175  174  174  174  176  182  181  183                                   
    55.0-180.0 180.0   5.0 450.0                            LAT/LON1/LON2/DLON/H
  170  184  193  201  205  213  215  216  217  219  222  225  228  230  231  231
  231  232  235  239  243  247  249  251  251  250  250  250  251  251  251  249
  245  240  233  226  220  216  215  214  214  214  213  212  209  207  206  208
  210  215  219  224  227  228  226  223  218  211  204  197  191  186  181  177
  171  168  165  163  161  162  167  167  170                                   
    52.5-180.0 180.0   5.0 450.0                            LAT/LON1/LON2/DLON/H
  158  172  183  193  200  209  213  214  215  217  220  224  228  231  232  232
  232  232  234  236  240  244  247  249  251  252  253  255  258  259  260  258
  254  249  242  235  229  226  224  224  225  225  224  222  219  217  216  217
  219  223  227  230  232  232  230  227  222  216  210  203  197  190  184  178
  170  164  158  153  150  150  153  154  158                                   
    50.0-180.0 180.0   5.0 450.0                            LAT/LON1/LON2/DLON/H
  148  163  175  187  197  209  214  216  217  219  221  225  229  232  234  235
  234  234  235  236  239  242  246  249  252  255  258  262  265  268  268  267
  263  258  251  244  239  235  234  235  236  236  235  233  230  228  227  228
  229  232  234  235  235  234  231  228  224  220  215  209  203  196  189  181
  171  163  155  149  143  142  143  145  148                                   
    47.5-180.0 180.0   5.0 450.0                            LAT/LON1/LON2/DLON/H
  143  158  171  186  198  212  219  222  224  225  227  229  233  236  238  240
  240  240  240  240  242  245  248  252  256  260  265  270  274  276  277  276
  272  267  260  254  249  246  245  246  247  248  247  245  242  240  239  239
  239  240  239  238  235  232  229  227  224  221  218  213  208  201  194  186
  176  167  157  150  143  140  140  141  143                                   
    45.0-180.0 180.0   5.0 450.0                            LAT/LON1/LON2/DLON/H
  142  158  170  187  202  218  228  232  235  236  237  238  240  243  246  249
  251  251  251  251  252  254  257  261  265  270  275  280  283  285  286  285
  282  277  271  266  261  259  258  259  260  260  260  258  255  253  251  250
  249  247  244  240  235  230  227  224  223  222  220  217  212  206  200  192
  182  173  163  156  148  144  143  143  142                                   
    42.5-180.0 180.0   5.0 450.0                            LAT/LON1/LON2/DLON/H
  145  161  171  189  207  225  237  243  248  250  250  251  252  255  260  264
  267  269  269  269  269  269  271  275  279  283  288  292  295  296  297  296
  294  291  287  282  278  276  275  275  276  276  275  273  270  268  266  263
  260  256  250  244  237  231  226  224  224  224  224  222  218  212  206  199
  190  182  173  167  159  154  151  150  145                                   
    40.0-180.0 180.0   5.0 450.0                            LAT/LON1/LON2/DLON/H
  152  166  174  192  210  229  244  253  260  264  265  266  268  272  278  284
  289  292  293  292  291  291  291  293  296  300  304  307  309  310  310  310
  310  309  308  305  303  300  299  298  297  296  295  292  289  286  282  278
  273  267  259  251  242  235  231  229  229  231  231  230  226  221  215  208
  199  193  185  180  172  166  163  160  152                                   
    37.5-180.0 180.0   5.0 450.0                            LAT/LON1/LON2/DLON/H
  160  170  175  192  210  229  247  260  270  277  281  283  285  291  298  307
  314  318  320  319  317  315  315  315  317  320  322  324  325  326  327  329
  332  334  336  337  336  333  331  328  326  323  320  317  313  308  302  296
  289  281  272  263  254  247  242  240  241  243  244  243  239  233  227  219
  211  205  198  194  186  180  176  171  160                                   
    35.0-180.0 180.0   5.0 450.0                            LAT/LON1/LON2/DLON/H
  169  174  176  190  207  226  245  261  276  287  294  298  303  310  320  330
  339  344  346  345  343  341  340  339  339  341  342  344  344  345  347  352
  358  366  372  376  377  375  371  366  361  356  352  347  341  334  326  317
  308  298  289  280  271  264  259  257  258  260  261  260  256  249  241  233
  224  218  210  207  199  192  188  181  169                                   
    32.5-180.0 180.0   5.0 450.0                            LAT/LON1/LON2/DLON/H
  177  178  177  188  202  220  240  258  277  292  303  311  318  328  339  351
  360  366  368  368  367  365  364  363  362  362  363  364  365  367  371  379
  390  402  413  420  423  421  415  408  401  394  388  381  373  363  352  340
  329  318  308  300  293  286  281  278  278  279  280  279  275  267  258  248
  237  230  222  218  209  202  198  190  177                                   
    30.0-180.0 180.0   5.0 450.0                            LAT/LON1/LON2/DLON/H
  185  182  179  186  198  213  233  253  275  293  308  320  330  342  355  367
  377  383  386  387  387  387  386  385  384  383  384  385  387  390  397  408
  424  440  455  465  469  467  459  450  440  432  424  416  406  393  378  363
  349  337  328  320  314  308  302  298  296  297  298  297  292  284  275  263
  250  241  231  226  217  209  205  196  185                                   
    27.5-180.0 180.0   5.0 450.0                            LAT/LON1/LON2/DLON/H
  192  186  182  186  196  209  228  248  271  292  310  325  338  352  366  378
  388  394  398  401  404  406  406  405  404  403  404  406  409  415  424  439
  457  476  493  504  508  505  496  485  474  464  456  447  435  419  401  383
  366  353  343  336  331  325  318  312  309  308  309  308  305  297  287  275
  260  249  237  231  221  212  208  201  192                                   
    25.0-180.0 180.0   5.0 450.0                            LAT/LON1/LON2/DLON/H
  197  192  187  189  197  208  225  244  268  290  310  327  343  358  372  384
  394  401  407  412  417  422  424  424  423  422  423  426  431  438  450  466
  485  505  521  531  533  529  519  507  496  487  478  468  455  436  416  394
  375  360  350  343  337  332  324  317  312  310  310  311  308  302  293  280
  265  253  240  232  222  213  209  203  197                                   
    22.5-180.0 180.0   5.0 450.0                            LAT/LON1/LON2/DLON/H
  200  198  192  194  201  210  226  243  265  287  308  327  345  361  375  387
  396  405  413  421  429  436  440  441  440  439  440  444  450  459  471  488
  506  523  536  542  542  536  526  515  505  497  489  479  464  443  420  396
  375  358  345  337  331  325  318  310  304  301  300  301  300  296  289  277
  263  252  239  230  220  212  207  203  200                                   
    20.0-180.0 180.0   5.0 450.0                            LAT/LON1/LON2/DLON/H
  200  201  197  199  206  213  227  243  263  285  306  326  345  361  375  387
  397  408  419  430  441  449  454  455  455  454  455  459  465  475  487  501
  516  529  537  540  537  530  521  512  504  498  490  480  463  441  416  390
  367  348  333  322  315  308  301  293  286  282  281  282  283  280  275  266
  254  245  233  225  215  207  203  199  200                                   
    17.5-180.0 180.0   5.0 450.0                            LAT/LON1/LON2/DLON/H
  196  201  197  199  207  214  228  242  262  282  303  324  343  360  374  386
  398  411  425  439  451  460  466  468  467  466  467  471  477  487  497  509
  519  527  530  528  523  516  509  503  498  493  486  475  457  433  407  381
  356  335  317  304  294  287  280  273  266  261  259  259  259  257  254  248
  239  233  223  216  207  199  195  192  196                                   
    15.0-180.0 180.0   5.0 450.0                            LAT/LON1/LON2/DLON/H
  186  193  190  193  202  210  225  239  258  278  299  320  340  357  371  385
  399  414  431  447  460  469  475  477  476  476  477  481  487  495  504  512
  518  521  520  515  509  503  498  495  493  490  483  470  450  425  398  372
  347  325  305  290  278  270  264  257  251  245  240  237  235  233  230  226
  220  217  211  205  197  190  185  181  186                                   
    12.5-180.0 180.0   5.0 450.0                            LAT/LON1/LON2/DLON/H
  173  180  176  180  189  198  215  231  251  272  294  315  335  353  368  383
  399  418  437  453  466  475  480  483  483  483  485  489  496  503  510  515
  518  517  513  507  500  496  494  495  495  492  484  468  446  420  393  368
  345  323  302  284  271  263  257  252  245  238  231  224  218  213  209  205
  201  201  197  193  186  178  172  167  173                                   
    10.0-180.0 180.0   5.0 450.0                            LAT/LON1/LON2/DLON/H
  157  162  157  160  169  179  199  218  241  264  287  309  330  348  365  381
  400  420  440  456  469  477  483  486  488  490  493  498  505  511  517  521
  522  520  515  508  503  500  501  503  504  501  490  471  446  419  393  370
  349  327  306  288  274  265  261  257  252  243  232  221  211  201  194  188
  185  186  184  181  174  166  160  154  157                                   
     7.5-180.0 180.0   5.0 450.0                            LAT/LON1/LON2/DLON/H
  142  143  136  138  145  157  179  201  228  254  278  302  324  343  361  379
  399  420  440  456  468  476  483  488  492  496  501  507  514  521  526  529
