data/edconvlstm_nd/pred1290.15i
     1.0            IONOSPHERE MAPS     GNSS                IONEX VERSION / TYPE
pyspatialgeodesy        IME             05-JAN-18 20:20     PGM / RUN BY / DATE 
Map Name                                                    COMMENT             
Predicted global ionosphere maps (GIM).                     DESCRIPTION         
  2015     5     9     0     0     0                        EPOCH OF FIRST MAP  
  2015     5    10     0     0     0                        EPOCH OF LAST MAP   
  7200                                                      INTERVAL            
    13                                                      # OF MAPS IN FILE   
  NONE                                                      MAPPING FUNCTION    
10.0                                                        ELEVATION CUTOFF    
One-way carrier phase leveled to code                       OBSERVABLES USED    
  6371.0                                                    BASE RADIUS         
 2                                                          MAP DIMENSION       
   450.0 450.0   0.0                                        HGT1 / HGT2 / DHGT  
    87.5 -87.5  -2.5                                        LAT1 / LAT2 / DLAT  
  -180.0 180.0   5.0                                        LON1 / LON2 / DLON  
    -1                                                      EXPONENT            
                                                            END OF HEADER       
[from data line 4290]
    11                                                      START OF TEC MAP    
  2015     5     9    20     0     0                        EPOCH OF CURRENT MAP
    87.5-180.0 180.0   5.0 450.0                            LAT/LON1/LON2/DLON/H
  181  168  154  162  161  162  162  162  162  164  165  166  167  169  170  171
  172  172  173  173  173  173  173  173  172  172  171  170  169  168  167  167
  166  165  164  163  163  162  162  161  161  161  160  160  160  160  160  160
  160  160  160  160  160  161  161  161  161  161  161  161  161  160  160  160
  159  159  157  159  167  168  171  176  181                                   
    85.0-180.0 180.0   5.0 450.0                            LAT/LON1/LON2/DLON/H
  165  164  167  163  159  164  165  167  168  170  171  173  174  176  178  179
  180  181  182  182  183  183  182  182  181  180  179  178  177  176  175  174
  173  171  170  169  169  168  167  167  166  166  166  166  166  166  166  166
  166  166  166  166  166  167  167  167  167  168  168  168  168  168  167  167
  167  167  165  164  166  159  161  167  165                                   
    82.5-180.0 180.0   5.0 450.0                            LAT/LON1/LON2/DLON/H
  142  147  150  147  145  150  155  156  157  160  162  165  168  170  173  175
  176  177  178  178  178  178  177  176  175  173  172  170  168  167  165  163
  161  159  157  156  155  154  153  153  153  152  152  153  153  153  153  153
  154  154  154  155  156  156  157  158  158  159  159  159  159  159  159  158
  157  156  154  158  156  161  154  154  142                                   
    80.0-180.0 180.0   5.0 450.0                            LAT/LON1/LON2/DLON/H
  137  144  152  148  145  148  153  158  161  166  169  173  177  181  184  186
  188  190  190  190  190  189  188  187  185  183  181  179  177  175  172  169
  167  164  162  160  159  158  157  157  157  157  157  157  158  158  158  159
  159  159  160  160  161  162  163  164  165  166  166  167  167  166  166  166
  165  163  161  163  158  152  150  156  137                                   
    77.5-180.0 180.0   5.0 450.0                            LAT/LON1/LON2/DLON/H
  143  142  152  148  147  150  154  158  161  166  170  175  180  184  187  190
  192  192  192  191  190  189  188  186  185  183  181  179  176  174  171  167
  164  161  159  156  155  154  153  153  154  154  155  156  156  157  157  157
  157  157  157  158  159  160  161  162  163  164  165  166  166  166  166  166
  164  163  162  163  164  155  158  169  143                                   
    75.0-180.0 180.0   5.0 450.0                            LAT/LON1/LON2/DLON/H
  153  154  161  157  155  158  161  165  169  176  180  186  190  195  198  200
  201  200  199  198  196  195  193  192  190  189  187  185  183  180  177  173
  170  166  163  160  158  157  156  157  157  158  159  160  160  160  160  159
  159  158  158  158  158  159  160  161  163  164  165  167  168  169  170  170
  169  169  170  169  168  160  164  165  153                                   
    72.5-180.0 180.0   5.0 450.0                            LAT/LON1/LON2/DLON/H
  165  166  172  172  166  169  171  174  177  182  187  192  197  201  203  204
  204  203  201  198  196  194  193  191  191  190  188  187  185  182  178  174
  170  165  161  158  156  155  154  155  155  156  157  158  158  157  156  155
  153  152  151  150  150  150  151  152  153  155  157  159  161  163  166  167
  167  169  171  171  170  166  171  178  165                                   
    70.0-180.0 180.0   5.0 450.0                            LAT/LON1/LON2/DLON/H
  182  182  187  185  179  180  181  184  187  192  196  202  206  209  211  211
  209  207  204  201  198  196  195  194  193  193  192  190  188  185  181  176
  171  166  161  157  154  153  152  152  153  154  154  154  153  151  149  147
  145  143  141  139  138  138  138  139  141  143  146  149  152  156  159  162
  164  167  171  174  175  173  180  185  182                                   
    67.5-180.0 180.0   5.0 450.0                            LAT/LON1/LON2/DLON/H
  199  201  206  206  200  200  200  201  203  207  211  216  220  222  223  223
  220  217  214  211  208  206  205  205  204  203  203  201  199  195  191  186
  180  174  168  164  160  158  157  157  157  157  156  155  153  151  148  144
  141  138  136  134  132  131  131  132  134  136  140  143  148  152  157  162
  165  169  174  177  179  178  186  191  199                                   
    65.0-180.0 180.0   5.0 450.0                            LAT/LON1/LON2/DLON/H
  210  212  217  218  213  211  210  211  212  216  219  224  228  230  231  230
  228  225  222  219  216  215  213  212  211  210  209  207  204  201  196  190
  183  176  170  164  160  157  155  154  154  153  151  148  145  141  137  134
  130  127  124  121  119  118  118  119  121  123  127  132  137  142  149  154
  159  164  171  175  179  181  189  194  210                                   
    62.5-180.0 180.0   5.0 450.0                            LAT/LON1/LON2/DLON/H
  216  220  225  227  223  222  219  219  219  222  225  230  234  237  238  238
  237  235  233  230  228  226  224  223  221  219  217  215  212  208  204  198
  190  183  175  169  164  160  158  156  154  152  149  145  140  135  131  126
  123  119  116  114  112  111  110  111  113  115  119  124  130  137  144  150
  155  161  167  172  176  179  187  191  216                                   
    60.0-180.0 180.0   5.0 450.0                            LAT/LON1/LON2/DLON/H
  215  222  228  230  228  226  224  222  222  224  227  232  237  240  243  244
  244  244  242  240  238  236  234  232  229  226  224  222  219  216  212  206
  198  190  182  174  168  164  161  159  156  152  148  142  136  130  125  120
  117  114  111  109  107  106  106  106  108  111  115  120  126  133  141  148
  153  159  165  168  172  176  184  188  215                                   
    57.5-180.0 180.0   5.0 450.0                            LAT/LON1/LON2/DLON/H
  211  220  228  230  230  229  226  224  223  225  227  232  237  241  245  248
  250  251  250  249  247  245  242  239  236  233  231  230  228  226  223  217
  209  201  192  183  177  172  168  165  161  156  150  143  136  129  123  119
  116  114  112  110  108  108  107  108  109  112  115  120  127  134  142  150
  156  162  167  168  171  175  182  185  211                                   
    55.0-180.0 180.0   5.0 450.0                            LAT/LON1/LON2/DLON/H
  207  219  229  231  232  231  228  226  224  225  227  231  236  242  247  252
  255  256  256  255  253  251  249  246  243  241  239  239  239  238  235  230
  222  213  204  195  188  182  178  174  169  163  155  147  139  132  126  122
  120  118  116  115  114  114  114  115  116  118  121  125  131  139  148  157
  163  170  174  175  175  178  185  187  207                                   
    52.5-180.0 180.0   5.0 450.0                            LAT/LON1/LON2/DLON/H
  207  221  231  233  235  236  232  229  228  228  229  232  237  242  248  254
  258  260  259  258  256  254  253  251  249  249  249  250  251  251  249  244
  236  226  216  207  200  194  189  184  178  171  162  153  145  138  133  129
  127  126  125  124  123  123  123  124  125  127  129  133  138  146  156  166
  174  182  187  187  186  188  193  194  207                                   
    50.0-180.0 180.0   5.0 450.0                            LAT/LON1/LON2/DLON/H
  213  227  237  239  241  243  240  237  235  235  234  236  240  245  252  258
  262  263  262  260  259  258  258  258  258  259  260  262  264  264  262  256
  248  237  227  219  211  205  200  194  187  179  170  161  153  146  142  139
  137  136  134  133  133  133  134  135  136  137  138  141  146  154  165  177
  187  197  204  205  203  204  207  208  213                                   
    47.5-180.0 180.0   5.0 450.0                            LAT/LON1/LON2/DLON/H
  224  237  246  248  250  252  250  248  246  245  244  245  247  252  259  264
  267  268  266  263  263  263  265  268  270  272  275  277  278  277  273  265
  256  246  236  228  221  215  209  202  194  186  177  168  161  155  152  149
  147  146  144  142  142  142  144  145  146  146  146  148  153  161  173  187
  199  213  221  225  223  224  226  228  224                                   
    45.0-180.0 180.0   5.0 450.0                            LAT/LON1/LON2/DLON/H
  239  250  257  259  261  263  261  260  259  259  257  257  259  264  270  275
  277  276  273  271  271  274  278  282  286  289  291  291  290  286  280  271
  261  251  242  235  229  224  217  209  200  191  183  175  169  165  162  159
  157  155  152  150  149  150  151  153  153  153  152  153  157  165  178  194
  209  226  237  244  244  245  247  251  239                                   
    42.5-180.0 180.0   5.0 450.0                            LAT/LON1/LON2/DLON/H
  256  264  268  271  272  274  272  272  273  274  273  273  274  279  285  290
  291  290  287  285  286  291  296  302  306  308  307  305  301  294  285  275
  264  254  246  241  236  231  224  216  206  197  189  183  178  175  172  169
  166  163  159  157  155  156  157  159  159  158  157  157  160  168  181  198
  215  235  250  260  263  265  267  273  256                                   
    40.0-180.0 180.0   5.0 450.0                            LAT/LON1/LON2/DLON/H
  271  278  279  282  283  284  283  284  287  289  289  290  292  297  304  309
  311  309  307  306  309  314  320  324  327  327  324  318  310  301  290  279
  268  259  252  248  244  239  232  223  213  204  197  192  188  185  182  178
  175  171  167  164  162  162  163  164  164  162  160  159  161  169  182  200
  218  240  258  271  276  280  284  291  271                                   
    37.5-180.0 180.0   5.0 450.0                            LAT/LON1/LON2/DLON/H
  284  289  290  292  294  294  294  296  301  304  306  308  312  318  326  332
  334  334  333  334  336  341  345  348  348  345  340  332  322  310  299  287
  277  269  263  259  255  250  243  233  223  214  207  203  199  196  192  188
  183  179  176  173  171  171  171  171  169  166  163  161  163  170  183  201
  220  243  262  277  283  290  297  305  284                                   
    35.0-180.0 180.0   5.0 450.0                            LAT/LON1/LON2/DLON/H
  295  300  302  303  306  305  307  310  316  321  324  328  333  341  350  357
  362  363  364  365  367  369  370  370  367  363  357  348  338  327  316  305
  296  287  281  275  271  265  257  247  237  228  222  217  213  208  203  198
  193  190  187  186  184  183  181  179  176  172  167  165  166  173  186  203
  222  246  265  280  287  297  306  314  295                                   
    32.5-180.0 180.0   5.0 450.0                            LAT/LON1/LON2/DLON/H
  306  312  317  317  322  321  324  328  336  342  346  351  358  367  377  386
  391  394  396  397  397  396  394  390  386  382  378  371  363  354  345  337
  327  317  307  298  290  282  273  264  254  245  239  234  228  222  215  209
  205  203  202  202  201  199  195  190  185  179  174  171  172  179  191  208
  227  250  269  284  289  301  313  322  306                                   
    30.0-180.0 180.0   5.0 450.0                            LAT/LON1/LON2/DLON/H
  318  326  334  334  343  343  348  353  361  368  373  379  387  397  407  416
  422  425  427  427  425  420  414  409  407  406  406  404  400  395  390  382
  371  357  341  325  311  300  290  280  271  263  257  250  243  235  227  221
  218  218  220  222  221  217  210  202  195  188  183  180  181  187  200  216
  234  257  274  289  293  305  320  329  318                                   
    27.5-180.0 180.0   5.0 450.0                            LAT/LON1/LON2/DLON/H
  333  343  354  357  369  371  379  384  393  400  406  413  421  431  440  448
  454  457  458  456  450  442  434  430  432  437  444  449  451  450  447  439
  423  402  376  351  330  314  303  294  286  279  273  266  258  248  240  234
  233  236  240  243  241  235  225  215  205  198  193  190  192  198  210  226
  243  265  281  295  298  310  326  337  333                                   
    25.0-180.0 180.0   5.0 450.0                            LAT/LON1/LON2/DLON/H
  350  362  376  382  400  405  414  421  431  438  444  451  459  468  477  484
  488  489  488  483  474  464  457  457  465  479  493  505  512  514  511  499
  476  444  406  371  341  321  308  300  294  289  284  278  270  261  253  249
  250  255  261  263  260  251  239  225  214  206  202  200  201  207  219  235
  252  274  288  302  305  315  332  344  350                                   
    22.5-180.0 180.0   5.0 450.0                            LAT/LON1/LON2/DLON/H
  368  380  396  408  431  440  452  461  472  480  486  493  500  509  516  522
  524  523  519  511  500  489  485  491  508  530  551  568  576  577  569  551
  519  475  426  380  343  318  304  297  294  291  289  285  280  273  268  266
  269  274  280  280  274  262  247  232  221  213  209  208  210  215  225  240
  257  278  292  307  309  317  335  352  368                                   
    20.0-180.0 180.0   5.0 450.0                            LAT/LON1/LON2/DLON/H
  383  395  413  429  458  470  486  498  511  521  528  535  542  550  557  561
  562  560  554  543  531  522  522  536  560  587  612  627  632  627  612  585
  543  490  431  378  336  308  294  288  287  288  289  289  287  285  283  283
  286  291  294  291  280  265  249  234  224  218  215  215  216  219  228  241
  256  277  291  306  309  317  335  357  383                                   
    17.5-180.0 180.0   5.0 450.0                            LAT/LON1/LON2/DLON/H
  391  403  423  443  475  492  511  527  544  557  566  574  582  590  597  601
  602  599  592  580  569  563  569  589  617  645  666  675  671  657  634  598
  549  489  426  369  325  296  282  277  278  282  286  291  294  296  297  299
  302  303  301  292  277  259  242  229  222  218  217  217  218  220  226  235
  248  268  282  298  304  314  331  360  391                                   
    15.0-180.0 180.0   5.0 450.0                            LAT/LON1/LON2/DLON/H
  393  404  426  448  482  502  523  543  564  581  594  605  615  624  632  638
  641  639  633  623  614  613  623  645  672  695  707  705  691  667  635  593
  540  478  416  360  318  290  276  271  273  278  285  293  301  306  310  313
  313  309  300  285  265  245  228  218  213  212  213  214  214  214  217  224
  233  252  267  285  295  308  326  360  393                                   
    12.5-180.0 180.0   5.0 450.0                            LAT/LON1/LON2/DLON/H
  388  402  424  447  481  502  526  547  572  593  610  624  637  649  660  670
  676  678  675  668  664  666  678  699  720  732  731  716  692  661  624  578
  525  466  409  359  321  296  281  276  276  281  290  299  309  317  322  323
  319  310  294  272  248  226  210  201  199  200  202  203  203  202  203  207
  214  232  248  268  283  301  322  358  388                                   
    10.0-180.0 180.0   5.0 450.0                            LAT/LON1/LON2/DLON/H
  381  400  423  446  479  500  524  546  572  595  614  631  647  663  678  692
  703  710  712  711  711  716  728  743  753  753  738  713  681  646  606  561
  512  460  411  370  338  316  302  294  292  295  301  311  321  329  332  330
  322  306  283  257  230  207  192  184  182  184  185  186  186  185  185  187
  193  210  228  251  271  295  319  356  381                                   
     7.5-180.0 180.0   5.0 450.0                            LAT/LON1/LON2/DLON/H
  374  402  427  449  482  503  526  546  571  594  613  631  648  666  685  703
  719  731  739  744  748  755  764  771  771  757  731  699  665  629  592  551
