data/edconvlstm_nd/pred1450.15i
     1.0            IONOSPHERE MAPS     GNSS                IONEX VERSION / TYPE
pyspatialgeodesy        IME             05-JAN-18 20:20     PGM / RUN BY / DATE 
Map Name                                                    COMMENT             
Predicted global ionosphere maps (GIM).                     DESCRIPTION         
  2015     5    25     0     0     0                        EPOCH OF FIRST MAP  
  2015     5    26     0     0     0                        EPOCH OF LAST MAP   
  7200                                                      INTERVAL            
    13                                                      # OF MAPS IN FILE   
  NONE                                                      MAPPING FUNCTION    
10.0                                                        ELEVATION CUTOFF    
One-way carrier phase leveled to code                       OBSERVABLES USED    
  6371.0                                                    BASE RADIUS         
 2                                                          MAP DIMENSION       
   450.0 450.0   0.0                                        HGT1 / HGT2 / DHGT  
    87.5 -87.5  -2.5                                        LAT1 / LAT2 / DLAT  
  -180.0 180.0   5.0                                        LON1 / LON2 / DLON  
    -1                                                      EXPONENT            
                                                            END OF HEADER       
[from data line 858]
     3                                                      START OF TEC MAP    
  2015     5    25     4     0     0                        EPOCH OF CURRENT MAP
    87.5-180.0 180.0   5.0 450.0                            LAT/LON1/LON2/DLON/H
  181  179  178  179  181  179  176  175  176  177  177  178  179  179  179  179
  179  179  179  178  178  177  176  175  174  172  171  170  169  167  166  165
  164  163  163  162  162  161  161  161  161  161  162  162  162  162  163  163
  163  164  164  164  164  164  164  164  165  165  165  165  165  165  165  166
  167  170  169  170  174  173  172  172  181                                   
    85.0-180.0 180.0   5.0 450.0                            LAT/LON1/LON2/DLON/H
  184  187  183  185  190  188  188  188  189  190  190  191  192  192  193  193
  193  193  192  192  191  190  188  187  185  184  182  180  178  177  175  174
  172  171  171  170  169  169  169  169  169  169  170  170  170  171  171  172
  172  172  173  173  173  174  174  174  174  175  175  175  176  176  176  177
  179  182  179  183  177  177  178  176  184                                   
    82.5-180.0 180.0   5.0 450.0                            LAT/LON1/LON2/DLON/H
  191  193  192  189  191  191  191  191  193  194  194  195  196  197  197  198
  197  197  197  196  194  193  191  188  186  183  180  177  175  172  170  168
  167  166  165  165  165  165  165  166  166  167  168  169  169  170  171  172
  172  173  173  174  174  174  175  175  175  176  176  177  177  178  178  180
  181  183  181  185  187  180  179  171  191                                   
    80.0-180.0 180.0   5.0 450.0                            LAT/LON1/LON2/DLON/H
  190  195  187  186  188  188  190  191  192  192  192  193  194  194  194  194
  194  193  193  191  190  187  185  182  178  174  171  167  164  161  159  157
  156  156  156  156  157  159  160  162  163  165  166  168  169  171  172  174
  175  176  176  177  177  178  178  178  178  178  179  179  180  180  181  183
  183  184  182  186  189  185  189  173  190                                   
    77.5-180.0 180.0   5.0 450.0                            LAT/LON1/LON2/DLON/H
  189  193  187  186  186  186  189  189  190  189  188  189  188  188  188  187
  187  186  185  184  182  179  176  173  169  164  160  155  152  149  147  146
  146  147  149  151  154  157  159  162  165  167  170  172  174  176  179  180
  182  183  184  185  185  185  185  184  184  184  184  184  184  184  185  187
  187  189  185  189  192  187  185  178  189                                   
    75.0-180.0 180.0   5.0 450.0                            LAT/LON1/LON2/DLON/H
  187  192  185  186  184  185  187  186  186  185  183  182  180  178  177  176
  174  173  172  171  169  167  164  160  155  150  145  140  136  133  132  132
  134  137  140  145  150  154  159  163  166  170  173  176  179  182  185  187
  189  191  192  192  192  191  190  189  188  187  187  187  187  187  188  190
  190  191  189  188  190  186  185  180  187                                   
    72.5-180.0 180.0   5.0 450.0                            LAT/LON1/LON2/DLON/H
  184  192  187  186  185  185  187  186  185  183  180  177  174  171  168  165
  163  162  161  160  159  157  154  150  145  140  134  129  126  123  123  125
  128  134  140  147  154  160  166  170  175  178  182  185  189  192  196  199
  201  203  204  204  203  201  199  196  194  192  191  190  190  191  192  194
  195  196  195  195  193  188  185  181  184                                   
    70.0-180.0 180.0   5.0 450.0                            LAT/LON1/LON2/DLON/H
  186  190  186  185  184  182  184  184  183  180  176  172  167  162  158  154
  151  149  148  147  147  145  143  139  134  129  123  118  115  113  114  117
  123  130  139  148  156  164  170  176  180  184  187  191  195  200  204  208
  210  212  212  211  208  205  201  198  194  192  190  189  188  189  190  193
  194  195  195  196  196  191  190  184  186                                   
    67.5-180.0 180.0   5.0 450.0                            LAT/LON1/LON2/DLON/H
  186  189  184  183  182  181  182  181  181  177  173  169  163  156  150  145
  141  138  137  137  137  136  134  131  126  121  115  111  108  107  108  113
  119  128  138  148  158  166  173  178  182  186  190  195  200  205  210  214
  217  218  217  215  211  206  201  196  192  188  186  185  184  185  186  188
  190  192  193  194  194  191  190  186  186                                   
    65.0-180.0 180.0   5.0 450.0                            LAT/LON1/LON2/DLON/H
  186  188  183  181  180  179  180  180  179  176  172  168  161  154  147  140
  135  132  131  131  131  131  129  127  123  118  113  109  106  106  108  113
  120  129  139  150  159  168  175  180  185  189  194  199  205  211  217  221
  224  224  223  219  214  208  202  196  191  187  184  183  182  182  183  185
  187  189  190  192  194  192  193  190  186                                   
    62.5-180.0 180.0   5.0 450.0                            LAT/LON1/LON2/DLON/H
  188  190  184  182  179  178  179  178  178  175  172  168  162  155  148  140
  134  130  128  128  128  129  128  126  122  118  114  111  109  110  112  116
  122  131  140  150  160  168  175  181  186  191  197  204  211  218  224  229
  231  231  228  224  218  211  205  199  194  190  187  185  184  183  183  185
  186  188  189  191  194  194  195  195  188                                   
    60.0-180.0 180.0   5.0 450.0                            LAT/LON1/LON2/DLON/H
  191  192  187  183  180  178  178  177  176  174  171  168  163  156  149  142
  135  131  128  128  128  128  128  126  124  121  118  117  116  116  118  121
  126  132  139  148  156  165  172  179  186  193  200  209  217  225  232  237
  238  238  235  230  224  218  211  206  201  198  195  193  191  189  187  187
  187  188  189  192  195  196  199  200  191                                   
    57.5-180.0 180.0   5.0 450.0                            LAT/LON1/LON2/DLON/H
  197  197  192  187  183  180  179  177  175  172  169  167  163  157  151  144
  137  133  130  129  129  129  129  128  126  125  124  124  124  125  126  127
  129  132  136  143  151  160  168  177  186  195  205  215  225  234  241  245
  246  245  242  238  233  228  223  218  214  211  209  206  203  200  197  195
  193  193  193  196  199  201  204  206  197                                   
    55.0-180.0 180.0   5.0 450.0                            LAT/LON1/LON2/DLON/H
  205  204  199  194  190  185  183  178  175  171  167  165  161  157  151  145
  139  135  132  131  131  131  130  129  129  129  130  131  133  133  133  132
  130  130  132  137  144  154  164  175  186  198  210  222  233  242  249  253
  254  253  251  248  245  241  238  234  231  228  225  222  219  214  209  205
  202  200  200  202  206  208  211  213  205                                   
    52.5-180.0 180.0   5.0 450.0                            LAT/LON1/LON2/DLON/H
  214  213  209  204  199  194  189  183  178  172  167  163  160  155  150  144
  139  136  134  133  133  133  132  131  131  132  135  138  140  141  139  135
  131  127  127  130  138  148  161  174  188  202  215  229  240  250  256  260
  261  261  261  259  258  256  254  252  249  246  243  239  234  228  222  217
  212  210  210  212  215  216  220  220  214                                   
    50.0-180.0 180.0   5.0 450.0                            LAT/LON1/LON2/DLON/H
  225  224  220  216  211  205  200  192  185  176  169  164  159  154  149  143
  139  137  136  136  136  136  135  134  134  136  139  143  146  146  143  137
  130  125  122  125  133  145  159  175  190  206  221  235  247  256  263  266
  269  270  271  272  272  272  271  268  265  262  258  253  247  241  234  229
  224  222  221  223  226  227  229  229  225                                   
    47.5-180.0 180.0   5.0 450.0                            LAT/LON1/LON2/DLON/H
  236  234  231  227  224  218  212  203  195  184  176  168  161  155  148  143
  139  138  139  140  141  140  138  137  138  140  144  148  150  149  145  138
  130  123  121  123  132  144  160  176  193  210  226  240  252  261  268  272
  275  278  280  283  285  285  284  282  278  273  268  262  256  249  242  238
  234  233  233  235  237  238  240  238  236                                   
    45.0-180.0 180.0   5.0 450.0                            LAT/LON1/LON2/DLON/H
  246  245  242  238  236  230  225  216  207  196  185  176  167  158  150  143
  140  140  142  145  146  145  143  142  142  144  148  151  152  150  145  138
  130  124  122  125  133  146  161  179  196  214  230  244  256  265  271  276
  281  285  290  293  296  296  294  291  286  281  274  268  261  254  248  245
  243  244  246  248  250  250  252  250  246                                   
    42.5-180.0 180.0   5.0 450.0                            LAT/LON1/LON2/DLON/H
  258  256  253  248  246  241  236  229  220  208  197  186  175  163  153  146
  142  143  147  150  152  151  149  148  148  150  152  154  153  150  145  139
  132  128  127  130  138  149  164  180  198  216  232  247  258  267  275  281
  287  293  298  302  304  304  302  298  292  286  279  272  264  257  253  251
  252  256  259  263  265  264  266  264  258                                   
    40.0-180.0 180.0   5.0 450.0                            LAT/LON1/LON2/DLON/H
  273  269  265  259  256  250  245  239  231  220  209  198  185  171  158  149
  146  147  151  156  158  158  156  154  154  156  158  158  155  151  146  141
  137  135  135  138  144  154  166  181  199  216  233  248  260  270  278  285
  293  300  306  310  311  311  308  304  299  294  287  279  271  264  260  260
  263  269  275  279  281  281  283  281  273                                   
    37.5-180.0 180.0   5.0 450.0                            LAT/LON1/LON2/DLON/H
  294  288  281  271  266  258  253  246  240  231  221  209  195  179  165  154
  149  150  155  161  164  164  163  162  163  164  165  163  159  154  149  145
  144  143  145  147  152  158  168  181  198  216  233  249  261  272  281  289
  298  306  312  316  318  317  316  314  311  307  301  293  284  277  272  273
  277  285  292  297  300  301  303  303  294                                   
    35.0-180.0 180.0   5.0 450.0                            LAT/LON1/LON2/DLON/H
  321  314  303  290  281  270  261  254  248  239  230  219  205  187  171  158
  152  153  158  164  168  170  170  171  172  174  174  171  166  159  154  151
  151  152  154  156  158  161  168  180  196  215  233  249  262  273  283  292
  301  309  316  320  323  325  327  328  328  327  323  316  307  298  293  293
  297  306  313  318  321  324  326  328  321                                   
    32.5-180.0 180.0   5.0 450.0                            LAT/LON1/LON2/DLON/H
  355  348  334  317  303  288  274  264  257  248  240  229  214  195  177  163
  155  155  160  166  171  175  177  180  184  186  186  182  174  166  160  157
  158  160  162  162  162  162  167  177  193  212  232  249  263  274  284  293
  303  311  318  323  328  334  339  346  351  354  352  346  337  327  321  319
  323  329  336  341  344  349  352  356  355                                   
    30.0-180.0 180.0   5.0 450.0                            LAT/LON1/LON2/DLON/H
  394  389  371  352  335  315  296  282  272  261  251  240  224  204  184  168
  159  156  160  166  173  180  186  192  197  200  199  193  184  175  167  163
  163  164  165  165  162  160  163  172  188  209  230  248  261  272  282  291
  301  309  317  324  333  342  354  366  376  384  386  381  372  362  354  350
  351  356  361  365  368  375  379  385  394                                   
    27.5-180.0 180.0   5.0 450.0                            LAT/LON1/LON2/DLON/H
  434  432  413  394  375  353  329  311  296  282  269  255  237  216  194  176
  164  159  161  167  176  186  196  205  212  215  213  205  195  183  173  167
  164  164  164  162  158  155  156  165  182  203  225  243  257  267  277  286
  295  305  314  324  336  351  368  385  401  413  418  416  408  397  388  382
  381  383  386  389  391  400  405  413  434                                   
    25.0-180.0 180.0   5.0 450.0                            LAT/LON1/LON2/DLON/H
  469  472  454  438  420  398  371  350  330  312  295  277  256  233  209  188
  173  165  164  170  180  194  207  219  226  228  224  215  203  189  176  167
  161  158  156  154  150  148  149  157  174  196  218  236  249  259  269  278
  288  298  310  324  340  360  381  402  422  437  444  445  438  429  419  413
  409  408  409  410  411  421  427  437  469                                   
    22.5-180.0 180.0   5.0 450.0                            LAT/LON1/LON2/DLON/H
  494  502  488  477  463  444  419  396  373  350  328  307  283  257  231  207
  189  177  173  177  189  204  221  233  240  239  232  220  206  191  176  162
  153  147  144  143  140  138  140  148  164  186  208  226  239  249  259  269
  280  293  307  324  344  366  390  413  434  450  460  463  460  453  445  438
  433  430  429  428  427  438  444  454  494                                   
    20.0-180.0 180.0   5.0 450.0                            LAT/LON1/LON2/DLON/H
  508  519  509  506  497  485  464  442  419  394  368  343  316  287  259  233
  211  196  189  191  201  218  234  246  249  244  233  219  203  187  169  153
  141  133  130  129  129  128  130  138  153  174  195  213  226  238  248  260
  274  289  305  325  348  371  394  416  436  452  464  470  471  468  463  459
  453  449  447  444  441  449  455  465  508                                   
    17.5-180.0 180.0   5.0 450.0                            LAT/LON1/LON2/DLON/H
  509  520  516  518  517  512  497  480  459  434  407  379  350  321  291  264
  240  222  211  210  219  233  247  255  253  242  226  210  193  176  158  140
  126  117  115  116  117  118  121  127  141  160  181  199  214  226  239  253
  270  287  307  329  352  374  395  413  430  446  459  469  474  476  476  474
  470  466  463  458  452  457  463  470  509                                   
    15.0-180.0 180.0   5.0 450.0                            LAT/LON1/LON2/DLON/H
  502  511  509  513  518  519  511  501  485  463  437  410  381  352  323  296
  272  252  238  234  239  248  257  258  249  232  211  193  176  160  143  126
  112  103  101  103  106  108  110  116  128  146  166  185  202  217  232  249
  268  289  311  334  357  377  394  409  423  437  451  464  474  481  485  486
  484  481  477  471  463  464  468  474  502                                   
    12.5-180.0 180.0   5.0 450.0                            LAT/LON1/LON2/DLON/H
  492  496  495  498  505  509  505  500  488  471  449  425  399  373  348  324
  301  281  266  258  258  261  261  253  237  213  190  170  155  142  128  113
  100   92   90   93   96   98  100  104  115  132  152  173  191  208  226  245
  267  291  316  340  362  380  395  408  419  432  446  461  474  485  492  496
  496  494  491  485  474  470  473  478  492                                   
    10.0-180.0 180.0   5.0 450.0                            LAT/LON1/LON2/DLON/H
  484  484  481  479  485  487  483  480  472  458  440  420  399  378  358  340
  321  304  289  278  272  267  258  241  217  190  165  146  134  124  114  102
   92   85   84   86   88   89   90   93  103  119  140  162  183  202  221  243
  267  293  319  344  366  384  398  410  422  434  448  463  478  491  500  505
  507  507  504  498  486  479  480  484  484                                   
     7.5-180.0 180.0   5.0 450.0                            LAT/LON1/LON2/DLON/H
  484  479  472  465  466  464  457  450  442  429  413  397  379  364  350  338
  326  314  301  290  278  264  246  222  193  164  140  124  115  109  103   96
