data/edconvlstm_nd/pred3330.15i
     1.0            IONOSPHERE MAPS     GNSS                IONEX VERSION / TYPE
pyspatialgeodesy        IME             05-JAN-18 20:20     PGM / RUN BY / DATE 
Map Name                                                    COMMENT             
Predicted global ionosphere maps (GIM).                     DESCRIPTION         
  2015    11    29     0     0     0                        EPOCH OF FIRST MAP  
  2015    11    30     0     0     0                        EPOCH OF LAST MAP   
  7200                                                      INTERVAL            
    13                                                      # OF MAPS IN FILE   
  NONE                                                      MAPPING FUNCTION    
10.0                                                        ELEVATION CUTOFF    
One-way carrier phase leveled to code                       OBSERVABLES USED    
  6371.0                                                    BASE RADIUS         
 2                                                          MAP DIMENSION       
   450.0 450.0   0.0                                        HGT1 / HGT2 / DHGT  
    87.5 -87.5  -2.5                                        LAT1 / LAT2 / DLAT  
  -180.0 180.0   5.0                                        LON1 / LON2 / DLON  
    -1                                                      EXPONENT            
                                                            END OF HEADER       
[from data line 3432]
     9                                                      START OF TEC MAP    
  2015    11    29    16     0     0                        EPOCH OF CURRENT MAP
    87.5-180.0 180.0   5.0 450.0                            LAT/LON1/LON2/DLON/H
   70   74   72   73   77   75   74   70   70   72   71   72   72   72   72   72
   73   73   73   73   74   74   74   74   74   74   74   75   75   75   75   75
   75   76   76   76   77   77   78   79   79   80   81   83   84   85   86   87
   88   89   90   91   91   92   92   92   92   91   91   90   89   88   86   85
   84   83   78   73   76   73   88   88   70                                   
    85.0-180.0 180.0   5.0 450.0                            LAT/LON1/LON2/DLON/H
   72   70   80   62   62   65   64   64   64   66   65   66   66   66   67   67
   68   68   69   70   70   71   71   72   72   72   73   73   74   74   74   75
   75   75   76   76   77   77   78   79   80   81   82   84   85   87   88   90
   91   92   93   94   94   95   95   95   94   93   92   91   90   88   86   85
   83   80   74   67   68   67   75   74   72                                   
    82.5-180.0 180.0   5.0 450.0                            LAT/LON1/LON2/DLON/H
   54   54   58   49   51   52   54   53   53   54   54   55   54   55   55   56
   56   57   58   59   59   60   61   62   63   63   64   65   65   66   66   66
   67   67   67   67   68   68   69   70   71   72   74   76   78   80   82   85
   87   88   90   91   92   92   92   92   91   90   89   87   85   83   80   78
   76   72   66   60   62   68   63   62   54                                   
    80.0-180.0 180.0   5.0 450.0                            LAT/LON1/LON2/DLON/H
   42   39   48   41   42   40   44   45   46   47   48   49   49   50   51   51
   52   53   54   55   56   57   58   58   59   60   61   61   62   62   62   62
   62   62   61   61   60   60   60   60   61   63   64   67   69   72   75   78
   81   83   85   87   88   89   89   88   88   86   85   83   80   78   75   72
   69   65   60   55   52   55   52   57   42                                   
    77.5-180.0 180.0   5.0 450.0                            LAT/LON1/LON2/DLON/H
   47   40   41   38   41   41   46   48   50   51   52   54   55   56   56   57
   58   59   61   62   63   64   65   66   66   67   67   67   67   67   66   65
   64   63   61   59   57   55   54   53   53   53   55   57   60   63   67   70
   74   77   80   82   84   85   85   85   84   83   82   80   78   75   72   69
   66   62   57   53   49   46   46   52   47                                   
    75.0-180.0 180.0   5.0 450.0                            LAT/LON1/LON2/DLON/H
   42   40   40   40   44   46   50   52   55   58   59   62   63   65   66   68
   70   71   73   74   75   76   77   77   77   77   76   76   75   74   73   71
   69   67   64   61   57   54   51   48   47   46   47   49   52   55   59   63
   67   71   74   76   78   79   80   80   80   79   79   78   77   75   73   70
   67   64   60   54   50   45   41   40   42                                   
    72.5-180.0 180.0   5.0 450.0                            LAT/LON1/LON2/DLON/H
   47   43   42   45   47   50   55   58   61   63   65   68   70   73   75   77
   80   82   84   86   88   89   89   89   88   87   86   84   83   81   79   77
   75   71   67   62   57   52   47   42   39   37   37   38   40   44   48   52
   56   59   62   64   65   66   67   67   67   68   69   69   69   69   68   66
   64   61   58   52   48   44   42   44   47                                   
    70.0-180.0 180.0   5.0 450.0                            LAT/LON1/LON2/DLON/H
   50   47   47   50   52   55   58   62   66   69   72   76   79   82   86   90
   93   97  101  104  106  107  107  107  105  103  101   98   96   94   92   90
   87   83   78   72   65   58   51   45   40   36   35   35   37   40   44   47
   51   54   56   57   57   57   58   58   59   61   63   65   67   68   69   69
   67   65   63   57   53   49   49   50   50                                   
    67.5-180.0 180.0   5.0 450.0                            LAT/LON1/LON2/DLON/H
   53   51   50   54   57   60   63   67   71   74   77   82   86   91   96  101
  106  111  116  120  123  124  125  123  121  118  114  111  109  107  105  102
   99   95   89   82   73   65   56   48   42   37   35   34   36   38   41   44
   46   48   48   48   48   47   47   48   50   52   55   59   62   65   67   69
   68   66   64   59   54   50   49   49   53                                   
    65.0-180.0 180.0   5.0 450.0                            LAT/LON1/LON2/DLON/H
   52   51   50   55   57   60   62   66   69   73   77   83   89   95  101  108
  115  122  128  133  137  138  138  136  133  130  126  123  121  119  118  115
  112  107  101   93   83   74   64   55   48   42   39   37   38   39   41   42
   43   43   42   40   39   38   38   38   41   44   48   52   57   61   64   66
   67   67   66   62   57   54   52   52   52                                   
    62.5-180.0 180.0   5.0 450.0                            LAT/LON1/LON2/DLON/H
   49   49   47   52   55   57   59   61   65   68   73   80   87   95  103  112
  120  128  135  141  145  147  147  145  142  138  135  132  131  130  129  128
  124  119  111  102   92   82   72   62   54   48   44   42   41   41   41   41
   40   38   35   33   30   29   29   30   33   36   41   45   50   54   57   60
   62   62   63   59   55   52   50   50   49                                   
    60.0-180.0 180.0   5.0 450.0                            LAT/LON1/LON2/DLON/H
   44   44   44   49   50   51   52   54   56   60   66   74   82   91  101  111
  121  130  138  144  148  150  150  148  145  142  140  140  140  140  140  139
  135  129  121  111  100   89   79   70   62   56   51   48   45   44   42   39
   36   33   29   26   23   22   23   24   27   30   34   38   42   45   48   51
   53   54   55   53   51   49   48   47   44                                   
    57.5-180.0 180.0   5.0 450.0                            LAT/LON1/LON2/DLON/H
   38   41   41   46   47   48   47   49   51   55   61   69   78   88   99  110
  121  130  139  145  150  152  152  151  149  148  148  149  151  154  154  153
  148  141  132  122  111  100   91   82   74   68   63   58   54   50   46   41
   37   32   27   24   21   21   22   24   26   29   32   35   37   39   41   43
   45   47   50   49   48   47   47   47   38                                   
    55.0-180.0 180.0   5.0 450.0                            LAT/LON1/LON2/DLON/H
   37   41   42   47   47   48   47   47   49   53   59   67   76   87   98  110
  121  131  139  146  151  153  154  154  154  154  157  161  165  168  170  168
  163  154  145  134  123  113  104   96   89   82   76   70   64   58   52   45
   39   34   29   26   24   24   25   27   30   32   34   35   36   36   37   38
   40   43   47   47   48   48   49   49   37                                   
    52.5-180.0 180.0   5.0 450.0                            LAT/LON1/LON2/DLON/H
   41   44   47   51   52   52   51   51   52   56   61   69   78   88  100  111
  122  132  141  148  153  156  158  160  161  164  169  174  180  184  185  182
  176  167  157  147  138  129  121  113  106   99   92   84   76   68   60   53
   46   40   36   33   31   32   34   36   39   40   40   40   38   37   37   38
   40   43   48   50   51   52   53   53   41                                   
    50.0-180.0 180.0   5.0 450.0                            LAT/LON1/LON2/DLON/H
   49   52   55   60   60   61   59   59   60   64   68   75   84   93  104  115
  126  136  145  153  158  163  167  170  174  178  183  189  194  197  197  194
  187  179  170  161  153  145  138  131  123  116  107   98   89   80   71   63
   57   51   47   45   44   45   47   49   51   51   50   47   44   42   41   42
   44   48   54   57   59   60   61   61   49                                   
    47.5-180.0 180.0   5.0 450.0                            LAT/LON1/LON2/DLON/H
   60   62   65   70   69   70   69   70   71   75   80   86   93  102  111  122
  133  143  152  161  168  174  180  185  189  194  199  203  206  206  204  199
  193  186  179  173  168  162  155  148  140  131  122  112  102   92   83   76
   70   66   62   60   60   60   62   63   64   63   60   56   52   49   48   49
   52   56   63   67   69   70   70   69   60                                   
    45.0-180.0 180.0   5.0 450.0                            LAT/LON1/LON2/DLON/H
   71   71   73   78   77   78   78   80   83   89   94  100  106  113  122  132
  142  152  162  172  180  189  196  202  207  210  213  214  212  209  205  199
  194  190  186  184  181  177  170  162  153  143  133  123  113  103   95   89
   84   81   78   77   75   75   75   75   74   72   68   64   60   57   56   58
   61   66   73   77   79   80   79   77   71                                   
    42.5-180.0 180.0   5.0 450.0                            LAT/LON1/LON2/DLON/H
   77   76   76   82   81   82   83   87   93  101  108  115  121  128  135  144
  153  163  174  184  195  205  214  220  223  225  223  219  213  207  200  195
  192  192  192  193  193  189  182  173  162  150  140  130  120  112  105  100
   97   95   92   90   87   86   84   83   81   77   73   68   65   63   63   65
   69   74   80   84   85   85   84   82   77                                   
    40.0-180.0 180.0   5.0 450.0                            LAT/LON1/LON2/DLON/H
   78   75   73   80   79   80   82   90   98  111  121  130  137  143  150  158
  166  176  187  199  211  222  230  236  238  235  230  221  212  202  196  192
  193  196  200  204  204  200  192  180  167  154  143  133  125  117  112  108
  106  104  101   98   94   90   88   85   82   78   73   69   67   66   67   70
   73   77   83   86   86   86   83   82   78                                   
    37.5-180.0 180.0   5.0 450.0                            LAT/LON1/LON2/DLON/H
   72   68   65   72   72   73   77   87  100  116  131  143  152  159  166  173
  181  190  201  213  226  237  245  249  248  243  234  223  211  202  198  198
  202  209  215  219  218  212  201  186  171  156  144  135  126  120  115  112
  110  107  104   99   94   89   85   82   78   74   70   67   66   66   68   71
   74   77   81   83   82   81   77   77   72                                   
    35.0-180.0 180.0   5.0 450.0                            LAT/LON1/LON2/DLON/H
   62   58   55   62   61   62   68   81   98  118  137  153  165  174  182  189
  197  205  215  227  239  249  255  257  254  247  238  228  219  213  213  219
  227  235  241  242  238  228  213  194  176  159  146  136  127  121  116  112
  110  106  101   95   89   84   80   77   74   70   67   64   64   65   67   70
   72   74   77   78   75   73   69   70   62                                   
    32.5-180.0 180.0   5.0 450.0                            LAT/LON1/LON2/DLON/H
   52   48   46   51   51   51   58   73   94  118  141  161  176  188  197  205
  212  220  229  240  251  259  262  261  257  251  245  240  238  240  247  257
  268  276  279  275  265  249  229  207  185  166  151  140  130  123  117  112
  108  103   97   90   83   79   76   74   71   69   66   64   64   65   67   69
   70   71   73   73   69   66   61   64   52                                   
    30.0-180.0 180.0   5.0 450.0                            LAT/LON1/LON2/DLON/H
   45   43   40   44   43   42   50   66   89  115  142  165  184  199  211  220
  227  235  243  252  260  265  265  262  259  257  258  262  270  282  297  313
  326  331  327  316  298  276  251  225  201  180  163  149  138  129  122  115
  109  102   94   87   81   77   76   75   74   72   70   69   68   69   70   71
   71   72   73   71   67   63   58   60   45                                   
    27.5-180.0 180.0   5.0 450.0                            LAT/LON1/LON2/DLON/H
   43   42   39   42   40   39   46   61   84  111  139  165  188  206  221  232
  241  248  255  262  267  268  266  263  263  268  278  294  314  338  361  382
  394  395  383  362  335  307  278  250  224  200  181  165  152  142  132  124
  116  107   98   90   85   83   83   84   84   83   81   79   79   78   78   79
   78   78   78   76   71   65   61   61   43                                   
    25.0-180.0 180.0   5.0 450.0                            LAT/LON1/LON2/DLON/H
   48   46   43   44   43   41   47   60   81  106  135  162  188  210  228  242
  252  259  265  270  272  270  266  265  270  284  306  334  366  400  431  455
  466  460  438  407  373  340  309  280  252  228  206  188  173  161  150  140
  130  119  109  102   98   97   99  100   99   98   97   95   94   93   92   91
   90   90   89   86   81   74   68   65   48                                   
    22.5-180.0 180.0   5.0 450.0                            LAT/LON1/LON2/DLON/H
   59   54   49   49   49   48   53   63   81  104  130  158  185  210  231  249
  261  269  275  277  276  273  270  272  284  306  338  377  418  460  496  520
  527  513  483  444  405  370  339  311  284  259  236  216  200  186  174  163
  151  140  129  122  119  119  120  120  119  116  114  113  112  110  108  107
  105  105  104  100   95   86   78   72   59                                   
    20.0-180.0 180.0   5.0 450.0                            LAT/LON1/LON2/DLON/H
   71   63   57   57   57   57   62   70   85  105  128  154  182  209  233  254
  268  278  283  284  282  279  278  285  304  334  373  418  465  509  545  565
  565  544  507  465  426  393  366  341  316  291  268  247  230  216  203  191
  178  166  155  148  145  144  144  142  137  133  130  129  127  125  123  122
  119  119  117  113  108   97   87   79   71                                   
    17.5-180.0 180.0   5.0 450.0                            LAT/LON1/LON2/DLON/H
   82   71   63   63   65   66   72   80   93  109  130  154  181  210  236  259
  276  287  292  293  291  289  293  306  330  365  408  455  501  541  569  581
  574  548  510  470  435  408  387  366  345  321  298  277  260  245  232  219
  206  193  181  174  170  168  165  159  151  144  140  138  137  135  134  132
  130  130  126  122  116  104   91   84   82                                   
    15.0-180.0 180.0   5.0 450.0                            LAT/LON1/LON2/DLON/H
   87   74   66   66   69   73   82   90  103  119  137  160  187  215  243  267
  285  298  304  305  304  306  314  333  362  400  442  484  521  550  567  570
  556  530  496  463  436  417  402  387  369  348  326  305  287  271  257  243
  228  214  203  195  190  186  180  170  159  149  143  141  140  140  139  138
  135  134  129  123  117  104   90   85   87                                   
    12.5-180.0 180.0   5.0 450.0                            LAT/LON1/LON2/DLON/H
   84   72   64   66   70   76   89  100  115  132  151  174  200  227  255  279
  299  313  320  322  323  328  342  366  398  434  470  502  526  541  545  539
  523  500  474  451  435  423  415  404  390  370  349  328  309  291  275  259
  243  228  216  208  202  196  188  176  162  150  143  140  140  140  140  139
  136  134  126  119  111   98   84   82   84                                   
    10.0-180.0 180.0   5.0 450.0                            LAT/LON1/LON2/DLON/H
   77   66   59   63   68   78   95  110  129  149  170  194  219  246  273  297
  317  332  340  344  347  356  375  403  435  467  493  510  518  519  514  503
  488  471  456  445  437  433  429  421  408  390  368  346  324  304  285  266
  249  234  222  214  208  202  192  179  164  151  142  139  138  139  139  138
  134  130  120  111  103   89   75   75   77                                   
     7.5-180.0 180.0   5.0 450.0                            LAT/LON1/LON2/DLON/H
   67   59   53   59   67   79  101  121  144  168  192  217  243  269  295  319
  339  355  365  370  376  388  411  440  471  494  507  509  504  495  484  473
