data/edconvlstm_nd/pred2640.15i
     1.0            IONOSPHERE MAPS     GNSS                IONEX VERSION / TYPE
pyspatialgeodesy        IME             05-JAN-18 20:20     PGM / RUN BY / DATE 
Map Name                                                    COMMENT             
Predicted global ionosphere maps (GIM).                     DESCRIPTION         
  2015     9    21     0     0     0                        EPOCH OF FIRST MAP  
  2015     9    22     0     0     0                        EPOCH OF LAST MAP   
  7200                                                      INTERVAL            
    13                                                      # OF MAPS IN FILE   
  NONE                                                      MAPPING FUNCTION    
10.0                                                        ELEVATION CUTOFF    
One-way carrier phase leveled to code                       OBSERVABLES USED    
  6371.0                                                    BASE RADIUS         
 2                                                          MAP DIMENSION       
   450.0 450.0   0.0                                        HGT1 / HGT2 / DHGT  
    87.5 -87.5  -2.5                                        LAT1 / LAT2 / DLAT  
  -180.0 180.0   5.0                                        LON1 / LON2 / DLON  
    -1                                                      EXPONENT            
                                                            END OF HEADER       
     1                                                      START OF TEC MAP    
  2015     9    21     0     0     0                        EPOCH OF CURRENT MAP
    87.5-180.0 180.0   5.0 450.0                            LAT/LON1/LON2/DLON/H
   93   90   87   80   77   80   77   76   76   76   77   77   78   78   78   78
   77   77   76   75   74   74   72   71   70   69   68   67   66   65   64   63
   62   61   61   61   60   60   60   60   61   61   62   63   63   64   65   66
   67   68   69   70   71   72   72   73   73   74   74   74   75   74   75   75
   75   75   74   75   70   80   90   90   93                                   
    85.0-180.0 180.0   5.0 450.0                            LAT/LON1/LON2/DLON/H
   91   94   76   81   81   87   83   81   82   81   82   82   83   83   83   82
   82   81   80   78   77   75   74   72   70   69   67   65   64   62   61   60
   59   58   58   57   57   58   58   59   60   61   62   63   65   67   68   70
   72   73   75   77   78   79   81   82   82   83   84   84   85   85   85   85
   85   85   85   88   87   95  104   99   91                                   
    82.5-180.0 180.0   5.0 450.0                            LAT/LON1/LON2/DLON/H
   87   80   91   87   85   92   88   87   90   89   90   92   92   93   92   92
   91   89   87   85   83   80   77   74   70   67   64   61   59   56   54   52
   51   50   49   49   49   49   50   51   53   55   57   60   62   65   68   71
   73   76   79   81   83   85   87   89   90   91   92   93   93   93   94   94
   94   92   91   89   93   85   93   96   87                                   
    80.0-180.0 180.0   5.0 450.0                            LAT/LON1/LON2/DLON/H
   98   87   87   83   84   86   87   88   91   92   94   97   98   99   99   99
   97   95   93   89   85   81   77   72   68   64   60   56   52   50   47   45
   43   42   41   41   41   41   42   43   45   47   49   52   56   59   63   66
   69   73   76   78   81   83   86   87   89   91   92   93   93   94   94   94
   94   91   90   87  101   92  101  110   98                                   
    77.5-180.0 180.0   5.0 450.0                            LAT/LON1/LON2/DLON/H
  106   94   86   90   84   87   88   92   97   98  102  106  109  110  111  110
  109  106  103   98   93   88   82   76   71   66   61   57   53   50   47   45
   43   42   41   40   39   39   40   41   42   45   47   51   54   58   62   65
   69   72   75   78   80   83   85   87   89   91   92   94   95   95   96   96
   95   96   93   93   98   99  101  116  106                                   
    75.0-180.0 180.0   5.0 450.0                            LAT/LON1/LON2/DLON/H
  111   93   91   95   87   90   89   92   99  101  105  109  112  114  115  114
  112  109  105   99   93   87   81   75   69   63   59   55   51   48   46   45
   43   42   41   40   39   39   38   39   40   42   45   48   52   55   59   62
   65   68   70   72   74   77   79   81   84   86   88   90   92   94   95   95
   94   95   95   90   96  104  103  115  111                                   
    72.5-180.0 180.0   5.0 450.0                            LAT/LON1/LON2/DLON/H
  106   94   94   95   88   88   87   92   99  101  106  111  114  116  117  115
  113  109  103   97   91   84   77   70   64   59   55   52   49   48   46   45
   45   43   42   40   39   37   36   35   36   37   38   41   44   47   50   52
   55   57   58   60   61   64   66   69   72   76   79   82   85   88   90   92
   91   92   96   93   96  103  107  121  106                                   
    70.0-180.0 180.0   5.0 450.0                            LAT/LON1/LON2/DLON/H
  111   99   99  102   94   93   92   96  102  105  110  114  117  119  118  116
  113  108  102   95   88   80   73   66   60   55   52   49   48   47   47   47
   47   46   44   42   40   38   36   34   34   35   36   38   41   44   46   48
   50   50   51   52   53   55   58   62   66   71   76   80   84   87   91   94
   94   94   99   99  101  109  112  124  111                                   
    67.5-180.0 180.0   5.0 450.0                            LAT/LON1/LON2/DLON/H
  115  107  106  107   97   95   92   95  101  103  108  112  115  116  115  112
  108  102   96   89   81   73   65   58   52   47   44   42   42   42   43   43
   43   42   41   39   36   33   30   28   27   28   29   31   34   36   38   39
   39   39   39   39   40   43   46   51   56   62   69   75   80   84   88   92
   92   93   98  100  104  112  115  128  115                                   
    65.0-180.0 180.0   5.0 450.0                            LAT/LON1/LON2/DLON/H
  120  111  111  111  100   96   93   95  100  102  106  111  113  114  112  110
  105   99   92   85   77   68   60   52   46   42   39   38   37   38   39   39
   39   38   37   34   31   28   25   23   23   23   25   27   30   32   33   34
   34   33   32   31   32   34   38   44   51   58   66   73   79   84   89   92
   93   95  100  101  107  115  120  133  120                                   
    62.5-180.0 180.0   5.0 450.0                            LAT/LON1/LON2/DLON/H
  127  118  117  117  105   99   94   96  100  101  105  109  112  112  111  109
  105   99   93   85   77   68   59   51   44   40   37   35   35   35   36   36
   36   35   33   31   28   25   23   21   21   22   25   27   30   32   33   33
   32   30   29   28   29   31   36   42   50   59   67   75   82   88   93   96
   97   98  104  105  110  120  124  138  127                                   
    60.0-180.0 180.0   5.0 450.0                            LAT/LON1/LON2/DLON/H
  132  124  124  122  109  101   95   95   98   98  101  105  108  109  109  108
  105  100   94   86   78   68   59   51   44   40   37   35   35   34   34   34
   33   32   30   29   27   25   23   22   23   24   27   30   33   34   35   34
   32   30   29   28   29   32   36   43   52   61   70   78   86   92   97  101
  101  102  108  108  113  122  127  142  132                                   
    57.5-180.0 180.0   5.0 450.0                            LAT/LON1/LON2/DLON/H
  138  131  131  129  115  105   97   95   97   95   97  100  103  105  106  106
  104  101   95   88   79   70   61   53   46   42   39   38   37   36   35   33
   32   31   30   30   29   28   27   27   28   30   33   36   38   39   39   38
   35   33   31   30   32   35   40   47   56   65   74   83   90   96  102  105
  106  107  112  113  117  126  131  146  138                                   
    55.0-180.0 180.0   5.0 450.0                            LAT/LON1/LON2/DLON/H
  145  139  140  137  123  112  103   99   98   94   93   95   97   99  101  102
  101   99   94   87   79   70   62   55   50   47   44   43   41   40   38   36
   35   34   34   35   35   36   36   37   38   40   42   44   46   46   45   43
   41   38   36   36   37   41   47   54   63   72   80   88   94  100  106  110
  111  113  118  119  123  131  135  152  145                                   
    52.5-180.0 180.0   5.0 450.0                            LAT/LON1/LON2/DLON/H
  153  149  149  147  134  122  112  106  102   96   92   91   91   92   94   96
   96   94   89   84   77   70   64   59   55   53   52   50   49   47   45   43
   41   41   42   44   47   49   50   51   52   53   54   55   55   55   53   50
   48   46   44   44   46   51   57   65   73   80   87   93   98  104  109  114
  116  118  124  125  130  137  142  159  153                                   
    50.0-180.0 180.0   5.0 450.0                            LAT/LON1/LON2/DLON/H
  160  159  159  158  146  136  125  118  111  102   95   91   89   88   89   89
   89   87   83   79   74   70   66   64   62   61   61   60   58   56   54   52
   51   51   54   57   61   64   66   68   68   68   68   67   66   64   62   60
   57   56   55   56   59   64   70   78   85   90   95  100  104  108  113  118
  121  124  130  132  138  144  149  167  160                                   
    47.5-180.0 180.0   5.0 450.0                            LAT/LON1/LON2/DLON/H
  166  167  167  168  158  149  140  132  123  111  102   95   90   87   86   85
   84   81   78   75   73   71   71   71   71   71   71   69   68   66   63   62
   61   63   66   71   76   80   83   83   83   82   80   78   76   74   72   70
   69   68   68   70   74   79   86   92   98  102  105  108  110  114  118  123
  126  129  136  137  144  151  157  175  166                                   
    45.0-180.0 180.0   5.0 450.0                            LAT/LON1/LON2/DLON/H
  168  171  172  175  167  161  154  146  137  124  113  104   96   91   88   85
   82   79   76   74   74   75   77   79   80   81   80   78   76   74   72   70
   70   73   77   82   88   92   95   96   94   92   90   88   86   84   83   81
   81   81   82   85   89   95  101  106  110  113  115  117  119  121  125  129
  131  135  141  142  149  157  164  182  168                                   
    42.5-180.0 180.0   5.0 450.0                            LAT/LON1/LON2/DLON/H
  167  171  174  178  173  168  164  157  149  137  125  115  107  100   95   90
   86   82   79   78   80   83   86   89   90   89   87   84   81   78   76   75
   76   79   83   89   95  100  102  103  101  100   98   96   94   93   92   92
   92   92   94   97  101  106  112  117  121  124  125  127  128  130  133  136
  137  140  145  146  152  160  169  188  167                                   
    40.0-180.0 180.0   5.0 450.0                            LAT/LON1/LON2/DLON/H
  166  169  172  178  174  171  168  163  158  147  138  129  120  112  106  100
   95   90   87   87   89   93   97   99   98   95   91   86   81   78   76   76
   78   81   86   91   97  102  104  105  104  103  102  101  100  100  100   99
   99  100  101  104  108  114  120  125  129  132  135  137  140  142  144  145
  145  146  151  151  155  163  173  193  166                                   
    37.5-180.0 180.0   5.0 450.0                            LAT/LON1/LON2/DLON/H
  166  167  172  177  173  170  166  164  161  154  148  141  134  127  120  114
  108  103  100  100  102  105  107  107  103   98   91   84   79   75   74   75
   77   81   85   91   96  101  104  105  105  104  104  104  104  105  104  104
  103  102  103  105  110  116  123  130  136  140  143  147  151  154  156  157
  155  155  159  158  160  168  177  199  166                                   
    35.0-180.0 180.0   5.0 450.0                            LAT/LON1/LON2/DLON/H
  173  172  176  179  174  169  163  161  160  156  154  151  146  141  135  129
  123  118  115  114  115  116  115  111  104   96   88   81   75   72   72   73
   76   80   85   90   95   99  102  104  105  105  106  107  107  107  106  105
  103  101  100  102  107  115  124  133  140  145  150  156  161  166  169  170
  167  166  169  168  169  176  186  208  173                                   
    32.5-180.0 180.0   5.0 450.0                            LAT/LON1/LON2/DLON/H
  190  187  190  189  182  173  164  160  160  158  158  157  155  151  147  142
  137  132  128  125  123  121  116  109  100   92   84   78   74   72   72   74
   78   82   86   91   96  100  103  105  106  107  108  109  109  108  106  103
   99   95   94   96  102  112  123  134  142  149  155  162  170  176  181  183
  181  180  184  182  184  191  202  224  190                                   
    30.0-180.0 180.0   5.0 450.0                            LAT/LON1/LON2/DLON/H
  219  217  216  212  203  190  176  168  165  163  163  163  162  159  156  152
  147  142  136  130  125  118  111  102   94   86   81   77   76   76   77   80
   84   88   92   96  100  104  107  109  110  111  111  111  110  108  104   99
   93   88   86   88   95  107  120  132  142  150  157  166  175  185  192  197
  197  197  202  201  205  213  227  247  219                                   
    27.5-180.0 180.0   5.0 450.0                            LAT/LON1/LON2/DLON/H
  260  261  256  249  239  222  202  189  183  177  175  173  170  166  163  159
  154  146  137  128  119  110  102   94   87   83   82   82   83   84   86   89
   93   97  101  105  108  111  114  116  117  117  116  114  111  107  101   94
   86   79   76   78   86   99  115  129  140  149  158  168  180  192  203  211
  214  217  223  223  231  243  259  278  260                                   
    25.0-180.0 180.0   5.0 450.0                            LAT/LON1/LON2/DLON/H
  308  315  307  300  290  270  247  228  216  205  197  191  184  178  172  167
  159  148  135  122  111  101   94   88   85   85   87   91   94   97   99  102
  105  109  112  115  118  121  123  125  125  123  121  118  113  107   99   89
   80   72   67   69   77   92  109  126  139  150  160  171  184  199  213  225
  232  239  247  250  262  277  297  315  308                                   
    22.5-180.0 180.0   5.0 450.0                            LAT/LON1/LON2/DLON/H
  358  371  366  361  353  334  309  284  265  248  234  221  209  199  190  181
  169  154  137  120  107   98   92   90   90   93   99  105  109  111  112  114
  116  119  123  126  129  131  133  133  132  130  127  122  115  107   97   86
   76   67   62   62   70   86  105  124  140  153  165  177  192  208  225  241
  252  263  273  279  295  312  337  353  358                                   
    20.0-180.0 180.0   5.0 450.0                            LAT/LON1/LON2/DLON/H
  401  421  423  425  423  408  384  357  332  307  286  267  248  233  219  206
  189  168  146  126  112  104  101  101  104  110  116  121  124  125  124  124
  126  129  133  136  139  140  141  140  139  136  132  126  119  109   97   86
   74   65   59   59   67   82  103  125  144  160  173  187  203  221  241  259
  274  287  299  309  327  346  374  389  401                                   
    17.5-180.0 180.0   5.0 450.0                            LAT/LON1/LON2/DLON/H
  431  456  470  481  487  482  465  439  411  381  353  327  303  282  263  244
  221  194  167  145  130  124  124  126  129  134  137  139  139  136  134  133
  134  138  142  145  147  147  147  146  144  142  138  131  123  112   99   87
   75   65   58   58   65   80  102  127  149  168  184  200  217  237  259  279
  296  311  325  338  357  374  405  419  431                                   
    15.0-180.0 180.0   5.0 450.0                            LAT/LON1/LON2/DLON/H
  445  474  498  520  535  541  535  516  490  460  430  400  372  346  323  297
  268  234  202  178  164  160  161  164  165  164  161  157  151  146  142  142
  144  148  152  153  153  152  151  150  148  146  142  136  127  114  101   87
   75   65   58   57   63   78  101  128  153  175  194  212  232  254  278  300
  319  335  350  364  381  397  428  442  445                                   
    12.5-180.0 180.0   5.0 450.0                            LAT/LON1/LON2/DLON/H
  447  477  508  537  559  575  580  572  554  529  502  474  447  421  394  365
  330  291  256  230  217  213  214  212  206  196  184  173  162  156  153  153
  156  160  162  161  159  156  154  152  151  149  146  139  129  116  101   87
   75   65   57   55   60   75   97  125  152  177  200  222  245  270  296  320
  340  357  372  387  401  413  443  457  447                                   
    10.0-180.0 180.0   5.0 450.0                            LAT/LON1/LON2/DLON/H
  444  473  506  537  562  583  595  597  589  574  555  536  516  494  469  439
  403  363  326  300  287  281  276  266  248  226  205  187  174  167  166  168
  171  173  172  169  165  161  158  155  153  150  146  138  128  114   99   84
   72   62   55   51   56   69   91  119  147  175  200  227  254  284  312  338
  359  376  392  406  417  425  453  468  444                                   
     7.5-180.0 180.0   5.0 450.0                            LAT/LON1/LON2/DLON/H
  444  471  500  528  552  573  588  596  596  590  582  573  563  550  533  508
  477  440  407  381  365  353  337  313  282  249  220  199  187  183  184  187
