data/edconvlstm_nd/pred3010.15i
     1.0            IONOSPHERE MAPS     GNSS                IONEX VERSION / TYPE
pyspatialgeodesy        IME             05-JAN-18 20:20     PGM / RUN BY / DATE 
Map Name                                                    COMMENT             
Predicted global ionosphere maps (GIM).                     DESCRIPTION         
  2015    10    28     0     0     0                        EPOCH OF FIRST MAP  
  2015    10    29     0     0     0                        EPOCH OF LAST MAP   
  7200                                                      INTERVAL            
    13                                                      # OF MAPS IN FILE   
  NONE                                                      MAPPING FUNCTION    
10.0                                                        ELEVATION CUTOFF    
One-way carrier phase leveled to code                       OBSERVABLES USED    
  6371.0                                                    BASE RADIUS         
 2                                                          MAP DIMENSION       
   450.0 450.0   0.0                                        HGT1 / HGT2 / DHGT  
    87.5 -87.5  -2.5                                        LAT1 / LAT2 / DLAT  
  -180.0 180.0   5.0                                        LON1 / LON2 / DLON  
    -1                                                      EXPONENT            
                                                            END OF HEADER       
     1                                                      START OF TEC MAP    
  2015    10    28     0     0     0                        EPOCH OF CURRENT MAP
    87.5-180.0 180.0   5.0 450.0                            LAT/LON1/LON2/DLON/H
  109  104  100   92   94   99   96   95   96   96   97   98   98   98   98   97
   97   96   95   93   92   90   88   87   85   83   82   80   78   77   75   74
   73   72   70   70   69   68   67   67   67   66   66   66   67   67   67   68
   68   68   69   69   70   70   71   71   72   72   73   73   74   74   75   76
   77   77   78   79   75   87   91   88  109                                   
    85.0-180.0 180.0   5.0 450.0                            LAT/LON1/LON2/DLON/H
  109  111   90   93   99  106  102  100  101  100  100  100  100   99   98   97
   96   95   93   91   90   88   86   84   82   80   79   77   76   74   73   73
   72   71   71   71   71   71   71   72   72   73   73   74   74   75   76   76
   77   78   78   79   79   79   80   80   81   81   81   82   82   83   83   84
   85   86   88   93   95  101  108  102  109                                   
    82.5-180.0 180.0   5.0 450.0                            LAT/LON1/LON2/DLON/H
  112  100  106  104  108  115  110  107  108  107  106  106  105  103  102  100
   97   95   92   89   86   83   80   77   74   72   69   67   65   64   63   62
   62   62   62   63   64   64   65   67   68   69   70   72   73   74   76   77
   78   79   80   81   81   82   83   84   84   85   86   86   87   88   89   91
   92   92   94   94  101   95  102  106  112                                   
    80.0-180.0 180.0   5.0 450.0                            LAT/LON1/LON2/DLON/H
  132  120  117  111  120  122  119  116  116  114  113  111  109  106  103  100
   96   93   89   85   81   76   72   69   66   63   60   58   57   56   55   55
   55   55   56   56   57   58   59   60   62   63   64   66   67   68   70   71
   72   73   74   75   76   77   79   80   81   83   84   86   87   89   91   94
   96   96   99   98  116  110  121  132  132                                   
    77.5-180.0 180.0   5.0 450.0                            LAT/LON1/LON2/DLON/H
  153  145  132  134  136  137  134  133  133  129  126  124  120  116  111  106
  101   96   91   86   81   76   71   67   63   60   57   55   54   53   53   53
   53   54   54   55   56   56   57   58   58   59   60   61   62   63   64   65
   66   68   69   70   71   73   74   76   78   81   83   86   88   91   95   99
  102  107  109  112  124  129  135  153  153                                   
    75.0-180.0 180.0   5.0 450.0                            LAT/LON1/LON2/DLON/H
  170  161  155  155  155  155  149  147  146  140  136  132  126  120  113  107
  100   94   88   83   77   72   67   62   58   55   53   52   51   51   52   52
   53   54   55   55   55   55   54   54   54   54   54   54   54   55   55   56
   57   58   59   60   61   63   65   67   70   73   77   80   84   89   94   99
  103  110  116  117  130  145  150  164  170                                   
    72.5-180.0 180.0   5.0 450.0                            LAT/LON1/LON2/DLON/H
  174  176  173  170  169  166  161  159  157  150  144  137  129  121  113  104
   97   90   84   78   72   67   63   59   56   53   52   51   51   52   53   54
   55   55   55   54   53   52   50   49   47   46   45   44   43   43   43   43
   44   44   45   46   47   49   52   55   59   63   68   73   78   84   90   97
  103  111  121  126  138  152  162  181  174                                   
    70.0-180.0 180.0   5.0 450.0                            LAT/LON1/LON2/DLON/H
  187  192  189  189  185  182  176  172  170  161  153  145  134  123  113  103
   94   86   79   74   69   64   60   57   54   53   52   52   53   55   56   57
   57   57   56   55   53   50   48   46   44   42   41   40   40   40   40   40
   41   41   41   42   44   46   49   52   57   63   69   75   82   88   96  104
  111  119  131  139  150  166  173  191  187                                   
    67.5-180.0 180.0   5.0 450.0                            LAT/LON1/LON2/DLON/H
  195  204  201  199  194  189  181  177  174  165  156  146  134  121  109   97
   87   79   73   68   63   60   56   53   51   50   50   50   51   53   54   54
   54   53   51   48   45   42   39   37   35   34   33   33   33   34   34   35
   35   35   35   36   36   38   42   46   52   58   66   74   82   90   98  107
  115  123  136  145  158  172  179  198  195                                   
    65.0-180.0 180.0   5.0 450.0                            LAT/LON1/LON2/DLON/H
  201  209  206  203  198  192  183  180  177  168  159  149  136  122  109   96
   86   78   72   67   63   59   56   53   51   49   48   49   49   50   51   50
   49   46   43   40   37   34   32   31   30   30   30   31   32   33   33   34
   34   34   33   33   34   35   38   43   50   58   66   76   85   94  104  114
  121  130  143  152  165  178  186  205  201                                   
    62.5-180.0 180.0   5.0 450.0                            LAT/LON1/LON2/DLON/H
  205  213  210  206  200  193  184  181  178  171  163  153  141  127  113  101
   91   83   77   72   68   63   59   55   52   49   48   47   48   48   47   46
   43   40   36   33   30   29   28   28   29   30   32   33   35   36   37   37
   36   35   34   33   33   35   38   43   51   60   70   81   92  102  113  123
  130  139  151  159  171  183  189  208  205                                   
    60.0-180.0 180.0   5.0 450.0                            LAT/LON1/LON2/DLON/H
  208  216  214  207  201  192  182  180  178  172  165  157  145  132  120  109
  100   92   86   81   75   69   62   57   52   48   46   45   45   45   43   41
   38   34   31   28   27   26   27   29   32   35   37   40   41   42   43   42
   41   39   37   35   34   36   39   46   54   64   76   88   99  111  123  133
  141  149  161  167  177  185  192  210  208                                   
    57.5-180.0 180.0   5.0 450.0                            LAT/LON1/LON2/DLON/H
  215  223  220  211  204  195  184  180  179  173  167  160  150  139  128  119
  111  104   98   91   82   73   65   57   51   47   45   44   44   43   42   39
   35   31   29   27   28   29   32   35   39   43   46   49   51   51   51   49
   47   44   41   39   38   40   45   52   61   72   84   96  109  121  134  146
  153  161  172  178  186  191  196  215  215                                   
    55.0-180.0 180.0   5.0 450.0                            LAT/LON1/LON2/DLON/H
  226  234  229  219  212  201  190  185  181  175  169  162  154  145  137  130
  124  117  109   99   88   77   67   58   52   47   46   46   46   45   43   40
   36   33   31   32   34   37   41   46   51   55   59   61   62   62   61   58
   55   51   48   46   46   49   54   62   72   83   94  106  119  132  145  158
  167  175  185  190  197  199  204  222  226                                   
    52.5-180.0 180.0   5.0 450.0                            LAT/LON1/LON2/DLON/H
  242  250  242  233  227  214  201  193  188  180  172  165  158  151  145  140
  134  127  117  105   93   80   69   61   55   51   50   51   51   51   49   45
   42   39   38   40   44   49   54   59   64   68   72   74   75   74   71   68
   65   62   59   58   59   62   68   76   86   96  106  117  129  141  155  169
  179  188  199  202  208  211  216  234  242                                   
    50.0-180.0 180.0   5.0 450.0                            LAT/LON1/LON2/DLON/H
  259  268  259  252  246  233  219  208  199  188  178  170  162  156  152  147
  141  133  122  109   95   83   73   66   61   58   58   59   60   59   57   53
   49   47   48   52   57   63   69   73   78   81   84   86   87   86   83   81
   78   76   74   73   75   79   86   95  104  113  121  130  140  151  166  180
  191  201  211  214  220  224  229  247  259                                   
    47.5-180.0 180.0   5.0 450.0                            LAT/LON1/LON2/DLON/H
  272  283  275  271  267  254  241  227  215  200  187  177  168  162  158  153
  145  135  123  110   97   87   79   73   70   69   69   70   70   68   65   60
   57   56   58   63   69   76   81   85   88   91   94   96   97   97   95   93
   92   90   90   90   93   98  105  114  123  131  138  144  152  162  175  189
  200  210  219  222  229  235  241  257  272                                   
    45.0-180.0 180.0   5.0 450.0                            LAT/LON1/LON2/DLON/H
  278  290  285  285  283  273  261  248  234  217  201  188  178  170  164  157
  147  135  122  110  100   93   88   84   82   81   80   80   78   74   69   64
   61   61   64   71   78   85   90   93   95   98  101  103  105  105  105  104
  104  104  105  106  109  115  123  132  141  149  154  159  165  173  184  197
  206  215  223  225  233  240  247  263  278                                   
    42.5-180.0 180.0   5.0 450.0                            LAT/LON1/LON2/DLON/H
  275  286  283  288  288  282  274  264  251  233  217  203  191  181  172  162
  150  136  123  113  107  103  101   99   96   93   90   86   81   75   69   63
   61   62   67   75   83   90   94   96   98  101  104  107  110  111  112  113
  114  115  117  118  122  128  136  146  156  163  168  172  176  183  192  202
  209  216  223  224  231  238  246  262  275                                   
    40.0-180.0 180.0   5.0 450.0                            LAT/LON1/LON2/DLON/H
  265  273  271  278  282  279  275  270  261  247  232  218  206  195  183  170
  155  140  129  121  118  118  117  114  109  102   95   86   78   71   64   60
   59   62   69   78   86   92   96   98   99  102  106  110  113  115  117  118
  120  122  123  125  128  134  143  154  164  172  177  182  186  192  200  207
  212  216  222  222  227  233  243  259  265                                   
    37.5-180.0 180.0   5.0 450.0                            LAT/LON1/LON2/DLON/H
  254  258  256  261  268  267  265  265  262  253  243  232  221  209  195  180
  163  149  139  134  134  133  131  125  116  105   93   82   73   65   60   58
   59   65   73   81   89   94   97   99  101  104  108  112  115  118  119  120
  121  122  122  124  127  133  142  154  165  175  182  188  194  201  208  214
  217  220  224  225  227  232  243  262  254                                   
    35.0-180.0 180.0   5.0 450.0                            LAT/LON1/LON2/DLON/H
  252  253  249  249  254  253  251  253  255  252  247  241  233  222  208  192
  175  162  154  151  150  147  141  130  117  103   89   78   70   64   61   62
   66   73   81   88   94   99  101  102  104  107  110  114  117  118  118  118
  117  116  115  115  118  124  135  148  161  173  183  192  201  210  219  226
  228  231  236  236  238  243  256  277  252                                   
    32.5-180.0 180.0   5.0 450.0                            LAT/LON1/LON2/DLON/H
  270  270  261  252  252  246  241  243  248  248  248  245  240  231  218  203
  189  177  170  166  162  155  143  128  112   99   87   80   74   72   72   76
   82   89   95  101  104  106  107  108  109  112  114  116  117  117  115  112
  109  105  102  101  104  112  123  138  153  168  181  194  207  221  233  243
  247  252  259  261  265  271  286  309  270                                   
    30.0-180.0 180.0   5.0 450.0                            LAT/LON1/LON2/DLON/H
  316  316  299  279  270  258  246  244  246  246  247  246  243  236  225  213
  201  191  184  177  168  154  137  121  108   99   94   91   90   91   94  101
  107  113  117  119  119  119  118  117  117  118  119  119  117  114  110  104
   98   92   88   87   90   99  112  128  146  163  179  196  213  232  250  265
  274  283  294  298  307  317  334  358  316                                   
    27.5-180.0 180.0   5.0 450.0                            LAT/LON1/LON2/DLON/H
  390  393  365  334  317  295  274  262  257  252  249  247  244  238  229  219
  210  201  192  180  164  145  127  115  109  109  111  115  118  123  129  137
  143  147  146  143  138  134  130  128  126  124  122  120  116  111  104   97
   89   82   77   76   81   91  106  124  142  161  179  199  220  244  268  290
  307  322  337  346  362  378  395  421  390                                   
    25.0-180.0 180.0   5.0 450.0                            LAT/LON1/LON2/DLON/H
  485  494  460  420  395  362  327  302  284  270  260  253  247  240  232  223
  215  206  193  175  153  132  119  115  120  131  143  154  162  168  174  180
  183  182  176  166  156  148  142  137  133  129  125  120  115  108  101   93
   84   77   72   72   78   90  107  126  145  165  184  205  229  258  288  317
  343  365  386  399  424  448  466  493  485                                   
    22.5-180.0 180.0   5.0 450.0                            LAT/LON1/LON2/DLON/H
  583  602  573  533  500  457  408  365  331  304  283  268  255  245  235  226
  217  205  187  164  141  124  119  128  146  169  189  204  213  218  220  221
  218  211  199  184  169  157  148  142  136  130  125  120  114  107  100   92
   83   76   72   73   80   94  112  133  154  174  194  216  242  274  309  345
  378  408  433  451  484  517  539  564  583                                   
    20.0-180.0 180.0   5.0 450.0                            LAT/LON1/LON2/DLON/H
  664  695  683  653  617  570  509  450  398  355  320  294  274  257  244  232
  219  203  181  156  135  126  134  157  189  221  245  259  264  262  257  250
  240  227  209  189  171  158  149  142  135  129  124  118  113  107  100   93
   85   78   75   76   85  101  121  143  164  185  206  229  257  291  330  371
  410  444  472  495  533  572  600  625  664                                   
    17.5-180.0 180.0   5.0 450.0                            LAT/LON1/LON2/DLON/H
  711  756  761  749  719  677  615  546  479  420  371  333  303  280  261  244
  226  205  181  158  143  146  168  205  246  280  301  308  302  289  274  259
  244  225  203  181  163  151  144  139  133  127  122  117  113  108  102   95
   88   82   79   81   91  108  129  153  175  197  219  243  273  309  350  393
  435  471  500  526  565  604  636  662  711                                   
    15.0-180.0 180.0   5.0 450.0                            LAT/LON1/LON2/DLON/H
  720  773  791  796  780  753  702  634  561  491  431  382  344  314  288  264
  241  217  193  175  170  186  222  268  311  338  346  338  317  292  268  246
  226  205  182  162  148  141  138  135  131  126  122  118  114  110  104   98
   92   86   84   87   98  115  137  161  184  207  229  255  286  323  364  408
  450  486  515  541  576  608  643  669  720                                   
    12.5-180.0 180.0   5.0 450.0                            LAT/LON1/LON2/DLON/H
  696  748  772  790  793  785  751  696  627  556  491  437  394  357  325  295
  268  242  221  210  217  246  291  338  371  381  368  340  304  269  238  214
  193  173  156  142  135  134  135  135  132  128  124  120  116  112  106  100
   95   91   89   92  102  119  141  165  189  212  235  262  294  332  374  416
  457  491  518  541  568  593  625  650  696                                   
    10.0-180.0 180.0   5.0 450.0                            LAT/LON1/LON2/DLON/H
  652  694  718  743  762  773  759  721  665  602  541  489  445  406  370  336
  306  281  264  262  280  318  365  402  414  398  360  312  265  225  195  174
  159  147  136  130  130  134  138  140  138  133  128  123  119  114  108  103
   98   94   92   94  103  119  140  165  189  211  235  263  297  336  377  419
  457  489  513  532  551  567  594  618  652                                   
     7.5-180.0 180.0   5.0 450.0                            LAT/LON1/LON2/DLON/H
  603  629  648  675  706  730  734  714  674  624  574  530  492  455  418  383
  353  330  319  325  351  390  428  445  429  383  321  260  211  177  156  145
