data/edconvlstm_nd/pred2670.15i
     1.0            IONOSPHERE MAPS     GNSS                IONEX VERSION / TYPE
pyspatialgeodesy        IME             05-JAN-18 20:20     PGM / RUN BY / DATE 
Map Name                                                    COMMENT             
Predicted global ionosphere maps (GIM).                     DESCRIPTION         
  2015     9    24     0     0     0                        EPOCH OF FIRST MAP  
  2015     9    25     0     0     0                        EPOCH OF LAST MAP   
  7200                                                      INTERVAL            
    13                                                      # OF MAPS IN FILE   
  NONE                                                      MAPPING FUNCTION    
10.0                                                        ELEVATION CUTOFF    
One-way carrier phase leveled to code                       OBSERVABLES USED    
  6371.0                                                    BASE RADIUS         
 2                                                          MAP DIMENSION       
   450.0 450.0   0.0                                        HGT1 / HGT2 / DHGT  
    87.5 -87.5  -2.5                                        LAT1 / LAT2 / DLAT  
  -180.0 180.0   5.0                                        LON1 / LON2 / DLON  
    -1                                                      EXPONENT            
                                                            END OF HEADER       
[from data line 429]
     2                                                      START OF TEC MAP    
  2015     9    24     2     0     0                        EPOCH OF CURRENT MAP
    87.5-180.0 180.0   5.0 450.0                            LAT/LON1/LON2/DLON/H
   92   96   94   94   91   90   86   84   85   85   84   84   84   84   83   83
   82   81   80   79   78   77   76   75   73   73   72   71   70   70   69   69
   69   69   69   69   69   69   70   71   72   73   74   75   76   77   79   80
   81   82   83   84   85   86   86   86   87   87   87   87   87   86   86   86
   87   88   86   85   86   94   98   92   92                                   
    85.0-180.0 180.0   5.0 450.0                            LAT/LON1/LON2/DLON/H
   88   98   84   91   91   90   88   87   87   87   86   86   86   85   85   83
   82   81   79   77   75   74   72   70   68   67   66   65   64   63   63   62
   62   63   63   64   65   66   67   69   71   72   74   77   79   81   83   85
   87   89   91   92   93   94   95   95   95   95   95   95   94   94   93   93
   94   94   91   92   92   94  100   92   88                                   
    82.5-180.0 180.0   5.0 450.0                            LAT/LON1/LON2/DLON/H
   87   87   99   95   90   91   89   89   91   91   91   91   91   90   89   87
   86   83   81   78   75   72   69   66   63   61   59   57   56   55   54   54
   54   54   55   56   58   59   62   64   67   70   73   76   79   83   86   89
   93   95   98  100  101  102  103  104  104  104  103  103  102  101  100  100
   99   98   94   92   99   88   90   92   87                                   
    80.0-180.0 180.0   5.0 450.0                            LAT/LON1/LON2/DLON/H
   96   94   95   91   89   87   90   90   93   94   94   95   95   94   92   90
   87   84   80   76   72   68   64   61   57   55   52   50   49   48   47   47
   47   47   48   49   50   52   54   57   59   62   66   70   74   78   82   86
   90   94   97  100  102  104  105  105  106  105  105  104  103  102  101  101
  100   97   95   93  105   98  101  100   96                                   
    77.5-180.0 180.0   5.0 450.0                            LAT/LON1/LON2/DLON/H
  102  100   97   97   89   90   94   96   99  100  100  102  102  101   99   96
   93   89   84   79   74   70   65   61   57   54   51   49   47   46   46   46
   46   46   47   48   49   50   52   54   56   59   62   66   71   75   80   85
   90   94   98  101  104  106  107  108  109  109  108  107  107  106  105  105
  104  103   99  100  106  101  102  104  102                                   
    75.0-180.0 180.0   5.0 450.0                            LAT/LON1/LON2/DLON/H
  103  102  101  100   91   93   94   97  100  101  102  103  103  102  100   96
   92   87   82   77   72   67   63   58   55   52   49   48   47   46   45   45
   45   45   45   45   45   45   46   46   48   49   52   55   59   64   69   74
   79   84   88   92   96   99  101  102  103  104  104  104  103  103  103  103
  103  102  101   98  105  105  106  108  103                                   
    72.5-180.0 180.0   5.0 450.0                            LAT/LON1/LON2/DLON/H
  104  107  107  104   96   96   98  100  103  104  104  106  105  103  100   96
   91   86   81   76   71   67   62   59   56   53   51   50   49   49   48   48
   48   48   47   47   46   45   44   43   43   44   46   49   52   56   61   66
   72   77   82   86   91   94   97   99  101  102  103  104  104  104  105  107
  107  107  108  107  112  110  111  114  104                                   
    70.0-180.0 180.0   5.0 450.0                            LAT/LON1/LON2/DLON/H
  113  113  114  110  100   98   99  101  104  104  104  104  103  100   96   91
   86   81   76   71   67   63   60   57   54   52   51   50   50   50   50   50
   50   49   48   46   44   42   40   39   38   38   39   41   45   49   53   58
   64   69   75   80   85   89   93   96   99  102  104  105  106  107  108  110
  111  111  113  114  118  118  120  120  113                                   
    67.5-180.0 180.0   5.0 450.0                            LAT/LON1/LON2/DLON/H
  117  117  116  111  100   97   97   98  100  100   99   99   96   92   88   82
   77   73   68   65   61   58   55   53   50   49   47   46   46   46   46   46
   46   45   43   41   38   36   33   31   30   29   30   32   35   38   43   48
   53   58   64   69   75   80   85   90   94   98  101  104  105  107  108  110
  111  110  114  115  121  121  123  125  117                                   
    65.0-180.0 180.0   5.0 450.0                            LAT/LON1/LON2/DLON/H
  121  120  118  113  102   97   96   97   98   97   96   95   92   88   83   78
   73   69   65   63   60   57   55   52   50   47   46   45   44   44   44   43
   43   41   40   37   34   32   29   27   26   25   26   28   30   34   38   42
   47   52   58   64   70   76   83   89   95  100  104  107  109  111  112  114
  114  113  116  116  123  124  127  130  121                                   
    62.5-180.0 180.0   5.0 450.0                            LAT/LON1/LON2/DLON/H
  125  125  122  116  104   98   97   97   98   97   95   94   91   87   82   78
   74   70   68   66   63   61   58   55   51   49   46   45   44   43   42   42
   41   39   38   35   33   31   28   27   26   26   27   29   31   34   38   42
   46   51   56   62   69   76   84   91   98  105  110  114  117  119  120  121
  120  118  119  119  124  126  130  133  125                                   
    60.0-180.0 180.0   5.0 450.0                            LAT/LON1/LON2/DLON/H
  128  128  126  119  106   99   97   97   98   96   94   94   91   87   83   80
   77   75   73   71   69   65   62   58   54   50   47   45   44   43   42   41
   40   38   37   35   33   32   31   30   30   30   31   33   35   38   41   44
   48   52   56   62   69   77   86   94  102  109  115  120  124  126  128  129
  127  123  124  121  126  128  131  135  128                                   
    57.5-180.0 180.0   5.0 450.0                            LAT/LON1/LON2/DLON/H
  132  133  131  123  110  103  100   98   98   96   94   94   91   89   86   84
   83   81   80   78   75   71   66   61   56   52   49   47   45   44   43   42
   41   40   39   38   37   37   37   37   37   38   39   41   43   45   48   50
   53   56   60   65   72   81   90   99  107  115  121  126  131  134  137  138
  136  131  131  127  130  131  134  138  132                                   
    55.0-180.0 180.0   5.0 450.0                            LAT/LON1/LON2/DLON/H
  137  138  136  129  117  108  104  102  100   97   94   93   92   90   89   88
   87   87   86   83   79   74   69   63   59   55   52   50   49   48   47   46
   45   44   44   44   45   46   46   47   48   48   49   51   52   54   56   58
   60   62   66   71   77   86   95  104  112  119  125  131  136  140  144  146
  145  141  140  135  137  137  140  143  137                                   
    52.5-180.0 180.0   5.0 450.0                            LAT/LON1/LON2/DLON/H
  144  146  144  137  125  117  112  108  105  100   96   94   92   91   90   90
   90   90   88   85   80   75   70   65   61   58   57   56   55   54   53   52
   51   51   51   53   55   57   59   59   60   60   61   61   63   64   66   67
   69   71   74   79   85   93  102  110  117  123  129  134  139  145  150  154
  155  152  151  146  147  145  148  151  144                                   
    50.0-180.0 180.0   5.0 450.0                            LAT/LON1/LON2/DLON/H
  154  156  153  148  137  129  124  119  114  107  101   97   94   92   91   91
   90   89   87   84   79   74   70   67   64   63   63   63   63   62   61   60
   59   59   61   63   66   69   71   72   72   72   72   72   73   74   76   78
   79   82   85   89   95  103  111  118  124  129  133  137  142  148  155  162
  164  163  163  159  160  156  159  162  154                                   
    47.5-180.0 180.0   5.0 450.0                            LAT/LON1/LON2/DLON/H
  165  166  163  160  150  144  139  133  126  117  109  103   99   95   93   90
   88   86   83   80   77   74   71   70   69   70   71   71   71   70   69   67
   66   67   69   73   77   81   83   83   83   82   82   82   83   84   86   89
   91   94   98  103  109  116  123  129  133  136  138  141  146  153  160  168
  172  174  175  171  172  168  171  175  165                                   
    45.0-180.0 180.0   5.0 450.0                            LAT/LON1/LON2/DLON/H
  175  176  173  172  163  159  156  150  142  131  121  114  107  102   96   91
   87   83   81   79   77   76   75   76   77   78   79   79   78   76   74   72
   71   73   76   80   85   89   91   92   91   90   90   90   91   93   96  100
  104  108  113  118  125  131  138  143  145  146  146  148  152  158  166  174
  179  182  184  182  183  180  183  187  175                                   
    42.5-180.0 180.0   5.0 450.0                            LAT/LON1/LON2/DLON/H
  184  185  181  183  176  173  171  166  159  147  137  129  120  112  103   95
   89   84   82   81   82   82   84   85   86   86   86   84   81   78   75   73
   73   75   79   84   90   94   97   97   97   96   96   97   99  102  106  110
  116  121  128  134  141  148  154  157  159  158  157  157  160  165  172  180
  185  189  192  190  192  190  192  197  184                                   
    40.0-180.0 180.0   5.0 450.0                            LAT/LON1/LON2/DLON/H
  192  192  189  191  186  185  185  182  175  165  155  146  137  126  115  104
   95   90   89   90   92   94   96   97   96   95   91   87   82   77   74   72
   72   75   80   86   92   97   99  100  100  100  101  104  106  109  113  119
  125  132  140  148  156  163  169  172  172  170  169  169  171  175  181  188
  192  195  198  197  199  197  200  204  192                                   
    37.5-180.0 180.0   5.0 450.0                            LAT/LON1/LON2/DLON/H
  200  199  195  197  194  194  195  193  189  180  172  165  155  143  129  116
  106  102  102  105  108  110  111  110  107  102   95   87   80   75   71   70
   71   75   81   88   94   98  100  101  102  103  106  109  112  115  119  124
  131  139  148  158  167  175  180  183  183  181  180  181  184  188  193  198
  201  202  204  204  206  204  206  209  200                                   
    35.0-180.0 180.0   5.0 450.0                            LAT/LON1/LON2/DLON/H
  209  207  202  202  201  200  201  201  199  192  186  181  172  159  145  131
  121  118  119  123  127  128  126  122  115  106   97   87   79   73   70   70
   73   78   84   91   96  100  101  102  103  105  109  113  116  118  121  126
  133  142  152  162  172  181  188  191  191  190  190  193  197  203  208  212
  213  213  215  214  216  214  215  217  209                                   
    32.5-180.0 180.0   5.0 450.0                            LAT/LON1/LON2/DLON/H
  223  220  213  209  208  205  205  205  205  201  197  193  185  173  159  145
  137  135  138  142  143  142  137  129  120  109   98   88   81   76   74   76
   79   85   91   96  100  103  103  103  104  107  111  115  117  119  120  124
  130  139  151  162  173  183  190  194  194  195  197  203  211  219  225  230
  232  231  232  230  232  229  231  229  223                                   
    30.0-180.0 180.0   5.0 450.0                            LAT/LON1/LON2/DLON/H
  244  241  232  223  219  213  209  209  209  206  204  201  194  182  169  157
  151  150  153  155  153  148  140  131  121  110  101   93   87   84   84   87
   91   96  101  105  107  107  106  105  106  109  112  115  116  116  116  118
  124  134  146  159  171  182  190  194  196  198  203  212  224  236  246  253
  255  255  256  253  255  252  254  250  244                                   
    27.5-180.0 180.0   5.0 450.0                            LAT/LON1/LON2/DLON/H
  274  272  260  246  238  227  220  216  215  212  209  206  199  187  175  164
  159  159  159  158  152  144  134  126  119  112  106  101   98   98   99  103
  108  113  116  117  116  114  111  108  108  110  112  113  113  110  108  110
  117  128  141  156  169  181  189  195  198  202  210  222  238  254  268  279
  283  285  287  283  285  282  286  280  274                                   
    25.0-180.0 180.0   5.0 450.0                            LAT/LON1/LON2/DLON/H
  311  311  295  278  266  250  238  230  226  221  216  211  201  189  177  168
  163  160  157  151  141  131  123  119  117  115  114  114  114  116  119  124
  128  131  132  130  126  120  115  112  110  110  110  110  107  103  100  102
  110  122  138  154  169  182  192  199  204  210  220  235  254  274  293  307
  315  319  323  319  320  318  323  317  311                                   
    22.5-180.0 180.0   5.0 450.0                            LAT/LON1/LON2/DLON/H
  354  355  337  317  301  281  266  253  245  236  227  218  206  192  180  170
  163  157  148  137  125  116  112  114  118  123  126  129  132  136  140  144
  147  148  146  141  134  126  120  115  112  110  108  104  100   94   92   94
  104  120  138  156  173  187  199  208  216  224  235  252  273  296  318  336
  348  356  361  358  358  358  363  359  354                                   
    20.0-180.0 180.0   5.0 450.0                            LAT/LON1/LON2/DLON/H
  398  402  383  361  341  319  300  283  271  258  245  231  215  199  186  174
  164  153  139  124  112  106  108  115  126  135  141  146  150  153  157  160
  161  160  156  149  140  131  123  118  114  110  105   99   93   87   85   89
  102  120  141  161  179  195  209  221  231  242  254  272  294  318  343  364
  380  391  399  397  397  398  404  402  398                                   
    17.5-180.0 180.0   5.0 450.0                            LAT/LON1/LON2/DLON/H
  441  446  428  406  384  360  339  318  303  286  269  251  232  215  199  186
  171  155  137  120  110  108  115  128  141  151  157  161  164  166  168  169
  169  167  162  153  144  134  127  121  116  110  103   95   87   81   80   87
  102  122  144  165  184  202  219  235  249  262  276  293  315  339  365  389
  407  422  433  432  433  435  443  443  441                                   
    15.0-180.0 180.0   5.0 450.0                            LAT/LON1/LON2/DLON/H
  477  483  468  447  425  402  379  357  339  319  298  278  258  239  223  207
  189  169  148  132  125  127  138  151  163  171  173  173  173  173  173  173
  172  169  163  156  146  137  130  125  119  112  103   93   84   77   77   86
  102  125  148  169  189  209  228  247  264  279  295  312  333  357  383  408
  429  446  459  461  462  467  475  478  477                                   
    12.5-180.0 180.0   5.0 450.0                            LAT/LON1/LON2/DLON/H
  505  511  499  481  461  441  419  396  375  353  331  310  290  272  256  239
  219  197  177  163  159  164  174  185  191  191  187  181  177  176  175  174
  172  168  164  157  149  141  134  129  122  114  103   92   82   76   76   85
  103  126  149  171  192  213  234  255  274  291  307  325  346  370  396  421
  442  460  475  481  483  489  500  504  505                                   
    10.0-180.0 180.0   5.0 450.0                            LAT/LON1/LON2/DLON/H
  524  530  520  505  489  473  452  430  409  386  364  344  325  309  295  279
  260  239  221  211  210  214  220  223  219  209  197  186  180  177  176  174
  172  169  166  161  154  146  139  132  124  115  104   92   81   75   76   85
  103  125  148  170  192  214  237  259  279  296  313  332  354  378  404  428
  448  467  483  492  495  504  516  523  524                                   
     7.5-180.0 180.0   5.0 450.0                            LAT/LON1/LON2/DLON/H
  535  540  531  521  509  496  477  457  436  414  394  375  359  346  334  321
  304  287  273  267  267  269  267  258  242  223  204  191  184  181  180  178
