data/edconvlstm_nd/pred1690.15i
     1.0            IONOSPHERE MAPS     GNSS                IONEX VERSION / TYPE
pyspatialgeodesy        IME             05-JAN-18 20:20     PGM / RUN BY / DATE 
Map Name                                                    COMMENT             
Predicted global ionosphere maps (GIM).                     DESCRIPTION         
  2015     6    18     0     0     0                        EPOCH OF FIRST MAP  
  2015     6    19     0     0     0                        EPOCH OF LAST MAP   
  7200                                                      INTERVAL            
    13                                                      # OF MAPS IN FILE   
  NONE                                                      MAPPING FUNCTION    
10.0                                                        ELEVATION CUTOFF    
One-way carrier phase leveled to code                       OBSERVABLES USED    
  6371.0                                                    BASE RADIUS         
 2                                                          MAP DIMENSION       
   450.0 450.0   0.0                                        HGT1 / HGT2 / DHGT  
    87.5 -87.5  -2.5                                        LAT1 / LAT2 / DLAT  
  -180.0 180.0   5.0                                        LON1 / LON2 / DLON  
    -1                                                      EXPONENT            
                                                            END OF HEADER       
[from data line 2145]
     6                                                      START OF TEC MAP    
  2015     6    18    10     0     0                        EPOCH OF CURRENT MAP
    87.5-180.0 180.0   5.0 450.0                            LAT/LON1/LON2/DLON/H
  142  139  137  141  145  145  144  143  145  147  147  148  149  150  150  151
  151  152  152  152  153  153  153  152  152  152  152  151  151  150  149  149
  148  147  146  145  144  143  142  141  140  139  138  138  137  136  136  135
  135  134  134  133  133  132  131  131  130  130  129  129  128  128  128  128
  128  130  129  128  135  132  140  141  142                                   
    85.0-180.0 180.0   5.0 450.0                            LAT/LON1/LON2/DLON/H
  135  138  146  144  146  149  150  151  153  154  154  155  156  157  157  158
  158  159  159  159  160  160  160  160  160  160  159  159  159  158  157  156
  155  154  153  152  150  149  148  147  146  145  144  144  143  143  142  142
  141  140  140  139  138  137  137  136  135  134  134  133  133  133  132  133
  134  136  132  132  130  130  136  140  135                                   
    82.5-180.0 180.0   5.0 450.0                            LAT/LON1/LON2/DLON/H
  125  139  142  140  142  146  148  149  150  152  152  153  154  154  155  155
  155  156  156  157  157  158  158  158  158  158  158  158  158  157  156  156
  155  153  152  151  149  148  147  146  145  145  144  144  144  144  143  143
  142  142  141  140  139  137  136  135  133  132  131  129  129  128  127  127
  128  129  125  128  128  133  133  126  125                                   
    80.0-180.0 180.0   5.0 450.0                            LAT/LON1/LON2/DLON/H
  125  135  139  141  143  144  146  148  150  150  150  151  151  151  151  151
  152  152  153  153  153  154  154  154  154  154  154  154  153  153  152  152
  151  150  149  147  146  145  145  144  144  144  145  146  147  147  148  148
  148  148  147  146  145  143  141  139  136  134  132  130  128  127  126  125
  125  125  123  125  124  130  137  126  125                                   
    77.5-180.0 180.0   5.0 450.0                            LAT/LON1/LON2/DLON/H
  131  138  143  145  146  148  149  150  151  150  149  148  148  147  147  147
  147  147  147  148  148  148  148  148  148  148  148  148  148  148  148  148
  148  148  147  147  147  147  147  148  149  151  153  155  158  160  162  164
  165  165  165  164  162  159  157  154  151  148  144  141  138  136  133  132
  130  130  125  127  129  131  135  133  131                                   
    75.0-180.0 180.0   5.0 450.0                            LAT/LON1/LON2/DLON/H
  129  138  139  144  146  149  149  149  150  148  146  144  142  140  139  139
  139  139  139  139  139  139  139  138  137  137  137  137  138  139  140  141
  142  143  145  146  147  148  150  152  155  158  162  166  171  175  178  181
  183  183  183  182  179  177  173  170  166  162  158  154  151  147  144  141
  138  136  131  127  129  132  136  130  129                                   
    72.5-180.0 180.0   5.0 450.0                            LAT/LON1/LON2/DLON/H
  128  137  138  143  146  149  150  150  149  146  142  139  136  134  132  132
  131  131  132  131  131  130  129  128  127  126  126  126  128  130  132  135
  139  142  145  148  151  153  157  160  165  170  176  182  188  194  199  202
  204  204  203  201  198  195  191  187  183  179  175  171  167  164  160  156
  152  148  142  136  133  134  136  132  128                                   
    70.0-180.0 180.0   5.0 450.0                            LAT/LON1/LON2/DLON/H
  128  133  134  138  140  143  145  144  143  140  135  132  128  125  123  122
  121  121  121  121  120  118  116  114  113  112  112  113  116  119  123  128
  134  139  144  149  154  158  163  169  175  182  190  198  205  212  216  219
  220  219  217  214  210  205  201  197  193  189  186  183  180  177  174  170
  165  159  151  144  138  137  139  135  128                                   
    67.5-180.0 180.0   5.0 450.0                            LAT/LON1/LON2/DLON/H
  126  129  129  133  135  137  139  139  138  134  130  126  122  118  116  115
  114  114  114  113  112  109  107  105  103  102  103  105  108  113  119  125
  133  140  147  154  160  166  172  179  186  195  204  213  221  228  232  234
  233  231  226  221  216  211  206  202  198  196  194  193  192  190  188  185
  180  173  164  155  146  141  140  135  126                                   
    65.0-180.0 180.0   5.0 450.0                            LAT/LON1/LON2/DLON/H
  127  127  125  127  128  130  131  131  131  128  124  120  116  113  111  110
  109  108  108  107  105  102  100   98   97   97   98  101  106  112  119  127
  136  145  154  162  169  177  184  192  201  211  221  231  239  245  248  248
  245  240  233  226  220  213  208  204  201  200  200  200  201  202  201  200
  196  190  180  169  158  152  149  143  127                                   
    62.5-180.0 180.0   5.0 450.0                            LAT/LON1/LON2/DLON/H
  130  128  124  123  121  122  123  123  122  120  117  114  111  108  106  105
  104  104  103  101   99   97   96   95   95   96   99  103  108  115  123  132
  142  153  163  172  181  189  197  206  215  226  237  247  256  261  262  259
  253  246  237  228  221  214  209  205  202  202  202  205  207  210  212  213
  210  205  195  185  172  164  159  153  130                                   
    60.0-180.0 180.0   5.0 450.0                            LAT/LON1/LON2/DLON/H
  138  133  127  122  117  115  114  113  113  111  109  107  104  102  101  100
   99   99   97   96   94   93   92   93   95   98  102  107  114  121  130  140
  150  162  173  183  192  201  210  219  229  240  252  262  270  274  273  268
  260  251  240  231  223  216  210  206  204  203  204  207  211  215  219  221
  221  218  209  199  187  178  173  165  138                                   
    57.5-180.0 180.0   5.0 450.0                            LAT/LON1/LON2/DLON/H
  151  144  135  126  117  112  109  106  104  102  100   99   97   96   96   95
   95   94   93   91   90   90   91   93   97  102  108  114  122  130  139  149
  161  173  185  196  206  215  224  234  244  255  267  276  283  286  284  278
  268  257  247  237  229  223  217  212  209  207  208  210  214  219  223  227
  229  227  221  213  203  194  188  180  151                                   
    55.0-180.0 180.0   5.0 450.0                            LAT/LON1/LON2/DLON/H
  167  159  148  136  122  113  107  101   97   94   92   91   90   89   90   90
   90   89   88   87   87   88   90   94  100  107  114  122  130  138  148  159
  171  184  197  209  220  230  239  249  259  269  280  289  296  297  294  287
  277  266  256  247  240  233  227  222  217  214  213  214  217  221  225  230
  232  233  229  223  216  208  202  194  167                                   
    52.5-180.0 180.0   5.0 450.0                            LAT/LON1/LON2/DLON/H
  185  176  163  149  132  120  110  101   95   89   86   84   83   83   84   85
   86   85   85   84   85   87   91   97  104  111  120  128  136  146  156  168
  181  195  209  223  235  245  255  264  274  284  294  302  307  308  305  297
  287  277  268  260  254  248  241  235  228  223  220  219  220  223  226  231
  234  235  233  230  225  219  213  206  185                                   
    50.0-180.0 180.0   5.0 450.0                            LAT/LON1/LON2/DLON/H
  200  192  179  165  147  131  118  106   97   90   84   81   80   80   81   82
   83   84   84   84   85   89   94  101  108  116  125  133  142  151  162  175
  190  206  221  236  250  262  272  281  290  299  307  314  318  319  315  308
  299  290  282  275  269  263  256  248  241  234  228  225  224  226  228  231
  234  236  235  233  230  225  221  214  200                                   
    47.5-180.0 180.0   5.0 450.0                            LAT/LON1/LON2/DLON/H
  210  203  192  179  161  145  130  116  105   96   88   83   81   80   80   82
   83   84   85   86   88   93   99  106  114  122  129  137  146  156  168  182
  198  216  233  250  265  278  289  299  307  315  322  328  331  330  327  320
  312  303  296  289  283  276  269  261  252  244  237  233  230  230  231  234
  235  237  236  234  231  228  223  217  210                                   
    45.0-180.0 180.0   5.0 450.0                            LAT/LON1/LON2/DLON/H
  212  207  198  188  173  157  143  129  117  106   97   91   86   84   84   85
   87   88   89   90   94   99  107  114  122  128  134  141  149  160  173  189
  207  226  245  263  280  294  307  317  326  333  338  342  344  344  340  334
  326  317  309  302  295  287  279  270  261  253  246  241  238  237  237  238
  239  240  238  234  231  227  223  216  212                                   
    42.5-180.0 180.0   5.0 450.0                            LAT/LON1/LON2/DLON/H
  208  204  197  190  178  165  154  141  130  120  111  103   97   93   92   92
   93   94   95   97  101  107  116  124  130  136  141  146  154  165  179  196
  215  235  255  275  293  309  324  336  345  351  356  359  360  359  356  350
  342  333  324  315  306  297  287  278  270  262  255  250  247  245  245  246
  246  245  241  235  230  225  221  213  208                                   
    40.0-180.0 180.0   5.0 450.0                            LAT/LON1/LON2/DLON/H
  199  195  190  183  176  166  159  150  142  134  125  118  111  105  103  102
  103  103  103  104  109  116  125  134  140  145  149  153  160  171  186  203
  223  243  264  284  304  322  339  353  363  370  374  376  377  376  374  369
  361  352  341  330  319  308  298  288  280  272  265  260  257  256  256  257
  256  254  247  239  231  225  220  211  199                                   
    37.5-180.0 180.0   5.0 450.0                            LAT/LON1/LON2/DLON/H
  190  186  180  173  167  161  158  154  151  145  140  133  125  119  116  114
  113  112  111  112  117  125  135  144  151  155  158  162  169  179  193  210
  229  250  270  291  312  332  351  368  380  387  391  394  395  395  394  390
  384  374  363  351  339  326  315  304  295  286  278  272  268  267  268  269
  268  264  256  245  235  226  221  211  190                                   
    35.0-180.0 180.0   5.0 450.0                            LAT/LON1/LON2/DLON/H
  184  179  172  162  157  153  154  154  155  154  151  146  139  133  128  125
  123  121  119  120  124  133  145  154  161  165  167  171  178  188  201  217
  235  255  275  296  317  339  360  378  392  401  406  409  412  414  415  414
  410  403  393  381  368  354  341  329  317  306  295  286  280  278  279  280
  279  275  265  252  241  232  227  216  184                                   
    32.5-180.0 180.0   5.0 450.0                            LAT/LON1/LON2/DLON/H
  185  178  169  156  150  147  150  152  157  160  160  157  151  145  139  135
  132  129  126  126  131  141  153  164  170  174  176  180  187  197  209  224
  240  259  278  299  321  344  366  385  401  411  417  422  427  432  437  440
  440  436  429  420  408  394  379  364  348  331  316  302  293  288  287  289
  288  284  273  260  249  239  235  226  185                                   
    30.0-180.0 180.0   5.0 450.0                            LAT/LON1/LON2/DLON/H
  194  184  174  158  149  146  149  152  159  164  167  165  160  154  148  143
  139  135  132  132  137  149  162  173  179  182  185  189  195  205  216  229
  245  262  281  302  324  347  369  389  405  416  424  431  438  447  457  465
  470  472  470  465  455  442  426  406  384  362  339  319  304  296  293  294
  292  289  279  267  256  248  246  239  194                                   
    27.5-180.0 180.0   5.0 450.0                            LAT/LON1/LON2/DLON/H
  209  199  187  169  157  153  155  157  164  169  173  172  167  160  154  148
  143  139  136  136  143  156  170  181  187  189  191  196  202  212  222  235
  249  266  286  307  329  351  372  391  407  419  428  436  447  459  473  487
  498  506  510  510  504  492  474  451  423  393  363  336  315  302  296  295
  293  289  281  270  262  256  256  251  209                                   
    25.0-180.0 180.0   5.0 450.0                            LAT/LON1/LON2/DLON/H
  227  218  205  189  175  168  168  168  172  177  179  178  173  165  158  151
  146  141  138  140  149  163  177  188  194  195  196  201  208  217  228  240
  254  271  292  313  335  357  376  394  409  420  430  440  452  468  485  503
  520  533  543  547  545  535  516  490  458  422  386  353  326  308  298  294
  290  286  278  269  264  260  262  261  227                                   
    22.5-180.0 180.0   5.0 450.0                            LAT/LON1/LON2/DLON/H
  244  237  226  214  199  191  187  185  185  187  187  185  179  170  161  153
  146  141  139  143  153  169  184  195  199  199  200  204  212  222  233  246
  260  279  300  323  346  366  384  399  413  423  433  443  457  473  493  513
  532  549  562  570  570  562  545  518  484  445  405  368  337  314  300  292
  287  282  275  266  262  260  263  264  244                                   
    20.0-180.0 180.0   5.0 450.0                            LAT/LON1/LON2/DLON/H
  255  253  245  238  224  216  210  204  200  198  196  192  184  175  164  155
  147  141  140  145  157  174  190  199  202  202  202  206  215  227  239  253
  269  289  312  336  359  379  395  409  421  430  439  449  461  477  496  515
  535  552  566  575  577  571  556  531  499  461  421  382  348  322  304  293
  285  279  271  262  258  255  259  260  255                                   
    17.5-180.0 180.0   5.0 450.0                            LAT/LON1/LON2/DLON/H
  257  259  256  255  246  238  231  223  215  209  204  198  189  179  168  157
  148  142  141  147  160  177  193  202  204  203  203  209  219  232  246  261
  278  300  325  351  374  394  409  422  433  441  449  457  466  479  495  512
  529  543  556  564  567  564  552  532  504  470  433  396  362  333  312  298
  288  280  271  261  254  249  252  250  257                                   
    15.0-180.0 180.0   5.0 450.0                            LAT/LON1/LON2/DLON/H
  253  257  258  261  258  252  245  236  226  217  208  201  192  182  171  159
  150  143  142  148  162  179  194  202  204  203  205  211  223  238  253  270
  288  311  337  364  389  409  425  437  447  455  461  467  473  482  494  506
  518  528  537  544  548  546  538  523  501  473  442  409  377  348  324  308
  295  286  275  263  254  244  244  238  253                                   
    12.5-180.0 180.0   5.0 450.0                            LAT/LON1/LON2/DLON/H
  244  249  253  257  259  254  248  240  229  218  208  200  191  182  172  161
  152  145  144  150  162  177  191  200  202  203  205  213  226  243  260  278
  298  321  347  375  401  422  438  450  461  469  474  477  481  486  493  500
  506  512  517  522  526  526  522  512  496  475  450  422  393  364  340  321
  306  296  284  270  257  243  239  229  244                                   
    10.0-180.0 180.0   5.0 450.0                            LAT/LON1/LON2/DLON/H
  238  241  246  247  252  246  241  233  223  211  201  193  186  178  170  161
  153  147  146  150  160  173  185  193  197  199  205  215  229  247  266  285
  305  328  355  382  408  429  445  459  470  478  483  486  488  490  493  496
  498  500  502  505  509  512  511  505  494  478  458  434  408  381  355  335
  319  308  296  281  266  247  240  225  238                                   
     7.5-180.0 180.0   5.0 450.0                            LAT/LON1/LON2/DLON/H
  236  238  241  238  242  234  228  219  210  199  189  181  175  170  165  159
  153  149  147  149  155  165  174  182  187  193  202  215  231  250  270  290
