data/edconvlstm_nd/pred3440.15i
     1.0            IONOSPHERE MAPS     GNSS                IONEX VERSION / TYPE
pyspatialgeodesy        IME             05-JAN-18 20:20     PGM / RUN BY / DATE 
Map Name                                                    COMMENT             
Predicted global ionosphere maps (GIM).                     DESCRIPTION         
  2015    12    10     0     0     0                        EPOCH OF FIRST MAP  
  2015    12    11     0     0     0                        EPOCH OF LAST MAP   
  7200                                                      INTERVAL            
    13                                                      # OF MAPS IN FILE   
  NONE                                                      MAPPING FUNCTION    
10.0                                                        ELEVATION CUTOFF    
One-way carrier phase leveled to code                       OBSERVABLES USED    
  6371.0                                                    BASE RADIUS         
 2                                                          MAP DIMENSION       
   450.0 450.0   0.0                                        HGT1 / HGT2 / DHGT  
    87.5 -87.5  -2.5                                        LAT1 / LAT2 / DLAT  
  -180.0 180.0   5.0                                        LON1 / LON2 / DLON  
    -1                                                      EXPONENT            
                                                            END OF HEADER       
[from data line 4719]
    12                                                      START OF TEC MAP    
  2015    12    10    22     0     0                        EPOCH OF CURRENT MAP
    87.5-180.0 180.0   5.0 450.0                            LAT/LON1/LON2/DLON/H
   85   78   70   70   74   69   68   64   65   67   66   67   67   67   67   67
   67   66   66   65   64   63   61   60   59   58   57   56   56   55   54   54
   53   53   53   53   53   53   53   53   54   54   55   55   56   56   57   58
   58   59   59   60   60   61   61   62   62   62   62   62   62   62   62   62
   62   61   57   55   60   63   83   92   85                                   
    85.0-180.0 180.0   5.0 450.0                            LAT/LON1/LON2/DLON/H
   90   83   90   71   70   71   69   70   70   72   72   72   73   73   73   73
   72   72   71   69   68   67   65   64   63   62   60   59   59   58   57   56
   56   55   55   55   55   55   55   55   56   56   57   57   58   59   60   61
   62   63   63   64   65   66   67   67   68   68   68   69   69   69   69   68
   69   67   64   60   65   70   74   70   90                                   
    82.5-180.0 180.0   5.0 450.0                            LAT/LON1/LON2/DLON/H
   69   68   69   61   64   66   66   66   68   69   71   73   74   74   75   75
   74   73   71   69   67   65   62   60   58   56   54   53   51   50   49   48
   48   47   47   47   47   47   47   47   48   48   49   50   51   52   53   54
   56   57   58   59   60   61   62   63   64   64   64   65   65   64   64   63
   63   61   57   56   63   76   70   70   69                                   
    80.0-180.0 180.0   5.0 450.0                            LAT/LON1/LON2/DLON/H
   44   49   56   50   55   54   59   60   64   67   70   73   75   76   77   76
   75   73   70   67   64   60   56   53   50   47   45   43   42   41   40   39
   39   39   39   39   39   39   39   40   40   41   42   43   44   46   47   49
   51   53   54   56   57   59   60   61   61   62   62   62   61   61   60   58
   58   57   55   54   54   64   56   64   44                                   
    77.5-180.0 180.0   5.0 450.0                            LAT/LON1/LON2/DLON/H
   52   49   50   46   52   53   58   61   66   69   74   78   82   84   84   84
   82   79   75   70   65   60   56   51   47   44   41   39   38   37   37   36
   36   36   37   36   36   36   36   35   36   36   37   38   39   41   43   45
   47   49   51   53   54   56   57   58   59   59   59   58   58   56   55   54
   53   52   50   50   49   54   53   63   52                                   
    75.0-180.0 180.0   5.0 450.0                            LAT/LON1/LON2/DLON/H
   40   44   45   42   50   52   57   61   69   74   80   85   89   91   91   89
   85   81   75   70   64   58   53   48   44   41   39   37   37   37   37   38
   38   39   39   39   38   37   37   36   36   36   36   38   39   41   43   45
   47   49   51   52   54   55   56   57   58   58   58   57   56   55   54   53
   52   53   51   50   48   50   46   48   40                                   
    72.5-180.0 180.0   5.0 450.0                            LAT/LON1/LON2/DLON/H
   53   52   52   53   54   56   63   67   72   78   84   89   93   94   93   90
   85   78   71   64   57   51   46   41   38   35   33   32   32   33   34   35
   36   36   36   36   35   33   32   30   30   29   30   31   32   34   36   38
   40   41   43   44   45   46   47   47   48   48   48   47   46   45   44   43
   42   43   42   40   39   44   44   51   53                                   
    70.0-180.0 180.0   5.0 450.0                            LAT/LON1/LON2/DLON/H
   56   59   60   61   63   67   72   77   85   91   98  103  106  106  103   97
   89   81   72   64   57   51   46   42   39   37   36   36   36   38   39   40
   41   41   41   40   38   35   33   31   30   30   30   32   34   36   38   39
   41   41   42   43   43   44   44   45   46   46   46   46   45   45   44   44
   43   44   45   46   47   53   58   63   56                                   
    67.5-180.0 180.0   5.0 450.0                            LAT/LON1/LON2/DLON/H
   72   74   74   77   78   81   87   91   98  103  109  114  116  114  109  101
   91   81   71   62   54   48   43   40   38   36   35   35   36   37   38   39
   40   40   38   36   34   31   28   26   25   25   26   28   30   33   34   36
   36   36   36   36   36   36   37   38   39   40   41   41   41   40   40   40
   40   42   42   44   46   56   58   64   72                                   
    65.0-180.0 180.0   5.0 450.0                            LAT/LON1/LON2/DLON/H
   79   85   86   90   91   94   99  103  110  116  122  125  126  123  116  106
   94   82   71   62   54   48   43   40   38   37   36   35   36   36   37   37
   37   36   34   31   28   25   23   21   21   22   24   26   29   31   32   33
   33   32   31   30   30   30   31   32   34   36   37   38   39   39   39   40
   41   44   47   50   54   66   70   77   79                                   
    62.5-180.0 180.0   5.0 450.0                            LAT/LON1/LON2/DLON/H
   90   96   98  102  104  107  111  115  121  126  132  135  135  131  123  113
  100   87   75   65   56   50   45   41   38   36   34   33   32   32   32   32
   31   30   27   25   22   19   17   16   17   19   21   24   27   29   30   30
   29   27   26   24   24   24   25   26   29   32   34   36   37   38   39   40
   41   45   48   52   56   69   73   80   90                                   
    60.0-180.0 180.0   5.0 450.0                            LAT/LON1/LON2/DLON/H
   97  103  107  112  114  115  119  122  128  133  138  141  142  138  130  120
  107   94   81   70   61   53   47   42   38   35   32   30   29   28   27   26
   25   24   21   19   16   14   13   13   14   17   20   24   27   28   29   28
   26   24   21   20   19   19   20   22   25   29   32   35   37   38   39   41
   43   47   52   56   61   74   80   87   97                                   
    57.5-180.0 180.0   5.0 450.0                            LAT/LON1/LON2/DLON/H
  102  110  115  121  124  125  128  130  134  138  143  146  147  144  138  129
  118  105   92   79   68   59   51   45   39   35   31   29   27   26   25   24
   22   21   19   17   15   14   13   14   16   20   24   28   30   31   31   29
   26   23   21   19   18   18   19   22   25   30   33   37   39   40   42   44
   47   52   57   62   66   78   84   92  102                                   
    55.0-180.0 180.0   5.0 450.0                            LAT/LON1/LON2/DLON/H
  110  118  125  132  135  136  137  138  140  143  147  149  151  150  146  139
  129  117  103   90   77   66   56   48   41   36   32   29   27   26   25   24
   23   22   20   19   18   17   17   19   22   26   31   34   36   36   35   32
   29   26   24   23   22   22   23   25   29   33   37   40   42   44   46   48
   52   58   64   69   73   84   90   98  110                                   
    52.5-180.0 180.0   5.0 450.0                            LAT/LON1/LON2/DLON/H
  119  128  138  144  149  149  150  149  149  149  151  152  154  154  152  147
  139  128  114  100   86   73   62   53   46   40   36   34   32   31   30   29
   28   27   27   26   26   26   27   29   32   36   40   44   45   44   42   39
   36   34   32   31   30   30   31   33   35   39   42   44   46   48   50   54
   59   66   74   80   83   94  100  108  119                                   
    50.0-180.0 180.0   5.0 450.0                            LAT/LON1/LON2/DLON/H
  131  142  155  161  167  168  167  164  161  159  157  157  158  159  158  155
  148  137  123  108   94   81   69   60   53   48   44   42   41   40   39   38
   37   37   37   37   38   38   39   41   43   47   51   54   54   53   51   49
   47   46   45   44   43   43   42   43   44   46   47   49   50   51   54   59
   66   75   85   93   97  108  114  121  131                                   
    47.5-180.0 180.0   5.0 450.0                            LAT/LON1/LON2/DLON/H
  146  158  173  180  186  188  186  183  177  172  168  165  164  164  164  161
  155  144  130  115  101   89   79   70   64   59   56   54   52   51   50   49
   48   48   48   49   50   51   51   52   54   57   60   62   63   62   61   59
   59   59   59   59   59   57   56   54   54   53   53   52   53   54   58   64
   73   85   96  106  112  124  132  137  146                                   
    45.0-180.0 180.0   5.0 450.0                            LAT/LON1/LON2/DLON/H
  161  175  190  197  204  207  205  202  194  188  181  176  174  172  171  167
  160  149  136  122  109   99   91   84   77   73   69   66   64   62   60   58
   57   57   58   60   61   61   61   61   62   64   67   69   70   70   70   70
   70   72   74   74   73   71   68   65   62   60   57   55   55   56   61   69
   79   93  107  119  127  141  152  155  161                                   
    42.5-180.0 180.0   5.0 450.0                            LAT/LON1/LON2/DLON/H
  173  188  204  211  218  222  220  217  210  203  196  190  186  183  180  175
  166  155  142  129  119  111  105   99   92   86   81   77   73   70   66   64
   62   63   64   66   67   67   66   65   66   67   70   73   75   76   76   78
   80   82   84   85   84   82   78   73   69   65   61   58   57   59   65   75
   86  101  116  129  140  156  169  172  173                                   
    40.0-180.0 180.0   5.0 450.0                            LAT/LON1/LON2/DLON/H
  182  196  210  217  224  228  228  226  220  215  209  203  199  196  191  184
  174  162  150  140  132  126  121  114  106   97   89   83   77   73   69   66
   65   65   67   69   70   69   68   67   67   69   72   75   77   79   81   82
   85   87   90   90   89   87   83   78   72   67   63   60   59   63   70   81
   93  109  124  138  149  167  181  186  182                                   
    37.5-180.0 180.0   5.0 450.0                            LAT/LON1/LON2/DLON/H
  186  199  211  218  225  227  228  228  224  222  218  215  212  209  204  196
  185  173  162  153  147  142  136  127  115  104   93   84   78   73   69   67
   66   68   70   72   72   71   70   69   69   71   74   77   80   81   83   84
   86   88   89   90   89   86   83   78   73   68   64   61   62   67   77   89
  102  117  131  144  156  175  188  194  186                                   
    35.0-180.0 180.0   5.0 450.0                            LAT/LON1/LON2/DLON/H
  190  201  210  216  221  222  224  224  223  224  223  223  223  221  216  208
  197  186  176  169  164  158  148  135  120  105   92   83   77   73   72   71
   72   74   76   77   77   76   75   74   75   77   79   81   83   84   84   85
   85   85   85   85   84   82   79   76   72   67   64   63   65   72   84   98
  112  126  139  151  160  180  193  200  190                                   
    32.5-180.0 180.0   5.0 450.0                            LAT/LON1/LON2/DLON/H
  197  206  213  217  220  218  219  219  221  223  227  229  231  231  227  220
  210  200  192  186  179  170  156  139  120  103   91   83   80   80   81   83
   85   87   89   88   87   85   83   83   84   86   88   88   88   88   86   85
   83   82   80   79   78   77   76   73   70   67   64   65   69   78   92  108
  122  136  148  158  166  186  198  206  197                                   
    30.0-180.0 180.0   5.0 450.0                            LAT/LON1/LON2/DLON/H
  212  221  226  227  228  222  221  220  223  226  231  235  238  239  235  229
  220  212  206  199  190  177  159  138  118  103   94   91   93   97  101  105
  108  109  108  105  101   98   96   96   97   99   99   98   96   93   90   87
   83   80   77   75   75   74   74   72   70   67   66   67   74   85  101  119
  134  147  159  169  175  195  207  215  212                                   
    27.5-180.0 180.0   5.0 450.0                            LAT/LON1/LON2/DLON/H
  236  247  253  250  250  241  237  233  234  236  240  244  246  246  242  235
  228  222  215  208  196  179  158  137  120  109  106  110  118  126  134  138
  140  138  134  126  119  113  110  110  112  113  112  110  105  101   96   92
   87   82   78   76   75   75   75   73   71   69   68   71   78   91  110  129
  145  161  173  183  189  210  225  231  236                                   
    25.0-180.0 180.0   5.0 450.0                            LAT/LON1/LON2/DLON/H
  271  286  294  289  288  279  271  263  259  257  258  258  258  254  248  240
  233  227  220  211  196  177  157  140  129  127  132  143  156  168  175  179
  177  170  160  147  135  127  123  124  126  126  125  120  115  109  104   99
   94   89   84   81   79   79   78   76   73   71   71   74   82   97  117  138
  157  174  188  200  209  232  250  254  271                                   
    22.5-180.0 180.0   5.0 450.0                            LAT/LON1/LON2/DLON/H
  313  332  344  338  340  332  323  310  301  293  287  281  275  266  255  245
  236  229  221  210  194  176  161  151  150  158  171  188  204  215  221  220
  212  199  182  163  147  136  132  133  135  136  134  129  123  117  113  109
  104   99   93   89   87   85   83   80   76   73   73   76   85  101  122  146
  167  188  204  219  231  257  281  283  313                                   
    20.0-180.0 180.0   5.0 450.0                            LAT/LON1/LON2/DLON/H
  355  379  394  391  399  395  386  371  357  342  328  314  300  283  267  253
  241  231  221  208  193  180  172  174  184  201  221  239  254  261  261  253
  238  217  193  170  152  140  137  138  140  141  138  133  128  124  121  118
  115  109  103   98   95   92   88   83   78   74   73   77   87  103  126  152
  175  200  220  239  255  284  312  315  355                                   
    17.5-180.0 180.0   5.0 450.0                            LAT/LON1/LON2/DLON/H
  392  419  439  439  454  457  452  437  420  401  380  357  334  310  287  266
  250  236  224  210  198  192  196  209  230  253  274  289  296  296  287  270
  247  221  193  169  150  140  137  139  141  141  139  134  130  128  127  126
  124  119  112  106  101   97   92   85   78   74   73   77   88  105  128  156
  183  212  236  257  276  309  341  346  392                                   
    15.0-180.0 180.0   5.0 450.0                            LAT/LON1/LON2/DLON/H
  418  449  472  476  499  509  511  498  482  460  435  407  376  345  315  289
  267  249  234  221  213  216  230  254  282  306  322  327  323  311  292  268
  240  211  184  162  147  139  138  139  141  140  137  133  131  130  131  132
  130  126  119  113  106  101   94   86   78   73   72   77   88  107  132  162
  191  223  250  273  294  329  363  372  418                                   
    12.5-180.0 180.0   5.0 450.0                            LAT/LON1/LON2/DLON/H
  433  466  491  498  528  543  553  545  533  513  487  457  423  387  352  321
  294  272  255  243  240  251  274  305  334  353  357  347  329  305  278  250
  221  194  172  157  147  143  143  144  143  140  136  132  130  131  133  135
  134  131  124  117  110  104   96   87   79   73   72   78   90  110  137  168
  199  233  262  286  308  344  378  389  433                                   
    10.0-180.0 180.0   5.0 450.0                            LAT/LON1/LON2/DLON/H
  437  470  495  503  537  557  574  571  565  549  528  500  467  432  395  362
  332  307  288  277  279  296  324  356  381  387  374  347  315  283  253  225
  200  180  167  159  156  156  156  155  151  145  138  134  132  133  135  137
  137  134  128  121  114  106   98   89   80   74   73   80   94  115  143  175
  207  242  272  295  317  352  386  397  437                                   
     7.5-180.0 180.0   5.0 450.0                            LAT/LON1/LON2/DLON/H
  435  464  488  495  530  552  573  575  575  565  551  530  503  472  439  406
  377  351  333  324  328  347  376  402  414  404  372  331  290  255  227  205
