data/edconvlstm_nd/pred1290.15i
     1.0            IONOSPHERE MAPS     GNSS                IONEX VERSION / TYPE
pyspatialgeodesy        IME             05-JAN-18 20:20     PGM / RUN BY / DATE 
Map Name                                                    COMMENT             
Predicted global ionosphere maps (GIM).                     DESCRIPTION         
  2015     5     9     0     0     0                        EPOCH OF FIRST MAP  
  2015     5    10     0     0     0                        EPOCH OF LAST MAP   
  7200                                                      INTERVAL            
    13                                                      # OF MAPS IN FILE   
  NONE                                                      MAPPING FUNCTION    
10.0                                                        ELEVATION CUTOFF    
One-way carrier phase leveled to code                       OBSERVABLES USED    
  6371.0                                                    BASE RADIUS         
 2                                                          MAP DIMENSION       
   450.0 450.0   0.0                                        HGT1 / HGT2 / DHGT  
    87.5 -87.5  -2.5                                        LAT1 / LAT2 / DLAT  
  -180.0 180.0   5.0                                        LON1 / LON2 / DLON  
    -1                                                      EXPONENT            
                                                            END OF HEADER       
[from data line 3003]
     8                                                      START OF TEC MAP    
  2015     5     9    14     0     0                        EPOCH OF CURRENT MAP
    87.5-180.0 180.0   5.0 450.0                            LAT/LON1/LON2/DLON/H
  171  173  166  172  172  173  173  173  174  176  177  178  179  180  181  182
  183  184  185  186  186  187  187  187  187  187  187  187  187  186  186  185
  184  183  182  181  180  179  178  176  175  174  174  173  172  172  171  171
  171  171  171  171  171  171  172  172  172  172  172  172  172  172  172  172
  171  172  170  169  174  173  178  176  171                                   
    85.0-180.0 180.0   5.0 450.0                            LAT/LON1/LON2/DLON/H
  161  167  176  171  168  173  175  177  178  180  181  182  183  185  186  187
  188  189  190  191  192  192  193  193  194  194  194  194  194  193  193  192
  191  189  188  186  185  183  182  180  179  177  176  176  175  175  175  175
  175  175  176  176  177  177  178  178  178  179  179  179  179  179  179  179
  179  179  175  173  171  167  171  175  161                                   
    82.5-180.0 180.0   5.0 450.0                            LAT/LON1/LON2/DLON/H
  146  156  160  155  153  158  161  163  165  167  168  170  171  172  174  175
  176  177  178  179  180  181  181  182  183  184  184  185  185  184  184  183
  182  180  178  176  173  171  168  166  164  163  161  161  161  161  161  162
  163  164  165  166  168  169  169  170  171  171  172  172  172  172  171  171
  170  169  165  165  160  164  161  155  146                                   
    80.0-180.0 180.0   5.0 450.0                            LAT/LON1/LON2/DLON/H
  141  148  153  151  149  151  154  158  161  163  164  167  168  170  171  173
  174  175  176  178  179  180  181  183  184  186  187  188  189  189  189  189
  187  186  183  180  177  173  170  167  165  163  162  162  162  163  164  166
  168  170  171  173  174  176  176  177  177  178  178  178  177  176  176  175
  174  172  168  167  159  156  155  149  141                                   
    77.5-180.0 180.0   5.0 450.0                            LAT/LON1/LON2/DLON/H
  141  140  145  144  142  144  146  149  152  154  155  157  158  160  161  162
  163  164  166  167  169  171  172  175  177  180  183  185  187  189  190  191
  190  189  186  183  179  175  171  168  165  164  163  163  164  166  169  171
  174  177  179  181  182  183  183  183  182  182  181  180  179  178  177  175
  173  171  166  165  162  153  151  150  141                                   
    75.0-180.0 180.0   5.0 450.0                            LAT/LON1/LON2/DLON/H
  139  141  143  144  141  145  146  149  152  154  155  156  157  158  159  160
  161  162  164  165  167  170  172  175  178  182  186  190  193  196  199  200
  201  200  198  194  190  186  182  178  175  173  173  173  176  178  182  186
  189  192  194  195  195  195  194  192  190  189  187  186  185  184  183  182
  179  177  173  168  165  158  155  146  139                                   
    72.5-180.0 180.0   5.0 450.0                            LAT/LON1/LON2/DLON/H
  137  140  141  144  141  145  147  150  152  153  153  154  154  154  154  155
  156  157  159  161  164  166  169  173  177  181  185  190  194  199  202  205
  206  206  205  202  198  194  189  185  182  180  180  181  184  188  192  196
  199  201  203  202  201  198  195  192  189  186  184  183  182  181  181  180
  178  176  173  169  164  159  157  153  137                                   
    70.0-180.0 180.0   5.0 450.0                            LAT/LON1/LON2/DLON/H
  138  139  142  144  142  146  149  153  155  157  156  156  155  155  155  155
  156  158  160  162  165  168  171  175  179  183  187  192  197  201  206  209
  211  212  211  209  206  201  197  192  189  188  187  189  192  196  200  203
  206  207  206  204  201  196  191  186  182  179  177  176  176  176  176  177
  175  174  172  168  164  160  161  157  138                                   
    67.5-180.0 180.0   5.0 450.0                            LAT/LON1/LON2/DLON/H
  136  139  143  147  146  151  155  160  162  164  163  163  163  162  162  162
  163  165  167  170  173  176  179  183  186  189  193  197  201  206  210  214
  217  219  219  218  215  211  207  203  200  199  199  200  202  205  208  210
  211  211  209  205  199  193  186  180  175  172  170  170  171  172  173  174
  173  172  170  167  162  159  160  156  136                                   
    65.0-180.0 180.0   5.0 450.0                            LAT/LON1/LON2/DLON/H
  131  135  137  143  143  149  155  161  165  168  168  169  168  168  168  169
  170  172  174  177  180  183  186  189  191  193  196  199  202  206  211  215
  219  221  222  222  220  217  214  210  208  206  205  206  207  209  210  210
  209  207  203  198  191  183  176  170  166  163  162  163  164  165  167  168
  167  166  165  162  158  156  157  154  131                                   
    62.5-180.0 180.0   5.0 450.0                            LAT/LON1/LON2/DLON/H
  122  125  127  132  134  142  149  157  163  167  169  171  172  173  174  175
  176  178  181  184  186  189  192  194  195  197  198  200  202  206  210  214
  218  221  224  224  223  221  219  216  214  213  212  211  211  210  209  208
  205  201  196  190  183  176  170  164  161  159  159  160  161  162  162  162
  160  158  157  154  149  146  147  145  122                                   
    60.0-180.0 180.0   5.0 450.0                            LAT/LON1/LON2/DLON/H
  111  111  113  117  119  127  136  145  153  160  165  169  172  174  176  178
  180  182  185  187  190  192  194  196  197  198  198  199  201  204  208  212
  217  221  224  225  225  224  223  221  219  218  217  216  214  212  209  205
  201  197  192  187  181  175  170  166  164  163  164  165  165  164  162  159
  155  151  148  145  139  136  136  134  111                                   
    57.5-180.0 180.0   5.0 450.0                            LAT/LON1/LON2/DLON/H
  101   97   98  101  102  110  120  130  140  149  156  163  168  173  176  179
  182  185  187  189  191  194  196  197  199  199  200  200  202  205  209  214
  219  224  227  229  230  229  228  227  227  226  225  223  220  216  212  207
  203  199  195  192  188  184  181  179  178  178  179  179  178  174  169  163
  155  148  143  139  133  128  127  125  101                                   
    55.0-180.0 180.0   5.0 450.0                            LAT/LON1/LON2/DLON/H
   96   88   88   88   87   95  104  114  125  136  146  155  162  169  174  179
  182  186  188  190  192  194  197  199  201  202  203  204  206  209  214  219
  225  230  234  236  237  236  236  236  235  235  234  232  229  224  219  215
  211  208  206  205  203  202  200  199  199  199  200  199  196  190  182  172
  161  152  145  140  132  126  124  121   96                                   
    52.5-180.0 180.0   5.0 450.0                            LAT/LON1/LON2/DLON/H
   98   87   86   82   79   85   94  103  114  125  136  146  156  164  171  177
  182  186  189  192  194  197  200  203  206  208  209  211  213  217  223  229
  236  241  245  247  248  247  247  246  246  246  246  244  241  236  232  228
  225  224  224  225  225  224  223  222  221  221  221  219  215  208  198  186
  172  161  153  147  139  132  129  126   98                                   
    50.0-180.0 180.0   5.0 450.0                            LAT/LON1/LON2/DLON/H
  107   95   93   86   80   84   90   98  108  119  130  141  151  160  168  176
  183  188  192  195  198  202  206  211  215  218  220  222  225  229  236  243
  250  256  261  263  263  262  261  260  260  260  259  258  255  251  248  245
  244  244  245  246  246  245  242  240  238  236  235  233  229  222  212  200
  186  175  166  160  152  146  142  138  107                                   
    47.5-180.0 180.0   5.0 450.0                            LAT/LON1/LON2/DLON/H
  122  112  108   99   91   92   95  100  108  119  129  140  150  159  168  177
  185  192  197  201  205  210  215  221  227  231  234  236  239  244  251  259
  267  275  279  282  282  281  279  278  276  275  274  272  270  267  265  263
  262  263  263  263  261  257  251  246  242  239  237  236  233  228  220  211
  199  189  180  175  168  163  160  155  122                                   
    45.0-180.0 180.0   5.0 450.0                            LAT/LON1/LON2/DLON/H
  138  132  127  118  109  107  106  109  115  125  135  145  154  163  172  181
  190  198  204  209  214  220  227  234  241  246  250  252  255  260  267  276
  286  295  301  305  306  305  303  300  297  294  291  288  286  283  281  279
  278  277  275  272  265  257  248  240  233  229  228  227  227  225  221  215
  206  199  192  188  182  180  176  171  138                                   
    42.5-180.0 180.0   5.0 450.0                            LAT/LON1/LON2/DLON/H
  152  152  146  138  129  124  121  121  126  135  144  153  162  169  178  188
  197  206  213  218  223  230  238  247  255  261  265  267  270  274  282  293
  305  316  325  332  335  335  333  329  323  318  312  307  303  299  296  294
  291  287  281  273  262  249  237  226  218  213  212  213  215  216  217  215
  210  205  199  196  191  190  187  181  152                                   
    40.0-180.0 180.0   5.0 450.0                            LAT/LON1/LON2/DLON/H
  160  165  159  154  146  140  135  134  138  146  155  164  172  179  187  197
  206  215  222  227  231  238  247  257  267  274  279  281  283  289  298  311
  326  340  353  363  369  371  370  365  357  348  339  330  323  317  313  309
  303  296  285  272  256  240  226  214  206  202  201  203  206  210  212  213
  210  207  201  197  193  192  189  182  160                                   
    37.5-180.0 180.0   5.0 450.0                            LAT/LON1/LON2/DLON/H
  160  169  166  161  156  149  144  143  147  156  165  175  183  191  199  208
  217  225  230  234  238  245  254  265  276  285  290  293  297  303  315  330
  349  368  386  400  409  414  414  409  400  387  373  359  348  340  333  327
  319  307  293  276  258  241  226  216  209  206  205  207  209  212  215  216
  213  209  202  196  190  188  185  176  160                                   
    35.0-180.0 180.0   5.0 450.0                            LAT/LON1/LON2/DLON/H
  155  167  165  161  157  151  147  146  151  161  172  184  194  202  211  220
  229  235  239  241  244  250  260  272  284  294  301  306  312  321  335  355
  378  401  424  442  456  464  466  461  451  434  416  397  382  370  361  353
  342  329  311  292  274  258  245  238  233  231  230  230  229  229  229  227
  222  216  205  196  186  181  177  166  155                                   
    32.5-180.0 180.0   5.0 450.0                            LAT/LON1/LON2/DLON/H
  149  161  159  156  153  147  144  144  150  162  176  190  202  213  223  232
  241  246  249  249  251  257  267  279  292  303  313  321  330  343  362  385
  413  441  467  489  506  517  522  518  508  490  468  445  426  411  400  390
  379  363  345  326  309  295  286  282  280  279  277  273  268  263  257  251
  241  231  216  202  188  178  171  157  149                                   
    30.0-180.0 180.0   5.0 450.0                            LAT/LON1/LON2/DLON/H
  147  156  154  149  146  140  139  138  145  158  175  192  207  221  233  244
  253  258  260  260  262  267  277  289  302  316  328  340  354  372  395  423
  455  486  515  539  558  570  577  575  566  549  525  501  479  463  451  441
  429  414  396  378  364  354  349  347  346  344  339  331  321  309  298  286
  271  256  236  218  199  184  173  156  147                                   
    27.5-180.0 180.0   5.0 450.0                            LAT/LON1/LON2/DLON/H
  151  157  153  146  141  135  134  134  140  153  171  190  209  226  241  254
  264  270  273  274  276  282  291  303  317  332  348  365  384  407  436  468
  502  535  564  587  605  618  625  626  620  605  584  560  539  522  511  503
  492  479  462  447  435  428  425  424  422  417  408  395  379  362  345  327
  308  289  265  244  220  200  185  164  151                                   
    25.0-180.0 180.0   5.0 450.0                            LAT/LON1/LON2/DLON/H
  165  167  158  149  141  135  134  132  137  149  166  186  207  227  246  262
  274  282  287  290  294  300  309  321  335  352  372  394  419  448  480  515
  550  582  608  629  644  654  662  665  663  653  637  617  598  585  576  570
  562  550  535  521  511  504  501  497  490  480  466  449  429  408  388  368
  346  326  300  277  251  225  208  184  165                                   
    22.5-180.0 180.0   5.0 450.0                            LAT/LON1/LON2/DLON/H
  185  185  172  159  148  141  138  136  138  147  162  181  203  225  246  265
  281  293  301  307  313  320  329  341  357  376  399  426  456  489  525  560
  593  621  643  659  669  677  684  689  692  689  679  665  652  642  637  633
  627  615  599  583  570  561  554  544  532  516  498  479  459  438  419  399
  378  358  334  311  284  256  238  212  185                                   
    20.0-180.0 180.0   5.0 450.0                            LAT/LON1/LON2/DLON/H
  209  208  190  175  160  152  147  143  142  148  159  177  198  221  244  266
  286  302  313  322  330  338  348  361  378  401  428  458  492  527  563  596
  625  648  664  674  680  686  692  700  707  710  708  701  693  687  684  681
  673  658  639  618  599  583  569  554  536  517  498  480  463  446  430  414
  396  380  359  338  313  285  268  242  209                                   
    17.5-180.0 180.0   5.0 450.0                            LAT/LON1/LON2/DLON/H
  231  229  210  193  175  166  159  153  149  151  159  173  193  216  240  265
  288  308  323  334  344  353  364  378  398  424  455  488  523  558  591  620
  644  661  671  677  680  684  691  701  712  720  722  720  716  713  710  705
  693  674  648  619  593  569  548  527  506  486  468  455  443  433  422  410
  397  385  369  352  331  306  291  269  231                                   
    15.0-180.0 180.0   5.0 450.0                            LAT/LON1/LON2/DLON/H
  246  245  224  207  189  179  171  163  156  155  159  171  188  211  236  263
  289  312  329  342  352  362  374  392  416  446  480  515  549  582  611  635
  653  664  670  672  673  677  685  697  709  719  725  725  722  719  714  705
  688  663  630  595  561  531  504  480  457  437  422  413  408  403  398  391
  382  374  363  350  334  313  302  284  246                                   
    12.5-180.0 180.0   5.0 450.0                            LAT/LON1/LON2/DLON/H
  255  253  232  217  199  188  180  170  161  158  159  169  185  207  233  261
  290  314  333  346  356  366  380  402  431  466  504  540  572  601  625  644
  656  663  665  666  668  672  680  692  704  713  717  717  714  709  701  687
  665  634  597  558  520  487  457  432  409  391  378  372  369  368  366  362
  355  350  341  332  322  306  298  284  255                                   
    10.0-180.0 180.0   5.0 450.0                            LAT/LON1/LON2/DLON/H
  255  253  233  220  205  193  185  174  163  158  158  167  183  205  231  261
  290  316  336  348  357  368  385  411  446  487  527  563  593  617  636  650
  658  662  663  664  667  673  681  690  698  704  705  703  698  690  678  660
  634  601  563  523  485  452  424  401  380  363  351  344  341  339  337  332
  325  319  311  305  299  288  283  272  255                                   
     7.5-180.0 180.0   5.0 450.0                            LAT/LON1/LON2/DLON/H
  248  246  228  217  205  193  185  173  162  155  156  165  181  204  232  262
  292  318  337  350  359  370  391  422  463  508  551  586  612  631  644  654
