data/edconvlstm_nd/pred2750.15i
     1.0            IONOSPHERE MAPS     GNSS                IONEX VERSION / TYPE
pyspatialgeodesy        IME             05-JAN-18 20:20     PGM / RUN BY / DATE 
Map Name                                                    COMMENT             
Predicted global ionosphere maps (GIM).                     DESCRIPTION         
  2015    10     2     0     0     0                        EPOCH OF FIRST MAP  
  2015    10     3     0     0     0                        EPOCH OF LAST MAP   
  7200                                                      INTERVAL            
    13                                                      # OF MAPS IN FILE   
  NONE                                                      MAPPING FUNCTION    
10.0                                                        ELEVATION CUTOFF    
One-way carrier phase leveled to code                       OBSERVABLES USED    
  6371.0                                                    BASE RADIUS         
 2                                                          MAP DIMENSION       
   450.0 450.0   0.0                                        HGT1 / HGT2 / DHGT  
    87.5 -87.5  -2.5                                        LAT1 / LAT2 / DLAT  
  -180.0 180.0   5.0                                        LON1 / LON2 / DLON  
    -1                                                      EXPONENT            
                                                            END OF HEADER       
[from data line 4290]
    11                                                      START OF TEC MAP    
  2015    10     2    20     0     0                        EPOCH OF CURRENT MAP
    87.5-180.0 180.0   5.0 450.0                            LAT/LON1/LON2/DLON/H
  145  139  127  136  139  139  141  140  141  144  144  146  147  148  149  150
  150  151  151  151  150  150  150  149  149  148  147  146  145  144  142  141
  139  138  136  134  132  130  128  126  124  122  120  119  117  115  114  113
  111  110  109  109  108  108  108  108  108  108  108  109  110  111  112  112
  113  115  115  117  129  128  139  141  145                                   
    85.0-180.0 180.0   5.0 450.0                            LAT/LON1/LON2/DLON/H
  140  136  143  136  136  143  145  149  150  154  154  157  158  159  160  161
  162  162  162  162  162  162  161  161  160  159  158  157  155  154  152  151
  149  147  144  142  140  137  134  132  129  126  124  121  118  116  114  112
  110  108  106  105  104  104  103  103  103  103  104  104  105  106  108  109
  111  113  113  114  118  118  121  125  140                                   
    82.5-180.0 180.0   5.0 450.0                            LAT/LON1/LON2/DLON/H
  118  119  122  122  126  132  139  143  145  149  152  155  157  159  160  161
  162  162  162  162  161  161  160  160  159  159  158  157  156  154  152  150
  148  146  143  140  137  134  130  126  123  119  115  111  107  104  100   97
   95   92   90   89   88   87   86   85   85   86   86   87   87   89   90   91
   93   95   96  102  106  116  108  111  118                                   
    80.0-180.0 180.0   5.0 450.0                            LAT/LON1/LON2/DLON/H
  103  105  114  114  118  121  132  139  144  150  153  157  159  161  162  162
  162  161  160  158  158  157  156  156  155  155  154  153  152  151  149  147
  145  143  141  138  135  131  127  123  119  114  109  105  101   96   93   90
   87   84   82   81   80   79   78   78   77   77   78   78   79   80   82   83
   86   88   89   94   94   97   94  104  103                                   
    77.5-180.0 180.0   5.0 450.0                            LAT/LON1/LON2/DLON/H
  102   97  105  105  112  116  126  133  139  145  150  154  157  159  158  157
  155  153  150  148  146  145  145  145  145  146  146  146  146  146  145  144
  143  142  140  138  135  132  128  124  120  115  110  105  100   95   92   88
   86   83   82   80   79   78   78   77   77   76   76   76   76   77   78   79
   81   82   85   88   91   91   93  105  102                                   
    75.0-180.0 180.0   5.0 450.0                            LAT/LON1/LON2/DLON/H
   99   97  100  101  106  112  120  127  136  144  149  154  157  158  156  154
  150  145  141  138  135  134  134  135  136  137  138  138  139  139  139  139
  138  138  138  137  135  133  130  127  123  118  114  109  104  101   97   95
   93   91   90   89   88   88   87   86   85   85   84   84   84   84   84   86
   86   88   91   91   91   90   91   92   99                                   
    72.5-180.0 180.0   5.0 450.0                            LAT/LON1/LON2/DLON/H
   99   96   97  102  102  108  116  123  131  140  147  152  155  156  153  148
  142  135  129  124  121  120  119  120  121  123  124  124  124  124  124  125
  125  126  126  127  127  126  124  122  118  114  110  106  103  100   97   96
   95   94   93   93   92   92   91   90   89   88   88   87   87   86   86   87
   87   89   91   90   89   90   93   98   99                                   
    70.0-180.0 180.0   5.0 450.0                            LAT/LON1/LON2/DLON/H
  104  100  100  102  102  106  112  121  131  140  149  155  158  158  154  147
  139  131  123  118  114  113  112  113  114  115  115  114  113  112  111  111
  111  112  113  115  115  115  115  113  111  108  104  101   99   97   96   95
   95   95   95   95   95   94   93   92   91   90   90   89   89   88   89   89
   89   91   94   94   94   95  100  103  104                                   
    67.5-180.0 180.0   5.0 450.0                            LAT/LON1/LON2/DLON/H
  110  108  108  111  111  115  121  131  140  151  160  167  171  170  164  156
  147  137  128  122  118  116  116  116  116  115  113  111  108  104  102  100
  100  100  101  102  103  104  104  103  101   99   97   95   94   93   93   93
   94   94   94   94   93   93   92   91   90   90   90   90   90   90   90   90
   90   92   94   95   94   98  102  105  110                                   
    65.0-180.0 180.0   5.0 450.0                            LAT/LON1/LON2/DLON/H
  114  114  115  119  119  123  130  139  150  162  172  180  184  183  177  169
  159  149  141  135  132  130  129  128  126  123  118  113  107  102   97   93
   91   90   90   90   91   91   90   89   88   87   85   84   84   84   85   85
   86   86   86   85   84   82   81   81   80   81   81   82   83   83   84   84
   84   87   90   92   94   99  105  109  114                                   
    62.5-180.0 180.0   5.0 450.0                            LAT/LON1/LON2/DLON/H
  117  120  123  129  131  137  144  154  165  177  188  196  200  200  195  187
  178  170  163  158  155  153  151  148  144  138  130  122  114  106   99   94
   89   86   84   83   81   80   79   78   77   76   75   75   76   76   77   77
   77   76   75   74   72   70   69   69   70   71   72   74   76   76   77   78
   78   80   83   85   88   95  101  106  117                                   
    60.0-180.0 180.0   5.0 450.0                            LAT/LON1/LON2/DLON/H
  118  125  131  139  144  150  159  169  180  192  202  211  215  216  212  207
  200  194  190  186  184  182  178  173  166  158  148  139  129  120  111  103
   96   91   86   82   79   76   74   72   71   70   70   71   71   71   71   70
   69   67   65   63   61   59   58   58   60   62   64   67   68   69   70   71
   70   72   75   78   82   91   98  104  118                                   
    57.5-180.0 180.0   5.0 450.0                            LAT/LON1/LON2/DLON/H
  118  129  139  149  158  166  175  186  196  206  216  223  228  229  227  224
  221  218  217  215  214  211  206  199  190  180  170  160  150  141  131  122
  112  104   96   90   84   79   76   73   72   72   72   73   73   72   70   68
   65   62   59   57   55   53   53   53   55   58   61   64   66   67   67   67
   67   68   71   74   77   87   94  101  118                                   
    55.0-180.0 180.0   5.0 450.0                            LAT/LON1/LON2/DLON/H
  120  135  148  161  173  183  193  203  212  221  228  234  238  239  240  239
  239  240  240  241  239  236  229  221  211  201  192  184  175  166  157  146
  134  123  113  104   96   90   85   82   81   81   82   82   82   79   75   71
   66   62   59   57   55   54   54   56   58   61   64   67   69   69   70   69
   69   70   73   75   78   87   95  102  120                                   
    52.5-180.0 180.0   5.0 450.0                            LAT/LON1/LON2/DLON/H
  125  143  159  174  188  200  211  220  227  234  239  243  245  247  248  250
  253  256  258  260  258  254  247  238  228  220  213  207  201  193  183  171
  157  144  131  120  111  105  100   97   96   97   98   98   95   91   85   79
   73   68   65   63   63   63   64   66   68   71   74   76   77   77   76   76
   75   77   80   83   86   94  101  107  125                                   
    50.0-180.0 180.0   5.0 450.0                            LAT/LON1/LON2/DLON/H
  134  153  172  187  203  217  228  237  244  248  251  253  254  254  256  259
  263  268  272  273  272  267  259  250  242  235  231  228  223  216  205  191
  176  161  147  136  127  120  116  114  114  115  116  115  112  106   98   90
   83   79   76   75   75   76   78   80   83   85   87   88   88   87   86   86
   86   88   93   96   99  107  114  117  134                                   
    47.5-180.0 180.0   5.0 450.0                            LAT/LON1/LON2/DLON/H
  147  166  186  200  217  232  244  253  259  263  264  264  264  264  265  269
  273  278  282  283  281  276  268  260  253  249  247  245  240  232  220  204
  186  170  156  146  138  134  131  130  130  132  133  132  127  119  110  101
   94   90   89   89   90   91   93   96   98  100  101  101  100   98   97   97
   97  101  107  113  117  123  131  132  147                                   
    45.0-180.0 180.0   5.0 450.0                            LAT/LON1/LON2/DLON/H
  161  180  199  213  229  244  256  267  274  279  279  279  277  277  277  280
  284  288  291  292  289  284  276  269  263  260  259  256  250  239  224  206
  187  171  158  150  145  142  141  141  142  144  145  143  138  129  119  110
  103  100   99  100  101  102  104  106  108  110  111  111  109  107  106  106
  107  112  120  128  134  141  150  150  161                                   
    42.5-180.0 180.0   5.0 450.0                            LAT/LON1/LON2/DLON/H
  175  193  210  223  238  253  266  278  287  293  295  296  294  293  293  294
  297  300  302  302  299  293  285  279  274  271  268  263  253  239  221  201
  182  167  156  150  148  147  147  148  149  151  151  149  142  133  123  114
  108  106  105  105  105  106  107  109  111  113  114  115  114  112  111  111
  113  120  129  139  147  155  166  167  175                                   
    40.0-180.0 180.0   5.0 450.0                            LAT/LON1/LON2/DLON/H
  185  203  219  231  244  258  272  286  297  307  311  313  313  312  311  312
  313  315  316  315  311  305  297  290  284  280  274  265  252  234  214  195
  177  164  156  152  151  151  151  152  152  153  153  149  142  133  123  115
  110  107  106  104  103  102  102  104  106  109  112  113  113  113  112  113
  115  122  133  144  154  165  177  181  185                                   
    37.5-180.0 180.0   5.0 450.0                            LAT/LON1/LON2/DLON/H
  192  210  224  235  247  260  275  290  305  318  326  330  332  331  331  331
  331  331  332  330  326  319  310  302  295  288  280  268  251  233  213  196
  181  171  164  161  159  158  157  156  155  154  152  148  140  131  121  114
  110  107  104  100   97   94   93   94   97  101  105  108  109  110  110  111
  113  120  132  143  155  168  181  188  192                                   
    35.0-180.0 180.0   5.0 450.0                            LAT/LON1/LON2/DLON/H
  196  214  228  238  249  260  275  292  309  325  337  344  348  349  349  348
  348  348  348  346  342  333  323  313  304  296  286  273  257  240  224  211
  201  193  186  181  176  172  168  164  160  157  154  148  140  130  122  115
  111  107  102   97   91   86   85   86   90   94   99  102  105  107  108  109
  111  118  129  140  151  166  181  190  196                                   
    32.5-180.0 180.0   5.0 450.0                            LAT/LON1/LON2/DLON/H
  199  218  232  239  250  259  275  293  312  330  344  354  360  362  363  364
  364  364  364  362  356  346  335  323  314  305  295  284  272  260  252  245
  240  233  223  213  203  193  184  176  170  165  159  153  144  135  127  121
  116  111  105   98   90   85   83   84   88   93   97  101  104  106  107  109
  111  117  128  138  147  163  178  188  199                                   
    30.0-180.0 180.0   5.0 450.0                            LAT/LON1/LON2/DLON/H
  204  223  236  242  252  259  275  293  313  333  349  360  368  372  374  375
  376  377  377  374  367  357  344  332  323  316  310  304  299  296  296  297
  295  287  273  254  236  219  204  193  184  178  171  163  154  146  138  133
  128  122  115  106   98   92   90   91   95   99  102  105  107  109  111  113
  115  122  131  140  148  162  179  188  204                                   
    27.5-180.0 180.0   5.0 450.0                            LAT/LON1/LON2/DLON/H
  211  229  242  246  256  263  278  295  315  335  352  364  373  379  382  385
  386  387  387  383  376  365  352  342  336  333  332  333  337  344  353  361
  361  349  327  298  269  245  225  211  201  194  187  179  170  162  155  150
  145  139  131  122  114  109  107  108  110  112  114  115  115  116  118  121
  124  132  141  148  154  167  183  191  211                                   
    25.0-180.0 180.0   5.0 450.0                            LAT/LON1/LON2/DLON/H
  222  237  249  253  263  270  284  300  320  339  355  368  378  385  390  393
  395  396  395  391  383  373  362  355  353  355  362  371  384  400  417  428
  426  408  374  334  296  264  241  226  217  210  204  196  188  180  175  170
  165  159  151  143  136  132  130  130  130  130  129  127  125  124  127  131
  135  144  154  161  166  177  193  199  222                                   
    22.5-180.0 180.0   5.0 450.0                            LAT/LON1/LON2/DLON/H
  234  246  257  262  274  281  295  310  329  346  362  375  385  393  399  404
  407  407  406  401  393  385  377  374  377  385  398  415  435  457  476  485
  477  448  403  353  307  271  247  234  227  223  218  211  204  198  193  189
  184  179  172  166  161  157  155  154  151  147  142  137  133  131  133  138
  144  156  167  176  181  190  205  211  234                                   
    20.0-180.0 180.0   5.0 450.0                            LAT/LON1/LON2/DLON/H
  247  256  267  273  287  295  310  324  341  358  373  386  397  406  413  419
  423  423  421  416  410  404  401  402  409  422  439  459  481  503  517  518
  499  460  406  349  300  264  242  232  229  227  225  220  214  209  205  202
  199  194  189  185  182  180  178  174  168  161  153  144  138  134  135  141
  149  163  175  187  194  203  218  225  247                                   
    17.5-180.0 180.0   5.0 450.0                            LAT/LON1/LON2/DLON/H
  257  266  277  285  301  311  327  340  357  373  389  402  414  425  433  441
  445  447  445  441  436  434  435  440  450  464  481  499  516  528  532  519
  489  441  383  326  279  246  228  222  223  224  224  221  216  212  210  208
  205  202  200  198  197  196  193  187  178  168  158  148  139  134  134  139
  147  163  177  191  201  212  228  238  257                                   
    15.0-180.0 180.0   5.0 450.0                            LAT/LON1/LON2/DLON/H
  263  274  287  297  316  328  345  358  375  391  407  422  435  447  458  468
  475  478  477  475  474  475  479  487  497  508  519  528  532  530  518  492
  452  400  345  293  252  225  212  210  213  217  217  215  212  209  207  206
  204  202  201  202  202  202  198  191  181  169  158  147  138  132  130  134
  141  157  172  188  201  215  233  247  263                                   
    12.5-180.0 180.0   5.0 450.0                            LAT/LON1/LON2/DLON/H
  266  281  297  309  331  344  362  375  392  409  426  443  458  472  486  498
  508  515  517  518  520  524  530  537  544  548  547  541  530  512  486  449
  404  354  305  263  230  210  202  202  206  210  210  208  204  202  201  199
  197  195  195  196  198  198  194  186  176  165  154  144  135  129  126  128
  133  147  162  178  194  213  234  251  266                                   
    10.0-180.0 180.0   5.0 450.0                            LAT/LON1/LON2/DLON/H
  267  288  307  321  344  359  379  391  408  426  444  462  479  496  512  528
  542  553  560  565  570  575  580  584  582  574  560  539  514  484  447  405
  360  316  278  246  223  209  204  205  207  208  206  203  200  197  194  191
  188  185  184  185  187  187  184  178  169  159  149  140  132  126  123  123
  126  138  151  167  185  208  231  251  267                                   
     7.5-180.0 180.0   5.0 450.0                            LAT/LON1/LON2/DLON/H
  268  295  318  333  357  373  394  407  424  441  460  479  497  515  533  552
  570  585  597  606  614  619  620  616  605  585  558  526  492  455  415  373
