data/edconvlstm_nd/pred0640.15i
     1.0            IONOSPHERE MAPS     GNSS                IONEX VERSION / TYPE
pyspatialgeodesy        IME             05-JAN-18 20:20     PGM / RUN BY / DATE 
Map Name                                                    COMMENT             
Predicted global ionosphere maps (GIM).                     DESCRIPTION         
  2015     3     5     0     0     0                        EPOCH OF FIRST MAP  
  2015     3     6     0     0     0                        EPOCH OF LAST MAP   
  7200                                                      INTERVAL            
    13                                                      # OF MAPS IN FILE   
  NONE                                                      MAPPING FUNCTION    
10.0                                                        ELEVATION CUTOFF    
One-way carrier phase leveled to code                       OBSERVABLES USED    
  6371.0                                                    BASE RADIUS         
 2                                                          MAP DIMENSION       
   450.0 450.0   0.0                                        HGT1 / HGT2 / DHGT  
    87.5 -87.5  -2.5                                        LAT1 / LAT2 / DLAT  
  -180.0 180.0   5.0                                        LON1 / LON2 / DLON  
    -1                                                      EXPONENT            
                                                            END OF HEADER       
[from data line 3003]
     8                                                      START OF TEC MAP    
  2015     3     5    14     0     0                        EPOCH OF CURRENT MAP
    87.5-180.0 180.0   5.0 450.0                            LAT/LON1/LON2/DLON/H
  135  143  142  150  154  156  156  156  158  161  161  163  164  165  166  167
  168  169  170  171  171  172  172  173  173  173  174  174  174  173  173  172
  171  170  169  168  166  164  162  160  158  157  155  153  152  150  149  148
  147  147  146  146  145  145  145  145  145  145  144  144  144  144  144  144
  144  145  143  142  148  144  152  146  135                                   
    85.0-180.0 180.0   5.0 450.0                            LAT/LON1/LON2/DLON/H
  132  140  152  147  149  155  156  160  162  165  165  167  169  170  171  173
  174  175  176  177  178  178  179  180  180  181  181  182  182  182  181  181
  180  178  177  175  173  171  168  166  163  161  159  157  155  154  153  152
  151  151  151  151  151  151  151  151  151  151  151  151  150  150  149  149
  149  149  144  141  140  138  142  142  132                                   
    82.5-180.0 180.0   5.0 450.0                            LAT/LON1/LON2/DLON/H
  111  124  129  127  129  136  140  144  146  149  152  155  157  159  161  163
  165  167  168  170  171  173  174  176  177  179  180  181  182  183  183  183
  182  180  178  176  173  170  166  163  159  156  153  150  147  146  144  143
  142  142  142  143  143  144  144  145  145  145  145  145  144  142  140  139
  137  135  130  129  125  130  123  118  111                                   
    80.0-180.0 180.0   5.0 450.0                            LAT/LON1/LON2/DLON/H
   93   99  105  106  107  110  116  122  127  131  134  138  140  143  146  148
  151  153  155  157  159  161  162  164  166  169  171  173  175  176  177  177
  177  175  173  170  167  163  158  154  149  145  141  137  134  132  131  130
  130  131  132  133  134  136  138  139  140  141  141  140  139  137  134  131
  127  123  117  114  106  105  102  100   93                                   
    77.5-180.0 180.0   5.0 450.0                            LAT/LON1/LON2/DLON/H
   89   85   88   89   89   93   98  103  108  112  115  119  123  126  129  132
  135  138  140  143  145  148  151  154  157  160  164  167  170  173  176  177
  178  178  177  174  171  167  162  157  151  146  141  137  134  131  130  129
  129  130  131  133  135  137  139  142  143  144  144  143  141  138  134  128
  123  116  109  105   99   89   87   88   89                                   
    75.0-180.0 180.0   5.0 450.0                            LAT/LON1/LON2/DLON/H
   84   80   78   80   81   85   88   92   96  100  103  107  110  114  118  121
  125  128  132  135  139  142  146  150  154  158  163  167  172  176  180  182
  184  185  185  183  180  176  172  166  161  155  150  145  141  138  136  135
  134  134  135  136  138  140  142  144  146  148  148  147  145  141  137  131
  123  116  108  100   95   85   81   73   84                                   
    72.5-180.0 180.0   5.0 450.0                            LAT/LON1/LON2/DLON/H
   85   82   79   82   82   85   88   90   93   95   98  101  104  108  112  117
  122  127  132  137  141  146  150  155  159  164  169  173  178  183  187  191
  194  196  198  197  196  193  189  184  178  173  168  163  158  155  151  148
  146  144  143  142  141  142  143  144  145  146  146  146  144  140  136  130
  123  115  108  100   94   86   84   80   85                                   
    70.0-180.0 180.0   5.0 450.0                            LAT/LON1/LON2/DLON/H
   91   88   86   89   89   91   91   93   94   95   97   99  102  105  110  116
  123  130  137  144  150  156  161  166  171  175  179  183  187  191  196  200
  204  208  210  211  211  209  206  202  197  192  187  182  178  173  168  163
  158  152  147  143  139  136  134  133  133  133  133  133  132  129  126  122
  117  110  105   98   95   90   90   86   91                                   
    67.5-180.0 180.0   5.0 450.0                            LAT/LON1/LON2/DLON/H
   92   95   95   98   99  102  102  102  102  102  102  104  106  110  116  123
  132  141  151  160  168  175  181  185  189  192  194  196  198  201  204  209
  213  218  222  224  225  225  223  220  216  212  208  203  198  192  185  177
  169  159  150  141  133  126  121  117  115  113  113  113  112  112  111  109
  106  102   99   93   92   91   91   88   92                                   
    65.0-180.0 180.0   5.0 450.0                            LAT/LON1/LON2/DLON/H
   88   96   97  101  103  106  106  106  105  105  104  105  108  112  119  128
  139  151  163  174  183  192  198  203  206  207  207  206  206  208  211  215
  221  226  231  235  237  238  237  235  232  229  226  221  215  207  198  187
  175  161  147  134  121  110  101   94   89   86   85   85   86   86   87   87
   86   86   85   82   84   87   89   88   88                                   
    62.5-180.0 180.0   5.0 450.0                            LAT/LON1/LON2/DLON/H
   77   88   91   97   99  104  105  105  105  105  104  105  107  112  121  132
  146  160  173  186  197  206  213  217  218  217  215  213  211  211  214  219
  226  233  239  244  246  247  247  246  244  241  238  233  226  217  205  191
  175  158  141  124  108   94   82   73   66   62   60   60   61   62   64   66
   66   67   69   67   71   76   78   79   77                                   
    60.0-180.0 180.0   5.0 450.0                            LAT/LON1/LON2/DLON/H
   64   74   78   84   87   92   94   96   97   97   97   98  101  107  117  131
  146  163  178  192  204  214  220  224  224  222  219  215  212  213  216  223
  231  240  248  253  256  257  257  256  254  252  248  242  234  223  209  192
  174  155  136  118  101   85   72   61   53   47   44   44   45   46   48   51
   52   53   54   53   58   62   65   67   64                                   
    57.5-180.0 180.0   5.0 450.0                            LAT/LON1/LON2/DLON/H
   52   60   64   69   72   76   80   83   85   86   87   88   91   99  110  126
  144  162  179  194  206  216  223  226  226  224  220  217  215  216  222  230
  241  251  259  265  268  269  268  267  265  263  259  252  243  230  214  196
  177  158  139  122  105   90   76   64   55   49   45   44   44   45   47   48
   49   48   49   47   51   53   55   58   52                                   
    55.0-180.0 180.0   5.0 450.0                            LAT/LON1/LON2/DLON/H
   47   51   54   57   58   62   67   70   72   74   75   76   80   88  101  118
  138  159  177  193  205  215  222  226  227  226  223  221  221  224  232  242
  254  266  274  279  282  282  281  279  278  275  270  263  253  239  222  204
  186  168  152  137  123  109   95   83   73   66   62   60   59   59   60   60
   58   56   56   52   53   52   54   56   47                                   
    52.5-180.0 180.0   5.0 450.0                            LAT/LON1/LON2/DLON/H
   52   52   52   53   52   55   58   60   63   64   64   65   69   77   92  111
  133  155  175  191  203  213  221  226  229  230  230  230  232  237  247  259
  272  283  291  296  297  297  295  293  290  287  282  275  264  250  234  217
  200  186  173  161  149  137  124  112  103   95   90   88   87   86   85   84
   80   76   73   67   66   63   63   62   52                                   
    50.0-180.0 180.0   5.0 450.0                            LAT/LON1/LON2/DLON/H
   67   64   61   59   56   56   58   58   60   60   59   59   62   71   86  108
  132  155  175  192  204  215  223  230  236  240  242  245  249  256  267  279
  291  301  308  312  312  311  308  306  303  299  294  286  276  263  248  233
  219  207  197  188  178  166  154  143  133  126  122  120  119  117  116  113
  107  101   96   90   87   83   82   77   67                                   
    47.5-180.0 180.0   5.0 450.0                            LAT/LON1/LON2/DLON/H
   88   85   79   74   69   67   66   64   64   63   60   59   62   71   87  109
  135  159  180  196  209  220  230  239  247  254  259  264  270  278  288  298
  308  316  321  324  324  322  320  317  313  309  303  296  287  275  262  249
  237  227  219  210  200  188  175  163  154  148  145  144  144  143  141  137
  131  125  118  113  111  108  108   99   88                                   
    45.0-180.0 180.0   5.0 450.0                            LAT/LON1/LON2/DLON/H
  111  110  102   95   88   84   81   77   74   72   68   66   69   78   95  118
  144  168  189  206  218  229  240  251  261  270  278  285  291  298  305  313
  320  325  329  331  332  331  329  326  322  316  310  303  295  285  274  262
  251  241  231  221  209  195  180  167  158  154  153  154  155  155  153  150
  144  138  132  128  130  130  131  121  111                                   
    42.5-180.0 180.0   5.0 450.0                            LAT/LON1/LON2/DLON/H
  126  130  122  116  110  104   98   92   88   84   80   79   81   91  108  132
  158  182  202  218  230  241  252  263  275  286  295  302  308  312  317  322
  327  331  335  338  341  342  341  338  332  325  317  309  302  293  283  271
  259  246  234  220  205  187  170  156  147  145  146  148  150  150  149  147
  142  138  133  132  137  142  144  136  126                                   
    40.0-180.0 180.0   5.0 450.0                            LAT/LON1/LON2/DLON/H
  131  139  134  132  128  120  114  106  101   98   94   94   98  108  127  150
  175  198  217  231  242  252  262  274  285  296  306  313  317  321  325  329
  333  339  345  352  358  362  362  358  349  339  329  319  310  301  290  277
  262  246  229  212  193  172  153  138  130  128  130  134  136  136  135  134
  130  128  124  124  132  141  144  137  131                                   
    37.5-180.0 180.0   5.0 450.0                            LAT/LON1/LON2/DLON/H
  124  136  136  138  137  129  124  117  112  109  107  108  114  127  146  170
  194  215  232  245  255  263  271  281  291  302  311  318  323  328  333  339
  347  357  369  380  391  397  398  392  381  366  350  336  324  313  299  283
  264  245  225  205  184  162  142  127  119  118  121  124  125  124  122  121
  118  115  112  111  118  127  132  127  124                                   
    35.0-180.0 180.0   5.0 450.0                            LAT/LON1/LON2/DLON/H
  113  126  129  135  137  130  127  121  118  116  116  120  129  144  165  188
  212  232  248  259  267  274  280  287  295  304  313  321  329  337  347  360
  375  393  412  431  446  455  455  446  429  408  386  366  349  333  316  296
  274  252  231  211  191  171  151  137  130  129  131  132  130  126  123  121
  116  112  106  102  106  112  116  111  113                                   
    32.5-180.0 180.0   5.0 450.0                            LAT/LON1/LON2/DLON/H
  103  115  120  126  129  125  124  120  119  119  121  128  139  157  180  204
  227  247  262  274  281  286  289  293  299  308  317  328  340  355  373  396
  421  449  478  505  524  533  531  518  496  468  438  411  387  366  345  322
  298  276  257  240  224  207  190  178  171  170  169  167  161  153  147  142
  135  128  118  108  107  105  106   99  103                                   
    30.0-180.0 180.0   5.0 450.0                            LAT/LON1/LON2/DLON/H
  101  109  112  119  121  117  119  117  117  118  122  130  144  164  189  215
  239  260  276  289  296  300  302  304  308  316  327  342  362  386  415  448
  487  528  569  603  624  631  623  604  575  541  504  470  439  413  388  364
  341  321  307  296  287  275  262  252  245  241  237  230  219  207  198  190
  181  170  155  138  128  116  111   98  101                                   
    27.5-180.0 180.0   5.0 450.0                            LAT/LON1/LON2/DLON/H
  109  112  110  116  117  112  114  113  114  116  119  128  143  166  193  222
  248  271  290  304  314  318  318  319  322  331  346  368  397  431  471  519
  572  627  678  714  732  731  717  691  657  619  578  539  503  473  446  423
  403  388  381  378  376  371  362  353  344  338  329  316  301  285  273  263
  251  236  216  193  172  149  134  112  109                                   
    25.0-180.0 180.0   5.0 450.0                            LAT/LON1/LON2/DLON/H
  131  128  118  120  118  112  114  112  112  113  116  123  139  163  193  224
  254  280  303  320  332  337  338  339  343  355  376  406  443  488  541  600
  665  729  783  815  824  813  789  760  725  688  648  609  573  542  516  496
  480  472  471  476  481  481  475  465  454  444  430  414  394  376  362  351
  337  320  294  266  235  202  175  143  131                                   
    22.5-180.0 180.0   5.0 450.0                            LAT/LON1/LON2/DLON/H
  162  156  136  131  125  117  117  113  112  112  112  118  133  158  190  224
  257  287  314  336  350  358  360  362  369  386  415  452  499  554  616  683
  752  816  862  882  877  856  827  797  767  736  704  670  639  612  591  575
  565  561  564  573  580  581  575  562  548  534  518  499  479  461  448  437
  423  407  377  345  306  265  230  188  162                                   
    20.0-180.0 180.0   5.0 450.0                            LAT/LON1/LON2/DLON/H
  199  191  162  148  136  124  122  116  113  111  109  114  128  153  186  222
  259  293  324  349  367  377  382  387  400  423  458  505  562  625  691  758
  821  871  899  902  885  857  827  801  779  759  739  716  694  675  661  650
  644  641  644  649  652  649  638  621  603  585  568  551  534  519  509  499
  487  474  445  413  369  326  288  240  199                                   
    17.5-180.0 180.0   5.0 450.0                            LAT/LON1/LON2/DLON/H
  231  225  191  168  149  134  128  121  116  112  108  111  124  149  183  222
  261  299  333  361  382  395  403  412  430  460  505  562  627  693  755  812
  857  886  895  883  858  828  801  781  770  763  755  745  734  725  718  713
  707  701  696  691  683  671  653  631  610  591  575  561  550  540  533  525
  514  505  480  451  411  368  334  284  231                                   
    15.0-180.0 180.0   5.0 450.0                            LAT/LON1/LON2/DLON/H
  251  246  214  185  161  144  136  127  120  114  109  111  123  148  182  223
  265  305  342  372  394  409  421  435  459  497  553  618  683  742  791  830
  856  866  860  841  813  786  765  754  753  756  758  759  759  759  759  756
  747  733  715  695  673  650  625  600  578  561  549  541  535  529  524  515
  505  497  478  453  420  381  354  307  251                                   
    12.5-180.0 180.0   5.0 450.0                            LAT/LON1/LON2/DLON/H
  257  250  222  194  169  151  143  133  125  118  113  114  126  150  186  227
  271  313  350  381  405  421  436  455  487  535  597  661  716  759  793  815
  826  825  812  793  771  751  739  735  740  748  757  764  772  779  782  779
  764  739  705  669  633  600  571  547  529  516  510  508  506  502  496  483
  470  461  447  426  401  368  346  303  257                                   
    10.0-180.0 180.0   5.0 450.0                            LAT/LON1/LON2/DLON/H
  251  240  216  192  171  153  146  137  130  123  118  120  132  157  193  235
  280  322  359  390  414  432  451  477  517  571  631  684  725  754  773  784
  788  784  773  760  747  737  733  735  742  750  760  769  779  787  790  783
  761  725  678  628  582  544  515  495  484  479  479  481  481  476  464  445
  426  414  401  382  364  337  319  280  251                                   
     7.5-180.0 180.0   5.0 450.0                            LAT/LON1/LON2/DLON/H
  236  221  201  184  167  152  147  139  133  128  124  128  141  167  203  245
  290  332  369  399  424  445  469  502  547  600  652  694  722  740  752  758
