data/edconvlstm_nd/pred2640.15i
     1.0            IONOSPHERE MAPS     GNSS                IONEX VERSION / TYPE
pyspatialgeodesy        IME             05-JAN-18 20:20     PGM / RUN BY / DATE 
Map Name                                                    COMMENT             
Predicted global ionosphere maps (GIM).                     DESCRIPTION         
  2015     9    21     0     0     0                        EPOCH OF FIRST MAP  
  2015     9    22     0     0     0                        EPOCH OF LAST MAP   
  7200                                                      INTERVAL            
    13                                                      # OF MAPS IN FILE   
  NONE                                                      MAPPING FUNCTION    
10.0                                                        ELEVATION CUTOFF    
One-way carrier phase leveled to code                       OBSERVABLES USED    
  6371.0                                                    BASE RADIUS         
 2                                                          MAP DIMENSION       
   450.0 450.0   0.0                                        HGT1 / HGT2 / DHGT  
    87.5 -87.5  -2.5                                        LAT1 / LAT2 / DLAT  
  -180.0 180.0   5.0                                        LON1 / LON2 / DLON  
    -1                                                      EXPONENT            
                                                            END OF HEADER       
[from data line 1716]
     5                                                      START OF TEC MAP    
  2015     9    21     8     0     0                        EPOCH OF CURRENT MAP
    87.5-180.0 180.0   5.0 450.0                            LAT/LON1/LON2/DLON/H
   68   75   74   77   78   78   77   72   73   74   74   74   74   74   73   73
   73   72   72   72   71   71   71   71   70   70   70   70   69   69   69   69
   69   69   69   69   69   69   69   69   69   69   69   69   69   69   68   68
   68   68   68   68   67   67   67   66   66   66   66   66   65   65   65   66
   67   68   67   67   73   77   87   85   68                                   
    85.0-180.0 180.0   5.0 450.0                            LAT/LON1/LON2/DLON/H
   68   84   87   82   83   86   85   84   84   85   83   84   83   82   82   81
   80   80   79   79   79   79   78   78   78   78   78   78   78   79   79   79
   79   80   80   80   81   81   81   82   82   82   82   82   82   82   82   82
   81   81   80   80   79   78   78   77   77   76   76   75   75   75   75   76
   77   79   75   75   76   81   90   88   68                                   
    82.5-180.0 180.0   5.0 450.0                            LAT/LON1/LON2/DLON/H
   72   83   93   86   85   88   87   86   86   86   85   84   83   82   80   79
   78   77   76   75   75   74   74   74   74   74   75   75   76   76   77   78
   79   80   81   83   84   85   86   87   88   89   90   91   91   91   92   92
   91   91   90   90   89   88   87   85   84   83   82   81   81   80   79   80
   81   81   78   78   82   84   82   80   72                                   
    80.0-180.0 180.0   5.0 450.0                            LAT/LON1/LON2/DLON/H
   79   84   91   87   87   86   86   85   85   84   81   80   78   75   73   71
   70   68   67   66   66   66   66   66   66   67   68   69   70   72   73   75
   77   79   81   84   86   89   91   93   95   97   99  100  102  103  103  104
  104  103  102  101  100   98   96   94   92   90   88   87   85   84   82   82
   82   81   81   80   82   87   89   84   79                                   
    77.5-180.0 180.0   5.0 450.0                            LAT/LON1/LON2/DLON/H
   83   86   89   86   84   86   85   84   83   81   77   76   72   70   67   64
   62   61   59   59   58   58   58   59   60   61   62   63   65   67   69   72
   75   79   82   86   90   94   98  101  105  108  111  113  116  118  120  121
  122  122  121  120  118  115  112  109  106  102   99   96   94   91   89   88
   86   85   82   83   82   80   82   83   83                                   
    75.0-180.0 180.0   5.0 450.0                            LAT/LON1/LON2/DLON/H
   77   83   82   81   80   83   81   79   77   74   70   67   63   59   56   54
   52   50   49   48   48   48   49   50   51   52   54   56   58   60   64   67
   71   75   80   85   90   96  101  106  111  115  120  124  128  131  134  136
  138  138  138  136  134  131  127  122  118  113  109  105  102   98   95   92
   89   86   83   79   79   77   79   78   77                                   
    72.5-180.0 180.0   5.0 450.0                            LAT/LON1/LON2/DLON/H
   76   81   81   79   80   84   83   80   77   74   69   65   61   57   54   51
   49   48   47   46   46   46   47   48   49   50   52   54   56   58   62   66
   71   76   82   88   95  101  108  114  121  127  132  138  143  147  151  155
  157  158  158  157  154  150  145  139  134  129  123  119  115  110  106  103
   99   95   91   86   82   79   77   78   76                                   
    70.0-180.0 180.0   5.0 450.0                            LAT/LON1/LON2/DLON/H
   79   79   81   79   79   81   80   78   75   72   66   63   58   54   51   48
   47   45   45   44   44   45   45   46   47   48   50   51   53   56   59   63
   68   74   80   88   95  103  111  119  126  133  140  146  152  158  163  167
  170  172  172  171  167  163  158  152  146  140  134  129  125  120  116  112
  107  101   97   90   84   79   79   80   79                                   
    67.5-180.0 180.0   5.0 450.0                            LAT/LON1/LON2/DLON/H
   76   76   77   76   77   80   79   77   75   72   67   64   60   56   53   51
   50   49   48   48   48   48   48   49   49   50   50   51   52   54   56   60
   65   70   78   86   94  103  112  121  129  137  144  151  157  163  168  172
  176  178  179  178  175  170  165  159  153  147  142  137  133  128  123  118
  113  106  101   93   86   79   76   77   76                                   
    65.0-180.0 180.0   5.0 450.0                            LAT/LON1/LON2/DLON/H
   77   75   75   74   74   77   78   77   76   73   70   68   64   62   60   58
   56   55   55   54   54   54   54   54   54   54   53   53   53   54   56   59
   64   70   77   86   96  106  116  126  135  143  150  157  163  168  173  178
  182  185  186  186  183  179  174  168  162  156  152  147  143  139  133  128
  122  114  108   99   91   84   79   79   77                                   
    62.5-180.0 180.0   5.0 450.0                            LAT/LON1/LON2/DLON/H
   78   74   73   71   70   73   74   74   74   73   71   71   69   68   66   65
   64   63   62   61   61   60   59   59   58   57   56   55   55   55   56   59
   63   70   78   88   98  110  121  132  141  150  157  163  169  173  178  182
  186  190  192  192  191  187  182  177  171  166  162  159  155  150  144  138
  131  123  116  106   97   88   83   83   78                                   
    60.0-180.0 180.0   5.0 450.0                            LAT/LON1/LON2/DLON/H
   81   74   71   68   65   66   66   66   67   68   68   69   69   70   70   70
   69   68   67   65   64   62   61   60   58   57   56   55   54   54   55   58
   63   70   79   90  102  114  126  138  148  156  164  169  174  178  182  186
  190  194  197  199  198  195  191  186  181  177  173  170  166  161  155  148
  140  131  124  114  105   95   89   87   81                                   
    57.5-180.0 180.0   5.0 450.0                            LAT/LON1/LON2/DLON/H
   85   77   71   66   61   60   59   59   60   61   62   65   67   69   71   72
   71   70   68   66   64   62   60   58   57   55   54   53   52   52   54   58
   64   73   83   95  108  122  135  147  157  166  173  179  183  186  190  194
  198  203  207  209  209  207  203  198  194  190  188  185  181  176  169  161
  152  142  135  125  116  106   98   94   85                                   
    55.0-180.0 180.0   5.0 450.0                            LAT/LON1/LON2/DLON/H
   92   82   75   67   60   56   53   51   51   52   54   57   61   64   67   68
   69   68   65   63   60   58   56   54   53   51   50   49   49   51   54   59
   67   77   89  103  117  131  144  156  167  176  183  189  194  197  200  204
  209  214  218  221  221  219  216  211  207  204  202  200  196  191  184  175
  165  155  147  138  128  118  109  104   92                                   
    52.5-180.0 180.0   5.0 450.0                            LAT/LON1/LON2/DLON/H
  101   92   83   73   63   57   51   47   45   45   46   49   53   57   60   62
   63   62   60   57   54   52   50   49   48   47   46   45   46   49   54   62
   71   83   97  112  127  141  154  166  176  186  194  201  206  210  213  217
  221  226  230  233  233  231  227  223  219  216  214  213  210  205  197  188
  179  168  161  151  142  132  122  115  101                                   
    50.0-180.0 180.0   5.0 450.0                            LAT/LON1/LON2/DLON/H
  112  104   95   85   73   63   55   47   43   41   41   43   46   49   53   55
   56   55   53   51   49   47   45   44   43   42   42   42   45   49   56   65
   77   91  107  123  138  152  164  175  185  195  205  213  219  224  227  231
  234  238  242  243  243  240  235  230  226  223  222  221  219  215  208  200
  191  181  174  165  155  145  135  126  112                                   
    47.5-180.0 180.0   5.0 450.0                            LAT/LON1/LON2/DLON/H
  123  117  109   99   87   76   64   54   46   41   39   39   41   43   46   49
   50   49   48   46   44   43   42   41   41   40   40   41   44   50   58   69
   83   99  116  133  149  162  173  183  193  204  215  225  232  238  241  244
  246  248  250  250  248  244  238  232  228  226  225  225  224  221  215  208
  200  192  185  175  166  155  145  137  123                                   
    45.0-180.0 180.0   5.0 450.0                            LAT/LON1/LON2/DLON/H
  131  129  123  114  103   91   78   65   55   46   41   39   39   41   43   45
   45   45   44   43   42   41   41   41   41   41   42   43   46   53   62   74
   90  107  125  143  159  171  182  192  202  213  226  237  245  251  254  255
  256  256  255  253  249  243  237  231  227  224  224  224  224  221  217  212
  206  199  192  183  172  161  152  144  131                                   
    42.5-180.0 180.0   5.0 450.0                            LAT/LON1/LON2/DLON/H
  135  136  132  125  116  106   92   78   66   56   48   44   42   42   43   44
   45   44   43   43   42   43   43   44   45   45   45   47   50   57   67   80
   96  114  133  151  168  181  191  201  211  224  237  249  258  264  266  265
  264  262  259  255  249  243  236  231  227  224  223  223  223  221  218  214
  209  203  196  187  175  163  153  146  135                                   
    40.0-180.0 180.0   5.0 450.0                            LAT/LON1/LON2/DLON/H
  133  136  133  129  122  114  103   90   78   67   58   52   49   48   48   48
   48   47   47   46   47   48   49   49   50   50   51   52   55   62   72   85
  101  119  139  158  176  190  201  211  223  236  250  263  272  276  277  276
  273  270  266  260  254  248  242  237  234  231  229  227  225  222  219  215
  211  205  198  188  175  162  151  145  133                                   
    37.5-180.0 180.0   5.0 450.0                            LAT/LON1/LON2/DLON/H
  126  129  127  123  118  113  105   96   86   76   68   62   59   57   57   56
   55   54   54   54   54   55   56   56   56   56   56   57   61   67   77   90
  105  124  144  164  183  199  212  223  236  251  265  278  286  290  290  289
  286  283  279  275  269  264  260  257  254  251  246  241  235  229  224  219
  215  208  200  189  175  159  147  141  126                                   
    35.0-180.0 180.0   5.0 450.0                            LAT/LON1/LON2/DLON/H
  117  118  114  109  105  102   98   92   87   80   74   71   69   68   68   67
   65   64   63   63   63   63   62   62   61   61   61   62   65   72   81   94
  109  127  147  169  190  208  223  237  251  267  282  295  303  306  307  306
  306  305  303  301  298  295  293  292  290  285  278  268  257  246  236  229
  222  214  205  192  176  157  145  138  117                                   
    32.5-180.0 180.0   5.0 450.0                            LAT/LON1/LON2/DLON/H
  109  105   99   92   87   85   83   82   81   78   76   76   76   77   77   77
   75   74   73   72   72   70   68   66   64   63   63   65   68   75   85   97
  112  130  150  173  196  216  234  250  266  284  300  313  321  325  327  329
  332  336  338  340  340  340  341  341  339  333  322  307  290  273  258  246
  235  224  213  199  182  160  147  139  109                                   
    30.0-180.0 180.0   5.0 450.0                            LAT/LON1/LON2/DLON/H
  107   97   87   77   71   68   68   68   70   71   72   75   78   82   84   84
   83   82   81   80   79   76   72   68   65   63   63   65   69   76   87   99
  114  132  153  177  201  223  243  261  280  299  317  331  339  345  350  356
  364  373  381  387  392  395  398  399  397  389  374  354  331  308  287  270
  254  240  227  211  194  171  157  147  107                                   
    27.5-180.0 180.0   5.0 450.0                            LAT/LON1/LON2/DLON/H
  113   97   85   71   62   58   57   58   60   62   66   71   76   82   86   87
   87   86   85   84   82   79   74   68   64   61   61   63   67   76   87  101
  116  134  155  179  204  228  249  270  291  312  331  346  356  364  373  384
  398  413  426  437  445  451  455  456  453  443  426  403  375  347  322  299
  279  262  246  229  212  188  175  163  113                                   
    25.0-180.0 180.0   5.0 450.0                            LAT/LON1/LON2/DLON/H
  130  109   93   76   65   58   55   54   55   57   60   66   72   78   83   86
   86   86   85   85   83   79   74   67   62   59   58   59   64   73   86  102
  118  136  157  180  205  230  252  274  297  319  340  357  370  381  394  410
  430  450  468  482  493  499  502  502  498  487  469  445  416  386  358  331
  307  287  269  251  236  212  200  187  130                                   
    22.5-180.0 180.0   5.0 450.0                            LAT/LON1/LON2/DLON/H
  156  131  115   95   80   70   64   59   57   57   59   63   68   74   79   81
   83   82   82   82   80   77   72   66   60   56   54   55   61   71   86  103
  120  138  158  181  205  230  252  275  298  322  344  363  379  394  411  432
  455  478  498  514  525  530  532  531  525  514  497  475  449  420  391  363
  336  314  294  276  262  240  228  215  156                                   
    20.0-180.0 180.0   5.0 450.0                            LAT/LON1/LON2/DLON/H
  189  164  148  126  108   94   84   75   69   65   64   65   67   71   75   78
   79   78   78   77   76   74   70   64   59   54   52   52   58   69   85  104
  122  140  160  181  205  228  250  273  296  320  344  365  384  403  423  446
  470  493  513  527  536  540  540  538  532  523  510  492  471  447  420  392
  364  341  320  302  289  270  257  245  189                                   
    17.5-180.0 180.0   5.0 450.0                            LAT/LON1/LON2/DLON/H
  225  202  188  166  146  128  114  100   89   82   76   74   73   74   76   77
   77   76   74   73   72   70   68   65   60   55   52   52   57   68   85  105
  124  142  161  182  205  227  248  270  292  317  341  364  385  406  428  452
  474  494  510  521  527  529  529  527  524  519  510  499  484  465  443  417
  389  365  343  326  313  297  284  273  225                                   
    15.0-180.0 180.0   5.0 450.0                            LAT/LON1/LON2/DLON/H
  259  240  230  209  187  166  148  131  117  105   96   89   84   82   82   82
   80   77   74   71   70   69   69   67   64   59   55   54   58   69   87  107
  126  145  164  184  205  227  247  267  289  313  337  361  384  407  429  450
  469  484  494  500  503  505  506  506  507  507  504  499  490  478  460  437
  410  386  363  346  333  318  306  294  259                                   
    12.5-180.0 180.0   5.0 450.0                            LAT/LON1/LON2/DLON/H
  286  272  267  245  224  201  180  162  146  132  120  110  102   96   94   92
   89   84   78   74   72   72   73   73   71   67   62   60   63   73   89  109
  129  147  166  186  207  227  246  266  287  310  335  359  383  406  427  445
  458  467  472  474  476  478  481  485  490  494  496  496  493  485  471  451
  426  401  378  361  347  333  320  308  286                                   
    10.0-180.0 180.0   5.0 450.0                            LAT/LON1/LON2/DLON/H
  304  295  292  269  249  225  204  187  171  158  146  135  124  116  111  108
  103   96   88   81   78   78   81   82   81   77   71   68   69   78   93  112
  132  150  169  189  209  228  246  265  286  309  334  359  383  405  424  439
  448  452  453  453  455  459  465  472  480  487  492  495  495  490  478  459
  435  411  388  369  356  340  327  315  304                                   
     7.5-180.0 180.0   5.0 450.0                            LAT/LON1/LON2/DLON/H
  314  309  306  280  261  236  216  201  189  179  169  158  146  137  131  127
  121  112  102   93   88   88   90   92   91   87   81   77   77   85   98  116
