data/edconvlstm_nd/pred2490.15i
     1.0            IONOSPHERE MAPS     GNSS                IONEX VERSION / TYPE
pyspatialgeodesy        IME             05-JAN-18 20:20     PGM / RUN BY / DATE 
Map Name                                                    COMMENT             
Predicted global ionosphere maps (GIM).                     DESCRIPTION         
  2015     9     6     0     0     0                        EPOCH OF FIRST MAP  
  2015     9     7     0     0     0                        EPOCH OF LAST MAP   
  7200                                                      INTERVAL            
    13                                                      # OF MAPS IN FILE   
  NONE                                                      MAPPING FUNCTION    
10.0                                                        ELEVATION CUTOFF    
One-way carrier phase leveled to code                       OBSERVABLES USED    
  6371.0                                                    BASE RADIUS         
 2                                                          MAP DIMENSION       
   450.0 450.0   0.0                                        HGT1 / HGT2 / DHGT  
    87.5 -87.5  -2.5                                        LAT1 / LAT2 / DLAT  
  -180.0 180.0   5.0                                        LON1 / LON2 / DLON  
    -1                                                      EXPONENT            
                                                            END OF HEADER       
[from data line 1716]
     5                                                      START OF TEC MAP    
  2015     9     6     8     0     0                        EPOCH OF CURRENT MAP
    87.5-180.0 180.0   5.0 450.0                            LAT/LON1/LON2/DLON/H
   82   87   87   91   93   94   94   91   93   95   96   98   99   99  100  101
  101  101  101  101  101  101  101  100  100   99   99   99   98   98   98   98
   97   97   97   97   97   97   97   97   96   96   96   96   95   95   94   93
   92   91   90   89   88   87   85   84   83   82   80   79   78   77   76   76
   77   78   77   77   83   86   95   92   82                                   
    85.0-180.0 180.0   5.0 450.0                            LAT/LON1/LON2/DLON/H
   78   91   94   92   95   99  100  101  102  105  105  107  108  109  109  110
  110  110  110  110  110  109  109  109  108  108  108  108  108  108  108  108
  108  108  109  109  109  109  110  110  110  110  109  109  108  108  107  106
  105  103  102  100   99   97   95   93   91   89   88   86   84   83   81   81
   82   83   79   78   78   83   91   91   78                                   
    82.5-180.0 180.0   5.0 450.0                            LAT/LON1/LON2/DLON/H
   75   83   92   88   90   94   96   98  100  103  103  105  106  106  106  106
  106  106  105  104  104  103  103  102  102  101  101  101  101  102  103  104
  105  106  107  108  110  111  112  113  114  115  115  115  115  115  114  113
  112  111  109  107  105  102  100   97   94   91   88   85   83   80   77   76
   76   76   72   72   76   77   74   75   75                                   
    80.0-180.0 180.0   5.0 450.0                            LAT/LON1/LON2/DLON/H
   73   73   79   80   83   85   88   90   93   95   96   97   97   97   97   96
   95   94   93   92   91   90   89   88   88   87   87   88   89   90   91   93
   95   98  100  103  106  108  110  112  114  116  117  118  118  118  118  118
  117  116  114  112  109  106  103  100   96   92   88   83   79   75   72   69
   68   65   64   64   66   70   74   71   73                                   
    77.5-180.0 180.0   5.0 450.0                            LAT/LON1/LON2/DLON/H
   72   70   72   74   75   80   82   85   87   88   88   89   88   87   86   85
   84   82   81   80   79   77   76   75   75   74   74   75   76   78   81   84
   88   92   96  100  104  108  112  115  118  121  123  125  126  127  128  128
  128  127  126  124  122  119  115  111  107  101   96   90   85   79   74   70
   66   64   60   60   61   60   63   67   72                                   
    75.0-180.0 180.0   5.0 450.0                            LAT/LON1/LON2/DLON/H
   66   67   65   68   69   74   76   76   78   78   77   77   75   73   71   70
   68   67   66   65   64   63   62   61   60   60   60   61   63   66   70   74
   79   84   90   95  100  105  110  114  118  121  125  127  130  132  133  134
  134  134  134  133  131  128  125  121  116  111  105   99   93   86   80   75
   70   66   63   58   60   59   62   64   66                                   
    72.5-180.0 180.0   5.0 450.0                            LAT/LON1/LON2/DLON/H
   68   68   65   66   68   73   74   75   75   74   72   71   68   65   63   61
   60   59   58   58   57   56   56   55   54   54   54   56   58   62   66   72
   78   84   90   97  102  108  113  118  123  128  132  136  139  142  144  146
  147  147  147  146  144  142  140  136  132  127  121  115  108  102   95   89
   84   79   76   71   70   68   68   70   68                                   
    70.0-180.0 180.0   5.0 450.0                            LAT/LON1/LON2/DLON/H
   74   71   68   66   66   68   68   68   68   67   64   63   59   57   54   52
   51   50   50   51   51   51   50   50   49   49   50   51   54   58   63   69
   76   83   90   96  102  108  113  119  125  130  136  141  145  148  150  152
  153  153  153  152  151  149  147  144  141  137  132  126  120  114  107  102
   97   91   88   83   80   77   79   79   74                                   
    67.5-180.0 180.0   5.0 450.0                            LAT/LON1/LON2/DLON/H
   75   72   67   64   63   64   63   63   63   62   60   58   55   53   50   48
   47   47   48   48   49   50   50   49   49   48   49   50   53   57   62   69
   76   82   89   94  100  105  111  118  125  132  138  144  149  152  154  156
  156  156  155  154  153  151  149  147  144  141  137  133  128  122  117  112
  107  102  100   95   90   87   85   83   75                                   
    65.0-180.0 180.0   5.0 450.0                            LAT/LON1/LON2/DLON/H
   78   73   66   62   59   58   58   58   59   58   57   56   54   52   50   48
   47   47   48   49   50   51   51   51   50   49   50   51   54   58   64   70
   77   83   88   94   98  104  110  118  126  135  143  150  156  159  161  161
  161  160  158  156  154  153  151  149  147  145  142  139  135  130  125  121
  117  113  111  106  102   98   95   91   78                                   
    62.5-180.0 180.0   5.0 450.0                            LAT/LON1/LON2/DLON/H
   80   73   64   58   55   52   51   52   53   54   54   54   53   52   50   49
   48   48   49   49   50   51   51   50   50   50   50   51   54   59   64   71
   77   82   87   91   95  101  108  117  127  138  148  157  163  166  168  167
  165  163  160  158  155  153  152  150  149  147  145  142  139  135  130  127
  124  121  119  114  110  106  103   98   80                                   
    60.0-180.0 180.0   5.0 450.0                            LAT/LON1/LON2/DLON/H
   83   74   62   55   50   46   45   45   47   48   49   51   51   50   50   49
   48   47   47   47   47   47   47   47   47   47   47   49   52   57   62   69
   74   79   83   87   91   96  104  115  127  140  153  163  170  173  173  172
  169  166  162  159  156  154  152  150  149  148  146  144  141  137  133  130
  127  124  123  120  116  113  109  103   83                                   
    57.5-180.0 180.0   5.0 450.0                            LAT/LON1/LON2/DLON/H
   88   79   65   57   50   44   41   40   41   43   44   47   48   49   48   48
   47   46   45   44   43   43   43   42   42   43   44   46   49   54   60   66
   72   77   81   84   88   94  103  115  130  145  160  171  178  182  181  179
  176  172  168  165  162  159  157  155  154  152  151  148  145  141  137  134
  132  129  128  125  123  121  117  110   88                                   
    55.0-180.0 180.0   5.0 450.0                            LAT/LON1/LON2/DLON/H
   98   89   75   65   56   48   43   39   39   39   40   42   44   45   46   45
   44   42   41   39   38   37   37   37   37   38   40   42   46   51   58   64
   70   75   79   83   87   94  104  117  134  151  167  179  187  190  190  188
  184  180  177  173  171  168  166  164  162  160  157  155  152  148  144  141
  138  135  135  132  131  130  127  119   98                                   
    52.5-180.0 180.0   5.0 450.0                            LAT/LON1/LON2/DLON/H
  114  106   93   83   72   61   53   45   41   38   38   39   40   42   42   42
   41   39   37   35   34   33   32   32   33   35   37   40   44   50   56   63
   70   75   80   85   90   97  107  122  139  158  175  188  196  199  199  197
  194  191  188  185  182  180  177  174  172  169  166  163  160  156  152  149
  147  144  143  140  139  140  137  130  114                                   
    50.0-180.0 180.0   5.0 450.0                            LAT/LON1/LON2/DLON/H
  131  127  116  106   95   83   71   59   50   43   40   39   39   40   40   40
   39   37   35   33   31   31   30   31   32   34   37   40   44   50   57   64
   72   78   84   90   96  103  114  128  146  165  182  195  204  208  208  207
  205  202  200  198  196  193  190  186  182  178  175  171  168  165  162  160
  157  154  152  149  148  150  148  142  131                                   
    47.5-180.0 180.0   5.0 450.0                            LAT/LON1/LON2/DLON/H
  148  147  139  131  121  108   95   80   66   55   47   43   41   40   40   39
   38   36   35   33   32   32   32   33   34   37   40   43   47   53   60   68
   76   84   91   98  105  113  123  137  154  172  189  202  210  215  216  216
  215  214  212  210  208  204  200  195  190  185  181  177  175  172  170  169
  167  164  161  157  155  156  155  150  148                                   
    45.0-180.0 180.0   5.0 450.0                            LAT/LON1/LON2/DLON/H
  157  160  155  151  143  132  119  102   86   71   59   52   47   44   42   41
   39   38   37   37   37   37   38   39   40   43   45   48   52   58   65   73
   82   91  100  108  116  124  134  146  162  179  195  207  216  221  223  224
  224  224  223  221  218  213  208  202  195  189  184  181  179  177  176  176
  174  171  167  162  158  158  157  153  157                                   
    42.5-180.0 180.0   5.0 450.0                            LAT/LON1/LON2/DLON/H
  157  161  159  159  156  147  136  121  104   88   74   64   57   52   48   45
   43   43   43   44   45   46   47   48   49   50   52   55   58   63   70   78
   88   99  109  120  129  137  146  156  170  186  200  213  222  227  231  233
  233  233  232  229  225  220  214  207  200  193  187  184  182  181  180  180
  179  175  170  163  157  154  152  149  157                                   
    40.0-180.0 180.0   5.0 450.0                            LAT/LON1/LON2/DLON/H
  146  150  149  152  153  149  141  130  117  102   89   79   70   63   57   53
   50   49   50   53   55   57   58   58   58   58   58   60   63   68   76   84
   95  106  118  130  140  149  157  167  179  193  207  219  228  235  239  241
  243  243  241  238  233  228  222  214  206  199  193  189  187  185  184  184
  182  178  170  161  152  145  142  138  146                                   
    37.5-180.0 180.0   5.0 450.0                            LAT/LON1/LON2/DLON/H
  130  130  127  132  136  135  133  127  120  110  100   91   82   74   67   62
   59   58   59   62   66   68   68   67   65   63   63   64   67   73   80   90
  101  113  126  139  151  161  169  178  189  202  215  227  237  243  248  252
  254  254  253  250  246  242  236  229  221  213  207  202  198  195  192  190
  187  181  172  161  148  137  130  125  130                                   
    35.0-180.0 180.0   5.0 450.0                            LAT/LON1/LON2/DLON/H
  114  108  102  106  111  111  113  113  112  109  104   99   92   84   77   71
   67   66   67   71   74   76   76   74   70   67   65   66   69   76   84   95
  106  119  133  147  160  171  180  188  199  212  225  237  247  255  261  266
  269  270  270  269  267  265  261  255  247  239  231  225  219  213  208  203
  196  189  179  165  150  134  124  116  114                                   
    32.5-180.0 180.0   5.0 450.0                            LAT/LON1/LON2/DLON/H
  106   93   82   83   86   86   90   93   98  100  102  101   97   91   84   78
   74   72   74   77   80   82   81   77   73   68   66   66   71   78   88  100
  112  125  139  154  168  180  190  199  210  223  236  249  259  268  275  282
  288  292  294  297  299  299  298  293  285  277  268  260  252  243  233  224
  214  205  194  179  162  142  129  117  106                                   
    30.0-180.0 180.0   5.0 450.0                            LAT/LON1/LON2/DLON/H
  112   92   77   72   71   68   71   75   82   89   95   98   97   93   88   83
   79   77   78   80   83   85   83   80   74   69   67   68   73   82   93  105
  117  130  145  160  175  188  199  209  221  234  248  260  272  282  292  302
  311  319  325  332  338  343  344  341  334  325  315  306  295  283  268  255
  243  232  220  205  187  164  149  133  112                                   
    27.5-180.0 180.0   5.0 450.0                            LAT/LON1/LON2/DLON/H
  135  110   92   81   74   65   65   66   72   79   87   93   94   93   89   85
   82   80   79   81   84   86   85   82   77   72   69   71   76   85   97  110
  123  136  150  165  180  194  206  218  230  243  258  271  284  296  310  323
  337  349  361  373  383  392  396  394  387  378  368  357  345  330  312  296
  281  269  258  242  225  202  185  166  135                                   
    25.0-180.0 180.0   5.0 450.0                            LAT/LON1/LON2/DLON/H
  176  146  129  112   96   81   75   70   72   76   83   89   91   90   89   86
   83   81   80   81   84   86   87   84   80   76   74   75   80   90  102  115
  128  140  154  169  185  199  212  224  237  251  265  280  294  310  327  345
  363  381  398  414  430  442  447  446  439  429  418  407  395  379  360  342
  325  313  303  288  273  250  231  211  176                                   
    22.5-180.0 180.0   5.0 450.0                            LAT/LON1/LON2/DLON/H
  226  196  181  160  138  116  102   88   83   82   85   89   90   90   89   87
   85   82   81   81   84   87   89   88   85   82   80   81   85   94  106  119
  132  144  157  172  188  203  216  228  241  255  270  286  304  323  344  366
  388  410  432  453  472  486  493  491  483  472  461  451  439  424  406  388
  371  360  351  336  322  300  280  261  226                                   
    20.0-180.0 180.0   5.0 450.0                            LAT/LON1/LON2/DLON/H
  276  248  236  216  191  164  142  120  106   98   95   94   93   92   91   89
   87   84   82   82   84   88   91   92   91   89   86   86   89   97  108  122
  134  146  159  174  190  205  219  231  244  258  275  292  312  335  359  384
  410  436  461  484  504  518  525  523  515  504  493  484  474  461  445  429
  414  403  395  379  366  345  323  307  276                                   
    17.5-180.0 180.0   5.0 450.0                            LAT/LON1/LON2/DLON/H
  314  289  281  266  241  213  187  158  136  120  111  106  102   98   96   94
   91   87   84   83   85   89   93   95   95   93   91   90   91   98  108  121
  134  147  160  175  191  207  221  234  247  262  279  299  322  347  373  401
  429  456  481  505  524  536  542  539  532  523  514  506  498  489  476  463
  450  439  430  413  398  376  354  342  314                                   
    15.0-180.0 180.0   5.0 450.0                            LAT/LON1/LON2/DLON/H
  331  309  305  295  276  251  225  194  167  145  131  121  114  109  104  100
   96   92   88   85   86   90   94   96   97   96   93   91   91   96  105  118
  132  146  160  176  194  210  225  238  251  267  285  308  333  359  387  415
  443  469  494  514  530  540  545  543  539  532  526  520  514  508  499  488
  476  464  453  433  415  390  368  359  331                                   
    12.5-180.0 180.0   5.0 450.0                            LAT/LON1/LON2/DLON/H
  327  306  304  299  286  267  245  217  191  167  150  139  130  122  115  109
  103   97   92   89   88   91   94   96   97   95   92   88   88   92  101  114
  129  145  161  179  197  215  230  243  257  274  294  318  345  373  401  428
  454  478  499  516  528  535  539  540  539  536  532  528  524  519  513  505
  493  480  464  441  418  388  367  361  327                                   
    10.0-180.0 180.0   5.0 450.0                            LAT/LON1/LON2/DLON/H
  309  287  285  281  274  261  246  226  203  183  166  155  145  136  127  119
  111  104   98   93   91   92   93   94   94   92   88   84   83   87   96  111
  128  145  163  183  202  220  236  251  265  283  305  331  359  387  414  439
  462  482  500  513  522  528  532  535  537  538  536  533  529  525  520  513
  502  487  467  439  411  375  356  350  309                                   
     7.5-180.0 180.0   5.0 450.0                            LAT/LON1/LON2/DLON/H
  288  266  261  253  249  240  232  220  204  189  176  167  158  149  138  128
  118  110  103   98   95   93   93   92   90   87   83   79   78   83   93  109
