data/edconvlstm_nd/pred2520.15i
     1.0            IONOSPHERE MAPS     GNSS                IONEX VERSION / TYPE
pyspatialgeodesy        IME             05-JAN-18 20:20     PGM / RUN BY / DATE 
Map Name                                                    COMMENT             
Predicted global ionosphere maps (GIM).                     DESCRIPTION         
  2015     9     9     0     0     0                        EPOCH OF FIRST MAP  
  2015     9    10     0     0     0                        EPOCH OF LAST MAP   
  7200                                                      INTERVAL            
    13                                                      # OF MAPS IN FILE   
  NONE                                                      MAPPING FUNCTION    
10.0                                                        ELEVATION CUTOFF    
One-way carrier phase leveled to code                       OBSERVABLES USED    
  6371.0                                                    BASE RADIUS         
 2                                                          MAP DIMENSION       
   450.0 450.0   0.0                                        HGT1 / HGT2 / DHGT  
    87.5 -87.5  -2.5                                        LAT1 / LAT2 / DLAT  
  -180.0 180.0   5.0                                        LON1 / LON2 / DLON  
    -1                                                      EXPONENT            
                                                            END OF HEADER       
[from data line 3432]
     9                                                      START OF TEC MAP    
  2015     9     9    16     0     0                        EPOCH OF CURRENT MAP
    87.5-180.0 180.0   5.0 450.0                            LAT/LON1/LON2/DLON/H
   75   78   76   79   84   83   82   79   79   82   81   82   83   83   84   85
   85   86   86   87   87   88   88   88   88   88   88   88   88   88   88   88
   88   88   87   87   87   86   86   86   86   86   85   85   85   85   84   84
   84   84   83   83   82   82   81   81   80   80   79   79   78   78   77   77
   77   77   74   71   76   72   87   90   75                                   
    85.0-180.0 180.0   5.0 450.0                            LAT/LON1/LON2/DLON/H
   76   75   86   72   74   78   78   80   80   83   82   84   84   85   86   87
   87   88   89   89   90   90   90   91   91   91   91   91   91   91   90   90
   90   89   89   88   88   87   87   87   87   86   86   86   85   85   85   84
   84   84   83   83   82   81   81   80   79   79   78   77   77   76   76   75
   76   75   71   66   68   68   76   75   76                                   
    82.5-180.0 180.0   5.0 450.0                            LAT/LON1/LON2/DLON/H
   58   64   69   63   66   71   74   75   75   78   78   80   81   82   83   84
   85   86   87   88   89   90   90   91   91   91   92   92   92   92   91   91
   90   90   89   89   88   87   87   86   86   86   85   85   84   84   84   83
   83   82   81   80   79   78   77   76   75   74   73   72   71   70   69   69
   69   68   64   61   63   71   65   64   58                                   
    80.0-180.0 180.0   5.0 450.0                            LAT/LON1/LON2/DLON/H
   47   50   60   57   58   59   64   66   68   71   72   74   75   77   78   80
   81   82   84   84   85   86   87   87   88   88   88   88   88   88   88   87
   86   86   85   84   83   82   82   81   81   80   80   79   79   79   78   78
   77   76   75   74   73   72   71   69   68   66   65   63   62   61   60   59
   59   59   57   55   54   58   57   62   47                                   
    77.5-180.0 180.0   5.0 450.0                            LAT/LON1/LON2/DLON/H
   53   52   54   53   55   57   61   63   65   67   68   70   72   74   76   78
   80   82   83   85   86   87   88   88   89   90   90   90   90   90   90   89
   88   87   86   85   84   83   82   81   80   80   79   79   78   78   77   76
   76   75   74   72   71   70   68   66   64   63   61   59   57   56   55   54
   54   53   52   52   52   51   52   59   53                                   
    75.0-180.0 180.0   5.0 450.0                            LAT/LON1/LON2/DLON/H
   48   48   48   49   52   54   57   59   61   64   65   67   69   72   74   76
   79   81   83   84   85   86   87   88   89   90   90   91   91   91   91   90
   89   88   87   86   85   84   83   82   81   81   80   79   79   78   77   76
   75   74   73   72   71   69   67   65   63   62   60   58   57   55   54   54
   53   53   52   50   51   49   49   47   48                                   
    72.5-180.0 180.0   5.0 450.0                            LAT/LON1/LON2/DLON/H
   48   48   47   50   51   55   58   59   60   62   63   66   68   71   74   77
   79   82   84   85   87   87   88   89   90   90   91   91   91   92   91   91
   90   89   88   86   85   84   82   81   80   80   79   77   76   75   74   73
   72   71   69   68   67   65   63   61   60   58   56   55   53   52   52   51
   51   50   50   47   48   48   48   49   48                                   
    70.0-180.0 180.0   5.0 450.0                            LAT/LON1/LON2/DLON/H
   46   46   46   49   51   53   55   57   60   62   63   66   69   72   76   79
   82   85   87   88   89   90   90   91   91   91   91   92   92   92   92   92
   91   90   88   87   85   84   83   82   81   79   78   76   75   73   71   70
   69   68   67   65   64   62   60   59   57   55   54   53   52   52   52   52
   52   51   51   49   49   48   51   51   46                                   
    67.5-180.0 180.0   5.0 450.0                            LAT/LON1/LON2/DLON/H
   44   45   46   49   52   54   57   60   62   64   66   69   73   77   81   85
   88   91   93   94   94   94   94   93   92   92   91   91   91   91   91   91
   90   89   87   85   84   82   81   80   79   77   76   73   71   69   67   66
   65   64   63   61   60   58   56   55   53   52   52   51   51   51   52   53
   53   52   52   48   48   48   48   47   44                                   
    65.0-180.0 180.0   5.0 450.0                            LAT/LON1/LON2/DLON/H
   39   42   43   47   50   53   56   59   63   66   69   73   77   82   87   92
   96   98  100  100  100   99   98   97   95   93   92   91   91   91   90   90
   89   88   86   84   82   80   79   78   77   75   73   71   68   65   63   62
   60   60   58   57   55   54   52   50   49   49   48   49   49   50   51   51
   52   52   52   49   49   49   50   49   39                                   
    62.5-180.0 180.0   5.0 450.0                            LAT/LON1/LON2/DLON/H
   35   39   40   45   48   52   56   60   64   68   72   78   83   90   96  101
  105  107  108  108  107  106  104  101   99   96   93   91   90   90   89   89
   88   87   84   82   79   78   76   75   74   72   70   67   64   61   59   57
   56   55   54   52   50   48   45   44   43   43   43   44   45   46   47   48
   48   48   49   46   46   46   47   46   35                                   
    60.0-180.0 180.0   5.0 450.0                            LAT/LON1/LON2/DLON/H
   31   36   36   42   45   49   54   59   64   69   75   82   89   97  104  109
  113  116  116  116  114  112  110  107  103   99   95   92   90   89   89   89
   88   86   83   80   78   76   74   74   72   71   68   65   62   58   56   54
   53   52   50   47   44   41   39   37   37   37   37   38   39   40   41   41
   42   42   43   41   42   42   43   43   31                                   
    57.5-180.0 180.0   5.0 450.0                            LAT/LON1/LON2/DLON/H
   29   33   34   40   44   48   54   60   66   72   79   87   96  104  112  118
  122  124  124  123  122  120  117  114  110  104   99   95   93   92   92   92
   92   89   86   83   80   78   77   76   75   73   71   67   64   60   57   55
   54   52   50   46   42   38   35   33   33   33   34   34   35   35   36   36
   36   37   37   37   38   39   41   40   29                                   
    55.0-180.0 180.0   5.0 450.0                            LAT/LON1/LON2/DLON/H
   30   32   34   40   44   49   56   63   70   77   85   93  103  112  120  126
  130  132  131  130  128  126  124  121  117  111  105  100   97   96   97   97
   97   95   91   87   84   82   81   81   80   79   76   73   69   65   62   60
   58   55   52   47   42   37   33   31   30   31   32   33   33   32   32   32
   32   32   33   33   35   37   39   39   30                                   
    52.5-180.0 180.0   5.0 450.0                            LAT/LON1/LON2/DLON/H
   32   34   35   42   46   52   60   68   76   84   92  101  111  119  127  133
  137  138  137  135  133  132  131  128  124  118  111  105  102  101  102  103
  103  101   98   94   91   89   88   88   88   87   84   81   78   74   70   68
   65   61   57   51   45   39   35   33   32   33   34   34   34   33   32   31
   30   30   32   32   35   37   39   39   32                                   
    50.0-180.0 180.0   5.0 450.0                            LAT/LON1/LON2/DLON/H
   37   38   39   46   50   57   67   76   85   94  103  112  121  128  135  140
  143  143  142  140  138  137  137  135  131  125  118  112  108  107  108  109
  109  107  104  101   98   97   97   97   97   97   95   92   89   85   82   78
   75   70   65   58   51   45   41   38   38   39   40   40   40   38   36   35
   34   33   35   34   38   40   43   43   37                                   
    47.5-180.0 180.0   5.0 450.0                            LAT/LON1/LON2/DLON/H
   42   43   45   51   56   64   75   86   96  107  117  126  133  139  144  148
  150  150  148  145  143  142  142  141  138  132  124  118  114  113  113  114
  114  112  109  107  106  106  106  107  107  107  106  104  101   98   94   90
   86   81   75   68   60   54   50   48   48   49   50   50   49   47   45   44
   42   41   42   41   44   46   49   48   42                                   
    45.0-180.0 180.0   5.0 450.0                            LAT/LON1/LON2/DLON/H
   48   50   51   58   62   72   83   97  110  123  134  142  148  152  155  157
  158  158  155  152  149  147  147  146  144  138  131  124  119  117  117  117
  117  115  113  112  113  114  116  117  117  117  117  116  113  110  107  103
   98   93   86   79   72   66   63   62   62   63   64   64   63   61   58   56
   54   53   53   51   53   55   57   56   48                                   
    42.5-180.0 180.0   5.0 450.0                            LAT/LON1/LON2/DLON/H
   53   55   56   63   68   78   91  107  123  139  151  160  165  167  168  169
  169  168  165  160  156  154  153  152  149  144  137  130  124  121  120  119
  118  117  117  118  120  123  126  127  127  127  127  127  125  123  119  114
  109  103   97   90   84   79   77   77   78   79   79   79   78   75   73   71
   69   66   65   63   63   64   65   63   53                                   
    40.0-180.0 180.0   5.0 450.0                            LAT/LON1/LON2/DLON/H
   57   59   60   67   72   83   97  115  134  153  167  177  182  183  182  181
  181  179  175  170  165  160  158  156  154  149  143  135  129  125  123  121
  121  120  122  125  130  135  138  139  139  138  138  138  137  134  130  125
  119  113  106  100   95   92   91   91   93   93   94   93   91   89   87   85
   82   80   78   74   72   72   72   69   57                                   
    37.5-180.0 180.0   5.0 450.0                            LAT/LON1/LON2/DLON/H
   59   62   62   69   74   85  100  120  141  163  180  191  197  197  196  194
  193  191  187  181  174  168  163  161  158  154  148  141  135  130  127  126
  126  128  131  138  145  151  154  155  154  152  151  151  150  147  142  135
  128  120  113  107  103  102  102  103  104  105  105  104  102  100   98   96
   94   91   88   83   80   78   77   74   59                                   
    35.0-180.0 180.0   5.0 450.0                            LAT/LON1/LON2/DLON/H
   62   63   62   69   74   84  100  121  144  168  188  202  208  209  208  206
  205  203  199  192  184  175  169  164  161  157  153  147  142  138  136  136
  138  142  149  158  167  174  177  177  174  171  169  167  165  160  153  145
  135  126  119  112  109  108  109  111  112  112  111  110  108  107  105  103
  101   98   95   90   85   81   79   76   62                                   
    32.5-180.0 180.0   5.0 450.0                            LAT/LON1/LON2/DLON/H
   64   64   62   68   73   82   98  119  143  168  190  206  215  218  218  217
  215  214  209  202  193  184  175  169  165  162  159  156  152  150  150  152
  158  166  176  187  197  204  206  204  199  194  191  187  183  176  166  155
  143  132  122  115  111  110  112  113  114  114  113  112  111  110  108  107
  105  102   99   94   88   83   81   77   64                                   
    30.0-180.0 180.0   5.0 450.0                            LAT/LON1/LON2/DLON/H
   68   66   63   68   72   80   94  114  138  163  187  206  218  223  225  224
  224  222  218  212  203  193  183  175  170  168  167  167  166  167  170  177
  188  200  213  225  235  241  241  237  230  223  217  212  205  194  181  166
  151  137  124  116  111  110  110  111  112  112  112  112  112  111  110  108
  107  105  102   97   91   85   83   78   68                                   
    27.5-180.0 180.0   5.0 450.0                            LAT/LON1/LON2/DLON/H
   74   70   66   69   73   80   92  110  132  156  180  201  216  224  228  230
  229  228  226  221  213  203  192  183  177  176  178  182  185  190  198  210
  226  242  257  270  278  282  279  273  264  255  247  239  229  215  198  179
  160  142  128  117  110  108  108  108  109  109  110  111  112  112  111  110
  109  108  105  100   95   89   86   81   74                                   
    25.0-180.0 180.0   5.0 450.0                            LAT/LON1/LON2/DLON/H
   82   76   71   73   76   82   93  108  128  150  173  194  211  223  230  233
  234  234  233  230  224  214  203  194  189  189  194  201  210  220  233  250
  270  290  306  317  322  322  317  309  299  289  279  268  254  236  215  193
  170  150  133  120  112  108  107  107  106  107  109  112  114  115  114  114
  113  112  110  106  101   94   92   86   82                                   
    22.5-180.0 180.0   5.0 450.0                            LAT/LON1/LON2/DLON/H
   91   84   78   78   81   87   97  110  127  146  167  187  206  220  230  235
  238  240  241  240  236  228  218  209  204  207  215  227  239  254  272  293
  316  336  351  359  360  356  348  339  329  318  307  293  277  256  232  206
  182  160  141  127  117  112  110  109  108  109  111  115  119  120  120  120
  120  120  118  114  110  102  100   94   91                                   
    20.0-180.0 180.0   5.0 450.0                            LAT/LON1/LON2/DLON/H
  100   93   85   85   88   94  103  115  130  146  164  184  203  219  231  239
  244  248  251  252  250  244  236  228  225  230  241  256  273  291  312  335
  357  376  387  389  385  377  368  359  349  339  327  312  294  271  245  219
  194  172  154  138  128  122  118  116  114  115  117  122  126  127  128  129
  129  129  128  123  119  111  109  102  100                                   
    17.5-180.0 180.0   5.0 450.0                            LAT/LON1/LON2/DLON/H
  107  101   92   92   94  100  111  122  136  150  166  185  204  221  235  245
  253  259  263  266  266  262  256  250  250  257  271  289  308  327  348  370
  390  404  410  407  398  387  378  369  361  352  340  325  305  282  257  232
  209  188  170  155  144  136  131  128  125  125  127  131  135  137  137  138
  138  139  137  132  128  120  117  111  107                                   
    15.0-180.0 180.0   5.0 450.0                            LAT/LON1/LON2/DLON/H
  111  106   97   97   99  106  117  129  144  158  172  189  208  226  242  254
  264  272  278  282  283  281  277  275  277  287  303  322  342  361  380  399
  414  422  422  414  402  390  381  375  369  361  349  333  313  291  268  245
  225  207  190  175  163  155  149  144  140  139  140  143  145  146  146  147
  146  147  144  139  133  125  123  116  111                                   
    12.5-180.0 180.0   5.0 450.0                            LAT/LON1/LON2/DLON/H
  112  108  100  100  102  108  121  135  152  166  180  197  214  233  250  265
  277  287  294  299  301  300  299  300  306  318  336  355  374  391  407  420
  430  433  427  416  403  393  386  382  377  369  356  340  321  300  279  259
  242  226  211  196  184  175  168  163  158  155  154  154  155  154  154  153
  151  150  147  141  135  127  125  119  112                                   
    10.0-180.0 180.0   5.0 450.0                            LAT/LON1/LON2/DLON/H
  108  107   99   99  100  107  122  138  157  174  189  206  223  242  260  277
  291  302  310  315  317  318  319  324  334  349  367  385  403  417  429  437
  441  439  431  419  407  399  395  392  387  377  364  346  328  308  289  272
  256  242  228  214  202  193  186  180  175  171  167  165  163  161  158  156
  152  150  145  139  133  126  123  118  108                                   
     7.5-180.0 180.0   5.0 450.0                            LAT/LON1/LON2/DLON/H
  103  103   95   96   97  102  119  137  160  179  197  215  233  252  270  288
  304  316  325  329  331  333  338  347  361  377  395  413  428  439  447  451
