data/edconvlstm_nd/pred3000.15i
     1.0            IONOSPHERE MAPS     GNSS                IONEX VERSION / TYPE
pyspatialgeodesy        IME             05-JAN-18 20:20     PGM / RUN BY / DATE 
Map Name                                                    COMMENT             
Predicted global ionosphere maps (GIM).                     DESCRIPTION         
  2015    10    27     0     0     0                        EPOCH OF FIRST MAP  
  2015    10    28     0     0     0                        EPOCH OF LAST MAP   
  7200                                                      INTERVAL            
    13                                                      # OF MAPS IN FILE   
  NONE                                                      MAPPING FUNCTION    
10.0                                                        ELEVATION CUTOFF    
One-way carrier phase leveled to code                       OBSERVABLES USED    
  6371.0                                                    BASE RADIUS         
 2                                                          MAP DIMENSION       
   450.0 450.0   0.0                                        HGT1 / HGT2 / DHGT  
    87.5 -87.5  -2.5                                        LAT1 / LAT2 / DLAT  
  -180.0 180.0   5.0                                        LON1 / LON2 / DLON  
    -1                                                      EXPONENT            
                                                            END OF HEADER       
[from data line 2145]
     6                                                      START OF TEC MAP    
  2015    10    27    10     0     0                        EPOCH OF CURRENT MAP
    87.5-180.0 180.0   5.0 450.0                            LAT/LON1/LON2/DLON/H
   58   61   58   62   65   64   63   60   62   64   65   66   66   67   67   67
   67   67   67   67   67   67   67   67   67   67   67   67   67   67   68   68
   68   69   69   69   70   70   70   70   70   70   69   69   68   68   67   66
   65   64   63   61   60   59   58   56   55   54   53   52   51   51   50   50
   51   52   51   50   55   56   68   73   58                                   
    85.0-180.0 180.0   5.0 450.0                            LAT/LON1/LON2/DLON/H
   52   64   70   62   64   66   67   68   69   71   71   72   72   72   73   73
   73   73   73   73   73   73   73   73   74   74   75   75   76   77   77   78
   79   80   80   81   82   82   82   82   82   82   82   81   80   79   78   76
   75   73   71   69   67   65   63   61   59   57   56   55   54   53   52   53
   54   55   51   50   52   56   64   63   52                                   
    82.5-180.0 180.0   5.0 450.0                            LAT/LON1/LON2/DLON/H
   43   57   64   61   61   63   65   66   68   69   69   70   70   70   70   69
   69   68   68   68   68   68   68   68   69   70   71   72   74   76   78   79
   81   83   85   87   88   90   91   92   93   94   94   93   93   92   90   89
   86   84   81   78   75   72   69   66   63   60   57   55   53   51   49   49
   49   49   47   47   52   54   49   48   43                                   
    80.0-180.0 180.0   5.0 450.0                            LAT/LON1/LON2/DLON/H
   46   53   61   59   61   59   61   63   65   66   66   67   66   65   64   63
   62   61   61   60   60   60   60   61   62   64   66   69   72   75   78   81
   84   88   91   94   97  100  103  105  107  109  110  111  111  110  109  108
  105  102   99   95   91   87   82   77   73   68   63   59   55   52   49   47
   46   45   44   44   47   51   51   49   46                                   
    77.5-180.0 180.0   5.0 450.0                            LAT/LON1/LON2/DLON/H
   54   57   60   58   58   59   61   62   65   64   64   64   63   62   61   60
   58   57   56   56   55   55   56   57   58   61   64   68   72   76   81   86
   91   96  100  105  109  114  118  122  126  129  132  134  135  136  135  134
  132  130  126  122  117  112  106  100   94   87   81   74   68   63   58   54
   50   48   45   46   47   44   46   49   54                                   
    75.0-180.0 180.0   5.0 450.0                            LAT/LON1/LON2/DLON/H
   49   54   53   55   55   56   57   57   58   58   57   57   56   55   54   53
   52   51   50   49   48   48   49   50   52   55   59   63   69   74   80   87
   93   99  105  111  117  123  129  135  141  146  150  154  157  159  160  160
  159  157  153  149  144  138  131  124  116  109  101   93   85   78   71   65
   59   54   50   45   48   44   46   44   49                                   
    72.5-180.0 180.0   5.0 450.0                            LAT/LON1/LON2/DLON/H
   49   53   51   53   53   54   56   56   56   56   55   55   55   55   54   54
   53   53   52   51   50   50   50   51   53   55   59   64   70   77   84   91
   98  106  113  120  128  135  143  151  158  165  171  176  181  184  186  186
  186  184  180  176  170  164  157  148  140  131  122  113  104   95   86   79
   71   64   60   54   53   48   48   49   49                                   
    70.0-180.0 180.0   5.0 450.0                            LAT/LON1/LON2/DLON/H
   49   50   50   52   51   50   50   51   51   51   51   52   52   52   53   53
   53   53   53   52   52   51   51   52   53   56   60   65   71   78   86   94
  102  110  119  127  136  145  154  163  172  180  187  194  199  203  205  206
  205  203  199  194  187  180  171  162  153  144  134  125  115  105   96   87
   79   70   66   58   55   50   53   54   49                                   
    67.5-180.0 180.0   5.0 450.0                            LAT/LON1/LON2/DLON/H
   45   47   47   49   47   47   47   47   47   47   47   49   50   51   53   54
   55   56   57   57   56   55   55   55   55   57   61   65   72   79   87   95
  104  113  121  131  140  150  160  170  180  189  197  203  208  212  214  214
  212  209  204  198  191  182  173  164  154  145  136  126  117  108   99   90
   81   72   67   58   55   50   52   53   45                                   
    65.0-180.0 180.0   5.0 450.0                            LAT/LON1/LON2/DLON/H
   43   45   44   46   45   44   44   43   44   44   45   46   48   50   52   54
   56   57   58   59   58   57   56   56   56   58   61   66   72   80   88   98
  107  117  126  137  147  158  169  180  190  199  207  213  217  219  220  219
  216  212  206  198  189  180  170  159  149  140  131  122  113  105   96   87
   79   70   65   57   55   50   52   54   43                                   
    62.5-180.0 180.0   5.0 450.0                            LAT/LON1/LON2/DLON/H
   42   44   42   45   43   43   42   41   41   41   42   44   46   48   50   52
   54   56   57   57   56   55   54   54   54   55   59   64   71   79   89   99
  109  120  131  142  153  165  177  188  198  206  213  218  221  222  221  219
  215  209  202  193  183  173  162  151  140  130  121  113  105   96   88   80
   72   65   60   53   51   47   50   53   42                                   
    60.0-180.0 180.0   5.0 450.0                            LAT/LON1/LON2/DLON/H
   44   45   42   44   42   41   40   39   38   38   39   41   42   44   46   47
   49   50   50   50   49   48   48   47   48   50   54   60   68   77   88  100
  112  124  136  147  160  172  184  195  204  212  217  221  222  222  220  217
  213  207  199  190  179  167  156  144  133  123  113  105   97   89   81   73
   66   59   55   49   49   45   47   50   44                                   
    57.5-180.0 180.0   5.0 450.0                            LAT/LON1/LON2/DLON/H
   49   49   45   47   45   44   42   40   39   38   38   39   39   40   42   42
   43   43   43   42   41   40   40   41   42   45   50   57   66   77   90  103
  117  130  143  156  168  181  192  203  212  219  223  226  227  226  224  221
  217  211  204  194  184  172  160  148  136  125  115  106   97   89   81   74
   66   59   56   51   51   47   49   52   49                                   
    55.0-180.0 180.0   5.0 450.0                            LAT/LON1/LON2/DLON/H
   58   57   53   52   50   48   46   43   41   39   38   38   38   38   38   38
   38   37   36   35   34   33   34   35   38   43   49   57   67   79   93  108
  123  138  152  165  178  190  202  212  221  227  231  233  234  234  233  231
  227  222  215  206  196  185  173  161  149  137  127  116  107   98   90   82
   74   68   64   59   59   55   56   57   58                                   
    52.5-180.0 180.0   5.0 450.0                            LAT/LON1/LON2/DLON/H
   71   69   64   62   58   57   53   48   45   42   40   39   38   38   37   37
   36   35   33   31   30   30   31   34   38   44   51   60   71   84  100  116
  132  148  162  175  188  200  212  222  230  237  241  244  245  246  246  245
  243  238  232  224  214  204  192  180  168  156  145  134  124  115  106   98
   90   83   79   74   73   70   70   68   71                                   
    50.0-180.0 180.0   5.0 450.0                            LAT/LON1/LON2/DLON/H
   85   84   77   74   70   67   62   56   51   47   44   43   41   40   40   39
   38   36   34   32   32   32   35   39   44   50   58   67   78   92  107  124
  141  157  172  186  199  211  222  232  241  248  253  256  259  261  262  262
  260  256  250  242  233  222  211  199  187  176  164  154  144  135  126  117
  109  101   96   91   90   88   88   84   85                                   
    47.5-180.0 180.0   5.0 450.0                            LAT/LON1/LON2/DLON/H
   98   97   90   86   82   79   72   64   58   54   50   48   46   45   45   44
   43   42   40   39   39   40   43   48   54   61   68   77   88  101  116  132
  150  166  182  196  209  221  233  243  253  260  266  270  273  276  277  277
  274  269  263  254  245  234  223  211  199  188  177  168  159  151  142  134
  126  118  112  106  106  104  105   99   98                                   
    45.0-180.0 180.0   5.0 450.0                            LAT/LON1/LON2/DLON/H
  106  106   98   95   91   88   81   72   66   61   57   55   53   53   52   53
   52   51   51   50   51   53   57   61   67   73   80   87   97  108  123  138
  155  172  188  204  218  231  243  254  264  272  278  283  287  289  289  287
  283  276  268  258  247  235  223  211  199  189  180  172  165  158  151  144
  136  128  120  114  115  114  116  112  106                                   
    42.5-180.0 180.0   5.0 450.0                            LAT/LON1/LON2/DLON/H
  105  107  100   98   96   93   86   78   73   68   64   63   62   61   62   62
   63   63   63   64   65   68   71   75   79   84   90   96  104  114  127  142
  158  176  193  210  226  240  254  266  276  284  291  296  299  300  298  294
  287  277  267  255  243  230  216  203  191  181  173  167  162  157  151  145
  136  128  119  113  114  115  118  115  105                                   
    40.0-180.0 180.0   5.0 450.0                            LAT/LON1/LON2/DLON/H
   96   99   93   94   94   92   87   81   77   73   71   71   70   71   71   72
   73   74   75   77   79   81   83   85   88   92   97  102  109  117  129  143
  160  178  197  216  234  250  265  278  289  297  304  308  310  309  306  299
  290  279  267  255  242  227  211  196  183  172  164  158  154  150  144  138
  129  120  110  103  103  105  108  108   96                                   
    37.5-180.0 180.0   5.0 450.0                            LAT/LON1/LON2/DLON/H
   81   85   81   83   85   86   83   80   78   76   76   77   78   79   80   80
   81   82   84   86   88   89   90   90   92   95   99  105  112  120  131  145
  162  181  202  223  243  262  278  292  303  312  318  322  323  322  317  309
  300  290  279  267  254  238  220  202  185  172  162  155  150  144  138  131
  121  109   98   89   87   88   92   94   81                                   
    35.0-180.0 180.0   5.0 450.0                            LAT/LON1/LON2/DLON/H
   66   70   68   71   74   76   76   76   76   77   79   82   85   86   86   86
   86   87   88   91   93   93   91   90   90   94   99  106  115  124  135  149
  166  186  209  233  256  277  294  309  320  329  336  339  341  339  335  330
  323  316  309  300  288  272  252  230  209  192  178  167  158  150  141  132
  119  105   91   79   75   72   77   80   66                                   
    32.5-180.0 180.0   5.0 450.0                            LAT/LON1/LON2/DLON/H
   57   60   58   61   63   66   68   70   73   77   81   86   89   91   91   90
   89   89   90   92   93   92   88   86   86   91   99  109  120  130  142  156
  174  195  221  247  272  295  314  329  341  350  357  362  364  365  364  362
  361  360  359  355  346  330  308  283  258  235  216  200  186  173  161  149
  133  116   99   82   74   66   70   72   57                                   
    30.0-180.0 180.0   5.0 450.0                            LAT/LON1/LON2/DLON/H
   58   59   56   56   57   59   62   64   69   74   80   87   92   95   95   93
   91   90   91   92   91   88   83   81   82   89  101  114  127  140  152  167
  186  209  237  266  293  318  337  353  366  376  383  390  395  399  403  407
  413  420  426  429  425  411  388  359  329  301  276  254  235  217  201  186
  167  148  128  106   92   77   77   77   58                                   
    27.5-180.0 180.0   5.0 450.0                            LAT/LON1/LON2/DLON/H
   73   70   63   59   56   56   58   61   66   72   79   86   92   96   97   96
   93   91   91   91   89   84   79   77   81   90  105  121  137  152  166  182
  203  228  258  289  318  343  363  379  392  403  413  422  431  440  450  462
  476  492  507  517  517  506  483  452  417  383  352  325  300  278  258  240
  220  200  177  151  131  108  103   95   73                                   
    25.0-180.0 180.0   5.0 450.0                            LAT/LON1/LON2/DLON/H
  101   95   81   70   64   60   60   61   64   70   76   83   90   95   98   97
   95   93   92   91   88   82   78   77   83   95  112  131  149  166  182  201
  224  252  284  316  345  369  389  405  419  432  445  458  471  485  502  522
  544  568  589  605  609  600  577  544  507  469  433  401  372  346  324  304
  284  265  240  212  189  158  145  127  101                                   
    22.5-180.0 180.0   5.0 450.0                            LAT/LON1/LON2/DLON/H
  143  133  112   93   81   71   68   66   66   70   74   80   87   93   96   97
   96   95   94   92   88   83   80   80   88  102  121  141  161  181  201  223
  248  278  310  342  370  393  412  428  443  459  476  493  511  531  553  579
  606  634  659  675  679  670  648  616  579  540  503  468  437  409  386  365
  347  330  306  280  254  218  197  173  143                                   
    20.0-180.0 180.0   5.0 450.0                            LAT/LON1/LON2/DLON/H
  191  180  154  126  106   90   82   76   73   72   74   78   83   88   93   95
   96   95   95   93   89   85   83   86   96  112  131  153  174  196  219  244
  271  301  333  363  390  412  431  447  464  483  504  525  548  572  597  624
  652  678  698  710  711  700  679  650  617  582  547  514  483  455  432  412
  395  383  361  340  314  278  252  225  191                                   
    17.5-180.0 180.0   5.0 450.0                            LAT/LON1/LON2/DLON/H
  237  230  202  167  138  115  101   90   83   78   76   76   79   84   88   91
   94   95   95   94   91   88   87   93  105  122  142  163  185  209  234  262
  290  320  350  378  404  425  444  461  481  503  527  552  576  602  627  651
  673  692  703  706  701  688  670  647  621  593  564  534  505  478  455  436
  421  413  396  381  358  326  300  273  237                                   
    15.0-180.0 180.0   5.0 450.0                            LAT/LON1/LON2/DLON/H
  274  272  247  210  174  145  125  109   97   88   81   78   77   80   83   87
   90   93   94   94   91   89   91  100  114  133  153  173  195  220  247  276
  305  333  361  389  413  434  453  473  495  519  545  570  595  619  640  658
  672  680  681  676  665  651  636  620  602  582  559  533  506  479  456  436
  422  416  405  397  379  354  333  309  274                                   
    12.5-180.0 180.0   5.0 450.0                            LAT/LON1/LON2/DLON/H
  298  302  282  247  210  176  152  132  114  101   90   82   78   78   80   83
   87   90   92   92   90   90   95  106  123  142  162  183  205  231  259  288
  316  344  370  396  419  441  461  482  506  532  558  582  605  625  641  651
  656  655  648  636  622  609  598  588  577  563  545  521  494  466  441  419
  403  397  391  388  377  361  345  326  298                                   
    10.0-180.0 180.0   5.0 450.0                            LAT/LON1/LON2/DLON/H
  311  319  305  276  242  207  179  156  135  118  102   91   83   80   79   81
   85   88   90   90   89   91   98  112  131  152  172  193  216  242  271  300
  328  353  378  401  424  446  467  490  516  542  566  589  608  623  634  638
  636  630  619  606  592  580  572  566  560  550  534  511  482  450  420  394
  374  366  362  363  361  352  342  327  311                                   
     7.5-180.0 180.0   5.0 450.0                            LAT/LON1/LON2/DLON/H
  318  329  319  295  267  233  204  180  157  137  118  104   92   85   82   82
   84   87   89   90   90   93  103  118  139  161  183  205  229  257  286  314
