data/edconvlstm_nd/pred1020.15i
     1.0            IONOSPHERE MAPS     GNSS                IONEX VERSION / TYPE
pyspatialgeodesy        IME             05-JAN-18 20:20     PGM / RUN BY / DATE 
Map Name                                                    COMMENT             
Predicted global ionosphere maps (GIM).                     DESCRIPTION         
  2015     4    12     0     0     0                        EPOCH OF FIRST MAP  
  2015     4    13     0     0     0                        EPOCH OF LAST MAP   
  7200                                                      INTERVAL            
    13                                                      # OF MAPS IN FILE   
  NONE                                                      MAPPING FUNCTION    
10.0                                                        ELEVATION CUTOFF    
One-way carrier phase leveled to code                       OBSERVABLES USED    
  6371.0                                                    BASE RADIUS         
 2                                                          MAP DIMENSION       
   450.0 450.0   0.0                                        HGT1 / HGT2 / DHGT  
    87.5 -87.5  -2.5                                        LAT1 / LAT2 / DLAT  
  -180.0 180.0   5.0                                        LON1 / LON2 / DLON  
    -1                                                      EXPONENT            
                                                            END OF HEADER       
[from data line 4719]
    12                                                      START OF TEC MAP    
  2015     4    12    22     0     0                        EPOCH OF CURRENT MAP
    87.5-180.0 180.0   5.0 450.0                            LAT/LON1/LON2/DLON/H
  140  129  115  120  123  120  118  116  116  118  118  119  120  121  122  123
  123  123  123  123  123  122  121  121  120  118  117  116  115  114  114  113
  113  113  113  113  113  114  114  115  115  116  117  117  118  119  119  119
  120  120  120  120  120  120  120  120  120  120  120  120  120  119  119  118
  118  118  116  114  124  120  131  135  140                                   
    85.0-180.0 180.0   5.0 450.0                            LAT/LON1/LON2/DLON/H
  136  129  133  124  122  125  124  126  126  129  129  131  132  134  135  136
  137  137  137  137  136  135  134  133  131  129  127  126  124  123  121  120
  120  119  119  119  120  121  121  122  124  125  126  127  127  128  129  129
  129  130  130  130  130  130  129  129  129  129  129  128  128  128  128  127
  127  127  124  121  125  122  122  124  136                                   
    82.5-180.0 180.0   5.0 450.0                            LAT/LON1/LON2/DLON/H
  111  111  112  111  112  115  118  118  119  122  124  127  130  133  135  136
  137  138  138  137  136  134  132  129  126  123  120  116  113  111  108  106
  105  104  104  105  106  107  108  110  111  113  114  116  117  118  119  119
  119  119  119  119  119  119  119  119  118  118  118  118  118  118  118  118
  118  117  115  117  120  129  118  119  111                                   
    80.0-180.0 180.0   5.0 450.0                            LAT/LON1/LON2/DLON/H
   96   98  103  101  101  102  107  111  115  120  125  130  135  139  142  144
  146  146  146  144  142  139  135  131  127  122  117  112  107  102   99   96
   93   92   92   92   93   95   97   99  101  104  105  107  108  109  110  110
  110  109  109  108  108  107  107  107  107  107  107  107  108  108  109  109
  110  110  110  111  108  111  106  116   96                                   
    77.5-180.0 180.0   5.0 450.0                            LAT/LON1/LON2/DLON/H
  104  100  105  100  103  104  109  113  118  123  129  136  143  148  152  155
  156  156  155  153  150  147  143  137  132  126  119  113  106  100   95   91
   88   86   86   86   87   89   91   94   96   98   99  100  101  101  100  100
   99   97   96   95   94   94   93   93   93   94   95   96   97   99  101  102
  104  106  107  110  112  112  113  128  104                                   
    75.0-180.0 180.0   5.0 450.0                            LAT/LON1/LON2/DLON/H
  106  104  105   99  101  103  106  111  118  126  134  142  149  154  158  160
  161  160  159  156  153  149  145  140  135  129  122  115  108  101   95   90
   86   84   83   83   84   86   88   90   91   92   93   93   93   92   91   90
   88   86   84   82   81   80   80   80   80   81   83   84   86   88   91   94
   97  101  104  105  107  108  112  116  106                                   
    72.5-180.0 180.0   5.0 450.0                            LAT/LON1/LON2/DLON/H
  116  113  114  111  108  109  112  116  122  130  138  147  154  159  162  163
  162  160  158  155  152  149  146  142  137  131  124  116  109  101   95   89
   85   82   81   81   82   83   84   85   85   85   85   84   83   81   79   77
   75   72   70   69   68   67   67   67   69   70   72   75   77   80   84   87
   90   95  100  103  106  110  118  128  116                                   
    70.0-180.0 180.0   5.0 450.0                            LAT/LON1/LON2/DLON/H
  125  122  122  116  112  111  112  117  124  133  141  150  155  158  159  157
  154  151  148  145  143  141  139  137  134  130  124  117  110  103   96   90
   86   83   81   81   81   81   81   81   80   78   77   75   72   70   68   66
   64   62   61   59   59   59   59   60   62   64   67   70   73   76   79   83
   86   91   97  101  107  114  126  133  125                                   
    67.5-180.0 180.0   5.0 450.0                            LAT/LON1/LON2/DLON/H
  139  135  134  129  124  121  121  125  131  139  148  155  159  160  159  155
  150  145  141  139  138  138  138  137  135  131  126  120  113  106   99   93
   88   85   83   82   81   81   80   78   76   73   70   67   64   62   60   59
   58   57   56   56   57   57   59   61   64   67   70   73   76   79   83   86
   88   93   97  101  108  116  128  137  139                                   
    65.0-180.0 180.0   5.0 450.0                            LAT/LON1/LON2/DLON/H
  145  142  139  135  128  124  123  127  133  142  150  156  158  156  152  146
  139  134  130  129  129  130  131  131  129  127  122  117  110  104   97   92
   87   83   81   79   78   76   75   72   68   65   61   57   55   53   51   51
   51   52   53   54   55   57   59   62   65   69   72   76   80   83   85   88
   89   93   97  101  108  118  132  141  145                                   
    62.5-180.0 180.0   5.0 450.0                            LAT/LON1/LON2/DLON/H
  151  148  146  141  135  131  129  132  138  146  153  158  158  155  149  142
  135  130  127  127  127  128  129  128  126  122  118  112  106  100   95   89
   84   81   78   75   74   72   69   66   62   58   54   51   48   47   46   47
   48   50   52   55   57   60   63   66   69   73   77   82   86   89   92   94
   94   96   99  101  107  117  130  138  151                                   
    60.0-180.0 180.0   5.0 450.0                            LAT/LON1/LON2/DLON/H
  154  152  151  147  142  136  135  138  144  152  157  160  160  155  148  141
  135  131  129  129  129  129  128  125  122  117  112  107  102   97   92   87
   83   78   75   72   70   68   66   63   60   56   52   49   47   46   46   47
   49   51   54   58   61   64   67   70   73   77   82   87   92   96  100  102
  102  103  103  104  109  119  132  140  154                                   
    57.5-180.0 180.0   5.0 450.0                            LAT/LON1/LON2/DLON/H
  158  158  158  154  151  146  145  148  154  160  164  165  163  158  152  146
  141  139  137  137  136  133  129  124  118  111  106  102   98   95   92   87
   83   78   74   71   69   67   66   64   62   59   56   53   51   50   50   52
   54   56   59   63   66   69   72   74   77   80   85   90   97  103  109  112
  113  113  113  112  115  123  134  141  158                                   
    55.0-180.0 180.0   5.0 450.0                            LAT/LON1/LON2/DLON/H
  167  169  171  168  166  162  162  164  169  173  175  174  170  164  159  155
  152  150  149  147  144  139  132  124  115  108  103  100   98   97   95   91
   86   81   76   73   71   71   71   71   71   69   67   64   62   61   61   61
   63   65   67   70   73   76   77   78   80   82   86   93  101  110  118  124
  127  128  128  125  127  133  143  149  167                                   
    52.5-180.0 180.0   5.0 450.0                            LAT/LON1/LON2/DLON/H
  182  185  189  186  186  184  184  186  190  191  189  184  178  172  167  165
  163  161  159  155  150  142  133  124  115  108  104  102  103  103  102   99
   93   87   82   79   78   79   81   83   84   84   83   81   79   77   76   75
   76   77   78   80   82   84   84   83   83   84   87   94  104  115  127  136
  142  146  148  145  145  150  158  163  182                                   
    50.0-180.0 180.0   5.0 450.0                            LAT/LON1/LON2/DLON/H
  203  206  212  209  212  211  212  214  215  213  206  197  188  181  177  175
  173  171  166  160  153  145  136  127  119  113  110  110  112  113  113  109
  103   97   91   89   89   92   95   99  101  103  103  101   99   97   94   93
   92   92   92   93   94   94   92   90   88   87   90   97  108  121  136  148
  157  165  169  168  169  173  180  184  203                                   
    47.5-180.0 180.0   5.0 450.0                            LAT/LON1/LON2/DLON/H
  227  230  237  235  239  241  242  243  242  236  224  210  198  190  185  183
  180  176  169  162  154  147  140  133  127  123  122  122  124  125  124  119
  113  106  102  100  102  106  110  115  119  122  123  122  120  117  114  112
  110  108  108  107  107  106  103   99   95   93   95  102  114  129  145  160
  171  183  190  192  194  198  205  209  227                                   
    45.0-180.0 180.0   5.0 450.0                            LAT/LON1/LON2/DLON/H
  254  256  261  262  267  270  272  272  268  258  241  224  209  199  193  189
  185  178  170  162  156  152  148  145  142  139  137  136  136  135  132  127
  121  115  111  112  115  120  125  130  135  138  140  141  139  136  132  129
  127  124  123  122  121  119  115  111  106  103  105  112  124  139  155  171
  184  199  209  215  220  224  232  237  254                                   
    42.5-180.0 180.0   5.0 450.0                            LAT/LON1/LON2/DLON/H
  278  280  285  287  292  296  297  297  291  278  257  236  218  207  200  195
  188  180  172  165  162  161  161  161  160  157  153  149  145  141  136  130
  125  121  120  122  127  133  138  142  146  150  153  155  154  151  147  144
  141  138  136  135  133  131  128  123  118  115  117  124  137  152  168  184
  198  214  227  236  243  248  258  265  278                                   
    40.0-180.0 180.0   5.0 450.0                            LAT/LON1/LON2/DLON/H
  301  304  307  310  315  318  320  318  311  295  272  248  228  216  208  201
  193  185  178  174  175  177  180  181  180  175  169  160  151  143  136  130
  126  125  127  132  139  145  149  151  154  158  161  164  163  161  157  153
  150  148  146  144  143  141  138  134  129  127  130  138  151  167  183  198
  212  229  244  255  264  271  282  291  301                                   
    37.5-180.0 180.0   5.0 450.0                            LAT/LON1/LON2/DLON/H
  324  329  332  333  337  338  340  338  330  313  287  262  240  226  217  210
  202  195  191  191  195  199  202  202  198  191  181  168  155  144  136  131
  129  131  136  144  152  157  159  159  160  163  166  169  169  167  163  160
  156  154  152  150  149  148  145  142  138  137  141  151  165  182  199  215
  228  246  261  273  284  292  305  315  324                                   
    35.0-180.0 180.0   5.0 450.0                            LAT/LON1/LON2/DLON/H
  350  358  361  358  361  360  363  359  351  333  307  280  258  242  232  223
  216  212  211  214  219  223  223  220  213  203  190  176  161  148  140  136
  137  141  149  158  166  170  169  167  165  167  171  174  175  172  168  164
  160  157  155  153  152  151  150  147  144  144  149  160  177  197  216  233
  247  265  282  294  304  315  329  338  350                                   
    32.5-180.0 180.0   5.0 450.0                            LAT/LON1/LON2/DLON/H
  382  392  397  390  394  391  393  388  380  361  335  307  283  265  252  243
  236  234  235  240  245  245  241  232  223  212  200  186  172  161  154  152
  154  160  169  178  184  185  182  176  173  174  177  181  182  179  174  169
  164  160  157  155  155  154  153  150  147  147  153  166  185  209  232  253
  269  289  306  319  328  341  358  365  382                                   
    30.0-180.0 180.0   5.0 450.0                            LAT/LON1/LON2/DLON/H
  421  435  442  432  437  433  434  428  420  401  373  344  318  298  282  270
  262  259  261  265  266  262  252  240  231  223  215  206  195  186  181  180
  182  188  195  201  204  203  196  189  184  185  189  193  194  191  184  177
  170  164  161  159  158  157  155  152  148  147  153  167  190  218  247  273
  294  315  334  348  357  372  391  397  421                                   
    27.5-180.0 180.0   5.0 450.0                            LAT/LON1/LON2/DLON/H
  466  484  494  484  491  487  489  481  473  453  425  395  366  341  321  304
  293  287  286  286  281  272  259  248  241  240  240  238  232  226  222  221
  222  223  225  226  225  220  212  204  200  201  206  211  212  208  199  189
  180  172  168  165  163  162  159  154  148  146  151  166  191  223  258  291
  317  343  364  380  389  407  429  434  466                                   
    25.0-180.0 180.0   5.0 450.0                            LAT/LON1/LON2/DLON/H
  513  537  550  543  555  552  554  547  540  520  491  458  426  397  370  347
  329  317  309  301  291  279  267  260  262  271  280  286  285  281  276  271
  267  262  256  250  244  237  229  222  220  223  229  234  236  230  219  206
  194  184  177  173  170  167  162  156  148  144  148  162  188  224  266  306
  338  369  392  411  421  443  468  474  513                                   
    22.5-180.0 180.0   5.0 450.0                            LAT/LON1/LON2/DLON/H
  558  591  606  604  624  623  626  621  616  597  568  534  498  464  430  400
  373  351  333  316  301  289  283  287  300  319  337  348  350  344  334  323
  311  297  282  269  259  251  246  242  243  248  256  262  262  255  242  225
  210  197  189  183  178  173  166  157  148  143  145  158  185  223  270  316
  353  389  415  437  450  475  503  512  558                                   
    20.0-180.0 180.0   5.0 450.0                            LAT/LON1/LON2/DLON/H
  597  639  658  664  691  693  699  698  695  679  651  617  580  542  503  464
  427  394  364  339  321  313  317  333  357  385  408  419  417  404  386  366
  345  322  301  284  272  266  264  266  270  277  285  289  288  279  264  244
  225  210  199  191  184  176  167  157  147  141  142  155  182  222  271  320
  362  402  431  455  472  501  532  545  597                                   
    17.5-180.0 180.0   5.0 450.0                            LAT/LON1/LON2/DLON/H
  627  677  701  714  749  756  764  768  770  758  734  703  667  628  586  541
  495  451  410  378  360  358  373  401  433  463  482  485  472  448  420  392
  364  337  313  296  286  284  287  293  300  308  314  316  312  300  281  259
  237  220  207  196  186  176  166  155  146  140  141  154  181  221  271  322
  366  407  439  465  485  518  550  568  627                                   
    15.0-180.0 180.0   5.0 450.0                            LAT/LON1/LON2/DLON/H
  646  699  729  747  789  802  814  822  830  824  806  780  749  714  673  627
  576  525  477  441  424  429  453  487  520  543  548  535  506  469  432  399
  369  344  324  310  306  308  316  325  333  338  340  338  329  314  292  267
  244  225  210  197  185  173  161  151  142  138  140  154  181  222  272  323
  367  409  441  468  491  526  558  579  646                                   
    12.5-180.0 180.0   5.0 450.0                            LAT/LON1/LON2/DLON/H
  655  709  741  762  808  825  842  854  867  867  857  840  817  789  755  713
  665  612  563  526  511  521  549  582  606  611  594  559  514  467  426  394
  370  352  340  334  335  341  351  361  366  367  362  353  339  319  295  269
  244  224  208  193  178  165  153  144  136  133  137  153  181  223  273  323
  366  408  441  469  492  529  561  584  655                                   
    10.0-180.0 180.0   5.0 450.0                            LAT/LON1/LON2/DLON/H
  658  711  744  765  810  830  849  864  881  887  883  874  860  843  820  788
  748  702  656  623  611  622  647  671  676  656  614  559  503  453  415  391
  376  369  367  368  374  383  392  398  398  390  377  360  340  316  290  263
  238  218  200  184  168  154  143  134  128  126  132  149  180  223  273  323
  366  407  441  470  493  530  562  585  658                                   
     7.5-180.0 180.0   5.0 450.0                            LAT/LON1/LON2/DLON/H
  660  713  746  764  807  826  846  862  881  889  889  885  878  871  859  841
  813  778  741  714  705  715  732  739  719  672  608  541  484  441  414  401
