data/edconvlstm_nd/pred1360.15i
     1.0            IONOSPHERE MAPS     GNSS                IONEX VERSION / TYPE
pyspatialgeodesy        IME             05-JAN-18 20:20     PGM / RUN BY / DATE 
Map Name                                                    COMMENT             
Predicted global ionosphere maps (GIM).                     DESCRIPTION         
  2015     5    16     0     0     0                        EPOCH OF FIRST MAP  
  2015     5    17     0     0     0                        EPOCH OF LAST MAP   
  7200                                                      INTERVAL            
    13                                                      # OF MAPS IN FILE   
  NONE                                                      MAPPING FUNCTION    
10.0                                                        ELEVATION CUTOFF    
One-way carrier phase leveled to code                       OBSERVABLES USED    
  6371.0                                                    BASE RADIUS         
 2                                                          MAP DIMENSION       
   450.0 450.0   0.0                                        HGT1 / HGT2 / DHGT  
    87.5 -87.5  -2.5                                        LAT1 / LAT2 / DLAT  
  -180.0 180.0   5.0                                        LON1 / LON2 / DLON  
    -1                                                      EXPONENT            
                                                            END OF HEADER       
[from data line 1716]
     5                                                      START OF TEC MAP    
  2015     5    16     8     0     0                        EPOCH OF CURRENT MAP
    87.5-180.0 180.0   5.0 450.0                            LAT/LON1/LON2/DLON/H
  186  183  179  186  188  190  191  192  195  199  201  204  206  208  210  212
  213  214  215  216  216  217  217  217  216  216  215  215  214  213  212  211
  210  208  207  206  205  203  202  200  199  198  196  195  193  192  191  189
  188  186  185  184  182  181  179  178  177  176  174  173  172  171  170  169
  169  171  169  170  173  174  179  181  186                                   
    85.0-180.0 180.0   5.0 450.0                            LAT/LON1/LON2/DLON/H
  176  176  178  182  183  189  192  196  200  204  207  211  213  216  219  221
  222  224  225  226  227  227  227  227  227  226  226  225  224  223  222  221
  220  219  217  216  215  213  212  211  209  208  207  205  204  203  201  200
  198  197  195  194  192  190  189  187  186  184  183  181  179  178  176  175
  175  176  171  171  168  170  174  180  176                                   
    82.5-180.0 180.0   5.0 450.0                            LAT/LON1/LON2/DLON/H
  168  169  170  168  169  175  179  184  189  194  198  203  207  211  214  217
  219  221  223  224  224  224  224  223  223  222  221  219  218  217  216  215
  214  213  212  211  210  209  208  207  206  206  205  204  203  202  201  200
  199  198  197  195  194  192  190  189  187  185  183  181  179  177  174  172
  170  168  162  163  161  163  165  161  168                                   
    80.0-180.0 180.0   5.0 450.0                            LAT/LON1/LON2/DLON/H
  166  165  165  164  167  170  176  182  188  194  198  204  208  212  216  220
  222  224  225  226  226  225  223  221  219  217  215  214  212  211  211  210
  210  210  210  209  209  209  209  209  210  210  211  211  212  212  213  213
  212  212  211  210  209  208  207  205  204  202  200  198  196  193  190  187
  183  179  171  170  166  165  169  159  166                                   
    77.5-180.0 180.0   5.0 450.0                            LAT/LON1/LON2/DLON/H
  169  162  164  164  164  168  173  178  184  188  193  198  202  207  211  214
  217  219  220  220  219  217  214  211  207  204  202  200  199  199  199  200
  201  203  205  206  207  209  210  212  214  216  219  222  224  227  229  230
  231  231  231  231  230  229  228  228  227  226  225  223  221  218  215  211
  205  199  188  184  180  174  171  167  169                                   
    75.0-180.0 180.0   5.0 450.0                            LAT/LON1/LON2/DLON/H
  172  169  166  167  167  170  174  177  182  186  189  194  197  201  205  208
  210  212  213  212  210  206  202  197  192  188  185  183  183  184  186  189
  193  196  200  203  206  210  213  217  221  225  230  236  241  245  249  252
  253  254  254  254  253  252  251  251  250  250  250  250  249  247  244  240
  233  226  214  204  196  189  185  178  172                                   
    72.5-180.0 180.0   5.0 450.0                            LAT/LON1/LON2/DLON/H
  177  176  172  171  170  172  175  177  181  183  185  188  191  194  197  200
  203  204  205  204  201  196  190  184  178  173  169  167  168  171  175  181
  186  192  198  203  207  212  217  222  228  234  241  249  256  262  267  270
  272  273  272  271  269  267  265  265  264  265  266  267  267  266  264  261
  256  248  237  226  214  206  199  194  177                                   
    70.0-180.0 180.0   5.0 450.0                            LAT/LON1/LON2/DLON/H
  186  181  176  175  170  171  173  174  177  179  180  183  185  187  190  193
  195  197  197  196  192  187  180  172  165  159  155  154  156  160  167  175
  183  191  198  204  210  215  221  227  235  243  252  261  269  276  282  285
  286  286  283  280  276  272  269  267  266  267  268  270  272  273  273  272
  268  262  251  241  228  220  215  211  186                                   
    67.5-180.0 180.0   5.0 450.0                            LAT/LON1/LON2/DLON/H
  187  183  178  175  169  169  169  170  172  174  175  178  180  182  185  188
  190  192  192  191  187  181  174  165  157  151  148  147  150  156  165  175
  185  194  202  209  215  220  226  234  242  251  261  271  280  288  293  295
  295  292  288  282  275  269  264  261  259  259  260  262  265  267  268  269
  268  264  255  247  235  228  222  220  187                                   
    65.0-180.0 180.0   5.0 450.0                            LAT/LON1/LON2/DLON/H
  188  184  177  173  165  162  161  162  164  166  168  171  174  177  180  182
  185  186  187  185  181  176  168  160  152  146  143  144  148  156  166  177
  188  199  208  215  221  227  233  241  250  260  271  281  290  297  301  303
  301  296  289  281  273  264  257  251  248  246  247  248  251  253  256  258
  259  257  252  246  239  235  229  227  188                                   
    62.5-180.0 180.0   5.0 450.0                            LAT/LON1/LON2/DLON/H
  189  185  178  170  159  154  151  150  152  154  157  162  166  169  172  175
  177  179  179  177  174  168  161  153  147  142  141  142  148  156  167  180
  192  203  213  221  228  234  241  249  258  269  280  290  298  304  307  307
  304  299  291  281  271  261  252  245  239  236  235  235  236  238  241  244
  246  247  245  242  238  237  232  230  189                                   
    60.0-180.0 180.0   5.0 450.0                            LAT/LON1/LON2/DLON/H
  195  190  181  168  155  146  140  136  137  139  143  148  153  157  161  163
  165  167  166  164  161  156  150  144  139  137  137  140  146  155  167  180
  193  206  217  226  234  241  248  257  267  278  289  298  306  311  313  312
  309  303  295  286  276  265  255  246  239  234  231  229  229  230  231  234
  237  239  240  240  239  240  237  231  195                                   
    57.5-180.0 180.0   5.0 450.0                            LAT/LON1/LON2/DLON/H
  208  203  193  174  158  143  133  125  123  123  126  132  137  141  145  148
  150  151  150  148  145  140  136  133  131  131  133  138  145  154  166  180
  194  208  221  232  241  250  259  269  279  290  301  310  316  320  321  320
  318  313  307  299  290  280  269  259  251  244  239  236  234  233  233  235
  238  241  243  244  246  249  245  238  208                                   
    55.0-180.0 180.0   5.0 450.0                            LAT/LON1/LON2/DLON/H
  229  224  213  189  171  150  134  120  114  110  111  115  119  123  127  130
  132  132  132  130  127  124  121  121  122  125  130  136  143  153  165  179
  194  210  225  239  251  261  272  283  294  305  315  323  329  332  333  333
  332  330  326  320  313  303  293  282  273  265  259  255  251  248  247  247
  249  252  254  257  260  264  260  250  229                                   
    52.5-180.0 180.0   5.0 450.0                            LAT/LON1/LON2/DLON/H
  256  251  239  213  193  168  146  126  113  104  101  102  104  106  109  112
  114  115  115  113  111  109  109  111  115  120  127  134  142  152  164  179
  197  215  232  248  263  275  287  299  310  321  331  339  344  347  349  350
  351  351  350  346  340  331  321  310  300  292  285  280  276  272  270  269
  270  272  274  276  278  282  278  267  256                                   
    50.0-180.0 180.0   5.0 450.0                            LAT/LON1/LON2/DLON/H
  284  278  266  242  221  195  169  143  124  109  100   95   94   94   95   97
  100  102  103  102  101  100  101  105  111  119  127  135  144  154  167  184
  202  223  243  261  277  291  304  316  327  339  349  357  363  366  369  371
  373  375  375  373  368  359  348  336  326  317  311  306  303  299  297  295
  294  296  296  297  296  301  295  287  284                                   
    47.5-180.0 180.0   5.0 450.0                            LAT/LON1/LON2/DLON/H
  304  299  288  269  249  224  196  168  143  122  108   98   91   88   87   89
   92   95   97   97   97   97  100  104  112  120  129  139  149  160  174  192
  212  234  256  275  292  307  319  332  344  355  366  375  382  387  390  393
  396  399  400  397  391  381  369  356  345  336  330  326  324  322  320  318
  317  317  315  314  311  315  308  302  304                                   
    45.0-180.0 180.0   5.0 450.0                            LAT/LON1/LON2/DLON/H
  310  306  299  287  269  249  222  194  166  142  123  108   97   90   87   87
   90   95   98  100  101  102  104  109  117  125  135  145  156  169  185  204
  226  248  270  290  307  321  333  345  358  370  382  392  400  406  410  414
  417  420  420  417  409  398  384  369  357  347  341  338  336  335  335  334
  332  331  327  323  317  319  313  309  310                                   
    42.5-180.0 180.0   5.0 450.0                            LAT/LON1/LON2/DLON/H
  300  296  293  289  275  260  239  214  187  163  141  124  110  100   94   93
   96  101  105  108  110  111  114  119  125  133  143  153  166  181  198  218
  240  262  284  302  318  332  344  356  368  382  395  407  416  423  428  432
  436  439  439  435  426  413  398  383  368  357  349  345  343  342  342  341
  338  336  330  323  314  314  307  305  300                                   
    40.0-180.0 180.0   5.0 450.0                            LAT/LON1/LON2/DLON/H
  278  271  271  270  262  254  240  221  200  178  158  141  126  114  107  104
  106  111  116  120  122  124  127  131  136  143  151  162  176  192  211  231
  253  274  293  311  325  338  350  363  376  390  405  418  429  437  444  449
  455  459  460  458  450  438  424  407  390  376  364  357  352  350  348  346
  342  338  329  320  307  303  296  292  278                                   
    37.5-180.0 180.0   5.0 450.0                            LAT/LON1/LON2/DLON/H
  252  240  240  237  234  230  224  214  200  184  169  155  142  130  122  119
  120  124  129  133  136  139  142  145  148  153  161  171  186  203  222  242
  262  280  298  314  328  341  354  367  382  397  413  427  439  450  459  468
  477  486  492  494  491  483  470  454  435  416  399  386  376  369  364  359
  352  345  333  321  305  296  287  278  252                                   
    35.0-180.0 180.0   5.0 450.0                            LAT/LON1/LON2/DLON/H
  235  218  212  203  201  199  198  195  188  180  172  164  155  146  139  135
  135  137  141  145  149  153  157  160  162  165  171  180  195  212  230  249
  266  283  299  314  328  342  356  371  387  404  420  436  450  464  478  492
  508  524  539  549  554  553  545  530  510  486  461  440  423  409  399  389
  378  368  353  337  318  304  290  274  235                                   
    32.5-180.0 180.0   5.0 450.0                            LAT/LON1/LON2/DLON/H
  240  217  203  182  177  172  172  172  171  169  168  167  164  159  153  150
  149  151  153  157  162  169  174  177  178  179  182  190  203  219  236  252
  267  282  296  311  327  343  360  377  394  412  430  447  464  482  501  524
  549  576  602  623  639  648  647  635  614  584  552  522  496  475  458  443
  427  413  395  374  353  333  312  288  240                                   
    30.0-180.0 180.0   5.0 450.0                            LAT/LON1/LON2/DLON/H
  271  246  221  188  176  163  159  158  157  159  162  167  169  168  165  163
  162  163  164  168  175  184  193  197  197  195  195  200  210  224  238  252
  265  278  293  309  327  347  366  386  405  424  443  462  482  505  532  564
  600  639  677  711  739  758  765  757  736  703  665  628  594  566  542  520
  500  481  460  435  410  384  354  324  271                                   
    27.5-180.0 180.0   5.0 450.0                            LAT/LON1/LON2/DLON/H
  328  303  266  225  204  183  170  162  157  157  161  168  173  175  175  175
  175  175  176  180  189  201  212  218  217  212  208  209  216  226  238  250
  262  275  291  310  332  355  377  399  420  441  461  482  506  534  569  610
  657  707  757  802  839  866  879  876  856  823  782  741  703  670  641  614
  589  568  544  513  484  451  411  377  328                                   
    25.0-180.0 180.0   5.0 450.0                            LAT/LON1/LON2/DLON/H
  404  382  336  290  261  233  207  189  176  170  171  176  181  184  185  186
  187  187  188  193  204  219  232  238  235  227  220  216  219  226  236  247
  259  273  292  315  341  367  393  417  439  461  483  507  535  569  610  659
  713  771  827  878  920  950  966  966  949  919  880  839  802  768  738  709
  682  660  635  597  562  522  475  442  404                                   
    22.5-180.0 180.0   5.0 450.0                            LAT/LON1/LON2/DLON/H
  489  469  420  375  338  305  269  240  216  201  194  195  197  198  198  199
  200  200  201  207  219  235  249  254  249  238  226  219  218  223  232  243
  257  275  298  325  354  384  411  436  461  484  508  535  567  605  650  703
  760  818  873  922  962  991 1008 1010  997  971  938  904  872  842  815  788
  761  740  714  672  630  583  537  507  489                                   
    20.0-180.0 180.0   5.0 450.0                            LAT/LON1/LON2/DLON/H
  567  546  499  460  418  385  342  304  271  247  232  226  222  219  216  215
  215  214  215  220  232  248  261  264  256  240  225  215  212  216  226  240
  257  280  308  339  371  402  430  456  481  507  533  563  598  639  685  736
  788  839  887  927  959  984  999 1003  995  976  951  925  901  880  859  835
  811  793  769  723  675  624  586  561  567                                   
    17.5-180.0 180.0   5.0 450.0                            LAT/LON1/LON2/DLON/H
  620  592  553  524  479  451  408  369  331  300  278  264  254  245  238  233
  231  228  227  231  242  256  266  265  253  234  216  203  200  205  218  236
  260  288  320  355  388  418  446  472  499  527  557  589  626  666  710  755
  798  837  870  898  921  939  952  958  954  942  926  910  895  882  867  848
  828  811  789  741  693  638  611  594  620                                   
    15.0-180.0 180.0   5.0 450.0                            LAT/LON1/LON2/DLON/H
  637  599  570  550  510  488  452  418  381  349  323  304  288  273  262  254
  248  242  238  239  246  256  261  256  240  218  198  185  183  191  209  233
  263  297  333  369  402  431  458  485  513  544  576  610  647  686  725  761
  792  817  836  851  865  879  890  897  897  891  882  874  867  860  850  834
  816  799  778  731  684  629  611  603  637                                   
    12.5-180.0 180.0   5.0 450.0                            LAT/LON1/LON2/DLON/H
  620  574  554  540  508  492  466  439  409  381  357  337  318  300  284  272
  263  253  245  241  244  249  249  239  218  194  174  162  163  176  200  230
  266  304  343  379  411  439  465  492  522  555  589  624  660  696  730  757
  778  790  798  805  814  824  835  842  845  842  839  836  835  831  822  808
  789  772  749  704  661  608  594  593  620                                   
    10.0-180.0 180.0   5.0 450.0                            LAT/LON1/LON2/DLON/H
  588  538  524  511  487  474  455  437  414  392  373  356  338  319  301  286
  273  260  247  239  236  235  230  214  191  166  148  140  146  164  191  227
  266  307  347  383  414  441  467  494  525  559  593  627  662  696  725  748
  762  769  771  775  781  791  801  807  809  808  807  809  810  808  800  784
  764  744  719  677  638  589  576  578  588                                   
     7.5-180.0 180.0   5.0 450.0                            LAT/LON1/LON2/DLON/H
  561  513  499  482  461  448  434  420  403  386  373  360  345  327  309  293
  277  260  244  231  224  217  206  187  162  140  126  124  133  153  183  221
