data/edconvlstm_nd/pred0040.15i
     1.0            IONOSPHERE MAPS     GNSS                IONEX VERSION / TYPE
pyspatialgeodesy        IME             05-JAN-18 20:20     PGM / RUN BY / DATE 
Map Name                                                    COMMENT             
Predicted global ionosphere maps (GIM).                     DESCRIPTION         
  2015     1     4     0     0     0                        EPOCH OF FIRST MAP  
  2015     1     5     0     0     0                        EPOCH OF LAST MAP   
  7200                                                      INTERVAL            
    13                                                      # OF MAPS IN FILE   
  NONE                                                      MAPPING FUNCTION    
10.0                                                        ELEVATION CUTOFF    
One-way carrier phase leveled to code                       OBSERVABLES USED    
  6371.0                                                    BASE RADIUS         
 2                                                          MAP DIMENSION       
   450.0 450.0   0.0                                        HGT1 / HGT2 / DHGT  
    87.5 -87.5  -2.5                                        LAT1 / LAT2 / DLAT  
  -180.0 180.0   5.0                                        LON1 / LON2 / DLON  
    -1                                                      EXPONENT            
                                                            END OF HEADER       
[from data line 1716]
     5                                                      START OF TEC MAP    
  2015     1     4     8     0     0                        EPOCH OF CURRENT MAP
    87.5-180.0 180.0   5.0 450.0                            LAT/LON1/LON2/DLON/H
   37   47   44   46   47   47   47   42   43   44   44   45   45   45   45   44
   44   44   44   44   44   44   44   44   44   44   45   45   45   46   46   46
   47   47   47   47   47   47   47   47   46   46   46   45   45   45   44   44
   43   42   42   41   41   40   39   39   38   37   37   36   36   35   35   35
   36   37   36   36   43   51   63   63   37                                   
    85.0-180.0 180.0   5.0 450.0                            LAT/LON1/LON2/DLON/H
   34   57   60   53   54   57   56   56   56   58   57   57   57   57   56   56
   55   55   55   55   54   55   55   55   55   56   56   57   58   58   59   59
   59   59   59   60   59   59   59   59   58   58   58   57   56   56   55   54
   53   52   51   50   49   48   48   47   46   45   45   44   44   44   43   44
   45   46   43   44   49   54   67   63   34                                   
    82.5-180.0 180.0   5.0 450.0                            LAT/LON1/LON2/DLON/H
   40   51   67   59   59   61   61   61   62   62   61   61   60   58   57   55
   54   53   52   51   51   51   51   51   51   52   53   53   54   55   56   56
   57   57   58   59   59   60   60   60   60   60   60   59   59   58   57   57
   56   55   54   53   52   50   49   48   46   45   44   44   43   43   43   43
   44   45   44   44   53   53   54   52   40                                   
    80.0-180.0 180.0   5.0 450.0                            LAT/LON1/LON2/DLON/H
   51   55   70   64   67   65   66   66   67   67   65   64   62   59   56   54
   52   50   48   47   46   46   46   46   47   48   49   50   52   53   54   56
   57   59   60   61   62   63   64   64   64   65   65   64   64   64   64   63
   63   62   61   60   58   57   55   53   50   48   47   45   44   43   43   43
   44   45   46   47   54   56   59   55   51                                   
    77.5-180.0 180.0   5.0 450.0                            LAT/LON1/LON2/DLON/H
   60   62   70   65   66   68   69   70   71   69   66   64   60   56   53   50
   47   45   43   42   42   42   42   43   44   46   48   50   52   54   56   58
   60   62   64   66   67   68   69   70   70   71   72   72   73   74   75   75
   76   76   76   75   74   72   69   66   63   60   56   53   51   49   47   47
   47   47   47   50   52   47   51   52   60                                   
    75.0-180.0 180.0   5.0 450.0                            LAT/LON1/LON2/DLON/H
   53   60   65   63   63   68   69   69   69   68   64   61   57   53   49   46
   43   41   39   38   38   39   40   42   44   46   48   51   53   56   58   60
   62   64   65   66   67   68   69   70   72   73   75   77   79   82   85   87
   90   92   93   93   92   90   87   83   79   74   69   64   60   56   53   51
   50   50   50   49   52   48   50   48   53                                   
    72.5-180.0 180.0   5.0 450.0                            LAT/LON1/LON2/DLON/H
   54   60   63   61   62   68   70   70   69   67   63   60   56   52   48   45
   42   40   39   39   39   40   42   44   47   50   53   55   57   59   61   63
   64   65   66   67   68   70   71   73   75   78   81   85   90   95  100  105
  110  114  117  118  118  116  112  107  101   94   87   80   74   68   64   61
   58   56   57   56   57   51   52   51   54                                   
    70.0-180.0 180.0   5.0 450.0                            LAT/LON1/LON2/DLON/H
   56   58   63   61   60   65   67   67   66   65   61   58   54   51   48   45
   42   41   40   40   41   43   46   49   52   55   58   59   61   62   62   63
   63   63   64   65   66   67   70   72   76   80   86   92   99  107  115  123
  130  136  141  143  143  140  136  129  121  113  104   95   86   79   73   68
   64   61   61   59   59   54   57   56   56                                   
    67.5-180.0 180.0   5.0 450.0                            LAT/LON1/LON2/DLON/H
   52   55   58   56   56   60   62   63   62   61   58   56   52   50   47   45
   43   42   42   42   44   46   50   53   57   59   61   62   62   61   60   60
   59   59   60   60   62   64   68   72   77   84   91  100  110  120  131  141
  150  157  163  165  165  162  156  147  138  128  117  107   97   87   79   73
   67   62   62   59   58   53   55   56   52                                   
    65.0-180.0 180.0   5.0 450.0                            LAT/LON1/LON2/DLON/H
   51   52   54   53   52   57   59   60   60   59   56   55   53   51   49   48
   47   46   46   47   49   52   56   60   63   64   65   64   63   61   60   58
   57   57   57   59   61   64   69   75   83   92  102  114  126  139  151  163
  173  181  187  189  187  183  175  166  155  143  131  120  109   98   88   79
   72   65   64   60   59   53   55   58   51                                   
    62.5-180.0 180.0   5.0 450.0                            LAT/LON1/LON2/DLON/H
   49   48   50   50   49   54   57   57   57   56   54   53   52   51   51   50
   50   49   49   50   52   55   58   62   64   65   65   64   61   59   57   55
   55   55   56   58   61   66   73   81   91  103  116  130  144  159  173  185
  195  203  208  209  206  200  191  180  168  156  144  132  120  108   96   85
   76   67   64   59   57   51   53   57   49                                   
    60.0-180.0 180.0   5.0 450.0                            LAT/LON1/LON2/DLON/H
   48   45   46   46   45   49   52   53   53   52   50   50   49   49   50   50
   51   50   50   50   50   53   56   59   61   61   60   59   56   54   52   51
   51   52   54   58   63   70   78   89  101  115  131  147  163  179  193  205
  214  221  224  224  220  212  201  189  177  166  154  143  131  119  105   92
   80   69   64   58   56   48   50   54   48                                   
    57.5-180.0 180.0   5.0 450.0                            LAT/LON1/LON2/DLON/H
   47   42   43   43   42   46   49   50   50   48   47   47   47   48   49   50
   50   50   48   47   47   48   50   53   54   55   54   52   51   49   48   48
   49   51   55   61   69   78   89  102  117  133  150  168  185  201  214  225
  233  238  240  238  232  223  212  200  189  179  169  160  149  135  120  105
   89   76   70   62   59   49   49   53   47                                   
    55.0-180.0 180.0   5.0 450.0                            LAT/LON1/LON2/DLON/H
   49   41   42   41   40   44   46   47   47   45   44   44   44   45   47   48
   48   47   45   43   42   43   44   46   47   47   47   46   45   44   44   45
   48   53   59   68   78   90  104  119  135  153  171  190  207  221  233  242
  247  251  251  248  242  233  222  210  200  192  185  178  168  155  139  122
  104   87   79   69   66   53   53   56   49                                   
    52.5-180.0 180.0   5.0 450.0                            LAT/LON1/LON2/DLON/H
   53   44   43   41   40   43   46   46   46   45   43   42   42   43   45   46
   46   45   42   39   38   38   39   40   41   42   42   41   41   41   42   45
   50   57   66   78   92  107  123  139  156  174  193  210  226  239  249  255
  259  260  259  256  249  240  230  220  212  206  202  197  189  177  160  141
  121  103   92   81   76   63   61   62   53                                   
    50.0-180.0 180.0   5.0 450.0                            LAT/LON1/LON2/DLON/H
   60   49   47   44   42   46   48   49   48   47   45   44   43   43   44   45
   45   43   39   36   35   35   36   38   39   40   39   39   39   40   42   46
   53   62   76   92  109  127  144  161  178  195  213  229  243  254  261  265
  266  265  263  260  254  246  237  228  222  218  215  212  205  194  178  159
  138  119  107   95   89   76   73   73   60                                   
    47.5-180.0 180.0   5.0 450.0                            LAT/LON1/LON2/DLON/H
   69   58   54   50   47   51   53   54   54   53   50   48   46   45   46   46
   45   42   39   36   35   36   38   40   42   42   41   40   40   41   43   48
   57   69   86  106  127  148  167  184  200  215  231  245  257  265  270  270
  269  267  264  260  255  248  241  233  228  224  222  220  214  204  189  170
  150  131  118  107  101   89   86   86   69                                   
    45.0-180.0 180.0   5.0 450.0                            LAT/LON1/LON2/DLON/H
   78   67   63   58   54   58   60   61   62   62   59   57   53   51   49   48
   47   44   41   39   39   41   45   47   48   48   46   43   42   43   45   51
   60   76   96  121  145  169  189  206  220  233  246  257  267  273  275  273
  269  265  262  258  254  248  241  234  229  226  223  220  215  205  190  173
  155  137  125  113  108   99   96   97   78                                   
    42.5-180.0 180.0   5.0 450.0                            LAT/LON1/LON2/DLON/H
   84   75   71   67   62   66   68   70   72   73   71   69   64   60   56   54
   52   49   47   46   48   51   56   58   58   56   52   48   46   45   47   53
   64   82  106  134  162  187  209  225  238  249  259  268  275  278  278  274
  269  263  259  256  252  246  240  233  227  223  220  215  209  199  185  170
  153  136  124  114  109  101  100  102   84                                   
    40.0-180.0 180.0   5.0 450.0                            LAT/LON1/LON2/DLON/H
   85   78   75   73   69   73   75   79   82   84   84   82   77   71   67   63
   61   59   57   58   61   65   69   71   69   64   58   53   50   49   50   56
   68   88  115  145  176  203  225  242  254  263  271  277  282  284  282  277
  270  264  259  255  251  246  240  233  227  221  216  210  202  191  178  164
  148  132  120  109  104   95   95  100   85                                   
    37.5-180.0 180.0   5.0 450.0                            LAT/LON1/LON2/DLON/H
   83   76   75   74   72   76   79   83   89   93   95   95   90   84   79   75
   72   71   70   71   74   78   81   81   77   71   64   58   54   52   54   60
   73   94  123  155  187  216  239  256  268  277  283  288  292  293  290  284
  277  270  265  261  257  252  246  239  232  226  219  212  202  191  178  164
  149  131  117  104   96   85   85   91   83                                   
    35.0-180.0 180.0   5.0 450.0                            LAT/LON1/LON2/DLON/H
   78   71   71   71   71   74   78   83   90   96  101  103  101   95   90   86
   84   83   83   85   87   89   90   88   82   75   68   62   58   57   58   64
   79  101  131  164  197  226  250  269  282  291  297  301  305  306  304  299
  292  286  281  277  273  269  263  256  250  243  236  228  219  207  194  180
  163  143  125  107   94   78   76   80   78                                   
    32.5-180.0 180.0   5.0 450.0                            LAT/LON1/LON2/DLON/H
   75   66   65   65   66   69   72   77   85   93  100  105  106  103   98   95
   94   93   94   95   96   96   95   91   84   77   70   65   62   61   63   70
   85  108  139  172  205  234  260  281  296  307  314  319  323  325  325  322
  317  312  308  305  301  297  291  286  281  276  270  263  255  244  232  217
  198  174  151  125  106   81   75   74   75                                   
    30.0-180.0 180.0   5.0 450.0                            LAT/LON1/LON2/DLON/H
   77   65   61   60   62   64   66   70   76   84   94  102  105  104  102  100
  100  100  101  101  100   98   95   90   84   77   72   68   67   66   68   76
   92  116  147  181  213  243  271  294  312  326  335  341  347  351  354  354
  352  349  347  344  342  338  333  329  326  323  320  315  309  300  289  274
  252  225  197  163  135  100   89   81   77                                   
    27.5-180.0 180.0   5.0 450.0                            LAT/LON1/LON2/DLON/H
   89   71   63   59   60   62   62   64   68   74   84   94   99  101  101  101
  101  103  103  102  100   97   92   88   82   77   74   71   71   71   74   83
  101  126  158  191  223  254  283  309  331  348  359  369  377  384  390  394
  395  396  396  395  394  391  388  386  385  384  384  382  379  373  362  347
  324  293  261  218  183  138  122  103   89                                   
    25.0-180.0 180.0   5.0 450.0                            LAT/LON1/LON2/DLON/H
  112   89   74   67   66   66   64   62   63   68   75   85   91   95   96   97
   99  100  101   99   96   93   89   85   81   78   76   75   75   76   81   92
  111  138  170  203  235  267  298  327  353  373  388  400  411  422  432  440
  446  450  453  455  455  454  453  454  454  456  457  458  457  453  444  429
  405  373  336  288  247  194  172  145  112                                   
    22.5-180.0 180.0   5.0 450.0                            LAT/LON1/LON2/DLON/H
  149  120   98   86   82   80   75   70   67   68   72   79   85   88   90   91
   93   94   95   94   91   89   86   84   81   80   78   78   79   82   88  101
  122  151  183  217  250  282  315  347  376  399  417  433  448  462  475  487
  497  505  511  514  517  518  520  522  524  526  529  531  532  530  522  507
  483  451  414  364  320  263  233  203  149                                   
    20.0-180.0 180.0   5.0 450.0                            LAT/LON1/LON2/DLON/H
  197  164  136  118  110  105   98   89   81   78   78   81   83   84   84   85
   86   87   88   88   87   86   85   84   83   82   82   82   83   87   95  110
  133  163  197  231  265  298  333  367  398  424  446  465  483  500  517  531
  543  553  560  564  566  569  572  575  579  582  586  589  591  589  582  568
  545  517  481  434  389  333  299  269  197                                   
    17.5-180.0 180.0   5.0 450.0                            LAT/LON1/LON2/DLON/H
  251  215  184  161  148  140  130  119  107  100   95   92   89   86   83   81
   81   82   82   83   85   86   87   87   87   87   86   86   87   91  100  116
  141  173  208  244  279  314  349  384  416  445  470  492  513  533  549  564
  576  585  591  593  594  595  599  603  609  614  618  623  625  624  617  603
  583  559  528  487  444  394  358  332  251                                   
    15.0-180.0 180.0   5.0 450.0                            LAT/LON1/LON2/DLON/H
  299  264  234  207  190  181  170  157  142  130  119  111  102   93   87   82
   80   79   80   82   85   88   90   92   93   92   90   89   90   94  104  122
  148  181  218  255  291  327  362  397  429  459  486  512  535  555  571  583
  592  599  602  602  600  600  603  609  615  621  626  631  633  632  625  612
  595  576  550  517  478  435  402  382  299                                   
    12.5-180.0 180.0   5.0 450.0                            LAT/LON1/LON2/DLON/H
  333  300  274  248  231  220  209  196  180  164  150  135  120  107   96   89
   84   82   82   85   89   93   97  100   99   97   93   91   91   96  107  126
  154  188  225  263  300  336  371  403  435  465  494  523  547  566  580  588
  595  598  598  596  592  591  593  597  603  609  614  618  620  617  610  598
  584  569  549  524  489  452  423  410  333                                   
    10.0-180.0 180.0   5.0 450.0                            LAT/LON1/LON2/DLON/H
  349  318  299  276  261  251  242  231  215  198  180  162  142  124  110  100
   93   89   89   92   97  102  107  108  105  100   95   92   92   98  111  132
  161  195  232  270  306  341  373  404  433  463  495  525  551  569  580  586
  589  591  589  584  579  576  576  578  582  586  589  592  593  589  582  571
  559  547  532  511  482  448  423  416  349                                   
     7.5-180.0 180.0   5.0 450.0                            LAT/LON1/LON2/DLON/H
  348  319  306  286  277  270  263  255  241  225  206  186  163  142  125  113
  105  100   99  102  108  113  116  114  108  101   95   92   94  102  117  140
