data/edconvlstm_nd/pred3120.15i
     1.0            IONOSPHERE MAPS     GNSS                IONEX VERSION / TYPE
pyspatialgeodesy        IME             05-JAN-18 20:20     PGM / RUN BY / DATE 
Map Name                                                    COMMENT             
Predicted global ionosphere maps (GIM).                     DESCRIPTION         
  2015    11     8     0     0     0                        EPOCH OF FIRST MAP  
  2015    11     9     0     0     0                        EPOCH OF LAST MAP   
  7200                                                      INTERVAL            
    13                                                      # OF MAPS IN FILE   
  NONE                                                      MAPPING FUNCTION    
10.0                                                        ELEVATION CUTOFF    
One-way carrier phase leveled to code                       OBSERVABLES USED    
  6371.0                                                    BASE RADIUS         
 2                                                          MAP DIMENSION       
   450.0 450.0   0.0                                        HGT1 / HGT2 / DHGT  
    87.5 -87.5  -2.5                                        LAT1 / LAT2 / DLAT  
  -180.0 180.0   5.0                                        LON1 / LON2 / DLON  
    -1                                                      EXPONENT            
                                                            END OF HEADER       
[from data line 1287]
     4                                                      START OF TEC MAP    
  2015    11     8     6     0     0                        EPOCH OF CURRENT MAP
    87.5-180.0 180.0   5.0 450.0                            LAT/LON1/LON2/DLON/H
   47   59   55   56   55   55   54   49   49   50   49   48   48   47   46   45
   44   43   41   40   40   39   38   37   37   37   36   36   36   36   36   36
   37   37   37   38   38   39   39   40   40   41   42   43   44   44   45   46
   47   47   48   48   48   48   48   48   48   47   47   46   46   46   45   46
   47   47   46   47   54   64   72   68   47                                   
    85.0-180.0 180.0   5.0 450.0                            LAT/LON1/LON2/DLON/H
   43   71   68   66   68   70   69   68   67   68   67   66   65   64   63   61
   60   58   56   55   53   52   51   50   49   48   48   47   47   47   47   47
   47   48   48   49   49   50   51   52   53   54   55   56   57   58   59   60
   61   61   62   62   62   62   62   62   61   61   60   60   59   58   58   58
   59   60   58   60   64   68   77   69   43                                   
    82.5-180.0 180.0   5.0 450.0                            LAT/LON1/LON2/DLON/H
   54   67   79   71   71   73   72   71   71   71   70   70   68   66   64   61
   59   56   54   52   49   47   45   44   42   41   40   40   40   40   40   40
   41   42   43   44   45   47   48   50   52   54   56   58   60   61   63   64
   66   67   68   68   69   69   68   68   67   66   65   63   62   61   59   59
   59   59   58   58   68   64   64   60   54                                   
    80.0-180.0 180.0   5.0 450.0                            LAT/LON1/LON2/DLON/H
   70   75   83   74   77   77   77   75   76   75   73   73   71   68   65   62
   58   55   51   48   45   42   39   37   35   34   33   33   33   33   34   35
   36   38   39   41   43   45   47   50   52   55   58   61   63   66   68   71
   73   75   76   78   79   79   79   79   78   76   74   72   70   68   65   64
   63   61   62   62   70   67   66   62   70                                   
    77.5-180.0 180.0   5.0 450.0                            LAT/LON1/LON2/DLON/H
   79   80   83   77   76   78   79   77   77   75   73   71   69   66   62   58
   54   50   46   42   39   35   32   30   28   27   26   26   26   27   28   29
   31   32   34   37   39   41   44   46   49   53   56   59   63   67   70   74
   78   82   85   89   91   93   95   95   94   93   91   88   84   81   77   74
   71   68   67   68   68   59   59   59   79                                   
    75.0-180.0 180.0   5.0 450.0                            LAT/LON1/LON2/DLON/H
   76   80   81   77   75   78   78   75   73   71   67   65   62   59   56   52
   49   45   41   37   34   31   28   26   25   24   24   25   26   27   28   29
   31   32   34   35   37   39   41   43   46   49   52   56   60   64   69   75
   80   86   92   98  103  108  111  113  114  113  110  107  103   98   93   88
   83   79   77   73   73   64   63   60   76                                   
    72.5-180.0 180.0   5.0 450.0                            LAT/LON1/LON2/DLON/H
   79   78   80   75   73   78   78   74   71   67   63   61   58   55   53   50
   46   43   40   36   33   31   29   28   27   27   28   29   30   31   33   34
   35   36   37   37   38   39   41   43   45   48   51   55   60   65   71   78
   86   95  103  112  120  127  133  136  138  138  136  132  127  121  115  109
  103   97   95   89   86   74   71   69   79                                   
    70.0-180.0 180.0   5.0 450.0                            LAT/LON1/LON2/DLON/H
   83   78   80   75   71   73   72   68   65   61   57   55   52   50   48   46
   44   41   39   36   34   32   31   31   32   33   35   37   39   40   42   42
   42   42   41   40   39   39   40   41   42   45   48   52   57   64   71   79
   89  100  111  123  133  143  151  156  159  160  158  154  148  141  134  127
  120  113  109  102   97   85   83   80   83                                   
    67.5-180.0 180.0   5.0 450.0                            LAT/LON1/LON2/DLON/H
   79   73   74   69   65   67   66   63   59   55   51   49   47   46   44   43
   42   40   39   37   36   35   35   36   38   40   43   45   47   49   49   49
   47   45   43   40   38   37   36   36   38   41   44   49   54   61   69   79
   91  104  117  131  144  155  164  171  175  176  174  170  163  156  148  140
  132  125  120  112  105   92   87   86   79                                   
    65.0-180.0 180.0   5.0 450.0                            LAT/LON1/LON2/DLON/H
   78   69   69   64   59   61   61   59   55   52   49   47   45   45   44   44
   44   43   42   40   40   40   41   43   45   49   52   54   56   57   56   54
   51   47   44   40   37   35   34   35   36   40   44   50   56   64   74   85
   98  113  128  144  158  171  181  188  192  192  190  185  179  171  162  154
  145  137  131  122  114  100   94   94   78                                   
    62.5-180.0 180.0   5.0 450.0                            LAT/LON1/LON2/DLON/H
   77   65   63   58   53   55   56   54   52   50   47   46   45   45   46   46
   47   46   45   44   44   44   46   49   52   55   58   60   60   60   58   55
   51   47   42   39   35   34   33   34   38   42   48   55   63   73   84   97
  111  128  145  162  177  190  199  206  209  209  206  201  194  185  176  167
  158  148  143  133  123  108   99   98   77                                   
    60.0-180.0 180.0   5.0 450.0                            LAT/LON1/LON2/DLON/H
   78   62   58   51   46   48   49   48   47   45   44   44   44   46   47   48
   49   49   48   47   46   46   48   50   53   56   57   58   57   55   52   49
   45   41   38   35   32   31   32   35   40   46   54   63   73   84   97  112
  129  147  166  184  199  211  220  224  226  225  221  216  209  200  190  180
  170  160  154  144  134  115  103  100   78                                   
    57.5-180.0 180.0   5.0 450.0                            LAT/LON1/LON2/DLON/H
   83   63   55   46   42   42   43   43   42   41   40   42   43   46   48   50
   51   50   49   48   47   47   47   49   51   52   52   51   49   46   43   40
   37   35   33   31   30   31   33   38   44   53   64   75   88  102  117  134
  153  173  193  212  227  238  245  248  248  245  241  236  228  219  209  198
  187  176  170  160  150  127  112  106   83                                   
    55.0-180.0 180.0   5.0 450.0                            LAT/LON1/LON2/DLON/H
   93   68   57   45   40   39   39   38   38   37   36   39   41   44   48   50
   51   50   49   47   45   45   45   46   47   47   45   43   40   36   33   31
   29   28   28   28   29   32   36   42   51   62   75   89  104  121  139  158
  179  202  223  242  256  266  271  272  271  267  263  258  250  241  230  219
  206  194  188  177  167  142  125  114   93                                   
    52.5-180.0 180.0   5.0 450.0                            LAT/LON1/LON2/DLON/H
  107   80   65   51   44   41   39   37   35   34   33   36   39   43   46   49
   50   49   48   46   44   43   43   43   43   42   39   36   32   28   26   24
   24   25   26   29   32   36   41   49   59   72   87  103  121  141  161  183
  206  230  252  272  286  294  298  297  293  289  284  279  272  262  250  238
  224  212  205  194  184  158  141  127  107                                   
    50.0-180.0 180.0   5.0 450.0                            LAT/LON1/LON2/DLON/H
  125   97   80   65   55   50   45   40   36   33   32   34   37   41   45   48
   49   48   46   44   43   42   41   41   40   39   36   32   28   24   22   21
   22   24   28   32   37   43   49   57   68   82   99  118  139  160  183  207
  232  256  279  298  312  319  321  318  313  308  302  296  289  279  266  253
  238  224  216  205  196  172  156  141  125                                   
    47.5-180.0 180.0   5.0 450.0                            LAT/LON1/LON2/DLON/H
  142  116   99   84   72   65   57   48   42   37   35   36   38   42   45   48
   48   47   45   43   42   41   41   41   40   38   36   32   28   24   22   22
   23   28   33   39   45   52   59   68   79   94  112  133  156  180  204  229
  254  278  300  319  332  338  338  333  327  319  313  306  298  287  274  259
  243  229  219  207  200  179  166  154  142                                   
    45.0-180.0 180.0   5.0 450.0                            LAT/LON1/LON2/DLON/H
  154  131  117  105   92   84   73   61   52   45   41   41   42   45   48   49
   49   47   46   44   43   43   42   42   41   40   38   35   32   28   26   26
   29   34   40   48   55   63   71   80   93  108  128  151  175  200  225  250
  273  295  316  332  343  348  346  340  332  323  315  307  298  286  272  255
  238  223  212  201  194  176  166  159  154                                   
    42.5-180.0 180.0   5.0 450.0                            LAT/LON1/LON2/DLON/H
  154  137  128  121  110  101   89   77   66   57   51   50   50   52   53   53
   52   51   49   48   48   47   46   44   44   43   42   40   38   35   33   33
   36   41   48   57   65   74   83   94  108  125  147  171  197  222  247  269
  289  308  324  337  345  348  345  339  330  321  312  303  292  279  262  245
  227  211  198  187  180  163  156  153  154                                   
    40.0-180.0 180.0   5.0 450.0                            LAT/LON1/LON2/DLON/H
  144  131  127  124  117  110  101   90   79   70   65   63   62   62   62   61
   59   58   57   56   55   54   51   49   47   46   46   46   45   42   40   40
   43   48   56   64   73   84   96  109  126  145  169  194  221  246  269  288
  303  316  327  335  341  343  340  334  326  317  308  298  286  271  253  235
  216  199  186  173  163  146  139  138  144                                   
    37.5-180.0 180.0   5.0 450.0                            LAT/LON1/LON2/DLON/H
  127  114  113  113  109  106  101   95   88   82   77   76   76   75   74   72
   70   69   68   68   67   64   59   54   51   50   50   51   50   48   47   47
   49   54   61   70   80   93  108  125  145  168  194  221  248  272  291  306
  316  323  328  333  336  337  336  333  328  321  313  303  290  273  255  235
  216  198  183  168  155  132  123  122  127                                   
    35.0-180.0 180.0   5.0 450.0                            LAT/LON1/LON2/DLON/H
  110   92   90   90   89   90   90   90   88   86   86   87   88   88   87   85
   83   83   83   82   80   76   68   61   55   53   53   55   55   53   51   51
   53   58   64   73   85  100  119  140  165  191  220  248  274  297  313  324
  329  331  332  333  336  339  341  342  341  338  333  324  311  294  275  256
  236  217  201  183  166  133  120  115  110                                   
    32.5-180.0 180.0   5.0 450.0                            LAT/LON1/LON2/DLON/H
  100   74   68   65   64   66   71   76   80   83   87   92   95   97   97   96
   96   97   98   98   96   89   80   69   61   58   57   58   58   57   55   54
   56   60   67   76   89  107  129  155  184  214  244  273  299  320  334  341
  343  342  340  341  345  351  358  365  370  372  370  364  352  336  317  298
  280  261  245  224  202  159  139  125  100                                   
    30.0-180.0 180.0   5.0 450.0                            LAT/LON1/LON2/DLON/H
  107   68   56   48   44   45   52   59   67   74   82   90   96  100  103  104
  105  108  110  112  110  103   92   80   70   65   63   63   62   60   57   57
   58   62   69   78   93  113  138  168  200  233  265  295  320  339  352  359
  359  358  357  359  366  377  389  402  413  420  423  420  411  396  379  361
  343  326  311  287  263  210  183  159  107                                   
    27.5-180.0 180.0   5.0 450.0                            LAT/LON1/LON2/DLON/H
  134   84   63   46   37   34   39   46   55   64   74   84   92   99  103  106
  110  114  118  121  120  114  104   92   81   75   72   70   68   64   61   59
   61   65   72   82   97  119  147  180  214  249  282  311  336  355  368  375
  378  378  381  388  400  416  434  452  469  482  489  490  483  471  456  439
  422  406  392  365  340  280  247  215  134                                   
    25.0-180.0 180.0   5.0 450.0                            LAT/LON1/LON2/DLON/H
  184  123   95   68   51   41   40   44   50   58   67   77   86   93   99  104
  109  115  120  124  125  122  114  103   93   86   82   79   75   70   66   64
   65   69   76   87  103  126  156  189  225  260  293  322  347  366  380  390
  397  403  412  426  445  467  490  513  533  550  561  565  562  553  540  525
  510  495  480  452  425  362  321  290  184                                   
    22.5-180.0 180.0   5.0 450.0                            LAT/LON1/LON2/DLON/H
  252  183  149  116   90   73   63   60   60   63   68   75   82   88   94   99
  104  110  116  121  124  124  120  112  104   98   93   89   84   78   73   71
   72   75   82   93  109  133  163  197  232  266  298  327  352  373  389  403
  415  429  447  469  495  522  549  574  597  616  630  636  635  628  617  604
  591  578  563  536  507  447  401  377  252                                   
    20.0-180.0 180.0   5.0 450.0                            LAT/LON1/LON2/DLON/H
  328  255  219  185  152  130  110   98   89   84   82   83   85   88   90   93
   96  101  107  113  118  121  121  118  113  108  103   99   94   88   82   79
   79   81   87   98  115  140  170  202  235  268  299  327  353  375  394  412
  431  453  480  510  541  571  598  622  644  663  677  685  685  680  671  660
  649  638  625  600  569  520  478  465  328                                   
    17.5-180.0 180.0   5.0 450.0                            LAT/LON1/LON2/DLON/H
  397  328  293  264  228  202  176  157  138  123  111  104   99   96   93   92
   92   94   98  103  109  115  119  120  119  116  113  109  103   97   91   86
   84   85   90  101  120  145  174  205  236  266  296  324  349  373  396  419
  443  472  505  540  574  602  625  645  664  680  693  701  702  698  691  682
  672  664  651  631  601  568  539  536  397                                   
    15.0-180.0 180.0   5.0 450.0                            LAT/LON1/LON2/DLON/H
  448  389  360  338  302  277  248  224  198  175  154  138  125  114  105   98
   93   92   93   96  102  110  117  121  123  122  120  116  111  104   98   92
   87   87   91  103  122  148  177  206  234  262  290  318  344  370  396  423
  452  484  520  556  588  611  628  640  652  665  677  684  686  684  678  670
  662  654  643  627  602  584  567  574  448                                   
    12.5-180.0 180.0   5.0 450.0                            LAT/LON1/LON2/DLON/H
  474  430  409  393  364  341  313  288  259  230  203  180  161  144  129  115
  105   99   97   98  102  109  117  124  128  128  125  121  115  109  102   95
   89   87   92  104  124  150  178  205  231  257  283  311  339  368  396  426
  457  490  525  558  585  601  609  614  619  628  638  645  649  648  644  637
  630  621  611  597  580  572  564  575  474                                   
    10.0-180.0 180.0   5.0 450.0                            LAT/LON1/LON2/DLON/H
  479  450  437  425  406  385  360  338  309  280  251  226  203  182  162  143
  128  117  111  109  111  117  125  132  135  134  130  124  118  111  104   96
   90   88   92  104  124  149  176  202  226  250  277  305  335  366  397  427
  458  489  520  549  569  579  579  577  578  583  593  601  606  606  604  599
  592  582  572  560  549  544  540  550  479                                   
     7.5-180.0 180.0   5.0 450.0                            LAT/LON1/LON2/DLON/H
  471  453  444  434  424  406  385  366  342  316  290  266  245  223  202  180
  161  146  137  132  131  134  140  145  145  141  134  126  119  112  105   98
