data/edconvlstm_nd/pred0050.15i
     1.0            IONOSPHERE MAPS     GNSS                IONEX VERSION / TYPE
pyspatialgeodesy        IME             05-JAN-18 20:20     PGM / RUN BY / DATE 
Map Name                                                    COMMENT             
Predicted global ionosphere maps (GIM).                     DESCRIPTION         
  2015     1     5     0     0     0                        EPOCH OF FIRST MAP  
  2015     1     6     0     0     0                        EPOCH OF LAST MAP   
  7200                                                      INTERVAL            
    13                                                      # OF MAPS IN FILE   
  NONE                                                      MAPPING FUNCTION    
10.0                                                        ELEVATION CUTOFF    
One-way carrier phase leveled to code                       OBSERVABLES USED    
  6371.0                                                    BASE RADIUS         
 2                                                          MAP DIMENSION       
   450.0 450.0   0.0                                        HGT1 / HGT2 / DHGT  
    87.5 -87.5  -2.5                                        LAT1 / LAT2 / DLAT  
  -180.0 180.0   5.0                                        LON1 / LON2 / DLON  
    -1                                                      EXPONENT            
                                                            END OF HEADER       
[from data line 1287]
     4                                                      START OF TEC MAP    
  2015     1     5     6     0     0                        EPOCH OF CURRENT MAP
    87.5-180.0 180.0   5.0 450.0                            LAT/LON1/LON2/DLON/H
   52   57   56   63   65   66   68   66   68   72   74   76   78   79   80   81
   81   81   80   80   79   78   78   77   76   75   74   73   73   72   71   70
   69   68   67   66   65   64   63   62   61   60   58   57   56   55   54   54
   53   52   51   51   50   49   49   48   48   48   47   47   47   46   46   46
   47   48   46   46   52   61   71   64   52                                   
    85.0-180.0 180.0   5.0 450.0                            LAT/LON1/LON2/DLON/H
   42   63   63   64   69   72   74   75   77   80   81   83   84   84   85   84
   84   83   82   81   79   78   77   76   76   75   75   74   74   74   74   73
   73   73   73   72   71   71   70   69   68   67   66   65   64   63   62   61
   60   59   59   58   58   57   57   56   56   55   55   54   54   53   53   53
   54   54   51   52   56   60   75   66   42                                   
    82.5-180.0 180.0   5.0 450.0                            LAT/LON1/LON2/DLON/H
   41   53   69   67   71   75   78   79   83   86   87   88   88   88   86   85
   82   80   77   75   73   71   69   68   67   66   66   66   66   67   68   68
   69   69   70   70   70   70   69   68   68   67   65   64   63   63   62   61
   61   61   60   60   60   60   59   59   58   58   57   56   56   55   54   54
   54   54   51   49   59   55   60   58   41                                   
    80.0-180.0 180.0   5.0 450.0                            LAT/LON1/LON2/DLON/H
   49   56   67   64   73   73   78   80   85   87   87   88   87   85   83   80
   76   72   69   65   62   60   58   57   56   56   57   58   59   60   62   64
   66   67   69   70   71   71   71   70   69   68   67   66   65   64   64   64
   65   65   66   66   67   67   67   67   66   65   65   63   62   61   59   58
   57   55   55   53   59   57   60   54   49                                   
    77.5-180.0 180.0   5.0 450.0                            LAT/LON1/LON2/DLON/H
   52   56   59   58   62   67   74   78   83   86   86   88   87   84   81   76
   71   66   62   58   54   51   50   49   48   49   50   52   54   57   60   63
   66   69   71   73   75   76   76   75   74   72   71   70   69   69   69   71
   72   74   77   78   80   81   81   81   80   79   77   75   72   70   67   64
   61   59   55   53   53   44   47   45   52                                   
    75.0-180.0 180.0   5.0 450.0                            LAT/LON1/LON2/DLON/H
   41   47   48   49   52   59   65   70   75   79   80   81   80   77   73   68
   62   57   53   48   45   43   42   42   42   44   46   48   51   54   58   62
   65   69   72   74   76   77   77   76   74   72   70   69   69   69   71   74
   78   82   86   90   93   94   95   95   94   92   89   86   83   79   75   71
   66   61   57   49   49   41   43   42   41                                   
    72.5-180.0 180.0   5.0 450.0                            LAT/LON1/LON2/DLON/H
   39   43   43   44   47   56   63   68   73   77   79   80   79   76   72   66
   61   56   51   47   44   42   42   42   44   46   48   51   54   58   61   65
   68   72   76   78   81   82   82   81   79   77   75   74   74   77   80   86
   92   99  106  112  116  119  120  120  118  115  112  108  103   99   94   89
   83   76   71   62   57   47   46   47   39                                   
    70.0-180.0 180.0   5.0 450.0                            LAT/LON1/LON2/DLON/H
   44   43   42   43   43   50   57   61   66   70   72   74   73   70   66   62
   57   52   48   45   43   42   42   43   46   48   51   54   57   60   62   65
   68   71   74   77   79   80   80   79   77   76   74   74   76   80   87   95
  105  115  124  132  139  142  144  143  140  136  132  127  122  117  111  106
   99   91   84   74   66   56   57   58   44                                   
    67.5-180.0 180.0   5.0 450.0                            LAT/LON1/LON2/DLON/H
   48   43   41   41   39   45   51   54   58   61   63   65   64   62   59   55
   51   48   45   43   42   42   43   45   48   51   55   57   59   60   61   62
   63   65   67   69   71   72   73   72   71   70   70   72   75   82   91  102
  115  128  140  150  157  161  162  160  156  150  145  139  133  128  122  117
  110  101   94   83   74   64   63   66   48                                   
    65.0-180.0 180.0   5.0 450.0                            LAT/LON1/LON2/DLON/H
   57   48   43   43   39   43   47   50   53   55   57   59   58   56   54   51
   48   46   44   42   42   43   45   48   51   55   58   59   60   60   59   58
   57   58   59   60   62   63   64   65   65   66   67   70   76   85   97  111
  126  142  156  168  176  179  179  176  170  163  156  149  143  137  131  126
  119  110  102   91   84   73   73   77   57                                   
    62.5-180.0 180.0   5.0 450.0                            LAT/LON1/LON2/DLON/H
   66   54   47   46   41   44   46   48   50   52   53   55   54   53   51   49
   47   45   44   44   44   45   48   51   54   57   59   60   59   58   56   53
   52   51   51   52   54   56   57   59   60   62   66   71   79   90  104  120
  138  155  171  183  191  194  193  188  181  172  164  157  150  144  137  132
  124  115  108   97   90   80   79   84   66                                   
    60.0-180.0 180.0   5.0 450.0                            LAT/LON1/LON2/DLON/H
   75   60   52   49   44   44   45   46   47   48   49   51   51   50   49   47
   46   45   45   44   45   46   48   50   53   55   56   56   56   54   51   48
   46   45   44   45   47   49   51   54   57   61   66   74   84   97  112  129
  148  165  181  194  202  204  202  196  188  179  170  162  154  148  141  134
  126  116  109   99   92   82   81   85   75                                   
    57.5-180.0 180.0   5.0 450.0                            LAT/LON1/LON2/DLON/H
   82   65   56   52   47   46   45   45   46   47   48   49   49   49   48   47
   47   47   46   46   47   47   48   49   50   51   52   52   52   50   48   45
   43   42   42   43   45   47   50   54   58   64   72   82   94  108  124  141
  159  176  191  203  211  213  211  205  196  187  178  170  162  155  147  139
  130  119  112  102   96   85   83   86   82                                   
    55.0-180.0 180.0   5.0 450.0                            LAT/LON1/LON2/DLON/H
   87   69   60   55   51   48   46   45   45   46   46   48   48   48   48   48
   48   49   49   49   48   48   48   47   47   48   48   48   48   48   46   45
   44   44   44   46   48   50   54   59   64   72   81   93  107  122  138  155
  171  187  201  212  219  221  218  212  204  195  186  179  171  164  155  147
  136  124  117  107  101   88   86   87   87                                   
    52.5-180.0 180.0   5.0 450.0                            LAT/LON1/LON2/DLON/H
   92   74   64   59   55   51   49   47   46   46   46   47   47   47   48   49
   51   52   53   53   52   51   50   48   47   47   47   47   48   48   48   48
   48   49   51   53   55   58   62   68   74   83   95  108  124  140  156  171
  185  199  211  221  227  228  225  219  211  203  195  188  182  174  166  157
  146  134  126  115  109   94   91   91   92                                   
    50.0-180.0 180.0   5.0 450.0                            LAT/LON1/LON2/DLON/H
   98   79   68   64   60   56   53   50   49   48   47   48   48   48   49   51
   53   56   57   58   57   56   54   52   51   50   49   49   50   51   52   53
   55   57   60   63   66   70   74   80   88   98  111  126  143  160  176  190
  202  214  223  231  235  235  231  224  216  208  202  196  190  184  176  168
  157  146  138  127  120  105  101   99   98                                   
    47.5-180.0 180.0   5.0 450.0                            LAT/LON1/LON2/DLON/H
  106   86   74   70   67   64   61   57   55   53   52   52   51   51   52   54
   57   60   63   64   65   64   62   60   58   57   56   55   55   56   57   59
   62   65   69   74   78   82   88   95  104  115  129  145  163  180  196  210
  220  229  236  241  243  240  235  226  218  210  203  198  194  189  183  177
  169  159  152  140  134  118  115  112  106                                   
    45.0-180.0 180.0   5.0 450.0                            LAT/LON1/LON2/DLON/H
  114   94   82   80   76   74   71   67   64   61   59   59   58   57   57   59
   63   66   70   73   74   75   74   72   70   68   65   64   63   62   63   65
   68   72   77   82   88   94  101  109  119  131  146  162  181  199  215  229
  238  245  249  251  250  245  236  226  216  207  200  196  193  189  186  182
  176  170  163  153  147  132  129  125  114                                   
    42.5-180.0 180.0   5.0 450.0                            LAT/LON1/LON2/DLON/H
  123  103   91   90   88   86   84   79   76   73   71   70   68   67   67   68
   71   75   80   84   86   88   88   86   83   81   77   74   72   69   68   68
   71   75   81   87   94  103  112  122  133  146  160  177  195  214  231  244
  254  259  261  260  256  248  237  224  212  203  196  191  188  185  183  182
  179  175  171  162  157  143  140  136  123                                   
    40.0-180.0 180.0   5.0 450.0                            LAT/LON1/LON2/DLON/H
  130  109   98   99   98   97   96   92   89   86   84   84   83   81   80   80
   82   86   91   96  100  102  102  100   97   93   89   85   80   76   72   71
   72   76   82   89   98  108  119  132  145  158  172  188  206  225  242  256
  265  270  270  268  262  252  239  226  213  203  195  189  185  182  181  181
  180  177  174  166  161  148  144  140  130                                   
    37.5-180.0 180.0   5.0 450.0                            LAT/LON1/LON2/DLON/H
  135  113  102  104  104  105  105  102  100   98   97   99   98   96   95   94
   95   99  104  110  114  115  115  112  108  104   99   94   88   82   76   73
   73   76   81   88   98  110  124  139  154  167  180  195  212  231  249  264
  273  278  278  275  269  260  248  236  224  214  205  198  192  187  184  184
  182  178  175  168  163  149  144  139  135                                   
    35.0-180.0 180.0   5.0 450.0                            LAT/LON1/LON2/DLON/H
  138  114  103  104  106  107  108  107  106  105  107  110  111  110  108  107
  108  111  116  121  125  126  124  120  115  111  106  101   94   87   80   75
   74   76   80   87   97  110  126  144  161  175  187  200  216  235  253  269
  279  284  286  285  281  275  267  258  249  241  232  224  215  208  202  199
  194  187  181  171  165  148  142  135  138                                   
    32.5-180.0 180.0   5.0 450.0                            LAT/LON1/LON2/DLON/H
  142  115  102  101  104  104  105  105  105  106  110  115  118  119  118  116
  117  120  125  130  133  132  129  124  118  114  110  105   99   91   84   78
   76   77   80   86   96  109  128  148  166  181  193  205  220  238  257  273
  285  292  296  298  299  298  296  293  290  285  277  268  258  248  239  231
  221  209  198  184  176  155  145  135  142                                   
    30.0-180.0 180.0   5.0 450.0                            LAT/LON1/LON2/DLON/H
  150  120  105  100  101  100  100   99  100  102  107  114  119  121  121  120
  121  124  129  133  136  134  130  124  118  114  110  107  101   95   88   82
   79   80   82   87   95  109  129  151  172  188  200  212  225  243  262  280
  294  304  312  319  325  331  337  341  344  343  338  330  318  306  294  282
  266  248  232  212  200  174  162  146  150                                   
    27.5-180.0 180.0   5.0 450.0                            LAT/LON1/LON2/DLON/H
  167  134  115  104  102   98   96   94   94   96  101  109  114  117  118  118
  120  123  128  132  133  132  127  121  116  112  109  106  102   96   90   86
   83   83   85   88   96  109  130  154  177  196  209  221  235  253  273  293
  309  323  336  348  361  375  389  402  412  416  413  405  394  380  365  348
  327  304  282  255  240  209  194  172  167                                   
    25.0-180.0 180.0   5.0 450.0                            LAT/LON1/LON2/DLON/H
  195  160  136  119  112  104   99   94   92   92   96  103  108  110  112  113
  114  118  122  125  127  127  124  119  114  110  108  105  101   97   92   89
   88   88   88   91   97  111  132  158  183  205  221  235  251  270  291  312
  332  351  368  387  407  428  450  471  487  495  496  490  479  465  448  428
  402  374  347  315  297  262  242  216  195                                   
    22.5-180.0 180.0   5.0 450.0                            LAT/LON1/LON2/DLON/H
  236  201  172  147  134  121  112  104   99   96   98  101  104  105  106  107
  108  111  114  117  120  121  121  118  114  111  107  104  100   97   94   92
   91   91   90   92   98  112  134  161  190  215  235  253  272  293  316  340
  363  385  408  432  457  484  511  537  556  569  572  569  561  549  532  510
  482  452  423  388  366  328  303  275  236                                   
    20.0-180.0 180.0   5.0 450.0                            LAT/LON1/LON2/DLON/H
  288  255  222  189  169  151  139  127  119  114  111  110  109  108  106  106
  106  107  109  111  115  118  120  120  117  113  108  104  100   97   95   94
   92   90   90   91   98  113  136  165  197  226  251  274  297  321  347  372
  398  424  450  477  504  533  561  586  607  620  626  626  623  616  603  582
  555  527  499  466  440  400  372  344  288                                   
    17.5-180.0 180.0   5.0 450.0                            LAT/LON1/LON2/DLON/H
  347  318  282  244  215  193  177  163  153  145  138  133  128  123  118  115
  113  111  110  110  114  119  124  126  124  119  112  106  102   98   95   92
   90   87   86   89   97  114  139  170  204  236  267  295  323  350  378  405
  432  460  487  514  540  565  589  611  628  639  646  650  652  652  645  631
  610  587  564  536  507  469  440  413  347                                   
    15.0-180.0 180.0   5.0 450.0                            LAT/LON1/LON2/DLON/H
  405  383  347  304  268  242  223  209  198  188  179  170  161  152  144  138
  131  125  119  117  119  125  132  135  133  128  119  111  104   98   93   89
   85   82   81   85   96  115  142  174  210  246  280  313  345  376  405  433
  460  487  514  538  559  578  595  610  621  628  634  640  648  655  657  650
  637  623  608  587  558  524  497  471  405                                   
    12.5-180.0 180.0   5.0 450.0                            LAT/LON1/LON2/DLON/H
  452  438  404  360  319  290  270  257  247  238  228  218  206  194  183  172
  161  150  139  133  133  137  144  148  146  139  128  117  107   98   92   86
   81   77   77   82   95  117  145  179  216  253  291  327  362  394  423  450
  477  503  527  547  563  575  585  592  596  599  603  611  623  636  644  644
  640  633  625  612  587  557  533  509  452                                   
    10.0-180.0 180.0   5.0 450.0                            LAT/LON1/LON2/DLON/H
  483  475  445  400  358  328  309  298  290  283  275  266  254  242  229  215
  200  183  168  157  153  156  161  163  159  150  137  122  110  100   92   86
   79   75   74   81   95  119  149  183  220  258  297  335  371  403  432  457
  482  506  527  545  557  564  569  571  571  570  572  580  593  608  620  625
  625  624  621  613  593  568  547  523  483                                   
     7.5-180.0 180.0   5.0 450.0                            LAT/LON1/LON2/DLON/H
  496  491  464  419  380  350  330  322  317  313  309  303  295  285  272  257
  240  220  200  186  178  178  179  178  170  158  143  127  114  103   95   88
