data/edconvlstm_nd/pred1900.15i
     1.0            IONOSPHERE MAPS     GNSS                IONEX VERSION / TYPE
pyspatialgeodesy        IME             05-JAN-18 20:20     PGM / RUN BY / DATE 
Map Name                                                    COMMENT             
Predicted global ionosphere maps (GIM).                     DESCRIPTION         
  2015     7     9     0     0     0                        EPOCH OF FIRST MAP  
  2015     7    10     0     0     0                        EPOCH OF LAST MAP   
  7200                                                      INTERVAL            
    13                                                      # OF MAPS IN FILE   
  NONE                                                      MAPPING FUNCTION    
10.0                                                        ELEVATION CUTOFF    
One-way carrier phase leveled to code                       OBSERVABLES USED    
  6371.0                                                    BASE RADIUS         
 2                                                          MAP DIMENSION       
   450.0 450.0   0.0                                        HGT1 / HGT2 / DHGT  
    87.5 -87.5  -2.5                                        LAT1 / LAT2 / DLAT  
  -180.0 180.0   5.0                                        LON1 / LON2 / DLON  
    -1                                                      EXPONENT            
                                                            END OF HEADER       
[from data line 3432]
     9                                                      START OF TEC MAP    
  2015     7     9    16     0     0                        EPOCH OF CURRENT MAP
    87.5-180.0 180.0   5.0 450.0                            LAT/LON1/LON2/DLON/H
  177  173  163  169  169  169  168  167  168  169  169  170  170  171  172  173
  175  176  177  178  179  179  180  181  181  182  182  183  183  183  183  183
  183  184  184  184  184  184  184  184  184  185  185  185  185  185  185  185
  185  185  185  185  184  184  183  183  182  181  181  180  179  178  177  176
  174  174  172  171  177  176  179  178  177                                   
    85.0-180.0 180.0   5.0 450.0                            LAT/LON1/LON2/DLON/H
  164  166  172  167  164  168  167  169  169  170  170  171  172  173  174  176
  177  179  180  182  183  184  186  186  187  188  188  188  189  189  189  189
  188  188  188  188  188  189  189  189  189  189  190  190  190  190  190  190
  190  190  190  190  189  189  188  187  187  186  185  184  183  182  180  179
  179  178  174  172  172  165  168  172  164                                   
    82.5-180.0 180.0   5.0 450.0                            LAT/LON1/LON2/DLON/H
  145  154  156  151  149  154  155  155  155  156  156  157  159  161  163  165
  168  170  173  176  178  180  182  184  185  186  186  187  187  186  186  186
  185  185  184  184  184  184  184  184  184  184  185  185  185  185  185  186
  186  185  185  185  185  184  183  182  181  179  178  176  174  173  171  169
  167  165  162  164  161  164  159  150  145                                   
    80.0-180.0 180.0   5.0 450.0                            LAT/LON1/LON2/DLON/H
  140  147  153  150  146  147  148  150  150  151  151  153  155  157  160  163
  167  171  175  178  181  184  187  188  190  190  191  190  190  189  187  186
  185  184  183  182  182  181  181  181  182  182  182  183  183  183  183  184
  184  184  184  183  183  182  181  180  178  176  174  172  170  168  165  164
  162  160  157  158  153  149  149  144  140                                   
    77.5-180.0 180.0   5.0 450.0                            LAT/LON1/LON2/DLON/H
  147  148  154  152  149  151  150  150  149  149  148  149  151  154  157  161
  165  170  175  180  184  188  191  193  195  196  196  195  194  192  190  189
  187  185  184  182  182  181  181  181  181  181  181  181  181  181  181  181
  181  181  181  181  181  180  179  178  176  173  171  168  165  162  160  158
  155  154  151  153  155  147  149  149  147                                   
    75.0-180.0 180.0   5.0 450.0                            LAT/LON1/LON2/DLON/H
  155  159  163  162  159  161  159  157  156  155  154  154  155  157  160  164
  169  174  180  185  190  195  198  201  202  203  203  202  200  198  195  192
  190  188  186  184  183  183  182  182  182  182  181  181  180  180  180  180
  180  180  180  180  180  180  179  177  175  173  170  167  164  161  159  157
  155  154  154  153  156  151  154  147  155                                   
    72.5-180.0 180.0   5.0 450.0                            LAT/LON1/LON2/DLON/H
  163  170  173  176  172  174  172  169  166  163  160  159  159  160  163  167
  172  177  183  189  194  198  202  205  206  206  206  205  203  200  197  194
  191  189  187  185  184  183  183  182  182  181  180  179  178  177  176  175
  175  176  176  177  177  177  176  174  172  170  167  164  161  159  157  155
  154  153  154  154  157  156  160  159  163                                   
    70.0-180.0 180.0   5.0 450.0                            LAT/LON1/LON2/DLON/H
  174  181  185  188  184  186  183  181  177  174  170  168  167  167  169  172
  176  181  187  192  197  201  205  207  208  208  207  206  204  201  198  196
  193  190  187  185  184  183  182  182  181  180  179  177  175  173  172  171
  171  171  172  173  173  173  173  171  170  168  165  163  161  159  158  157
  156  156  157  159  162  163  170  167  174                                   
    67.5-180.0 180.0   5.0 450.0                            LAT/LON1/LON2/DLON/H
  181  190  195  200  197  200  198  196  192  189  184  182  180  179  181  183
  186  191  195  200  204  207  209  211  211  211  210  209  207  205  203  200
  197  194  192  189  188  187  187  186  185  184  182  179  177  174  172  171
  171  171  172  173  174  174  174  173  171  170  168  167  165  164  164  164
  163  163  164  165  167  168  175  173  181                                   
    65.0-180.0 180.0   5.0 450.0                            LAT/LON1/LON2/DLON/H
  182  192  196  202  201  205  204  204  201  198  194  192  190  189  190  191
  194  197  200  203  206  208  210  210  210  210  209  208  207  206  204  202
  200  197  194  191  189  188  188  188  187  185  183  180  176  173  171  169
  169  170  172  173  174  174  174  173  171  170  169  169  168  168  169  169
  168  168  169  170  171  172  179  177  182                                   
    62.5-180.0 180.0   5.0 450.0                            LAT/LON1/LON2/DLON/H
  176  187  191  198  198  204  205  206  205  204  201  199  198  198  198  200
  202  204  205  207  208  209  209  209  208  208  207  207  207  207  207  206
  203  200  197  194  191  190  190  190  189  188  185  181  178  174  171  170
  170  171  173  174  175  175  175  173  172  171  171  171  172  172  173  173
  172  172  172  171  170  169  176  174  176                                   
    60.0-180.0 180.0   5.0 450.0                            LAT/LON1/LON2/DLON/H
  165  175  179  187  188  195  198  201  203  203  202  202  202  203  204  205
  207  208  208  207  207  206  206  205  205  205  205  206  207  208  209  209
  208  205  201  197  194  192  192  192  191  190  187  184  179  176  173  171
  172  173  175  177  177  177  176  174  173  172  172  173  174  175  175  175
  173  172  170  168  166  163  169  167  165                                   
    57.5-180.0 180.0   5.0 450.0                            LAT/LON1/LON2/DLON/H
  152  160  165  173  175  184  190  194  197  200  200  201  202  204  206  208
  209  209  208  207  205  203  203  203  203  203  204  206  209  211  214  215
  214  211  207  203  199  197  196  196  195  194  191  188  183  179  176  175
  175  177  179  181  181  180  179  176  175  174  174  174  175  176  176  175
  172  169  167  163  159  155  159  158  152                                   
    55.0-180.0 180.0   5.0 450.0                            LAT/LON1/LON2/DLON/H
  139  146  151  159  163  174  181  187  192  195  196  198  200  203  206  208
  210  209  207  205  202  201  200  201  202  204  206  208  212  216  219  221
  221  219  215  210  206  203  202  202  201  200  197  194  189  185  182  181
  181  182  184  186  186  185  182  180  177  176  176  176  176  176  175  173
  169  165  161  156  151  145  148  148  139                                   
    52.5-180.0 180.0   5.0 450.0                            LAT/LON1/LON2/DLON/H
  129  136  142  150  156  168  176  183  189  192  193  195  197  200  204  207
  209  208  206  203  200  199  200  202  204  207  210  213  217  221  225  228
  229  227  223  219  215  212  211  210  209  208  205  201  197  193  190  188
  188  189  191  192  192  190  187  184  181  180  179  178  177  175  173  169
  164  160  155  150  144  138  140  139  129                                   
    50.0-180.0 180.0   5.0 450.0                            LAT/LON1/LON2/DLON/H
  125  131  137  147  153  167  177  185  191  194  195  195  197  199  203  207
  209  208  206  202  200  199  202  206  210  214  217  220  223  227  232  235
  237  236  233  230  227  224  222  221  220  218  215  211  207  204  200  198
  197  197  198  199  198  197  194  190  187  185  183  181  179  175  171  167
  161  156  151  145  140  134  136  135  125                                   
    47.5-180.0 180.0   5.0 450.0                            LAT/LON1/LON2/DLON/H
  124  130  138  148  157  172  184  192  198  201  201  201  200  202  205  209
  211  211  208  205  202  203  207  213  219  224  227  229  231  234  238  242
  244  245  244  243  241  239  237  235  232  229  226  223  219  216  212  209
  207  206  206  206  206  204  201  198  194  192  189  187  183  177  171  166
  159  155  150  145  139  134  135  134  124                                   
    45.0-180.0 180.0   5.0 450.0                            LAT/LON1/LON2/DLON/H
  126  134  142  153  164  180  193  203  210  214  213  211  210  210  213  216
  218  218  215  211  209  211  216  224  231  237  239  240  241  243  246  249
  253  256  258  258  258  257  254  251  247  243  239  236  233  230  226  222
  219  217  215  215  214  212  209  206  203  200  197  194  188  181  174  168
  161  157  153  148  142  137  138  136  126                                   
    42.5-180.0 180.0   5.0 450.0                            LAT/LON1/LON2/DLON/H
  129  138  146  158  171  187  203  214  223  228  228  226  224  224  226  229
  230  230  226  222  219  221  228  237  245  250  253  253  252  253  256  260
  265  270  274  278  279  279  275  270  264  258  254  251  248  244  240  236
  231  227  225  223  222  220  217  214  211  209  206  202  196  188  180  173
  167  163  158  154  148  143  143  140  129                                   
    40.0-180.0 180.0   5.0 450.0                            LAT/LON1/LON2/DLON/H
  132  142  150  162  175  192  209  223  235  242  244  244  242  242  243  246
  247  246  241  236  233  235  241  250  259  265  267  267  266  267  269  274
  281  289  297  303  306  305  300  293  284  276  270  266  263  260  255  250
  244  238  235  232  230  228  225  223  220  219  216  212  205  197  189  182
  175  171  167  162  156  150  148  145  132                                   
    37.5-180.0 180.0   5.0 450.0                            LAT/LON1/LON2/DLON/H
  135  145  151  162  175  193  211  226  241  252  258  261  262  263  264  266
  267  265  259  253  249  250  256  264  273  279  282  283  283  285  289  296
  305  315  325  334  338  336  329  318  306  295  288  283  279  275  270  263
  256  250  245  242  239  237  234  231  229  227  225  221  215  207  199  192
  186  182  177  172  164  158  154  149  135                                   
    35.0-180.0 180.0   5.0 450.0                            LAT/LON1/LON2/DLON/H
  139  146  152  161  173  190  208  225  243  257  268  275  280  283  286  288
  288  285  278  271  266  266  270  278  286  293  297  301  303  308  314  324
  336  349  361  370  374  371  361  346  330  317  307  300  295  290  284  276
  268  261  255  251  248  245  242  239  237  235  233  229  224  217  210  204
  197  194  188  183  174  166  161  155  139                                   
    32.5-180.0 180.0   5.0 450.0                            LAT/LON1/LON2/DLON/H
  145  150  154  160  170  186  203  220  240  258  274  286  295  301  306  308
  308  303  296  289  283  282  285  291  298  306  313  320  327  335  346  358
  373  388  401  410  412  406  393  375  356  339  326  318  311  304  297  288
  280  272  266  261  258  254  250  246  243  241  238  235  231  225  219  214
  208  205  199  194  184  175  168  163  145                                   
    30.0-180.0 180.0   5.0 450.0                            LAT/LON1/LON2/DLON/H
  154  155  159  162  170  184  199  216  236  256  275  292  305  315  322  325
  324  319  312  305  299  297  299  304  311  320  329  340  352  365  380  397
  413  428  441  448  447  438  422  401  379  360  346  335  326  318  309  300
  290  282  275  271  267  262  258  253  248  244  241  238  234  230  226  222
  217  214  208  204  193  185  177  172  154                                   
    27.5-180.0 180.0   5.0 450.0                            LAT/LON1/LON2/DLON/H
  166  165  167  169  174  185  198  213  232  253  274  295  312  325  334  338
  337  332  325  318  314  312  313  316  323  333  346  361  378  396  415  434
  451  465  475  478  474  462  444  421  399  379  363  351  340  331  320  309
  299  290  284  278  274  269  263  257  250  245  240  236  233  230  228  226
  222  219  214  211  202  195  187  184  166                                   
    25.0-180.0 180.0   5.0 450.0                            LAT/LON1/LON2/DLON/H
  179  176  178  179  181  191  201  214  231  252  273  296  315  331  341  346
  345  341  335  330  327  326  326  330  337  348  363  381  402  424  445  465
  481  493  498  497  489  475  455  433  411  392  376  363  352  340  328  316
  305  295  288  282  277  271  264  256  248  240  233  229  226  224  225  224
  222  220  216  215  208  202  196  195  179                                   
    22.5-180.0 180.0   5.0 450.0                            LAT/LON1/LON2/DLON/H
  190  186  187  190  191  199  208  218  233  252  273  296  317  334  345  350
  351  348  344  341  339  339  341  344  351  363  379  399  422  446  468  487
  500  507  507  501  490  474  456  436  417  400  385  373  360  347  334  320
  307  296  287  280  273  267  258  249  239  230  221  216  213  213  216  217
  216  216  213  214  209  206  203  203  190                                   
    20.0-180.0 180.0   5.0 450.0                            LAT/LON1/LON2/DLON/H
  195  192  192  197  198  207  214  223  236  253  273  295  316  334  346  353
  355  353  352  351  352  353  355  358  366  378  395  416  438  461  482  498
  507  509  504  493  479  464  448  432  417  403  390  379  366  352  337  321
  306  293  281  272  263  254  245  235  224  214  205  199  197  198  202  206
  206  208  206  208  206  206  204  206  195                                   
    17.5-180.0 180.0   5.0 450.0                            LAT/LON1/LON2/DLON/H
  194  192  191  197  200  209  218  227  239  255  273  294  314  332  346  354
  358  359  360  362  364  366  369  373  381  393  410  429  450  471  488  500
  504  501  491  477  463  450  437  425  414  404  394  383  370  356  338  321
  303  287  273  260  248  237  227  217  207  198  189  183  181  183  187  191
  193  196  196  198  199  200  200  202  194                                   
    15.0-180.0 180.0   5.0 450.0                            LAT/LON1/LON2/DLON/H
  187  186  183  190  194  204  215  226  239  254  271  291  311  329  344  354
  362  366  369  373  376  379  383  388  396  408  424  442  460  476  489  496
  496  489  476  461  448  437  428  421  413  406  397  387  375  359  340  320
  301  282  264  247  232  220  209  200  192  185  177  171  168  169  173  177
  178  182  183  186  188  189  190  192  187                                   
    12.5-180.0 180.0   5.0 450.0                            LAT/LON1/LON2/DLON/H
  176  176  170  177  182  192  206  219  234  250  267  286  305  324  340  354
  365  372  378  383  387  391  396  402  411  423  438  454  469  481  489  492
  488  478  464  450  439  431  427  423  417  411  403  393  380  363  343  321
  299  277  257  237  220  206  196  189  183  177  169  163  158  158  160  163
  165  168  170  173  176  176  177  176  176                                   
    10.0-180.0 180.0   5.0 450.0                            LAT/LON1/LON2/DLON/H
  164  164  156  161  166  175  191  207  224  242  260  279  298  317  335  352
  366  377  386  392  397  402  408  416  426  439  453  466  477  486  490  490
  484  473  460  448  440  436  434  432  427  419  410  399  384  366  345  322
  298  274  251  230  212  198  189  184  179  174  167  159  154  151  152  153
  153  156  158  161  164  163  162  160  164                                   
     7.5-180.0 180.0   5.0 450.0                            LAT/LON1/LON2/DLON/H
  153  151  143  146  150  158  175  192  212  232  251  270  289  309  329  348
  366  380  390  397  404  410  418  428  440  454  466  477  486  491  493  491
