data/edconvlstm_nd/pred0520.15i
     1.0            IONOSPHERE MAPS     GNSS                IONEX VERSION / TYPE
pyspatialgeodesy        IME             05-JAN-18 20:20     PGM / RUN BY / DATE 
Map Name                                                    COMMENT             
Predicted global ionosphere maps (GIM).                     DESCRIPTION         
  2015     2    21     0     0     0                        EPOCH OF FIRST MAP  
  2015     2    22     0     0     0                        EPOCH OF LAST MAP   
  7200                                                      INTERVAL            
    13                                                      # OF MAPS IN FILE   
  NONE                                                      MAPPING FUNCTION    
10.0                                                        ELEVATION CUTOFF    
One-way carrier phase leveled to code                       OBSERVABLES USED    
  6371.0                                                    BASE RADIUS         
 2                                                          MAP DIMENSION       
   450.0 450.0   0.0                                        HGT1 / HGT2 / DHGT  
    87.5 -87.5  -2.5                                        LAT1 / LAT2 / DLAT  
  -180.0 180.0   5.0                                        LON1 / LON2 / DLON  
    -1                                                      EXPONENT            
                                                            END OF HEADER       
[from data line 429]
     2                                                      START OF TEC MAP    
  2015     2    21     2     0     0                        EPOCH OF CURRENT MAP
    87.5-180.0 180.0   5.0 450.0                            LAT/LON1/LON2/DLON/H
  103  106  106  109  108  106  104  103  104  105  105  106  107  107  107  106
  106  105  103  102  100   99   97   95   93   92   90   88   87   85   84   83
   82   81   80   80   79   79   79   79   79   80   80   81   82   83   84   86
   87   89   90   92   93   94   95   96   97   98   99   99   99   99   99  100
  101  102  100   99  100  105  108  102  103                                   
    85.0-180.0 180.0   5.0 450.0                            LAT/LON1/LON2/DLON/H
  104  115  102  111  112  111  110  110  110  111  112  112  112  112  112  111
  110  108  106  104  102   99   96   93   90   87   85   82   79   77   75   73
   72   71   70   70   69   70   70   71   72   73   75   77   79   81   83   86
   88   91   93   95   98  100  102  104  106  107  108  109  110  110  111  112
  113  114  112  113  111  111  114  105  104                                   
    82.5-180.0 180.0   5.0 450.0                            LAT/LON1/LON2/DLON/H
  106  109  121  119  116  117  116  117  119  120  120  121  122  122  122  121
  120  118  115  112  109  105  100   96   91   86   82   77   73   70   66   64
   62   60   60   59   59   60   61   63   65   67   70   73   75   79   82   85
   89   92   96   99  103  106  109  112  115  117  120  122  123  124  124  126
  126  126  123  121  126  114  112  110  106                                   
    80.0-180.0 180.0   5.0 450.0                            LAT/LON1/LON2/DLON/H
  122  121  121  119  119  117  120  121  124  125  125  127  127  127  127  125
  124  121  118  114  110  105  100   94   88   83   77   72   68   64   61   59
   57   56   56   56   56   57   59   61   63   65   68   71   74   77   80   84
   87   91   95   99  104  108  112  116  120  124  127  130  132  134  135  137
  138  136  135  132  142  133  133  125  122                                   
    77.5-180.0 180.0   5.0 450.0                            LAT/LON1/LON2/DLON/H
  138  136  134  132  125  126  130  132  134  134  134  135  135  134  133  131
  128  125  122  118  113  108  103   97   91   86   80   75   71   68   66   64
   63   63   64   64   66   67   69   70   72   74   76   78   80   82   85   87
   90   93   97  101  106  110  116  121  126  131  136  140  144  146  149  152
  152  153  150  151  155  147  147  144  138                                   
    75.0-180.0 180.0   5.0 450.0                            LAT/LON1/LON2/DLON/H
  155  153  149  147  138  138  139  139  140  139  138  137  135  132  129  125
  122  118  114  111  107  103   99   95   91   86   82   79   76   74   73   72
   73   73   74   75   76   78   79   79   80   81   82   82   83   83   84   85
   86   88   91   95   99  105  111  117  124  131  138  144  149  153  157  162
  163  165  165  161  166  164  165  164  155                                   
    72.5-180.0 180.0   5.0 450.0                            LAT/LON1/LON2/DLON/H
  173  176  173  167  160  158  157  156  156  152  148  145  139  133  126  120
  114  109  106  103  101   99   97   95   93   90   88   86   84   83   83   84
   85   87   88   89   90   91   91   91   90   89   88   88   87   86   85   85
   85   87   89   92   97  103  110  118  126  135  143  151  158  163  169  174
  177  180  183  182  185  182  185  186  173                                   
    70.0-180.0 180.0   5.0 450.0                            LAT/LON1/LON2/DLON/H
  202  204  200  193  184  180  178  174  173  167  160  152  143  131  120  111
  103   97   94   92   92   92   93   93   92   91   90   88   88   88   88   90
   91   93   94   95   96   95   94   93   91   89   87   85   83   81   80   79
   79   80   83   86   92   99  107  116  127  137  147  156  164  170  176  183
  187  190  196  198  203  203  210  210  202                                   
    67.5-180.0 180.0   5.0 450.0                            LAT/LON1/LON2/DLON/H
  224  229  222  214  205  199  195  190  187  179  170  159  144  129  113  100
   90   83   80   80   81   84   86   87   87   86   85   83   82   82   83   84
   85   87   88   88   87   86   84   82   79   76   74   72   70   69   68   68
   68   70   73   78   85   93  104  115  127  139  151  161  170  176  182  188
  192  195  202  205  214  216  225  228  224                                   
    65.0-180.0 180.0   5.0 450.0                            LAT/LON1/LON2/DLON/H
  243  247  239  230  222  214  208  204  200  192  181  168  150  131  112   96
   84   77   73   74   76   80   82   83   83   81   78   76   74   73   73   73
   74   74   75   74   73   71   68   66   63   61   59   58   57   57   57   58
   59   62   67   73   82   93  105  118  133  147  160  171  179  185  190  194
  197  200  206  210  220  225  237  241  243                                   
    62.5-180.0 180.0   5.0 450.0                            LAT/LON1/LON2/DLON/H
  255  260  253  242  234  225  217  213  209  202  191  177  159  138  117   99
   86   78   75   75   78   80   82   82   79   76   71   67   64   63   62   61
   61   61   60   59   57   55   53   51   49   47   47   47   47   48   49   51
   54   58   65   73   84   96  110  126  142  158  172  183  192  197  201  203
  204  205  209  213  222  229  242  248  255                                   
    60.0-180.0 180.0   5.0 450.0                            LAT/LON1/LON2/DLON/H
  262  267  261  248  240  228  219  214  211  204  195  182  165  144  124  107
   94   86   82   82   83   83   82   79   75   69   63   59   55   53   52   51
   50   49   48   46   45   43   41   39   39   38   39   40   41   43   45   48
   51   57   65   75   88  102  118  135  152  169  184  197  205  210  212  213
  212  211  214  216  224  231  243  249  262                                   
    57.5-180.0 180.0   5.0 450.0                            LAT/LON1/LON2/DLON/H
  271  276  269  253  245  231  219  212  208  201  193  182  167  151  134  118
  107   99   94   92   90   87   83   77   70   63   57   52   49   47   46   45
   44   42   41   40   39   38   37   36   36   37   38   40   42   44   46   49
   53   60   69   81   95  111  128  146  164  181  197  210  219  225  227  228
  225  223  224  224  230  236  247  252  271                                   
    55.0-180.0 180.0   5.0 450.0                            LAT/LON1/LON2/DLON/H
  284  288  280  262  253  236  221  211  204  195  186  176  165  153  140  129
  119  112  106  101   96   89   82   74   66   59   53   50   48   47   46   45
   43   42   41   41   41   41   41   41   42   43   44   46   48   49   51   54
   58   66   76   89  104  121  138  156  174  192  208  222  232  239  243  244
  242  240  241  240  244  246  256  259  284                                   
    52.5-180.0 180.0   5.0 450.0                            LAT/LON1/LON2/DLON/H
  303  307  297  278  269  250  231  215  203  189  178  168  160  151  143  136
  128  121  114  106   98   89   80   71   64   58   54   53   52   52   51   50
   49   48   48   49   50   52   53   54   55   56   57   58   58   59   60   62
   66   74   85   99  115  132  149  167  184  201  217  232  243  252  258  262
  262  261  262  260  263  263  270  272  303                                   
    50.0-180.0 180.0   5.0 450.0                            LAT/LON1/LON2/DLON/H
  326  331  319  302  294  274  251  230  210  190  174  162  153  147  143  138
  132  124  116  107   98   89   80   73   67   63   61   61   61   62   62   61
   60   60   61   63   65   68   70   72   72   73   73   73   72   71   71   72
   77   84   96  111  128  145  162  178  194  210  225  239  252  262  271  279
  283  285  287  284  286  283  289  290  326                                   
    47.5-180.0 180.0   5.0 450.0                            LAT/LON1/LON2/DLON/H
  347  354  342  329  323  305  281  254  227  199  176  160  150  144  140  136
  130  122  113  104   96   89   83   78   75   73   73   73   74   74   73   72
   72   72   74   78   82   86   89   91   91   91   90   88   87   85   84   84
   88   97  109  124  141  158  175  190  204  218  231  244  257  269  281  293
  300  305  309  307  308  304  309  310  347                                   
    45.0-180.0 180.0   5.0 450.0                            LAT/LON1/LON2/DLON/H
  361  370  360  353  350  337  314  286  253  218  188  166  152  144  139  133
  126  117  108  101   96   92   90   89   88   87   87   86   84   82   80   79
   79   81   84   90   95  100  104  106  107  106  104  102  100   97   96   96
  101  109  122  137  154  171  186  200  212  224  235  247  260  273  287  301
  311  319  325  325  325  321  326  326  361                                   
    42.5-180.0 180.0   5.0 450.0                            LAT/LON1/LON2/DLON/H
  365  375  370  368  368  359  341  316  283  244  207  179  160  148  140  131
  122  113  105  101   99  100  101  102  102  101   99   94   89   84   80   79
   80   83   89   96  103  109  113  115  116  116  115  113  110  108  106  107
  111  119  132  147  164  181  195  208  219  229  239  250  262  275  289  304
  315  325  333  334  335  332  336  335  365                                   
    40.0-180.0 180.0   5.0 450.0                            LAT/LON1/LON2/DLON/H
  364  372  369  368  371  366  355  336  306  268  229  197  174  158  145  133
  122  113  108  107  110  113  116  117  116  112  105   97   88   81   76   75
   78   84   92   99  106  111  116  119  121  122  121  119  117  115  114  114
  118  126  138  154  171  188  203  215  226  235  244  253  264  277  290  304
  316  326  335  338  340  338  342  340  364                                   
    37.5-180.0 180.0   5.0 450.0                            LAT/LON1/LON2/DLON/H
  362  367  362  358  361  358  351  339  317  284  247  215  190  170  153  138
  126  119  117  120  126  131  133  131  125  117  106   96   86   78   75   76
   81   88   96  103  108  111  114  118  121  123  124  123  121  119  118  119
  123  130  142  158  175  193  209  223  234  243  251  260  270  282  294  307
  318  328  338  343  346  348  354  348  362                                   
    35.0-180.0 180.0   5.0 450.0                            LAT/LON1/LON2/DLON/H
  371  371  361  348  348  343  336  328  312  286  256  227  202  181  162  146
  134  130  132  138  145  149  146  138  128  116  106   96   89   84   83   86
   92   99  105  109  111  111  112  115  119  122  124  124  122  120  119  120
  124  131  143  159  178  198  216  231  243  253  261  270  281  293  306  318
  329  338  349  356  364  372  379  369  371                                   
    32.5-180.0 180.0   5.0 450.0                            LAT/LON1/LON2/DLON/H
  400  399  381  354  346  332  320  311  299  279  254  230  208  187  168  153
  144  142  148  156  162  161  153  140  126  115  108  104  102  102  104  108
  114  119  122  121  118  115  112  113  117  122  124  124  122  119  119  119
  123  130  142  160  181  202  223  240  253  265  274  285  297  311  326  340
  351  362  376  385  399  415  423  409  400                                   
    30.0-180.0 180.0   5.0 450.0                            LAT/LON1/LON2/DLON/H
  460  462  434  391  370  344  320  303  288  269  248  228  208  188  170  157
  150  152  159  167  170  164  151  135  124  118  118  122  127  132  138  143
  147  149  147  141  133  123  116  115  118  122  125  124  121  118  116  117
  120  127  140  159  183  208  230  250  266  278  291  304  320  338  356  373
  387  401  418  431  454  477  485  468  460                                   
    27.5-180.0 180.0   5.0 450.0                            LAT/LON1/LON2/DLON/H
  551  562  524  468  432  391  350  319  293  268  245  225  205  186  169  157
  152  156  162  168  166  157  143  131  126  129  138  151  165  178  188  194
  195  191  182  169  152  136  124  119  120  124  125  124  119  116  113  113
  116  123  138  160  187  215  241  263  281  296  311  328  348  371  395  416
  434  453  475  493  526  558  563  545  551                                   
    25.0-180.0 180.0   5.0 450.0                            LAT/LON1/LON2/DLON/H
  663  690  647  584  534  480  419  368  325  288  257  231  208  185  167  155
  151  153  157  158  154  145  136  132  137  151  172  195  219  239  252  256
  252  239  221  198  173  150  133  125  124  126  127  123  118  113  110  109
  112  121  138  164  194  226  256  282  303  320  338  358  382  410  439  466
  490  514  542  567  608  651  655  639  663                                   
    22.5-180.0 180.0   5.0 450.0                            LAT/LON1/LON2/DLON/H
  776  824  787  726  666  603  525  453  390  337  293  257  224  195  172  157
  150  148  147  144  140  136  137  146  163  188  218  251  282  305  317  316
  302  280  252  220  189  161  141  130  127  128  127  123  116  111  107  107
  110  122  142  171  206  241  275  304  329  350  370  393  420  452  485  517
  547  578  611  644  690  747  757  743  776                                   
    20.0-180.0 180.0   5.0 450.0                            LAT/LON1/LON2/DLON/H
  872  936  914  866  802  738  651  565  485  416  357  308  263  223  192  170
  156  147  140  135  134  140  154  176  206  240  276  311  341  361  366  356
  334  303  268  233  198  167  146  134  131  130  127  122  115  109  106  106
  111  125  149  182  220  259  296  329  357  382  405  431  460  493  529  564
  599  635  672  713  760  827  849  840  872                                   
    17.5-180.0 180.0   5.0 450.0                            LAT/LON1/LON2/DLON/H
  937 1006 1002  971  913  857  773  684  596  517  447  386  329  277  233  200
  177  159  146  140  145  162  191  226  264  301  335  363  383  391  387  368
  340  305  268  231  196  168  149  138  135  132  128  122  115  109  106  106
  113  130  157  193  234  276  314  350  383  412  440  467  497  530  566  603
  640  678  717  763  807  874  907  908  937                                   
    15.0-180.0 180.0   5.0 450.0                            LAT/LON1/LON2/DLON/H
  959 1024 1037 1023  978  936  867  787  703  623  550  483  419  356  301  256
  220  192  173  168  180  209  249  292  331  361  382  394  399  394  378  352
  319  284  248  215  187  166  152  146  142  138  132  124  116  110  107  108
  117  136  166  204  246  288  329  367  404  437  467  497  528  561  597  632
  668  704  743  788  826  881  921  932  959                                   
    12.5-180.0 180.0   5.0 450.0                            LAT/LON1/LON2/DLON/H
  935  990 1016 1017  991  967  916  852  781  711  646  583  520  455  393  338
  290  252  228  223  241  277  322  363  394  408  410  403  390  371  346  315
  281  247  218  194  177  167  162  159  155  149  140  129  120  113  109  110
  120  141  173  212  255  297  338  378  416  452  486  519  552  585  619  652
  685  716  751  790  818  856  895  915  935                                   
    10.0-180.0 180.0   5.0 450.0                            LAT/LON1/LON2/DLON/H
  879  915  945  959  953  946  915  870  817  764  714  666  614  556  497  439
  385  339  310  305  325  360  399  428  441  434  415  391  364  336  305  273
  241  213  192  180  176  176  178  178  173  163  150  136  124  115  110  111
  121  144  178  218  260  301  341  381  420  459  495  531  566  600  632  662
  691  717  746  776  792  814  845  870  879                                   
     7.5-180.0 180.0   5.0 450.0                            LAT/LON1/LON2/DLON/H
  811  825  849  868  876  884  869  843  809  775  744  714  680  638  589  538
  486  440  409  402  417  443  466  474  464  437  402  368  336  305  275  244
