data/edconvlstm_nd/pred1250.15i
     1.0            IONOSPHERE MAPS     GNSS                IONEX VERSION / TYPE
pyspatialgeodesy        IME             05-JAN-18 20:20     PGM / RUN BY / DATE 
Map Name                                                    COMMENT             
Predicted global ionosphere maps (GIM).                     DESCRIPTION         
  2015     5     5     0     0     0                        EPOCH OF FIRST MAP  
  2015     5     6     0     0     0                        EPOCH OF LAST MAP   
  7200                                                      INTERVAL            
    13                                                      # OF MAPS IN FILE   
  NONE                                                      MAPPING FUNCTION    
10.0                                                        ELEVATION CUTOFF    
One-way carrier phase leveled to code                       OBSERVABLES USED    
  6371.0                                                    BASE RADIUS         
 2                                                          MAP DIMENSION       
   450.0 450.0   0.0                                        HGT1 / HGT2 / DHGT  
    87.5 -87.5  -2.5                                        LAT1 / LAT2 / DLAT  
  -180.0 180.0   5.0                                        LON1 / LON2 / DLON  
    -1                                                      EXPONENT            
                                                            END OF HEADER       
     1                                                      START OF TEC MAP    
  2015     5     5     0     0     0                        EPOCH OF CURRENT MAP
    87.5-180.0 180.0   5.0 450.0                            LAT/LON1/LON2/DLON/H
  171  180  187  177  177  178  176  176  177  177  178  179  179  180  180  180
  179  179  178  177  175  174  172  170  168  167  165  163  161  160  158  157
  156  155  154  154  153  153  153  153  154  154  155  155  156  157  158  158
  159  160  161  162  163  163  164  165  165  166  166  166  166  166  166  167
  167  168  169  169  168  166  167  177  171                                   
    85.0-180.0 180.0   5.0 450.0                            LAT/LON1/LON2/DLON/H
  189  188  178  179  185  186  184  183  185  185  186  187  188  188  188  188
  188  187  185  184  182  179  177  174  172  169  166  164  162  160  158  156
  155  154  153  153  153  153  153  154  155  156  157  157  158  159  160  161
  162  163  164  166  167  167  168  169  170  171  171  172  172  172  172  173
  174  174  176  179  172  176  178  182  189                                   
    82.5-180.0 180.0   5.0 450.0                            LAT/LON1/LON2/DLON/H
  187  183  184  183  189  190  188  190  193  193  195  196  197  198  198  197
  196  194  192  190  187  184  180  176  172  169  165  161  158  155  152  150
  148  147  147  147  147  148  149  150  151  152  154  155  156  157  158  160
  161  162  164  165  167  168  170  171  172  174  175  176  176  177  177  178
  179  180  181  181  178  168  171  172  187                                   
    80.0-180.0 180.0   5.0 450.0                            LAT/LON1/LON2/DLON/H
  180  178  173  175  181  184  187  191  194  196  198  200  202  202  202  202
  200  198  195  192  188  184  179  174  169  164  159  154  150  146  143  140
  139  138  137  138  139  140  142  144  145  147  148  150  151  152  153  155
  156  158  160  162  164  166  168  170  171  173  174  175  176  176  177  178
  178  177  177  175  180  170  174  179  180                                   
    77.5-180.0 180.0   5.0 450.0                            LAT/LON1/LON2/DLON/H
  180  170  166  172  174  177  183  188  192  194  198  200  202  203  203  202
  200  197  194  190  186  181  176  171  166  160  154  149  144  139  136  133
  131  131  131  132  134  136  138  140  142  143  144  145  146  147  148  149
  151  153  155  158  160  163  165  168  170  172  173  174  175  176  176  177
  176  177  175  173  176  173  173  182  180                                   
    75.0-180.0 180.0   5.0 450.0                            LAT/LON1/LON2/DLON/H
  182  167  163  168  169  172  177  182  188  190  194  196  198  198  197  195
  193  190  187  184  180  176  172  167  161  156  150  144  139  134  131  128
  127  127  128  130  133  135  138  140  141  142  142  142  141  142  142  143
  145  147  150  153  156  159  162  165  167  169  171  172  173  174  174  175
  175  175  174  168  170  172  174  182  182                                   
    72.5-180.0 180.0   5.0 450.0                            LAT/LON1/LON2/DLON/H
  175  166  163  164  164  166  171  177  183  185  188  190  191  190  188  185
  183  180  177  174  171  168  165  161  156  151  145  139  134  129  126  124
  123  124  126  128  131  134  136  138  139  139  138  137  135  135  135  136
  138  140  144  147  151  154  157  160  162  165  166  168  169  170  172  173
  173  174  176  171  172  172  177  188  175                                   
    70.0-180.0 180.0   5.0 450.0                            LAT/LON1/LON2/DLON/H
  180  167  165  166  164  165  169  174  180  182  185  187  186  184  181  177
  174  170  168  166  165  163  161  158  153  148  142  136  131  127  124  122
  122  123  124  127  129  132  134  136  136  135  133  131  129  128  128  129
  132  135  139  144  148  152  155  158  161  163  165  167  169  170  172  174
  175  177  180  178  180  181  185  195  180                                   
    67.5-180.0 180.0   5.0 450.0                            LAT/LON1/LON2/DLON/H
  187  176  171  169  165  165  168  172  178  180  182  183  182  179  176  171
  167  163  161  160  159  158  157  154  150  145  138  133  127  123  121  119
  118  118  119  121  122  124  126  127  127  125  123  120  118  117  117  119
  123  129  134  140  146  150  154  157  160  163  165  167  169  171  172  175
  176  179  183  182  186  189  193  204  187                                   
    65.0-180.0 180.0   5.0 450.0                            LAT/LON1/LON2/DLON/H
  195  184  179  175  170  167  169  171  176  178  180  182  181  179  174  170
  165  161  158  157  157  157  156  153  148  142  136  131  126  122  120  118
  116  115  114  114  114  115  117  117  117  116  113  111  109  108  109  113
  118  125  133  140  147  152  156  160  163  165  168  171  173  174  175  177
  178  181  186  186  193  197  203  213  195                                   
    62.5-180.0 180.0   5.0 450.0                            LAT/LON1/LON2/DLON/H
  203  194  188  183  176  171  171  173  177  178  180  182  183  181  178  174
  169  164  161  160  159  158  157  153  148  142  136  131  128  125  123  120
  117  114  110  108  107  107  108  109  110  109  107  104  103  102  105  110
  117  126  135  144  151  157  161  165  168  171  175  178  180  180  181  182
  181  184  189  190  197  204  209  220  203                                   
    60.0-180.0 180.0   5.0 450.0                            LAT/LON1/LON2/DLON/H
  210  203  198  192  184  178  176  176  178  179  181  183  185  185  184  181
  176  171  167  164  163  161  158  154  149  143  138  134  132  131  129  125
  121  115  109  105  102  102  104  105  106  106  104  102  101  101  104  110
  119  129  139  148  156  162  166  170  174  179  183  186  189  189  188  187
  185  186  190  192  199  207  213  224  210                                   
    57.5-180.0 180.0   5.0 450.0                            LAT/LON1/LON2/DLON/H
  217  213  209  202  195  188  185  183  183  181  182  184  187  190  191  189
  184  179  174  170  167  164  161  156  151  146  142  140  140  140  138  134
  128  120  112  105  102  102  104  106  108  108  106  104  103  104  107  113
  122  132  143  152  160  166  171  176  181  187  192  196  199  198  196  194
  190  189  192  193  200  209  215  227  217                                   
    55.0-180.0 180.0   5.0 450.0                            LAT/LON1/LON2/DLON/H
  226  225  223  215  209  203  199  195  191  186  185  186  190  194  196  196
  192  186  179  174  170  167  163  159  154  151  148  149  150  151  150  146
  138  127  118  111  107  107  109  112  114  115  113  111  109  109  112  118
  126  136  146  155  163  169  175  181  188  195  202  207  210  209  206  201
  195  193  195  195  202  211  219  232  226                                   
    52.5-180.0 180.0   5.0 450.0                            LAT/LON1/LON2/DLON/H
  237  239  238  232  228  224  221  214  206  197  191  190  193  197  200  200
  196  189  182  176  172  169  166  163  160  157  157  159  162  164  163  158
  148  136  126  119  116  117  120  123  125  125  122  119  117  116  118  123
  130  139  147  156  164  171  178  186  194  202  210  217  220  219  215  210
  203  200  201  200  207  216  225  239  237                                   
    50.0-180.0 180.0   5.0 450.0                            LAT/LON1/LON2/DLON/H
  252  256  257  254  252  252  251  241  229  214  203  198  198  201  203  202
  198  191  183  178  174  173  171  169  167  165  166  169  173  175  174  167
  156  144  135  128  127  128  132  135  137  136  132  128  125  124  124  128
  133  140  148  156  164  172  180  189  198  208  217  225  228  228  225  220
  214  211  212  210  217  225  235  252  252                                   
    47.5-180.0 180.0   5.0 450.0                            LAT/LON1/LON2/DLON/H
  270  275  278  279  280  285  285  274  258  238  221  211  207  206  206  204
  198  191  184  179  178  178  178  177  175  174  175  178  181  182  179  171
  160  149  141  137  138  141  144  147  148  146  142  137  133  131  131  132
  136  141  148  155  164  173  182  192  202  213  222  230  235  236  234  231
  227  225  227  225  232  239  250  268  270                                   
    45.0-180.0 180.0   5.0 450.0                            LAT/LON1/LON2/DLON/H
  290  296  301  305  311  318  320  309  291  267  245  230  221  216  212  207
  200  192  187  184  185  187  188  187  185  183  183  184  185  184  178  169
  159  150  145  145  148  152  156  158  158  156  151  146  142  139  137  138
  140  143  149  156  164  174  184  195  205  216  226  234  240  242  243  242
  241  242  245  244  251  257  268  287  290                                   
    42.5-180.0 180.0   5.0 450.0                            LAT/LON1/LON2/DLON/H
  309  317  323  331  339  348  351  341  323  297  272  253  239  230  222  214
  205  198  194  194  196  199  201  199  196  192  189  188  186  181  173  163
  155  150  149  152  157  162  167  169  168  166  161  156  151  148  145  144
  145  147  151  158  167  178  188  198  209  219  229  238  244  248  251  254
  257  261  266  266  272  276  288  307  309                                   
    40.0-180.0 180.0   5.0 450.0                            LAT/LON1/LON2/DLON/H
  326  336  342  352  362  371  374  365  348  323  298  277  261  248  236  226
  216  210  208  209  213  216  216  212  206  200  195  191  185  177  168  159
  153  152  155  161  168  174  178  180  180  178  173  168  163  159  155  153
  151  152  155  162  172  182  193  203  213  222  232  241  249  255  261  267
  272  280  287  288  292  295  307  327  326                                   
    37.5-180.0 180.0   5.0 450.0                            LAT/LON1/LON2/DLON/H
  343  353  359  368  379  386  388  380  366  343  320  299  283  268  254  242
  232  227  227  230  233  234  231  225  217  209  202  195  187  178  168  160
  158  160  167  175  183  189  193  195  195  193  189  183  178  172  167  162
  159  158  160  167  176  187  198  208  217  226  236  246  255  263  271  279
  287  297  305  307  310  313  326  347  343                                   
    35.0-180.0 180.0   5.0 450.0                            LAT/LON1/LON2/DLON/H
  361  370  374  381  392  396  396  389  377  358  338  320  304  288  274  261
  253  249  249  252  253  251  245  237  227  219  211  203  195  185  177  172
  172  178  187  196  203  208  211  212  212  211  207  201  194  187  180  173
  167  164  165  170  179  191  202  212  221  231  241  252  262  272  281  291
  301  311  321  322  325  328  344  368  361                                   
    32.5-180.0 180.0   5.0 450.0                            LAT/LON1/LON2/DLON/H
  383  388  392  397  406  408  406  400  390  373  356  340  325  310  295  283
  275  271  271  272  270  265  256  247  238  230  224  217  210  202  196  194
  198  206  216  223  228  230  231  232  232  230  226  219  211  202  192  183
  175  169  168  172  181  193  205  216  226  236  247  260  272  283  293  303
  313  324  334  335  339  343  363  393  383                                   
    30.0-180.0 180.0   5.0 450.0                            LAT/LON1/LON2/DLON/H
  411  411  414  420  428  430  427  421  412  397  381  365  349  334  319  306
  297  293  290  288  282  274  264  255  249  244  240  236  232  227  225  227
  233  241  249  253  254  253  252  252  251  248  242  235  225  215  203  192
  181  174  171  174  182  193  205  218  229  241  255  270  284  297  308  318
  328  339  348  349  355  361  385  421  411                                   
    27.5-180.0 180.0   5.0 450.0                            LAT/LON1/LON2/DLON/H
  445  436  441  452  461  466  465  461  452  437  419  401  383  365  347  332
  321  313  306  298  289  279  270  264  260  259  259  259  258  258  259  263
  270  277  281  280  276  271  268  266  264  261  255  246  236  225  212  199
  187  178  172  173  179  190  203  217  232  247  263  282  300  316  328  338
  347  358  365  367  377  383  413  455  445                                   
    25.0-180.0 180.0   5.0 450.0                            LAT/LON1/LON2/DLON/H
  485  463  473  494  506  518  522  521  513  497  476  453  430  406  384  364
  347  332  319  306  294  283  276  273  273  275  278  281  284  286  290  296
  302  304  302  295  286  279  274  272  270  266  260  252  242  231  218  204
  191  179  172  170  174  184  198  214  232  250  271  293  316  335  350  361
  371  381  389  392  407  412  446  494  485                                   
    22.5-180.0 180.0   5.0 450.0                            LAT/LON1/LON2/DLON/H
  527  491  509  541  558  578  592  598  593  577  552  523  493  462  432  404
  379  356  335  316  300  288  283  283  286  290  294  298  302  307  311  315
  317  313  304  292  280  272  268  266  265  263  258  252  243  233  220  206
  191  178  168  163  166  175  191  210  230  252  276  302  329  353  371  384
  396  408  417  424  442  447  484  535  527                                   
    20.0-180.0 180.0   5.0 450.0                            LAT/LON1/LON2/DLON/H
  565  519  544  586  608  638  664  681  684  670  643  608  570  532  493  455
  420  387  357  332  312  299  294  294  297  300  304  307  309  312  314  313
  309  299  285  271  259  252  250  250  251  251  249  245  239  230  217  202
  187  172  160  155  156  165  182  204  228  253  279  308  338  365  387  405
  421  435  447  459  480  483  522  574  565                                   
    17.5-180.0 180.0   5.0 450.0                            LAT/LON1/LON2/DLON/H
  592  545  574  622  646  685  722  753  767  761  736  699  656  610  564  517
  471  428  390  357  333  317  309  307  306  305  304  302  300  298  295  290
  281  267  252  239  230  225  225  227  230  233  234  234  230  221  209  194
  178  162  150  144  145  156  175  199  226  253  281  311  343  373  399  420
  441  459  475  493  515  516  555  604  592                                   
    15.0-180.0 180.0   5.0 450.0                            LAT/LON1/LON2/DLON/H
  606  569  598  643  667  708  752  794  822  828  811  778  735  687  637  583
  530  479  433  395  365  344  330  321  312  303  293  284  277  270  264  256
  245  231  217  207  202  200  201  204  208  213  217  219  217  209  197  181
  165  150  139  133  136  147  168  195  224  253  282  313  345  377  406  430
  455  477  498  520  542  541  578  623  606                                   
    12.5-180.0 180.0   5.0 450.0                            LAT/LON1/LON2/DLON/H
  613  592  616  651  670  705  748  795  834  853  850  827  792  749  700  647
  590  536  486  442  406  377  354  334  313  292  273  257  246  238  232  224
  215  204  194  187  184  185  186  188  192  197  203  206  203  195  182  166
  149  135  125  121  126  140  163  191  222  252  282  313  347  379  409  436
  463  488  512  537  559  559  592  632  613                                   
    10.0-180.0 180.0   5.0 450.0                            LAT/LON1/LON2/DLON/H
  621  619  634  654  662  685  718  761  804  833  843  835  813  782  742  694
  642  589  539  493  451  413  377  342  307  274  247  228  217  212  210  206
  200  192  185  181  181  182  183  183  185  190  194  196  191  180  165  147
  131  118  110  108  115  131  155  186  218  249  280  312  347  380  411  438
  466  492  518  544  566  569  599  634  621                                   
     7.5-180.0 180.0   5.0 450.0                            LAT/LON1/LON2/DLON/H
  637  651  657  661  655  660  676  707  744  777  796  800  794  778  752  716
  674  628  583  537  491  443  393  342  294  253  223  205  200  201  204  204
