data/edconvlstm_nd/pred2170.15i
     1.0            IONOSPHERE MAPS     GNSS                IONEX VERSION / TYPE
pyspatialgeodesy        IME             05-JAN-18 20:20     PGM / RUN BY / DATE 
Map Name                                                    COMMENT             
Predicted global ionosphere maps (GIM).                     DESCRIPTION         
  2015     8     5     0     0     0                        EPOCH OF FIRST MAP  
  2015     8     6     0     0     0                        EPOCH OF LAST MAP   
  7200                                                      INTERVAL            
    13                                                      # OF MAPS IN FILE   
  NONE                                                      MAPPING FUNCTION    
10.0                                                        ELEVATION CUTOFF    
One-way carrier phase leveled to code                       OBSERVABLES USED    
  6371.0                                                    BASE RADIUS         
 2                                                          MAP DIMENSION       
   450.0 450.0   0.0                                        HGT1 / HGT2 / DHGT  
    87.5 -87.5  -2.5                                        LAT1 / LAT2 / DLAT  
  -180.0 180.0   5.0                                        LON1 / LON2 / DLON  
    -1                                                      EXPONENT            
                                                            END OF HEADER       
[from data line 4719]
    12                                                      START OF TEC MAP    
  2015     8     5    22     0     0                        EPOCH OF CURRENT MAP
    87.5-180.0 180.0   5.0 450.0                            LAT/LON1/LON2/DLON/H
  159  143  127  134  135  134  134  133  133  135  134  135  136  137  137  137
  138  138  138  138  138  137  137  136  136  135  134  133  132  131  130  129
  127  126  125  124  123  123  122  121  121  120  120  119  119  119  119  119
  119  119  119  119  119  119  119  119  119  119  119  120  120  120  121  121
  121  121  121  123  136  134  143  150  159                                   
    85.0-180.0 180.0   5.0 450.0                            LAT/LON1/LON2/DLON/H
  151  148  149  143  139  143  144  146  146  148  148  149  150  151  152  152
  153  153  153  153  152  152  151  151  150  148  147  146  144  143  141  139
  138  136  134  133  132  131  130  129  128  128  127  127  127  127  127  127
  127  127  127  127  127  127  127  128  128  128  128  129  129  130  130  131
  132  132  132  132  138  132  135  138  151                                   
    82.5-180.0 180.0   5.0 450.0                            LAT/LON1/LON2/DLON/H
  134  136  139  136  135  139  143  144  144  146  147  149  150  152  153  153
  154  155  155  155  155  154  153  152  151  149  147  145  143  141  138  136
  133  131  129  127  125  124  122  121  120  120  119  119  119  119  120  120
  120  120  121  121  121  121  121  121  121  121  121  121  122  122  123  123
  124  124  124  130  135  142  136  136  134                                   
    80.0-180.0 180.0   5.0 450.0                            LAT/LON1/LON2/DLON/H
  131  137  143  140  138  140  146  150  152  155  157  159  160  162  163  164
  164  165  165  164  164  163  162  161  159  157  154  151  148  145  142  138
  135  132  130  128  126  124  123  122  122  121  121  122  122  122  123  123
  124  124  124  125  124  124  124  123  123  123  123  123  124  124  125  126
  127  127  128  131  133  132  132  139  131                                   
    77.5-180.0 180.0   5.0 450.0                            LAT/LON1/LON2/DLON/H
  142  138  148  145  147  151  155  160  162  165  167  170  171  173  173  174
  174  174  173  173  172  171  170  168  166  164  161  158  154  150  147  143
  140  137  134  132  130  128  127  127  126  126  127  127  128  129  130  131
  132  132  132  132  132  131  130  129  128  128  127  127  127  128  129  129
  130  131  132  135  141  136  142  155  142                                   
    75.0-180.0 180.0   5.0 450.0                            LAT/LON1/LON2/DLON/H
  148  145  151  148  150  156  160  165  169  174  176  179  181  181  181  181
  180  178  177  176  174  173  172  170  168  165  162  158  154  150  146  143
  140  137  135  133  132  130  130  129  129  129  130  130  131  133  134  135
  136  136  136  135  134  133  132  131  130  129  129  129  129  130  131  133
  134  135  138  136  141  135  141  144  148                                   
    72.5-180.0 180.0   5.0 450.0                            LAT/LON1/LON2/DLON/H
  152  148  153  157  157  163  169  174  178  183  186  189  190  190  189  187
  184  182  179  177  175  173  171  169  166  163  159  155  151  147  143  139
  136  134  133  131  130  130  129  128  128  128  128  128  130  131  132  133
  134  135  135  134  133  131  130  128  127  127  127  127  128  129  131  133
  134  136  138  137  140  136  143  152  152                                   
    70.0-180.0 180.0   5.0 450.0                            LAT/LON1/LON2/DLON/H
  157  152  155  157  157  163  169  176  182  189  193  196  197  196  194  190
  186  181  177  174  171  168  166  163  160  157  153  148  144  139  135  132
  130  128  127  126  126  125  124  122  121  121  120  121  121  122  124  125
  125  125  125  124  123  121  120  119  118  119  120  121  123  126  129  131
  133  135  139  139  142  139  146  153  157                                   
    67.5-180.0 180.0   5.0 450.0                            LAT/LON1/LON2/DLON/H
  164  158  162  165  167  172  179  187  194  201  206  210  211  210  206  202
  196  190  185  180  176  173  170  167  164  160  155  150  144  139  135  132
  130  128  127  127  126  124  123  121  119  117  116  116  116  117  118  118
  119  119  118  117  115  114  113  113  114  116  118  122  125  128  132  135
  137  140  143  142  144  142  148  155  164                                   
    65.0-180.0 180.0   5.0 450.0                            LAT/LON1/LON2/DLON/H
  167  162  165  167  168  173  180  188  196  204  209  214  216  215  212  206
  200  194  187  182  178  174  171  168  164  160  154  149  143  137  133  129
  127  125  124  123  121  119  116  113  110  108  106  105  104  105  105  105
  104  104  103  102  100  100  100  101  104  107  112  117  122  126  131  135
  137  140  144  145  149  147  153  160  167                                   
    62.5-180.0 180.0   5.0 450.0                            LAT/LON1/LON2/DLON/H
  172  167  170  171  172  177  183  190  197  205  211  217  219  219  217  212
  206  200  194  189  184  181  178  174  170  166  160  154  148  142  137  132
  129  126  124  122  119  116  112  108  104  101   99   97   96   96   95   94
   93   92   90   89   88   89   90   93   97  103  109  116  122  127  133  137
  139  142  146  147  151  149  156  162  172                                   
    60.0-180.0 180.0   5.0 450.0                            LAT/LON1/LON2/DLON/H
  177  173  175  175  175  178  182  188  195  202  208  213  217  218  217  214
  209  204  199  194  191  188  185  182  178  173  168  162  156  150  144  139
  134  130  126  123  118  114  109  104  100   97   95   93   92   90   89   86
   84   82   80   79   79   80   82   87   93  100  108  116  123  129  135  139
  142  145  148  149  154  154  161  168  177                                   
    57.5-180.0 180.0   5.0 450.0                            LAT/LON1/LON2/DLON/H
  183  180  181  181  180  181  183  187  191  196  200  205  209  212  212  211
  208  205  202  199  197  194  192  190  186  182  178  173  168  162  155  149
  143  137  131  125  120  114  109  104  100   97   96   95   93   91   88   84
   80   77   75   74   74   75   79   84   92  100  109  118  126  132  138  143
  145  148  152  152  157  158  166  173  183                                   
    55.0-180.0 180.0   5.0 450.0                            LAT/LON1/LON2/DLON/H
  191  189  190  189  187  187  186  187  188  190  193  196  200  203  205  205
  205  204  202  201  201  200  199  197  194  191  188  184  180  174  168  160
  152  144  137  130  123  117  111  106  103  102  101  101   99   96   92   87
   82   78   75   74   74   76   80   86   94  103  113  122  130  137  143  147
  150  153  157  157  162  164  173  179  191                                   
    52.5-180.0 180.0   5.0 450.0                            LAT/LON1/LON2/DLON/H
  200  199  200  199  196  195  193  191  189  187  186  187  189  192  195  197
  198  199  200  201  202  203  203  202  200  198  196  193  190  185  179  170
  161  152  143  135  127  121  115  111  109  109  110  110  109  106  100   94
   89   84   81   79   79   81   84   91   99  108  117  126  134  141  148  153
  156  160  164  164  169  171  181  186  200                                   
    50.0-180.0 180.0   5.0 450.0                            LAT/LON1/LON2/DLON/H
  210  210  212  211  208  207  203  200  194  189  185  182  182  184  187  189
  192  194  197  200  203  205  206  205  204  203  201  200  197  193  187  178
  168  157  148  139  132  126  121  118  117  118  120  121  120  117  111  105
   98   93   90   88   87   88   91   97  105  114  123  132  140  147  154  160
  164  168  172  172  177  179  189  195  210                                   
    47.5-180.0 180.0   5.0 450.0                            LAT/LON1/LON2/DLON/H
  220  220  223  222  221  220  217  212  205  197  189  183  180  180  181  184
  186  190  194  199  203  207  209  208  207  206  205  203  201  197  191  182
  171  161  152  144  138  132  128  125  125  127  129  131  131  128  122  115
  109  104  101   98   97   97   99  104  111  120  129  138  146  154  161  168
  173  179  183  183  187  189  199  204  220                                   
    45.0-180.0 180.0   5.0 450.0                            LAT/LON1/LON2/DLON/H
  229  230  233  233  232  233  231  227  219  209  198  190  184  181  181  182
  184  188  193  200  206  211  213  213  211  209  207  205  203  198  192  183
  173  164  156  150  144  140  136  134  134  135  138  140  140  137  131  125
  120  116  112  109  106  105  106  110  117  126  135  144  153  161  170  178
  184  190  194  194  198  199  208  214  229                                   
    42.5-180.0 180.0   5.0 450.0                            LAT/LON1/LON2/DLON/H
  237  238  241  241  242  244  244  241  234  224  212  201  193  187  185  184
  186  190  196  204  211  217  220  220  218  215  212  208  204  199  192  183
  174  167  161  157  153  150  146  144  143  144  146  148  148  144  140  134
  130  126  122  118  114  112  112  115  122  131  141  151  161  170  179  188
  194  201  206  206  208  210  217  224  237                                   
    40.0-180.0 180.0   5.0 450.0                            LAT/LON1/LON2/DLON/H
  243  245  248  248  250  252  254  253  247  239  226  214  204  197  192  190
  191  195  202  211  220  227  231  231  229  224  219  213  207  200  193  185
  178  173  170  167  165  162  159  156  154  154  155  156  154  151  146  142
  138  134  130  125  120  116  115  118  126  136  147  158  168  178  188  197
  204  210  215  216  218  219  226  234  243                                   
    37.5-180.0 180.0   5.0 450.0                            LAT/LON1/LON2/DLON/H
  251  252  255  254  257  259  262  262  259  252  240  228  217  208  202  199
  199  203  211  221  231  240  245  246  243  237  230  222  214  206  198  192
  187  183  182  181  180  177  174  170  167  166  165  164  161  157  152  148
  144  140  135  129  123  118  116  120  128  139  152  164  175  186  196  205
  211  217  222  223  225  227  234  242  251                                   
    35.0-180.0 180.0   5.0 450.0                            LAT/LON1/LON2/DLON/H
  259  261  264  262  264  265  269  270  269  264  254  242  230  220  213  208
  208  212  221  232  244  254  261  262  260  254  245  236  226  217  209  203
  200  198  198  198  197  194  190  185  182  179  176  172  168  162  157  152
  148  144  138  131  123  118  116  120  128  140  153  167  179  191  201  210
  215  221  226  227  229  233  241  249  259                                   
    32.5-180.0 180.0   5.0 450.0                            LAT/LON1/LON2/DLON/H
  271  274  277  273  276  275  278  279  280  276  267  256  244  233  225  219
  219  223  232  244  257  269  277  280  278  273  263  252  241  232  224  219
  217  216  216  216  213  209  204  200  195  191  186  181  174  167  160  154
  149  144  138  130  122  116  114  118  126  138  152  166  180  192  202  211
  216  222  226  228  232  236  247  256  271                                   
    30.0-180.0 180.0   5.0 450.0                            LAT/LON1/LON2/DLON/H
  285  289  294  290  292  291  292  293  294  291  283  273  261  249  239  233
  231  235  244  256  270  283  292  297  297  292  282  271  259  250  242  238
  236  235  233  230  226  220  214  209  205  200  194  187  178  169  160  154
  148  141  134  127  119  114  111  114  121  131  145  160  174  188  199  208
  214  220  225  228  233  239  252  261  285                                   
    27.5-180.0 180.0   5.0 450.0                            LAT/LON1/LON2/DLON/H
  301  307  314  311  313  312  313  313  314  311  304  294  282  270  258  251
  247  250  257  269  283  296  307  314  315  310  301  289  278  268  261  256
  253  250  245  238  230  222  216  212  208  204  197  188  178  167  157  149
  142  135  128  121  115  110  108  108  113  121  133  148  163  178  192  203
  209  217  223  227  234  242  257  266  301                                   
    25.0-180.0 180.0   5.0 450.0                            LAT/LON1/LON2/DLON/H
  316  325  333  333  338  338  339  338  339  337  331  321  309  296  284  274
  268  268  273  283  296  310  322  329  331  326  317  305  294  284  276  270
  264  256  247  236  224  215  209  205  203  199  193  183  172  159  149  140
  133  126  120  114  109  106  103  102  103  109  118  132  148  165  181  194
  203  213  221  227  235  245  262  272  316                                   
    22.5-180.0 180.0   5.0 450.0                            LAT/LON1/LON2/DLON/H
  328  338  349  353  361  364  366  366  368  366  361  353  342  329  315  303
  295  292  294  301  312  325  337  345  346  341  330  317  305  294  284  275
  265  253  239  224  209  199  193  191  190  188  182  172  160  148  136  127
  120  115  110  106  104  101   98   95   94   95  102  114  131  149  169  185
  198  211  221  228  238  249  268  278  328                                   
    20.0-180.0 180.0   5.0 450.0                            LAT/LON1/LON2/DLON/H
  334  347  359  366  378  385  390  392  395  396  393  387  377  365  351  338
  328  321  319  323  332  344  355  361  361  353  340  324  309  296  284  271
  257  240  222  204  189  178  173  172  172  171  166  157  145  133  122  113
  107  103  100   98   98   97   94   89   85   83   87   98  114  135  157  177
  193  210  222  231  243  254  273  284  334                                   
    17.5-180.0 180.0   5.0 450.0                            LAT/LON1/LON2/DLON/H
  336  349  362  371  386  397  406  410  416  420  421  418  411  401  389  376
  364  355  349  350  356  365  374  379  375  362  345  325  307  291  275  259
  241  222  202  183  168  159  155  154  155  154  149  141  130  119  108  100
   95   92   91   92   93   93   91   85   78   75   76   85  102  123  147  171
  191  211  226  236  248  261  279  291  336                                   
    15.0-180.0 180.0   5.0 450.0                            LAT/LON1/LON2/DLON/H
  333  347  360  369  386  398  411  418  428  435  439  440  438  432  423  412
  401  390  382  379  382  388  394  394  386  368  345  321  299  279  260  241
  222  202  183  166  153  145  142  142  142  141  136  129  119  108   98   91
   86   85   85   87   89   90   88   82   75   70   70   78   94  116  142  168
  191  213  231  242  255  268  286  299  333                                   
    12.5-180.0 180.0   5.0 450.0                            LAT/LON1/LON2/DLON/H
  330  344  355  362  379  392  406  415  427  437  446  451  453  452  448  441
  433  422  413  408  407  410  412  407  393  370  341  313  287  264  243  223
  204  186  169  155  146  141  139  138  137  135  130  123  114  103   94   87
   82   81   82   84   87   89   87   81   74   69   69   76   91  112  139  167
  192  217  236  249  262  277  295  308  330                                   
    10.0-180.0 180.0   5.0 450.0                            LAT/LON1/LON2/DLON/H
  330  343  352  355  370  381  396  405  418  430  441  450  456  460  461  460
  455  447  439  432  428  427  424  414  395  367  334  302  274  249  228  208
  191  175  163  154  148  146  145  144  141  137  132  125  116  105   96   88
   83   81   81   83   85   87   85   81   75   71   71   78   92  113  139  167
  193  220  241  255  269  286  306  318  330                                   
     7.5-180.0 180.0   5.0 450.0                            LAT/LON1/LON2/DLON/H
  336  349  355  354  366  374  387  394  406  417  428  439  449  456  462  465
  465  461  454  447  441  436  428  415  392  360  325  290  261  237  216  198
