data/edconvlstm_nd/pred2180.15i
     1.0            IONOSPHERE MAPS     GNSS                IONEX VERSION / TYPE
pyspatialgeodesy        IME             05-JAN-18 20:20     PGM / RUN BY / DATE 
Map Name                                                    COMMENT             
Predicted global ionosphere maps (GIM).                     DESCRIPTION         
  2015     8     6     0     0     0                        EPOCH OF FIRST MAP  
  2015     8     7     0     0     0                        EPOCH OF LAST MAP   
  7200                                                      INTERVAL            
    13                                                      # OF MAPS IN FILE   
  NONE                                                      MAPPING FUNCTION    
10.0                                                        ELEVATION CUTOFF    
One-way carrier phase leveled to code                       OBSERVABLES USED    
  6371.0                                                    BASE RADIUS         
 2                                                          MAP DIMENSION       
   450.0 450.0   0.0                                        HGT1 / HGT2 / DHGT  
    87.5 -87.5  -2.5                                        LAT1 / LAT2 / DLAT  
  -180.0 180.0   5.0                                        LON1 / LON2 / DLON  
    -1                                                      EXPONENT            
                                                            END OF HEADER       
[from data line 429]
     2                                                      START OF TEC MAP    
  2015     8     6     2     0     0                        EPOCH OF CURRENT MAP
    87.5-180.0 180.0   5.0 450.0                            LAT/LON1/LON2/DLON/H
  146  150  154  155  154  151  148  147  147  147  147  147  146  146  145  144
  143  142  141  139  138  136  134  133  131  129  127  126  124  123  122  121
  121  120  120  120  120  121  121  122  123  124  124  125  126  127  128  129
  130  131  132  132  133  134  135  135  136  136  137  138  138  139  139  140
  142  144  143  142  145  145  145  141  146                                   
    85.0-180.0 180.0   5.0 450.0                            LAT/LON1/LON2/DLON/H
  156  162  151  158  162  159  158  157  157  156  156  155  154  154  153  151
  150  149  147  145  143  140  138  135  133  130  128  126  124  122  121  120
  119  119  119  120  120  121  122  123  125  126  127  129  130  131  133  134
  135  136  137  139  140  141  142  143  144  145  146  146  147  148  148  150
  152  154  152  155  150  150  149  145  156                                   
    82.5-180.0 180.0   5.0 450.0                            LAT/LON1/LON2/DLON/H
  164  163  169  167  167  166  165  165  165  164  163  162  161  160  159  157
  156  154  151  149  146  142  139  135  132  128  125  121  119  116  115  114
  113  113  113  114  116  117  119  120  122  124  126  128  130  132  133  135
  137  138  140  141  143  144  146  147  149  150  151  153  154  155  156  158
  159  160  158  158  162  151  151  146  164                                   
    80.0-180.0 180.0   5.0 450.0                            LAT/LON1/LON2/DLON/H
  170  172  167  169  170  170  172  172  172  171  169  169  167  166  164  163
  161  159  156  153  150  146  141  137  132  127  122  117  114  111  109  107
  107  107  108  110  112  114  116  119  122  124  127  129  131  134  136  138
  139  141  143  145  146  148  150  151  153  155  156  158  159  160  161  163
  164  163  161  162  170  162  166  156  170                                   
    77.5-180.0 180.0   5.0 450.0                            LAT/LON1/LON2/DLON/H
  172  174  171  175  171  173  177  177  177  175  173  172  171  170  168  167
  165  163  161  158  155  151  146  140  134  128  122  117  112  109  106  105
  105  105  107  109  112  115  118  121  124  128  131  133  136  139  141  143
  145  147  148  150  152  153  155  157  158  160  161  163  164  165  166  168
  168  169  164  165  171  166  167  164  172                                   
    75.0-180.0 180.0   5.0 450.0                            LAT/LON1/LON2/DLON/H
  169  171  170  176  172  174  176  176  176  174  172  170  168  166  165  164
  163  162  160  158  155  151  146  139  133  126  119  113  108  104  101  100
  100  101  103  106  109  112  115  119  122  126  129  132  135  138  141  143
  145  146  148  150  151  153  154  156  158  159  161  162  164  164  165  167
  166  166  163  158  162  161  162  164  169                                   
    72.5-180.0 180.0   5.0 450.0                            LAT/LON1/LON2/DLON/H
  159  168  170  175  173  175  177  177  177  174  170  168  165  163  161  160
  159  159  158  157  155  151  146  140  133  126  118  112  107  103  101  100
  101  102  104  107  110  113  116  119  123  126  130  134  137  141  144  146
  148  149  151  152  154  155  157  159  161  163  164  166  167  168  168  169
  168  168  165  161  160  156  157  161  159                                   
    70.0-180.0 180.0   5.0 450.0                            LAT/LON1/LON2/DLON/H
  158  163  167  173  172  173  174  174  174  170  166  162  159  155  153  152
  151  151  151  151  149  146  142  136  129  121  114  108  103  100   99   99
   99  101  103  105  107  109  111  114  117  121  125  129  134  138  141  144
  146  147  149  150  151  153  155  158  160  163  165  167  168  168  169  170
  168  167  164  160  159  155  157  160  158                                   
    67.5-180.0 180.0   5.0 450.0                            LAT/LON1/LON2/DLON/H
  156  161  164  171  169  169  171  170  169  164  160  155  151  147  144  142
  141  141  141  141  140  137  133  127  121  114  108  102   98   96   95   95
   96   97   98   99   99  100  101  103  106  110  115  120  125  130  134  137
  139  141  142  144  145  148  151  154  158  161  163  165  167  167  167  168
  167  165  163  158  157  153  154  158  156                                   
    65.0-180.0 180.0   5.0 450.0                            LAT/LON1/LON2/DLON/H
  157  160  163  169  167  166  167  166  165  160  155  151  145  141  137  134
  133  132  132  131  130  128  124  119  113  108  102   98   95   94   93   94
   94   94   94   93   92   91   91   92   95   99  105  111  117  123  127  131
  133  135  136  138  140  144  148  153  157  161  164  167  168  168  169  169
  168  166  163  159  158  154  156  160  157                                   
    62.5-180.0 180.0   5.0 450.0                            LAT/LON1/LON2/DLON/H
  161  163  165  170  167  165  164  163  162  158  153  149  143  138  134  130
  128  126  125  124  122  119  116  112  107  103  100   97   95   94   94   94
   94   93   91   88   85   83   82   83   86   91   97  104  111  118  123  126
  128  130  132  134  137  142  148  154  159  164  168  170  172  172  172  172
  171  169  167  163  162  158  160  163  161                                   
    60.0-180.0 180.0   5.0 450.0                            LAT/LON1/LON2/DLON/H
  167  167  169  171  167  163  162  161  160  155  151  148  143  138  134  130
  126  123  121  118  115  112  109  106  103  101   99   98   97   97   97   96
   94   92   88   83   79   76   75   76   79   85   92  100  108  114  119  123
  125  127  129  132  136  142  150  157  164  169  173  176  177  177  176  177
  175  174  172  168  167  164  166  168  167                                   
    57.5-180.0 180.0   5.0 450.0                            LAT/LON1/LON2/DLON/H
  176  175  175  176  170  164  162  159  158  154  150  148  144  140  136  131
  127  123  119  115  111  107  104  103  102  101  102  102  102  102  101   99
   95   91   86   81   76   73   72   73   78   84   92  100  108  114  119  122
  124  126  128  132  138  145  154  163  171  177  181  183  183  182  182  182
  180  179  178  175  175  171  173  176  176                                   
    55.0-180.0 180.0   5.0 450.0                            LAT/LON1/LON2/DLON/H
  185  184  183  182  174  167  163  160  158  153  150  148  145  142  138  134
  130  125  120  115  110  106  104  103  104  106  107  109  109  108  106  102
   97   92   86   80   75   72   72   75   80   87   94  102  110  116  121  124
  126  128  131  135  142  150  160  170  178  184  188  189  189  188  187  186
  185  184  184  182  183  180  182  184  185                                   
    52.5-180.0 180.0   5.0 450.0                            LAT/LON1/LON2/DLON/H
  194  194  191  189  181  173  168  163  160  155  151  149  146  143  140  137
  133  129  124  118  113  109  107  107  110  113  116  118  118  116  111  106
  100   93   87   81   77   76   76   80   86   92  100  107  113  119  123  127
  130  132  135  140  147  156  167  177  185  191  194  195  194  192  191  191
  189  189  189  188  190  188  190  192  194                                   
    50.0-180.0 180.0   5.0 450.0                            LAT/LON1/LON2/DLON/H
  202  203  200  198  189  181  176  170  165  159  154  150  148  145  143  141
  138  134  130  124  119  115  113  115  118  123  127  128  127  123  117  110
  103   96   90   85   82   81   83   87   93   99  106  112  117  122  127  131
  135  138  142  147  154  163  173  183  191  196  198  199  198  196  195  195
  194  195  195  195  198  197  199  200  202                                   
    47.5-180.0 180.0   5.0 450.0                            LAT/LON1/LON2/DLON/H
  209  211  209  207  199  191  186  179  173  165  159  154  150  148  146  145
  143  141  137  132  127  123  122  124  128  133  137  137  135  129  121  114
  106  100   95   91   89   88   91   95  101  106  111  116  121  126  131  136
  141  145  149  155  162  170  180  188  195  199  201  201  201  200  199  200
  200  201  203  203  206  206  208  210  209                                   
    45.0-180.0 180.0   5.0 450.0                            LAT/LON1/LON2/DLON/H
  215  218  217  216  210  203  198  191  184  175  166  160  155  152  151  150
  150  149  146  142  137  133  132  133  137  142  144  144  139  132  124  117
  111  106  101   98   96   96   99  103  108  113  116  120  123  129  135  141
  148  153  158  163  169  177  185  192  198  202  204  204  204  205  205  207
  208  210  213  214  217  216  218  220  215                                   
    42.5-180.0 180.0   5.0 450.0                            LAT/LON1/LON2/DLON/H
  223  227  226  226  221  216  211  204  196  186  176  169  163  159  157  157
  157  157  155  151  146  142  141  142  145  148  149  147  142  134  126  120
  115  112  109  107  105  104  106  110  114  118  121  123  127  132  139  147
  154  161  166  171  177  184  191  197  202  205  207  209  211  212  215  218
  220  223  226  228  230  229  232  233  223                                   
    40.0-180.0 180.0   5.0 450.0                            LAT/LON1/LON2/DLON/H
  235  238  238  238  235  229  224  217  209  198  188  179  173  169  167  166
  166  165  163  159  154  150  147  148  150  152  151  148  142  134  128  123
  121  120  118  116  113  112  113  116  120  124  126  128  130  135  143  152
  160  168  174  179  185  191  197  203  208  212  215  217  221  224  229  233
  236  240  244  246  248  247  249  250  235                                   
    37.5-180.0 180.0   5.0 450.0                            LAT/LON1/LON2/DLON/H
  253  255  255  254  251  245  239  231  223  211  200  192  185  181  179  177
  176  173  170  165  160  155  152  152  153  154  152  148  141  134  129  127
  127  127  127  125  122  120  120  122  126  130  132  133  135  140  147  156
  165  173  180  186  192  199  206  212  218  222  226  231  236  241  247  253
  257  261  266  268  269  268  271  272  253                                   
    35.0-180.0 180.0   5.0 450.0                            LAT/LON1/LON2/DLON/H
  278  279  278  275  271  263  255  247  238  226  215  206  200  196  193  190
  186  181  176  170  164  159  156  156  156  156  154  149  142  136  132  131
  133  135  136  134  130  127  127  129  134  138  140  140  141  144  150  159
  168  176  183  191  199  207  215  223  229  235  241  248  255  262  269  276
  280  285  291  293  294  294  297  298  278                                   
    32.5-180.0 180.0   5.0 450.0                            LAT/LON1/LON2/DLON/H
  310  312  309  303  297  286  275  265  255  243  232  223  217  213  210  205
  198  190  181  173  167  162  160  160  161  161  158  152  145  140  136  136
  138  141  142  141  137  134  133  136  141  146  147  146  145  146  151  159
  167  176  185  194  204  215  225  234  242  250  258  266  276  285  293  300
  305  310  316  318  320  322  326  328  310                                   
    30.0-180.0 180.0   5.0 450.0                            LAT/LON1/LON2/DLON/H
  347  350  345  337  329  316  301  288  277  263  251  242  236  232  228  221
  211  199  187  176  170  166  165  167  168  168  165  159  151  145  141  141
  142  145  146  145  142  139  138  142  148  152  153  150  147  146  149  155
  163  173  184  195  208  221  233  244  254  263  272  283  295  306  315  322
  327  333  340  343  346  350  356  360  347                                   
    27.5-180.0 180.0   5.0 450.0                            LAT/LON1/LON2/DLON/H
  384  390  385  377  367  352  334  319  304  289  275  264  258  253  247  238
  224  208  193  181  174  171  173  176  179  178  175  168  160  152  147  144
  144  145  146  145  142  140  141  145  151  154  154  149  143  140  142  148
  157  168  181  196  212  227  241  253  263  273  284  296  309  321  332  339
  345  352  360  364  370  376  384  390  384                                   
    25.0-180.0 180.0   5.0 450.0                            LAT/LON1/LON2/DLON/H
  417  427  424  418  409  393  374  356  339  320  304  291  282  275  268  256
  238  218  200  186  179  179  182  187  190  190  186  178  168  159  151  145
  142  140  140  139  139  138  140  144  149  151  148  141  134  130  131  138
  148  162  178  196  214  231  246  259  269  280  291  304  318  332  343  351
  358  366  375  382  389  398  408  417  417                                   
    22.5-180.0 180.0   5.0 450.0                            LAT/LON1/LON2/DLON/H
  441  454  456  455  448  435  417  399  379  358  338  322  310  301  290  274
  254  230  209  194  187  187  192  198  202  201  195  185  174  162  152  142
  135  131  129  130  131  132  135  138  141  140  135  127  119  115  117  126
  139  155  175  196  216  234  249  262  273  283  295  309  324  338  350  359
  367  376  387  396  404  413  426  438  441                                   
    20.0-180.0 180.0   5.0 450.0                            LAT/LON1/LON2/DLON/H
  453  469  476  481  479  472  457  441  422  399  376  357  341  328  313  294
  270  244  221  204  196  197  202  207  210  208  200  188  175  161  148  136
  126  119  117  118  121  123  125  127  127  124  117  108  101   98  103  114
  130  150  172  195  216  235  250  263  274  286  298  313  329  343  356  366
  375  385  397  407  414  423  437  451  453                                   
    17.5-180.0 180.0   5.0 450.0                            LAT/LON1/LON2/DLON/H
  455  471  482  493  496  495  486  475  458  437  413  392  373  356  337  315
  287  259  234  216  206  205  208  212  213  208  197  184  170  156  142  128
  117  109  107  108  111  113  114  113  111  106   98   90   84   84   90  104
  123  145  170  194  215  233  248  262  274  287  302  317  334  350  363  375
  385  396  408  417  422  429  442  458  455                                   
    15.0-180.0 180.0   5.0 450.0                            LAT/LON1/LON2/DLON/H
  450  463  477  489  497  501  499  493  481  463  442  421  401  382  360  334
  304  274  247  227  215  211  211  212  209  201  188  174  160  147  134  121
  110  102   99  100  102  103  103  100   95   89   81   74   71   73   82   97
  118  142  167  191  212  230  246  260  275  290  306  323  341  358  374  387
  398  410  421  429  430  432  444  460  450                                   
    12.5-180.0 180.0   5.0 450.0                            LAT/LON1/LON2/DLON/H
  443  452  464  474  485  492  493  493  486  473  456  439  420  400  377  349
  319  288  259  237  221  213  209  206  199  188  174  159  147  137  127  117
  107  100   97   97   97   97   94   89   83   76   70   65   64   67   77   93
  114  139  164  188  208  226  243  259  276  293  312  331  350  369  386  401
  414  426  437  442  439  436  446  461  443                                   
    10.0-180.0 180.0   5.0 450.0                            LAT/LON1/LON2/DLON/H
  439  443  451  456  465  472  475  477  474  466  454  441  426  408  385  358
  328  297  267  242  224  211  202  194  184  171  157  144  135  128  122  116
  109  103   99   97   96   94   90   83   77   70   65   63   63   67   76   90
  111  135  160  183  203  222  240  259  278  298  319  340  361  381  400  416
  430  443  453  456  450  443  450  463  439                                   
     7.5-180.0 180.0   5.0 450.0                            LAT/LON1/LON2/DLON/H
  442  440  442  440  447  451  452  454  452  447  439  431  419  403  382  357
  328  298  269  242  221  204  192  180  167  154  141  131  125  122  120  117
