data/edconvlstm_nd/pred2100.15i
     1.0            IONOSPHERE MAPS     GNSS                IONEX VERSION / TYPE
pyspatialgeodesy        IME             05-JAN-18 20:20     PGM / RUN BY / DATE 
Map Name                                                    COMMENT             
Predicted global ionosphere maps (GIM).                     DESCRIPTION         
  2015     7    29     0     0     0                        EPOCH OF FIRST MAP  
  2015     7    30     0     0     0                        EPOCH OF LAST MAP   
  7200                                                      INTERVAL            
    13                                                      # OF MAPS IN FILE   
  NONE                                                      MAPPING FUNCTION    
10.0                                                        ELEVATION CUTOFF    
One-way carrier phase leveled to code                       OBSERVABLES USED    
  6371.0                                                    BASE RADIUS         
 2                                                          MAP DIMENSION       
   450.0 450.0   0.0                                        HGT1 / HGT2 / DHGT  
    87.5 -87.5  -2.5                                        LAT1 / LAT2 / DLAT  
  -180.0 180.0   5.0                                        LON1 / LON2 / DLON  
    -1                                                      EXPONENT            
                                                            END OF HEADER       
[from data line 2145]
     6                                                      START OF TEC MAP    
  2015     7    29    10     0     0                        EPOCH OF CURRENT MAP
    87.5-180.0 180.0   5.0 450.0                            LAT/LON1/LON2/DLON/H
  106  111  110  115  118  118  118  116  118  120  120  121  122  122  122  122
  122  122  122  122  122  121  121  121  121  120  120  120  119  119  119  119
  119  118  118  118  117  117  116  116  115  114  114  113  112  111  110  109
  108  107  106  105  104  103  102  101  101  100   99   99   98   98   98   98
   99  101  100   99  104  103  113  112  106                                   
    85.0-180.0 180.0   5.0 450.0                            LAT/LON1/LON2/DLON/H
  104  114  122  118  120  124  125  126  128  130  130  131  131  132  132  131
  131  131  130  130  130  129  129  128  128  128  128  128  128  128  128  128
  128  128  127  127  127  126  126  125  124  123  122  121  120  119  118  117
  115  114  113  112  110  109  108  107  106  105  104  103  103  103  102  103
  104  106  102  101  100  103  110  113  104                                   
    82.5-180.0 180.0   5.0 450.0                            LAT/LON1/LON2/DLON/H
  101  112  119  116  117  121  124  126  128  129  130  131  131  131  130  130
  129  128  127  126  126  125  124  124  124  124  124  124  125  126  126  127
  128  128  129  129  129  129  129  128  128  127  126  125  123  122  120  119
  117  116  114  113  111  110  108  107  105  104  102  101  100   99   98   98
   98   99   96   96   97  103  101   99  101                                   
    80.0-180.0 180.0   5.0 450.0                            LAT/LON1/LON2/DLON/H
  100  107  114  115  117  119  121  125  127  128  128  128  128  127  126  124
  123  121  120  119  117  116  116  115  115  115  116  117  118  119  121  123
  124  126  128  129  130  130  130  130  130  129  128  127  126  125  124  122
  121  119  118  116  115  113  111  109  107  105  103  101   99   98   96   96
   95   95   93   94   94  100  105  101  100                                   
    77.5-180.0 180.0   5.0 450.0                            LAT/LON1/LON2/DLON/H
  104  108  113  116  117  121  122  125  127  127  126  125  124  122  120  118
  116  114  113  111  110  108  108  107  107  108  109  110  112  115  118  121
  124  127  129  132  134  135  136  136  136  136  136  135  135  134  133  132
  131  130  129  128  127  125  123  121  119  116  114  111  108  106  103  101
  100   98   95   96   97   98  102  103  104                                   
    75.0-180.0 180.0   5.0 450.0                            LAT/LON1/LON2/DLON/H
   99  106  106  111  113  118  118  120  121  121  119  118  115  113  111  108
  106  104  102  100   99   98   97   96   97   98   99  101  104  107  111  115
  120  124  128  131  134  137  138  139  140  140  141  141  140  140  140  140
  139  139  138  137  136  135  133  131  129  127  124  122  119  116  113  110
  107  105  101   97   98  100  104  100   99                                   
    72.5-180.0 180.0   5.0 450.0                            LAT/LON1/LON2/DLON/H
   98  104  103  107  109  113  114  115  115  114  111  110  107  105  102  100
   98   96   94   93   92   91   91   91   91   92   94   96   99  103  108  113
  118  124  129  133  137  140  143  144  146  147  147  148  149  149  149  149
  148  148  147  147  146  144  143  142  140  138  136  134  132  129  126  123
  120  116  112  107  105  106  107  105   98                                   
    70.0-180.0 180.0   5.0 450.0                            LAT/LON1/LON2/DLON/H
  101  102  101  102  102  104  104  104  104  103  100   99   96   94   92   90
   88   87   86   85   84   84   84   85   86   87   89   91   95   99  104  109
  115  121  127  133  137  141  144  146  148  150  151  152  153  154  154  153
  152  151  150  149  147  146  145  144  143  142  141  140  139  137  135  134
  131  126  122  117  113  112  114  112  101                                   
    67.5-180.0 180.0   5.0 450.0                            LAT/LON1/LON2/DLON/H
  101  101   98   98   96   96   96   95   95   94   91   91   89   87   86   84
   83   82   82   81   81   82   82   83   85   87   89   91   94   98  103  108
  114  120  127  132  137  141  145  147  150  152  155  156  157  158  157  156
  154  152  150  147  145  143  142  141  141  141  141  142  143  143  143  142
  141  137  132  126  121  119  118  115  101                                   
    65.0-180.0 180.0   5.0 450.0                            LAT/LON1/LON2/DLON/H
  104  102   97   95   90   89   87   87   86   86   84   84   83   82   81   81
   80   80   79   79   80   81   82   84   86   89   92   95   98  101  106  111
  117  123  129  135  140  144  148  151  154  158  161  163  164  164  163  160
  157  153  149  145  142  140  138  137  137  139  140  143  145  148  149  150
  150  148  144  138  133  130  127  124  104                                   
    62.5-180.0 180.0   5.0 450.0                            LAT/LON1/LON2/DLON/H
  108  104   97   93   86   83   81   79   79   78   77   78   77   77   77   77
   77   77   76   76   77   79   81   84   88   92   96   99  102  106  110  115
  120  126  132  138  143  147  151  155  159  163  166  169  171  170  168  164
  159  153  148  143  139  136  134  133  133  135  138  142  146  149  153  156
  157  156  154  149  143  139  136  131  108                                   
    60.0-180.0 180.0   5.0 450.0                            LAT/LON1/LON2/DLON/H
  113  107   98   92   83   79   75   73   71   71   70   70   70   71   71   72
   72   71   71   71   72   74   77   82   88   93   98  103  107  110  114  118
  123  129  135  140  145  150  154  158  163  168  172  175  177  176  173  168
  162  155  149  143  139  135  133  131  132  134  137  141  146  150  154  158
  161  162  160  157  151  148  143  138  113                                   
    57.5-180.0 180.0   5.0 450.0                            LAT/LON1/LON2/DLON/H
  120  112  102   95   84   78   72   69   67   65   63   63   63   64   65   65
   65   65   65   65   66   68   73   79   87   94  101  106  111  115  119  123
  128  134  140  146  151  156  160  165  170  175  180  184  185  184  181  175
  168  161  155  149  144  141  138  137  137  138  141  145  150  154  158  163
  166  167  167  164  159  156  151  145  120                                   
    55.0-180.0 180.0   5.0 450.0                            LAT/LON1/LON2/DLON/H
  127  119  108  100   88   80   73   68   64   60   57   56   55   56   56   57
   58   58   58   58   59   62   68   76   84   93  102  109  114  118  123  127
  133  139  146  152  158  164  169  173  178  184  189  193  194  193  190  184
  177  170  164  159  155  151  149  147  146  147  150  153  156  160  163  168
  171  173  173  170  166  163  158  150  127                                   
    52.5-180.0 180.0   5.0 450.0                            LAT/LON1/LON2/DLON/H
  134  126  116  107   95   86   77   70   64   59   53   51   49   48   49   50
   51   52   52   53   55   58   65   73   83   93  102  110  116  121  126  131
  137  145  153  161  168  174  179  184  189  194  199  203  204  203  200  195
  188  183  177  173  169  165  162  160  159  160  161  163  166  168  170  174
  177  178  179  176  172  169  163  155  134                                   
    50.0-180.0 180.0   5.0 450.0                            LAT/LON1/LON2/DLON/H
  140  132  124  116  105   94   85   76   68   60   53   48   44   43   43   45
   47   49   50   51   53   58   65   74   85   95  104  112  118  124  129  135
  143  151  161  170  179  187  193  198  202  206  210  214  215  214  211  207
  202  196  192  187  183  179  176  174  172  172  173  174  175  177  178  181
  184  185  184  181  177  173  166  158  140                                   
    47.5-180.0 180.0   5.0 450.0                            LAT/LON1/LON2/DLON/H
  144  138  130  124  114  104   94   85   76   66   57   50   44   41   41   43
   46   49   51   54   57   62   69   79   89   99  108  115  121  127  133  140
  149  159  170  182  192  201  208  213  217  220  223  225  226  226  223  220
  215  211  206  200  195  190  186  184  182  182  182  183  183  184  185  188
  190  191  190  186  180  174  167  159  144                                   
    45.0-180.0 180.0   5.0 450.0                            LAT/LON1/LON2/DLON/H
  145  140  134  129  121  112  104   95   86   76   65   56   49   45   44   46
   50   54   57   60   64   70   78   87   97  106  114  120  126  132  139  147
  156  168  181  194  206  217  225  230  233  235  237  238  238  238  237  234
  230  225  219  212  205  198  193  190  189  188  189  189  189  190  191  194
  196  197  194  189  181  174  166  158  145                                   
    42.5-180.0 180.0   5.0 450.0                            LAT/LON1/LON2/DLON/H
  143  139  134  131  125  118  111  105   97   88   78   68   59   53   52   54
   58   62   65   69   73   79   88   97  107  115  122  127  133  139  146  155
  165  178  192  206  220  232  241  246  249  251  251  252  252  252  251  249
  245  240  232  223  213  205  199  195  193  193  193  193  193  194  196  199
  201  202  198  190  179  170  162  154  143                                   
    40.0-180.0 180.0   5.0 450.0                            LAT/LON1/LON2/DLON/H
  139  135  131  128  124  119  116  112  108  101   92   82   73   66   64   65
   68   72   75   78   83   89   98  108  117  125  131  136  141  148  155  165
  176  188  203  218  233  246  256  262  265  266  266  266  266  267  267  266
  262  256  247  236  224  214  207  202  200  199  199  198  198  198  201  204
  207  206  201  190  177  165  157  149  139                                   
    37.5-180.0 180.0   5.0 450.0                            LAT/LON1/LON2/DLON/H
  134  130  126  123  119  117  116  116  115  112  106   98   89   81   78   78
   80   82   84   86   90   97  106  116  125  133  139  145  151  158  166  175
  186  199  213  228  243  257  268  275  280  281  282  282  282  283  285  284
  281  275  265  253  241  230  223  217  214  212  210  208  207  206  208  212
  213  211  203  191  174  160  152  144  134                                   
    35.0-180.0 180.0   5.0 450.0                            LAT/LON1/LON2/DLON/H
  130  125  120  116  113  111  113  115  118  119  116  111  103   96   91   90
   90   91   91   92   95  102  111  121  131  139  146  153  159  167  176  186
  196  208  221  236  251  265  277  286  292  295  297  298  299  302  304  305
  304  298  290  279  267  257  250  244  239  235  230  226  222  221  221  223
  222  218  208  192  174  157  148  141  130                                   
    32.5-180.0 180.0   5.0 450.0                            LAT/LON1/LON2/DLON/H
  130  122  116  110  106  105  108  112  117  121  122  119  114  107  102  100
   99   97   96   96   98  104  114  124  134  143  151  159  167  175  185  194
  205  216  228  242  256  271  284  294  302  308  311  314  317  321  325  327
  328  325  319  312  303  296  289  283  276  268  260  253  246  242  239  238
  235  227  214  196  176  157  148  141  130                                   
    30.0-180.0 180.0   5.0 450.0                            LAT/LON1/LON2/DLON/H
  134  124  117  108  103  101  103  107  114  119  123  123  119  114  109  106
  104  101   98   97   99  106  115  125  136  145  154  163  171  181  191  201
  211  221  233  246  260  274  288  301  311  319  325  329  334  340  345  350
  353  354  353  350  346  342  337  330  321  310  298  287  277  270  263  258
  250  240  223  203  182  162  153  145  134                                   
    27.5-180.0 180.0   5.0 450.0                            LAT/LON1/LON2/DLON/H
  142  131  122  111  104  100  102  104  110  115  120  121  119  116  112  109
  106  103  100   99  101  107  116  126  136  145  155  164  173  183  193  204
  214  224  235  248  261  276  291  305  318  329  337  344  350  357  364  371
  377  382  386  389  391  390  387  380  368  354  339  324  312  301  291  281
  268  254  235  213  192  171  162  154  142                                   
    25.0-180.0 180.0   5.0 450.0                            LAT/LON1/LON2/DLON/H
  154  142  133  119  110  104  104  104  108  111  115  117  117  114  112  109
  107  104  101  101  104  110  119  127  136  145  154  163  173  183  193  204
  214  225  236  248  262  278  294  310  324  337  348  356  365  373  381  390
  398  407  415  423  430  433  431  423  409  392  374  359  345  331  318  303
  287  269  248  225  204  184  173  166  154                                   
    22.5-180.0 180.0   5.0 450.0                            LAT/LON1/LON2/DLON/H
  167  155  147  133  121  113  111  108  108  109  111  113  113  112  110  108
  106  104  103  104  108  114  122  129  137  144  152  161  170  181  191  202
  213  224  236  249  264  280  297  314  331  345  357  368  377  386  395  405
  415  426  437  449  458  463  461  451  436  417  400  384  370  356  341  323
  303  283  260  237  216  196  185  179  167                                   
    20.0-180.0 180.0   5.0 450.0                            LAT/LON1/LON2/DLON/H
  178  168  161  147  135  126  121  115  112  110  110  110  110  110  109  107
  106  105  105  107  112  118  125  131  137  143  150  158  167  177  188  199
  211  223  236  250  266  283  301  320  337  353  366  378  387  397  406  416
  426  438  450  463  472  476  473  462  446  428  412  398  386  373  357  338
  316  294  271  248  228  208  196  191  178                                   
    17.5-180.0 180.0   5.0 450.0                            LAT/LON1/LON2/DLON/H
  186  178  173  160  148  138  133  125  119  114  112  111  111  110  109  107
  106  106  106  109  115  121  127  132  137  142  148  155  164  175  186  198
  210  223  237  252  269  287  306  326  344  360  374  386  396  405  414  423
  433  443  455  465  473  474  469  457  441  425  412  402  393  381  366  346
  323  301  278  256  236  215  204  199  186                                   
    15.0-180.0 180.0   5.0 450.0                            LAT/LON1/LON2/DLON/H
  189  183  179  169  158  149  143  134  127  121  117  115  114  112  111  109
  107  107  108  110  115  121  127  131  135  139  146  153  163  174  186  199
  212  225  239  255  273  291  311  331  350  366  380  392  402  411  419  427
  435  444  453  460  464  463  455  443  428  415  405  398  391  382  367  347
  325  303  282  261  241  219  208  202  189                                   
    12.5-180.0 180.0   5.0 450.0                            LAT/LON1/LON2/DLON/H
  190  183  181  172  162  154  149  142  135  128  123  120  119  117  114  111
  109  108  108  109  113  118  123  127  131  137  144  152  163  175  188  202
  215  229  243  258  275  294  313  333  352  369  383  395  405  414  422  429
  435  442  448  452  452  448  439  427  414  403  395  391  386  377  362  343
  322  302  282  262  242  219  207  201  190                                   
    10.0-180.0 180.0   5.0 450.0                            LAT/LON1/LON2/DLON/H
  189  181  179  170  163  155  152  146  140  133  129  126  123  121  117  114
  110  108  107  107  109  112  116  120  126  133  142  152  164  177  192  207
  221  234  247  261  276  293  312  331  350  367  381  393  403  412  420  427
  433  439  443  445  442  436  426  415  404  395  389  385  379  369  354  335
  315  296  278  259  240  216  205  198  189                                   
     7.5-180.0 180.0   5.0 450.0                            LAT/LON1/LON2/DLON/H
  187  179  176  167  160  153  151  146  142  136  132  129  126  123  119  115
  111  108  106  104  103  104  107  112  120  129  140  152  165  180  197  213
