data/edconvlstm_nd/pred3260.15i
     1.0            IONOSPHERE MAPS     GNSS                IONEX VERSION / TYPE
pyspatialgeodesy        IME             05-JAN-18 20:20     PGM / RUN BY / DATE 
Map Name                                                    COMMENT             
Predicted global ionosphere maps (GIM).                     DESCRIPTION         
  2015    11    22     0     0     0                        EPOCH OF FIRST MAP  
  2015    11    23     0     0     0                        EPOCH OF LAST MAP   
  7200                                                      INTERVAL            
    13                                                      # OF MAPS IN FILE   
  NONE                                                      MAPPING FUNCTION    
10.0                                                        ELEVATION CUTOFF    
One-way carrier phase leveled to code                       OBSERVABLES USED    
  6371.0                                                    BASE RADIUS         
 2                                                          MAP DIMENSION       
   450.0 450.0   0.0                                        HGT1 / HGT2 / DHGT  
    87.5 -87.5  -2.5                                        LAT1 / LAT2 / DLAT  
  -180.0 180.0   5.0                                        LON1 / LON2 / DLON  
    -1                                                      EXPONENT            
                                                            END OF HEADER       
[from data line 3003]
     8                                                      START OF TEC MAP    
  2015    11    22    14     0     0                        EPOCH OF CURRENT MAP
    87.5-180.0 180.0   5.0 450.0                            LAT/LON1/LON2/DLON/H
   58   72   75   77   79   77   77   71   71   72   71   70   69   69   68   67
   67   66   65   65   64   64   64   63   63   63   64   64   64   64   64   64
   64   64   63   63   63   62   62   61   61   61   61   61   61   61   62   63
   64   65   66   67   68   69   70   71   72   73   74   75   75   76   76   77
   78   78   75   71   74   74   88   88   58                                   
    85.0-180.0 180.0   5.0 450.0                            LAT/LON1/LON2/DLON/H
   67   82   97   79   79   81   79   78   77   78   75   75   73   72   71   70
   69   69   68   68   67   67   67   68   68   68   69   69   69   69   70   70
   69   69   69   68   68   67   66   66   65   65   64   64   64   65   65   66
   67   68   69   71   72   73   75   76   78   79   80   82   83   84   85   86
   87   87   82   77   79   82   91   87   67                                   
    82.5-180.0 180.0   5.0 450.0                            LAT/LON1/LON2/DLON/H
   64   78   87   74   74   76   75   74   73   72   70   69   67   66   64   62
   61   60   59   58   58   58   58   59   60   61   62   63   64   65   65   66
   66   66   66   65   64   63   62   60   59   57   56   55   55   55   55   56
   57   58   60   62   63   65   67   69   71   73   75   77   78   80   81   82
   84   84   80   76   79   88   87   83   64                                   
    80.0-180.0 180.0   5.0 450.0                            LAT/LON1/LON2/DLON/H
   57   66   78   67   67   65   65   65   65   64   62   61   59   56   54   52
   51   49   49   48   48   49   50   51   53   55   57   60   62   64   66   67
   68   68   68   67   65   63   61   58   56   53   51   49   47   47   47   47
   49   50   52   55   57   59   62   64   67   69   71   72   74   75   76   77
   79   79   78   75   74   81   81   82   57                                   
    77.5-180.0 180.0   5.0 450.0                            LAT/LON1/LON2/DLON/H
   61   64   65   56   56   56   56   56   57   56   54   53   52   50   47   45
   44   42   42   42   43   44   46   49   52   56   59   63   66   69   72   74
   75   76   75   74   72   69   65   61   56   52   47   44   41   40   39   40
   41   43   46   49   52   55   58   60   63   65   66   68   69   69   70   71
   71   71   70   67   66   66   69   70   61                                   
    75.0-180.0 180.0   5.0 450.0                            LAT/LON1/LON2/DLON/H
   43   49   49   45   46   47   47   47   48   49   48   48   47   45   44   42
   41   40   40   41   43   46   49   54   58   63   67   71   75   78   81   83
   85   86   85   84   82   79   74   69   63   57   51   46   43   40   39   39
   41   43   45   48   51   54   56   58   59   61   62   62   63   63   64   64
   64   64   63   59   60   57   59   52   43                                   
    72.5-180.0 180.0   5.0 450.0                            LAT/LON1/LON2/DLON/H
   39   44   42   40   40   42   43   43   44   45   45   46   46   45   44   43
   42   42   43   46   49   54   60   66   71   77   81   85   89   91   93   95
   96   97   97   96   94   91   86   80   73   65   58   51   46   43   41   41
   42   43   45   48   50   52   53   54   54   54   55   55   55   55   56   56
   56   56   57   53   53   52   52   51   39                                   
    70.0-180.0 180.0   5.0 450.0                            LAT/LON1/LON2/DLON/H
   33   38   38   37   37   38   38   40   43   45   46   47   48   48   47   47
   47   48   51   56   62   69   77   84   91   97  101  104  105  106  107  107
  108  108  108  108  107  104   99   93   85   77   69   61   55   50   48   47
   47   47   48   49   50   50   50   50   49   48   48   48   48   49   50   51
   52   53   54   51   52   50   53   51   33                                   
    67.5-180.0 180.0   5.0 450.0                            LAT/LON1/LON2/DLON/H
   31   36   36   37   37   37   39   41   43   45   46   49   50   50   51   51
   52   55   60   66   74   84   93  102  110  115  118  119  119  118  117  116
  115  115  115  115  115  113  109  103   95   87   78   69   62   57   54   52
   51   50   50   49   48   47   45   43   42   40   40   40   40   41   43   46
   48   49   51   48   48   48   48   46   31                                   
    65.0-180.0 180.0   5.0 450.0                            LAT/LON1/LON2/DLON/H
   29   34   34   37   36   37   39   41   43   45   47   50   51   52   53   54
   57   61   67   76   86   97  108  118  126  130  133  133  131  129  126  124
  122  121  121  121  121  120  117  112  104   96   86   77   69   63   59   55
   53   51   48   46   43   40   37   34   32   31   31   31   33   35   37   41
   44   47   49   48   49   48   48   47   29                                   
    62.5-180.0 180.0   5.0 450.0                            LAT/LON1/LON2/DLON/H
   28   32   33   37   37   38   39   41   42   45   46   49   50   52   53   55
   59   64   71   81   93  106  118  128  135  140  141  141  140  137  134  131
  129  127  127  126  126  125  122  117  110  101   92   82   73   66   60   56
   52   48   44   39   35   31   28   25   24   24   24   25   26   29   32   36
   40   43   46   45   46   44   43   43   28                                   
    60.0-180.0 180.0   5.0 450.0                            LAT/LON1/LON2/DLON/H
   27   31   31   36   37   37   38   39   40   42   43   45   47   49   51   53
   58   64   72   83   95  108  120  130  137  142  144  145  145  145  143  141
  138  135  133  132  131  129  126  121  114  105   95   84   75   66   59   53
   48   43   37   31   26   22   20   18   18   18   19   20   21   24   27   31
   35   38   41   41   42   39   38   38   27                                   
    57.5-180.0 180.0   5.0 450.0                            LAT/LON1/LON2/DLON/H
   27   30   31   37   38   38   38   39   39   40   41   43   44   46   49   52
   57   64   73   83   95  108  119  129  136  142  146  150  153  155  156  155
  153  149  146  142  140  137  134  129  122  112  102   91   80   70   62   55
   48   41   35   29   24   20   18   18   19   20   21   22   23   24   27   30
   33   36   39   39   40   36   34   35   27                                   
    55.0-180.0 180.0   5.0 450.0                            LAT/LON1/LON2/DLON/H
   30   32   33   39   41   41   40   40   40   40   40   41   43   45   48   52
   58   66   75   85   96  107  117  126  134  140  147  154  161  167  171  172
  170  165  160  155  150  147  143  138  131  122  111  100   88   77   68   59
   51   44   37   31   27   24   23   24   25   27   28   29   29   29   30   32
   34   36   40   39   40   36   33   34   30                                   
    52.5-180.0 180.0   5.0 450.0                            LAT/LON1/LON2/DLON/H
   36   37   39   44   46   46   45   43   42   42   41   42   43   46   50   56
   63   71   80   89   99  109  118  126  133  141  150  161  171  180  187  188
  186  180  173  167  162  157  154  149  143  135  125  113  101   89   78   68
   59   52   45   40   36   34   34   36   39   41   43   43   42   41   40   40
   41   42   45   44   45   41   38   38   36                                   
    50.0-180.0 180.0   5.0 450.0                            LAT/LON1/LON2/DLON/H
   45   47   48   53   54   55   52   50   48   47   45   45   47   50   55   62
   71   79   88   97  106  114  122  130  138  146  157  169  181  192  199  200
  197  191  184  177  171  167  164  161  156  149  141  130  118  105   93   82
   72   64   58   53   50   49   49   52   55   58   59   59   58   55   53   52
   51   52   55   54   55   52   49   47   45                                   
    47.5-180.0 180.0   5.0 450.0                            LAT/LON1/LON2/DLON/H
   58   60   61   65   64   65   62   59   57   55   53   53   54   57   64   72
   82   91  100  109  117  124  132  139  147  156  166  178  190  199  204  205
  201  195  188  183  179  176  174  171  168  163  157  147  136  123  109   97
   87   79   72   68   65   63   63   65   69   72   74   74   73   71   68   66
   64   65   67   67   68   67   65   61   58                                   
    45.0-180.0 180.0   5.0 450.0                            LAT/LON1/LON2/DLON/H
   70   74   74   77   76   76   72   69   67   66   64   63   63   67   74   84
   95  105  114  122  130  137  145  152  160  168  177  186  194  200  202  200
  196  192  188  186  185  184  183  181  179  176  170  162  151  138  124  111
  100   91   84   79   75   73   72   73   76   79   82   83   83   82   80   78
   76   76   78   79   82   83   83   77   70                                   
    42.5-180.0 180.0   5.0 450.0                            LAT/LON1/LON2/DLON/H
   80   85   85   88   85   85   81   79   77   77   75   74   74   78   86   96
  108  119  128  136  144  151  159  167  174  181  187  192  195  195  193  190
  188  187  189  191  194  194  193  191  188  185  180  173  163  150  136  122
  110  100   92   85   80   76   73   73   75   78   81   84   86   87   87   86
   85   86   87   89   93   96   97   91   80                                   
    40.0-180.0 180.0   5.0 450.0                            LAT/LON1/LON2/DLON/H
   84   90   89   93   90   90   86   85   85   86   85   85   85   89   97  108
  120  131  140  148  156  164  173  180  187  192  195  196  193  189  184  182
  183  189  198  206  211  212  209  203  198  193  188  181  171  158  143  129
  116  105   96   88   80   74   70   68   69   71   75   79   83   86   88   89
   89   90   91   93   98  102  103   98   84                                   
    37.5-180.0 180.0   5.0 450.0                            LAT/LON1/LON2/DLON/H
   82   88   87   92   90   89   87   88   90   92   92   93   95   99  108  119
  131  142  151  159  167  175  183  190  196  200  200  198  192  186  182  184
  193  207  223  236  243  241  233  222  212  203  195  187  177  164  150  136
  122  111  100   90   81   74   68   64   63   65   67   71   76   81   86   88
   89   89   90   91   95   99   99   97   82                                   
    35.0-180.0 180.0   5.0 450.0                            LAT/LON1/LON2/DLON/H
   76   80   79   85   84   84   84   87   90   94   97   99  102  108  118  129
  141  151  161  169  177  185  191  197  201  203  203  201  196  193  195  205
  224  247  271  287  292  285  269  250  232  218  207  197  187  174  161  147
  134  121  110  100   90   81   75   70   67   66   67   69   74   78   83   86
   87   86   86   85   87   89   89   88   76                                   
    32.5-180.0 180.0   5.0 450.0                            LAT/LON1/LON2/DLON/H
   69   71   70   76   76   76   78   82   88   93   98  103  108  116  127  139
  150  161  171  179  187  193  197  200  203  205  207  208  209  214  226  248
  278  311  339  356  357  342  316  288  262  241  226  215  204  192  180  167
  155  143  132  122  113  104   97   91   86   82   80   79   80   83   86   89
   88   85   83   80   80   78   78   78   69                                   
    30.0-180.0 180.0   5.0 450.0                            LAT/LON1/LON2/DLON/H
   65   65   63   68   69   69   71   76   82   89   96  103  112  122  135  148
  161  172  182  190  197  200  201  202  204  208  215  223  234  251  275  310
  351  392  424  438  431  406  371  333  300  274  256  243  232  222  211  200
  189  179  168  159  152  145  138  131  124  117  110  104  100   99  100  100
   96   91   87   81   78   73   73   71   65                                   
    27.5-180.0 180.0   5.0 450.0                            LAT/LON1/LON2/DLON/H
   66   65   61   64   64   64   66   70   77   83   91  101  113  127  142  157
  171  183  194  202  207  208  206  205  207  215  228  247  270  300  339  386
  438  485  516  524  508  473  428  383  345  317  297  283  273  264  256  247
  237  226  217  209  203  198  193  186  178  167  155  144  134  128  124  121
  115  107  101   91   85   77   76   70   66                                   
    25.0-180.0 180.0   5.0 450.0                            LAT/LON1/LON2/DLON/H
   73   71   65   67   66   64   65   67   72   78   86   97  112  129  146  164
  180  194  206  214  218  217  214  212  215  228  250  280  316  359  410  469
  528  576  603  602  574  530  480  432  393  365  346  333  324  318  311  302
  292  281  272  265  260  257  254  247  238  225  209  193  178  166  157  150
  141  132  123  110  102   91   88   77   73                                   
    22.5-180.0 180.0   5.0 450.0                            LAT/LON1/LON2/DLON/H
   87   83   75   74   72   69   69   68   71   75   82   94  110  129  149  170
  188  204  216  225  228  227  224  224  231  250  281  320  367  420  481  545
  605  649  666  654  618  569  518  474  439  414  398  388  382  376  370  361
  349  336  324  316  312  310  307  301  291  277  260  241  222  205  192  182
  171  161  149  136  126  113  107   92   87                                   
    20.0-180.0 180.0   5.0 450.0                            LAT/LON1/LON2/DLON/H
  104   99   88   84   81   77   75   72   73   75   80   92  108  129  151  174
  194  212  225  234  238  238  238  242  255  282  320  367  420  478  541  602
  655  687  692  671  632  585  541  504  477  459  448  442  437  433  426  415
  399  380  364  353  347  344  340  333  323  310  294  275  256  237  221  209
  197  188  175  163  151  137  129  112  104                                   
    17.5-180.0 180.0   5.0 450.0                            LAT/LON1/LON2/DLON/H
  120  116  101   95   90   84   82   78   76   77   82   92  109  130  154  178
  200  218  232  241  246  249  254  265  287  321  365  416  470  525  580  630
  668  686  681  656  619  581  548  523  506  497  491  488  485  481  471  456
  434  410  388  371  360  352  344  335  326  315  303  289  272  254  238  225
  214  207  193  184  171  158  149  131  120                                   
    15.0-180.0 180.0   5.0 450.0                            LAT/LON1/LON2/DLON/H
  132  128  111  104   97   89   87   82   81   81   86   96  113  134  159  184
  207  226  239  248  254  261  273  294  325  367  415  464  511  555  594  627
  648  653  642  619  591  566  546  534  529  527  526  526  523  516  503  482
  454  423  393  369  351  336  323  312  303  297  291  283  272  256  242  228
  218  212  201  194  182  171  161  144  132                                   
    12.5-180.0 180.0   5.0 450.0                            LAT/LON1/LON2/DLON/H
  136  134  117  109  102   92   91   86   84   86   92  103  120  143  168  194
  217  235  247  255  263  275  295  325  366  414  462  504  538  565  587  602
  608  604  592  576  561  550  544  545  548  552  554  553  549  539  522  496
  462  423  385  353  327  306  288  275  268  266  268  267  261  249  236  223
  212  206  196  191  181  171  163  147  136                                   
    10.0-180.0 180.0   5.0 450.0                            LAT/LON1/LON2/DLON/H
  131  132  117  110  103   93   92   88   88   92   99  113  131  155  181  207
  230  247  258  265  274  290  318  358  407  458  501  532  550  561  567  568
  565  558  549  542  539  542  549  558  567  574  576  574  567  553  532  501
  462  417  373  334  301  275  254  241  236  239  246  251  249  241  228  214
  201  194  185  180  171  163  155  141  131                                   
     7.5-180.0 180.0   5.0 450.0                            LAT/LON1/LON2/DLON/H
  123  124  111  107  101   92   92   89   91   97  108  124  145  170  197  224
  246  263  272  278  288  308  342  389  443  492  527  546  552  550  544  538
