data/edconvlstm_nd/pred3120.15i
     1.0            IONOSPHERE MAPS     GNSS                IONEX VERSION / TYPE
pyspatialgeodesy        IME             05-JAN-18 20:20     PGM / RUN BY / DATE 
Map Name                                                    COMMENT             
Predicted global ionosphere maps (GIM).                     DESCRIPTION         
  2015    11     8     0     0     0                        EPOCH OF FIRST MAP  
  2015    11     9     0     0     0                        EPOCH OF LAST MAP   
  7200                                                      INTERVAL            
    13                                                      # OF MAPS IN FILE   
  NONE                                                      MAPPING FUNCTION    
10.0                                                        ELEVATION CUTOFF    
One-way carrier phase leveled to code                       OBSERVABLES USED    
  6371.0                                                    BASE RADIUS         
 2                                                          MAP DIMENSION       
   450.0 450.0   0.0                                        HGT1 / HGT2 / DHGT  
    87.5 -87.5  -2.5                                        LAT1 / LAT2 / DLAT  
  -180.0 180.0   5.0                                        LON1 / LON2 / DLON  
    -1                                                      EXPONENT            
                                                            END OF HEADER       
[from data line 4719]
    12                                                      START OF TEC MAP    
  2015    11     8    22     0     0                        EPOCH OF CURRENT MAP
    87.5-180.0 180.0   5.0 450.0                            LAT/LON1/LON2/DLON/H
   75   67   55   57   61   56   54   49   49   50   49   49   49   49   49   49
   49   49   49   49   49   49   49   49   49   49   48   48   48   48   48   49
   49   49   49   50   50   51   52   52   53   53   54   54   55   55   55   56
   56   56   56   56   56   56   56   56   55   55   55   54   54   54   53   53
   53   52   49   46   53   53   75   88   75                                   
    85.0-180.0 180.0   5.0 450.0                            LAT/LON1/LON2/DLON/H
   76   70   73   56   56   58   55   56   55   56   54   54   54   54   53   53
   53   53   53   53   53   53   53   53   53   53   53   53   53   53   53   53
   54   54   54   55   56   56   57   58   58   59   60   60   60   61   61   61
   61   61   61   61   60   60   60   59   59   59   58   58   58   57   57   57
   57   56   52   49   55   59   65   61   76                                   
    82.5-180.0 180.0   5.0 450.0                            LAT/LON1/LON2/DLON/H
   52   57   58   50   53   54   54   52   52   52   51   51   51   51   51   51
   50   50   50   50   50   50   50   50   50   50   50   50   49   49   50   50
   50   51   51   52   53   53   54   55   56   57   57   58   59   59   59   60
   60   60   60   60   60   59   59   59   58   57   57   56   56   55   55   54
   54   52   49   49   57   69   65   66   52                                   
    80.0-180.0 180.0   5.0 450.0                            LAT/LON1/LON2/DLON/H
   37   47   54   46   48   45   48   48   48   48   48   48   47   47   46   46
   46   45   45   45   45   44   44   44   44   43   43   43   42   42   42   42
   43   44   45   46   47   48   49   50   52   53   54   54   55   56   56   57
   57   57   57   57   57   57   56   55   54   54   53   52   51   51   50   50
   50   50   48   49   50   58   53   64   37                                   
    77.5-180.0 180.0   5.0 450.0                            LAT/LON1/LON2/DLON/H
   50   54   58   51   55   53   56   55   54   53   52   52   52   51   50   49
   49   48   48   48   48   48   48   47   47   47   46   46   45   45   45   45
   45   46   46   47   48   49   50   51   51   52   52   53   54   54   55   56
   57   57   58   58   58   58   58   57   56   55   54   53   52   51   51   51
   51   51   53   55   57   60   59   76   50                                   
    75.0-180.0 180.0   5.0 450.0                            LAT/LON1/LON2/DLON/H
   51   57   59   54   58   58   60   60   61   61   60   60   59   57   56   54
   53   52   51   51   50   50   50   50   50   49   49   48   47   46   46   45
   45   45   46   46   47   48   49   49   49   49   50   50   50   50   51   52
   53   54   54   55   55   55   54   54   53   52   51   50   50   49   49   49
   50   53   55   56   57   59   57   64   51                                   
    72.5-180.0 180.0   5.0 450.0                            LAT/LON1/LON2/DLON/H
   64   68   70   70   68   69   72   71   70   70   69   68   66   64   61   59
   56   54   52   51   51   51   51   51   50   50   49   48   46   45   44   43
   43   43   43   43   44   44   44   44   43   43   42   41   41   42   42   43
   45   46   47   48   48   48   48   48   47   47   46   46   45   45   46   46
   47   50   53   54   57   62   65   75   64                                   
    70.0-180.0 180.0   5.0 450.0                            LAT/LON1/LON2/DLON/H
   71   76   79   77   76   78   80   81   83   84   84   83   81   77   73   69
   64   61   58   57   56   55   55   55   54   54   52   51   49   48   46   44
   43   43   42   42   42   42   42   41   40   39   37   36   36   36   36   37
   39   40   42   42   43   43   43   43   43   43   43   44   44   44   45   47
   48   52   56   60   64   71   79   87   71                                   
    67.5-180.0 180.0   5.0 450.0                            LAT/LON1/LON2/DLON/H
   83   88   90   90   88   90   93   95   96   97   97   96   93   89   83   77
   71   66   62   59   57   56   55   54   53   52   50   49   47   45   43   41
   39   38   37   37   37   36   36   35   34   32   31   29   29   29   30   31
   33   35   36   37   38   38   39   39   40   41   42   43   44   44   46   48
   50   54   58   62   67   78   85   94   83                                   
    65.0-180.0 180.0   5.0 450.0                            LAT/LON1/LON2/DLON/H
   87   95   96   96   94   96   99  102  106  109  110  110  108  103   96   89
   82   75   69   65   62   59   57   55   53   51   49   47   45   42   40   37
   35   33   32   31   30   30   29   29   28   26   24   23   23   23   23   25
   27   28   30   31   31   32   33   34   36   37   39   41   43   44   46   49
   51   57   63   69   76   90   99  108   87                                   
    62.5-180.0 180.0   5.0 450.0                            LAT/LON1/LON2/DLON/H
   96  104  103  103  101  103  105  109  113  117  119  120  118  114  107  100
   92   85   78   72   66   62   58   54   51   48   45   42   40   37   35   32
   30   28   26   24   24   24   24   23   23   22   21   20   19   19   20   21
   23   24   26   26   27   28   29   30   33   35   38   41   43   45   48   50
   54   60   67   74   81   97  106  115   96                                   
    60.0-180.0 180.0   5.0 450.0                            LAT/LON1/LON2/DLON/H
  105  113  112  111  107  107  109  113  118  123  127  129  129  126  120  114
  106   98   91   83   76   68   62   56   50   46   42   39   37   34   32   29
   27   24   22   20   19   19   20   20   20   20   20   19   19   19   20   21
   22   23   24   24   25   25   27   29   31   34   38   41   44   47   50   54
   58   65   74   82   89  107  117  127  105                                   
    57.5-180.0 180.0   5.0 450.0                            LAT/LON1/LON2/DLON/H
  117  126  125  122  118  115  116  119  123  128  133  136  138  137  134  129
  123  116  107   98   88   78   68   60   52   46   41   38   35   33   31   29
   26   23   21   19   18   19   20   21   23   24   24   24   24   25   25   26
   26   26   26   26   27   27   28   30   33   36   40   43   47   50   54   59
   65   73   83   92   99  118  129  139  117                                   
    55.0-180.0 180.0   5.0 450.0                            LAT/LON1/LON2/DLON/H
  136  147  146  141  136  129  128  128  130  134  139  143  147  148  148  146
  142  135  127  116  104   91   78   67   57   49   43   39   36   35   33   31
   28   26   23   21   20   21   23   25   28   31   32   33   34   33   33   33
   33   32   32   32   32   33   34   36   38   40   43   46   50   54   60   66
   74   84   96  107  113  132  143  152  136                                   
    52.5-180.0 180.0   5.0 450.0                            LAT/LON1/LON2/DLON/H
  159  172  174  167  160  152  146  143  141  142  145  150  155  160  163  163
  161  155  146  134  120  105   90   76   64   55   49   44   41   39   38   36
   34   32   29   27   27   28   30   34   38   42   45   46   46   46   45   44
   43   42   41   41   41   42   43   44   45   46   47   50   54   59   66   75
   84   98  112  124  130  149  160  167  159                                   
    50.0-180.0 180.0   5.0 450.0                            LAT/LON1/LON2/DLON/H
  187  201  206  198  192  182  173  165  159  156  156  160  166  173  178  181
  180  174  165  152  136  119  103   88   76   66   58   53   49   47   45   44
   43   41   39   37   36   38   41   45   50   55   58   60   60   59   58   56
   55   53   52   52   52   53   54   54   53   52   52   53   57   63   73   84
   96  111  127  141  149  167  178  184  187                                   
    47.5-180.0 180.0   5.0 450.0                            LAT/LON1/LON2/DLON/H
  215  229  238  231  227  218  205  193  182  175  172  174  180  188  195  198
  197  191  181  167  151  134  117  102   90   79   71   65   60   57   55   54
   53   52   50   49   48   50   53   58   63   68   71   73   74   73   71   69
   67   65   65   65   65   66   66   64   61   58   56   57   60   67   79   92
  106  124  142  158  168  186  198  201  215                                   
    45.0-180.0 180.0   5.0 450.0                            LAT/LON1/LON2/DLON/H
  238  253  266  263  261  254  241  226  210  199  193  193  198  206  213  215
  213  205  194  180  165  148  133  118  105   95   86   78   73   68   66   64
   63   62   61   61   61   62   65   69   74   79   82   84   85   84   82   80
   78   77   77   77   78   78   77   74   69   64   61   60   64   72   85  100
  116  135  154  171  183  201  215  219  238                                   
    42.5-180.0 180.0   5.0 450.0                            LAT/LON1/LON2/DLON/H
  254  271  286  288  291  287  275  260  242  228  218  216  220  227  232  232
  227  218  205  192  177  162  148  134  121  110  101   92   84   79   75   73
   72   72   72   72   72   74   76   79   83   87   90   92   92   92   90   89
   88   87   87   87   88   87   85   81   76   70   66   65   69   78   91  108
  124  144  163  179  194  213  227  234  254                                   
    40.0-180.0 180.0   5.0 450.0                            LAT/LON1/LON2/DLON/H
  261  280  299  305  312  313  305  292  273  258  246  242  245  249  252  249
  241  229  216  203  190  176  162  149  136  124  113  103   94   87   83   81
   80   80   81   82   83   85   86   88   90   93   95   96   97   97   96   95
   95   95   95   95   95   94   91   86   80   75   71   71   76   85   99  115
  132  150  168  183  198  218  233  245  261                                   
    37.5-180.0 180.0   5.0 450.0                            LAT/LON1/LON2/DLON/H
  262  284  304  314  327  332  329  319  303  287  275  270  271  273  273  266
  255  241  228  215  204  191  176  162  148  134  122  111  102   95   91   89
   88   89   90   92   94   96   96   96   97   97   98   99   99  100  100  100
  101  101  101  100   99   97   93   89   84   80   78   79   84   94  107  123
  138  155  171  185  197  217  233  249  262                                   
    35.0-180.0 180.0   5.0 450.0                            LAT/LON1/LON2/DLON/H
  263  285  307  318  336  344  348  342  329  316  304  298  298  298  294  284
  270  254  241  230  219  206  190  173  157  142  129  118  110  104  101  100
   99  100  102  105  107  108  108  105  103  102  101  101  102  103  104  105
  106  106  105  104  101   98   94   91   88   86   86   89   95  104  117  131
  144  159  175  186  195  215  230  248  263                                   
    32.5-180.0 180.0   5.0 450.0                            LAT/LON1/LON2/DLON/H
  267  290  312  323  344  355  364  362  354  343  333  326  324  322  315  303
  286  270  257  247  236  222  204  184  165  149  136  126  120  116  115  116
  116  117  119  122  124  124  122  117  112  108  106  106  106  107  109  111
  112  111  109  106  102   99   96   93   93   93   96  100  107  116  128  141
  152  167  181  191  196  214  229  250  267                                   
    30.0-180.0 180.0   5.0 450.0                            LAT/LON1/LON2/DLON/H
  278  302  325  334  357  368  381  382  379  370  361  355  351  346  337  322
  303  287  275  265  254  238  218  196  176  159  147  140  136  135  136  138
  139  140  142  144  145  144  139  131  123  118  114  113  113  114  116  118
  119  117  113  109  104  101   99   98   99  102  106  112  120  129  141  153
  164  178  191  201  204  221  236  257  278                                   
    27.5-180.0 180.0   5.0 450.0                            LAT/LON1/LON2/DLON/H
  300  323  347  353  378  389  403  406  405  398  390  384  378  371  359  341
  322  305  293  284  272  255  234  211  192  177  167  161  160  162  165  168
  170  170  170  171  171  167  159  148  138  130  126  124  124  125  126  127
  127  124  118  112  108  105  104  105  107  111  117  123  132  142  154  167
  177  193  206  217  219  235  249  271  300                                   
    25.0-180.0 180.0   5.0 450.0                            LAT/LON1/LON2/DLON/H
  332  352  377  383  409  420  433  436  435  429  421  413  406  396  381  362
  342  325  313  302  290  273  253  233  216  204  197  193  194  197  202  206
  207  206  204  202  199  192  181  168  155  146  141  139  139  139  139  138
  136  131  124  117  113  111  111  113  116  119  124  131  140  152  166  181
  193  210  224  238  241  256  270  292  332                                   
    22.5-180.0 180.0   5.0 450.0                            LAT/LON1/LON2/DLON/H
  371  385  412  421  451  462  473  475  473  465  455  445  435  422  404  384
  363  346  332  321  309  293  277  261  250  243  238  236  237  240  244  247
  247  244  240  235  228  218  204  188  174  164  159  157  156  154  153  150
  145  138  130  122  118  118  119  121  122  124  127  134  144  157  174  192
  206  227  242  260  266  280  294  318  371                                   
    20.0-180.0 180.0   5.0 450.0                            LAT/LON1/LON2/DLON/H
  412  422  450  464  499  512  522  522  518  507  494  481  466  450  430  408
  386  368  354  341  329  317  306  298  294  291  290  288  287  287  289  290
  287  282  275  267  256  243  226  208  193  184  179  176  174  170  166  160
  153  144  134  127  124  124  125  126  125  124  125  131  142  158  178  199
  216  240  256  279  288  303  319  348  412                                   
    17.5-180.0 180.0   5.0 450.0                            LAT/LON1/LON2/DLON/H
  448  455  487  507  546  561  572  572  567  555  539  522  503  482  459  435
  413  394  378  365  354  346  341  341  344  346  347  343  338  333  330  328
  323  315  306  294  281  265  246  227  212  202  197  194  190  184  177  168
  158  148  137  130  128  128  129  128  123  118  117  123  136  155  178  201
  222  248  266  291  304  323  341  376  448                                   
    15.0-180.0 180.0   5.0 450.0                            LAT/LON1/LON2/DLON/H
  471  476  513  538  583  601  614  616  612  600  585  566  543  519  494  469
  446  425  408  394  384  379  381  388  396  402  402  395  384  374  365  359
  351  342  330  317  301  282  262  242  227  217  212  208  202  193  183  172
  161  149  139  132  130  130  130  126  117  109  106  112  127  149  176  202
  224  251  270  295  312  336  358  397  471                                   
    12.5-180.0 180.0   5.0 450.0                            LAT/LON1/LON2/DLON/H
  477  482  521  548  597  622  639  644  644  636  624  606  584  559  533  508
  485  463  445  429  420  418  425  436  447  454  451  439  422  405  392  381
  372  361  349  333  315  294  272  252  237  227  221  216  208  197  185  173
  160  148  138  131  129  129  127  120  109   98   94  101  119  144  172  199
  223  250  269  294  312  341  366  406  477                                   
    10.0-180.0 180.0   5.0 450.0                            LAT/LON1/LON2/DLON/H
  467  473  509  538  588  619  641  651  657  656  650  638  620  598  574  551
  529  508  489  472  463  463  471  483  493  497  489  472  449  428  410  397
  386  375  360  343  322  299  276  256  240  230  224  217  207  195  181  169
  156  145  134  128  126  125  122  112   99   87   84   93  113  140  169  196
  218  245  265  287  308  340  367  404  467                                   
     7.5-180.0 180.0   5.0 450.0                            LAT/LON1/LON2/DLON/H
  446  455  486  514  563  597  624  638  651  657  659  656  646  630  612  594
  576  557  538  521  511  510  517  526  532  529  515  492  466  441  422  407
