data/edconvlstm_nd/pred0230.15i
     1.0            IONOSPHERE MAPS     GNSS                IONEX VERSION / TYPE
pyspatialgeodesy        IME             05-JAN-18 20:20     PGM / RUN BY / DATE 
Map Name                                                    COMMENT             
Predicted global ionosphere maps (GIM).                     DESCRIPTION         
  2015     1    23     0     0     0                        EPOCH OF FIRST MAP  
  2015     1    24     0     0     0                        EPOCH OF LAST MAP   
  7200                                                      INTERVAL            
    13                                                      # OF MAPS IN FILE   
  NONE                                                      MAPPING FUNCTION    
10.0                                                        ELEVATION CUTOFF    
One-way carrier phase leveled to code                       OBSERVABLES USED    
  6371.0                                                    BASE RADIUS         
 2                                                          MAP DIMENSION       
   450.0 450.0   0.0                                        HGT1 / HGT2 / DHGT  
    87.5 -87.5  -2.5                                        LAT1 / LAT2 / DLAT  
  -180.0 180.0   5.0                                        LON1 / LON2 / DLON  
    -1                                                      EXPONENT            
                                                            END OF HEADER       
[from data line 3861]
    10                                                      START OF TEC MAP    
  2015     1    23    18     0     0                        EPOCH OF CURRENT MAP
    87.5-180.0 180.0   5.0 450.0                            LAT/LON1/LON2/DLON/H
   68   69   63   64   68   66   65   62   63   66   66   68   69   71   73   74
   76   77   78   79   80   81   81   81   81   81   81   81   81   81   81   81
   81   81   81   81   82   82   82   82   83   83   84   84   84   85   85   85
   85   85   85   85   85   84   84   83   82   81   79   78   76   75   73   71
   70   69   65   61   66   63   80   85   68                                   
    85.0-180.0 180.0   5.0 450.0                            LAT/LON1/LON2/DLON/H
   68   63   71   52   53   56   56   57   59   62   62   65   66   68   70   72
   74   75   77   78   79   80   81   81   81   81   81   80   80   79   79   79
   78   78   78   78   78   78   78   78   79   79   80   80   81   81   82   82
   82   82   82   82   82   82   81   80   79   78   76   74   73   71   69   67
   66   63   58   52   56   55   64   61   68                                   
    82.5-180.0 180.0   5.0 450.0                            LAT/LON1/LON2/DLON/H
   42   47   49   39   42   45   47   47   49   52   54   58   60   63   65   68
   70   72   74   76   77   77   77   77   77   76   76   75   74   73   72   71
   71   70   69   69   69   69   69   70   70   71   71   72   73   74   75   76
   76   77   78   78   78   78   77   77   75   74   72   71   69   66   64   61
   59   56   51   48   52   58   53   51   42                                   
    80.0-180.0 180.0   5.0 450.0                            LAT/LON1/LON2/DLON/H
   24   29   37   30   31   29   34   36   40   44   48   52   56   60   63   66
   69   72   74   75   76   76   76   76   74   73   71   70   68   66   65   63
   62   61   60   59   58   58   58   59   59   60   61   63   64   65   67   68
   70   71   72   73   74   74   74   73   73   71   70   68   65   63   60   57
   54   51   47   45   43   47   42   48   24                                   
    77.5-180.0 180.0   5.0 450.0                            LAT/LON1/LON2/DLON/H
   32   33   35   28   30   31   36   39   43   47   51   57   62   67   71   75
   78   80   83   84   84   84   83   82   80   77   74   71   68   66   63   61
   59   57   55   54   53   52   52   52   53   54   55   56   58   60   62   65
   67   69   71   73   74   76   76   77   77   76   75   73   71   68   66   62
   59   56   53   51   49   46   45   52   32                                   
    75.0-180.0 180.0   5.0 450.0                            LAT/LON1/LON2/DLON/H
   33   36   36   32   34   36   41   44   50   56   61   67   73   78   82   86
   90   92   94   96   96   96   94   92   88   85   80   76   72   68   65   62
   59   56   54   52   51   49   49   48   49   50   51   52   54   57   59   61
   64   66   69   71   73   75   77   78   78   78   78   77   75   73   71   69
   66   64   61   57   55   51   47   46   33                                   
    72.5-180.0 180.0   5.0 450.0                            LAT/LON1/LON2/DLON/H
   46   46   45   45   43   47   52   56   61   67   73   80   85   91   95   99
  103  106  108  110  111  110  108  105  101   95   90   84   78   73   68   64
   60   56   53   50   47   45   43   42   42   42   43   44   46   48   51   53
   56   58   61   63   66   68   70   72   74   75   76   76   75   74   73   71
   69   68   66   62   60   57   55   57   46                                   
    70.0-180.0 180.0   5.0 450.0                            LAT/LON1/LON2/DLON/H
   56   55   53   53   52   54   59   65   72   80   87   94  100  105  110  114
  117  121  125  127  129  130  129  125  120  114  106   99   91   84   78   73
   68   63   58   54   49   46   43   40   39   39   39   41   42   44   46   48
   50   52   54   56   58   61   63   66   68   71   72   73   74   73   73   72
   71   70   70   68   67   64   65   67   56                                   
    67.5-180.0 180.0   5.0 450.0                            LAT/LON1/LON2/DLON/H
   67   64   62   63   62   64   70   77   85   93  101  109  115  121  125  129
  133  138  143  148  152  153  153  150  144  137  128  119  109  101   93   86
   80   73   67   60   54   48   44   40   38   37   38   39   40   42   43   44
   45   46   47   49   51   53   56   59   63   66   68   70   71   72   72   72
   71   70   71   69   68   67   66   69   67                                   
    65.0-180.0 180.0   5.0 450.0                            LAT/LON1/LON2/DLON/H
   68   66   64   66   65   68   73   82   92  103  112  121  128  133  137  142
  148  155  162  169  175  179  180  177  172  164  154  143  132  122  113  104
   96   87   78   69   60   52   46   41   38   37   38   39   40   41   41   41
   41   40   40   41   42   44   48   51   55   58   62   64   66   67   67   67
   67   67   69   68   68   69   69   72   68                                   
    62.5-180.0 180.0   5.0 450.0                            LAT/LON1/LON2/DLON/H
   67   64   62   64   65   68   74   85   96  109  120  129  137  142  147  154
  161  170  179  189  197  203  205  204  199  190  180  168  157  145  134  124
  113  101   90   77   66   56   48   42   39   38   39   40   41   42   41   40
   38   36   35   35   36   38   41   44   48   52   56   58   60   61   62   62
   61   61   62   62   61   62   63   67   67                                   
    60.0-180.0 180.0   5.0 450.0                            LAT/LON1/LON2/DLON/H
   60   58   56   60   60   64   72   84   98  112  124  134  142  148  154  162
  171  182  194  205  215  222  225  225  220  213  203  191  179  167  154  142
  128  114   99   84   70   58   50   44   41   41   42   44   45   45   43   41
   37   35   32   31   32   34   36   40   44   47   50   53   55   56   56   56
   55   55   55   54   54   55   56   62   60                                   
    57.5-180.0 180.0   5.0 450.0                            LAT/LON1/LON2/DLON/H
   53   52   51   56   58   63   72   86  101  116  129  139  146  153  160  169
  181  194  207  219  229  236  240  240  237  231  222  211  199  187  173  159
  144  127  109   92   77   64   55   50   48   48   50   52   53   52   49   46
   42   38   35   34   34   35   38   41   44   47   49   51   53   54   54   54
   53   52   52   50   49   49   50   56   53                                   
    55.0-180.0 180.0   5.0 450.0                            LAT/LON1/LON2/DLON/H
   50   50   51   56   60   66   77   91  108  123  136  145  151  157  165  176
  189  203  216  228  237  244  248  249  247  242  235  226  215  203  189  174
  157  138  119  100   84   71   62   57   56   57   59   61   62   61   58   54
   49   45   42   41   41   42   44   46   49   50   52   53   54   54   55   55
   54   53   53   50   48   46   46   54   50                                   
    52.5-180.0 180.0   5.0 450.0                            LAT/LON1/LON2/DLON/H
   51   52   54   61   67   75   87  103  119  134  146  153  158  163  171  182
  196  211  223  233  241  247  251  253  252  250  244  237  228  216  202  186
  168  148  128  109   92   80   72   67   67   68   70   72   72   71   68   64
   60   56   53   52   52   53   55   56   57   58   58   58   58   58   60   60
   60   60   59   56   52   49   46   54   51                                   
    50.0-180.0 180.0   5.0 450.0                            LAT/LON1/LON2/DLON/H
   57   59   63   72   79   90  104  120  137  151  160  165  168  171  179  190
  205  219  230  238  244  249  253  256  258  257  254  248  240  229  215  198
  178  158  137  118  103   91   83   79   78   79   81   82   82   81   79   76
   72   69   67   67   67   68   69   69   69   67   66   65   64   65   67   68
   69   70   70   67   61   56   52   58   57                                   
    47.5-180.0 180.0   5.0 450.0                            LAT/LON1/LON2/DLON/H
   66   69   75   85   96  108  124  141  158  172  179  182  182  184  190  201
  215  228  237  244  248  253  258  263  267  268  266  261  252  240  225  207
  186  166  146  128  114  103   95   91   89   89   89   90   91   90   89   87
   85   83   82   82   82   83   83   82   81   78   75   73   72   72   74   77
   78   80   81   79   73   66   60   65   66                                   
    45.0-180.0 180.0   5.0 450.0                            LAT/LON1/LON2/DLON/H
   76   78   86   99  112  127  144  163  180  193  200  202  200  201  206  216
  228  239  247  252  256  261  267  274  279  281  279  273  263  249  232  212
  191  171  152  137  124  114  107  101   98   96   96   96   97   97   97   96
   96   95   95   95   96   96   96   94   91   87   84   80   79   79   81   84
   85   88   89   89   84   76   69   73   76                                   
    42.5-180.0 180.0   5.0 450.0                            LAT/LON1/LON2/DLON/H
   83   84   94  109  125  143  161  181  198  213  220  222  221  220  224  233
  243  253  260  264  268  274  281  289  294  295  291  283  270  254  235  214
  193  174  157  144  134  125  117  111  106  102  101  100  101  101  102  103
  103  103  104  105  105  105  105  102   99   95   90   87   85   85   86   88
   88   90   92   93   90   82   76   80   83                                   
    40.0-180.0 180.0   5.0 450.0                            LAT/LON1/LON2/DLON/H
   85   85   96  113  132  151  171  192  211  228  237  241  241  241  245  252
  261  270  276  280  284  291  298  305  308  307  300  288  273  255  234  213
  193  176  162  152  144  136  128  120  114  109  105  104  104  105  106  107
  107  108  108  109  110  110  109  107  104   99   95   92   90   89   89   88
   87   87   89   90   88   82   77   83   85                                   
    37.5-180.0 180.0   5.0 450.0                            LAT/LON1/LON2/DLON/H
   82   81   93  113  133  154  175  197  218  237  250  257  260  261  265  272
  280  288  294  298  302  308  314  317  317  312  302  289  273  255  234  214
  196  182  171  163  156  148  140  131  123  117  112  110  108  108  109  109
  109  109  110  110  111  112  111  109  106  102   98   95   93   91   89   86
   82   81   81   81   81   76   71   80   82                                   
    35.0-180.0 180.0   5.0 450.0                            LAT/LON1/LON2/DLON/H
   76   75   88  109  131  152  174  197  219  241  257  269  275  280  284  291
  299  306  312  316  320  322  324  322  317  309  299  287  273  257  239  222
  206  194  186  179  173  165  156  146  137  129  123  119  116  114  113  112
  111  111  110  111  112  113  113  111  107  103   99   96   94   91   88   83
   76   72   71   71   70   66   62   74   76                                   
    32.5-180.0 180.0   5.0 450.0                            LAT/LON1/LON2/DLON/H
   70   69   83  106  129  150  172  194  218  241  261  277  287  295  301  308
  315  322  328  332  332  330  326  319  310  302  294  285  276  265  252  238
  226  216  209  202  195  186  176  165  156  148  140  134  129  125  121  119
  116  115  114  115  116  117  117  115  111  106  102   98   95   92   87   81
   72   66   63   61   60   57   53   68   70                                   
    30.0-180.0 180.0   5.0 450.0                            LAT/LON1/LON2/DLON/H
   67   69   84  107  132  151  173  195  218  242  264  283  296  306  314  321
  328  335  340  342  339  331  321  309  300  294  291  290  287  283  276  266
  257  249  242  234  224  213  201  190  180  172  163  155  147  140  135  130
  127  124  124  125  126  127  126  123  117  111  106  101   98   94   89   82
   72   64   60   57   55   51   46   63   67                                   
    27.5-180.0 180.0   5.0 450.0                            LAT/LON1/LON2/DLON/H
   71   74   91  114  140  159  181  201  223  246  269  288  303  314  323  330
  337  343  347  346  339  327  313  300  293  292  297  303  309  312  311  306
  299  292  283  272  258  243  230  218  209  200  191  180  169  160  153  147
  143  141  140  141  142  143  140  135  128  119  112  107  103   99   94   87
   77   70   64   60   57   51   45   61   71                                   
    25.0-180.0 180.0   5.0 450.0                            LAT/LON1/LON2/DLON/H
   80   86  104  127  155  174  196  214  235  256  277  295  310  321  329  336
  342  347  349  346  337  322  308  298  297  303  315  329  342  352  355  354
  349  340  328  313  294  276  260  248  239  230  219  206  193  182  174  169
  165  164  163  164  164  163  158  151  141  130  121  114  110  106  102   97
   89   83   76   72   66   58   49   64   80                                   
    22.5-180.0 180.0   5.0 450.0                            LAT/LON1/LON2/DLON/H
   96  101  120  145  175  195  217  234  253  272  290  306  318  328  335  339
  344  347  349  345  335  323  313  309  315  329  348  368  386  399  405  405
  399  388  372  351  327  305  286  274  265  256  244  230  216  204  196  192
  190  190  190  190  188  185  178  167  155  142  131  123  117  113  111  108
  103  101   94   90   81   69   58   69   96                                   
    20.0-180.0 180.0   5.0 450.0                            LAT/LON1/LON2/DLON/H
  113  116  137  164  196  219  243  260  278  294  309  321  331  337  342  344
  347  349  349  346  340  333  331  337  351  372  396  418  436  448  452  451
  442  428  407  381  353  327  306  292  283  273  261  247  232  221  214  213
  214  215  216  214  210  204  194  181  166  152  140  131  124  120  119  119
  117  118  112  110   98   82   69   77  113                                   
    17.5-180.0 180.0   5.0 450.0                            LAT/LON1/LON2/DLON/H
  127  129  151  181  216  243  270  288  307  321  333  342  348  352  354  354
  354  354  355  355  355  357  366  382  406  431  455  473  485  490  490  484
  473  455  431  402  371  342  319  302  291  281  269  254  240  230  227  228
  232  235  236  232  226  215  203  188  173  159  146  136  129  125  125  126
  127  131  127  126  112   93   78   86  127                                   
    15.0-180.0 180.0   5.0 450.0                            LAT/LON1/LON2/DLON/H
  136  136  159  193  232  263  294  316  336  351  362  369  372  374  373  370
  369  369  371  375  382  395  416  444  474  500  517  525  525  521  513  504
  490  471  445  415  382  351  326  307  293  282  268  254  241  233  231  236
  242  246  246  241  231  218  203  188  174  161  149  140  133  128  128  129
  132  138  135  133  119  100   84   93  136                                   
    12.5-180.0 180.0   5.0 450.0                            LAT/LON1/LON2/DLON/H
  137  137  161  199  241  277  313  339  363  381  392  398  401  402  400  397
  394  394  398  407  423  447  480  516  548  568  572  565  550  535  522  510
  495  477  453  423  391  359  331  309  292  278  264  249  237  230  230  236
  243  248  247  239  227  212  197  182  170  159  150  142  135  130  129  130
  132  137  134  132  119  101   85   95  137                                   
    10.0-180.0 180.0   5.0 450.0                            LAT/LON1/LON2/DLON/H
  131  133  158  199  245  285  325  356  385  406  420  428  432  434  433  431
  429  430  437  451  474  507  548  588  616  623  610  586  559  536  520  507
  495  479  458  431  400  368  338  313  293  276  260  245  232  225  226  232
  239  244  241  232  218  203  188  175  164  155  148  142  137  132  129  128
  128  132  129  124  113   98   83   94  131                                   
     7.5-180.0 180.0   5.0 450.0                            LAT/LON1/LON2/DLON/H
  122  127  154  196  245  287  331  366  398  424  441  453  461  465  468  468
  469  473  483  500  528  566  610  647  664  655  625  587  553  528  513  503
