data/edconvlstm_nd/pred2450.15i
     1.0            IONOSPHERE MAPS     GNSS                IONEX VERSION / TYPE
pyspatialgeodesy        IME             05-JAN-18 20:20     PGM / RUN BY / DATE 
Map Name                                                    COMMENT             
Predicted global ionosphere maps (GIM).                     DESCRIPTION         
  2015     9     2     0     0     0                        EPOCH OF FIRST MAP  
  2015     9     3     0     0     0                        EPOCH OF LAST MAP   
  7200                                                      INTERVAL            
    13                                                      # OF MAPS IN FILE   
  NONE                                                      MAPPING FUNCTION    
10.0                                                        ELEVATION CUTOFF    
One-way carrier phase leveled to code                       OBSERVABLES USED    
  6371.0                                                    BASE RADIUS         
 2                                                          MAP DIMENSION       
   450.0 450.0   0.0                                        HGT1 / HGT2 / DHGT  
    87.5 -87.5  -2.5                                        LAT1 / LAT2 / DLAT  
  -180.0 180.0   5.0                                        LON1 / LON2 / DLON  
    -1                                                      EXPONENT            
                                                            END OF HEADER       
[from data line 4719]
    12                                                      START OF TEC MAP    
  2015     9     2    22     0     0                        EPOCH OF CURRENT MAP
    87.5-180.0 180.0   5.0 450.0                            LAT/LON1/LON2/DLON/H
  142  128  112  119  119  117  117  115  115  117  116  117  117  118  119  119
  120  120  120  120  120  119  119  118  118  117  116  115  115  114  113  112
  112  111  110  110  109  109  108  108  107  107  107  107  107  107  107  107
  107  107  108  108  108  109  109  109  109  110  110  110  110  111  111  111
  110  111  110  111  122  120  132  137  142                                   
    85.0-180.0 180.0   5.0 450.0                            LAT/LON1/LON2/DLON/H
  137  130  131  122  118  121  121  123  123  125  124  126  126  127  128  129
  130  130  130  130  130  130  129  128  127  127  126  125  124  123  122  121
  120  119  118  117  117  116  115  114  114  114  113  113  113  113  113  114
  114  114  115  115  115  116  116  117  117  118  118  119  119  119  120  119
  120  120  118  117  120  117  120  121  137                                   
    82.5-180.0 180.0   5.0 450.0                            LAT/LON1/LON2/DLON/H
  116  114  114  110  109  112  115  115  115  117  118  121  122  124  126  128
  129  130  130  130  130  130  129  127  126  124  123  121  120  118  117  116
  115  113  112  111  109  108  107  106  105  104  104  104  104  104  104  104
  105  105  105  106  106  107  107  108  108  109  110  111  111  111  112  111
  112  111  109  113  116  124  115  117  116                                   
    80.0-180.0 180.0   5.0 450.0                            LAT/LON1/LON2/DLON/H
  107  108  112  108  107  106  112  116  118  121  124  127  130  132  135  137
  139  140  141  141  140  139  137  134  132  129  127  124  122  120  118  117
  115  113  112  110  108  107  105  103  102  101  101  101  101  101  101  102
  102  103  103  104  104  105  106  106  107  108  109  110  111  112  113  113
  114  113  112  113  112  112  108  117  107                                   
    77.5-180.0 180.0   5.0 450.0                            LAT/LON1/LON2/DLON/H
  112  106  113  109  112  113  118  122  124  128  131  136  140  143  147  150
  153  154  155  155  153  151  148  145  141  137  134  130  128  125  123  122
  120  118  116  114  112  109  107  105  103  101  100   99   99   99  100  100
  101  101  101  101  102  102  102  103  104  105  106  108  110  111  113  113
  114  113  113  114  116  113  115  128  112                                   
    75.0-180.0 180.0   5.0 450.0                            LAT/LON1/LON2/DLON/H
  115  111  114  112  116  119  123  127  131  137  140  145  150  154  158  162
  165  167  167  167  165  161  157  152  147  142  137  133  130  128  126  125
  123  122  120  118  115  112  109  106  103  101  100   99   99   99  100  100
  100  100  100  100   99   98   98   99  100  101  104  106  109  112  114  116
  117  118  118  115  115  112  113  115  115                                   
    72.5-180.0 180.0   5.0 450.0                            LAT/LON1/LON2/DLON/H
  117  114  116  121  122  125  131  134  137  143  147  152  157  162  166  170
  173  175  175  174  171  167  161  155  148  141  136  131  127  125  123  122
  122  121  119  116  113  109  105  101   98   95   93   92   92   92   93   93
   93   92   91   90   88   87   86   86   87   89   92   96  100  104  108  111
  112  114  114  111  110  110  112  119  117                                   
    70.0-180.0 180.0   5.0 450.0                            LAT/LON1/LON2/DLON/H
  123  119  121  124  124  128  132  137  141  146  151  156  161  165  169  173
  176  177  178  176  173  168  161  153  145  138  131  126  122  119  118  118
  118  117  116  113  109  105  100   96   92   88   86   85   85   85   85   85
   85   84   82   79   77   74   72   72   73   76   80   85   91   97  102  107
  109  111  113  112  111  111  115  120  123                                   
    67.5-180.0 180.0   5.0 450.0                            LAT/LON1/LON2/DLON/H
  131  127  129  134  135  138  143  147  151  155  159  164  168  172  176  180
  182  183  183  182  178  172  165  156  147  138  131  125  121  118  118  117
  117  116  115  111  107  102   96   91   87   83   81   79   79   79   79   79
   78   77   74   71   67   64   62   61   62   66   71   78   85   92   99  105
  108  111  113  111  110  113  114  121  131                                   
    65.0-180.0 180.0   5.0 450.0                            LAT/LON1/LON2/DLON/H
  136  133  135  139  139  141  145  148  152  156  160  164  168  171  174  177
  180  181  181  180  176  170  163  154  145  137  129  123  119  116  115  115
  114  113  110  106  101   95   89   84   79   75   72   71   70   70   70   69
   68   66   63   59   55   51   49   48   49   53   60   68   76   85   93   99
  103  107  111  112  113  116  119  126  136                                   
    62.5-180.0 180.0   5.0 450.0                            LAT/LON1/LON2/DLON/H
  142  140  143  145  146  147  149  152  154  157  160  164  167  170  173  176
  178  179  180  178  175  170  163  156  147  139  132  126  122  119  117  115
  113  111  107  102   96   90   84   78   73   69   67   65   64   63   62   61
   59   57   53   49   45   41   39   39   41   45   53   61   71   80   89   95
  100  105  109  111  113  118  121  127  142                                   
    60.0-180.0 180.0   5.0 450.0                            LAT/LON1/LON2/DLON/H
  147  147  150  151  150  150  152  153  154  156  158  161  163  166  168  171
  173  175  175  174  172  168  163  157  150  144  138  133  129  126  122  119
  115  111  106  100   94   87   81   76   71   67   64   62   60   58   56   54
   52   49   46   42   38   35   33   33   36   41   49   58   68   77   86   93
   98  103  108  111  115  122  128  133  147                                   
    57.5-180.0 180.0   5.0 450.0                            LAT/LON1/LON2/DLON/H
  152  153  156  158  156  155  155  155  154  155  155  157  159  161  163  165
  168  169  170  170  169  166  163  159  155  151  147  144  140  136  131  126
  120  113  107  100   94   88   82   77   73   69   66   63   60   57   54   51
   48   44   41   38   35   33   32   32   36   41   49   58   68   77   85   91
   96  102  108  112  118  126  133  138  152                                   
    55.0-180.0 180.0   5.0 450.0                            LAT/LON1/LON2/DLON/H
  158  161  164  165  164  162  161  159  157  156  155  155  156  157  159  161
  162  164  165  165  165  164  162  161  160  159  157  156  153  149  142  135
  127  119  111  104   98   92   87   83   79   75   72   68   64   59   55   51
   47   44   41   38   36   34   34   36   39   45   53   61   70   78   86   92
   97  104  110  115  121  131  139  144  158                                   
    52.5-180.0 180.0   5.0 450.0                            LAT/LON1/LON2/DLON/H
  163  166  171  173  172  170  169  166  162  159  156  155  154  154  155  157
  158  159  160  160  161  161  161  162  164  166  167  167  166  161  154  145
  135  125  117  110  104   99   95   91   87   84   80   75   70   65   59   54
   50   47   44   42   40   39   40   42   46   52   59   66   74   81   88   95
  100  107  115  120  126  136  144  149  163                                   
    50.0-180.0 180.0   5.0 450.0                            LAT/LON1/LON2/DLON/H
  169  172  178  180  180  180  178  175  171  167  162  159  156  155  155  155
  156  157  157  158  158  160  162  164  168  172  176  177  176  172  164  154
  144  133  125  118  113  108  104  100   97   93   89   84   79   73   67   61
   57   53   50   48   47   47   48   51   55   60   66   73   80   86   93   99
  105  113  121  127  132  141  149  153  169                                   
    47.5-180.0 180.0   5.0 450.0                            LAT/LON1/LON2/DLON/H
  173  175  182  185  187  188  187  186  181  177  172  167  163  160  159  158
  158  157  157  158  159  161  163  167  172  177  182  184  184  180  172  162
  151  141  133  127  121  117  113  109  105  101   97   92   87   81   76   71
   66   62   59   57   55   55   57   60   64   69   75   81   86   92   99  106
  113  121  130  135  140  146  152  155  173                                   
    45.0-180.0 180.0   5.0 450.0                            LAT/LON1/LON2/DLON/H
  176  177  183  188  192  194  195  195  192  189  184  179  174  170  167  165
  163  162  162  162  163  165  168  172  177  182  186  189  188  184  177  168
  158  148  141  134  129  125  120  116  112  108  104  100   95   90   85   81
   77   73   69   66   64   64   66   69   73   78   83   89   94  100  107  115
  122  131  140  144  147  150  154  157  176                                   
    42.5-180.0 180.0   5.0 450.0                            LAT/LON1/LON2/DLON/H
  178  177  183  189  193  196  199  201  201  201  197  193  188  183  179  176
  173  171  170  170  171  172  175  179  183  187  190  191  190  187  181  172
  163  155  147  141  135  130  125  120  116  112  109  106  101   97   93   90
   87   83   78   74   71   71   73   76   81   86   92   97  103  109  116  125
  133  142  151  154  155  155  156  159  178                                   
    40.0-180.0 180.0   5.0 450.0                            LAT/LON1/LON2/DLON/H
  180  177  182  188  192  195  199  204  208  211  210  208  203  198  194  190
  186  184  182  181  181  183  185  188  190  192  193  193  192  189  183  176
  169  161  153  146  140  133  127  122  118  115  113  110  107  103  100   97
   94   90   85   80   77   76   78   82   87   93   99  105  111  118  126  135
  144  153  161  163  162  160  159  163  180                                   
    37.5-180.0 180.0   5.0 450.0                            LAT/LON1/LON2/DLON/H
  184  181  184  188  190  192  197  204  212  219  222  222  219  215  210  206
  202  198  195  194  194  195  197  199  200  200  199  197  195  192  187  182
  175  167  159  151  143  135  129  124  120  118  116  113  110  107  104  102
   99   95   89   84   80   79   81   85   91   98  104  111  119  126  135  145
  153  163  169  171  169  166  165  168  184                                   
    35.0-180.0 180.0   5.0 450.0                            LAT/LON1/LON2/DLON/H
  193  190  192  192  193  192  197  205  216  226  233  236  236  233  229  224
  219  214  210  207  207  208  210  212  212  211  208  204  201  198  194  189
  182  174  165  155  145  137  130  125  122  120  119  116  113  109  106  103
  100   96   90   85   82   81   83   87   93  101  108  116  124  133  143  153
  161  170  177  177  175  174  173  177  193                                   
    32.5-180.0 180.0   5.0 450.0                            LAT/LON1/LON2/DLON/H
  207  206  207  204  202  199  202  211  223  236  246  251  252  251  248  243
  237  231  225  221  220  221  224  226  226  224  220  215  211  207  203  199
  191  182  170  159  148  139  132  127  125  123  121  118  114  110  106  102
   98   94   89   85   82   81   83   88   94  101  110  119  128  138  148  159
  167  176  182  183  182  183  185  190  207                                   
    30.0-180.0 180.0   5.0 450.0                            LAT/LON1/LON2/DLON/H
  228  229  231  225  221  215  217  224  236  249  260  267  271  271  269  264
  257  249  240  235  233  235  238  242  243  241  236  230  224  220  215  209
  201  190  176  163  151  141  134  130  128  126  123  119  115  109  104   99
   95   91   87   83   81   81   83   87   93  100  109  119  129  140  151  162
  170  180  186  189  190  194  200  205  228                                   
    27.5-180.0 180.0   5.0 450.0                            LAT/LON1/LON2/DLON/H
  254  258  261  253  250  242  242  246  257  269  280  287  292  293  293  288
  280  269  258  251  248  250  254  259  261  259  254  247  240  234  228  221
  211  197  182  167  155  145  139  134  131  128  124  119  113  107  102   96
   92   87   84   81   80   81   82   85   90   97  105  115  127  139  151  163
  172  183  190  194  198  206  217  222  254                                   
    25.0-180.0 180.0   5.0 450.0                            LAT/LON1/LON2/DLON/H
  282  288  293  286  285  278  277  278  286  296  305  311  316  319  320  316
  306  293  280  270  266  268  273  279  282  280  274  266  257  249  241  232
  219  204  187  172  160  151  144  139  134  128  123  117  111  105  100   94
   89   85   82   80   80   80   80   82   86   91   99  110  122  135  149  162
  173  185  195  200  206  218  234  239  282                                   
    22.5-180.0 180.0   5.0 450.0                            LAT/LON1/LON2/DLON/H
  307  316  324  319  323  318  317  317  322  329  335  341  346  349  351  347
  337  322  307  295  290  291  297  302  305  303  295  285  274  263  253  241
  226  209  192  178  166  158  151  144  136  128  120  114  108  103   98   93
   88   84   81   79   78   78   77   77   80   84   92  102  115  129  145  161
  174  188  200  207  216  230  248  255  307                                   
    20.0-180.0 180.0   5.0 450.0                            LAT/LON1/LON2/DLON/H
  325  336  348  347  356  356  358  357  361  365  369  374  378  383  385  382
  371  355  339  326  320  321  325  329  330  325  315  301  287  274  261  247
  230  214  198  185  175  167  159  150  139  127  118  111  106  102   99   94
   89   84   81   79   77   75   73   72   73   77   84   95  108  124  142  160
  176  192  206  215  225  241  261  269  325                                   
    17.5-180.0 180.0   5.0 450.0                            LAT/LON1/LON2/DLON/H
  335  348  361  364  380  385  392  393  397  401  405  408  413  418  421  418
  408  392  375  362  356  355  357  359  356  346  332  314  297  281  266  250
  233  218  204  193  185  177  168  156  142  128  117  109  105  103  101   97
   91   86   81   78   76   73   70   67   67   71   78   88  102  120  140  161
  179  198  213  224  234  251  271  280  335                                   
    15.0-180.0 180.0   5.0 450.0                            LAT/LON1/LON2/DLON/H
  337  350  365  371  391  401  413  418  426  431  436  440  446  452  456  454
  444  429  413  401  393  391  390  387  379  364  344  323  302  284  267  251
  235  222  211  203  196  189  178  164  148  132  119  112  108  107  104  100
   94   88   82   78   75   71   67   64   63   66   73   83   98  117  140  163
  183  204  221  233  244  261  280  289  337                                   
    12.5-180.0 180.0   5.0 450.0                            LAT/LON1/LON2/DLON/H
  335  347  362  369  391  405  421  430  442  451  458  465  472  480  484  483
  475  462  448  436  429  424  419  411  396  376  351  326  303  284  267  251
  237  226  218  212  207  200  188  173  155  139  126  118  114  112  109  104
   96   89   82   77   73   69   65   61   60   63   69   80   96  117  141  166
  188  210  229  242  254  271  289  299  335                                   
    10.0-180.0 180.0   5.0 450.0                            LAT/LON1/LON2/DLON/H
  333  346  359  364  384  400  418  430  446  459  470  480  489  497  503  503
  497  486  474  464  456  448  439  425  406  381  352  325  302  282  266  251
  239  230  224  221  216  208  197  181  165  149  137  129  123  118  113  105
   97   88   81   76   72   68   63   60   59   61   67   78   95  117  143  169
  192  216  236  251  263  282  301  311  333                                   
     7.5-180.0 180.0   5.0 450.0                            LAT/LON1/LON2/DLON/H
  337  351  361  363  379  393  411  424  442  457  471  483  494  503  509  510
  506  498  489  480  471  460  447  430  407  379  350  322  299  280  264  251
