data/edconvlstm_nd/pred3180.15i
     1.0            IONOSPHERE MAPS     GNSS                IONEX VERSION / TYPE
pyspatialgeodesy        IME             05-JAN-18 20:20     PGM / RUN BY / DATE 
Map Name                                                    COMMENT             
Predicted global ionosphere maps (GIM).                     DESCRIPTION         
  2015    11    14     0     0     0                        EPOCH OF FIRST MAP  
  2015    11    15     0     0     0                        EPOCH OF LAST MAP   
  7200                                                      INTERVAL            
    13                                                      # OF MAPS IN FILE   
  NONE                                                      MAPPING FUNCTION    
10.0                                                        ELEVATION CUTOFF    
One-way carrier phase leveled to code                       OBSERVABLES USED    
  6371.0                                                    BASE RADIUS         
 2                                                          MAP DIMENSION       
   450.0 450.0   0.0                                        HGT1 / HGT2 / DHGT  
    87.5 -87.5  -2.5                                        LAT1 / LAT2 / DLAT  
  -180.0 180.0   5.0                                        LON1 / LON2 / DLON  
    -1                                                      EXPONENT            
                                                            END OF HEADER       
[from data line 2574]
     7                                                      START OF TEC MAP    
  2015    11    14    12     0     0                        EPOCH OF CURRENT MAP
    87.5-180.0 180.0   5.0 450.0                            LAT/LON1/LON2/DLON/H
   65   80   84   87   89   88   89   85   85   86   85   85   85   84   83   82
   81   80   79   78   76   75   74   74   73   72   71   70   69   68   67   66
   65   64   63   62   61   60   59   58   57   57   56   56   56   56   56   57
   58   59   60   61   63   64   66   67   69   70   71   72   74   75   75   77
   78   80   78   76   81   85   97   93   65                                   
    85.0-180.0 180.0   5.0 450.0                            LAT/LON1/LON2/DLON/H
   72   93  107   92   92   96   95   95   94   95   94   93   92   91   90   88
   87   86   85   84   84   83   82   82   81   81   80   80   79   79   78   77
   76   75   74   72   71   70   68   67   66   64   64   63   62   62   62   63
   64   65   66   68   70   72   74   76   78   80   82   84   85   86   88   89
   91   92   88   85   89   94  103   99   72                                   
    82.5-180.0 180.0   5.0 450.0                            LAT/LON1/LON2/DLON/H
   70   85   96   85   85   86   86   86   85   85   84   83   81   79   77   75
   74   73   72   71   70   70   70   70   70   71   71   71   72   72   72   72
   71   70   69   68   66   64   62   60   58   56   55   53   52   51   51   52
   52   54   55   58   60   63   66   69   71   74   76   78   80   81   82   84
   85   86   82   79   86   97   98   95   70                                   
    80.0-180.0 180.0   5.0 450.0                            LAT/LON1/LON2/DLON/H
   64   74   85   75   76   74   75   73   74   73   71   70   67   65   63   61
   60   58   57   57   57   57   58   59   61   62   64   66   68   69   70   71
   71   71   70   69   67   65   62   60   56   53   50   48   46   44   43   43
   43   45   47   50   53   57   61   65   68   71   73   75   77   78   78   79
   80   80   78   75   77   87   89   90   64                                   
    77.5-180.0 180.0   5.0 450.0                            LAT/LON1/LON2/DLON/H
   65   68   70   62   63   63   63   62   62   61   58   57   55   53   51   49
   48   47   46   46   47   48   50   52   55   59   62   66   69   72   74   76
   77   77   77   77   75   73   70   66   61   57   52   48   44   41   38   37
   38   39   42   45   49   54   58   62   66   69   71   73   73   73   73   73
   72   70   68   66   65   68   74   75   65                                   
    75.0-180.0 180.0   5.0 450.0                            LAT/LON1/LON2/DLON/H
   47   54   54   52   53   54   53   51   51   50   48   46   44   42   41   39
   38   37   37   38   39   42   45   49   54   59   64   69   74   78   81   84
   87   88   90   90   89   87   84   80   75   69   63   57   51   47   43   40
   40   40   42   46   50   54   58   62   65   68   69   70   70   69   67   66
   64   62   60   56   57   56   59   55   47                                   
    72.5-180.0 180.0   5.0 450.0                            LAT/LON1/LON2/DLON/H
   43   48   47   46   46   48   48   46   45   43   41   39   38   36   35   34
   33   32   32   33   35   39   43   49   55   62   69   75   81   86   90   94
   98  101  103  105  106  105  103  100   94   88   80   73   65   59   53   49
   47   46   47   49   52   55   59   62   64   66   66   66   65   64   62   60
   57   55   54   50   51   51   53   54   43                                   
    70.0-180.0 180.0   5.0 450.0                            LAT/LON1/LON2/DLON/H
   38   43   46   46   46   47   46   45   44   43   40   39   38   37   36   35
   34   33   33   35   37   41   47   54   62   70   78   85   91   97  102  106
  110  115  119  122  124  125  124  121  116  109  101   92   84   75   68   62
   58   56   55   55   57   58   60   62   63   63   63   62   61   59   58   56
   53   51   51   48   49   49   55   55   38                                   
    67.5-180.0 180.0   5.0 450.0                            LAT/LON1/LON2/DLON/H
   36   42   45   46   46   48   49   48   47   46   44   43   42   41   41   40
   39   38   38   39   41   46   52   60   69   78   86   94  100  106  110  115
  120  125  130  135  138  140  140  137  133  127  119  110  101   92   83   76
   70   66   63   61   60   60   60   60   59   59   58   57   56   55   54   53
   52   50   50   46   48   48   52   52   36                                   
    65.0-180.0 180.0   5.0 450.0                            LAT/LON1/LON2/DLON/H
   34   41   43   45   46   48   49   50   50   49   48   47   47   47   47   46
   46   44   44   44   46   51   57   66   75   85   94  101  107  113  118  123
  129  135  140  146  149  152  152  150  146  140  133  125  116  106   97   88
   81   74   69   65   62   59   57   55   53   52   51   50   50   49   49   49
   49   48   49   47   49   50   53   54   34                                   
    62.5-180.0 180.0   5.0 450.0                            LAT/LON1/LON2/DLON/H
   31   37   39   42   43   45   47   49   49   49   49   50   50   51   52   52
   51   50   49   48   50   54   60   69   79   88   97  105  112  118  124  130
  137  143  149  155  158  160  160  158  154  149  142  135  126  117  108   98
   89   81   74   67   61   56   52   49   46   44   43   43   44   44   45   45
   46   46   47   46   47   47   49   51   31                                   
    60.0-180.0 180.0   5.0 450.0                            LAT/LON1/LON2/DLON/H
   28   33   33   36   36   38   40   42   44   45   46   48   49   51   52   53
   52   51   49   48   49   53   59   68   77   88   97  106  113  121  128  136
  144  152  158  163  165  166  164  161  157  152  147  140  133  124  115  105
   95   85   76   67   59   52   46   42   39   37   37   37   38   39   40   41
   41   41   43   43   45   43   44   45   28                                   
    57.5-180.0 180.0   5.0 450.0                            LAT/LON1/LON2/DLON/H
   26   28   27   30   30   30   33   35   38   40   41   44   46   49   50   51
   51   50   48   47   48   51   58   66   76   87   97  107  116  126  136  146
  156  164  171  175  176  175  172  168  163  158  153  148  142  134  125  115
  104   93   83   72   63   55   48   43   39   38   38   38   39   39   40   41
   41   41   43   42   44   41   40   40   26                                   
    55.0-180.0 180.0   5.0 450.0                            LAT/LON1/LON2/DLON/H
   26   26   24   27   26   25   27   29   32   34   36   39   42   44   46   47
   47   46   45   45   46   50   57   65   75   86   98  109  121  133  146  158
  169  178  185  188  188  186  181  176  171  166  162  158  153  146  137  127
  116  105   93   82   72   63   55   50   47   45   45   46   46   46   45   44
   43   43   45   44   46   41   39   39   26                                   
    52.5-180.0 180.0   5.0 450.0                            LAT/LON1/LON2/DLON/H
   30   29   26   27   26   25   26   27   29   31   33   36   38   40   42   43
   43   43   43   44   46   51   58   67   77   88  101  114  128  142  157  171
  183  193  199  202  201  198  193  187  182  178  174  170  166  159  151  141
  130  119  107   96   86   76   68   63   60   59   59   60   59   58   55   53
   51   49   51   50   52   47   44   42   30                                   
    50.0-180.0 180.0   5.0 450.0                            LAT/LON1/LON2/DLON/H
   40   38   34   34   32   31   30   30   31   32   33   35   36   38   39   40
   41   41   42   44   49   55   63   72   82   94  107  121  136  152  167  182
  194  203  209  212  212  210  206  201  196  192  188  184  180  174  165  156
  145  134  123  112  101   92   85   80   77   77   77   77   76   73   70   66
   62   59   60   59   61   58   56   52   40                                   
    47.5-180.0 180.0   5.0 450.0                            LAT/LON1/LON2/DLON/H
   54   53   49   49   46   45   41   39   39   39   38   38   39   39   39   40
   40   41   44   48   54   62   71   80   91  102  115  130  145  160  175  188
  199  208  214  218  220  219  218  215  211  207  203  198  193  186  178  168
  158  147  136  125  115  106   99   94   92   92   92   92   91   88   84   79
   74   71   71   70   72   73   72   67   54                                   
    45.0-180.0 180.0   5.0 450.0                            LAT/LON1/LON2/DLON/H
   69   71   67   69   65   63   58   54   51   50   48   47   45   44   43   43
   43   44   48   54   62   72   81   91  101  112  125  138  152  165  177  188
  197  205  212  218  223  227  228  228  225  221  216  211  204  197  188  178
  167  156  145  134  124  114  107  103  101  101  101  102  101   98   94   90
   85   82   81   80   83   88   88   83   69                                   
    42.5-180.0 180.0   5.0 450.0                            LAT/LON1/LON2/DLON/H
   81   86   84   88   85   83   76   71   67   64   61   59   56   54   51   50
   49   50   55   62   72   82   93  102  112  123  135  146  157  167  175  183
  190  199  207  217  226  234  239  241  239  235  229  222  214  206  196  185
  174  162  150  138  127  117  110  105  102  102  103  103  103  101   98   95
   91   87   86   85   89   96   98   95   81                                   
    40.0-180.0 180.0   5.0 450.0                            LAT/LON1/LON2/DLON/H
   85   93   93  100   98   97   90   85   80   78   75   73   69   66   63   60
   58   58   63   70   81   93  103  113  123  133  144  153  161  167  171  177
  184  193  205  219  233  245  253  257  256  251  244  235  226  217  206  195
  183  169  155  141  128  116  108  102   99   98   98   99   99   98   97   94
   90   86   85   83   87   94   97   96   85                                   
    37.5-180.0 180.0   5.0 450.0                            LAT/LON1/LON2/DLON/H
   80   90   91  101  101  100   95   92   89   87   85   84   81   78   74   70
   67   67   71   79   90  102  113  123  132  142  152  159  165  168  171  176
  185  198  214  232  249  264  274  279  278  272  263  254  245  235  225  213
  199  183  165  148  132  118  108  100   96   94   93   93   94   93   92   91
   87   82   79   76   78   83   86   87   80                                   
    35.0-180.0 180.0   5.0 450.0                            LAT/LON1/LON2/DLON/H
   71   79   81   91   93   93   91   90   89   90   90   91   90   88   85   81
   77   75   78   86   98  110  122  131  141  150  160  167  171  174  178  187
  201  219  240  261  280  295  305  309  307  301  293  284  275  266  256  244
  229  210  189  167  148  130  117  107  100   97   95   94   94   93   91   89
   84   77   73   68   68   68   70   73   71                                   
    32.5-180.0 180.0   5.0 450.0                            LAT/LON1/LON2/DLON/H
   61   67   67   76   78   78   79   81   83   86   90   93   95   95   92   88
   84   82   85   93  105  118  129  139  149  159  168  176  181  187  196  212
  233  258  284  307  326  339  347  349  346  340  333  326  319  312  304  292
  275  253  229  203  179  158  141  128  119  114  110  108  106  103  100   96
   89   79   73   64   62   57   59   61   61                                   
    30.0-180.0 180.0   5.0 450.0                            LAT/LON1/LON2/DLON/H
   54   57   55   62   63   63   64   67   72   78   85   91   95   97   96   93
   89   87   90   99  112  125  137  148  158  168  178  188  197  208  225  250
  280  313  342  366  383  393  397  396  393  388  383  379  376  372  366  355
  337  313  285  255  228  203  182  166  155  147  143  139  134  128  122  115
  104   92   83   70   66   57   56   56   54                                   
    27.5-180.0 180.0   5.0 450.0                            LAT/LON1/LON2/DLON/H
   54   55   49   53   53   51   52   56   61   68   76   84   90   94   95   93
   90   90   94  105  118  133  145  156  166  177  189  201  215  234  261  296
  336  375  408  431  444  449  449  446  443  441  440  441  441  441  437  427
  408  383  352  321  290  262  238  219  205  197  191  186  179  170  159  148
  133  118  105   88   81   68   64   60   54                                   
    25.0-180.0 180.0   5.0 450.0                            LAT/LON1/LON2/DLON/H
   63   62   51   53   51   48   47   49   54   60   68   76   83   88   90   90
   89   91   98  109  125  140  153  164  175  186  199  215  235  263  300  346
  394  438  472  492  500  499  495  491  490  492  497  502  507  510  508  499
  480  454  423  390  359  329  302  281  265  256  250  244  235  223  208  193
  174  156  138  118  108   91   84   74   63                                   
    22.5-180.0 180.0   5.0 450.0                            LAT/LON1/LON2/DLON/H
   82   79   64   62   58   53   51   50   53   57   63   69   75   80   83   84
   86   91  100  114  130  147  160  171  182  194  208  228  255  291  338  391
  445  491  522  538  540  535  528  524  527  534  545  556  565  570  569  560
  542  517  487  455  424  393  365  341  324  315  310  305  295  280  262  242
  220  200  177  156  143  123  113   99   82                                   
    20.0-180.0 180.0   5.0 450.0                            LAT/LON1/LON2/DLON/H
  109  105   85   79   72   65   61   58   58   60   62   66   70   73   76   79
   83   90  102  118  135  152  166  177  187  200  217  240  273  316  368  426
  480  524  551  561  557  548  541  541  548  562  578  592  604  609  609  600
  584  561  533  505  475  445  415  390  372  363  359  356  346  330  309  287
  263  242  216  195  179  159  145  129  109                                   
    17.5-180.0 180.0   5.0 450.0                            LAT/LON1/LON2/DLON/H
  138  133  111  101   91   80   75   69   68   67   66   66   68   70   72   75
   81   91  105  122  140  156  170  181  192  206  225  252  288  335  389  446
  496  534  554  558  551  542  537  540  553  572  592  608  619  624  622  614
  599  579  557  532  506  476  445  418  399  390  389  387  379  363  341  317
  292  272  245  227  208  189  174  158  138                                   
    15.0-180.0 180.0   5.0 450.0                            LAT/LON1/LON2/DLON/H
  159  155  135  121  108   94   89   82   77   74   71   69   69   69   71   74
   82   94  110  127  144  160  174  186  199  214  235  265  303  350  401  452
  494  523  536  536  529  521  521  530  548  570  590  606  614  616  612  604
  591  576  559  539  515  486  454  424  404  395  394  393  387  372  351  327
  303  284  258  242  224  205  191  176  159                                   
    12.5-180.0 180.0   5.0 450.0                            LAT/LON1/LON2/DLON/H
  167  165  151  135  119  104   99   91   85   80   75   72   71   70   72   76
   85   99  116  134  150  165  179  193  208  226  250  280  318  362  407  449
  481  501  509  507  501  498  503  518  539  561  580  592  597  595  589  581
  572  561  549  532  510  480  446  414  391  380  378  377  372  359  340  318
  296  278  256  242  224  208  193  180  167                                   
    10.0-180.0 180.0   5.0 450.0                            LAT/LON1/LON2/DLON/H
  162  162  154  138  123  108  104   96   89   83   77   74   72   72   74   80
   91  106  124  142  158  172  187  204  222  243  269  299  335  374  411  443
  466  478  482  480  479  483  494  512  535  555  571  578  578  573  566  559
  552  545  536  522  499  468  430  395  368  354  350  349  344  333  316  297
  278  262  244  230  214  199  185  173  162                                   
     7.5-180.0 180.0   5.0 450.0                            LAT/LON1/LON2/DLON/H
  151  151  146  131  119  106  104   97   91   84   78   75   73   74   77   84
   96  113  133  151  167  182  199  219  241  265  292  322  355  387  417  439
