data/edconvlstm_nd/pred1390.15i
     1.0            IONOSPHERE MAPS     GNSS                IONEX VERSION / TYPE
pyspatialgeodesy        IME             05-JAN-18 20:20     PGM / RUN BY / DATE 
Map Name                                                    COMMENT             
Predicted global ionosphere maps (GIM).                     DESCRIPTION         
  2015     5    19     0     0     0                        EPOCH OF FIRST MAP  
  2015     5    20     0     0     0                        EPOCH OF LAST MAP   
  7200                                                      INTERVAL            
    13                                                      # OF MAPS IN FILE   
  NONE                                                      MAPPING FUNCTION    
10.0                                                        ELEVATION CUTOFF    
One-way carrier phase leveled to code                       OBSERVABLES USED    
  6371.0                                                    BASE RADIUS         
 2                                                          MAP DIMENSION       
   450.0 450.0   0.0                                        HGT1 / HGT2 / DHGT  
    87.5 -87.5  -2.5                                        LAT1 / LAT2 / DLAT  
  -180.0 180.0   5.0                                        LON1 / LON2 / DLON  
    -1                                                      EXPONENT            
                                                            END OF HEADER       
[from data line 2574]
     7                                                      START OF TEC MAP    
  2015     5    19    12     0     0                        EPOCH OF CURRENT MAP
    87.5-180.0 180.0   5.0 450.0                            LAT/LON1/LON2/DLON/H
  200  189  182  188  192  195  196  196  200  202  203  205  207  208  209  211
  212  213  214  215  216  216  217  218  218  219  219  219  219  219  219  219
  218  217  216  215  214  212  210  208  207  205  203  201  199  197  195  194
  192  191  189  188  186  185  183  182  181  179  178  177  176  175  175  174
  174  175  173  174  180  182  185  193  200                                   
    85.0-180.0 180.0   5.0 450.0                            LAT/LON1/LON2/DLON/H
  182  177  185  185  188  194  198  202  206  210  212  215  218  220  222  224
  226  227  229  230  231  232  233  234  235  235  236  236  236  236  235  235
  234  233  231  229  227  225  222  219  216  213  210  207  205  202  199  197
  194  192  190  188  185  183  181  179  177  175  173  171  169  168  166  165
  166  167  163  165  167  166  172  183  182                                   
    82.5-180.0 180.0   5.0 450.0                            LAT/LON1/LON2/DLON/H
  160  167  170  171  176  185  191  197  203  208  213  217  221  224  227  230
  232  235  237  239  240  242  243  244  245  246  247  248  249  249  249  248
  248  246  244  242  239  236  233  229  225  221  216  212  208  205  201  198
  195  192  189  187  184  181  178  174  171  167  164  161  157  154  151  149
  147  146  143  147  148  155  159  152  160                                   
    80.0-180.0 180.0   5.0 450.0                            LAT/LON1/LON2/DLON/H
  155  157  160  164  168  176  184  191  198  204  209  213  217  221  224  226
  228  230  232  234  236  237  238  240  241  243  244  246  247  249  250  251
  251  250  249  248  245  242  239  235  231  226  222  218  215  212  209  206
  204  202  200  198  195  193  190  186  182  178  173  168  163  158  154  150
  146  143  139  141  140  139  147  140  155                                   
    77.5-180.0 180.0   5.0 450.0                            LAT/LON1/LON2/DLON/H
  160  155  158  162  166  174  181  188  195  201  205  210  214  217  219  222
  223  225  227  228  230  231  233  234  236  238  241  243  246  249  252  255
  257  259  259  259  258  255  252  248  244  240  236  233  230  228  226  225
  224  224  223  222  221  219  216  213  208  203  197  191  185  178  171  165
  159  154  147  147  148  142  144  145  160                                   
    75.0-180.0 180.0   5.0 450.0                            LAT/LON1/LON2/DLON/H
  163  158  156  161  164  171  177  182  189  194  198  201  204  207  209  210
  211  213  214  216  217  218  220  222  224  227  230  235  239  244  250  255
  259  263  266  267  267  265  263  259  256  252  248  245  244  243  243  244
  245  246  247  248  248  247  246  243  239  234  228  221  214  206  199  191
  183  176  167  161  158  153  152  149  163                                   
    72.5-180.0 180.0   5.0 450.0                            LAT/LON1/LON2/DLON/H
  168  163  160  163  164  169  174  178  183  187  190  192  194  196  197  198
  199  200  202  203  205  206  208  210  213  216  220  226  232  239  246  253
  260  266  271  274  275  275  272  269  266  262  259  256  255  256  257  259
  262  265  268  270  271  272  271  269  266  262  257  251  244  236  228  220
  211  202  192  184  176  168  166  165  168                                   
    70.0-180.0 180.0   5.0 450.0                            LAT/LON1/LON2/DLON/H
  177  170  165  166  163  165  168  171  175  177  179  181  182  183  184  184
  186  187  189  191  193  196  198  200  203  206  211  217  224  233  242  251
  260  268  274  278  280  280  278  275  271  267  264  262  261  262  264  266
  270  273  277  279  281  283  283  282  281  278  275  271  265  259  253  245
  236  227  216  206  195  186  183  181  177                                   
    67.5-180.0 180.0   5.0 450.0                            LAT/LON1/LON2/DLON/H
  185  179  172  170  165  165  166  166  169  171  172  174  174  175  175  176
  177  179  182  185  188  191  194  196  199  203  208  214  222  232  242  252
  262  271  278  283  286  286  284  281  277  273  269  267  266  267  268  271
  274  276  279  282  284  285  286  287  287  286  284  282  279  275  271  265
  257  249  237  226  213  201  196  193  185                                   
    65.0-180.0 180.0   5.0 450.0                            LAT/LON1/LON2/DLON/H
  191  184  175  171  162  160  159  158  160  162  164  165  166  167  167  168
  170  173  177  182  186  189  193  195  198  202  207  214  222  232  243  254
  264  274  281  287  289  289  287  284  279  275  272  270  268  268  269  270
  271  272  274  275  276  278  280  281  282  283  284  284  283  281  279  275
  268  261  250  239  226  213  207  203  191                                   
    62.5-180.0 180.0   5.0 450.0                            LAT/LON1/LON2/DLON/H
  193  187  177  169  158  154  151  149  151  153  155  157  159  160  161  163
  166  170  175  181  186  190  194  197  200  204  209  216  225  235  246  257
  267  277  284  289  291  291  289  286  282  278  275  273  271  270  270  269
  268  267  267  267  268  269  272  274  277  279  281  282  283  282  281  278
  273  267  256  246  232  218  211  206  193                                   
    60.0-180.0 180.0   5.0 450.0                            LAT/LON1/LON2/DLON/H
  194  185  174  164  151  144  140  137  138  141  144  147  150  152  154  157
  161  167  173  179  185  190  195  199  203  207  213  220  229  239  250  261
  270  279  286  290  293  293  291  288  285  282  279  278  276  275  273  270
  267  264  262  262  262  265  268  271  275  278  281  282  283  283  282  280
  274  268  257  246  232  219  211  204  194                                   
    57.5-180.0 180.0   5.0 450.0                            LAT/LON1/LON2/DLON/H
  193  183  171  159  144  135  129  125  125  128  132  136  140  144  147  151
  157  163  170  178  184  191  196  201  205  211  217  225  235  245  255  265
  274  282  288  292  294  295  294  293  291  289  287  286  285  283  280  276
  272  268  265  263  264  267  271  276  280  284  286  288  289  288  286  283
  277  270  258  246  232  217  207  201  193                                   
    55.0-180.0 180.0   5.0 450.0                            LAT/LON1/LON2/DLON/H
  192  180  169  155  139  128  120  114  113  115  119  124  129  134  139  145
  152  160  168  176  184  191  197  203  209  216  224  232  242  252  262  271
  279  285  291  295  298  300  300  300  299  298  298  298  297  296  292  288
  282  277  274  273  274  277  282  288  292  296  298  299  298  297  294  290
  283  275  261  248  232  216  205  198  192                                   
    52.5-180.0 180.0   5.0 450.0                            LAT/LON1/LON2/DLON/H
  194  180  170  156  138  126  116  108  105  105  108  113  118  124  131  139
  148  158  167  176  185  193  201  209  216  224  232  242  252  262  271  279
  285  291  296  300  304  307  310  311  311  312  312  313  313  311  308  303
  297  292  288  287  289  292  298  303  307  310  312  311  310  308  305  300
  292  282  268  253  236  217  205  198  194                                   
    50.0-180.0 180.0   5.0 450.0                            LAT/LON1/LON2/DLON/H
  196  183  174  161  144  130  118  108  103  101  102  105  111  117  126  135
  146  158  169  180  190  199  209  218  227  236  245  254  263  273  281  289
  294  299  304  309  315  320  324  326  327  328  329  330  329  328  324  319
  313  308  304  303  304  307  312  316  320  322  322  321  319  317  313  309
  301  292  277  261  243  222  209  201  196                                   
    47.5-180.0 180.0   5.0 450.0                            LAT/LON1/LON2/DLON/H
  200  189  181  170  154  139  126  114  106  102  100  102  107  114  124  135
  148  161  174  186  198  210  221  232  242  251  260  268  277  285  293  300
  305  310  315  322  330  337  343  347  348  349  348  348  346  344  339  334
  329  323  319  316  315  317  319  323  325  326  326  324  322  319  317  313
  307  299  285  269  250  229  214  206  200                                   
    45.0-180.0 180.0   5.0 450.0                            LAT/LON1/LON2/DLON/H
  202  194  188  179  165  152  138  125  115  108  105  105  109  116  126  139
  154  168  183  196  210  223  237  249  260  269  276  283  291  299  306  313
  319  324  331  340  351  360  368  372  373  372  370  367  363  358  353  347
  342  336  330  325  321  320  320  320  321  321  320  318  316  314  313  312
  307  301  289  274  255  234  220  211  202                                   
    42.5-180.0 180.0   5.0 450.0                            LAT/LON1/LON2/DLON/H
  201  197  192  186  175  163  151  137  126  118  113  112  115  122  133  147
  162  177  193  207  222  238  253  267  278  286  292  297  304  311  319  327
  334  341  351  363  376  389  398  402  402  399  394  387  381  373  367  360
  354  347  340  332  325  320  316  315  314  313  312  309  307  305  305  305
  302  298  288  273  255  236  223  212  201                                   
    40.0-180.0 180.0   5.0 450.0                            LAT/LON1/LON2/DLON/H
  198  198  194  189  181  171  160  148  138  130  124  122  125  132  143  156
  172  187  203  218  235  251  268  283  294  301  306  309  315  322  332  342
  351  362  374  390  406  421  431  435  434  429  420  411  400  391  382  375
  369  362  353  343  333  325  319  316  314  312  309  306  302  299  298  297
  295  291  282  269  252  235  223  210  198                                   
    37.5-180.0 180.0   5.0 450.0                            LAT/LON1/LON2/DLON/H
  194  198  192  187  182  174  166  156  147  140  135  133  136  142  153  167
  181  196  212  227  244  262  280  295  306  312  315  318  323  332  344  357
  370  384  401  420  439  456  467  471  469  462  451  438  425  413  404  398
  392  385  377  366  355  345  337  333  329  327  323  318  312  305  301  297
  292  287  278  264  248  232  222  207  194                                   
    35.0-180.0 180.0   5.0 450.0                            LAT/LON1/LON2/DLON/H
  192  197  190  184  180  172  166  159  153  147  144  143  146  153  163  176
  189  203  218  234  251  269  287  302  313  318  320  323  329  340  355  372
  390  409  429  451  473  490  502  507  504  496  484  469  455  444  435  431
  427  423  416  406  395  386  379  374  370  366  360  351  341  329  319  309
  299  290  278  264  247  232  222  205  192                                   
    32.5-180.0 180.0   5.0 450.0                            LAT/LON1/LON2/DLON/H
  195  199  190  183  178  170  165  159  155  152  150  151  154  161  171  182
  194  208  222  237  254  271  289  304  314  319  322  326  334  348  367  389
  411  434  458  482  504  523  534  539  537  530  518  505  492  482  477  476
  476  476  473  467  459  452  447  443  438  432  422  409  393  374  355  337
  320  305  289  271  253  237  227  208  195                                   
    30.0-180.0 180.0   5.0 450.0                            LAT/LON1/LON2/DLON/H
  205  207  195  185  178  170  165  159  156  155  155  157  160  167  175  186
  197  209  223  238  254  271  287  301  311  317  322  328  340  357  380  406
  432  458  485  510  531  548  560  565  565  560  552  541  532  527  527  532
  538  544  546  545  543  541  539  536  531  521  507  488  464  436  408  380
  353  332  310  287  267  250  238  218  205                                   
    27.5-180.0 180.0   5.0 450.0                            LAT/LON1/LON2/DLON/H
  223  221  206  193  184  174  168  162  159  159  159  161  165  170  178  187
  197  209  222  237  252  268  283  296  307  315  323  333  348  369  394  422
  451  480  507  531  551  566  576  583  586  585  582  576  573  574  581  592
  606  617  625  630  634  637  639  637  630  618  599  574  543  507  469  431
  395  366  339  312  289  270  257  237  223                                   
    25.0-180.0 180.0   5.0 450.0                            LAT/LON1/LON2/DLON/H
  248  244  226  209  197  184  176  169  165  164  164  166  169  173  179  187
  196  208  220  235  249  263  277  290  302  314  326  340  358  382  409  438
  468  497  523  545  563  575  584  592  599  603  605  607  610  618  631  648
  666  682  694  703  711  717  721  719  711  696  674  645  610  569  524  478
  435  401  370  340  316  296  282  262  248                                   
    22.5-180.0 180.0   5.0 450.0                            LAT/LON1/LON2/DLON/H
  277  273  254  233  216  201  189  180  175  173  172  172  173  176  180  186
  195  205  217  231  244  257  270  284  299  316  333  351  372  396  424  452
  481  509  534  554  568  578  586  596  606  615  623  630  639  652  669  689
  708  725  737  747  754  761  764  761  750  733  710  681  645  603  557  508
  462  426  395  364  341  321  309  290  277                                   
    20.0-180.0 180.0   5.0 450.0                            LAT/LON1/LON2/DLON/H
  304  304  285  261  240  223  208  196  188  184  181  179  179  179  182  186
  193  202  213  226  238  249  262  279  298  320  342  365  387  412  438  465
  493  519  542  560  572  580  588  599  612  625  636  646  659  674  691  709
  726  739  749  756  761  765  764  757  743  724  700  673  640  602  558  512
  468  436  409  379  359  341  333  315  304                                   
    17.5-180.0 180.0   5.0 450.0                            LAT/LON1/LON2/DLON/H
  324  328  312  288  264  246  228  214  203  196  190  187  184  183  183  185
  190  198  208  219  230  241  255  274  299  326  353  379  403  428  453  478
  504  529  551  567  578  585  594  607  622  636  648  659  671  684  698  712
  723  731  736  739  739  737  732  720  702  681  657  632  603  568  531  491
  454  427  407  383  368  353  348  332  324                                   
    15.0-180.0 180.0   5.0 450.0                            LAT/LON1/LON2/DLON/H
  333  341  327  305  281  263  246  230  217  206  198  193  189  185  184  184
  187  193  202  211  221  233  249  271  301  333  364  393  419  444  468  493
  518  542  563  579  590  598  609  623  637  651  661  669  678  687  695  703
  708  710  709  706  701  693  683  668  648  626  602  577  550  519  486  452
  423  404  392  376  368  356  354  339  333                                   
    12.5-180.0 180.0   5.0 450.0                            LAT/LON1/LON2/DLON/H
  333  342  330  310  287  270  254  239  225  213  203  195  190  185  182  180
  181  186  194  203  213  226  244  270  303  339  374  406  434  460  485  510
  535  559  580  597  609  619  632  646  660  670  676  680  683  686  688  688
  687  685  679  671  661  650  636  619  600  578  555  530  502  471  439  409
  385  373  369  361  359  351  352  336  333                                   
    10.0-180.0 180.0   5.0 450.0                            LAT/LON1/LON2/DLON/H
  327  336  323  303  284  267  253  240  226  213  202  193  186  181  176  174
  174  178  185  195  206  220  241  270  307  346  384  418  448  476  503  529
  555  580  601  618  632  646  660  673  684  690  691  688  686  683  679  674
  669  663  655  645  633  619  604  589  571  552  531  506  475  441  406  375
  353  344  345  343  346  341  343  328  327                                   
     7.5-180.0 180.0   5.0 450.0                            LAT/LON1/LON2/DLON/H
  319  325  311  292  274  257  246  234  221  208  196  186  179  173  168  165
  165  169  177  188  201  218  241  273  311  352  392  428  461  491  520  549
