data/edconvlstm_nd/pred1700.15i
     1.0            IONOSPHERE MAPS     GNSS                IONEX VERSION / TYPE
pyspatialgeodesy        IME             05-JAN-18 20:20     PGM / RUN BY / DATE 
Map Name                                                    COMMENT             
Predicted global ionosphere maps (GIM).                     DESCRIPTION         
  2015     6    19     0     0     0                        EPOCH OF FIRST MAP  
  2015     6    20     0     0     0                        EPOCH OF LAST MAP   
  7200                                                      INTERVAL            
    13                                                      # OF MAPS IN FILE   
  NONE                                                      MAPPING FUNCTION    
10.0                                                        ELEVATION CUTOFF    
One-way carrier phase leveled to code                       OBSERVABLES USED    
  6371.0                                                    BASE RADIUS         
 2                                                          MAP DIMENSION       
   450.0 450.0   0.0                                        HGT1 / HGT2 / DHGT  
    87.5 -87.5  -2.5                                        LAT1 / LAT2 / DLAT  
  -180.0 180.0   5.0                                        LON1 / LON2 / DLON  
    -1                                                      EXPONENT            
                                                            END OF HEADER       
[from data line 858]
     3                                                      START OF TEC MAP    
  2015     6    19     4     0     0                        EPOCH OF CURRENT MAP
    87.5-180.0 180.0   5.0 450.0                            LAT/LON1/LON2/DLON/H
  165  165  166  169  170  167  165  163  163  164  164  164  164  164  164  164
  164  163  163  162  161  160  160  159  158  157  156  155  154  153  152  151
  151  150  150  149  149  149  149  149  149  149  150  150  151  152  153  154
  155  156  157  158  159  160  160  161  162  162  163  163  163  163  162  163
  163  165  164  164  167  166  164  156  165                                   
    85.0-180.0 180.0   5.0 450.0                            LAT/LON1/LON2/DLON/H
  170  176  169  174  177  175  175  175  175  175  175  175  175  175  175  175
  174  174  173  172  171  170  169  168  167  165  164  163  162  160  159  159
  158  157  156  156  155  155  155  155  155  155  156  157  158  159  160  161
  163  164  166  168  169  171  172  173  174  175  176  176  176  176  176  176
  177  178  174  176  171  170  168  161  170                                   
    82.5-180.0 180.0   5.0 450.0                            LAT/LON1/LON2/DLON/H
  177  178  179  175  176  176  176  176  177  177  177  177  177  177  177  177
  176  175  175  173  172  170  169  167  165  163  161  159  157  156  155  153
  152  151  151  150  149  149  149  149  149  150  150  151  153  155  157  159
  161  163  166  168  171  173  175  177  178  179  180  181  181  180  180  180
  180  179  175  177  179  170  167  157  177                                   
    80.0-180.0 180.0   5.0 450.0                            LAT/LON1/LON2/DLON/H
  176  177  170  170  172  172  175  176  176  176  175  175  175  175  175  174
  173  173  171  170  168  166  163  160  158  155  152  150  148  146  145  144
  143  142  141  141  141  140  141  141  141  142  144  145  148  150  153  157
  160  163  167  170  173  176  178  181  183  184  185  185  185  184  183  183
  182  180  175  177  179  174  176  158  176                                   
    77.5-180.0 180.0   5.0 450.0                            LAT/LON1/LON2/DLON/H
  175  174  169  171  170  172  176  177  177  176  175  175  174  173  172  172
  171  170  169  167  164  161  158  154  151  147  144  141  139  137  136  135
  135  135  136  136  136  136  136  137  138  139  141  144  147  151  155  159
  163  168  172  176  179  182  185  187  189  191  191  191  191  189  188  187
  184  182  176  177  178  171  170  162  175                                   
    75.0-180.0 180.0   5.0 450.0                            LAT/LON1/LON2/DLON/H
  170  172  166  170  170  173  176  177  177  175  173  172  170  168  167  166
  165  164  162  160  157  154  149  145  140  135  131  128  126  125  124  125
  126  127  129  130  131  131  132  133  134  136  139  143  147  151  156  162
  167  171  176  179  183  186  188  190  191  192  193  193  192  191  189  187
  184  181  176  171  171  167  166  162  170                                   
    72.5-180.0 180.0   5.0 450.0                            LAT/LON1/LON2/DLON/H
  167  172  169  172  174  177  181  182  182  180  176  174  170  168  165  164
  163  162  160  158  155  151  146  140  134  129  124  121  119  119  120  122
  125  128  130  133  134  136  137  138  140  143  147  151  156  162  168  173
  178  183  186  189  191  193  194  195  196  197  197  197  196  195  193  192
  189  186  181  177  174  168  165  162  167                                   
    70.0-180.0 180.0   5.0 450.0                            LAT/LON1/LON2/DLON/H
  170  172  170  172  175  178  182  184  184  181  177  174  169  165  162  160
  158  157  156  154  151  146  140  133  126  120  115  112  111  112  115  119
  123  127  131  134  137  139  141  142  145  148  153  158  164  171  177  183
  187  191  193  194  194  193  193  193  193  194  194  194  194  193  192  191
  188  186  182  179  176  171  169  165  170                                   
    67.5-180.0 180.0   5.0 450.0                            LAT/LON1/LON2/DLON/H
  169  171  168  170  173  177  181  183  183  181  177  173  167  162  158  155
  153  152  151  149  145  140  134  126  119  113  108  106  106  108  111  116
  121  127  131  135  139  141  144  146  149  154  159  165  172  179  185  190
  194  195  195  193  191  189  186  185  185  185  186  187  187  187  186  187
  185  184  181  178  177  172  170  167  169                                   
    65.0-180.0 180.0   5.0 450.0                            LAT/LON1/LON2/DLON/H
  169  170  165  167  170  173  178  180  182  180  176  172  167  161  156  153
  150  148  147  145  141  136  129  122  115  109  106  104  105  108  112  117
  123  129  134  139  142  146  149  152  156  162  168  175  182  188  194  198
  200  199  197  193  188  183  180  178  177  177  179  180  181  182  182  183
  183  183  181  180  180  176  175  172  169                                   
    62.5-180.0 180.0   5.0 450.0                            LAT/LON1/LON2/DLON/H
  170  171  165  165  167  170  174  176  179  178  175  172  167  162  156  152
  148  146  144  141  138  132  126  119  113  109  107  106  108  111  116  121
  126  132  137  142  146  150  154  159  164  171  178  185  192  198  203  205
  206  203  199  193  186  180  176  173  172  173  174  176  178  178  179  181
  182  183  183  182  183  181  181  178  170                                   
    60.0-180.0 180.0   5.0 450.0                            LAT/LON1/LON2/DLON/H
  173  173  167  165  166  166  170  171  174  173  172  170  166  161  156  151
  147  143  141  138  134  129  123  118  113  111  110  111  114  117  121  124
  129  133  138  143  148  154  159  165  172  179  187  194  201  206  210  211
  210  207  201  194  187  180  175  173  172  173  174  175  177  177  178  180
  181  183  184  184  186  185  187  184  173                                   
    57.5-180.0 180.0   5.0 450.0                            LAT/LON1/LON2/DLON/H
  180  180  173  170  169  167  169  169  170  169  169  168  165  161  156  151
  146  142  139  135  131  127  122  118  115  115  116  119  121  124  127  129
  131  135  139  144  150  157  164  172  181  189  197  204  210  215  218  218
  217  213  208  201  194  187  182  180  179  179  180  180  180  180  180  181
  182  185  187  188  191  191  194  192  180                                   
    55.0-180.0 180.0   5.0 450.0                            LAT/LON1/LON2/DLON/H
  190  191  184  180  177  173  173  170  169  167  166  166  163  160  155  150
  146  142  138  134  131  127  123  120  120  121  124  127  130  132  133  133
  133  135  139  144  151  160  169  179  189  198  207  214  220  223  226  227
  226  223  219  213  207  201  196  193  191  190  190  189  187  185  184  185
  185  188  190  192  195  197  201  199  190                                   
    52.5-180.0 180.0   5.0 450.0                            LAT/LON1/LON2/DLON/H
  202  204  199  194  191  186  183  177  174  169  166  165  162  159  155  151
  146  142  139  136  133  130  127  126  127  129  133  136  139  139  138  136
  135  135  138  144  153  163  174  186  197  207  216  224  229  233  236  237
  238  237  235  231  225  220  214  210  207  205  202  199  196  192  189  189
  189  191  194  196  199  202  206  206  202                                   
    50.0-180.0 180.0   5.0 450.0                            LAT/LON1/LON2/DLON/H
  214  218  214  211  208  202  198  190  184  176  170  166  163  160  156  152
  148  145  143  141  139  138  136  136  137  139  143  146  147  146  143  140
  137  136  139  145  154  166  179  192  205  216  226  233  239  244  248  251
  254  255  255  252  247  241  235  229  225  220  215  209  204  199  195  194
  194  196  198  200  203  206  211  211  214                                   
    47.5-180.0 180.0   5.0 450.0                            LAT/LON1/LON2/DLON/H
  223  229  227  226  224  219  215  206  197  186  177  171  166  161  157  154
  151  150  149  149  149  148  148  148  149  151  153  155  154  152  148  143
  139  138  141  147  156  168  182  197  211  223  234  242  249  255  261  266
  271  275  275  273  268  261  253  246  239  232  225  218  210  204  200  199
  199  201  203  205  207  209  214  214  223                                   
    45.0-180.0 180.0   5.0 450.0                            LAT/LON1/LON2/DLON/H
  228  234  234  235  236  232  229  221  211  198  187  178  171  165  160  157
  155  155  156  158  160  161  161  162  162  163  163  162  160  157  152  147
  143  142  144  149  158  170  185  200  215  229  241  250  259  266  274  281
  288  293  294  291  285  277  267  258  249  241  233  224  216  209  205  204
  204  207  209  210  212  212  216  216  228                                   
    42.5-180.0 180.0   5.0 450.0                            LAT/LON1/LON2/DLON/H
  230  234  233  235  238  237  237  231  222  209  196  186  177  170  165  161
  159  160  163  167  171  173  175  175  175  174  172  169  166  162  157  153
  149  147  148  152  160  171  186  201  217  232  245  257  267  276  285  294
  302  307  308  304  297  287  276  266  257  249  240  231  222  215  211  210
  211  214  216  217  218  217  220  219  230                                   
    40.0-180.0 180.0   5.0 450.0                            LAT/LON1/LON2/DLON/H
  229  230  228  228  233  232  236  234  228  217  205  194  184  176  170  166
  164  166  169  174  180  184  187  187  186  184  180  176  171  167  163  160
  157  154  154  157  163  172  185  201  217  233  248  260  272  283  294  304
  312  316  316  312  303  293  282  273  265  258  250  242  233  226  221  219
  220  223  225  226  226  224  226  225  229                                   
    37.5-180.0 180.0   5.0 450.0                            LAT/LON1/LON2/DLON/H
  232  229  223  220  223  223  229  230  229  220  211  201  192  183  176  171
  169  170  174  180  186  192  195  197  196  192  188  182  177  173  170  167
  165  162  161  161  165  173  184  199  216  232  247  261  274  286  298  308
  316  321  320  315  307  298  290  283  278  273  267  260  251  242  236  233
  232  235  237  239  239  236  238  235  232                                   
    35.0-180.0 180.0   5.0 450.0                            LAT/LON1/LON2/DLON/H
  242  235  225  217  217  215  221  224  226  221  215  208  200  192  184  178
  175  174  177  183  190  196  202  204  204  201  195  189  184  180  177  175
  172  170  167  166  167  173  183  196  212  229  244  258  271  284  297  308
  317  321  321  318  313  308  303  301  299  297  293  287  277  267  258  252
  249  251  253  256  257  254  257  254  242                                   
    32.5-180.0 180.0   5.0 450.0                            LAT/LON1/LON2/DLON/H
  265  255  242  229  223  217  220  222  225  223  220  215  209  201  193  186
  180  178  180  184  191  199  206  211  212  209  203  197  190  186  183  180
  178  175  172  169  169  172  180  192  206  222  237  251  265  278  292  304
  313  319  322  323  323  323  324  325  328  329  327  321  310  297  285  275
  269  269  272  276  278  279  282  280  265                                   
    30.0-180.0 180.0   5.0 450.0                            LAT/LON1/LON2/DLON/H
  302  291  277  259  248  236  234  232  233  230  227  224  219  212  203  195
  187  183  182  186  193  202  211  217  219  216  211  203  196  190  186  182
  180  177  173  170  168  169  175  184  198  212  227  241  254  268  282  296
  307  317  324  330  336  343  350  357  362  365  365  358  347  331  315  301
  292  290  293  298  303  307  312  312  302                                   
    27.5-180.0 180.0   5.0 450.0                            LAT/LON1/LON2/DLON/H
  351  342  327  308  292  276  267  258  252  246  241  237  232  225  215  205
  195  188  185  188  195  206  217  224  226  223  217  208  200  191  185  180
  176  173  170  166  164  163  166  174  185  198  213  227  241  256  271  287
  301  314  327  340  353  367  379  390  398  402  401  394  381  364  345  328
  316  312  315  321  328  337  345  347  351                                   
    25.0-180.0 180.0   5.0 450.0                            LAT/LON1/LON2/DLON/H
  406  402  389  372  354  335  318  300  286  273  263  256  249  240  228  215
  203  193  189  191  200  212  224  231  233  229  220  210  198  187  178  171
  167  164  162  159  155  153  154  159  169  182  196  212  227  243  260  279
  297  315  333  352  371  390  406  418  426  430  429  422  409  391  371  353
  339  334  336  344  352  366  376  380  406                                   
    22.5-180.0 180.0   5.0 450.0                            LAT/LON1/LON2/DLON/H
  457  460  450  441  424  405  382  356  332  310  293  280  269  257  243  227
  212  200  195  197  206  220  232  239  238  231  219  206  192  178  167  158
  153  151  150  147  143  139  138  141  150  164  180  197  215  233  253  274
  296  318  340  363  386  407  424  436  443  446  444  438  426  410  392  375
  361  355  357  365  374  391  401  408  457                                   
    20.0-180.0 180.0   5.0 450.0                            LAT/LON1/LON2/DLON/H
  492  503  499  501  489  474  447  415  382  351  326  307  291  275  257  239
  221  208  202  204  215  228  240  244  239  227  212  195  179  164  151  142
  137  135  135  133  128  123  120  123  132  147  166  186  207  228  250  274
  298  323  348  373  396  416  430  440  445  448  447  442  434  422  408  394
  382  377  378  385  393  411  420  426  492                                   
    17.5-180.0 180.0   5.0 450.0                            LAT/LON1/LON2/DLON/H
  507  522  525  539  535  526  500  466  427  389  357  333  312  292  272  251
  231  217  210  213  224  236  245  245  235  218  198  180  162  147  134  125
  120  119  119  117  112  107  103  106  116  133  155  180  204  227  252  277
  304  330  355  378  399  415  427  434  438  441  442  441  437  431  422  413
  404  399  400  404  409  425  431  436  507                                   
    15.0-180.0 180.0   5.0 450.0                            LAT/LON1/LON2/DLON/H
  502  518  526  546  552  549  528  496  455  414  378  351  328  306  284  261
  241  226  219  222  232  242  246  240  224  202  180  160  144  130  118  109
  105  104  104  102   97   92   90   93  105  124  149  177  204  230  256  282
  309  335  358  379  396  409  418  424  429  434  437  440  440  439  436  432
  427  423  423  424  425  435  438  439  502                                   
    12.5-180.0 180.0   5.0 450.0                            LAT/LON1/LON2/DLON/H
  484  496  505  525  539  541  525  498  460  419  384  357  334  313  291  269
  250  235  228  230  237  244  242  230  208  183  159  140  126  114  104   97
   94   92   91   89   86   82   81   85   98  119  147  176  206  233  260  286
  312  336  358  376  391  402  410  418  425  432  438  444  448  451  453  453
  450  448  447  444  440  443  442  439  484                                   
    10.0-180.0 180.0   5.0 450.0                            LAT/LON1/LON2/DLON/H
  462  468  475  488  505  509  497  475  441  404  372  348  328  309  291  272
  255  242  236  236  239  240  233  214  188  161  138  121  110  102   95   90
   86   84   83   81   78   76   77   83   96  118  146  177  207  234  261  286
  311  334  354  371  386  397  407  418  430  440  449  457  463  468  472  475
  474  473  471  465  456  453  447  442  462                                   
     7.5-180.0 180.0   5.0 450.0                            LAT/LON1/LON2/DLON/H
  446  445  447  450  464  466  457  438  409  377  348  328  311  296  282  267
  255  245  239  237  236  231  217  194  166  140  119  106   99   94   90   86
