data/edconvlstm_nd/pred1740.15i
     1.0            IONOSPHERE MAPS     GNSS                IONEX VERSION / TYPE
pyspatialgeodesy        IME             05-JAN-18 20:20     PGM / RUN BY / DATE 
Map Name                                                    COMMENT             
Predicted global ionosphere maps (GIM).                     DESCRIPTION         
  2015     6    23     0     0     0                        EPOCH OF FIRST MAP  
  2015     6    24     0     0     0                        EPOCH OF LAST MAP   
  7200                                                      INTERVAL            
    13                                                      # OF MAPS IN FILE   
  NONE                                                      MAPPING FUNCTION    
10.0                                                        ELEVATION CUTOFF    
One-way carrier phase leveled to code                       OBSERVABLES USED    
  6371.0                                                    BASE RADIUS         
 2                                                          MAP DIMENSION       
   450.0 450.0   0.0                                        HGT1 / HGT2 / DHGT  
    87.5 -87.5  -2.5                                        LAT1 / LAT2 / DLAT  
  -180.0 180.0   5.0                                        LON1 / LON2 / DLON  
    -1                                                      EXPONENT            
                                                            END OF HEADER       
[from data line 2574]
     7                                                      START OF TEC MAP    
  2015     6    23    12     0     0                        EPOCH OF CURRENT MAP
    87.5-180.0 180.0   5.0 450.0                            LAT/LON1/LON2/DLON/H
  159  156  149  151  154  154  151  149  150  150  150  150  150  149  150  150
  150  150  151  151  152  153  154  155  156  157  158  159  160  161  162  163
  164  166  167  167  168  169  169  170  170  170  170  170  170  169  169  168
  168  167  166  165  164  163  162  161  161  160  159  158  157  156  155  154
  153  154  152  150  154  150  154  158  159                                   
    85.0-180.0 180.0   5.0 450.0                            LAT/LON1/LON2/DLON/H
  151  152  159  154  154  156  155  155  155  154  153  153  152  152  152  152
  152  153  154  155  156  157  158  159  161  162  164  165  167  169  170  172
  173  174  176  177  178  178  179  179  179  179  179  179  178  178  177  176
  175  174  173  172  171  170  169  168  167  166  165  164  163  162  161  160
  160  161  156  154  151  145  150  155  151                                   
    82.5-180.0 180.0   5.0 450.0                            LAT/LON1/LON2/DLON/H
  137  152  151  147  147  151  151  150  149  148  147  146  145  144  144  144
  145  146  147  149  151  153  155  157  159  161  164  166  168  170  172  174
  176  178  180  181  183  184  184  184  185  184  184  183  182  181  180  179
  178  177  175  174  172  171  169  167  166  164  162  161  159  158  156  155
  154  153  149  150  146  147  144  134  137                                   
    80.0-180.0 180.0   5.0 450.0                            LAT/LON1/LON2/DLON/H
  132  144  145  145  143  144  143  143  143  141  139  137  136  135  134  134
  135  136  138  140  143  145  148  150  153  155  158  160  162  165  167  170
  172  175  177  179  181  182  183  184  184  184  183  183  182  181  180  179
  178  176  175  173  172  170  168  166  163  161  158  156  154  152  150  148
  148  146  142  142  137  136  139  129  132                                   
    77.5-180.0 180.0   5.0 450.0                            LAT/LON1/LON2/DLON/H
  135  143  144  144  143  144  142  142  141  138  135  133  131  130  129  130
  131  133  135  139  142  145  148  151  153  156  158  160  162  164  167  170
  173  176  179  182  184  186  187  188  188  188  187  187  186  185  184  184
  183  182  181  179  177  175  173  170  167  164  161  158  155  152  149  147
  145  143  138  138  138  133  133  131  135                                   
    75.0-180.0 180.0   5.0 450.0                            LAT/LON1/LON2/DLON/H
  131  141  137  140  140  142  140  139  138  135  131  129  127  125  125  126
  128  130  134  138  142  145  148  151  153  154  155  157  158  160  163  166
  170  174  178  181  184  187  188  189  189  188  188  187  187  186  186  186
  186  186  185  184  183  181  178  175  172  169  165  161  157  154  150  148
  145  142  138  134  133  129  130  123  131                                   
    72.5-180.0 180.0   5.0 450.0                            LAT/LON1/LON2/DLON/H
  128  137  133  137  136  139  138  137  135  132  129  126  124  123  123  124
  127  131  135  140  144  148  151  152  153  153  153  154  154  156  159  163
  167  172  177  181  185  187  189  189  189  189  188  187  187  187  188  188
  189  189  189  189  188  186  184  181  178  174  170  166  162  158  154  151
  148  144  139  135  131  126  126  122  128                                   
    70.0-180.0 180.0   5.0 450.0                            LAT/LON1/LON2/DLON/H
  127  133  129  132  131  133  132  131  130  128  125  122  121  120  121  123
  127  131  136  141  146  149  152  152  152  151  150  149  149  151  154  159
  164  170  176  181  185  187  189  189  189  188  187  186  186  187  188  189
  190  191  191  191  190  189  187  184  181  178  174  170  167  163  160  157
  153  149  143  138  133  126  127  122  127                                   
    67.5-180.0 180.0   5.0 450.0                            LAT/LON1/LON2/DLON/H
  127  131  127  129  127  129  128  127  127  125  122  121  120  120  122  125
  129  133  139  144  148  151  153  153  152  150  148  146  146  148  152  157
  164  170  177  182  186  189  191  191  191  190  189  189  189  189  190  192
  193  194  194  194  193  192  190  188  185  183  180  177  174  171  168  165
  161  157  151  145  137  129  127  123  127                                   
    65.0-180.0 180.0   5.0 450.0                            LAT/LON1/LON2/DLON/H
  129  132  126  127  123  124  122  122  122  121  120  119  120  121  123  126
  131  135  140  145  149  151  153  152  151  149  147  146  147  149  154  160
  167  175  181  187  191  194  195  195  195  195  194  194  194  194  195  196
  196  197  196  196  195  194  192  191  189  188  186  184  182  180  178  176
  172  169  162  155  147  137  134  130  129                                   
    62.5-180.0 180.0   5.0 450.0                            LAT/LON1/LON2/DLON/H
  134  134  127  126  120  119  117  116  117  116  116  117  119  121  124  128
  132  136  140  143  147  149  150  151  151  150  149  149  151  155  160  167
  174  182  188  193  197  199  201  201  201  201  201  201  202  202  202  202
  201  200  199  198  197  196  195  195  194  193  193  192  191  189  188  186
  183  180  174  166  158  146  142  138  134                                   
    60.0-180.0 180.0   5.0 450.0                            LAT/LON1/LON2/DLON/H
  139  137  129  126  117  116  112  110  111  111  111  114  117  120  124  127
  131  134  136  139  142  144  146  148  150  152  153  156  159  164  170  177
  184  191  197  201  204  206  207  208  209  210  211  211  211  211  210  209
  207  205  203  201  199  199  199  199  199  199  199  199  198  198  196  195
  192  189  183  176  167  155  151  146  139                                   
    57.5-180.0 180.0   5.0 450.0                            LAT/LON1/LON2/DLON/H
  144  141  133  127  117  114  109  106  106  105  106  109  113  117  122  125
  128  130  132  133  135  138  142  146  151  155  160  165  170  177  183  190
  197  203  207  210  212  214  215  216  218  220  222  223  223  222  221  218
  215  211  208  205  204  204  204  205  206  207  207  207  206  205  204  202
  199  196  190  183  175  163  158  154  144                                   
    55.0-180.0 180.0   5.0 450.0                            LAT/LON1/LON2/DLON/H
  147  142  135  129  117  113  108  104  102  101  101  104  108  112  117  121
  124  125  126  127  129  132  138  144  152  160  168  176  183  190  197  204
  210  214  217  219  221  222  223  225  228  231  233  235  235  234  231  228
  223  219  215  212  211  211  212  213  214  215  215  214  213  211  209  207
  203  199  193  185  177  166  160  157  147                                   
    52.5-180.0 180.0   5.0 450.0                            LAT/LON1/LON2/DLON/H
  147  141  135  130  118  114  109  103  100   98   97   99  102  106  111  116
  119  121  122  122  124  129  136  145  156  167  178  187  196  204  211  217
  222  226  228  229  230  231  233  235  239  242  245  247  247  245  242  238
  233  228  224  221  220  220  222  223  224  224  223  221  219  216  213  210
  205  200  193  184  176  164  159  156  147                                   
    50.0-180.0 180.0   5.0 450.0                            LAT/LON1/LON2/DLON/H
  143  137  133  129  119  117  112  106  102   98   95   95   97  100  105  110
  115  117  119  121  123  128  137  148  161  175  187  198  207  215  223  229
  234  238  240  242  243  244  246  248  252  255  258  259  259  257  254  249
  244  239  235  232  231  232  233  234  234  233  231  228  224  220  217  213
  207  201  191  182  172  159  154  151  143                                   
    47.5-180.0 180.0   5.0 450.0                            LAT/LON1/LON2/DLON/H
  138  132  130  128  120  120  116  111  106  101   96   94   94   96  101  107
  112  117  120  122  126  132  141  154  168  183  196  208  217  226  233  240
  246  251  255  257  259  261  263  266  268  271  273  274  273  271  267  263
  258  253  249  246  245  246  246  246  245  242  238  234  229  225  221  217
  210  202  191  180  168  154  147  144  138                                   
    45.0-180.0 180.0   5.0 450.0                            LAT/LON1/LON2/DLON/H
  132  126  126  126  122  123  122  118  113  107  101   96   94   95   99  106
  113  119  124  128  132  139  149  162  177  192  205  217  227  236  244  253
  261  268  274  278  282  284  286  288  290  291  292  291  290  287  284  279
  275  270  265  262  261  260  260  259  256  251  246  240  235  231  227  223
  216  207  194  180  166  150  142  139  132                                   
    42.5-180.0 180.0   5.0 450.0                            LAT/LON1/LON2/DLON/H
  130  124  124  126  124  127  128  126  122  115  108  102   99   98  101  108
  116  124  131  136  141  148  158  171  185  200  214  226  236  246  257  267
  278  288  297  304  309  313  315  316  316  316  315  313  311  307  304  299
  295  289  284  280  277  275  274  271  267  261  254  247  241  237  234  230
  224  214  200  185  169  151  142  137  130                                   
    40.0-180.0 180.0   5.0 450.0                            LAT/LON1/LON2/DLON/H
  132  127  128  129  128  132  135  134  130  124  117  110  106  104  107  113
  121  130  138  145  151  158  167  179  194  209  223  235  247  259  272  285
  298  311  323  333  340  345  346  347  346  344  341  339  335  331  327  323
  318  312  305  299  295  291  288  284  279  271  263  255  249  244  242  239
  233  224  210  194  177  158  147  141  132                                   
    37.5-180.0 180.0   5.0 450.0                            LAT/LON1/LON2/DLON/H
  141  138  137  137  136  140  142  141  138  132  126  120  115  113  115  120
  128  137  146  153  160  167  175  187  201  216  231  245  260  274  288  304
  319  335  349  361  370  375  378  377  376  373  370  366  362  358  354  349
  343  335  327  319  313  308  304  299  293  284  274  265  258  253  251  248
  243  235  221  206  188  170  159  152  141                                   
    35.0-180.0 180.0   5.0 450.0                            LAT/LON1/LON2/DLON/H
  156  155  154  151  149  150  151  148  144  139  134  129  125  123  124  128
  135  143  152  160  167  173  181  192  206  222  238  255  272  289  306  323
  340  356  372  385  395  401  404  404  403  400  398  394  390  385  380  375
  368  359  349  340  332  327  323  317  310  300  289  278  269  263  259  257
  252  245  232  218  202  186  175  167  156                                   
    32.5-180.0 180.0   5.0 450.0                            LAT/LON1/LON2/DLON/H
  176  178  176  170  166  165  162  156  150  144  140  137  135  133  134  136
  140  147  156  164  171  178  186  196  209  226  244  264  283  302  321  339
  356  372  387  400  410  417  421  422  422  422  420  417  413  409  404  398
  391  381  370  360  353  348  344  339  331  319  306  293  281  273  268  264
  258  252  240  229  215  203  194  185  176                                   
    30.0-180.0 180.0   5.0 450.0                            LAT/LON1/LON2/DLON/H
  198  202  199  193  187  182  176  165  157  149  145  143  142  142  142  142
  145  150  157  166  174  182  189  198  211  228  248  269  291  312  331  349
  365  380  394  406  415  423  427  430  432  434  434  433  430  427  422  417
  409  399  388  379  372  369  366  362  353  341  325  308  294  282  274  269
  262  255  245  235  225  217  210  203  198                                   
    27.5-180.0 180.0   5.0 450.0                            LAT/LON1/LON2/DLON/H
  216  224  221  216  208  202  191  177  164  154  149  147  148  149  149  148
  148  151  158  167  177  185  192  201  212  229  249  271  294  316  335  352
  367  380  392  402  411  418  424  428  432  436  439  440  439  436  433  428
  421  413  403  395  390  389  388  384  375  360  342  322  304  290  279  271
  263  255  245  237  229  225  221  217  216                                   
    25.0-180.0 180.0   5.0 450.0                            LAT/LON1/LON2/DLON/H
  228  238  238  235  228  221  207  189  173  160  152  151  152  154  154  152
  150  152  159  169  179  188  196  203  213  228  247  270  293  314  333  349
  362  373  384  393  401  408  414  419  425  430  435  438  438  437  435  432
  427  420  412  406  404  405  405  401  390  373  352  330  310  294  281  272
  261  253  242  235  228  227  226  224  228                                   
    22.5-180.0 180.0   5.0 450.0                            LAT/LON1/LON2/DLON/H
  229  243  245  247  241  235  221  201  182  166  157  154  155  157  157  154
  152  153  159  170  182  192  200  206  215  227  244  265  287  308  327  342
  354  365  374  383  391  398  403  408  414  420  425  429  431  432  431  430
  427  422  416  412  412  414  414  409  396  377  354  330  309  293  280  269
  258  248  236  228  222  222  223  223  229                                   
    20.0-180.0 180.0   5.0 450.0                            LAT/LON1/LON2/DLON/H
  221  236  242  248  245  241  228  209  190  172  160  156  156  158  158  156
  153  153  160  172  185  196  204  210  217  227  242  260  281  301  319  334
  346  357  368  377  385  392  396  399  403  408  413  418  420  422  423  424
  423  419  415  413  413  414  413  406  391  370  346  322  302  286  275  264
  253  242  230  221  214  213  214  214  221                                   
    17.5-180.0 180.0   5.0 450.0                            LAT/LON1/LON2/DLON/H
  206  221  229  237  238  236  227  211  193  176  163  156  155  157  157  155
  153  154  161  173  186  198  207  214  220  229  241  257  275  294  312  328
  342  355  367  378  387  392  395  396  397  400  403  406  409  411  413  415
  416  415  412  410  409  409  405  395  378  356  331  308  289  275  266  257
  247  236  224  214  206  202  203  202  206                                   
    15.0-180.0 180.0   5.0 450.0                            LAT/LON1/LON2/DLON/H
  188  201  209  216  219  219  215  204  191  175  162  155  152  153  153  152
  151  152  159  171  185  198  208  217  225  233  243  257  273  291  310  327
  343  358  372  385  394  400  401  399  397  396  397  398  400  402  405  408
  410  409  407  404  402  399  392  380  361  337  313  290  273  261  254  248
  239  230  220  209  200  193  192  189  188                                   
    12.5-180.0 180.0   5.0 450.0                            LAT/LON1/LON2/DLON/H
  171  181  187  191  193  194  194  189  181  169  158  150  146  146  146  146
  146  149  156  167  181  195  208  219  230  239  249  261  276  293  312  330
  348  365  382  396  407  412  411  407  402  398  396  395  396  397  400  403
  405  404  402  398  393  388  378  364  344  320  295  273  257  246  241  237
  231  225  217  207  198  188  185  178  171                                   
    10.0-180.0 180.0   5.0 450.0                            LAT/LON1/LON2/DLON/H
  160  165  167  165  165  165  167  166  164  157  149  142  137  136  136  137
  138  142  149  160  174  189  205  221  235  246  256  267  281  298  318  337
  356  375  392  408  419  425  424  419  411  405  400  397  396  396  398  400
  401  400  396  391  385  377  366  351  330  306  282  260  243  233  229  226
  223  219  214  207  198  187  182  173  160                                   
     7.5-180.0 180.0   5.0 450.0                            LAT/LON1/LON2/DLON/H
  156  157  153  145  140  137  139  141  142  140  136  130  126  123  124  125
  128  133  140  151  165  182  201  221  239  253  264  275  288  305  325  345
