data/edconvlstm_nd/pred3420.15i
     1.0            IONOSPHERE MAPS     GNSS                IONEX VERSION / TYPE
pyspatialgeodesy        IME             05-JAN-18 20:20     PGM / RUN BY / DATE 
Map Name                                                    COMMENT             
Predicted global ionosphere maps (GIM).                     DESCRIPTION         
  2015    12     8     0     0     0                        EPOCH OF FIRST MAP  
  2015    12     9     0     0     0                        EPOCH OF LAST MAP   
  7200                                                      INTERVAL            
    13                                                      # OF MAPS IN FILE   
  NONE                                                      MAPPING FUNCTION    
10.0                                                        ELEVATION CUTOFF    
One-way carrier phase leveled to code                       OBSERVABLES USED    
  6371.0                                                    BASE RADIUS         
 2                                                          MAP DIMENSION       
   450.0 450.0   0.0                                        HGT1 / HGT2 / DHGT  
    87.5 -87.5  -2.5                                        LAT1 / LAT2 / DLAT  
  -180.0 180.0   5.0                                        LON1 / LON2 / DLON  
    -1                                                      EXPONENT            
                                                            END OF HEADER       
[from data line 1287]
     4                                                      START OF TEC MAP    
  2015    12     8     6     0     0                        EPOCH OF CURRENT MAP
    87.5-180.0 180.0   5.0 450.0                            LAT/LON1/LON2/DLON/H
   29   38   34   38   38   39   38   34   34   36   36   36   36   36   36   36
   36   36   35   35   35   35   34   34   34   34   34   34   34   34   34   34
   35   35   35   35   35   35   35   35   35   35   35   35   35   35   34   34
   34   33   33   32   32   31   31   30   30   29   29   28   28   27   26   27
   28   28   26   27   34   46   55   50   29                                   
    85.0-180.0 180.0   5.0 450.0                            LAT/LON1/LON2/DLON/H
   17   44   43   43   47   49   49   48   49   50   49   50   50   49   49   48
   48   47   47   46   46   46   46   45   45   45   45   46   46   46   46   47
   47   48   48   49   49   49   50   50   50   50   50   49   49   49   48   48
   47   46   46   45   44   44   43   42   41   40   40   39   38   38   37   37
   38   38   35   38   44   45   59   48   17                                   
    82.5-180.0 180.0   5.0 450.0                            LAT/LON1/LON2/DLON/H
   19   32   48   46   48   51   51   50   51   52   52   52   52   51   50   49
   48   47   46   45   44   43   43   42   42   42   42   42   43   43   44   45
   46   47   48   49   50   51   51   52   52   53   52   52   52   51   51   50
   50   49   48   48   47   46   45   44   43   42   41   40   39   38   37   36
   36   37   34   34   46   39   42   37   19                                   
    80.0-180.0 180.0   5.0 450.0                            LAT/LON1/LON2/DLON/H
   27   35   47   44   51   51   53   53   54   55   54   54   53   52   50   48
   46   45   43   42   41   40   39   39   38   39   39   40   40   42   43   44
   46   48   50   51   53   55   56   57   57   57   57   56   56   55   54   54
   53   52   52   51   50   50   49   48   47   46   44   43   41   39   37   36
   36   35   35   34   43   39   39   35   27                                   
    77.5-180.0 180.0   5.0 450.0                            LAT/LON1/LON2/DLON/H
   34   39   42   40   43   46   49   50   52   53   51   51   49   47   45   43
   40   38   36   35   34   33   32   32   31   31   32   33   34   35   37   39
   42   44   47   49   51   53   54   54   55   55   54   53   52   52   51   51
   51   51   51   51   51   52   52   51   50   49   47   45   43   40   37   34
   32   30   28   29   30   22   26   26   34                                   
    75.0-180.0 180.0   5.0 450.0                            LAT/LON1/LON2/DLON/H
   25   34   37   36   38   43   46   47   49   50   48   48   46   43   41   38
   36   34   33   32   31   30   30   30   30   30   31   32   33   34   36   38
   40   43   45   47   49   51   52   52   52   52   51   50   50   49   49   50
   50   51   53   54   56   57   59   59   59   59   57   55   51   48   44   40
   36   33   30   26   28   21   23   23   25                                   
    72.5-180.0 180.0   5.0 450.0                            LAT/LON1/LON2/DLON/H
   28   33   35   32   36   42   47   48   49   50   48   47   45   42   40   37
   35   34   33   32   32   32   32   32   32   33   33   34   35   36   38   39
   42   44   46   48   49   50   51   51   51   51   50   50   50   50   51   52
   54   57   60   63   67   70   73   75   77   77   75   73   69   65   59   55
   49   44   41   37   35   26   28   28   28                                   
    70.0-180.0 180.0   5.0 450.0                            LAT/LON1/LON2/DLON/H
   33   35   39   35   37   42   46   47   48   49   47   47   44   42   40   38
   36   35   35   35   36   36   37   38   38   39   39   40   40   41   41   42
   43   44   46   47   48   48   49   49   49   49   49   49   50   51   53   56
   59   63   68   74   79   85   89   93   95   96   95   93   89   84   78   73
   66   60   56   49   45   36   38   36   33                                   
    67.5-180.0 180.0   5.0 450.0                            LAT/LON1/LON2/DLON/H
   36   37   38   34   36   39   42   43   45   45   44   44   42   40   38   37
   36   36   36   37   38   39   40   41   42   42   43   43   42   42   42   42
   41   41   41   42   42   42   42   42   43   43   44   45   47   49   53   57
   62   68   75   82   89   95  101  106  109  111  110  108  104   98   92   86
   80   73   69   61   55   44   44   42   36                                   
    65.0-180.0 180.0   5.0 450.0                            LAT/LON1/LON2/DLON/H
   41   40   39   35   35   38   40   41   43   43   42   42   41   40   38   38
   38   38   39   40   41   42   44   45   45   46   46   45   44   43   42   41
   39   38   37   37   36   36   36   37   38   39   42   44   47   51   56   61
   68   75   83   92  100  108  115  120  124  125  124  122  118  112  106  100
   93   86   82   73   67   56   53   52   41                                   
    62.5-180.0 180.0   5.0 450.0                            LAT/LON1/LON2/DLON/H
   46   43   40   36   35   37   39   40   42   42   42   42   41   40   40   40
   40   41   42   43   44   44   45   46   47   47   47   46   45   43   41   40
   38   36   34   33   32   32   32   33   35   38   42   46   51   56   62   69
   77   85   95  104  114  122  129  134  137  138  136  133  128  123  116  110
  104   97   93   84   77   65   61   60   46                                   
    60.0-180.0 180.0   5.0 450.0                            LAT/LON1/LON2/DLON/H
   52   45   41   36   34   36   37   38   39   40   39   40   40   40   40   41
   42   42   43   43   43   43   43   43   43   43   43   42   41   40   38   36
   34   32   30   29   28   28   28   30   33   38   43   48   55   61   68   77
   86   96  106  116  126  134  140  144  146  146  144  140  135  128  121  115
  109  102   98   90   83   71   66   65   52                                   
    57.5-180.0 180.0   5.0 450.0                            LAT/LON1/LON2/DLON/H
   57   48   42   38   35   36   37   37   38   38   38   39   39   40   41   42
   43   43   42   42   40   39   39   38   38   38   38   37   36   35   34   32
   31   29   28   27   26   26   28   30   35   41   47   55   62   70   79   88
   98  109  121  131  141  148  153  156  157  155  152  147  141  135  127  121
  114  106  103   95   89   76   71   70   57                                   
    55.0-180.0 180.0   5.0 450.0                            LAT/LON1/LON2/DLON/H
   64   52   45   41   37   37   38   38   37   37   36   37   38   39   40   42
   42   42   41   39   37   35   33   33   32   32   32   32   32   31   30   29
   28   28   27   27   27   28   30   34   39   47   55   63   72   81   91  101
  113  124  136  146  155  162  166  167  166  164  160  155  149  142  135  128
  119  111  108  100   93   81   75   74   64                                   
    52.5-180.0 180.0   5.0 450.0                            LAT/LON1/LON2/DLON/H
   72   58   51   46   41   41   42   40   39   38   36   37   37   38   40   41
   42   41   39   36   34   31   29   28   28   28   28   28   28   28   28   28
   28   29   30   30   31   33   36   41   47   56   65   75   84   94  105  116
  128  140  152  162  170  175  177  177  176  173  169  164  159  152  145  137
  128  119  114  106  100   86   81   80   72                                   
    50.0-180.0 180.0   5.0 450.0                            LAT/LON1/LON2/DLON/H
   83   67   60   55   48   48   48   45   43   40   38   38   38   38   40   41
   41   40   38   35   31   29   27   26   26   27   27   27   27   27   27   28
   30   32   34   36   39   41   45   51   58   67   78   88   98  109  120  131
  144  156  167  176  183  186  187  186  183  180  176  173  168  163  156  149
  140  130  124  114  108   94   90   89   83                                   
    47.5-180.0 180.0   5.0 450.0                            LAT/LON1/LON2/DLON/H
   95   79   71   67   60   59   57   53   49   46   43   41   40   40   41   41
   41   39   37   34   31   29   28   27   27   28   29   29   29   29   29   31
   33   37   41   45   48   52   56   63   71   81   91  102  112  123  134  146
  158  169  179  187  192  194  193  191  187  184  181  178  176  172  167  161
  152  142  135  125  118  104  100   99   95                                   
    45.0-180.0 180.0   5.0 450.0                            LAT/LON1/LON2/DLON/H
  105   91   83   80   73   72   69   64   59   54   50   48   46   45   44   44
   42   40   37   35   33   32   31   32   32   33   34   34   34   33   33   35
   38   43   48   53   58   62   68   75   84   94  104  115  126  136  147  158
  169  180  188  195  198  198  196  192  187  184  181  180  179  177  174  169
  162  153  145  134  127  114  110  108  105                                   
    42.5-180.0 180.0   5.0 450.0                            LAT/LON1/LON2/DLON/H
  112  100   93   92   86   86   82   76   71   65   61   59   56   54   52   49
   46   43   41   40   39   39   40   40   41   42   42   42   41   40   39   40
   43   49   55   61   67   72   79   87   96  106  117  128  138  148  158  168
  178  187  193  198  200  199  195  191  186  182  180  179  179  178  177  174
  168  160  153  142  135  122  118  116  112                                   
    40.0-180.0 180.0   5.0 450.0                            LAT/LON1/LON2/DLON/H
  115  105   98   98   94   95   91   87   82   77   73   72   69   66   62   58
   54   51   49   49   50   52   52   53   52   52   52   51   50   47   45   45
   48   54   61   68   74   81   88   97  107  118  129  139  148  158  167  176
  184  191  196  199  201  200  196  191  187  183  181  180  179  179  178  176
  172  164  157  147  140  126  122  120  115                                   
    37.5-180.0 180.0   5.0 450.0                            LAT/LON1/LON2/DLON/H
  112  103   96   96   95   96   94   92   89   87   85   85   83   80   76   70
   65   62   61   63   66   68   68   67   65   63   62   61   59   56   53   52
   54   59   66   73   80   87   95  105  117  128  139  149  157  166  174  182
  188  194  198  202  204  205  203  200  196  192  189  187  185  183  181  179
  174  167  160  150  142  128  122  120  112                                   
    35.0-180.0 180.0   5.0 450.0                            LAT/LON1/LON2/DLON/H
  106   95   87   87   87   89   89   89   90   90   92   94   95   93   89   83
   78   76   76   80   84   86   85   81   77   73   72   70   68   64   60   58
   59   63   69   76   83   91  101  112  125  137  148  158  166  174  181  187
  193  198  203  209  214  218  219  219  217  215  212  207  203  197  192  187
  181  172  164  153  144  128  121  118  106                                   
    32.5-180.0 180.0   5.0 450.0                            LAT/LON1/LON2/DLON/H
  100   85   77   74   74   76   78   81   84   88   93   98  101  102   99   94
   91   90   92   97  102  103  100   93   86   82   79   78   76   72   67   64
   64   67   72   78   85   94  105  118  133  146  157  167  175  182  189  195
  201  207  214  223  233  241  247  251  252  251  248  242  234  225  215  207
  197  185  175  162  151  131  123  119  100                                   
    30.0-180.0 180.0   5.0 450.0                            LAT/LON1/LON2/DLON/H
   98   78   68   63   60   62   65   69   74   79   87   96  101  104  104  102
  100  101  105  111  116  117  112  103   94   88   86   84   83   78   73   69
   68   69   73   79   85   95  108  124  140  155  167  177  185  193  200  206
  213  221  232  245  260  274  285  293  298  299  296  289  278  265  252  239
  225  209  195  179  165  141  131  126   98                                   
    27.5-180.0 180.0   5.0 450.0                            LAT/LON1/LON2/DLON/H
  104   77   65   56   51   52   54   57   62   68   77   87   95  100  103  103
  104  107  113  120  125  125  119  110  100   93   90   88   86   82   77   72
   70   71   74   78   85   96  111  129  147  164  177  188  198  206  215  223
  231  242  257  276  297  316  333  345  353  355  353  344  331  315  298  281
  263  244  226  206  190  161  150  142  104                                   
    25.0-180.0 180.0   5.0 450.0                            LAT/LON1/LON2/DLON/H
  121   87   72   59   50   47   48   49   53   58   66   76   84   91   95   98
  102  106  113  120  125  126  121  113  104   96   92   90   88   84   79   75
   72   72   74   77   85   97  113  134  155  174  189  202  213  224  234  244
  256  271  290  315  341  366  387  402  412  416  412  402  387  369  349  330
  309  287  266  242  225  192  179  169  121                                   
    22.5-180.0 180.0   5.0 450.0                            LAT/LON1/LON2/DLON/H
  149  111   92   73   60   53   50   49   50   53   58   65   73   80   85   89
   94   99  105  112  118  120  119  113  105   98   93   90   88   85   80   77
   74   73   73   77   84   97  116  139  163  184  202  218  232  245  257  270
  286  305  330  359  389  417  440  458  468  471  467  456  440  420  399  378
  355  332  310  283  266  231  216  205  149                                   
    20.0-180.0 180.0   5.0 450.0                            LAT/LON1/LON2/DLON/H
  185  146  126  103   84   71   63   57   55   55   57   61   65   71   75   80
   84   88   93   99  105  111  113  110  104   98   93   89   87   84   81   78
   75   73   73   75   83   98  119  145  171  195  216  235  252  268  283  300
  319  342  370  402  433  461  483  499  509  512  508  496  480  460  440  419
  397  374  352  324  308  274  258  248  185                                   
    17.5-180.0 180.0   5.0 450.0                            LAT/LON1/LON2/DLON/H
  226  190  170  145  123  104   90   79   71   67   64   65   66   69   71   74
   76   78   81   86   92   99  104  105  102   97   91   87   85   83   81   79
   76   73   72   74   83   99  123  150  179  206  230  252  272  291  310  329
  351  377  406  436  464  488  506  519  526  528  525  515  501  485  467  448
  428  407  387  362  347  316  300  292  226                                   
    15.0-180.0 180.0   5.0 450.0                            LAT/LON1/LON2/DLON/H
  266  236  218  195  171  148  128  112  100   90   84   80   78   77   76   76
   75   74   74   76   81   89   95   99   99   95   90   86   83   81   80   78
   76   72   71   73   83  101  126  156  186  216  243  268  291  312  333  354
  377  403  430  456  478  495  507  515  520  521  518  512  502  491  478  463
  446  428  412  390  378  352  338  331  266                                   
    12.5-180.0 180.0   5.0 450.0                            LAT/LON1/LON2/DLON/H
  303  279  264  242  220  194  171  153  136  123  113  105  100   96   92   88
   83   78   75   74   77   83   90   96   98   96   90   85   81   80   79   78
   75   72   71   74   86  105  131  161  193  225  254  281  305  328  350  372
  395  419  442  462  477  487  494  498  500  499  497  493  488  482  473  463
  450  438  425  409  400  380  368  361  303                                   
    10.0-180.0 180.0   5.0 450.0                            LAT/LON1/LON2/DLON/H
  333  315  303  281  261  235  211  192  174  159  147  137  129  123  116  109
  101   93   86   81   80   84   91   98  101   98   92   85   81   79   78   77
   75   73   72   77   90  110  136  167  199  231  262  290  315  338  360  381
  403  424  443  457  467  473  476  478  477  475  471  469  467  465  461  454
  445  437  430  419  412  397  387  379  333                                   
     7.5-180.0 180.0   5.0 450.0                            LAT/LON1/LON2/DLON/H
  355  341  329  305  288  264  241  223  205  190  178  169  161  153  145  136
  126  116  106   98   95   96  101  106  107  102   94   87   81   79   79   78
