data/edconvlstm_nd/pred1590.15i
     1.0            IONOSPHERE MAPS     GNSS                IONEX VERSION / TYPE
pyspatialgeodesy        IME             05-JAN-18 20:20     PGM / RUN BY / DATE 
Map Name                                                    COMMENT             
Predicted global ionosphere maps (GIM).                     DESCRIPTION         
  2015     6     8     0     0     0                        EPOCH OF FIRST MAP  
  2015     6     9     0     0     0                        EPOCH OF LAST MAP   
  7200                                                      INTERVAL            
    13                                                      # OF MAPS IN FILE   
  NONE                                                      MAPPING FUNCTION    
10.0                                                        ELEVATION CUTOFF    
One-way carrier phase leveled to code                       OBSERVABLES USED    
  6371.0                                                    BASE RADIUS         
 2                                                          MAP DIMENSION       
   450.0 450.0   0.0                                        HGT1 / HGT2 / DHGT  
    87.5 -87.5  -2.5                                        LAT1 / LAT2 / DLAT  
  -180.0 180.0   5.0                                        LON1 / LON2 / DLON  
    -1                                                      EXPONENT            
                                                            END OF HEADER       
[from data line 2145]
     6                                                      START OF TEC MAP    
  2015     6     8    10     0     0                        EPOCH OF CURRENT MAP
    87.5-180.0 180.0   5.0 450.0                            LAT/LON1/LON2/DLON/H
  191  180  173  175  176  175  172  169  169  169  167  167  166  165  164  164
  164  163  163  164  164  164  165  165  166  167  167  168  169  170  171  172
  173  173  174  175  176  176  177  177  177  178  178  178  178  179  179  179
  179  179  179  179  179  178  178  178  178  178  178  177  177  177  177  176
  176  177  176  175  179  179  181  186  191                                   
    85.0-180.0 180.0   5.0 450.0                            LAT/LON1/LON2/DLON/H
  181  174  179  176  175  176  175  174  173  172  171  170  169  168  167  166
  166  166  166  167  168  168  169  170  171  173  174  175  176  177  179  180
  181  182  183  184  184  185  186  186  187  187  187  187  188  188  188  188
  187  187  187  187  187  186  186  186  185  185  184  184  184  183  183  182
  183  184  179  179  177  175  181  188  181                                   
    82.5-180.0 180.0   5.0 450.0                            LAT/LON1/LON2/DLON/H
  171  178  177  173  171  172  171  170  169  167  166  164  163  162  161  161
  161  161  162  163  164  165  167  168  170  171  173  175  176  178  179  181
  182  184  185  186  187  188  189  190  191  192  192  192  193  193  193  193
  193  193  193  192  192  191  191  190  189  188  188  187  186  185  183  182
  181  181  176  178  177  180  184  174  171                                   
    80.0-180.0 180.0   5.0 450.0                            LAT/LON1/LON2/DLON/H
  175  178  177  175  173  171  170  169  168  166  164  162  160  159  158  157
  157  158  159  161  162  164  166  168  170  172  174  175  177  179  181  183
  185  187  189  191  193  194  196  197  198  199  200  201  202  202  202  203
  203  203  202  202  202  201  200  199  198  197  196  195  193  191  190  188
  187  185  180  181  178  179  186  175  175                                   
    77.5-180.0 180.0   5.0 450.0                            LAT/LON1/LON2/DLON/H
  181  180  180  178  175  174  172  170  169  166  163  161  159  157  157  157
  158  159  161  163  166  168  171  173  175  177  179  181  183  185  188  191
  194  197  199  202  205  207  209  211  212  214  215  216  217  218  219  219
  220  220  219  219  218  217  216  215  214  212  211  209  207  204  202  199
  196  193  187  186  187  184  186  182  181                                   
    75.0-180.0 180.0   5.0 450.0                            LAT/LON1/LON2/DLON/H
  180  180  177  177  174  173  171  169  167  164  161  158  156  155  155  155
  157  160  163  167  170  173  175  178  179  181  182  184  186  189  192  196
  200  204  208  212  215  218  220  222  224  226  228  229  230  232  232  233
  233  233  232  231  230  229  228  227  225  224  222  221  219  216  213  210
  206  202  195  190  189  188  189  183  180                                   
    72.5-180.0 180.0   5.0 450.0                            LAT/LON1/LON2/DLON/H
  179  179  176  175  172  170  169  166  164  160  157  154  152  151  152  154
  157  161  166  170  174  178  180  182  183  183  184  186  188  191  196  201
  206  212  217  222  225  229  231  234  236  237  239  241  242  243  244  245
  244  244  242  241  239  237  235  234  233  232  231  230  229  227  224  221
  216  211  204  198  194  191  192  189  179                                   
    70.0-180.0 180.0   5.0 450.0                            LAT/LON1/LON2/DLON/H
  182  178  174  172  168  166  164  161  158  154  150  147  146  146  147  151
  155  161  167  172  177  180  182  183  183  182  183  184  187  191  197  203
  210  217  223  229  233  237  240  242  244  246  247  249  250  251  251  251
  250  248  245  242  239  237  235  233  233  232  233  233  232  231  229  227
  223  218  211  204  199  197  198  195  182                                   
    67.5-180.0 180.0   5.0 450.0                            LAT/LON1/LON2/DLON/H
  185  181  178  174  169  166  163  158  155  150  146  144  143  144  147  151
  157  163  170  176  181  183  185  184  183  182  181  183  186  191  198  206
  215  223  231  237  242  246  249  251  253  254  256  257  258  258  258  256
  254  251  247  242  238  235  232  231  230  231  232  233  234  234  233  232
  229  225  219  212  206  205  205  202  185                                   
    65.0-180.0 180.0   5.0 450.0                            LAT/LON1/LON2/DLON/H
  193  189  184  178  172  167  162  156  152  147  143  141  141  143  146  151
  157  164  171  177  181  184  184  183  182  180  180  181  185  192  201  210
  221  230  238  245  251  255  257  260  262  263  265  266  266  266  265  262
  258  253  248  242  236  232  229  227  227  228  229  231  233  234  235  235
  233  231  226  221  217  218  219  215  193                                   
    62.5-180.0 180.0   5.0 450.0                            LAT/LON1/LON2/DLON/H
  205  201  195  187  179  171  165  157  151  145  141  140  140  142  146  151
  157  163  170  175  179  181  182  181  179  178  179  181  187  195  205  216
  227  237  246  253  259  263  267  269  272  273  275  276  276  275  272  269
  264  258  251  244  237  232  228  226  226  227  228  230  232  233  234  235
  235  235  233  231  228  231  233  229  205                                   
    60.0-180.0 180.0   5.0 450.0                            LAT/LON1/LON2/DLON/H
  219  216  209  199  188  179  170  159  151  144  140  138  138  139  143  147
  153  159  164  169  173  175  176  176  176  177  179  183  190  199  210  222
  234  244  253  261  267  272  276  280  283  285  286  287  287  285  282  277
  272  265  257  249  242  236  232  229  229  229  230  231  232  232  233  234
  235  237  238  238  239  245  248  243  219                                   
    57.5-180.0 180.0   5.0 450.0                            LAT/LON1/LON2/DLON/H
  235  232  225  213  201  189  177  164  153  144  138  135  134  135  138  142
  146  151  156  160  164  167  170  172  175  177  181  187  195  206  217  229
  241  251  261  268  275  281  286  291  295  297  299  300  299  297  293  288
  282  275  267  260  252  246  241  238  236  236  235  234  234  233  232  233
  235  239  242  245  249  257  261  256  235                                   
    55.0-180.0 180.0   5.0 450.0                            LAT/LON1/LON2/DLON/H
  249  246  239  227  214  200  186  170  157  145  137  132  130  129  131  134
  137  141  145  149  154  159  164  169  175  180  187  194  203  213  225  236
  247  258  267  275  282  290  296  302  307  311  312  313  312  309  305  300
  294  288  280  273  266  259  254  250  247  245  243  240  237  234  233  233
  235  240  244  250  256  266  270  264  249                                   
    52.5-180.0 180.0   5.0 450.0                            LAT/LON1/LON2/DLON/H
  259  257  250  238  225  210  195  177  161  147  136  129  124  122  122  124
  127  131  135  140  146  152  160  169  178  187  195  203  211  221  232  243
  253  263  273  281  290  298  306  314  319  323  326  326  324  322  318  313
  308  302  295  288  281  274  268  263  259  255  251  247  242  238  235  235
  237  243  248  254  260  271  275  268  259                                   
    50.0-180.0 180.0   5.0 450.0                            LAT/LON1/LON2/DLON/H
  263  261  254  243  232  218  203  184  167  151  138  127  120  116  114  116
  119  123  128  134  141  150  161  173  185  196  205  213  220  229  238  248
  259  269  279  288  298  308  317  325  332  336  339  339  337  334  331  326
  321  316  309  302  295  287  280  274  269  264  259  253  248  243  240  241
  243  248  253  258  264  274  276  268  263                                   
    47.5-180.0 180.0   5.0 450.0                            LAT/LON1/LON2/DLON/H
  261  259  253  243  234  222  208  190  174  156  142  129  119  112  110  110
  113  118  125  132  141  153  167  181  195  207  216  223  229  236  244  254
  265  276  286  297  307  318  328  337  345  350  352  352  351  348  344  340
  335  330  323  315  306  297  289  281  275  269  264  258  253  249  248  249
  251  256  260  264  267  274  274  266  261                                   
    45.0-180.0 180.0   5.0 450.0                            LAT/LON1/LON2/DLON/H
  254  251  245  236  229  220  209  195  180  164  148  134  122  114  109  109
  113  119  126  135  146  159  175  192  207  219  227  232  237  242  250  260
  272  284  296  307  319  330  340  350  358  364  367  367  366  363  359  355
  350  344  337  328  317  306  296  287  279  273  268  263  259  257  257  260
  264  268  270  271  271  275  272  262  254                                   
    42.5-180.0 180.0   5.0 450.0                            LAT/LON1/LON2/DLON/H
  246  239  233  224  219  213  207  196  186  172  158  144  131  120  114  114
  117  123  131  141  153  168  185  203  219  230  237  241  244  249  257  268
  282  295  308  320  332  343  354  365  373  380  384  385  384  381  378  373
  368  361  353  343  330  317  305  294  286  279  274  269  267  267  270  274
  279  283  283  281  278  278  272  260  246                                   
    40.0-180.0 180.0   5.0 450.0                            LAT/LON1/LON2/DLON/H
  238  229  221  210  207  202  201  195  190  181  170  157  143  131  124  122
  125  130  138  147  160  176  194  213  228  240  246  249  252  257  266  279
  294  309  323  335  346  357  369  380  390  398  403  405  405  403  400  395
  390  383  375  364  350  335  322  310  300  292  286  281  279  280  285  291
  296  300  298  294  286  283  275  261  238                                   
    37.5-180.0 180.0   5.0 450.0                            LAT/LON1/LON2/DLON/H
  236  223  213  199  195  192  194  193  193  188  181  171  158  146  137  133
  134  138  144  153  165  182  200  219  235  247  253  257  260  266  277  291
  307  324  338  350  361  372  384  396  408  417  424  428  429  428  425  422
  417  412  404  394  380  366  351  339  327  318  309  302  299  299  304  310
  316  319  315  308  297  292  281  266  236                                   
    35.0-180.0 180.0   5.0 450.0                            LAT/LON1/LON2/DLON/H
  240  225  213  196  189  186  189  191  195  195  193  185  174  161  152  146
  144  145  149  157  168  184  203  222  239  251  259  264  269  277  288  304
  321  338  352  364  374  385  398  412  425  436  445  450  453  454  453  452
  450  447  442  434  422  409  395  382  369  357  345  335  328  326  328  333
  336  338  333  323  310  302  291  276  240                                   
    32.5-180.0 180.0   5.0 450.0                            LAT/LON1/LON2/DLON/H
  253  236  222  202  193  188  190  193  199  202  202  198  188  176  166  157
  153  151  153  158  169  185  204  223  240  254  263  270  278  287  300  316
  333  350  363  374  385  396  410  424  439  452  463  471  476  479  481  482
  484  485  484  480  473  463  451  438  424  409  393  379  366  359  357  357
  357  356  349  338  324  314  303  288  253                                   
    30.0-180.0 180.0   5.0 450.0                            LAT/LON1/LON2/DLON/H
  271  255  240  219  207  200  200  201  206  209  211  208  200  189  178  167
  160  155  155  159  169  185  203  223  240  255  267  276  285  296  309  325
  342  357  370  381  391  403  417  433  450  464  476  485  493  499  504  510
  516  522  526  528  526  520  512  500  485  467  448  428  410  396  387  380
  376  373  364  352  335  325  315  301  271                                   
    27.5-180.0 180.0   5.0 450.0                            LAT/LON1/LON2/DLON/H
  291  279  264  244  230  222  218  216  217  219  219  216  209  199  187  176
  166  159  157  161  170  185  204  223  240  256  269  281  291  303  316  330
  345  359  372  383  394  406  421  438  454  469  481  492  502  511  521  531
  541  552  562  569  572  571  565  555  540  521  499  475  452  431  414  401
  392  385  375  362  344  333  324  312  291                                   
    25.0-180.0 180.0   5.0 450.0                            LAT/LON1/LON2/DLON/H
  309  301  289  273  259  250  243  237  233  230  227  222  215  206  195  183
  172  164  161  164  174  188  205  223  241  257  271  283  294  305  317  330
  344  357  370  382  394  407  422  438  454  468  480  492  503  515  528  542
  556  570  583  594  601  603  600  592  578  559  537  512  485  459  437  417
  402  392  381  367  347  335  327  317  309                                   
    22.5-180.0 180.0   5.0 450.0                            LAT/LON1/LON2/DLON/H
  318  316  310  301  288  280  270  260  251  243  235  228  220  211  201  190
  179  171  168  171  179  192  208  224  240  256  270  283  293  303  314  326
  339  353  366  380  393  407  421  436  450  463  474  486  498  513  528  544
  559  574  588  599  607  610  610  604  592  577  557  533  506  478  450  425
  406  393  380  365  343  330  322  314  318                                   
    20.0-180.0 180.0   5.0 450.0                            LAT/LON1/LON2/DLON/H
  316  319  321  319  309  304  294  282  269  255  243  232  223  215  206  197
  188  181  177  179  186  197  210  224  239  253  267  278  288  297  307  319
  333  348  364  379  394  408  422  435  447  458  468  479  491  506  522  537
  551  564  575  583  590  594  595  591  583  572  557  537  513  484  454  426
  403  387  373  357  334  318  310  302  316                                   
    17.5-180.0 180.0   5.0 450.0                            LAT/LON1/LON2/DLON/H
  303  309  318  322  318  315  308  297  281  264  248  235  225  217  211  204
  197  191  188  189  193  201  210  222  235  248  261  271  280  289  300  312
  328  345  364  381  398  412  425  436  447  456  465  474  486  499  513  526
  536  544  549  553  557  560  562  560  556  550  540  527  506  480  450  420
  394  377  361  344  321  301  292  284  303                                   
    15.0-180.0 180.0   5.0 450.0                            LAT/LON1/LON2/DLON/H
  281  287  301  307  309  309  306  298  284  267  250  236  225  219  214  210
  205  201  198  196  198  201  207  216  227  240  252  263  272  281  293  308
  326  346  367  387  405  419  432  442  451  459  466  475  484  495  506  514
  518  519  518  518  519  520  522  522  521  519  515  507  492  468  439  409
  382  363  346  328  305  283  272  263  281                                   
    12.5-180.0 180.0   5.0 450.0                            LAT/LON1/LON2/DLON/H
  256  261  275  279  285  286  288  284  275  261  245  232  223  218  215  213
  211  207  204  200  197  196  198  205  217  230  243  254  264  275  290  307
  328  350  373  394  413  428  440  450  459  467  474  481  488  496  502  504
  502  498  492  487  485  486  487  489  490  491  491  487  475  454  426  396
  369  348  331  314  291  266  254  244  256                                   
    10.0-180.0 180.0   5.0 450.0                            LAT/LON1/LON2/DLON/H
  237  238  249  248  253  254  258  258  254  245  233  223  216  213  212  213
  212  209  204  198  191  186  185  191  204  219  233  245  257  271  289  310
  332  356  379  401  420  435  448  459  469  478  485  491  496  500  501  499
  493  484  476  469  466  467  468  471  473  475  475  472  461  440  413  383
  356  336  318  302  281  255  242  230  237                                   
     7.5-180.0 180.0   5.0 450.0                            LAT/LON1/LON2/DLON/H
  227  225  231  222  224  220  224  226  226  222  215  208  204  203  205  207
  207  205  199  190  180  172  169  175  189  206  223  238  253  270  290  313
