data/edconvlstm_nd/pred2470.15i
     1.0            IONOSPHERE MAPS     GNSS                IONEX VERSION / TYPE
pyspatialgeodesy        IME             05-JAN-18 20:20     PGM / RUN BY / DATE 
Map Name                                                    COMMENT             
Predicted global ionosphere maps (GIM).                     DESCRIPTION         
  2015     9     4     0     0     0                        EPOCH OF FIRST MAP  
  2015     9     5     0     0     0                        EPOCH OF LAST MAP   
  7200                                                      INTERVAL            
    13                                                      # OF MAPS IN FILE   
  NONE                                                      MAPPING FUNCTION    
10.0                                                        ELEVATION CUTOFF    
One-way carrier phase leveled to code                       OBSERVABLES USED    
  6371.0                                                    BASE RADIUS         
 2                                                          MAP DIMENSION       
   450.0 450.0   0.0                                        HGT1 / HGT2 / DHGT  
    87.5 -87.5  -2.5                                        LAT1 / LAT2 / DLAT  
  -180.0 180.0   5.0                                        LON1 / LON2 / DLON  
    -1                                                      EXPONENT            
                                                            END OF HEADER       
[from data line 429]
     2                                                      START OF TEC MAP    
  2015     9     4     2     0     0                        EPOCH OF CURRENT MAP
    87.5-180.0 180.0   5.0 450.0                            LAT/LON1/LON2/DLON/H
  108  112  114  115  114  112  108  107  108  108  108  108  108  107  107  107
  106  105  105  104  103  102  101  100   98   97   96   95   93   92   91   91
   90   89   88   88   87   87   87   87   87   87   87   88   88   89   89   90
   91   91   92   92   93   93   94   94   95   95   95   96   96   96   96   97
   99  100   99   99  102  108  112  109  108                                   
    85.0-180.0 180.0   5.0 450.0                            LAT/LON1/LON2/DLON/H
  109  122  110  118  120  118  116  115  115  115  114  114  114  113  112  112
  111  110  109  107  106  105  103  101  100   98   96   95   93   92   90   89
   88   87   86   86   85   85   85   85   86   86   87   87   88   89   90   92
   93   94   95   97   98   99  100  101  102  103  104  104  105  105  106  107
  109  110  108  111  109  112  116  109  109                                   
    82.5-180.0 180.0   5.0 450.0                            LAT/LON1/LON2/DLON/H
  112  117  126  124  122  122  120  119  120  120  118  118  117  116  115  114
  113  112  110  109  107  105  103  101   98   96   94   91   89   87   85   84
   82   81   80   80   79   79   79   80   80   81   82   83   85   86   88   90
   92   94   96   98  100  101  103  105  106  108  109  110  111  112  112  114
  115  116  114  113  119  109  110  108  112                                   
    80.0-180.0 180.0   5.0 450.0                            LAT/LON1/LON2/DLON/H
  121  123  121  120  120  119  121  120  121  119  117  117  116  114  113  112
  110  109  107  106  104  102   99   96   93   90   87   84   82   79   77   75
   74   72   71   71   70   70   70   70   71   72   73   75   77   79   82   85
   87   90   93   95   98  100  102  104  106  108  110  112  113  114  115  116
  117  116  115  113  124  118  120  115  121                                   
    77.5-180.0 180.0   5.0 450.0                            LAT/LON1/LON2/DLON/H
  124  126  121  123  118  118  121  121  121  119  117  116  114  112  111  109
  108  106  105  103  102   99   97   94   91   87   84   81   78   75   73   71
   70   69   68   68   67   67   67   68   68   69   71   73   76   79   82   86
   89   92   96   99  101  104  106  109  111  113  115  117  118  119  120  121
  121  122  118  119  123  118  119  118  124                                   
    75.0-180.0 180.0   5.0 450.0                            LAT/LON1/LON2/DLON/H
  121  124  120  123  116  117  118  118  118  115  112  111  108  106  104  102
  100   99   98   97   96   94   92   89   86   82   78   75   72   70   68   66
   65   64   64   63   62   62   62   62   62   63   64   67   70   73   77   81
   85   89   92   95   98  101  103  106  108  111  113  115  117  118  120  121
  121  121  118  114  118  118  118  120  121                                   
    72.5-180.0 180.0   5.0 450.0                            LAT/LON1/LON2/DLON/H
  115  121  120  121  116  116  118  119  118  115  112  109  106  103  100   97
   95   94   93   92   91   90   88   85   82   78   75   71   68   66   65   64
   63   63   62   62   61   60   59   58   58   59   61   64   67   72   76   81
   86   90   94   97  100  102  105  107  110  113  116  118  120  122  124  126
  125  125  124  120  120  117  117  121  115                                   
    70.0-180.0 180.0   5.0 450.0                            LAT/LON1/LON2/DLON/H
  116  120  120  121  115  115  116  117  117  113  109  106  102   97   93   89
   87   85   84   84   83   83   81   79   75   72   68   65   62   60   59   59
   59   59   59   58   57   56   54   53   53   54   56   59   63   69   74   80
   85   89   93   95   98  100  103  106  109  112  116  119  122  124  126  129
  128  127  126  124  123  121  121  124  116                                   
    67.5-180.0 180.0   5.0 450.0                            LAT/LON1/LON2/DLON/H
  116  120  119  120  114  112  113  114  114  111  107  103   98   93   87   83
   80   78   76   76   75   74   72   70   66   63   59   56   53   52   51   51
   52   52   51   51   49   47   46   44   44   45   47   51   56   62   68   74
   79   84   87   89   91   94   96  100  104  108  112  117  120  123  125  128
  128  126  126  123  124  122  122  127  116                                   
    65.0-180.0 180.0   5.0 450.0                            LAT/LON1/LON2/DLON/H
  119  121  120  121  114  112  112  113  114  111  107  104   98   92   86   81
   77   74   72   71   70   68   66   63   59   55   52   49   47   45   45   45
   46   46   45   44   43   41   39   38   37   38   41   45   51   58   65   71
   76   80   83   85   86   89   92   96  101  106  112  117  122  125  127  130
  129  128  128  125  127  126  128  133  119                                   
    62.5-180.0 180.0   5.0 450.0                            LAT/LON1/LON2/DLON/H
  126  127  125  125  117  113  113  114  115  113  110  106  101   95   89   83
   78   74   71   69   67   65   62   58   54   50   47   44   42   41   41   41
   41   41   40   39   38   36   35   34   34   36   39   44   50   57   63   70
   74   78   80   82   84   86   90   95  102  108  115  121  126  129  132  134
  133  133  132  130  132  132  135  141  126                                   
    60.0-180.0 180.0   5.0 450.0                            LAT/LON1/LON2/DLON/H
  135  135  133  131  122  116  115  115  116  114  111  109  105   99   93   87
   81   76   72   69   66   62   59   55   50   46   43   41   39   39   38   38
   38   37   37   36   35   34   34   34   35   37   40   45   51   57   64   69
   73   76   78   80   83   86   91   98  105  113  120  127  131  134  137  138
  138  137  136  134  137  138  142  149  135                                   
    57.5-180.0 180.0   5.0 450.0                            LAT/LON1/LON2/DLON/H
  148  147  144  141  130  123  120  119  118  115  113  111  108  103   98   92
   86   80   75   71   66   62   58   53   49   46   43   41   40   39   38   37
   37   36   36   36   36   37   37   38   39   42   45   50   55   61   66   71
   75   77   80   82   86   91   97  105  114  122  129  135  139  142  143  144
  143  142  142  140  143  145  150  158  148                                   
    55.0-180.0 180.0   5.0 450.0                            LAT/LON1/LON2/DLON/H
  161  160  157  153  141  132  128  124  121  117  114  112  109  106  102   96
   91   85   79   74   69   64   59   55   51   48   46   44   43   42   41   40
   39   38   38   39   41   43   44   46   48   50   53   57   61   66   70   74
   77   80   83   87   92   99  107  116  125  134  140  145  148  149  150  151
  149  147  147  146  149  152  158  166  161                                   
    52.5-180.0 180.0   5.0 450.0                            LAT/LON1/LON2/DLON/H
  175  175  172  168  155  145  139  133  128  121  116  113  111  108  104  100
   95   90   84   79   74   69   64   61   57   55   53   51   50   48   46   44
   43   43   44   47   50   53   55   57   59   60   62   65   68   72   75   78
   82   85   90   95  102  111  120  130  139  147  152  155  156  156  156  156
  154  152  152  151  155  158  165  174  175                                   
    50.0-180.0 180.0   5.0 450.0                            LAT/LON1/LON2/DLON/H
  186  189  187  184  171  161  153  145  137  128  121  117  113  110  107  103
  100   95   91   86   82   77   73   70   67   65   63   61   59   56   54   52
   51   51   53   57   61   65   68   70   70   71   72   74   75   78   80   84
   87   92   98  105  114  125  135  145  154  159  163  164  164  162  162  161
  159  157  157  156  160  163  171  180  186                                   
    47.5-180.0 180.0   5.0 450.0                            LAT/LON1/LON2/DLON/H
  194  200  199  198  187  178  170  160  150  139  130  123  118  114  111  108
  105  102   99   96   93   89   86   83   80   77   75   72   68   65   62   60
   59   61   64   69   74   78   81   81   81   80   80   81   82   84   86   89
   94  100  108  117  128  139  150  159  166  170  171  171  169  167  166  165
  164  162  162  161  165  168  175  185  194                                   
    45.0-180.0 180.0   5.0 450.0                            LAT/LON1/LON2/DLON/H
  198  207  208  209  201  193  186  176  166  153  142  134  127  121  117  114
  112  110  109  107  105  102   99   96   93   90   86   82   78   73   70   68
   68   71   75   81   86   90   91   90   89   87   86   86   87   89   91   96
  101  109  118  129  140  151  162  170  175  178  177  175  173  170  169  170
  168  168  168  167  170  173  180  189  198                                   
    42.5-180.0 180.0   5.0 450.0                            LAT/LON1/LON2/DLON/H
  200  212  214  217  211  206  200  191  181  168  157  148  139  132  127  123
  121  120  120  119  118  115  112  109  105  101   96   91   85   79   75   74
   75   79   85   91   96   98   98   96   93   91   90   90   91   94   97  102
  109  117  127  138  150  160  169  176  181  182  181  179  176  174  174  175
  175  175  176  175  177  179  186  194  200                                   
    40.0-180.0 180.0   5.0 450.0                            LAT/LON1/LON2/DLON/H
  203  215  217  221  218  215  211  204  196  184  172  163  154  146  139  134
  131  130  131  130  129  126  122  118  114  109  103   97   90   83   79   78
   80   85   91   97  102  103  101   98   95   93   93   93   95   98  103  108
  116  125  135  146  156  165  173  179  182  184  184  183  182  181  182  184
  184  185  186  185  188  189  195  201  203                                   
    37.5-180.0 180.0   5.0 450.0                            LAT/LON1/LON2/DLON/H
  210  220  221  223  222  221  218  214  208  198  188  179  170  161  153  146
  142  140  140  139  137  133  128  123  119  113  107  100   92   85   81   81
   83   89   95  101  104  104  102   98   95   94   95   96   99  102  107  114
  122  131  140  150  158  166  173  179  183  185  187  189  190  191  193  196
  198  200  202  201  203  203  210  214  210                                   
    35.0-180.0 180.0   5.0 450.0                            LAT/LON1/LON2/DLON/H
  223  229  229  228  228  227  224  222  218  210  202  194  185  176  167  158
  152  149  146  144  140  136  130  125  120  114  108  100   92   85   82   82
   85   91   97  101  104  103  101   98   96   95   97   99  102  106  111  117
  125  134  142  151  158  165  172  178  183  188  192  197  201  205  209  214
  216  219  222  221  224  224  231  233  223                                   
    32.5-180.0 180.0   5.0 450.0                            LAT/LON1/LON2/DLON/H
  245  247  244  240  239  236  234  232  230  223  216  209  200  190  179  169
  161  154  149  145  140  134  128  123  118  113  107  100   92   86   83   83
   87   92   97  100  102  101   99   97   97   98   99  101  104  107  112  118
  126  134  142  150  158  165  171  178  184  191  199  207  215  223  229  235
  238  242  246  246  249  251  259  259  245                                   
    30.0-180.0 180.0   5.0 450.0                            LAT/LON1/LON2/DLON/H
  275  274  268  260  258  254  250  247  245  239  232  224  214  203  191  178
  167  157  149  142  136  130  124  119  115  111  106   99   92   87   84   85
   88   92   96   99  100   99   99   98   99  100  102  103  104  107  111  117
  125  133  142  150  158  165  173  181  188  197  207  219  231  241  250  257
  262  267  273  274  278  282  292  291  275                                   
    27.5-180.0 180.0   5.0 450.0                            LAT/LON1/LON2/DLON/H
  311  310  301  291  288  282  275  271  267  260  252  242  231  217  202  186
  170  156  145  137  130  124  119  115  113  109  105  100   94   89   87   88
   91   94   97   98   99   99   99  100  102  103  104  103  103  104  107  114
  122  132  141  151  160  170  179  188  197  207  218  232  247  261  272  281
  287  293  301  303  308  315  325  326  311                                   
    25.0-180.0 180.0   5.0 450.0                            LAT/LON1/LON2/DLON/H
  348  348  338  330  326  320  311  305  299  290  279  266  251  234  215  195
  174  155  141  131  124  119  116  114  112  110  106  101   96   92   91   92
   95   97   98   99   99  100  101  103  104  105  104  102  100  100  103  110
  120  131  142  154  166  178  189  200  209  219  232  247  264  279  293  304
  312  320  330  332  338  346  356  360  348                                   
    22.5-180.0 180.0   5.0 450.0                            LAT/LON1/LON2/DLON/H
  382  384  376  371  368  363  355  348  340  329  314  297  278  256  232  206
  179  156  138  127  121  118  117  116  115  112  109  104  100   97   96   97
   99  100  100  100  101  102  104  105  106  105  103  100   96   96   99  107
  118  131  144  158  173  188  202  215  225  235  247  262  279  296  312  325
  335  346  358  361  366  374  384  389  382                                   
    20.0-180.0 180.0   5.0 450.0                            LAT/LON1/LON2/DLON/H
  407  413  409  410  409  406  400  393  385  373  356  335  311  283  253  221
  189  161  140  128  123  122  123  122  120  117  113  108  104  101  101  102
  103  104  104  103  104  105  106  106  106  104  101   97   93   92   96  104
  116  130  146  162  180  198  216  231  243  252  263  277  294  312  329  344
  357  371  385  389  392  399  406  414  407                                   
    17.5-180.0 180.0   5.0 450.0                            LAT/LON1/LON2/DLON/H
  422  432  433  439  441  442  439  435  429  417  399  376  347  315  279  241
  204  172  150  137  133  132  133  132  129  124  119  113  109  106  106  107
  108  108  107  107  107  108  108  106  104  101   98   94   91   90   94  102
  115  130  147  165  186  207  228  247  260  270  280  292  308  326  344  361
  376  393  409  414  415  418  425  432  422                                   
    15.0-180.0 180.0   5.0 450.0                            LAT/LON1/LON2/DLON/H
  430  442  447  456  461  465  465  465  462  453  437  413  383  347  307  265
  225  191  167  154  149  148  147  144  138  132  125  119  114  112  111  113
  113  112  111  111  111  111  109  106  102   99   96   93   90   90   93  101
  113  128  146  166  189  214  239  260  276  288  297  308  323  340  358  376
  394  412  430  436  435  434  439  445  430                                   
    12.5-180.0 180.0   5.0 450.0                            LAT/LON1/LON2/DLON/H
  434  446  452  461  469  474  476  479  479  474  461  440  410  373  332  289
  249  215  191  177  170  167  162  156  148  139  131  125  120  118  118  118
  118  117  115  114  114  113  110  105  100   97   94   92   91   90   93   99
  110  126  144  166  190  217  245  270  289  303  314  325  338  354  371  390
  409  429  447  455  452  447  451  454  434                                   
    10.0-180.0 180.0   5.0 450.0                            LAT/LON1/LON2/DLON/H
  438  448  453  460  467  472  475  478  480  478  469  451  425  390  350  310
  272  241  219  204  194  185  176  166  155  146  138  132  128  126  125  124
  123  120  118  117  117  115  111  105   99   95   93   92   91   90   91   97
  107  122  141  163  189  217  247  274  297  315  328  340  353  368  385  404
  423  443  461  469  465  458  461  462  438                                   
     7.5-180.0 180.0   5.0 450.0                            LAT/LON1/LON2/DLON/H
  446  453  454  457  463  464  465  467  469  467  461  447  425  395  360  324
  291  264  244  228  215  201  187  173  162  153  146  140  137  134  132  130
