data/edconvlstm_nd/pred1330.15i
     1.0            IONOSPHERE MAPS     GNSS                IONEX VERSION / TYPE
pyspatialgeodesy        IME             05-JAN-18 20:20     PGM / RUN BY / DATE 
Map Name                                                    COMMENT             
Predicted global ionosphere maps (GIM).                     DESCRIPTION         
  2015     5    13     0     0     0                        EPOCH OF FIRST MAP  
  2015     5    14     0     0     0                        EPOCH OF LAST MAP   
  7200                                                      INTERVAL            
    13                                                      # OF MAPS IN FILE   
  NONE                                                      MAPPING FUNCTION    
10.0                                                        ELEVATION CUTOFF    
One-way carrier phase leveled to code                       OBSERVABLES USED    
  6371.0                                                    BASE RADIUS         
 2                                                          MAP DIMENSION       
   450.0 450.0   0.0                                        HGT1 / HGT2 / DHGT  
    87.5 -87.5  -2.5                                        LAT1 / LAT2 / DLAT  
  -180.0 180.0   5.0                                        LON1 / LON2 / DLON  
    -1                                                      EXPONENT            
                                                            END OF HEADER       
[from data line 1287]
     4                                                      START OF TEC MAP    
  2015     5    13     6     0     0                        EPOCH OF CURRENT MAP
    87.5-180.0 180.0   5.0 450.0                            LAT/LON1/LON2/DLON/H
  156  152  151  153  157  156  155  154  157  160  161  164  165  167  168  169
  170  170  171  171  171  171  171  170  169  169  167  166  165  163  162  160
  159  157  156  155  153  152  151  150  150  149  148  148  147  147  147  146
  146  145  145  145  144  144  143  143  142  142  141  141  140  139  139  139
  139  141  140  140  144  144  147  146  156                                   
    85.0-180.0 180.0   5.0 450.0                            LAT/LON1/LON2/DLON/H
  152  156  156  158  163  164  165  167  170  172  174  176  178  180  181  182
  183  184  184  184  184  184  183  183  182  180  179  177  175  173  171  169
  167  165  163  162  160  159  158  157  156  155  155  154  154  154  153  153
  153  153  153  154  154  154  153  153  153  152  152  151  151  150  149  149
  150  151  147  149  145  144  147  145  152                                   
    82.5-180.0 180.0   5.0 450.0                            LAT/LON1/LON2/DLON/H
  151  156  157  155  160  163  164  166  170  173  175  178  180  181  183  183
  184  185  185  185  185  184  183  182  180  178  176  173  171  168  165  163
  160  158  156  154  153  151  150  150  149  149  149  149  149  150  151  151
  152  153  155  156  156  157  158  158  158  158  157  157  156  155  153  153
  152  152  147  149  150  144  140  131  151                                   
    80.0-180.0 180.0   5.0 450.0                            LAT/LON1/LON2/DLON/H
  149  150  146  148  154  155  159  161  165  168  170  173  174  176  177  178
  178  178  179  178  178  177  175  173  171  168  165  162  159  156  153  150
  148  146  144  143  142  141  141  141  141  142  143  144  146  148  150  152
  155  157  159  162  164  165  166  167  168  168  167  166  165  163  160  159
  157  154  149  149  149  144  144  128  149                                   
    77.5-180.0 180.0   5.0 450.0                            LAT/LON1/LON2/DLON/H
  153  149  145  146  150  152  155  157  160  161  163  165  166  166  167  167
  168  168  168  168  167  166  164  162  159  155  152  148  145  142  140  138
  136  135  135  135  135  136  137  138  139  141  144  147  150  154  158  162
  166  170  174  177  180  182  184  186  187  187  186  185  183  181  178  175
  171  168  160  159  158  149  145  135  153                                   
    75.0-180.0 180.0   5.0 450.0                            LAT/LON1/LON2/DLON/H
  156  153  145  147  150  151  153  153  155  155  155  155  155  154  154  153
  153  153  153  153  153  152  150  147  144  140  136  133  130  127  126  125
  125  125  126  128  130  132  134  137  140  143  148  153  158  164  169  175
  180  185  190  194  197  200  202  203  204  205  204  203  202  199  196  193
  188  184  176  170  167  160  156  145  156                                   
    72.5-180.0 180.0   5.0 450.0                            LAT/LON1/LON2/DLON/H
  162  160  153  152  155  155  156  155  155  154  152  150  148  146  144  143
  143  143  143  144  144  143  142  139  136  132  128  125  122  120  120  121
  122  124  127  130  133  137  140  145  149  155  161  168  175  182  190  196
  202  207  212  215  217  219  221  222  222  222  222  221  219  217  214  211
  207  203  196  190  183  175  170  160  162                                   
    70.0-180.0 180.0   5.0 450.0                            LAT/LON1/LON2/DLON/H
  171  166  160  157  158  156  157  155  154  151  148  145  141  137  134  132
  132  132  133  134  135  135  134  132  128  125  121  118  115  115  115  117
  120  123  128  132  136  141  146  151  157  164  172  181  190  199  208  215
  221  226  229  230  231  231  230  230  230  229  229  228  226  224  222  221
  217  214  208  203  197  190  186  178  171                                   
    67.5-180.0 180.0   5.0 450.0                            LAT/LON1/LON2/DLON/H
  172  170  163  160  159  157  156  154  152  149  145  141  137  132  129  127
  126  126  128  130  131  132  131  129  126  122  118  115  113  112  113  116
  119  123  128  133  138  143  149  155  162  170  180  190  202  212  222  230
  236  239  240  239  236  234  231  229  227  226  225  224  223  222  220  220
  218  216  212  207  202  197  194  188  172                                   
    65.0-180.0 180.0   5.0 450.0                            LAT/LON1/LON2/DLON/H
  173  171  163  159  158  155  154  151  150  147  143  140  135  131  128  125
  124  125  126  128  130  131  131  129  126  122  119  116  114  113  114  116
  120  125  130  135  140  146  152  158  166  176  187  200  213  225  236  244
  249  250  248  244  239  234  228  224  221  219  218  217  216  215  214  214
  214  213  211  208  204  201  199  194  173                                   
    62.5-180.0 180.0   5.0 450.0                            LAT/LON1/LON2/DLON/H
  172  171  162  156  154  150  148  146  145  142  139  137  134  131  128  126
  125  125  126  128  129  130  129  127  124  121  118  115  114  113  114  116
  119  124  129  134  140  146  152  160  168  179  192  206  221  235  246  255
  258  258  254  248  240  232  225  219  215  212  210  209  208  207  206  207
  207  207  206  204  202  200  199  195  172                                   
    60.0-180.0 180.0   5.0 450.0                            LAT/LON1/LON2/DLON/H
  173  171  162  153  151  145  142  138  136  134  132  131  130  128  127  126
  125  125  125  125  125  125  124  121  119  116  113  112  111  110  111  113
  116  120  125  131  137  144  151  159  169  180  194  210  226  242  254  263
  266  265  259  251  242  233  224  218  213  209  207  205  203  201  200  201
  201  202  201  201  200  199  198  192  173                                   
    57.5-180.0 180.0   5.0 450.0                            LAT/LON1/LON2/DLON/H
  179  178  167  157  153  144  139  133  129  125  123  122  122  123  123  123
  123  122  121  120  119  117  114  111  109  107  106  105  105  106  107  108
  111  115  120  127  134  142  151  159  170  182  197  214  232  249  262  271
  275  273  267  259  249  240  231  224  219  215  212  209  207  205  203  203
  202  203  202  202  202  201  200  194  179                                   
    55.0-180.0 180.0   5.0 450.0                            LAT/LON1/LON2/DLON/H
  193  192  182  170  164  152  144  133  126  118  114  112  113  115  117  118
  118  117  115  112  109  106  102   98   96   95   96   97   99  100  101  103
  106  110  116  124  133  143  152  162  173  187  203  221  240  258  273  282
  286  285  279  271  262  253  245  238  233  229  225  222  219  216  214  213
  211  212  210  210  210  209  208  201  193                                   
    52.5-180.0 180.0   5.0 450.0                            LAT/LON1/LON2/DLON/H
  214  214  206  193  185  171  160  145  131  118  110  105  105  106  109  111
  111  110  108  105  100   95   90   86   84   84   86   90   93   95   97   99
  102  108  115  125  136  147  158  169  181  195  212  231  251  271  287  297
  302  301  296  288  280  272  264  257  252  248  244  241  238  235  232  230
  228  227  225  224  222  221  221  216  214                                   
    50.0-180.0 180.0   5.0 450.0                            LAT/LON1/LON2/DLON/H
  241  243  236  225  216  200  187  167  148  129  114  105  101  101  103  105
  106  105  103   99   94   89   83   79   77   77   81   85   90   94   96   99
  103  109  118  130  143  156  168  181  194  209  226  247  268  289  305  317
  322  322  317  310  302  293  285  278  272  267  264  261  259  256  253  251
  249  248  245  242  239  238  239  236  241                                   
    47.5-180.0 180.0   5.0 450.0                            LAT/LON1/LON2/DLON/H
  268  273  269  260  251  235  220  197  174  149  129  114  105  102  102  103
  103  103  101   98   94   88   82   77   75   76   80   86   92   96   99  103
  108  115  126  139  154  168  183  197  212  228  246  268  290  311  329  341
  346  346  341  334  326  316  307  297  290  284  281  279  277  274  272  271
  269  269  266  262  258  256  257  258  268                                   
    45.0-180.0 180.0   5.0 450.0                            LAT/LON1/LON2/DLON/H
  291  298  298  292  283  269  254  230  204  176  150  131  118  110  107  106
  105  105  104  102   99   94   88   83   81   82   87   93   98  103  106  110
  116  125  137  151  167  184  200  216  233  251  271  293  316  338  356  368
  373  373  368  360  350  339  327  315  305  298  294  292  291  289  287  286
  286  287  285  280  274  272  275  277  291                                   
    42.5-180.0 180.0   5.0 450.0                            LAT/LON1/LON2/DLON/H
  306  314  316  312  304  292  280  257  232  203  176  153  137  125  118  114
  112  112  112  111  108  105  100   95   94   95   99  105  110  113  117  121
  127  137  150  166  183  201  219  237  257  277  299  322  345  367  385  397
  402  401  396  387  377  363  348  333  321  313  308  305  303  301  299  299
  299  301  299  295  288  285  288  290  306                                   
    40.0-180.0 180.0   5.0 450.0                            LAT/LON1/LON2/DLON/H
  311  317  320  315  308  299  290  272  250  224  198  176  158  144  134  127
  124  122  122  122  121  119  115  112  111  113  116  121  124  127  129  132
  139  150  163  180  198  217  237  259  281  304  328  351  375  397  414  426
  431  431  426  418  407  392  376  359  344  334  328  323  320  316  313  311
  311  313  312  307  301  297  298  297  311                                   
    37.5-180.0 180.0   5.0 450.0                            LAT/LON1/LON2/DLON/H
  311  312  311  302  296  287  282  269  254  234  213  195  178  164  152  143
  137  135  134  135  135  134  132  131  131  133  136  139  140  141  141  144
  151  161  176  193  212  233  255  279  305  330  355  379  402  424  442  454
  460  461  458  452  444  432  415  398  382  370  361  355  348  340  334  330
  328  329  329  323  317  311  309  303  311                                   
    35.0-180.0 180.0   5.0 450.0                            LAT/LON1/LON2/DLON/H
  312  305  299  283  275  265  261  253  244  232  219  206  193  181  169  159
  151  148  147  148  149  149  149  150  151  154  157  158  157  155  153  155
  161  172  187  205  225  247  271  298  326  354  380  404  426  447  465  479
  487  491  493  494  492  484  471  455  438  425  414  404  393  381  369  361
  357  357  356  349  342  335  328  316  312                                   
    32.5-180.0 180.0   5.0 450.0                            LAT/LON1/LON2/DLON/H
  325  311  298  274  261  247  240  234  229  222  216  211  203  194  183  173
  165  160  158  159  161  162  165  168  171  175  177  177  173  169  165  164
  169  180  196  215  236  260  286  315  345  374  400  423  444  465  484  500
  512  523  533  543  551  552  545  532  517  503  490  476  460  442  424  411
  403  401  399  390  383  373  359  343  325                                   
    30.0-180.0 180.0   5.0 450.0                            LAT/LON1/LON2/DLON/H
  359  339  318  287  267  246  232  223  218  214  213  212  209  203  194  184
  176  171  169  169  171  174  179  185  191  196  198  195  189  182  175  173
  177  187  204  224  246  271  299  329  360  389  414  436  456  476  497  517
  535  554  574  597  618  631  635  628  616  602  587  570  549  525  501  481
  469  465  461  449  440  428  405  386  359                                   
    27.5-180.0 180.0   5.0 450.0                            LAT/LON1/LON2/DLON/H
  419  393  365  329  301  273  251  234  223  217  216  217  216  211  203  194
  186  181  178  178  181  186  194  203  211  216  217  213  205  194  185  181
  183  193  209  230  254  280  309  339  370  398  422  443  462  483  506  531
  556  584  616  651  686  713  729  731  724  712  697  677  653  624  595  570
  554  546  540  524  512  495  465  446  419                                   
    25.0-180.0 180.0   5.0 450.0                            LAT/LON1/LON2/DLON/H
  500  472  440  400  365  332  300  273  253  240  233  231  229  223  214  205
  197  191  188  189  193  200  210  221  230  235  234  228  217  204  193  186
  186  194  210  232  257  285  314  344  374  402  425  445  464  487  513  543
  576  612  654  700  746  785  811  823  823  815  800  781  755  725  694  666
  647  637  629  609  593  571  536  518  500                                   
    22.5-180.0 180.0   5.0 450.0                            LAT/LON1/LON2/DLON/H
  592  566  531  492  451  416  377  341  310  287  271  261  252  241  230  219
  210  204  201  202  207  216  227  239  248  251  247  238  224  209  196  187
  184  191  206  229  256  285  314  344  373  401  425  445  466  491  522  557
  596  639  687  739  791  835  867  885  890  887  877  860  837  810  781  754
  734  724  715  693  674  645  613  596  592                                   
    20.0-180.0 180.0   5.0 450.0                            LAT/LON1/LON2/DLON/H
  676  655  622  588  543  511  469  428  389  355  328  308  289  270  253  238
  228  221  217  218  224  234  246  256  262  261  253  240  224  208  193  182
  177  183  198  222  250  280  310  339  369  397  423  446  470  499  533  573
  616  663  712  765  815  858  888  907  916  918  913  902  886  865  843  820
  803  794  786  765  743  710  686  669  676                                   
    17.5-180.0 180.0   5.0 450.0                            LAT/LON1/LON2/DLON/H
  737  722  693  665  621  595  558  518  475  435  399  368  339  310  285  266
  252  243  239  239  244  253  264  271  272  265  252  236  218  201  185  173
  167  172  187  212  241  272  302  332  363  393  423  450  478  510  548  591
  637  683  730  777  819  853  877  893  903  909  910  906  898  886  872  857
  844  837  832  815  794  756  743  726  737                                   
    15.0-180.0 180.0   5.0 450.0                            LAT/LON1/LON2/DLON/H
  770  756  729  706  667  648  620  588  550  509  470  432  394  357  325  300
  282  271  264  262  265  272  278  281  275  263  246  226  208  191  176  164
  157  161  176  201  232  263  294  325  358  391  425  456  488  523  564  610
  657  701  742  778  808  830  844  855  864  873  880  883  882  878  872  863
  857  854  853  839  821  783  776  761  770                                   
    12.5-180.0 180.0   5.0 450.0                            LAT/LON1/LON2/DLON/H
  780  760  731  708  673  661  643  622  593  560  524  486  446  404  366  337
  316  300  290  284  284  286  288  285  273  256  235  215  197  181  167  156
  150  153  167  192  223  255  287  320  354  391  428  464  499  537  580  627
  674  715  749  774  791  801  806  811  819  830  841  849  853  854  853  850
  848  849  852  842  828  793  789  775  780                                   
    10.0-180.0 180.0   5.0 450.0                            LAT/LON1/LON2/DLON/H
  775  747  713  681  649  639  628  616  599  577  551  520  482  441  403  371
  347  328  313  303  298  296  292  283  266  245  223  203  187  173  161  151
  145  148  161  185  215  248  281  315  352  391  431  469  507  547  591  639
  686  726  755  772  780  781  779  780  786  799  813  823  830  833  834  833
  833  836  841  834  824  793  789  776  775                                   
     7.5-180.0 180.0   5.0 450.0                            LAT/LON1/LON2/DLON/H
  766  732  692  648  612  599  589  583  573  562  548  527  498  462  426  395
  370  349  331  316  306  299  289  275  255  232  211  193  180  168  158  149
