data/edconvlstm_nd/pred3630.15i
     1.0            IONOSPHERE MAPS     GNSS                IONEX VERSION / TYPE
pyspatialgeodesy        IME             05-JAN-18 20:20     PGM / RUN BY / DATE 
Map Name                                                    COMMENT             
Predicted global ionosphere maps (GIM).                     DESCRIPTION         
  2015    12    29     0     0     0                        EPOCH OF FIRST MAP  
  2015    12    30     0     0     0                        EPOCH OF LAST MAP   
  7200                                                      INTERVAL            
    13                                                      # OF MAPS IN FILE   
  NONE                                                      MAPPING FUNCTION    
10.0                                                        ELEVATION CUTOFF    
One-way carrier phase leveled to code                       OBSERVABLES USED    
  6371.0                                                    BASE RADIUS         
 2                                                          MAP DIMENSION       
   450.0 450.0   0.0                                        HGT1 / HGT2 / DHGT  
    87.5 -87.5  -2.5                                        LAT1 / LAT2 / DLAT  
  -180.0 180.0   5.0                                        LON1 / LON2 / DLON  
    -1                                                      EXPONENT            
                                                            END OF HEADER       
     1                                                      START OF TEC MAP    
  2015    12    29     0     0     0                        EPOCH OF CURRENT MAP
    87.5-180.0 180.0   5.0 450.0                            LAT/LON1/LON2/DLON/H
   75   67   49   40   36   45   40   37   37   36   36   35   35   35   34   34
   33   33   33   32   32   31   30   30   30   29   29   28   28   28   28   28
   27   27   27   27   27   28   28   28   29   29   30   30   31   32   33   34
   35   36   37   38   39   39   40   40   41   41   41   41   40   40   40   40
   39   39   38   39   29   51   53   50   75                                   
    85.0-180.0 180.0   5.0 450.0                            LAT/LON1/LON2/DLON/H
   59   63   44   44   45   55   50   48   48   47   46   46   45   45   44   43
   42   41   40   38   37   36   35   34   33   32   32   31   31   31   31   31
   31   31   31   31   32   32   33   33   34   35   36   38   39   41   42   43
   45   46   47   48   49   50   50   50   51   51   50   50   50   49   49   48
   48   47   48   52   56   62   73   60   59                                   
    82.5-180.0 180.0   5.0 450.0                            LAT/LON1/LON2/DLON/H
   45   35   45   41   40   50   44   41   43   41   41   41   40   38   36   34
   32   30   27   24   22   19   17   15   14   13   12   12   12   12   12   12
   13   13   14   15   16   17   18   19   21   23   25   27   29   31   33   35
   37   38   39   40   41   41   41   41   41   40   40   39   39   38   37   37
   36   36   36   36   44   43   56   57   45                                   
    80.0-180.0 180.0   5.0 450.0                            LAT/LON1/LON2/DLON/H
   54   46   51   42   46   49   46   43   47   46   46   47   46   45   43   41
   38   35   32   29   26   23   20   18   16   15   14   14   14   14   14   14
   15   15   16   16   17   18   18   20   21   23   25   27   29   31   34   36
   37   39   40   41   41   41   41   41   40   40   39   39   38   37   37   37
   36   35   36   36   51   46   59   74   54                                   
    77.5-180.0 180.0   5.0 450.0                            LAT/LON1/LON2/DLON/H
   61   57   49   48   47   49   47   47   52   51   53   54   54   53   51   49
   46   42   38   34   30   26   23   20   18   17   16   15   15   15   16   17
   17   18   18   18   18   19   19   20   21   22   24   26   29   31   34   36
   38   39   40   41   41   41   40   40   39   38   37   37   36   35   35   34
   33   34   35   36   42   47   53   70   61                                   
    75.0-180.0 180.0   5.0 450.0                            LAT/LON1/LON2/DLON/H
   66   55   58   57   53   59   55   56   61   61   62   64   64   62   60   57
   54   49   44   39   34   30   27   24   22   21   20   20   21   21   22   23
   24   24   24   23   23   22   21   21   22   23   24   26   29   31   33   36
   37   38   39   39   38   38   37   36   36   35   34   34   33   33   33   33
   32   33   36   34   39   53   57   68   66                                   
    72.5-180.0 180.0   5.0 450.0                            LAT/LON1/LON2/DLON/H
   67   59   63   61   59   60   58   61   66   66   68   70   70   69   67   64
   60   55   50   45   40   36   32   30   28   26   26   26   27   28   29   29
   30   29   28   27   25   23   22   21   21   22   23   25   27   29   31   33
   34   35   35   34   34   32   31   30   29   29   29   29   29   29   30   30
   29   30   37   36   41   54   61   76   67                                   
    70.0-180.0 180.0   5.0 450.0                            LAT/LON1/LON2/DLON/H
   75   67   73   73   70   72   69   70   75   75   76   78   77   75   73   69
   64   59   54   49   44   40   37   35   33   32   31   32   33   34   35   35
   35   34   32   30   27   25   23   22   22   22   24   26   28   30   31   33
   33   33   33   31   30   29   27   26   26   26   26   27   28   29   31   33
   33   34   40   41   46   61   67   79   75                                   
    67.5-180.0 180.0   5.0 450.0                            LAT/LON1/LON2/DLON/H
   85   79   83   84   80   80   75   76   80   79   80   80   79   76   73   69
   64   58   53   48   44   41   38   36   34   33   32   32   33   33   34   34
   33   31   28   25   23   20   18   17   18   19   20   22   24   26   27   28
   28   27   26   24   23   21   20   19   19   20   21   23   25   27   31   34
   34   36   44   45   52   66   72   85   85                                   
    65.0-180.0 180.0   5.0 450.0                            LAT/LON1/LON2/DLON/H
   95   88   92   93   90   88   82   83   85   84   84   84   82   78   74   68
   63   57   52   47   44   40   38   35   33   31   30   30   30   30   30   29
   27   25   22   19   16   14   13   13   14   17   19   21   23   24   25   25
   24   23   21   19   17   16   15   15   15   17   19   22   26   30   35   38
   40   43   50   52   61   74   81   94   95                                   
    62.5-180.0 180.0   5.0 450.0                            LAT/LON1/LON2/DLON/H
  105   99  103  104  100   97   90   90   92   90   89   88   86   81   76   70
   63   58   52   48   44   40   37   34   32   29   28   27   26   26   25   24
   22   19   16   13   11   10   10   12   15   18   21   24   26   27   26   26
   24   22   20   18   16   15   15   15   17   19   23   28   33   38   43   47
   49   52   60   62   69   83   90  103  105                                   
    60.0-180.0 180.0   5.0 450.0                            LAT/LON1/LON2/DLON/H
  114  109  112  113  109  105   97   96   97   94   93   92   89   84   78   71
   64   58   52   47   43   39   36   32   29   26   24   23   22   21   20   18
   16   13   11    9    8    8   10   12   16   21   25   28   30   30   29   27
   25   23   21   19   18   17   17   18   21   25   30   36   42   47   53   57
   59   62   69   71   78   90   97  111  114                                   
    57.5-180.0 180.0   5.0 450.0                            LAT/LON1/LON2/DLON/H
  123  119  122  122  118  112  104  102  103   99   97   95   92   87   80   73
   66   59   53   47   43   38   33   29   25   22   20   20   19   18   17   16
   13   11    9    8    8   10   12   16   21   26   31   34   35   35   33   31
   28   26   25   23   23   23   24   26   30   34   40   46   52   58   63   67
   69   71   79   80   88   98  104  119  123                                   
    55.0-180.0 180.0   5.0 450.0                            LAT/LON1/LON2/DLON/H
  131  128  131  131  126  120  112  109  108  103  100   98   94   89   83   76
   68   61   55   48   43   37   31   27   23   20   19   19   19   19   18   17
   15   13   12   12   13   15   18   23   28   33   38   41   42   41   39   36
   34   32   31   31   31   33   35   38   42   46   51   57   62   67   72   76
   77   80   88   90   98  106  112  127  131                                   
    52.5-180.0 180.0   5.0 450.0                            LAT/LON1/LON2/DLON/H
  141  139  140  141  136  130  121  116  113  107  104  100   96   91   85   78
   71   64   57   50   44   37   31   26   22   20   20   21   22   22   22   21
   20   19   20   21   22   25   28   32   36   41   45   48   49   48   46   44
   42   40   40   41   43   45   48   51   55   58   63   67   71   74   78   82
   84   88   97  100  108  116  121  137  141                                   
    50.0-180.0 180.0   5.0 450.0                            LAT/LON1/LON2/DLON/H
  151  150  151  153  149  141  132  126  121  113  108  104   99   93   87   81
   74   67   60   53   46   39   33   28   25   23   24   26   28   29   29   29
   28   28   30   32   34   37   39   42   46   50   53   56   57   56   55   53
   52   51   52   54   57   60   63   65   68   70   73   76   78   80   84   87
   90   95  105  109  118  126  132  148  151                                   
    47.5-180.0 180.0   5.0 450.0                            LAT/LON1/LON2/DLON/H
  162  163  163  166  162  155  145  138  131  121  114  108  102   96   90   84
   77   70   63   56   49   43   37   32   30   29   31   34   36   37   37   36
   36   38   40   43   46   49   50   52   54   57   60   62   64   64   64   64
   64   64   66   68   71   73   76   78   79   81   82   83   84   85   88   91
   94  101  111  117  128  137  143  159  162                                   
    45.0-180.0 180.0   5.0 450.0                            LAT/LON1/LON2/DLON/H
  171  174  173  179  176  169  159  151  143  132  123  115  108  100   94   87
   80   73   66   60   54   48   43   39   37   38   40   42   44   44   43   42
   42   44   48   53   56   58   59   59   60   62   65   68   70   73   74   76
   77   78   79   81   82   84   85   87   88   89   89   90   90   90   92   95
   99  106  117  124  135  146  152  167  171                                   
    42.5-180.0 180.0   5.0 450.0                            LAT/LON1/LON2/DLON/H
  177  182  181  189  187  181  171  164  155  143  133  124  115  107   99   92
   84   77   71   65   60   55   51   48   47   47   48   49   49   48   46   44
   44   47   52   57   61   62   63   63   63   65   69   73   77   81   84   86
   88   89   89   90   90   90   91   92   93   94   95   95   95   95   97  100
  104  111  123  130  141  153  159  173  177                                   
    40.0-180.0 180.0   5.0 450.0                            LAT/LON1/LON2/DLON/H
  180  185  184  193  193  188  179  173  165  153  143  134  124  115  106   98
   91   84   78   74   70   66   62   59   57   56   55   54   52   49   45   43
   43   47   52   58   61   63   63   63   65   68   72   77   82   87   91   94
   95   96   95   94   93   92   93   94   96   98  100  101  101  101  103  107
  111  118  129  135  145  158  163  176  180                                   
    37.5-180.0 180.0   5.0 450.0                            LAT/LON1/LON2/DLON/H
  181  185  183  191  192  188  180  176  171  160  152  143  134  125  115  107
  100   93   89   85   82   79   75   70   66   63   60   57   53   48   43   41
   42   46   51   56   60   61   62   63   66   70   75   81   86   91   95   97
   98   98   96   94   92   91   91   93   97  101  105  107  108  110  113  118
  122  127  137  142  149  162  167  179  181                                   
    35.0-180.0 180.0   5.0 450.0                            LAT/LON1/LON2/DLON/H
  181  184  181  186  187  183  176  174  172  164  157  151  143  134  125  117
  110  105  102   99   97   94   88   81   74   68   63   58   53   48   44   42
   43   47   52   57   59   61   62   65   69   74   80   86   90   94   96   97
   97   95   92   90   87   87   88   92   97  104  110  114  118  121  126  131
  135  140  149  152  157  168  173  185  181                                   
    32.5-180.0 180.0   5.0 450.0                            LAT/LON1/LON2/DLON/H
  186  186  181  182  181  176  170  169  169  164  159  155  149  142  135  128
  122  118  115  114  112  107   99   89   79   71   65   60   56   52   49   48
   51   55   59   62   64   64   66   69   75   80   86   91   93   95   95   94
   92   89   86   83   81   82   84   90   98  107  116  123  129  134  141  149
  153  157  165  166  170  180  185  199  186                                   
    30.0-180.0 180.0   5.0 450.0                            LAT/LON1/LON2/DLON/H
  198  197  190  185  180  174  168  167  167  163  160  157  154  149  143  138
  133  130  128  126  123  116  106   94   82   73   68   65   62   61   60   62
   66   70   73   74   73   73   74   78   83   89   93   96   96   95   93   89
   86   82   79   76   75   77   81   88   99  112  124  134  143  151  160  170
  175  179  186  187  192  201  207  221  198                                   
    27.5-180.0 180.0   5.0 450.0                            LAT/LON1/LON2/DLON/H
  222  221  210  200  191  183  175  171  170  165  161  159  157  154  150  146
  142  140  137  134  129  120  109   96   84   76   73   73   73   75   78   83
   88   92   93   91   87   85   85   89   94   98  101  101   99   95   90   85
   80   75   72   71   71   74   79   88  102  118  133  147  159  170  183  195
  202  206  214  213  222  231  237  254  222                                   
    25.0-180.0 180.0   5.0 450.0                            LAT/LON1/LON2/DLON/H
  258  258  243  229  218  207  196  188  182  173  167  164  161  158  155  152
  149  146  143  137  130  119  107   95   86   82   81   84   88   94  101  108
  115  118  116  110  103   99   98  101  104  107  108  106  101   95   88   82
   76   71   69   68   69   73   80   91  106  125  144  162  177  192  208  223
  232  239  246  246  259  270  277  296  258                                   
    22.5-180.0 180.0   5.0 450.0                            LAT/LON1/LON2/DLON/H
  304  309  290  273  261  248  233  219  207  192  181  173  168  164  161  157
  154  149  143  135  125  114  104   96   91   90   93   99  106  116  126  135
  142  142  136  127  117  111  110  111  114  115  113  109  103   95   88   81
   75   71   68   68   70   74   82   94  112  133  156  177  196  215  234  253
  265  274  282  283  300  314  324  345  304                                   
    20.0-180.0 180.0   5.0 450.0                            LAT/LON1/LON2/DLON/H
  356  367  347  330  318  303  284  264  244  223  205  191  181  173  168  163
  157  150  140  129  118  109  102   99   99  102  108  116  125  136  146  155
  159  156  147  135  125  119  117  119  120  120  117  111  104   96   89   82
   77   72   70   70   72   77   85   99  117  141  166  191  214  237  260  282
  298  310  319  321  341  359  372  396  356                                   
    17.5-180.0 180.0   5.0 450.0                            LAT/LON1/LON2/DLON/H
  406  424  408  393  382  367  346  321  294  265  239  218  202  189  179  170
  161  150  136  123  112  106  105  107  113  119  126  133  141  150  158  163
  163  157  146  134  125  121  120  122  123  122  118  112  105   98   92   86
   80   76   74   73   75   80   88  102  121  146  174  201  228  255  282  308
  327  342  351  356  377  397  416  441  406                                   
    15.0-180.0 180.0   5.0 450.0                            LAT/LON1/LON2/DLON/H
  446  472  463  452  444  431  409  381  350  316  283  255  231  212  196  183
  169  153  137  122  113  111  115  123  132  140  146  149  153  157  160  161
  158  149  138  128  121  119  120  122  123  122  118  113  107  101   95   89
   85   80   77   75   76   81   89  104  124  150  179  208  238  268  299  328
  350  366  377  383  404  425  448  475  446                                   
    12.5-180.0 180.0   5.0 450.0                            LAT/LON1/LON2/DLON/H
  473  505  503  496  493  483  463  437  406  369  333  298  268  241  219  201
  182  163  144  129  122  124  133  145  156  163  165  163  160  158  157  153
  147  138  127  119  115  116  119  122  123  122  119  114  109  104   99   93
   89   84   80   77   78   82   91  106  127  152  181  212  244  277  310  341
  365  382  394  401  420  441  466  494  473                                   
    10.0-180.0 180.0   5.0 450.0                            LAT/LON1/LON2/DLON/H
  486  520  522  521  522  516  501  479  451  417  381  343  308  276  249  225
  202  180  160  146  141  146  159  173  183  186  182  174  165  158  152  146
  138  128  120  114  114  117  121  125  126  125  122  118  113  108  103   98
   93   88   83   80   80   85   95  111  131  156  183  214  246  281  316  348
  372  390  402  410  426  445  471  499  486                                   
     7.5-180.0 180.0   5.0 450.0                            LAT/LON1/LON2/DLON/H
  489  521  525  526  530  528  518  502  481  453  420  384  348  313  282  255
  229  205  185  172  169  176  190  202  209  206  196  183  171  160  153  145
