data/edconvlstm_nd/pred0920.15i
     1.0            IONOSPHERE MAPS     GNSS                IONEX VERSION / TYPE
pyspatialgeodesy        IME             05-JAN-18 20:20     PGM / RUN BY / DATE 
Map Name                                                    COMMENT             
Predicted global ionosphere maps (GIM).                     DESCRIPTION         
  2015     4     2     0     0     0                        EPOCH OF FIRST MAP  
  2015     4     3     0     0     0                        EPOCH OF LAST MAP   
  7200                                                      INTERVAL            
    13                                                      # OF MAPS IN FILE   
  NONE                                                      MAPPING FUNCTION    
10.0                                                        ELEVATION CUTOFF    
One-way carrier phase leveled to code                       OBSERVABLES USED    
  6371.0                                                    BASE RADIUS         
 2                                                          MAP DIMENSION       
   450.0 450.0   0.0                                        HGT1 / HGT2 / DHGT  
    87.5 -87.5  -2.5                                        LAT1 / LAT2 / DLAT  
  -180.0 180.0   5.0                                        LON1 / LON2 / DLON  
    -1                                                      EXPONENT            
                                                            END OF HEADER       
[from data line 3432]
     9                                                      START OF TEC MAP    
  2015     4     2    16     0     0                        EPOCH OF CURRENT MAP
    87.5-180.0 180.0   5.0 450.0                            LAT/LON1/LON2/DLON/H
  190  190  183  191  194  196  197  197  199  201  201  202  203  204  205  205
  206  206  206  206  206  206  206  205  205  204  204  203  202  201  200  199
  198  197  195  194  193  192  190  189  188  187  185  184  183  182  181  180
  180  179  178  178  177  177  177  177  177  177  177  177  178  178  179  179
  179  181  180  181  190  190  192  187  190                                   
    85.0-180.0 180.0   5.0 450.0                            LAT/LON1/LON2/DLON/H
  181  185  193  189  189  194  196  199  201  203  203  205  205  206  207  208
  208  209  209  209  209  209  209  208  208  207  207  206  205  204  203  202
  200  199  197  195  194  192  190  189  187  185  184  182  181  180  179  178
  177  176  176  175  175  175  175  175  175  175  176  176  177  177  178  179
  180  181  180  180  182  179  181  183  181                                   
    82.5-180.0 180.0   5.0 450.0                            LAT/LON1/LON2/DLON/H
  157  170  171  169  172  179  182  185  187  189  191  193  194  195  197  198
  198  199  200  200  201  201  202  202  202  203  203  203  203  202  201  200
  198  196  194  191  189  186  183  180  177  174  171  168  166  163  161  159
  157  156  155  154  153  153  153  153  153  153  154  154  155  155  156  156
  157  158  157  161  161  168  163  154  157                                   
    80.0-180.0 180.0   5.0 450.0                            LAT/LON1/LON2/DLON/H
  140  150  153  152  155  160  165  170  174  178  181  184  186  188  190  191
  193  194  195  196  197  198  200  201  202  203  204  205  206  206  205  204
  202  200  197  194  190  186  183  179  175  171  168  164  161  158  155  153
  150  149  147  146  145  145  145  144  144  144  144  144  144  143  143  143
  144  144  143  145  142  142  140  133  140                                   
    77.5-180.0 180.0   5.0 450.0                            LAT/LON1/LON2/DLON/H
  127  131  134  133  138  144  148  153  159  163  167  171  174  177  179  181
  183  185  187  189  191  194  197  200  203  206  209  212  214  215  216  215
  214  212  209  205  201  196  191  186  182  177  172  167  163  159  155  151
  148  145  143  141  140  139  139  138  138  137  136  135  134  132  131  130
  129  128  126  128  129  125  124  122  127                                   
    75.0-180.0 180.0   5.0 450.0                            LAT/LON1/LON2/DLON/H
  112  119  118  119  124  131  135  141  148  154  159  164  168  172  175  177
  180  183  185  189  192  196  200  205  210  215  220  224  228  231  232  232
  231  228  225  220  215  210  205  199  194  189  183  178  173  168  163  158
  154  150  148  145  144  142  141  140  139  138  136  134  132  129  127  125
  122  121  119  116  117  114  112  102  112                                   
    72.5-180.0 180.0   5.0 450.0                            LAT/LON1/LON2/DLON/H
  100  107  106  110  113  121  126  133  140  147  154  160  165  170  174  177
  181  185  188  193  198  203  209  216  222  229  235  240  245  248  250  250
  249  246  242  237  231  225  220  214  208  203  197  192  185  179  173  167
  161  157  153  149  147  145  143  141  139  137  134  131  128  125  121  118
  114  112  109  106  108  105  104  100  100                                   
    70.0-180.0 180.0   5.0 450.0                            LAT/LON1/LON2/DLON/H
   94  101  100  103  107  114  120  128  137  146  154  161  167  173  177  182
  186  191  196  201  208  214  222  229  237  244  251  257  262  265  267  266
  264  260  255  249  242  236  230  225  219  214  209  203  196  189  182  175
  168  162  157  152  149  146  143  140  138  135  132  128  125  120  117  113
  109  106  103  100  102  100  101   98   94                                   
    67.5-180.0 180.0   5.0 450.0                            LAT/LON1/LON2/DLON/H
   91   98   97  102  107  115  121  130  141  151  160  170  177  184  189  195
  200  206  212  219  226  234  242  250  257  264  271  276  280  283  284  282
  279  274  268  262  255  248  242  237  233  228  223  217  211  203  194  186
  177  170  163  157  152  147  144  140  137  134  131  127  123  119  115  111
  107  104  101   97   98   98   98   97   91                                   
    65.0-180.0 180.0   5.0 450.0                            LAT/LON1/LON2/DLON/H
   86   93   92   98  103  112  119  129  141  154  164  175  184  191  198  204
  211  218  226  234  242  249  257  265  272  278  284  288  292  294  295  293
  289  284  277  270  262  255  249  245  240  236  232  226  218  209  200  189
  179  170  162  154  147  142  137  132  129  126  123  120  116  113  109  105
  101   98   95   92   94   95   96   96   86                                   
    62.5-180.0 180.0   5.0 450.0                            LAT/LON1/LON2/DLON/H
   80   87   86   93   98  108  117  128  141  155  167  179  189  198  205  213
  221  230  238  247  255  263  270  276  281  287  291  295  299  301  302  301
  297  292  285  277  269  262  256  251  247  243  238  232  224  214  202  191
  179  168  158  149  141  134  128  124  120  117  115  113  110  107  104  101
   96   93   90   87   88   88   89   91   80                                   
    60.0-180.0 180.0   5.0 450.0                            LAT/LON1/LON2/DLON/H
   73   79   79   86   92  101  111  123  136  151  165  178  189  199  208  217
  226  236  246  255  262  269  275  280  284  288  293  297  301  305  308  308
  306  301  295  287  278  270  264  259  254  250  245  238  228  217  204  191
  179  167  156  146  137  129  122  117  113  111  110  109  108  105  103   99
   94   90   86   82   82   81   82   84   73                                   
    57.5-180.0 180.0   5.0 450.0                            LAT/LON1/LON2/DLON/H
   69   73   73   80   86   95  105  116  130  145  159  173  185  196  206  217
  228  239  249  258  266  271  275  279  282  286  291  297  304  310  315  318
  319  316  310  302  293  284  277  271  266  261  255  246  236  223  209  195
  182  170  159  149  139  131  123  118  115  113  112  113  112  111  108  104
   98   92   88   82   80   77   76   78   69                                   
    55.0-180.0 180.0   5.0 450.0                            LAT/LON1/LON2/DLON/H
   69   70   72   78   84   93  102  112  125  139  154  167  179  191  203  215
  227  239  250  259  266  270  274  277  280  285  291  299  309  319  327  333
  336  335  330  322  313  304  295  288  281  275  268  259  247  233  218  204
  191  179  169  159  149  140  133  128  125  124  125  125  126  124  121  116
  108  102   95   88   84   79   76   77   69                                   
    52.5-180.0 180.0   5.0 450.0                            LAT/LON1/LON2/DLON/H
   76   75   77   82   88   96  105  113  125  138  151  164  176  188  200  213
  227  239  251  259  266  270  273  276  280  286  295  305  318  331  343  352
  357  357  353  346  337  327  317  309  301  294  285  275  261  247  231  217
  205  194  184  175  166  157  150  146  144  144  145  146  146  144  141  134
  126  118  110  103   97   89   83   82   76                                   
    50.0-180.0 180.0   5.0 450.0                            LAT/LON1/LON2/DLON/H
   91   87   89   93   99  106  114  120  131  143  155  168  179  190  202  216
  229  242  253  262  269  274  277  281  286  293  304  317  332  347  361  371
  377  379  376  370  361  351  341  331  322  313  304  292  278  262  247  233
  221  211  202  193  185  177  171  168  167  168  170  171  171  168  164  157
  147  139  130  123  116  107   99   96   91                                   
    47.5-180.0 180.0   5.0 450.0                            LAT/LON1/LON2/DLON/H
  110  105  106  110  116  122  129  135  145  157  169  181  191  202  213  224
  237  248  259  268  275  282  287  292  298  306  318  332  348  364  378  388
  394  396  394  389  382  373  362  352  342  332  320  307  292  276  260  246
  235  225  217  209  200  193  189  187  188  191  193  194  194  191  186  179
  169  161  152  147  140  130  122  117  110                                   
    45.0-180.0 180.0   5.0 450.0                            LAT/LON1/LON2/DLON/H
  132  126  124  129  135  141  148  154  165  178  191  203  214  223  232  241
  251  260  270  278  287  295  302  308  315  323  335  348  363  378  390  399
  405  407  407  405  400  392  382  371  359  347  334  319  303  286  269  255
  243  233  224  215  207  201  198  198  202  205  209  210  210  207  203  196
  186  179  171  168  162  154  147  140  132                                   
    42.5-180.0 180.0   5.0 450.0                            LAT/LON1/LON2/DLON/H
  149  145  141  146  153  158  167  175  189  205  221  235  245  253  259  265
  271  278  285  293  303  312  321  328  334  342  351  363  375  387  398  406
  413  417  420  421  419  413  403  390  376  360  344  327  309  291  273  258
  245  233  223  213  204  198  196  199  204  209  213  215  215  214  211  206
  197  192  185  184  179  173  169  162  149                                   
    40.0-180.0 180.0   5.0 450.0                            LAT/LON1/LON2/DLON/H
  159  156  151  157  165  170  182  194  212  233  253  270  281  288  293  295
  297  300  305  313  323  334  343  349  354  359  365  374  385  396  406  416
  424  432  440  444  445  441  430  414  396  376  356  336  315  294  275  258
  243  229  217  205  195  189  188  191  197  203  207  209  211  212  212  208
  202  197  191  191  187  185  182  174  159                                   
    37.5-180.0 180.0   5.0 450.0                            LAT/LON1/LON2/DLON/H
  159  158  153  158  169  174  190  207  231  258  283  303  317  325  329  329
  327  326  329  336  347  357  366  370  372  374  378  385  395  407  420  433
  447  461  473  482  485  480  467  447  424  399  375  350  325  302  280  260
  243  228  214  200  190  183  181  184  189  193  196  199  201  205  208  207
  202  198  192  191  187  186  184  176  159                                   
    35.0-180.0 180.0   5.0 450.0                            LAT/LON1/LON2/DLON/H
  152  152  147  152  163  169  191  212  243  275  306  331  349  359  363  362
  358  356  357  363  373  382  388  390  390  390  393  400  412  427  446  466
  488  509  527  539  542  535  518  492  463  433  403  374  345  318  293  272
  254  237  222  208  196  187  184  184  187  189  190  192  195  201  207  209
  205  201  193  188  182  180  178  168  152                                   
    32.5-180.0 180.0   5.0 450.0                            LAT/LON1/LON2/DLON/H
  143  142  138  141  152  159  185  211  247  285  321  350  372  387  393  393
  389  386  386  392  401  408  411  410  408  409  414  424  441  462  489  519
  551  581  604  617  618  606  583  551  515  479  444  410  377  347  321  298
  280  264  248  234  221  211  205  201  199  198  196  197  201  208  217  220
  216  210  198  188  178  171  167  155  143                                   
    30.0-180.0 180.0   5.0 450.0                            LAT/LON1/LON2/DLON/H
  138  135  129  130  140  148  177  207  247  289  328  361  387  406  416  419
  417  415  416  422  430  435  435  432  431  434  444  461  485  516  553  595
  636  672  698  710  705  686  654  616  574  533  494  457  422  390  363  341
  324  310  296  282  269  258  248  240  233  227  222  221  225  233  241  245
  239  229  212  196  179  166  158  143  138                                   
    27.5-180.0 180.0   5.0 450.0                            LAT/LON1/LON2/DLON/H
  141  135  126  125  131  140  170  203  245  289  329  365  394  417  432  439
  440  441  445  453  459  462  461  458  460  469  488  515  548  589  636  686
  735  774  798  803  789  760  721  677  633  590  549  510  474  441  415  396
  382  372  362  351  339  326  313  300  287  276  268  265  267  273  281  282
  273  259  234  213  189  167  154  134  141                                   
    25.0-180.0 180.0   5.0 450.0                            LAT/LON1/LON2/DLON/H
  153  144  130  128  131  139  168  201  243  287  327  364  395  422  441  453
  460  465  473  482  489  491  490  490  497  516  546  584  627  675  728  783
  834  870  886  879  853  814  769  723  679  637  597  559  523  491  467  452
  443  438  433  426  416  403  388  371  354  339  328  323  322  326  329  326
  312  293  263  236  206  177  157  133  153                                   
    22.5-180.0 180.0   5.0 450.0                            LAT/LON1/LON2/DLON/H
  169  158  141  137  137  145  171  202  243  285  324  361  394  424  448  465
  477  488  499  510  518  521  522  528  544  574  615  663  712  764  819  873
  917  944  946  925  887  840  792  746  705  667  630  594  558  528  506  494
  491  492  493  491  483  471  454  435  416  399  388  381  379  379  377  367
  349  325  291  261  228  193  169  141  169                                   
    20.0-180.0 180.0   5.0 450.0                            LAT/LON1/LON2/DLON/H
  186  173  156  150  149  156  180  208  245  285  323  359  394  427  455  478
  496  511  526  540  549  554  560  572  598  639  689  743  795  847  896  941
  973  984  970  935  887  837  789  747  711  677  645  610  575  544  522  512
  514  521  528  530  525  514  497  478  459  443  433  427  423  419  413  397
  375  349  314  283  249  211  185  158  186                                   
    17.5-180.0 180.0   5.0 450.0                            LAT/LON1/LON2/DLON/H
  200  184  169  162  160  168  190  215  250  287  324  361  397  432  464  493
  517  538  557  573  584  592  601  621  656  704  760  817  867  910  946  975
  990  984  957  914  863  813  769  733  703  675  645  611  574  540  516  507
  511  522  533  540  538  529  514  496  479  466  457  452  447  440  428  409
  384  357  325  295  264  227  200  176  200                                   
    15.0-180.0 180.0   5.0 450.0                            LAT/LON1/LON2/DLON/H
  208  190  177  170  167  176  198  222  256  293  330  367  405  442  477  510
  540  567  591  609  621  631  645  671  711  765  824  877  916  943  961  972
  971  954  919  873  825  780  744  715  691  667  640  604  563  524  496  485
  490  503  517  526  527  521  510  495  481  470  463  457  451  440  424  400
  373  349  320  295  269  235  210  190  208                                   
    12.5-180.0 180.0   5.0 450.0                            LAT/LON1/LON2/DLON/H
  210  191  178  172  170  180  202  227  262  300  339  378  417  456  494  530
  565  597  624  644  658  669  687  718  764  820  875  915  936  944  945  942
  931  908  873  831  789  754  727  706  687  666  638  599  552  507  474  460
  463  477  491  501  505  502  495  484  474  465  457  450  440  425  405  378
  349  326  302  282  262  235  211  196  210                                   
    10.0-180.0 180.0   5.0 450.0                            LAT/LON1/LON2/DLON/H
  205  185  172  169  168  178  202  229  266  308  350  392  433  472  511  550
  588  624  653  675  690  704  726  761  809  860  902  925  930  925  916  905
  889  866  835  801  771  747  730  715  699  677  647  604  552  500  462  445
  446  459  473  483  488  488  484  478  469  459  448  436  420  401  377  347
  319  297  276  261  248  227  205  194  205                                   
     7.5-180.0 180.0   5.0 450.0                            LAT/LON1/LON2/DLON/H
  197  176  162  162  163  173  198  228  269  315  361  406  449  489  528  568
  608  645  676  699  716  734  760  796  839  880  907  916  912  900  887  875
