data/edconvlstm_nd/pred2430.15i
     1.0            IONOSPHERE MAPS     GNSS                IONEX VERSION / TYPE
pyspatialgeodesy        IME             05-JAN-18 20:20     PGM / RUN BY / DATE 
Map Name                                                    COMMENT             
Predicted global ionosphere maps (GIM).                     DESCRIPTION         
  2015     8    31     0     0     0                        EPOCH OF FIRST MAP  
  2015     9     1     0     0     0                        EPOCH OF LAST MAP   
  7200                                                      INTERVAL            
    13                                                      # OF MAPS IN FILE   
  NONE                                                      MAPPING FUNCTION    
10.0                                                        ELEVATION CUTOFF    
One-way carrier phase leveled to code                       OBSERVABLES USED    
  6371.0                                                    BASE RADIUS         
 2                                                          MAP DIMENSION       
   450.0 450.0   0.0                                        HGT1 / HGT2 / DHGT  
    87.5 -87.5  -2.5                                        LAT1 / LAT2 / DLAT  
  -180.0 180.0   5.0                                        LON1 / LON2 / DLON  
    -1                                                      EXPONENT            
                                                            END OF HEADER       
[from data line 2145]
     6                                                      START OF TEC MAP    
  2015     8    31    10     0     0                        EPOCH OF CURRENT MAP
    87.5-180.0 180.0   5.0 450.0                            LAT/LON1/LON2/DLON/H
   81   89   88   93   94   95   94   90   92   94   94   95   96   97   97   98
   99   99  100  100  101  101  102  102  102  103  103  103  103  102  102  102
  102  101  101  100  100   99   99   99   98   98   98   97   97   97   97   97
   97   96   96   96   96   96   95   95   95   94   94   93   93   92   91   91
   91   92   89   87   90   90  101   98   81                                   
    85.0-180.0 180.0   5.0 450.0                            LAT/LON1/LON2/DLON/H
   82   93  100   92   93   96   96   96   97   99   99  101  101  102  103  104
  105  106  107  108  108  109  110  111  111  112  112  112  113  113  112  112
  112  111  111  110  110  109  109  108  108  108  107  107  107  107  107  107
  107  106  106  106  105  105  104  104  103  103  102  101  100   99   98   98
   98   98   92   89   87   91   99  101   82                                   
    82.5-180.0 180.0   5.0 450.0                            LAT/LON1/LON2/DLON/H
   80   88   95   89   87   90   91   92   93   95   95   97   97   98   99  100
  101  102  103  105  106  107  108  110  111  112  112  113  113  113  113  113
  113  112  112  111  111  110  110  110  110  110  111  111  111  112  112  112
  112  112  112  111  111  110  110  109  108  107  106  105  104  102  100  100
   99   98   92   88   88   92   90   90   80                                   
    80.0-180.0 180.0   5.0 450.0                            LAT/LON1/LON2/DLON/H
   78   78   85   81   81   79   81   82   84   86   85   87   88   88   89   90
   92   93   95   97   99  101  103  105  107  108  109  110  111  111  111  111
  111  110  110  109  109  109  109  109  110  111  112  113  114  115  115  116
  116  116  116  115  115  114  113  112  110  109  107  106  104  102  100   99
   98   95   91   88   86   89   91   89   78                                   
    77.5-180.0 180.0   5.0 450.0                            LAT/LON1/LON2/DLON/H
   79   75   76   75   72   74   74   76   78   79   78   80   80   81   81   82
   84   86   88   91   93   96   99  102  105  107  109  110  111  112  112  112
  111  111  111  110  110  111  112  113  114  116  118  120  122  123  125  125
  126  126  126  125  124  123  122  120  119  117  115  113  111  108  106  104
  101   98   92   90   86   81   82   84   79                                   
    75.0-180.0 180.0   5.0 450.0                            LAT/LON1/LON2/DLON/H
   68   66   64   65   63   66   66   67   68   70   69   70   69   70   71   72
   73   75   78   81   84   88   92   95   99  102  104  106  108  109  110  110
  109  109  109  109  109  110  111  113  116  118  121  124  126  128  130  130
  131  131  131  130  129  127  126  124  122  120  118  116  113  111  108  105
  102   98   92   86   83   77   77   74   68                                   
    72.5-180.0 180.0   5.0 450.0                            LAT/LON1/LON2/DLON/H
   64   61   58   59   58   62   62   63   64   65   63   64   64   64   65   65
   67   69   72   75   78   82   86   90   94   98  101  103  105  107  108  108
  109  109  108  109  109  111  112  115  118  121  125  128  131  133  135  136
  136  136  136  135  134  133  131  129  127  125  123  120  118  115  113  110
  107  102   97   90   84   78   74   75   64                                   
    70.0-180.0 180.0   5.0 450.0                            LAT/LON1/LON2/DLON/H
   63   56   56   55   54   55   55   57   58   59   58   59   58   59   59   60
   61   63   65   68   72   76   80   84   88   92   96   99  102  104  106  107
  107  107  108  108  109  110  112  115  119  122  126  129  132  134  135  136
  136  136  135  135  134  133  132  130  128  126  123  121  119  117  114  112
  109  104  100   92   85   79   78   78   63                                   
    67.5-180.0 180.0   5.0 450.0                            LAT/LON1/LON2/DLON/H
   61   54   54   53   52   52   53   54   55   56   55   57   56   57   57   58
   59   61   63   66   69   72   76   80   84   88   92   96   99  101  104  105
  106  107  107  108  108  110  112  115  118  122  125  128  130  131  132  132
  132  132  132  132  132  132  131  130  128  126  124  122  120  118  116  114
  112  107  103   95   87   81   77   76   61                                   
    65.0-180.0 180.0   5.0 450.0                            LAT/LON1/LON2/DLON/H
   62   56   54   53   50   50   51   52   53   54   54   56   56   57   58   59
   60   61   63   65   68   71   74   78   82   86   90   94   98  101  104  106
  108  109  110  110  111  113  115  118  120  124  126  128  130  130  130  130
  130  130  131  132  133  133  133  132  131  129  126  124  122  120  119  117
  116  112  108  101   93   88   84   82   62                                   
    62.5-180.0 180.0   5.0 450.0                            LAT/LON1/LON2/DLON/H
   65   59   56   54   50   49   49   50   51   52   53   55   56   57   58   60
   60   61   62   64   66   68   71   75   79   84   88   92   97  100  104  107
  109  111  112  113  115  116  118  120  123  125  127  128  129  128  127  127
  127  128  130  132  134  136  136  136  134  132  130  128  126  124  122  121
  119  116  113  105   98   93   89   87   65                                   
    60.0-180.0 180.0   5.0 450.0                            LAT/LON1/LON2/DLON/H
   69   62   58   55   49   47   46   46   46   48   48   51   53   55   56   57
   58   58   59   60   61   64   67   71   75   80   85   89   94   98  102  105
  108  110  113  115  117  119  121  123  125  127  128  128  128  127  126  125
  126  128  131  135  138  140  141  140  139  137  134  132  129  127  125  124
  122  118  116  109  102   97   93   90   69                                   
    57.5-180.0 180.0   5.0 450.0                            LAT/LON1/LON2/DLON/H
   74   66   62   57   50   47   44   43   43   44   45   47   49   52   53   54
   54   54   54   55   56   59   62   67   72   77   82   87   92   96  100  104
  107  111  115  118  121  124  127  129  131  132  133  133  132  131  130  130
  131  134  138  142  146  148  149  148  147  144  142  140  137  135  132  130
  128  124  121  114  107  102   97   94   74                                   
    55.0-180.0 180.0   5.0 450.0                            LAT/LON1/LON2/DLON/H
   79   71   66   60   52   48   44   41   39   40   40   43   45   47   49   49
   49   49   48   49   50   53   57   62   68   74   80   85   89   93   97  101
  105  110  116  121  126  130  133  136  139  140  141  140  139  138  138  138
  140  144  148  152  155  157  157  156  154  152  150  148  146  143  140  138
  134  129  126  118  111  106  100   97   79                                   
    52.5-180.0 180.0   5.0 450.0                            LAT/LON1/LON2/DLON/H
   83   76   70   64   55   50   45   41   38   37   37   39   41   43   44   44
   43   43   43   43   45   48   53   59   65   72   78   83   87   91   95   99
  104  109  116  124  130  136  141  145  148  150  152  152  151  150  150  151
  153  156  160  163  165  166  165  163  161  159  158  157  156  154  151  147
  143  137  132  123  115  109  103   98   83                                   
    50.0-180.0 180.0   5.0 450.0                            LAT/LON1/LON2/DLON/H
   87   80   75   69   60   55   49   43   39   37   36   37   38   39   39   39
   39   38   38   39   41   45   50   56   64   70   77   82   86   90   93   97
  102  109  117  127  135  143  150  156  160  163  164  165  165  164  164  165
  167  169  171  173  173  172  170  168  166  165  165  165  165  164  161  158
  152  145  138  129  119  112  105  100   87                                   
    47.5-180.0 180.0   5.0 450.0                            LAT/LON1/LON2/DLON/H
   89   84   79   74   65   61   54   48   44   41   38   38   38   38   37   37
   36   35   35   37   39   43   49   56   63   70   77   82   86   89   93   97
  102  110  119  130  141  151  159  166  172  176  178  179  179  179  179  179
  180  180  181  180  179  176  173  170  168  167  169  171  173  173  171  168
  162  153  145  134  123  115  108  103   89                                   
    45.0-180.0 180.0   5.0 450.0                            LAT/LON1/LON2/DLON/H
   91   86   81   78   71   67   61   55   50   46   43   42   41   39   38   36
   35   35   36   37   40   44   50   57   64   71   77   83   87   90   94   98
  104  112  122  134  146  158  168  176  183  188  191  193  193  193  193  192
  192  190  188  186  183  179  176  172  170  170  172  176  179  180  180  176
  170  161  152  140  128  118  111  105   91                                   
    42.5-180.0 180.0   5.0 450.0                            LAT/LON1/LON2/DLON/H
   91   88   83   81   74   72   68   63   58   54   51   49   46   44   41   39
   38   37   38   40   43   47   53   59   66   73   79   84   89   93   97  101
  108  116  127  139  152  164  176  186  194  200  204  206  206  206  206  205
  203  200  196  192  188  185  181  178  175  175  177  181  185  187  186  184
  178  168  158  145  132  122  114  108   91                                   
    40.0-180.0 180.0   5.0 450.0                            LAT/LON1/LON2/DLON/H
   90   87   83   81   75   75   72   69   65   62   59   57   54   51   47   44
   43   43   44   46   49   52   57   62   68   75   81   87   92   97  101  107
  113  122  133  145  158  171  183  194  203  211  216  218  219  220  220  219
  217  213  208  203  200  197  195  191  188  187  187  190  192  194  193  190
  184  174  163  150  136  125  116  111   90                                   
    37.5-180.0 180.0   5.0 450.0                            LAT/LON1/LON2/DLON/H
   88   86   81   80   74   75   74   73   71   69   67   66   63   59   55   51
   49   49   51   53   55   58   61   65   71   77   83   89   95  101  107  113
  121  130  140  152  165  178  190  202  213  222  228  232  235  236  238  238
  235  231  227  224  222  221  220  217  212  209  206  205  205  205  202  198
  190  180  168  153  139  127  118  113   88                                   
    35.0-180.0 180.0   5.0 450.0                            LAT/LON1/LON2/DLON/H
   86   84   79   76   71   72   73   73   74   74   73   73   71   67   62   58
   56   56   57   59   61   63   65   69   74   79   86   93   99  106  113  120
  129  138  149  161  173  185  198  211  223  234  243  249  253  257  261  263
  262  259  256  256  257  258  258  255  249  242  236  230  226  221  215  208
  198  186  172  157  141  128  119  114   86                                   
    32.5-180.0 180.0   5.0 450.0                            LAT/LON1/LON2/DLON/H
   85   82   78   73   67   69   71   72   74   75   77   78   76   73   69   64
   62   62   63   64   65   67   69   72   77   82   89   96  103  111  119  128
  137  147  158  170  182  194  207  222  236  249  260  269  277  284  291  295
  297  297  297  300  304  308  309  306  297  286  275  264  254  243  233  221
  208  193  177  160  144  128  120  114   85                                   
    30.0-180.0 180.0   5.0 450.0                            LAT/LON1/LON2/DLON/H
   84   82   78   71   66   67   69   70   73   76   78   80   80   77   73   69
   67   66   66   67   68   69   71   75   80   86   93  100  107  116  125  135
  145  156  168  180  193  206  220  236  252  268  282  294  306  316  326  333
  338  342  346  352  360  366  367  362  351  336  320  304  288  271  255  239
  220  201  183  163  146  129  120  114   84                                   
    27.5-180.0 180.0   5.0 450.0                            LAT/LON1/LON2/DLON/H
   85   83   80   71   66   67   69   70   72   75   78   81   82   80   77   73
   70   69   69   69   70   72   74   78   83   89   96  103  111  119  129  141
  153  166  179  192  206  220  236  253  272  290  307  323  337  351  364  375
  383  389  397  406  415  422  423  416  402  385  365  345  324  302  280  259
  236  213  191  168  150  130  121  114   85                                   
    25.0-180.0 180.0   5.0 450.0                            LAT/LON1/LON2/DLON/H
   89   86   85   74   69   69   71   71   73   75   78   81   83   82   79   76
   73   71   71   71   72   73   76   80   86   93  100  106  114  123  134  147
  161  176  191  207  223  239  256  275  295  315  334  352  369  386  401  413
  424  432  442  452  462  468  467  458  443  425  404  382  358  333  307  280
  253  227  201  176  156  133  124  116   89                                   
    22.5-180.0 180.0   5.0 450.0                            LAT/LON1/LON2/DLON/H
   97   94   92   80   75   74   75   74   75   76   79   81   83   83   82   79
   76   74   73   73   73   75   78   82   88   95  102  109  116  126  138  153
  170  187  206  224  242  261  279  299  320  341  361  380  399  417  433  446
  456  465  475  485  494  498  495  485  470  453  433  411  387  360  331  302
  272  243  214  186  165  140  129  122   97                                   
    20.0-180.0 180.0   5.0 450.0                            LAT/LON1/LON2/DLON/H
  109  105  103   90   83   81   80   79   78   78   79   81   83   84   84   82
   79   77   75   75   75   76   79   83   89   96  103  110  119  130  144  161
  180  200  221  243  264  284  304  325  346  366  386  406  425  442  457  469
  478  486  495  504  511  513  508  498  485  470  452  432  408  381  352  321
  290  259  229  200  177  150  138  131  109                                   
    17.5-180.0 180.0   5.0 450.0                            LAT/LON1/LON2/DLON/H
  124  120  117  104   95   91   88   85   83   81   80   81   83   85   85   84
   83   80   78   77   76   77   79   83   89   95  103  112  122  135  151  170
  192  215  238  262  285  307  329  349  370  389  409  427  445  461  474  483
  490  497  504  512  518  518  513  504  492  480  465  446  423  396  367  337
  305  275  244  215  192  164  150  143  124                                   
    15.0-180.0 180.0   5.0 450.0                            LAT/LON1/LON2/DLON/H
  143  137  132  120  108  102   98   93   89   85   82   82   83   85   86   86
   85   83   81   79   77   77   79   82   87   94  103  113  126  141  160  182
  205  229  254  279  304  328  350  370  390  409  427  444  461  475  485  492
  496  501  508  514  518  518  512  504  494  484  470  452  430  403  375  346
  316  288  258  230  209  181  166  159  143                                   
    12.5-180.0 180.0   5.0 450.0                            LAT/LON1/LON2/DLON/H
  163  155  148  135  121  113  107  101   95   90   85   83   83   84   86   87
   87   85   83   80   78   77   77   79   84   92  103  115  131  149  170  193
  218  243  268  294  319  343  365  386  406  424  441  457  472  484  492  496
  499  502  508  513  516  514  508  500  492  483  470  452  430  404  376  349
  322  296  269  244  225  198  185  177  163                                   
    10.0-180.0 180.0   5.0 450.0                            LAT/LON1/LON2/DLON/H
  183  173  163  148  133  122  115  108  101   94   88   85   84   84   85   86
   86   85   83   80   78   76   76   77   82   91  103  118  136  157  180  204
  229  254  278  304  328  352  375  396  416  434  450  465  478  489  496  499
  500  503  507  510  511  507  501  493  486  477  464  446  423  397  371  346
  321  298  275  254  238  215  203  194  183                                   
     7.5-180.0 180.0   5.0 450.0                            LAT/LON1/LON2/DLON/H
  200  189  177  160  143  130  121  113  105   97   91   87   84   84   84   84
   84   84   82   80   78   75   74   76   81   91  105  122  143  165  189  213
