data/edconvlstm_nd/pred1070.15i
     1.0            IONOSPHERE MAPS     GNSS                IONEX VERSION / TYPE
pyspatialgeodesy        IME             05-JAN-18 20:20     PGM / RUN BY / DATE 
Map Name                                                    COMMENT             
Predicted global ionosphere maps (GIM).                     DESCRIPTION         
  2015     4    17     0     0     0                        EPOCH OF FIRST MAP  
  2015     4    18     0     0     0                        EPOCH OF LAST MAP   
  7200                                                      INTERVAL            
    13                                                      # OF MAPS IN FILE   
  NONE                                                      MAPPING FUNCTION    
10.0                                                        ELEVATION CUTOFF    
One-way carrier phase leveled to code                       OBSERVABLES USED    
  6371.0                                                    BASE RADIUS         
 2                                                          MAP DIMENSION       
   450.0 450.0   0.0                                        HGT1 / HGT2 / DHGT  
    87.5 -87.5  -2.5                                        LAT1 / LAT2 / DLAT  
  -180.0 180.0   5.0                                        LON1 / LON2 / DLON  
    -1                                                      EXPONENT            
                                                            END OF HEADER       
[from data line 1287]
     4                                                      START OF TEC MAP    
  2015     4    17     6     0     0                        EPOCH OF CURRENT MAP
    87.5-180.0 180.0   5.0 450.0                            LAT/LON1/LON2/DLON/H
  142  132  128  131  134  132  131  131  134  136  138  140  142  143  145  146
  147  148  149  150  151  151  151  152  151  151  150  150  149  148  146  145
  144  143  141  140  139  138  138  137  137  136  136  136  136  136  136  136
  136  136  135  135  135  134  133  133  132  131  130  128  127  126  124  123
  123  124  122  122  127  126  131  137  142                                   
    85.0-180.0 180.0   5.0 450.0                            LAT/LON1/LON2/DLON/H
  126  124  122  125  129  129  131  132  135  138  140  143  145  147  148  150
  152  153  154  155  156  157  157  157  157  157  156  155  154  153  151  150
  148  147  145  144  143  142  142  141  141  141  142  142  142  143  143  144
  144  144  144  144  144  143  142  141  139  138  136  134  132  130  127  125
  125  125  120  122  118  118  122  124  126                                   
    82.5-180.0 180.0   5.0 450.0                            LAT/LON1/LON2/DLON/H
  113  115  113  113  116  118  121  123  127  131  133  137  140  142  145  147
  148  150  151  152  153  153  153  153  153  152  150  149  148  146  144  142
  141  139  138  137  136  136  136  136  136  137  139  140  142  143  145  146
  147  148  149  149  149  149  148  146  144  142  139  136  133  129  125  123
  119  117  112  113  114  108  108  104  113                                   
    80.0-180.0 180.0   5.0 450.0                            LAT/LON1/LON2/DLON/H
  109  108  104  106  110  112  116  120  125  129  132  136  139  142  144  146
  147  148  149  149  149  149  148  147  146  145  143  141  139  137  135  133
  132  131  130  129  129  129  130  131  133  135  138  141  145  149  152  155
  158  161  163  164  165  165  165  164  162  159  156  153  148  144  138  134
  129  124  117  114  112  107  111  100  109                                   
    77.5-180.0 180.0   5.0 450.0                            LAT/LON1/LON2/DLON/H
  113  110  106  107  109  111  116  119  124  128  132  136  139  142  143  144
  145  145  144  144  142  141  140  138  136  134  132  130  128  126  125  124
  123  123  123  123  124  125  127  130  134  138  143  149  155  161  167  172
  177  181  184  187  189  190  190  190  188  186  184  180  175  169  163  157
  149  143  133  128  123  112  112  109  113                                   
    75.0-180.0 180.0   5.0 450.0                            LAT/LON1/LON2/DLON/H
  119  117  109  112  112  114  118  120  125  129  133  136  139  140  141  141
  140  139  137  135  134  131  129  127  124  121  119  117  115  113  113  112
  112  113  114  116  118  120  124  128  134  140  147  155  163  172  180  187
  194  199  203  207  209  211  213  213  213  212  210  207  203  197  190  183
  174  167  155  145  136  125  124  121  119                                   
    72.5-180.0 180.0   5.0 450.0                            LAT/LON1/LON2/DLON/H
  130  128  121  121  120  120  124  125  130  134  137  140  142  142  141  139
  137  135  133  130  128  126  123  120  117  114  111  109  108  107  107  108
  109  111  113  116  119  123  127  133  140  148  157  168  178  188  197  206
  213  219  223  227  229  231  233  234  235  235  234  232  229  223  217  210
  201  192  181  170  157  143  140  138  130                                   
    70.0-180.0 180.0   5.0 450.0                            LAT/LON1/LON2/DLON/H
  146  140  132  130  126  123  125  126  131  134  137  140  140  140  138  135
  132  129  126  124  122  119  117  114  110  107  104  101  100  100  101  102
  105  108  111  115  119  123  129  136  144  153  164  176  188  199  209  218
  225  230  234  236  238  239  240  242  243  244  244  244  241  237  231  225
  216  207  197  187  174  160  159  157  146                                   
    67.5-180.0 180.0   5.0 450.0                            LAT/LON1/LON2/DLON/H
  157  151  142  137  131  126  126  127  131  134  137  140  140  138  136  132
  129  126  124  122  120  117  115  111  107  103  100   97   96   96   97  100
  103  107  111  116  120  125  131  138  147  158  170  182  195  206  216  225
  230  234  236  236  236  236  236  237  239  240  242  242  241  238  233  227
  220  212  203  194  183  171  169  169  157                                   
    65.0-180.0 180.0   5.0 450.0                            LAT/LON1/LON2/DLON/H
  168  161  151  143  134  126  125  125  128  132  135  137  138  136  134  130
  128  125  123  121  120  117  115  111  106  102   97   95   93   93   95   99
  103  108  113  118  123  128  135  143  152  164  176  189  202  213  222  229
  233  235  234  233  230  228  228  228  230  233  236  238  238  236  232  227
  219  212  204  197  189  181  179  179  168                                   
    62.5-180.0 180.0   5.0 450.0                            LAT/LON1/LON2/DLON/H
  178  171  160  149  137  126  122  120  123  126  129  132  133  132  130  128
  126  124  123  121  119  117  114  109  104   99   94   91   89   90   92   96
  101  107  113  118  124  130  138  146  157  169  182  195  207  217  225  231
  233  233  231  228  225  222  221  223  226  230  235  238  240  238  234  229
  222  215  206  200  193  188  186  184  178                                   
    60.0-180.0 180.0   5.0 450.0                            LAT/LON1/LON2/DLON/H
  189  182  170  154  140  126  119  115  116  117  119  122  123  123  123  122
  122  121  120  118  116  113  109  104   98   92   87   84   83   84   86   91
   96  103  110  117  124  131  139  148  159  172  185  198  210  220  226  231
  232  231  229  226  224  223  224  228  233  239  245  249  252  251  247  241
  233  225  215  208  202  197  194  190  189                                   
    57.5-180.0 180.0   5.0 450.0                            LAT/LON1/LON2/DLON/H
  204  196  184  164  148  131  121  113  110  108  108  109  111  112  113  114
  115  115  114  113  110  106  101   96   89   84   79   76   76   76   79   83
   89   97  105  114  122  131  140  151  163  176  189  202  214  222  228  232
  233  233  233  233  234  236  240  246  254  261  268  273  276  275  271  265
  256  246  236  225  219  212  208  200  204                                   
    55.0-180.0 180.0   5.0 450.0                            LAT/LON1/LON2/DLON/H
  222  215  202  180  163  142  129  116  108  101   97   97   97   99  102  104
  106  106  105  103  100   96   91   85   80   75   71   69   68   69   72   76
   82   90  100  110  120  131  141  153  166  180  194  207  218  226  231  235
  238  240  243  247  252  259  267  276  285  294  301  306  308  307  304  298
  289  278  266  252  242  232  226  216  222                                   
    52.5-180.0 180.0   5.0 450.0                            LAT/LON1/LON2/DLON/H
  246  237  224  201  184  162  145  127  114  101   93   88   87   89   92   95
   97   97   95   93   89   85   81   76   72   68   66   64   64   65   67   70
   76   85   95  107  120  132  144  157  171  186  200  213  224  231  237  241
  245  251  258  267  278  290  301  313  323  331  338  342  344  343  341  336
  327  316  302  285  270  256  247  238  246                                   
    50.0-180.0 180.0   5.0 450.0                            LAT/LON1/LON2/DLON/H
  270  260  247  226  208  187  167  146  127  109   95   87   83   84   86   88
   89   89   86   83   80   77   74   71   68   66   65   65   65   66   67   69
   74   83   94  108  122  136  149  164  179  194  209  222  232  239  245  250
  256  265  277  291  307  323  338  351  361  369  374  377  378  378  376  373
  366  355  339  318  300  281  270  263  270                                   
    47.5-180.0 180.0   5.0 450.0                            LAT/LON1/LON2/DLON/H
  293  281  269  250  232  212  192  169  147  124  106   94   88   86   87   87
   87   84   81   77   75   73   72   70   69   69   69   70   71   71   72   74
   78   86   97  112  128  143  158  173  189  205  221  233  243  249  255  260
  268  280  295  314  334  353  371  385  395  402  405  406  405  404  402  400
  395  386  370  347  325  303  291  287  293                                   
    45.0-180.0 180.0   5.0 450.0                            LAT/LON1/LON2/DLON/H
  310  297  286  270  252  234  215  192  168  144  124  110  102   98   96   94
   90   85   81   77   76   76   76   76   76   76   77   78   80   81   81   82
   86   93  105  120  137  154  170  186  203  220  235  247  256  261  266  272
  281  295  313  334  357  378  396  410  420  426  427  426  423  420  416  413
  409  402  388  366  343  320  307  307  310                                   
    42.5-180.0 180.0   5.0 450.0                            LAT/LON1/LON2/DLON/H
  319  306  296  282  264  249  231  210  187  164  144  131  122  117  113  107
  100   93   87   84   84   85   86   87   86   86   86   88   91   93   94   95
   97  104  115  131  148  166  184  201  219  236  251  262  270  275  279  285
  294  308  328  351  375  397  416  430  440  445  446  444  439  432  425  419
  414  407  394  375  353  330  320  321  319                                   
    40.0-180.0 180.0   5.0 450.0                            LAT/LON1/LON2/DLON/H
  324  309  299  286  268  254  238  221  200  181  164  153  146  140  134  126
  117  108  101   99   99  101  102  101   99   97   96   98  101  105  107  109
  111  117  127  142  160  179  197  216  235  253  268  278  285  288  292  297
  307  322  343  368  394  417  437  453  464  471  474  472  465  455  443  431
  421  412  399  381  362  340  331  331  324                                   
    37.5-180.0 180.0   5.0 450.0                            LAT/LON1/LON2/DLON/H
  328  312  299  282  264  249  235  221  206  192  180  173  169  164  158  149
  137  127  121  120  121  122  122  118  113  108  106  108  112  117  121  123
  125  129  137  151  169  189  210  231  251  269  284  293  298  301  304  311
  322  339  362  390  419  446  469  488  503  514  520  521  515  502  485  466
  448  432  416  397  379  358  347  341  328                                   
    35.0-180.0 180.0   5.0 450.0                            LAT/LON1/LON2/DLON/H
  340  321  302  277  257  238  224  214  203  195  190  188  187  185  180  170
  159  151  146  145  146  146  142  136  128  121  117  118  123  129  134  136
  137  139  145  158  176  197  220  243  265  284  298  306  310  312  317  326
  340  361  389  422  456  489  518  543  564  581  593  597  593  579  557  530
  504  480  458  435  416  394  377  363  340                                   
    32.5-180.0 180.0   5.0 450.0                            LAT/LON1/LON2/DLON/H
  367  346  317  280  255  230  213  203  196  193  193  197  200  200  196  189
  181  175  172  172  172  169  163  153  144  136  131  132  136  142  147  148
  147  146  150  161  180  203  228  253  277  296  309  316  319  323  331  344
  363  390  425  465  508  550  588  621  650  674  692  702  700  686  660  627
  592  559  531  501  480  453  426  403  367                                   
    30.0-180.0 180.0   5.0 450.0                            LAT/LON1/LON2/DLON/H
  414  390  349  300  268  235  211  199  192  191  194  201  206  209  207  203
  199  197  198  198  196  191  183  172  163  155  151  150  152  156  160  160
  157  153  154  163  182  207  234  262  286  306  318  325  329  336  349  368
  394  428  471  521  573  626  675  719  757  790  815  830  832  818  790  752
  711  672  637  598  572  536  494  464  414                                   
    27.5-180.0 180.0   5.0 450.0                            LAT/LON1/LON2/DLON/H
  483  459  405  345  304  264  230  210  199  196  198  205  210  213  214  214
  215  218  220  221  218  212  203  194  187  181  177  174  173  174  175  173
  166  159  157  166  185  212  241  270  295  314  327  334  342  354  373  398
  432  475  526  585  648  710  769  823  871  912  944  964  969  957  929  890
  846  805  765  718  684  637  579  542  483                                   
    25.0-180.0 180.0   5.0 450.0                            LAT/LON1/LON2/DLON/H
  573  550  484  415  366  318  273  244  225  215  212  214  217  219  221  224
  229  235  239  240  238  232  226  221  217  214  210  204  199  195  192  186
  176  165  162  170  189  217  248  278  304  324  338  349  361  379  404  437
  477  527  586  652  721  790  855  916  969 1014 1049 1073 1081 1073 1049 1013
  971  932  891  840  796  738  674  628  573                                   
    22.5-180.0 180.0   5.0 450.0                            LAT/LON1/LON2/DLON/H
  673  646  573  502  444  393  338  300  271  252  240  235  232  231  233  237
  244  251  255  256  254  252  251  252  253  252  247  237  225  216  207  196
  183  170  165  173  194  223  256  287  314  336  353  369  387  411  442  480
  526  581  643  711  782  851  917  977 1028 1072 1106 1130 1142 1140 1124 1095
 1060 1027  990  940  889  823  765  713  673                                   
    20.0-180.0 180.0   5.0 450.0                            LAT/LON1/LON2/DLON/H
  765  728  650  584  521  473  416  372  335  306  284  270  260  254  253  257
  263  268  271  271  271  273  278  286  292  291  283  267  248  231  216  201
  185  171  166  175  197  228  261  294  323  348  370  392  417  447  483  525
  574  630  691  756  821  884  942  993 1037 1074 1104 1126 1141 1147 1141 1123
 1098 1074 1046 1002  950  881  836  782  765                                   
    17.5-180.0 180.0   5.0 450.0                            LAT/LON1/LON2/DLON/H
  829  779  701  643  582  542  491  447  406  370  339  317  301  290  285  285
  287  288  287  286  288  295  307  319  327  324  310  287  260  235  215  197
  180  167  164  174  198  230  264  298  330  359  387  415  446  481  521  566
  615  669  725  782  835  884  927  964  994 1020 1042 1062 1079 1093 1100 1096
 1085 1072 1056 1022  977  909  875  827  829                                   
    15.0-180.0 180.0   5.0 450.0                            LAT/LON1/LON2/DLON/H
  856  796  722  672  616  586  546  509  470  432  398  371  350  335  326  321
  317  313  308  304  307  318  334  347  352  344  323  292  258  228  205  186
  170  159  159  172  197  229  265  299  333  367  400  434  470  509  551  596
  644  694  742  787  825  855  879  897  911  924  937  954  974  996 1016 1029
 1035 1035 1031 1009  976  913  884  848  856                                   
    12.5-180.0 180.0   5.0 450.0                            LAT/LON1/LON2/DLON/H
  852  784  716  672  623  599  571  543  512  478  447  421  401  384  371  361
  352  342  331  325  328  340  355  364  362  347  319  283  245  214  190  172
  158  150  152  167  194  227  262  297  333  369  407  446  485  526  569  613
  659  703  743  775  798  811  817  818  817  818  824  839  862  893  924  951
  971  983  989  976  956  903  872  849  852                                   
    10.0-180.0 180.0   5.0 450.0                            LAT/LON1/LON2/DLON/H
  832  760  698  654  610  590  569  550  527  501  477  458  442  428  414  401
  387  371  357  348  348  357  366  368  358  336  304  265  227  196  173  157
  145  140  145  163  190  222  256  291  328  366  407  448  490  531  573  616
  660  700  734  758  771  774  768  758  747  740  743  758  784  817  854  886
  913  932  942  935  925  882  852  838  832                                   
     7.5-180.0 180.0   5.0 450.0                            LAT/LON1/LON2/DLON/H
  809  742  685  637  594  575  555  540  522  503  487  477  468  459  448  433
  417  397  379  366  363  365  366  360  343  317  283  245  208  178  157  143
