data/edconvlstm_nd/pred2350.15i
     1.0            IONOSPHERE MAPS     GNSS                IONEX VERSION / TYPE
pyspatialgeodesy        IME             05-JAN-18 20:20     PGM / RUN BY / DATE 
Map Name                                                    COMMENT             
Predicted global ionosphere maps (GIM).                     DESCRIPTION         
  2015     8    23     0     0     0                        EPOCH OF FIRST MAP  
  2015     8    24     0     0     0                        EPOCH OF LAST MAP   
  7200                                                      INTERVAL            
    13                                                      # OF MAPS IN FILE   
  NONE                                                      MAPPING FUNCTION    
10.0                                                        ELEVATION CUTOFF    
One-way carrier phase leveled to code                       OBSERVABLES USED    
  6371.0                                                    BASE RADIUS         
 2                                                          MAP DIMENSION       
   450.0 450.0   0.0                                        HGT1 / HGT2 / DHGT  
    87.5 -87.5  -2.5                                        LAT1 / LAT2 / DLAT  
  -180.0 180.0   5.0                                        LON1 / LON2 / DLON  
    -1                                                      EXPONENT            
                                                            END OF HEADER       
[from data line 429]
     2                                                      START OF TEC MAP    
  2015     8    23     2     0     0                        EPOCH OF CURRENT MAP
    87.5-180.0 180.0   5.0 450.0                            LAT/LON1/LON2/DLON/H
  111  116  118  119  117  115  112  111  112  112  112  112  112  112  112  112
  111  110  110  109  108  107  106  104  103  102  101  100   98   97   96   95
   95   94   93   93   92   92   92   91   91   91   91   91   92   92   92   92
   92   93   93   93   94   94   94   94   95   95   95   96   96   96   96   98
  100  101  100  101  104  110  114  108  111                                   
    85.0-180.0 180.0   5.0 450.0                            LAT/LON1/LON2/DLON/H
  113  124  112  120  123  122  120  120  121  121  121  121  121  121  120  120
  119  118  117  116  115  113  111  110  108  107  105  103  102  100   99   98
   97   96   95   94   94   93   93   93   93   93   93   93   93   94   94   94
   95   95   96   96   97   97   98   98   98   99   99  100  100  101  101  103
  105  107  106  109  108  111  116  109  113                                   
    82.5-180.0 180.0   5.0 450.0                            LAT/LON1/LON2/DLON/H
  118  119  130  127  125  127  126  127  129  130  129  130  129  129  128  127
  126  125  123  122  120  118  116  113  111  109  106  104  102  100   98   97
   95   94   93   93   92   92   91   91   91   91   92   92   92   93   93   94
   95   95   96   97   98   98   99  100  101  101  102  103  104  104  105  107
  108  109  108  108  115  106  108  107  118                                   
    80.0-180.0 180.0   5.0 450.0                            LAT/LON1/LON2/DLON/H
  126  125  124  124  124  125  128  130  132  132  132  132  131  130  129  127
  126  124  122  120  118  116  113  110  107  104  101   98   95   92   90   88
   87   86   85   85   84   84   84   84   84   84   85   85   86   87   88   89
   90   91   92   93   94   96   97   98   99  100  101  102  102  103  104  105
  106  105  105  105  118  113  116  113  126                                   
    77.5-180.0 180.0   5.0 450.0                            LAT/LON1/LON2/DLON/H
  128  126  124  128  123  126  131  134  136  136  134  134  133  131  129  127
  125  123  121  119  117  114  111  108  105  101   97   93   90   87   85   83
   82   81   81   81   81   81   81   81   82   82   83   84   85   86   88   89
   91   93   94   96   97   99  100  102  103  104  105  106  107  107  107  108
  109  109  106  108  115  111  113  114  128                                   
    75.0-180.0 180.0   5.0 450.0                            LAT/LON1/LON2/DLON/H
  122  122  121  127  121  125  128  131  133  133  130  129  127  124  121  119
  116  114  112  111  109  107  104  101   97   93   88   84   80   77   75   73
   72   72   72   73   73   74   74   74   75   75   76   77   78   80   82   85
   87   89   92   94   96   98  100  101  103  105  106  107  107  107  108  108
  107  107  105  101  108  108  109  112  122                                   
    72.5-180.0 180.0   5.0 450.0                            LAT/LON1/LON2/DLON/H
  114  119  121  124  120  123  127  131  132  132  129  127  124  120  116  112
  109  107  106  105  104  102  100   97   92   88   83   78   74   71   69   67
   67   67   68   69   70   70   70   71   71   71   72   74   76   79   82   86
   89   92   95   97  100  102  104  106  108  110  112  113  113  113  113  114
  113  111  110  107  109  107  107  111  114                                   
    70.0-180.0 180.0   5.0 450.0                            LAT/LON1/LON2/DLON/H
  114  116  119  122  117  120  123  126  129  128  125  122  118  113  108  103
  100   98   97   96   96   95   93   90   86   81   75   70   66   63   61   60
   60   61   62   63   64   64   64   64   64   65   66   69   72   76   80   85
   89   93   96   99  101  104  106  109  111  114  116  117  117  117  117  118
  116  114  113  111  112  110  110  111  114                                   
    67.5-180.0 180.0   5.0 450.0                            LAT/LON1/LON2/DLON/H
  112  114  116  118  112  114  117  120  123  122  119  116  111  105   99   94
   90   88   87   87   87   86   85   82   77   72   66   61   57   54   52   51
   51   52   53   54   54   54   54   53   53   54   56   60   64   69   75   80
   85   90   93   96   99  101  104  107  110  113  115  117  118  118  118  118
  116  114  113  111  113  111  110  113  112                                   
    65.0-180.0 180.0   5.0 450.0                            LAT/LON1/LON2/DLON/H
  113  114  116  117  110  110  112  115  118  118  116  113  108  102   95   90
   85   83   81   81   81   81   79   76   71   66   60   55   51   49   47   46
   47   47   47   47   47   46   46   45   45   47   49   53   59   65   72   79
   84   89   93   96   98  101  104  107  111  114  117  119  120  120  120  120
  119  117  116  115  117  116  116  119  113                                   
    62.5-180.0 180.0   5.0 450.0                            LAT/LON1/LON2/DLON/H
  118  119  120  119  111  110  111  114  117  116  115  113  109  103   96   90
   85   82   80   79   79   78   75   72   67   62   57   53   50   48   46   46
   45   45   45   44   43   42   41   40   41   42   46   51   57   64   72   79
   85   90   94   97   99  102  106  110  114  118  121  124  125  125  125  125
  124  122  122  120  123  122  123  126  118                                   
    60.0-180.0 180.0   5.0 450.0                            LAT/LON1/LON2/DLON/H
  125  126  126  124  114  111  111  113  115  115  114  114  110  105   99   92
   87   83   81   79   78   75   72   68   64   59   55   53   50   49   48   47
   45   44   43   42   40   39   38   38   39   41   45   50   57   65   73   80
   86   91   95   98  102  105  109  113  118  122  125  128  129  129  129  129
  128  126  127  126  129  129  130  133  125                                   
    57.5-180.0 180.0   5.0 450.0                            LAT/LON1/LON2/DLON/H
  134  136  136  133  122  117  115  114  116  115  115  115  112  108  102   96
   91   87   84   81   77   74   69   65   61   58   55   54   53   52   51   50
   48   46   44   42   41   40   39   39   40   43   47   53   60   67   75   82
   89   94   98  102  106  110  115  120  125  129  132  133  134  134  134  134
  133  132  132  131  135  135  137  141  134                                   
    55.0-180.0 180.0   5.0 450.0                            LAT/LON1/LON2/DLON/H
  145  147  146  143  131  125  121  118  118  116  115  115  113  109  105   99
   95   90   86   82   78   73   67   63   59   57   56   56   57   57   56   54
   51   49   47   45   44   44   43   44   45   47   51   57   63   70   78   84
   91   96  102  107  112  118  123  128  133  136  138  139  139  139  138  138
  138  136  137  136  140  141  143  148  145                                   
    52.5-180.0 180.0   5.0 450.0                            LAT/LON1/LON2/DLON/H
  154  158  158  155  143  136  130  125  122  119  116  116  113  110  106  101
   97   94   89   85   79   73   67   63   60   59   59   60   62   62   61   59
   56   54   52   51   51   50   50   51   52   54   57   62   67   74   80   87
   93  100  107  113  120  127  133  138  142  144  145  145  144  143  142  143
  142  141  142  141  144  145  148  153  154                                   
    50.0-180.0 180.0   5.0 450.0                            LAT/LON1/LON2/DLON/H
  162  167  168  167  156  149  142  135  130  124  120  117  114  110  106  103
  100   97   93   88   82   76   70   65   63   63   64   66   68   68   67   64
   62   60   59   59   59   60   60   60   61   62   64   68   72   77   83   89
   96  104  113  121  130  138  145  149  151  152  151  150  148  147  147  147
  147  146  146  145  148  148  151  157  162                                   
    47.5-180.0 180.0   5.0 450.0                            LAT/LON1/LON2/DLON/H
  168  174  176  178  168  161  154  146  139  131  125  121  117  112  108  104
  102  100   98   93   88   81   75   71   69   70   71   73   74   74   72   70
   68   67   67   68   69   70   70   70   70   70   71   73   76   80   85   92
  100  109  120  130  140  149  156  159  160  158  156  154  152  151  151  152
  152  151  151  149  152  151  154  160  168                                   
    45.0-180.0 180.0   5.0 450.0                            LAT/LON1/LON2/DLON/H
  172  179  181  185  178  172  166  157  149  141  133  128  122  116  111  108
  106  105  104  100   94   88   83   79   78   78   80   81   81   80   78   76
   74   74   75   77   78   79   79   78   78   77   77   78   80   83   89   96
  105  115  127  139  150  159  165  167  166  163  159  156  155  154  155  158
  158  157  157  155  157  155  159  164  172                                   
    42.5-180.0 180.0   5.0 450.0                            LAT/LON1/LON2/DLON/H
  174  182  185  190  185  180  175  167  160  151  143  137  130  124  118  114
  113  112  111  107  102   96   91   88   87   88   89   89   88   86   84   82
   81   82   83   85   87   87   86   85   84   82   82   82   83   87   92  101
  111  122  134  147  158  167  172  173  170  166  162  159  158  158  161  164
  165  165  165  162  164  162  165  170  174                                   
    40.0-180.0 180.0   5.0 450.0                            LAT/LON1/LON2/DLON/H
  178  185  188  193  189  186  182  176  169  161  154  149  142  135  128  124
  122  121  119  115  109  103   99   97   97   97   97   96   94   92   90   88
   88   89   91   92   93   92   91   89   87   87   86   86   87   90   97  106
  117  128  140  152  163  171  176  176  173  169  165  163  163  164  167  172
  174  174  174  172  173  172  175  179  178                                   
    37.5-180.0 180.0   5.0 450.0                            LAT/LON1/LON2/DLON/H
  185  191  193  197  194  192  188  183  178  171  166  161  155  148  141  136
  133  130  127  121  115  108  104  103  104  105  105  103  100   97   95   94
   94   95   96   97   96   95   92   91   90   89   89   89   90   94  100  110
  121  133  144  155  165  173  177  177  175  172  169  168  169  172  176  181
  184  185  185  183  186  185  189  191  185                                   
    35.0-180.0 180.0   5.0 450.0                            LAT/LON1/LON2/DLON/H
  197  201  202  204  201  199  196  192  188  182  177  174  169  163  155  149
  143  138  133  125  117  110  107  106  108  110  110  108  104  101   99   98
   98   99   99   99   97   94   92   91   91   92   92   92   93   96  103  113
  124  135  145  154  164  171  177  178  177  175  175  176  178  182  187  192
  196  197  198  197  201  201  205  207  197                                   
    32.5-180.0 180.0   5.0 450.0                            LAT/LON1/LON2/DLON/H
  214  217  217  216  214  211  208  203  199  194  190  187  183  177  169  161
  152  144  135  126  117  110  107  107  110  112  112  110  106  103  102  101
  101  101  100   98   95   92   90   90   91   93   94   93   93   96  103  113
  124  134  143  152  161  169  176  179  180  180  182  185  190  194  200  206
  209  211  213  212  217  219  224  225  214                                   
    30.0-180.0 180.0   5.0 450.0                            LAT/LON1/LON2/DLON/H
  236  239  238  236  234  231  226  221  216  210  205  202  197  190  181  170
  158  147  135  124  114  107  105  106  109  112  112  110  107  104  103  102
  102  101   99   96   92   89   87   88   91   94   95   94   92   94  100  110
  121  131  139  148  158  167  176  181  184  187  190  196  202  209  215  221
  224  226  228  229  235  239  244  245  236                                   
    27.5-180.0 180.0   5.0 450.0                            LAT/LON1/LON2/DLON/H
  261  265  264  261  261  258  253  247  241  233  226  220  213  204  192  177
  161  146  132  120  110  104  103  105  108  110  110  108  105  103  102  102
  101  100   97   93   89   86   86   88   91   94   94   92   90   90   95  105
  116  127  136  146  157  168  178  186  190  195  200  207  216  224  232  238
  241  244  246  247  253  259  265  265  261                                   
    25.0-180.0 180.0   5.0 450.0                            LAT/LON1/LON2/DLON/H
  287  293  292  291  293  292  287  280  273  263  253  244  233  219  203  183
  163  144  128  116  108  103  102  104  107  109  108  106  103  101  100  100
   99   97   93   90   86   85   85   88   91   93   92   89   85   85   90   99
  111  123  135  146  159  172  184  193  199  204  211  220  231  241  250  258
  262  264  267  267  273  279  286  287  287                                   
    22.5-180.0 180.0   5.0 450.0                            LAT/LON1/LON2/DLON/H
  312  320  321  323  327  328  325  318  311  299  286  273  257  238  216  191
  166  144  126  115  108  105  105  106  108  108  106  103  100   98   98   97
   96   93   90   87   85   85   86   88   90   91   89   85   81   80   85   95
  108  122  135  149  164  179  193  203  210  216  224  235  248  260  272  281
  285  288  292  291  295  300  307  308  312                                   
    20.0-180.0 180.0   5.0 450.0                            LAT/LON1/LON2/DLON/H
  335  344  347  352  359  363  362  358  351  339  324  307  286  262  234  203
  173  147  129  118  113  111  111  112  111  109  106  102   98   96   94   93
   92   90   88   86   86   87   88   90   90   89   86   82   78   77   82   93
  107  123  139  155  172  189  204  215  223  230  239  252  267  282  296  307
  313  317  320  318  320  324  330  331  335                                   
    17.5-180.0 180.0   5.0 450.0                            LAT/LON1/LON2/DLON/H
  355  365  369  377  386  391  393  392  388  378  362  342  318  288  256  220
  185  157  138  127  123  122  121  120  117  112  107  101   97   94   92   91
   90   88   87   87   89   90   91   91   90   87   84   80   77   77   82   93
  108  125  143  162  181  200  216  229  238  246  257  271  288  306  322  335
  343  348  352  348  348  348  353  355  355                                   
    15.0-180.0 180.0   5.0 450.0                            LAT/LON1/LON2/DLON/H
  373  383  388  396  405  411  414  415  415  408  394  374  348  316  280  241
  204  174  154  143  138  136  133  129  123  116  109  102   97   94   93   92
   90   89   89   90   92   94   95   93   90   86   83   80   79   79   84   95
  110  128  148  169  190  210  228  242  254  264  276  292  311  331  349  364
  374  380  384  380  377  375  378  379  373                                   
    12.5-180.0 180.0   5.0 450.0                            LAT/LON1/LON2/DLON/H
  391  401  404  411  417  421  424  427  429  424  414  396  371  340  304  265
  227  196  174  162  155  150  145  138  130  121  112  105  100   98   96   95
   94   92   92   93   96   98   97   94   90   86   83   81   81   82   87   97
  111  129  150  173  195  217  237  254  269  282  297  315  335  356  375  391
  402  409  414  410  405  400  403  404  391                                   
    10.0-180.0 180.0   5.0 450.0                            LAT/LON1/LON2/DLON/H
  410  419  420  422  425  426  426  428  430  427  419  405  384  356  323  286
  250  219  197  182  172  163  154  144  135  125  117  110  106  104  102  101
   99   97   95   96   98   99   99   95   89   85   83   82   83   85   89   97
  110  128  150  173  197  220  242  262  281  298  316  336  357  377  396  412
  423  432  437  434  428  423  426  427  410                                   
     7.5-180.0 180.0   5.0 450.0                            LAT/LON1/LON2/DLON/H
  430  437  436  434  432  428  425  423  422  420  413  402  384  361  333  301
  269  240  216  198  184  171  158  147  138  129  122  116  113  111  110  108
