data/edconvlstm_nd/pred1430.15i
     1.0            IONOSPHERE MAPS     GNSS                IONEX VERSION / TYPE
pyspatialgeodesy        IME             05-JAN-18 20:20     PGM / RUN BY / DATE 
Map Name                                                    COMMENT             
Predicted global ionosphere maps (GIM).                     DESCRIPTION         
  2015     5    23     0     0     0                        EPOCH OF FIRST MAP  
  2015     5    24     0     0     0                        EPOCH OF LAST MAP   
  7200                                                      INTERVAL            
    13                                                      # OF MAPS IN FILE   
  NONE                                                      MAPPING FUNCTION    
10.0                                                        ELEVATION CUTOFF    
One-way carrier phase leveled to code                       OBSERVABLES USED    
  6371.0                                                    BASE RADIUS         
 2                                                          MAP DIMENSION       
   450.0 450.0   0.0                                        HGT1 / HGT2 / DHGT  
    87.5 -87.5  -2.5                                        LAT1 / LAT2 / DLAT  
  -180.0 180.0   5.0                                        LON1 / LON2 / DLON  
    -1                                                      EXPONENT            
                                                            END OF HEADER       
[from data line 5148]
    13                                                      START OF TEC MAP    
  2015     5    24     0     0     0                        EPOCH OF CURRENT MAP
    87.5-180.0 180.0   5.0 450.0                            LAT/LON1/LON2/DLON/H
  177  189  201  191  190  191  190  190  190  190  190  190  190  190  189  188
  188  187  186  184  183  182  181  179  178  176  175  174  173  171  170  169
  168  168  167  167  166  166  166  165  165  165  165  165  164  164  164  164
  164  163  163  163  163  163  163  163  163  163  164  164  165  165  167  168
  169  172  174  176  176  174  176  187  177                                   
    85.0-180.0 180.0   5.0 450.0                            LAT/LON1/LON2/DLON/H
  202  203  196  197  204  205  204  204  205  205  205  205  205  205  204  203
  202  201  199  198  196  194  192  190  188  187  185  183  181  180  178  177
  176  175  175  175  174  174  174  174  174  174  174  174  173  173  172  172
  171  170  170  169  168  168  167  167  167  167  168  168  169  170  171  173
  175  177  181  186  181  186  188  194  202                                   
    82.5-180.0 180.0   5.0 450.0                            LAT/LON1/LON2/DLON/H
  204  203  207  206  210  212  211  213  215  215  215  215  214  214  213  211
  210  208  206  204  202  199  197  194  191  188  186  183  181  178  176  175
  174  173  173  173  174  174  175  176  176  177  177  177  177  176  175  175
  174  172  171  170  169  168  167  167  166  166  166  167  167  168  170  173
  175  178  181  184  185  176  182  181  204                                   
    80.0-180.0 180.0   5.0 450.0                            LAT/LON1/LON2/DLON/H
  203  207  203  202  207  211  214  217  218  218  218  218  218  217  215  214
  212  210  208  205  203  200  197  193  190  186  182  179  175  172  170  168
  167  167  167  168  170  172  174  175  177  178  179  179  179  179  178  177
  176  174  173  172  170  168  167  165  164  163  163  163  163  164  166  169
  170  173  176  178  188  180  188  189  203                                   
    77.5-180.0 180.0   5.0 450.0                            LAT/LON1/LON2/DLON/H
  206  204  201  203  203  206  212  215  217  216  216  215  215  213  212  210
  208  206  204  201  199  196  193  189  185  181  176  171  167  163  160  158
  157  158  159  161  164  167  170  173  175  177  178  178  178  178  178  177
  176  176  174  173  171  169  167  165  163  162  161  160  160  160  162  164
  166  170  172  174  184  185  187  192  206                                   
    75.0-180.0 180.0   5.0 450.0                            LAT/LON1/LON2/DLON/H
  208  202  199  202  201  203  207  209  211  210  209  209  208  206  204  202
  200  198  197  195  193  191  188  185  181  176  171  166  161  156  153  151
  150  151  153  156  160  164  168  171  174  175  177  177  177  177  177  177
  177  177  177  176  174  172  170  167  165  162  161  159  158  159  160  162
  164  168  171  169  177  183  185  192  208                                   
    72.5-180.0 180.0   5.0 450.0                            LAT/LON1/LON2/DLON/H
  198  199  198  197  196  197  200  202  204  202  201  200  198  196  194  191
  190  188  187  187  186  185  184  181  177  172  166  160  155  150  146  144
  144  145  148  152  156  161  165  168  170  172  172  172  173  173  174  175
  176  177  177  177  176  174  172  169  166  163  161  159  158  158  159  161
  163  167  172  171  175  179  184  193  198                                   
    70.0-180.0 180.0   5.0 450.0                            LAT/LON1/LON2/DLON/H
  198  195  195  195  193  193  195  196  198  197  196  194  192  189  187  184
  182  181  181  182  183  183  183  181  177  172  166  160  154  149  145  143
  143  144  147  150  154  158  162  164  165  166  165  165  165  166  167  170
  172  175  177  178  178  177  175  172  169  166  163  161  160  159  161  164
  166  169  174  175  180  184  186  194  198                                   
    67.5-180.0 180.0   5.0 450.0                            LAT/LON1/LON2/DLON/H
  199  197  195  193  190  189  191  191  193  192  191  190  188  185  182  179
  177  176  177  179  181  182  183  181  178  173  168  162  156  151  147  145
  144  144  146  148  151  154  156  157  156  155  154  153  153  154  157  161
  165  169  173  176  177  176  175  172  169  166  164  162  160  160  162  164
  167  171  176  176  182  186  188  197  199                                   
    65.0-180.0 180.0   5.0 450.0                            LAT/LON1/LON2/DLON/H
  202  198  196  194  189  187  188  188  190  189  188  188  186  183  180  177
  175  175  176  179  182  184  185  185  182  177  172  167  162  157  154  151
  149  148  147  147  148  149  149  148  146  144  142  140  140  142  145  151
  157  163  168  172  174  175  174  172  170  167  165  163  162  162  163  166
  168  173  178  178  185  189  192  202  202                                   
    62.5-180.0 180.0   5.0 450.0                            LAT/LON1/LON2/DLON/H
  206  202  200  197  192  188  188  187  189  188  189  189  188  185  182  180
  178  177  179  182  186  189  190  189  187  183  179  175  172  168  165  161
  158  154  151  148  146  144  143  141  138  135  131  129  129  131  136  143
  150  157  164  169  172  173  173  172  171  169  168  166  165  165  166  169
  171  175  179  180  187  193  197  206  206                                   
    60.0-180.0 180.0   5.0 450.0                            LAT/LON1/LON2/DLON/H
  210  208  207  204  198  193  191  189  191  189  190  190  190  188  186  183
  181  181  183  186  190  193  194  194  192  190  187  185  183  181  178  173
  167  161  154  148  144  141  138  135  132  128  125  122  122  125  130  137
  145  153  160  165  169  171  172  173  173  173  172  171  170  169  170  172
  174  177  181  181  188  195  200  209  210                                   
    57.5-180.0 180.0   5.0 450.0                            LAT/LON1/LON2/DLON/H
  216  215  216  212  206  200  197  195  195  193  192  193  192  191  189  187
  185  185  187  191  194  197  198  198  197  195  195  195  195  194  191  185
  177  167  157  149  142  138  135  133  130  126  123  120  120  122  127  134
  142  150  157  162  166  169  172  174  176  177  178  177  176  175  175  177
  178  180  184  183  189  196  202  212  216                                   
    55.0-180.0 180.0   5.0 450.0                            LAT/LON1/LON2/DLON/H
  222  225  227  223  217  211  208  204  202  198  196  196  195  193  192  190
  189  189  191  195  199  201  202  201  201  200  201  203  205  205  201  194
  183  170  158  148  141  137  135  133  131  128  125  123  122  124  129  135
  142  149  155  160  165  169  173  177  181  184  185  185  184  183  182  183
  184  186  188  187  192  198  205  215  222                                   
    52.5-180.0 180.0   5.0 450.0                            LAT/LON1/LON2/DLON/H
  229  235  239  235  230  225  222  217  213  206  202  199  197  195  194  192
  192  193  195  199  203  205  206  205  204  205  207  211  213  213  208  198
  185  171  157  147  141  138  137  137  136  134  131  129  128  129  132  137
  143  149  154  159  163  168  174  180  186  191  194  195  194  192  191  192
  192  194  196  194  197  202  208  219  229                                   
    50.0-180.0 180.0   5.0 450.0                            LAT/LON1/LON2/DLON/H
  237  246  250  248  244  241  238  233  227  218  211  206  202  199  197  195
  195  196  200  204  208  210  210  209  209  210  213  216  218  216  209  197
  183  168  155  146  142  141  142  143  143  142  139  137  136  136  137  140
  144  149  153  157  162  168  175  183  191  198  202  204  203  202  202  203
  204  206  208  205  207  209  215  226  237                                   
    47.5-180.0 180.0   5.0 450.0                            LAT/LON1/LON2/DLON/H
  247  257  260  259  257  256  256  250  244  233  224  216  210  206  202  200
  200  202  205  210  214  216  216  215  214  215  218  220  220  215  206  192
  177  163  152  146  144  145  148  150  151  150  148  145  143  142  142  144
  146  149  152  156  161  168  176  186  195  203  209  212  213  213  215  217
  219  222  224  220  221  221  226  237  247                                   
    45.0-180.0 180.0   5.0 450.0                            LAT/LON1/LON2/DLON/H
  258  267  269  269  268  269  271  268  262  251  240  231  223  217  212  209
  208  209  213  218  222  224  224  222  221  222  223  223  220  212  199  184
  170  158  151  148  149  152  155  158  158  157  155  152  149  148  147  146
  147  149  152  156  161  168  177  187  198  207  215  220  223  225  228  233
  238  242  244  240  240  238  242  252  258                                   
    42.5-180.0 180.0   5.0 450.0                            LAT/LON1/LON2/DLON/H
  271  278  277  276  278  280  284  283  280  269  259  249  240  232  226  221
  219  219  223  228  232  234  233  232  230  230  230  227  220  208  193  177
  164  155  152  153  156  160  163  165  165  163  160  157  155  152  151  150
  149  150  152  156  162  169  177  188  199  210  220  227  233  238  244  251
  258  264  267  264  263  259  262  271  271                                   
    40.0-180.0 180.0   5.0 450.0                            LAT/LON1/LON2/DLON/H
  286  289  286  284  286  289  295  296  295  288  279  270  261  252  244  237
  232  232  235  239  244  245  245  243  241  240  238  233  222  207  189  174
  163  157  157  161  166  170  172  172  171  168  165  162  159  157  155  153
  152  153  154  158  163  170  178  188  201  213  225  235  244  251  261  271
  280  287  291  288  288  284  286  294  286                                   
    37.5-180.0 180.0   5.0 450.0                            LAT/LON1/LON2/DLON/H
  304  304  299  295  296  299  305  308  310  306  300  293  286  276  266  256
  249  246  248  252  257  258  258  256  254  253  249  241  228  210  191  176
  166  164  167  172  178  181  182  180  176  172  169  167  164  162  160  158
  157  156  157  160  165  171  179  190  203  217  231  244  256  266  278  290
  301  309  314  313  313  310  312  318  304                                   
    35.0-180.0 180.0   5.0 450.0                            LAT/LON1/LON2/DLON/H
  326  324  318  312  312  313  318  322  326  325  322  318  312  302  290  277
  267  262  263  266  270  272  272  270  269  267  263  253  238  218  198  183
  175  175  179  185  190  192  190  186  181  177  174  172  170  169  166  164
  161  159  160  162  166  172  181  192  206  222  238  254  267  280  293  307
  319  328  334  334  337  335  338  344  326                                   
    32.5-180.0 180.0   5.0 450.0                            LAT/LON1/LON2/DLON/H
  353  352  346  339  337  336  338  341  345  346  347  345  340  330  316  300
  287  280  279  282  286  288  288  287  286  284  278  268  251  231  211  196
  188  188  192  197  201  200  197  191  186  182  179  178  176  175  172  169
  165  161  160  161  165  172  180  192  207  225  244  261  277  292  306  320
  332  342  349  351  356  357  362  369  353                                   
    30.0-180.0 180.0   5.0 450.0                            LAT/LON1/LON2/DLON/H
  384  386  382  375  372  369  368  369  372  374  375  375  371  360  344  326
  311  302  299  300  303  305  305  305  304  301  295  283  266  245  225  210
  202  200  202  205  206  204  200  194  189  186  184  183  181  179  176  171
  165  160  157  157  161  167  177  190  207  226  247  266  284  300  314  329
  341  351  359  363  371  375  382  391  384                                   
    27.5-180.0 180.0   5.0 450.0                            LAT/LON1/LON2/DLON/H
  416  423  422  418  416  413  410  407  407  408  409  409  405  393  376  357
  340  329  324  323  324  325  325  324  322  318  310  297  279  258  238  223
  213  208  206  206  205  202  198  193  189  187  187  186  184  181  176  170
  162  155  150  149  153  160  171  186  204  225  247  269  288  304  319  334
  346  357  366  371  381  388  397  411  416                                   
    25.0-180.0 180.0   5.0 450.0                            LAT/LON1/LON2/DLON/H
  445  457  460  462  462  462  458  453  450  448  448  447  442  430  413  394
  376  363  354  350  348  347  345  343  339  331  320  305  286  265  246  229
  216  207  201  198  196  194  191  188  186  186  186  185  183  178  172  164
  155  147  141  139  142  151  164  181  201  224  247  270  290  307  323  337
  350  361  371  377  388  396  407  427  445                                   
    22.5-180.0 180.0   5.0 450.0                            LAT/LON1/LON2/DLON/H
  468  483  489  498  503  508  506  501  496  492  489  487  481  471  455  437
  419  404  391  381  374  369  365  360  352  339  323  304  283  263  243  225
  209  197  188  184  182  182  181  180  181  182  182  181  178  171  164  155
  145  136  129  127  132  143  159  178  199  223  247  270  291  309  325  340
  353  365  375  382  394  402  415  441  468                                   
    20.0-180.0 180.0   5.0 450.0                            LAT/LON1/LON2/DLON/H
  481  497  506  520  532  541  544  542  537  532  529  525  520  511  498  483
  467  450  432  415  402  391  383  372  358  339  316  293  270  249  230  211
  194  180  170  166  166  168  170  172  173  175  176  175  170  162  153  143
  133  124  118  117  124  137  155  176  199  223  247  271  293  312  329  345
  359  371  382  389  400  408  422  453  481                                   
    17.5-180.0 180.0   5.0 450.0                            LAT/LON1/LON2/DLON/H
  486  501  509  527  543  557  565  567  565  562  559  555  552  546  538  527
  513  494  472  448  426  409  394  377  354  327  298  271  247  227  208  191
  175  161  153  150  153  158  162  164  166  169  170  168  162  153  143  132
  122  113  108  109  118  134  154  177  200  224  248  272  295  315  333  351
  366  380  392  399  409  415  430  463  486                                   
    15.0-180.0 180.0   5.0 450.0                            LAT/LON1/LON2/DLON/H
  486  496  502  520  538  554  566  572  575  574  573  572  571  569  566  561
  550  531  504  474  444  419  396  371  340  305  270  241  217  199  184  170
  156  145  140  141  147  153  158  160  162  163  164  161  155  145  134  123
  113  105  101  104  115  133  156  179  202  225  249  273  297  319  339  358
  375  391  404  412  422  425  442  475  486                                   
    12.5-180.0 180.0   5.0 450.0                            LAT/LON1/LON2/DLON/H
  485  491  492  507  523  539  551  560  566  568  569  571  573  576  578  577
  570  552  523  487  452  419  389  355  316  274  237  207  186  172  162  152
  144  138  137  141  148  155  160  160  160  160  160  157  150  140  128  117
  107   99   96  101  114  134  157  181  204  226  249  274  299  323  345  366
  386  404  418  427  436  438  456  487  485                                   
    10.0-180.0 180.0   5.0 450.0                            LAT/LON1/LON2/DLON/H
  489  492  488  496  507  518  527  536  543  547  550  554  559  565  571  574
  569  552  523  486  446  408  371  330  284  239  201  175  159  151  146  143
  140  139  141  148  156  163  165  164  162  160  159  155  148  137  125  113
  102   95   92   98  112  132  156  180  202  224  247  273  301  327  351  374
  396  416  432  443  453  454  474  502  489                                   
     7.5-180.0 180.0   5.0 450.0                            LAT/LON1/LON2/DLON/H
  500  504  495  495  498  501  505  510  515  519  523  527  533  540  547  552
  549  534  507  470  429  388  345  299  249  204  169  148  139  137  139  141
