data/edconvlstm_nd/pred1460.15i
     1.0            IONOSPHERE MAPS     GNSS                IONEX VERSION / TYPE
pyspatialgeodesy        IME             05-JAN-18 20:20     PGM / RUN BY / DATE 
Map Name                                                    COMMENT             
Predicted global ionosphere maps (GIM).                     DESCRIPTION         
  2015     5    26     0     0     0                        EPOCH OF FIRST MAP  
  2015     5    27     0     0     0                        EPOCH OF LAST MAP   
  7200                                                      INTERVAL            
    13                                                      # OF MAPS IN FILE   
  NONE                                                      MAPPING FUNCTION    
10.0                                                        ELEVATION CUTOFF    
One-way carrier phase leveled to code                       OBSERVABLES USED    
  6371.0                                                    BASE RADIUS         
 2                                                          MAP DIMENSION       
   450.0 450.0   0.0                                        HGT1 / HGT2 / DHGT  
    87.5 -87.5  -2.5                                        LAT1 / LAT2 / DLAT  
  -180.0 180.0   5.0                                        LON1 / LON2 / DLON  
    -1                                                      EXPONENT            
                                                            END OF HEADER       
     1                                                      START OF TEC MAP    
  2015     5    26     0     0     0                        EPOCH OF CURRENT MAP
    87.5-180.0 180.0   5.0 450.0                            LAT/LON1/LON2/DLON/H
  168  175  185  176  175  175  172  172  172  171  171  171  171  171  171  171
  170  170  169  168  167  166  165  163  162  160  158  157  155  153  152  150
  149  147  146  145  144  144  143  143  144  144  145  146  147  148  149  150
  151  153  154  155  156  157  158  159  160  161  162  162  163  163  164  165
  165  167  168  169  168  165  169  181  168                                   
    85.0-180.0 180.0   5.0 450.0                            LAT/LON1/LON2/DLON/H
  188  186  179  178  184  183  181  180  180  179  179  179  179  179  178  178
  178  177  176  175  174  172  171  169  166  164  162  159  157  154  152  150
  148  146  144  143  142  141  141  141  141  142  143  145  146  148  150  152
  154  156  158  160  162  164  165  167  168  169  170  171  172  172  173  174
  175  176  178  181  175  179  182  190  188                                   
    82.5-180.0 180.0   5.0 450.0                            LAT/LON1/LON2/DLON/H
  191  187  191  188  191  191  188  188  189  188  187  187  187  187  187  186
  186  185  184  182  180  178  176  173  170  166  163  159  155  152  148  145
  142  139  137  135  134  133  133  133  134  135  137  139  141  144  147  150
  153  156  159  162  165  168  170  172  174  175  176  177  178  179  180  181
  181  183  184  185  184  174  180  181  191                                   
    80.0-180.0 180.0   5.0 450.0                            LAT/LON1/LON2/DLON/H
  192  194  189  186  188  190  192  192  193  191  191  192  192  191  191  191
  191  190  189  188  186  183  180  176  172  167  162  157  153  148  143  139
  136  132  130  128  127  126  126  126  128  129  132  135  139  142  147  151
  155  160  164  168  171  174  177  179  181  182  183  183  183  183  183  184
  184  184  184  184  191  182  190  193  192                                   
    77.5-180.0 180.0   5.0 450.0                            LAT/LON1/LON2/DLON/H
  198  193  188  189  187  188  191  193  193  192  192  193  193  193  193  193
  193  192  191  190  188  185  181  177  172  166  160  154  148  143  138  134
  130  127  125  123  122  122  122  123  124  127  130  133  138  143  148  154
  159  165  170  174  178  181  184  185  186  187  187  186  185  184  184  183
  182  183  181  181  188  188  190  200  198                                   
    75.0-180.0 180.0   5.0 450.0                            LAT/LON1/LON2/DLON/H
  200  189  186  188  185  185  187  188  189  188  188  189  189  189  190  190
  190  190  189  188  187  184  180  175  169  162  156  149  143  138  134  130
  128  126  124  123  123  122  122  123  124  126  129  134  139  144  151  157
  163  169  174  178  182  184  186  187  187  187  186  185  183  182  180  179
  177  178  177  172  177  183  187  198  200                                   
    72.5-180.0 180.0   5.0 450.0                            LAT/LON1/LON2/DLON/H
  189  185  184  183  180  179  181  182  184  183  183  184  184  184  184  184
  184  184  184  183  181  179  174  169  162  155  148  142  136  132  129  127
  126  125  125  125  124  124  123  123  124  126  128  133  138  144  150  157
  163  168  173  177  179  181  182  183  183  182  181  180  178  176  175  174
  171  172  173  169  171  175  182  197  189                                   
    70.0-180.0 180.0   5.0 450.0                            LAT/LON1/LON2/DLON/H
  187  180  181  181  178  176  177  178  179  178  179  180  180  180  180  180
  180  179  179  178  177  174  169  164  157  149  142  136  131  128  127  127
  128  129  130  130  129  128  127  126  125  126  129  133  138  144  150  156
  162  167  170  173  174  175  176  176  176  176  176  175  174  173  171  171
  168  168  170  168  170  174  180  194  187                                   
    67.5-180.0 180.0   5.0 450.0                            LAT/LON1/LON2/DLON/H
  188  183  182  180  176  173  173  173  175  174  175  176  177  177  176  176
  175  174  173  172  171  168  164  158  151  143  136  130  126  125  125  127
  130  132  134  134  132  130  127  125  124  124  126  129  134  140  146  152
  157  161  163  165  165  166  166  167  168  169  169  170  170  169  169  168
  167  167  169  166  170  174  179  194  188                                   
    65.0-180.0 180.0   5.0 450.0                            LAT/LON1/LON2/DLON/H
  191  186  185  182  176  172  171  170  172  171  173  174  175  176  175  174
  172  171  170  169  167  165  161  155  148  141  134  129  126  126  128  131
  135  137  138  137  134  131  127  124  121  121  123  126  131  136  142  147
  151  153  155  156  156  157  157  159  161  163  166  168  169  170  170  170
  168  169  171  168  173  178  182  198  191                                   
    62.5-180.0 180.0   5.0 450.0                            LAT/LON1/LON2/DLON/H
  198  194  193  188  180  174  172  170  171  171  172  174  176  176  176  174
  172  170  169  168  166  165  161  156  150  143  138  133  132  133  136  139
  142  143  142  140  135  130  126  122  119  119  120  123  128  133  138  142
  145  147  148  149  149  150  152  155  158  162  167  170  173  174  175  175
  174  174  176  173  179  184  189  204  198                                   
    60.0-180.0 180.0   5.0 450.0                            LAT/LON1/LON2/DLON/H
  205  204  203  196  188  181  177  174  173  172  173  175  177  178  177  175
  173  171  169  168  168  167  165  161  156  151  146  143  142  144  146  149
  150  149  145  140  134  128  123  120  118  118  119  122  126  131  135  138
  141  142  143  144  145  148  151  156  161  166  172  176  179  181  182  182
  181  181  182  180  186  192  197  211  205                                   
    57.5-180.0 180.0   5.0 450.0                            LAT/LON1/LON2/DLON/H
  213  214  215  208  198  191  186  181  179  176  176  177  178  179  178  177
  175  173  171  171  171  171  171  169  166  162  158  156  156  158  159  160
  158  153  147  139  132  126  122  119  118  118  120  123  126  130  133  136
  138  140  142  144  147  151  156  162  169  175  181  185  188  190  190  190
  188  188  189  187  193  199  205  219  213                                   
    55.0-180.0 180.0   5.0 450.0                            LAT/LON1/LON2/DLON/H
  221  225  227  220  212  205  200  194  190  184  181  180  180  180  179  178
  176  175  174  174  175  177  178  178  177  174  172  171  171  172  172  169
  164  156  146  137  130  125  122  121  121  122  123  126  128  131  133  136
  138  140  143  147  152  159  166  174  181  187  192  195  197  197  197  197
  195  195  196  194  200  206  213  226  221                                   
    52.5-180.0 180.0   5.0 450.0                            LAT/LON1/LON2/DLON/H
  228  234  237  233  226  222  218  211  205  196  190  186  184  182  181  179
  178  177  177  178  180  183  186  187  187  186  185  184  184  183  181  175
  167  156  145  135  128  125  124  125  126  127  128  130  131  132  134  136
  138  142  147  153  161  170  180  188  196  201  204  205  204  203  202  202
  201  201  203  201  206  211  219  232  228                                   
    50.0-180.0 180.0   5.0 450.0                            LAT/LON1/LON2/DLON/H
  234  241  246  244  241  240  239  233  225  214  205  197  191  187  184  182
  181  181  182  184  187  190  193  195  196  196  195  194  192  190  185  177
  167  154  143  134  129  128  129  131  132  133  133  134  134  134  135  136
  139  144  151  160  171  183  194  203  209  213  213  211  209  206  205  206
  206  208  210  209  213  217  225  239  234                                   
    47.5-180.0 180.0   5.0 450.0                            LAT/LON1/LON2/DLON/H
  240  247  253  254  256  259  261  257  249  237  224  213  203  196  191  188
  187  188  190  192  195  198  200  201  202  201  199  198  195  191  184  175
  164  152  142  135  132  133  136  138  140  140  139  137  136  136  136  137
  141  147  155  167  180  193  205  214  220  222  220  216  211  208  208  209
  212  216  220  219  222  224  232  247  240                                   
    45.0-180.0 180.0   5.0 450.0                            LAT/LON1/LON2/DLON/H
  247  253  259  263  269  275  281  280  275  262  248  234  221  210  202  198
  197  198  200  203  205  207  207  207  205  203  200  197  192  187  179  170
  160  150  142  138  138  140  143  146  146  145  143  141  139  138  138  139
  143  149  159  171  185  199  212  221  226  227  224  218  213  210  211  215
  219  226  232  232  234  234  242  258  247                                   
    42.5-180.0 180.0   5.0 450.0                            LAT/LON1/LON2/DLON/H
  256  262  267  272  281  290  299  301  299  289  276  260  245  230  219  212
  210  211  214  217  218  217  215  211  207  203  198  193  188  181  174  165
  157  150  145  143  144  148  151  153  153  151  148  146  144  143  142  143
  146  152  161  173  187  201  214  223  229  230  226  221  217  214  216  223
  230  239  247  247  249  249  255  272  256                                   
    40.0-180.0 180.0   5.0 450.0                            LAT/LON1/LON2/DLON/H
  270  274  278  284  294  303  314  319  321  314  303  289  272  254  240  230
  226  227  230  232  232  229  223  217  210  204  198  191  184  177  170  163
  157  153  150  150  152  155  157  159  158  156  154  152  151  150  149  148
  150  154  162  172  185  199  212  222  229  231  230  227  223  223  226  234
  244  255  264  265  268  268  274  292  270                                   
    37.5-180.0 180.0   5.0 450.0                            LAT/LON1/LON2/DLON/H
  290  293  295  300  309  319  329  336  341  338  330  318  301  281  263  250
  244  244  246  248  247  242  234  225  216  209  201  194  185  177  170  164
  160  158  157  157  159  160  162  163  163  162  161  160  160  159  157  155
  155  156  161  169  181  193  207  219  228  234  236  235  234  235  240  250
  260  272  282  284  288  290  297  315  290                                   
    35.0-180.0 180.0   5.0 450.0                            LAT/LON1/LON2/DLON/H
  317  318  320  323  331  339  348  355  361  361  357  346  330  309  288  272
  262  260  262  265  263  257  247  237  227  218  210  202  193  183  175  170
  167  165  165  164  163  164  165  166  168  169  169  170  170  169  166  162
  159  157  159  165  174  186  200  215  227  237  244  247  249  252  258  266
  277  288  299  301  308  312  322  340  317                                   
    32.5-180.0 180.0   5.0 450.0                            LAT/LON1/LON2/DLON/H
  349  349  351  355  361  368  375  381  386  387  383  374  358  336  313  293
  281  277  278  280  279  273  263  251  241  232  224  215  205  194  184  178
  174  172  170  167  165  164  165  168  172  175  178  180  181  179  174  168
  162  157  156  159  167  179  194  211  227  242  253  261  266  270  276  283
  292  303  312  315  326  333  347  366  349                                   
    30.0-180.0 180.0   5.0 450.0                            LAT/LON1/LON2/DLON/H
  382  381  386  394  400  407  413  416  419  417  413  404  387  363  338  315
  299  293  293  295  295  289  280  269  258  249  241  231  219  206  194  186
  180  176  172  166  162  160  162  168  174  180  185  188  188  185  179  170
  162  154  151  152  159  171  188  208  228  246  262  274  282  288  293  299
  306  314  322  325  339  349  370  390  382                                   
    27.5-180.0 180.0   5.0 450.0                            LAT/LON1/LON2/DLON/H
  412  410  421  436  445  454  460  461  461  456  449  437  418  393  365  339
  321  312  310  312  312  307  298  287  276  266  257  246  232  217  202  190
  182  175  168  161  155  154  157  165  174  183  189  191  190  186  178  168
  158  149  144  145  152  165  184  206  228  250  269  285  296  303  307  312
  317  323  330  333  350  362  388  410  412                                   
    25.0-180.0 180.0   5.0 450.0                            LAT/LON1/LON2/DLON/H
  435  431  449  475  489  504  513  514  511  502  490  475  453  426  396  368
  347  336  332  332  331  326  316  304  291  279  268  255  239  222  204  189
  177  168  159  151  146  145  151  161  172  181  187  188  186  179  170  160
  149  141  136  138  146  161  181  204  228  251  273  291  305  313  319  323
  327  333  338  342  359  371  402  427  435                                   
    22.5-180.0 180.0   5.0 450.0                            LAT/LON1/LON2/DLON/H
  448  443  468  505  526  548  563  568  564  552  536  516  492  464  433  404
  381  366  359  356  353  346  334  318  302  286  271  255  237  218  198  181
  167  156  146  139  136  137  145  156  167  175  179  179  175  168  158  148
  138  131  127  130  140  156  178  201  225  250  273  293  309  320  327  333
  338  344  350  354  369  379  412  438  448                                   
    20.0-180.0 180.0   5.0 450.0                            LAT/LON1/LON2/DLON/H
  451  445  476  521  548  579  601  612  612  600  581  559  533  504  474  446
  422  405  394  387  379  367  350  329  307  286  265  246  225  205  185  167
  152  141  133  128  128  132  140  150  160  166  168  166  160  152  143  134
  125  119  118  122  134  151  173  197  221  244  268  290  309  323  333  342
  351  359  366  369  381  388  419  446  451                                   
    17.5-180.0 180.0   5.0 450.0                            LAT/LON1/LON2/DLON/H
  447  441  473  521  553  589  619  637  642  634  618  596  571  544  517  491
  468  449  434  421  407  389  365  337  307  278  252  228  206  186  167  151
  138  128  123  122  124  130  138  146  152  155  154  151  145  138  129  120
  113  109  108  114  127  145  167  190  213  236  260  284  306  323  338  352
  365  377  386  389  396  398  425  450  447                                   
    15.0-180.0 180.0   5.0 450.0                            LAT/LON1/LON2/DLON/H
  440  436  465  509  542  578  611  636  648  647  636  619  598  577  555  534
  513  494  476  457  436  409  377  341  303  265  232  204  182  164  149  136
  126  120  119  122  127  135  141  145  146  144  142  138  133  126  118  110
  104  100  100  106  119  138  159  181  202  225  250  276  301  323  342  361
  379  395  406  410  413  410  432  455  440                                   
    12.5-180.0 180.0   5.0 450.0                            LAT/LON1/LON2/DLON/H
  437  434  457  492  520  552  583  610  627  633  630  620  607  593  580  566
  550  533  513  489  460  425  384  339  293  248  209  179  159  145  135  127
  121  119  121  128  136  143  147  146  142  137  133  130  126  120  113  105
   97   93   93   98  111  129  149  169  190  212  238  266  295  321  346  369
  392  411  425  429  430  424  441  462  437                                   
    10.0-180.0 180.0   5.0 450.0                            LAT/LON1/LON2/DLON/H
  440  440  455  478  497  520  544  567  585  596  600  598  594  589  584  579
  571  558  538  511  475  432  383  331  277  228  186  157  139  131  127  125
  123  124  130  139  148  155  155  150  142  135  130  127  124  119  111  103
   94   88   87   91  102  119  137  156  176  199  226  257  289  319  348  375
  401  424  440  445  446  440  454  472  440                                   
     7.5-180.0 180.0   5.0 450.0                            LAT/LON1/LON2/DLON/H
  453  456  464  474  482  494  506  520  535  546  554  558  561  563  567  569
  568  560  543  514  475  427  372  314  257  206  165  139  127  125  128  130
