data/edconvlstm_nd/pred1850.15i
     1.0            IONOSPHERE MAPS     GNSS                IONEX VERSION / TYPE
pyspatialgeodesy        IME             05-JAN-18 20:20     PGM / RUN BY / DATE 
Map Name                                                    COMMENT             
Predicted global ionosphere maps (GIM).                     DESCRIPTION         
  2015     7     4     0     0     0                        EPOCH OF FIRST MAP  
  2015     7     5     0     0     0                        EPOCH OF LAST MAP   
  7200                                                      INTERVAL            
    13                                                      # OF MAPS IN FILE   
  NONE                                                      MAPPING FUNCTION    
10.0                                                        ELEVATION CUTOFF    
One-way carrier phase leveled to code                       OBSERVABLES USED    
  6371.0                                                    BASE RADIUS         
 2                                                          MAP DIMENSION       
   450.0 450.0   0.0                                        HGT1 / HGT2 / DHGT  
    87.5 -87.5  -2.5                                        LAT1 / LAT2 / DLAT  
  -180.0 180.0   5.0                                        LON1 / LON2 / DLON  
    -1                                                      EXPONENT            
                                                            END OF HEADER       
[from data line 1287]
     4                                                      START OF TEC MAP    
  2015     7     4     6     0     0                        EPOCH OF CURRENT MAP
    87.5-180.0 180.0   5.0 450.0                            LAT/LON1/LON2/DLON/H
  167  163  160  164  164  163  160  158  159  160  160  161  161  162  162  162
  163  163  163  163  164  164  164  164  164  164  164  164  165  165  165  165
  165  166  166  166  166  167  167  167  167  167  167  167  167  166  166  166
  166  165  165  164  163  163  162  161  161  160  159  158  158  157  156  156
  156  157  156  156  161  160  162  159  167                                   
    85.0-180.0 180.0   5.0 450.0                            LAT/LON1/LON2/DLON/H
  166  168  165  167  169  169  170  169  170  171  171  171  171  172  172  172
  173  173  174  174  174  175  175  176  176  176  177  177  178  178  178  179
  179  180  180  181  181  182  182  182  183  183  182  182  182  181  181  180
  180  179  178  177  176  175  174  173  172  171  170  169  168  166  165  165
  165  166  162  164  160  162  164  164  166                                   
    82.5-180.0 180.0   5.0 450.0                            LAT/LON1/LON2/DLON/H
  169  171  171  167  167  169  169  169  170  170  170  170  170  170  170  170
  171  171  172  172  173  173  174  174  175  175  176  176  177  177  178  179
  180  181  182  183  184  185  186  186  187  187  187  187  186  186  185  184
  184  183  182  180  179  178  176  175  173  172  170  168  167  165  163  162
  161  161  157  160  162  162  162  155  169                                   
    80.0-180.0 180.0   5.0 450.0                            LAT/LON1/LON2/DLON/H
  170  173  169  169  171  172  173  173  174  173  172  172  171  170  170  170
  170  171  171  172  172  173  173  173  174  174  174  174  175  176  177  178
  179  181  183  185  186  188  189  190  191  192  192  192  192  192  191  191
  190  189  188  187  186  185  183  181  180  178  175  173  171  168  166  165
  163  162  158  161  163  165  171  158  170                                   
    77.5-180.0 180.0   5.0 450.0                            LAT/LON1/LON2/DLON/H
  172  173  173  174  175  177  179  178  178  176  173  172  170  169  168  168
  168  169  169  170  171  171  172  172  172  171  171  171  172  173  174  176
  179  181  184  187  189  192  194  195  197  198  198  198  198  198  198  198
  197  197  196  195  194  193  191  190  188  186  183  180  178  175  172  169
  167  165  159  162  166  166  168  164  172                                   
    75.0-180.0 180.0   5.0 450.0                            LAT/LON1/LON2/DLON/H
  170  176  174  177  177  181  182  180  179  176  172  170  167  165  163  163
  163  164  165  166  167  167  167  167  166  166  165  165  165  167  168  171
  174  178  181  185  188  191  194  196  198  199  200  201  202  202  202  202
  201  201  201  200  199  198  197  196  194  192  189  187  184  181  177  175
  171  169  164  161  164  166  169  166  170                                   
    72.5-180.0 180.0   5.0 450.0                            LAT/LON1/LON2/DLON/H
  170  179  177  179  181  184  185  183  180  176  171  168  163  160  159  158
  158  159  161  163  164  164  164  163  162  161  160  160  161  162  165  168
  172  177  181  186  190  193  196  199  201  203  204  205  206  206  206  206
  206  206  205  205  204  203  202  201  199  197  195  193  191  188  184  182
  178  175  171  169  168  169  171  170  170                                   
    70.0-180.0 180.0   5.0 450.0                            LAT/LON1/LON2/DLON/H
  173  178  177  178  179  181  181  179  176  171  165  161  156  152  150  149
  149  151  153  155  157  157  157  156  154  152  151  152  153  155  159  163
  168  174  179  184  188  192  195  198  201  203  205  207  208  208  208  207
  207  206  205  204  203  201  200  199  197  196  195  193  191  189  186  185
  181  178  173  171  171  172  175  174  173                                   
    67.5-180.0 180.0   5.0 450.0                            LAT/LON1/LON2/DLON/H
  172  177  174  176  176  177  177  174  170  165  159  154  148  144  141  140
  140  142  144  147  148  149  148  147  145  144  143  144  146  149  154  159
  165  171  176  181  185  189  193  197  200  203  206  208  209  209  209  208
  206  204  202  200  198  196  195  193  192  191  190  189  188  187  185  184
  182  179  174  172  171  173  175  176  172                                   
    65.0-180.0 180.0   5.0 450.0                            LAT/LON1/LON2/DLON/H
  172  177  173  173  172  172  172  169  165  160  154  148  143  138  134  133
  133  134  136  138  139  140  139  138  137  136  136  138  142  146  152  159
  165  171  176  181  185  189  193  197  201  206  209  212  214  214  213  211
  208  205  202  199  196  193  191  189  188  187  186  186  186  185  185  184
  182  180  176  175  174  176  180  180  172                                   
    62.5-180.0 180.0   5.0 450.0                            LAT/LON1/LON2/DLON/H
  175  178  174  172  170  169  168  164  161  155  149  144  138  133  129  126
  125  126  127  128  129  130  129  128  128  128  130  133  139  145  152  159
  166  172  177  181  185  189  193  198  204  209  214  218  220  220  219  216
  212  208  204  200  197  194  190  188  186  184  184  183  183  183  183  183
  182  181  178  178  178  180  184  185  175                                   
    60.0-180.0 180.0   5.0 450.0                            LAT/LON1/LON2/DLON/H
  179  182  177  174  171  169  166  162  157  152  146  140  134  129  124  120
  118  117  117  118  118  118  118  118  118  120  124  129  136  144  152  160
  166  172  177  180  184  188  193  199  206  213  219  224  226  226  224  221
  217  213  209  205  201  198  194  191  188  185  184  183  182  182  182  182
  182  181  179  180  181  184  190  190  179                                   
    57.5-180.0 180.0   5.0 450.0                            LAT/LON1/LON2/DLON/H
  186  190  185  181  176  173  169  163  158  151  144  138  131  125  119  115
  111  109  108  108  107  107  108  108  110  114  119  125  133  142  151  159
  166  172  176  180  184  188  194  201  210  218  225  230  233  233  231  228
  224  221  217  214  211  208  204  199  195  191  188  186  185  183  182  182
  182  182  181  183  185  190  195  196  186                                   
    55.0-180.0 180.0   5.0 450.0                            LAT/LON1/LON2/DLON/H
  195  199  195  191  186  181  176  168  161  152  144  137  129  121  115  109
  105  102  100   99   99   99   99  101  104  108  114  122  130  139  148  156
  164  169  174  179  183  189  195  204  213  222  230  235  238  239  237  235
  232  230  228  227  225  222  217  212  207  201  196  193  190  187  185  184
  183  183  183  185  189  195  201  201  195                                   
    52.5-180.0 180.0   5.0 450.0                            LAT/LON1/LON2/DLON/H
  204  209  207  203  198  193  187  177  168  157  146  136  127  118  111  104
  100   97   95   94   94   94   95   97  101  106  112  119  127  135  144  152
  160  166  172  178  183  190  198  207  216  225  233  239  242  243  242  241
  241  241  242  242  241  238  233  227  220  213  207  201  197  193  189  187
  185  185  185  188  192  199  205  204  204                                   
    50.0-180.0 180.0   5.0 450.0                            LAT/LON1/LON2/DLON/H
  211  217  216  214  212  207  200  190  178  164  150  138  126  116  107  101
   97   94   93   93   93   94   96   98  102  106  112  117  124  130  138  146
  155  163  171  178  185  193  201  210  220  229  236  242  245  247  248  249
  251  253  256  258  257  255  249  242  234  225  218  211  205  200  196  193
  191  189  189  191  195  202  208  207  211                                   
    47.5-180.0 180.0   5.0 450.0                            LAT/LON1/LON2/DLON/H
  215  220  222  222  222  219  214  202  189  173  156  141  127  115  106  100
   96   95   95   95   96   98  100  103  107  111  114  117  121  126  133  141
  150  160  170  179  188  197  206  215  224  232  239  244  247  250  253  257
  261  266  270  273  273  269  263  255  246  237  228  221  215  209  205  202
  198  197  195  196  199  205  210  208  215                                   
    45.0-180.0 180.0   5.0 450.0                            LAT/LON1/LON2/DLON/H
  214  219  222  224  227  227  223  213  200  182  164  146  130  117  107  101
   98   97   99  100  102  105  108  111  115  117  119  119  120  123  128  137
  148  159  171  182  192  202  212  220  228  235  241  246  251  255  260  266
  272  278  284  286  285  281  274  265  256  247  238  232  226  220  216  213
  210  207  204  204  205  209  212  209  214                                   
    42.5-180.0 180.0   5.0 450.0                            LAT/LON1/LON2/DLON/H
  212  215  217  220  226  229  228  220  208  190  171  153  136  121  110  104
  101  102  104  106  109  112  116  120  124  126  125  123  122  122  127  136
  147  160  174  186  197  208  217  226  233  240  245  250  255  261  268  276
  284  291  296  298  296  291  283  274  265  257  250  244  239  234  231  228
  225  222  217  215  214  215  216  212  212                                   
    40.0-180.0 180.0   5.0 450.0                            LAT/LON1/LON2/DLON/H
  211  209  211  213  220  225  227  222  212  196  178  160  143  127  116  108
  106  106  108  111  114  117  122  128  132  134  133  129  126  125  129  138
  150  164  178  190  202  213  223  232  239  245  250  255  262  269  278  287
  296  303  307  308  305  300  293  285  278  271  266  261  256  252  249  247
  244  241  235  230  226  225  223  218  211                                   
    37.5-180.0 180.0   5.0 450.0                            LAT/LON1/LON2/DLON/H
  214  207  207  206  213  217  221  219  212  199  183  166  150  134  122  114
  110  110  111  113  116  120  126  133  139  142  141  136  132  130  134  142
  155  168  182  194  206  217  228  237  244  250  255  261  269  277  287  297
  307  314  318  318  316  311  306  300  295  291  287  283  279  274  271  269
  266  263  257  250  244  239  236  229  214                                   
    35.0-180.0 180.0   5.0 450.0                            LAT/LON1/LON2/DLON/H
  225  214  210  205  208  210  214  214  209  198  185  171  156  141  128  119
  114  112  112  113  116  121  128  137  145  150  149  145  140  138  141  149
  160  173  185  197  208  219  230  240  248  254  260  267  275  285  296  306
  316  323  327  328  327  325  322  320  318  316  314  311  306  301  296  293
  290  287  281  273  266  259  255  246  225                                   
    32.5-180.0 180.0   5.0 450.0                            LAT/LON1/LON2/DLON/H
  247  232  225  213  212  210  211  210  205  196  186  174  160  146  133  123
  116  113  112  112  114  120  129  140  150  157  157  154  149  147  149  156
  165  176  186  197  207  219  231  241  250  257  264  271  279  290  301  311
  321  329  334  338  340  341  342  343  344  345  345  342  337  330  324  319
  315  311  305  297  290  284  278  270  247                                   
    30.0-180.0 180.0   5.0 450.0                            LAT/LON1/LON2/DLON/H
  278  261  251  234  227  220  216  211  205  196  186  176  164  151  138  127
  119  114  111  111  114  121  132  145  156  164  166  163  158  156  157  161
  168  176  184  193  203  215  228  239  249  257  264  272  281  291  302  313
  323  331  339  346  352  357  362  367  371  374  375  372  366  358  349  343
  337  333  328  321  315  310  303  296  278                                   
    27.5-180.0 180.0   5.0 450.0                            LAT/LON1/LON2/DLON/H
  315  299  286  266  254  241  232  221  211  199  188  178  167  155  142  130
  121  115  112  112  116  125  137  152  164  172  174  171  167  163  162  163
  167  171  177  184  195  208  222  235  245  254  261  269  278  288  299  310
  320  331  341  351  361  371  380  388  395  399  401  398  392  382  372  363
  356  351  347  341  337  334  329  324  315                                   
    25.0-180.0 180.0   5.0 450.0                            LAT/LON1/LON2/DLON/H
  352  339  325  304  288  272  256  240  223  207  194  183  172  160  147  135
  126  119  117  118  123  134  147  162  174  180  181  177  172  166  162  160
  160  161  164  172  183  198  213  227  238  248  256  265  274  283  293  304
  316  328  341  354  368  381  393  403  411  416  418  416  409  399  388  378
  370  365  361  357  355  355  350  347  352                                   
    22.5-180.0 180.0   5.0 450.0                            LAT/LON1/LON2/DLON/H
  382  373  359  340  324  305  284  264  242  221  204  191  179  167  155  143
  133  127  125  128  135  147  161  174  184  187  185  180  173  165  158  152
  148  146  148  156  169  185  202  217  230  241  250  259  269  278  288  299
  311  324  338  353  369  384  397  408  416  422  425  424  418  410  399  390
  381  376  372  369  368  370  366  364  382                                   
    20.0-180.0 180.0   5.0 450.0                            LAT/LON1/LON2/DLON/H
  398  394  382  367  352  333  310  287  263  239  219  203  191  178  166  154
  145  139  138  142  150  162  175  186  191  190  185  177  168  158  148  139
  132  128  130  138  153  172  191  207  222  234  245  256  265  275  285  295
  307  320  334  349  365  379  392  402  410  417  421  422  420  414  406  397
  389  385  381  378  377  379  375  373  398                                   
    17.5-180.0 180.0   5.0 450.0                            LAT/LON1/LON2/DLON/H
  401  400  391  379  366  349  327  305  280  256  234  218  204  192  181  169
  160  154  153  158  166  177  188  194  194  188  179  168  158  147  135  123
  114  109  111  121  138  158  179  198  215  229  243  255  265  275  285  296
  306  318  331  344  358  370  381  390  398  406  412  416  417  414  409  403
  397  392  389  385  384  384  379  375  401                                   
    15.0-180.0 180.0   5.0 450.0                            LAT/LON1/LON2/DLON/H
  393  392  385  373  364  348  329  310  289  267  247  232  219  208  197  186
  177  171  170  173  180  188  194  195  190  179  166  154  143  132  119  107
   97   91   94  105  123  146  169  190  209  227  242  256  268  278  289  299
  309  319  330  340  351  361  369  378  387  396  404  410  414  414  412  409
  404  400  397  391  389  386  380  372  393                                   
    12.5-180.0 180.0   5.0 450.0                            LAT/LON1/LON2/DLON/H
  379  377  370  355  348  333  316  302  287  270  254  241  230  221  211  202
  193  187  185  185  189  192  193  189  179  164  150  137  126  115  104   91
   81   76   79   91  110  134  159  183  205  225  243  258  271  283  293  304
  314  323  332  340  349  356  364  373  383  393  403  410  414  416  416  415
  412  409  405  399  394  388  379  367  379                                   
    10.0-180.0 180.0   5.0 450.0                            LAT/LON1/LON2/DLON/H
  366  361  352  332  323  307  293  283  273  263  252  243  235  228  221  214
  206  200  195  193  192  190  186  176  162  146  131  119  109  100   89   78
   69   65   68   80   99  124  150  176  201  223  243  260  273  285  297  308
  319  328  337  345  353  361  369  379  390  401  411  417  420  422  422  421
  419  417  413  406  400  390  380  365  366                                   
     7.5-180.0 180.0   5.0 450.0                            LAT/LON1/LON2/DLON/H
  359  350  338  313  299  280  266  258  253  247  242  237  233  229  224  219
  213  206  201  195  189  182  173  160  144  127  113  102   94   86   77   68
