data/edconvlstm_nd/pred1700.15i
     1.0            IONOSPHERE MAPS     GNSS                IONEX VERSION / TYPE
pyspatialgeodesy        IME             05-JAN-18 20:20     PGM / RUN BY / DATE 
Map Name                                                    COMMENT             
Predicted global ionosphere maps (GIM).                     DESCRIPTION         
  2015     6    19     0     0     0                        EPOCH OF FIRST MAP  
  2015     6    20     0     0     0                        EPOCH OF LAST MAP   
  7200                                                      INTERVAL            
    13                                                      # OF MAPS IN FILE   
  NONE                                                      MAPPING FUNCTION    
10.0                                                        ELEVATION CUTOFF    
One-way carrier phase leveled to code                       OBSERVABLES USED    
  6371.0                                                    BASE RADIUS         
 2                                                          MAP DIMENSION       
   450.0 450.0   0.0                                        HGT1 / HGT2 / DHGT  
    87.5 -87.5  -2.5                                        LAT1 / LAT2 / DLAT  
  -180.0 180.0   5.0                                        LON1 / LON2 / DLON  
    -1                                                      EXPONENT            
                                                            END OF HEADER       
[from data line 3003]
     8                                                      START OF TEC MAP    
  2015     6    19    14     0     0                        EPOCH OF CURRENT MAP
    87.5-180.0 180.0   5.0 450.0                            LAT/LON1/LON2/DLON/H
  161  160  155  161  163  163  162  161  162  163  163  164  164  164  164  164
  165  165  165  164  164  164  164  163  163  163  162  162  161  161  160  160
  159  159  158  157  157  156  156  155  155  155  155  155  156  156  157  157
  158  158  159  159  160  160  160  161  161  161  161  160  160  160  160  159
  159  159  158  157  164  162  168  164  161                                   
    85.0-180.0 180.0   5.0 450.0                            LAT/LON1/LON2/DLON/H
  155  158  167  162  161  165  165  167  168  169  169  170  170  171  171  171
  171  171  171  171  171  171  171  170  170  169  169  168  168  167  166  165
  164  163  162  160  159  158  157  157  156  156  156  156  156  157  158  159
  160  161  162  162  163  164  164  165  165  165  165  165  165  164  164  163
  164  164  161  159  159  156  160  162  155                                   
    82.5-180.0 180.0   5.0 450.0                            LAT/LON1/LON2/DLON/H
  140  151  154  150  151  155  157  159  160  161  162  163  163  164  165  165
  166  166  167  167  167  167  167  166  166  166  166  165  165  164  163  161
  160  158  156  154  152  150  148  147  145  145  145  145  146  147  148  150
  151  153  154  156  157  158  158  159  159  158  158  157  156  155  154  153
  153  152  148  150  148  154  151  143  140                                   
    80.0-180.0 180.0   5.0 450.0                            LAT/LON1/LON2/DLON/H
  133  140  145  145  144  146  148  152  153  155  156  157  158  159  160  161
  162  162  163  163  163  163  163  163  164  164  164  163  163  162  161  160
  157  155  152  149  146  144  141  139  138  137  137  138  139  141  143  146
  148  151  153  155  157  158  159  159  158  158  157  155  154  152  150  148
  147  145  143  143  139  139  142  135  133                                   
    77.5-180.0 180.0   5.0 450.0                            LAT/LON1/LON2/DLON/H
  133  134  139  140  140  143  144  147  148  149  149  151  152  153  155  156
  158  159  160  161  161  162  162  163  163  164  164  165  165  165  164  163
  161  158  155  151  147  144  140  137  135  135  135  136  138  141  144  147
  151  155  158  160  162  163  163  163  162  161  159  157  154  151  148  145
  143  140  136  136  137  132  134  133  133                                   
    75.0-180.0 180.0   5.0 450.0                            LAT/LON1/LON2/DLON/H
  128  130  132  135  136  139  140  142  143  144  144  145  146  147  149  151
  153  155  157  158  159  159  160  161  162  163  165  166  167  168  168  167
  166  163  159  155  151  146  142  139  137  136  136  138  141  144  148  152
  157  160  163  166  168  169  169  168  167  165  163  160  157  154  150  147
  143  140  136  132  132  129  130  122  128                                   
    72.5-180.0 180.0   5.0 450.0                            LAT/LON1/LON2/DLON/H
  124  127  128  134  134  137  139  140  140  140  139  140  140  142  145  147
  150  152  154  156  157  158  159  160  161  163  165  167  169  170  171  171
  170  168  164  160  155  151  146  143  140  140  140  142  146  149  154  158
  162  166  169  171  172  172  172  172  171  169  167  165  162  158  154  151
  146  141  137  132  129  127  128  125  124                                   
    70.0-180.0 180.0   5.0 450.0                            LAT/LON1/LON2/DLON/H
  125  126  127  132  132  135  136  137  136  136  135  135  136  137  140  143
  146  149  152  154  155  156  157  157  159  161  163  166  168  171  172  173
  172  171  168  164  159  154  150  147  145  145  146  148  151  155  159  163
  166  168  170  171  171  171  171  171  170  170  169  168  166  163  160  156
  151  145  140  134  131  128  130  126  125                                   
    67.5-180.0 180.0   5.0 450.0                            LAT/LON1/LON2/DLON/H
  127  128  130  135  135  138  140  140  139  139  137  137  137  139  141  145
  148  151  154  156  157  158  159  159  160  162  165  167  170  173  175  176
  176  175  172  169  165  161  157  155  154  154  155  158  161  164  167  170
  171  172  172  172  171  171  171  171  172  173  174  175  174  173  171  167
  162  156  149  142  136  132  132  128  127                                   
    65.0-180.0 180.0   5.0 450.0                            LAT/LON1/LON2/DLON/H
  130  130  131  135  136  138  140  141  141  140  139  139  139  140  142  145
  149  152  155  157  158  159  159  160  161  163  166  169  172  175  177  178
  178  177  175  173  170  167  164  163  163  164  166  168  171  173  174  175
  174  173  171  169  168  167  168  169  171  174  177  179  181  181  180  177
  172  165  158  151  144  139  139  135  130                                   
    62.5-180.0 180.0   5.0 450.0                            LAT/LON1/LON2/DLON/H
  131  131  131  135  135  138  141  142  143  143  142  142  142  142  144  147
  150  154  156  158  159  160  160  161  163  165  168  172  175  178  180  181
  181  180  179  177  175  173  172  171  172  174  177  179  181  182  181  179
  176  173  169  166  165  164  166  168  172  176  180  184  187  188  187  185
  180  173  166  158  150  143  143  139  131                                   
    60.0-180.0 180.0   5.0 450.0                            LAT/LON1/LON2/DLON/H
  132  130  129  132  132  135  138  140  142  143  142  142  142  143  145  147
  150  153  156  158  159  159  160  162  164  168  172  176  179  182  184  185
  185  184  183  181  180  179  179  180  182  185  187  189  190  189  187  183
  178  173  168  165  163  163  165  169  173  178  183  187  190  191  190  187
  183  176  169  161  153  146  146  141  132                                   
    57.5-180.0 180.0   5.0 450.0                            LAT/LON1/LON2/DLON/H
  131  127  125  127  126  130  133  137  139  140  141  141  141  142  144  146
  149  152  155  157  158  159  160  163  167  171  177  182  186  189  191  192
  192  191  190  189  188  188  189  191  193  196  198  199  199  197  193  187
  181  175  170  166  165  166  169  174  178  183  187  190  191  191  189  186
  181  175  168  161  153  146  147  142  131                                   
    55.0-180.0 180.0   5.0 450.0                            LAT/LON1/LON2/DLON/H
  128  123  120  121  120  124  127  131  133  135  136  137  138  139  141  144
  148  151  154  156  158  159  161  164  169  175  182  189  194  198  200  201
  201  201  200  199  199  199  200  202  204  206  208  208  207  203  198  192
  185  179  174  171  171  173  176  181  185  188  191  191  191  189  185  181
  176  169  163  157  150  143  145  140  128                                   
    52.5-180.0 180.0   5.0 450.0                            LAT/LON1/LON2/DLON/H
  124  118  115  115  113  117  121  124  127  129  130  132  133  135  138  142
  146  151  155  157  159  160  163  167  173  180  188  196  202  207  211  213
  213  213  213  212  212  213  214  215  216  217  217  216  213  209  203  196
  190  184  180  178  179  182  185  189  192  194  194  192  189  184  179  174
  168  162  156  151  145  139  142  138  124                                   
    50.0-180.0 180.0   5.0 450.0                            LAT/LON1/LON2/DLON/H
  121  115  111  110  108  112  115  118  121  124  125  127  129  132  136  141
  147  153  158  161  163  164  167  171  177  186  195  203  211  217  222  225
  226  227  227  227  228  228  229  230  229  229  227  224  219  214  208  202
  196  191  188  187  188  191  194  197  199  198  196  192  187  181  174  168
  161  155  150  145  140  136  139  135  121                                   
    47.5-180.0 180.0   5.0 450.0                            LAT/LON1/LON2/DLON/H
  118  112  108  108  105  108  111  114  117  120  122  124  127  131  137  143
  151  158  164  169  171  172  174  178  184  192  202  211  219  226  232  237
  240  242  243  244  245  247  247  246  245  242  237  232  226  220  214  208
  203  200  197  196  196  198  200  202  202  201  197  193  187  180  173  166
  158  152  147  142  137  134  137  133  118                                   
    45.0-180.0 180.0   5.0 450.0                            LAT/LON1/LON2/DLON/H
  116  112  106  106  104  106  109  112  116  119  121  125  129  134  141  149
  158  167  174  179  182  183  184  187  193  201  210  218  227  235  242  248
  253  257  260  263  265  267  268  266  263  258  251  243  235  228  222  216
  212  208  205  203  202  201  202  202  202  200  197  193  188  182  176  169
  161  154  148  142  137  134  136  131  116                                   
    42.5-180.0 180.0   5.0 450.0                            LAT/LON1/LON2/DLON/H
  114  112  105  106  103  105  108  112  116  120  124  129  135  141  149  158
  168  178  187  192  195  196  197  199  204  211  219  227  235  243  252  260
  266  272  277  282  286  290  291  290  285  277  268  258  248  239  232  226
  222  217  213  208  204  202  200  200  199  198  196  194  192  188  183  177
  169  161  154  146  140  135  136  131  114                                   
    40.0-180.0 180.0   5.0 450.0                            LAT/LON1/LON2/DLON/H
  114  112  105  105  103  104  107  112  117  123  129  136  143  151  160  169
  180  191  200  206  209  210  211  213  217  223  230  237  245  253  262  272
  280  288  296  303  309  315  318  316  311  301  290  277  265  255  246  240
  234  228  221  213  206  201  197  195  194  195  195  197  197  197  195  190
  181  172  162  153  144  139  138  131  114                                   
    37.5-180.0 180.0   5.0 450.0                            LAT/LON1/LON2/DLON/H
  114  112  105  104  102  102  106  111  118  126  135  144  153  162  172  182
  193  203  212  219  222  223  224  227  231  237  243  249  256  265  275  286
  296  306  316  325  334  342  346  345  339  329  315  301  287  275  265  257
  249  241  231  220  210  201  196  192  191  192  195  199  204  206  206  202
  194  184  172  161  150  143  141  133  114                                   
    35.0-180.0 180.0   5.0 450.0                            LAT/LON1/LON2/DLON/H
  116  113  105  102  100  100  104  110  119  129  140  151  162  173  183  193
  204  214  223  230  234  236  237  240  244  250  257  263  270  279  290  302
  315  326  337  349  359  369  375  375  369  358  343  328  312  299  288  278
  268  257  245  231  218  207  198  193  191  192  196  202  209  213  215  213
  204  193  181  169  156  147  145  135  116                                   
    32.5-180.0 180.0   5.0 450.0                            LAT/LON1/LON2/DLON/H
  118  114  106  102   99   98  102  108  118  129  143  156  169  181  192  203
  214  224  233  240  244  246  248  251  256  263  270  278  286  296  308  322
  336  349  361  373  385  395  402  403  398  387  372  356  341  327  315  303
  292  279  263  247  231  218  207  200  196  196  199  204  211  217  219  217
  209  198  185  173  161  152  150  139  118                                   
    30.0-180.0 180.0   5.0 450.0                            LAT/LON1/LON2/DLON/H
  122  117  109  102   99   98  101  107  117  129  143  158  173  186  199  210
  221  232  241  248  252  255  257  260  266  274  283  292  302  314  328  344
  359  373  385  397  409  419  426  427  422  412  399  384  370  356  343  331
  318  303  286  268  250  235  222  212  205  201  201  205  210  214  217  215
  207  197  185  174  163  156  154  144  122                                   
    27.5-180.0 180.0   5.0 450.0                            LAT/LON1/LON2/DLON/H
  127  122  114  106  103  101  104  108  117  128  142  157  173  188  202  215
  228  239  249  256  260  262  264  268  274  284  294  306  319  333  350  367
  383  397  408  419  429  438  444  445  441  432  420  408  396  384  372  360
  345  329  310  290  272  255  240  227  216  208  203  203  204  207  208  206
  199  191  180  171  163  159  159  151  127                                   
    25.0-180.0 180.0   5.0 450.0                            LAT/LON1/LON2/DLON/H
  133  129  121  113  109  108  110  112  119  128  141  155  171  187  204  219
  233  246  257  264  268  269  271  274  281  291  304  318  334  352  371  389
  406  419  429  438  447  453  458  458  453  446  437  428  419  409  398  386
  371  353  333  312  292  274  257  240  225  212  202  197  196  195  196  194
  188  181  172  165  161  160  162  156  133                                   
    22.5-180.0 180.0   5.0 450.0                            LAT/LON1/LON2/DLON/H
  138  137  130  122  119  118  119  119  123  130  139  152  168  185  203  221
  238  252  264  272  275  276  277  280  287  298  312  330  349  370  391  410
  426  438  447  454  460  465  467  466  462  456  449  443  437  430  421  408
  392  373  351  328  307  287  268  248  229  212  199  190  185  183  182  180
  176  170  163  158  157  160  163  160  138                                   
    20.0-180.0 180.0   5.0 450.0                            LAT/LON1/LON2/DLON/H
  143  146  139  133  130  129  130  128  129  133  139  150  165  182  202  222
  241  258  271  279  282  283  283  286  293  304  321  341  363  386  408  428
  443  454  461  466  470  473  475  473  469  464  460  456  453  447  438  426
  408  387  363  338  314  292  271  249  229  210  194  182  175  171  170  170
  166  162  156  152  152  157  161  160  143                                   
    17.5-180.0 180.0   5.0 450.0                            LAT/LON1/LON2/DLON/H
  145  151  145  141  140  140  140  137  136  136  140  149  163  180  201  222
  243  261  275  284  288  289  289  292  300  313  331  353  377  402  425  444
  457  466  472  475  478  481  482  481  477  473  470  468  465  461  452  438
  419  396  369  341  315  290  268  246  224  205  189  177  169  164  163  163
  161  158  152  147  148  152  157  157  145                                   
    15.0-180.0 180.0   5.0 450.0                            LAT/LON1/LON2/DLON/H
  143  151  147  145  145  146  147  143  140  139  142  150  162  179  199  221
  243  263  278  287  292  294  295  300  308  323  342  366  392  418  440  457
  469  476  479  482  485  488  490  490  487  484  481  479  476  471  461  445
  425  399  370  340  311  285  261  239  219  201  187  175  168  163  162  163
  161  158  151  146  144  147  150  149  143                                   
    12.5-180.0 180.0   5.0 450.0                            LAT/LON1/LON2/DLON/H
  138  147  144  143  144  145  147  143  141  140  142  150  162  178  198  220
  242  262  277  288  294  297  301  308  319  335  356  381  407  433  454  469
  479  484  486  489  493  497  500  501  499  495  491  488  484  477  465  448
  425  398  367  336  305  278  254  232  214  199  187  177  171  167  166  167
  165  161  154  146  142  141  143  140  138                                   
    10.0-180.0 180.0   5.0 450.0                            LAT/LON1/LON2/DLON/H
  133  141  137  135  136  136  139  137  135  135  139  149  162  178  197  219
  240  260  275  286  293  299  306  316  331  349  371  396  423  447  466  480
  487  491  493  495  500  505  509  511  509  504  499  493  487  478  464  446
  422  394  362  330  298  270  246  226  210  198  189  182  177  173  173  174
  171  167  158  149  143  138  137  131  133                                   
     7.5-180.0 180.0   5.0 450.0                            LAT/LON1/LON2/DLON/H
  129  135  130  125  124  121  125  123  123  126  133  144  159  177  196  217
  238  256  272  283  291  300  311  325  343  363  386  411  436  459  477  489
