data/edconvlstm_nd/pred1550.15i
     1.0            IONOSPHERE MAPS     GNSS                IONEX VERSION / TYPE
pyspatialgeodesy        IME             05-JAN-18 20:20     PGM / RUN BY / DATE 
Map Name                                                    COMMENT             
Predicted global ionosphere maps (GIM).                     DESCRIPTION         
  2015     6     4     0     0     0                        EPOCH OF FIRST MAP  
  2015     6     5     0     0     0                        EPOCH OF LAST MAP   
  7200                                                      INTERVAL            
    13                                                      # OF MAPS IN FILE   
  NONE                                                      MAPPING FUNCTION    
10.0                                                        ELEVATION CUTOFF    
One-way carrier phase leveled to code                       OBSERVABLES USED    
  6371.0                                                    BASE RADIUS         
 2                                                          MAP DIMENSION       
   450.0 450.0   0.0                                        HGT1 / HGT2 / DHGT  
    87.5 -87.5  -2.5                                        LAT1 / LAT2 / DLAT  
  -180.0 180.0   5.0                                        LON1 / LON2 / DLON  
    -1                                                      EXPONENT            
                                                            END OF HEADER       
     1                                                      START OF TEC MAP    
  2015     6     4     0     0     0                        EPOCH OF CURRENT MAP
    87.5-180.0 180.0   5.0 450.0                            LAT/LON1/LON2/DLON/H
  172  186  197  187  185  186  184  184  184  183  183  183  183  182  182  181
  180  179  178  177  175  174  172  171  169  167  166  165  163  162  161  160
  160  159  159  158  158  158  158  158  159  159  159  159  160  160  160  160
  161  161  161  161  161  161  162  162  162  162  163  163  164  164  165  166
  168  170  171  172  171  169  173  180  172                                   
    85.0-180.0 180.0   5.0 450.0                            LAT/LON1/LON2/DLON/H
  196  201  192  193  199  200  198  198  198  197  197  197  197  196  195  194
  193  192  190  188  186  184  182  179  177  175  173  171  170  168  167  165
  165  164  163  163  163  163  163  164  164  165  165  165  166  166  166  166
  166  166  166  166  166  166  166  167  167  167  168  169  170  170  172  174
  176  178  181  185  179  184  186  190  196                                   
    82.5-180.0 180.0   5.0 450.0                            LAT/LON1/LON2/DLON/H
  199  201  204  202  206  207  205  205  207  206  206  206  205  204  203  202
  200  198  196  194  191  189  186  183  180  177  175  172  170  167  165  164
  163  162  162  161  162  162  163  163  164  165  165  166  166  166  166  166
  166  165  165  165  165  165  165  165  166  166  167  168  169  170  172  175
  177  180  183  185  185  176  182  179  199                                   
    80.0-180.0 180.0   5.0 450.0                            LAT/LON1/LON2/DLON/H
  198  204  200  198  202  205  207  208  209  208  208  208  208  207  206  205
  203  201  199  196  194  190  187  184  180  177  173  170  166  164  161  160
  158  158  158  159  160  161  163  164  165  166  167  168  168  168  168  168
  167  167  166  166  166  165  165  165  165  165  165  166  166  168  169  172
  174  176  179  180  190  181  188  189  198                                   
    77.5-180.0 180.0   5.0 450.0                            LAT/LON1/LON2/DLON/H
  199  198  195  197  196  198  202  204  205  204  204  204  204  203  203  202
  201  199  197  195  192  189  186  182  178  174  170  166  162  159  156  155
  154  154  155  157  159  162  164  166  168  170  171  171  171  172  171  171
  171  170  170  169  169  168  167  167  166  165  164  164  164  165  166  168
  170  173  174  177  185  185  187  192  199                                   
    75.0-180.0 180.0   5.0 450.0                            LAT/LON1/LON2/DLON/H
  199  192  190  193  191  192  194  196  197  196  196  197  197  197  197  196
  195  195  193  192  190  188  185  181  177  173  168  164  160  156  153  152
  152  153  155  158  161  165  168  170  172  173  174  174  174  174  174  174
  174  174  174  173  173  172  171  170  168  167  166  165  164  163  164  165
  166  169  171  168  175  181  183  190  199                                   
    72.5-180.0 180.0   5.0 450.0                            LAT/LON1/LON2/DLON/H
  187  186  186  185  182  182  184  186  188  187  187  189  189  189  190  190
  189  189  188  187  186  184  182  179  176  171  167  162  158  154  151  150
  151  153  156  159  163  167  170  172  173  174  173  173  173  173  173  173
  174  174  174  175  175  174  173  172  171  169  168  166  165  164  164  164
  164  167  169  167  171  174  179  190  187                                   
    70.0-180.0 180.0   5.0 450.0                            LAT/LON1/LON2/DLON/H
  184  179  181  181  177  176  178  179  182  182  183  184  185  186  186  186
  186  186  185  185  185  184  182  180  177  173  169  164  160  156  154  153
  154  156  159  163  167  170  172  173  173  172  170  169  168  168  169  170
  172  174  175  177  178  178  178  178  177  176  175  173  171  169  169  169
  168  169  172  170  174  178  181  190  184                                   
    67.5-180.0 180.0   5.0 450.0                            LAT/LON1/LON2/DLON/H
  185  181  181  178  173  172  173  174  177  177  179  181  183  184  184  184
  184  183  182  182  182  182  182  181  179  176  172  168  163  160  158  157
  157  159  162  165  167  169  169  168  166  164  161  159  158  159  161  163
  166  170  173  176  178  180  182  183  183  183  182  180  178  176  175  174
  173  173  175  173  178  181  184  193  185                                   
    65.0-180.0 180.0   5.0 450.0                            LAT/LON1/LON2/DLON/H
  187  184  184  179  172  169  170  171  174  175  177  181  183  184  185  184
  183  182  180  180  180  181  181  181  181  179  176  173  170  167  165  163
  163  163  164  165  165  165  163  160  157  153  149  147  146  147  150  154
  159  164  169  173  178  181  185  187  189  190  190  190  188  185  183  181
  179  179  181  179  185  189  191  200  187                                   
    62.5-180.0 180.0   5.0 450.0                            LAT/LON1/LON2/DLON/H
  193  192  191  184  175  171  171  171  174  175  178  182  185  187  187  186
  184  182  180  179  179  180  181  183  184  184  183  181  179  176  174  172
  169  167  166  164  162  160  156  152  147  142  138  135  135  137  141  146
  152  158  165  171  177  182  188  192  196  199  200  200  198  195  192  190
  187  186  188  186  193  198  200  208  193                                   
    60.0-180.0 180.0   5.0 450.0                            LAT/LON1/LON2/DLON/H
  200  202  201  191  181  177  175  174  176  176  179  183  186  188  188  187
  184  181  178  177  177  179  181  184  187  189  190  190  189  187  184  180
  176  171  166  161  157  153  148  143  138  132  128  126  125  128  133  139
  146  153  161  168  176  183  190  197  203  207  210  210  208  205  201  197
  193  192  193  192  200  206  208  215  200                                   
    57.5-180.0 180.0   5.0 450.0                            LAT/LON1/LON2/DLON/H
  208  213  212  201  191  185  182  179  179  178  180  183  186  188  188  187
  183  179  176  175  176  178  182  186  190  194  196  198  198  196  193  187
  180  172  164  157  151  146  142  137  131  126  122  120  120  122  127  134
  141  149  157  166  174  183  192  201  209  215  218  219  216  212  207  202
  197  196  197  196  204  211  214  221  208                                   
    55.0-180.0 180.0   5.0 450.0                            LAT/LON1/LON2/DLON/H
  216  224  223  213  203  197  193  188  186  182  182  183  185  187  187  185
  181  177  175  174  175  179  184  189  194  199  202  205  206  204  200  192
  182  172  161  153  146  141  137  134  129  125  121  118  118  120  124  131
  138  146  154  163  173  184  194  205  214  220  224  225  222  217  211  205
  200  198  199  198  207  213  218  225  216                                   
    52.5-180.0 180.0   5.0 450.0                            LAT/LON1/LON2/DLON/H
  224  233  233  225  216  211  207  201  196  189  185  184  184  185  184  182
  178  175  174  174  177  182  188  193  199  203  207  210  211  209  203  194
  182  169  158  149  143  139  136  134  131  127  123  120  119  121  124  129
  135  143  151  161  171  183  195  206  216  223  227  227  224  219  213  208
  202  200  201  200  208  214  220  228  224                                   
    50.0-180.0 180.0   5.0 450.0                            LAT/LON1/LON2/DLON/H
  231  240  241  236  230  227  224  217  209  199  192  188  186  184  182  180
  177  175  175  178  183  188  195  200  204  208  211  213  213  210  203  192
  180  166  155  147  141  139  138  137  135  132  128  125  123  123  125  129
  134  140  149  158  169  181  194  206  216  223  227  228  225  220  215  211
  206  205  205  204  209  215  222  232  231                                   
    47.5-180.0 180.0   5.0 450.0                            LAT/LON1/LON2/DLON/H
  238  245  248  246  243  242  241  234  226  213  204  196  191  187  184  180
  178  177  180  184  191  198  204  209  212  213  214  214  212  208  200  189
  177  164  154  147  143  142  143  142  141  138  134  130  128  126  127  129
  133  138  146  155  167  179  192  203  213  221  225  226  225  222  219  217
  214  213  213  210  214  218  225  237  238                                   
    45.0-180.0 180.0   5.0 450.0                            LAT/LON1/LON2/DLON/H
  245  250  254  255  255  256  257  251  243  230  218  208  201  194  189  185
  182  183  187  194  202  210  216  219  220  219  217  215  211  205  196  186
  175  164  156  151  148  148  148  148  146  143  140  136  133  131  130  130
  132  136  143  152  163  176  188  200  210  218  222  225  225  225  225  226
  225  225  226  222  223  225  232  245  245                                   
    42.5-180.0 180.0   5.0 450.0                            LAT/LON1/LON2/DLON/H
  254  256  261  263  265  267  270  267  260  248  236  225  215  206  199  194
  191  192  197  206  216  224  230  231  230  226  222  217  211  203  194  185
  176  168  162  158  156  154  154  153  151  149  146  142  139  136  134  132
  132  135  141  149  160  172  185  196  206  215  221  225  228  231  235  239
  241  243  244  238  238  237  244  258  254                                   
    40.0-180.0 180.0   5.0 450.0                            LAT/LON1/LON2/DLON/H
  266  267  271  273  276  278  281  279  275  265  254  243  233  223  214  207
  203  204  210  219  230  239  244  244  240  235  229  221  213  205  196  187
  181  175  171  168  165  162  159  157  156  154  153  150  147  143  139  136
  134  135  139  147  157  169  182  194  204  214  221  228  234  240  247  255
  260  264  265  259  258  255  262  275  266                                   
    37.5-180.0 180.0   5.0 450.0                            LAT/LON1/LON2/DLON/H
  283  284  287  287  288  289  291  290  289  281  272  263  254  244  233  224
  219  218  224  233  244  253  257  257  253  246  239  230  221  211  202  194
  189  186  184  180  175  169  164  161  160  160  161  160  157  153  147  142
  137  136  139  145  155  167  180  193  205  216  226  235  243  252  262  272
  280  286  288  282  281  278  284  297  283                                   
    35.0-180.0 180.0   5.0 450.0                            LAT/LON1/LON2/DLON/H
  306  309  311  307  306  303  302  301  301  297  291  284  276  267  256  245
  237  235  239  247  257  266  270  270  266  260  252  243  232  221  212  205
  201  199  196  192  184  175  168  164  164  167  170  171  169  164  157  148
  142  138  139  144  153  165  179  193  207  220  232  243  254  265  277  289
  299  306  309  305  305  304  310  323  306                                   
    32.5-180.0 180.0   5.0 450.0                            LAT/LON1/LON2/DLON/H
  337  342  343  335  330  324  319  316  317  314  310  306  300  291  280  268
  258  253  254  261  270  277  282  283  280  275  268  258  246  235  224  217
  212  210  207  200  190  179  170  167  169  175  180  183  181  175  166  155
  146  140  139  143  151  163  178  194  209  224  239  252  264  276  288  301
  312  320  326  324  327  328  337  349  337                                   
    30.0-180.0 180.0   5.0 450.0                            LAT/LON1/LON2/DLON/H
  372  380  381  372  363  353  344  338  338  335  333  330  326  318  307  293
  281  272  271  275  283  289  294  296  294  290  283  273  260  247  235  226
  221  217  212  203  191  178  169  168  172  181  189  193  191  183  172  159
  148  140  137  140  148  160  176  194  211  228  243  258  271  283  295  307
  319  329  337  338  345  350  361  375  372                                   
    27.5-180.0 180.0   5.0 450.0                            LAT/LON1/LON2/DLON/H
  408  419  421  413  402  390  378  369  366  363  361  359  355  348  336  321
  306  295  290  292  297  303  307  309  307  303  295  284  271  256  242  231
  223  217  209  199  186  173  166  166  174  184  193  197  195  186  173  158
  146  137  133  135  143  156  174  193  212  230  246  261  274  286  297  309
  320  331  341  346  358  366  380  398  408                                   
    25.0-180.0 180.0   5.0 450.0                            LAT/LON1/LON2/DLON/H
  440  454  458  454  444  433  419  407  401  397  394  391  388  381  369  353
  335  321  313  312  315  318  321  321  318  312  302  289  274  257  241  227
  216  207  198  187  175  165  160  163  172  183  192  195  192  181  167  152
  139  130  126  128  136  150  169  191  212  231  247  262  275  286  296  307
  318  330  342  350  365  376  394  415  440                                   
    22.5-180.0 180.0   5.0 450.0                            LAT/LON1/LON2/DLON/H
  462  478  486  488  481  473  461  448  440  435  431  428  424  418  406  388
  368  351  340  336  335  336  335  332  325  315  301  285  267  249  231  215
  201  190  180  170  161  154  152  157  166  177  185  186  181  170  156  141
  129  121  118  119  128  143  164  187  210  230  247  262  275  286  295  305
  316  328  341  351  368  381  401  426  462                                   
    20.0-180.0 180.0   5.0 450.0                            LAT/LON1/LON2/DLON/H
  471  488  500  510  508  504  496  485  478  472  468  465  462  455  443  425
  404  384  371  363  359  354  348  339  326  310  292  272  251  231  213  196
  181  169  160  153  147  144  145  151  159  167  172  172  166  155  141  128
  118  111  108  111  120  136  158  183  207  228  246  262  275  286  296  305
  315  327  341  353  370  382  405  432  471                                   
    17.5-180.0 180.0   5.0 450.0                            LAT/LON1/LON2/DLON/H
  467  484  499  517  520  521  517  511  507  502  499  498  495  490  479  461
  439  418  403  392  383  372  359  342  321  298  274  250  228  208  190  174
  161  151  144  140  138  138  141  146  152  157  159  157  150  139  127  116
  107  102  100  103  112  129  151  177  202  224  243  260  275  288  299  308
  318  330  344  357  372  382  405  433  467                                   
    15.0-180.0 180.0   5.0 450.0                            LAT/LON1/LON2/DLON/H
  454  470  486  508  516  520  522  520  520  519  519  519  520  517  508  492
  470  449  432  418  404  387  365  339  310  279  250  225  203  185  170  156
  146  139  135  134  135  138  141  145  148  149  147  143  136  127  116  106
   99   95   94   97  106  122  144  170  195  218  239  258  276  292  304  316
  327  339  352  364  376  384  406  433  454                                   
    12.5-180.0 180.0   5.0 450.0                            LAT/LON1/LON2/DLON/H
  438  452  467  489  500  506  510  513  516  519  522  526  530  531  525  511
  492  473  455  439  420  396  365  329  292  257  226  200  181  167  155  146
  139  136  135  136  139  143  146  148  148  145  140  135  128  119  109  100
   93   89   88   90   98  113  135  160  186  211  234  257  278  297  313  327
  339  352  365  375  384  389  410  435  438                                   
    10.0-180.0 180.0   5.0 450.0                            LAT/LON1/LON2/DLON/H
  427  439  451  468  478  484  488  492  498  502  508  515  523  528  526  517
  501  484  468  450  427  395  357  314  272  234  204  182  167  156  149  144
  141  140  142  145  149  153  155  155  151  145  138  131  124  116  106   96
   88   84   82   83   90  104  125  150  178  204  230  256  282  305  324  340
  354  367  380  389  396  398  417  441  427                                   
     7.5-180.0 180.0   5.0 450.0                            LAT/LON1/LON2/DLON/H
  424  435  443  453  459  462  464  467  472  476  482  492  502  510  512  506
  495  481  467  448  422  386  341  294  251  215  188  171  160  154  151  149
