data/edconvlstm_nd/pred3620.15i
     1.0            IONOSPHERE MAPS     GNSS                IONEX VERSION / TYPE
pyspatialgeodesy        IME             05-JAN-18 20:20     PGM / RUN BY / DATE 
Map Name                                                    COMMENT             
Predicted global ionosphere maps (GIM).                     DESCRIPTION         
  2015    12    28     0     0     0                        EPOCH OF FIRST MAP  
  2015    12    29     0     0     0                        EPOCH OF LAST MAP   
  7200                                                      INTERVAL            
    13                                                      # OF MAPS IN FILE   
  NONE                                                      MAPPING FUNCTION    
10.0                                                        ELEVATION CUTOFF    
One-way carrier phase leveled to code                       OBSERVABLES USED    
  6371.0                                                    BASE RADIUS         
 2                                                          MAP DIMENSION       
   450.0 450.0   0.0                                        HGT1 / HGT2 / DHGT  
    87.5 -87.5  -2.5                                        LAT1 / LAT2 / DLAT  
  -180.0 180.0   5.0                                        LON1 / LON2 / DLON  
    -1                                                      EXPONENT            
                                                            END OF HEADER       
     1                                                      START OF TEC MAP    
  2015    12    28     0     0     0                        EPOCH OF CURRENT MAP
    87.5-180.0 180.0   5.0 450.0                            LAT/LON1/LON2/DLON/H
   77   69   54   46   42   50   45   42   42   41   41   40   40   39   39   39
   38   38   38   38   37   37   37   37   37   37   37   36   36   36   36   36
   36   36   37   37   37   37   38   38   39   39   40   40   41   41   42   43
   43   44   45   45   46   46   46   46   47   47   47   47   46   46   46   46
   46   45   44   45   37   57   60   56   77                                   
    85.0-180.0 180.0   5.0 450.0                            LAT/LON1/LON2/DLON/H
   65   67   49   49   50   59   54   51   51   50   49   48   48   48   47   47
   46   46   46   45   45   45   45   44   44   44   44   43   43   43   43   43
   43   43   44   44   44   45   46   46   47   48   48   49   49   50   51   51
   52   52   53   53   53   53   54   54   54   54   53   53   53   53   53   53
   53   52   54   58   62   69   79   68   65                                   
    82.5-180.0 180.0   5.0 450.0                            LAT/LON1/LON2/DLON/H
   54   43   55   50   48   57   51   47   48   46   46   45   44   43   42   41
   40   39   37   36   35   34   32   31   30   29   28   27   27   27   27   28
   28   29   30   31   33   34   35   36   38   39   40   41   42   42   43   44
   44   45   45   46   46   46   46   46   46   46   45   45   45   45   45   45
   45   45   46   46   55   53   64   66   54                                   
    80.0-180.0 180.0   5.0 450.0                            LAT/LON1/LON2/DLON/H
   68   59   63   53   55   56   53   50   52   50   49   49   48   47   45   44
   43   42   41   39   37   36   35   33   32   31   30   30   29   29   30   31
   32   33   34   35   37   38   39   40   40   41   42   42   43   43   44   44
   45   45   45   45   45   45   45   45   44   44   43   43   42   42   42   42
   43   42   44   44   62   58   70   82   68                                   
    77.5-180.0 180.0   5.0 450.0                            LAT/LON1/LON2/DLON/H
   79   74   65   65   60   60   57   57   59   56   56   55   54   53   52   50
   49   48   46   45   43   41   40   38   36   35   34   33   32   33   33   34
   35   37   38   40   41   42   42   43   43   43   43   43   44   44   45   45
   45   46   46   46   46   46   45   44   43   42   41   40   39   39   39   39
   39   41   43   45   53   58   64   80   79                                   
    75.0-180.0 180.0   5.0 450.0                            LAT/LON1/LON2/DLON/H
   88   76   77   77   70   73   69   68   69   66   65   64   61   59   57   54
   53   51   49   48   46   45   43   42   41   40   39   39   39   39   40   41
   42   44   45   46   47   47   47   46   46   45   45   44   44   44   44   45
   45   45   45   45   45   44   43   42   41   39   38   36   35   35   35   35
   35   38   41   41   49   64   67   78   88                                   
    72.5-180.0 180.0   5.0 450.0                            LAT/LON1/LON2/DLON/H
   90   82   85   84   80   79   77   77   79   76   74   72   69   66   63   60
   58   56   54   53   53   52   51   51   50   48   47   46   46   45   45   46
   47   48   48   49   49   49   48   47   45   44   43   42   41   41   41   42
   42   43   44   44   44   43   42   40   38   37   35   33   32   32   32   33
   33   35   42   44   50   64   72   86   90                                   
    70.0-180.0 180.0   5.0 450.0                            LAT/LON1/LON2/DLON/H
   98   92   97   99   94   95   92   91   93   89   87   84   79   74   69   65
   62   59   58   57   57   57   57   57   56   55   54   52   51   50   49   49
   49   50   50   50   50   49   47   46   44   42   41   40   39   39   39   40
   41   42   43   44   44   44   43   41   39   37   35   34   33   33   34   35
   35   37   45   49   55   70   78   89   98                                   
    67.5-180.0 180.0   5.0 450.0                            LAT/LON1/LON2/DLON/H
  107  104  108  110  105  105  102  102  103   99   96   91   86   79   72   66
   61   58   56   56   56   57   58   58   57   56   54   51   49   47   45   44
   43   42   42   42   41   40   38   37   35   34   33   32   32   32   33   34
   35   37   38   40   40   40   39   38   36   34   33   32   32   32   34   36
   37   40   48   53   61   75   83   94  107                                   
    65.0-180.0 180.0   5.0 450.0                            LAT/LON1/LON2/DLON/H
  115  112  116  118  115  114  110  111  112  108  104   99   92   84   76   68
   61   57   54   53   53   54   55   55   54   52   49   46   43   39   37   35
   33   32   31   31   30   29   28   27   27   27   27   27   27   27   28   29
   31   32   34   36   37   37   37   36   34   33   33   33   34   36   39   41
   43   46   55   59   69   83   90  103  115                                   
    62.5-180.0 180.0   5.0 450.0                            LAT/LON1/LON2/DLON/H
  122  120  124  126  124  123  119  120  121  117  113  108  100   90   80   71
   63   57   53   51   50   50   50   50   48   46   43   39   35   32   29   26
   24   23   22   22   21   21   21   22   23   24   25   26   26   27   27   28
   29   30   32   34   36   37   37   36   36   36   37   39   41   44   48   52
   54   57   66   69   79   92   99  112  122                                   
    60.0-180.0 180.0   5.0 450.0                            LAT/LON1/LON2/DLON/H
  128  126  131  133  131  130  125  125  127  122  118  113  104   95   84   74
   65   58   52   49   46   45   43   42   39   37   34   31   27   24   21   19
   17   16   15   15   15   16   17   19   21   24   26   27   28   29   28   28
   28   29   31   33   35   36   37   37   38   39   42   45   50   54   59   63
   66   69   77   80   89  100  107  120  128                                   
    57.5-180.0 180.0   5.0 450.0                            LAT/LON1/LON2/DLON/H
  134  133  137  139  138  136  131  131  131  126  121  115  107   98   87   77
   68   60   54   48   44   40   36   33   30   28   26   24   22   20   17   15
   14   13   13   13   15   16   18   21   24   27   31   33   34   34   32   31
   30   30   32   34   36   38   39   41   43   45   49   54   60   66   72   77
   79   83   91   93  101  109  116  129  134                                   
    55.0-180.0 180.0   5.0 450.0                            LAT/LON1/LON2/DLON/H
  140  140  144  147  145  143  137  136  134  128  122  116  108   99   90   81
   72   64   57   49   43   37   31   27   24   22   21   21   20   19   18   17
   16   15   16   17   19   21   24   27   31   35   39   41   42   41   39   36
   35   34   35   38   40   43   45   47   50   53   58   63   70   77   84   89
   92   96  104  106  113  119  126  139  140                                   
    52.5-180.0 180.0   5.0 450.0                            LAT/LON1/LON2/DLON/H
  148  149  153  156  155  153  146  142  139  131  123  116  108  100   92   84
   77   69   61   53   44   36   30   24   21   20   21   22   23   23   23   22
   21   21   23   25   27   30   33   36   40   44   48   51   52   51   48   45
   42   41   42   45   48   51   54   56   59   62   66   73   79   86   93   99
  102  107  116  119  125  130  136  150  148                                   
    50.0-180.0 180.0   5.0 450.0                            LAT/LON1/LON2/DLON/H
  158  160  163  169  168  165  157  152  146  135  126  118  109  101   94   88
   82   75   67   58   48   39   31   26   23   22   24   27   29   31   31   30
   29   30   32   35   38   41   44   47   50   55   59   62   63   62   59   56
   53   52   53   56   60   64   66   68   69   72   76   82   88   94  101  107
  111  116  125  130  136  141  147  161  158                                   
    47.5-180.0 180.0   5.0 450.0                            LAT/LON1/LON2/DLON/H
  169  172  175  183  183  180  172  164  156  143  132  122  112  104   97   91
   86   80   72   64   54   45   37   31   28   29   31   35   38   39   39   38
   37   39   41   45   49   52   54   56   59   63   67   71   73   73   71   68
   66   66   68   71   75   78   80   81   81   83   86   90   95  101  106  112
  116  123  133  138  146  151  157  170  169                                   
    45.0-180.0 180.0   5.0 450.0                            LAT/LON1/LON2/DLON/H
  179  185  187  196  197  194  186  178  168  154  142  130  119  109  101   95
   90   84   78   70   62   53   46   41   38   39   41   44   46   46   45   43
   42   44   48   52   56   59   60   62   65   68   73   78   81   83   83   82
   81   81   83   86   89   92   93   93   93   94   96   99  102  106  111  116
  120  128  139  145  153  160  165  177  179                                   
    42.5-180.0 180.0   5.0 450.0                            LAT/LON1/LON2/DLON/H
  186  194  196  206  208  205  198  190  181  167  155  142  129  118  108  100
   94   89   83   78   71   65   59   54   51   50   51   52   52   50   46   44
   43   45   50   54   58   61   62   64   67   71   76   82   87   90   92   93
   94   95   97   99  101  103  103  103  103  103  105  107  109  112  115  119
  124  131  143  150  158  166  171  181  186                                   
    40.0-180.0 180.0   5.0 450.0                            LAT/LON1/LON2/DLON/H
  190  200  200  210  213  210  203  197  190  179  168  157  143  130  117  107
  100   94   90   87   83   79   74   69   65   62   59   57   54   49   44   41
   41   44   48   53   57   60   61   63   66   71   77   84   90   94   98  101
  103  104  106  107  108  109  109  109  109  110  112  114  116  117  120  124
  128  135  147  154  162  170  175  184  190                                   
    37.5-180.0 180.0   5.0 450.0                            LAT/LON1/LON2/DLON/H
  193  202  201  209  211  208  201  198  195  187  180  171  159  144  130  117
  108  102   99   98   97   94   89   83   76   70   64   59   53   46   41   39
   39   42   47   52   56   58   60   63   67   72   79   85   91   97  101  105
  107  109  109  109  109  110  110  111  112  114  117  120  122  124  127  131
  134  141  152  158  165  174  178  187  193                                   
    35.0-180.0 180.0   5.0 450.0                            LAT/LON1/LON2/DLON/H
  196  205  203  207  207  203  196  195  194  190  187  182  172  158  143  129
  119  113  110  110  110  108  102   93   83   74   65   58   51   45   40   39
   41   45   50   55   58   60   62   65   70   75   81   87   93   98  102  105
  107  107  107  106  105  105  106  108  112  116  120  124  128  131  135  140
  143  149  160  165  171  180  185  196  196                                   
    32.5-180.0 180.0   5.0 450.0                            LAT/LON1/LON2/DLON/H
  205  212  209  207  205  200  193  191  192  190  189  188  182  170  156  142
  131  125  122  122  121  117  109   98   86   74   65   58   52   47   45   46
   49   55   60   64   66   67   68   71   76   81   86   91   95   98  101  103
  103  102  101   99   98   98  100  103  109  115  122  128  134  140  146  152
  156  161  172  176  182  191  198  213  205                                   
    30.0-180.0 180.0   5.0 450.0                            LAT/LON1/LON2/DLON/H
  222  230  224  217  213  207  197  193  192  190  190  190  187  179  167  154
  144  137  134  132  129  122  112   98   85   73   66   60   57   55   56   60
   66   72   77   80   80   79   79   82   85   89   93   95   97   98   99   99
   98   95   93   91   90   91   93   98  105  113  123  132  141  150  158  167
  172  177  188  192  200  209  221  241  222                                   
    27.5-180.0 180.0   5.0 450.0                            LAT/LON1/LON2/DLON/H
  252  261  251  241  236  228  215  207  201  194  191  191  189  183  174  163
  154  148  143  139  132  122  109   95   82   73   69   67   68   70   75   82
   91   98  102  101   98   95   93   94   96   98   99   99   99   98   97   95
   92   89   86   84   84   85   89   94  102  113  125  137  149  161  173  184
  191  198  209  213  225  236  251  277  252                                   
    25.0-180.0 180.0   5.0 450.0                            LAT/LON1/LON2/DLON/H
  294  305  292  281  277  267  250  235  220  206  197  193  190  185  178  170
  162  156  149  141  130  117  103   90   81   77   77   80   85   92  101  112
  122  128  129  124  117  111  107  105  105  105  105  103  100   98   95   92
   89   86   83   82   82   84   88   94  103  114  129  144  159  174  189  203
  213  222  234  239  256  269  288  321  294                                   
    22.5-180.0 180.0   5.0 450.0                            LAT/LON1/LON2/DLON/H
  345  358  344  335  334  324  303  278  252  227  210  200  193  187  180  174
  167  160  150  138  124  109   97   88   84   86   91  100  109  120  132  144
  152  155  151  142  132  123  117  113  111  109  107  104  101   97   94   91
   88   85   83   83   84   86   90   96  105  118  134  151  169  188  207  225
  238  251  264  270  292  309  330  369  345                                   
    20.0-180.0 180.0   5.0 450.0                            LAT/LON1/LON2/DLON/H
  397  414  404  400  404  395  369  334  296  259  231  212  200  191  184  177
  170  161  148  132  116  103   94   91   94  102  112  124  136  148  160  169
  172  169  161  149  137  127  120  116  113  110  107  103   99   96   94   91
   88   86   84   84   86   88   92   99  109  123  140  160  180  202  224  246
  265  281  297  306  331  350  377  417  397                                   
    17.5-180.0 180.0   5.0 450.0                            LAT/LON1/LON2/DLON/H
  443  463  462  465  474  469  440  398  348  299  260  233  215  202  192  183
  174  162  146  128  112  102   99  103  113  125  138  150  161  171  178  181
  178  170  158  145  134  125  119  114  111  108  105  101   97   94   92   90
   88   86   84   84   86   88   93  100  111  127  146  167  190  214  240  267
  290  312  331  343  369  391  421  460  443                                   
    15.0-180.0 180.0   5.0 450.0                            LAT/LON1/LON2/DLON/H
  475  498  507  518  532  531  503  457  400  343  297  262  238  220  206  195
  183  167  149  130  116  110  114  125  138  152  164  173  180  184  185  181
  172  160  146  135  126  120  115  111  108  106  103  100   96   93   91   89
   87   84   82   82   83   86   91  100  113  130  150  174  199  226  255  285
  313  339  362  377  403  424  456  492  475                                   
    12.5-180.0 180.0   5.0 450.0                            LAT/LON1/LON2/DLON/H
  491  515  532  549  567  569  545  501  444  386  336  298  269  247  230  215
  200  181  160  141  130  130  139  154  170  181  188  191  190  187  181  172
  159  145  134  125  120  116  112  109  108  107  104  101   96   92   90   87
   85   82   79   78   79   82   89  100  115  133  155  179  206  235  267  300
  331  361  387  406  429  448  479  509  491                                   
    10.0-180.0 180.0   5.0 450.0                            LAT/LON1/LON2/DLON/H
  493  516  536  555  575  581  562  524  473  420  373  335  306  282  263  245
  227  206  183  165  156  160  173  189  203  209  208  202  193  184  173  161
  148  136  127  121  119  117  115  113  112  112  110  106  100   94   90   88
   85   82   79   76   77   81   89  102  118  138  159  184  211  241  275  310
  344  376  404  425  446  462  489  514  493                                   
     7.5-180.0 180.0   5.0 450.0                            LAT/LON1/LON2/DLON/H
  485  506  524  542  562  569  556  526  486  442  403  371  345  322  303  284
  264  241  218  201  194  199  213  227  234  232  222  207  192  178  166  154
