data/edconvlstm_nd/pred0340.15i
     1.0            IONOSPHERE MAPS     GNSS                IONEX VERSION / TYPE
pyspatialgeodesy        IME             05-JAN-18 20:20     PGM / RUN BY / DATE 
Map Name                                                    COMMENT             
Predicted global ionosphere maps (GIM).                     DESCRIPTION         
  2015     2     3     0     0     0                        EPOCH OF FIRST MAP  
  2015     2     4     0     0     0                        EPOCH OF LAST MAP   
  7200                                                      INTERVAL            
    13                                                      # OF MAPS IN FILE   
  NONE                                                      MAPPING FUNCTION    
10.0                                                        ELEVATION CUTOFF    
One-way carrier phase leveled to code                       OBSERVABLES USED    
  6371.0                                                    BASE RADIUS         
 2                                                          MAP DIMENSION       
   450.0 450.0   0.0                                        HGT1 / HGT2 / DHGT  
    87.5 -87.5  -2.5                                        LAT1 / LAT2 / DLAT  
  -180.0 180.0   5.0                                        LON1 / LON2 / DLON  
    -1                                                      EXPONENT            
                                                            END OF HEADER       
[from data line 5148]
    13                                                      START OF TEC MAP    
  2015     2     4     0     0     0                        EPOCH OF CURRENT MAP
    87.5-180.0 180.0   5.0 450.0                            LAT/LON1/LON2/DLON/H
  108  107  108  101  102  107  106  105  107  108  109  111  111  111  111  110
  109  108  107  105  103  100   98   96   93   91   89   86   84   82   80   78
   76   75   73   72   71   71   71   71   71   72   73   74   75   76   78   79
   81   82   84   85   87   88   89   90   90   91   91   92   92   92   92   92
   93   92   92   91   85   94  100   96  108                                   
    85.0-180.0 180.0   5.0 450.0                            LAT/LON1/LON2/DLON/H
  111  116   99  104  111  117  115  116  117  118  119  120  120  119  118  117
  115  112  110  107  103  100   97   93   90   87   83   80   77   74   71   69
   67   65   64   63   63   63   64   65   66   68   70   73   76   78   81   84
   87   89   92   94   96   98   99  101  102  103  103  104  104  104  104  104
  105  104  105  107  106  111  117  111  111                                   
    82.5-180.0 180.0   5.0 450.0                            LAT/LON1/LON2/DLON/H
  109  106  117  115  120  129  127  129  133  134  136  137  137  136  135  132
  129  126  122  117  113  108  103   98   92   87   82   77   71   67   62   59
   56   53   52   51   51   52   53   55   58   61   65   68   72   76   80   84
   88   92   95   98  101  103  105  107  109  110  111  111  112  112  112  113
  112  111  111  109  113  104  111  112  109                                   
    80.0-180.0 180.0   5.0 450.0                            LAT/LON1/LON2/DLON/H
  126  121  122  118  128  133  138  142  148  150  153  155  155  154  152  149
  144  139  134  128  122  116  110  103   97   90   84   77   71   66   62   58
   55   53   51   50   50   51   53   55   58   61   65   70   74   79   84   88
   93   97  101  104  107  110  112  114  115  116  117  118  118  118  118  119
  118  116  116  114  129  117  127  136  126                                   
    77.5-180.0 180.0   5.0 450.0                            LAT/LON1/LON2/DLON/H
  144  137  131  137  140  146  153  162  169  173  178  181  182  180  177  172
  166  159  152  145  138  131  124  117  110  103   96   90   83   78   73   69
   66   64   62   61   61   62   64   66   68   72   75   79   83   87   92   96
  100  104  107  110  113  115  117  118  119  120  121  121  122  122  123  124
  124  125  124  125  134  132  136  153  144                                   
    75.0-180.0 180.0   5.0 450.0                            LAT/LON1/LON2/DLON/H
  159  146  145  152  155  162  168  177  186  191  196  199  199  195  190  182
  173  163  154  146  138  132  125  120  114  109  104   99   94   90   86   83
   81   79   78   78   78   79   79   81   83   85   87   90   92   95   98  101
  104  106  108  110  112  113  113  114  114  114  115  115  116  118  119  121
  122  125  127  123  134  144  146  162  159                                   
    72.5-180.0 180.0   5.0 450.0                            LAT/LON1/LON2/DLON/H
  162  157  159  165  168  173  181  192  202  208  213  215  213  206  196  183
  170  158  146  137  130  125  122  119  117  114  112  110  107  105  103  101
   99   98   96   95   94   94   93   93   93   93   94   94   95   96   96   98
   99   99  100  100  100  100  100   99   99   99   99  100  102  105  108  112
  114  119  125  124  134  146  156  178  162                                   
    70.0-180.0 180.0   5.0 450.0                            LAT/LON1/LON2/DLON/H
  176  172  175  184  186  192  201  212  224  231  235  236  230  219  203  184
  166  149  136  126  120  117  116  116  117  117  118  118  117  117  116  116
  115  113  112  110  108  106  104  103  101   99   98   97   96   95   94   94
   93   93   92   92   91   89   88   87   87   87   88   91   94   97  103  109
  113  118  127  129  140  157  167  187  176                                   
    67.5-180.0 180.0   5.0 450.0                            LAT/LON1/LON2/DLON/H
  187  190  191  200  202  208  216  229  241  249  253  252  244  227  206  181
  158  137  121  111  105  103  104  107  110  112  114  115  116  117  117  117
  116  114  112  110  107  104  101   98   96   93   91   88   86   84   83   82
   80   80   79   78   76   75   74   73   74   75   78   82   86   92   98  106
  111  118  128  131  144  162  173  196  187                                   
    65.0-180.0 180.0   5.0 450.0                            LAT/LON1/LON2/DLON/H
  198  203  205  214  217  221  230  244  258  267  272  271  260  240  213  184
  156  132  114  103   97   95   97   99  102  104  105  106  107  107  107  107
  106  104  101   98   95   91   88   85   83   81   79   76   74   72   70   69
   68   67   67   66   66   65   65   65   67   70   74   80   86   94  101  110
  116  124  134  138  150  169  181  205  198                                   
    62.5-180.0 180.0   5.0 450.0                            LAT/LON1/LON2/DLON/H
  208  216  219  228  232  235  243  257  272  282  289  289  277  256  226  194
  163  136  117  104   97   94   94   94   94   94   93   92   91   91   90   89
   88   86   83   79   76   72   70   68   66   66   65   64   62   61   59   57
   56   56   57   58   58   59   61   62   66   70   77   84   93  102  111  120
  126  133  144  148  158  175  187  212  208                                   
    60.0-180.0 180.0   5.0 450.0                            LAT/LON1/LON2/DLON/H
  218  229  233  240  245  247  253  265  281  292  301  302  292  271  242  209
  178  150  129  115  105   99   95   90   86   81   77   74   72   70   70   69
   67   64   61   58   55   53   51   51   51   52   52   53   52   51   49   47
   47   47   49   51   53   55   58   62   67   74   83   92  103  113  123  133
  139  146  157  161  170  184  195  222  218                                   
    57.5-180.0 180.0   5.0 450.0                            LAT/LON1/LON2/DLON/H
  234  247  252  257  262  262  265  274  288  298  307  310  303  285  259  229
  199  173  151  133  120  109   98   88   78   69   62   57   54   53   53   52
   51   49   47   44   42   40   40   40   42   44   46   47   47   46   44   42
   42   42   45   48   52   55   60   66   73   81   92  104  116  127  139  149
  156  163  175  180  190  199  209  238  234                                   
    55.0-180.0 180.0   5.0 450.0                            LAT/LON1/LON2/DLON/H
  258  274  278  281  286  283  282  287  296  303  309  312  307  294  274  249
  224  199  176  155  136  119  102   86   72   60   51   47   45   45   45   45
   44   42   41   39   38   37   37   37   39   42   45   47   48   47   45   43
   42   43   46   50   55   60   67   74   82   92  104  117  130  142  155  166
  174  184  197  204  216  221  230  261  258                                   
    52.5-180.0 180.0   5.0 450.0                            LAT/LON1/LON2/DLON/H
  293  310  311  313  318  314  308  306  307  308  310  310  307  298  284  266
  245  223  199  175  151  127  106   86   70   58   50   46   45   46   46   46
   45   44   43   43   42   42   42   42   44   47   50   53   54   53   51   49
   48   49   53   59   65   71   78   86   94  104  116  129  143  157  170  183
  193  205  220  229  244  249  258  290  293                                   
    50.0-180.0 180.0   5.0 450.0                            LAT/LON1/LON2/DLON/H
  333  353  350  351  357  352  342  333  325  318  312  308  303  297  288  276
  260  240  216  189  161  135  111   91   75   64   57   54   54   55   55   54
   53   52   52   53   54   54   53   53   54   56   60   63   65   65   64   62
   61   63   67   73   80   88   94  101  108  117  128  140  153  167  181  196
  210  225  242  253  272  281  290  324  333                                   
    47.5-180.0 180.0   5.0 450.0                            LAT/LON1/LON2/DLON/H
  372  395  391  392  399  395  381  365  349  332  318  307  300  293  287  279
  267  248  224  196  168  142  120  102   88   78   72   69   69   68   67   64
   62   61   63   66   68   69   68   67   67   69   72   76   79   81   81   80
   80   83   87   94  100  106  111  116  121  128  137  147  159  172  186  203
  219  238  259  273  296  310  324  356  372                                   
    45.0-180.0 180.0   5.0 450.0                            LAT/LON1/LON2/DLON/H
  400  428  426  428  437  433  419  399  376  351  329  311  299  291  285  278
  267  248  225  198  173  151  133  119  107   98   92   88   85   81   76   71
   67   67   71   76   81   84   83   82   81   82   86   91   96   99  100  101
  103  106  110  115  119  123  127  130  134  139  146  154  163  174  187  204
  222  244  267  285  311  331  349  379  400                                   
    42.5-180.0 180.0   5.0 450.0                            LAT/LON1/LON2/DLON/H
  413  444  446  449  459  458  445  425  400  370  343  320  304  293  285  276
  263  245  223  200  180  163  150  140  129  120  112  104   97   88   79   71
   67   68   75   83   91   95   95   94   93   95  100  106  112  116  120  123
  125  128  130  133  136  138  141  143  147  151  157  163  169  177  189  205
  223  245  269  289  317  339  361  388  413                                   
    40.0-180.0 180.0   5.0 450.0                            LAT/LON1/LON2/DLON/H
  411  442  446  450  461  460  451  435  412  384  355  331  312  299  288  276
  261  243  223  206  192  181  172  163  151  138  125  112   99   86   75   67
   64   68   77   88   98  103  105  104  104  107  113  120  126  133  138  141
  143  145  146  147  149  151  154  157  161  165  170  175  180  186  196  210
  227  248  271  291  315  338  362  387  411                                   
    37.5-180.0 180.0   5.0 450.0                            LAT/LON1/LON2/DLON/H
  402  431  433  435  444  444  436  426  410  386  362  339  322  307  295  281
  265  247  231  219  211  204  196  183  166  146  127  110   95   82   71   65
   64   70   81   94  105  111  113  113  115  119  125  132  139  145  150  153
  154  154  154  155  157  160  164  168  174  179  184  190  195  202  212  225
  239  257  278  295  315  336  359  384  402                                   
    35.0-180.0 180.0   5.0 450.0                            LAT/LON1/LON2/DLON/H
  397  421  422  417  423  419  412  405  395  379  361  344  329  317  304  290
  274  259  247  240  236  229  216  195  170  144  121  104   91   81   75   73
   75   82   94  106  116  122  124  125  127  132  138  143  148  151  154  156
  157  155  154  154  156  161  167  174  181  189  197  206  214  224  236  249
  262  277  294  307  323  342  362  388  397                                   
    32.5-180.0 180.0   5.0 450.0                            LAT/LON1/LON2/DLON/H
  409  430  427  415  414  405  394  387  381  369  356  344  334  325  314  301
  287  276  269  266  261  248  227  197  164  136  114  101   95   94   95   98
  103  110  119  129  136  139  140  141  143  148  151  153  153  153  153  153
  151  149  146  146  149  155  163  172  182  194  207  221  235  250  266  282
  294  307  320  328  344  358  375  406  409                                   
    30.0-180.0 180.0   5.0 450.0                            LAT/LON1/LON2/DLON/H
  450  468  460  440  432  417  400  389  379  367  355  345  338  331  323  312
  301  294  291  288  279  258  227  189  154  128  113  110  116  125  135  144
  150  155  160  163  165  164  163  162  164  165  165  162  156  151  147  145
  142  138  135  134  138  145  154  165  178  195  214  235  256  278  300  320
  334  347  357  359  377  390  402  440  450                                   
    27.5-180.0 180.0   5.0 450.0                            LAT/LON1/LON2/DLON/H
  522  537  526  501  487  467  443  423  405  387  370  356  347  339  331  322
  313  308  306  300  284  255  217  178  147  130  127  137  156  178  197  210
  215  215  212  207  202  196  192  189  187  185  180  171  159  149  142  138
  134  129  125  125  128  135  145  158  174  194  219  248  278  309  338  363
  382  397  404  402  423  440  452  496  522                                   
    25.0-180.0 180.0   5.0 450.0                            LAT/LON1/LON2/DLON/H
  619  635  626  601  584  561  529  497  467  437  409  386  369  356  344  332
  322  316  309  297  274  240  203  171  151  148  160  185  217  250  276  289
  289  280  267  253  241  230  223  217  212  206  196  181  165  150  141  135
  129  124  120  119  123  129  139  153  171  196  227  264  303  343  381  414
  440  457  465  463  485  512  533  580  619                                   
    22.5-180.0 180.0   5.0 450.0                            LAT/LON1/LON2/DLON/H
  731  751  751  734  715  692  654  611  568  524  481  444  413  388  367  347
  330  316  302  282  254  223  195  177  174  187  215  252  294  332  358  365
  356  336  312  291  274  262  252  244  236  226  211  192  172  155  144  136
  129  123  118  117  119  126  135  150  171  200  237  281  328  377  424  465
  500  524  536  540  563  599  636  685  731                                   
    20.0-180.0 180.0   5.0 450.0                            LAT/LON1/LON2/DLON/H
  843  867  878  876  860  840  804  755  701  643  585  531  484  443  406  372
  342  316  290  263  236  214  201  203  219  249  289  333  376  410  426  422
  401  371  340  315  297  284  274  265  255  242  224  203  181  163  150  141
  132  125  119  116  118  123  133  149  172  205  247  296  350  406  460  509
  551  582  604  619  643  684  735  785  843                                   
    17.5-180.0 180.0   5.0 450.0                            LAT/LON1/LON2/DLON/H
  931  956  980  995  989  978  949  903  845  780  711  643  579  520  465  413
  365  323  286  255  233  224  230  251  286  329  373  414  445  463  463  445
  414  378  345  321  306  296  288  279  268  254  235  213  192  173  159  148
  138  128  121  117  117  121  131  149  175  211  256  309  367  426  485  539
  586  624  655  681  706  746  804  856  931                                   
    15.0-180.0 180.0   5.0 450.0                            LAT/LON1/LON2/DLON/H
  970  997 1038 1067 1077 1079 1063 1026  974  911  839  764  690  616  543  472
  406  348  301  268  253  257  282  322  370  417  453  476  484  478  459  430
  395  360  332  314  304  299  293  285  275  261  243  223  203  185  170  157
  145  134  125  119  117  119  129  148  177  215  262  316  376  438  498  555
  605  646  685  721  746  780  837  887  970                                   
    12.5-180.0 180.0   5.0 450.0                            LAT/LON1/LON2/DLON/H
  957  992 1048 1088 1112 1128 1127 1104 1065 1011  947  876  798  717  633  548
  467  396  341  308  300  318  358  410  460  496  512  506  484  454  421  389
  358  332  313  303  299  298  295  288  278  265  249  231  212  195  180  165
  151  139  128  120  116  116  126  146  177  218  266  321  381  442  503  560
  612  654  698  739  765  794  843  884  957                                   
    10.0-180.0 180.0   5.0 450.0                            LAT/LON1/LON2/DLON/H
  912  958 1023 1067 1098 1125 1136 1127 1103 1065 1016  957  887  809  723  633
  546  469  411  380  378  405  451  501  539  551  535  498  451  406  370  344
  325  312  303  300  301  300  297  289  279  266  252  235  218  202  186  170
  155  142  131  121  115  115  126  149  183  225  273  327  386  446  504  559
  609  652  696  740  768  794  833  861  912                                   
     7.5-180.0 180.0   5.0 450.0                            LAT/LON1/LON2/DLON/H
  857  911  977 1016 1046 1078 1095 1098 1087 1067 1035  994  940  874  797  715
  632  559  505  477  479  507  547  580  590  569  523  462  403  358  330  318
