data/edconvlstm_nd/pred1150.15i
     1.0            IONOSPHERE MAPS     GNSS                IONEX VERSION / TYPE
pyspatialgeodesy        IME             05-JAN-18 20:20     PGM / RUN BY / DATE 
Map Name                                                    COMMENT             
Predicted global ionosphere maps (GIM).                     DESCRIPTION         
  2015     4    25     0     0     0                        EPOCH OF FIRST MAP  
  2015     4    26     0     0     0                        EPOCH OF LAST MAP   
  7200                                                      INTERVAL            
    13                                                      # OF MAPS IN FILE   
  NONE                                                      MAPPING FUNCTION    
10.0                                                        ELEVATION CUTOFF    
One-way carrier phase leveled to code                       OBSERVABLES USED    
  6371.0                                                    BASE RADIUS         
 2                                                          MAP DIMENSION       
   450.0 450.0   0.0                                        HGT1 / HGT2 / DHGT  
    87.5 -87.5  -2.5                                        LAT1 / LAT2 / DLAT  
  -180.0 180.0   5.0                                        LON1 / LON2 / DLON  
    -1                                                      EXPONENT            
                                                            END OF HEADER       
[from data line 4719]
    12                                                      START OF TEC MAP    
  2015     4    25    22     0     0                        EPOCH OF CURRENT MAP
    87.5-180.0 180.0   5.0 450.0                            LAT/LON1/LON2/DLON/H
  268  254  236  242  244  246  246  247  247  249  250  251  252  253  254  254
  254  254  254  253  252  251  249  248  246  244  242  240  238  237  235  234
  232  231  230  229  228  227  227  227  227  227  227  228  228  229  230  231
  232  233  234  235  236  237  238  238  239  240  240  240  241  241  241  241
  240  240  239  240  248  253  243  252  268                                   
    85.0-180.0 180.0   5.0 450.0                            LAT/LON1/LON2/DLON/H
  256  256  257  252  248  253  253  255  256  258  259  261  262  263  264  264
  264  264  263  262  260  258  256  254  251  249  246  244  241  239  237  235
  233  231  230  229  228  227  227  227  227  227  228  229  230  231  233  234
  236  238  240  241  243  245  246  247  248  249  250  251  251  251  252  251
  252  251  252  252  255  244  242  257  256                                   
    82.5-180.0 180.0   5.0 450.0                            LAT/LON1/LON2/DLON/H
  240  247  246  245  246  253  255  258  260  263  266  269  272  274  275  276
  276  275  274  271  268  265  261  258  254  250  246  242  238  235  231  229
  226  224  222  220  219  218  217  217  217  217  218  219  220  222  224  226
  229  231  234  237  239  242  244  246  248  250  251  252  252  253  253  252
  252  250  250  253  252  253  247  245  240                                   
    80.0-180.0 180.0   5.0 450.0                            LAT/LON1/LON2/DLON/H
  232  237  238  235  233  239  242  249  252  258  262  267  271  275  278  279
  279  278  276  273  269  264  259  254  249  243  238  233  229  225  221  217
  214  212  210  208  206  205  204  204  203  204  204  205  207  209  211  214
  217  221  224  228  231  234  237  240  243  244  246  247  248  248  248  247
  246  244  244  246  243  231  228  235  232                                   
    77.5-180.0 180.0   5.0 450.0                            LAT/LON1/LON2/DLON/H
  230  225  231  228  228  234  238  246  251  258  264  271  277  282  286  288
  288  287  285  281  276  271  265  260  254  248  242  237  232  227  223  220
  216  214  211  209  207  205  203  201  200  199  198  198  198  200  202  204
  207  211  214  218  222  225  229  232  234  237  239  240  241  242  242  241
  240  238  238  239  240  226  228  240  230                                   
    75.0-180.0 180.0   5.0 450.0                            LAT/LON1/LON2/DLON/H
  228  222  225  221  219  226  229  236  243  252  259  267  274  280  284  286
  286  284  281  277  272  267  262  256  251  245  240  235  230  226  222  219
  216  213  211  208  206  203  200  197  194  192  189  188  187  187  188  190
  193  196  199  202  206  209  212  215  218  221  223  225  227  228  229  229
  228  227  228  228  229  216  220  229  228                                   
    72.5-180.0 180.0   5.0 450.0                            LAT/LON1/LON2/DLON/H
  231  226  230  228  224  229  232  238  244  253  261  271  278  284  288  290
  289  287  284  280  276  271  267  262  257  252  247  242  237  233  229  226
  223  220  217  214  211  207  203  199  194  190  186  183  180  179  179  180
  182  184  187  190  192  195  198  201  204  208  211  214  216  218  220  221
  220  221  223  224  225  217  224  239  231                                   
    70.0-180.0 180.0   5.0 450.0                            LAT/LON1/LON2/DLON/H
  238  233  235  231  226  229  231  236  242  251  258  268  275  281  284  284
  283  280  277  273  270  267  264  261  257  252  247  242  237  233  229  226
  223  220  216  213  208  204  199  193  187  182  177  172  169  166  165  166
  167  168  170  173  175  177  179  182  186  190  194  198  202  205  208  211
  211  213  216  218  222  219  229  242  238                                   
    67.5-180.0 180.0   5.0 450.0                            LAT/LON1/LON2/DLON/H
  251  248  249  246  241  241  242  245  250  258  265  274  282  287  289  289
  287  284  281  278  277  275  274  272  268  263  258  252  246  241  236  232
  228  224  219  215  209  204  198  192  186  179  173  168  164  161  160  159
  160  161  162  164  165  167  169  172  176  182  187  193  199  204  208  211
  212  215  218  220  225  224  235  250  251                                   
    65.0-180.0 180.0   5.0 450.0                            LAT/LON1/LON2/DLON/H
  258  256  257  254  249  247  247  248  253  260  267  276  283  287  288  288
  285  282  280  279  280  280  280  278  274  268  261  254  247  241  235  230
  225  219  213  207  200  194  188  181  175  169  163  158  154  150  148  148
  148  149  149  150  151  152  155  158  163  170  178  186  193  200  205  209
  210  213  217  219  225  227  238  252  258                                   
    62.5-180.0 180.0   5.0 450.0                            LAT/LON1/LON2/DLON/H
  263  263  263  261  257  254  253  254  258  264  272  280  287  291  292  291
  289  288  287  288  290  291  291  289  283  276  267  258  250  243  237  231
  224  216  207  199  191  184  177  172  167  162  156  151  147  143  141  140
  140  140  141  141  142  143  145  150  156  165  175  185  194  202  209  213
  214  216  219  219  224  227  237  250  263                                   
    60.0-180.0 180.0   5.0 450.0                            LAT/LON1/LON2/DLON/H
  264  263  264  262  260  257  256  256  261  267  274  282  289  294  296  296
  295  295  296  298  301  303  303  299  292  282  272  262  254  246  240  232
  223  212  201  190  181  173  168  163  159  155  151  147  142  138  135  134
  133  133  133  133  134  135  138  143  151  162  174  186  198  207  214  219
  219  221  223  222  224  226  234  246  264                                   
    57.5-180.0 180.0   5.0 450.0                            LAT/LON1/LON2/DLON/H
  265  262  264  262  261  259  259  259  264  270  277  285  292  297  300  302
  303  305  307  311  314  315  314  308  299  289  278  268  260  253  246  237
  226  213  199  186  175  167  162  158  156  154  151  147  142  138  134  131
  129  128  128  128  129  131  134  141  150  163  177  191  204  215  223  228
  229  230  231  228  228  228  233  243  265                                   
    55.0-180.0 180.0   5.0 450.0                            LAT/LON1/LON2/DLON/H
  268  263  266  263  264  263  263  264  269  274  281  289  296  302  306  310
  313  316  319  323  326  326  323  317  307  296  286  277  271  265  257  246
  233  216  200  185  173  166  161  160  159  158  156  152  147  142  137  133
  130  128  127  127  128  130  135  142  153  166  182  198  213  225  235  241
  242  245  245  242  239  237  240  248  268                                   
    52.5-180.0 180.0   5.0 450.0                            LAT/LON1/LON2/DLON/H
  278  270  273  270  272  273  274  275  279  283  289  295  302  308  313  318
  323  326  330  333  335  334  331  324  315  305  297  290  285  278  270  257
  240  221  203  187  176  169  166  165  165  165  164  160  155  149  143  138
  134  131  130  130  131  134  139  147  158  172  189  205  221  235  246  254
  258  263  264  263  259  255  257  264  278                                   
    50.0-180.0 180.0   5.0 450.0                            LAT/LON1/LON2/DLON/H
  296  285  288  286  288  291  291  293  296  299  301  306  311  317  323  328
  333  337  339  341  342  341  338  332  325  317  311  305  300  293  282  266
  246  225  206  191  181  175  173  173  174  174  173  170  166  160  153  147
  142  138  136  136  138  141  146  154  165  179  196  213  230  244  258  268
  275  283  287  289  286  282  284  292  296                                   
    47.5-180.0 180.0   5.0 450.0                            LAT/LON1/LON2/DLON/H
  321  310  310  309  312  315  316  318  320  321  321  322  325  329  334  340
  344  347  348  349  348  347  345  342  337  332  327  322  315  304  289  269
  246  225  206  193  186  182  181  181  182  182  181  179  176  171  164  158
  152  148  146  145  147  149  154  161  171  185  202  219  237  252  267  280
  290  303  310  317  317  315  318  329  321                                   
    45.0-180.0 180.0   5.0 450.0                            LAT/LON1/LON2/DLON/H
  350  342  340  340  343  346  346  348  349  349  346  345  344  347  350  354
  357  358  358  357  356  356  356  355  352  348  343  336  325  309  289  265
  241  220  205  196  191  190  189  189  188  188  187  186  184  181  176  170
  164  159  156  155  156  158  161  167  176  188  204  222  240  257  274  289
  302  319  330  342  346  348  354  368  350                                   
    42.5-180.0 180.0   5.0 450.0                            LAT/LON1/LON2/DLON/H
  381  376  374  374  378  379  380  382  382  381  376  372  370  369  370  372
  373  372  371  369  369  370  371  371  369  365  357  345  329  308  284  258
  234  216  205  201  200  200  199  196  194  192  192  192  192  190  187  181
  175  170  166  164  164  164  165  169  176  187  202  221  240  258  276  292
  307  327  343  358  366  374  383  401  381                                   
    40.0-180.0 180.0   5.0 450.0                            LAT/LON1/LON2/DLON/H
  409  408  409  407  413  414  415  416  416  414  409  404  400  397  396  395
  394  392  390  388  388  389  391  391  388  380  368  351  330  306  280  255
  235  221  215  215  216  215  212  207  202  199  198  198  199  200  197  192
  186  179  175  172  170  168  167  168  172  181  196  214  234  253  272  289
  305  327  345  363  374  388  400  421  409                                   
    37.5-180.0 180.0   5.0 450.0                            LAT/LON1/LON2/DLON/H
  432  434  438  436  445  447  450  450  450  448  443  438  433  429  425  422
  419  417  415  414  415  415  415  413  406  394  378  357  333  309  286  266
  252  244  243  244  244  241  235  226  217  211  208  208  210  211  209  204
  197  189  182  178  175  171  167  165  166  173  187  205  226  245  264  281
  296  319  338  358  371  388  405  427  432                                   
    35.0-180.0 180.0   5.0 450.0                            LAT/LON1/LON2/DLON/H
  451  454  463  460  474  477  481  482  484  482  478  474  468  463  459  454
  451  448  447  447  447  446  443  436  425  409  388  366  345  325  310  300
  294  292  292  293  289  281  268  254  241  231  226  224  225  225  223  217
  208  198  190  185  180  175  169  164  163  168  181  199  219  238  256  272
  286  307  326  347  362  381  400  423  451                                   
    32.5-180.0 180.0   5.0 450.0                            LAT/LON1/LON2/DLON/H
  469  471  484  483  501  506  512  513  517  517  514  511  506  501  495  490
  486  484  484  484  483  479  471  459  444  425  405  385  370  361  358  359
  363  365  366  361  350  332  312  291  273  260  251  247  246  244  240  232
  221  210  200  194  189  183  176  169  166  170  181  198  218  237  253  267
  280  298  316  337  353  372  392  417  469                                   
    30.0-180.0 180.0   5.0 450.0                            LAT/LON1/LON2/DLON/H
  488  489  504  509  531  539  546  548  553  554  553  550  546  540  534  529
  525  523  522  521  518  510  499  483  466  447  430  417  412  418  430  444
  456  461  456  442  420  392  363  336  313  295  283  275  271  267  261  251
  237  224  213  206  201  195  187  180  175  177  187  204  223  241  257  270
  281  298  314  334  352  369  389  417  488                                   
    27.5-180.0 180.0   5.0 450.0                            LAT/LON1/LON2/DLON/H
  510  510  526  540  567  577  587  589  595  596  596  594  589  583  577  571
  566  563  560  557  550  539  525  508  492  476  465  461  470  490  518  544
  560  563  549  522  486  447  410  378  352  331  315  304  297  292  283  271
  256  241  229  222  216  210  202  194  189  189  198  213  231  249  265  279
  291  308  323  341  360  377  396  428  510                                   
    25.0-180.0 180.0   5.0 450.0                            LAT/LON1/LON2/DLON/H
  534  534  550  575  608  621  633  636  643  644  644  642  637  631  623  616
  609  603  596  589  578  564  549  535  523  513  509  515  534  567  605  637
  652  647  621  579  531  484  442  408  381  358  340  328  320  313  305  291
  275  259  247  239  234  228  220  211  205  204  211  225  242  260  277  293
  308  326  344  360  378  397  414  451  534                                   
    22.5-180.0 180.0   5.0 450.0                            LAT/LON1/LON2/DLON/H
  557  560  577  611  650  665  680  685  693  696  696  693  688  681  674  665
  655  644  631  617  602  587  574  564  558  554  556  567  592  628  667  696
  704  687  648  595  540  491  450  418  392  370  352  340  333  328  320  308
  292  276  264  255  249  242  233  224  217  216  221  234  252  272  291  311
  330  352  373  389  404  424  442  483  557                                   
    20.0-180.0 180.0   5.0 450.0                            LAT/LON1/LON2/DLON/H
  574  584  603  642  685  702  720  729  740  744  746  744  740  734  726  717
  703  686  666  645  625  610  600  596  594  595  597  606  625  654  684  701
  696  667  619  564  510  466  433  407  385  364  348  337  333  331  327  317
  303  289  276  267  258  249  239  229  222  220  226  239  258  280  304  329
  353  380  405  423  434  456  475  515  574                                   
    17.5-180.0 180.0   5.0 450.0                            LAT/LON1/LON2/DLON/H
  586  601  625  664  707  727  748  760  775  783  788  789  788  784  778  768
  752  729  701  673  650  634  627  627  629  628  624  621  624  633  644  645
  627  590  542  492  450  418  396  379  362  344  330  322  321  325  325  320
  308  295  283  271  260  248  236  226  220  218  224  238  260  285  314  343
  373  405  433  453  463  485  506  542  586                                   
    15.0-180.0 180.0   5.0 450.0                            LAT/LON1/LON2/DLON/H
  593  611  639  674  715  737  761  776  794  807  817  823  825  826  824  815
  798  771  738  704  677  661  656  656  656  648  631  608  586  570  557  540
  514  477  438  403  378  363  355  347  334  318  305  299  303  311  316  314
  306  295  283  269  254  239  226  216  210  209  216  232  256  286  319  353
  386  421  451  473  484  507  529  557  593                                   
    12.5-180.0 180.0   5.0 450.0                            LAT/LON1/LON2/DLON/H
  596  613  643  673  712  735  760  776  798  814  828  840  848  855  857  852
  836  809  772  735  706  689  683  680  673  652  617  570  523  482  448  419
  390  361  337  321  316  319  323  321  311  296  282  278  284  295  303  304
  298  289  276  260  242  224  211  202  197  196  203  221  249  282  319  354
  389  425  456  479  493  518  540  564  596                                   
    10.0-180.0 180.0   5.0 450.0                            LAT/LON1/LON2/DLON/H
  597  615  645  670  705  729  753  768  789  808  825  841  855  867  874  874
  862  837  801  763  733  715  705  696  677  640  585  518  452  395  350  317
  292  274  266  269  282  299  311  312  302  284  269  264  270  281  290  291
  286  277  264  247  227  209  195  187  183  182  189  207  238  275  314  350
  384  420  451  475  491  519  543  566  597                                   
     7.5-180.0 180.0   5.0 450.0                            LAT/LON1/LON2/DLON/H
  600  622  651  672  705  728  748  759  778  795  814  832  848  863  875  879
  872  851  819  785  757  737  721  701  667  613  543  465  391  331  287  258
