data/edconvlstm_nd/pred1650.15i
     1.0            IONOSPHERE MAPS     GNSS                IONEX VERSION / TYPE
pyspatialgeodesy        IME             05-JAN-18 20:20     PGM / RUN BY / DATE 
Map Name                                                    COMMENT             
Predicted global ionosphere maps (GIM).                     DESCRIPTION         
  2015     6    14     0     0     0                        EPOCH OF FIRST MAP  
  2015     6    15     0     0     0                        EPOCH OF LAST MAP   
  7200                                                      INTERVAL            
    13                                                      # OF MAPS IN FILE   
  NONE                                                      MAPPING FUNCTION    
10.0                                                        ELEVATION CUTOFF    
One-way carrier phase leveled to code                       OBSERVABLES USED    
  6371.0                                                    BASE RADIUS         
 2                                                          MAP DIMENSION       
   450.0 450.0   0.0                                        HGT1 / HGT2 / DHGT  
    87.5 -87.5  -2.5                                        LAT1 / LAT2 / DLAT  
  -180.0 180.0   5.0                                        LON1 / LON2 / DLON  
    -1                                                      EXPONENT            
                                                            END OF HEADER       
     1                                                      START OF TEC MAP    
  2015     6    14     0     0     0                        EPOCH OF CURRENT MAP
    87.5-180.0 180.0   5.0 450.0                            LAT/LON1/LON2/DLON/H
  178  188  196  184  183  183  181  180  180  179  180  180  180  180  180  180
  179  179  178  177  176  175  174  173  172  170  169  167  166  164  163  162
  160  159  158  158  157  157  156  157  157  157  158  159  160  161  163  164
  165  167  168  169  171  172  173  174  175  176  177  177  178  178  178  179
  179  180  182  182  182  178  180  200  178                                   
    85.0-180.0 180.0   5.0 450.0                            LAT/LON1/LON2/DLON/H
  196  193  188  185  190  190  188  187  188  187  188  188  188  188  188  188
  188  187  186  185  184  182  180  179  177  174  172  170  168  166  164  162
  160  159  157  156  155  155  155  155  155  156  157  159  160  162  164  166
  168  170  172  174  175  177  179  180  182  183  184  185  186  186  187  187
  188  188  190  193  186  189  193  205  196                                   
    82.5-180.0 180.0   5.0 450.0                            LAT/LON1/LON2/DLON/H
  192  190  192  188  191  191  189  190  192  192  192  193  194  195  195  195
  194  193  192  190  188  186  183  181  178  175  172  168  165  162  160  157
  155  153  151  150  148  148  148  148  149  150  151  153  155  157  160  163
  166  168  171  174  177  179  181  184  185  187  189  190  191  191  192  193
  192  193  194  193  191  180  188  192  192                                   
    80.0-180.0 180.0   5.0 450.0                            LAT/LON1/LON2/DLON/H
  188  190  187  183  185  188  191  193  196  196  198  200  202  203  204  204
  204  203  201  199  196  193  189  185  181  177  173  169  165  161  158  155
  153  150  149  147  146  146  145  146  147  148  150  153  156  159  163  167
  171  174  178  181  185  188  190  193  195  196  198  199  199  199  200  200
  199  198  196  193  196  186  195  202  188                                   
    77.5-180.0 180.0   5.0 450.0                            LAT/LON1/LON2/DLON/H
  188  185  184  182  181  184  190  194  198  199  203  206  209  211  212  213
  212  211  209  206  203  199  194  189  184  178  173  168  164  160  157  154
  152  151  149  149  148  148  148  149  150  152  154  158  161  166  170  175
  180  184  188  192  195  198  200  202  204  205  206  207  206  206  205  204
  202  201  196  192  194  190  193  207  188                                   
    75.0-180.0 180.0   5.0 450.0                            LAT/LON1/LON2/DLON/H
  188  182  180  179  178  182  188  192  198  200  205  209  213  215  217  218
  217  216  214  211  206  201  196  190  183  177  171  166  162  159  157  156
  155  155  155  155  155  155  155  156  157  159  162  165  170  174  180  185
  190  194  198  201  204  206  208  209  211  211  212  212  211  210  208  207
  203  201  196  186  187  187  191  208  188                                   
    72.5-180.0 180.0   5.0 450.0                            LAT/LON1/LON2/DLON/H
  177  179  178  175  174  178  184  190  196  200  205  210  214  216  218  219
  218  217  214  211  206  200  194  187  179  172  166  161  158  156  156  157
  158  160  162  163  163  163  163  163  164  165  168  172  176  182  187  192
  197  200  203  206  207  208  209  210  210  211  211  211  211  209  208  206
  202  199  195  186  183  181  188  209  177                                   
    70.0-180.0 180.0   5.0 450.0                            LAT/LON1/LON2/DLON/H
  176  175  175  174  172  176  183  189  196  200  205  210  214  217  218  219
  218  216  213  210  205  199  192  184  175  168  161  157  154  154  156  160
  164  168  171  173  173  173  172  171  171  172  174  178  183  188  193  198
  202  205  207  208  208  208  207  208  208  209  209  210  210  209  208  207
  203  199  196  187  186  185  189  209  176                                   
    67.5-180.0 180.0   5.0 450.0                            LAT/LON1/LON2/DLON/H
  178  179  178  175  173  177  182  188  195  199  204  210  213  216  217  217
  216  214  212  208  203  197  190  181  173  165  158  154  153  155  159  164
  170  175  178  180  180  179  177  175  174  175  177  181  186  192  197  201
  204  206  206  206  205  204  203  203  204  205  207  208  209  209  208  207
  204  201  197  189  189  188  192  213  178                                   
    65.0-180.0 180.0   5.0 450.0                            LAT/LON1/LON2/DLON/H
  183  184  182  180  177  178  183  187  193  197  202  207  211  213  214  214
  213  212  209  207  203  197  190  182  173  166  160  157  157  160  165  171
  177  182  185  186  185  182  179  176  175  176  178  182  187  192  197  201
  203  203  203  201  199  198  198  199  201  204  206  208  210  210  209  208
  206  204  201  194  196  196  199  219  183                                   
    62.5-180.0 180.0   5.0 450.0                            LAT/LON1/LON2/DLON/H
  193  194  192  188  184  183  185  188  193  196  200  205  209  211  212  212
  211  210  208  206  203  199  193  186  178  171  167  165  166  169  174  180
  185  188  190  189  186  182  178  176  175  175  178  182  187  192  196  199
  200  199  198  196  195  194  196  198  202  206  210  212  214  214  214  213
  211  209  208  202  205  206  210  227  193                                   
    60.0-180.0 180.0   5.0 450.0                            LAT/LON1/LON2/DLON/H
  204  207  206  201  195  192  191  191  194  194  198  202  205  208  209  209
  209  208  207  206  205  202  197  192  186  181  178  177  178  181  185  189
  192  192  191  188  184  179  175  173  173  175  178  182  186  190  193  195
  195  194  193  192  192  193  196  201  207  212  217  220  221  221  219  218
  216  215  215  210  214  216  221  236  204                                   
    57.5-180.0 180.0   5.0 450.0                            LAT/LON1/LON2/DLON/H
  218  223  223  216  210  204  201  198  197  195  196  199  202  204  206  207
  207  206  206  206  206  204  202  198  195  192  191  191  192  194  196  197
  196  193  189  184  179  174  172  171  172  174  178  181  185  187  189  190
  190  189  188  189  190  194  200  208  216  223  228  230  230  228  226  224
  222  222  222  219  223  226  232  246  218                                   
    55.0-180.0 180.0   5.0 450.0                            LAT/LON1/LON2/DLON/H
  234  240  241  235  228  222  216  210  205  200  198  198  200  202  204  205
  205  205  205  206  207  207  206  205  203  203  203  204  205  205  204  201
  197  191  185  178  173  170  169  170  172  176  179  181  183  184  184  184
  184  184  185  187  192  199  207  217  227  235  241  242  240  237  233  231
  229  230  231  228  233  235  242  256  234                                   
    52.5-180.0 180.0   5.0 450.0                            LAT/LON1/LON2/DLON/H
  250  257  260  255  249  244  237  228  220  210  204  202  202  203  204  205
  205  205  206  207  208  209  209  209  209  210  212  213  213  212  208  202
  195  187  180  173  169  168  169  172  175  179  181  182  181  180  179  178
  178  180  183  188  195  204  215  227  239  248  252  253  249  244  240  238
  237  239  241  239  242  244  252  268  250                                   
    50.0-180.0 180.0   5.0 450.0                            LAT/LON1/LON2/DLON/H
  267  274  279  276  272  269  263  252  241  227  217  211  208  208  208  208
  208  208  208  209  210  211  211  212  213  214  216  218  217  214  208  200
  192  183  177  172  170  171  173  178  182  184  185  184  181  177  175  173
  174  177  182  189  198  209  222  235  248  257  261  261  257  251  247  246
  247  250  254  251  254  254  263  280  267                                   
    47.5-180.0 180.0   5.0 450.0                            LAT/LON1/LON2/DLON/H
  284  290  296  297  296  296  292  281  267  250  236  227  221  218  216  215
  214  214  214  214  215  214  214  214  214  215  217  217  216  211  204  196
  188  182  177  175  176  179  183  187  191  192  191  187  182  176  172  171
  172  176  182  190  200  212  226  240  252  262  267  267  263  258  255  256
  260  265  270  267  268  267  276  295  284                                   
    45.0-180.0 180.0   5.0 450.0                            LAT/LON1/LON2/DLON/H
  301  304  311  315  318  321  320  310  296  278  261  249  240  234  230  228
  226  224  224  224  223  221  218  216  215  215  215  214  211  206  199  193
  187  184  184  185  188  192  197  201  203  203  200  194  186  178  173  171
  172  177  183  192  202  213  226  240  253  264  269  271  268  266  265  269
  276  284  290  287  287  283  292  312  301                                   
    42.5-180.0 180.0   5.0 450.0                            LAT/LON1/LON2/DLON/H
  317  319  325  332  337  342  343  337  325  307  290  276  264  256  250  245
  242  240  239  238  236  232  226  221  217  215  213  211  207  201  196  192
  190  192  195  200  205  210  214  217  219  218  213  204  194  185  178  175
  176  180  186  193  203  213  226  239  252  263  271  275  275  276  279  286
  295  305  312  309  309  303  311  333  317                                   
    40.0-180.0 180.0   5.0 450.0                            LAT/LON1/LON2/DLON/H
  335  335  340  347  353  359  362  359  351  337  321  307  294  283  275  268
  263  260  258  257  253  247  239  231  224  219  216  211  206  201  196  195
  198  204  211  219  225  229  232  235  237  235  229  220  208  197  189  185
  183  185  189  195  203  213  224  237  251  263  273  281  285  289  295  304
  316  327  334  332  333  326  334  355  335                                   
    37.5-180.0 180.0   5.0 450.0                            LAT/LON1/LON2/DLON/H
  355  354  358  363  367  372  376  377  375  365  353  340  327  315  304  294
  287  283  281  279  275  267  257  246  237  230  224  218  212  206  202  203
  209  219  229  238  244  248  250  253  255  255  250  240  227  215  204  197
  194  192  194  197  204  213  224  237  251  265  278  289  298  305  314  325
  337  349  355  354  356  350  359  380  355                                   
    35.0-180.0 180.0   5.0 450.0                            LAT/LON1/LON2/DLON/H
  378  379  381  383  383  386  389  393  396  393  385  375  363  350  336  324
  314  309  306  303  298  290  279  267  256  248  240  233  225  218  214  215
  222  233  245  254  259  262  265  269  273  274  271  261  248  234  222  212
  205  200  197  199  204  213  224  238  253  269  286  301  314  324  334  345
  356  366  372  372  378  374  384  404  378                                   
    32.5-180.0 180.0   5.0 450.0                            LAT/LON1/LON2/DLON/H
  403  409  411  409  405  404  406  413  420  422  420  413  402  387  371  355
  343  335  331  328  323  315  304  292  281  272  263  254  243  234  228  228
  234  244  254  262  266  269  273  279  287  291  289  281  268  253  239  226
  215  206  200  199  204  213  225  240  257  275  295  314  330  343  353  362
  371  378  383  384  396  395  407  428  403                                   
    30.0-180.0 180.0   5.0 450.0                            LAT/LON1/LON2/DLON/H
  430  442  447  443  435  432  433  440  450  457  458  454  443  427  408  389
  374  364  357  353  348  340  331  320  310  300  290  278  265  252  243  239
  241  248  255  261  264  267  273  282  293  300  301  294  282  266  251  236
  221  209  200  197  201  212  226  242  260  280  302  324  343  357  367  374
  380  385  388  392  408  411  425  448  430                                   
    27.5-180.0 180.0   5.0 450.0                            LAT/LON1/LON2/DLON/H
  457  475  484  482  473  469  469  476  488  496  500  497  487  469  447  425
  407  394  385  378  372  365  357  348  338  328  316  302  285  268  254  245
  242  244  247  250  252  256  264  276  289  300  302  297  285  270  254  238
  221  207  196  192  196  208  224  241  260  282  305  329  350  365  375  380
  384  386  389  396  415  421  439  464  457                                   
    25.0-180.0 180.0   5.0 450.0                            LAT/LON1/LON2/DLON/H
  479  503  517  521  512  510  511  518  530  539  544  542  531  512  488  464
  443  427  414  405  396  389  381  373  363  352  337  319  299  277  258  243
  235  231  231  232  234  238  248  261  276  287  290  286  275  261  246  230
  214  198  187  183  188  200  218  237  257  279  303  328  350  367  377  381
  384  385  388  397  419  426  446  475  479                                   
    22.5-180.0 180.0   5.0 450.0                            LAT/LON1/LON2/DLON/H
  495  523  541  551  546  548  550  558  569  579  584  582  572  553  530  504
  482  462  447  433  421  411  402  393  382  367  348  326  302  276  253  234
  221  213  210  209  212  218  227  241  254  264  266  262  252  240  227  213
  199  184  173  169  175  189  208  229  251  273  298  322  345  363  375  381
  384  386  390  401  421  428  451  482  495                                   
    20.0-180.0 180.0   5.0 450.0                            LAT/LON1/LON2/DLON/H
  502  532  552  569  568  574  579  589  600  609  614  614  606  589  567  543
  520  499  480  461  445  431  419  407  391  371  346  320  292  264  239  218
  202  192  187  187  191  198  207  218  228  234  234  229  220  211  201  190
  177  165  155  153  160  176  197  220  243  266  290  315  339  359  373  381
  387  392  398  409  426  431  454  485  502                                   
    17.5-180.0 180.0   5.0 450.0                            LAT/LON1/LON2/DLON/H
  502  530  552  571  575  585  593  603  615  624  630  632  627  615  597  577
  556  535  512  489  467  448  431  413  390  363  332  300  270  243  219  199
  183  173  170  172  177  185  192  198  203  203  199  193  186  178  171  163
  153  144  137  137  145  163  186  211  235  259  283  309  333  356  374  387
  397  405  413  424  437  438  459  489  502                                   
    15.0-180.0 180.0   5.0 450.0                            LAT/LON1/LON2/DLON/H
  499  523  543  562  569  580  589  600  612  621  628  633  633  627  616  601
  584  564  540  513  486  461  437  411  380  344  306  271  242  218  198  182
  169  163  162  166  173  180  185  186  182  176  168  161  154  149  144  138
  131  124  120  122  132  151  176  202  228  253  278  304  331  356  379  397
  413  425  436  446  454  450  469  496  499                                   
    12.5-180.0 180.0   5.0 450.0                            LAT/LON1/LON2/DLON/H
  500  517  533  549  556  566  574  583  594  602  611  619  624  625  620  612
  600  583  559  529  497  466  435  400  360  317  275  239  212  193  180  171
  165  162  164  171  179  186  186  180  170  158  146  138  131  127  123  119
  114  109  107  110  120  139  165  193  221  247  274  302  331  360  388  412
  433  450  464  472  477  470  486  509  500                                   
    10.0-180.0 180.0   5.0 450.0                            LAT/LON1/LON2/DLON/H
  508  520  530  539  543  550  555  561  569  575  583  593  603  608  610  607
  600  586  563  533  497  461  423  381  334  286  242  208  186  175  170  169
  169  171  177  185  194  198  195  183  165  148  134  126  120  117  113  108
  103   98   96   99  109  127  152  182  213  242  272  302  335  368  400  429
  455  476  492  501  504  496  509  528  508                                   
     7.5-180.0 180.0   5.0 450.0                            LAT/LON1/LON2/DLON/H
  527  537  540  542  541  542  542  544  547  550  556  565  575  583  588  589
  585  573  551  521  483  443  401  354  304  255  213  184  169  166  169  174
