data/edconvlstm_nd/pred0280.15i
     1.0            IONOSPHERE MAPS     GNSS                IONEX VERSION / TYPE
pyspatialgeodesy        IME             05-JAN-18 20:20     PGM / RUN BY / DATE 
Map Name                                                    COMMENT             
Predicted global ionosphere maps (GIM).                     DESCRIPTION         
  2015     1    28     0     0     0                        EPOCH OF FIRST MAP  
  2015     1    29     0     0     0                        EPOCH OF LAST MAP   
  7200                                                      INTERVAL            
    13                                                      # OF MAPS IN FILE   
  NONE                                                      MAPPING FUNCTION    
10.0                                                        ELEVATION CUTOFF    
One-way carrier phase leveled to code                       OBSERVABLES USED    
  6371.0                                                    BASE RADIUS         
 2                                                          MAP DIMENSION       
   450.0 450.0   0.0                                        HGT1 / HGT2 / DHGT  
    87.5 -87.5  -2.5                                        LAT1 / LAT2 / DLAT  
  -180.0 180.0   5.0                                        LON1 / LON2 / DLON  
    -1                                                      EXPONENT            
                                                            END OF HEADER       
[from data line 3003]
     8                                                      START OF TEC MAP    
  2015     1    28    14     0     0                        EPOCH OF CURRENT MAP
    87.5-180.0 180.0   5.0 450.0                            LAT/LON1/LON2/DLON/H
   71   80   81   85   90   90   90   87   89   92   91   93   93   93   94   94
   95   95   95   96   96   96   96   96   96   96   95   95   95   94   93   92
   91   90   88   87   85   83   81   79   78   76   74   73   71   70   69   69
   68   68   68   68   68   68   68   69   69   70   70   71   71   72   73   73
   74   76   73   71   75   74   88   88   71                                   
    85.0-180.0 180.0   5.0 450.0                            LAT/LON1/LON2/DLON/H
   76   83   96   80   82   87   87   89   90   92   92   93   93   93   93   94
   94   95   95   96   96   97   97   98   98   98   99   99   99   98   97   96
   95   93   91   89   87   85   82   79   77   74   72   70   69   68   67   66
   65   65   65   65   66   66   67   67   68   69   69   70   71   71   72   73
   75   75   71   68   70   73   81   80   76                                   
    82.5-180.0 180.0   5.0 450.0                            LAT/LON1/LON2/DLON/H
   66   75   82   74   76   81   83   84   85   86   86   86   85   85   85   85
   85   85   85   86   87   88   89   90   91   92   93   94   95   95   94   94
   92   91   89   86   83   80   77   73   70   67   63   61   59   57   55   54
   53   53   53   53   54   55   55   56   57   58   59   60   61   62   63   64
   66   66   64   62   66   74   70   69   66                                   
    80.0-180.0 180.0   5.0 450.0                            LAT/LON1/LON2/DLON/H
   59   63   72   67   67   67   71   73   74   75   74   75   74   73   72   72
   72   73   74   75   76   78   80   82   85   87   89   90   92   93   93   93
   92   90   88   85   82   78   74   70   65   61   56   53   50   47   45   44
   43   43   43   44   45   46   47   49   50   51   53   54   55   55   56   57
   58   58   57   57   57   63   63   66   59                                   
    77.5-180.0 180.0   5.0 450.0                            LAT/LON1/LON2/DLON/H
   61   61   63   59   60   62   65   66   67   67   65   65   63   63   62   62
   62   63   65   68   70   73   77   80   83   87   90   92   95   97   98   99
   99   98   96   94   90   86   81   76   70   64   59   54   50   46   43   42
   41   41   41   43   44   46   48   49   51   53   54   55   55   55   55   54
   54   53   52   52   52   51   54   57   61                                   
    75.0-180.0 180.0   5.0 450.0                            LAT/LON1/LON2/DLON/H
   50   53   54   54   56   59   61   62   62   62   60   59   57   55   54   54
   55   57   60   64   68   73   77   82   87   91   94   98  101  103  106  107
  108  108  107  105  102   98   93   87   81   74   68   62   57   52   49   47
   46   45   46   47   48   50   52   54   56   57   59   59   59   59   58   57
   55   53   52   48   49   47   48   45   50                                   
    72.5-180.0 180.0   5.0 450.0                            LAT/LON1/LON2/DLON/H
   48   52   53   56   57   61   64   64   63   61   59   56   54   52   51   51
   52   55   60   65   71   77   83   89   94   99  103  106  109  112  115  117
  119  121  121  120  118  115  110  104   98   90   83   76   70   64   60   56
   54   53   53   53   54   55   57   59   61   63   64   65   65   64   63   61
   59   56   54   50   49   48   48   49   48                                   
    70.0-180.0 180.0   5.0 450.0                            LAT/LON1/LON2/DLON/H
   46   53   55   59   60   64   65   67   66   64   61   58   54   52   51   51
   54   58   64   71   79   87   95  101  107  112  116  119  122  125  128  131
  133  135  137  137  136  133  129  123  117  109  101   93   86   79   74   69
   65   62   60   59   59   59   60   61   63   65   67   68   69   69   68   66
   64   61   59   55   53   52   56   55   46                                   
    67.5-180.0 180.0   5.0 450.0                            LAT/LON1/LON2/DLON/H
   46   55   57   62   65   70   72   73   72   69   65   62   58   56   55   56
   60   65   73   82   91  101  109  116  122  127  130  133  136  138  140  143
  145  148  150  151  150  149  145  140  133  126  118  110  101   93   86   79
   73   68   64   61   59   58   58   59   61   63   65   67   69   70   70   69
   68   65   63   58   56   57   58   57   46                                   
    65.0-180.0 180.0   5.0 450.0                            LAT/LON1/LON2/DLON/H
   46   56   57   63   66   72   74   75   74   72   68   64   60   58   58   60
   64   71   80   90  101  111  121  129  135  139  143  146  148  150  152  155
  158  160  162  163  163  161  158  153  147  140  132  124  115  105   96   87
   78   71   64   59   55   52   51   51   52   55   58   61   63   65   66   67
   67   66   66   62   61   63   65   64   46                                   
    62.5-180.0 180.0   5.0 450.0                            LAT/LON1/LON2/DLON/H
   46   55   56   61   64   71   72   74   73   71   67   64   61   59   59   62
   67   75   84   95  107  118  127  136  142  148  152  155  158  161  163  166
  168  170  172  172  171  169  165  161  155  149  141  132  123  112  101   89
   78   68   59   52   46   42   40   40   41   44   47   51   54   57   59   61
   62   63   64   62   62   63   65   65   46                                   
    60.0-180.0 180.0   5.0 450.0                            LAT/LON1/LON2/DLON/H
   45   52   52   56   58   64   66   67   67   65   62   60   57   56   57   60
   66   74   84   95  106  117  127  136  144  150  156  161  166  170  173  176
  178  180  180  179  177  174  170  165  160  154  147  138  128  117  104   90
   77   65   54   46   39   34   31   30   31   34   37   41   44   47   50   53
   55   57   60   59   60   61   63   64   45                                   
    57.5-180.0 180.0   5.0 450.0                            LAT/LON1/LON2/DLON/H
   45   49   49   52   53   57   59   60   60   59   56   54   53   52   54   58
   64   72   82   93  104  115  125  134  143  151  159  166  173  180  185  188
  191  191  191  189  186  181  177  172  166  161  155  147  137  124  110   95
   80   67   56   47   40   34   31   29   29   31   34   37   40   43   45   48
   50   53   57   57   59   60   61   63   45                                   
    55.0-180.0 180.0   5.0 450.0                            LAT/LON1/LON2/DLON/H
   48   49   48   51   50   53   54   55   55   53   51   50   48   48   51   55
   62   71   81   92  102  112  122  131  141  151  161  171  181  189  196  201
  203  204  203  200  196  191  186  181  176  171  166  158  148  136  121  105
   89   76   65   56   49   43   39   37   36   36   38   40   42   44   46   48
   50   52   57   58   61   61   62   63   48                                   
    52.5-180.0 180.0   5.0 450.0                            LAT/LON1/LON2/DLON/H
   54   54   52   54   53   54   55   54   53   51   49   47   46   46   49   54
   63   73   83   94  104  113  122  131  142  153  165  178  189  199  207  213
  217  218  216  214  209  204  199  193  189  185  180  173  163  151  135  119
  104   91   81   72   66   60   56   52   50   49   50   50   51   52   52   53
   54   57   62   64   67   66   66   66   54                                   
    50.0-180.0 180.0   5.0 450.0                            LAT/LON1/LON2/DLON/H
   63   63   61   62   61   62   61   59   57   54   51   49   47   48   51   58
   67   79   91  102  111  120  129  138  148  160  173  186  198  209  218  224
  228  230  230  228  224  219  214  209  205  201  196  189  180  167  152  137
  122  110  101   93   87   81   76   72   69   67   66   65   65   64   64   64
   64   66   71   73   76   75   74   72   63                                   
    47.5-180.0 180.0   5.0 450.0                            LAT/LON1/LON2/DLON/H
   74   74   74   75   74   75   73   70   66   62   58   55   53   53   57   65
   76   90  103  115  125  134  142  151  161  172  184  196  208  218  226  232
  237  240  241  241  239  235  231  226  221  216  211  204  194  182  168  153
  139  128  119  112  105  100   94   89   85   83   81   80   79   78   77   77
   77   79   82   84   88   87   86   81   74                                   
    45.0-180.0 180.0   5.0 450.0                            LAT/LON1/LON2/DLON/H
   85   87   87   89   89   90   87   83   78   74   69   65   63   63   67   76
   90  105  120  133  143  152  160  168  178  188  199  209  217  225  231  237
  241  246  249  251  252  250  246  241  236  230  223  215  205  192  178  164
  151  140  131  123  116  110  104   99   95   93   92   91   90   90   89   89
   88   90   93   95   98   99   97   92   85                                   
    42.5-180.0 180.0   5.0 450.0                            LAT/LON1/LON2/DLON/H
   93   97   98  101  102  103  100   95   90   86   81   77   74   75   80   90
  105  122  138  152  162  171  179  188  197  206  215  222  227  231  234  238
  243  248  254  259  262  262  259  254  248  240  232  222  211  198  184  170
  157  145  135  125  117  110  104   99   96   95   94   95   95   95   96   96
   96   98  100  101  105  107  106  101   93                                   
    40.0-180.0 180.0   5.0 450.0                            LAT/LON1/LON2/DLON/H
   96  103  105  109  110  111  108  104   99   95   91   88   86   87   93  105
  121  139  155  169  179  188  197  206  215  223  230  234  236  236  237  240
  245  252  261  268  273  275  273  268  260  251  240  228  215  201  187  174
  160  147  134  122  112  103   97   93   91   90   91   92   94   95   96   98
   99  100  101  102  106  108  108  104   96                                   
    37.5-180.0 180.0   5.0 450.0                            LAT/LON1/LON2/DLON/H
   95  103  105  111  112  113  110  106  103  100   97   96   96   99  107  120
  136  154  169  182  192  201  210  220  230  238  244  246  246  244  244  247
  253  262  273  283  290  292  290  285  276  265  252  238  223  209  194  180
  166  150  135  120  108   98   91   87   85   85   87   88   90   91   93   95
   96   97   98   98  101  103  104  102   95                                   
    35.0-180.0 180.0   5.0 450.0                            LAT/LON1/LON2/DLON/H
   92   98  101  106  108  108  106  103  101  100  100  101  103  109  118  132
  149  165  179  191  200  210  220  231  242  250  256  258  258  257  258  263
  272  283  297  308  316  318  315  309  299  287  273  257  240  225  211  197
  182  165  147  129  114  103   95   90   88   87   88   89   89   90   91   92
   93   92   93   92   94   94   96   95   92                                   
    32.5-180.0 180.0   5.0 450.0                            LAT/LON1/LON2/DLON/H
   89   94   95   99  100   99   98   96   96   96   98  102  107  116  128  143
  160  175  187  197  206  216  227  239  250  260  266  271  274  277  282  290
  303  318  334  346  354  355  351  343  333  320  304  287  270  255  242  230
  215  197  177  157  140  126  116  109  105  103  101   99   97   95   94   94
   93   91   92   89   89   88   90   89   89                                   
    30.0-180.0 180.0   5.0 450.0                            LAT/LON1/LON2/DLON/H
   89   91   91   92   92   90   90   88   89   90   93   99  108  119  134  151
  168  182  194  203  212  222  234  246  258  269  278  286  294  303  314  329
  347  367  385  399  405  403  397  388  377  363  347  329  312  299  289  279
  267  249  228  207  187  171  158  149  141  135  130  124  118  112  108  104
  101   98   97   92   92   88   90   87   89                                   
    27.5-180.0 180.0   5.0 450.0                            LAT/LON1/LON2/DLON/H
   93   94   91   90   88   85   84   82   83   84   88   96  106  120  137  156
  174  189  200  210  219  230  242  254  266  278  290  304  319  336  356  378
  404  428  449  461  464  460  451  440  428  414  398  380  365  355  349  343
  333  317  297  274  253  235  219  206  194  184  174  164  153  143  134  127
  120  115  112  105  103   97   97   90   93                                   
    25.0-180.0 180.0   5.0 450.0                            LAT/LON1/LON2/DLON/H
  103  102   96   93   90   86   85   81   81   82   85   92  103  119  138  159
  179  195  208  219  230  241  252  263  275  288  304  324  347  373  402  433
  465  494  515  525  525  516  504  492  480  466  451  436  423  417  416  415
  409  395  375  352  329  309  290  273  256  242  228  214  199  184  170  159
  148  142  136  128  123  115  110  100  103                                   
    22.5-180.0 180.0   5.0 450.0                            LAT/LON1/LON2/DLON/H
  116  114  106  101   97   92   90   86   85   84   86   91  101  117  137  161
  183  202  217  231  243  254  265  274  285  299  320  346  377  412  448  486
  522  552  572  579  575  564  550  537  525  513  500  487  479  478  482  486
  483  470  450  426  402  379  357  337  317  299  282  265  247  228  210  195
  180  173  163  156  148  139  129  114  116                                   
    20.0-180.0 180.0   5.0 450.0                            LAT/LON1/LON2/DLON/H
  133  130  120  113  107  101   99   95   93   91   91   93  101  116  137  162
  187  210  228  244  258  270  278  286  297  313  337  369  406  446  487  527
  564  592  609  613  608  596  583  570  560  549  538  528  524  528  537  544
  542  529  506  479  452  428  405  383  363  344  326  307  287  266  245  226
  210  201  189  185  174  163  149  131  133                                   
    17.5-180.0 180.0   5.0 450.0                            LAT/LON1/LON2/DLON/H
  148  146  134  125  116  109  108  104  102  101   99   99  105  119  140  167
  194  220  242  260  275  286  293  300  310  328  356  392  433  475  516  554
  586  610  624  628  623  613  602  591  582  573  563  555  554  561  572  580
  576  558  530  498  469  444  422  403  384  367  350  332  312  289  268  248
  231  222  208  207  194  184  166  148  148                                   
    15.0-180.0 180.0   5.0 450.0                            LAT/LON1/LON2/DLON/H
  158  157  145  134  122  115  114  111  111  111  108  107  112  125  147  175
  205  234  258  278  293  302  308  313  325  347  378  416  457  496  533  564
  591  611  622  627  625  619  611  603  595  586  576  568  568  575  586  591
  582  557  521  484  454  430  412  396  383  370  356  339  320  298  277  257
  240  232  218  217  204  195  177  158  158                                   
    12.5-180.0 180.0   5.0 450.0                            LAT/LON1/LON2/DLON/H
  160  159  150  137  123  115  115  115  117  118  117  117  122  136  159  189
  221  251  277  298  311  318  322  328  342  367  402  441  478  512  540  564
  584  600  611  617  619  618  615  611  604  594  582  572  570  576  583  582
  566  532  490  449  418  397  384  375  368  360  349  335  316  296  275  256
  239  231  218  216  203  195  178  161  160                                   
    10.0-180.0 180.0   5.0 450.0                            LAT/LON1/LON2/DLON/H
  157  156  149  135  120  111  113  114  119  124  125  127  134  150  175  206
  240  271  298  317  329  334  336  344  361  390  426  464  497  523  544  560
  574  586  597  605  612  617  619  618  612  600  586  573  567  569  571  564
  540  499  452  410  380  362  355  353  351  347  339  326  308  288  269  250
  234  224  211  207  194  188  172  156  157                                   
     7.5-180.0 180.0   5.0 450.0                            LAT/LON1/LON2/DLON/H
  151  150  144  129  115  106  108  112  119  127  131  136  147  166  193  226
  261  293  319  337  346  349  351  361  382  413  451  486  514  533  545  555
