data/edconvlstm_nd/pred2320.15i
     1.0            IONOSPHERE MAPS     GNSS                IONEX VERSION / TYPE
pyspatialgeodesy        IME             05-JAN-18 20:20     PGM / RUN BY / DATE 
Map Name                                                    COMMENT             
Predicted global ionosphere maps (GIM).                     DESCRIPTION         
  2015     8    20     0     0     0                        EPOCH OF FIRST MAP  
  2015     8    21     0     0     0                        EPOCH OF LAST MAP   
  7200                                                      INTERVAL            
    13                                                      # OF MAPS IN FILE   
  NONE                                                      MAPPING FUNCTION    
10.0                                                        ELEVATION CUTOFF    
One-way carrier phase leveled to code                       OBSERVABLES USED    
  6371.0                                                    BASE RADIUS         
 2                                                          MAP DIMENSION       
   450.0 450.0   0.0                                        HGT1 / HGT2 / DHGT  
    87.5 -87.5  -2.5                                        LAT1 / LAT2 / DLAT  
  -180.0 180.0   5.0                                        LON1 / LON2 / DLON  
    -1                                                      EXPONENT            
                                                            END OF HEADER       
[from data line 4290]
    11                                                      START OF TEC MAP    
  2015     8    20    20     0     0                        EPOCH OF CURRENT MAP
    87.5-180.0 180.0   5.0 450.0                            LAT/LON1/LON2/DLON/H
  112  106   95  100  104  101  100   98   98  100   99  100  100  101  101  101
  102  102  102  101  101  101  100  100   99   98   98   97   96   96   95   94
   94   93   93   92   92   92   91   91   91   91   90   90   90   90   89   89
   89   89   89   89   88   88   88   88   88   88   88   88   88   89   89   89
   89   90   88   87   97   94  110  113  112                                   
    85.0-180.0 180.0   5.0 450.0                            LAT/LON1/LON2/DLON/H
  113  106  112  100  100  104  103  105  105  108  107  108  108  109  110  110
  110  110  110  110  109  109  108  107  106  105  104  103  102  101  100   99
   98   98   97   97   96   96   95   95   95   94   94   94   93   93   93   93
   92   92   92   92   92   91   91   91   91   91   91   91   91   91   92   92
   93   93   90   88   92   92   97   97  113                                   
    82.5-180.0 180.0   5.0 450.0                            LAT/LON1/LON2/DLON/H
   94   94   95   91   93   97  100  100  100  102  103  105  105  106  107  108
  109  109  109  109  108  107  106  105  104  102  100   99   97   96   95   94
   93   92   91   91   90   90   90   89   89   89   88   88   88   88   87   87
   87   87   87   87   86   86   86   86   86   85   85   85   85   85   85   85
   85   85   83   85   89   98   90   91   94                                   
    80.0-180.0 180.0   5.0 450.0                            LAT/LON1/LON2/DLON/H
   80   82   90   87   88   87   93   96   98  101  102  104  106  107  109  110
  111  111  111  111  110  108  107  105  102  100   97   95   93   91   89   88
   87   86   86   85   85   84   84   83   83   82   82   82   81   81   81   81
   81   81   81   80   80   80   79   79   79   79   78   78   78   78   79   79
   79   79   79   81   80   83   80   87   80                                   
    77.5-180.0 180.0   5.0 450.0                            LAT/LON1/LON2/DLON/H
   86   83   88   85   89   90   94   97   98  100  101  104  106  109  111  112
  114  115  115  115  114  113  111  108  105  101   98   95   92   90   88   86
   86   85   85   84   84   84   83   82   81   80   80   79   79   79   79   79
   79   79   79   78   78   78   77   77   76   76   76   76   76   76   76   76
   76   77   78   80   81   80   81   91   86                                   
    75.0-180.0 180.0   5.0 450.0                            LAT/LON1/LON2/DLON/H
   83   83   85   83   88   90   93   95   98  101  102  106  108  111  113  115
  117  118  119  119  118  116  114  111  107  103   99   95   92   89   88   87
   86   86   86   86   86   85   84   82   81   79   78   77   77   77   77   77
   77   77   77   76   76   75   75   74   74   74   74   74   74   75   76   76
   77   78   80   78   79   78   78   78   83                                   
    72.5-180.0 180.0   5.0 450.0                            LAT/LON1/LON2/DLON/H
   83   82   84   88   88   91   94   95   96   98  100  103  105  108  110  112
  114  116  117  118  117  116  113  109  105  100   95   90   87   84   83   82
   82   83   83   83   83   82   80   77   75   73   71   70   69   69   69   70
   70   70   70   69   68   68   67   66   66   66   67   68   69   70   71   72
   73   74   75   74   74   76   78   83   83                                   
    70.0-180.0 180.0   5.0 450.0                            LAT/LON1/LON2/DLON/H
   81   82   83   85   86   87   89   91   94   96   98  101  103  105  107  109
  110  112  114  115  115  114  111  107  102   97   91   87   83   81   80   80
   81   82   83   83   82   80   77   73   70   67   64   63   62   62   63   63
   63   63   63   62   61   59   59   58   58   59   60   62   64   66   68   70
   71   72   74   74   75   77   81   85   81                                   
    67.5-180.0 180.0   5.0 450.0                            LAT/LON1/LON2/DLON/H
   82   83   84   87   88   89   92   93   95   98   99  102  104  105  106  107
  109  111  113  114  115  114  112  107  102   96   90   85   81   80   79   80
   81   82   83   82   81   78   74   69   65   61   58   56   56   56   57   58
   58   58   57   55   54   52   51   51   51   52   54   57   59   62   65   67
   69   71   72   71   71   76   78   82   82                                   
    65.0-180.0 180.0   5.0 450.0                            LAT/LON1/LON2/DLON/H
   80   83   84   87   87   88   90   92   95   98  100  102  104  104  105  105
  106  107  109  112  113  113  111  107  101   95   89   84   81   80   80   81
   82   82   82   81   79   75   70   65   60   56   53   51   51   52   53   54
   54   53   51   48   46   44   42   42   43   45   47   50   53   56   60   63
   66   68   71   71   72   77   81   85   80                                   
    62.5-180.0 180.0   5.0 450.0                            LAT/LON1/LON2/DLON/H
   81   84   85   88   88   89   91   93   96   99  102  105  106  106  105  105
  105  106  108  111  113  113  111  107  102   96   90   86   84   83   83   83
   83   83   82   80   77   72   67   62   57   53   50   49   50   51   52   52
   51   50   47   43   40   37   36   36   36   38   41   44   48   51   55   59
   62   65   68   69   70   75   79   83   81                                   
    60.0-180.0 180.0   5.0 450.0                            LAT/LON1/LON2/DLON/H
   82   86   88   91   91   91   92   94   97  101  104  107  108  108  107  105
  105  105  108  110  113  114  112  108  103   98   93   90   89   88   88   88
   87   85   83   79   75   71   66   61   57   54   52   52   52   53   54   54
   52   49   45   40   37   34   32   32   33   34   37   40   43   46   51   55
   59   62   66   67   69   75   80   83   82                                   
    57.5-180.0 180.0   5.0 450.0                            LAT/LON1/LON2/DLON/H
   84   89   92   95   95   95   96   97  100  103  107  110  111  111  109  108
  107  107  109  112  114  115  113  110  105  101   98   96   96   96   96   95
   92   88   84   80   76   73   69   65   62   60   59   59   60   60   60   58
   55   51   46   41   37   34   33   32   33   34   36   38   40   43   47   52
   56   61   65   66   69   75   79   83   84                                   
    55.0-180.0 180.0   5.0 450.0                            LAT/LON1/LON2/DLON/H
   88   95   99  102  103  102  102  102  103  106  109  112  114  114  113  111
  110  110  111  114  116  116  115  111  108  105  103  103  104  105  105  102
   98   93   88   83   80   77   74   72   70   69   69   70   70   70   68   65
   60   55   49   44   40   38   37   36   37   37   38   38   40   42   45   50
   55   60   64   66   69   76   80   84   88                                   
    52.5-180.0 180.0   5.0 450.0                            LAT/LON1/LON2/DLON/H
   92  100  106  110  111  111  110  108  107  109  111  114  116  117  116  115
  114  114  115  116  117  117  115  112  109  107  108  110  112  114  113  109
  104   98   92   88   86   84   83   82   82   81   81   82   81   80   77   72
   66   59   53   49   46   44   44   44   44   43   42   42   41   42   46   50
   55   61   66   68   71   77   82   85   92                                   
    50.0-180.0 180.0   5.0 450.0                            LAT/LON1/LON2/DLON/H
   97  106  113  119  121  122  120  117  114  113  114  116  118  120  120  120
  119  119  119  119  119  118  115  112  110  110  112  116  119  121  120  116
  110  104   99   96   94   94   94   94   94   94   94   93   92   89   85   79
   72   65   59   55   53   53   53   53   53   52   49   47   46   45   48   52
   58   64   69   71   74   80   84   87   97                                   
    47.5-180.0 180.0   5.0 450.0                            LAT/LON1/LON2/DLON/H
  100  111  119  126  129  132  130  127  122  120  119  120  121  123  124  125
  125  124  124  123  121  119  116  114  112  113  116  121  125  128  127  123
  117  111  107  105  105  106  106  106  106  105  105  104  101   97   92   85
   77   70   65   62   62   62   63   64   63   61   58   55   52   51   53   57
   62   69   74   76   78   83   86   89  100                                   
    45.0-180.0 180.0   5.0 450.0                            LAT/LON1/LON2/DLON/H
  102  113  123  131  135  140  140  137  132  129  126  126  127  129  130  132
  132  131  129  127  125  122  119  117  116  118  122  126  131  133  132  128
  124  120  118  117  118  118  118  117  116  115  113  112  109  104   98   90
   83   76   72   70   70   72   73   74   73   71   68   64   61   59   61   64
   69   75   80   81   83   86   89   92  102                                   
    42.5-180.0 180.0   5.0 450.0                            LAT/LON1/LON2/DLON/H
  102  114  123  132  138  145  147  146  143  140  136  135  135  136  138  139
  139  138  135  132  128  126  123  122  123  125  129  133  136  138  137  134
  132  130  129  130  130  130  129  126  124  122  120  118  114  109  103   96
   89   83   79   78   78   80   82   82   82   80   77   73   70   69   70   73
   78   83   87   87   88   90   92   96  102                                   
    40.0-180.0 180.0   5.0 450.0                            LAT/LON1/LON2/DLON/H
  102  112  121  130  138  146  152  154  153  151  148  146  145  146  146  147
  146  144  141  137  133  131  130  130  132  135  138  141  144  144  143  142
  141  140  141  142  142  140  137  133  130  127  125  122  119  115  109  102
   95   90   86   84   85   86   88   88   87   86   84   82   80   78   79   82
   86   91   94   94   93   94   96  100  102                                   
    37.5-180.0 180.0   5.0 450.0                            LAT/LON1/LON2/DLON/H
  102  111  118  127  135  145  154  159  162  162  160  159  157  156  156  155
  154  150  146  142  138  137  138  140  143  146  149  152  153  153  152  151
  151  152  153  154  152  149  144  138  134  131  129  127  124  120  114  108
  102   96   92   90   90   90   91   91   91   90   89   88   87   86   87   90
   93   98  101  100   99   99  100  105  102                                   
    35.0-180.0 180.0   5.0 450.0                            LAT/LON1/LON2/DLON/H
  105  111  116  124  132  142  153  163  169  173  174  173  171  168  166  164
  161  157  152  147  144  144  147  151  156  160  163  165  165  165  164  163
  164  165  165  164  161  155  148  142  137  135  133  131  128  125  120  114
  108  102   97   94   93   93   92   92   91   91   92   92   92   92   93   96
   99  103  106  105  104  104  106  111  105                                   
    32.5-180.0 180.0   5.0 450.0                            LAT/LON1/LON2/DLON/H
  112  115  119  125  132  141  153  166  176  183  187  187  185  182  178  175
  170  165  159  154  151  152  156  162  168  174  178  180  180  180  179  178
  178  178  176  173  167  159  151  145  140  138  137  135  132  129  124  119
  113  106  100   96   94   93   92   91   90   91   92   93   94   94   95   98
  101  106  110  110  110  111  113  118  112                                   
    30.0-180.0 180.0   5.0 450.0                            LAT/LON1/LON2/DLON/H
  122  124  126  130  136  144  156  170  184  194  200  202  201  197  193  188
  183  176  169  162  159  160  165  172  180  187  192  196  197  197  197  196
  194  191  187  180  172  163  154  147  144  142  140  138  135  131  127  121
  115  108  101   97   94   93   92   91   89   89   90   92   93   93   95   98
  101  107  111  114  115  118  122  126  122                                   
    27.5-180.0 180.0   5.0 450.0                            LAT/LON1/LON2/DLON/H
  136  137  138  140  145  153  164  179  193  205  213  217  218  215  211  206
  200  192  183  175  170  170  174  182  191  199  207  212  215  217  217  215
  211  204  196  186  176  166  157  151  148  145  143  140  136  132  127  122
  115  107  100   96   93   93   92   90   89   88   88   89   90   90   92   95
   99  106  112  116  121  125  133  136  136                                   
    25.0-180.0 180.0   5.0 450.0                            LAT/LON1/LON2/DLON/H
  151  152  154  156  161  169  178  192  206  219  228  235  237  236  234  230
  223  215  204  194  186  183  185  192  201  212  221  229  234  237  237  233
  226  216  205  192  180  170  162  157  153  150  147  142  137  131  126  120
  113  105   98   94   93   93   93   91   89   87   86   86   86   86   87   91
   95  103  111  118  126  132  143  146  151                                   
    22.5-180.0 180.0   5.0 450.0                            LAT/LON1/LON2/DLON/H
  166  169  172  175  181  190  198  210  222  235  246  254  258  260  260  258
  252  243  231  218  207  201  200  205  214  225  236  246  253  256  255  250
  240  227  212  198  187  177  170  164  160  156  151  144  137  130  124  118
  111  103   96   93   93   94   94   92   89   86   83   82   81   81   82   86
   91  100  110  118  130  139  152  156  166                                   
    20.0-180.0 180.0   5.0 450.0                            LAT/LON1/LON2/DLON/H
  178  185  190  196  203  213  220  231  242  254  265  274  282  287  290  290
  286  277  263  248  233  223  220  223  231  242  253  263  270  273  271  264
  252  237  220  206  195  187  181  175  169  163  155  147  139  130  123  116
  108  101   95   93   93   95   96   93   89   85   81   78   76   76   78   82
   87   98  108  119  132  145  160  166  178                                   
    17.5-180.0 180.0   5.0 450.0                            LAT/LON1/LON2/DLON/H
  186  198  205  215  224  235  243  252  263  274  285  296  305  313  319  322
  320  312  298  281  264  251  245  245  252  262  272  281  287  288  284  274
  261  244  228  215  206  199  193  187  179  171  162  152  142  132  124  116
  108  100   95   93   95   97   97   94   89   83   78   75   72   72   74   78
   84   95  107  118  134  150  167  174  186                                   
    15.0-180.0 180.0   5.0 450.0                            LAT/LON1/LON2/DLON/H
  191  208  218  230  243  254  263  272  282  293  304  316  327  337  346  351
  351  344  331  313  296  282  274  273  278  286  294  300  302  300  293  282
  268  251  236  225  218  213  207  199  190  180  170  159  147  136  126  117
  108  100   96   94   96   98   98   94   88   81   75   71   69   69   71   76
   81   93  105  118  135  153  172  180  191                                   
    12.5-180.0 180.0   5.0 450.0                            LAT/LON1/LON2/DLON/H
  193  215  226  241  256  269  279  288  298  309  320  333  345  357  367  374
  375  370  359  343  326  312  304  303  306  311  316  318  316  309  300  287
  272  257  244  235  230  226  220  211  200  188  177  166  154  141  129  119
  109  101   96   95   97   98   97   92   85   78   72   68   66   66   69   74
   79   91  104  117  136  155  177  185  193                                   
    10.0-180.0 180.0   5.0 450.0                            LAT/LON1/LON2/DLON/H
  194  220  233  248  265  278  291  300  310  321  332  345  357  369  380  387
  390  387  378  365  351  340  333  331  333  336  337  334  327  317  305  290
  276  262  250  244  240  236  229  219  206  195  183  172  159  145  131  119
  109  101   96   95   96   96   93   87   80   73   67   64   63   64   67   72
   78   89  103  117  136  157  180  188  194                                   
     7.5-180.0 180.0   5.0 450.0                            LAT/LON1/LON2/DLON/H
  197  225  238  253  271  284  299  308  319  329  340  352  363  374  384  391
  395  394  388  379  369  361  357  356  357  357  354  347  336  323  307  292
