data/edconvlstm_nd/pred0110.15i
     1.0            IONOSPHERE MAPS     GNSS                IONEX VERSION / TYPE
pyspatialgeodesy        IME             05-JAN-18 20:20     PGM / RUN BY / DATE 
Map Name                                                    COMMENT             
Predicted global ionosphere maps (GIM).                     DESCRIPTION         
  2015     1    11     0     0     0                        EPOCH OF FIRST MAP  
  2015     1    12     0     0     0                        EPOCH OF LAST MAP   
  7200                                                      INTERVAL            
    13                                                      # OF MAPS IN FILE   
  NONE                                                      MAPPING FUNCTION    
10.0                                                        ELEVATION CUTOFF    
One-way carrier phase leveled to code                       OBSERVABLES USED    
  6371.0                                                    BASE RADIUS         
 2                                                          MAP DIMENSION       
   450.0 450.0   0.0                                        HGT1 / HGT2 / DHGT  
    87.5 -87.5  -2.5                                        LAT1 / LAT2 / DLAT  
  -180.0 180.0   5.0                                        LON1 / LON2 / DLON  
    -1                                                      EXPONENT            
                                                            END OF HEADER       
[from data line 3861]
    10                                                      START OF TEC MAP    
  2015     1    11    18     0     0                        EPOCH OF CURRENT MAP
    87.5-180.0 180.0   5.0 450.0                            LAT/LON1/LON2/DLON/H
  112  119  116  122  127  127  127  125  126  130  130  131  132  133  134  135
  135  135  135  134  134  133  132  130  129  128  126  125  123  122  121  120
  119  118  117  116  115  115  114  113  113  112  112  111  111  111  111  111
  111  111  111  111  112  112  112  112  112  112  113  113  113  113  113  112
  113  113  110  107  113  112  124  119  112                                   
    85.0-180.0 180.0   5.0 450.0                            LAT/LON1/LON2/DLON/H
  121  121  133  120  121  128  129  132  134  138  139  141  143  144  146  147
  147  148  147  147  145  144  142  140  138  136  134  132  130  128  127  125
  124  122  121  120  119  118  117  116  115  114  114  113  113  112  112  112
  113  113  113  114  114  115  115  116  116  116  117  117  117  117  117  116
  117  116  112  108  109  110  114  113  121                                   
    82.5-180.0 180.0   5.0 450.0                            LAT/LON1/LON2/DLON/H
  106  110  114  110  114  121  126  129  132  137  140  144  147  150  153  155
  156  156  155  154  152  149  145  142  138  134  130  127  124  121  119  117
  115  114  112  111  110  109  108  106  105  104  103  102  101  101  101  102
  102  103  104  105  107  108  109  110  111  112  112  113  112  112  111  111
  111  109  105  102  103  113  105  103  106                                   
    80.0-180.0 180.0   5.0 450.0                            LAT/LON1/LON2/DLON/H
   85   88   97   94   99  102  110  116  122  128  133  139  144  149  152  155
  157  157  156  154  150  145  139  133  127  121  115  110  106  103  101   99
   98   98   97   97   96   96   95   94   92   91   90   89   88   88   88   89
   90   91   93   95   97   99  100  102  103  104  105  105  104  104  102  101
  100   98   95   93   88   93   88   92   85                                   
    77.5-180.0 180.0   5.0 450.0                            LAT/LON1/LON2/DLON/H
   83   81   84   83   89   94  102  109  116  122  129  137  144  151  156  161
  163  164  163  160  155  147  139  130  120  111  102   95   90   86   84   83
   83   84   85   86   87   87   86   85   84   82   80   79   78   77   78   79
   80   82   84   87   90   92   95   97   99  100  101  101  101  100   98   96
   94   91   89   86   82   81   80   85   83                                   
    75.0-180.0 180.0   5.0 450.0                            LAT/LON1/LON2/DLON/H
   70   70   72   73   79   84   91   98  106  115  124  133  142  150  158  164
  168  171  170  167  160  151  139  127  114  101   90   81   75   71   69   68
   70   72   74   76   78   79   79   78   77   75   73   71   70   70   70   71
   73   76   78   81   84   87   90   93   95   97   98   98   98   97   95   93
   91   89   86   81   77   74   71   67   70                                   
    72.5-180.0 180.0   5.0 450.0                            LAT/LON1/LON2/DLON/H
   70   69   69   74   76   81   89   95  102  111  120  130  141  152  161  170
  177  181  182  179  173  162  148  132  115   99   84   73   64   59   56   56
   58   60   64   67   69   71   71   71   69   68   65   64   62   62   62   64
   66   68   71   74   77   80   82   85   88   90   91   92   93   92   91   90
   87   85   82   77   72   70   68   69   70                                   
    70.0-180.0 180.0   5.0 450.0                            LAT/LON1/LON2/DLON/H
   69   68   68   72   74   79   84   91   99  108  118  130  142  154  167  178
  188  196  200  199  193  182  167  149  129  109   92   77   66   59   55   54
   54   57   59   62   64   66   66   65   64   62   61   59   58   58   59   60
   62   64   66   68   71   73   75   77   80   82   84   86   87   87   88   87
   85   83   82   78   74   71   71   72   69                                   
    67.5-180.0 180.0   5.0 450.0                            LAT/LON1/LON2/DLON/H
   73   71   71   76   78   82   88   95  102  111  122  134  147  162  177  192
  205  216  223  226  222  212  196  176  154  132  111   93   79   70   63   60
   58   58   59   60   61   61   61   60   59   58   56   55   55   55   56   58
   59   61   62   63   65   66   67   69   71   73   76   78   80   81   82   83
   82   81   80   76   71   70   68   69   73                                   
    65.0-180.0 180.0   5.0 450.0                            LAT/LON1/LON2/DLON/H
   69   68   68   74   76   81   87   95  103  114  125  139  153  170  187  205
  222  237  248  254  253  245  231  211  188  163  141  120  104   91   81   74
   69   64   61   58   56   54   53   52   50   50   49   49   49   50   51   52
   54   54   55   55   55   55   56   57   58   61   64   66   69   71   73   75
   75   75   76   74   70   70   69   71   69                                   
    62.5-180.0 180.0   5.0 450.0                            LAT/LON1/LON2/DLON/H
   65   63   63   70   74   80   87   97  108  120  133  147  163  181  200  220
  240  258  273  282  284  279  266  247  224  199  176  154  136  120  107   96
   85   75   67   59   53   48   45   43   42   42   42   43   44   46   47   48
   48   48   48   47   46   46   46   46   48   50   53   56   59   62   64   66
   66   67   68   66   63   64   62   66   65                                   
    60.0-180.0 180.0   5.0 450.0                            LAT/LON1/LON2/DLON/H
   56   55   55   62   67   74   84   97  111  126  141  157  174  193  213  234
  256  277  294  306  310  308  297  280  258  235  212  191  172  155  138  122
  106   90   75   62   51   44   39   36   35   36   37   38   40   41   42   43
   43   42   41   40   38   37   37   38   39   41   44   47   50   52   55   57
   58   58   59   58   56   56   56   61   56                                   
    57.5-180.0 180.0   5.0 450.0                            LAT/LON1/LON2/DLON/H
   47   47   47   55   61   70   83  100  117  135  153  171  188  207  227  249
  271  292  310  324  330  329  320  306  287  266  245  226  208  190  172  152
  130  108   87   69   55   45   39   35   34   34   36   38   40   41   42   42
   41   40   38   37   35   35   34   35   36   38   40   43   45   48   51   53
   53   54   54   52   50   51   51   57   47                                   
    55.0-180.0 180.0   5.0 450.0                            LAT/LON1/LON2/DLON/H
   43   43   43   51   58   69   85  105  126  148  168  187  205  222  241  262
  283  304  321  335  342  342  335  323  306  288  271  253  237  220  200  178
  152  126  101   79   62   50   43   39   37   38   39   41   43   44   44   44
   42   41   40   38   37   37   37   38   39   40   42   43   45   48   50   53
   53   54   54   52   49   49   49   56   43                                   
    52.5-180.0 180.0   5.0 450.0                            LAT/LON1/LON2/DLON/H
   44   45   44   53   61   73   91  113  138  162  185  204  221  238  255  273
  292  310  326  338  345  345  340  330  317  302  287  272  257  240  221  197
  169  141  114   91   73   61   53   48   46   46   47   49   50   51   51   50
   48   47   46   45   45   45   45   46   46   47   47   48   50   52   55   57
   59   60   61   58   55   54   54   60   44                                   
    50.0-180.0 180.0   5.0 450.0                            LAT/LON1/LON2/DLON/H
   54   55   54   62   70   83  103  128  154  180  203  223  239  254  268  283
  299  314  327  337  342  343  340  332  321  308  295  281  267  250  230  206
  179  150  124  103   86   74   66   61   58   57   58   59   61   61   60   59
   57   56   56   56   56   57   57   57   57   57   56   56   57   59   62   66
   69   71   72   70   66   64   65   69   54                                   
    47.5-180.0 180.0   5.0 450.0                            LAT/LON1/LON2/DLON/H
   70   70   70   78   87  100  121  146  173  200  223  242  258  270  282  294
  306  317  326  333  338  339  337  331  322  310  297  283  267  250  229  205
  179  153  130  111   98   88   81   75   71   69   69   70   71   72   72   70
   69   68   68   68   69   69   70   69   69   67   65   64   64   66   71   76
   80   84   86   86   82   79   80   82   70                                   
    45.0-180.0 180.0   5.0 450.0                            LAT/LON1/LON2/DLON/H
   88   87   89   98  107  121  142  167  193  220  242  261  276  287  296  304
  313  320  326  331  334  336  335  331  323  311  296  279  261  241  219  195
  170  148  130  116  107  100   94   88   82   79   78   79   81   82   81   80
   79   78   79   79   79   80   79   79   78   75   73   71   71   73   78   84
   89   95   99  100   97   94   95   96   88                                   
    42.5-180.0 180.0   5.0 450.0                            LAT/LON1/LON2/DLON/H
  103  102  106  117  128  142  162  186  212  237  260  279  293  302  310  316
  321  326  329  332  335  337  337  334  325  312  294  274  252  229  206  182
  159  141  127  119  114  110  105   98   91   86   84   85   87   88   88   87
   86   85   85   85   84   84   83   83   82   80   77   75   75   77   81   88
   94  100  105  108  107  104  105  107  103                                   
    40.0-180.0 180.0   5.0 450.0                            LAT/LON1/LON2/DLON/H
  111  110  116  130  143  159  179  202  226  251  274  293  307  317  323  328
  331  333  336  338  341  344  344  341  331  316  296  272  247  222  197  173
  153  137  127  122  121  118  114  106   98   91   88   88   90   91   91   89
   87   86   85   84   82   81   81   81   81   80   78   77   76   77   81   87
   92   98  104  107  107  106  106  111  111                                   
    37.5-180.0 180.0   5.0 450.0                            LAT/LON1/LON2/DLON/H
  111  110  119  136  153  170  191  213  236  261  283  303  318  328  334  338
  341  343  345  348  351  354  354  350  340  323  302  278  252  226  202  178
  158  144  135  132  131  129  124  116  106   97   93   92   92   93   91   88
   85   82   79   77   75   74   74   75   77   78   78   77   76   76   78   82
   86   91   95   99   99   97   99  107  111                                   
    35.0-180.0 180.0   5.0 450.0                            LAT/LON1/LON2/DLON/H
  105  104  116  137  157  176  198  219  242  266  289  310  325  336  343  347
  350  352  355  358  363  366  365  360  350  334  314  293  271  248  225  204
  184  168  158  152  149  145  139  129  118  109  102   99   97   95   92   87
   82   77   73   70   67   66   68   70   74   78   80   79   78   76   76   77
   78   81   84   86   85   83   84   96  105                                   
    32.5-180.0 180.0   5.0 450.0                            LAT/LON1/LON2/DLON/H
   96   97  111  135  159  178  202  224  247  271  294  314  331  342  350  354
  356  359  362  367  372  375  374  369  359  347  333  319  305  289  271  252
  231  212  196  185  177  169  161  150  138  127  119  113  108  103   97   90
   82   76   70   66   63   63   65   70   76   82   85   86   83   80   77   75
   73   73   74   74   72   68   69   83   96                                   
    30.0-180.0 180.0   5.0 450.0                            LAT/LON1/LON2/DLON/H
   91   92  108  134  162  182  207  229  253  276  299  320  336  347  355  358
  360  363  367  373  378  381  379  374  368  362  358  356  353  348  338  321
  299  273  249  229  213  201  190  179  167  155  144  135  127  119  110  100
   91   82   75   70   67   68   71   77   84   91   96   97   94   88   83   79
   74   72   71   69   65   59   59   74   91                                   
    27.5-180.0 180.0   5.0 450.0                            LAT/LON1/LON2/DLON/H
   92   93  111  137  168  188  216  239  263  287  309  329  344  354  360  363
  364  365  369  375  380  383  381  378  376  380  389  401  414  422  421  408
  382  348  313  282  257  239  225  214  202  189  176  165  153  142  131  120
  109  100   92   86   83   83   86   92  100  107  111  111  108  102   95   89
   82   80   76   72   67   59   57   71   92                                   
    25.0-180.0 180.0   5.0 450.0                            LAT/LON1/LON2/DLON/H
  101  101  120  147  179  200  230  254  279  303  325  343  357  366  370  371
  369  368  371  376  381  383  383  382  387  401  424  453  482  504  513  502
  471  427  380  337  303  278  262  251  240  227  213  199  185  172  160  148
  138  128  120  113  109  108  110  114  120  125  128  128  124  118  110  104
   97   94   89   85   78   68   63   74  101                                   
    22.5-180.0 180.0   5.0 450.0                            LAT/LON1/LON2/DLON/H
  117  116  134  161  195  217  250  275  302  326  348  365  377  385  387  385
  380  376  376  380  385  387  388  392  404  428  464  507  551  585  599  588
  553  500  442  389  345  315  297  286  275  263  248  232  218  204  193  182
  173  165  157  150  144  140  139  140  142  144  145  143  139  133  126  120
  113  112  106  104   95   83   76   84  117                                   
    20.0-180.0 180.0   5.0 450.0                            LAT/LON1/LON2/DLON/H
  136  133  151  180  215  239  275  302  331  357  379  395  407  413  414  409
  401  393  390  392  396  399  402  410  428  461  508  562  613  650  665  652
  612  555  490  430  380  346  326  314  304  292  276  261  246  234  225  217
  211  205  198  191  183  176  170  166  163  161  159  156  152  146  140  135
  129  129  124  124  114  100   92   97  136                                   
    17.5-180.0 180.0   5.0 450.0                            LAT/LON1/LON2/DLON/H
  153  150  168  198  236  264  303  333  364  392  415  432  444  450  450  444
  433  422  415  415  418  422  428  440  464  503  554  611  661  693  702  684
  642  585  520  457  405  368  346  333  323  310  295  279  267  257  251  247
  245  242  237  229  219  208  198  188  181  175  170  166  161  156  151  146
  142  143  138  139  129  115  108  112  153                                   
    15.0-180.0 180.0   5.0 450.0                            LAT/LON1/LON2/DLON/H
  164  163  182  215  256  289  331  363  398  429  454  473  487  495  496  490
  477  463  454  451  454  459  468  483  510  550  601  651  690  710  708  685
  645  592  532  473  422  384  360  344  331  317  301  287  277  271  268  268
  269  269  266  257  245  231  216  203  192  184  177  172  167  162  158  153
  150  151  147  148  138  125  119  124  164                                   
    12.5-180.0 180.0   5.0 450.0                            LAT/LON1/LON2/DLON/H
  165  169  191  228  274  311  356  391  429  463  491  514  531  542  547  543
  531  516  504  500  502  509  519  537  564  601  643  679  700  704  691  664
  627  581  531  479  432  395  369  349  332  314  298  285  277  274  274  277
  280  282  279  270  256  240  224  209  196  187  180  175  170  165  161  156
  151  152  148  147  139  128  124  130  165                                   
    10.0-180.0 180.0   5.0 450.0                            LAT/LON1/LON2/DLON/H
  160  170  195  236  287  329  377  415  454  491  523  549  570  586  596  596
  587  574  562  557  559  567  579  597  620  648  675  692  695  685  663  635
  601  565  524  482  441  405  376  351  328  307  288  276  269  268  270  274
  278  280  277  268  253  236  220  206  194  185  179  174  170  165  161  155
  149  147  143  140  134  126  122  130  160                                   
     7.5-180.0 180.0   5.0 450.0                            LAT/LON1/LON2/DLON/H
  151  166  195  241  296  343  393  432  473  511  545  575  600  621  636  642
  639  629  620  616  619  627  639  652  668  683  693  693  683  663  637  609
