data/edconvlstm_nd/pred2520.15i
     1.0            IONOSPHERE MAPS     GNSS                IONEX VERSION / TYPE
pyspatialgeodesy        IME             05-JAN-18 20:20     PGM / RUN BY / DATE 
Map Name                                                    COMMENT             
Predicted global ionosphere maps (GIM).                     DESCRIPTION         
  2015     9     9     0     0     0                        EPOCH OF FIRST MAP  
  2015     9    10     0     0     0                        EPOCH OF LAST MAP   
  7200                                                      INTERVAL            
    13                                                      # OF MAPS IN FILE   
  NONE                                                      MAPPING FUNCTION    
10.0                                                        ELEVATION CUTOFF    
One-way carrier phase leveled to code                       OBSERVABLES USED    
  6371.0                                                    BASE RADIUS         
 2                                                          MAP DIMENSION       
   450.0 450.0   0.0                                        HGT1 / HGT2 / DHGT  
    87.5 -87.5  -2.5                                        LAT1 / LAT2 / DLAT  
  -180.0 180.0   5.0                                        LON1 / LON2 / DLON  
    -1                                                      EXPONENT            
                                                            END OF HEADER       
[from data line 3003]
     8                                                      START OF TEC MAP    
  2015     9     9    14     0     0                        EPOCH OF CURRENT MAP
    87.5-180.0 180.0   5.0 450.0                            LAT/LON1/LON2/DLON/H
   72   80   80   82   86   85   84   80   80   82   81   82   82   83   83   83
   84   85   86   86   87   88   89   89   90   91   91   92   92   93   93   93
   93   94   94   94   94   93   93   93   93   93   92   92   92   91   91   90
   90   89   88   88   87   86   85   85   84   83   83   82   82   81   81   80
   81   81   79   75   79   76   89   90   72                                   
    85.0-180.0 180.0   5.0 450.0                            LAT/LON1/LON2/DLON/H
   76   81   94   79   80   83   82   83   83   85   84   85   85   85   86   86
   87   88   89   90   91   92   94   95   96   97   98   98   99  100  100  101
  101  101  101  101  101  101  101  101  100  100  100   99   98   98   97   96
   95   94   92   91   90   89   88   87   86   85   84   83   83   82   82   82
   83   82   78   73   73   74   82   81   76                                   
    82.5-180.0 180.0   5.0 450.0                            LAT/LON1/LON2/DLON/H
   64   73   80   73   73   77   78   78   78   79   79   80   79   80   80   81
   82   83   85   86   88   90   92   94   95   97   99  100  101  102  103  103
  104  104  104  104  104  104  104  104  104  104  103  102  101  100   99   98
   96   95   93   91   90   88   86   85   83   82   80   79   78   77   76   76
   77   76   72   69   70   77   71   70   64                                   
    80.0-180.0 180.0   5.0 450.0                            LAT/LON1/LON2/DLON/H
   57   61   71   67   66   66   68   69   70   71   70   71   71   71   72   73
   74   76   77   79   82   84   86   88   91   93   95   96   98   99   99  100
  100  100  100  101  101  101  102  102  102  102  102  101  100   98   97   95
   93   91   89   87   85   83   81   79   76   74   73   71   69   68   67   67
   67   67   65   63   61   67   67   69   57                                   
    77.5-180.0 180.0   5.0 450.0                            LAT/LON1/LON2/DLON/H
   61   62   65   62   61   63   64   65   65   65   64   65   65   65   66   68
   69   71   73   76   78   81   84   87   89   92   94   96   97   98   99   99
   99   99   99  100  100  101  102  102  103  103  103  102  101   99   98   96
   93   91   89   86   84   81   79   76   74   71   69   67   64   63   61   60
   60   59   58   58   58   57   59   65   61                                   
    75.0-180.0 180.0   5.0 450.0                            LAT/LON1/LON2/DLON/H
   54   56   56   56   56   58   59   59   60   60   59   60   60   61   62   64
   66   68   70   73   75   78   81   84   86   89   92   93   95   96   96   96
   96   96   96   96   97   99  100  102  103  103  103  103  101  100   98   96
   93   91   89   87   84   82   79   76   73   71   68   65   63   60   59   58
   56   56   55   52   54   53   55   52   54                                   
    72.5-180.0 180.0   5.0 450.0                            LAT/LON1/LON2/DLON/H
   50   52   51   53   53   56   57   58   58   58   58   59   59   61   63   65
   67   69   71   74   76   78   81   83   86   88   90   92   93   94   94   93
   93   93   93   93   95   96   99  101  102  103  103  102  100   98   96   94
   91   89   87   85   83   81   78   75   72   69   66   63   61   58   56   55
   53   52   51   48   50   50   51   52   50                                   
    70.0-180.0 180.0   5.0 450.0                            LAT/LON1/LON2/DLON/H
   46   46   48   49   50   51   52   54   56   57   58   60   61   64   66   69
   71   73   75   77   78   80   81   83   86   88   90   92   93   93   92   92
   91   90   90   91   92   95   97  100  101  102  102  100   98   96   93   91
   89   87   86   84   82   80   78   75   72   68   65   63   60   58   56   54
   53   51   50   47   48   48   52   51   46                                   
    67.5-180.0 180.0   5.0 450.0                            LAT/LON1/LON2/DLON/H
   41   42   43   45   47   48   50   53   55   57   59   63   65   69   72   75
   78   80   82   82   82   83   83   84   86   87   89   91   92   92   91   90
   89   88   87   88   90   92   95   97   98   99   98   96   93   90   87   85
   84   83   82   81   79   77   75   72   69   66   64   61   59   57   55   54
   53   51   49   46   46   46   47   46   41                                   
    65.0-180.0 180.0   5.0 450.0                            LAT/LON1/LON2/DLON/H
   36   38   38   40   42   43   45   49   52   56   59   64   69   73   78   82
   85   87   88   87   86   85   85   85   86   88   89   91   92   92   91   90
   89   87   87   87   88   90   93   95   96   95   94   91   88   84   82   80
   79   79   78   78   76   74   71   68   66   63   61   59   57   56   55   54
   53   51   50   46   47   47   48   47   36                                   
    62.5-180.0 180.0   5.0 450.0                            LAT/LON1/LON2/DLON/H
   32   34   33   35   37   38   40   44   48   53   58   64   70   76   82   86
   90   92   92   91   89   87   86   86   86   87   89   90   91   92   91   90
   89   88   87   87   87   88   90   91   92   91   88   85   81   78   75   74
   74   74   74   73   72   69   66   63   60   57   56   54   53   52   51   51
   50   49   48   45   45   45   47   45   32                                   
    60.0-180.0 180.0   5.0 450.0                            LAT/LON1/LON2/DLON/H
   30   31   30   31   31   31   34   37   42   47   53   60   67   74   81   87
   91   93   93   92   90   88   87   86   86   87   89   90   91   92   92   91
   90   89   88   87   86   87   88   88   88   86   83   79   76   73   71   70
   71   71   72   71   68   65   61   57   54   51   50   49   48   47   46   46
   45   44   44   42   43   43   46   44   30                                   
    57.5-180.0 180.0   5.0 450.0                            LAT/LON1/LON2/DLON/H
   30   31   29   30   29   28   30   33   37   42   47   55   63   71   79   85
   90   93   94   93   91   90   89   89   89   90   91   92   93   94   94   95
   94   93   92   90   89   88   88   88   87   86   83   80   76   74   73   73
   74   75   75   73   70   65   60   56   52   50   48   47   46   45   43   42
   41   40   41   39   42   43   46   45   30                                   
    55.0-180.0 180.0   5.0 450.0                            LAT/LON1/LON2/DLON/H
   34   33   31   31   29   27   28   30   33   37   42   50   58   66   75   82
   88   92   94   94   94   93   93   93   94   94   95   95   95   96   97   98
   98   98   96   94   92   91   91   90   89   88   86   84   82   81   81   82
   83   83   82   79   74   69   63   58   54   51   50   48   47   45   43   41
   39   37   38   37   40   42   47   46   34                                   
    52.5-180.0 180.0   5.0 450.0                            LAT/LON1/LON2/DLON/H
   39   38   36   36   32   30   30   31   32   35   39   46   54   62   71   79
   86   92   95   97   98   99  100  101  101  101  100   99   98   99  100  101
  102  102  101   99   97   96   95   95   95   94   94   93   93   93   93   95
   95   95   93   89   83   76   69   64   60   58   56   55   52   49   46   43
   40   37   38   37   41   44   49   48   39                                   
    50.0-180.0 180.0   5.0 450.0                            LAT/LON1/LON2/DLON/H
   45   45   44   43   39   37   36   35   35   37   40   46   53   61   71   80
   88   95  100  104  106  108  109  110  110  109  106  104  101  101  102  104
  106  106  105  104  102  101  101  102  102  103  104  105  106  108  109  110
  110  109  105  100   93   85   79   74   70   68   67   65   62   58   54   49
   45   41   41   40   43   47   52   51   45                                   
    47.5-180.0 180.0   5.0 450.0                            LAT/LON1/LON2/DLON/H
   51   52   52   52   48   46   44   43   41   42   44   49   56   64   74   83
   93  102  109  114  117  119  120  121  121  118  114  109  105  103  103  105
  108  109  108  107  107  107  108  110  112  114  116  119  121  123  124  125
  124  121  117  110  103   96   89   85   82   81   80   78   75   70   64   59
   54   49   48   45   48   51   56   55   51                                   
    45.0-180.0 180.0   5.0 450.0                            LAT/LON1/LON2/DLON/H
   56   59   60   61   57   56   54   52   50   51   52   57   63   71   81   91
  102  113  121  127  130  131  132  132  130  127  121  114  109  105  105  106
  108  110  111  111  112  114  116  119  122  125  128  131  134  136  137  137
  134  131  125  118  111  104   99   96   94   93   93   91   88   83   77   71
   65   60   57   54   55   57   61   60   56                                   
    42.5-180.0 180.0   5.0 450.0                            LAT/LON1/LON2/DLON/H
   60   64   65   68   66   66   64   62   60   60   62   67   74   82   91  102
  114  126  135  140  142  142  141  140  138  134  128  120  112  107  106  107
  109  111  113  115  118  122  126  130  133  136  139  142  145  146  146  145
  141  137  131  124  117  111  106  104  103  103  103  102   99   94   88   83
   77   72   68   63   62   64   66   64   60                                   
    40.0-180.0 180.0   5.0 450.0                            LAT/LON1/LON2/DLON/H
   61   67   68   73   72   72   71   70   69   70   73   78   85   93  103  115
  127  139  148  152  152  150  148  145  143  139  132  124  116  110  108  109
  112  114  118  121  127  133  139  144  146  148  150  153  154  155  154  151
  146  141  135  128  121  116  112  109  109  109  109  108  106  102   97   93
   88   83   79   73   70   70   70   67   61                                   
    37.5-180.0 180.0   5.0 450.0                            LAT/LON1/LON2/DLON/H
   63   68   69   74   74   75   75   75   75   77   81   88   96  105  115  126
  139  150  158  161  159  154  150  146  144  140  135  127  119  114  112  114
  117  121  126  132  140  149  156  160  162  163  163  164  165  165  162  158
  153  147  141  134  127  121  116  113  112  112  112  111  110  106  103   99
   96   92   88   82   78   75   74   70   63                                   
    35.0-180.0 180.0   5.0 450.0                            LAT/LON1/LON2/DLON/H
   64   68   68   73   73   75   76   77   78   82   87   96  105  114  124  135
  147  157  164  165  161  155  148  144  142  140  136  130  124  120  120  123
  128  134  141  150  160  170  177  181  182  181  181  181  181  179  176  171
  166  159  152  145  136  128  122  117  114  113  113  113  111  109  106  103
  101   98   95   90   84   80   78   73   64                                   
    32.5-180.0 180.0   5.0 450.0                            LAT/LON1/LON2/DLON/H
   67   69   68   71   71   72   74   76   78   83   90   99  110  120  130  141
  152  161  166  166  161  154  146  142  140  139  137  134  130  129  131  137
  145  154  163  174  186  197  204  207  207  205  203  203  203  202  198  193
  187  181  173  163  152  141  131  124  119  117  116  115  114  111  108  106
  103  102  100   95   90   85   83   77   67                                   
    30.0-180.0 180.0   5.0 450.0                            LAT/LON1/LON2/DLON/H
   72   72   69   70   70   70   71   73   75   80   88   99  111  122  133  143
  153  161  166  165  160  153  145  141  139  139  139  139  139  142  148  157
  169  181  194  207  219  229  236  238  237  234  233  234  234  234  230  225
  219  212  202  189  174  159  146  135  128  124  123  122  120  117  112  109
  106  104  103   99   95   91   89   82   72                                   
    27.5-180.0 180.0   5.0 450.0                            LAT/LON1/LON2/DLON/H
   79   79   74   72   71   70   70   70   72   76   84   96  109  121  132  142
  151  159  164  165  161  154  148  143  141  142  144  147  152  159  170  184
  200  216  231  245  258  267  272  273  271  269  269  271  273  274  271  266
  260  251  239  223  203  183  166  152  143  139  137  136  133  127  121  115
  110  108  107  104  101   98   97   90   79                                   
    25.0-180.0 180.0   5.0 450.0                            LAT/LON1/LON2/DLON/H
   88   88   81   77   74   72   71   69   70   73   80   91  104  118  129  140
  149  157  163  166  164  160  154  150  148  149  153  160  169  182  198  217
  238  257  274  288  300  307  309  309  306  306  308  312  316  318  316  311
  304  294  279  258  234  210  190  175  165  159  157  155  151  143  133  124
  117  114  112  109  108  106  107   99   88                                   
    22.5-180.0 180.0   5.0 450.0                            LAT/LON1/LON2/DLON/H
   99   99   91   85   81   78   74   70   69   70   76   86  100  114  127  138
  148  157  165  169  171  169  165  162  160  162  167  177  191  209  231  254
  278  299  317  330  339  343  343  341  339  340  345  352  358  360  358  353
  345  333  315  291  264  237  215  199  189  184  181  179  173  163  149  137
  127  122  119  117  117  116  118  109   99                                   
    20.0-180.0 180.0   5.0 450.0                            LAT/LON1/LON2/DLON/H
  110  111  102   95   89   84   80   74   71   70   74   83   96  111  126  139
  150  161  170  176  180  181  179  177  176  179  186  199  217  240  265  292
  316  338  354  364  369  370  368  365  364  367  375  384  392  395  393  387
  377  363  343  316  286  258  237  222  213  208  205  202  195  182  166  151
  138  132  128  125  126  126  128  120  110                                   
    17.5-180.0 180.0   5.0 450.0                            LAT/LON1/LON2/DLON/H
  119  122  112  105   98   92   87   79   75   72   74   82   95  111  127  142
  155  167  178  186  192  195  195  194  195  199  209  225  247  273  300  326
  350  369  382  389  390  387  383  380  381  387  396  407  416  419  417  409
  398  381  359  330  299  272  252  239  232  228  225  221  213  199  181  164
  150  142  138  135  135  136  138  130  119                                   
    15.0-180.0 180.0   5.0 450.0                            LAT/LON1/LON2/DLON/H
  125  129  120  112  105   98   92   85   80   76   76   83   96  113  131  148
  163  176  188  198  204  208  210  212  215  222  235  254  278  305  332  357
  377  393  402  405  403  397  392  390  393  401  412  423  432  434  430  421
  407  388  364  334  304  279  261  251  245  242  238  234  225  210  192  174
  160  151  147  144  143  143  144  136  125                                   
    12.5-180.0 180.0   5.0 450.0                            LAT/LON1/LON2/DLON/H
  127  132  123  116  108  101   96   89   84   79   79   85   98  116  136  155
  172  187  199  209  216  221  224  228  235  245  262  284  310  337  362  383
  400  411  416  416  411  405  400  400  405  413  424  434  440  441  435  423
  407  386  360  331  302  279  265  257  253  249  245  239  229  215  197  180
  166  158  154  151  149  148  148  139  127                                   
    10.0-180.0 180.0   5.0 450.0                            LAT/LON1/LON2/DLON/H
  124  129  121  115  108  101   98   91   87   83   82   88  102  120  142  163
  182  198  211  220  226  231  236  243  254  269  290  314  341  367  389  407
  419  426  427  423  417  412  410  412  417  425  433  440  443  440  432  419
  401  378  352  323  297  277  265  259  256  251  245  238  228  213  197  181
  169  162  158  155  151  149  148  138  124                                   
     7.5-180.0 180.0   5.0 450.0                            LAT/LON1/LON2/DLON/H
  119  123  115  110  105   98   96   91   89   86   86   92  105  125  147  169
  190  207  220  229  235  240  247  258  273  293  317  344  371  395  414  427
