data/edconvlstm_nd/pred0100.15i
     1.0            IONOSPHERE MAPS     GNSS                IONEX VERSION / TYPE
pyspatialgeodesy        IME             05-JAN-18 20:20     PGM / RUN BY / DATE 
Map Name                                                    COMMENT             
Predicted global ionosphere maps (GIM).                     DESCRIPTION         
  2015     1    10     0     0     0                        EPOCH OF FIRST MAP  
  2015     1    11     0     0     0                        EPOCH OF LAST MAP   
  7200                                                      INTERVAL            
    13                                                      # OF MAPS IN FILE   
  NONE                                                      MAPPING FUNCTION    
10.0                                                        ELEVATION CUTOFF    
One-way carrier phase leveled to code                       OBSERVABLES USED    
  6371.0                                                    BASE RADIUS         
 2                                                          MAP DIMENSION       
   450.0 450.0   0.0                                        HGT1 / HGT2 / DHGT  
    87.5 -87.5  -2.5                                        LAT1 / LAT2 / DLAT  
  -180.0 180.0   5.0                                        LON1 / LON2 / DLON  
    -1                                                      EXPONENT            
                                                            END OF HEADER       
[from data line 4719]
    12                                                      START OF TEC MAP    
  2015     1    10    22     0     0                        EPOCH OF CURRENT MAP
    87.5-180.0 180.0   5.0 450.0                            LAT/LON1/LON2/DLON/H
  114  105   93   97  100   97   96   93   93   96   95   96   96   96   96   96
   96   96   95   95   94   93   92   92   91   90   90   90   89   89   89   90
   90   91   91   92   93   93   94   95   96   96   97   98   98   99   99   99
   99   99   99   99   98   97   96   95   94   93   92   91   89   88   87   86
   85   85   82   80   88   88  105  110  114                                   
    85.0-180.0 180.0   5.0 450.0                            LAT/LON1/LON2/DLON/H
  116  104  110   96   95   99   99  101  101  104  103  104  104  105  105  105
  104  103  102  101  100   99   98   97   96   95   94   94   94   94   94   94
   94   95   96   97   98   99  100  102  103  104  105  106  107  108  109  109
  109  109  108  108  107  105  104  102  101   99   97   95   93   91   90   88
   88   87   83   80   83   86   89   90  116                                   
    82.5-180.0 180.0   5.0 450.0                            LAT/LON1/LON2/DLON/H
   95   90   92   89   93   98  102  103  105  107  108  110  110  110  110  109
  107  105  103  101   98   95   93   91   89   87   86   85   85   84   85   85
   86   87   88   89   91   92   94   96   98   99  101  102  104  105  106  106
  107  106  106  105  104  102  100   97   95   92   89   86   84   81   79   77
   76   74   71   72   77   88   80   83   95                                   
    80.0-180.0 180.0   5.0 450.0                            LAT/LON1/LON2/DLON/H
   73   74   82   81   87   88   98  102  106  109  112  113  113  113  111  109
  105  101   97   92   88   83   80   76   73   71   69   69   68   68   69   70
   71   72   74   76   78   80   83   85   87   90   92   94   96   98   99  100
  100  100   99   98   96   94   91   88   84   81   77   73   70   67   64   62
   60   60   58   60   61   68   62   73   73                                   
    77.5-180.0 180.0   5.0 450.0                            LAT/LON1/LON2/DLON/H
   80   79   87   88   98  102  112  118  123  126  129  131  131  130  127  122
  116  110  103   95   88   82   76   71   67   64   63   62   61   62   62   63
   65   66   68   70   73   75   78   80   83   85   87   88   90   91   92   92
   92   92   91   90   88   86   83   80   76   72   68   64   60   57   54   52
   51   51   52   55   58   62   63   77   80                                   
    75.0-180.0 180.0   5.0 450.0                            LAT/LON1/LON2/DLON/H
   80   86   94   96  108  115  124  131  138  143  146  147  146  143  138  131
  122  113  103   93   84   76   69   64   60   57   56   55   55   56   57   58
   59   61   62   64   66   69   71   73   75   77   79   80   81   82   83   83
   83   83   82   81   79   77   75   72   68   65   61   58   54   52   50   49
   48   50   52   54   57   62   63   67   80                                   
    72.5-180.0 180.0   5.0 450.0                            LAT/LON1/LON2/DLON/H
   96  104  114  123  132  140  150  157  162  166  169  170  168  163  156  146
  135  122  109   97   85   75   66   60   55   53   51   51   52   53   54   55
   55   56   57   59   61   62   64   66   68   69   69   70   70   69   69   69
   69   68   68   68   67   66   64   62   59   57   54   51   48   46   45   45
   46   48   51   53   57   66   73   81   96                                   
    70.0-180.0 180.0   5.0 450.0                            LAT/LON1/LON2/DLON/H
  108  121  133  141  151  160  167  175  181  186  188  188  184  178  169  158
  144  129  114  100   86   75   65   58   54   51   50   50   51   52   53   53
   53   53   53   54   55   56   57   59   60   61   61   60   60   59   58   57
   57   57   57   57   57   57   57   56   54   53   51   49   48   47   47   48
   49   52   58   62   70   80   91   97  108                                   
    67.5-180.0 180.0   5.0 450.0                            LAT/LON1/LON2/DLON/H
  128  143  156  166  177  186  195  202  206  209  211  210  206  199  189  177
  162  145  128  111   96   82   70   62   56   52   51   51   51   52   52   51
   50   49   48   48   48   49   50   52   53   53   52   51   50   48   47   46
   46   46   47   48   50   51   51   52   52   52   51   50   49   49   49   51
   53   57   62   67   75   90  100  107  128                                   
    65.0-180.0 180.0   5.0 450.0                            LAT/LON1/LON2/DLON/H
  138  156  171  182  193  204  212  219  223  226  226  224  220  213  204  192
  178  162  144  126  109   93   79   69   61   56   53   52   51   51   50   48
   46   44   41   40   40   40   42   43   44   45   44   43   41   39   38   37
   37   37   39   41   43   45   47   49   50   51   52   52   52   52   53   54
   56   62   68   76   85  103  116  124  138                                   
    62.5-180.0 180.0   5.0 450.0                            LAT/LON1/LON2/DLON/H
  148  167  184  196  211  223  232  238  241  243  242  240  236  230  222  211
  199  184  167  148  129  110   93   79   68   60   55   52   50   49   47   45
   41   38   35   32   32   32   34   36   37   38   38   37   35   34   32   31
   31   32   33   36   38   42   45   48   50   52   54   55   55   55   56   57
   59   64   70   78   88  107  121  129  148                                   
    60.0-180.0 180.0   5.0 450.0                            LAT/LON1/LON2/DLON/H
  154  174  193  207  224  238  248  254  257  257  256  252  248  243  237  230
  220  208  191  173  152  131  111   93   78   67   58   53   50   48   45   42
   38   34   30   28   27   27   29   32   34   35   35   35   34   32   30   29
   29   29   31   33   36   40   43   47   50   53   55   57   58   58   58   59
   60   65   72   80   91  112  127  138  154                                   
    57.5-180.0 180.0   5.0 450.0                            LAT/LON1/LON2/DLON/H
  159  181  202  218  238  253  265  271  273  272  268  264  259  256  252  247
  241  230  215  196  174  152  129  108   89   74   63   56   51   48   45   41
   37   33   29   27   26   27   29   32   34   36   37   37   36   35   33   31
   30   30   31   33   36   39   43   47   51   54   56   58   59   59   60   61
   62   68   75   84   94  116  131  144  159                                   
    55.0-180.0 180.0   5.0 450.0                            LAT/LON1/LON2/DLON/H
  168  192  214  231  254  270  283  290  291  287  282  276  271  267  265  263
  258  249  234  215  193  169  145  122  101   84   70   61   55   51   47   44
   40   36   33   32   32   33   34   37   39   41   42   43   43   41   40   38
   36   35   34   35   38   41   44   48   51   54   56   58   59   60   61   63
   66   72   81   91  101  123  140  153  168                                   
    52.5-180.0 180.0   5.0 450.0                            LAT/LON1/LON2/DLON/H
  182  207  230  246  271  288  302  308  308  303  295  286  280  276  275  273
  269  260  245  226  203  180  156  134  113   95   80   69   62   57   53   50
   47   44   42   41   42   43   44   46   48   50   51   53   53   52   51   48
   45   43   41   41   42   44   47   50   52   54   56   58   59   61   64   68
   72   81   93  104  115  138  155  168  182                                   
    50.0-180.0 180.0   5.0 450.0                            LAT/LON1/LON2/DLON/H
  202  227  250  265  290  307  322  328  326  319  309  298  290  285  283  280
  275  265  249  229  208  186  165  145  126  108   93   80   72   66   61   58
   55   54   53   54   55   57   58   59   60   61   63   65   66   66   64   62
   58   54   51   50   50   51   53   54   55   56   57   58   60   63   67   74
   82   94  109  124  135  159  177  187  202                                   
    47.5-180.0 180.0   5.0 450.0                            LAT/LON1/LON2/DLON/H
  226  250  271  283  307  325  339  345  343  335  323  311  301  293  289  285
  278  265  248  228  209  190  174  157  141  124  107   94   83   75   69   65
   63   63   64   67   69   71   71   71   72   73   76   78   80   81   80   77
   73   68   64   62   61   61   61   61   60   59   59   59   61   65   71   81
   92  109  128  145  159  184  203  211  226                                   
    45.0-180.0 180.0   5.0 450.0                            LAT/LON1/LON2/DLON/H
  249  271  289  299  321  337  351  357  356  349  337  324  313  304  297  290
  279  265  247  227  210  196  184  171  157  140  123  106   93   82   74   69
   67   68   71   75   80   82   83   82   82   84   87   90   93   95   94   92
   88   83   78   75   73   72   71   70   67   65   62   62   63   68   76   87
  102  122  144  165  182  208  228  235  249                                   
    42.5-180.0 180.0   5.0 450.0                            LAT/LON1/LON2/DLON/H
  266  285  301  308  328  343  357  363  364  359  350  338  326  316  307  296
  284  267  249  232  217  206  197  186  173  155  135  116   99   85   75   68
   66   68   73   79   85   89   90   89   90   92   96  100  103  105  106  104
  100   95   91   87   85   84   82   79   75   71   67   66   67   71   80   93
  110  132  156  179  199  225  248  255  266                                   
    40.0-180.0 180.0   5.0 450.0                            LAT/LON1/LON2/DLON/H
  277  293  306  310  328  341  354  362  365  364  358  350  340  330  319  307
  292  276  259  243  231  222  213  202  187  166  143  120  100   85   73   66
   63   65   71   79   87   92   93   93   94   97  102  106  110  112  113  111
  108  104   99   96   94   93   91   87   83   77   73   70   70   74   83   97
  115  138  163  186  207  235  258  270  277                                   
    37.5-180.0 180.0   5.0 450.0                            LAT/LON1/LON2/DLON/H
  282  296  308  309  324  335  347  355  361  364  363  359  353  344  333  320
  306  290  275  262  252  242  231  216  196  171  145  121  100   85   73   66
   63   65   71   80   89   94   96   97   98  101  106  110  113  115  115  114
  111  107  104  101   99   98   96   93   87   82   77   73   73   76   86  100
  118  142  167  188  209  238  262  279  282                                   
    35.0-180.0 180.0   5.0 450.0                            LAT/LON1/LON2/DLON/H
  287  300  311  311  324  331  341  348  356  362  365  366  363  356  346  334
  321  308  297  286  276  263  247  226  200  171  144  120  103   90   81   75
   72   73   79   87   95  100  102  102  103  106  110  113  115  115  115  113
  110  107  103  101  100   99   97   94   89   84   79   76   76   79   89  105
  123  147  170  190  208  238  262  284  287                                   
    32.5-180.0 180.0   5.0 450.0                            LAT/LON1/LON2/DLON/H
  297  312  325  323  335  337  345  349  357  363  368  371  371  366  358  347
  335  326  318  309  298  281  258  230  199  168  143  124  113  107  103   99
   95   94   97  103  109  112  113  112  112  113  116  117  117  115  113  110
  107  103   99   97   96   96   95   92   88   84   80   78   79   83   95  112
  132  157  179  197  211  241  265  291  297                                   
    30.0-180.0 180.0   5.0 450.0                            LAT/LON1/LON2/DLON/H
  319  338  354  350  362  361  367  367  371  374  378  380  379  375  367  356
  346  338  333  326  312  291  262  228  195  167  147  138  136  139  142  140
  136  130  128  129  131  132  130  127  124  124  124  123  120  116  112  108
  103   98   94   92   91   91   90   88   85   83   81   81   83   90  104  125
  148  175  197  214  225  255  280  308  319                                   
    27.5-180.0 180.0   5.0 450.0                            LAT/LON1/LON2/DLON/H
  355  379  399  394  409  405  409  404  403  401  399  396  392  385  375  363
  352  345  340  332  317  292  259  225  194  173  163  165  175  188  197  198
  190  178  168  162  160  157  152  146  141  137  134  130  125  119  113  107
  101   96   91   88   87   86   85   84   83   82   82   84   88   98  116  142
  170  202  225  241  251  283  309  337  355                                   
    25.0-180.0 180.0   5.0 450.0                            LAT/LON1/LON2/DLON/H
  404  434  458  454  471  469  471  462  456  446  435  425  414  401  386  370
  356  346  339  330  314  288  256  225  202  192  194  207  229  251  265  264
  251  230  211  198  190  183  175  167  159  152  146  139  131  123  116  109
  102   96   90   86   84   83   82   81   81   82   84   87   94  107  130  162
  196  233  259  279  288  323  353  380  404                                   
    22.5-180.0 180.0   5.0 450.0                            LAT/LON1/LON2/DLON/H
  462  497  524  523  545  545  548  537  527  510  490  469  449  428  406  383
  362  347  335  324  307  283  257  236  224  226  240  264  293  319  334  330
  309  280  252  232  219  209  198  187  176  166  157  147  138  129  121  113
  106   99   93   88   85   84   82   81   81   82   85   90   99  115  143  181
  221  266  296  320  332  371  405  430  462                                   
    20.0-180.0 180.0   5.0 450.0                            LAT/LON1/LON2/DLON/H
  518  558  588  593  621  626  631  621  610  589  562  531  501  471  440  408
  378  354  336  322  306  287  270  261  263  278  301  330  359  383  393  384
  356  319  284  258  242  229  217  204  190  177  165  154  143  133  126  119
  112  105   99   94   90   87   85   84   83   84   87   93  104  123  155  197
  243  293  328  357  373  416  457  480  518                                   
    17.5-180.0 180.0   5.0 450.0                            LAT/LON1/LON2/DLON/H
  565  609  642  654  689  701  711  706  698  676  644  606  567  528  488  447
  407  374  349  332  318  306  300  304  319  342  369  395  417  431  432  415
  381  340  302  274  256  243  230  215  200  184  170  157  146  137  130  125
  119  113  107  102   97   94   91   88   87   87   90   96  108  130  165  210
  260  313  352  384  406  452  499  520  565                                   
    15.0-180.0 180.0   5.0 450.0                            LAT/LON1/LON2/DLON/H
  596  642  677  695  738  759  775  778  777  759  728  688  643  598  552  503
  454  412  381  360  348  344  348  364  387  414  435  450  456  455  444  419
  383  342  305  278  261  248  235  220  204  187  171  157  146  138  133  130
  127  122  117  112  107  102   99   95   93   92   94  100  113  136  173  219
  270  324  365  400  426  475  525  545  596                                   
    12.5-180.0 180.0   5.0 450.0                            LAT/LON1/LON2/DLON/H
  609  654  691  712  761  789  813  826  834  826  802  764  720  673  623  570
  516  468  432  409  399  401  413  435  460  481  490  486  472  453  430  401
  365  328  296  273  259  247  235  220  203  186  169  155  145  138  136  135
  134  132  128  123  117  112  107  103  100   97   98  103  117  142  179  225
  274  327  368  404  432  483  534  554  609                                   
    10.0-180.0 180.0   5.0 450.0                            LAT/LON1/LON2/DLON/H
  606  648  685  705  756  788  819  840  861  865  852  823  783  739  692  640
  587  537  499  476  467  471  487  508  528  536  527  500  465  431  399  369
  338  309  284  266  254  244  232  217  200  182  166  152  143  138  137  139
  140  140  137  133  127  120  115  110  106  103  102  107  121  146  183  228
  274  323  364  400  429  480  529  549  606                                   
     7.5-180.0 180.0   5.0 450.0                            LAT/LON1/LON2/DLON/H
  592  631  664  681  727  758  791  819  851  869  869  852  822  786  746  701
  654  609  573  551  543  547  560  574  582  573  543  497  445  399  364  337
