data/edconvlstm_nd/pred1510.15i
     1.0            IONOSPHERE MAPS     GNSS                IONEX VERSION / TYPE
pyspatialgeodesy        IME             05-JAN-18 20:20     PGM / RUN BY / DATE 
Map Name                                                    COMMENT             
Predicted global ionosphere maps (GIM).                     DESCRIPTION         
  2015     5    31     0     0     0                        EPOCH OF FIRST MAP  
  2015     6     1     0     0     0                        EPOCH OF LAST MAP   
  7200                                                      INTERVAL            
    13                                                      # OF MAPS IN FILE   
  NONE                                                      MAPPING FUNCTION    
10.0                                                        ELEVATION CUTOFF    
One-way carrier phase leveled to code                       OBSERVABLES USED    
  6371.0                                                    BASE RADIUS         
 2                                                          MAP DIMENSION       
   450.0 450.0   0.0                                        HGT1 / HGT2 / DHGT  
    87.5 -87.5  -2.5                                        LAT1 / LAT2 / DLAT  
  -180.0 180.0   5.0                                        LON1 / LON2 / DLON  
    -1                                                      EXPONENT            
                                                            END OF HEADER       
[from data line 1716]
     5                                                      START OF TEC MAP    
  2015     5    31     8     0     0                        EPOCH OF CURRENT MAP
    87.5-180.0 180.0   5.0 450.0                            LAT/LON1/LON2/DLON/H
  153  152  149  152  153  151  149  146  147  147  147  148  148  148  148  149
  149  149  149  149  149  149  149  149  149  149  149  148  148  148  148  148
  148  147  147  147  147  147  147  146  146  146  147  147  147  148  148  149
  149  149  150  150  150  150  150  151  150  150  150  150  150  149  149  149
  149  151  149  149  153  152  156  152  153                                   
    85.0-180.0 180.0   5.0 450.0                            LAT/LON1/LON2/DLON/H
  152  156  158  156  156  157  156  155  155  156  155  156  156  157  157  158
  158  159  159  159  159  160  159  159  159  159  159  159  159  159  159  159
  159  159  158  158  158  157  157  157  157  157  157  157  158  159  159  160
  161  162  162  163  163  164  164  164  164  164  163  163  163  162  162  162
  163  164  159  159  155  156  158  159  152                                   
    82.5-180.0 180.0   5.0 450.0                            LAT/LON1/LON2/DLON/H
  152  158  159  153  151  151  150  149  150  150  150  151  152  153  154  155
  156  157  158  158  158  158  158  158  158  158  158  158  158  159  159  159
  159  159  159  159  158  158  158  157  157  158  158  159  160  161  162  163
  165  166  167  168  168  169  169  169  168  168  167  166  165  164  163  163
  163  163  158  160  158  160  158  151  152                                   
    80.0-180.0 180.0   5.0 450.0                            LAT/LON1/LON2/DLON/H
  153  156  154  151  149  147  145  145  145  145  145  147  148  150  151  153
  154  155  156  156  156  156  156  155  155  155  155  155  156  157  158  159
  160  160  160  160  160  160  159  159  159  160  160  161  163  165  167  169
  170  172  173  174  175  175  175  174  173  172  171  170  168  167  165  165
  164  163  160  161  160  163  167  154  153                                   
    77.5-180.0 180.0   5.0 450.0                            LAT/LON1/LON2/DLON/H
  155  155  153  151  147  145  143  142  141  141  141  143  144  147  149  151
  153  155  155  155  155  154  153  152  151  151  151  152  154  156  159  161
  164  166  167  168  168  168  168  168  168  168  169  171  173  176  179  181
  183  185  186  186  186  186  185  183  182  180  178  176  173  171  169  168
  167  166  161  163  164  163  164  159  155                                   
    75.0-180.0 180.0   5.0 450.0                            LAT/LON1/LON2/DLON/H
  152  155  149  149  144  143  140  137  136  136  135  137  139  141  144  147
  150  151  152  151  150  148  146  144  142  142  142  144  147  151  156  161
  166  170  173  175  176  176  176  176  176  177  179  181  184  187  190  192
  194  195  195  195  193  192  190  187  185  182  180  178  175  173  171  170
  168  167  163  161  163  164  165  159  152                                   
    72.5-180.0 180.0   5.0 450.0                            LAT/LON1/LON2/DLON/H
  151  155  150  148  144  142  139  136  134  133  132  134  136  139  142  145
  147  149  149  149  147  144  140  137  134  133  134  136  141  147  155  163
  171  178  183  187  189  189  189  189  190  191  193  196  199  203  205  207
  208  207  205  203  199  196  192  189  186  184  181  180  178  176  174  174
  172  171  168  167  166  167  166  162  151                                   
    70.0-180.0 180.0   5.0 450.0                            LAT/LON1/LON2/DLON/H
  154  155  150  147  142  138  135  131  129  127  126  128  129  132  136  139
  141  142  142  141  138  134  129  125  122  120  121  125  131  139  150  161
  172  182  189  195  198  199  199  200  200  202  205  208  212  215  217  217
  216  212  208  202  196  191  186  182  179  177  176  176  175  174  174  174
  173  172  170  168  167  169  171  167  154                                   
    67.5-180.0 180.0   5.0 450.0                            LAT/LON1/LON2/DLON/H
  153  155  150  147  142  138  133  129  127  124  123  124  125  128  131  133
  135  136  135  133  129  125  120  115  111  110  111  115  123  133  146  160
  173  185  195  201  205  207  208  208  209  212  215  219  223  225  226  224
  220  214  206  197  189  181  175  171  169  168  169  170  171  172  173  174
  174  173  171  169  168  171  171  168  153                                   
    65.0-180.0 180.0   5.0 450.0                            LAT/LON1/LON2/DLON/H
  155  157  152  148  143  138  133  128  125  122  120  120  122  123  126  127
  129  128  127  124  120  115  110  106  103  102  104  109  118  130  144  159
  175  189  200  207  212  214  215  216  218  221  226  230  234  236  235  231
  225  215  204  193  182  173  166  162  161  162  164  167  170  172  174  175
  176  175  174  173  172  175  177  173  155                                   
    62.5-180.0 180.0   5.0 450.0                            LAT/LON1/LON2/DLON/H
  158  162  156  151  145  139  133  127  123  119  117  117  117  118  120  121
  120  119  117  114  110  105  102   99   97   98  101  107  116  128  143  159
  175  190  201  210  215  217  219  221  224  228  234  239  243  244  242  236
  227  216  203  189  177  167  160  156  156  158  162  166  170  173  175  177
  178  178  176  175  175  178  181  178  158                                   
    60.0-180.0 180.0   5.0 450.0                            LAT/LON1/LON2/DLON/H
  164  168  162  155  149  142  135  127  121  116  112  111  111  111  112  112
  110  108  105  101   98   95   93   92   93   95  100  107  117  129  143  159
  175  189  200  209  214  217  220  222  227  232  238  244  248  249  246  239
  230  217  203  190  177  167  160  157  157  160  164  169  173  175  177  178
  179  179  178  178  178  182  186  183  164                                   
    57.5-180.0 180.0   5.0 450.0                            LAT/LON1/LON2/DLON/H
  173  177  171  164  156  148  138  128  120  112  107  105  104  104  103  102
  100   98   94   90   87   85   85   87   91   96  103  111  121  132  145  159
  174  187  199  207  213  217  220  224  229  235  242  248  252  253  250  244
  235  223  210  197  185  176  169  166  166  169  172  175  178  179  180  180
  180  181  180  181  182  187  191  188  173                                   
    55.0-180.0 180.0   5.0 450.0                            LAT/LON1/LON2/DLON/H
  185  189  183  175  166  155  143  130  120  110  103   99   96   95   94   93
   91   88   84   81   78   78   79   83   90   97  106  116  125  136  147  160
  173  186  197  206  213  218  222  226  231  238  244  251  255  256  254  249
  242  232  222  211  200  192  185  182  181  182  183  184  185  184  182  182
  182  183  182  184  186  192  196  193  185                                   
    52.5-180.0 180.0   5.0 450.0                            LAT/LON1/LON2/DLON/H
  198  203  197  189  178  165  151  135  122  109  100   94   89   87   86   85
   83   81   78   75   73   73   76   82   90  100  110  120  130  140  150  160
  172  185  196  207  215  221  225  230  235  241  247  253  257  259  259  256
  251  245  238  229  220  212  206  202  199  198  196  194  192  188  185  184
  184  185  186  188  191  198  201  198  198                                   
    50.0-180.0 180.0   5.0 450.0                            LAT/LON1/LON2/DLON/H
  209  215  210  202  191  176  160  142  126  111  100   91   85   82   80   79
   78   77   75   73   72   73   76   82   91  102  113  124  134  143  151  161
  173  185  198  210  220  227  232  237  241  246  251  257  261  264  265  265
  263  260  255  248  241  234  227  221  217  213  209  204  198  193  189  188
  188  191  192  194  198  204  207  203  209                                   
    47.5-180.0 180.0   5.0 450.0                            LAT/LON1/LON2/DLON/H
  217  223  220  212  200  184  168  149  133  116  103   93   85   80   78   77
   77   77   77   76   75   76   79   85   94  104  115  126  136  144  153  162
  174  187  202  215  227  236  242  246  250  254  258  262  267  270  273  275
  275  274  271  266  259  251  244  237  231  225  218  211  204  198  195  195
  196  198  200  202  205  210  212  208  217                                   
    45.0-180.0 180.0   5.0 450.0                            LAT/LON1/LON2/DLON/H
  220  225  222  214  203  188  173  155  139  123  109   98   89   82   79   78
   79   81   82   82   82   83   85   90   97  106  117  127  137  145  153  163
  176  190  206  222  235  246  253  258  261  264  267  271  275  279  283  286
  288  288  285  279  272  264  256  248  241  234  226  218  211  206  203  204
  206  209  210  211  213  217  217  212  220                                   
    42.5-180.0 180.0   5.0 450.0                            LAT/LON1/LON2/DLON/H
  217  220  218  209  199  184  172  157  144  130  117  106   96   88   83   82
   84   86   88   90   90   91   92   96  101  109  119  128  137  146  154  165
  178  193  210  227  243  255  264  269  272  275  278  282  287  292  297  300
  302  301  297  291  283  273  264  256  248  241  233  226  220  216  215  218
  221  224  223  222  221  222  222  216  217                                   
    40.0-180.0 180.0   5.0 450.0                            LAT/LON1/LON2/DLON/H
  210  211  207  197  187  174  165  154  146  135  125  116  105   97   91   89
   90   93   95   97   98   99  100  102  107  113  121  130  138  147  156  166
  180  195  213  231  248  262  273  280  284  288  291  296  301  307  312  316
  317  316  311  304  294  284  274  265  257  250  243  237  233  231  232  236
  239  241  239  235  230  228  226  219  210                                   
    37.5-180.0 180.0   5.0 450.0                            LAT/LON1/LON2/DLON/H
  202  200  194  181  172  160  154  148  144  138  132  125  116  107  101   98
   98   99  102  103  104  105  107  109  113  119  126  133  141  149  158  169
  181  197  214  232  250  266  278  288  294  300  305  311  317  324  331  335
  337  335  330  322  312  302  291  281  272  265  259  254  252  252  254  258
  260  260  255  248  240  235  231  222  202                                   
    35.0-180.0 180.0   5.0 450.0                            LAT/LON1/LON2/DLON/H
  197  191  183  167  157  146  142  139  139  138  136  132  126  119  112  108
  106  106  106  107  108  110  113  116  121  126  133  139  146  153  161  171
  183  197  212  230  248  265  281  293  303  310  318  326  334  343  351  357
  360  359  356  349  340  330  318  307  297  288  282  278  277  278  281  283
  283  280  272  262  250  243  237  227  197                                   
    32.5-180.0 180.0   5.0 450.0                            LAT/LON1/LON2/DLON/H
  198  189  178  160  149  138  134  131  133  135  137  137  134  129  123  118
  114  112  110  110  111  114  118  124  129  135  141  146  151  158  165  174
  184  196  210  226  244  262  280  295  308  319  330  340  351  362  372  381
  387  390  389  386  379  369  357  343  331  320  313  309  308  308  309  309
  305  300  289  276  263  252  246  234  198                                   
    30.0-180.0 180.0   5.0 450.0                            LAT/LON1/LON2/DLON/H
  209  196  184  164  152  139  133  129  130  132  136  140  140  137  133  128
  123  118  114  112  113  118  124  132  139  145  150  154  158  162  169  177
  185  195  206  221  239  258  277  295  312  326  339  352  365  379  393  405
  415  423  428  429  426  418  405  390  374  361  351  345  342  340  337  333
  326  317  305  291  277  265  256  244  209                                   
    27.5-180.0 180.0   5.0 450.0                            LAT/LON1/LON2/DLON/H
  227  213  199  179  166  152  144  136  133  133  137  141  144  144  141  136
  130  123  118  115  117  122  131  140  149  155  158  160  162  166  171  178
  186  194  204  218  235  255  275  295  314  331  346  362  377  394  411  428
  443  456  467  475  477  471  458  440  421  404  391  382  376  370  363  354
  343  333  320  305  291  279  269  257  227                                   
    25.0-180.0 180.0   5.0 450.0                            LAT/LON1/LON2/DLON/H
  250  236  223  203  191  175  164  152  144  140  140  144  147  148  147  143
  136  129  122  119  122  129  139  149  157  162  164  164  164  166  171  178
  186  194  204  218  235  255  276  296  316  335  352  369  387  406  426  446
  466  485  502  515  522  519  506  487  464  444  428  415  405  394  383  371
  357  346  333  319  307  294  284  271  250                                   
    22.5-180.0 180.0   5.0 450.0                            LAT/LON1/LON2/DLON/H
  274  260  249  232  220  204  191  175  162  152  148  149  151  153  152  148
  141  134  127  125  129  137  148  158  164  166  165  162  160  162  167  175
  185  195  207  222  239  259  279  300  320  339  357  375  394  414  436  459
  483  505  526  542  552  551  538  518  495  474  455  440  426  412  398  383
  368  357  346  334  322  310  299  287  274                                   
    20.0-180.0 180.0   5.0 450.0                            LAT/LON1/LON2/DLON/H
  293  281  272  257  246  232  218  200  184  170  161  157  157  157  156  152
  145  138  133  132  137  146  157  164  167  165  160  155  152  153  160  171
  184  197  212  228  247  267  286  306  326  345  363  381  400  421  443  467
  490  513  534  551  561  560  549  530  509  489  471  454  439  423  408  392
  378  368  359  349  338  326  313  301  293                                   
    17.5-180.0 180.0   5.0 450.0                            LAT/LON1/LON2/DLON/H
  305  293  286  273  263  250  238  222  205  188  175  168  165  163  160  155
  148  142  138  139  145  155  164  168  166  159  150  142  139  142  151  166
  183  200  218  237  257  277  296  315  334  353  371  389  407  426  448  469
  490  510  528  543  550  549  540  525  508  492  476  461  446  430  415  401
  388  381  374  364  353  340  326  313  305                                   
    15.0-180.0 180.0   5.0 450.0                            LAT/LON1/LON2/DLON/H
  309  296  289  276  266  256  247  235  221  204  189  179  173  168  163  157
  150  144  142  144  152  161  167  167  159  148  136  127  124  130  142  161
  181  202  223  244  266  287  307  326  345  363  381  397  413  431  450  467
  484  499  512  523  528  527  520  511  500  488  476  463  449  435  421  409
  399  393  388  379  368  353  338  323  309                                   
    12.5-180.0 180.0   5.0 450.0                            LAT/LON1/LON2/DLON/H
  307  292  283  269  258  248  244  237  228  214  199  188  180  173  167  159
  152  146  144  147  155  162  165  160  148  133  120  111  110  118  134  155
  179  203  226  250  273  296  316  336  355  373  390  405  419  435  450  464
  475  485  494  501  504  504  500  495  490  484  475  464  451  438  426  417
  409  406  401  392  380  363  347  331  307                                   
    10.0-180.0 180.0   5.0 450.0                            LAT/LON1/LON2/DLON/H
  304  286  275  257  244  233  232  231  226  216  204  193  184  177  169  160
  152  146  144  147  154  159  158  149  134  118  104   98   99  109  127  151
  176  202  227  252  277  300  322  343  362  380  396  410  422  435  448  459
  468  474  480  485  487  487  486  485  483  480  474  464  453  441  431  423
  418  415  411  401  388  370  354  336  304                                   
     7.5-180.0 180.0   5.0 450.0                            LAT/LON1/LON2/DLON/H
  304  284  270  247  232  218  217  219  219  213  203  194  185  178  170  161
  152  145  143  144  148  150  146  135  118  103   91   87   90  102  122  147
