data/edconvlstm_nd/pred3470.15i
     1.0            IONOSPHERE MAPS     GNSS                IONEX VERSION / TYPE
pyspatialgeodesy        IME             05-JAN-18 20:20     PGM / RUN BY / DATE 
Map Name                                                    COMMENT             
Predicted global ionosphere maps (GIM).                     DESCRIPTION         
  2015    12    13     0     0     0                        EPOCH OF FIRST MAP  
  2015    12    14     0     0     0                        EPOCH OF LAST MAP   
  7200                                                      INTERVAL            
    13                                                      # OF MAPS IN FILE   
  NONE                                                      MAPPING FUNCTION    
10.0                                                        ELEVATION CUTOFF    
One-way carrier phase leveled to code                       OBSERVABLES USED    
  6371.0                                                    BASE RADIUS         
 2                                                          MAP DIMENSION       
   450.0 450.0   0.0                                        HGT1 / HGT2 / DHGT  
    87.5 -87.5  -2.5                                        LAT1 / LAT2 / DLAT  
  -180.0 180.0   5.0                                        LON1 / LON2 / DLON  
    -1                                                      EXPONENT            
                                                            END OF HEADER       
[from data line 4290]
    11                                                      START OF TEC MAP    
  2015    12    13    20     0     0                        EPOCH OF CURRENT MAP
    87.5-180.0 180.0   5.0 450.0                            LAT/LON1/LON2/DLON/H
   67   64   59   61   66   62   62   58   59   62   61   63   64   65   66   66
   67   67   67   67   67   67   67   67   66   66   66   65   65   65   65   64
   64   64   64   63   63   63   62   62   62   61   61   61   61   60   60   60
   59   59   59   58   58   57   57   57   56   56   55   55   55   54   54   53
   53   53   49   45   50   51   69   78   67                                   
    85.0-180.0 180.0   5.0 450.0                            LAT/LON1/LON2/DLON/H
   68   64   73   55   56   59   57   59   59   62   62   63   64   66   67   67
   68   69   69   70   70   70   70   70   70   70   70   70   69   69   69   69
   69   68   68   68   68   67   67   67   66   66   65   65   64   64   63   62
   62   61   61   60   60   59   59   58   57   57   56   56   55   55   55   54
   54   53   48   45   50   53   59   53   68                                   
    82.5-180.0 180.0   5.0 450.0                            LAT/LON1/LON2/DLON/H
   43   46   49   42   47   48   50   50   51   53   55   58   59   61   63   64
   65   66   67   67   67   67   67   66   66   66   66   66   65   65   65   65
   65   65   65   64   64   63   63   62   61   60   60   59   58   57   56   55
   54   54   53   52   51   51   50   50   49   49   48   47   47   46   45   45
   44   42   39   38   45   55   49   48   43                                   
    80.0-180.0 180.0   5.0 450.0                            LAT/LON1/LON2/DLON/H
   22   29   37   33   37   35   40   41   44   47   50   54   56   58   60   62
   63   63   64   63   63   62   61   60   60   59   59   59   59   59   59   60
   60   60   60   60   60   59   59   58   57   56   55   54   53   52   51   50
   49   48   48   47   46   46   45   45   44   43   43   42   41   40   40   38
   38   37   35   35   35   42   35   42   22                                   
    77.5-180.0 180.0   5.0 450.0                            LAT/LON1/LON2/DLON/H
   30   29   30   26   31   30   35   37   41   44   48   53   56   60   63   65
   66   66   66   65   63   61   59   58   56   55   54   54   54   55   56   56
   57   58   58   58   57   56   55   54   53   51   50   49   48   47   46   46
   45   45   44   44   43   43   43   42   42   41   40   39   38   37   36   34
   33   32   30   30   30   32   30   39   30                                   
    75.0-180.0 180.0   5.0 450.0                            LAT/LON1/LON2/DLON/H
   21   25   25   24   29   30   34   37   42   47   52   58   62   66   69   71
   72   71   70   67   64   61   58   55   53   51   50   50   50   51   52   54
   55   56   56   56   56   55   54   52   51   50   49   48   47   46   46   46
   46   45   45   45   45   45   45   44   44   44   43   43   42   41   40   38
   37   37   35   33   32   30   26   26   21                                   
    72.5-180.0 180.0   5.0 450.0                            LAT/LON1/LON2/DLON/H
   32   32   31   32   33   33   38   40   45   49   54   60   66   70   74   76
   76   75   72   68   64   59   54   50   46   44   42   41   41   42   44   45
   47   48   48   48   48   47   45   44   42   41   40   40   39   39   40   40
   40   41   41   41   41   41   41   41   41   41   40   40   40   39   38   37
   35   34   31   28   27   28   27   31   32                                   
    70.0-180.0 180.0   5.0 450.0                            LAT/LON1/LON2/DLON/H
   34   37   38   39   40   41   45   48   55   60   66   73   79   83   87   88
   88   87   83   78   73   67   60   54   49   46   43   41   41   41   43   44
   45   46   46   46   45   43   42   40   39   38   38   38   38   39   39   40
   41   42   42   42   42   42   43   43   43   43   44   44   44   43   43   42
   40   39   37   35   35   36   38   41   34                                   
    67.5-180.0 180.0   5.0 450.0                            LAT/LON1/LON2/DLON/H
   43   46   46   49   51   52   57   60   66   70   77   84   90   94   98   99
   99   97   93   88   81   74   66   58   51   46   41   39   37   37   37   38
   38   38   38   37   36   35   33   32   32   31   32   32   33   34   35   36
   37   37   38   38   38   38   39   39   40   41   41   42   43   42   42   42
   40   39   36   34   33   36   37   40   43                                   
    65.0-180.0 180.0   5.0 450.0                            LAT/LON1/LON2/DLON/H
   45   51   51   56   58   62   66   71   77   83   90   97  103  107  110  111
  111  110  106  101   94   86   77   68   59   50   44   39   36   34   33   33
   33   32   31   30   28   27   26   26   26   26   26   27   28   29   30   31
   31   32   32   32   33   33   34   35   36   38   39   40   41   41   41   41
   40   39   38   37   37   41   43   47   45                                   
    62.5-180.0 180.0   5.0 450.0                            LAT/LON1/LON2/DLON/H
   49   55   56   62   66   71   76   81   88   94  102  108  114  118  121  123
  124  123  120  115  108  100   89   78   66   55   46   39   34   31   29   28
   27   25   24   22   21   20   19   19   20   21   22   23   23   24   25   25
   25   25   25   26   26   27   28   29   31   33   35   36   37   38   38   37
   36   36   35   34   34   39   40   46   49                                   
    60.0-180.0 180.0   5.0 450.0                            LAT/LON1/LON2/DLON/H
   51   57   59   67   71   77   84   90   98  105  113  119  125  128  131  133
  135  135  133  129  123  113  102   89   75   62   50   41   34   30   27   25
   23   21   19   18   16   15   15   16   17   18   19   20   21   21   21   20
   20   20   20   20   20   21   23   25   27   29   31   33   34   34   35   34
   33   33   33   32   33   38   40   46   51                                   
    57.5-180.0 180.0   5.0 450.0                            LAT/LON1/LON2/DLON/H
   53   59   63   71   78   84   93  100  109  117  125  131  135  138  141  143
  145  146  146  142  136  126  114  100   85   70   57   47   39   33   29   27
   24   22   20   18   16   16   16   17   18   20   21   22   22   22   21   20
   19   18   18   18   18   19   21   23   26   29   31   33   34   34   34   34
   33   34   33   33   34   38   40   47   53                                   
    55.0-180.0 180.0   5.0 450.0                            LAT/LON1/LON2/DLON/H
   58   65   70   79   87   94  104  112  122  130  137  143  146  148  150  153
  155  156  156  153  146  137  125  110   95   80   67   55   47   41   37   33
   30   28   25   23   22   21   21   22   24   26   28   28   28   27   25   24
   22   20   19   19   19   21   23   26   29   32   34   36   37   37   37   37
   37   38   38   37   37   41   43   50   58                                   
    52.5-180.0 180.0   5.0 450.0                            LAT/LON1/LON2/DLON/H
   66   73   81   90   99  108  118  128  138  145  152  155  157  158  159  161
  163  164  163  159  153  144  132  119  105   91   78   68   59   53   48   45
   41   38   35   33   31   31   31   33   35   37   38   39   38   37   34   32
   30   28   26   25   26   27   29   32   36   39   41   43   44   44   44   45
   45   46   47   47   46   49   50   57   66                                   
    50.0-180.0 180.0   5.0 450.0                            LAT/LON1/LON2/DLON/H
   78   85   95  106  116  126  137  148  156  164  168  169  169  168  168  169
  170  170  168  164  157  148  138  127  116  104   93   83   75   68   63   58
   54   51   47   45   44   43   44   45   47   49   50   51   50   49   47   44
   42   39   37   36   36   37   39   42   46   49   51   52   53   53   54   55
   56   58   59   59   58   60   61   67   78                                   
    47.5-180.0 180.0   5.0 450.0                            LAT/LON1/LON2/DLON/H
   92  100  112  124  135  147  158  169  177  183  185  184  182  180  178  178
  178  176  172  166  159  152  144  136  128  119  109  100   91   83   76   70
   65   62   59   57   55   55   55   57   58   60   62   62   62   61   60   58
   56   54   51   50   49   49   51   53   56   59   61   62   63   63   64   66
   67   70   73   73   72   73   74   79   92                                   
    45.0-180.0 180.0   5.0 450.0                            LAT/LON1/LON2/DLON/H
  106  115  129  142  154  167  179  191  197  203  203  200  195  192  189  188
  186  182  176  170  163  157  152  147  141  134  125  116  105   95   86   78
   72   68   66   64   64   64   64   65   66   68   70   71   72   72   71   70
   68   66   64   62   61   61   62   63   65   68   69   71   72   72   74   75
   77   80   83   85   84   86   87   92  106                                   
    42.5-180.0 180.0   5.0 450.0                            LAT/LON1/LON2/DLON/H
  116  127  141  156  170  184  196  208  215  219  218  214  209  204  201  198
  195  190  182  175  169  165  162  160  155  149  139  127  114  101   89   80
   74   70   68   68   69   70   70   71   71   73   74   76   77   78   78   78
   77   75   73   71   70   69   69   70   71   73   75   77   78   79   80   82
   83   87   90   91   91   94   96  103  116                                   
    40.0-180.0 180.0   5.0 450.0                            LAT/LON1/LON2/DLON/H
  121  134  149  166  181  196  208  220  227  231  230  226  220  216  213  210
  205  199  191  184  179  176  175  173  169  161  149  134  118  102   88   78
   72   70   70   72   74   75   75   75   75   76   77   79   80   81   81   81
   80   78   77   75   73   72   72   72   74   75   77   79   81   82   84   85
   86   88   91   92   93   97  100  109  121                                   
    37.5-180.0 180.0   5.0 450.0                            LAT/LON1/LON2/DLON/H
  122  136  151  169  186  201  214  226  233  238  237  234  230  227  224  221
  216  209  202  196  192  190  189  186  180  169  154  136  117  100   87   78
   73   73   75   78   81   83   82   81   80   80   80   81   82   82   81   80
   79   77   76   75   74   73   73   73   73   75   77   79   81   82   84   84
   84   85   87   89   89   94   99  110  122                                   
    35.0-180.0 180.0   5.0 450.0                            LAT/LON1/LON2/DLON/H
  119  134  150  168  186  201  215  227  235  240  241  240  238  236  234  231
  226  220  214  210  207  206  203  197  187  173  156  137  118  102   91   85
   83   85   89   94   96   96   94   91   89   87   87   87   86   84   81   79
   77   75   74   74   74   74   74   73   73   74   76   78   80   81   82   81
   80   80   82   83   83   90   96  109  119                                   
    32.5-180.0 180.0   5.0 450.0                            LAT/LON1/LON2/DLON/H
  115  133  149  166  185  198  214  226  235  241  244  245  244  244  243  240
  235  230  226  224  223  220  215  205  192  176  158  141  125  113  107  105
  107  112  116  120  121  118  113  107  103  100   98   96   93   89   85   81
   78   76   75   76   77   78   77   76   75   75   76   78   79   79   79   78
   76   75   77   79   79   87   94  110  115                                   
    30.0-180.0 180.0   5.0 450.0                            LAT/LON1/LON2/DLON/H
  116  136  152  166  185  197  213  225  236  243  248  251  252  253  251  248
  244  239  237  236  235  231  223  211  196  181  166  153  144  139  138  142
  148  153  157  157  153  146  137  128  121  116  114  110  105   99   93   88
   84   82   82   83   85   86   85   83   81   80   79   79   80   79   78   77
   74   74   76   79   80   88   97  114  116                                   
    27.5-180.0 180.0   5.0 450.0                            LAT/LON1/LON2/DLON/H
  122  144  163  173  191  201  216  228  240  249  257  262  264  264  262  257
  252  247  245  245  243  237  228  215  202  191  183  178  177  180  187  196
  204  208  207  200  189  176  161  149  140  135  131  127  121  114  107  101
   97   95   95   97   99   99   98   94   90   87   85   84   83   81   80   78
   75   77   80   85   87   97  107  124  122                                   
    25.0-180.0 180.0   5.0 450.0                            LAT/LON1/LON2/DLON/H
  137  161  180  188  205  214  228  238  251  262  272  278  281  281  276  269
  262  256  252  250  247  240  230  220  212  209  211  215  223  235  248  261
  268  267  258  242  222  201  181  166  156  151  147  143  137  130  123  118
  115  114  114  116  117  116  113  107  101   95   92   89   87   85   83   81
   79   83   88   95  100  111  122  139  137                                   
    22.5-180.0 180.0   5.0 450.0                            LAT/LON1/LON2/DLON/H
  160  183  203  210  227  235  248  259  272  284  296  303  306  303  296  286
  275  266  259  254  248  239  231  227  228  236  249  263  280  298  315  328
  331  321  300  273  243  215  192  175  166  161  158  154  149  144  140  137
  136  136  137  138  137  134  128  119  110  103   98   94   91   88   86   85
   84   90   98  109  116  129  142  159  160                                   
    20.0-180.0 180.0   5.0 450.0                            LAT/LON1/LON2/DLON/H
  187  208  230  238  256  264  278  289  304  318  330  338  339  334  323  309
  294  281  269  259  249  241  236  239  251  271  294  318  340  360  376  383
  378  357  325  286  248  216  191  175  166  163  162  159  156  153  152  153
  155  157  158  157  155  149  139  128  118  109  102   97   93   90   88   87
   88   97  106  121  132  147  163  179  187                                   
    17.5-180.0 180.0   5.0 450.0                            LAT/LON1/LON2/DLON/H
  213  234  256  267  288  298  315  328  346  362  375  381  381  373  359  341
  322  303  286  270  256  248  247  259  281  311  343  371  394  410  419  416
  400  368  326  280  238  205  181  167  161  159  158  157  156  156  158  163
  168  172  173  171  167  158  147  134  121  112  104   99   94   91   88   88
   90  100  111  129  143  162  180  199  213                                   
    15.0-180.0 180.0   5.0 450.0                            LAT/LON1/LON2/DLON/H
  235  256  281  295  320  334  356  372  392  411  425  431  429  418  402  381
  358  335  312  290  272  263  267  285  317  355  391  418  434  440  437  422
  395  355  308  260  219  189  168  157  153  152  152  151  150  152  157  165
  173  179  181  178  172  162  150  136  123  113  105   99   95   91   88   88
   89  100  112  131  148  171  193  214  235                                   
    12.5-180.0 180.0   5.0 450.0                            LAT/LON1/LON2/DLON/H
  250  274  301  320  348  368  394  415  439  460  475  482  479  467  450  428
  403  376  348  321  300  290  296  320  357  398  431  450  455  448  431  406
  371  328  281  237  201  177  161  153  150  149  147  145  144  146  153  163
  173  180  182  179  173  162  150  137  125  115  107  101   96   92   89   87
   88   98  110  129  149  174  200  223  250                                   
    10.0-180.0 180.0   5.0 450.0                            LAT/LON1/LON2/DLON/H
  258  287  317  339  371  396  426  451  479  503  520  527  525  515  499  478
  454  426  395  364  340  328  335  361  398  435  460  468  460  439  412  379
  341  299  257  221  195  177  166  160  157  153  149  145  142  143  150  160
  170  177  179  177  170  161  150  139  128  118  110  104   99   94   91   88
   88   97  109  127  147  175  205  228  258                                   
     7.5-180.0 180.0   5.0 450.0                            LAT/LON1/LON2/DLON/H
  263  297  329  352  386  415  448  476  508  534  552  561  561  554  542  526
  506  480  449  417  390  377  383  405  436  464  478  473  453  423  389  354
