data/edconvlstm_nd/pred3550.15i
     1.0            IONOSPHERE MAPS     GNSS                IONEX VERSION / TYPE
pyspatialgeodesy        IME             05-JAN-18 20:20     PGM / RUN BY / DATE 
Map Name                                                    COMMENT             
Predicted global ionosphere maps (GIM).                     DESCRIPTION         
  2015    12    21     0     0     0                        EPOCH OF FIRST MAP  
  2015    12    22     0     0     0                        EPOCH OF LAST MAP   
  7200                                                      INTERVAL            
    13                                                      # OF MAPS IN FILE   
  NONE                                                      MAPPING FUNCTION    
10.0                                                        ELEVATION CUTOFF    
One-way carrier phase leveled to code                       OBSERVABLES USED    
  6371.0                                                    BASE RADIUS         
 2                                                          MAP DIMENSION       
   450.0 450.0   0.0                                        HGT1 / HGT2 / DHGT  
    87.5 -87.5  -2.5                                        LAT1 / LAT2 / DLAT  
  -180.0 180.0   5.0                                        LON1 / LON2 / DLON  
    -1                                                      EXPONENT            
                                                            END OF HEADER       
[from data line 4719]
    12                                                      START OF TEC MAP    
  2015    12    21    22     0     0                        EPOCH OF CURRENT MAP
    87.5-180.0 180.0   5.0 450.0                            LAT/LON1/LON2/DLON/H
   93   86   74   76   82   80   81   80   83   87   89   92   95   98  100  102
  103  104  105  105  105  105  104  103  102  100   99   97   96   94   93   91
   89   88   86   85   83   82   81   79   78   77   76   75   74   74   73   73
   73   73   73   73   73   72   72   72   72   71   71   70   70   69   68   67
   67   66   62   59   66   67   87   97   93                                   
    85.0-180.0 180.0   5.0 450.0                            LAT/LON1/LON2/DLON/H
   89   81   85   70   71   76   77   82   85   91   93   98  101  105  107  110
  112  113  113  113  113  112  110  109  107  105  103  101   99   96   94   92
   90   88   86   84   82   79   77   75   73   72   70   69   68   68   67   67
   67   67   67   68   68   68   69   69   69   69   68   68   68   67   66   65
   65   64   60   56   61   64   69   68   89                                   
    82.5-180.0 180.0   5.0 450.0                            LAT/LON1/LON2/DLON/H
   57   56   59   52   57   61   67   71   77   84   90   97  103  108  113  117
  120  121  122  122  121  119  116  113  110  107  103  100   96   93   91   88
   86   83   81   78   75   73   70   67   64   62   60   58   57   57   56   56
   57   57   58   59   60   61   62   62   63   63   63   62   61   60   59   57
   56   53   48   48   54   64   57   60   57                                   
    80.0-180.0 180.0   5.0 450.0                            LAT/LON1/LON2/DLON/H
   26   33   44   38   43   44   55   62   72   82   91  101  110  117  123  127
  130  131  131  129  127  123  118  113  108  103   98   94   90   87   84   82
   80   78   75   73   70   67   63   59   56   53   50   48   47   46   46   47
   48   49   51   53   55   57   59   60   60   61   60   60   59   57   55   53
   50   48   44   43   42   47   40   49   26                                   
    77.5-180.0 180.0   5.0 450.0                            LAT/LON1/LON2/DLON/H
   27   30   36   31   38   40   52   61   72   84   95  108  119  129  136  141
  144  145  144  141  137  132  126  119  113  106  100   95   91   88   87   85
   85   84   82   80   78   74   70   65   60   56   52   50   48   47   48   49
   51   53   56   59   62   65   67   69   70   71   70   70   68   66   64   60
   57   53   49   47   45   45   41   56   27                                   
    75.0-180.0 180.0   5.0 450.0                            LAT/LON1/LON2/DLON/H
   23   28   33   29   36   41   53   63   77   92  105  119  130  140  146  150
  151  150  147  142  136  130  123  115  108  101   95   90   87   86   86   87
   88   90   90   89   87   83   79   73   68   63   59   55   53   52   53   54
   57   60   63   67   70   73   75   77   78   79   78   78   76   75   73   70
   66   64   60   55   50   45   38   44   23                                   
    72.5-180.0 180.0   5.0 450.0                            LAT/LON1/LON2/DLON/H
   35   35   38   38   39   45   58   67   79   94  107  121  133  141  146  148
  147  144  139  133  127  120  113  106   99   93   87   82   79   79   81   84
   87   91   94   94   93   90   85   80   74   68   64   60   58   57   58   60
   62   66   69   73   76   79   80   82   82   82   82   81   80   79   78   75
   72   69   65   58   53   48   44   54   35                                   
    70.0-180.0 180.0   5.0 450.0                            LAT/LON1/LON2/DLON/H
   47   45   47   46   47   54   64   76   90  104  118  131  140  146  147  145
  141  134  128  121  115  110  104   99   94   88   83   79   77   77   79   84
   90   95   99  101  101   98   94   89   84   79   75   72   70   69   70   71
   74   76   79   82   85   86   87   87   87   86   86   85   85   84   84   83
   81   79   77   71   66   60   59   68   47                                   
    67.5-180.0 180.0   5.0 450.0                            LAT/LON1/LON2/DLON/H
   64   59   60   60   60   65   77   87  100  113  127  139  146  149  147  141
  132  123  114  107  102   98   96   93   90   85   81   76   74   73   76   81
   87   93   98  101  101  100   97   93   89   86   84   82   81   81   81   82
   84   86   88   90   91   92   91   90   89   87   86   85   85   86   87   87
   86   84   81   75   70   67   64   73   64                                   
    65.0-180.0 180.0   5.0 450.0                            LAT/LON1/LON2/DLON/H
   71   66   68   68   68   74   84   94  107  121  134  144  149  149  143  133
  120  108   97   89   84   82   83   83   82   80   76   72   68   66   68   72
   78   84   89   92   93   92   90   88   87   86   86   87   87   87   87   87
   88   89   90   91   91   90   89   86   84   82   81   80   81   82   84   86
   86   86   85   82   77   75   73   82   71                                   
    62.5-180.0 180.0   5.0 450.0                            LAT/LON1/LON2/DLON/H
   74   70   70   72   72   78   87   98  110  124  137  146  151  149  141  128
  113   97   84   75   71   70   73   76   77   76   73   68   63   60   59   61
   66   71   75   78   78   78   78   78   79   81   84   86   88   88   87   87
   86   85   85   86   85   84   82   79   76   74   72   72   73   75   78   80
   80   82   81   78   74   73   71   80   74                                   
    60.0-180.0 180.0   5.0 450.0                            LAT/LON1/LON2/DLON/H
   71   69   70   72   72   78   87   97  110  124  137  147  151  149  140  126
  109   92   77   66   60   59   62   67   71   71   69   64   58   53   51   51
   54   57   60   61   62   62   63   65   68   73   77   81   83   83   82   80
   78   76   76   76   76   75   73   70   67   65   64   64   65   67   70   73
   74   76   76   74   72   72   72   81   71                                   
    57.5-180.0 180.0   5.0 450.0                            LAT/LON1/LON2/DLON/H
   68   67   69   71   72   78   86   95  107  121  134  145  150  149  142  129
  113   95   79   65   56   53   54   59   64   67   66   62   56   51   46   45
   46   47   49   49   49   50   51   54   58   64   69   73   75   75   73   70
   67   65   64   64   65   65   64   62   59   57   57   57   59   61   64   67
   68   71   73   72   70   72   72   82   68                                   
    55.0-180.0 180.0   5.0 450.0                            LAT/LON1/LON2/DLON/H
   70   72   75   76   77   81   87   95  106  118  131  142  149  150  147  137
  124  108   91   74   60   51   48   51   56   61   63   61   58   52   48   44
   44   44   44   44   44   44   45   48   52   57   62   65   67   66   63   59
   56   54   54   55   57   57   57   56   55   54   53   54   55   57   60   63
   65   70   73   74   73   77   78   88   70                                   
    52.5-180.0 180.0   5.0 450.0                            LAT/LON1/LON2/DLON/H
   81   85   88   89   88   90   94   99  107  117  127  138  146  151  152  149
  141  129  112   92   72   55   45   43   48   55   61   64   63   59   54   50
   48   47   47   47   46   46   47   48   51   54   57   59   59   58   55   52
   49   47   48   50   52   54   55   55   54   54   54   54   55   56   58   62
   65   72   78   82   84   89   91  101   81                                   
    50.0-180.0 180.0   5.0 450.0                            LAT/LON1/LON2/DLON/H
  104  109  114  112  110  109  110  111  114  120  127  136  145  153  159  164
  163  157  143  121   94   68   49   40   42   51   62   70   73   71   66   61
   58   57   57   56   56   56   55   55   55   55   55   56   56   55   52   50
   47   47   48   51   54   56   58   58   58   57   57   57   57   58   60   63
   69   78   88   97  101  109  113  122  104                                   
    47.5-180.0 180.0   5.0 450.0                            LAT/LON1/LON2/DLON/H
  137  143  149  145  141  137  134  132  130  131  133  139  147  157  168  179
  188  189  179  157  125   90   60   43   41   51   66   78   84   84   79   73
   69   68   69   70   70   70   69   67   64   61   58   57   57   56   55   53
   52   52   54   57   60   62   63   63   63   63   62   62   61   60   62   66
   73   86  101  115  123  135  141  149  137                                   
    45.0-180.0 180.0   5.0 450.0                            LAT/LON1/LON2/DLON/H
  174  183  190  185  179  173  167  161  153  149  147  149  155  165  180  197
  213  222  219  199  163  120   80   54   46   55   72   88   96   96   90   83
   78   78   79   82   85   86   85   82   76   70   65   63   62   62   62   62
   62   62   64   67   69   70   70   70   69   68   67   66   65   64   65   70
   79   95  114  132  145  161  172  178  174                                   
    42.5-180.0 180.0   5.0 450.0                            LAT/LON1/LON2/DLON/H
  210  221  230  225  219  212  204  195  184  176  169  167  171  180  196  217
  239  255  259  243  207  156  107   71   57   62   79   96  105  103   96   88
   83   83   87   92   97  100  100   96   89   82   75   72   71   72   73   73
   73   73   74   76   77   77   76   74   73   72   71   69   67   66   68   74
   84  102  124  145  163  183  199  204  210                                   
    40.0-180.0 180.0   5.0 450.0                            LAT/LON1/LON2/DLON/H
  238  253  263  259  256  249  241  232  219  209  199  195  196  203  218  240
  264  286  296  285  250  195  137   93   71   72   87  102  110  107   98   89
   85   86   91   98  105  110  112  109  103   95   88   84   83   83   83   83
   82   81   81   81   81   79   77   75   74   73   71   70   68   68   71   78
   89  107  130  153  173  199  218  224  238                                   
    37.5-180.0 180.0   5.0 450.0                            LAT/LON1/LON2/DLON/H
  257  274  287  286  285  281  276  267  255  244  235  229  228  234  246  265
  289  313  328  322  289  232  167  115   86   82   93  107  113  109   99   91
   89   91   97  104  112  119  122  121  116  109  102   97   95   94   92   89
   87   85   83   82   80   78   76   74   72   71   70   69   68   69   73   81
   93  111  134  156  177  206  228  236  257                                   
    35.0-180.0 180.0   5.0 450.0                            LAT/LON1/LON2/DLON/H
  267  288  303  304  308  307  305  299  290  281  273  268  267  269  278  292
  313  336  352  350  319  262  193  135  100   92  100  113  118  115  107  102
  101  105  110  116  122  127  131  132  129  123  117  112  107  102   97   92
   87   84   81   79   77   75   73   72   71   70   69   68   69   71   77   86
   98  116  137  158  177  208  232  242  267                                   
    32.5-180.0 180.0   5.0 450.0                            LAT/LON1/LON2/DLON/H
  274  299  315  319  326  328  330  327  321  315  310  307  307  308  311  320
  334  352  367  365  336  280  211  150  113  102  110  123  130  130  127  126
  128  132  134  136  137  139  143  144  143  139  133  126  118  109  100   92
   85   80   77   75   74   73   73   72   72   71   70   70   72   77   84   94
  106  123  142  161  178  210  235  247  274                                   
    30.0-180.0 180.0   5.0 450.0                            LAT/LON1/LON2/DLON/H
  283  310  329  333  343  349  354  353  351  347  345  345  346  346  345  346
  352  362  371  367  339  285  219  160  125  116  126  142  154  160  164  169
  174  176  173  166  160  157  157  158  158  154  148  139  128  115  102   91
   83   78   76   74   74   75   77   78   78   77   76   77   80   87   96  107
  118  133  151  168  184  215  241  255  283                                   
    27.5-180.0 180.0   5.0 450.0                            LAT/LON1/LON2/DLON/H
  297  326  346  350  363  370  378  378  378  377  377  378  381  381  377  372
  368  368  368  358  329  279  219  167  138  135  150  172  191  205  217  228
  236  235  223  206  189  179  174  174  173  170  163  151  137  121  105   93
   85   81   79   79   81   84   87   89   90   88   87   88   93  101  111  123
  133  148  164  180  195  227  253  267  297                                   
    25.0-180.0 180.0   5.0 450.0                            LAT/LON1/LON2/DLON/H
  318  347  368  371  386  396  404  406  407  406  407  409  412  412  407  397
  384  373  362  344  313  267  216  176  158  164  186  214  240  262  282  299
  307  300  278  249  221  202  193  190  188  184  176  163  146  128  112  100
   93   90   90   91   94   99  104  106  106  103  101  103  109  118  130  141
  150  165  180  197  212  244  271  285  318                                   
    22.5-180.0 180.0   5.0 450.0                            LAT/LON1/LON2/DLON/H
  343  370  392  395  413  425  434  437  437  436  437  439  442  442  436  423
  404  383  361  334  299  257  218  191  186  203  233  266  297  325  351  370
  376  361  328  287  250  224  211  205  202  196  186  172  155  137  122  112
  107  106  106  108  112  118  123  125  123  119  116  118  125  135  147  159
  167  182  197  216  233  264  291  305  343                                   
    20.0-180.0 180.0   5.0 450.0                            LAT/LON1/LON2/DLON/H
  368  392  415  419  440  455  466  470  471  470  469  470  472  472  466  453
  431  403  371  335  296  259  230  218  226  252  287  322  353  382  408  426
  426  402  360  311  268  240  224  217  212  205  194  179  163  148  136  129
  126  125  125  127  131  136  141  142  137  131  127  129  138  149  162  173
  181  197  213  233  252  283  310  326  368                                   
    17.5-180.0 180.0   5.0 450.0                            LAT/LON1/LON2/DLON/H
  387  409  432  440  464  482  496  503  507  507  506  506  507  507  502  490
  468  436  396  353  312  278  258  258  278  310  344  374  399  422  442  453
  445  415  368  318  275  248  233  225  219  210  198  185  171  159  150  146
  144  144  143  144  147  151  155  153  145  137  132  136  146  159  172  183
  191  208  224  246  266  297  324  343  387                                   
    15.0-180.0 180.0   5.0 450.0                            LAT/LON1/LON2/DLON/H
  398  418  441  452  481  502  521  532  540  544  545  546  548  549  546  536
  515  483  440  392  348  317  304  313  338  369  396  414  426  437  446  447
  433  400  354  309  272  250  238  230  223  213  201  188  177  168  163  160
  159  158  155  154  156  159  161  156  146  136  132  136  148  163  177  189
  198  215  232  254  274  304  330  353  398                                   
    12.5-180.0 180.0   5.0 450.0                            LAT/LON1/LON2/DLON/H
  397  416  440  455  487  511  535  552  567  576  583  588  593  596  596  590
  572  542  498  449  404  374  366  378  401  424  436  436  431  426  423  416
  397  365  327  292  266  250  242  235  227  215  203  191  182  176  172  170
  168  164  160  157  157  160  159  153  141  130  125  131  145  162  178  191
  202  220  237  257  276  304  328  355  397                                   
    10.0-180.0 180.0   5.0 450.0                            LAT/LON1/LON2/DLON/H
  388  404  429  447  482  509  539  561  582  598  612  625  636  644  649  647
  634  607  566  517  473  444  436  445  460  468  460  440  416  397  384  371
  353  328  300  278  263  255  250  243  232  219  206  194  186  181  177  174
  169  163  157  153  152  153  152  144  131  120  117  124  140  158  177  192
  205  224  240  258  274  299  321  349  388                                   
     7.5-180.0 180.0   5.0 450.0                            LAT/LON1/LON2/DLON/H
  374  387  411  432  468  498  532  558  585  608  630  651  669  684  694  697
  690  669  632  588  546  517  506  506  507  496  468  429  391  362  344  331
