data/edconvlstm_nd/pred0560.15i
     1.0            IONOSPHERE MAPS     GNSS                IONEX VERSION / TYPE
pyspatialgeodesy        IME             05-JAN-18 20:20     PGM / RUN BY / DATE 
Map Name                                                    COMMENT             
Predicted global ionosphere maps (GIM).                     DESCRIPTION         
  2015     2    25     0     0     0                        EPOCH OF FIRST MAP  
  2015     2    26     0     0     0                        EPOCH OF LAST MAP   
  7200                                                      INTERVAL            
    13                                                      # OF MAPS IN FILE   
  NONE                                                      MAPPING FUNCTION    
10.0                                                        ELEVATION CUTOFF    
One-way carrier phase leveled to code                       OBSERVABLES USED    
  6371.0                                                    BASE RADIUS         
 2                                                          MAP DIMENSION       
   450.0 450.0   0.0                                        HGT1 / HGT2 / DHGT  
    87.5 -87.5  -2.5                                        LAT1 / LAT2 / DLAT  
  -180.0 180.0   5.0                                        LON1 / LON2 / DLON  
    -1                                                      EXPONENT            
                                                            END OF HEADER       
[from data line 429]
     2                                                      START OF TEC MAP    
  2015     2    25     2     0     0                        EPOCH OF CURRENT MAP
    87.5-180.0 180.0   5.0 450.0                            LAT/LON1/LON2/DLON/H
  112  116  116  115  115  113  109  108  110  111  112  113  114  114  115  115
  114  113  112  110  109  107  104  102  100   98   96   94   92   90   89   87
   86   85   84   84   84   83   84   84   85   85   86   88   89   90   92   93
   95   97   98  100  101  103  104  105  106  107  108  109  109  109  109  110
  111  112  110  108  108  113  117  114  112                                   
    85.0-180.0 180.0   5.0 450.0                            LAT/LON1/LON2/DLON/H
  115  128  114  119  122  119  117  116  118  119  119  121  121  122  122  122
  121  119  117  115  112  109  105  102   98   95   91   88   86   83   81   79
   78   77   76   76   76   77   78   79   80   82   84   86   89   91   94   96
   99  101  104  106  109  111  113  115  117  118  120  121  122  122  122  124
  126  127  124  125  120  121  125  118  115                                   
    82.5-180.0 180.0   5.0 450.0                            LAT/LON1/LON2/DLON/H
  120  124  129  125  124  123  121  122  124  125  126  128  130  130  131  130
  129  126  123  119  115  110  104   99   94   88   83   79   75   71   69   67
   65   64   64   64   65   66   68   70   73   76   79   82   85   89   93   96
  100  104  107  111  114  118  120  123  126  128  130  132  133  134  135  137
  138  139  136  133  137  126  125  123  120                                   
    80.0-180.0 180.0   5.0 450.0                            LAT/LON1/LON2/DLON/H
  132  133  128  124  123  120  122  123  126  128  130  133  135  136  137  136
  134  131  126  121  115  108  101   93   86   79   73   67   63   59   56   54
   53   53   53   54   55   57   60   62   65   69   72   76   80   84   89   93
   98  102  106  111  115  118  122  125  128  131  133  135  137  139  141  145
  146  145  144  143  152  145  146  139  132                                   
    77.5-180.0 180.0   5.0 450.0                            LAT/LON1/LON2/DLON/H
  144  143  136  132  126  123  126  128  131  133  135  139  141  142  142  141
  138  134  128  122  115  107   99   90   82   75   68   62   57   54   52   51
   50   51   52   54   56   59   61   64   67   71   74   78   82   86   91   95
  100  104  109  113  117  121  125  128  131  134  136  139  142  145  148  153
  155  158  157  160  166  162  163  158  144                                   
    75.0-180.0 180.0   5.0 450.0                            LAT/LON1/LON2/DLON/H
  159  159  150  144  135  131  131  131  134  136  138  141  142  142  140  137
  133  128  122  115  108  100   93   85   77   70   64   59   55   53   51   51
   52   53   55   57   60   63   65   68   70   73   75   78   81   85   88   92
   96  101  105  109  113  116  119  123  125  128  131  134  138  142  148  154
  159  164  168  168  177  180  183  180  159                                   
    72.5-180.0 180.0   5.0 450.0                            LAT/LON1/LON2/DLON/H
  172  176  167  159  149  141  140  139  141  142  142  143  142  140  135  130
  124  118  112  106  100   93   87   81   75   69   64   60   57   56   55   56
   58   60   62   65   67   70   72   74   75   77   78   80   82   84   87   90
   94   97  101  105  109  112  115  118  121  124  127  131  135  141  148  157
  165  173  182  185  193  195  200  200  172                                   
    70.0-180.0 180.0   5.0 450.0                            LAT/LON1/LON2/DLON/H
  194  196  186  177  164  154  151  149  149  148  147  145  141  134  126  117
  109  102   96   92   87   84   80   76   72   68   64   61   59   58   58   59
   61   63   65   68   70   72   73   74   75   76   76   77   78   79   82   85
   88   91   95   99  103  106  110  113  116  119  123  127  133  139  147  158
  168  179  191  198  209  213  221  220  194                                   
    67.5-180.0 180.0   5.0 450.0                            LAT/LON1/LON2/DLON/H
  209  214  202  192  177  165  160  157  156  153  150  145  137  126  115  103
   94   86   81   78   76   74   73   71   69   66   64   61   59   58   58   58
   59   61   62   64   65   66   67   67   67   67   67   67   68   69   71   73
   76   80   84   88   92   96  100  104  108  113  118  123  129  137  145  157
  168  180  195  203  217  223  232  235  209                                   
    65.0-180.0 180.0   5.0 450.0                            LAT/LON1/LON2/DLON/H
  221  229  216  205  189  176  170  166  165  161  156  149  138  123  109   95
   84   76   72   70   70   70   71   70   69   67   64   62   60   58   57   56
   56   56   56   57   57   57   57   57   57   57   58   58   59   60   62   64
   67   70   75   79   84   90   96  102  108  114  121  128  136  144  152  163
  173  185  199  207  221  229  240  245  221                                   
    62.5-180.0 180.0   5.0 450.0                            LAT/LON1/LON2/DLON/H
  229  238  227  216  201  187  180  176  174  170  164  155  142  125  108   93
   82   74   70   70   70   71   72   72   70   68   65   62   59   56   54   52
   51   50   48   48   47   47   47   47   48   49   50   51   52   53   55   57
   59   63   68   73   80   88   96  105  114  124  134  143  152  161  169  179
  186  195  207  212  224  231  243  250  229                                   
    60.0-180.0 180.0   5.0 450.0                            LAT/LON1/LON2/DLON/H
  232  242  234  222  208  194  186  182  180  175  169  160  146  130  113   98
   86   79   75   74   75   75   74   73   70   66   62   59   55   52   50   47
   45   42   40   38   37   37   38   39   41   43   45   46   48   49   50   51
   53   57   63   70   79   89  101  113  127  140  153  166  177  187  195  202
  207  211  218  220  227  231  243  253  232                                   
    57.5-180.0 180.0   5.0 450.0                            LAT/LON1/LON2/DLON/H
  237  246  240  227  215  201  192  186  183  178  171  163  151  136  120  107
   96   89   85   83   81   78   75   71   67   62   58   54   51   48   46   43
   40   37   35   33   32   33   34   37   40   43   45   47   48   48   48   49
   51   56   63   72   84   98  113  129  146  163  179  195  208  219  227  233
  235  235  237  233  235  233  245  258  237                                   
    55.0-180.0 180.0   5.0 450.0                            LAT/LON1/LON2/DLON/H
  247  253  248  235  224  209  198  190  185  178  171  163  153  141  128  117
  108  101   96   91   86   80   73   67   61   57   53   50   48   46   44   42
   39   37   35   33   33   35   38   41   45   48   51   53   53   52   52   52
   54   60   68   81   96  113  132  151  170  189  208  225  240  253  262  267
  267  264  262  254  250  242  253  268  247                                   
    52.5-180.0 180.0   5.0 450.0                            LAT/LON1/LON2/DLON/H
  264  267  261  247  237  223  209  197  188  178  170  162  154  144  135  127
  120  113  105   97   88   78   69   62   56   52   50   48   47   46   45   44
   42   41   40   40   41   44   48   52   56   60   63   64   63   62   60   60
   63   70   81   96  114  135  156  177  197  216  235  253  270  284  295  301
  301  297  292  280  271  257  266  282  264                                   
    50.0-180.0 180.0   5.0 450.0                            LAT/LON1/LON2/DLON/H
  286  287  279  266  257  242  225  209  195  181  170  162  154  147  141  135
  128  120  111   99   87   76   67   60   55   53   52   51   51   51   50   50
   49   49   49   51   54   58   62   67   72   75   78   79   78   76   74   74
   78   86   99  117  139  162  185  206  224  242  259  276  293  308  321  329
  331  328  322  308  296  279  286  303  286                                   
    47.5-180.0 180.0   5.0 450.0                            LAT/LON1/LON2/DLON/H
  311  310  299  288  280  266  247  226  207  189  175  165  157  151  146  140
  133  123  112  100   87   76   68   63   60   59   58   58   58   58   57   57
   57   58   60   64   69   74   79   84   88   92   94   94   93   91   90   91
   95  105  120  141  165  190  213  232  249  263  277  292  308  323  337  348
  353  352  348  335  321  305  311  326  311                                   
    45.0-180.0 180.0   5.0 450.0                            LAT/LON1/LON2/DLON/H
  333  331  319  311  303  290  270  247  225  203  185  173  164  157  150  143
  134  124  112  101   90   81   75   72   71   70   69   68   66   65   63   62
   62   64   68   74   81   88   94   98  102  106  108  109  108  107  107  109
  114  125  142  164  189  215  237  255  268  279  290  302  316  330  344  356
  364  367  365  356  344  331  335  348  333                                   
    42.5-180.0 180.0   5.0 450.0                            LAT/LON1/LON2/DLON/H
  350  347  336  329  322  310  290  268  244  220  201  186  175  165  156  146
  136  125  115  105   98   93   89   87   86   84   81   78   73   69   66   64
   64   67   73   81   90   98  104  109  113  117  120  121  121  121  122  125
  132  143  161  183  209  235  257  273  284  292  300  310  321  333  346  359
  368  374  376  370  362  353  357  365  350                                   
    40.0-180.0 180.0   5.0 450.0                            LAT/LON1/LON2/DLON/H
  360  357  346  339  332  320  303  283  261  238  218  202  189  177  164  151
  139  129  121  116  112  110  108  106  102   98   91   85   78   72   67   65
   66   70   77   87   97  105  112  117  121  125  128  130  132  132  134  139
  146  159  176  199  224  250  271  286  296  304  311  318  328  338  349  361
  370  377  382  381  376  374  378  378  360                                   
    37.5-180.0 180.0   5.0 450.0                            LAT/LON1/LON2/DLON/H
  367  365  352  341  334  322  306  289  271  251  233  218  204  189  174  159
  146  137  133  132  132  131  129  123  116  107   98   89   82   76   72   70
   72   76   84   93  103  112  118  123  128  132  136  138  140  141  144  149
  158  170  187  209  234  259  280  296  307  315  323  331  340  349  358  368
  377  383  390  392  391  394  399  395  367                                   
    35.0-180.0 180.0   5.0 450.0                            LAT/LON1/LON2/DLON/H
  378  376  361  343  335  322  305  291  276  259  244  231  217  201  184  168
  156  150  149  151  153  151  145  135  124  112  102   95   90   87   85   85
   87   90   97  104  112  119  125  129  134  139  143  145  147  148  151  157
  165  177  193  214  239  263  285  303  316  328  338  349  359  369  378  386
  392  396  404  405  408  415  423  417  378                                   
    32.5-180.0 180.0   5.0 450.0                            LAT/LON1/LON2/DLON/H
  403  398  380  355  343  327  308  293  279  265  252  241  227  211  194  178
  168  165  167  170  171  166  155  141  127  116  109  106  107  109  111  112
  113  115  118  123  127  131  134  137  141  146  149  151  152  153  156  161
  169  180  196  216  240  265  288  309  327  343  359  374  388  399  409  415
  418  420  426  426  432  441  450  448  403                                   
    30.0-180.0 180.0   5.0 450.0                            LAT/LON1/LON2/DLON/H
  446  438  415  382  365  343  319  300  285  271  259  248  235  219  203  189
  181  179  182  184  181  171  156  141  129  123  122  128  136  145  152  155
  155  153  152  151  150  148  147  148  150  153  155  156  156  156  158  162
  170  181  197  216  240  265  291  314  337  360  382  404  424  439  450  457
  458  459  462  459  466  475  484  490  446                                   
    27.5-180.0 180.0   5.0 450.0                            LAT/LON1/LON2/DLON/H
  507  497  469  429  404  377  345  320  299  282  267  255  241  226  211  199
  192  191  191  189  181  168  152  141  136  139  148  164  182  199  211  216
  214  208  199  190  180  171  164  160  159  160  161  160  159  158  158  162
  170  182  197  217  240  266  293  320  347  376  405  434  459  479  494  504
  508  510  512  507  516  526  533  547  507                                   
    25.0-180.0 180.0   5.0 450.0                            LAT/LON1/LON2/DLON/H
  582  572  541  496  464  431  390  355  326  302  283  266  250  234  220  209
  202  198  194  186  174  160  149  147  154  170  192  219  248  273  290  295
  288  273  255  234  214  197  183  174  169  166  165  163  160  158  158  161
  168  180  197  218  242  270  299  330  361  394  428  460  490  514  534  549
  559  568  573  571  579  594  603  625  582                                   
    22.5-180.0 180.0   5.0 450.0                            LAT/LON1/LON2/DLON/H
  662  654  626  582  541  502  452  406  368  336  309  285  265  247  232  221
  212  204  194  181  167  157  156  167  190  221  257  295  332  362  379  378
  362  336  306  275  245  219  199  185  176  171  168  164  161  157  155  157
  165  178  196  220  248  279  312  346  381  416  451  484  515  541  565  586
  606  623  635  640  648  672  690  715  662                                   
    20.0-180.0 180.0   5.0 450.0                            LAT/LON1/LON2/DLON/H
  736  734  714  676  629  583  526  471  424  384  349  318  291  269  253  239
  227  213  197  181  170  168  181  210  250  297  343  385  421  446  454  443
  415  379  340  301  266  235  210  193  180  173  168  164  159  155  151  152
  160  175  197  226  259  294  331  367  402  437  470  502  530  558  585  613
  642  668  689  703  712  742  772  800  736                                   
    17.5-180.0 180.0   5.0 450.0                            LAT/LON1/LON2/DLON/H
  795  798  791  762  712  663  603  544  492  445  402  364  331  305  286  269
  252  232  212  197  193  204  234  280  336  391  435  468  489  498  491  468
  432  391  349  309  273  241  215  195  181  171  165  161  157  151  147  146
  154  172  199  232  270  310  348  384  419  452  483  510  537  564  594  628
  666  699  727  750  761  791  827  857  795                                   
    15.0-180.0 180.0   5.0 450.0                            LAT/LON1/LON2/DLON/H
  830  837  844  823  776  731  673  616  562  513  466  422  385  356  334  314
  292  269  248  238  244  271  317  376  437  484  511  520  516  504  481  449
  411  373  336  301  269  240  216  196  180  169  162  158  154  148  142  141
  149  169  200  238  280  321  359  394  426  457  486  512  536  563  596  634
  677  715  748  775  787  810  847  876  830                                   
    12.5-180.0 180.0   5.0 450.0                            LAT/LON1/LON2/DLON/H
  841  850  866  854  816  778  729  678  628  580  533  488  450  421  397  375
  351  328  311  310  329  369  424  484  531  554  551  530  500  469  436  402
  370  340  312  286  260  237  216  197  180  168  161  157  152  146  139  138
  146  167  200  240  283  323  360  393  423  453  480  507  532  561  595  636
  681  720  754  782  792  806  838  864  841                                   
    10.0-180.0 180.0   5.0 450.0                            LAT/LON1/LON2/DLON/H
  834  846  867  860  833  806  766  725  684  641  597  555  519  492  471  449
  427  407  398  408  439  486  537  577  595  583  548  502  455  414  380  352
  328  308  290  272  254  236  218  200  183  171  162  157  153  146  139  136
  144  166  198  238  278  317  352  383  413  441  469  497  525  557  594  636
  680  717  750  777  784  792  817  837  834                                   
     7.5-180.0 180.0   5.0 450.0                            LAT/LON1/LON2/DLON/H
  822  836  859  855  838  821  791  760  728  692  653  616  585  563  545  527
  508  495  496  516  553  595  626  635  615  570  511  451  401  363  337  318
