data/edconvlstm_nd/pred2630.15i
     1.0            IONOSPHERE MAPS     GNSS                IONEX VERSION / TYPE
pyspatialgeodesy        IME             05-JAN-18 20:20     PGM / RUN BY / DATE 
Map Name                                                    COMMENT             
Predicted global ionosphere maps (GIM).                     DESCRIPTION         
  2015     9    20     0     0     0                        EPOCH OF FIRST MAP  
  2015     9    21     0     0     0                        EPOCH OF LAST MAP   
  7200                                                      INTERVAL            
    13                                                      # OF MAPS IN FILE   
  NONE                                                      MAPPING FUNCTION    
10.0                                                        ELEVATION CUTOFF    
One-way carrier phase leveled to code                       OBSERVABLES USED    
  6371.0                                                    BASE RADIUS         
 2                                                          MAP DIMENSION       
   450.0 450.0   0.0                                        HGT1 / HGT2 / DHGT  
    87.5 -87.5  -2.5                                        LAT1 / LAT2 / DLAT  
  -180.0 180.0   5.0                                        LON1 / LON2 / DLON  
    -1                                                      EXPONENT            
                                                            END OF HEADER       
     1                                                      START OF TEC MAP    
  2015     9    20     0     0     0                        EPOCH OF CURRENT MAP
    87.5-180.0 180.0   5.0 450.0                            LAT/LON1/LON2/DLON/H
  100   97   94   87   85   89   86   84   84   83   83   83   83   82   82   81
   80   79   78   76   75   73   72   70   68   67   65   63   62   60   59   58
   56   55   54   54   53   53   53   53   54   54   55   55   56   57   58   59
   61   62   63   64   65   66   67   68   69   69   70   71   72   72   73   74
   76   76   76   77   73   85   93   90  100                                   
    85.0-180.0 180.0   5.0 450.0                            LAT/LON1/LON2/DLON/H
  100  102   83   90   92   98   94   92   93   92   92   92   91   91   90   89
   88   87   85   83   81   79   77   75   72   70   68   65   63   61   59   58
   56   55   54   54   53   54   54   55   55   56   57   59   60   61   63   64
   66   67   68   70   71   72   73   74   75   76   77   78   79   80   80   82
   83   83   85   89   89   98  107  100  100                                   
    82.5-180.0 180.0   5.0 450.0                            LAT/LON1/LON2/DLON/H
   98   91  100   98   98  105  101   99  102  101  101  101  101  101  100   99
   97   95   93   90   87   84   80   76   73   69   65   61   57   54   51   48
   46   45   44   43   44   44   45   47   48   50   52   54   57   59   61   63
   65   67   68   70   72   73   75   76   77   79   80   81   82   83   85   86
   87   88   88   87   94   88   95   97   98                                   
    80.0-180.0 180.0   5.0 450.0                            LAT/LON1/LON2/DLON/H
  110   99   97   94   98  101  100  100  104  103  104  106  106  106  106  105
  103  101   98   95   91   87   82   77   72   66   61   56   51   47   44   41
   39   38   37   37   37   38   39   41   42   45   47   49   51   54   56   58
   60   62   63   65   66   68   69   71   72   74   75   77   78   80   81   83
   84   84   84   84  100   94  103  111  110                                   
    77.5-180.0 180.0   5.0 450.0                            LAT/LON1/LON2/DLON/H
  117  106   96  101   97  100  100  103  106  106  108  110  111  112  112  111
  110  108  105  101   97   92   87   81   75   68   62   56   51   46   43   40
   38   37   36   36   37   38   39   41   43   45   47   49   52   54   56   58
   60   61   62   64   65   66   67   69   71   72   74   76   78   79   81   83
   85   87   87   88   95   99  102  114  117                                   
    75.0-180.0 180.0   5.0 450.0                            LAT/LON1/LON2/DLON/H
  119  103  100  103   97  100   97   99  103  103  105  107  108  109  109  108
  107  105  102   99   95   90   85   79   72   66   59   53   48   44   41   39
   37   37   37   37   38   39   41   42   44   45   47   49   51   53   55   56
   57   58   59   59   60   61   62   63   65   67   70   72   74   77   79   82
   82   85   88   85   92  103  102  112  119                                   
    72.5-180.0 180.0   5.0 450.0                            LAT/LON1/LON2/DLON/H
  112  101  100  100   95   93   91   94   99   99  101  103  103  103  103  101
  100   98   95   92   89   85   80   75   69   63   57   51   47   44   42   40
   40   39   39   40   40   41   41   42   42   43   44   45   46   48   49   49
   50   50   50   50   50   50   51   53   55   58   61   64   67   71   74   77
   78   81   87   86   90  100  103  116  112                                   
    70.0-180.0 180.0   5.0 450.0                            LAT/LON1/LON2/DLON/H
  113  103  102  105   98   96   94   96  100  100  101  102  102  101   99   96
   94   91   89   87   84   80   76   71   66   60   55   51   48   46   44   44
   44   44   45   45   45   44   44   44   44   44   44   45   46   46   47   47
   47   47   46   45   45   46   47   49   52   56   60   64   68   71   76   79
   81   83   90   91   95  104  105  117  113                                   
    67.5-180.0 180.0   5.0 450.0                            LAT/LON1/LON2/DLON/H
  115  107  106  107   99   96   93   95   99   99  100  100   99   96   93   89
   85   82   79   77   74   71   68   64   59   54   50   46   44   43   43   43
   44   44   44   43   42   41   40   38   37   37   37   38   38   39   40   40
   39   39   38   36   36   36   38   41   45   49   55   60   64   69   74   78
   79   82   89   91   98  107  107  119  115                                   
    65.0-180.0 180.0   5.0 450.0                            LAT/LON1/LON2/DLON/H
  118  109  108  109  102   98   94   96  100  100  101  101   99   95   91   85
   81   77   73   71   68   65   62   58   53   49   45   43   42   42   42   43
   43   42   42   40   38   36   34   32   31   31   31   32   33   34   35   35
   35   34   32   31   30   31   33   36   41   47   53   59   65   70   75   79
   81   84   91   93  101  111  112  124  118                                   
    62.5-180.0 180.0   5.0 450.0                            LAT/LON1/LON2/DLON/H
  122  114  113  114  106  101   97   99  103  103  105  105  103   98   93   87
   82   77   73   70   67   63   59   55   50   46   43   42   41   41   42   42
   41   40   39   36   34   32   30   28   27   28   28   30   31   32   33   34
   33   32   31   29   29   30   32   36   42   49   56   63   70   75   81   84
   86   89   95   97  104  115  116  129  122                                   
    60.0-180.0 180.0   5.0 450.0                            LAT/LON1/LON2/DLON/H
  127  120  118  119  111  104   99  100  104  105  106  107  105  102   96   91
   85   80   76   72   67   63   58   53   49   45   43   41   41   41   41   40
   39   37   35   32   30   28   26   25   26   26   28   30   31   33   34   34
   34   32   31   30   30   31   34   39   45   53   61   69   76   81   87   90
   92   94  100  100  107  118  119  132  127                                   
    57.5-180.0 180.0   5.0 450.0                            LAT/LON1/LON2/DLON/H
  133  128  127  126  118  110  103  103  106  106  107  108  107  104  100   96
   91   86   81   76   70   65   59   54   49   46   44   43   43   42   42   40
   37   35   32   29   28   27   26   27   28   29   31   33   35   36   37   37
   36   35   34   33   34   35   39   44   52   60   69   77   83   89   94   97
   99  100  106  106  111  121  123  137  133                                   
    55.0-180.0 180.0   5.0 450.0                            LAT/LON1/LON2/DLON/H
  142  138  138  137  129  119  111  108  109  107  107  107  107  105  103  100
   96   91   86   80   74   68   62   57   53   50   49   47   47   46   44   41
   38   35   32   30   30   30   31   32   34   37   39   41   42   43   43   43
   42   41   40   40   40   43   47   54   62   70   78   86   92   97  102  106
  107  108  113  112  117  126  128  143  142                                   
    52.5-180.0 180.0   5.0 450.0                            LAT/LON1/LON2/DLON/H
  153  151  152  152  144  133  123  117  114  110  107  107  106  105  104  102
   99   95   90   84   78   72   67   63   60   57   56   55   53   51   49   45
   41   38   36   35   36   38   40   42   45   47   49   51   52   52   51   50
   49   48   48   48   50   53   59   66   74   82   89   96  101  105  110  114
  115  117  122  121  125  133  134  151  153                                   
    50.0-180.0 180.0   5.0 450.0                            LAT/LON1/LON2/DLON/H
  166  166  168  170  162  150  140  132  125  116  111  108  106  105  104  103
  102   98   94   88   82   78   74   71   69   68   66   64   62   59   56   51
   47   44   42   43   45   49   52   55   58   60   61   62   62   62   61   60
   59   58   58   59   62   67   73   81   88   96  102  107  111  115  119  123
  125  127  132  130  135  143  143  160  166                                   
    47.5-180.0 180.0   5.0 450.0                            LAT/LON1/LON2/DLON/H
  180  182  184  189  182  171  161  150  140  128  120  114  110  108  106  105
  104  101   97   92   88   85   83   82   81   80   78   75   71   67   63   58
   54   51   51   53   57   61   65   68   70   72   73   73   73   72   70   69
   69   69   70   73   77   82   89   96  103  109  114  118  121  124  128  133
  135  138  143  141  146  153  154  170  180                                   
    45.0-180.0 180.0   5.0 450.0                            LAT/LON1/LON2/DLON/H
  191  195  198  205  200  191  182  171  159  145  133  125  118  114  111  109
  107  105  101   98   95   94   94   95   95   93   90   85   80   74   69   64
   60   58   59   62   67   72   76   79   80   82   83   83   82   81   80   80
   80   81   83   86   90   96  103  110  117  122  126  130  132  135  138  143
  145  148  153  151  156  164  165  180  191                                   
    42.5-180.0 180.0   5.0 450.0                            LAT/LON1/LON2/DLON/H
  199  204  206  215  212  206  199  189  178  163  151  141  132  126  121  117
  114  111  108  106  105  105  107  109  109  106  100   93   85   78   72   67
   64   63   65   69   74   79   82   85   87   88   89   90   90   89   89   90
   91   92   94   97  101  108  115  122  128  133  137  140  143  145  148  152
  154  157  162  161  166  174  176  189  199                                   
    40.0-180.0 180.0   5.0 450.0                            LAT/LON1/LON2/DLON/H
  205  208  208  218  217  213  209  202  193  180  169  159  150  141  134  128
  124  121  118  117  117  119  121  122  120  115  107   97   87   79   72   68
   65   65   68   72   77   81   84   87   89   91   94   95   96   96   97   98
  100  101  102  105  109  115  122  129  136  142  146  150  153  155  158  161
  162  165  170  170  174  183  186  197  205                                   
    37.5-180.0 180.0   5.0 450.0                            LAT/LON1/LON2/DLON/H
  209  210  207  214  216  213  211  206  201  192  184  176  168  159  150  143
  137  133  131  131  131  132  133  132  128  120  109   97   86   77   70   66
   65   65   68   72   77   81   83   86   89   93   96   99  101  102  103  105
  106  107  107  108  112  118  126  134  142  148  154  158  162  164  167  169
  170  173  179  179  183  191  196  206  209                                   
    35.0-180.0 180.0   5.0 450.0                            LAT/LON1/LON2/DLON/H
  215  213  208  210  213  210  207  205  203  198  194  190  184  175  166  158
  152  148  146  145  144  143  141  137  131  120  108   95   83   74   69   66
   65   66   69   73   76   79   82   85   90   95  100  103  105  106  108  109
  110  109  108  107  110  117  126  135  144  152  159  164  169  172  175  177
  178  182  189  190  194  203  208  219  215                                   
    32.5-180.0 180.0   5.0 450.0                            LAT/LON1/LON2/DLON/H
  227  224  217  214  215  210  205  203  204  202  201  199  196  189  180  172
  166  161  158  156  153  149  144  137  128  117  104   92   81   74   70   69
   69   70   73   75   78   80   83   87   92   98  104  107  108  109  110  110
  110  107  104  103  105  113  123  135  145  154  162  168  174  179  183  187
  189  194  203  205  210  220  225  237  227                                   
    30.0-180.0 180.0   5.0 450.0                            LAT/LON1/LON2/DLON/H
  249  249  240  233  229  221  213  209  209  208  208  209  206  200  192  184
  177  172  167  162  156  148  140  131  122  111  101   91   83   78   76   76
   77   79   80   81   83   84   87   92   98  104  109  111  111  110  109  108
  107  103   98   96   99  107  120  134  146  156  164  171  178  185  192  199
  203  210  221  224  231  242  247  260  249                                   
    27.5-180.0 180.0   5.0 450.0                            LAT/LON1/LON2/DLON/H
  283  287  278  268  262  250  238  230  227  224  223  222  219  212  204  195
  187  179  171  162  153  143  133  123  115  107  100   93   88   86   86   88
   90   91   91   90   91   92   95  100  107  112  116  116  113  109  107  104
  101   96   90   88   92  102  118  134  148  159  167  174  183  191  201  212
  220  230  243  247  257  269  271  288  283                                   
    25.0-180.0 180.0   5.0 450.0                            LAT/LON1/LON2/DLON/H
  325  337  328  319  311  297  283  269  260  253  249  244  238  229  218  208
  197  185  173  160  147  135  125  116  110  106  102  100   98   99  101  103
  105  105  103  101  101  102  106  111  117  121  122  119  114  108  103   99
   95   90   84   82   86   99  117  136  152  164  172  179  188  199  212  227
  239  253  268  273  286  299  298  318  325                                   
    22.5-180.0 180.0   5.0 450.0                            LAT/LON1/LON2/DLON/H
  369  391  386  380  373  360  344  326  312  300  290  279  267  253  239  225
  210  194  176  159  143  130  121  115  112  110  110  110  112  114  117  119
  120  118  115  112  112  113  117  122  127  129  127  122  114  106  100   96
   91   85   80   78   83   97  118  139  157  170  179  186  195  208  224  243
  261  278  296  301  316  330  328  349  369                                   
    20.0-180.0 180.0   5.0 450.0                            LAT/LON1/LON2/DLON/H
  407  441  441  442  438  429  415  396  379  362  346  328  308  288  268  249
  229  208  185  163  146  133  125  121  120  121  122  124  126  129  132  134
  133  130  126  123  122  124  128  132  135  134  131  123  114  106   99   94
   89   83   78   76   82   97  118  141  161  175  185  194  205  219  239  262
  284  305  324  330  346  361  359  381  407                                   
    17.5-180.0 180.0   5.0 450.0                            LAT/LON1/LON2/DLON/H
  435  478  485  493  495  491  483  467  452  434  414  389  361  333  307  282
  257  230  202  177  158  146  139  137  137  137  138  139  141  143  145  145
  143  139  135  132  131  133  136  138  139  137  132  124  115  107  100   95
   89   83   78   76   81   95  116  140  162  179  191  202  215  232  254  280
  306  330  350  359  375  389  390  408  435                                   
    15.0-180.0 180.0   5.0 450.0                            LAT/LON1/LON2/DLON/H
  450  499  510  525  532  535  534  527  518  503  482  454  421  386  354  323
  292  260  229  201  181  169  163  161  159  157  155  154  154  154  155  154
  152  147  142  139  138  139  141  142  141  137  131  124  116  109  102   97
   91   84   78   76   80   93  113  137  160  180  196  211  227  247  271  299
  326  352  374  385  400  413  417  430  450                                   
    12.5-180.0 180.0   5.0 450.0                            LAT/LON1/LON2/DLON/H
  457  503  516  534  547  556  563  564  563  555  539  513  478  441  404  369
  334  299  264  235  214  200  194  189  184  177  171  167  165  164  164  163
  160  155  148  144  143  143  144  144  141  136  130  124  117  111  105  100
   93   85   79   75   78   90  108  131  155  178  198  217  238  261  287  315
  344  370  393  405  420  432  438  445  457                                   
    10.0-180.0 180.0   5.0 450.0                            LAT/LON1/LON2/DLON/H
  458  497  507  524  541  554  565  574  581  582  574  554  523  487  450  414
  378  342  307  276  253  238  227  218  207  195  184  178  175  174  174  173
  168  162  154  149  147  147  147  145  140  134  129  123  119  114  108  101
   93   85   78   73   75   84  101  124  148  173  197  221  246  273  300  329
  356  383  406  420  434  445  452  455  458                                   
     7.5-180.0 180.0   5.0 450.0                            LAT/LON1/LON2/DLON/H
  456  484  489  502  520  533  545  558  573  582  582  571  549  519  486  453
  420  386  353  322  296  276  260  244  226  209  196  188  186  186  186  184
