data/edconvlstm_nd/pred3460.15i
     1.0            IONOSPHERE MAPS     GNSS                IONEX VERSION / TYPE
pyspatialgeodesy        IME             05-JAN-18 20:20     PGM / RUN BY / DATE 
Map Name                                                    COMMENT             
Predicted global ionosphere maps (GIM).                     DESCRIPTION         
  2015    12    12     0     0     0                        EPOCH OF FIRST MAP  
  2015    12    13     0     0     0                        EPOCH OF LAST MAP   
  7200                                                      INTERVAL            
    13                                                      # OF MAPS IN FILE   
  NONE                                                      MAPPING FUNCTION    
10.0                                                        ELEVATION CUTOFF    
One-way carrier phase leveled to code                       OBSERVABLES USED    
  6371.0                                                    BASE RADIUS         
 2                                                          MAP DIMENSION       
   450.0 450.0   0.0                                        HGT1 / HGT2 / DHGT  
    87.5 -87.5  -2.5                                        LAT1 / LAT2 / DLAT  
  -180.0 180.0   5.0                                        LON1 / LON2 / DLON  
    -1                                                      EXPONENT            
                                                            END OF HEADER       
[from data line 4290]
    11                                                      START OF TEC MAP    
  2015    12    12    20     0     0                        EPOCH OF CURRENT MAP
    87.5-180.0 180.0   5.0 450.0                            LAT/LON1/LON2/DLON/H
   79   78   74   76   82   79   80   77   79   82   82   84   84   85   86   86
   86   86   85   84   83   81   80   78   77   75   74   72   71   70   69   68
   67   66   65   65   64   64   64   64   64   64   64   64   65   65   66   66
   67   67   67   68   68   68   68   68   68   68   68   68   68   67   67   66
   66   66   62   59   64   65   84   90   79                                   
    85.0-180.0 180.0   5.0 450.0                            LAT/LON1/LON2/DLON/H
   83   80   89   72   74   78   78   80   82   86   87   89   90   92   92   93
   92   92   91   89   88   86   84   81   79   77   75   73   72   70   69   68
   67   66   65   64   63   63   63   63   63   63   63   64   64   65   66   66
   67   68   69   69   70   70   70   70   70   70   70   70   69   69   68   68
   68   66   62   59   63   66   73   68   83                                   
    82.5-180.0 180.0   5.0 450.0                            LAT/LON1/LON2/DLON/H
   59   62   65   58   64   68   71   74   78   82   85   89   92   94   95   95
   95   94   92   89   86   83   80   77   74   71   69   67   65   63   62   61
   59   58   57   56   55   55   54   54   54   54   54   55   56   57   58   59
   60   61   63   64   64   65   65   66   66   65   65   64   63   62   61   60
   59   56   53   51   57   68   62   61   59                                   
    80.0-180.0 180.0   5.0 450.0                            LAT/LON1/LON2/DLON/H
   35   41   50   45   51   53   61   66   73   80   85   91   95   99  100  101
   99   97   93   89   84   79   75   70   67   63   61   59   57   56   55   54
   53   52   51   50   49   48   48   47   47   48   48   49   51   53   54   56
   58   60   62   63   64   65   65   65   65   64   63   62   60   58   56   54
   52   51   47   46   45   51   45   52   35                                   
    77.5-180.0 180.0   5.0 450.0                            LAT/LON1/LON2/DLON/H
   36   36   37   35   42   46   55   62   71   79   87   95  102  107  109  110
  108  104   99   92   85   78   72   66   62   58   56   54   53   53   53   52
   52   52   51   49   48   47   46   45   44   44   45   47   49   51   54   56
   59   62   64   66   67   68   68   67   67   66   64   62   60   57   54   51
   49   46   43   40   39   39   37   46   36                                   
    75.0-180.0 180.0   5.0 450.0                            LAT/LON1/LON2/DLON/H
   25   28   28   28   36   40   49   57   69   80   90  100  108  114  117  118
  115  109  102   93   84   75   68   61   56   53   51   51   51   52   53   54
   55   55   54   52   51   49   48   47   46   47   48   49   52   55   58   61
   64   66   68   70   71   71   71   70   69   67   66   64   62   59   57   54
   51   50   46   42   39   35   30   31   25                                   
    72.5-180.0 180.0   5.0 450.0                            LAT/LON1/LON2/DLON/H
   32   30   29   31   34   38   47   55   65   76   88  100  110  117  121  121
  118  111  101   91   79   69   60   52   47   44   43   43   45   47   49   51
   52   52   51   50   48   45   43   42   41   42   43   45   48   51   54   58
   60   63   64   65   66   65   64   63   62   61   59   58   56   54   52   50
   48   46   42   37   34   32   30   34   32                                   
    70.0-180.0 180.0   5.0 450.0                            LAT/LON1/LON2/DLON/H
   36   35   34   35   38   42   49   57   69   81   94  107  118  126  130  131
  127  119  109   97   84   72   62   54   48   45   44   44   46   49   51   53
   55   55   54   52   49   46   44   42   42   43   44   47   50   54   57   60
   63   64   65   65   64   63   62   61   59   59   58   57   57   56   56   55
   53   51   49   45   43   41   42   45   36                                   
    67.5-180.0 180.0   5.0 450.0                            LAT/LON1/LON2/DLON/H
   47   45   43   46   48   51   58   65   75   86   98  112  123  133  138  139
  136  128  117  104   90   77   66   57   50   45   43   43   44   46   48   50
   51   50   49   46   43   40   38   37   37   38   40   44   47   51   54   56
   57   58   58   57   56   55   53   52   52   51   52   52   53   53   54   54
   53   52   50   46   43   44   43   47   47                                   
    65.0-180.0 180.0   5.0 450.0                            LAT/LON1/LON2/DLON/H
   51   52   51   55   57   60   66   72   81   92  104  117  129  139  145  148
  146  139  129  116  102   89   76   66   57   50   45   43   42   42   43   44
   45   44   41   38   35   32   30   29   30   32   35   39   43   46   48   50
   50   50   49   47   46   44   43   43   43   44   46   48   49   51   52   53
   53   54   53   51   49   51   51   56   51                                   
    62.5-180.0 180.0   5.0 450.0                            LAT/LON1/LON2/DLON/H
   57   59   59   64   66   70   75   81   89   97  109  121  133  144  152  157
  157  152  143  132  118  104   91   78   66   56   48   42   38   37   36   36
   36   35   32   29   26   23   21   21   23   26   29   33   37   39   41   41
   40   39   38   36   35   34   33   34   35   37   40   43   45   47   49   50
   49   50   49   48   46   49   49   54   57                                   
    60.0-180.0 180.0   5.0 450.0                            LAT/LON1/LON2/DLON/H
   58   62   64   70   73   77   83   88   95  103  113  125  137  148  158  165
  167  165  158  148  136  122  107   92   77   64   52   42   35   32   30   29
   29   27   25   22   19   16   15   16   18   21   25   28   31   33   34   33
   31   30   28   26   25   25   26   27   29   32   36   39   42   44   45   45
   44   44   44   43   42   46   47   53   58                                   
    57.5-180.0 180.0   5.0 450.0                            LAT/LON1/LON2/DLON/H
   58   64   68   75   81   86   93   99  105  112  121  131  142  154  164  173
  178  178  173  165  154  140  125  109   92   75   59   46   37   32   29   28
   27   26   23   21   18   16   15   16   18   22   26   29   31   32   31   29
   27   25   23   22   22   22   23   26   29   32   36   40   42   44   44   43
   41   40   39   38   38   42   44   51   58                                   
    55.0-180.0 180.0   5.0 450.0                            LAT/LON1/LON2/DLON/H
   60   68   75   83   90   97  105  112  119  125  131  139  149  160  171  181
  187  189  186  179  169  156  141  124  106   87   69   55   44   37   34   33
   32   30   28   25   23   21   20   21   24   27   31   33   34   34   32   30
   27   25   24   23   23   24   26   29   32   36   40   43   45   46   45   43
   40   38   36   36   36   41   43   51   60                                   
    52.5-180.0 180.0   5.0 450.0                            LAT/LON1/LON2/DLON/H
   66   75   84   94  103  112  122  130  137  142  146  152  159  168  178  188
  195  197  195  188  179  167  154  138  121  102   83   68   56   49   45   44
   42   41   39   36   34   32   32   33   35   38   40   42   42   41   39   36
   33   32   31   30   31   32   34   36   40   43   46   49   50   50   49   47
   43   40   39   38   39   43   46   55   66                                   
    50.0-180.0 180.0   5.0 450.0                            LAT/LON1/LON2/DLON/H
   77   88  100  110  121  132  144  154  160  164  166  168  172  178  187  196
  202  203  200  193  185  175  164  151  135  118  100   85   73   66   61   58
   56   54   52   50   48   47   46   47   49   51   53   54   53   52   49   47
   45   43   43   43   43   44   45   47   49   52   54   55   56   56   56   53
   50   47   46   46   47   52   56   65   77                                   
    47.5-180.0 180.0   5.0 450.0                            LAT/LON1/LON2/DLON/H
   93  105  119  130  142  156  168  180  186  190  190  189  189  192  198  205
  209  208  204  196  188  180  172  162  150  135  119  104   92   83   77   72
   69   66   64   63   62   61   61   61   62   64   65   65   65   63   61   60
   58   58   58   58   57   57   58   58   59   59   60   61   62   63   63   62
   59   57   57   57   59   65   70   79   93                                   
    45.0-180.0 180.0   5.0 450.0                            LAT/LON1/LON2/DLON/H
  110  124  139  152  165  179  193  206  213  217  215  211  208  208  211  215
  216  213  207  199  191  185  179  173  164  151  137  122  108   97   88   81
   76   73   72   72   72   73   73   73   73   74   75   75   75   74   73   72
   72   72   72   72   71   70   69   67   66   66   65   66   67   68   69   70
   68   68   69   70   72   79   85   94  110                                   
    42.5-180.0 180.0   5.0 450.0                            LAT/LON1/LON2/DLON/H
  126  141  157  171  185  200  214  228  236  240  238  233  227  225  225  226
  225  220  212  203  196  191  188  184  176  165  151  135  120  106   94   85
   78   75   74   76   79   81   81   81   80   80   81   82   82   82   82   82
   82   83   83   83   81   79   76   74   71   69   68   68   69   71   74   76
   76   77   78   80   83   90   98  108  126                                   
    40.0-180.0 180.0   5.0 450.0                            LAT/LON1/LON2/DLON/H
  136  152  169  185  200  214  229  243  252  257  255  250  244  240  239  238
  235  228  219  210  204  200  198  194  187  176  160  143  125  108   95   84
   77   74   75   79   84   86   87   85   84   83   84   85   87   87   87   87
   87   88   88   87   86   83   80   76   73   70   68   68   70   73   77   80
   81   82   83   85   88   96  104  115  136                                   
    37.5-180.0 180.0   5.0 450.0                            LAT/LON1/LON2/DLON/H
  140  157  174  192  208  222  237  251  260  266  265  262  256  253  251  249
  245  238  229  221  216  212  209  204  195  182  164  145  126  109   95   85
   79   78   82   87   92   94   94   91   88   86   86   88   89   89   89   88
   88   87   87   86   85   83   80   76   73   70   68   68   70   73   77   81
   82   82   83   85   87   95  103  116  140                                   
    35.0-180.0 180.0   5.0 450.0                            LAT/LON1/LON2/DLON/H
  139  157  175  194  211  224  238  252  261  268  270  268  264  262  260  258
  254  248  241  234  229  225  220  211  199  184  165  146  128  112  102   95
   93   95   99  104  108  109  105   99   94   91   90   91   92   91   89   87
   85   84   83   82   82   80   78   76   73   71   69   69   70   72   76   79
   80   80   80   81   82   90   98  112  139                                   
    32.5-180.0 180.0   5.0 450.0                            LAT/LON1/LON2/DLON/H
  137  157  175  194  211  224  237  250  260  267  271  271  269  267  266  264
  260  256  251  247  242  237  228  216  202  185  167  150  136  127  122  121
  124  128  132  135  135  131  122  113  105  100   98   98   98   95   91   87
   83   80   79   79   79   79   79   77   76   74   72   71   71   73   75   77
   77   76   76   77   77   85   94  108  137                                   
    30.0-180.0 180.0   5.0 450.0                            LAT/LON1/LON2/DLON/H
  138  161  180  198  215  226  238  250  260  268  273  275  275  273  271  268
  265  262  259  257  252  245  233  219  204  189  175  164  157  156  160  167
  174  179  180  177  170  159  145  131  120  113  110  109  107  103   97   90
   85   81   79   79   80   81   82   82   81   80   78   76   75   75   76   77
   75   75   75   76   76   84   95  109  138                                   
    27.5-180.0 180.0   5.0 450.0                            LAT/LON1/LON2/DLON/H
  146  172  193  209  225  235  246  256  267  276  282  285  285  282  278  273
  268  265  264  262  257  248  235  221  208  198  192  189  192  201  215  230
  240  243  237  226  209  190  170  152  138  130  126  124  121  115  108   99
   92   87   85   85   86   88   88   88   88   87   85   83   81   79   79   78
   77   77   78   80   82   92  106  118  146                                   
    25.0-180.0 180.0   5.0 450.0                            LAT/LON1/LON2/DLON/H
  162  191  214  228  244  253  264  273  284  294  301  304  302  297  289  281
  274  269  266  263  257  247  235  225  218  216  220  228  241  260  281  301
  312  309  294  271  244  216  191  170  156  148  144  141  137  130  122  114
  106  100   97   96   96   97   97   96   95   94   93   90   87   84   83   82
   81   83   86   91   96  108  125  136  162                                   
    22.5-180.0 180.0   5.0 450.0                            LAT/LON1/LON2/DLON/H
  185  216  242  254  271  280  292  301  313  324  332  334  330  321  308  295
  283  274  268  263  255  246  237  232  234  244  258  276  298  323  350  370
  376  365  338  303  266  233  205  184  170  163  160  157  153  147  139  131
  123  117  113  110  109  108  106  104  101  100   97   94   91   88   87   87
   88   93   99  107  115  131  151  159  185                                   
    20.0-180.0 180.0   5.0 450.0                            LAT/LON1/LON2/DLON/H
  212  244  271  284  303  314  328  340  354  367  375  375  368  354  336  317
  299  285  274  264  254  246  242  246  258  279  303  330  356  384  408  423
  421  399  360  315  272  236  209  190  179  174  172  170  166  161  155  148
  142  136  130  126  122  117  113  108  105  102   99   96   92   90   89   91
   94  102  111  124  135  154  178  186  212                                   
    17.5-180.0 180.0   5.0 450.0                            LAT/LON1/LON2/DLON/H
  238  270  299  312  336  349  369  385  403  418  426  425  415  397  373  348
  325  304  287  272  260  253  254  266  289  320  352  381  408  430  446  451
  437  404  357  306  262  228  205  190  183  181  180  178  175  170  166  162
  157  152  145  138  131  124  117  111  105  101   98   94   91   89   90   93
   98  109  122  137  152  174  200  210  238                                   
    15.0-180.0 180.0   5.0 450.0                            LAT/LON1/LON2/DLON/H
  256  289  321  336  364  382  408  428  452  470  480  478  466  445  418  388
  359  333  309  288  274  268  275  295  326  363  398  426  444  455  458  449
  423  382  332  283  243  215  199  190  186  186  185  183  179  175  172  170
  167  163  156  147  138  129  120  112  105   99   95   91   88   87   89   94
  101  113  128  146  163  187  213  226  256                                   
    12.5-180.0 180.0   5.0 450.0                            LAT/LON1/LON2/DLON/H
  266  300  334  352  384  407  439  464  493  515  527  527  515  493  465  434
  402  371  341  316  300  295  306  331  367  406  438  457  463  459  446  423
  389  345  298  256  226  208  199  195  194  193  190  186  181  177  174  174
  172  168  161  152  141  131  121  112  105   98   93   88   86   86   88   94
  101  114  130  148  166  191  217  233  266                                   
    10.0-180.0 180.0   5.0 450.0                            LAT/LON1/LON2/DLON/H
  267  303  339  360  395  423  460  489  522  547  562  564  554  535  509  480
  449  416  383  355  337  333  346  374  410  445  468  475  467  448  421  388
  350  308  270  240  222  213  211  210  209  205  199  192  184  178  175  174
  173  170  163  153  143  133  124  115  107   99   93   88   86   85   88   93
   99  113  128  146  163  188  214  233  267                                   
     7.5-180.0 180.0   5.0 450.0                            LAT/LON1/LON2/DLON/H
  263  301  338  361  399  430  470  502  537  564  581  585  578  563  544  520
  494  463  431  402  383  380  393  419  450  476  487  481  461  431  396  358
