data/edconvlstm_nd/pred2480.15i
     1.0            IONOSPHERE MAPS     GNSS                IONEX VERSION / TYPE
pyspatialgeodesy        IME             05-JAN-18 20:20     PGM / RUN BY / DATE 
Map Name                                                    COMMENT             
Predicted global ionosphere maps (GIM).                     DESCRIPTION         
  2015     9     5     0     0     0                        EPOCH OF FIRST MAP  
  2015     9     6     0     0     0                        EPOCH OF LAST MAP   
  7200                                                      INTERVAL            
    13                                                      # OF MAPS IN FILE   
  NONE                                                      MAPPING FUNCTION    
10.0                                                        ELEVATION CUTOFF    
One-way carrier phase leveled to code                       OBSERVABLES USED    
  6371.0                                                    BASE RADIUS         
 2                                                          MAP DIMENSION       
   450.0 450.0   0.0                                        HGT1 / HGT2 / DHGT  
    87.5 -87.5  -2.5                                        LAT1 / LAT2 / DLAT  
  -180.0 180.0   5.0                                        LON1 / LON2 / DLON  
    -1                                                      EXPONENT            
                                                            END OF HEADER       
[from data line 5148]
    13                                                      START OF TEC MAP    
  2015     9     6     0     0     0                        EPOCH OF CURRENT MAP
    87.5-180.0 180.0   5.0 450.0                            LAT/LON1/LON2/DLON/H
  107  105  106   99   97  100   98   96   97   97   98   98   99   99   99   99
   98   98   97   96   95   94   93   92   90   89   87   86   84   83   82   81
   80   79   78   77   76   76   76   76   76   76   76   77   77   78   78   79
   80   80   81   82   82   83   83   84   84   85   85   85   86   86   86   87
   88   89   89   89   85   94  102  102  107                                   
    85.0-180.0 180.0   5.0 450.0                            LAT/LON1/LON2/DLON/H
  109  112   94  100  103  107  104  103  103  103  103  103  104  103  103  103
  102  101  100   98   96   95   93   91   89   87   85   83   81   79   77   76
   75   74   73   72   72   72   72   72   73   73   74   75   76   77   79   80
   81   82   83   85   86   87   88   89   90   91   92   92   93   94   94   95
   96   96   98  101  100  108  115  112  109                                   
    82.5-180.0 180.0   5.0 450.0                            LAT/LON1/LON2/DLON/H
  109  102  111  109  109  115  111  110  113  112  113  113  114  113  113  112
  111  109  107  105  102  100   97   94   91   87   84   81   79   76   73   71
   69   68   67   66   66   66   66   67   68   69   71   72   74   76   78   80
   81   83   85   87   89   91   92   94   96   97   98  100  101  101  102  104
  104  104  104  103  107  100  106  107  109                                   
    80.0-180.0 180.0   5.0 450.0                            LAT/LON1/LON2/DLON/H
  119  109  107  104  108  111  111  112  114  114  115  116  117  117  117  116
  115  113  111  108  104  100   96   92   88   84   80   76   72   69   66   64
   62   60   58   58   57   57   58   59   60   62   64   66   68   70   72   75
   77   79   81   83   86   88   90   92   94   96   98   99  100  101  102  103
  103  102  102  100  113  105  114  121  119                                   
    77.5-180.0 180.0   5.0 450.0                            LAT/LON1/LON2/DLON/H
  126  114  104  110  108  110  111  115  118  118  120  122  123  124  124  124
  123  121  118  115  111  106  101   97   92   87   82   78   73   70   67   64
   62   60   58   57   57   57   58   59   60   62   64   67   69   71   74   76
   78   80   82   84   87   89   92   94   96   99  101  102  103  104  105  106
  105  106  104  103  109  110  112  126  126                                   
    75.0-180.0 180.0   5.0 450.0                            LAT/LON1/LON2/DLON/H
  127  109  105  111  108  110  109  112  116  116  119  121  123  124  124  124
  123  121  118  115  110  105  100   95   89   84   79   75   71   68   66   63
   62   60   58   57   56   56   56   57   59   61   63   65   67   70   71   73
   75   76   78   80   83   85   88   90   93   96   98  100  102  103  104  104
  102  102  102   96  101  110  109  122  127                                   
    72.5-180.0 180.0   5.0 450.0                            LAT/LON1/LON2/DLON/H
  116  104  103  107  104  104  104  108  113  113  115  118  120  121  121  121
  120  118  115  111  106  101   96   90   85   80   75   71   68   66   64   63
   61   59   57   55   54   53   52   52   53   55   57   59   61   63   64   65
   66   67   68   70   72   74   78   81   84   88   91   94   96   97   98   98
   96   96   98   94   95  102  107  123  116                                   
    70.0-180.0 180.0   5.0 450.0                            LAT/LON1/LON2/DLON/H
  116  103  104  109  106  106  105  109  114  115  117  119  120  121  121  120
  118  116  112  108  103   98   92   86   81   76   72   68   66   65   64   63
   62   60   58   55   53   51   49   49   50   51   53   56   57   59   60   60
   61   61   62   64   66   69   72   77   81   85   89   93   95   97   98   99
   97   95   98   95   96  103  106  121  116                                   
    67.5-180.0 180.0   5.0 450.0                            LAT/LON1/LON2/DLON/H
  116  106  106  110  107  106  105  108  113  114  115  117  118  118  117  116
  113  110  106  102   96   90   84   77   72   67   63   61   60   59   59   59
   58   55   52   49   45   42   40   40   40   42   44   47   48   50   50   50
   50   50   51   52   54   58   62   67   73   78   83   88   91   93   95   95
   93   92   95   93   95  101  105  121  116                                   
    65.0-180.0 180.0   5.0 450.0                            LAT/LON1/LON2/DLON/H
  119  109  109  113  110  108  106  110  114  114  116  118  118  117  116  114
  110  107  102   97   91   84   77   70   64   60   56   55   54   54   55   54
   53   50   47   42   38   34   32   32   33   35   38   40   42   43   44   43
   42   42   42   44   46   50   55   61   68   74   80   86   90   92   94   95
   94   93   96   93   98  104  108  124  119                                   
    62.5-180.0 180.0   5.0 450.0                            LAT/LON1/LON2/DLON/H
  125  115  115  119  117  113  110  113  117  117  118  119  119  119  117  114
  111  106  101   95   89   81   74   66   60   55   52   51   51   51   52   51
   50   46   42   37   32   29   27   27   29   32   36   39   41   42   42   41
   39   39   39   40   43   48   53   60   67   75   82   88   92   95   98   99
   98   97  100   98  102  110  113  129  125                                   
    60.0-180.0 180.0   5.0 450.0                            LAT/LON1/LON2/DLON/H
  132  123  122  126  124  118  114  116  119  118  119  120  120  119  118  115
  112  107  102   95   88   79   71   64   57   53   50   49   49   50   50   49
   47   43   38   33   29   26   25   26   29   33   38   41   43   44   43   42
   40   39   39   40   43   48   54   61   69   77   84   91   96   99  102  104
  103  103  106  103  108  116  119  134  132                                   
    57.5-180.0 180.0   5.0 450.0                            LAT/LON1/LON2/DLON/H
  140  132  131  135  133  126  120  120  122  120  120  120  120  120  119  117
  114  109  103   96   88   80   71   64   58   54   51   51   51   51   50   49
   45   41   37   32   29   27   28   30   34   39   44   48   50   50   49   47
   45   43   43   44   48   53   59   66   74   82   90   96  101  104  107  110
  109  110  113  110  115  123  125  140  140                                   
    55.0-180.0 180.0   5.0 450.0                            LAT/LON1/LON2/DLON/H
  149  142  141  145  143  135  129  127  127  123  121  121  120  120  119  118
  115  111  105   98   90   82   74   67   62   58   56   55   55   54   53   50
   47   43   39   36   34   34   36   40   45   50   56   59   60   60   59   56
   53   52   51   53   56   61   67   75   83   90   97  102  107  110  113  116
  116  117  121  118  122  130  132  147  149                                   
    52.5-180.0 180.0   5.0 450.0                            LAT/LON1/LON2/DLON/H
  158  152  152  156  154  146  141  137  134  129  125  122  121  120  120  119
  116  112  106  100   93   85   79   73   69   66   64   63   62   60   58   54
   51   47   45   44   44   46   49   54   59   65   69   72   73   72   70   67
   65   63   63   64   67   72   78   85   93   99  105  110  113  116  119  121
  122  124  128  125  129  137  138  153  158                                   
    50.0-180.0 180.0   5.0 450.0                            LAT/LON1/LON2/DLON/H
  164  161  162  167  165  158  155  150  145  137  131  127  123  122  121  120
  118  114  109  103   97   91   87   83   80   77   75   74   71   68   65   61
   58   55   54   55   58   61   66   71   76   80   84   86   86   85   83   80
   78   77   77   78   80   85   90   97  103  109  114  117  119  121  124  127
  128  130  134  131  135  143  144  159  164                                   
    47.5-180.0 180.0   5.0 450.0                            LAT/LON1/LON2/DLON/H
  169  168  170  176  174  170  169  165  160  150  142  135  130  127  125  123
  120  116  111  107  103   99   97   95   93   91   88   85   81   77   73   69
   66   65   66   69   73   78   83   88   92   95   97   98   97   96   95   93
   92   92   91   92   93   97  101  107  113  118  122  124  125  127  129  131
  133  136  140  137  140  147  149  164  169                                   
    45.0-180.0 180.0   5.0 450.0                            LAT/LON1/LON2/DLON/H
  171  172  175  182  180  179  182  180  176  166  156  147  140  135  131  128
  124  120  116  112  110  109  109  109  107  105  101   96   91   85   81   77
   76   77   79   84   89   94   99  102  105  106  107  107  107  106  106  106
  105  105  104  103  104  106  110  116  121  126  129  130  131  131  133  136
  137  140  145  142  145  151  152  168  171                                   
    42.5-180.0 180.0   5.0 450.0                            LAT/LON1/LON2/DLON/H
  173  174  176  184  185  185  190  192  190  182  173  163  154  147  141  136
  131  126  122  120  120  122  123  123  121  118  112  105   98   92   88   86
   86   88   92   97  102  107  110  111  112  113  113  114  114  114  115  116
  116  115  113  111  110  112  116  121  127  132  135  136  137  137  138  140
  142  145  150  148  149  153  154  169  173                                   
    40.0-180.0 180.0   5.0 450.0                            LAT/LON1/LON2/DLON/H
  174  175  175  184  188  188  195  199  201  196  189  181  171  162  154  147
  140  135  132  131  133  135  137  137  133  128  120  112  104   97   94   93
   95   98  102  107  111  114  115  115  116  116  117  118  120  121  122  123
  123  121  117  114  112  114  118  124  131  136  140  142  142  143  144  146
  148  151  156  154  153  155  156  171  174                                   
    37.5-180.0 180.0   5.0 450.0                            LAT/LON1/LON2/DLON/H
  178  177  176  185  190  191  197  203  209  208  204  197  188  179  169  160
  152  147  144  144  146  148  149  147  142  134  124  115  106  100   98   99
  102  106  110  113  115  116  116  116  116  117  119  122  124  126  127  127
  126  122  117  113  111  113  118  125  133  139  144  147  149  150  152  155
  156  159  165  162  161  161  160  175  178                                   
    35.0-180.0 180.0   5.0 450.0                            LAT/LON1/LON2/DLON/H
  186  183  181  188  195  195  199  207  215  217  216  212  204  194  184  174
  166  160  158  157  159  160  158  153  145  136  126  116  107  102  101  103
  107  111  114  115  116  115  114  114  116  118  122  125  128  129  129  128
  125  120  114  109  107  110  117  126  134  141  147  151  155  158  162  166
  167  171  177  173  172  171  169  184  186                                   
    32.5-180.0 180.0   5.0 450.0                            LAT/LON1/LON2/DLON/H
  201  196  193  198  206  203  207  214  223  227  228  226  219  209  199  189
  181  175  171  170  169  167  162  154  145  135  125  115  108  104  103  106
  110  114  116  115  114  112  112  113  116  120  124  128  130  131  129  126
  120  114  107  103  102  107  115  125  135  142  149  155  161  167  174  179
  182  187  193  189  189  188  185  199  201                                   
    30.0-180.0 180.0   5.0 450.0                            LAT/LON1/LON2/DLON/H
  222  218  214  218  225  221  224  229  237  241  243  241  235  225  215  205
  196  189  184  180  176  170  161  152  141  132  123  116  109  106  106  109
  113  116  116  114  111  110  110  113  117  122  127  131  131  130  126  120
  114  106  100   96   97  103  113  124  134  143  150  158  167  177  187  196
  201  207  213  210  210  211  208  222  222                                   
    27.5-180.0 180.0   5.0 450.0                            LAT/LON1/LON2/DLON/H
  249  248  244  247  253  250  252  255  261  264  264  261  254  244  233  222
  213  204  195  187  178  169  158  147  137  129  123  117  112  109  109  111
  115  116  115  112  109  108  110  115  120  126  130  132  130  126  120  113
  105   98   92   89   92   99  111  123  134  143  151  161  173  187  202  215
  224  231  238  234  235  238  237  252  249                                   
    25.0-180.0 180.0   5.0 450.0                            LAT/LON1/LON2/DLON/H
  277  280  280  284  289  289  292  293  296  296  295  290  282  270  257  244
  232  219  205  192  179  166  154  144  135  129  125  121  117  114  113  114
  116  117  115  111  109  110  113  119  125  130  132  132  128  121  113  105
   97   90   84   83   87   96  108  122  134  144  154  166  181  200  219  237
  250  260  267  261  263  268  269  285  277                                   
    22.5-180.0 180.0   5.0 450.0                            LAT/LON1/LON2/DLON/H
  306  310  315  322  328  334  341  341  342  340  336  329  319  306  290  273
  256  236  216  197  179  165  153  144  137  133  131  128  124  120  118  117
  118  117  115  113  112  114  119  125  130  133  133  129  123  114  105   96
   89   82   78   78   82   92  105  120  134  146  158  173  192  214  239  261
  278  291  299  292  294  298  304  322  306                                   
    20.0-180.0 180.0   5.0 450.0                            LAT/LON1/LON2/DLON/H
  331  333  344  356  363  378  391  393  395  391  387  379  368  352  333  311
  287  259  231  205  184  169  158  150  145  142  139  136  132  127  123  121
  120  120  119  118  119  122  126  131  135  135  132  126  117  108   98   89
   82   76   73   73   77   87  101  118  134  150  165  183  205  231  259  286
  307  324  333  326  327  329  339  359  331                                   
    17.5-180.0 180.0   5.0 450.0                            LAT/LON1/LON2/DLON/H
  352  351  365  382  392  414  433  441  446  445  442  436  425  408  386  358
  325  288  251  219  196  180  170  163  158  154  151  146  140  134  129  126
  125  126  126  127  129  132  136  138  138  136  130  122  112  102   92   84
   77   72   69   68   72   80   95  113  133  153  172  194  219  248  279  309
  334  353  365  361  362  361  375  396  352                                   
    15.0-180.0 180.0   5.0 450.0                            LAT/LON1/LON2/DLON/H
  369  365  379  402  414  438  462  476  486  491  493  491  483  467  443  409
  369  324  280  242  216  200  190  183  176  169  163  156  149  142  137  134
  134  136  137  139  142  144  145  145  142  136  128  119  109   98   89   81
   75   70   66   64   66   73   87  107  131  155  179  205  233  264  296  328
  356  378  392  392  394  391  407  429  369                                   
    12.5-180.0 180.0   5.0 450.0                            LAT/LON1/LON2/DLON/H
  385  380  392  415  428  451  476  494  510  520  529  534  532  519  495  459
  413  363  314  274  245  228  216  206  196  185  174  165  158  151  147  146
  147  149  152  155  157  157  155  151  145  137  127  118  107   97   88   80
   74   69   64   60   59   65   79  101  127  156  184  213  244  276  310  342
  371  396  413  417  421  418  436  457  385                                   
    10.0-180.0 180.0   5.0 450.0                            LAT/LON1/LON2/DLON/H
  402  396  404  424  435  455  476  495  514  530  544  556  561  554  533  498
  452  401  352  311  281  261  245  230  214  198  184  173  166  161  159  160
  162  166  169  172  173  170  164  156  147  137  127  118  108   98   89   81
   74   68   62   56   54   59   72   94  123  154  186  218  250  284  318  351
  381  407  426  435  441  441  459  480  402                                   
     7.5-180.0 180.0   5.0 450.0                            LAT/LON1/LON2/DLON/H
  422  415  418  430  437  451  466  483  502  520  538  554  565  564  548  517
  476  430  386  347  317  292  271  249  227  207  191  180  173  171  172  174
