data/edconvlstm_nd/pred2260.15i
     1.0            IONOSPHERE MAPS     GNSS                IONEX VERSION / TYPE
pyspatialgeodesy        IME             05-JAN-18 20:20     PGM / RUN BY / DATE 
Map Name                                                    COMMENT             
Predicted global ionosphere maps (GIM).                     DESCRIPTION         
  2015     8    14     0     0     0                        EPOCH OF FIRST MAP  
  2015     8    15     0     0     0                        EPOCH OF LAST MAP   
  7200                                                      INTERVAL            
    13                                                      # OF MAPS IN FILE   
  NONE                                                      MAPPING FUNCTION    
10.0                                                        ELEVATION CUTOFF    
One-way carrier phase leveled to code                       OBSERVABLES USED    
  6371.0                                                    BASE RADIUS         
 2                                                          MAP DIMENSION       
   450.0 450.0   0.0                                        HGT1 / HGT2 / DHGT  
    87.5 -87.5  -2.5                                        LAT1 / LAT2 / DLAT  
  -180.0 180.0   5.0                                        LON1 / LON2 / DLON  
    -1                                                      EXPONENT            
                                                            END OF HEADER       
[from data line 5148]
    13                                                      START OF TEC MAP    
  2015     8    15     0     0     0                        EPOCH OF CURRENT MAP
    87.5-180.0 180.0   5.0 450.0                            LAT/LON1/LON2/DLON/H
  114  111  114  108  107  108  106  104  105  105  105  106  106  106  106  106
  106  106  106  106  105  104  104  103  102  102  101  100   99   98   98   97
   96   95   95   94   93   93   92   92   91   91   91   91   91   91   91   91
   91   91   91   92   92   92   92   92   93   93   93   93   93   94   94   95
   96   96   96   97   93  100  107  106  114                                   
    85.0-180.0 180.0   5.0 450.0                            LAT/LON1/LON2/DLON/H
  117  117   99  106  110  113  110  109  109  109  110  110  110  110  111  110
  110  110  109  108  108  107  106  105  103  102  101  100   99   98   97   96
   96   95   94   94   93   92   92   92   91   91   90   90   90   90   90   90
   90   90   90   91   91   91   92   92   92   93   93   94   94   95   95   96
   97   98   99  103  101  109  115  112  117                                   
    82.5-180.0 180.0   5.0 450.0                            LAT/LON1/LON2/DLON/H
  116  106  114  113  114  119  116  115  118  117  118  119  119  119  119  119
  119  118  117  116  114  113  111  109  107  105  104  102  100   99   97   96
   95   94   94   93   92   92   91   91   90   90   89   89   89   88   88   88
   88   89   89   90   90   91   91   92   93   94   95   95   96   97   98   99
  100  101  101  100  104   98  103  107  116                                   
    80.0-180.0 180.0   5.0 450.0                            LAT/LON1/LON2/DLON/H
  127  114  110  110  115  118  119  120  123  122  123  124  125  125  124  124
  123  121  120  118  116  113  111  108  105  102  100   97   95   93   92   90
   89   88   88   87   87   86   86   85   84   84   83   83   82   82   82   83
   83   83   84   85   86   87   88   89   90   91   92   93   94   95   96   97
   98   98   98   97  112  105  113  122  127                                   
    77.5-180.0 180.0   5.0 450.0                            LAT/LON1/LON2/DLON/H
  138  124  115  122  121  123  127  130  132  132  133  134  134  133  132  131
  130  128  126  124  121  118  114  110  107  103  100   96   94   92   90   89
   88   87   87   87   86   86   85   84   84   83   82   82   81   82   82   83
   83   85   86   87   89   90   92   93   95   96   97   98   99  100  101  102
  103  105  104  104  113  116  117  130  138                                   
    75.0-180.0 180.0   5.0 450.0                            LAT/LON1/LON2/DLON/H
  143  125  120  128  126  129  130  132  136  135  135  136  135  134  133  132
  130  128  126  123  120  116  112  108  103   99   95   91   88   86   85   84
   84   84   84   84   84   84   83   82   81   79   78   78   77   78   78   79
   81   82   84   86   88   91   93   95   97   98   99  100  101  102  103  103
  103  105  106  101  109  118  117  128  143                                   
    72.5-180.0 180.0   5.0 450.0                            LAT/LON1/LON2/DLON/H
  134  124  121  126  124  125  127  131  134  134  134  134  133  131  129  127
  125  124  122  119  116  113  108  104   98   93   89   85   82   80   79   79
   79   80   80   81   80   79   78   76   74   72   71   70   70   70   71   73
   74   77   79   82   84   87   90   92   94   96   98   99  100  100  101  102
  101  102  105  102  105  113  117  131  134                                   
    70.0-180.0 180.0   5.0 450.0                            LAT/LON1/LON2/DLON/H
  133  122  121  128  126  128  129  132  136  135  135  135  133  130  128  126
  124  122  120  118  116  112  108  103   97   91   86   81   78   76   76   76
   77   78   79   79   78   76   74   72   69   67   66   65   66   67   68   70
   73   76   78   82   85   88   91   94   97   99  101  103  103  104  104  105
  104  104  108  106  108  115  117  129  133                                   
    67.5-180.0 180.0   5.0 450.0                            LAT/LON1/LON2/DLON/H
  132  123  121  127  125  126  126  129  133  132  132  131  129  125  122  120
  118  116  115  114  112  109  105  100   94   87   81   77   73   72   71   72
   73   74   74   73   71   69   66   63   60   58   57   57   57   59   61   64
   66   69   73   76   79   83   86   90   94   97   99  101  102  103  103  104
  103  103  107  105  108  114  115  128  132                                   
    65.0-180.0 180.0   5.0 450.0                            LAT/LON1/LON2/DLON/H
  133  123  121  127  124  123  123  126  130  130  129  128  125  122  118  115
  113  112  112  112  111  108  104   99   93   86   80   76   72   71   70   70
   71   71   70   68   66   62   58   55   53   51   51   51   53   55   57   59
   62   65   67   70   74   77   82   86   91   95   98  101  103  103  104  105
  104  104  108  107  111  116  118  132  133                                   
    62.5-180.0 180.0   5.0 450.0                            LAT/LON1/LON2/DLON/H
  138  126  124  129  126  123  122  124  128  128  127  126  123  120  116  113
  111  111  111  111  111  109  105  100   94   88   83   78   75   74   73   73
   72   71   69   66   62   58   54   51   49   49   49   50   52   54   56   58
   60   62   64   66   69   73   77   83   88   94   99  102  105  106  107  108
  107  108  112  111  115  122  123  136  138                                   
    60.0-180.0 180.0   5.0 450.0                            LAT/LON1/LON2/DLON/H
  143  132  129  133  128  124  121  123  126  125  125  124  121  118  114  111
  110  109  110  111  111  109  106  102   97   91   87   83   81   79   78   76
   74   72   68   64   60   56   52   50   49   50   51   53   55   56   57   58
   59   59   60   62   65   68   73   80   86   93   99  104  107  109  111  112
  112  113  117  116  121  128  129  143  143                                   
    57.5-180.0 180.0   5.0 450.0                            LAT/LON1/LON2/DLON/H
  152  141  138  140  134  128  124  124  126  124  123  122  120  116  113  111
  109  109  110  111  111  110  108  104  100   96   92   90   88   86   84   81
   78   73   69   64   60   57   54   53   53   54   56   58   60   61   61   60
   59   59   59   60   62   66   72   78   86   94  101  106  111  113  116  118
  118  120  124  123  129  137  138  151  152                                   
    55.0-180.0 180.0   5.0 450.0                            LAT/LON1/LON2/DLON/H
  162  152  150  151  144  136  131  129  129  126  124  122  119  116  113  111
  109  109  110  112  112  112  110  107  104  101   99   98   96   94   91   87
   82   76   71   67   63   60   59   59   60   62   65   66   67   67   66   64
   62   60   59   60   62   67   72   80   88   96  104  111  115  119  122  125
  126  128  132  132  138  146  148  160  162                                   
    52.5-180.0 180.0   5.0 450.0                            LAT/LON1/LON2/DLON/H
  172  165  163  164  156  147  142  138  136  130  126  123  120  116  114  112
  111  111  112  114  115  115  113  111  109  107  107  106  105  102   98   92
   86   80   75   71   69   67   66   67   69   71   73   75   75   73   71   68
   65   63   62   63   66   70   76   84   93  101  109  116  121  125  129  132
  134  137  142  141  147  155  157  169  172                                   
    50.0-180.0 180.0   5.0 450.0                            LAT/LON1/LON2/DLON/H
  182  178  177  177  169  161  156  151  146  139  133  127  123  119  116  114
  114  114  116  117  119  119  118  116  115  114  114  114  113  109  104   97
   91   85   81   78   76   75   75   76   78   80   82   82   81   79   75   72
   69   68   68   69   72   77   84   91  100  108  116  122  127  131  135  140
  142  146  151  151  156  163  166  178  182                                   
    47.5-180.0 180.0   5.0 450.0                            LAT/LON1/LON2/DLON/H
  189  189  188  189  182  175  171  166  160  151  143  135  129  125  121  119
  119  119  121  123  124  124  124  123  123  122  123  122  119  115  109  102
   95   90   87   85   84   84   84   84   85   87   88   87   86   83   80   77
   75   74   75   77   81   86   93  100  108  116  122  128  132  136  141  146
  150  154  160  160  164  170  173  185  189                                   
    45.0-180.0 180.0   5.0 450.0                            LAT/LON1/LON2/DLON/H
  194  196  196  198  192  188  186  182  176  166  156  147  139  133  129  127
  126  126  127  129  131  131  132  131  131  131  131  129  125  120  112  105
  100   96   93   92   92   91   91   90   90   91   91   91   89   87   84   82
   81   81   83   86   90   96  102  109  116  123  128  133  137  141  146  152
  156  162  168  168  171  175  178  190  194                                   
    42.5-180.0 180.0   5.0 450.0                            LAT/LON1/LON2/DLON/H
  197  200  200  204  201  198  198  196  192  182  171  161  152  145  140  137
  135  134  135  136  138  139  140  140  141  140  139  136  131  124  116  109
  104  101  100   99   99   97   96   94   93   93   94   93   92   90   88   87
   87   88   90   94   98  103  109  115  122  128  134  138  142  146  151  157
  162  168  175  175  177  179  183  194  197                                   
    40.0-180.0 180.0   5.0 450.0                            LAT/LON1/LON2/DLON/H
  201  203  202  207  207  205  207  208  206  197  188  177  168  159  153  149
  146  144  144  144  146  148  149  150  151  150  148  143  136  128  121  114
  110  107  106  105  104  102   99   96   95   95   95   95   95   93   92   92
   92   93   95   98  102  107  113  119  126  132  137  142  146  150  155  161
  167  173  181  181  183  184  187  200  201                                   
    37.5-180.0 180.0   5.0 450.0                            LAT/LON1/LON2/DLON/H
  207  207  206  211  212  212  215  217  218  211  203  194  184  176  169  163
  158  155  153  153  154  156  159  161  161  160  157  151  143  134  126  120
  116  114  112  110  107  104  100   97   96   96   97   98   98   97   96   95
   95   95   96   99  102  107  113  120  127  134  140  146  151  155  160  166
  172  179  187  188  190  191  195  207  207                                   
    35.0-180.0 180.0   5.0 450.0                            LAT/LON1/LON2/DLON/H
  218  217  215  217  220  219  223  226  229  224  218  210  201  193  185  178
  172  167  163  162  164  166  169  172  173  171  167  159  150  141  133  127
  123  120  117  113  109  104  100   97   97   98   99  100  101  100   99   97
   96   94   94   95   99  104  111  119  127  135  143  150  155  160  166  172
  177  185  193  195  199  201  206  219  218                                   
    32.5-180.0 180.0   5.0 450.0                            LAT/LON1/LON2/DLON/H
  236  234  231  231  233  231  234  237  240  237  232  225  218  210  202  194
  186  179  175  173  174  177  181  184  185  182  177  168  158  148  140  133
  129  124  119  114  108  103   99   97   97   99  101  103  103  101   99   96
   93   90   88   88   92   99  107  117  126  136  145  153  160  166  172  178
  184  191  200  203  210  215  222  237  236                                   
    30.0-180.0 180.0   5.0 450.0                            LAT/LON1/LON2/DLON/H
  259  259  255  253  254  250  250  252  254  251  247  241  234  227  219  210
  201  193  187  185  187  190  194  197  197  194  186  176  165  154  145  139
  133  127  120  112  105   99   96   95   96   99  102  103  102  100   96   92
   87   82   79   80   84   92  103  115  126  137  147  157  165  172  179  186
  192  200  210  214  223  231  242  259  259                                   
    27.5-180.0 180.0   5.0 450.0                            LAT/LON1/LON2/DLON/H
  286  289  285  283  282  277  274  272  272  268  264  259  252  245  237  228
  217  208  202  199  201  205  209  211  210  204  195  183  170  159  149  142
  134  126  116  107   99   94   91   91   94   97  100  101   99   96   91   85
   79   73   70   71   77   87  101  115  128  140  150  161  171  180  188  196
  202  211  221  226  238  250  264  284  286                                   
    25.0-180.0 180.0   5.0 450.0                            LAT/LON1/LON2/DLON/H
  314  320  317  316  315  309  304  298  295  289  285  279  273  266  258  247
  236  225  219  216  218  222  225  226  222  214  202  188  173  161  150  142
  132  122  110  100   92   88   86   87   90   94   96   96   93   88   82   76
   70   65   62   64   71   84  101  118  132  144  155  166  177  188  198  207
  216  225  236  241  254  268  286  309  314                                   
    22.5-180.0 180.0   5.0 450.0                            LAT/LON1/LON2/DLON/H
  336  345  345  348  348  344  337  328  322  315  309  304  298  291  281  270
  257  246  238  236  238  241  243  240  233  222  207  190  174  160  148  138
  127  114  102   92   85   82   82   83   86   89   90   89   85   79   73   67
   62   58   56   59   68   84  103  122  139  151  162  173  185  198  210  222
  232  242  253  259  272  286  306  333  336                                   
    20.0-180.0 180.0   5.0 450.0                            LAT/LON1/LON2/DLON/H
  351  363  366  375  378  375  369  358  351  343  338  333  327  319  308  296
  282  269  261  258  259  260  259  254  243  227  209  190  173  157  144  132
  119  106   94   86   81   80   81   82   84   85   85   83   78   72   66   60
   56   53   53   57   68   85  106  128  145  159  170  181  194  208  224  238
  250  262  273  278  291  303  324  353  351                                   
    17.5-180.0 180.0   5.0 450.0                            LAT/LON1/LON2/DLON/H
  358  370  378  392  398  399  395  386  379  372  367  363  358  350  338  324
  309  295  285  280  279  279  274  264  249  230  209  189  169  152  138  125
  112  100   90   84   82   82   83   84   84   84   82   78   73   67   61   57
   53   52   53   57   68   86  109  131  151  165  176  188  203  220  238  255
  270  283  294  300  310  319  339  368  358                                   
    15.0-180.0 180.0   5.0 450.0                            LAT/LON1/LON2/DLON/H
  359  370  380  399  409  413  412  406  401  397  395  392  388  381  369  354
  338  322  310  303  299  294  285  270  251  229  206  185  165  147  132  119
  108   99   92   88   88   89   90   89   87   84   81   77   71   65   59   55
   53   52   53   57   68   85  108  132  152  168  181  195  212  231  252  272
  290  304  316  322  329  334  352  380  359                                   
    12.5-180.0 180.0   5.0 450.0                            LAT/LON1/LON2/DLON/H
  356  367  377  399  411  416  418  416  416  415  415  416  414  407  397  382
  365  348  334  323  314  304  290  271  248  224  201  180  160  142  128  117
  109  103   99   98   99  101  100   97   93   88   84   78   72   66   61   56
   54   52   53   56   65   82  103  127  150  168  184  200  219  242  265  288
  307  324  337  343  347  349  365  390  356                                   
    10.0-180.0 180.0   5.0 450.0                            LAT/LON1/LON2/DLON/H
  356  364  374  394  407  413  417  418  421  423  426  429  430  426  417  403
  387  369  352  337  322  307  288  265  240  215  193  173  155  140  128  120
  115  112  111  112  114  115  112  107  101   95   89   83   77   70   64   59
   55   53   52   54   61   74   95  119  143  164  183  203  225  250  276  300
  322  340  355  362  365  364  378  399  356                                   
     7.5-180.0 180.0   5.0 450.0                            LAT/LON1/LON2/DLON/H
  360  367  375  390  401  407  411  413  418  421  426  431  433  432  426  414
  399  381  362  343  323  303  280  254  228  205  185  167  152  139  131  126
