data/edconvlstm_nd/pred1490.15i
     1.0            IONOSPHERE MAPS     GNSS                IONEX VERSION / TYPE
pyspatialgeodesy        IME             05-JAN-18 20:20     PGM / RUN BY / DATE 
Map Name                                                    COMMENT             
Predicted global ionosphere maps (GIM).                     DESCRIPTION         
  2015     5    29     0     0     0                        EPOCH OF FIRST MAP  
  2015     5    30     0     0     0                        EPOCH OF LAST MAP   
  7200                                                      INTERVAL            
    13                                                      # OF MAPS IN FILE   
  NONE                                                      MAPPING FUNCTION    
10.0                                                        ELEVATION CUTOFF    
One-way carrier phase leveled to code                       OBSERVABLES USED    
  6371.0                                                    BASE RADIUS         
 2                                                          MAP DIMENSION       
   450.0 450.0   0.0                                        HGT1 / HGT2 / DHGT  
    87.5 -87.5  -2.5                                        LAT1 / LAT2 / DLAT  
  -180.0 180.0   5.0                                        LON1 / LON2 / DLON  
    -1                                                      EXPONENT            
                                                            END OF HEADER       
[from data line 2574]
     7                                                      START OF TEC MAP    
  2015     5    29    12     0     0                        EPOCH OF CURRENT MAP
    87.5-180.0 180.0   5.0 450.0                            LAT/LON1/LON2/DLON/H
  145  147  145  150  152  152  152  150  152  153  153  154  154  155  155  155
  155  155  155  155  155  155  155  155  155  155  155  155  155  154  154  154
  153  153  153  152  151  151  150  150  150  149  149  149  148  148  148  148
  148  148  148  148  148  148  147  147  147  146  146  145  145  145  144  144
  144  145  143  142  148  146  153  148  145                                   
    85.0-180.0 180.0   5.0 450.0                            LAT/LON1/LON2/DLON/H
  142  147  157  152  153  156  157  159  160  161  162  162  163  163  163  164
  164  164  164  164  163  163  163  163  163  163  163  163  163  163  163  162
  162  161  160  159  158  157  156  155  155  154  154  154  153  153  154  154
  154  154  155  155  155  155  154  154  154  153  153  152  152  151  151  150
  151  151  147  145  144  143  148  149  142                                   
    82.5-180.0 180.0   5.0 450.0                            LAT/LON1/LON2/DLON/H
  130  144  148  144  145  149  152  154  155  157  158  159  160  160  161  161
  161  161  161  161  161  161  162  162  163  163  164  164  165  165  165  165
  165  164  163  161  160  158  157  155  154  153  152  152  152  152  153  153
  154  155  155  156  156  156  155  155  154  153  152  151  149  148  146  145
  144  143  139  139  137  143  141  132  130                                   
    80.0-180.0 180.0   5.0 450.0                            LAT/LON1/LON2/DLON/H
  124  134  139  139  140  143  146  150  153  155  156  157  158  158  158  158
  158  157  157  157  157  157  158  158  159  160  162  163  164  165  166  166
  166  165  164  162  160  158  156  154  152  151  151  151  151  152  154  155
  157  159  160  161  161  161  161  160  158  157  155  153  150  148  145  143
  141  139  135  134  130  133  137  127  124                                   
    77.5-180.0 180.0   5.0 450.0                            LAT/LON1/LON2/DLON/H
  124  128  132  134  136  140  143  148  151  153  154  155  156  156  156  155
  155  154  154  154  154  154  154  155  157  159  161  163  166  168  171  172
  173  173  172  170  168  165  163  160  158  157  157  157  159  161  163  166
  169  171  173  175  175  175  174  173  171  168  165  162  158  155  151  147
  143  139  133  132  130  127  129  126  124                                   
    75.0-180.0 180.0   5.0 450.0                            LAT/LON1/LON2/DLON/H
  116  121  121  125  129  135  138  143  147  150  151  152  153  153  152  151
  151  150  149  149  148  148  149  149  151  153  156  160  164  168  172  175
  177  178  178  176  174  171  167  164  162  161  161  162  164  168  171  175
  179  182  184  186  186  186  185  183  181  178  175  171  167  162  157  153
  148  142  135  129  127  124  125  116  116                                   
    72.5-180.0 180.0   5.0 450.0                            LAT/LON1/LON2/DLON/H
  110  114  113  118  122  128  134  139  143  146  148  149  150  149  149  148
  147  146  146  145  144  144  144  145  146  148  152  156  161  167  173  178
  182  184  184  183  181  178  174  171  169  168  168  170  173  177  181  185
  189  192  194  196  196  195  193  191  189  186  183  180  176  171  166  161
  155  149  141  133  127  123  122  118  110                                   
    70.0-180.0 180.0   5.0 450.0                            LAT/LON1/LON2/DLON/H
  107  108  107  111  114  119  125  130  135  139  141  143  144  144  144  143
  143  142  141  141  140  139  139  139  139  141  144  149  155  162  170  176
  182  186  187  187  184  181  177  174  172  171  172  174  177  181  185  189
  193  195  196  196  195  194  192  190  188  186  184  182  180  177  173  169
  163  155  147  138  131  124  124  120  107                                   
    67.5-180.0 180.0   5.0 450.0                            LAT/LON1/LON2/DLON/H
  106  106  103  106  108  114  119  125  130  134  137  139  141  142  142  142
  141  141  141  140  139  138  137  137  136  137  140  144  151  158  167  175
  181  186  189  189  187  184  180  177  175  175  176  179  182  186  190  192
  194  195  195  193  191  189  187  185  184  184  184  184  183  182  180  177
  172  165  156  146  137  129  127  122  106                                   
    65.0-180.0 180.0   5.0 450.0                            LAT/LON1/LON2/DLON/H
  108  106  101  103  102  106  111  116  122  126  130  134  136  138  139  140
  140  140  140  140  139  138  137  136  135  136  137  141  148  155  164  173
  181  186  190  190  189  186  183  181  180  180  182  184  187  190  192  193
  193  192  190  187  183  180  178  177  178  179  181  184  185  186  186  184
  180  174  166  157  147  139  137  131  108                                   
    62.5-180.0 180.0   5.0 450.0                            LAT/LON1/LON2/DLON/H
  112  108  102  100   98  100  103  107  112  117  122  127  130  133  136  137
  138  138  139  139  139  139  138  137  137  137  138  142  147  155  164  172
  180  186  189  190  189  187  185  184  184  185  187  190  192  194  194  193
  191  188  184  180  175  172  170  170  172  176  180  184  187  189  190  189
  186  181  174  165  156  148  145  140  112                                   
    60.0-180.0 180.0   5.0 450.0                            LAT/LON1/LON2/DLON/H
  119  113  104  100   94   94   95   97  101  106  111  116  122  126  129  132
  133  135  135  136  137  138  138  139  139  139  141  144  150  157  165  173
  180  186  189  190  189  188  187  187  188  190  193  195  197  197  196  193
  189  185  180  175  171  168  166  168  171  176  181  186  190  193  193  192
  189  185  179  171  163  156  154  147  119                                   
    57.5-180.0 180.0   5.0 450.0                            LAT/LON1/LON2/DLON/H
  127  119  109  102   93   91   89   89   91   95   99  105  111  117  121  125
  128  130  131  133  134  136  138  141  143  145  147  151  156  162  170  177
  183  187  189  190  190  190  190  192  194  197  200  202  203  202  199  195
  191  186  181  176  172  170  170  172  176  182  188  193  196  197  196  194
  191  186  181  175  169  162  161  155  127                                   
    55.0-180.0 180.0   5.0 450.0                            LAT/LON1/LON2/DLON/H
  136  127  116  107   95   90   86   83   84   85   89   94  100  106  112  117
  121  124  126  128  131  134  138  142  146  150  154  159  164  170  176  182
  186  189  191  192  193  194  195  197  200  203  206  208  208  206  203  199
  194  190  186  182  179  178  179  182  187  193  199  203  204  203  199  195
  190  186  180  175  171  166  166  161  136                                   
    52.5-180.0 180.0   5.0 450.0                            LAT/LON1/LON2/DLON/H
  145  136  125  116  102   95   88   83   81   80   81   85   90   96  102  108
  114  119  122  125  128  133  138  144  150  156  162  167  172  178  183  187
  190  192  194  196  197  199  201  204  207  210  213  214  214  212  208  204
  201  197  194  192  190  190  192  196  201  207  212  214  213  209  203  197
  190  184  179  175  172  169  170  164  145                                   
    50.0-180.0 180.0   5.0 450.0                            LAT/LON1/LON2/DLON/H
  153  145  136  127  112  104   97   89   84   81   79   80   83   88   95  102
  109  116  121  125  129  133  139  146  154  161  168  174  180  185  189  192
  195  197  199  201  204  207  210  212  215  217  219  220  219  217  214  211
  208  206  204  203  202  203  206  210  215  220  223  224  220  214  207  199
  190  184  179  174  172  170  172  167  153                                   
    47.5-180.0 180.0   5.0 450.0                            LAT/LON1/LON2/DLON/H
  158  153  146  139  125  118  110  101   95   89   84   82   82   85   91   99
  108  116  123  129  133  138  143  151  158  166  173  179  185  190  194  197
  200  202  205  208  212  216  219  222  224  225  226  227  226  223  221  218
  216  215  214  213  212  213  216  220  225  229  231  230  226  219  210  202
  193  186  180  176  174  172  173  169  158                                   
    45.0-180.0 180.0   5.0 450.0                            LAT/LON1/LON2/DLON/H
  161  159  154  149  139  133  126  118  110  102   95   89   86   86   91   99
  110  121  130  137  141  146  151  157  164  171  177  183  188  193  198  202
  205  208  212  217  223  228  231  233  234  235  235  235  234  232  229  227
  225  223  222  220  219  219  222  226  230  234  235  233  229  222  214  206
  198  191  185  179  176  174  175  170  161                                   
    42.5-180.0 180.0   5.0 450.0                            LAT/LON1/LON2/DLON/H
  159  161  158  156  149  146  142  135  128  120  110  102   96   93   96  104
  115  128  140  148  153  157  161  165  170  175  180  186  191  196  202  206
  211  215  221  227  235  241  245  246  246  246  246  246  245  243  240  237
  235  232  229  226  224  223  225  228  232  235  236  234  230  224  218  212
  204  198  191  185  180  177  177  170  159                                   
    40.0-180.0 180.0   5.0 450.0                            LAT/LON1/LON2/DLON/H
  156  160  158  157  154  153  153  150  145  137  128  118  109  103  104  111
  123  138  151  161  167  170  173  175  178  181  184  188  193  199  206  212
  218  224  231  239  248  255  259  261  261  261  261  261  260  258  255  252
  248  244  239  234  230  228  229  232  236  238  239  237  233  229  224  219
  213  207  200  192  185  181  179  170  156                                   
    37.5-180.0 180.0   5.0 450.0                            LAT/LON1/LON2/DLON/H
  151  157  154  153  153  155  158  158  156  151  143  133  123  116  114  120
  132  148  162  174  181  184  186  187  188  189  190  193  198  204  212  219
  226  233  242  251  261  269  275  277  278  278  279  280  280  279  276  272
  268  263  256  250  244  241  241  244  246  248  247  244  241  237  233  228
  222  216  208  199  190  184  181  171  151                                   
    35.0-180.0 180.0   5.0 450.0                            LAT/LON1/LON2/DLON/H
  148  152  149  146  147  150  156  158  161  159  154  146  136  128  125  129
  140  156  172  185  193  197  199  199  198  198  198  200  204  211  220  228
  236  245  254  264  274  284  290  294  296  298  300  303  304  304  302  299
  295  290  283  275  269  266  265  266  268  267  264  260  255  250  245  240
  232  225  215  205  195  188  184  173  148                                   
    32.5-180.0 180.0   5.0 450.0                            LAT/LON1/LON2/DLON/H
  148  150  143  139  139  143  149  153  158  160  159  154  146  138  133  136
  146  161  178  192  202  208  210  211  210  209  208  210  214  221  230  239
  248  257  266  276  287  298  305  311  314  318  323  327  331  333  333  332
  330  326  320  313  307  303  302  302  301  298  292  285  278  270  262  253
  243  233  221  210  200  192  188  177  148                                   
    30.0-180.0 180.0   5.0 450.0                            LAT/LON1/LON2/DLON/H
  152  150  142  135  133  136  141  146  152  156  158  156  151  144  140  141
  149  163  180  195  207  215  220  222  222  221  220  222  226  234  243  252
  261  269  278  289  300  311  320  327  333  339  345  352  358  363  366  368
  369  368  365  361  356  353  351  349  345  339  329  318  306  294  282  268
  253  240  226  215  204  197  194  183  152                                   
    27.5-180.0 180.0   5.0 450.0                            LAT/LON1/LON2/DLON/H
  160  156  145  137  133  133  137  140  146  151  154  155  152  147  142  142
  149  162  179  195  209  220  227  230  232  233  233  235  240  247  256  265
  273  282  291  301  313  324  334  343  350  358  366  375  383  391  398  404
  409  413  414  412  410  407  405  401  394  383  369  354  337  319  301  282
  262  246  230  218  208  204  201  193  160                                   
    25.0-180.0 180.0   5.0 450.0                            LAT/LON1/LON2/DLON/H
  172  168  155  146  138  137  138  139  142  146  150  151  150  146  142  141
  146  158  175  192  208  221  231  237  241  243  246  249  254  261  269  278
  286  294  304  314  326  338  349  359  367  376  385  394  404  414  424  434
  444  452  458  461  461  459  455  448  438  423  404  384  363  341  318  294
  270  251  233  221  212  210  210  203  172                                   
    22.5-180.0 180.0   5.0 450.0                            LAT/LON1/LON2/DLON/H
  185  182  170  161  151  148  146  144  145  146  147  148  147  144  140  138
  142  153  169  188  205  220  232  241  247  252  257  261  268  275  282  290
  298  308  318  330  342  354  365  375  384  392  400  409  419  430  442  456
  469  482  492  498  500  498  492  482  468  449  426  403  378  354  329  302
  276  254  236  224  215  216  218  213  185                                   
    20.0-180.0 180.0   5.0 450.0                            LAT/LON1/LON2/DLON/H
  197  197  187  179  167  162  159  154  151  149  147  146  144  140  136  134
  137  147  163  182  200  217  230  242  251  259  266  273  280  288  295  303
  312  323  335  348  360  372  384  394  402  409  415  421  430  440  453  468
  484  499  511  519  522  519  511  498  480  457  432  406  381  356  331  305
  279  257  239  226  218  220  223  218  197                                   
    17.5-180.0 180.0   5.0 450.0                            LAT/LON1/LON2/DLON/H
  205  208  201  194  182  177  173  167  161  155  149  145  141  136  131  129
  132  141  156  175  194  211  227  241  253  264  274  283  292  301  309  318
  329  341  355  369  382  394  405  414  421  426  429  432  438  446  458  472
  487  503  515  523  525  521  510  495  474  450  423  396  371  347  324  301
  278  258  240  228  219  220  224  219  205                                   
    15.0-180.0 180.0   5.0 450.0                            LAT/LON1/LON2/DLON/H
  206  212  209  201  192  187  184  178  170  161  152  144  138  132  127  124
  126  135  150  168  187  205  222  238  254  268  282  294  305  316  326  336
  348  362  378  393  407  419  429  437  442  443  443  443  445  450  459  471
  484  497  508  514  514  508  495  478  456  431  404  376  351  330  311  293
  274  257  241  228  218  217  220  213  206                                   
    12.5-180.0 180.0   5.0 450.0                            LAT/LON1/LON2/DLON/H
  201  208  207  199  194  189  188  182  174  164  153  143  134  127  122  119
  122  130  145  162  180  198  217  236  255  274  290  305  319  332  344  357
  370  386  402  418  431  443  452  458  461  460  456  453  451  454  459  467
  476  486  494  498  496  487  473  455  433  408  380  353  328  309  295  282
  268  254  240  227  215  210  210  202  201                                   
    10.0-180.0 180.0   5.0 450.0                            LAT/LON1/LON2/DLON/H
  192  198  197  189  186  182  183  179  172  162  150  140  130  123  118  115
  117  126  140  156  173  192  213  235  258  280  300  318  335  351  365  380
  394  410  426  440  452  462  470  475  477  474  467  461  457  457  459  462
  468  474  479  480  475  465  450  432  412  388  360  332  307  289  278  270
  260  250  237  224  210  201  198  188  192                                   
     7.5-180.0 180.0   5.0 450.0                            LAT/LON1/LON2/DLON/H
  180  185  183  174  172  168  170  168  163  154  144  134  125  118  113  111
  114  122  135  151  168  187  210  236  263  288  311  332  352  370  387  403
