data/edconvlstm_nd/pred0480.15i
     1.0            IONOSPHERE MAPS     GNSS                IONEX VERSION / TYPE
pyspatialgeodesy        IME             05-JAN-18 20:20     PGM / RUN BY / DATE 
Map Name                                                    COMMENT             
Predicted global ionosphere maps (GIM).                     DESCRIPTION         
  2015     2    17     0     0     0                        EPOCH OF FIRST MAP  
  2015     2    18     0     0     0                        EPOCH OF LAST MAP   
  7200                                                      INTERVAL            
    13                                                      # OF MAPS IN FILE   
  NONE                                                      MAPPING FUNCTION    
10.0                                                        ELEVATION CUTOFF    
One-way carrier phase leveled to code                       OBSERVABLES USED    
  6371.0                                                    BASE RADIUS         
 2                                                          MAP DIMENSION       
   450.0 450.0   0.0                                        HGT1 / HGT2 / DHGT  
    87.5 -87.5  -2.5                                        LAT1 / LAT2 / DLAT  
  -180.0 180.0   5.0                                        LON1 / LON2 / DLON  
    -1                                                      EXPONENT            
                                                            END OF HEADER       
[from data line 5148]
    13                                                      START OF TEC MAP    
  2015     2    18     0     0     0                        EPOCH OF CURRENT MAP
    87.5-180.0 180.0   5.0 450.0                            LAT/LON1/LON2/DLON/H
  105  101  103   96   97  100  100  100  103  105  108  111  113  115  116  117
  118  118  118  117  116  114  112  110  108  106  104  102   99   97   95   93
   92   90   88   87   86   85   84   84   83   83   83   83   83   83   83   83
   84   84   85   85   85   86   86   86   86   86   85   85   84   84   83   83
   83   83   83   82   80   87   96  107  105                                   
    85.0-180.0 180.0   5.0 450.0                            LAT/LON1/LON2/DLON/H
  102  107   94   99  105  111  110  111  115  117  121  124  126  129  131  132
  133  133  132  131  129  127  124  121  118  115  111  108  104  101   98   96
   93   91   89   88   87   86   86   86   86   86   86   87   87   88   89   89
   90   91   92   92   93   93   94   94   94   94   93   93   92   91   91   90
   90   90   91   94   92  101  110  113  102                                   
    82.5-180.0 180.0   5.0 450.0                            LAT/LON1/LON2/DLON/H
   97   96  108  108  113  121  121  125  131  135  139  144  148  151  153  154
  155  154  153  150  147  144  140  135  130  125  120  114  109  104  100   96
   92   90   88   86   86   85   86   86   87   87   88   89   90   91   92   93
   95   96   97   98  100  101  101  102  102  102  102  101  100   99   98   98
   97   96   97   95   97   92  101  109   97                                   
    80.0-180.0 180.0   5.0 450.0                            LAT/LON1/LON2/DLON/H
  107  107  111  111  119  127  133  139  146  151  156  161  164  167  168  167
  166  163  160  156  152  147  142  136  130  123  116  110  103   98   93   89
   86   84   82   82   82   83   84   85   87   88   89   91   92   94   95   97
   99  100  102  104  106  107  109  110  110  110  109  108  107  105  104  103
  101   99   99   95  107  102  114  131  107                                   
    77.5-180.0 180.0   5.0 450.0                            LAT/LON1/LON2/DLON/H
  124  122  122  129  131  138  148  157  164  168  173  177  179  178  177  173
  169  165  160  155  151  146  140  135  128  121  114  107  100   94   89   86
   83   81   81   82   83   85   87   89   91   93   94   95   97   98   99  101
  103  105  107  110  112  114  116  117  118  118  118  117  116  114  113  111
  109  109  108  107  114  119  129  154  124                                   
    75.0-180.0 180.0   5.0 450.0                            LAT/LON1/LON2/DLON/H
  149  141  143  151  151  159  167  175  183  186  188  189  187  182  175  168
  160  153  148  143  139  135  131  127  121  115  109  102   95   90   85   82
   80   79   80   82   84   87   90   92   94   96   97   98   99   99  100  102
  103  105  108  110  113  116  118  120  121  122  122  122  121  120  119  119
  117  118  120  115  124  138  148  175  149                                   
    72.5-180.0 180.0   5.0 450.0                            LAT/LON1/LON2/DLON/H
  168  167  168  173  173  179  189  197  204  205  205  201  194  183  171  159
  148  139  133  128  126  124  122  120  117  112  106  100   94   88   83   80
   79   79   80   82   85   88   91   93   95   96   96   96   96   96   96   97
   99  101  104  107  110  113  116  118  120  122  123  124  124  125  126  127
  126  129  134  133  141  156  173  206  168                                   
    70.0-180.0 180.0   5.0 450.0                            LAT/LON1/LON2/DLON/H
  199  194  192  200  200  206  213  220  226  225  221  212  199  182  164  146
  131  120  112  109  108  108  109  110  109  106  101   96   90   84   80   76
   75   75   77   80   83   86   88   91   92   93   93   93   93   93   94   95
   97  100  103  107  111  114  118  121  123  126  128  130  132  134  137  140
  141  145  153  156  166  182  201  234  199                                   
    67.5-180.0 180.0   5.0 450.0                            LAT/LON1/LON2/DLON/H
  225  221  216  223  223  227  231  237  242  240  233  220  201  179  155  133
  114  101   93   90   90   93   96   99   99   98   94   88   83   77   72   69
   67   67   68   70   73   75   78   80   81   82   82   82   82   83   84   86
   89   93   97  102  106  110  114  118  121  125  129  133  136  140  145  150
  153  159  169  173  187  203  224  261  225                                   
    65.0-180.0 180.0   5.0 450.0                            LAT/LON1/LON2/DLON/H
  244  238  234  241  242  244  245  251  256  253  245  230  207  180  152  126
  105   90   82   79   81   85   89   92   93   92   88   83   77   71   66   62
   60   59   60   61   62   64   66   68   69   70   71   72   73   74   76   79
   82   87   91   96  101  106  110  115  119  124  130  136  141  147  153  159
  165  171  181  187  201  217  241  279  244                                   
    62.5-180.0 180.0   5.0 450.0                            LAT/LON1/LON2/DLON/H
  255  250  249  255  256  258  258  263  268  266  258  242  218  188  158  129
  107   91   82   79   80   84   87   90   90   87   83   78   72   67   62   59
   56   54   53   53   54   55   56   58   60   62   64   65   67   68   70   73
   77   82   87   92   97  101  106  111  117  123  131  138  146  154  162  169
  174  181  190  196  208  223  248  287  255                                   
    60.0-180.0 180.0   5.0 450.0                            LAT/LON1/LON2/DLON/H
  258  256  260  266  269  271  270  275  280  278  271  255  232  202  171  142
  119  102   92   88   87   88   88   88   86   83   79   74   70   65   61   58
   55   53   51   50   50   50   51   52   55   57   60   62   64   66   68   70
   73   78   82   87   92   97  101  107  114  122  131  141  151  160  170  177
  182  188  196  201  211  222  246  288  258                                   
    57.5-180.0 180.0   5.0 450.0                            LAT/LON1/LON2/DLON/H
  260  263  273  281  287  290  289  293  296  294  286  271  249  221  192  164
  141  124  112  105  100   96   92   87   84   80   77   74   71   68   65   62
   59   56   54   53   52   52   52   54   56   59   62   65   67   68   69   70
   72   76   80   85   90   94  100  107  115  124  135  146  158  168  179  187
  192  197  204  208  214  221  243  287  260                                   
    55.0-180.0 180.0   5.0 450.0                            LAT/LON1/LON2/DLON/H
  267  275  289  300  312  318  318  320  320  315  305  290  269  244  218  193
  171  153  139  126  116  106   97   90   85   81   79   79   78   76   75   72
   68   66   63   62   61   61   62   63   65   68   71   74   75   75   75   74
   75   78   82   86   91   96  103  110  119  130  141  154  166  179  190  200
  205  210  216  219  223  226  246  291  267                                   
    52.5-180.0 180.0   5.0 450.0                            LAT/LON1/LON2/DLON/H
  283  296  310  326  345  355  356  356  352  342  328  311  292  270  247  225
  205  186  168  151  134  119  106   97   91   88   88   90   91   91   89   86
   83   80   78   78   78   79   79   80   82   84   86   88   88   87   85   83
   83   85   88   92   97  103  110  118  128  138  150  163  176  190  203  214
  221  227  234  236  239  240  257  302  283                                   
    50.0-180.0 180.0   5.0 450.0                            LAT/LON1/LON2/DLON/H
  308  324  338  360  384  398  401  398  389  373  354  335  315  296  277  259
  240  220  198  176  154  135  120  109  103  102  104  107  109  110  107  103
   99   97   96   97   99  101  102  102  103  104  105  105  104  102   99   96
   95   96   99  103  109  115  122  130  139  149  160  173  186  201  216  229
  239  247  255  259  262  262  278  321  308                                   
    47.5-180.0 180.0   5.0 450.0                            LAT/LON1/LON2/DLON/H
  336  356  372  398  426  443  447  442  427  405  381  359  339  321  306  289
  271  249  225  199  175  154  138  127  123  122  125  129  130  129  124  118
  113  110  111  114  119  122  124  124  123  123  123  123  122  118  114  111
  109  110  113  118  123  129  136  144  152  161  170  182  195  210  226  242
  254  266  277  283  288  290  307  345  336                                   
    45.0-180.0 180.0   5.0 450.0                            LAT/LON1/LON2/DLON/H
  363  386  404  433  461  480  486  480  463  436  408  382  361  345  330  315
  295  272  246  219  195  175  161  152  148  148  150  151  149  143  134  125
  118  116  119  125  132  137  140  140  139  139  139  139  138  135  131  127
  125  126  129  133  138  144  150  157  165  173  181  190  202  216  233  250
  265  279  294  303  312  317  336  368  363                                   
    42.5-180.0 180.0   5.0 450.0                            LAT/LON1/LON2/DLON/H
  381  407  425  454  481  500  509  506  489  462  432  405  383  366  351  334
  313  288  262  237  217  201  190  182  178  175  172  167  159  148  135  124
  117  117  121  130  139  146  149  150  150  151  152  152  151  149  145  143
  141  142  143  146  150  156  162  170  177  184  191  199  209  223  238  255
  271  287  303  316  328  337  358  385  381                                   
    40.0-180.0 180.0   5.0 450.0                            LAT/LON1/LON2/DLON/H
  391  417  433  456  480  498  509  511  501  478  450  424  403  385  369  350
  327  302  277  257  242  230  221  213  205  196  187  175  161  146  132  122
  117  119  125  134  144  151  154  156  157  158  160  161  161  160  157  155
  153  153  154  156  159  164  171  179  187  194  200  208  217  230  245  261
  275  290  306  320  333  345  370  394  391                                   
    37.5-180.0 180.0   5.0 450.0                            LAT/LON1/LON2/DLON/H
  396  419  430  444  462  477  488  497  495  482  461  440  420  403  386  365
  341  317  296  281  270  262  252  240  225  209  192  176  160  146  135  129
  128  131  138  145  152  157  159  161  162  164  166  168  168  167  164  162
  160  159  158  158  161  166  174  183  192  200  207  215  225  238  253  268
  280  292  306  318  331  347  374  401  396                                   
    35.0-180.0 180.0   5.0 450.0                            LAT/LON1/LON2/DLON/H
  403  423  427  429  441  450  460  472  480  476  465  450  435  419  402  381
  358  336  319  309  301  291  276  256  234  212  193  177  165  158  154  154
  157  161  165  168  170  170  169  169  169  171  173  173  172  170  167  163
  159  156  153  153  155  162  171  182  192  201  209  219  232  247  264  279
  290  298  309  318  332  349  380  410  403                                   
    32.5-180.0 180.0   5.0 450.0                            LAT/LON1/LON2/DLON/H
  425  442  439  428  431  433  438  452  465  470  466  457  446  433  417  397
  377  359  347  338  330  315  291  262  234  211  195  188  187  191  197  205
  210  213  212  207  199  192  186  182  182  182  181  179  176  171  165  159
  153  147  142  141  144  152  163  176  187  198  209  222  239  259  279  297
  308  314  323  329  343  361  394  431  425                                   
    30.0-180.0 180.0   5.0 450.0                            LAT/LON1/LON2/DLON/H
  470  487  477  456  448  441  439  449  462  470  470  464  455  443  429  412
  396  382  373  365  352  328  296  261  232  215  210  217  231  250  269  283
  290  287  277  260  241  224  211  203  199  196  192  186  179  171  162  153
  144  136  130  128  131  140  153  166  180  193  208  226  249  276  302  324
  338  345  351  356  372  393  425  466  470                                   
    27.5-180.0 180.0   5.0 450.0                            LAT/LON1/LON2/DLON/H
  542  562  548  519  502  485  472  473  480  484  482  474  464  452  438  424
  411  401  393  383  363  332  294  260  238  233  244  269  301  335  363  380
  384  374  352  322  291  263  242  228  220  212  204  194  183  172  160  148
  137  126  119  117  121  130  142  156  170  186  205  231  262  296  331  360
  378  389  396  401  423  448  480  520  542                                   
    25.0-180.0 180.0   5.0 450.0                            LAT/LON1/LON2/DLON/H
  632  658  650  621  594  566  540  527  522  516  506  492  476  460  444  430
  419  411  403  389  363  329  294  268  260  272  302  344  390  433  465  480
  476  456  422  381  338  300  271  252  239  228  215  201  187  174  160  146
  133  121  113  111  115  123  135  148  163  181  204  236  275  318  361  398
  425  443  454  464  494  525  558  593  632                                   
    22.5-180.0 180.0   5.0 450.0                            LAT/LON1/LON2/DLON/H
  726  760  769  748  714  677  637  608  587  567  545  520  495  471  450  434
  422  412  401  384  357  327  303  293  304  334  379  431  483  526  553  560
  546  515  472  421  370  325  292  269  253  239  223  207  191  176  162  147
  132  119  112  110  114  123  134  148  163  182  209  245  289  339  390  435
  473  499  518  537  575  612  650  675  726                                   
    20.0-180.0 180.0   5.0 450.0                            LAT/LON1/LON2/DLON/H
  808  850  876  873  839  798  748  704  668  633  598  561  524  490  461  438
  421  407  393  375  354  336  330  341  370  413  464  515  560  593  608  602
  577  536  485  430  376  330  297  274  258  243  227  210  194  179  164  148
  133  121  114  113  118  127  138  152  168  189  218  257  305  359  415  467
  514  549  578  608  652  690  733  752  808                                   
    17.5-180.0 180.0   5.0 450.0                            LAT/LON1/LON2/DLON/H
  860  908  948  962  937  899  849  798  750  705  659  612  565  520  481  449
  425  405  388  372  362  363  378  409  450  496  540  577  604  617  613  592
  556  509  456  403  354  313  285  267  254  242  227  211  195  181  167  152
  137  127  122  121  125  132  142  156  173  196  228  269  319  376  434  491
  544  586  622  661  707  742  786  804  860                                   
    15.0-180.0 180.0   5.0 450.0                            LAT/LON1/LON2/DLON/H
  872  923  971  998  986  959  916  866  816  769  720  668  615  561  513  472
  439  414  395  385  388  407  442  485  530  567  592  603  602  588  565  531
  488  441  393  349  312  283  265  254  247  238  226  211  197  184  170  156
  144  135  130  128  130  134  141  154  173  199  235  280  332  390  449  507
  561  606  647  689  733  760  803  822  872                                   
    12.5-180.0 180.0   5.0 450.0                            LAT/LON1/LON2/DLON/H
  845  895  947  982  982  969  936  895  853  812  769  722  669  612  557  510
  471  441  422  418  432  465  511  559  597  616  612  588  554  515  476  435
  393  353  319  291  270  256  248  245  243  237  227  214  201  188  175  162
  150  141  135  131  128  129  135  148  170  200  240  289  344  402  460  517
  570  613  654  695  732  752  789  809  845                                   
    10.0-180.0 180.0   5.0 450.0                            LAT/LON1/LON2/DLON/H
  793  838  887  924  934  933  912  883  854  827  800  765  720  666  611  560
  518  486  468  467  488  528  577  620  642  633  594  536  474  418  372  335
  303  279  262  253  248  246  244  244  244  239  230  218  204  191  178  166
  154  144  137  130  125  124  131  146  171  205  248  299  355  413  470  523
  572  613  650  686  716  729  758  777  793                                   
     7.5-180.0 180.0   5.0 450.0                            LAT/LON1/LON2/DLON/H
  739  771  812  846  862  868  857  840  826  817  808  790  759  715  665  618
  577  545  526  526  548  587  630  659  656  615  543  459  382  324  286  264
