data/edconvlstm_nd/pred3090.15i
     1.0            IONOSPHERE MAPS     GNSS                IONEX VERSION / TYPE
pyspatialgeodesy        IME             05-JAN-18 20:20     PGM / RUN BY / DATE 
Map Name                                                    COMMENT             
Predicted global ionosphere maps (GIM).                     DESCRIPTION         
  2015    11     5     0     0     0                        EPOCH OF FIRST MAP  
  2015    11     6     0     0     0                        EPOCH OF LAST MAP   
  7200                                                      INTERVAL            
    13                                                      # OF MAPS IN FILE   
  NONE                                                      MAPPING FUNCTION    
10.0                                                        ELEVATION CUTOFF    
One-way carrier phase leveled to code                       OBSERVABLES USED    
  6371.0                                                    BASE RADIUS         
 2                                                          MAP DIMENSION       
   450.0 450.0   0.0                                        HGT1 / HGT2 / DHGT  
    87.5 -87.5  -2.5                                        LAT1 / LAT2 / DLAT  
  -180.0 180.0   5.0                                        LON1 / LON2 / DLON  
    -1                                                      EXPONENT            
                                                            END OF HEADER       
[from data line 4719]
    12                                                      START OF TEC MAP    
  2015    11     5    22     0     0                        EPOCH OF CURRENT MAP
    87.5-180.0 180.0   5.0 450.0                            LAT/LON1/LON2/DLON/H
   89   79   68   70   75   69   68   64   64   65   64   65   65   65   65   65
   65   65   65   64   64   63   62   61   60   59   59   58   57   56   56   55
   55   55   54   54   54   53   53   53   53   53   54   54   54   54   54   55
   55   56   56   57   57   58   58   59   59   60   60   61   61   61   62   61
   62   62   59   57   65   66   86   96   89                                   
    85.0-180.0 180.0   5.0 450.0                            LAT/LON1/LON2/DLON/H
   92   81   86   69   69   71   69   70   70   72   71   72   72   72   72   73
   72   72   72   71   70   69   68   67   66   65   64   63   62   61   61   60
   59   59   59   58   58   57   57   57   57   57   57   57   57   58   58   58
   59   59   60   61   61   62   63   63   64   64   65   65   66   66   66   66
   67   66   63   60   66   70   74   72   92                                   
    82.5-180.0 180.0   5.0 450.0                            LAT/LON1/LON2/DLON/H
   70   68   67   61   64   66   68   67   67   68   69   70   71   72   72   73
   73   73   73   72   72   71   69   68   67   65   64   63   61   60   60   59
   58   57   56   56   55   54   54   53   52   52   52   52   52   52   52   52
   53   53   54   54   55   56   56   57   58   59   59   60   60   60   61   60
   61   60   58   59   65   78   70   73   70                                   
    80.0-180.0 180.0   5.0 450.0                            LAT/LON1/LON2/DLON/H
   54   56   61   55   58   56   62   63   66   67   69   71   72   73   74   75
   75   75   75   74   73   71   69   68   66   64   62   60   59   58   57   56
   55   55   54   53   52   51   50   49   48   47   47   47   47   47   47   48
   48   49   50   50   51   52   53   54   55   55   56   57   57   57   57   57
   57   58   57   58   57   65   57   69   54                                   
    77.5-180.0 180.0   5.0 450.0                            LAT/LON1/LON2/DLON/H
   65   61   62   57   62   62   67   68   70   71   73   76   78   80   81   82
   83   84   84   83   83   81   80   78   76   74   72   70   69   68   68   67
   66   65   64   63   61   58   56   54   51   50   48   47   46   46   46   46
   47   47   48   48   49   50   51   51   52   53   54   54   54   54   54   54
   54   55   56   58   58   61   58   72   65                                   
    75.0-180.0 180.0   5.0 450.0                            LAT/LON1/LON2/DLON/H
   62   62   61   57   63   64   68   69   74   77   79   82   84   85   87   88
   88   89   89   89   88   87   86   84   82   80   78   77   76   76   76   76
   76   76   75   73   70   67   64   60   57   55   52   51   50   50   50   50
   50   51   51   51   51   52   52   52   53   53   53   54   53   53   53   53
   53   55   56   56   56   56   53   57   62                                   
    72.5-180.0 180.0   5.0 450.0                            LAT/LON1/LON2/DLON/H
   71   69   69   70   70   71   75   75   77   79   81   83   85   86   87   88
   88   89   90   90   90   90   88   86   84   81   79   78   78   79   79   80
   81   81   79   77   74   69   65   60   56   52   50   48   47   46   46   46
   46   46   46   45   45   44   44   44   45   45   45   45   45   45   45   45
   45   47   48   48   50   54   56   62   71                                   
    70.0-180.0 180.0   5.0 450.0                            LAT/LON1/LON2/DLON/H
   73   76   76   75   76   78   79   81   84   87   89   90   91   90   90   89
   89   90   91   92   92   92   90   88   85   82   80   79   79   80   82   84
   85   85   83   80   76   71   66   61   56   52   50   48   48   48   48   48
   48   47   46   45   44   43   42   42   42   43   43   43   43   43   43   43
   44   46   49   51   55   61   69   72   73                                   
    67.5-180.0 180.0   5.0 450.0                            LAT/LON1/LON2/DLON/H
   80   84   84   86   86   87   89   90   92   94   95   96   96   94   92   90
   90   90   91   93   93   93   91   88   84   80   77   75   75   76   78   80
   81   81   79   76   72   66   61   56   51   48   46   45   45   46   46   46
   46   45   43   41   39   37   36   36   37   37   38   39   39   39   40   41
   42   44   46   48   55   64   72   75   80                                   
    65.0-180.0 180.0   5.0 450.0                            LAT/LON1/LON2/DLON/H
   80   87   87   89   89   90   92   94   98  101  103  103  102   99   95   92
   91   91   93   94   95   95   92   87   81   76   71   69   69   70   72   74
   75   74   72   68   63   58   53   49   45   43   42   42   43   44   45   45
   45   43   40   37   35   33   32   32   32   34   35   37   38   39   40   41
   43   46   50   53   61   73   83   87   80                                   
    62.5-180.0 180.0   5.0 450.0                            LAT/LON1/LON2/DLON/H
   82   90   89   91   91   93   95   97  101  105  107  108  107  103   99   96
   94   94   96   98   99   97   93   86   78   70   65   62   61   62   64   65
   65   64   61   57   52   48   44   40   38   37   37   39   40   42   43   43
   42   39   36   32   29   27   26   26   27   29   32   34   36   38   40   43
   45   49   53   55   62   75   85   89   82                                   
    60.0-180.0 180.0   5.0 450.0                            LAT/LON1/LON2/DLON/H
   83   89   88   91   90   90   94   96  102  107  112  114  113  110  106  102
  100  101  103  104  105  102   95   86   76   67   61   57   57   58   59   60
   59   56   52   48   43   40   37   36   35   35   37   38   40   42   43   43
   41   38   34   29   26   23   23   23   25   28   31   34   37   40   44   47
   51   55   59   61   67   81   89   95   83                                   
    57.5-180.0 180.0   5.0 450.0                            LAT/LON1/LON2/DLON/H
   87   92   90   92   92   91   94   97  103  109  115  118  119  116  113  110
  109  110  111  113  112  108  100   89   78   68   61   58   57   59   60   59
   57   53   48   43   39   37   36   36   37   38   40   42   44   45   45   44
   42   38   34   29   25   23   23   24   26   29   33   37   41   45   50   55
   60   65   69   71   74   85   91   99   87                                   
    55.0-180.0 180.0   5.0 450.0                            LAT/LON1/LON2/DLON/H
   97  100  100  100   99   96   98  101  107  112  119  123  125  124  122  120
  119  120  121  121  120  114  105   94   82   73   66   64   64   66   66   65
   61   55   49   44   41   40   40   41   43   45   47   48   49   50   49   48
   45   41   36   32   29   27   27   28   31   34   38   42   47   53   59   66
   72   79   84   85   85   94   98  106   97                                   
    52.5-180.0 180.0   5.0 450.0                            LAT/LON1/LON2/DLON/H
  114  116  117  116  115  110  110  111  115  119  124  128  130  130  130  129
  128  129  129  129  126  120  112  101   90   82   77   76   77   79   78   76
   70   63   56   51   48   48   49   51   53   55   56   57   57   56   55   53
   50   47   43   39   36   35   36   37   40   43   47   51   56   62   71   79
   88   96  102  104  102  109  112  119  114                                   
    50.0-180.0 180.0   5.0 450.0                            LAT/LON1/LON2/DLON/H
  137  140  144  142  140  135  132  130  131  132  135  137  138  139  138  138
  137  137  136  135  132  126  119  110  102   96   92   92   94   95   93   89
   82   74   67   62   60   59   60   62   63   65   65   65   65   64   62   60
   58   55   52   49   47   47   48   50   52   55   58   62   67   74   83   93
  104  115  123  126  124  130  133  138  137                                   
    47.5-180.0 180.0   5.0 450.0                            LAT/LON1/LON2/DLON/H
  166  170  177  174  172  167  161  157  154  152  151  151  150  149  148  147
  146  144  142  140  137  133  128  123  117  113  110  110  111  110  107  101
   93   85   78   74   72   71   72   72   72   73   73   73   72   71   69   68
   67   65   63   61   60   60   61   64   66   68   71   74   79   85   95  107
  119  133  143  149  150  157  162  164  166                                   
    45.0-180.0 180.0   5.0 450.0                            LAT/LON1/LON2/DLON/H
  197  203  212  209  206  202  194  188  181  177  173  169  166  163  161  158
  156  152  149  146  144  142  140  137  134  131  128  126  124  121  115  108
  100   92   87   83   82   81   80   79   79   78   78   78   77   77   76   76
   76   75   74   73   72   73   74   77   79   82   84   87   91   97  107  119
  132  148  162  172  176  186  195  195  197                                   
    42.5-180.0 180.0   5.0 450.0                            LAT/LON1/LON2/DLON/H
  225  234  243  240  239  234  224  217  208  203  197  191  186  182  177  173
  168  163  158  155  154  154  154  153  151  148  143  137  131  124  117  109
  101   95   92   90   89   88   86   83   82   81   81   81   81   82   82   83
   84   84   83   82   82   82   84   87   90   93   95   98  102  108  118  130
  144  162  179  192  201  215  227  229  225                                   
    40.0-180.0 180.0   5.0 450.0                            LAT/LON1/LON2/DLON/H
  248  260  268  265  264  258  249  241  232  227  219  214  208  203  197  191
  185  178  172  169  168  169  170  170  167  161  152  142  131  121  113  105
  100   96   95   95   95   93   90   86   83   82   82   84   85   85   87   88
   89   89   89   88   87   88   90   93   97  101  104  108  113  119  128  141
  155  175  194  210  222  240  254  260  248                                   
    37.5-180.0 180.0   5.0 450.0                            LAT/LON1/LON2/DLON/H
  265  277  285  282  281  274  267  258  250  244  239  234  229  224  218  212
  204  197  191  187  186  186  187  185  179  169  156  141  128  116  108  103
   99   98   99  100  100   98   94   89   86   84   85   86   88   89   90   91
   92   92   91   89   89   89   92   95  100  104  109  115  121  128  138  151
  167  188  209  226  239  260  275  284  265                                   
    35.0-180.0 180.0   5.0 450.0                            LAT/LON1/LON2/DLON/H
  279  290  296  290  291  282  277  268  261  257  253  250  247  244  239  233
  226  218  212  208  206  205  202  197  187  173  156  140  125  115  109  106
  105  106  107  109  108  106  101   95   91   89   90   91   92   92   93   93
   93   92   90   88   87   88   91   95  100  105  111  119  127  136  148  162
  179  202  225  243  254  276  292  301  279                                   
    32.5-180.0 180.0   5.0 450.0                            LAT/LON1/LON2/DLON/H
  296  305  309  299  300  287  284  274  269  265  263  263  262  260  257  252
  246  239  233  229  225  220  213  203  190  174  157  142  130  123  121  121
  122  122  123  123  121  117  111  104  100   97   97   97   97   97   96   96
   94   92   89   87   86   87   89   94   98  104  112  121  131  144  158  176
  195  220  245  264  273  294  310  318  296                                   
    30.0-180.0 180.0   5.0 450.0                            LAT/LON1/LON2/DLON/H
  323  330  332  316  316  299  294  283  278  273  272  273  275  274  272  267
  262  256  251  246  239  231  219  205  190  176  162  152  146  144  145  148
  149  148  146  142  137  131  124  117  111  108  106  105  104  103  101  100
   97   93   89   86   86   87   90   94   98  104  111  122  135  151  170  191
  213  242  270  290  298  318  333  338  323                                   
    27.5-180.0 180.0   5.0 450.0                            LAT/LON1/LON2/DLON/H
  365  371  373  351  350  329  319  303  294  287  284  285  287  287  284  279
  273  268  263  257  248  236  222  206  193  183  177  174  175  178  183  187
  186  181  174  165  156  148  139  131  125  120  117  115  113  111  109  106
  102   97   92   89   89   91   94   97  100  105  112  123  138  158  181  207
  234  267  297  321  328  349  365  365  365                                   
    25.0-180.0 180.0   5.0 450.0                            LAT/LON1/LON2/DLON/H
  420  427  431  407  407  383  367  344  326  312  304  302  302  299  294  288
  281  275  270  263  253  239  224  211  203  201  204  209  216  224  230  232
  228  217  203  189  176  165  154  145  138  132  128  125  123  121  118  115
  109  103   98   95   95   97  100  102  104  107  112  123  140  163  191  222
  253  291  325  353  362  385  403  399  420                                   
    22.5-180.0 180.0   5.0 450.0                            LAT/LON1/LON2/DLON/H
  482  493  500  481  486  464  441  409  380  355  338  329  323  316  307  297
  287  280  274  267  256  243  230  223  223  230  242  255  266  275  280  278
  268  251  230  211  194  181  169  159  150  144  139  136  134  132  129  125
  119  111  105  101  101  104  106  108  109  109  114  124  141  166  197  233
  269  311  348  381  395  421  444  437  482                                   
    20.0-180.0 180.0   5.0 450.0                            LAT/LON1/LON2/DLON/H
  541  559  571  562  577  561  535  497  457  420  390  370  355  340  325  310
  297  287  280  273  264  254  246  246  254  270  290  306  318  323  322  315
  299  277  253  230  211  196  183  172  162  154  149  146  144  143  140  135
  128  119  111  107  106  108  111  112  112  112  114  124  142  168  201  239
  279  325  365  402  421  452  481  476  541                                   
    17.5-180.0 180.0   5.0 450.0                            LAT/LON1/LON2/DLON/H
  587  611  631  634  662  656  634  596  549  502  461  428  402  377  353  332
  315  303  294  287  281  275  274  281  297  320  342  357  363  361  352  338
  319  295  270  248  229  213  199  186  174  165  160  156  154  152  149  143
  134  124  115  110  108  110  112  114  113  112  115  124  142  169  203  242
  282  330  372  412  436  472  508  508  587                                   
    15.0-180.0 180.0   5.0 450.0                            LAT/LON1/LON2/DLON/H
  612  640  665  679  719  726  715  684  641  591  543  501  463  429  396  368
  346  330  321  315  311  311  316  329  349  373  392  401  397  384  367  348
  328  306  285  266  249  233  218  203  189  178  170  165  162  159  154  147
  137  125  115  108  106  107  109  111  112  111  114  124  143  170  203  241
  281  329  372  412  440  481  522  527  612                                   
    12.5-180.0 180.0   5.0 450.0                            LAT/LON1/LON2/DLON/H
  614  643  670  688  735  754  758  740  709  666  621  577  534  492  453  419
  393  375  365  359  358  360  369  385  406  425  436  432  416  393  370  349
  331  315  300  287  273  258  242  224  207  192  182  174  168  162  155  146
  135  123  112  104  100  100  103  106  107  109  113  124  143  171  203  239
  277  323  365  404  434  478  522  531  614                                   
    10.0-180.0 180.0   5.0 450.0                            LAT/LON1/LON2/DLON/H
  596  624  650  668  716  742  757  752  737  711  678  641  601  560  519  483
  455  436  425  419  418  422  432  446  461  470  468  451  424  393  367  347
  334  325  318  311  302  288  270  249  228  209  194  182  171  162  152  141
  130  118  106   98   93   92   95   98  101  104  110  123  144  171  203  236
  271  314  355  392  422  467  511  524  596                                   
     7.5-180.0 180.0   5.0 450.0                            LAT/LON1/LON2/DLON/H
  567  593  614  630  673  700  722  726  727  718  702  680  650  617  582  550
  525  506  494  488  486  488  494  501  506  504  488  460  425  391  365  349
