data/edconvlstm_nd/pred1960.15i
     1.0            IONOSPHERE MAPS     GNSS                IONEX VERSION / TYPE
pyspatialgeodesy        IME             05-JAN-18 20:20     PGM / RUN BY / DATE 
Map Name                                                    COMMENT             
Predicted global ionosphere maps (GIM).                     DESCRIPTION         
  2015     7    15     0     0     0                        EPOCH OF FIRST MAP  
  2015     7    16     0     0     0                        EPOCH OF LAST MAP   
  7200                                                      INTERVAL            
    13                                                      # OF MAPS IN FILE   
  NONE                                                      MAPPING FUNCTION    
10.0                                                        ELEVATION CUTOFF    
One-way carrier phase leveled to code                       OBSERVABLES USED    
  6371.0                                                    BASE RADIUS         
 2                                                          MAP DIMENSION       
   450.0 450.0   0.0                                        HGT1 / HGT2 / DHGT  
    87.5 -87.5  -2.5                                        LAT1 / LAT2 / DLAT  
  -180.0 180.0   5.0                                        LON1 / LON2 / DLON  
    -1                                                      EXPONENT            
                                                            END OF HEADER       
[from data line 4290]
    11                                                      START OF TEC MAP    
  2015     7    15    20     0     0                        EPOCH OF CURRENT MAP
    87.5-180.0 180.0   5.0 450.0                            LAT/LON1/LON2/DLON/H
  158  150  137  143  144  142  140  138  136  137  135  135  134  133  133  132
  132  131  130  130  129  128  127  126  126  125  124  123  122  122  121  120
  120  120  119  119  119  119  120  120  120  121  122  122  123  124  125  126
  127  128  129  130  131  132  133  134  135  136  136  137  138  138  139  139
  139  140  139  140  152  149  156  155  158                                   
    85.0-180.0 180.0   5.0 450.0                            LAT/LON1/LON2/DLON/H
  158  156  160  151  148  151  149  149  148  148  146  145  144  144  143  142
  142  141  140  139  138  137  136  134  133  132  130  129  128  126  125  124
  123  122  122  121  121  121  121  121  122  123  124  125  126  127  128  130
  131  133  134  136  137  139  140  142  143  144  145  146  147  148  149  150
  152  152  151  150  154  148  150  150  158                                   
    82.5-180.0 180.0   5.0 450.0                            LAT/LON1/LON2/DLON/H
  144  149  150  145  144  147  148  146  143  143  142  141  140  140  139  138
  138  137  137  136  135  134  133  131  130  128  126  124  122  120  118  116
  115  113  112  111  111  111  111  111  111  112  113  115  116  118  120  121
  123  125  127  128  130  132  134  135  137  138  140  141  142  144  145  146
  147  147  147  150  152  158  151  146  144                                   
    80.0-180.0 180.0   5.0 450.0                            LAT/LON1/LON2/DLON/H
  140  144  148  144  141  140  141  142  140  140  139  139  138  138  137  137
  137  137  137  137  136  135  134  132  130  128  126  123  120  118  115  112
  110  108  107  105  104  104  104  104  105  106  107  109  110  112  114  116
  118  120  122  123  125  127  129  131  132  134  135  137  138  140  141  143
  145  145  146  148  146  145  144  145  140                                   
    77.5-180.0 180.0   5.0 450.0                            LAT/LON1/LON2/DLON/H
  146  143  148  145  145  145  145  146  144  143  142  142  142  142  142  143
  144  145  146  146  147  147  146  144  143  140  137  134  131  127  124  121
  118  116  114  112  111  110  110  110  110  111  112  114  115  116  118  119
  121  122  124  125  127  128  129  131  132  133  135  136  137  139  140  142
  143  144  146  148  151  145  148  153  146                                   
    75.0-180.0 180.0   5.0 450.0                            LAT/LON1/LON2/DLON/H
  146  143  144  142  141  142  141  142  141  142  141  141  141  142  143  144
  146  148  150  152  153  154  153  152  150  148  145  141  138  134  131  128
  125  122  120  118  117  115  115  115  115  116  116  117  118  118  119  120
  120  121  122  122  123  124  125  126  127  128  129  131  132  133  135  137
  139  141  143  142  144  139  142  139  146                                   
    72.5-180.0 180.0   5.0 450.0                            LAT/LON1/LON2/DLON/H
  146  143  144  147  145  146  146  146  145  145  144  145  145  146  147  149
  151  154  156  159  161  162  162  161  158  155  152  148  145  141  138  135
  132  130  128  126  124  123  122  122  121  121  121  121  121  121  121  121
  121  120  120  121  121  121  122  123  124  125  126  128  129  131  133  135
  136  139  141  141  141  138  141  144  146                                   
    70.0-180.0 180.0   5.0 450.0                            LAT/LON1/LON2/DLON/H
  149  144  144  145  143  144  144  145  145  146  145  146  146  147  148  149
  152  155  158  160  162  163  163  162  159  156  152  148  145  142  139  137
  135  133  131  129  128  126  125  125  124  123  123  122  121  120  118  117
  116  115  115  114  114  114  115  116  117  119  120  122  124  126  129  132
  133  136  140  140  141  139  143  144  149                                   
    67.5-180.0 180.0   5.0 450.0                            LAT/LON1/LON2/DLON/H
  154  150  151  153  152  152  153  155  155  156  155  156  156  156  157  158
  160  162  165  167  169  169  168  166  162  158  154  150  147  145  143  141
  140  139  137  136  135  134  133  132  131  130  129  127  125  123  122  120
  118  117  116  115  115  115  116  117  119  121  123  126  128  131  134  138
  140  144  147  147  146  144  147  148  154                                   
    65.0-180.0 180.0   5.0 450.0                            LAT/LON1/LON2/DLON/H
  158  154  154  156  154  155  155  158  159  161  161  162  163  163  163  163
  164  165  167  169  170  169  167  164  159  154  150  146  143  141  141  140
  140  139  138  137  136  135  134  134  133  131  129  127  125  122  119  117
  115  113  112  110  110  110  111  112  115  117  121  124  127  131  135  140
  143  147  151  152  153  151  154  154  158                                   
    62.5-180.0 180.0   5.0 450.0                            LAT/LON1/LON2/DLON/H
  163  160  160  161  159  160  161  164  165  168  169  171  171  171  171  171
  171  171  172  172  172  171  168  163  158  152  147  143  141  140  140  141
  141  140  139  138  138  137  137  136  136  134  131  129  125  122  119  117
  114  112  110  108  107  106  107  109  112  116  120  124  129  133  138  144
  148  153  157  158  158  156  160  158  163                                   
    60.0-180.0 180.0   5.0 450.0                            LAT/LON1/LON2/DLON/H
  168  165  164  164  163  163  164  166  169  172  174  176  177  178  177  177
  176  175  175  175  174  172  168  163  156  150  145  142  140  140  141  142
  142  142  141  140  140  140  140  140  139  137  134  131  127  123  120  116
  113  110  107  104  102  101  102  104  107  112  116  121  127  132  138  144
  149  155  160  161  162  161  166  163  168                                   
    57.5-180.0 180.0   5.0 450.0                            LAT/LON1/LON2/DLON/H
  172  170  168  168  166  167  167  169  171  174  176  179  181  182  182  181
  180  179  178  177  176  173  169  164  158  152  147  144  143  144  145  146
  146  146  144  144  143  144  145  145  144  142  138  134  130  126  122  118
  114  110  106  101   98   96   96   98  102  107  112  117  123  128  135  142
  148  155  161  162  164  163  169  167  172                                   
    55.0-180.0 180.0   5.0 450.0                            LAT/LON1/LON2/DLON/H
  175  175  173  173  171  171  170  171  172  174  176  179  181  183  184  183
  182  181  179  178  177  175  172  167  162  156  152  150  150  151  152  153
  153  152  150  149  149  150  152  152  151  149  144  139  134  130  125  121
  117  111  105   99   94   91   90   92   96  102  107  112  117  123  130  138
  145  152  159  161  164  165  172  169  175                                   
    52.5-180.0 180.0   5.0 450.0                            LAT/LON1/LON2/DLON/H
  179  180  178  179  177  177  175  174  173  174  174  176  179  182  183  183
  182  181  179  178  178  176  174  171  167  163  160  158  158  159  161  161
  161  159  158  157  157  159  161  161  160  156  151  145  139  135  130  125
  120  114  106   98   91   87   86   88   92   97  102  107  112  117  124  132
  140  149  156  159  163  166  174  171  179                                   
    50.0-180.0 180.0   5.0 450.0                            LAT/LON1/LON2/DLON/H
  183  187  186  186  185  185  183  181  177  176  174  175  177  180  182  183
  182  181  179  179  178  178  178  176  174  171  169  168  168  169  170  170
  170  168  166  166  167  169  171  171  169  164  158  152  145  140  136  131
  125  117  109   99   91   86   84   86   91   96  101  105  109  113  119  127
  136  146  155  158  164  168  178  174  183                                   
    47.5-180.0 180.0   5.0 450.0                            LAT/LON1/LON2/DLON/H
  189  195  194  195  195  195  192  190  185  181  177  177  178  180  182  183
  183  181  180  179  180  181  182  182  181  180  178  177  177  177  178  178
  178  177  176  176  178  180  182  182  178  173  165  158  152  147  142  137
  131  123  113  103   94   89   87   89   93   99  103  106  109  112  118  126
  135  146  156  160  167  172  183  179  189                                   
    45.0-180.0 180.0   5.0 450.0                            LAT/LON1/LON2/DLON/H
  195  204  202  204  204  206  203  200  195  190  185  183  183  184  186  187
  186  184  183  182  183  184  186  188  189  188  187  186  185  184  185  186
  186  186  187  188  190  193  194  193  188  181  173  165  159  154  150  145
  139  131  121  111  102   96   94   96  101  106  110  112  114  116  120  128
  138  149  160  165  172  179  190  186  195                                   
    42.5-180.0 180.0   5.0 450.0                            LAT/LON1/LON2/DLON/H
  201  211  209  211  212  215  213  212  206  201  196  193  192  193  194  194
  193  191  189  188  188  190  192  195  196  197  196  194  192  191  191  193
  195  197  199  201  204  207  207  205  198  190  181  172  166  161  158  153
  148  140  131  121  113  107  105  107  111  116  120  122  122  123  127  135
  144  156  167  172  179  186  198  193  201                                   
    40.0-180.0 180.0   5.0 450.0                            LAT/LON1/LON2/DLON/H
  206  217  214  216  217  221  221  221  217  213  209  206  205  205  206  205
  204  201  199  197  196  197  200  203  205  206  205  202  199  198  199  202
  206  209  213  216  220  222  221  217  209  199  189  180  174  169  166  162
  157  151  143  134  126  121  118  120  123  128  131  133  132  133  136  143
  152  164  175  180  187  194  206  201  206                                   
    37.5-180.0 180.0   5.0 450.0                            LAT/LON1/LON2/DLON/H
  210  220  216  217  218  222  224  226  226  225  222  221  221  221  221  220
  218  215  212  209  208  208  210  212  215  216  215  212  209  207  209  213
  219  225  230  234  237  238  236  230  220  209  198  188  182  177  173  170
  166  161  154  147  140  134  132  132  134  138  140  142  142  142  145  152
  160  171  182  187  194  200  213  207  210                                   
    35.0-180.0 180.0   5.0 450.0                            LAT/LON1/LON2/DLON/H
  213  222  217  216  217  222  225  229  232  234  235  236  237  238  238  237
  234  231  227  224  221  221  222  224  227  228  227  224  221  220  222  229
  236  244  249  253  254  253  249  241  230  218  206  196  188  183  179  176
  172  168  163  157  151  146  142  140  141  143  145  147  148  148  152  158
  166  177  187  191  198  204  218  212  213                                   
    32.5-180.0 180.0   5.0 450.0                            LAT/LON1/LON2/DLON/H
  216  223  218  216  216  221  224  231  237  242  246  250  254  256  256  255
  252  248  244  240  237  235  236  238  241  243  242  239  236  236  240  248
  257  264  269  271  270  267  260  250  237  224  211  201  192  186  181  178
  175  172  168  164  158  153  148  144  143  143  145  147  149  151  155  161
  169  179  189  193  200  205  221  217  216                                   
    30.0-180.0 180.0   5.0 450.0                            LAT/LON1/LON2/DLON/H
  220  227  222  219  219  223  227  234  242  251  258  265  271  274  275  274
  271  267  262  257  253  252  252  254  256  258  257  255  253  254  260  269
  278  285  288  287  282  275  265  253  239  226  213  202  193  185  179  175
  173  171  168  164  159  154  148  143  140  139  140  142  145  148  153  160
  168  178  188  192  200  206  224  221  220                                   
    27.5-180.0 180.0   5.0 450.0                            LAT/LON1/LON2/DLON/H
  225  232  229  226  226  231  235  242  252  263  272  282  289  293  295  295
  292  287  281  275  271  269  269  270  272  274  274  272  272  274  281  291
  299  304  303  297  287  275  262  248  234  221  209  198  189  180  173  169
  166  164  162  159  155  149  143  137  132  130  131  134  137  142  148  156
  164  175  186  190  199  207  227  225  225                                   
    25.0-180.0 180.0   5.0 450.0                            LAT/LON1/LON2/DLON/H
  232  241  240  238  240  244  249  257  267  279  290  301  309  315  318  318
  315  309  302  296  291  289  287  287  288  289  289  289  290  294  301  310
  316  317  310  298  282  265  249  233  220  209  199  189  180  171  163  158
  155  154  152  149  145  141  135  129  123  120  120  123  128  133  140  149
  159  171  183  189  200  210  231  231  232                                   
    22.5-180.0 180.0   5.0 450.0                            LAT/LON1/LON2/DLON/H
  240  253  254  254  259  264  270  277  289  301  312  323  333  339  344  344
  341  334  327  320  314  310  307  305  304  303  304  305  307  312  319  325
  327  322  309  290  268  246  227  211  199  190  183  176  168  159  152  146
  143  141  139  136  134  130  126  120  115  111  111  113  118  123  131  141
  153  167  181  189  201  214  236  239  240                                   
    20.0-180.0 180.0   5.0 450.0                            LAT/LON1/LON2/DLON/H
  250  266  270  272  280  286  294  302  314  326  338  349  359  367  372  373
  370  364  355  348  341  335  330  324  320  318  318  320  323  328  333  335
  331  319  299  274  248  223  202  186  176  171  167  163  156  148  141  136
  132  129  126  124  123  121  118  113  108  104  103  105  109  115  123  134
  147  163  179  190  204  220  243  248  250                                   
    17.5-180.0 180.0   5.0 450.0                            LAT/LON1/LON2/DLON/H
  258  278  284  289  300  308  319  328  341  354  365  376  387  396  402  405
  403  397  388  380  372  364  355  346  339  334  333  334  337  341  343  340
  330  311  286  257  229  203  182  167  159  156  155  153  148  142  135  129
  124  120  117  115  115  114  112  109  104  100   99  100  102  107  115  126
  140  159  178  192  208  226  249  256  258                                   
    15.0-180.0 180.0   5.0 450.0                            LAT/LON1/LON2/DLON/H
  265  287  295  302  316  326  340  351  365  378  390  402  413  423  432  437
  436  431  423  415  406  395  382  370  359  352  350  350  352  352  350  342
  326  302  274  245  217  193  174  160  153  151  151  150  147  141  135  128
  122  117  113  111  111  111  110  107  103   99   97   96   98  101  108  119
  133  154  175  192  210  231  254  262  265                                   
    12.5-180.0 180.0   5.0 450.0                            LAT/LON1/LON2/DLON/H
  268  292  302  310  326  338  354  366  382  396  409  421  433  446  457  464
  466  464  458  450  439  426  411  395  382  373  368  367  366  363  355  342
  321  295  268  242  218  198  182  169  162  159  158  156  153  147  140  133
  126  119  114  111  110  111  110  107  103   99   96   94   94   96  101  111
  125  147  170  189  210  233  257  265  268                                   
    10.0-180.0 180.0   5.0 450.0                            LAT/LON1/LON2/DLON/H
  269  295  306  314  330  343  360  373  391  406  419  431  445  459  472  482
  487  488  485  479  469  454  437  419  404  394  388  384  379  372  360  342
  319  293  269  249  232  218  205  194  184  178  173  169  163  157  149  141
  132  124  117  113  112  112  110  107  102   98   94   91   90   91   94  102
  115  136  161  183  206  231  257  266  269                                   
     7.5-180.0 180.0   5.0 450.0                            LAT/LON1/LON2/DLON/H
  270  297  309  317  333  344  361  374  392  407  420  432  445  460  474  487
  495  499  499  496  487  474  456  439  425  415  408  401  392  380  363  343
