data/edconvlstm_nd/pred2770.15i
     1.0            IONOSPHERE MAPS     GNSS                IONEX VERSION / TYPE
pyspatialgeodesy        IME             05-JAN-18 20:20     PGM / RUN BY / DATE 
Map Name                                                    COMMENT             
Predicted global ionosphere maps (GIM).                     DESCRIPTION         
  2015    10     4     0     0     0                        EPOCH OF FIRST MAP  
  2015    10     5     0     0     0                        EPOCH OF LAST MAP   
  7200                                                      INTERVAL            
    13                                                      # OF MAPS IN FILE   
  NONE                                                      MAPPING FUNCTION    
10.0                                                        ELEVATION CUTOFF    
One-way carrier phase leveled to code                       OBSERVABLES USED    
  6371.0                                                    BASE RADIUS         
 2                                                          MAP DIMENSION       
   450.0 450.0   0.0                                        HGT1 / HGT2 / DHGT  
    87.5 -87.5  -2.5                                        LAT1 / LAT2 / DLAT  
  -180.0 180.0   5.0                                        LON1 / LON2 / DLON  
    -1                                                      EXPONENT            
                                                            END OF HEADER       
[from data line 2574]
     7                                                      START OF TEC MAP    
  2015    10     4    12     0     0                        EPOCH OF CURRENT MAP
    87.5-180.0 180.0   5.0 450.0                            LAT/LON1/LON2/DLON/H
   72   80   82   86   89   90   89   85   85   87   86   87   87   87   87   87
   88   89   89   90   90   91   91   92   92   92   92   92   92   91   90   90
   89   87   86   84   83   81   80   78   77   75   74   73   72   71   71   70
   70   70   70   70   70   70   70   70   71   71   72   72   73   73   74   75
   77   78   77   75   80   79   91   91   72                                   
    85.0-180.0 180.0   5.0 450.0                            LAT/LON1/LON2/DLON/H
   75   83   95   83   84   88   88   88   88   90   88   89   89   90   91   91
   92   93   94   95   96   97   98   99  100  100  100  100  100  100   99   98
   97   96   94   93   91   89   87   85   83   82   80   79   78   77   76   76
   75   75   75   75   75   75   75   75   75   75   76   76   77   77   78   79
   80   82   78   75   76   78   87   87   75                                   
    82.5-180.0 180.0   5.0 450.0                            LAT/LON1/LON2/DLON/H
   67   77   85   79   79   83   84   83   83   84   83   83   83   84   84   85
   86   88   90   91   93   94   96   97   99  100  100  101  101  101  101  100
   99   97   95   93   91   89   86   84   82   80   78   77   76   75   74   74
   73   73   73   73   73   73   73   73   73   73   73   73   74   74   74   75
   77   77   74   72   74   81   77   75   67                                   
    80.0-180.0 180.0   5.0 450.0                            LAT/LON1/LON2/DLON/H
   63   64   72   69   68   67   68   68   68   68   67   68   67   68   69   70
   72   74   76   78   81   83   85   87   89   91   93   94   95   96   96   95
   94   93   91   89   87   84   82   79   77   75   74   72   71   71   70   70
   70   69   69   69   69   69   68   68   67   67   67   66   66   66   65   66
   66   66   65   63   64   71   72   72   63                                   
    77.5-180.0 180.0   5.0 450.0                            LAT/LON1/LON2/DLON/H
   64   61   61   59   58   58   58   58   57   56   54   54   54   54   55   57
   59   62   65   68   70   73   76   79   82   84   87   89   91   93   94   94
   94   94   92   91   89   86   84   82   80   78   76   75   74   74   73   73
   73   73   72   72   71   70   69   68   67   66   64   63   62   60   59   58
   58   57   55   55   56   57   61   64   64                                   
    75.0-180.0 180.0   5.0 450.0                            LAT/LON1/LON2/DLON/H
   53   52   49   50   49   49   47   46   45   44   42   42   41   42   43   45
   48   51   54   57   60   63   66   69   73   76   79   82   86   88   91   93
   94   94   94   93   92   90   88   87   85   84   83   82   81   81   80   80
   79   78   77   76   75   73   71   69   67   65   62   61   59   57   55   53
   52   50   48   45   49   49   52   51   53                                   
    72.5-180.0 180.0   5.0 450.0                            LAT/LON1/LON2/DLON/H
   48   47   45   47   46   47   46   44   42   39   37   37   37   37   39   41
   44   47   51   54   57   60   63   66   69   73   77   81   85   89   93   97
   99  101  102  103  103  102  101  101  100   99   99   98   97   97   96   95
   94   92   90   87   84   81   78   74   71   68   66   63   61   59   56   55
   52   50   48   44   46   48   50   50   48                                   
    70.0-180.0 180.0   5.0 450.0                            LAT/LON1/LON2/DLON/H
   45   46   45   46   46   45   43   41   39   37   35   34   34   35   37   40
   43   47   50   53   56   59   62   65   68   72   76   81   87   92   98  102
  107  110  113  114  115  116  116  116  116  117  116  116  115  114  112  110
  107  104  100   96   91   86   81   77   73   69   67   64   62   60   58   56
   54   50   48   45   46   47   52   51   45                                   
    67.5-180.0 180.0   5.0 450.0                            LAT/LON1/LON2/DLON/H
   42   46   46   48   48   47   46   43   41   39   36   36   36   38   40   43
   47   51   54   57   60   62   64   66   69   73   78   84   90   96  103  109
  115  120  123  126  128  129  130  131  132  133  133  132  130  128  125  121
  117  112  106  100   94   87   81   76   72   68   66   64   63   62   61   60
   58   54   52   47   47   48   51   49   42                                   
    65.0-180.0 180.0   5.0 450.0                            LAT/LON1/LON2/DLON/H
   43   47   46   49   49   49   47   45   43   41   39   39   39   41   44   48
   52   56   59   62   64   65   67   69   72   76   81   87   94  102  110  118
  125  131  136  140  142  144  146  147  148  149  149  148  146  142  138  132
  126  119  111  103   95   87   80   74   70   67   65   65   65   65   64   64
   62   59   56   52   51   52   55   53   43                                   
    62.5-180.0 180.0   5.0 450.0                            LAT/LON1/LON2/DLON/H
   44   48   47   49   49   50   48   46   44   42   40   40   41   44   47   51
   56   60   63   65   66   68   69   71   74   78   84   91   98  107  117  126
  135  142  148  152  154  156  158  160  162  163  163  161  158  153  147  140
  132  123  115  105   96   87   79   73   69   66   66   66   67   68   68   68
   67   64   61   56   54   55   57   56   44                                   
    60.0-180.0 180.0   5.0 450.0                            LAT/LON1/LON2/DLON/H
   48   49   47   48   48   48   46   44   42   41   39   40   41   44   47   52
   56   60   63   64   65   67   68   71   74   79   84   92  100  111  122  133
  143  152  158  162  165  167  169  171  172  173  173  171  167  161  154  146
  137  128  118  109   99   89   81   75   71   69   69   70   71   72   72   72
   71   68   65   59   57   57   58   57   48                                   
    57.5-180.0 180.0   5.0 450.0                            LAT/LON1/LON2/DLON/H
   54   52   48   48   47   46   44   42   40   39   38   39   40   42   46   50
   54   58   60   62   63   64   67   70   74   79   85   93  102  114  127  140
  152  162  170  174  177  179  181  183  185  186  186  184  179  173  165  157
  148  139  129  119  109  100   92   85   82   80   80   81   82   82   82   81
   78   74   71   65   62   60   61   60   54                                   
    55.0-180.0 180.0   5.0 450.0                            LAT/LON1/LON2/DLON/H
   62   57   51   50   47   46   43   41   39   38   36   37   37   40   43   47
   50   53   55   57   59   61   64   69   73   79   85   93  103  115  130  146
  160  172  181  186  189  191  193  195  198  200  200  198  193  187  179  171
  163  154  145  136  126  117  108  102   98   97   97   98   98   97   95   92
   88   82   79   72   69   65   65   64   62                                   
    52.5-180.0 180.0   5.0 450.0                            LAT/LON1/LON2/DLON/H
   71   64   57   55   51   49   45   42   40   38   36   36   36   37   40   43
   46   48   50   52   55   59   63   69   74   80   86   93  103  117  133  151
  167  181  191  197  201  204  207  210  213  215  215  214  210  204  197  189
  182  174  166  157  147  137  129  123  119  117  117  117  117  114  110  105
   99   93   88   81   76   72   71   69   71                                   
    50.0-180.0 180.0   5.0 450.0                            LAT/LON1/LON2/DLON/H
   80   73   65   63   58   56   52   48   45   42   39   37   36   37   39   40
   43   45   47   50   54   59   65   71   77   83   88   95  105  119  136  155
  173  188  200  208  213  218  222  227  230  233  233  231  227  222  216  209
  202  194  186  177  167  157  148  142  138  136  136  136  135  131  126  119
  112  104   98   90   85   80   79   76   80                                   
    47.5-180.0 180.0   5.0 450.0                            LAT/LON1/LON2/DLON/H
   87   82   75   73   68   66   62   58   54   50   46   43   41   41   41   42
   43   44   47   50   56   62   70   77   83   89   94  100  108  121  138  157
  177  193  207  217  225  232  239  245  249  251  250  248  244  239  233  226
  219  212  203  193  182  171  161  154  150  149  150  150  149  145  139  132
  123  114  107   98   93   88   88   84   87                                   
    45.0-180.0 180.0   5.0 450.0                            LAT/LON1/LON2/DLON/H
   92   90   84   83   79   78   74   70   66   61   56   53   51   49   48   48
   47   48   51   55   62   70   78   86   93   98  102  107  114  125  140  159
  178  196  211  224  236  247  256  264  268  269  268  264  259  253  247  240
  232  224  213  202  189  176  165  157  153  153  155  156  156  153  147  140
  132  123  115  105   99   96   95   91   92                                   
    42.5-180.0 180.0   5.0 450.0                            LAT/LON1/LON2/DLON/H
   93   95   90   91   88   88   86   82   78   74   70   67   65   63   61   58
   56   56   59   64   72   80   89   97  104  108  112  115  121  129  143  159
  178  196  213  230  246  261  273  283  287  287  284  278  271  265  258  250
  241  231  219  205  190  175  162  153  149  150  152  155  155  154  149  144
  137  128  120  110  103  100  100   96   93                                   
    40.0-180.0 180.0   5.0 450.0                            LAT/LON1/LON2/DLON/H
   90   95   92   95   93   95   94   92   89   86   83   82   81   79   77   73
   69   68   70   76   84   93  101  109  115  119  123  125  129  135  145  159
  176  196  215  236  256  275  290  301  306  305  299  291  283  276  269  260
  250  238  224  207  190  172  157  147  143  143  146  149  151  150  147  143
  137  130  121  112  105  101  101   97   90                                   
    37.5-180.0 180.0   5.0 450.0                            LAT/LON1/LON2/DLON/H
   86   92   90   94   94   97   97   97   96   95   94   95   96   96   94   89
   84   81   83   89   97  105  112  118  124  129  133  135  138  142  150  161
  177  197  220  244  268  290  308  320  325  322  315  306  297  290  283  275
  264  251  235  217  197  177  159  148  142  142  144  146  146  145  143  140
  135  129  121  111  104  100  100   96   86                                   
    35.0-180.0 180.0   5.0 450.0                            LAT/LON1/LON2/DLON/H
   83   89   86   90   91   94   96   98   99  100  102  106  110  112  110  105
   99   95   96  101  108  115  121  126  131  136  141  145  148  151  156  166
  182  203  228  256  283  308  328  340  345  342  334  325  317  311  305  298
  288  275  259  239  217  195  176  162  154  151  151  150  149  145  142  138
  134  127  120  111  104   98   98   94   83                                   
    32.5-180.0 180.0   5.0 450.0                            LAT/LON1/LON2/DLON/H
   85   88   82   85   86   89   92   95   97  100  105  112  119  123  123  118
  111  107  107  112  118  123  126  130  135  141  148  153  157  161  166  176
  193  215  243  273  303  329  349  362  367  364  357  350  345  341  338  334
  326  314  298  278  255  231  210  193  183  177  173  168  163  156  149  143
  137  129  122  112  105   98   99   94   85                                   
    30.0-180.0 180.0   5.0 450.0                            LAT/LON1/LON2/DLON/H
   93   91   83   84   83   85   88   90   94   98  104  113  123  130  131  126
  120  115  116  120  124  128  129  132  136  144  152  160  167  173  180  191
  209  234  264  296  327  353  373  386  391  390  386  382  380  381  382  381
  376  366  351  332  309  283  260  241  228  219  211  201  190  178  166  156
  147  138  130  119  112  104  105   98   93                                   
    27.5-180.0 180.0   5.0 450.0                            LAT/LON1/LON2/DLON/H
  108  101   89   88   86   86   87   88   90   94  101  111  122  130  133  129
  124  120  121  125  128  130  130  132  137  145  156  167  178  187  198  212
  233  260  292  324  354  378  397  410  417  419  419  419  422  428  433  436
  434  427  414  395  371  345  320  300  285  272  260  246  229  211  193  178
  164  153  143  133  124  116  118  108  108                                   
    25.0-180.0 180.0   5.0 450.0                            LAT/LON1/LON2/DLON/H
  128  118  103   99   94   92   91   89   90   92   98  107  118  126  129  127
  123  121  123  127  130  131  131  132  137  147  160  175  189  204  219  238
  262  291  323  354  382  404  421  433  442  448  453  459  467  477  486  492
  493  488  476  457  433  406  381  359  342  327  311  293  272  249  226  205
  187  173  162  150  142  134  137  125  128                                   
    22.5-180.0 180.0   5.0 450.0                            LAT/LON1/LON2/DLON/H
  151  138  122  116  109  104  100   95   93   92   96  103  112  119  122  122
  119  119  122  127  130  131  132  134  140  150  166  184  203  223  244  268
  295  325  356  384  408  426  441  454  465  475  485  496  509  522  534  542
  544  539  526  506  481  453  427  405  387  371  354  334  311  285  258  233
  211  194  181  170  162  156  158  145  151                                   
    20.0-180.0 180.0   5.0 450.0                            LAT/LON1/LON2/DLON/H
  171  160  144  136  127  118  112  104   99   96   96  100  107  112  115  115
  114  117  121  127  131  133  134  137  145  157  174  195  220  245  272  300
  329  359  387  412  431  445  458  471  484  498  513  528  543  558  570  577
  577  570  556  534  506  478  451  429  411  395  378  359  337  311  283  256
  232  214  201  189  181  177  178  164  171                                   
    17.5-180.0 180.0   5.0 450.0                            LAT/LON1/LON2/DLON/H
  187  179  166  155  145  133  125  114  107  101   98  100  103  106  108  109
  111  115  121  128  132  135  138  143  153  167  186  211  239  270  301  332
  361  389  414  434  449  460  472  485  501  518  535  551  565  578  587  591
  588  578  561  537  508  479  452  431  414  400  385  368  348  324  298  272
  248  231  217  206  197  194  194  180  187                                   
    15.0-180.0 180.0   5.0 450.0                            LAT/LON1/LON2/DLON/H
  197  193  182  169  157  144  135  123  114  106  102  101  102  103  104  105
  109  116  124  131  136  139  144  152  163  180  202  229  261  295  329  360
  388  412  434  450  462  472  483  498  515  534  550  564  576  583  587  586
  579  566  547  522  493  464  439  419  404  391  378  364  347  326  303  280
  258  242  229  219  209  206  205  189  197                                   
    12.5-180.0 180.0   5.0 450.0                            LAT/LON1/LON2/DLON/H
  199  199  189  174  163  148  140  128  118  110  105  103  102  102  103  105
  111  119  128  136  141  146  152  162  177  196  221  251  284  319  352  381
  406  428  446  459  470  481  494  511  529  547  561  570  576  577  574  567
  557  542  522  498  471  444  421  403  390  378  366  353  338  321  301  280
  261  248  237  227  217  212  209  192  199                                   
    10.0-180.0 180.0   5.0 450.0                            LAT/LON1/LON2/DLON/H
  196  197  187  171  160  145  138  127  118  110  106  104  103  102  103  107
  114  124  134  142  148  153  161  173  191  214  241  272  305  338  369  395
  417  436  452  465  477  491  507  525  543  558  568  571  570  564  555  545
  532  517  499  477  453  430  410  394  382  370  357  343  328  312  295  277
  261  251  241  232  221  213  209  190  196                                   
     7.5-180.0 180.0   5.0 450.0                            LAT/LON1/LON2/DLON/H
  191  191  179  162  151  136  131  122  114  108  104  103  103  103  104  109
  118  129  140  149  155  161  170  186  207  233  261  292  323  352  379  402
