data/edconvlstm_nd/pred2990.15i
     1.0            IONOSPHERE MAPS     GNSS                IONEX VERSION / TYPE
pyspatialgeodesy        IME             05-JAN-18 20:20     PGM / RUN BY / DATE 
Map Name                                                    COMMENT             
Predicted global ionosphere maps (GIM).                     DESCRIPTION         
  2015    10    26     0     0     0                        EPOCH OF FIRST MAP  
  2015    10    27     0     0     0                        EPOCH OF LAST MAP   
  7200                                                      INTERVAL            
    13                                                      # OF MAPS IN FILE   
  NONE                                                      MAPPING FUNCTION    
10.0                                                        ELEVATION CUTOFF    
One-way carrier phase leveled to code                       OBSERVABLES USED    
  6371.0                                                    BASE RADIUS         
 2                                                          MAP DIMENSION       
   450.0 450.0   0.0                                        HGT1 / HGT2 / DHGT  
    87.5 -87.5  -2.5                                        LAT1 / LAT2 / DLAT  
  -180.0 180.0   5.0                                        LON1 / LON2 / DLON  
    -1                                                      EXPONENT            
                                                            END OF HEADER       
[from data line 3861]
    10                                                      START OF TEC MAP    
  2015    10    26    18     0     0                        EPOCH OF CURRENT MAP
    87.5-180.0 180.0   5.0 450.0                            LAT/LON1/LON2/DLON/H
  117  117  110  115  117  116  115  113  113  115  113  114  114  115  115  116
  116  116  116  117  117  117  116  116  115  115  114  113  113  112  111  110
  109  108  107  106  106  105  105  104  104  104  104  104  104  105  105  106
  107  107  108  109  110  111  112  113  114  115  116  116  117  117  118  117
  117  118  116  114  122  118  129  128  117                                   
    85.0-180.0 180.0   5.0 450.0                            LAT/LON1/LON2/DLON/H
  117  115  123  111  110  114  114  115  116  117  117  117  118  119  119  120
  120  121  121  122  122  122  122  121  121  120  119  118  117  116  115  114
  113  111  110  109  108  107  107  106  106  105  105  105  105  106  106  107
  108  109  110  111  112  114  115  116  117  118  119  120  121  122  122  122
  122  122  118  114  115  112  116  116  117                                   
    82.5-180.0 180.0   5.0 450.0                            LAT/LON1/LON2/DLON/H
   95   97  100   95   95   99  103  103  104  106  107  109  110  111  113  114
  115  117  118  119  120  121  122  122  122  121  121  120  119  117  116  114
  113  111  109  107  105  104  102  100   99   98   96   96   95   95   95   95
   96   97   98   99  101  102  104  105  106  108  109  110  110  111  111  110
  111  109  106  105  105  111  103  102   95                                   
    80.0-180.0 180.0   5.0 450.0                            LAT/LON1/LON2/DLON/H
   78   78   86   82   82   82   89   93   96   99  102  105  107  109  111  113
  114  116  117  119  120  121  122  122  122  122  121  120  118  116  113  111
  108  106  103  101   98   96   93   91   89   87   85   83   82   82   82   83
   83   85   86   88   90   92   94   96   97   99  100  101  101  102  102  101
  101  100   97   96   89   90   85   91   78                                   
    77.5-180.0 180.0   5.0 450.0                            LAT/LON1/LON2/DLON/H
   72   67   73   72   74   78   84   90   95  100  104  109  112  115  118  120
  122  124  126  128  129  131  133  134  135  135  135  133  131  129  126  123
  119  116  113  109  105  101   97   93   89   85   82   79   77   75   75   75
   75   76   78   80   81   83   85   86   88   89   89   90   90   90   89   88
   88   86   85   84   82   77   75   83   72                                   
    75.0-180.0 180.0   5.0 450.0                            LAT/LON1/LON2/DLON/H
   63   62   64   66   70   76   82   90   97  105  111  118  122  126  129  131
  132  134  135  137  139  142  144  146  147  147  146  144  142  139  135  131
  127  123  120  115  111  107  102   97   92   87   82   79   76   74   73   72
   73   74   75   76   78   79   80   81   82   82   82   82   82   81   81   80
   79   79   78   75   73   67   64   63   63                                   
    72.5-180.0 180.0   5.0 450.0                            LAT/LON1/LON2/DLON/H
   57   57   59   66   69   78   87   96  105  115  123  131  137  141  144  145
  146  147  149  151  153  156  158  161  162  162  161  159  155  151  147  142
  138  133  129  124  119  114  108  102   95   89   83   78   74   72   70   69
   69   69   70   71   71   72   72   72   71   71   70   69   69   68   67   67
   66   66   66   64   63   60   59   63   57                                   
    70.0-180.0 180.0   5.0 450.0                            LAT/LON1/LON2/DLON/H
   54   55   58   65   70   80   89  102  113  126  136  145  151  155  157  158
  158  159  161  163  166  169  172  175  176  176  174  171  167  162  156  150
  145  140  135  130  124  118  112  105   98   91   84   79   74   71   69   68
   67   67   67   66   66   65   65   64   63   62   61   59   58   57   57   57
   56   56   58   58   58   58   59   63   54                                   
    67.5-180.0 180.0   5.0 450.0                            LAT/LON1/LON2/DLON/H
   55   57   60   69   76   88  100  114  127  141  153  163  169  173  174  174
  174  175  177  180  183  186  190  192  192  191  188  184  178  172  165  158
  151  145  139  133  127  120  113  106   98   91   84   78   74   70   68   67
   65   64   63   62   61   60   59   58   57   56   55   54   52   52   51   51
   51   52   54   54   55   57   58   62   55                                   
    65.0-180.0 180.0   5.0 450.0                            LAT/LON1/LON2/DLON/H
   53   57   60   70   77   90  103  119  134  149  162  172  179  182  183  183
  184  185  188  192  196  200  204  205  205  203  200  194  188  180  172  164
  156  148  140  133  126  118  111  103   95   87   81   75   71   68   65   63
   61   59   57   55   54   53   52   51   50   50   49   48   47   46   46   46
   46   48   51   52   54   57   59   66   53                                   
    62.5-180.0 180.0   5.0 450.0                            LAT/LON1/LON2/DLON/H
   53   57   60   70   79   92  106  122  138  154  167  177  184  188  190  191
  193  196  200  205  210  214  216  216  215  212  208  202  195  187  178  169
  159  149  140  130  122  113  105   96   88   81   75   70   66   63   60   57
   55   52   50   48   47   46   46   46   46   46   46   45   45   44   44   44
   44   46   49   50   52   55   57   65   53                                   
    60.0-180.0 180.0   5.0 450.0                            LAT/LON1/LON2/DLON/H
   54   58   60   71   79   91  106  121  138  154  167  178  185  189  192  195
  199  204  210  216  221  224  225  224  221  217  213  208  202  195  187  176
  165  153  141  130  120  110  101   92   85   78   72   68   64   61   57   54
   50   47   44   43   42   42   43   45   46   47   47   47   46   45   45   45
   46   47   50   51   52   54   56   64   54                                   
    57.5-180.0 180.0   5.0 450.0                            LAT/LON1/LON2/DLON/H
   58   61   63   74   82   94  108  123  139  154  167  177  184  189  194  199
  206  214  222  228  232  233  232  228  224  220  217  214  211  206  198  188
  175  162  148  134  122  112  102   93   86   80   75   71   67   63   59   55
   50   46   43   42   42   44   46   48   51   52   53   53   52   51   51   51
   52   53   56   56   55   55   56   65   58                                   
    55.0-180.0 180.0   5.0 450.0                            LAT/LON1/LON2/DLON/H
   67   69   73   83   92  103  116  130  144  158  170  179  187  192  198  206
  215  225  234  240  242  241  236  231  225  222  220  220  220  217  211  202
  188  173  157  142  129  118  108  100   93   87   83   79   75   71   66   61
   55   51   48   47   48   51   54   58   60   62   63   62   62   61   61   62
   62   64   66   66   64   61   61   68   67                                   
    52.5-180.0 180.0   5.0 450.0                            LAT/LON1/LON2/DLON/H
   79   82   88   98  108  119  131  144  157  169  179  187  193  199  206  215
  226  237  246  251  251  247  240  232  226  224  224  227  229  229  225  215
  201  185  168  152  139  128  119  111  105  100   96   93   89   84   78   72
   66   62   59   59   60   64   68   71   74   76   76   75   74   74   75   76
   77   80   82   81   78   73   71   75   79                                   
    50.0-180.0 180.0   5.0 450.0                            LAT/LON1/LON2/DLON/H
   96   98  106  117  129  141  153  166  178  188  197  203  208  213  219  229
  240  250  258  262  259  253  244  235  230  228  231  235  239  240  235  225
  211  194  177  162  149  139  131  124  119  115  112  109  105  100   94   87
   82   77   75   76   78   81   85   88   90   91   90   89   88   89   90   93
   95   98  100   99   95   89   86   86   96                                   
    47.5-180.0 180.0   5.0 450.0                            LAT/LON1/LON2/DLON/H
  112  115  125  138  152  166  179  192  204  214  221  226  228  231  237  245
  254  264  270  271  267  260  250  242  237  237  240  245  247  246  240  229
  213  197  181  167  156  147  141  136  132  129  126  123  119  114  109  103
   98   95   94   95   97  100  102  104  105  104  103  102  102  103  105  109
  112  116  118  118  114  106  102  100  112                                   
    45.0-180.0 180.0   5.0 450.0                            LAT/LON1/LON2/DLON/H
  126  130  142  156  172  189  204  219  231  243  249  253  253  254  257  262
  269  276  280  280  276  268  259  252  249  250  252  254  253  248  238  225
  210  194  180  168  159  153  148  144  141  138  136  133  129  125  120  115
  111  109  109  110  112  114  116  116  115  114  113  113  113  115  119  123
  127  131  133  134  130  122  117  115  126                                   
    42.5-180.0 180.0   5.0 450.0                            LAT/LON1/LON2/DLON/H
  134  140  152  169  188  207  224  241  256  269  277  280  280  278  278  279
  283  287  289  288  284  278  272  267  266  266  266  263  256  246  232  217
  202  189  178  169  162  157  153  149  146  143  140  137  133  129  125  121
  119  118  119  120  121  122  122  122  120  120  119  120  122  125  129  134
  137  141  143  143  140  132  127  127  134                                   
    40.0-180.0 180.0   5.0 450.0                            LAT/LON1/LON2/DLON/H
  135  142  155  175  196  217  237  257  275  291  300  305  304  301  298  296
  296  297  297  296  293  290  287  285  284  283  279  271  258  242  226  211
  199  190  182  175  169  164  158  153  149  145  141  137  133  129  126  123
  121  120  121  122  123  123  122  121  120  120  121  123  126  131  135  140
  142  145  146  145  142  134  129  133  135                                   
    37.5-180.0 180.0   5.0 450.0                            LAT/LON1/LON2/DLON/H
  130  138  152  174  197  219  242  264  285  304  317  324  324  320  315  311
  307  306  305  304  304  302  302  302  301  299  291  279  261  243  227  216
  209  204  200  194  186  178  169  161  154  148  142  137  133  129  125  123
  121  119  119  119  119  119  118  117  117  118  120  124  128  133  137  141
  141  143  142  140  135  128  122  129  130                                   
    35.0-180.0 180.0   5.0 450.0                            LAT/LON1/LON2/DLON/H
  122  130  145  169  193  215  241  265  289  311  327  336  339  336  330  324
  319  315  314  313  314  314  315  316  315  311  302  287  270  253  242  237
  237  238  236  230  218  204  189  176  165  156  149  143  137  133  129  125
  122  119  117  116  115  114  114  114  115  116  119  124  129  133  137  139
  138  137  135  131  124  115  110  118  122                                   
    32.5-180.0 180.0   5.0 450.0                            LAT/LON1/LON2/DLON/H
  115  123  139  162  187  209  235  261  287  311  330  343  348  348  343  336
  330  325  323  322  323  323  324  324  323  320  312  299  286  275  272  277
  286  293  292  282  264  241  219  201  185  173  164  156  150  145  140  135
  129  124  119  116  115  114  115  115  117  119  122  125  130  133  136  137
  134  132  128  121  113  103   98  107  115                                   
    30.0-180.0 180.0   5.0 450.0                            LAT/LON1/LON2/DLON/H
  114  122  138  160  184  204  231  255  282  308  329  345  354  356  354  348
  341  336  332  330  329  328  328  328  327  326  321  315  310  310  319  335
  354  366  366  350  322  288  258  232  213  199  188  180  173  167  161  154
  146  138  131  126  124  123  124  125  126  127  128  130  133  135  136  136
  133  129  124  116  107   96   92  100  114                                   
    27.5-180.0 180.0   5.0 450.0                            LAT/LON1/LON2/DLON/H
  119  127  143  163  187  204  229  252  279  304  327  345  357  363  364  360
  353  347  341  337  333  330  328  328  329  331  333  336  343  357  380  410
  438  455  451  425  383  338  298  267  246  230  219  211  204  198  192  184
  174  163  154  147  144  143  144  144  143  142  141  140  139  139  139  138
  134  131  125  117  108   96   92   98  119                                   
    25.0-180.0 180.0   5.0 450.0                            LAT/LON1/LON2/DLON/H
  130  137  154  173  196  211  234  255  279  304  327  346  361  371  374  373
  366  358  350  342  335  330  327  327  331  338  348  362  382  412  451  494
  529  545  532  493  438  381  334  299  276  262  252  244  239  235  229  222
  211  199  187  179  174  173  172  170  166  161  156  151  147  144  143  142
  139  137  130  122  114  102   99  101  130                                   
    22.5-180.0 180.0   5.0 450.0                            LAT/LON1/LON2/DLON/H
  143  151  167  186  209  224  245  263  285  308  331  351  368  380  387  387
  381  371  359  348  338  331  328  330  338  350  369  394  428  473  524  574
  609  617  592  539  472  407  355  320  298  286  278  274  271  269  266  260
  250  238  225  215  209  205  201  196  190  181  173  164  157  152  149  147
  144  144  137  131  123  111  107  108  143                                   
    20.0-180.0 180.0   5.0 450.0                            LAT/LON1/LON2/DLON/H
  156  163  180  200  224  239  260  276  298  319  341  362  380  395  404  405
  398  386  372  357  345  337  336  341  352  371  397  432  477  530  586  633
  659  654  615  552  479  411  359  324  306  297  293  292  292  293  293  290
  282  271  259  248  240  233  226  218  209  199  187  176  167  159  155  153
  151  151  144  139  131  120  116  117  156                                   
    17.5-180.0 180.0   5.0 450.0                            LAT/LON1/LON2/DLON/H
  165  174  190  212  238  255  277  294  315  337  358  380  399  416  426  428
  421  407  390  373  359  352  353  362  379  403  434  474  522  575  624  659
  669  650  602  536  463  396  346  314  299  294  293  295  298  302  305  306
  302  295  284  273  262  252  242  233  222  210  198  185  174  165  160  157
  154  155  149  143  135  125  120  125  165                                   
    15.0-180.0 180.0   5.0 450.0                            LAT/LON1/LON2/DLON/H
  168  180  197  221  249  269  294  313  336  359  382  404  425  443  454  457
  451  437  418  399  385  380  385  398  419  445  478  516  559  602  635  652
  647  618  568  503  434  372  326  297  285  281  282  286  291  298  305  310
  311  307  299  288  274  261  249  238  228  216  203  190  178  168  162  158
  154  155  148  142  133  124  120  127  168                                   
    12.5-180.0 180.0   5.0 450.0                            LAT/LON1/LON2/DLON/H
  167  182  202  228  259  281  310  332  358  383  408  433  456  475  489  494
  489  475  457  438  425  422  430  447  469  495  524  554  585  611  626  627
  611  577  529  470  407  352  310  284  272  269  270  273  280  289  299  308
  313  312  306  294  278  262  249  238  228  218  206  192  180  169  162  156
  151  150  143  136  127  120  115  125  167                                   
    10.0-180.0 180.0   5.0 450.0                            LAT/LON1/LON2/DLON/H
  164  184  207  235  267  293  326  351  380  409  436  463  488  510  526  534
  532  522  506  489  478  477  487  504  525  546  566  585  600  609  609  599
  576  543  499  448  395  346  309  284  271  266  265  267  274  285  297  308
  314  314  308  295  277  259  244  234  227  218  207  193  181  169  161  153
  146  143  135  127  119  113  108  121  164                                   
     7.5-180.0 180.0   5.0 450.0                            LAT/LON1/LON2/DLON/H
  163  187  213  242  277  306  342  370  402  433  463  492  520  544  563  574
  578  572  560  546  538  538  547  562  578  592  601  606  607  604  594  577
