data/edconvlstm_nd/pred1560.15i
     1.0            IONOSPHERE MAPS     GNSS                IONEX VERSION / TYPE
pyspatialgeodesy        IME             05-JAN-18 20:20     PGM / RUN BY / DATE 
Map Name                                                    COMMENT             
Predicted global ionosphere maps (GIM).                     DESCRIPTION         
  2015     6     5     0     0     0                        EPOCH OF FIRST MAP  
  2015     6     6     0     0     0                        EPOCH OF LAST MAP   
  7200                                                      INTERVAL            
    13                                                      # OF MAPS IN FILE   
  NONE                                                      MAPPING FUNCTION    
10.0                                                        ELEVATION CUTOFF    
One-way carrier phase leveled to code                       OBSERVABLES USED    
  6371.0                                                    BASE RADIUS         
 2                                                          MAP DIMENSION       
   450.0 450.0   0.0                                        HGT1 / HGT2 / DHGT  
    87.5 -87.5  -2.5                                        LAT1 / LAT2 / DLAT  
  -180.0 180.0   5.0                                        LON1 / LON2 / DLON  
    -1                                                      EXPONENT            
                                                            END OF HEADER       
[from data line 858]
     3                                                      START OF TEC MAP    
  2015     6     5     4     0     0                        EPOCH OF CURRENT MAP
    87.5-180.0 180.0   5.0 450.0                            LAT/LON1/LON2/DLON/H
  191  190  189  192  193  191  190  189  190  191  192  193  194  194  194  195
  195  195  194  194  194  193  192  192  191  190  189  188  187  186  185  185
  184  184  183  183  183  182  182  182  182  182  183  183  183  183  183  183
  183  183  183  183  182  182  182  181  181  181  180  180  179  179  178  178
  179  181  180  181  185  185  183  180  191                                   
    85.0-180.0 180.0   5.0 450.0                            LAT/LON1/LON2/DLON/H
  193  195  188  193  197  197  198  199  200  202  202  204  205  205  206  206
  206  206  206  206  205  204  204  203  201  200  199  198  197  195  195  194
  193  193  192  192  192  192  192  192  192  192  192  193  193  193  193  193
  192  192  192  192  191  191  190  190  189  188  188  187  186  185  185  185
  186  187  184  188  184  186  185  182  193                                   
    82.5-180.0 180.0   5.0 450.0                            LAT/LON1/LON2/DLON/H
  195  193  192  191  193  195  197  199  201  203  204  206  207  207  208  208
  208  208  207  207  206  204  203  201  199  198  196  194  192  191  190  189
  189  188  189  189  189  190  190  191  191  192  192  192  193  193  193  193
  193  193  193  192  192  191  190  189  188  187  185  184  183  181  180  180
  180  180  177  181  184  180  180  173  195                                   
    80.0-180.0 180.0   5.0 450.0                            LAT/LON1/LON2/DLON/H
  188  191  185  186  190  194  198  201  204  206  207  209  210  210  211  211
  210  210  209  208  206  204  202  199  197  194  192  189  187  186  185  184
  185  185  186  188  189  190  192  193  194  195  196  196  197  198  198  199
  199  199  199  198  197  196  195  194  192  190  188  186  184  182  180  180
  179  177  174  177  182  179  185  170  188                                   
    77.5-180.0 180.0   5.0 450.0                            LAT/LON1/LON2/DLON/H
  184  184  182  185  187  192  198  201  204  206  207  209  209  209  209  209
  208  207  206  204  202  200  197  194  191  188  185  182  180  179  178  179
  180  182  185  187  190  193  195  197  199  200  202  203  204  205  206  207
  208  208  208  207  206  205  203  201  198  196  193  191  188  185  183  182
  180  178  173  176  180  177  177  171  184                                   
    75.0-180.0 180.0   5.0 450.0                            LAT/LON1/LON2/DLON/H
  180  182  178  182  185  190  196  199  202  204  204  205  205  205  204  203
  202  201  199  198  196  194  191  187  184  180  176  173  171  170  170  172
  175  179  183  188  192  196  199  202  204  206  208  209  211  213  214  216
  217  217  217  216  215  213  210  207  204  201  198  195  192  190  187  186
  183  181  177  174  177  175  175  171  180                                   
    72.5-180.0 180.0   5.0 450.0                            LAT/LON1/LON2/DLON/H
  177  182  179  181  185  189  195  198  201  201  201  202  201  199  198  196
  195  193  192  191  190  188  186  182  179  175  171  168  165  165  166  169
  174  179  185  192  197  202  206  209  211  213  215  217  220  222  224  226
  227  227  226  225  223  220  217  213  210  207  203  200  198  195  193  192
  189  188  185  182  182  177  176  173  177                                   
    70.0-180.0 180.0   5.0 450.0                            LAT/LON1/LON2/DLON/H
  181  181  178  179  182  185  190  193  196  196  196  195  194  191  189  187
  185  184  183  183  182  181  179  176  173  168  164  161  159  159  161  165
  171  178  185  193  199  205  209  212  215  217  219  222  225  228  230  232
  233  233  231  229  226  222  218  214  211  207  204  201  199  197  195  195
  193  192  189  188  188  183  183  179  181                                   
    67.5-180.0 180.0   5.0 450.0                            LAT/LON1/LON2/DLON/H
  183  183  177  177  178  181  185  187  190  190  189  189  187  184  181  178
  176  175  174  175  175  175  174  172  168  164  160  157  155  155  157  161
  168  175  183  191  198  204  208  212  215  217  220  224  228  231  234  236
  237  236  233  230  226  221  217  213  209  206  203  200  198  196  195  195
  195  194  193  191  192  187  187  185  183                                   
    65.0-180.0 180.0   5.0 450.0                            LAT/LON1/LON2/DLON/H
  186  184  177  176  175  177  180  181  183  183  183  183  181  178  175  171
  169  168  168  168  169  170  170  168  165  162  158  155  153  153  155  160
  166  173  181  188  195  201  206  209  213  217  221  226  231  235  239  241
  241  239  236  232  227  222  217  213  210  206  203  201  198  196  195  196
  196  197  196  196  197  194  195  193  186                                   
    62.5-180.0 180.0   5.0 450.0                            LAT/LON1/LON2/DLON/H
  190  188  181  178  175  175  176  176  178  178  178  179  177  175  171  168
  165  163  163  163  164  165  166  165  163  161  158  156  154  154  156  159
  164  170  176  183  190  195  201  206  211  216  222  229  235  240  244  246
  246  244  240  235  230  225  221  217  214  211  208  205  201  198  197  197
  197  199  199  200  202  200  201  201  190                                   
    60.0-180.0 180.0   5.0 450.0                            LAT/LON1/LON2/DLON/H
  195  193  185  181  177  175  174  173  173  173  174  175  174  172  169  165
  161  159  158  158  159  160  160  160  159  158  157  156  156  156  157  158
  161  164  169  175  181  187  193  200  207  215  223  231  238  244  248  251
  251  249  245  241  236  232  229  225  223  219  216  211  207  202  199  199
  199  201  202  204  206  205  207  207  195                                   
    57.5-180.0 180.0   5.0 450.0                            LAT/LON1/LON2/DLON/H
  202  201  193  188  183  179  176  172  171  170  170  171  171  170  167  163
  159  156  154  153  153  153  153  154  154  155  156  157  158  158  158  157
  157  158  160  165  170  178  186  195  204  214  224  234  242  248  253  256
  256  255  253  249  246  242  240  237  235  231  227  221  215  208  204  202
  202  204  205  208  210  209  212  212  202                                   
    55.0-180.0 180.0   5.0 450.0                            LAT/LON1/LON2/DLON/H
  210  209  204  199  194  187  182  176  173  169  169  170  169  168  165  161
  157  153  150  149  148  147  147  147  148  151  154  157  159  159  158  155
  152  151  151  154  160  169  179  191  202  214  226  236  245  252  257  260
  262  262  261  259  257  254  252  250  247  244  238  232  224  216  210  207
  206  208  209  212  214  214  217  216  210                                   
    52.5-180.0 180.0   5.0 450.0                            LAT/LON1/LON2/DLON/H
  219  219  216  213  208  201  194  185  179  173  171  170  169  167  164  159
  155  151  149  147  145  143  142  142  143  147  151  156  159  160  158  153
  147  143  142  145  151  161  174  188  201  215  227  238  247  254  260  264
  267  269  270  269  268  266  263  261  258  254  248  241  232  223  216  213
  212  214  215  218  219  219  222  220  219                                   
    50.0-180.0 180.0   5.0 450.0                            LAT/LON1/LON2/DLON/H
  228  230  230  228  225  217  210  199  191  182  177  175  172  168  164  159
  155  152  150  148  146  144  141  140  142  145  151  156  159  160  156  150
  143  137  135  138  145  157  171  186  201  215  228  239  248  255  261  267
  272  276  278  278  277  275  272  269  265  261  255  247  239  230  224  221
  220  222  224  226  227  226  227  224  228                                   
    47.5-180.0 180.0   5.0 450.0                            LAT/LON1/LON2/DLON/H
  238  241  242  243  242  235  228  217  206  196  188  183  178  173  167  161
  157  154  153  152  151  149  146  144  144  147  152  156  159  159  155  148
  139  133  131  134  142  155  170  186  202  216  228  238  247  255  262  269
  276  282  285  286  284  280  276  272  268  264  258  252  244  237  232  231
  231  233  235  236  236  235  234  231  238                                   
    45.0-180.0 180.0   5.0 450.0                            LAT/LON1/LON2/DLON/H
  249  251  253  255  256  251  246  235  224  213  203  196  189  181  173  166
  161  159  159  160  160  158  155  153  152  153  155  158  159  157  152  145
  138  131  130  133  142  156  171  186  201  215  227  237  246  254  263  271
  280  286  290  291  288  283  278  273  269  265  261  256  250  245  242  242
  243  247  249  249  248  246  245  242  249                                   
    42.5-180.0 180.0   5.0 450.0                            LAT/LON1/LON2/DLON/H
  260  261  262  264  266  263  260  251  242  231  221  213  203  193  182  173
  167  165  166  169  171  170  168  165  163  162  162  161  159  156  151  144
  137  133  132  136  145  158  172  186  200  213  225  236  246  255  264  274
  283  291  295  295  292  287  281  277  273  270  267  263  260  256  254  255
  258  262  265  265  264  261  259  256  260                                   
    40.0-180.0 180.0   5.0 450.0                            LAT/LON1/LON2/DLON/H
  273  273  271  270  273  271  269  264  257  248  239  230  220  207  194  181
  173  171  173  177  181  183  182  179  177  173  170  166  161  155  150  144
  140  137  137  141  149  160  173  186  199  211  224  236  246  257  267  277
  287  295  300  300  298  294  290  286  284  282  280  277  275  272  271  272
  275  279  283  283  282  280  278  276  273                                   
    37.5-180.0 180.0   5.0 450.0                            LAT/LON1/LON2/DLON/H
  291  289  283  278  278  275  275  272  269  262  255  247  237  223  206  191
  180  175  177  183  189  193  194  193  190  186  179  171  163  156  151  147
  144  142  143  147  154  163  173  184  196  209  223  236  249  260  271  282
  292  300  306  308  308  306  305  304  304  303  302  300  297  294  292  292
  294  299  302  303  304  303  302  300  291                                   
    35.0-180.0 180.0   5.0 450.0                            LAT/LON1/LON2/DLON/H
  315  311  301  290  286  280  279  278  277  273  269  263  252  237  218  199
  185  178  179  184  192  199  203  205  203  197  189  178  167  158  153  150
  149  149  151  154  158  164  172  181  193  207  223  238  252  264  275  286
  296  305  312  318  322  325  329  331  333  333  332  330  326  321  317  315
  316  319  323  325  328  330  331  330  315                                   
    32.5-180.0 180.0   5.0 450.0                            LAT/LON1/LON2/DLON/H
  346  341  326  310  301  291  287  285  285  283  280  275  265  249  228  206
  188  178  177  182  191  201  209  213  213  207  197  185  172  162  156  155
  155  156  157  159  161  164  168  176  188  204  222  239  254  267  278  288
  299  310  320  330  339  349  358  365  369  371  369  365  359  352  345  340
  339  341  345  348  353  360  362  362  346                                   
    30.0-180.0 180.0   5.0 450.0                            LAT/LON1/LON2/DLON/H
  381  377  359  338  324  310  302  298  296  293  291  286  276  260  237  212
  191  178  174  178  188  200  211  218  220  215  205  191  177  166  160  159
  160  161  161  160  160  160  163  169  182  199  220  239  254  267  278  289
  301  313  328  343  359  376  390  401  407  409  406  400  392  382  373  365
  361  362  366  371  378  389  392  394  381                                   
    27.5-180.0 180.0   5.0 450.0                            LAT/LON1/LON2/DLON/H
  418  417  397  375  357  339  326  318  313  308  303  298  287  269  245  218
  194  179  172  175  184  198  211  221  225  221  211  196  182  170  164  162
  162  162  160  158  155  153  154  161  174  193  215  235  251  263  274  286
  300  316  335  355  378  400  419  432  439  439  435  427  418  407  396  387
  382  382  386  392  400  414  420  422  418                                   
    25.0-180.0 180.0   5.0 450.0                            LAT/LON1/LON2/DLON/H
  451  454  434  415  395  376  359  347  337  328  319  310  298  278  253  225
  200  182  174  174  183  197  212  223  228  224  214  199  185  173  165  161
  159  157  154  150  147  144  144  150  163  183  206  227  243  255  266  280
  297  317  340  365  391  416  437  451  457  456  450  442  433  423  413  405
  400  400  404  410  418  434  441  445  451                                   
    22.5-180.0 180.0   5.0 450.0                            LAT/LON1/LON2/DLON/H
  474  481  466  452  432  414  396  380  366  352  339  326  310  289  263  235
  210  191  180  178  185  198  213  224  228  224  213  199  184  171  162  156
  151  148  144  140  135  132  132  137  151  171  194  214  230  243  255  271
  292  316  342  370  397  422  442  454  458  456  451  444  437  431  424  419
  416  417  421  426  432  447  454  459  474                                   
    20.0-180.0 180.0   5.0 450.0                            LAT/LON1/LON2/DLON/H
  486  494  486  478  463  448  429  412  395  377  359  342  323  301  275  248
  223  204  191  188  192  203  216  225  226  220  208  194  179  166  155  146
  139  134  130  126  122  119  119  124  137  157  179  199  215  229  244  263
  287  314  342  369  395  417  433  443  445  443  439  436  434  432  431  430
  430  432  436  440  442  454  460  465  486                                   
    17.5-180.0 180.0   5.0 450.0                            LAT/LON1/LON2/DLON/H
  486  494  491  490  481  469  453  437  419  397  376  355  334  312  287  262
  240  221  208  201  203  210  219  223  220  211  198  183  169  155  143  133
  125  120  116  113  110  107  106  111  124  142  164  183  199  215  233  256
  283  312  340  366  387  405  418  424  426  424  423  424  427  432  436  440
  443  447  450  451  449  455  460  463  486                                   
    15.0-180.0 180.0   5.0 450.0                            LAT/LON1/LON2/DLON/H
  477  483  484  486  483  475  462  448  430  408  384  362  341  320  298  276
  256  239  226  217  214  217  220  218  211  197  182  168  155  142  130  120
  111  106  102  100   98   95   95  100  111  129  149  168  186  203  224  250
  280  310  337  360  379  392  402  407  408  409  411  416  423  432  441  449
  455  460  462  461  454  454  457  458  477                                   
    12.5-180.0 180.0   5.0 450.0                            LAT/LON1/LON2/DLON/H
  465  468  470  471  471  466  456  444  427  405  382  361  341  322  303  286
  270  255  242  231  223  220  216  209  196  179  163  150  138  128  117  107
   99   94   91   90   88   85   85   90  101  117  137  156  175  195  219  247
  279  309  335  356  372  384  393  398  401  403  407  415  425  437  448  458
  466  472  473  469  459  454  454  452  465                                   
    10.0-180.0 180.0   5.0 450.0                            LAT/LON1/LON2/DLON/H
  457  456  455  452  453  449  440  429  413  391  369  349  332  316  301  288
  276  265  252  239  227  218  208  194  177  159  143  132  123  114  106   97
   90   86   83   82   80   78   77   82   93  109  128  148  168  190  216  246
  278  308  333  354  369  383  394  402  407  411  416  424  435  446  457  468
  475  481  482  476  464  455  453  449  457                                   
     7.5-180.0 180.0   5.0 450.0                            LAT/LON1/LON2/DLON/H
  455  452  447  437  436  430  421  409  392  371  349  330  316  303  292  283
  275  266  254  240  225  210  194  176  156  138  124  115  109  104   97   90
