data/edconvlstm_nd/pred0990.15i
     1.0            IONOSPHERE MAPS     GNSS                IONEX VERSION / TYPE
pyspatialgeodesy        IME             05-JAN-18 20:20     PGM / RUN BY / DATE 
Map Name                                                    COMMENT             
Predicted global ionosphere maps (GIM).                     DESCRIPTION         
  2015     4     9     0     0     0                        EPOCH OF FIRST MAP  
  2015     4    10     0     0     0                        EPOCH OF LAST MAP   
  7200                                                      INTERVAL            
    13                                                      # OF MAPS IN FILE   
  NONE                                                      MAPPING FUNCTION    
10.0                                                        ELEVATION CUTOFF    
One-way carrier phase leveled to code                       OBSERVABLES USED    
  6371.0                                                    BASE RADIUS         
 2                                                          MAP DIMENSION       
   450.0 450.0   0.0                                        HGT1 / HGT2 / DHGT  
    87.5 -87.5  -2.5                                        LAT1 / LAT2 / DLAT  
  -180.0 180.0   5.0                                        LON1 / LON2 / DLON  
    -1                                                      EXPONENT            
                                                            END OF HEADER       
[from data line 2574]
     7                                                      START OF TEC MAP    
  2015     4     9    12     0     0                        EPOCH OF CURRENT MAP
    87.5-180.0 180.0   5.0 450.0                            LAT/LON1/LON2/DLON/H
  171  166  160  167  171  174  175  177  181  184  187  190  192  195  197  199
  201  203  205  206  207  208  209  209  210  210  210  211  211  211  211  210
  210  210  209  209  208  207  206  205  204  203  202  200  199  197  196  194
  193  191  189  188  186  184  182  180  178  176  174  172  170  168  166  165
  163  163  160  160  164  163  168  174  171                                   
    85.0-180.0 180.0   5.0 450.0                            LAT/LON1/LON2/DLON/H
  149  150  159  159  162  169  172  178  182  187  190  195  198  201  204  207
  209  211  213  214  215  216  217  217  218  218  218  218  218  218  218  218
  217  217  216  215  214  213  212  211  209  208  206  205  203  201  200  198
  196  194  192  191  189  186  184  182  180  177  175  172  170  167  164  162
  160  159  154  153  152  149  154  161  149                                   
    82.5-180.0 180.0   5.0 450.0                            LAT/LON1/LON2/DLON/H
  118  131  133  135  139  148  155  162  169  177  183  189  195  200  204  208
  211  214  215  217  218  218  218  218  219  219  219  219  219  220  220  220
  220  219  219  218  217  216  215  213  212  210  208  206  204  203  201  199
  197  195  193  191  189  186  184  181  178  175  171  167  163  159  154  149
  145  141  134  134  131  134  133  125  118                                   
    80.0-180.0 180.0   5.0 450.0                            LAT/LON1/LON2/DLON/H
  101  107  110  115  119  127  136  146  156  166  174  182  189  195  200  204
  207  209  210  211  210  210  209  209  208  208  208  209  210  211  212  214
  215  216  216  216  216  216  215  214  213  212  211  210  209  209  208  207
  205  204  203  201  199  197  195  192  189  185  181  176  171  164  158  151
  144  137  128  124  116  112  113  105  101                                   
    77.5-180.0 180.0   5.0 450.0                            LAT/LON1/LON2/DLON/H
   96   93   95  100  103  112  121  132  143  154  163  173  181  188  193  198
  201  202  203  202  201  199  198  197  196  196  197  199  201  204  207  210
  214  216  218  220  221  222  222  222  222  222  222  223  223  223  224  224
  224  224  223  223  221  220  218  216  213  210  205  200  193  186  177  168
  158  147  134  126  118  105  103  100   96                                   
    75.0-180.0 180.0   5.0 450.0                            LAT/LON1/LON2/DLON/H
   91   87   84   88   91  100  108  118  130  141  151  161  169  176  181  185
  188  189  189  188  186  184  182  181  181  181  184  187  191  196  202  207
  213  217  221  224  227  228  230  231  232  233  235  236  238  240  242  243
  244  245  245  245  245  244  242  241  238  235  231  226  219  211  201  191
  179  166  151  137  125  110  105   95   91                                   
    72.5-180.0 180.0   5.0 450.0                            LAT/LON1/LON2/DLON/H
   91   84   79   82   84   91   99  108  118  128  137  146  153  160  165  169
  172  173  174  173  172  170  169  169  169  171  175  180  186  194  201  209
  216  222  228  232  235  237  239  241  243  245  248  251  254  258  261  263
  265  266  267  266  265  264  262  260  258  255  251  246  240  232  223  212
  199  185  169  153  136  119  113  105   91                                   
    70.0-180.0 180.0   5.0 450.0                            LAT/LON1/LON2/DLON/H
   95   85   80   80   80   84   91   98  106  115  122  129  136  141  146  150
  153  156  157  158  158  158  158  159  161  165  171  178  186  195  205  214
  223  230  236  240  243  245  247  249  251  254  258  263  267  272  276  279
  281  281  281  279  276  273  270  267  263  260  256  252  246  239  230  221
  209  195  180  163  147  129  124  116   95                                   
    67.5-180.0 180.0   5.0 450.0                            LAT/LON1/LON2/DLON/H
   96   88   82   82   80   83   87   92   98  104  109  115  120  124  128  133
  137  141  145  148  150  152  154  157  161  167  174  183  193  203  214  224
  233  240  246  250  252  254  255  257  260  263  268  273  278  284  288  291
  292  291  288  284  278  273  267  262  257  253  248  244  239  233  225  218
  207  196  183  167  151  136  129  123   96                                   
    65.0-180.0 180.0   5.0 450.0                            LAT/LON1/LON2/DLON/H
   96   89   83   81   77   79   81   84   88   92   96  100  103  107  111  116
  121  127  133  139  144  148  153  158  164  171  180  190  201  213  224  234
  243  250  256  259  261  262  262  264  266  270  275  280  286  291  295  297
  297  293  288  280  272  263  254  247  240  235  230  226  221  215  209  202
  194  184  174  161  149  137  132  127   96                                   
    62.5-180.0 180.0   5.0 450.0                            LAT/LON1/LON2/DLON/H
   94   89   83   79   74   74   75   76   79   81   84   86   89   92   96  102
  108  116  124  132  139  146  153  160  168  177  187  198  209  221  233  244
  253  260  264  267  268  268  269  270  272  275  280  286  291  296  299  299
  296  291  283  272  261  250  239  230  222  216  211  206  201  195  188  182
  175  167  159  149  140  131  127  124   94                                   
    60.0-180.0 180.0   5.0 450.0                            LAT/LON1/LON2/DLON/H
   94   89   83   78   72   70   68   68   69   71   72   74   77   79   84   90
   97  106  116  125  134  143  152  161  170  180  191  203  215  228  240  251
  260  267  272  275  276  276  276  277  279  282  287  292  297  300  301  300
  295  288  278  267  254  242  230  220  212  205  199  193  187  181  173  166
  159  151  145  137  130  123  121  118   94                                   
    57.5-180.0 180.0   5.0 450.0                            LAT/LON1/LON2/DLON/H
  100   94   88   81   73   69   66   63   63   63   64   66   68   71   75   81
   89   99  109  119  130  140  150  161  171  183  194  207  219  232  245  257
  267  275  281  284  286  286  287  288  289  292  296  301  304  306  306  303
  297  289  279  268  256  244  233  223  214  207  200  194  187  179  171  162
  153  145  138  131  126  120  119  116  100                                   
    55.0-180.0 180.0   5.0 450.0                            LAT/LON1/LON2/DLON/H
  112  106  100   91   81   74   69   64   62   61   61   63   65   67   71   77
   85   94  105  115  126  137  149  161  173  185  197  209  222  236  250  263
  274  284  291  295  298  300  300  301  303  306  309  313  315  316  315  310
  304  297  288  279  268  258  248  238  229  222  215  209  201  192  182  171
  160  150  142  135  130  125  124  119  112                                   
    52.5-180.0 180.0   5.0 450.0                            LAT/LON1/LON2/DLON/H
  133  126  120  109   98   89   80   72   68   65   65   66   67   69   72   77
   84   94  104  115  126  138  151  164  177  190  202  214  227  241  255  270
  283  294  303  309  313  316  317  319  320  323  325  328  329  329  326  322
  316  310  303  296  289  280  271  262  253  246  239  232  224  214  203  191
  178  167  156  148  143  138  137  130  133                                   
    50.0-180.0 180.0   5.0 450.0                            LAT/LON1/LON2/DLON/H
  157  152  146  134  122  111  100   88   82   78   76   76   75   76   77   81
   88   97  108  118  130  143  156  171  185  198  210  222  234  248  263  278
  293  305  316  324  330  334  337  339  340  341  343  345  346  344  341  336
  331  326  322  318  312  305  297  288  278  270  262  255  247  237  226  213
  200  187  176  167  162  158  156  148  157                                   
    47.5-180.0 180.0   5.0 450.0                            LAT/LON1/LON2/DLON/H
  179  179  173  162  150  138  124  111  102   97   94   92   90   88   88   90
   96  105  115  126  138  152  166  181  196  210  221  232  244  258  272  288
  303  317  329  339  347  354  358  360  361  361  362  363  363  361  357  352
  347  343  340  337  333  327  318  306  295  285  276  268  260  251  241  229
  216  204  192  183  179  177  176  168  179                                   
    45.0-180.0 180.0   5.0 450.0                            LAT/LON1/LON2/DLON/H
  193  198  194  186  175  164  150  136  126  120  116  112  108  104  102  103
  108  116  126  138  150  163  178  194  209  223  234  244  255  267  281  297
  312  326  340  353  364  373  379  382  383  382  381  381  379  376  372  366
  361  357  354  352  347  339  327  314  299  286  275  266  257  249  240  231
  219  209  198  190  187  188  188  181  193                                   
    42.5-180.0 180.0   5.0 450.0                            LAT/LON1/LON2/DLON/H
  191  204  203  199  193  184  172  159  149  143  138  134  129  122  118  117
  121  129  139  150  162  176  191  207  222  234  245  254  263  275  288  303
  318  334  350  366  382  394  403  406  407  405  402  399  396  392  386  379
  373  368  364  359  353  342  327  310  292  276  262  251  242  233  225  218
  209  201  191  184  183  187  188  182  191                                   
    40.0-180.0 180.0   5.0 450.0                            LAT/LON1/LON2/DLON/H
  176  194  197  197  197  191  185  175  168  163  159  155  148  141  135  133
  136  143  152  163  174  186  200  215  230  241  251  259  268  279  292  307
  323  341  360  381  401  418  430  435  435  432  427  422  416  410  402  393
  385  378  372  365  355  342  325  305  284  265  249  235  224  214  206  199
  191  184  175  169  168  173  175  169  176                                   
    37.5-180.0 180.0   5.0 450.0                            LAT/LON1/LON2/DLON/H
  152  174  180  182  186  185  185  180  177  175  173  170  164  156  150  147
  149  155  164  173  182  193  205  219  232  243  251  259  269  281  295  311
  328  349  373  399  425  447  463  471  472  467  460  452  443  433  423  412
  402  393  384  375  364  349  330  309  288  267  249  233  219  207  197  188
  178  170  160  152  151  154  157  150  152                                   
    35.0-180.0 180.0   5.0 450.0                            LAT/LON1/LON2/DLON/H
  129  152  157  160  166  168  173  174  175  176  177  177  174  168  161  158
  160  165  172  179  187  195  206  218  229  239  248  256  267  281  297  315
  337  361  391  423  456  484  505  516  518  513  503  492  479  466  454  441
  429  419  408  398  386  371  353  334  313  293  274  256  239  223  210  197
  184  172  158  146  142  141  142  133  129                                   
    32.5-180.0 180.0   5.0 450.0                            LAT/LON1/LON2/DLON/H
  118  137  139  141  145  148  156  159  163  168  172  176  176  172  168  166
  167  171  177  183  188  195  203  213  223  233  242  253  266  282  302  324
  350  381  416  455  494  528  553  567  572  567  557  543  527  511  496  483
  471  460  449  438  427  415  400  384  367  348  329  310  291  271  253  235
  217  200  180  163  153  144  141  128  118                                   
    30.0-180.0 180.0   5.0 450.0                            LAT/LON1/LON2/DLON/H
  125  136  133  132  133  134  141  144  148  154  160  166  170  170  168  167
  169  173  178  183  187  193  200  208  218  228  238  251  267  287  311  339
  370  407  449  493  536  575  604  622  629  627  617  603  585  568  552  539
  528  518  508  499  490  482  473  462  449  434  416  397  376  353  330  306
  281  258  231  207  190  172  161  140  125                                   
    27.5-180.0 180.0   5.0 450.0                            LAT/LON1/LON2/DLON/H
  153  156  144  139  135  133  137  136  137  140  146  153  159  162  163  164
  166  170  176  181  186  191  198  207  216  227  239  254  274  298  327  360
  398  440  486  533  579  618  649  670  681  683  676  664  648  631  617  605
  597  589  582  576  572  569  566  562  553  540  524  505  484  459  432  403
  372  342  308  278  254  226  204  176  153                                   
    25.0-180.0 180.0   5.0 450.0                            LAT/LON1/LON2/DLON/H
  202  196  174  163  154  147  145  139  134  133  135  141  147  151  154  156
  160  165  171  178  185  192  200  210  220  232  247  265  288  316  350  388
  430  476  523  569  612  649  679  702  717  724  723  717  705  693  682  674
  670  666  663  660  660  661  664  662  655  642  625  606  586  563  536  504
  471  440  402  367  335  299  269  235  202                                   
    22.5-180.0 180.0   5.0 450.0                            LAT/LON1/LON2/DLON/H
  264  251  221  203  188  175  166  154  142  135  131  133  137  141  144  147
  151  157  166  175  186  195  206  217  229  244  261  282  308  340  377  419
  463  508  553  594  630  661  688  711  730  744  751  752  748  742  737  734
  734  734  733  733  734  738  740  737  727  708  687  666  648  628  607  579
  550  524  489  455  419  380  348  311  264                                   
    20.0-180.0 180.0   5.0 450.0                            LAT/LON1/LON2/DLON/H
  327  310  276  253  229  212  196  178  158  144  135  131  131  133  135  138
  142  150  160  173  187  200  213  227  243  260  281  305  333  367  405  447
  490  532  570  604  631  654  677  700  722  741  756  765  770  771  772  774
  777  779  779  779  779  780  779  769  750  722  693  668  651  636  623  604
  584  568  546  517  484  449  423  388  327                                   
    17.5-180.0 180.0   5.0 450.0                            LAT/LON1/LON2/DLON/H
  376  358  325  301  269  250  229  206  181  160  145  135  131  129  129  131
  135  143  156  171  188  205  221  238  257  278  302  328  358  392  429  469
  508  545  577  601  619  635  652  674  699  723  744  760  771  779  784  789
  793  794  794  792  789  785  776  758  727  687  648  619  601  591  585  577
  567  563  555  537  516  488  473  443  376                                   
    15.0-180.0 180.0   5.0 450.0                            LAT/LON1/LON2/DLON/H
  398  382  353  331  298  278  257  232  204  180  159  145  136  130  127  126
  130  139  152  170  189  208  228  248  270  295  321  348  378  411  446  482
  518  550  575  592  602  612  626  646  672  698  723  743  758  769  777  782
  784  784  782  777  770  760  744  715  673  622  575  540  521  513  513  513
  512  517  523  516  508  492  485  461  398                                   
    12.5-180.0 180.0   5.0 450.0                            LAT/LON1/LON2/DLON/H
  391  380  356  336  308  288  270  247  221  196  174  157  144  134  128  126
  128  136  149  168  189  210  232  255  281  308  335  363  391  422  455  488
  521  549  571  583  590  596  608  627  652  678  702  723  739  750  757  761
  761  758  753  745  735  720  697  660  610  552  498  459  437  430  431  435
  439  450  464  467  471  466  465  446  391                                   
    10.0-180.0 180.0   5.0 450.0                            LAT/LON1/LON2/DLON/H
  367  362  341  321  299  281  266  248  226  205  185  168  153  141  132  128
  129  136  149  167  189  211  235  260  288  316  344  372  400  429  459  490
  520  547  567  580  588  595  606  624  646  669  689  707  721  730  735  735
  733  728  721  712  699  680  653  614  561  501  445  403  377  366  364  365
  370  382  397  407  418  423  425  409  367                                   
     7.5-180.0 180.0   5.0 450.0                            LAT/LON1/LON2/DLON/H
  337  336  317  297  280  262  251  237  221  205  190  176  162  149  138  133
  132  138  150  168  189  213  238  264  292  321  350  378  405  433  461  490
