data/edconvlstm_nd/pred0790.15i
     1.0            IONOSPHERE MAPS     GNSS                IONEX VERSION / TYPE
pyspatialgeodesy        IME             05-JAN-18 20:20     PGM / RUN BY / DATE 
Map Name                                                    COMMENT             
Predicted global ionosphere maps (GIM).                     DESCRIPTION         
  2015     3    20     0     0     0                        EPOCH OF FIRST MAP  
  2015     3    21     0     0     0                        EPOCH OF LAST MAP   
  7200                                                      INTERVAL            
    13                                                      # OF MAPS IN FILE   
  NONE                                                      MAPPING FUNCTION    
10.0                                                        ELEVATION CUTOFF    
One-way carrier phase leveled to code                       OBSERVABLES USED    
  6371.0                                                    BASE RADIUS         
 2                                                          MAP DIMENSION       
   450.0 450.0   0.0                                        HGT1 / HGT2 / DHGT  
    87.5 -87.5  -2.5                                        LAT1 / LAT2 / DLAT  
  -180.0 180.0   5.0                                        LON1 / LON2 / DLON  
    -1                                                      EXPONENT            
                                                            END OF HEADER       
[from data line 858]
     3                                                      START OF TEC MAP    
  2015     3    20     4     0     0                        EPOCH OF CURRENT MAP
    87.5-180.0 180.0   5.0 450.0                            LAT/LON1/LON2/DLON/H
   91   96   93   97   96   95   95   92   93   95   96   97   97   97   97   97
   96   96   94   93   92   90   89   87   86   84   83   82   81   81   80   80
   80   80   80   80   80   81   81   82   82   83   83   84   84   85   85   86
   86   87   87   88   88   89   89   90   90   90   90   90   90   90   90   91
   92   92   90   90   95  103  107   95   91                                   
    85.0-180.0 180.0   5.0 450.0                            LAT/LON1/LON2/DLON/H
   89  104   93   98  100  100  100  100  100  102  102  104  104  105  104  104
  103  101   99   97   95   92   90   87   85   83   81   79   78   77   77   76
   76   77   77   78   79   80   81   82   83   84   85   86   87   88   89   90
   91   92   93   94   95   96   97   98   99  100  101  101  102  103  103  104
  106  106  103  104  105  108  113  102   89                                   
    82.5-180.0 180.0   5.0 450.0                            LAT/LON1/LON2/DLON/H
   99  101  110  102  101  102  102  102  104  106  107  110  111  112  112  111
  109  107  104  100   96   91   87   83   79   75   72   70   68   67   67   67
   67   68   70   71   73   75   76   78   80   82   83   85   87   88   90   91
   93   95   96   98  100  102  104  105  107  109  111  113  115  116  117  119
  121  121  117  116  123  115  113  105   99                                   
    80.0-180.0 180.0   5.0 450.0                            LAT/LON1/LON2/DLON/H
  116  113  109  100  102   98  100  100  103  106  108  112  114  115  115  114
  111  107  102   96   89   83   76   70   65   61   58   55   54   53   54   55
   56   58   61   64   67   69   72   75   77   79   81   83   85   86   88   91
   93   95   98  100  103  106  109  111  114  117  121  124  127  130  133  137
  139  139  138  138  145  138  135  118  116                                   
    77.5-180.0 180.0   5.0 450.0                            LAT/LON1/LON2/DLON/H
  133  127  118  108  101   98  100  101  104  107  110  116  119  121  122  120
  116  110  102   94   85   76   68   61   55   50   47   45   44   45   46   48
   51   55   59   63   67   71   74   77   80   82   84   86   87   89   92   94
   97  100  104  107  111  115  118  122  126  130  135  139  144  149  155  160
  165  168  167  169  169  158  151  137  133                                   
    75.0-180.0 180.0   5.0 450.0                            LAT/LON1/LON2/DLON/H
  148  140  127  114  102   97   96   95   99  103  107  114  118  121  121  118
  113  105   96   86   75   65   56   49   44   40   38   37   38   40   42   46
   50   54   59   63   68   72   75   78   80   81   83   84   85   87   89   92
   95   98  102  106  110  114  118  122  126  131  136  142  148  155  162  170
  177  184  187  186  189  182  176  162  148                                   
    72.5-180.0 180.0   5.0 450.0                            LAT/LON1/LON2/DLON/H
  167  157  142  124  110  103   99   98  101  105  110  117  122  125  124  121
  114  105   95   84   73   63   54   48   43   41   41   42   44   47   50   55
   59   64   69   74   78   82   85   87   88   89   89   89   90   92   94   97
  100  104  109  113  117  121  125  129  133  138  142  148  155  162  171  181
  190  200  207  210  211  204  197  186  167                                   
    70.0-180.0 180.0   5.0 450.0                            LAT/LON1/LON2/DLON/H
  190  174  157  136  117  105   98   96   98  102  107  114  119  120  119  115
  108   98   88   77   67   58   51   46   44   43   45   47   51   55   59   63
   67   71   75   79   83   86   88   89   89   89   88   88   88   90   92   96
  100  104  109  113  118  122  125  129  132  136  140  145  151  159  168  179
  190  201  212  219  223  219  217  208  190                                   
    67.5-180.0 180.0   5.0 450.0                            LAT/LON1/LON2/DLON/H
  200  185  165  142  121  106   97   93   94   97  102  108  111  112  110  105
   98   90   81   72   63   56   51   48   47   49   52   56   60   64   67   69
   71   73   75   77   80   82   84   84   83   82   81   81   82   83   87   91
   95  100  105  110  114  118  122  125  127  130  133  137  142  149  157  167
  178  190  202  211  218  219  219  215  200                                   
    65.0-180.0 180.0   5.0 450.0                            LAT/LON1/LON2/DLON/H
  205  191  171  147  125  107   96   91   91   93   97  102  104  104  102   97
   92   85   78   72   65   60   57   55   56   58   62   67   70   73   74   74
   73   72   71   72   73   75   76   76   76   75   74   74   76   79   83   88
   93   98  104  109  113  117  120  123  125  127  130  133  137  142  148  156
  165  176  187  197  207  212  216  214  205                                   
    62.5-180.0 180.0   5.0 450.0                            LAT/LON1/LON2/DLON/H
  204  193  175  151  128  109   97   91   89   90   92   95   96   95   93   90
   87   83   80   76   72   68   65   64   65   68   71   75   78   79   78   74
   70   67   64   63   64   65   66   67   67   66   67   68   71   75   80   86
   92   98  103  108  112  116  120  123  126  129  132  135  138  141  145  151
  157  164  173  181  191  200  204  204  204                                   
    60.0-180.0 180.0   5.0 450.0                            LAT/LON1/LON2/DLON/H
  198  191  175  151  129  109   95   88   85   83   83   85   84   83   82   81
   81   81   81   80   78   75   72   70   70   71   74   77   79   78   75   69
   63   58   54   52   51   52   54   55   56   57   59   61   66   71   78   84
   90   96  102  107  112  117  121  126  130  134  137  141  145  148  151  154
  156  158  163  168  177  187  190  189  198                                   
    57.5-180.0 180.0   5.0 450.0                            LAT/LON1/LON2/DLON/H
  195  191  178  153  132  112   96   87   82   78   75   74   72   71   72   73
   76   78   81   82   81   78   75   71   69   69   71   73   74   72   68   62
   55   49   44   42   41   42   44   46   48   50   53   57   63   70   77   83
   90   96  102  108  114  121  127  133  139  145  150  156  162  166  169  170
  168  166  165  166  172  180  182  179  195                                   
    55.0-180.0 180.0   5.0 450.0                            LAT/LON1/LON2/DLON/H
  199  197  185  159  139  118  100   88   80   73   67   64   61   60   61   64
   69   73   77   79   78   75   71   66   62   61   62   64   65   63   59   53
   46   40   36   35   35   36   38   40   42   46   50   56   62   70   77   83
   90   96  103  111  119  128  137  145  153  160  167  175  182  188  192  194
  190  184  178  175  178  181  181  176  199                                   
    52.5-180.0 180.0   5.0 450.0                            LAT/LON1/LON2/DLON/H
  210  208  198  171  153  131  111   95   83   71   62   56   52   51   53   56
   60   65   68   70   70   67   62   57   53   51   51   53   54   53   50   44
   39   34   32   31   32   34   36   38   41   45   51   58   65   72   79   85
   91   98  106  116  127  139  150  160  169  177  185  193  202  210  216  219
  216  209  200  193  192  191  189  182  210                                   
    50.0-180.0 180.0   5.0 450.0                            LAT/LON1/LON2/DLON/H
  226  224  214  189  172  150  128  109   92   76   62   53   47   45   46   49
   52   54   56   57   57   55   51   47   43   41   41   43   45   45   42   39
   35   32   32   33   34   36   38   40   44   49   56   64   71   77   83   88
   94  102  112  124  138  153  166  178  187  195  202  209  217  226  234  239
  238  233  225  215  211  206  204  196  226                                   
    47.5-180.0 180.0   5.0 450.0                            LAT/LON1/LON2/DLON/H
  243  241  231  209  194  174  151  129  108   87   69   56   48   45   44   44
   44   43   43   44   44   44   42   39   36   34   35   37   39   39   38   37
   35   35   36   39   41   43   44   46   50   57   65   73   81   86   90   94
   99  107  119  134  151  168  183  196  204  210  215  220  226  234  243  251
  253  252  245  237  231  224  222  214  243                                   
    45.0-180.0 180.0   5.0 450.0                            LAT/LON1/LON2/DLON/H
  256  252  244  226  215  197  175  153  129  103   82   66   56   50   46   42
   38   34   32   33   35   37   37   35   33   32   33   35   37   39   39   38
   38   40   44   47   50   52   52   54   58   66   76   86   93   98  100  102
  106  115  128  145  164  182  198  211  218  223  225  227  230  237  245  254
  260  264  261  255  250  241  239  231  256                                   
    42.5-180.0 180.0   5.0 450.0                            LAT/LON1/LON2/DLON/H
  261  257  251  238  230  216  196  174  149  122   99   81   68   60   53   45
   37   30   27   28   32   36   38   38   37   36   36   39   41   42   42   42
   43   46   50   54   57   58   59   61   66   76   88  100  108  112  112  113
  116  124  138  155  175  194  210  222  229  233  233  233  235  239  246  256
  264  271  272  270  266  257  253  246  261                                   
    40.0-180.0 180.0   5.0 450.0                            LAT/LON1/LON2/DLON/H
  261  254  249  241  236  225  209  190  166  140  115   97   84   73   64   53
   41   33   31   33   39   45   49   48   46   45   45   47   48   47   46   46
   47   50   54   58   61   62   62   65   72   84   99  113  123  127  127  126
  127  135  148  165  184  203  219  231  240  244  246  246  247  249  255  264
  273  281  286  286  283  274  266  257  261                                   
    37.5-180.0 180.0   5.0 450.0                            LAT/LON1/LON2/DLON/H
  259  250  244  236  232  224  212  197  176  151  128  110   97   86   75   64
   52   45   45   50   58   65   67   66   62   59   58   58   57   55   52   50
   50   52   56   59   62   63   64   68   76   91  109  126  138  143  142  140
  140  147  159  175  193  211  228  242  254  262  267  270  273  275  280  287
  294  302  308  310  307  296  283  268  259                                   
    35.0-180.0 180.0   5.0 450.0                            LAT/LON1/LON2/DLON/H
  265  250  240  229  224  217  207  195  178  155  134  118  105   95   85   76
   67   64   68   76   85   91   92   87   81   76   74   72   69   64   59   56
   55   56   59   62   64   65   67   71   80   97  117  137  151  158  157  155
  155  161  173  188  205  223  241  259  276  291  302  311  316  321  325  330
  335  340  345  347  342  330  311  289  265                                   
    32.5-180.0 180.0   5.0 450.0                            LAT/LON1/LON2/DLON/H
  286  265  247  228  219  209  199  189  174  154  135  120  108   99   92   86
   83   85   93  105  114  118  115  107  100   95   92   90   85   79   72   67
   65   66   68   70   71   71   72   76   85  102  123  145  161  170  172  171
  172  180  192  206  222  241  262  286  311  334  353  368  378  384  389  392
  394  397  400  399  394  380  355  327  286                                   
    30.0-180.0 180.0   5.0 450.0                            LAT/LON1/LON2/DLON/H
  329  301  274  242  226  209  196  185  170  151  133  119  108  100   94   92
   95  104  116  130  138  139  133  124  118  115  115  113  108  100   92   86
   83   83   84   84   83   82   81   83   91  106  128  151  169  181  186  189
  194  204  217  232  249  270  296  326  360  391  418  439  454  463  469  471
  471  471  471  468  461  445  415  382  329                                   
    27.5-180.0 180.0   5.0 450.0                            LAT/LON1/LON2/DLON/H
  395  364  325  279  252  228  206  191  173  154  135  121  109  101   97   97
  104  117  132  144  150  148  142  137  137  140  144  143  137  128  119  113
  110  109  107  104  100   96   92   92   97  110  131  154  175  190  201  210
  220  234  249  266  286  311  343  381  422  461  494  520  538  550  558  560
  560  559  557  552  544  527  489  453  395                                   
    25.0-180.0 180.0   5.0 450.0                            LAT/LON1/LON2/DLON/H
  482  449  397  340  302  269  238  215  192  169  148  131  118  108  102  104
  111  124  138  147  150  149  148  152  161  172  180  180  174  164  155  149
  145  141  136  129  120  112  104  100  102  113  132  156  179  199  217  233
  250  268  287  307  332  363  402  446  493  536  572  600  621  635  644  649
  650  650  649  644  636  619  573  534  482                                   
    22.5-180.0 180.0   5.0 450.0                            LAT/LON1/LON2/DLON/H
  579  548  485  423  375  335  292  259  229  202  177  157  139  126  117  115
  120  128  137  142  145  149  158  174  193  211  222  222  214  204  195  189
  185  178  168  154  140  126  114  106  105  113  131  156  183  208  233  256
  280  303  326  352  382  419  463  511  559  603  640  668  688  703  713  720
  725  729  732  732  725  711  662  622  579                                   
    20.0-180.0 180.0   5.0 450.0                            LAT/LON1/LON2/DLON/H
  673  644  579  520  463  418  365  324  287  254  225  200  178  159  144  136
  134  134  136  138  143  156  177  205  234  256  268  266  256  244  235  228
  222  211  195  175  154  136  120  109  105  112  129  155  186  217  248  278
  307  335  363  393  428  469  515  564  610  652  685  710  728  742  752  760
  769  779  790  798  795  788  744  705  673                                   
    17.5-180.0 180.0   5.0 450.0                            LAT/LON1/LON2/DLON/H
  749  723  666  617  557  509  448  401  359  323  291  262  235  209  187  170
  158  149  144  145  155  177  210  249  284  307  314  307  292  277  266  258
  248  234  214  189  163  140  121  108  102  108  126  154  188  224  260  295
  329  362  394  428  466  509  554  599  640  675  703  723  737  747  756  765
  778  793  812  829  833  835  804  771  749                                   
    15.0-180.0 180.0   5.0 450.0                            LAT/LON1/LON2/DLON/H
  798  777  735  699  642  593  531  482  439  402  369  338  307  275  245  218
  195  178  169  170  186  218  260  305  341  359  356  339  317  298  283  273
  262  246  223  195  167  142  120  105   98  104  124  154  190  228  268  307
  345  381  416  453  492  535  577  617  651  679  699  713  722  729  735  743
  758  776  802  827  836  847  831  811  798                                   
    12.5-180.0 180.0   5.0 450.0                            LAT/LON1/LON2/DLON/H
  819  805  781  757  707  661  599  552  511  478  448  418  386  350  314  280
  249  226  214  217  239  278  326  371  399  403  386  357  327  304  287  276
  264  248  225  197  169  142  118  102   95  101  122  153  190  230  271  311
  351  390  427  465  506  548  588  624  652  673  687  695  699  702  705  712
  725  744  772  801  814  831  829  824  819                                   
    10.0-180.0 180.0   5.0 450.0                            LAT/LON1/LON2/DLON/H
  820  813  805  789  748  706  647  603  566  538  514  489  459  425  388  351
  318  293  281  287  313  354  399  434  445  430  397  357  324  300  284  273
  261  245  223  197  169  142  117  100   93  100  120  152  189  228  268  309
  350  389  428  468  510  552  592  625  649  665  674  679  681  683  684  688
  699  716  742  771  785  803  810  818  820                                   
     7.5-180.0 180.0   5.0 450.0                            LAT/LON1/LON2/DLON/H
  813  814  816  805  770  732  676  633  599  576  557  539  515  486  454  422
  393  372  364  373  399  434  466  480  468  433  387  345  314  293  280  268
