data/edconvlstm_nd/pred0690.15i
     1.0            IONOSPHERE MAPS     GNSS                IONEX VERSION / TYPE
pyspatialgeodesy        IME             05-JAN-18 20:20     PGM / RUN BY / DATE 
Map Name                                                    COMMENT             
Predicted global ionosphere maps (GIM).                     DESCRIPTION         
  2015     3    10     0     0     0                        EPOCH OF FIRST MAP  
  2015     3    11     0     0     0                        EPOCH OF LAST MAP   
  7200                                                      INTERVAL            
    13                                                      # OF MAPS IN FILE   
  NONE                                                      MAPPING FUNCTION    
10.0                                                        ELEVATION CUTOFF    
One-way carrier phase leveled to code                       OBSERVABLES USED    
  6371.0                                                    BASE RADIUS         
 2                                                          MAP DIMENSION       
   450.0 450.0   0.0                                        HGT1 / HGT2 / DHGT  
    87.5 -87.5  -2.5                                        LAT1 / LAT2 / DLAT  
  -180.0 180.0   5.0                                        LON1 / LON2 / DLON  
    -1                                                      EXPONENT            
                                                            END OF HEADER       
[from data line 4719]
    12                                                      START OF TEC MAP    
  2015     3    10    22     0     0                        EPOCH OF CURRENT MAP
    87.5-180.0 180.0   5.0 450.0                            LAT/LON1/LON2/DLON/H
  177  169  156  163  166  162  161  159  158  160  160  161  161  161  161  161
  161  160  159  157  155  153  151  148  146  143  141  138  135  133  131  129
  128  127  126  125  125  124  124  125  125  126  127  128  130  131  133  134
  136  138  140  142  144  146  148  149  151  153  154  155  157  158  158  159
  159  160  159  159  169  166  171  168  177                                   
    85.0-180.0 180.0   5.0 450.0                            LAT/LON1/LON2/DLON/H
  182  175  182  173  171  173  173  174  174  176  176  178  178  179  179  179
  179  178  176  174  171  168  164  160  156  152  148  145  141  138  135  133
  131  130  129  128  128  128  128  129  130  131  133  134  136  138  140  143
  145  147  150  152  155  157  159  161  163  165  167  168  170  171  172  172
  174  174  173  170  173  168  164  168  182                                   
    82.5-180.0 180.0   5.0 450.0                            LAT/LON1/LON2/DLON/H
  169  168  168  168  171  173  177  177  178  181  183  187  189  191  193  194
  194  192  190  187  182  177  172  165  159  152  146  140  135  130  126  122
  119  117  115  114  114  114  114  115  116  118  119  121  123  125  128  131
  133  136  139  142  145  148  151  154  156  159  161  163  164  166  167  168
  169  169  169  172  170  177  162  163  169                                   
    80.0-180.0 180.0   5.0 450.0                            LAT/LON1/LON2/DLON/H
  157  157  161  160  163  162  169  174  178  183  188  194  198  202  205  207
  207  205  202  197  191  183  175  166  156  147  138  130  123  116  111  106
  102  100   98   97   96   96   97   98   99  100  102  104  106  108  111  114
  117  120  123  127  130  133  136  140  143  145  148  150  153  155  157  159
  161  162  163  164  158  158  149  158  157                                   
    77.5-180.0 180.0   5.0 450.0                            LAT/LON1/LON2/DLON/H
  162  155  163  160  167  168  175  180  186  192  199  207  215  221  227  230
  231  230  227  221  213  204  194  182  171  159  148  138  129  121  114  109
  105  102  100   99   98   98   98   98   98   98   99   99  100  101  103  104
  106  108  111  113  116  119  121  124  127  129  131  134  136  139  142  144
  147  150  154  158  155  153  153  165  162                                   
    75.0-180.0 180.0   5.0 450.0                            LAT/LON1/LON2/DLON/H
  163  162  166  163  169  172  177  183  190  199  207  216  224  232  238  242
  243  242  238  232  223  213  201  189  176  163  151  140  130  122  115  110
  106  103  101  100   98   98   97   96   96   95   94   94   93   93   93   93
   94   95   96   97   98  100  101  103  105  106  108  111  114  117  121  126
  130  136  143  146  146  148  152  153  163                                   
    72.5-180.0 180.0   5.0 450.0                            LAT/LON1/LON2/DLON/H
  175  178  183  186  188  190  195  199  204  211  220  229  239  247  254  258
  260  259  256  249  240  229  217  204  190  176  163  150  140  131  123  117
  113  109  107  105  103  101  100   98   97   95   93   91   89   87   86   84
   84   83   83   83   83   83   84   84   85   86   87   90   92   96  102  108
  114  123  132  140  144  153  162  169  175                                   
    70.0-180.0 180.0   5.0 450.0                            LAT/LON1/LON2/DLON/H
  192  199  205  204  205  205  207  210  214  220  227  235  242  249  255  259
  260  259  255  249  240  230  218  206  192  178  165  153  142  132  124  118
  113  109  105  102   99   97   95   92   90   88   86   83   81   78   76   74
   72   71   70   69   68   68   67   67   66   66   67   69   72   77   83   91
   99  111  124  136  146  161  176  180  192                                   
    67.5-180.0 180.0   5.0 450.0                            LAT/LON1/LON2/DLON/H
  216  226  233  233  235  233  233  233  234  236  241  246  252  258  262  265
  266  265  261  256  249  240  229  217  204  191  177  164  152  141  132  124
  117  111  106  101   96   93   90   87   85   83   81   78   75   72   70   67
   66   64   64   63   62   61   61   60   59   59   60   62   65   70   77   86
   95  109  123  136  151  170  189  194  216                                   
    65.0-180.0 180.0   5.0 450.0                            LAT/LON1/LON2/DLON/H
  230  244  252  252  253  251  249  246  244  244  245  248  251  254  257  259
  259  258  256  252  246  239  231  220  208  195  182  168  156  144  134  125
  116  107   99   92   86   81   77   75   73   71   70   68   66   63   61   59
   57   56   56   56   56   55   54   53   52   52   53   55   59   64   72   81
   91  105  121  136  153  177  198  205  230                                   
    62.5-180.0 180.0   5.0 450.0                            LAT/LON1/LON2/DLON/H
  241  256  265  267  270  268  265  261  256  253  250  249  250  251  253  255
  256  256  255  252  249  244  237  228  217  204  191  177  164  152  140  128
  117  106   95   85   77   70   66   63   62   62   61   60   58   56   54   53
   52   52   53   53   54   54   54   53   53   53   54   57   61   67   75   84
   94  107  122  136  153  177  198  206  241                                   
    60.0-180.0 180.0   5.0 450.0                            LAT/LON1/LON2/DLON/H
  243  258  268  273  277  276  274  268  262  256  251  248  246  246  247  250
  252  253  254  253  250  247  241  233  224  212  200  187  174  161  148  135
  121  107   94   81   71   64   59   57   56   57   57   56   55   53   51   50
   50   51   53   55   56   57   58   58   58   58   60   63   68   74   82   91
  100  112  125  136  151  175  195  204  243                                   
    57.5-180.0 180.0   5.0 450.0                            LAT/LON1/LON2/DLON/H
  240  255  267  273  281  281  281  275  268  260  252  246  243  242  244  248
  251  255  256  256  254  251  246  239  231  221  210  199  187  174  161  147
  131  115   99   84   72   64   60   58   58   59   59   59   57   55   53   52
   52   54   57   60   62   64   65   66   66   67   69   73   79   86   94  103
  111  121  132  141  151  172  189  199  240                                   
    55.0-180.0 180.0   5.0 450.0                            LAT/LON1/LON2/DLON/H
  239  254  268  275  286  288  290  284  277  267  257  249  244  243  245  250
  256  260  262  262  260  256  251  246  239  231  222  212  202  190  177  162
  144  126  109   93   81   73   69   67   68   69   69   68   66   63   61   60
   60   62   65   68   71   74   75   76   77   78   80   84   91   99  108  117
  125  135  145  151  157  175  188  198  239                                   
    52.5-180.0 180.0   5.0 450.0                            LAT/LON1/LON2/DLON/H
  243  258  275  281  296  300  303  298  290  279  267  256  249  248  251  256
  263  268  270  269  265  261  256  251  246  240  234  226  217  205  192  176
  157  138  121  105   94   87   84   83   84   85   85   83   80   76   73   72
   73   75   77   80   83   85   86   87   87   88   90   94  101  110  121  132
  141  152  161  167  171  185  196  205  243                                   
    50.0-180.0 180.0   5.0 450.0                            LAT/LON1/LON2/DLON/H
  256  270  289  295  312  319  323  320  312  299  284  271  262  259  261  267
  273  278  279  276  272  267  262  258  255  251  246  238  229  217  201  184
  164  146  129  116  107  102  101  101  102  103  102  100   97   93   90   88
   88   90   91   93   95   96   96   96   96   96   98  102  109  119  132  145
  156  170  181  188  192  205  215  222  256                                   
    47.5-180.0 180.0   5.0 450.0                            LAT/LON1/LON2/DLON/H
  276  289  308  315  334  343  349  346  338  325  309  293  282  276  276  280
  285  288  288  284  279  274  270  267  265  261  255  247  234  219  201  181
  161  143  129  119  115  113  114  116  118  119  118  116  112  109  106  105
  105  105  105  106  106  106  105  104  103  102  102  106  113  125  139  155
  169  186  200  211  218  231  242  249  276                                   
    45.0-180.0 180.0   5.0 450.0                            LAT/LON1/LON2/DLON/H
  300  313  331  338  358  369  376  375  368  355  338  321  306  298  295  296
  299  300  298  294  288  284  281  279  275  270  261  248  231  211  189  166
  146  131  121  116  116  118  121  125  127  129  128  127  124  122  120  119
  118  118  116  115  113  112  111  110  108  106  105  108  116  128  144  162
  179  199  216  233  245  259  272  283  300                                   
    42.5-180.0 180.0   5.0 450.0                            LAT/LON1/LON2/DLON/H
  324  336  352  360  380  392  400  400  396  385  369  351  334  323  316  314
  314  314  311  306  301  297  295  292  286  276  262  242  220  195  170  147
  128  116  110  111  115  120  125  129  132  133  133  132  131  129  128  128
  127  125  122  119  117  115  114  113  110  107  106  108  116  129  146  166
  185  208  228  249  266  284  300  316  324                                   
    40.0-180.0 180.0   5.0 450.0                            LAT/LON1/LON2/DLON/H
  342  354  370  378  397  409  417  419  418  410  396  380  363  349  340  335
  332  330  327  323  319  315  312  305  295  279  258  233  206  180  155  134
  119  111  109  113  119  125  130  133  135  136  136  135  133  132  131  131
  130  127  124  120  117  116  115  114  111  107  105  107  114  128  147  168
  187  211  233  256  278  299  319  341  342                                   
    37.5-180.0 180.0   5.0 450.0                            LAT/LON1/LON2/DLON/H
  353  367  382  389  407  417  427  430  432  428  419  405  390  376  365  358
  354  351  348  344  340  336  329  318  302  279  253  226  200  177  157  141
  130  126  126  131  137  141  143  143  142  141  140  138  135  133  132  131
  130  127  123  119  117  116  116  115  111  106  103  104  112  126  145  166
  186  209  232  256  279  304  327  354  353                                   
    35.0-180.0 180.0   5.0 450.0                            LAT/LON1/LON2/DLON/H
  361  375  391  396  414  421  431  435  439  440  435  426  413  400  389  382
  378  375  372  369  364  357  345  329  307  282  255  231  211  197  186  177
  172  169  170  172  174  173  168  163  158  153  149  145  140  136  133  131
  130  127  123  120  119  119  120  118  114  108  104  104  111  125  145  165
  183  205  228  251  274  302  327  356  361                                   
    32.5-180.0 180.0   5.0 450.0                            LAT/LON1/LON2/DLON/H
  370  384  402  405  423  428  437  440  446  449  448  442  433  423  414  407
  403  401  399  394  387  375  358  338  314  290  268  253  247  246  248  248
  246  243  240  236  229  219  206  194  183  174  166  158  150  143  138  136
  134  131  128  126  126  127  128  126  121  113  108  108  115  129  148  167
  184  205  226  248  269  299  324  355  370                                   
    30.0-180.0 180.0   5.0 450.0                            LAT/LON1/LON2/DLON/H
  386  401  422  422  441  444  453  454  460  463  463  460  453  445  438  433
  430  428  425  417  405  388  368  346  325  308  298  298  309  326  342  352
  352  345  332  316  297  275  253  232  215  202  190  177  165  156  149  146
  145  143  141  140  140  141  141  138  131  122  116  116  123  137  156  175
  190  210  230  252  271  301  327  358  386                                   
    27.5-180.0 180.0   5.0 450.0                            LAT/LON1/LON2/DLON/H
  413  429  452  453  474  475  483  482  486  487  486  483  477  470  464  459
  457  454  448  436  419  398  376  357  344  339  345  364  396  432  464  480
  478  460  433  400  365  330  298  271  249  231  216  200  185  173  167  164
  163  162  161  160  159  158  156  150  141  132  125  125  133  148  167  187
  203  223  242  265  284  313  340  371  413                                   
    25.0-180.0 180.0   5.0 450.0                            LAT/LON1/LON2/DLON/H
  450  468  493  498  522  524  532  528  530  527  522  516  508  501  494  489
  484  478  468  452  430  406  386  375  374  385  410  449  499  552  593  610
  600  566  519  468  418  372  332  301  277  257  239  221  205  194  187  186
  187  187  186  183  180  175  169  160  149  139  133  133  142  157  178  199
  217  241  260  285  305  334  363  395  450                                   
    22.5-180.0 180.0   5.0 450.0                            LAT/LON1/LON2/DLON/H
  493  513  541  553  582  586  594  590  589  582  572  561  550  540  531  523
  514  504  489  468  442  418  404  403  417  445  487  541  602  660  699  708
  684  633  569  503  442  390  348  316  292  273  254  237  222  213  209  211
  213  215  213  208  201  192  181  168  155  144  139  140  149  165  187  210
  231  258  281  307  330  360  393  426  493                                   
    20.0-180.0 180.0   5.0 450.0                            LAT/LON1/LON2/DLON/H
  535  558  589  608  643  653  663  661  659  648  634  618  603  589  576  563
  550  534  514  489  462  441  434  446  475  517  568  624  681  730  755  748
  708  643  569  495  431  380  341  313  293  276  260  245  233  228  230  235
  240  241  238  229  218  204  189  173  159  148  143  145  155  171  194  218
  242  273  299  327  352  385  424  459  535                                   
    17.5-180.0 180.0   5.0 450.0                            LAT/LON1/LON2/DLON/H
  567  592  627  653  695  711  726  728  728  717  701  682  664  647  630  612
  593  573  548  521  495  478  480  504  543  590  637  681  719  744  746  719
  664  592  516  447  389  345  315  295  281  269  256  245  239  239  245  253
  260  261  255  243  226  208  190  173  158  149  145  149  159  176  200  226
  252  286  314  343  370  406  449  486  567                                   
    15.0-180.0 180.0   5.0 450.0                            LAT/LON1/LON2/DLON/H
  585  609  649  679  727  750  770  779  785  778  763  746  727  709  689  668
  645  621  594  567  543  533  542  571  612  652  681  699  705  699  673  627
  564  495  428  372  329  299  282  273  268  261  252  243  240  244  254  263
  269  268  260  244  225  204  185  168  155  147  146  151  162  181  206  233
  261  296  325  354  381  421  466  504  585                                   
    12.5-180.0 180.0   5.0 450.0                            LAT/LON1/LON2/DLON/H
  590  613  654  685  737  766  792  807  820  820  812  800  785  769  750  727
  702  676  650  625  606  599  611  639  670  691  693  675  644  604  555  498
  438  381  333  297  274  262  259  262  264  260  252  244  241  246  255  263
  267  263  252  235  215  194  176  161  150  145  145  151  164  184  211  239
  268  304  333  361  388  430  475  512  590                                   
    10.0-180.0 180.0   5.0 450.0                            LAT/LON1/LON2/DLON/H
  585  608  648  679  731  764  794  814  832  840  841  837  831  820  804  783
  759  735  711  690  674  669  678  695  709  703  672  618  554  489  427  371
  323  284  259  246  244  249  260  272  278  274  262  250  244  246  251  256
  255  248  236  219  201  183  167  156  147  143  143  150  164  186  214  244
  274  310  339  365  392  435  479  515  585                                   
     7.5-180.0 180.0   5.0 450.0                            LAT/LON1/LON2/DLON/H
  579  602  641  670  720  753  784  804  826  840  850  857  859  857  847  830
  809  788  769  752  738  731  731  733  724  691  629  546  460  384  324  279
