data/edconvlstm_nd/pred1950.15i
     1.0            IONOSPHERE MAPS     GNSS                IONEX VERSION / TYPE
pyspatialgeodesy        IME             05-JAN-18 20:20     PGM / RUN BY / DATE 
Map Name                                                    COMMENT             
Predicted global ionosphere maps (GIM).                     DESCRIPTION         
  2015     7    14     0     0     0                        EPOCH OF FIRST MAP  
  2015     7    15     0     0     0                        EPOCH OF LAST MAP   
  7200                                                      INTERVAL            
    13                                                      # OF MAPS IN FILE   
  NONE                                                      MAPPING FUNCTION    
10.0                                                        ELEVATION CUTOFF    
One-way carrier phase leveled to code                       OBSERVABLES USED    
  6371.0                                                    BASE RADIUS         
 2                                                          MAP DIMENSION       
   450.0 450.0   0.0                                        HGT1 / HGT2 / DHGT  
    87.5 -87.5  -2.5                                        LAT1 / LAT2 / DLAT  
  -180.0 180.0   5.0                                        LON1 / LON2 / DLON  
    -1                                                      EXPONENT            
                                                            END OF HEADER       
[from data line 429]
     2                                                      START OF TEC MAP    
  2015     7    14     2     0     0                        EPOCH OF CURRENT MAP
    87.5-180.0 180.0   5.0 450.0                            LAT/LON1/LON2/DLON/H
  142  144  147  146  146  144  141  140  141  141  141  141  142  142  142  142
  142  142  142  141  141  140  140  139  138  137  136  135  134  133  132  131
  130  129  129  128  128  127  127  127  126  126  126  126  126  127  127  127
  127  128  128  128  128  129  129  129  129  130  130  130  130  130  130  131
  132  135  134  134  135  137  140  145  142                                   
    85.0-180.0 180.0   5.0 450.0                            LAT/LON1/LON2/DLON/H
  144  152  143  149  154  151  150  149  150  150  150  150  150  151  151  151
  151  150  150  150  149  149  148  147  146  144  143  142  140  139  138  137
  136  135  134  134  133  133  132  132  132  132  132  132  132  132  132  132
  133  133  134  134  135  135  136  136  137  137  137  138  138  138  138  139
  141  143  142  144  138  139  143  142  144                                   
    82.5-180.0 180.0   5.0 450.0                            LAT/LON1/LON2/DLON/H
  146  151  155  155  156  155  154  154  156  156  155  155  155  155  155  155
  155  154  154  153  153  152  151  149  148  146  144  142  140  138  136  135
  133  132  132  131  130  130  130  130  130  130  130  130  130  130  131  131
  132  133  134  135  136  137  137  138  139  140  140  141  141  142  142  143
  144  146  144  144  147  137  139  138  146                                   
    80.0-180.0 180.0   5.0 450.0                            LAT/LON1/LON2/DLON/H
  149  156  153  155  155  156  158  159  160  159  158  158  158  157  157  156
  156  156  156  155  154  153  152  150  148  145  143  140  137  135  132  130
  129  128  127  126  126  126  126  126  126  127  127  127  128  128  129  130
  131  132  134  135  137  138  139  140  141  142  143  143  143  143  144  145
  146  145  143  143  149  143  148  142  149                                   
    77.5-180.0 180.0   5.0 450.0                            LAT/LON1/LON2/DLON/H
  151  157  155  159  157  158  161  163  163  162  160  159  158  157  156  155
  155  155  155  154  154  153  152  150  147  144  141  137  134  130  128  126
  124  123  122  122  123  123  124  124  125  126  126  127  128  129  130  131
  133  135  137  139  141  142  144  145  146  146  146  146  146  145  145  146
  146  147  143  144  148  143  146  144  151                                   
    75.0-180.0 180.0   5.0 450.0                            LAT/LON1/LON2/DLON/H
  150  157  155  162  160  161  164  164  165  163  161  159  157  154  153  151
  151  150  150  151  150  150  148  146  143  140  135  131  127  124  121  118
  117  116  116  117  118  119  120  121  122  122  123  124  126  127  129  131
  134  136  139  141  144  146  147  148  149  149  149  148  148  147  146  147
  146  146  143  138  141  140  143  144  150                                   
    72.5-180.0 180.0   5.0 450.0                            LAT/LON1/LON2/DLON/H
  143  157  157  163  163  164  167  168  169  166  163  160  157  153  150  148
  146  146  146  146  146  146  145  142  139  134  130  125  121  117  114  113
  112  112  113  114  115  117  118  120  121  122  124  125  127  130  132  135
  138  142  145  148  151  153  154  155  156  155  155  154  152  151  150  150
  149  148  146  142  141  138  140  142  143                                   
    70.0-180.0 180.0   5.0 450.0                            LAT/LON1/LON2/DLON/H
  143  154  156  163  163  164  167  169  170  167  164  160  156  150  146  143
  140  139  139  139  139  139  137  134  130  125  120  116  111  108  106  105
  105  106  107  109  111  112  114  116  117  119  121  124  127  130  134  138
  142  146  149  152  155  157  159  159  160  159  158  157  155  153  152  152
  150  149  147  144  143  139  141  141  143                                   
    67.5-180.0 180.0   5.0 450.0                            LAT/LON1/LON2/DLON/H
  141  152  154  160  160  161  165  167  169  167  163  159  154  148  142  138
  134  132  131  131  131  130  127  124  119  114  109  104  100   98   97   96
   97   98  100  101  103  105  106  108  110  112  115  118  123  127  132  137
  142  146  150  153  155  157  159  159  159  159  158  156  154  152  151  151
  149  147  145  142  142  138  140  141  141                                   
    65.0-180.0 180.0   5.0 450.0                            LAT/LON1/LON2/DLON/H
  141  150  151  156  156  156  160  163  166  165  163  159  154  148  141  135
  131  128  126  125  124  121  118  114  109  103   99   95   92   91   90   91
   91   93   94   95   96   98   99  101  103  106  110  115  121  126  132  138
  143  147  151  154  156  158  159  159  160  159  158  157  155  153  151  151
  149  147  145  142  143  139  142  144  141                                   
    62.5-180.0 180.0   5.0 450.0                            LAT/LON1/LON2/DLON/H
  142  150  151  155  153  153  157  160  164  164  163  161  156  150  143  137
  131  128  125  122  120  116  111  106  101   96   92   89   88   88   88   88
   89   90   90   91   91   92   93   95   98  102  107  113  120  128  134  140
  145  150  153  155  157  159  160  160  161  161  160  159  157  155  154  153
  151  150  148  144  145  141  146  149  142                                   
    60.0-180.0 180.0   5.0 450.0                            LAT/LON1/LON2/DLON/H
  146  152  153  155  152  150  153  156  161  162  163  162  159  153  147  140
  134  130  126  122  118  113  107  101   95   91   89   87   87   88   88   89
   89   89   88   87   87   87   88   90   94   99  106  114  122  130  138  144
  149  153  155  158  159  161  162  163  164  164  163  163  161  160  158  158
  155  154  151  148  148  146  151  154  146                                   
    57.5-180.0 180.0   5.0 450.0                            LAT/LON1/LON2/DLON/H
  153  158  158  159  153  150  152  155  159  161  162  163  161  157  151  145
  139  134  129  125  119  113  106   99   94   91   89   89   90   92   93   92
   92   90   88   87   86   85   87   89   94  100  108  117  126  135  143  149
  154  158  160  163  164  166  168  169  170  170  170  170  168  167  165  164
  162  160  158  154  155  152  158  162  153                                   
    55.0-180.0 180.0   5.0 450.0                            LAT/LON1/LON2/DLON/H
  162  166  167  166  159  155  155  156  159  160  162  163  162  159  155  150
  145  139  134  129  123  116  109  102   97   95   94   95   97   99   99   98
   96   93   91   89   87   87   89   92   98  105  113  122  132  141  149  156
  161  165  168  171  173  175  177  179  180  180  180  179  178  176  175  173
  171  169  166  163  163  161  167  172  162                                   
    52.5-180.0 180.0   5.0 450.0                            LAT/LON1/LON2/DLON/H
  174  178  180  177  169  164  162  161  162  162  163  164  163  161  158  154
  149  145  140  135  129  122  115  109  105  103  104  105  107  108  107  105
  102   99   96   94   93   93   95   99  105  112  120  129  139  148  156  163
  169  174  178  182  186  189  191  192  193  193  192  191  190  188  186  184
  181  179  176  173  173  171  177  182  174                                   
    50.0-180.0 180.0   5.0 450.0                            LAT/LON1/LON2/DLON/H
  188  192  193  190  182  176  173  170  169  166  165  165  164  162  160  157
  154  150  147  143  138  132  126  121  118  117  117  119  119  119  117  114
  110  107  104  102  102  103  106  110  115  122  129  137  146  155  163  171
  178  185  191  197  202  205  208  209  208  207  206  205  203  200  198  197
  193  191  188  184  184  182  188  194  188                                   
    47.5-180.0 180.0   5.0 450.0                            LAT/LON1/LON2/DLON/H
  201  205  207  204  197  190  186  181  178  173  170  168  166  164  162  160
  158  155  153  150  147  143  139  136  134  134  134  134  133  130  127  123
  119  117  115  114  115  116  119  123  127  133  138  145  152  160  169  178
  187  196  205  213  219  224  226  226  225  223  221  218  216  213  211  210
  206  204  200  196  196  194  200  206  201                                   
    45.0-180.0 180.0   5.0 450.0                            LAT/LON1/LON2/DLON/H
  212  216  219  216  210  204  199  193  188  181  176  172  170  167  165  163
  162  160  158  157  156  154  153  152  152  152  151  150  146  141  136  132
  129  128  128  129  130  131  134  137  140  144  147  152  157  165  174  185
  196  207  218  228  236  241  243  242  240  237  234  231  229  226  224  223
  220  217  213  209  208  206  212  219  212                                   
    42.5-180.0 180.0   5.0 450.0                            LAT/LON1/LON2/DLON/H
  222  225  228  226  221  216  210  203  197  189  183  179  175  172  170  168
  166  165  163  163  163  164  165  167  168  168  167  164  158  152  146  142
  141  142  143  145  146  147  149  151  153  154  156  158  162  169  179  190
  203  217  229  240  249  254  256  256  253  250  246  243  241  239  237  236
  233  231  226  222  220  217  224  232  222                                   
    40.0-180.0 180.0   5.0 450.0                            LAT/LON1/LON2/DLON/H
  231  233  235  234  230  225  219  212  206  198  191  186  182  179  177  174
  172  169  167  167  169  171  175  178  181  182  180  175  169  161  155  153
  153  156  159  162  162  162  163  164  164  165  164  164  167  173  183  195
  209  224  237  249  258  264  266  266  263  260  257  255  253  251  251  250
  248  245  240  235  232  229  237  245  231                                   
    37.5-180.0 180.0   5.0 450.0                            LAT/LON1/LON2/DLON/H
  242  241  244  242  239  233  227  220  214  206  199  195  191  188  185  181
  178  174  171  170  172  176  181  187  191  192  190  185  177  170  165  164
  166  171  175  177  177  176  175  175  175  174  173  171  172  177  187  199
  213  228  241  253  263  270  273  273  272  271  269  267  266  265  265  265
  263  260  255  249  246  243  251  260  242                                   
    35.0-180.0 180.0   5.0 450.0                            LAT/LON1/LON2/DLON/H
  257  254  256  253  250  243  235  229  223  216  209  205  201  197  194  189
  183  178  173  171  173  179  186  193  198  200  198  192  185  178  174  174
  178  184  189  190  189  186  185  184  184  184  182  179  179  182  190  202
  216  229  243  254  265  273  278  280  281  281  281  281  280  280  280  281
  280  277  271  264  261  258  267  278  257                                   
    32.5-180.0 180.0   5.0 450.0                            LAT/LON1/LON2/DLON/H
  276  273  275  270  267  259  249  242  236  229  222  218  213  208  203  197
  189  181  175  172  174  181  190  199  204  206  204  199  192  186  182  183
  188  194  198  199  197  194  191  191  192  192  190  186  184  186  193  203
  215  228  240  252  264  273  281  286  290  293  295  296  296  296  296  298
  297  293  288  281  277  276  286  298  276                                   
    30.0-180.0 180.0   5.0 450.0                            LAT/LON1/LON2/DLON/H
  302  298  301  296  292  282  271  262  255  247  241  235  228  222  214  205
  194  184  176  173  176  184  195  204  211  213  210  205  198  192  188  189
  193  198  202  203  200  196  194  195  197  198  196  192  188  188  192  201
  212  224  236  248  260  272  283  292  298  304  308  311  312  313  313  315
  314  311  305  299  296  296  306  320  302                                   
    27.5-180.0 180.0   5.0 450.0                            LAT/LON1/LON2/DLON/H
  332  330  334  330  327  317  303  292  284  274  266  257  248  238  227  214
  201  188  179  175  179  188  201  212  218  219  216  210  203  196  191  189
  191  195  198  199  196  193  191  193  196  198  196  192  187  184  187  194
  204  216  228  242  256  271  285  297  307  315  322  326  329  330  331  333
  332  330  325  320  316  317  328  345  332                                   
    25.0-180.0 180.0   5.0 450.0                            LAT/LON1/LON2/DLON/H
  363  364  372  371  369  360  345  333  322  311  299  288  275  260  244  227
  210  195  184  180  185  195  209  220  225  225  220  212  203  195  187  183
  182  184  186  187  185  183  182  184  188  190  189  184  178  174  176  182
  192  205  219  235  253  272  289  304  317  327  336  342  346  348  349  351
  352  350  346  342  338  340  351  370  363                                   
    22.5-180.0 180.0   5.0 450.0                            LAT/LON1/LON2/DLON/H
  392  397  409  413  414  408  394  381  369  355  341  326  308  288  267  245
  225  207  194  190  194  204  218  228  231  228  220  210  199  188  178  170
  166  165  167  168  168  167  167  169  172  175  174  169  162  158  159  166
  178  193  211  231  252  275  296  314  328  340  350  357  363  366  369  371
  373  372  369  366  361  363  375  396  392                                   
    20.0-180.0 180.0   5.0 450.0                            LAT/LON1/LON2/DLON/H
  417  425  440  450  455  453  442  431  419  404  388  369  348  323  296  270
  245  225  210  203  206  216  227  234  234  228  216  203  189  176  162  152
  145  142  143  145  147  147  148  149  151  153  152  148  141  137  138  147
  162  182  204  228  254  281  305  325  341  353  364  373  380  385  389  393
  395  395  394  392  386  387  398  419  417                                   
    17.5-180.0 180.0   5.0 450.0                            LAT/LON1/LON2/DLON/H
  436  445  462  476  485  488  482  474  464  450  433  413  389  361  330  300
  272  249  231  222  221  228  235  238  233  221  206  190  174  159  144  131
  122  118  119  123  126  128  128  128  129  130  129  125  119  116  119  130
  149  172  199  227  257  287  313  335  352  365  377  388  397  404  410  415
  418  420  420  418  411  410  421  442  436                                   
    15.0-180.0 180.0   5.0 450.0                            LAT/LON1/LON2/DLON/H
  449  458  474  489  501  508  506  503  496  485  470  451  427  397  365  333
  303  277  256  243  238  239  241  237  227  210  191  172  156  140  125  112
  102   99  100  105  109  112  111  109  109  109  108  105  101   99  104  117
  138  165  195  227  259  291  319  342  360  374  388  401  414  423  431  437
  441  445  446  445  436  433  443  462  449                                   
    12.5-180.0 180.0   5.0 450.0                            LAT/LON1/LON2/DLON/H
  460  467  478  492  505  513  515  514  511  503  492  476  454  426  394  363
  334  307  283  264  253  247  242  232  215  193  171  153  137  124  110   98
   90   87   89   93   98   99   98   95   93   93   93   91   89   89   95  109
  132  160  192  225  259  291  320  345  365  381  397  413  429  441  450  457
  463  468  471  470  460  455  465  482  460                                   
    10.0-180.0 180.0   5.0 450.0                            LAT/LON1/LON2/DLON/H
  472  475  481  491  502  510  511  512  511  506  497  484  465  440  412  383
  356  330  305  282  264  251  238  221  199  173  151  134  122  111  101   92
   85   83   85   88   92   92   89   86   84   84   84   84   83   85   91  105
  128  156  188  221  255  288  318  344  366  385  404  423  441  455  465  473
  481  487  492  492  482  477  486  502  472                                   
     7.5-180.0 180.0   5.0 450.0                            LAT/LON1/LON2/DLON/H
  486  486  487  493  500  505  504  503  501  496  489  478  460  437  412  388
  365  341  316  291  268  249  229  207  180  153  133  119  112  106  100   94
