data/edconvlstm_nd/pred1400.15i
     1.0            IONOSPHERE MAPS     GNSS                IONEX VERSION / TYPE
pyspatialgeodesy        IME             05-JAN-18 20:20     PGM / RUN BY / DATE 
Map Name                                                    COMMENT             
Predicted global ionosphere maps (GIM).                     DESCRIPTION         
  2015     5    20     0     0     0                        EPOCH OF FIRST MAP  
  2015     5    21     0     0     0                        EPOCH OF LAST MAP   
  7200                                                      INTERVAL            
    13                                                      # OF MAPS IN FILE   
  NONE                                                      MAPPING FUNCTION    
10.0                                                        ELEVATION CUTOFF    
One-way carrier phase leveled to code                       OBSERVABLES USED    
  6371.0                                                    BASE RADIUS         
 2                                                          MAP DIMENSION       
   450.0 450.0   0.0                                        HGT1 / HGT2 / DHGT  
    87.5 -87.5  -2.5                                        LAT1 / LAT2 / DLAT  
  -180.0 180.0   5.0                                        LON1 / LON2 / DLON  
    -1                                                      EXPONENT            
                                                            END OF HEADER       
[from data line 2145]
     6                                                      START OF TEC MAP    
  2015     5    20    10     0     0                        EPOCH OF CURRENT MAP
    87.5-180.0 180.0   5.0 450.0                            LAT/LON1/LON2/DLON/H
  164  155  150  152  157  157  156  155  157  158  159  160  160  161  162  162
  163  163  164  164  165  165  165  165  166  166  166  166  167  167  167  168
  168  168  168  168  169  169  169  169  169  169  169  168  168  168  168  167
  167  166  166  165  164  163  162  161  159  158  157  155  154  153  151  150
  149  150  148  147  151  149  152  156  164                                   
    85.0-180.0 180.0   5.0 450.0                            LAT/LON1/LON2/DLON/H
  153  150  157  154  158  159  160  162  164  165  166  167  168  169  170  170
  171  172  172  173  173  173  174  174  174  175  175  176  176  176  177  177
  178  178  178  179  179  179  179  179  179  179  178  178  178  178  177  177
  176  175  174  173  172  170  169  167  166  164  162  160  158  157  155  153
  153  153  148  148  145  141  147  151  153                                   
    82.5-180.0 180.0   5.0 450.0                            LAT/LON1/LON2/DLON/H
  136  149  148  146  150  154  156  158  160  161  163  164  165  165  166  167
  167  168  168  168  169  169  169  170  170  171  172  173  174  176  177  178
  179  180  181  181  182  182  182  182  182  182  182  183  183  183  182  182
  182  181  180  179  177  176  174  171  169  166  164  161  158  155  152  149
  147  145  140  142  139  139  138  128  136                                   
    80.0-180.0 180.0   5.0 450.0                            LAT/LON1/LON2/DLON/H
  130  137  137  139  141  143  146  148  151  153  153  154  155  155  155  155
  155  156  156  156  156  156  157  157  158  159  161  163  165  167  169  171
  174  175  177  178  179  180  180  181  182  182  183  184  185  186  187  187
  188  188  187  186  185  183  181  179  176  173  170  166  162  158  154  150
  146  143  136  136  131  129  134  121  130                                   
    77.5-180.0 180.0   5.0 450.0                            LAT/LON1/LON2/DLON/H
  131  136  135  136  138  140  143  145  147  148  148  148  148  147  147  147
  146  146  146  146  146  147  147  148  149  151  153  156  159  163  167  171
  175  179  181  184  185  187  188  189  191  192  194  196  198  200  202  204
  205  206  207  206  205  204  202  200  197  194  190  186  181  176  171  165
  159  154  144  142  138  130  130  125  131                                   
    75.0-180.0 180.0   5.0 450.0                            LAT/LON1/LON2/DLON/H
  127  133  128  131  133  134  136  137  139  139  138  136  135  134  133  133
  133  133  134  134  135  135  136  136  138  139  142  146  151  157  163  169
  175  180  184  187  189  191  193  195  196  199  201  204  208  211  214  217
  219  221  222  222  222  221  219  217  214  212  208  204  200  195  189  183
  175  168  158  149  141  134  134  125  127                                   
    72.5-180.0 180.0   5.0 450.0                            LAT/LON1/LON2/DLON/H
  127  133  127  130  130  132  134  134  135  133  131  129  126  125  124  124
  124  126  127  128  129  130  131  132  133  135  138  143  150  157  166  174
  182  188  194  198  200  202  204  206  208  211  214  218  222  226  230  233
  236  238  238  238  238  236  234  232  230  228  225  222  219  214  209  203
  196  188  176  165  153  142  140  132  127                                   
    70.0-180.0 180.0   5.0 450.0                            LAT/LON1/LON2/DLON/H
  129  133  127  128  126  127  128  127  127  124  121  118  115  113  113  113
  115  118  120  123  125  126  127  128  129  130  134  140  148  157  168  178
  188  196  202  206  209  211  212  214  216  219  222  227  231  236  240  243
  244  245  245  244  242  239  237  235  233  231  229  228  226  224  220  216
  210  202  191  179  165  153  151  142  129                                   
    67.5-180.0 180.0   5.0 450.0                            LAT/LON1/LON2/DLON/H
  132  136  129  127  124  123  123  120  119  115  112  108  106  104  104  106
  109  113  117  121  124  126  127  127  128  129  133  139  148  159  171  184
  194  203  210  214  217  218  219  220  222  226  230  234  239  243  246  248
  248  247  245  242  238  234  231  228  226  225  224  225  225  224  223  221
  217  211  201  190  176  163  160  150  132                                   
    65.0-180.0 180.0   5.0 450.0                            LAT/LON1/LON2/DLON/H
  138  140  131  127  121  118  116  112  110  106  102   99   97   96   97  100
  104  109  114  119  123  126  127  128  128  129  133  140  150  162  176  189
  201  210  217  221  223  224  224  226  229  233  237  242  246  250  251  251
  249  246  241  235  230  224  220  216  215  214  215  216  218  220  220  220
  218  216  208  199  188  176  173  162  138                                   
    62.5-180.0 180.0   5.0 450.0                            LAT/LON1/LON2/DLON/H
  146  146  135  127  118  112  108  103  100   96   93   90   89   89   91   94
   99  104  110  115  120  124  126  126  127  129  133  140  151  164  178  192
  205  214  220  224  225  226  228  230  234  239  245  250  254  256  256  254
  249  243  237  229  222  216  210  207  205  205  206  208  211  213  215  217
  217  216  212  205  197  187  184  174  146                                   
    60.0-180.0 180.0   5.0 450.0                            LAT/LON1/LON2/DLON/H
  157  153  141  129  116  107  101   94   90   86   83   82   81   82   84   88
   92   97  102  108  113  117  120  121  123  126  131  139  150  164  179  193
  205  214  220  223  225  226  229  234  239  246  253  258  262  263  262  258
  252  244  236  228  220  213  208  204  202  202  204  206  208  210  212  214
  214  215  213  209  205  198  196  186  157                                   
    57.5-180.0 180.0   5.0 450.0                            LAT/LON1/LON2/DLON/H
  170  163  149  133  116  104   95   86   81   77   75   74   75   76   78   81
   84   88   93   97  102  107  111  114  118  122  128  137  148  163  178  192
  203  211  216  220  223  226  231  238  247  255  263  269  273  273  271  266
  259  251  243  235  227  221  216  212  210  210  210  211  213  213  214  215
  215  217  216  215  213  209  209  199  170                                   
    55.0-180.0 180.0   5.0 450.0                            LAT/LON1/LON2/DLON/H
  186  174  160  141  121  106   93   82   76   72   70   69   70   71   73   74
   77   79   82   86   91   96  101  106  112  118  125  135  147  162  176  190
  200  208  213  217  221  227  236  245  256  267  276  282  286  286  283  278
  272  264  257  250  243  237  232  229  226  225  225  224  224  223  222  222
  221  223  223  222  223  222  222  213  186                                   
    52.5-180.0 180.0   5.0 450.0                            LAT/LON1/LON2/DLON/H
  201  187  172  152  130  113   98   85   77   72   69   68   68   69   69   70
   70   72   74   77   81   87   93  101  108  116  125  136  148  162  176  189
  198  206  211  216  223  232  243  256  269  280  290  297  301  301  299  294
  288  282  276  269  263  258  253  249  246  244  242  241  240  237  235  233
  231  232  232  232  233  234  235  226  201                                   
    50.0-180.0 180.0   5.0 450.0                            LAT/LON1/LON2/DLON/H
  215  199  185  166  143  125  110   96   86   79   75   73   71   70   68   68
   68   68   70   72   76   82   90   99  108  117  128  139  152  166  179  191
  200  207  213  220  229  241  255  270  284  297  307  314  318  318  316  312
  307  302  296  290  284  278  272  267  263  260  258  256  254  251  248  246
  243  243  242  242  243  245  246  238  215                                   
    47.5-180.0 180.0   5.0 450.0                            LAT/LON1/LON2/DLON/H
  225  209  196  179  159  142  127  113  102   94   88   84   79   75   72   70
   70   71   72   74   78   84   92  102  112  123  134  146  159  172  185  196
  205  212  219  228  241  255  271  287  302  314  324  332  336  337  335  331
  326  321  315  308  301  293  285  278  272  268  265  263  261  259  257  255
  253  253  252  251  250  253  253  244  225                                   
    45.0-180.0 180.0   5.0 450.0                            LAT/LON1/LON2/DLON/H
  227  212  202  188  172  158  146  133  123  114  106   99   92   85   80   78
   77   79   80   82   86   91   99  108  119  131  143  155  168  181  193  204
  213  221  230  241  256  273  291  307  322  334  343  350  354  355  354  350
  345  338  331  322  311  300  289  279  271  266  262  260  259  259  259  259
  258  259  257  255  253  255  255  245  227                                   
    42.5-180.0 180.0   5.0 450.0                            LAT/LON1/LON2/DLON/H
  220  209  202  191  180  170  162  152  143  135  126  117  107   97   91   89
   89   91   93   95   97  101  108  117  128  140  153  165  178  191  204  215
  224  233  244  257  274  292  311  328  342  353  362  369  374  375  373  369
  362  355  345  333  319  304  289  276  266  260  255  253  253  254  255  257
  258  259  257  253  250  250  250  238  220                                   
    40.0-180.0 180.0   5.0 450.0                            LAT/LON1/LON2/DLON/H
  207  200  195  186  181  175  172  166  160  153  144  134  122  111  104  102
  103  106  109  110  110  112  117  125  136  148  161  174  188  202  215  227
  237  247  259  274  292  312  331  347  361  373  382  389  394  396  394  389
  383  374  363  349  333  314  296  281  269  260  254  251  250  250  252  254
  255  255  252  248  242  241  240  227  207                                   
    37.5-180.0 180.0   5.0 450.0                            LAT/LON1/LON2/DLON/H
  190  186  183  175  174  171  173  171  169  165  157  147  135  124  117  116
  118  121  123  123  122  122  124  131  141  153  167  181  196  210  225  238
  250  261  274  290  309  329  349  365  380  392  402  411  417  419  418  415
  409  401  391  378  361  342  322  304  289  278  270  264  260  258  258  258
  256  254  248  242  233  229  228  213  190                                   
    35.0-180.0 180.0   5.0 450.0                            LAT/LON1/LON2/DLON/H
  175  174  170  162  163  162  167  169  170  169  164  156  145  134  128  128
  130  133  134  132  129  127  128  134  143  155  170  185  201  218  233  247
  260  273  287  304  323  344  364  381  396  410  422  432  440  445  447  446
  443  440  434  425  411  394  374  355  339  325  312  302  293  286  280  274
  268  261  250  240  228  221  218  202  175                                   
    32.5-180.0 180.0   5.0 450.0                            LAT/LON1/LON2/DLON/H
  167  167  161  151  152  151  158  162  166  168  166  160  151  142  137  137
  139  141  140  136  132  129  129  134  143  156  171  188  206  224  240  255
  268  281  296  313  333  355  376  395  411  427  441  454  465  474  479  483
  487  491  493  492  485  472  456  439  421  405  389  372  356  340  326  311
  295  281  263  247  230  219  214  197  167                                   
    30.0-180.0 180.0   5.0 450.0                            LAT/LON1/LON2/DLON/H
  168  167  158  147  146  145  151  156  160  164  164  161  154  147  143  143
  144  144  141  136  131  128  128  133  142  156  173  191  210  228  245  260
  272  286  301  320  341  364  386  406  425  442  459  475  490  503  515  526
  539  552  565  574  576  571  561  546  530  512  492  469  445  418  392  365
  339  315  289  266  242  227  218  201  168                                   
    27.5-180.0 180.0   5.0 450.0                            LAT/LON1/LON2/DLON/H
  179  178  165  153  149  147  152  155  158  162  163  161  156  151  148  147
  146  143  138  133  128  126  127  133  143  158  175  195  214  232  247  261
  274  288  305  325  348  372  395  417  438  457  476  496  514  533  551  570
  592  616  639  658  670  673  668  657  641  622  599  571  539  504  468  430
  393  360  326  296  265  245  232  214  179                                   
    25.0-180.0 180.0   5.0 450.0                            LAT/LON1/LON2/DLON/H
  199  197  182  170  162  160  162  163  164  165  165  163  159  154  151  148
  145  140  134  128  125  125  129  136  147  162  180  199  217  233  247  261
  275  291  310  332  356  382  406  429  451  472  494  515  538  560  585  612
  642  674  705  732  750  757  755  744  728  707  682  651  615  575  534  489
  447  409  370  333  295  271  254  234  199                                   
    22.5-180.0 180.0   5.0 450.0                            LAT/LON1/LON2/DLON/H
  227  224  207  194  184  182  182  180  177  175  172  169  163  158  153  149
  144  137  129  124  123  126  132  142  154  169  186  202  218  233  247  262
  279  298  320  344  369  395  420  444  467  489  512  536  560  587  615  647
  682  718  753  783  802  809  805  791  773  751  724  693  658  619  578  533
  490  451  412  372  331  301  283  260  227                                   
    20.0-180.0 180.0   5.0 450.0                            LAT/LON1/LON2/DLON/H
  259  254  237  224  211  209  207  203  196  190  183  177  169  162  155  148
  141  133  125  121  122  128  137  149  162  176  191  205  219  233  249  268
  289  312  337  362  388  414  439  464  487  510  533  558  584  612  642  675
  711  747  780  807  824  827  818  801  779  754  728  699  667  632  595  554
  516  481  445  406  365  333  313  287  259                                   
    17.5-180.0 180.0   5.0 450.0                            LAT/LON1/LON2/DLON/H
  290  284  269  254  239  237  234  228  217  206  195  185  175  165  156  147
  138  129  122  119  122  130  142  155  169  182  194  206  220  237  258  281
  307  333  360  388  414  440  465  489  512  535  558  582  608  636  665  696
  729  760  788  809  819  817  803  781  756  730  704  679  651  622  591  557
  524  496  467  431  395  360  341  312  290                                   
    15.0-180.0 180.0   5.0 450.0                            LAT/LON1/LON2/DLON/H
  317  310  297  280  264  261  256  248  234  220  205  192  178  166  155  145
  136  127  120  118  122  131  143  158  171  184  195  208  225  246  272  300
  330  360  389  418  445  471  496  519  541  564  586  609  633  658  685  711
  737  761  781  794  797  789  770  746  720  694  671  648  626  602  577  548
  521  498  476  446  417  382  364  332  317                                   
    12.5-180.0 180.0   5.0 450.0                            LAT/LON1/LON2/DLON/H
  338  331  318  298  282  275  269  259  244  226  209  194  179  165  153  143
  134  126  120  117  121  129  141  155  169  182  195  212  233  260  290  323
  355  388  419  449  477  504  528  550  572  593  614  635  656  678  700  720
  738  753  765  770  766  754  733  710  685  663  642  622  603  582  559  533
  509  491  474  451  429  397  380  349  338                                   
    10.0-180.0 180.0   5.0 450.0                            LAT/LON1/LON2/DLON/H
  355  348  333  308  292  280  271  259  244  225  207  191  175  160  149  140
  132  125  120  116  118  124  134  147  162  178  196  219  245  276  309  344
  379  413  446  478  507  533  557  578  599  618  637  656  674  692  709  723
  734  743  748  748  741  727  707  686  666  646  627  608  588  567  543  517
  494  478  466  450  435  408  393  362  355                                   
     7.5-180.0 180.0   5.0 450.0                            LAT/LON1/LON2/DLON/H
  369  361  342  312  294  277  264  251  235  217  199  184  168  154  144  136
  131  125  119  115  113  116  124  137  154  175  200  228  257  290  325  361
