data/edconvlstm_nd/pred0110.15i
     1.0            IONOSPHERE MAPS     GNSS                IONEX VERSION / TYPE
pyspatialgeodesy        IME             05-JAN-18 20:20     PGM / RUN BY / DATE 
Map Name                                                    COMMENT             
Predicted global ionosphere maps (GIM).                     DESCRIPTION         
  2015     1    11     0     0     0                        EPOCH OF FIRST MAP  
  2015     1    12     0     0     0                        EPOCH OF LAST MAP   
  7200                                                      INTERVAL            
    13                                                      # OF MAPS IN FILE   
  NONE                                                      MAPPING FUNCTION    
10.0                                                        ELEVATION CUTOFF    
One-way carrier phase leveled to code                       OBSERVABLES USED    
  6371.0                                                    BASE RADIUS         
 2                                                          MAP DIMENSION       
   450.0 450.0   0.0                                        HGT1 / HGT2 / DHGT  
    87.5 -87.5  -2.5                                        LAT1 / LAT2 / DLAT  
  -180.0 180.0   5.0                                        LON1 / LON2 / DLON  
    -1                                                      EXPONENT            
                                                            END OF HEADER       
[from data line 3003]
     8                                                      START OF TEC MAP    
  2015     1    11    14     0     0                        EPOCH OF CURRENT MAP
    87.5-180.0 180.0   5.0 450.0                            LAT/LON1/LON2/DLON/H
   85   95   96  101  104  104  103  100  100  102  102  102  102  102  102  101
  101  101  100  100   99   99   98   97   96   95   94   93   92   91   90   89
   87   86   85   84   83   83   82   81   81   81   81   82   82   83   84   85
   87   88   90   91   93   94   95   96   97   98   99   99  100  100  100  100
  100  101   98   94   97   96  108  104   85                                   
    85.0-180.0 180.0   5.0 450.0                            LAT/LON1/LON2/DLON/H
   90   97  110   97   97  102  101  103  103  105  105  106  106  106  106  106
  106  106  106  106  105  105  104  104  103  102  101  100   99   97   95   94
   92   90   88   87   85   84   83   82   82   81   82   82   83   84   86   87
   89   91   93   96   98  100  101  103  104  105  105  106  106  106  106  106
  106  105  100   95   95   96  102  102   90                                   
    82.5-180.0 180.0   5.0 450.0                            LAT/LON1/LON2/DLON/H
   77   85   91   84   84   88   90   91   92   94   95   96   96   97   97   98
   98   98   98   98   98   98   98   98   97   97   96   94   93   91   89   86
   84   81   78   76   73   71   68   67   66   65   65   65   66   68   70   73
   76   79   82   86   89   92   94   96   98   99  100  100  100   99   98   98
   98   96   91   86   87   95   91   90   77                                   
    80.0-180.0 180.0   5.0 450.0                            LAT/LON1/LON2/DLON/H
   63   66   73   69   69   69   73   75   77   80   81   83   84   85   86   87
   88   88   89   90   91   92   93   93   94   94   94   93   91   90   87   84
   81   77   74   70   65   62   58   55   52   51   50   50   51   52   55   58
   62   67   71   75   80   83   86   89   90   91   92   91   90   89   87   85
   84   82   79   75   72   77   77   80   63                                   
    77.5-180.0 180.0   5.0 450.0                            LAT/LON1/LON2/DLON/H
   60   58   59   56   57   59   62   65   68   70   72   75   77   78   79   81
   82   83   85   87   89   91   94   96   98   99  100  100   99   97   95   92
   88   84   80   74   69   63   58   53   48   45   42   41   41   42   44   48
   52   57   63   68   73   77   81   83   84   85   84   83   82   79   77   74
   72   69   66   63   61   61   62   67   60                                   
    75.0-180.0 180.0   5.0 450.0                            LAT/LON1/LON2/DLON/H
   47   49   49   49   50   52   54   56   60   63   65   68   70   72   73   75
   76   78   81   84   88   93   98  103  107  110  112  114  114  113  111  109
  105  100   95   89   82   74   67   59   53   47   43   39   38   38   39   42
   46   51   56   62   67   71   74   76   77   77   76   75   73   70   68   65
   63   60   58   54   55   53   54   50   47                                   
    72.5-180.0 180.0   5.0 450.0                            LAT/LON1/LON2/DLON/H
   47   49   49   51   50   53   55   57   59   62   64   67   69   71   72   73
   75   77   81   86   92   99  107  114  120  125  129  132  133  133  132  130
  127  123  117  110  102   93   84   75   66   58   51   45   41   39   39   40
   43   47   52   57   61   64   67   69   70   70   69   68   66   64   63   61
   59   57   56   53   53   53   54   55   47                                   
    70.0-180.0 180.0   5.0 450.0                            LAT/LON1/LON2/DLON/H
   50   53   55   56   54   56   56   58   61   63   65   68   70   71   72   73
   74   77   82   89   98  108  119  128  137  144  149  153  155  156  156  155
  153  149  144  137  128  118  108   97   86   76   67   59   53   48   45   45
   45   47   50   53   56   59   61   62   63   63   63   62   62   62   61   61
   60   59   59   57   57   58   62   61   50                                   
    67.5-180.0 180.0   5.0 450.0                            LAT/LON1/LON2/DLON/H
   55   61   62   63   62   63   64   65   66   68   70   72   74   74   75   75
   76   79   85   94  106  118  131  144  154  162  169  173  176  178  179  179
  178  175  170  163  154  144  133  122  110   99   88   78   70   63   57   53
   51   51   51   52   54   55   56   56   57   58   58   59   60   62   63   64
   64   64   64   62   62   63   64   62   55                                   
    65.0-180.0 180.0   5.0 450.0                            LAT/LON1/LON2/DLON/H
   57   64   65   67   65   67   66   67   67   69   71   73   74   75   74   74
   75   79   87   98  112  127  143  157  169  178  185  190  194  197  199  200
  200  197  192  185  176  166  155  143  132  121  109   98   88   78   69   62
   57   53   51   49   49   48   48   49   49   51   53   55   58   60   63   65
   67   67   68   66   66   68   68   66   57                                   
    62.5-180.0 180.0   5.0 450.0                            LAT/LON1/LON2/DLON/H
   54   61   62   65   64   65   64   65   66   67   69   71   72   73   72   72
   74   78   87  101  117  135  152  167  180  190  197  203  208  213  216  218
  218  215  210  202  192  181  170  159  149  138  128  116  104   92   80   69
   61   54   49   46   43   42   41   41   42   44   47   51   54   58   61   64
   66   66   67   65   64   64   63   62   54                                   
    60.0-180.0 180.0   5.0 450.0                            LAT/LON1/LON2/DLON/H
   47   53   54   57   56   58   57   58   59   61   63   65   66   66   66   66
   69   75   86  101  120  139  158  175  188  198  206  213  220  226  230  233
  232  229  222  213  202  191  180  170  161  151  142  130  117  103   88   74
   63   53   46   41   38   35   34   35   36   39   42   46   49   53   56   59
   60   60   61   58   57   55   54   54   47                                   
    57.5-180.0 180.0   5.0 450.0                            LAT/LON1/LON2/DLON/H
   37   42   43   47   47   49   49   50   52   54   56   58   59   59   59   60
   64   73   86  103  124  146  165  182  196  207  216  225  233  240  245  248
  247  242  234  224  212  200  190  180  173  165  156  145  131  115   98   82
   68   57   48   42   38   35   33   34   35   38   41   44   47   50   52   54
   55   55   56   52   51   47   46   47   37                                   
    55.0-180.0 180.0   5.0 450.0                            LAT/LON1/LON2/DLON/H
   30   34   35   40   40   41   42   44   46   48   49   51   51   52   52   55
   61   72   88  108  130  153  174  191  205  216  227  237  246  254  259  261
  259  253  244  233  221  209  199  191  184  178  170  159  145  128  109   91
   75   63   54   47   42   39   37   37   38   41   43   45   47   48   50   51
   51   51   52   49   48   43   41   43   30                                   
    52.5-180.0 180.0   5.0 450.0                            LAT/LON1/LON2/DLON/H
   29   31   31   36   36   38   39   41   43   45   46   46   46   46   48   52
   61   74   92  115  139  162  183  201  215  228  239  250  259  267  271  271
  267  260  251  240  229  219  210  204  198  192  185  174  159  141  121  102
   86   74   64   57   52   48   46   45   46   47   49   49   49   49   50   51
   52   53   54   52   51   46   44   45   29                                   
    50.0-180.0 180.0   5.0 450.0                            LAT/LON1/LON2/DLON/H
   35   36   34   39   39   40   41   43   45   46   46   46   45   45   47   53
   64   80  101  125  150  174  195  213  228  241  252  263  271  276  277  275
  270  262  254  245  237  229  223  218  212  207  199  188  172  154  134  115
   99   87   78   71   66   61   58   57   56   57   56   55   54   53   53   54
   56   59   63   62   62   58   55   54   35                                   
    47.5-180.0 180.0   5.0 450.0                            LAT/LON1/LON2/DLON/H
   50   49   45   48   47   48   49   50   51   52   52   50   48   48   51   59
   72   90  113  138  163  187  208  226  242  255  265  273  278  279  276  271
  264  257  251  247  243  240  236  232  227  220  211  199  184  165  146  128
  113  102   93   86   79   74   69   67   66   65   64   62   60   58   59   61
   65   70   75   77   79   77   74   70   50                                   
    45.0-180.0 180.0   5.0 450.0                            LAT/LON1/LON2/DLON/H
   69   68   62   63   61   61   60   61   61   62   61   58   56   56   60   69
   84  104  128  153  178  202  222  241  256  268  277  281  280  275  267  259
  252  247  246  247  249  250  250  246  240  232  221  207  191  173  155  138
  124  114  105   97   89   82   76   73   72   71   69   67   65   64   65   69
   74   81   89   93   98   98   96   89   69                                   
    42.5-180.0 180.0   5.0 450.0                            LAT/LON1/LON2/DLON/H
   87   86   79   80   76   75   72   72   72   73   71   70   67   68   73   84
  101  122  145  169  193  215  236  254  269  280  285  284  277  266  254  244
  239  238  242  249  256  262  264  261  253  241  228  213  196  178  161  145
  132  121  111  102   92   83   76   73   72   71   71   69   68   68   70   75
   81   89   98  105  111  113  112  105   87                                   
    40.0-180.0 180.0   5.0 450.0                            LAT/LON1/LON2/DLON/H
   99   99   93   93   89   86   82   81   81   82   82   81   81   83   89  102
  119  140  162  184  206  228  249  267  281  290  291  285  273  257  244  235
  234  239  248  260  271  279  282  278  267  253  236  219  201  183  165  149
  136  124  112  100   88   78   70   67   66   67   68   69   69   70   73   78
   84   91  100  106  114  118  118  111   99                                   
    37.5-180.0 180.0   5.0 450.0                            LAT/LON1/LON2/DLON/H
  104  104   99  100   96   92   87   85   85   87   89   91   93   98  107  121
  138  158  178  198  218  239  259  277  290  297  296  287  272  256  245  242
  247  258  273  287  299  307  308  301  287  269  249  229  209  190  171  154
  139  125  111   97   82   70   62   59   59   62   65   67   69   71   74   78
   82   87   94   99  107  111  113  108  104                                   
    35.0-180.0 180.0   5.0 450.0                            LAT/LON1/LON2/DLON/H
  101  102   99  101   98   93   88   86   86   89   93   98  104  111  123  138
  156  174  192  210  229  249  268  285  298  304  302  293  281  270  266  272
  286  303  321  334  344  348  345  335  317  295  271  248  226  204  184  164
  147  130  114   97   81   68   59   55   57   61   65   69   72   74   76   78
   80   82   86   88   95   97  101   99  101                                   
    32.5-180.0 180.0   5.0 450.0                            LAT/LON1/LON2/DLON/H
   95   97   96   98   97   91   87   84   84   88   94  102  111  122  136  153
  171  188  204  221  239  258  276  292  305  311  312  307  301  300  308  326
  350  374  392  402  406  403  395  380  359  333  305  278  253  229  206  184
  164  145  127  109   91   77   68   63   64   68   73   77   81   83   83   84
   82   81   83   82   86   86   91   91   95                                   
    30.0-180.0 180.0   5.0 450.0                            LAT/LON1/LON2/DLON/H
   92   94   93   95   95   88   84   81   81   85   93  103  114  128  145  163
  182  199  215  231  248  267  284  299  311  320  326  329  335  347  370  402
  436  465  482  487  482  471  456  437  412  383  351  320  291  264  238  214
  193  173  155  136  119  104   93   87   86   88   92   96   98   99   99   97
   94   91   90   87   90   87   92   89   92                                   
    27.5-180.0 180.0   5.0 450.0                            LAT/LON1/LON2/DLON/H
   95   96   93   94   93   85   83   79   79   83   91  102  115  131  149  170
  190  208  225  241  259  276  293  307  320  332  345  360  379  407  446  491
  535  568  583  579  564  544  524  501  474  441  406  372  339  309  281  256
  234  216  198  181  164  149  136  128  123  122  123  124  126  125  124  121
  117  114  112  108  109  104  106   98   95                                   
    25.0-180.0 180.0   5.0 450.0                            LAT/LON1/LON2/DLON/H
  107  106   98   95   93   84   83   79   78   81   88   99  113  130  151  174
  196  217  235  253  271  288  302  316  329  346  368  395  430  474  527  584
  634  668  677  665  641  614  589  564  535  502  465  427  392  360  331  306
  287  271  256  241  226  210  195  183  173  167  163  162  161  159  157  154
  150  150  148  145  142  135  133  118  107                                   
    22.5-180.0 180.0   5.0 450.0                            LAT/LON1/LON2/DLON/H
  128  122  107  100   95   86   85   80   79   81   87   96  110  128  150  176
  202  225  246  266  285  301  314  327  342  364  394  433  482  538  601  663
  715  745  748  729  698  667  641  617  590  557  519  481  444  412  384  362
  346  334  323  311  297  280  262  245  230  218  210  205  201  198  195  193
  192  194  192  192  186  175  170  145  128                                   
    20.0-180.0 180.0   5.0 450.0                            LAT/LON1/LON2/DLON/H
  153  143  120  107   99   88   88   84   82   82   86   94  108  126  151  179
  209  236  260  282  301  317  329  341  358  384  422  471  528  590  654  714
  759  782  780  758  727  697  673  652  628  599  563  526  491  461  436  417
  405  398  391  381  366  348  327  305  285  268  255  247  241  237  235  234
  235  241  239  242  231  217  208  175  153                                   
    17.5-180.0 180.0   5.0 450.0                            LAT/LON1/LON2/DLON/H
  177  163  133  115  102   91   92   87   85   84   87   94  107  127  153  185
  219  250  277  300  320  335  346  358  377  407  451  505  564  624  681  730
  764  778  772  751  724  700  682  667  648  623  593  560  529  503  482  468
  459  454  448  438  422  400  375  350  327  307  292  282  276  272  271  271
  274  281  280  283  269  251  239  201  177                                   
    15.0-180.0 180.0   5.0 450.0                            LAT/LON1/LON2/DLON/H
  193  176  142  120  105   93   94   90   87   86   88   95  109  130  160  196
  233  268  297  322  341  356  367  379  400  433  480  533  588  638  681  714
  735  741  733  717  698  683  673  663  651  632  607  580  556  534  518  506
  499  494  486  472  452  427  400  374  350  330  315  306  300  297  297  297
  300  306  305  306  290  269  255  216  193                                   
    12.5-180.0 180.0   5.0 450.0                            LAT/LON1/LON2/DLON/H
  195  179  146  123  108   95   96   91   89   88   90   98  113  137  170  210
  251  288  320  344  364  378  390  404  426  461  506  555  599  636  662  679
  687  687  681  671  662  656  652  649  641  627  609  589  571  554  541  530
  521  512  499  479  455  427  400  376  354  336  322  313  308  306  306  306
  307  310  307  304  287  266  252  217  195                                   
    10.0-180.0 180.0   5.0 450.0                            LAT/LON1/LON2/DLON/H
  185  171  142  123  109   96   97   93   91   90   92  102  119  146  183  226
  270  310  342  367  387  402  415  431  454  488  528  568  601  623  635  638
  638  635  633  631  630  631  632  631  626  617  605  591  577  564  552  539
  525  509  488  463  434  406  382  361  343  328  315  307  302  300  300  298
  295  294  288  281  265  246  232  202  185                                   
     7.5-180.0 180.0   5.0 450.0                            LAT/LON1/LON2/DLON/H
  167  155  133  120  110   99  100   96   94   93   96  107  127  157  196  242
  289  330  363  389  408  424  439  457  481  512  545  575  597  608  610  606
