data/edconvlstm_nd/pred3470.15i
     1.0            IONOSPHERE MAPS     GNSS                IONEX VERSION / TYPE
pyspatialgeodesy        IME             05-JAN-18 20:20     PGM / RUN BY / DATE 
Map Name                                                    COMMENT             
Predicted global ionosphere maps (GIM).                     DESCRIPTION         
  2015    12    13     0     0     0                        EPOCH OF FIRST MAP  
  2015    12    14     0     0     0                        EPOCH OF LAST MAP   
  7200                                                      INTERVAL            
    13                                                      # OF MAPS IN FILE   
  NONE                                                      MAPPING FUNCTION    
10.0                                                        ELEVATION CUTOFF    
One-way carrier phase leveled to code                       OBSERVABLES USED    
  6371.0                                                    BASE RADIUS         
 2                                                          MAP DIMENSION       
   450.0 450.0   0.0                                        HGT1 / HGT2 / DHGT  
    87.5 -87.5  -2.5                                        LAT1 / LAT2 / DLAT  
  -180.0 180.0   5.0                                        LON1 / LON2 / DLON  
    -1                                                      EXPONENT            
                                                            END OF HEADER       
[from data line 2574]
     7                                                      START OF TEC MAP    
  2015    12    13    12     0     0                        EPOCH OF CURRENT MAP
    87.5-180.0 180.0   5.0 450.0                            LAT/LON1/LON2/DLON/H
   29   39   40   42   45   44   44   40   40   42   42   43   43   43   43   43
   43   42   42   42   42   41   41   40   40   40   39   39   38   38   37   36
   36   35   34   34   33   32   31   31   30   29   29   29   29   29   28   29
   29   29   29   29   30   30   30   31   31   31   31   32   32   32   32   33
   34   34   32   31   36   40   54   59   29                                   
    85.0-180.0 180.0   5.0 450.0                            LAT/LON1/LON2/DLON/H
   28   46   57   44   46   49   48   48   48   50   49   50   50   50   50   50
   50   50   50   50   50   50   50   50   50   49   49   49   48   48   47   47
   46   45   44   43   42   41   41   40   39   38   38   38   37   37   37   37
   37   38   38   39   39   40   40   40   41   41   42   42   42   43   43   43
   44   45   41   39   44   46   57   51   28                                   
    82.5-180.0 180.0   5.0 450.0                            LAT/LON1/LON2/DLON/H
   20   35   48   41   43   43   44   44   44   44   44   45   44   44   44   44
   44   44   44   44   44   44   44   44   44   44   44   44   44   44   43   43
   42   41   40   39   38   37   36   35   34   33   33   32   32   32   32   32
   33   33   34   34   35   35   36   36   37   37   38   38   38   39   39   39
   40   40   37   36   44   48   48   44   20                                   
    80.0-180.0 180.0   5.0 450.0                            LAT/LON1/LON2/DLON/H
   20   30   45   39   42   40   41   40   41   41   41   41   41   41   40   40
   40   41   41   41   41   41   41   41   41   41   41   42   42   42   42   42
   42   41   40   39   38   36   35   33   32   31   30   30   29   29   30   30
   31   32   32   33   34   35   35   36   37   37   38   38   38   38   38   38
   39   39   38   36   40   45   45   46   20                                   
    77.5-180.0 180.0   5.0 450.0                            LAT/LON1/LON2/DLON/H
   32   35   38   33   35   35   36   35   36   36   35   35   35   35   35   36
   36   36   37   37   37   36   36   36   36   36   37   38   38   39   40   40
   41   40   39   38   36   34   32   30   28   27   26   25   25   26   26   27
   28   30   31   32   33   34   35   35   36   36   36   37   36   36   35   35
   34   33   31   31   31   32   37   39   32                                   
    75.0-180.0 180.0   5.0 450.0                            LAT/LON1/LON2/DLON/H
   21   28   30   30   33   33   33   32   33   33   32   32   32   33   33   34
   35   36   36   37   37   36   36   35   35   35   36   37   38   40   41   42
   43   43   43   41   40   37   35   33   31   29   28   28   28   28   29   30
   31   32   33   34   35   36   37   37   38   38   38   38   38   37   37   36
   34   33   32   29   31   29   31   28   21                                   
    72.5-180.0 180.0   5.0 450.0                            LAT/LON1/LON2/DLON/H
   23   28   28   27   30   32   32   31   31   30   29   29   29   30   31   32
   34   35   36   36   36   36   35   34   33   33   34   35   37   40   42   45
   46   47   47   46   45   43   40   38   36   35   34   34   34   34   35   35
   36   36   36   36   37   37   37   37   37   37   38   38   38   37   37   36
   34   33   31   29   30   28   30   29   23                                   
    70.0-180.0 180.0   5.0 450.0                            LAT/LON1/LON2/DLON/H
   22   27   29   29   32   31   31   31   31   31   29   29   29   31   32   35
   37   39   41   42   41   40   39   38   37   36   37   39   41   45   48   51
   54   56   56   56   55   53   51   49   48   47   47   46   46   46   46   45
   44   43   42   40   39   38   37   36   36   37   37   38   39   39   39   39
   37   36   35   32   33   31   35   33   22                                   
    67.5-180.0 180.0   5.0 450.0                            LAT/LON1/LON2/DLON/H
   22   27   29   29   32   32   33   33   32   32   30   30   31   32   35   38
   41   44   46   47   46   45   43   41   40   39   40   42   45   49   53   57
   61   64   65   66   65   64   63   62   61   61   61   61   60   59   57   55
   52   49   45   42   38   36   34   32   32   32   33   35   36   37   38   39
   39   37   37   34   34   32   34   32   22                                   
    65.0-180.0 180.0   5.0 450.0                            LAT/LON1/LON2/DLON/H
   22   28   29   30   32   33   34   34   34   33   32   32   33   35   38   41
   45   48   50   52   51   50   48   45   44   44   45   47   51   55   60   65
   70   73   75   77   77   76   76   76   76   76   77   77   76   74   70   65
   60   54   48   42   37   33   30   28   27   27   29   31   33   35   37   39
   39   39   40   37   38   37   38   37   22                                   
    62.5-180.0 180.0   5.0 450.0                            LAT/LON1/LON2/DLON/H
   23   29   29   30   32   33   34   34   34   34   33   33   34   36   39   43
   47   50   52   53   53   52   50   48   47   47   49   52   57   62   68   74
   79   83   86   87   88   88   88   89   89   90   91   91   90   86   81   74
   66   57   49   42   35   29   25   23   22   23   24   26   29   31   33   36
   38   39   40   39   40   39   41   40   23                                   
    60.0-180.0 180.0   5.0 450.0                            LAT/LON1/LON2/DLON/H
   26   30   29   30   31   31   32   32   32   32   31   32   33   35   38   42
   45   47   49   50   50   49   48   47   47   49   52   56   62   68   75   81
   87   91   95   96   97   97   98   98  100  101  103  103  101   96   89   80
   69   59   49   41   33   27   23   20   19   19   20   22   24   26   28   31
   33   35   38   38   41   41   42   41   26                                   
    57.5-180.0 180.0   5.0 450.0                            LAT/LON1/LON2/DLON/H
   29   32   31   31   31   31   32   32   32   32   31   32   33   35   37   40
   42   43   44   44   44   44   45   46   48   52   57   63   70   77   85   92
   98  102  106  108  108  108  108  109  110  112  114  114  112  107   98   88
   76   65   55   46   39   33   28   25   23   22   23   23   24   26   27   29
   31   34   38   39   43   44   46   45   29                                   
    55.0-180.0 180.0   5.0 450.0                            LAT/LON1/LON2/DLON/H
   35   37   35   35   34   33   33   33   33   32   31   32   32   34   35   37
   38   38   38   38   38   40   42   46   50   56   62   70   78   87   95  103
  109  114  117  119  119  118  118  118  120  122  124  125  123  117  108   97
   85   74   64   56   49   44   39   35   33   31   30   30   29   29   29   30
   32   34   39   41   47   48   50   49   35                                   
    52.5-180.0 180.0   5.0 450.0                            LAT/LON1/LON2/DLON/H
   42   44   42   41   39   39   37   36   35   34   33   33   33   34   35   35
   34   33   32   32   33   36   41   47   53   61   70   78   88   97  106  114
  120  125  129  130  130  129  128  128  130  132  134  135  133  128  119  108
   96   86   77   70   64   59   54   51   48   45   43   41   39   37   36   36
   36   38   43   46   52   54   56   54   42                                   
    50.0-180.0 180.0   5.0 450.0                            LAT/LON1/LON2/DLON/H
   51   53   51   51   48   48   45   43   41   39   37   36   36   36   36   35
   33   31   29   29   31   36   42   50   59   68   78   88   98  107  116  124
  131  136  139  141  141  141  140  140  140  143  145  146  144  138  130  119
  109   99   92   85   80   75   70   66   63   60   58   55   52   49   46   45
   45   47   51   53   59   61   63   61   51                                   
    47.5-180.0 180.0   5.0 450.0                            LAT/LON1/LON2/DLON/H
   61   63   62   63   60   60   56   53   49   46   43   42   41   40   39   37
   35   32   30   30   33   39   47   57   67   78   88   98  108  117  126  133
  139  144  148  151  152  153  152  152  153  154  156  156  154  148  140  130
  120  112  104   98   92   87   81   77   74   71   69   66   64   61   59   57
   57   58   61   62   67   70   71   68   61                                   
    45.0-180.0 180.0   5.0 450.0                            LAT/LON1/LON2/DLON/H
   68   72   72   74   72   73   68   65   60   56   53   50   48   47   45   43
   40   37   35   35   39   46   56   67   78   89   99  108  117  125  133  140
  145  150  155  159  163  165  166  166  166  166  167  166  163  157  149  139
  130  121  114  107   99   92   86   80   77   75   73   72   71   70   69   69
   69   70   72   72   74   77   78   75   68                                   
    42.5-180.0 180.0   5.0 450.0                            LAT/LON1/LON2/DLON/H
   72   78   78   82   81   83   79   76   71   68   64   61   58   57   55   52
   49   47   45   46   51   58   69   80   91  101  110  118  125  132  138  144
  149  154  160  166  172  177  180  181  180  179  178  175  171  165  156  147
  138  129  120  111  101   92   83   77   73   71   71   71   72   73   76   78
   80   80   81   79   80   81   81   79   72                                   
    40.0-180.0 180.0   5.0 450.0                            LAT/LON1/LON2/DLON/H
   70   77   78   84   84   87   84   83   81   79   75   73   70   68   66   64
   62   59   59   61   66   74   84   95  104  113  121  127  132  137  142  147
  152  158  165  174  183  190  195  197  195  193  189  184  179  172  163  154
  144  135  125  114  102   89   79   71   66   64   64   66   68   72   77   82
   85   86   86   83   81   81   80   79   70                                   
    37.5-180.0 180.0   5.0 450.0                            LAT/LON1/LON2/DLON/H
   64   72   73   79   80   84   84   86   86   86   85   83   80   78   77   75
   74   73   74   76   82   90  100  109  118  125  131  136  140  143  147  151
  156  163  173  184  195  205  212  213  211  207  201  194  188  180  172  163
  154  144  134  121  107   92   79   69   63   60   60   60   63   68   74   81
   86   87   87   82   79   77   74   74   64                                   
    35.0-180.0 180.0   5.0 450.0                            LAT/LON1/LON2/DLON/H
   56   64   65   69   71   76   78   82   86   89   90   90   88   87   86   85
   85   86   88   91   98  105  114  122  130  136  142  146  149  151  154  158
  164  173  185  198  212  223  230  232  229  223  216  208  200  193  186  179
  171  162  152  139  123  107   92   80   72   67   64   62   62   66   72   79
   84   85   84   79   75   70   66   68   56                                   
    32.5-180.0 180.0   5.0 450.0                            LAT/LON1/LON2/DLON/H
   48   56   56   59   60   64   69   75   82   88   92   93   93   92   92   92
   94   95   99  104  111  119  127  134  141  148  154  158  160  162  165  171
  179  190  203  218  233  245  252  253  249  242  234  227  220  214  208  203
  198  191  183  171  156  139  123  108   98   90   82   76   71   71   74   79
   82   83   82   76   71   65   60   62   48                                   
    30.0-180.0 180.0   5.0 450.0                            LAT/LON1/LON2/DLON/H
   43   51   50   51   50   54   58   65   73   82   88   92   93   94   95   96
   98  102  106  112  121  129  137  145  153  160  167  171  174  177  182  189
  199  213  228  244  259  271  277  277  273  266  259  252  247  244  241  238
  236  233  228  219  206  189  171  155  142  130  118  105   94   87   85   86
   86   84   82   76   72   64   59   60   43                                   
    27.5-180.0 180.0   5.0 450.0                            LAT/LON1/LON2/DLON/H
   44   50   48   46   45   47   50   55   64   73   81   87   90   92   94   96
  100  104  110  118  127  137  147  156  164  173  180  186  191  196  202  212
  226  242  259  276  290  301  305  305  300  294  289  285  283  282  283  283
  284  285  283  278  267  250  232  214  198  183  167  149  131  116  106  101
   96   92   89   81   78   70   65   64   44                                   
    25.0-180.0 180.0   5.0 450.0                            LAT/LON1/LON2/DLON/H
   50   55   51   47   45   45   47   49   56   63   72   78   82   86   89   93
   98  103  111  120  132  144  156  166  176  186  195  203  210  217  227  241
  258  276  295  312  325  334  337  336  332  328  326  325  326  329  332  336
  339  343  344  342  332  316  296  276  258  240  221  199  176  154  137  125
  115  107  102   93   91   82   76   72   50                                   
    22.5-180.0 180.0   5.0 450.0                            LAT/LON1/LON2/DLON/H
   62   65   60   54   50   49   48   48   51   57   63   69   74   78   83   88
   94  100  109  121  135  150  165  177  188  199  210  220  230  241  254  272
  292  313  332  349  360  367  369  368  366  365  366  370  374  380  386  391
  397  402  405  403  394  376  353  330  309  290  270  246  220  194  172  154
  139  129  120  111  108   99   91   85   62                                   
    20.0-180.0 180.0   5.0 450.0                            LAT/LON1/LON2/DLON/H
   78   80   74   67   62   58   55   51   51   54   57   62   66   71   76   82
   88   96  106  121  139  157  174  188  200  213  225  238  252  266  283  303
  325  347  366  382  392  398  400  400  401  403  408  415  423  430  437  443
  449  454  456  453  441  419  391  364  340  320  301  280  254  228  204  183
  165  153  140  131  128  117  108  100   78                                   
    17.5-180.0 180.0   5.0 450.0                            LAT/LON1/LON2/DLON/H
   95   98   91   84   78   73   68   60   56   55   56   59   61   65   70   77
   84   93  106  123  144  166  186  201  215  228  243  258  274  291  310  331
  353  375  393  407  417  423  426  429  433  439  447  456  466  474  480  485
  489  491  490  482  464  437  405  372  346  326  310  293  272  249  227  207
  188  175  160  152  146  134  123  114   95                                   
    15.0-180.0 180.0   5.0 450.0                            LAT/LON1/LON2/DLON/H
  110  112  107  102   96   89   83   73   65   61   59   59   60   63   68   75
   83   94  108  128  152  177  199  217  231  246  261  278  296  314  334  354
  374  393  410  423  434  441  447  453  459  468  479  489  498  505  510  513
  513  510  504  490  467  435  397  361  332  312  299  287  273  256  239  223
  206  193  177  168  161  147  135  126  110                                   
    12.5-180.0 180.0   5.0 450.0                            LAT/LON1/LON2/DLON/H
  119  122  118  115  110  103   98   87   77   70   65   63   63   65   69   76
   86   98  115  137  164  191  215  234  250  266  282  299  317  335  353  370
  387  404  418  432  443  453  462  471  480  491  501  511  518  523  525  525
  522  515  502  483  456  420  379  340  309  288  277  269  261  252  241  230
  216  205  190  180  170  155  142  133  119                                   
    10.0-180.0 180.0   5.0 450.0                            LAT/LON1/LON2/DLON/H
  125  127  123  121  118  112  109   98   88   79   73   70   68   69   73   81
   92  106  125  150  179  208  233  254  271  287  303  320  337  353  368  382
  395  408  422  435  448  461  473  485  496  507  516  523  527  530  529  527
  520  509  493  471  441  405  363  323  290  268  256  250  246  242  237  230
  221  211  197  186  175  158  145  136  125                                   
     7.5-180.0 180.0   5.0 450.0                            LAT/LON1/LON2/DLON/H
  128  127  122  120  120  115  114  106   97   88   82   78   75   75   79   87
   99  116  137  164  195  225  252  274  292  309  325  340  355  368  380  390
