data/edconvlstm_nd/pred3410.15i
     1.0            IONOSPHERE MAPS     GNSS                IONEX VERSION / TYPE
pyspatialgeodesy        IME             05-JAN-18 20:20     PGM / RUN BY / DATE 
Map Name                                                    COMMENT             
Predicted global ionosphere maps (GIM).                     DESCRIPTION         
  2015    12     7     0     0     0                        EPOCH OF FIRST MAP  
  2015    12     8     0     0     0                        EPOCH OF LAST MAP   
  7200                                                      INTERVAL            
    13                                                      # OF MAPS IN FILE   
  NONE                                                      MAPPING FUNCTION    
10.0                                                        ELEVATION CUTOFF    
One-way carrier phase leveled to code                       OBSERVABLES USED    
  6371.0                                                    BASE RADIUS         
 2                                                          MAP DIMENSION       
   450.0 450.0   0.0                                        HGT1 / HGT2 / DHGT  
    87.5 -87.5  -2.5                                        LAT1 / LAT2 / DLAT  
  -180.0 180.0   5.0                                        LON1 / LON2 / DLON  
    -1                                                      EXPONENT            
                                                            END OF HEADER       
[from data line 2145]
     6                                                      START OF TEC MAP    
  2015    12     7    10     0     0                        EPOCH OF CURRENT MAP
    87.5-180.0 180.0   5.0 450.0                            LAT/LON1/LON2/DLON/H
   31   42   40   42   43   42   42   37   37   39   38   38   38   38   38   37
   37   37   37   36   36   36   36   36   37   37   37   37   37   37   38   37
   37   37   37   37   36   36   35   35   34   34   34   34   34   34   34   34
   34   34   35   35   35   36   36   36   36   36   37   37   37   36   36   37
   38   38   36   35   40   46   59   61   31                                   
    85.0-180.0 180.0   5.0 450.0                            LAT/LON1/LON2/DLON/H
   29   51   58   47   48   50   49   49   48   50   48   49   48   48   48   48
   48   48   48   48   48   49   49   50   50   51   51   52   52   52   52   52
   52   52   52   51   51   50   49   48   48   47   46   46   45   45   45   45
   45   45   46   46   46   47   47   48   48   48   49   49   49   49   49   49
   50   50   46   45   49   52   64   60   29                                   
    82.5-180.0 180.0   5.0 450.0                            LAT/LON1/LON2/DLON/H
   28   41   55   47   48   48   48   47   47   47   46   47   46   45   44   44
   43   43   43   43   44   44   45   46   47   47   48   49   50   51   52   52
   52   52   52   52   51   50   49   48   47   46   45   44   44   44   43   43
   44   44   44   45   45   46   47   47   48   48   48   48   48   48   48   48
   48   48   45   43   51   53   54   52   28                                   
    80.0-180.0 180.0   5.0 450.0                            LAT/LON1/LON2/DLON/H
   31   39   54   47   51   48   48   47   48   48   46   46   45   44   42   42
   41   41   40   41   41   42   43   44   45   47   48   50   51   53   54   56
   56   57   57   56   55   54   52   51   49   47   46   45   44   44   44   44
   45   45   46   47   48   48   49   50   50   51   51   51   51   50   50   49
   49   48   47   45   49   53   55   54   31                                   
    77.5-180.0 180.0   5.0 450.0                            LAT/LON1/LON2/DLON/H
   39   43   47   42   44   44   45   45   46   45   43   43   41   39   38   37
   36   36   35   36   36   37   38   39   40   42   43   45   48   50   52   53
   55   55   56   55   54   52   50   47   45   43   42   41   40   40   41   42
   43   44   46   47   48   49   50   51   51   51   51   51   50   50   48   47
   46   44   41   40   39   38   43   45   39                                   
    75.0-180.0 180.0   5.0 450.0                            LAT/LON1/LON2/DLON/H
   27   36   38   36   40   41   42   42   43   43   41   40   38   37   36   35
   35   35   35   35   36   36   37   38   39   41   42   44   46   48   51   53
   54   55   55   55   54   52   49   47   45   43   42   41   42   42   44   46
   47   49   51   52   53   54   54   54   54   54   54   53   52   51   49   48
   45   43   40   36   37   33   37   35   27                                   
    72.5-180.0 180.0   5.0 450.0                            LAT/LON1/LON2/DLON/H
   25   32   34   31   35   39   40   40   41   41   38   38   36   35   35   34
   34   34   35   35   36   36   37   37   38   39   40   42   43   45   48   50
   52   53   54   54   53   51   50   48   46   45   45   45   46   48   51   53
   56   57   59   59   59   59   58   57   56   55   54   54   53   52   50   49
   46   43   41   37   36   32   34   34   25                                   
    70.0-180.0 180.0   5.0 450.0                            LAT/LON1/LON2/DLON/H
   24   29   33   31   35   37   37   38   39   39   38   37   36   36   36   36
   37   38   39   39   40   41   41   41   41   41   41   41   42   44   46   48
   50   52   53   54   54   53   52   51   51   51   52   54   57   60   63   66
   68   70   70   69   67   65   62   59   57   56   54   54   54   53   52   51
   49   46   44   39   38   34   38   37   24                                   
    67.5-180.0 180.0   5.0 450.0                            LAT/LON1/LON2/DLON/H
   23   29   32   31   33   35   36   37   37   37   36   37   36   37   37   38
   39   40   41   42   43   43   43   42   41   40   39   39   39   40   41   43
   46   48   51   52   53   54   55   56   57   59   62   65   69   73   76   79
   81   81   79   76   72   67   62   58   54   52   51   50   51   51   51   52
   50   48   47   41   40   35   38   37   23                                   
    65.0-180.0 180.0   5.0 450.0                            LAT/LON1/LON2/DLON/H
   27   31   34   33   34   36   36   37   37   38   37   37   38   39   40   41
   42   43   44   45   46   46   45   44   43   41   39   37   37   37   39   41
   44   48   51   54   57   59   61   64   67   71   76   80   85   89   93   94
   95   93   89   83   76   69   62   56   52   49   47   47   48   50   51   52
   52   51   51   46   45   41   43   42   27                                   
    62.5-180.0 180.0   5.0 450.0                            LAT/LON1/LON2/DLON/H
   32   36   37   36   37   38   38   38   38   38   37   38   38   40   41   43
   44   45   45   45   46   46   45   44   42   40   38   36   35   36   38   41
   45   50   54   59   63   67   71   75   80   86   92   97  102  106  108  108
  106  103   96   89   80   71   62   55   49   46   44   44   45   46   48   50
   52   52   53   49   49   46   47   47   32                                   
    60.0-180.0 180.0   5.0 450.0                            LAT/LON1/LON2/DLON/H
   38   41   42   40   39   39   38   37   37   36   35   36   37   39   40   41
   42   42   42   41   41   41   40   39   38   36   34   33   33   34   37   41
   47   53   60   66   71   76   82   87   94  100  106  111  115  118  119  117
  114  108  101   91   81   71   62   54   48   44   41   41   41   42   43   45
   47   48   51   49   51   48   50   49   38                                   
    57.5-180.0 180.0   5.0 450.0                            LAT/LON1/LON2/DLON/H
   43   46   47   44   43   43   41   39   38   37   35   36   37   38   40   40
   40   39   38   37   36   36   35   35   34   33   32   32   33   35   40   46
   54   62   70   77   84   91   97  103  110  117  122  127  129  130  129  126
  121  115  107   98   88   77   68   60   54   49   46   43   42   41   41   42
   43   44   48   48   51   50   52   51   43                                   
    55.0-180.0 180.0   5.0 450.0                            LAT/LON1/LON2/DLON/H
   48   51   52   49   47   47   45   42   40   38   36   37   37   38   39   39
   38   36   34   32   31   31   31   31   31   30   30   31   34   38   45   54
   64   74   83   92  100  107  114  121  127  133  137  140  141  140  137  133
  128  122  115  106   98   89   80   73   66   61   56   52   48   44   41   39
   39   40   44   46   50   50   52   52   48                                   
    52.5-180.0 180.0   5.0 450.0                            LAT/LON1/LON2/DLON/H
   52   55   56   54   52   53   50   47   44   42   39   38   38   39   39   39
   37   35   32   30   29   28   28   29   29   30   31   33   37   43   52   63
   76   88   99  109  118  126  132  138  144  148  151  152  151  148  145  140
  135  130  125  119  112  104   97   90   83   77   71   65   58   51   45   41
   38   38   42   44   50   50   53   53   52                                   
    50.0-180.0 180.0   5.0 450.0                            LAT/LON1/LON2/DLON/H
   54   58   60   59   58   60   57   54   50   47   43   42   40   41   41   40
   38   36   33   31   29   29   29   29   30   31   33   37   42   50   61   74
   88  103  116  127  136  143  149  154  158  161  162  161  159  155  151  147
  143  140  137  133  128  122  115  108  101   94   87   79   70   61   52   46
   41   39   42   44   50   51   54   55   54                                   
    47.5-180.0 180.0   5.0 450.0                            LAT/LON1/LON2/DLON/H
   56   61   63   64   63   66   64   62   58   54   49   47   45   45   44   44
   43   40   38   36   35   34   33   33   34   35   38   42   49   58   70   84
  100  116  130  143  152  159  165  169  171  172  171  169  166  161  157  154
  151  150  149  146  142  137  130  122  115  107   99   91   82   72   62   54
   48   45   46   47   52   54   57   58   56                                   
    45.0-180.0 180.0   5.0 450.0                            LAT/LON1/LON2/DLON/H
   56   62   64   67   67   73   72   70   67   63   58   55   52   51   51   51
   51   50   48   47   46   44   42   41   41   43   46   51   58   67   79   94
  111  127  142  155  165  173  178  181  182  181  178  175  171  167  163  161
  159  159  158  157  153  147  139  130  121  113  105   97   89   80   72   64
   58   54   53   52   57   59   62   64   56                                   
    42.5-180.0 180.0   5.0 450.0                            LAT/LON1/LON2/DLON/H
   56   62   65   69   69   77   77   77   75   73   68   65   62   61   61   62
   63   63   63   63   61   59   55   52   51   52   56   61   68   77   88  102
  119  135  151  165  176  184  188  190  190  188  184  180  175  172  169  167
  166  166  165  163  158  151  141  130  120  111  103   97   91   85   80   74
   69   64   63   61   63   65   67   70   56                                   
    40.0-180.0 180.0   5.0 450.0                            LAT/LON1/LON2/DLON/H
   55   62   64   69   70   78   80   82   82   81   77   75   73   73   73   75
   77   79   81   82   80   76   70   65   62   63   67   73   79   87   97  110
  125  142  158  172  184  192  197  199  197  194  189  184  180  176  174  173
  172  171  170  166  161  152  140  128  116  106   98   93   90   87   85   82
   78   75   73   69   70   70   72   74   55                                   
    37.5-180.0 180.0   5.0 450.0                            LAT/LON1/LON2/DLON/H
   55   60   61   66   68   75   79   84   86   87   85   85   84   84   85   88
   91   95   98  100   97   91   83   76   73   74   78   85   91   98  107  118
  132  148  164  179  191  200  205  206  204  199  194  189  185  182  181  179
  178  176  174  170  163  154  142  129  115  104   96   91   89   88   87   87
   85   82   80   76   75   74   74   77   55                                   
    35.0-180.0 180.0   5.0 450.0                            LAT/LON1/LON2/DLON/H
   54   58   58   62   63   70   75   81   86   90   91   92   92   94   96   99
  104  108  113  114  110  102   92   84   80   82   89   96  103  110  117  127
  140  155  171  187  200  209  214  215  212  207  201  196  192  190  190  189
  187  185  182  178  173  165  154  140  126  113  104   97   93   91   91   91
   89   86   84   80   78   76   75   77   54                                   
    32.5-180.0 180.0   5.0 450.0                            LAT/LON1/LON2/DLON/H
   55   57   55   58   58   62   67   74   82   88   92   96   98  101  104  108
  112  117  122  122  118  109   98   89   86   89   97  107  115  122  129  138
  149  164  180  196  210  220  225  226  223  217  211  206  204  203  204  204
  203  200  198  196  193  189  180  168  154  139  126  116  108  103   99   96
   93   88   86   82   80   76   74   75   55                                   
    30.0-180.0 180.0   5.0 450.0                            LAT/LON1/LON2/DLON/H
   58   58   54   54   53   55   59   65   74   81   88   95  100  104  108  112
  116  121  125  125  120  110   99   90   88   93  104  115  125  133  140  149
  161  176  193  209  223  234  240  241  238  233  227  223  222  223  225  227
  226  225  225  226  227  227  222  213  199  183  167  151  137  125  115  107
   99   91   89   84   82   77   74   74   58                                   
    27.5-180.0 180.0   5.0 450.0                            LAT/LON1/LON2/DLON/H
   63   60   55   54   51   51   53   57   65   73   81   89   96  102  107  111
  115  119  122  121  116  107   97   90   89   96  108  121  133  143  151  162
  175  190  207  224  239  251  258  260  258  254  249  246  247  251  255  258
  259  260  262  266  273  277  277  270  257  240  220  199  178  158  140  124
  110   99   94   88   86   79   78   75   63                                   
    25.0-180.0 180.0   5.0 450.0                            LAT/LON1/LON2/DLON/H
   71   66   60   57   53   51   50   52   58   64   72   80   89   96  102  106
  109  112  113  112  107  100   93   88   90   97  110  124  138  150  161  174
  189  206  224  242  258  271  280  284  283  280  277  277  280  285  292  297
  301  303  308  316  327  336  339  334  321  303  280  255  227  199  173  150
  129  113  105   96   93   86   85   80   71                                   
    22.5-180.0 180.0   5.0 450.0                            LAT/LON1/LON2/DLON/H
   83   76   69   65   60   56   53   52   54   59   64   72   80   87   93   97
  100  102  102  100   96   92   89   87   90   98  110  125  141  156  171  186
  204  223  242  262  279  293  304  310  311  311  310  312  317  326  335  342
  348  353  360  371  384  396  401  396  383  363  338  310  277  244  211  182
  155  135  122  110  107   98   97   90   83                                   
    20.0-180.0 180.0   5.0 450.0                            LAT/LON1/LON2/DLON/H
   98   91   84   78   73   67   61   57   57   59   62   67   73   80   85   89
   91   91   90   88   87   86   86   87   91   98  110  126  144  162  180  199
  219  240  261  281  300  316  329  337  341  343  345  349  357  368  379  389
  396  403  411  423  437  448  452  446  432  411  385  356  322  285  249  216
  186  162  146  131  125  116  113  105   98                                   
    17.5-180.0 180.0   5.0 450.0                            LAT/LON1/LON2/DLON/H
  116  109  103   95   89   82   75   69   66   65   65   68   72   76   80   83
   84   84   82   80   80   82   85   88   93  100  112  128  148  168  189  211
  233  256  278  299  318  336  351  361  368  373  378  385  396  408  421  431
  439  446  453  462  473  481  481  472  456  436  413  385  353  317  281  248
  217  192  172  155  147  136  132  123  116                                   
    15.0-180.0 180.0   5.0 450.0                            LAT/LON1/LON2/DLON/H
  134  127  122  113  106   98   91   84   80   77   75   75   76   79   81   82
   82   81   79   77   78   81   86   91   97  105  117  133  154  177  200  224
  247  270  292  313  333  352  369  382  391  399  407  416  428  441  453  463
  470  473  477  481  486  489  484  472  455  437  417  395  367  335  302  272
  243  219  198  180  169  155  149  141  134                                   
    12.5-180.0 180.0   5.0 450.0                            LAT/LON1/LON2/DLON/H
  147  141  139  128  122  113  107  101   96   92   89   87   87   87   87   87
   86   84   82   80   80   84   90   97  103  112  124  142  164  188  212  236
  260  283  304  325  344  364  381  396  408  418  428  438  450  462  473  480
  484  484  483  482  481  477  468  453  437  421  405  388  366  339  312  285
  260  239  218  200  187  171  162  156  147                                   
    10.0-180.0 180.0   5.0 450.0                            LAT/LON1/LON2/DLON/H
  154  149  148  138  131  124  120  116  112  109  105  103  101   99   98   97
   95   93   90   88   88   91   97  104  112  122  135  154  177  201  225  249
  271  293  313  332  351  370  388  404  417  429  440  451  461  471  479  483
  484  482  477  472  467  459  446  430  414  399  387  373  355  334  311  289
  268  251  232  214  199  180  170  165  154                                   
     7.5-180.0 180.0   5.0 450.0                            LAT/LON1/LON2/DLON/H
  155  151  149  139  134  128  127  125  124  122  120  118  116  113  111  109
  107  106  103  100  100  102  107  114  122  133  148  168  191  215  238  260
