data/edconvlstm_nd/pred3590.15i
     1.0            IONOSPHERE MAPS     GNSS                IONEX VERSION / TYPE
pyspatialgeodesy        IME             05-JAN-18 20:20     PGM / RUN BY / DATE 
Map Name                                                    COMMENT             
Predicted global ionosphere maps (GIM).                     DESCRIPTION         
  2015    12    25     0     0     0                        EPOCH OF FIRST MAP  
  2015    12    26     0     0     0                        EPOCH OF LAST MAP   
  7200                                                      INTERVAL            
    13                                                      # OF MAPS IN FILE   
  NONE                                                      MAPPING FUNCTION    
10.0                                                        ELEVATION CUTOFF    
One-way carrier phase leveled to code                       OBSERVABLES USED    
  6371.0                                                    BASE RADIUS         
 2                                                          MAP DIMENSION       
   450.0 450.0   0.0                                        HGT1 / HGT2 / DHGT  
    87.5 -87.5  -2.5                                        LAT1 / LAT2 / DLAT  
  -180.0 180.0   5.0                                        LON1 / LON2 / DLON  
    -1                                                      EXPONENT            
                                                            END OF HEADER       
[from data line 1287]
     4                                                      START OF TEC MAP    
  2015    12    25     6     0     0                        EPOCH OF CURRENT MAP
    87.5-180.0 180.0   5.0 450.0                            LAT/LON1/LON2/DLON/H
   32   43   39   41   40   41   40   35   35   36   35   35   35   34   33   33
   32   31   31   30   30   29   29   29   29   29   29   29   29   29   29   29
   29   29   29   29   29   29   29   29   29   29   29   29   29   29   30   30
   30   31   31   31   31   32   32   32   32   32   32   32   32   32   32   32
   33   33   32   33   39   50   60   54   32                                   
    85.0-180.0 180.0   5.0 450.0                            LAT/LON1/LON2/DLON/H
   24   51   49   48   51   53   52   51   50   51   50   50   50   49   48   47
   46   45   44   43   42   41   40   40   39   39   39   39   39   39   39   40
   40   40   40   40   40   40   40   40   40   40   40   40   40   40   40   41
   41   41   41   41   42   42   42   42   42   42   42   42   42   42   42   43
   44   44   42   44   50   53   66   56   24                                   
    82.5-180.0 180.0   5.0 450.0                            LAT/LON1/LON2/DLON/H
   31   42   58   53   54   56   56   55   56   57   56   56   55   54   52   50
   48   46   44   42   41   39   38   37   36   36   36   36   36   36   37   38
   38   39   39   39   40   40   40   40   40   40   40   40   40   40   41   41
   41   41   41   42   42   42   42   42   42   42   42   42   42   42   41   42
   42   43   41   42   54   48   52   48   31                                   
    80.0-180.0 180.0   5.0 450.0                            LAT/LON1/LON2/DLON/H
   43   49   61   55   61   60   63   62   64   65   63   64   62   61   58   55
   52   49   46   44   41   39   37   35   34   34   34   34   35   36   37   38
   39   40   41   42   42   42   42   42   42   42   42   42   42   42   43   43
   43   43   43   44   44   44   44   44   44   43   43   43   42   42   42   42
   42   42   43   43   52   49   50   47   43                                   
    77.5-180.0 180.0   5.0 450.0                            LAT/LON1/LON2/DLON/H
   49   52   56   51   54   58   61   62   65   66   65   65   64   61   58   55
   51   47   43   40   36   34   31   30   29   28   29   30   31   33   35   37
   38   40   40   41   41   40   40   40   39   39   39   39   40   40   41   42
   43   44   45   45   46   46   46   46   46   45   44   44   43   41   40   39
   38   38   36   38   40   32   36   36   49                                   
    75.0-180.0 180.0   5.0 450.0                            LAT/LON1/LON2/DLON/H
   38   46   49   46   48   54   57   59   62   63   62   63   62   60   57   54
   50   46   42   38   35   32   30   28   27   28   29   30   32   35   37   39
   41   42   42   42   41   40   39   38   38   37   37   38   39   40   42   44
   46   48   50   51   52   53   54   54   54   53   52   51   50   48   46   44
   42   40   38   35   37   29   32   30   38                                   
    72.5-180.0 180.0   5.0 450.0                            LAT/LON1/LON2/DLON/H
   36   41   44   40   44   51   56   58   60   62   61   62   61   60   58   55
   51   47   43   40   36   33   31   30   29   30   31   34   36   39   42   44
   45   46   46   45   43   41   40   39   38   38   38   40   42   44   47   50
   53   56   59   62   64   66   67   67   67   67   66   64   62   60   57   54
   51   48   46   42   41   31   32   32   36                                   
    70.0-180.0 180.0   5.0 450.0                            LAT/LON1/LON2/DLON/H
   37   39   43   39   42   48   52   54   56   58   58   59   59   58   57   54
   52   49   46   42   39   37   35   34   34   35   37   40   43   46   48   49
   50   50   48   46   44   41   39   38   37   38   39   41   44   48   52   56
   61   65   69   73   76   79   81   82   83   82   81   80   78   75   71   68
   64   59   57   50   46   35   37   35   37                                   
    67.5-180.0 180.0   5.0 450.0                            LAT/LON1/LON2/DLON/H
   35   36   39   36   38   43   46   48   50   51   51   53   53   53   52   51
   50   47   45   42   40   38   36   36   36   38   40   43   45   48   49   50
   49   48   45   42   39   36   34   33   33   34   37   41   45   50   55   60
   66   71   76   81   85   88   91   93   94   94   93   91   89   85   81   78
   73   67   64   56   51   39   38   37   35                                   
    65.0-180.0 180.0   5.0 450.0                            LAT/LON1/LON2/DLON/H
   38   35   37   35   35   39   42   44   45   46   46   48   49   50   50   50
   49   47   45   43   41   39   38   38   39   41   43   45   47   49   49   49
   47   45   42   38   34   31   29   29   30   33   37   42   48   54   60   66
   72   78   84   90   95   99  102  104  105  105  105  103  100   97   92   88
   83   77   73   64   58   47   44   43   38                                   
    62.5-180.0 180.0   5.0 450.0                            LAT/LON1/LON2/DLON/H
   41   37   38   35   35   38   40   42   42   43   43   45   46   47   48   49
   48   47   45   43   41   40   40   40   41   43   44   46   47   48   48   47
   45   42   38   34   31   28   27   28   30   35   40   47   53   60   66   73
   79   86   93   99  105  110  114  116  117  117  116  114  111  107  102   97
   91   85   81   72   66   54   51   51   41                                   
    60.0-180.0 180.0   5.0 450.0                            LAT/LON1/LON2/DLON/H
   47   41   40   36   35   36   38   38   39   39   39   41   42   44   45   46
   46   45   43   41   39   38   38   39   40   41   42   43   44   44   43   42
   40   36   33   29   27   25   25   27   31   37   44   51   58   66   72   79
   86   93  101  108  114  120  123  126  126  126  125  122  118  113  108  102
   96   89   86   78   72   60   56   56   47                                   
    57.5-180.0 180.0   5.0 450.0                            LAT/LON1/LON2/DLON/H
   54   45   44   38   36   37   37   36   36   36   36   38   40   42   43   44
   44   43   41   39   37   36   36   37   38   39   39   40   40   40   39   37
   35   33   30   27   25   25   26   29   34   42   50   59   67   74   81   88
   95  103  111  119  126  131  135  136  137  136  134  132  127  121  114  108
  101   94   91   84   79   67   63   61   54                                   
    55.0-180.0 180.0   5.0 450.0                            LAT/LON1/LON2/DLON/H
   62   52   49   42   38   37   37   35   34   33   33   35   37   39   41   42
   42   40   38   36   34   34   34   35   35   36   36   36   36   36   35   34
   32   30   29   27   26   27   29   33   40   48   58   68   77   85   92   99
  106  115  123  132  139  144  147  148  147  146  144  141  136  129  121  113
  105   98   96   90   86   73   69   67   62                                   
    52.5-180.0 180.0   5.0 450.0                            LAT/LON1/LON2/DLON/H
   71   60   55   47   42   40   38   35   33   32   31   33   35   37   39   40
   40   38   36   34   33   32   33   33   34   35   35   35   35   34   33   33
   32   31   30   30   30   31   34   39   47   57   68   79   89   98  106  113
  121  130  139  147  154  158  160  159  158  157  154  150  145  137  128  120
  111  103  101   95   92   79   75   73   71                                   
    50.0-180.0 180.0   5.0 450.0                            LAT/LON1/LON2/DLON/H
   81   68   63   54   48   45   41   37   34   32   31   32   34   36   37   39
   38   37   35   34   33   33   33   34   35   36   36   36   36   36   35   34
   34   33   34   34   36   38   42   48   56   66   79   91  103  113  122  130
  139  147  156  164  169  172  173  171  168  166  163  159  153  145  135  126
  117  109  107  101   98   86   82   79   81                                   
    47.5-180.0 180.0   5.0 450.0                            LAT/LON1/LON2/DLON/H
   89   77   70   63   55   52   47   42   38   35   33   34   34   36   37   38
   38   37   35   34   34   35   36   37   39   40   41   41   40   40   39   38
   37   38   39   41   43   46   50   57   66   77   90  104  118  129  140  149
  157  166  174  180  184  185  184  180  176  173  169  165  159  151  141  132
  123  115  112  107  104   92   88   86   89                                   
    45.0-180.0 180.0   5.0 450.0                            LAT/LON1/LON2/DLON/H
   93   84   76   71   64   60   54   49   44   41   38   37   37   37   38   38
   38   37   37   36   37   39   41   43   45   46   47   47   46   45   43   41
   41   42   44   47   51   54   59   66   76   89  103  118  133  146  157  167
  175  183  190  194  197  196  192  187  181  176  171  166  160  153  145  136
  128  121  117  112  108   96   92   90   93                                   
    42.5-180.0 180.0   5.0 450.0                            LAT/LON1/LON2/DLON/H
   94   86   79   77   71   68   62   56   52   48   44   43   42   41   40   40
   39   39   39   41   43   46   48   51   52   54   54   54   52   49   46   44
   43   44   48   52   57   62   68   77   87  101  116  132  148  161  173  183
  191  198  202  205  206  203  198  191  184  178  171  166  159  153  145  139
  132  125  121  115  110   98   93   92   94                                   
    40.0-180.0 180.0   5.0 450.0                            LAT/LON1/LON2/DLON/H
   89   83   77   77   73   72   68   63   60   56   53   51   49   47   45   44
   43   43   44   47   50   54   57   59   60   60   60   59   56   52   47   44
   43   45   49   55   62   69   77   87   99  114  130  146  161  175  187  197
  204  209  212  213  212  209  204  196  189  181  173  166  159  152  146  141
  135  129  124  118  111   98   92   91   89                                   
    37.5-180.0 180.0   5.0 450.0                            LAT/LON1/LON2/DLON/H
   82   76   70   71   70   70   68   67   65   63   60   59   57   55   52   50
   49   49   52   55   60   63   66   67   67   66   64   62   58   52   47   43
   42   44   50   57   65   74   84   97  111  127  144  159  174  187  198  207
  214  218  220  220  219  217  212  206  199  190  181  172  163  156  151  147
  141  135  130  122  114   98   90   88   82                                   
    35.0-180.0 180.0   5.0 450.0                            LAT/LON1/LON2/DLON/H
   74   66   60   61   61   63   64   65   66   65   65   65   64   63   61   59
   57   58   61   65   70   73   74   74   72   70   67   63   58   52   46   41
   40   43   49   57   67   78   91  106  123  141  157  172  185  197  208  216
  222  226  228  229  229  229  227  224  217  209  199  188  179  171  165  160
  154  146  140  131  121  101   92   87   74                                   
    32.5-180.0 180.0   5.0 450.0                            LAT/LON1/LON2/DLON/H
   69   57   49   49   49   52   55   58   62   63   65   67   69   69   68   67
   66   67   71   75   79   81   81   79   77   74   70   65   59   52   45   40
   39   42   48   57   68   81   96  114  134  153  170  184  196  206  216  225
  231  235  238  241  244  247  250  250  246  239  229  218  208  199  192  186
  178  167  159  147  135  112  101   93   69                                   
    30.0-180.0 180.0   5.0 450.0                            LAT/LON1/LON2/DLON/H
   72   52   42   40   38   41   45   49   54   57   60   65   68   71   73   73
   73   75   78   82   85   87   86   85   82   78   73   68   61   53   46   41
   39   42   48   57   69   82  100  120  143  165  183  197  207  217  226  235
  243  249  254  259  266  273  280  284  284  279  270  260  250  240  232  224
  212  198  187  172  159  133  121  108   72                                   
    27.5-180.0 180.0   5.0 450.0                            LAT/LON1/LON2/DLON/H
   84   56   42   35   31   32   36   40   44   48   53   58   64   69   73   74
   76   78   82   86   88   90   90   90   88   84   79   72   64   56   49   43
   42   44   50   58   69   83  102  126  152  176  195  210  220  230  240  250
  260  268  276  285  296  307  319  327  331  329  323  314  304  295  284  272
  256  238  223  205  191  163  152  135   84                                   
    25.0-180.0 180.0   5.0 450.0                            LAT/LON1/LON2/DLON/H
  109   73   54   41   32   29   31   33   37   41   45   51   57   64   69   72
   74   77   81   85   88   91   93   95   95   91   85   78   70   61   54   49
   48   49   53   60   70   85  105  131  159  187  209  225  237  248  259  271
  283  295  306  319  333  349  364  376  384  386  384  378  370  360  347  331
  308  285  265  243  229  201  191  173  109                                   
    22.5-180.0 180.0   5.0 450.0                            LAT/LON1/LON2/DLON/H
  145  105   81   62   46   37   35   34   36   38   40   45   51   58   63   66
   69   73   77   81   85   90   95  100  102  100   93   85   77   70   64   59
   57   57   59   64   72   86  108  136  167  198  223  242  257  270  283  297
  312  327  341  357  375  393  410  425  436  443  445  444  439  429  414  393
  364  335  310  284  269  243  235  218  145                                   
    20.0-180.0 180.0   5.0 450.0                            LAT/LON1/LON2/DLON/H
  189  148  121   99   77   60   51   46   44   43   43   46   49   54   58   61
   63   67   70   75   81   88   97  105  109  108  102   94   87   81   75   71
   67   65   65   68   75   90  112  142  176  209  238  261  279  295  310  327
  343  360  377  395  413  432  449  465  479  489  496  499  497  490  474  450
  417  383  354  325  309  285  278  264  189                                   
    17.5-180.0 180.0   5.0 450.0                            LAT/LON1/LON2/DLON/H
  234  197  170  148  120   97   82   72   66   61   57   55   55   57   59   60
   61   63   66   71   78   88   99  110  117  117  111  104   97   92   87   82
   77   73   70   72   79   95  119  150  186  222  253  280  301  320  338  355
  373  390  407  425  443  460  476  491  504  517  526  532  534  529  515  490
  455  420  391  362  343  323  316  306  234                                   
    15.0-180.0 180.0   5.0 450.0                            LAT/LON1/LON2/DLON/H
  275  243  220  201  170  143  123  110  100   91   83   76   72   69   68   66
   65   66   68   73   80   90  104  116  124  124  119  112  106  102   97   92
   86   80   76   77   85  102  128  160  197  234  268  297  321  342  361  379
  395  412  428  445  460  474  487  499  512  524  535  543  547  545  532  508
  475  442  415  389  370  352  347  337  275                                   
    12.5-180.0 180.0   5.0 450.0                            LAT/LON1/LON2/DLON/H
  307  282  265  246  216  189  167  154  143  132  120  109  100   93   87   82
   78   77   79   82   88   98  111  123  131  131  125  118  112  108  104   98
   92   86   82   84   94  112  138  171  207  244  279  310  336  359  378  394
  409  424  438  453  465  476  486  496  508  520  531  539  544  542  531  509
  479  451  428  406  388  371  367  356  307                                   
    10.0-180.0 180.0   5.0 450.0                            LAT/LON1/LON2/DLON/H
  331  310  297  278  251  225  206  196  186  175  162  149  136  124  115  106
  101   98   97   99  104  112  122  132  137  135  128  120  114  110  107  102
   97   91   89   92  103  122  149  181  216  252  287  318  345  368  386  402
  415  428  440  452  462  471  479  488  499  511  522  529  533  531  520  501
  475  452  433  416  401  383  378  365  331                                   
     7.5-180.0 180.0   5.0 450.0                            LAT/LON1/LON2/DLON/H
  346  327  316  294  272  249  233  228  222  214  202  188  173  159  147  136
  129  125  123  123  125  130  136  141  142  136  128  120  114  110  107  104
