data/edconvlstm_nd/pred1910.15i
     1.0            IONOSPHERE MAPS     GNSS                IONEX VERSION / TYPE
pyspatialgeodesy        IME             05-JAN-18 20:20     PGM / RUN BY / DATE 
Map Name                                                    COMMENT             
Predicted global ionosphere maps (GIM).                     DESCRIPTION         
  2015     7    10     0     0     0                        EPOCH OF FIRST MAP  
  2015     7    11     0     0     0                        EPOCH OF LAST MAP   
  7200                                                      INTERVAL            
    13                                                      # OF MAPS IN FILE   
  NONE                                                      MAPPING FUNCTION    
10.0                                                        ELEVATION CUTOFF    
One-way carrier phase leveled to code                       OBSERVABLES USED    
  6371.0                                                    BASE RADIUS         
 2                                                          MAP DIMENSION       
   450.0 450.0   0.0                                        HGT1 / HGT2 / DHGT  
    87.5 -87.5  -2.5                                        LAT1 / LAT2 / DLAT  
  -180.0 180.0   5.0                                        LON1 / LON2 / DLON  
    -1                                                      EXPONENT            
                                                            END OF HEADER       
[from data line 3003]
     8                                                      START OF TEC MAP    
  2015     7    10    14     0     0                        EPOCH OF CURRENT MAP
    87.5-180.0 180.0   5.0 450.0                            LAT/LON1/LON2/DLON/H
  187  184  178  183  184  184  183  182  182  183  182  182  182  183  183  183
  184  184  185  185  186  186  186  187  187  187  188  188  188  188  188  188
  188  187  187  187  187  187  187  187  187  187  188  188  188  188  188  188
  188  188  188  187  187  187  186  186  186  185  185  184  184  184  183  183
  182  183  181  181  188  188  191  188  187                                   
    85.0-180.0 180.0   5.0 450.0                            LAT/LON1/LON2/DLON/H
  178  181  188  183  180  183  184  184  184  184  184  184  184  184  185  185
  186  187  187  188  189  190  191  192  192  193  193  194  194  194  194  194
  194  193  193  193  193  193  193  194  194  194  194  194  194  194  195  194
  194  194  194  193  193  192  192  191  191  190  189  189  188  188  187  186
  187  187  183  182  183  179  183  186  178                                   
    82.5-180.0 180.0   5.0 450.0                            LAT/LON1/LON2/DLON/H
  161  173  175  169  167  171  171  171  171  171  170  170  171  171  172  173
  174  176  178  179  182  184  185  187  189  190  191  192  192  192  192  192
  192  192  192  192  192  192  192  192  193  193  194  194  195  195  195  195
  195  194  194  193  192  191  190  189  188  187  185  184  183  181  180  178
  177  176  173  175  173  178  177  165  161                                   
    80.0-180.0 180.0   5.0 450.0                            LAT/LON1/LON2/DLON/H
  158  165  168  165  162  163  163  165  165  164  163  163  163  164  165  166
  168  170  172  175  178  181  183  185  187  189  190  190  191  190  190  189
  189  188  187  187  187  187  187  188  189  190  191  192  193  194  194  194
  194  194  193  193  192  191  189  188  187  185  183  182  180  178  176  174
  173  171  168  170  165  164  168  157  158                                   
    77.5-180.0 180.0   5.0 450.0                            LAT/LON1/LON2/DLON/H
  160  161  164  163  160  162  161  161  160  159  157  157  157  157  158  159
  162  165  168  171  175  179  182  185  188  189  191  191  192  191  190  189
  188  187  186  186  186  186  187  188  189  191  192  194  195  196  197  198
  198  198  197  197  196  195  193  192  190  189  186  184  182  179  177  174
  172  169  165  166  167  160  163  159  160                                   
    75.0-180.0 180.0   5.0 450.0                            LAT/LON1/LON2/DLON/H
  159  162  162  162  160  162  161  161  160  159  156  155  154  154  155  156
  159  162  165  169  173  177  181  185  187  189  191  192  192  191  190  189
  188  186  185  184  184  184  185  186  188  189  191  193  195  196  197  197
  197  197  197  196  196  195  194  193  192  191  189  187  185  182  179  177
  174  171  167  164  164  161  162  153  159                                   
    72.5-180.0 180.0   5.0 450.0                            LAT/LON1/LON2/DLON/H
  158  162  162  165  163  165  165  164  163  161  158  157  155  155  155  156
  158  161  165  169  173  177  180  184  186  189  190  191  191  191  190  188
  187  186  184  183  182  182  183  184  185  187  189  191  192  193  194  194
  194  194  194  194  193  193  193  193  193  192  191  190  188  186  183  180
  177  173  170  167  164  162  163  160  158                                   
    70.0-180.0 180.0   5.0 450.0                            LAT/LON1/LON2/DLON/H
  160  164  164  167  164  167  167  167  167  165  163  161  160  159  158  159
  160  163  166  169  172  176  179  182  184  186  187  188  189  189  189  188
  186  185  183  182  180  180  180  180  182  183  185  186  187  187  187  186
  186  185  185  185  186  187  188  189  190  191  191  191  190  189  187  185
  181  177  173  170  167  165  168  165  160                                   
    67.5-180.0 180.0   5.0 450.0                            LAT/LON1/LON2/DLON/H
  160  166  167  171  168  172  174  175  175  175  174  173  171  170  169  169
  170  171  173  175  177  179  181  183  185  186  188  189  190  191  191  191
  190  188  186  184  182  180  180  180  181  182  183  183  183  182  181  180
  179  179  179  180  181  182  184  187  189  192  194  195  196  196  195  193
  189  186  181  177  172  169  172  169  160                                   
    65.0-180.0 180.0   5.0 450.0                            LAT/LON1/LON2/DLON/H
  159  166  166  170  167  172  174  177  179  181  181  182  181  180  179  179
  178  178  179  179  179  180  181  182  183  185  186  188  190  192  193  193
  193  191  189  186  184  181  180  179  179  180  180  180  179  177  174  172
  171  170  171  172  174  177  180  183  187  191  194  197  200  201  200  199
  196  192  188  183  178  176  178  176  159                                   
    62.5-180.0 180.0   5.0 450.0                            LAT/LON1/LON2/DLON/H
  157  163  162  165  162  168  171  176  180  184  186  188  189  189  189  188
  187  186  184  183  182  181  181  181  182  184  186  188  191  193  195  197
  197  195  193  190  186  183  181  179  179  180  179  178  176  173  170  167
  166  165  166  168  171  174  178  182  186  191  196  200  203  205  206  205
  202  199  194  188  182  178  181  179  157                                   
    60.0-180.0 180.0   5.0 450.0                            LAT/LON1/LON2/DLON/H
  152  156  155  156  153  158  162  168  174  180  185  189  192  193  193  193
  192  190  187  184  181  179  178  178  180  182  185  188  192  195  198  200
  200  199  196  193  189  185  182  181  181  181  180  179  176  172  169  165
  164  164  166  168  172  175  179  183  187  192  197  202  206  209  210  210
  206  202  197  190  184  179  181  178  152                                   
    57.5-180.0 180.0   5.0 450.0                            LAT/LON1/LON2/DLON/H
  148  148  146  146  141  146  151  157  164  171  178  184  189  192  193  194
  193  191  187  183  179  176  175  176  178  182  186  190  194  198  201  203
  204  203  201  197  193  188  186  184  184  184  184  183  179  175  171  169
  168  169  171  174  178  181  184  187  191  196  200  205  209  212  213  213
  209  204  198  191  183  177  179  175  148                                   
    55.0-180.0 180.0   5.0 450.0                            LAT/LON1/LON2/DLON/H
  143  140  136  135  130  134  138  144  152  160  168  175  181  186  189  191
  191  189  185  180  176  173  172  174  177  182  188  193  197  201  204  206
  207  206  204  201  197  193  190  189  189  190  190  189  185  181  178  175
  175  177  181  185  188  191  193  195  197  201  205  209  212  215  215  214
  210  205  197  189  181  173  174  170  143                                   
    52.5-180.0 180.0   5.0 450.0                            LAT/LON1/LON2/DLON/H
  140  134  129  127  121  124  128  133  141  149  157  165  172  177  182  186
  187  186  182  177  172  169  169  173  178  185  191  197  201  205  207  209
  210  210  208  206  202  199  196  195  196  197  197  196  193  189  186  185
  186  189  193  197  200  201  202  203  204  207  209  212  215  217  217  215
  210  204  196  187  177  169  168  164  140                                   
    50.0-180.0 180.0   5.0 450.0                            LAT/LON1/LON2/DLON/H
  139  131  125  123  117  119  122  127  134  141  149  157  164  171  177  182
  184  184  181  176  171  168  169  174  181  190  197  203  206  209  211  212
  213  214  214  212  210  207  205  204  204  205  205  204  201  198  195  195
  197  200  205  208  211  212  212  211  212  212  214  216  218  218  218  216
  211  204  195  185  174  165  164  159  139                                   
    47.5-180.0 180.0   5.0 450.0                            LAT/LON1/LON2/DLON/H
  139  131  125  123  117  120  122  126  133  139  146  154  161  168  175  181
  185  185  182  177  172  170  172  178  187  196  204  209  212  214  215  216
  218  220  221  221  220  218  216  214  214  214  214  212  209  207  205  205
  207  211  215  218  220  220  219  218  218  218  218  219  220  220  220  218
  213  205  196  185  173  163  161  156  139                                   
    45.0-180.0 180.0   5.0 450.0                            LAT/LON1/LON2/DLON/H
  139  134  127  126  122  124  127  130  136  143  149  156  163  171  178  185
  189  190  187  182  177  174  177  184  194  204  212  216  218  219  221  223
  226  229  232  234  234  233  230  228  227  226  224  222  219  216  215  215
  217  220  223  225  226  226  225  224  223  223  223  223  223  223  222  221
  216  209  198  187  174  164  161  155  139                                   
    42.5-180.0 180.0   5.0 450.0                            LAT/LON1/LON2/DLON/H
  141  138  132  131  128  130  133  137  143  150  157  164  171  179  186  193
  198  199  196  191  185  182  185  192  202  212  219  223  225  226  228  232
  237  242  247  251  252  252  249  246  243  241  238  235  231  228  226  226
  228  230  231  232  232  232  231  230  229  228  228  227  227  226  226  225
  220  213  203  191  177  168  164  157  141                                   
    40.0-180.0 180.0   5.0 450.0                            LAT/LON1/LON2/DLON/H
  144  144  137  135  133  134  138  142  150  157  165  174  182  190  197  204
  209  210  207  202  195  193  195  201  211  219  226  230  232  234  238  244
  252  259  267  272  275  275  272  268  264  260  255  251  247  243  241  240
  241  241  241  240  240  240  240  239  238  236  234  233  232  231  231  230
  226  219  209  197  183  174  170  161  144                                   
    37.5-180.0 180.0   5.0 450.0                            LAT/LON1/LON2/DLON/H
  149  150  142  139  136  136  140  145  154  163  173  183  192  201  209  216
  221  222  220  214  208  205  206  211  219  226  232  235  239  244  250  259
  270  280  290  297  300  301  298  293  288  283  277  272  267  263  260  259
  258  257  255  253  253  253  253  253  251  248  244  241  239  238  237  236
  232  225  215  203  190  181  177  167  149                                   
    35.0-180.0 180.0   5.0 450.0                            LAT/LON1/LON2/DLON/H
  157  158  148  142  137  136  139  143  153  164  176  189  200  210  219  226
  231  233  231  226  221  218  218  222  227  232  237  241  247  255  265  277
  291  304  315  323  328  328  326  321  315  309  303  297  291  287  284  282
  280  278  275  272  271  272  272  271  268  262  257  252  248  246  245  243
  237  231  220  210  197  189  186  174  157                                   
    32.5-180.0 180.0   5.0 450.0                            LAT/LON1/LON2/DLON/H
  170  168  155  146  138  134  135  138  148  160  174  189  204  215  225  233
  238  241  240  238  235  232  232  233  235  238  242  248  256  267  281  297
  313  329  341  350  355  356  353  349  343  337  330  324  319  314  312  310
  308  304  300  298  297  297  296  293  288  280  272  265  259  255  252  249
  242  235  224  214  204  197  195  182  170                                   
    30.0-180.0 180.0   5.0 450.0                            LAT/LON1/LON2/DLON/H
  185  180  164  152  141  134  132  133  141  153  169  186  202  216  227  236
  242  246  247  248  247  246  245  245  244  245  249  256  267  282  299  318
  336  353  366  375  379  380  378  374  368  363  357  351  346  343  341  340
  338  335  331  327  326  325  323  317  308  297  286  278  270  264  259  253
  245  236  225  217  208  204  203  190  185                                   
    27.5-180.0 180.0   5.0 450.0                            LAT/LON1/LON2/DLON/H
  201  193  175  161  148  138  133  130  136  146  162  180  198  213  225  235
  242  247  252  255  258  259  258  256  254  254  259  268  282  299  319  339
  358  375  387  395  399  399  398  394  389  384  379  375  372  370  370  370
  369  366  361  357  355  352  347  337  324  310  298  287  278  270  263  254
  244  235  224  216  211  209  209  197  201                                   
    25.0-180.0 180.0   5.0 450.0                            LAT/LON1/LON2/DLON/H
  214  205  187  174  159  147  138  132  135  143  156  174  192  208  222  232
  240  247  254  261  266  270  271  268  265  266  272  284  300  320  340  360
  377  392  402  409  412  413  411  408  404  400  397  394  393  394  396  397
  397  394  389  383  378  372  363  349  333  316  302  290  280  270  261  251
  239  229  219  213  209  210  212  202  214                                   
    22.5-180.0 180.0   5.0 450.0                            LAT/LON1/LON2/DLON/H
  222  216  200  188  173  160  149  140  139  143  154  170  188  204  218  228
  237  245  254  264  273  279  281  280  278  280  288  303  321  341  360  377
  392  404  412  417  420  420  419  416  413  411  409  409  410  412  415  418
  418  415  408  401  392  382  369  352  333  315  299  286  275  264  254  242
  230  220  211  206  204  208  211  202  222                                   
    20.0-180.0 180.0   5.0 450.0                            LAT/LON1/LON2/DLON/H
  221  220  209  200  188  175  163  152  148  148  156  169  185  201  214  225
  234  244  254  266  277  286  290  291  291  296  307  324  344  362  379  392
  403  411  417  421  423  424  423  421  419  417  417  419  421  425  429  432
  432  427  419  409  397  384  367  348  327  308  290  276  264  252  241  229
  217  207  200  196  195  200  204  197  221                                   
    17.5-180.0 180.0   5.0 450.0                            LAT/LON1/LON2/DLON/H
  211  217  212  208  200  188  177  164  158  156  160  170  184  199  212  223
  233  242  254  266  279  290  297  301  305  313  327  346  365  381  394  404
  411  417  422  425  426  427  427  426  424  424  424  427  430  434  438  440
  439  433  422  409  394  378  360  340  318  298  280  264  250  237  225  213
  202  193  187  184  184  189  193  186  211                                   
    15.0-180.0 180.0   5.0 450.0                            LAT/LON1/LON2/DLON/H
  193  206  206  206  204  194  186  174  168  163  164  172  184  198  211  222
  232  242  253  266  280  292  303  310  318  330  346  365  383  397  407  414
  419  423  427  430  432  433  433  433  432  432  433  435  438  441  444  444
  441  433  420  404  386  368  349  330  309  289  270  253  237  222  210  199
  188  180  175  172  172  175  179  171  193                                   
    12.5-180.0 180.0   5.0 450.0                            LAT/LON1/LON2/DLON/H
  171  189  192  195  197  190  187  178  172  166  166  172  182  196  209  221
  232  242  253  266  280  294  307  319  332  346  364  382  399  411  419  424
  428  432  436  439  442  443  444  444  444  443  443  445  447  449  450  448
  441  430  414  396  377  358  340  322  303  284  264  245  228  212  200  188
  178  171  166  162  161  162  164  155  171                                   
    10.0-180.0 180.0   5.0 450.0                            LAT/LON1/LON2/DLON/H
  150  169  171  175  180  176  177  171  167  163  162  168  178  191  205  219
  231  242  253  266  280  295  312  328  344  361  379  397  412  423  430  435
  439  444  448  452  454  456  457  458  458  457  456  456  457  457  455  450
  440  426  408  389  370  352  335  318  302  284  264  243  224  208  195  184
  174  167  162  157  154  151  152  142  150                                   
     7.5-180.0 180.0   5.0 450.0                            LAT/LON1/LON2/DLON/H
  133  150  150  153  158  155  159  157  155  153  153  159  169  183  199  214
  228  241  253  265  280  297  316  335  355  373  392  409  423  433  440  445
