data/edconvlstm_nd/pred2410.15i
     1.0            IONOSPHERE MAPS     GNSS                IONEX VERSION / TYPE
pyspatialgeodesy        IME             05-JAN-18 20:20     PGM / RUN BY / DATE 
Map Name                                                    COMMENT             
Predicted global ionosphere maps (GIM).                     DESCRIPTION         
  2015     8    29     0     0     0                        EPOCH OF FIRST MAP  
  2015     8    30     0     0     0                        EPOCH OF LAST MAP   
  7200                                                      INTERVAL            
    13                                                      # OF MAPS IN FILE   
  NONE                                                      MAPPING FUNCTION    
10.0                                                        ELEVATION CUTOFF    
One-way carrier phase leveled to code                       OBSERVABLES USED    
  6371.0                                                    BASE RADIUS         
 2                                                          MAP DIMENSION       
   450.0 450.0   0.0                                        HGT1 / HGT2 / DHGT  
    87.5 -87.5  -2.5                                        LAT1 / LAT2 / DLAT  
  -180.0 180.0   5.0                                        LON1 / LON2 / DLON  
    -1                                                      EXPONENT            
                                                            END OF HEADER       
[from data line 4719]
    12                                                      START OF TEC MAP    
  2015     8    29    22     0     0                        EPOCH OF CURRENT MAP
    87.5-180.0 180.0   5.0 450.0                            LAT/LON1/LON2/DLON/H
  107   97   83   87   90   85   83   80   79   80   79   79   78   78   78   78
   78   77   77   76   75   74   73   72   71   70   69   68   67   66   65   64
   63   63   62   62   62   62   62   62   63   63   64   65   66   67   68   69
   70   71   72   73   74   75   75   76   77   78   78   79   79   80   80   80
   80   81   79   78   88   87  105  111  107                                   
    85.0-180.0 180.0   5.0 450.0                            LAT/LON1/LON2/DLON/H
  110  102  105   90   87   90   88   88   88   89   87   87   87   86   86   86
   85   85   84   83   82   81   79   78   76   75   73   72   70   69   68   67
   66   65   64   64   63   63   64   64   65   66   67   68   69   71   72   74
   75   77   78   80   81   83   84   85   86   87   88   89   89   90   90   90
   91   91   88   86   90   92   95   93  110                                   
    82.5-180.0 180.0   5.0 450.0                            LAT/LON1/LON2/DLON/H
   88   89   88   81   82   85   86   83   82   82   82   82   82   82   82   82
   81   81   80   79   78   77   76   74   72   70   68   67   65   63   61   60
   59   57   57   56   56   55   56   56   57   58   60   61   63   65   67   68
   70   72   74   75   77   78   80   81   82   83   84   85   86   86   86   86
   87   86   84   85   90  101   95   94   88                                   
    80.0-180.0 180.0   5.0 450.0                            LAT/LON1/LON2/DLON/H
   73   76   80   73   73   71   76   76   77   77   77   78   79   79   79   80
   80   79   79   78   76   75   73   70   68   66   63   61   58   56   54   52
   50   48   47   46   45   45   45   46   47   48   50   52   55   57   59   62
   64   66   68   69   71   73   74   76   77   78   80   81   81   82   83   83
   83   83   82   82   83   88   84   92   73                                   
    77.5-180.0 180.0   5.0 450.0                            LAT/LON1/LON2/DLON/H
   80   77   79   74   76   75   79   78   79   79   80   81   82   83   84   85
   85   86   85   85   83   82   80   77   75   72   69   66   64   61   59   57
   55   53   51   49   48   48   48   48   49   51   53   55   57   60   62   64
   66   68   69   70   72   73   74   75   76   78   79   80   81   82   83   83
   83   83   83   83   85   86   87   97   80                                   
    75.0-180.0 180.0   5.0 450.0                            LAT/LON1/LON2/DLON/H
   77   75   74   69   72   74   76   77   79   82   83   85   86   88   89   90
   91   92   91   91   89   88   85   83   80   77   74   72   69   67   65   63
   61   59   57   55   53   52   51   52   53   54   56   58   60   62   64   66
   67   68   69   70   71   71   72   74   75   77   78   80   82   83   84   85
   85   85   84   81   81   80   79   81   77                                   
    72.5-180.0 180.0   5.0 450.0                            LAT/LON1/LON2/DLON/H
   80   76   75   77   75   77   81   81   82   84   86   88   90   92   93   94
   95   96   96   95   93   91   88   85   81   78   76   73   72   70   69   67
   66   63   61   59   56   55   54   53   54   55   56   58   60   62   63   64
   65   65   65   65   65   66   66   68   69   71   74   76   78   80   81   82
   82   82   81   77   75   77   77   84   80                                   
    70.0-180.0 180.0   5.0 450.0                            LAT/LON1/LON2/DLON/H
   81   77   75   75   74   76   79   81   85   88   91   94   96   98   99  100
  101  101  100   99   97   94   90   86   82   79   76   75   74   73   73   72
   71   69   66   63   60   58   56   56   55   56   57   58   60   61   62   62
   62   62   62   61   61   61   62   63   65   68   71   74   77   80   82   83
   83   82   82   79   78   79   81   87   81                                   
    67.5-180.0 180.0   5.0 450.0                            LAT/LON1/LON2/DLON/H
   86   81   78   80   80   81   85   87   91   94   97  101  104  106  107  108
  108  108  106  105  102   98   93   88   82   78   75   73   73   73   74   74
   73   71   68   64   61   58   56   55   54   54   55   56   57   58   58   59
   58   58   57   56   56   56   57   58   61   65   69   73   77   79   82   83
   83   83   81   78   76   78   78   84   86                                   
    65.0-180.0 180.0   5.0 450.0                            LAT/LON1/LON2/DLON/H
   87   82   79   81   79   81   84   88   93   98  102  107  110  112  114  114
  114  114  112  109  106  101   95   88   82   76   73   71   70   71   72   72
   71   68   65   61   57   54   52   50   50   50   50   51   52   52   53   53
   53   52   51   50   49   49   50   52   56   60   65   69   74   77   80   81
   81   81   81   79   78   81   82   89   87                                   
    62.5-180.0 180.0   5.0 450.0                            LAT/LON1/LON2/DLON/H
   89   85   82   83   82   83   86   89   94  100  105  110  115  118  120  120
  120  120  118  115  111  105   98   90   82   75   70   67   66   66   67   66
   65   62   58   53   49   46   44   43   43   43   43   44   44   45   45   46
   45   45   44   43   42   42   44   46   50   54   60   65   69   73   76   77
   77   77   77   76   75   79   81   88   89                                   
    60.0-180.0 180.0   5.0 450.0                            LAT/LON1/LON2/DLON/H
   91   87   85   86   83   83   86   89   94  100  106  112  117  121  123  125
  125  125  123  120  116  110  102   93   84   76   69   65   63   62   62   61
   58   54   50   45   41   38   37   36   37   37   38   38   38   39   39   39
   39   39   38   37   36   36   37   40   44   49   54   59   64   68   70   72
   72   72   73   72   73   79   84   91   91                                   
    57.5-180.0 180.0   5.0 450.0                            LAT/LON1/LON2/DLON/H
   93   91   91   91   88   87   88   90   94   99  104  110  116  120  124  126
  127  127  126  124  120  115  108   99   89   80   72   67   63   61   60   57
   53   48   43   38   35   33   32   33   34   34   35   35   35   35   35   35
   35   34   33   32   32   31   32   35   39   44   49   55   59   62   65   66
   67   68   69   70   72   79   86   93   93                                   
    55.0-180.0 180.0   5.0 450.0                            LAT/LON1/LON2/DLON/H
   97   98   99   99   95   93   93   93   95   98  102  107  113  118  122  125
  127  127  127  125  123  120  114  106   97   87   79   73   68   65   61   57
   52   45   40   35   32   31   32   33   35   35   35   35   34   33   33   33
   32   32   31   29   28   28   29   31   35   40   46   51   55   59   61   63
   64   66   68   69   72   81   89   96   97                                   
    52.5-180.0 180.0   5.0 450.0                            LAT/LON1/LON2/DLON/H
  103  107  110  109  106  103  102  100   99   99  101  104  109  114  118  121
  123  124  124  124  123  122  119  113  106   98   90   83   77   72   67   61
   54   47   41   37   35   35   37   39   40   40   39   38   36   35   34   33
   32   31   30   28   27   27   28   30   34   40   45   50   55   58   61   63
   65   69   71   72   76   86   94  100  103                                   
    50.0-180.0 180.0   5.0 450.0                            LAT/LON1/LON2/DLON/H
  111  117  122  122  119  117  114  110  106  104  102  103  106  110  114  117
  118  119  119  120  121  123  123  121  116  110  103   96   90   84   78   70
   62   55   49   45   44   45   47   48   49   48   46   44   41   39   37   36
   35   33   31   29   28   28   30   33   37   43   48   54   58   62   65   68
   71   76   79   80   83   92  100  105  111                                   
    47.5-180.0 180.0   5.0 450.0                            LAT/LON1/LON2/DLON/H
  120  127  133  134  133  132  129  124  118  113  108  107  107  110  112  114
  114  114  114  115  119  123  126  127  126  123  118  112  106  100   92   84
   75   67   61   58   58   59   61   61   61   59   56   52   48   45   43   41
   39   37   35   33   32   33   34   38   43   49   55   61   66   70   74   78
   82   87   91   92   94  100  106  111  120                                   
    45.0-180.0 180.0   5.0 450.0                            LAT/LON1/LON2/DLON/H
  129  136  142  145  146  146  143  139  132  126  119  115  113  113  114  113
  112  111  110  112  117  123  129  133  136  135  133  129  124  117  109  100
   90   82   77   75   74   75   76   76   74   71   66   62   57   54   51   49
   47   44   41   39   39   40   42   46   52   58   66   72   77   82   86   92
   97  103  106  106  106  109  113  117  129                                   
    42.5-180.0 180.0   5.0 450.0                            LAT/LON1/LON2/DLON/H
  137  142  147  152  155  157  156  153  147  141  134  128  125  122  120  117
  114  111  110  112  117  124  132  139  144  147  147  145  140  134  126  117
  108  100   95   93   92   92   92   91   88   83   78   73   68   64   61   59
   56   53   50   48   48   49   52   56   62   69   77   84   90   95  100  106
  112  118  122  120  118  118  119  122  137                                   
    40.0-180.0 180.0   5.0 450.0                            LAT/LON1/LON2/DLON/H
  143  146  149  155  160  163  165  165  162  157  151  146  141  136  131  126
  120  116  114  115  120  128  136  145  152  157  159  159  156  151  143  134
  125  118  113  110  109  109  107  105  101   96   91   85   80   77   74   71
   68   64   60   58   58   60   62   66   72   79   87   95  101  107  113  119
  125  132  135  132  128  126  125  127  143                                   
    37.5-180.0 180.0   5.0 450.0                            LAT/LON1/LON2/DLON/H
  148  148  150  156  161  165  170  173  174  172  169  166  161  154  146  138
  130  124  122  122  127  133  142  151  159  166  170  171  170  166  159  151
  142  135  130  127  125  123  121  118  115  110  105  100   95   91   87   84
   80   75   71   69   68   70   72   75   80   86   94  103  110  116  122  129
  135  142  145  142  137  134  132  133  148                                   
    35.0-180.0 180.0   5.0 450.0                            LAT/LON1/LON2/DLON/H
  154  151  152  156  160  165  172  178  183  186  187  186  181  174  164  153
  142  135  131  131  135  141  149  158  167  174  180  183  183  179  173  166
  158  150  145  141  138  136  134  131  129  125  121  116  110  105  101   97
   92   86   81   78   77   78   79   81   85   90   98  107  114  121  128  135
  141  148  152  149  144  141  140  141  154                                   
    32.5-180.0 180.0   5.0 450.0                            LAT/LON1/LON2/DLON/H
  161  158  159  159  162  166  174  183  192  198  203  205  202  194  182  168
  155  146  142  141  144  149  157  165  175  183  190  194  194  192  187  180
  172  164  158  153  150  147  146  144  143  141  138  132  126  119  114  108
  102   95   89   85   83   83   83   84   86   91   99  107  115  123  130  138
  145  153  157  155  152  151  153  154  161                                   
    30.0-180.0 180.0   5.0 450.0                            LAT/LON1/LON2/DLON/H
  173  171  172  167  169  172  180  190  200  210  218  222  221  213  199  183
  168  156  150  149  152  157  165  174  184  193  200  204  205  203  199  192
  185  177  169  163  159  157  156  157  158  157  154  148  140  132  124  117
  109  100   93   87   84   83   83   83   85   90   97  106  115  124  132  142
  149  158  163  162  163  165  170  172  173                                   
    27.5-180.0 180.0   5.0 450.0                            LAT/LON1/LON2/DLON/H
  189  188  191  182  182  184  191  200  211  222  232  238  238  230  215  197
  179  165  158  156  159  166  175  184  195  204  210  215  215  214  210  204
  196  187  179  171  166  164  164  167  170  171  168  161  151  141  131  122
  112  102   92   85   82   80   79   79   81   87   95  106  116  126  137  147
  157  166  173  174  177  183  193  196  189                                   
    25.0-180.0 180.0   5.0 450.0                            LAT/LON1/LON2/DLON/H
  210  210  214  203  201  202  207  214  225  236  246  254  255  247  232  211
  190  174  165  164  168  177  187  198  208  217  222  225  225  223  219  213
  206  196  186  177  171  169  170  174  178  180  177  169  158  146  134  123
  111   99   89   81   76   73   73   73   77   84   94  107  120  132  145  158
  169  180  189  192  197  206  220  224  210                                   
    22.5-180.0 180.0   5.0 450.0                            LAT/LON1/LON2/DLON/H
  235  236  240  227  225  226  228  233  241  252  261  269  271  264  249  227
  203  185  175  174  180  192  204  216  226  232  236  236  234  231  227  221
  213  203  191  180  173  171  172  176  181  183  181  173  161  148  135  122
  109   95   83   74   69   66   65   66   71   81   94  110  126  142  158  174
  187  200  210  215  222  233  250  255  235                                   
    20.0-180.0 180.0   5.0 450.0                            LAT/LON1/LON2/DLON/H
  262  265  266  255  253  252  253  255  261  270  278  285  288  283  268  246
  221  202  191  191  200  213  227  239  247  250  250  247  243  238  233  228
  219  208  194  182  174  170  171  175  179  181  179  172  160  147  133  119
  105   91   78   69   62   58   57   60   67   79   95  114  133  153  173  192
  208  223  235  241  249  262  280  285  262                                   
    17.5-180.0 180.0   5.0 450.0                            LAT/LON1/LON2/DLON/H
  289  294  293  283  282  280  280  281  284  290  297  304  307  304  291  270
  246  226  216  217  227  242  257  267  271  270  266  259  251  244  239  233
  224  212  197  184  174  169  168  171  174  176  174  168  158  146  133  118
  103   88   75   65   57   53   52   55   63   77   96  117  141  164  189  212
  230  248  261  269  276  290  309  313  289                                   
    15.0-180.0 180.0   5.0 450.0                            LAT/LON1/LON2/DLON/H
  315  322  320  312  312  310  309  308  310  314  318  325  329  328  317  299
  277  259  250  253  264  279  291  297  297  291  282  271  260  251  245  238
  229  216  201  187  176  169  167  167  169  170  170  166  158  147  134  118
  103   87   74   64   56   51   49   52   60   75   95  119  145  173  201  227
  249  269  284  293  301  315  334  337  315                                   
    12.5-180.0 180.0   5.0 450.0                            LAT/LON1/LON2/DLON/H
  339  348  346  340  341  340  340  338  339  340  343  348  353  353  346  332
  314  299  293  296  307  319  327  328  322  311  297  283  269  259  251  244
  235  222  207  192  180  173  168  166  167  168  169  167  161  151  137  121
  104   89   76   66   58   52   50   51   59   73   93  118  146  176  208  237
  262  284  302  313  321  337  356  358  339                                   
    10.0-180.0 180.0   5.0 450.0                            LAT/LON1/LON2/DLON/H
  361  373  372  367  371  371  371  368  369  369  371  374  378  380  376  367
  353  343  339  342  351  358  360  355  343  329  312  295  280  267  258  250
  241  229  214  200  188  180  174  171  170  171  173  172  167  157  142  125
  107   91   79   69   62   56   52   53   58   70   88  112  141  173  207  240
  266  292  312  326  336  354  374  375  361                                   
     7.5-180.0 180.0   5.0 450.0                            LAT/LON1/LON2/DLON/H
  383  398  400  394  400  400  402  400  401  400  400  402  405  407  405  399
  391  384  382  385  389  391  386  375  360  343  325  307  291  276  266  257
