data/edconvlstm_nd/pred3110.15i
     1.0            IONOSPHERE MAPS     GNSS                IONEX VERSION / TYPE
pyspatialgeodesy        IME             05-JAN-18 20:20     PGM / RUN BY / DATE 
Map Name                                                    COMMENT             
Predicted global ionosphere maps (GIM).                     DESCRIPTION         
  2015    11     7     0     0     0                        EPOCH OF FIRST MAP  
  2015    11     8     0     0     0                        EPOCH OF LAST MAP   
  7200                                                      INTERVAL            
    13                                                      # OF MAPS IN FILE   
  NONE                                                      MAPPING FUNCTION    
10.0                                                        ELEVATION CUTOFF    
One-way carrier phase leveled to code                       OBSERVABLES USED    
  6371.0                                                    BASE RADIUS         
 2                                                          MAP DIMENSION       
   450.0 450.0   0.0                                        HGT1 / HGT2 / DHGT  
    87.5 -87.5  -2.5                                        LAT1 / LAT2 / DLAT  
  -180.0 180.0   5.0                                        LON1 / LON2 / DLON  
    -1                                                      EXPONENT            
                                                            END OF HEADER       
[from data line 4290]
    11                                                      START OF TEC MAP    
  2015    11     7    20     0     0                        EPOCH OF CURRENT MAP
    87.5-180.0 180.0   5.0 450.0                            LAT/LON1/LON2/DLON/H
   96   93   86   88   92   89   88   84   84   86   86   86   87   88   88   89
   89   89   89   88   88   87   86   85   84   83   81   80   79   77   76   74
   73   72   71   70   69   68   67   67   67   67   67   67   68   68   69   70
   71   72   73   74   75   76   77   78   78   79   80   80   81   81   82   82
   82   82   78   75   80   80   96   99   96                                   
    85.0-180.0 180.0   5.0 450.0                            LAT/LON1/LON2/DLON/H
  102   91   99   83   82   85   83   84   85   87   87   88   89   90   91   92
   92   92   92   92   92   91   90   89   88   87   86   84   83   81   79   78
   76   74   73   71   70   69   68   67   66   66   66   66   67   67   68   69
   70   71   72   74   75   76   77   78   80   81   81   82   83   83   84   84
   84   83   79   75   78   80   84   83  102                                   
    82.5-180.0 180.0   5.0 450.0                            LAT/LON1/LON2/DLON/H
   86   78   79   73   75   78   79   79   81   83   84   87   89   91   92   94
   95   96   96   96   95   94   93   92   90   89   87   85   84   82   80   78
   75   73   71   69   67   65   63   61   60   60   60   60   60   61   62   64
   65   67   69   70   72   74   75   76   78   79   79   80   81   81   81   81
   81   79   76   73   76   85   77   78   86                                   
    80.0-180.0 180.0   5.0 450.0                            LAT/LON1/LON2/DLON/H
   62   58   64   59   62   60   64   66   70   73   76   80   83   87   89   92
   93   94   94   94   93   91   89   87   85   84   82   80   79   77   75   73
   71   68   66   63   61   58   56   54   53   52   52   52   54   55   58   60
   62   65   67   69   71   73   75   76   77   78   78   79   79   79   78   78
   77   76   74   71   67   72   64   72   62                                   
    77.5-180.0 180.0   5.0 450.0                            LAT/LON1/LON2/DLON/H
   66   58   58   54   58   57   62   64   69   72   76   82   87   92   96  100
  102  103  103  102  100   97   95   92   89   87   85   84   83   82   80   79
   77   75   72   68   65   61   58   55   53   52   51   52   54   56   59   62
   65   69   71   74   76   77   78   79   80   80   80   80   79   79   78   77
   76   75   73   71   66   66   63   71   66                                   
    75.0-180.0 180.0   5.0 450.0                            LAT/LON1/LON2/DLON/H
   51   51   50   49   54   55   59   63   69   76   82   89   96  102  107  111
  113  113  111  109  105  101   97   93   90   88   86   85   85   85   85   84
   84   82   79   76   72   68   64   61   58   57   56   57   59   62   65   69
   72   76   78   80   81   81   81   81   81   80   80   79   79   78   78   77
   76   76   74   70   65   63   58   57   51                                   
    72.5-180.0 180.0   5.0 450.0                            LAT/LON1/LON2/DLON/H
   56   55   55   57   59   61   67   71   77   84   91  100  108  116  121  125
  126  125  121  116  110  104   98   92   87   84   82   81   81   82   83   84
   84   83   81   78   74   70   66   62   59   57   57   57   60   63   67   71
   74   77   79   80   80   79   77   76   75   74   73   72   72   71   71   70
   70   69   67   63   58   59   58   61   56                                   
    70.0-180.0 180.0   5.0 450.0                            LAT/LON1/LON2/DLON/H
   53   57   60   63   67   71   77   84   92  101  111  121  130  137  143  145
  145  142  136  128  119  110  101   93   87   82   79   78   78   79   81   83
   84   84   83   80   76   72   68   64   60   59   58   59   61   65   69   72
   76   78   78   78   76   74   71   69   67   66   65   65   65   65   66   66
   65   65   65   62   60   62   65   67   53                                   
    67.5-180.0 180.0   5.0 450.0                            LAT/LON1/LON2/DLON/H
   59   65   68   74   80   87   95  103  112  121  132  143  153  161  166  167
  165  159  150  140  128  115  104   93   85   78   73   70   69   70   72   74
   75   75   75   72   69   65   61   57   54   52   52   53   56   59   63   66
   69   70   70   68   65   62   59   56   54   53   53   54   54   55   56   57
   56   56   56   54   53   59   61   64   59                                   
    65.0-180.0 180.0   5.0 450.0                            LAT/LON1/LON2/DLON/H
   59   68   73   83   91  100  110  120  131  143  155  167  177  185  189  190
  186  178  167  154  140  125  111   99   87   78   71   66   64   63   64   65
   66   66   65   63   60   56   52   49   46   45   45   46   49   51   54   57
   58   58   56   54   50   46   43   41   40   40   41   42   43   45   46   46
   47   48   49   49   50   58   62   67   59                                   
    62.5-180.0 180.0   5.0 450.0                            LAT/LON1/LON2/DLON/H
   62   72   79   91  101  113  125  137  149  161  174  186  197  205  209  209
  204  195  183  169  153  137  121  106   93   81   71   63   59   56   55   55
   56   55   53   51   47   44   41   38   37   36   37   38   40   42   44   45
   45   44   42   38   35   32   29   28   28   29   31   33   34   36   37   37
   37   39   40   40   42   51   55   61   62                                   
    60.0-180.0 180.0   5.0 450.0                            LAT/LON1/LON2/DLON/H
   63   74   83   97  109  121  135  148  161  173  187  199  210  219  223  223
  219  210  197  183  167  151  135  118  103   88   76   66   59   55   53   51
   50   48   46   42   39   36   33   31   31   31   32   33   34   34   35   35
   33   31   29   26   23   20   19   19   20   22   24   26   28   29   29   29
   29   30   32   33   37   47   51   59   63                                   
    57.5-180.0 180.0   5.0 450.0                            LAT/LON1/LON2/DLON/H
   66   79   89  104  117  130  145  157  170  182  195  207  218  226  231  232
  228  220  208  195  181  165  150  133  117  101   86   75   66   60   57   54
   51   48   44   41   37   34   32   31   31   32   33   33   33   33   31   30
   27   25   22   19   17   16   15   16   18   21   23   25   27   27   27   27
   26   27   29   31   34   44   48   59   66                                   
    55.0-180.0 180.0   5.0 450.0                            LAT/LON1/LON2/DLON/H
   74   88  100  115  128  140  154  166  177  187  199  210  221  229  234  236
  233  225  216  204  192  179  164  148  132  116  101   88   79   72   67   63
   59   55   50   45   41   38   36   36   37   38   39   39   38   36   33   30
   27   24   21   18   17   17   18   20   23   26   28   29   30   30   30   29
   28   29   31   34   37   46   50   62   74                                   
    52.5-180.0 180.0   5.0 450.0                            LAT/LON1/LON2/DLON/H
   88  104  118  132  145  155  167  176  185  192  201  211  220  228  233  235
  232  226  218  209  199  188  176  162  147  131  117  105   95   88   82   77
   71   66   60   56   51   48   47   47   48   50   50   50   48   45   41   37
   33   29   27   25   24   25   27   30   33   35   37   38   38   37   37   37
   36   37   40   43   45   54   59   71   88                                   
    50.0-180.0 180.0   5.0 450.0                            LAT/LON1/LON2/DLON/H
  107  126  143  155  168  177  186  192  196  201  206  213  220  227  231  232
  230  225  218  211  203  195  185  173  160  146  133  122  113  105   98   91
   84   78   72   68   64   62   60   60   61   63   64   63   61   57   52   47
   43   40   38   37   37   39   41   44   47   48   48   48   47   47   48   48
   48   50   53   57   60   69   76   86  107                                   
    47.5-180.0 180.0   5.0 450.0                            LAT/LON1/LON2/DLON/H
  130  152  172  183  194  203  208  211  212  213  215  218  223  227  230  231
  228  224  218  212  206  199  192  182  171  159  148  138  128  119  110  102
   94   87   82   78   75   73   72   72   73   75   75   75   72   68   64   59
   56   53   52   51   52   54   57   60   61   60   59   58   57   57   59   61
   62   64   68   73   77   87   97  105  130                                   
    45.0-180.0 180.0   5.0 450.0                            LAT/LON1/LON2/DLON/H
  153  177  198  209  220  228  231  233  230  229  227  228  229  231  232  231
  228  224  218  213  208  203  196  189  180  170  160  150  139  128  116  105
   96   89   85   83   82   82   81   81   81   82   83   82   80   77   73   70
   67   66   65   65   67   69   71   73   73   71   68   66   65   66   69   73
   74   78   82   87   92  104  118  125  153                                   
    42.5-180.0 180.0   5.0 450.0                            LAT/LON1/LON2/DLON/H
  170  196  218  230  242  249  252  252  248  246  242  240  238  238  237  235
  232  227  222  217  212  207  201  195  187  179  170  158  145  130  115  102
   92   86   83   84   85   86   86   86   85   85   85   85   83   81   78   76
   75   74   75   75   77   79   81   82   81   78   74   72   72   74   78   82
   84   88   91   96  103  116  133  142  170                                   
    40.0-180.0 180.0   5.0 450.0                            LAT/LON1/LON2/DLON/H
  178  206  228  242  255  263  266  268  264  261  256  252  249  247  244  242
  239  234  229  224  219  213  207  201  195  187  177  164  147  129  111   97
   87   81   81   83   87   90   90   88   87   85   85   84   83   81   79   78
   78   78   79   81   82   84   86   87   85   82   78   76   76   78   82   87
   89   92   96  100  106  121  138  150  178                                   
    37.5-180.0 180.0   5.0 450.0                            LAT/LON1/LON2/DLON/H
  178  207  229  244  259  268  274  277  275  273  268  264  259  256  253  250
  248  244  240  235  229  222  215  209  203  195  184  169  149  128  109   95
   87   83   84   88   93   96   96   93   90   87   85   83   82   80   78   78
   78   79   80   81   83   86   88   88   87   83   80   78   78   80   84   88
   89   92   95   98  102  118  134  149  178                                   
    35.0-180.0 180.0   5.0 450.0                            LAT/LON1/LON2/DLON/H
  172  201  223  240  256  266  275  280  281  281  277  273  268  264  261  259
  258  256  253  248  241  233  226  219  212  205  193  175  155  134  117  106
  100   99  100  104  108  109  108  103   98   93   89   86   83   81   79   78
   78   78   79   80   82   85   87   89   88   85   82   80   80   81   84   86
   87   88   91   94   97  112  126  144  172                                   
    32.5-180.0 180.0   5.0 450.0                            LAT/LON1/LON2/DLON/H
  166  195  217  234  252  262  274  281  285  285  284  280  275  271  268  267
  267  267  266  262  255  246  237  230  223  216  204  187  168  151  140  135
  134  133  133  133  133  132  127  120  112  105  100   95   91   87   83   81
   80   79   79   80   82   85   89   90   90   88   85   83   82   83   84   85
   84   85   88   92   94  108  121  140  166                                   
    30.0-180.0 180.0   5.0 450.0                            LAT/LON1/LON2/DLON/H
  166  195  218  233  252  262  276  284  290  291  291  287  283  278  275  274
  275  276  276  273  266  258  248  241  235  228  219  205  191  182  179  183
  187  187  182  175  167  160  152  142  132  124  117  110  104   99   94   90
   87   84   83   83   85   89   92   95   95   93   90   88   86   85   85   85
   83   85   89   95   97  111  124  142  166                                   
    27.5-180.0 180.0   5.0 450.0                            LAT/LON1/LON2/DLON/H
  175  206  230  243  263  273  288  296  302  303  303  299  293  287  283  280
  281  282  283  280  275  266  258  251  247  243  237  230  224  225  234  247
  256  253  240  222  205  190  178  166  155  145  137  130  123  116  109  104
   98   94   91   90   91   95   99  102  102  100   97   94   91   90   88   87
   86   90   95  103  107  122  138  152  175                                   
    25.0-180.0 180.0   5.0 450.0                            LAT/LON1/LON2/DLON/H
  195  228  254  265  287  298  314  321  327  326  324  318  311  303  295  290
  287  286  285  283  278  271  265  260  259  259  259  259  264  276  297  319
  330  322  298  266  237  215  199  185  175  166  159  152  144  136  129  122
  115  108  103  101  102  105  109  111  110  107  104  100   97   95   94   93
   93   99  106  117  125  142  160  170  195                                   
    22.5-180.0 180.0   5.0 450.0                            LAT/LON1/LON2/DLON/H
  224  257  285  297  322  335  353  360  365  363  358  350  340  328  315  304
  295  289  285  281  277  273  270  269  271  277  284  292  307  330  360  387
  397  381  343  297  257  228  210  197  189  182  177  171  164  156  149  141
  133  125  118  115  115  117  119  120  118  114  110  105  102  100  100  100
  101  110  119  135  146  164  186  195  224                                   
    20.0-180.0 180.0   5.0 450.0                            LAT/LON1/LON2/DLON/H
  257  290  319  334  364  380  402  410  414  411  404  393  380  363  344  325
  309  296  286  280  276  274  275  278  285  296  310  327  349  379  413  440
  444  417  366  309  260  228  210  201  196  193  190  185  179  173  166  159
  151  143  135  130  128  129  130  129  125  119  113  108  105  103  104  106
  110  121  133  152  167  186  212  223  257                                   
    17.5-180.0 180.0   5.0 450.0                            LAT/LON1/LON2/DLON/H
  287  320  350  370  405  426  452  463  469  467  459  446  430  408  383  356
  330  308  292  282  277  278  283  291  303  319  338  360  386  417  448  468
  463  425  364  300  249  218  203  199  199  199  199  195  190  184  179  173
  166  158  149  143  140  139  138  134  128  121  113  107  104  103  105  109
  114  128  143  164  182  204  233  249  287                                   
    15.0-180.0 180.0   5.0 450.0                            LAT/LON1/LON2/DLON/H
  311  344  376  400  440  466  497  512  522  521  515  502  485  460  430  396
  361  330  306  291  286  288  296  308  324  344  366  389  414  440  463  471
  455  408  343  278  231  205  196  197  202  205  206  202  197  191  187  182
  176  168  160  153  148  145  142  137  129  119  111  104  101  101  103  107
  114  129  146  168  188  213  246  266  311                                   
    12.5-180.0 180.0   5.0 450.0                            LAT/LON1/LON2/DLON/H
  324  359  394  421  465  497  531  550  565  568  565  555  538  514  481  442
  400  362  331  311  303  307  317  332  350  371  393  415  434  451  460  455
  428  377  313  255  216  198  196  203  211  215  215  210  203  196  191  187
  182  175  166  159  152  148  143  136  127  116  106  100   96   96   98  102
  109  125  142  164  187  215  249  272  324                                   
    10.0-180.0 180.0   5.0 450.0                            LAT/LON1/LON2/DLON/H
  327  365  403  433  480  515  552  575  593  601  602  596  584  562  531  490
  446  402  366  342  332  334  346  362  380  400  420  437  448  452  448  430
  395  344  288  242  215  206  210  220  229  233  230  222  211  202  195  190
  184  177  168  160  153  146  140  133  123  112  102   95   92   92   93   97
  102  117  135  156  181  212  246  271  327                                   
     7.5-180.0 180.0   5.0 450.0                            LAT/LON1/LON2/DLON/H
  323  363  404  436  483  521  559  584  606  617  622  622  615  599  572  535
  492  448  409  381  369  370  380  395  412  429  445  456  459  452  435  407
