data/edconvlstm_nd/pred2010.15i
     1.0            IONOSPHERE MAPS     GNSS                IONEX VERSION / TYPE
pyspatialgeodesy        IME             05-JAN-18 20:20     PGM / RUN BY / DATE 
Map Name                                                    COMMENT             
Predicted global ionosphere maps (GIM).                     DESCRIPTION         
  2015     7    20     0     0     0                        EPOCH OF FIRST MAP  
  2015     7    21     0     0     0                        EPOCH OF LAST MAP   
  7200                                                      INTERVAL            
    13                                                      # OF MAPS IN FILE   
  NONE                                                      MAPPING FUNCTION    
10.0                                                        ELEVATION CUTOFF    
One-way carrier phase leveled to code                       OBSERVABLES USED    
  6371.0                                                    BASE RADIUS         
 2                                                          MAP DIMENSION       
   450.0 450.0   0.0                                        HGT1 / HGT2 / DHGT  
    87.5 -87.5  -2.5                                        LAT1 / LAT2 / DLAT  
  -180.0 180.0   5.0                                        LON1 / LON2 / DLON  
    -1                                                      EXPONENT            
                                                            END OF HEADER       
[from data line 1287]
     4                                                      START OF TEC MAP    
  2015     7    20     6     0     0                        EPOCH OF CURRENT MAP
    87.5-180.0 180.0   5.0 450.0                            LAT/LON1/LON2/DLON/H
  140  140  140  144  145  144  142  139  140  141  141  142  142  142  142  142
  142  141  141  141  140  139  139  138  137  136  135  134  133  133  132  131
  131  130  130  130  129  129  129  129  128  128  128  128  128  128  128  128
  128  128  128  128  128  128  128  128  128  128  128  128  128  128  128  128
  130  132  131  131  137  137  140  136  140                                   
    85.0-180.0 180.0   5.0 450.0                            LAT/LON1/LON2/DLON/H
  141  150  148  151  153  153  154  153  153  154  154  154  154  154  154  154
  154  154  154  153  153  152  151  150  149  148  147  146  145  144  143  142
  142  141  141  141  140  140  140  140  140  140  140  140  139  139  139  139
  139  139  139  139  139  139  139  139  139  139  139  139  139  139  139  140
  141  143  140  142  139  141  143  141  141                                   
    82.5-180.0 180.0   5.0 450.0                            LAT/LON1/LON2/DLON/H
  148  154  156  153  153  155  155  155  155  155  155  155  155  155  155  155
  155  155  155  154  153  153  151  150  149  147  146  144  143  142  141  141
  140  140  140  140  141  141  141  141  141  141  141  141  141  141  141  141
  142  142  142  142  142  142  142  142  142  142  142  141  141  141  140  141
  141  142  139  141  144  143  140  134  148                                   
    80.0-180.0 180.0   5.0 450.0                            LAT/LON1/LON2/DLON/H
  150  154  151  151  153  154  154  154  154  153  152  152  151  151  151  151
  151  151  151  151  150  149  147  146  144  142  140  138  136  135  135  134
  135  135  136  137  138  139  140  141  142  142  143  143  143  144  144  145
  145  146  146  147  147  147  147  147  147  146  146  145  144  143  142  142
  142  141  139  141  144  146  150  137  150                                   
    77.5-180.0 180.0   5.0 450.0                            LAT/LON1/LON2/DLON/H
  150  152  151  153  152  154  154  152  151  149  146  146  144  144  144  144
  145  145  146  146  146  145  143  141  138  136  133  131  129  128  128  129
  130  132  135  137  140  142  144  146  147  148  149  150  151  152  153  154
  155  156  157  158  158  159  159  158  158  157  156  155  153  151  149  148
  146  145  140  143  146  145  146  142  150                                   
    75.0-180.0 180.0   5.0 450.0                            LAT/LON1/LON2/DLON/H
  146  151  147  149  149  151  149  146  143  140  136  134  132  131  131  132
  133  135  136  137  137  136  134  132  129  125  122  119  118  117  118  119
  122  126  130  134  138  142  145  147  149  151  153  154  156  158  159  161
  162  163  164  165  166  166  166  166  165  164  163  161  159  157  154  152
  149  147  142  140  142  143  145  142  146                                   
    72.5-180.0 180.0   5.0 450.0                            LAT/LON1/LON2/DLON/H
  143  151  148  149  149  150  148  144  140  135  129  126  123  122  122  123
  125  128  130  132  133  132  131  128  124  120  116  113  112  111  113  116
  120  126  132  137  143  147  151  155  157  160  162  164  166  169  171  173
  174  175  176  176  177  176  176  176  175  174  173  171  169  166  163  161
  157  154  150  148  146  146  146  144  143                                   
    70.0-180.0 180.0   5.0 450.0                            LAT/LON1/LON2/DLON/H
  145  150  147  147  146  146  143  138  133  126  120  116  112  110  110  111
  114  117  121  123  125  125  123  120  116  111  107  104  103  104  106  110
  116  123  130  137  144  149  154  157  160  163  166  169  172  175  178  180
  181  181  181  181  179  178  177  176  175  175  174  173  171  169  167  165
  161  157  153  150  149  149  151  148  145                                   
    67.5-180.0 180.0   5.0 450.0                            LAT/LON1/LON2/DLON/H
  142  148  145  145  143  142  138  133  127  120  113  108  104  101  101  102
  105  108  112  115  117  117  115  112  108  104  100   97   97   98  101  106
  113  121  129  136  143  148  153  157  160  164  168  172  176  179  182  184
  184  184  182  180  177  175  173  171  170  169  169  169  168  167  165  164
  161  158  153  151  149  149  150  149  142                                   
    65.0-180.0 180.0   5.0 450.0                            LAT/LON1/LON2/DLON/H
  142  148  144  143  141  139  136  130  124  117  110  104  100   97   95   96
   98  101  105  108  110  110  108  106  102   98   95   94   94   96  101  107
  114  122  130  137  143  149  153  157  162  166  171  176  181  186  188  190
  189  187  184  180  175  171  168  165  164  163  164  164  165  165  164  164
  162  159  156  153  152  152  155  153  142                                   
    62.5-180.0 180.0   5.0 450.0                            LAT/LON1/LON2/DLON/H
  143  148  144  143  140  138  134  129  123  116  109  104   99   95   93   92
   93   95   98  100  101  101  100   98   96   93   92   92   94   97  102  109
  116  124  131  138  144  149  153  157  162  168  174  181  187  192  195  196
  194  190  185  180  174  169  165  161  159  158  159  159  161  162  162  163
  162  161  158  156  155  155  158  157  143                                   
    60.0-180.0 180.0   5.0 450.0                            LAT/LON1/LON2/DLON/H
  145  150  145  143  140  138  134  129  123  117  110  105   99   95   91   89
   89   89   90   91   91   91   90   89   88   88   88   90   94   99  105  112
  119  126  132  138  143  147  152  157  163  170  178  186  193  198  201  202
  199  195  189  182  176  170  165  161  158  156  156  156  158  159  160  162
  162  161  160  159  158  159  161  160  145                                   
    57.5-180.0 180.0   5.0 450.0                            LAT/LON1/LON2/DLON/H
  150  154  149  147  143  141  137  131  126  119  112  107  101   95   91   88
   85   84   83   83   82   81   81   81   81   83   86   90   95  101  108  115
  121  128  133  138  143  148  153  158  165  174  183  192  201  207  210  210
  207  202  196  190  184  177  172  167  163  160  158  158  159  160  161  163
  163  163  162  162  162  163  166  164  150                                   
    55.0-180.0 180.0   5.0 450.0                            LAT/LON1/LON2/DLON/H
  156  159  155  153  150  147  142  136  129  122  114  108  101   95   90   86
   83   80   78   76   75   74   73   74   75   79   83   89   96  103  110  117
  123  129  134  139  144  149  155  162  170  180  190  201  210  216  219  219
  217  212  207  201  195  189  183  178  172  168  165  163  163  163  164  165
  166  166  166  166  166  168  170  168  156                                   
    52.5-180.0 180.0   5.0 450.0                            LAT/LON1/LON2/DLON/H
  164  166  163  161  159  155  150  142  135  125  117  109  102   95   90   85
   82   79   76   74   71   70   69   70   73   77   82   89   96  103  110  117
  123  129  135  140  147  153  160  168  178  188  199  210  220  226  230  230
  228  224  220  215  210  204  198  191  185  179  174  171  170  169  168  169
  170  170  170  171  171  172  173  171  164                                   
    50.0-180.0 180.0   5.0 450.0                            LAT/LON1/LON2/DLON/H
  171  173  171  171  169  165  160  150  141  130  119  110  102   95   89   86
   83   80   78   75   73   71   71   72   75   79   84   90   97  103  110  116
  122  128  135  142  151  159  168  178  188  199  210  221  230  237  241  242
  241  238  234  230  225  219  212  204  196  189  183  179  177  175  174  175
  175  175  175  176  176  177  177  174  171                                   
    47.5-180.0 180.0   5.0 450.0                            LAT/LON1/LON2/DLON/H
  176  179  178  179  179  175  169  158  147  134  122  112  103   95   90   87
   86   85   83   81   79   77   77   78   81   84   89   93   98  103  108  114
  120  127  135  145  155  166  177  188  199  210  221  232  241  248  253  254
  253  251  247  243  237  230  222  213  204  197  190  186  182  180  180  180
  181  181  181  181  181  181  181  177  176                                   
    45.0-180.0 180.0   5.0 450.0                            LAT/LON1/LON2/DLON/H
  179  182  182  184  185  182  176  165  153  139  126  115  105   97   93   91
   90   91   90   89   88   87   87   89   91   93   95   98  100  103  107  111
  118  126  136  147  160  174  187  199  210  221  231  241  251  258  263  265
  264  262  258  253  246  237  228  218  209  201  194  190  187  185  184  186
  187  188  187  187  187  186  185  180  179                                   
    42.5-180.0 180.0   5.0 450.0                            LAT/LON1/LON2/DLON/H
  180  182  183  185  187  184  178  168  156  142  129  118  108  101   97   95
   96   97   98   98   98   98   99  101  102  104  104  104  104  104  106  109
  115  124  135  149  164  180  195  208  220  230  240  250  259  267  272  275
  274  271  267  260  252  242  231  220  211  204  198  194  191  189  189  191
  193  195  195  195  194  192  190  183  180                                   
    40.0-180.0 180.0   5.0 450.0                            LAT/LON1/LON2/DLON/H
  181  182  181  182  184  181  176  166  156  144  132  122  113  106  101  100
  101  102  104  105  106  107  110  112  114  114  113  111  108  106  106  109
  114  122  135  150  167  184  201  215  227  238  247  257  266  274  280  283
  282  279  274  267  258  247  236  225  217  210  206  202  198  196  196  198
  201  204  205  205  203  200  197  189  181                                   
    37.5-180.0 180.0   5.0 450.0                            LAT/LON1/LON2/DLON/H
  184  182  180  177  178  173  169  161  153  143  134  126  118  111  106  104
  104  106  107  109  111  114  118  121  123  123  121  118  114  110  108  109
  113  121  134  150  168  186  204  219  232  242  252  261  270  279  285  289
  289  287  282  276  267  257  247  237  230  225  220  216  211  207  205  207
  211  215  217  217  216  211  208  198  184                                   
    35.0-180.0 180.0   5.0 450.0                            LAT/LON1/LON2/DLON/H
  193  187  181  174  172  165  161  154  148  141  135  129  122  116  111  107
  106  106  107  110  113  118  123  128  131  131  129  125  120  115  112  111
  114  121  132  148  166  185  203  219  233  244  253  263  272  281  289  293
  295  295  292  289  283  275  267  259  253  249  244  238  231  224  220  220
  224  229  232  233  232  227  223  212  193                                   
    32.5-180.0 180.0   5.0 450.0                            LAT/LON1/LON2/DLON/H
  208  198  189  177  171  161  155  148  144  138  135  131  126  119  113  108
  106  105  106  109  114  121  127  133  136  136  134  131  126  121  116  114
  114  120  130  145  162  181  200  216  230  242  252  262  272  282  290  296
  300  302  304  305  304  301  296  291  287  283  277  269  258  247  239  238
  240  246  250  251  251  246  243  230  208                                   
    30.0-180.0 180.0   5.0 450.0                            LAT/LON1/LON2/DLON/H
  232  218  206  189  179  165  156  147  142  137  135  132  127  121  114  108
  104  102  104  108  116  124  132  138  140  141  139  136  131  126  120  116
  115  118  127  141  157  175  193  211  225  238  249  259  269  280  289  297
  303  310  317  325  330  332  332  329  326  322  316  305  291  275  263  258
  258  264  270  271  272  268  265  253  232                                   
    27.5-180.0 180.0   5.0 450.0                            LAT/LON1/LON2/DLON/H
  261  246  231  211  197  179  166  154  147  141  137  134  129  122  115  107
  102  100  103  109  119  129  138  143  145  145  142  139  135  129  122  116
  113  116  123  135  150  167  185  202  218  231  243  253  265  276  286  295
  305  317  330  344  356  364  368  368  365  361  353  340  323  304  288  280
  278  283  289  292  293  291  288  278  261                                   
    25.0-180.0 180.0   5.0 450.0                            LAT/LON1/LON2/DLON/H
  292  278  262  242  223  203  186  170  159  149  143  137  131  124  115  107
  101  100  104  113  125  137  146  150  150  148  145  141  136  129  122  114
  110  110  116  127  141  157  175  192  208  222  234  246  258  269  281  293
  306  322  341  360  378  390  396  398  395  390  382  368  350  330  312  301
  297  301  308  310  313  312  309  301  292                                   
    22.5-180.0 180.0   5.0 450.0                            LAT/LON1/LON2/DLON/H
  321  309  295  275  255  232  212  192  177  163  152  144  135  127  117  109
  103  102  108  119  134  147  155  158  155  150  145  140  134  127  118  109
  104  103  107  117  131  147  164  181  197  211  225  237  250  262  275  289
  304  324  346  369  389  403  409  411  409  404  397  385  369  350  332  320
  314  318  324  327  329  329  326  322  321                                   
    20.0-180.0 180.0   5.0 450.0                            LAT/LON1/LON2/DLON/H
  342  335  324  306  286  262  240  217  197  179  165  153  142  132  122  114
  108  108  115  127  142  156  163  164  159  151  143  136  129  120  111  101
   95   93   97  107  120  136  153  170  186  201  215  229  242  255  269  284
  302  323  346  368  387  399  405  406  405  402  397  390  378  362  347  335
  329  332  337  339  340  341  338  336  342                                   
    17.5-180.0 180.0   5.0 450.0                            LAT/LON1/LON2/DLON/H
  353  351  344  329  309  285  262  238  216  196  178  163  151  140  130  122
  116  116  123  135  150  162  167  165  158  147  137  128  120  111  101   91
   84   82   87   97  111  127  144  161  177  192  207  221  235  249  264  280
  299  320  342  361  376  385  389  390  389  389  389  386  380  370  358  348
  342  343  347  349  349  348  346  344  353                                   
    15.0-180.0 180.0   5.0 450.0                            LAT/LON1/LON2/DLON/H
  355  355  351  337  320  297  275  251  229  208  189  173  160  150  141  133
  127  127  132  142  153  162  165  161  151  139  127  117  108   99   90   81
   74   73   77   88  103  120  137  154  170  186  201  216  231  246  262  279
  297  317  336  351  362  367  370  371  373  376  379  382  381  376  367  359
  353  353  356  356  354  353  350  346  355                                   
    12.5-180.0 180.0   5.0 450.0                            LAT/LON1/LON2/DLON/H
  349  350  348  333  318  296  275  254  234  214  196  181  169  160  152  145
  140  137  139  145  152  156  156  149  139  126  114  104   95   87   79   71
   66   65   70   81   96  114  132  149  166  182  198  213  229  245  261  279
  297  316  332  343  350  353  356  359  363  369  375  381  384  382  375  368
  362  361  362  361  358  355  352  346  349                                   
    10.0-180.0 180.0   5.0 450.0                            LAT/LON1/LON2/DLON/H
  340  340  337  319  307  285  265  246  229  212  197  185  175  168  162  156
  151  146  144  145  145  144  141  133  123  111  100   91   83   77   70   64
   60   59   64   75   91  109  128  146  163  179  196  212  228  245  262  280
  299  317  332  342  347  350  354  360  367  374  382  388  391  389  383  376
  369  367  367  365  362  356  353  343  340                                   
     7.5-180.0 180.0   5.0 450.0                            LAT/LON1/LON2/DLON/H
  331  329  325  304  291  269  250  233  219  205  193  184  177  173  169  164
  159  152  146  141  135  130  123  115  106   96   87   79   73   68   64   60
