data/edconvlstm_nd/pred0160.15i
     1.0            IONOSPHERE MAPS     GNSS                IONEX VERSION / TYPE
pyspatialgeodesy        IME             05-JAN-18 20:20     PGM / RUN BY / DATE 
Map Name                                                    COMMENT             
Predicted global ionosphere maps (GIM).                     DESCRIPTION         
  2015     1    16     0     0     0                        EPOCH OF FIRST MAP  
  2015     1    17     0     0     0                        EPOCH OF LAST MAP   
  7200                                                      INTERVAL            
    13                                                      # OF MAPS IN FILE   
  NONE                                                      MAPPING FUNCTION    
10.0                                                        ELEVATION CUTOFF    
One-way carrier phase leveled to code                       OBSERVABLES USED    
  6371.0                                                    BASE RADIUS         
 2                                                          MAP DIMENSION       
   450.0 450.0   0.0                                        HGT1 / HGT2 / DHGT  
    87.5 -87.5  -2.5                                        LAT1 / LAT2 / DLAT  
  -180.0 180.0   5.0                                        LON1 / LON2 / DLON  
    -1                                                      EXPONENT            
                                                            END OF HEADER       
[from data line 5148]
    13                                                      START OF TEC MAP    
  2015     1    17     0     0     0                        EPOCH OF CURRENT MAP
    87.5-180.0 180.0   5.0 450.0                            LAT/LON1/LON2/DLON/H
   89   83   78   68   69   73   71   70   72   73   74   75   77   78   78   79
   79   80   80   79   79   79   78   77   77   76   76   75   75   75   74   74
   74   74   74   74   74   74   74   74   73   73   73   73   73   73   72   72
   72   72   72   71   71   70   70   69   68   67   66   65   64   63   63   62
   62   61   60   61   55   69   74   78   89                                   
    85.0-180.0 180.0   5.0 450.0                            LAT/LON1/LON2/DLON/H
   79   83   64   66   67   74   71   69   71   72   74   75   76   78   79   80
   80   81   81   81   81   80   80   79   79   78   78   78   77   77   77   78
   78   79   79   80   81   82   83   83   84   85   85   86   86   86   86   86
   86   86   85   85   84   83   81   80   78   77   75   74   72   70   69   68
   67   66   66   71   70   78   87   82   79                                   
    82.5-180.0 180.0   5.0 450.0                            LAT/LON1/LON2/DLON/H
   72   62   69   65   65   72   68   68   72   73   75   77   79   81   82   83
   83   83   83   82   81   80   79   77   76   75   74   73   73   73   73   73
   74   76   77   79   81   83   84   86   88   90   91   92   93   94   94   94
   93   92   91   90   88   86   84   81   79   76   74   72   69   68   66   65
   64   62   63   62   67   62   72   79   72                                   
    80.0-180.0 180.0   5.0 450.0                            LAT/LON1/LON2/DLON/H
   84   69   70   65   68   71   70   71   75   77   79   82   84   86   86   86
   86   85   83   81   78   76   73   71   68   66   64   63   62   62   63   63
   65   66   69   71   74   76   79   82   84   87   88   90   91   92   93   93
   92   91   90   88   86   83   80   78   75   72   70   68   66   64   64   63
   62   60   61   60   72   65   80   99   84                                   
    77.5-180.0 180.0   5.0 450.0                            LAT/LON1/LON2/DLON/H
  100   85   78   81   79   80   81   84   89   90   94   97   99   99   99   97
   95   92   88   84   80   75   71   67   63   60   58   56   55   55   56   57
   58   60   63   66   69   72   75   78   81   83   86   87   89   90   90   90
   90   89   88   86   84   81   79   76   73   71   69   67   66   65   65   65
   65   67   68   69   77   79   89  114  100                                   
    75.0-180.0 180.0   5.0 450.0                            LAT/LON1/LON2/DLON/H
  119  102  102  103   99  100   99  102  107  108  111  113  113  112  109  105
  100   94   88   82   76   70   65   60   56   53   51   50   49   50   50   51
   53   55   58   61   64   67   70   72   75   77   79   80   81   82   83   83
   83   82   81   80   78   76   74   72   70   68   66   65   65   66   67   69
   70   74   79   79   89  100  109  126  119                                   
    72.5-180.0 180.0   5.0 450.0                            LAT/LON1/LON2/DLON/H
  133  127  129  127  122  121  121  124  129  128  130  130  129  125  120  113
  104   95   86   78   70   64   59   55   52   49   48   47   47   47   48   49
   50   51   53   55   57   59   61   63   65   66   67   67   68   68   68   69
   69   69   69   68   68   66   65   63   62   61   60   60   61   63   66   71
   75   81   90   94  107  118  129  148  133                                   
    70.0-180.0 180.0   5.0 450.0                            LAT/LON1/LON2/DLON/H
  155  153  153  154  147  146  144  146  149  148  148  147  144  137  129  118
  106   94   82   72   64   58   53   51   49   48   48   48   48   48   49   49
   50   50   51   52   53   54   55   56   57   57   57   56   56   55   55   56
   56   57   58   58   59   59   58   58   57   57   57   58   60   63   68   75
   81   88  101  109  122  137  146  162  155                                   
    67.5-180.0 180.0   5.0 450.0                            LAT/LON1/LON2/DLON/H
  172  176  174  175  168  165  162  162  164  162  161  158  153  144  133  119
  105   90   77   66   58   52   49   47   47   46   46   46   46   46   46   45
   44   44   44   44   44   44   45   45   45   44   43   42   41   40   40   40
   41   42   44   45   46   47   48   48   49   50   51   53   56   61   67   75
   82   91  106  115  131  147  156  173  172                                   
    65.0-180.0 180.0   5.0 450.0                            LAT/LON1/LON2/DLON/H
  185  191  189  190  185  182  176  176  177  174  172  169  163  153  140  125
  108   93   79   68   60   55   52   51   50   49   49   48   47   45   43   41
   39   38   36   35   35   35   35   36   36   36   35   34   33   32   31   31
   32   33   35   37   40   41   43   44   46   48   51   54   58   64   71   79
   87   96  111  120  136  153  164  182  185                                   
    62.5-180.0 180.0   5.0 450.0                            LAT/LON1/LON2/DLON/H
  195  203  202  204  200  196  189  188  188  185  183  179  173  163  150  134
  118  102   89   78   70   65   62   59   57   55   53   50   48   45   42   39
   35   33   31   29   29   29   30   31   32   33   33   32   31   30   29   29
   29   30   32   35   38   40   43   45   48   52   56   61   66   72   80   88
   95  104  118  127  140  158  169  189  195                                   
    60.0-180.0 180.0   5.0 450.0                            LAT/LON1/LON2/DLON/H
  203  213  215  215  213  208  200  198  197  193  190  187  181  172  160  146
  131  117  104   93   85   78   73   69   64   60   55   51   47   43   39   35
   32   29   27   25   25   26   27   29   31   33   34   34   34   32   31   30
   30   31   33   35   38   41   44   48   52   57   63   69   77   84   93  102
  108  116  129  137  148  163  174  195  203                                   
    57.5-180.0 180.0   5.0 450.0                            LAT/LON1/LON2/DLON/H
  213  225  229  228  226  221  212  209  206  201  196  192  186  179  169  158
  145  133  120  109   99   90   82   75   68   62   55   50   45   40   36   33
   30   27   26   25   26   27   29   32   35   38   40   41   41   39   38   36
   36   36   37   38   41   44   48   53   58   65   72   80   89   99  109  119
  126  134  147  153  163  174  184  205  213                                   
    55.0-180.0 180.0   5.0 450.0                            LAT/LON1/LON2/DLON/H
  227  241  244  243  242  236  226  221  217  209  202  196  190  183  176  168
  158  147  134  122  110   99   89   79   70   62   55   49   44   40   36   34
   31   30   29   30   31   33   36   39   43   47   49   51   51   50   49   47
   45   44   44   46   48   51   55   60   66   72   80   90  101  113  126  138
  147  156  169  175  185  191  200  220  227                                   
    52.5-180.0 180.0   5.0 450.0                            LAT/LON1/LON2/DLON/H
  245  260  261  259  259  253  243  237  230  219  209  200  192  186  180  174
  166  156  143  130  116  103   92   82   72   64   57   51   46   43   41   39
   37   37   38   40   43   45   48   51   55   58   62   64   65   64   62   60
   58   57   56   56   57   60   64   68   73   80   88   99  111  126  141  156
  167  178  191  199  209  212  218  238  245                                   
    50.0-180.0 180.0   5.0 450.0                            LAT/LON1/LON2/DLON/H
  262  277  275  274  276  270  261  254  245  231  218  206  196  188  183  177
  170  160  147  132  118  106   95   86   77   69   63   58   54   52   49   48
   47   49   51   55   58   61   63   65   68   72   75   78   79   79   78   77
   75   73   71   71   71   72   75   78   82   87   96  107  121  137  154  170
  183  196  211  219  230  233  237  257  262                                   
    47.5-180.0 180.0   5.0 450.0                            LAT/LON1/LON2/DLON/H
  273  290  285  285  289  285  277  270  261  246  230  214  201  192  185  179
  171  160  146  132  119  109  100   93   86   80   75   71   67   64   61   59
   59   61   66   71   75   77   79   80   81   84   87   91   93   94   94   94
   93   91   89   87   86   86   87   88   91   96  104  115  129  145  163  180
  194  208  223  232  244  248  252  271  273                                   
    45.0-180.0 180.0   5.0 450.0                            LAT/LON1/LON2/DLON/H
  276  293  288  291  296  294  290  285  277  261  244  226  210  198  189  182
  172  160  147  134  123  116  110  106  101   96   91   87   83   78   73   70
   69   72   78   84   88   91   91   91   92   94   98  101  105  107  109  110
  111  109  107  104  101  100   99  100  102  107  114  124  137  152  169  185
  198  212  226  236  248  255  260  277  276                                   
    42.5-180.0 180.0   5.0 450.0                            LAT/LON1/LON2/DLON/H
  271  287  283  289  294  295  295  294  289  276  259  240  223  209  198  188
  177  165  152  142  134  130  128  125  122  116  110  104   97   89   81   76
   74   77   83   90   95   97   98   97   98  101  105  110  114  117  120  123
  125  124  121  118  114  112  111  112  114  118  125  134  146  159  173  186
  198  210  224  233  243  252  260  275  271                                   
    40.0-180.0 180.0   5.0 450.0                            LAT/LON1/LON2/DLON/H
  262  276  273  279  285  288  290  295  296  287  273  256  239  224  212  201
  189  177  166  159  155  154  154  151  145  137  126  116  105   94   84   76
   74   77   83   90   95   98   99   99  101  105  111  116  120  124  128  132
  134  134  132  128  124  122  121  122  125  130  137  146  156  166  178  188
  198  208  220  228  236  246  256  271  262                                   
    37.5-180.0 180.0   5.0 450.0                            LAT/LON1/LON2/DLON/H
  257  268  264  268  273  276  280  288  294  291  283  270  256  243  231  219
  208  198  190  186  186  185  183  175  163  149  134  119  105   93   82   74
   71   73   79   86   92   95   97   99  103  108  115  120  124  127  131  136
  139  139  137  132  129  127  128  130  134  140  148  157  167  177  187  197
  204  213  225  231  237  247  259  275  257                                   
    35.0-180.0 180.0   5.0 450.0                            LAT/LON1/LON2/DLON/H
  264  272  265  264  265  266  268  276  286  288  286  280  271  261  251  241
  232  225  221  220  220  216  207  191  170  149  130  114  101   89   80   73
   71   73   78   84   90   94   96   99  105  112  118  123  126  128  131  135
  138  138  135  131  128  127  129  133  138  147  157  169  180  192  203  213
  221  230  243  249  254  264  277  293  264                                   
    32.5-180.0 180.0   5.0 450.0                            LAT/LON1/LON2/DLON/H
  292  298  284  274  270  264  261  267  277  282  284  284  280  275  268  261
  255  251  251  251  248  238  218  193  165  139  120  106   97   90   84   81
   79   81   85   90   94   96   99  103  109  116  123  126  127  127  128  130
  132  131  128  124  122  122  125  130  138  149  163  178  194  209  225  239
  251  262  277  283  291  301  313  330  292                                   
    30.0-180.0 180.0   5.0 450.0                            LAT/LON1/LON2/DLON/H
  347  348  325  304  292  278  267  266  272  277  281  284  285  283  279  275
  272  272  273  271  262  243  215  182  152  127  112  104  102  101  101  100
  100  101  103  104  105  105  107  110  117  123  129  130  128  125  123  123
  123  121  117  114  113  114  118  125  135  149  166  186  207  229  252  274
  293  310  328  336  349  359  370  387  347                                   
    27.5-180.0 180.0   5.0 450.0                            LAT/LON1/LON2/DLON/H
  428  422  389  356  334  310  288  278  277  278  281  285  287  287  285  282
  281  282  282  275  259  232  199  166  140  122  115  116  120  127  131  134
  134  133  131  127  123  120  120  123  127  132  135  134  129  123  119  116
  114  110  107  104  104  107  113  121  133  149  171  195  223  252  284  317
  347  373  394  405  424  438  446  461  428                                   
    25.0-180.0 180.0   5.0 450.0                            LAT/LON1/LON2/DLON/H
  525  512  473  432  397  361  327  306  296  291  291  292  293  292  290  287
  285  283  278  264  240  209  178  154  139  133  136  145  157  169  177  181
  179  173  163  153  144  138  136  137  140  142  142  138  131  122  115  110
  106  102   99   98   99  103  110  119  133  152  177  207  240  278  319  363
  404  439  465  479  505  526  535  547  525                                   
    22.5-180.0 180.0   5.0 450.0                            LAT/LON1/LON2/DLON/H
  623  607  573  531  484  436  387  353  332  320  314  312  309  305  300  294
  288  281  267  245  216  187  167  157  158  166  179  195  212  226  234  234
  226  211  194  178  165  157  152  151  151  150  147  140  131  121  112  106
  101   97   93   92   94  100  107  118  134  156  186  220  260  305  355  409
  459  499  528  547  577  606  622  632  623                                   
    20.0-180.0 180.0   5.0 450.0                            LAT/LON1/LON2/DLON/H
  706  687  669  637  583  527  468  421  388  367  354  346  339  331  322  311
  300  284  262  232  202  181  175  183  202  223  244  263  278  289  292  284
  268  245  221  200  184  173  167  163  160  156  149  141  131  120  111  104
   97   92   88   87   89   94  103  116  135  162  195  235  280  331  389  449
  504  546  575  597  630  662  688  700  706                                   
    17.5-180.0 180.0   5.0 450.0                            LAT/LON1/LON2/DLON/H
  758  739  737  721  671  617  556  503  461  431  409  394  382  369  356  341
  324  301  272  238  210  198  208  235  269  300  324  338  346  346  339  324
  300  272  243  218  199  186  177  171  165  158  149  140  129  119  110  102
   95   88   84   81   83   89  100  116  139  169  207  250  299  354  416  478
  533  574  600  624  656  685  718  734  758                                   
    15.0-180.0 180.0   5.0 450.0                            LAT/LON1/LON2/DLON/H
  767  752  763  763  726  683  631  582  539  504  476  454  436  419  402  384
  363  336  302  268  244  243  267  308  353  387  403  405  397  384  366  344
  316  285  255  228  207  193  183  175  167  158  148  139  129  119  110  102
   94   87   81   78   80   86   99  118  145  180  220  265  316  373  434  494
  545  580  604  627  655  675  711  733  767                                   
    12.5-180.0 180.0   5.0 450.0                            LAT/LON1/LON2/DLON/H
  734  729  751  764  742  714  677  640  605  573  544  519  498  478  459  440
  418  390  355  322  304  312  346  396  441  465  465  446  420  393  367  340
  312  282  254  229  209  195  185  176  167  158  149  139  130  121  112  103
   95   88   82   79   80   87  102  125  156  193  235  281  331  385  442  495
  539  568  588  608  630  642  678  703  734                                   
    10.0-180.0 180.0   5.0 450.0                            LAT/LON1/LON2/DLON/H
  680  686  716  737  728  714  691  668  645  622  598  576  556  537  520  503
  483  456  423  394  382  397  435  482  514  518  494  453  409  372  342  317
  293  269  246  226  210  198  187  178  169  160  152  144  135  126  117  108
  100   93   87   83   84   91  108  135  169  209  250  294  341  390  441  486
  522  544  560  578  592  598  631  657  680                                   
     7.5-180.0 180.0   5.0 450.0                            LAT/LON1/LON2/DLON/H
  630  644  675  698  699  692  680  670  660  647  632  615  599  585  573  561
  546  525  498  474  467  483  517  549  559  536  487  427  372  332  306  288
