data/edconvlstm_nd/pred1920.15i
     1.0            IONOSPHERE MAPS     GNSS                IONEX VERSION / TYPE
pyspatialgeodesy        IME             05-JAN-18 20:20     PGM / RUN BY / DATE 
Map Name                                                    COMMENT             
Predicted global ionosphere maps (GIM).                     DESCRIPTION         
  2015     7    11     0     0     0                        EPOCH OF FIRST MAP  
  2015     7    12     0     0     0                        EPOCH OF LAST MAP   
  7200                                                      INTERVAL            
    13                                                      # OF MAPS IN FILE   
  NONE                                                      MAPPING FUNCTION    
10.0                                                        ELEVATION CUTOFF    
One-way carrier phase leveled to code                       OBSERVABLES USED    
  6371.0                                                    BASE RADIUS         
 2                                                          MAP DIMENSION       
   450.0 450.0   0.0                                        HGT1 / HGT2 / DHGT  
    87.5 -87.5  -2.5                                        LAT1 / LAT2 / DLAT  
  -180.0 180.0   5.0                                        LON1 / LON2 / DLON  
    -1                                                      EXPONENT            
                                                            END OF HEADER       
[from data line 5148]
    13                                                      START OF TEC MAP    
  2015     7    12     0     0     0                        EPOCH OF CURRENT MAP
    87.5-180.0 180.0   5.0 450.0                            LAT/LON1/LON2/DLON/H
  156  156  164  156  157  158  155  154  155  154  154  154  154  153  152  152
  151  150  149  148  147  146  144  143  142  140  139  137  136  135  133  132
  131  130  129  129  128  128  128  128  128  128  129  129  130  131  131  132
  133  133  134  134  135  135  136  136  137  137  137  138  138  139  139  140
  141  143  145  145  144  143  149  169  156                                   
    85.0-180.0 180.0   5.0 450.0                            LAT/LON1/LON2/DLON/H
  169  166  160  161  168  168  166  166  166  165  165  165  165  164  163  162
  161  160  159  157  156  154  152  151  149  147  145  143  142  140  138  137
  135  134  133  133  132  132  132  132  132  132  133  134  134  135  136  137
  137  138  139  139  140  140  141  141  142  142  143  143  144  144  145  146
  148  150  152  155  149  154  161  172  169                                   
    82.5-180.0 180.0   5.0 450.0                            LAT/LON1/LON2/DLON/H
  169  167  170  169  175  177  175  175  177  176  175  175  174  174  172  171
  170  168  166  164  163  160  158  156  154  151  148  146  143  141  139  137
  135  134  133  132  132  132  132  133  133  134  135  136  137  137  138  139
  140  141  141  142  142  143  143  144  144  145  145  146  146  147  148  150
  151  153  156  156  156  148  157  165  169                                   
    80.0-180.0 180.0   5.0 450.0                            LAT/LON1/LON2/DLON/H
  168  174  171  169  175  179  181  182  183  182  182  182  181  180  178  177
  175  173  170  168  166  163  161  158  155  151  148  145  142  139  137  135
  133  132  132  132  133  133  134  136  137  138  139  141  142  143  145  146
  147  147  148  148  149  149  149  149  149  149  149  149  149  150  151  152
  153  154  156  154  162  156  167  178  168                                   
    77.5-180.0 180.0   5.0 450.0                            LAT/LON1/LON2/DLON/H
  172  174  171  172  174  177  182  184  185  184  184  183  182  181  179  177
  174  172  169  167  164  161  158  155  151  147  144  140  136  133  131  129
  129  129  130  131  133  135  137  139  141  143  144  146  148  149  151  152
  153  154  155  155  155  155  154  154  153  152  151  151  150  150  150  151
  151  153  152  152  159  160  168  186  172                                   
    75.0-180.0 180.0   5.0 450.0                            LAT/LON1/LON2/DLON/H
  173  172  170  171  172  175  178  180  182  181  181  180  179  177  175  172
  169  166  163  160  157  154  150  147  143  139  135  131  128  125  123  123
  124  125  128  131  134  138  141  143  145  147  149  151  152  154  156  157
  158  159  160  160  160  159  159  158  156  155  153  152  151  150  149  149
  148  150  150  145  152  158  166  188  173                                   
    72.5-180.0 180.0   5.0 450.0                            LAT/LON1/LON2/DLON/H
  164  170  170  169  169  171  175  177  179  178  178  177  176  173  170  167
  163  159  155  151  148  145  142  138  135  131  127  123  120  118  117  117
  120  123  127  132  136  140  144  146  148  149  150  152  153  155  157  159
  160  162  163  163  163  162  161  160  159  157  155  154  152  150  149  149
  148  148  149  145  148  152  164  190  164                                   
    70.0-180.0 180.0   5.0 450.0                            LAT/LON1/LON2/DLON/H
  163  167  168  169  168  169  172  174  177  176  177  177  176  173  169  165
  160  155  151  147  143  140  137  133  130  126  122  118  115  114  114  116
  119  124  129  135  140  144  147  149  149  150  150  150  152  154  156  158
  161  162  164  164  165  164  164  163  161  160  158  157  155  153  152  151
  149  148  149  147  151  155  165  192  163                                   
    67.5-180.0 180.0   5.0 450.0                            LAT/LON1/LON2/DLON/H
  165  170  169  169  167  167  170  171  174  174  176  177  176  174  170  165
  159  153  148  144  140  136  133  130  126  122  118  115  113  112  113  115
  119  125  130  136  141  144  146  146  145  144  143  143  144  147  150  153
  156  159  161  162  163  163  163  163  163  162  161  160  158  156  154  153
  151  150  150  147  152  157  167  195  165                                   
    65.0-180.0 180.0   5.0 450.0                            LAT/LON1/LON2/DLON/H
  168  172  171  169  166  165  167  169  172  173  176  178  178  177  173  168
  162  156  150  145  141  137  134  131  127  124  121  118  116  116  117  120
  124  128  133  138  142  144  144  142  140  137  135  135  136  139  142  146
  150  153  156  158  160  161  163  164  165  165  165  164  163  161  159  158
  155  154  153  150  156  162  173  200  168                                   
    62.5-180.0 180.0   5.0 450.0                            LAT/LON1/LON2/DLON/H
  174  176  175  172  167  165  166  167  170  172  176  180  181  181  179  174
  169  162  156  151  146  142  139  136  133  131  128  126  125  125  126  128
  131  135  138  141  143  143  141  138  134  130  128  127  128  132  136  140
  145  148  151  154  157  160  163  166  168  170  171  171  170  169  167  165
  161  159  158  156  161  168  180  206  174                                   
    60.0-180.0 180.0   5.0 450.0                            LAT/LON1/LON2/DLON/H
  179  180  180  176  169  166  165  166  169  171  175  179  183  184  183  180
  175  170  164  159  155  151  148  145  143  141  140  139  139  139  140  141
  142  143  144  144  143  141  138  134  129  125  122  122  124  127  131  136
  140  144  147  150  154  159  164  170  175  178  180  181  180  178  176  173
  169  167  165  162  167  174  187  212  179                                   
    57.5-180.0 180.0   5.0 450.0                            LAT/LON1/LON2/DLON/H
  185  186  186  181  173  169  167  166  167  168  172  177  181  183  184  183
  180  177  172  168  164  161  158  156  155  154  154  154  155  155  155  154
  153  151  149  147  144  141  136  132  127  123  121  121  123  126  130  134
  138  141  144  148  153  160  168  176  183  188  192  193  192  189  187  184
  179  176  173  169  174  180  194  219  185                                   
    55.0-180.0 180.0   5.0 450.0                            LAT/LON1/LON2/DLON/H
  192  192  193  188  180  175  172  169  168  167  169  173  176  179  182  183
  183  181  179  177  174  172  170  168  168  168  170  171  172  172  171  168
  164  159  155  150  145  141  137  133  129  126  124  125  126  129  132  135
  138  140  143  148  155  164  174  185  194  201  205  206  204  202  198  195
  190  186  183  179  182  186  201  227  192                                   
    52.5-180.0 180.0   5.0 450.0                            LAT/LON1/LON2/DLON/H
  200  199  202  197  190  185  181  176  173  169  168  169  171  174  177  180
  182  184  185  185  183  182  181  180  181  182  184  186  187  187  184  180
  173  166  159  153  147  143  140  137  135  133  132  132  133  135  136  138
  139  141  144  150  158  169  182  195  206  214  218  219  217  214  211  207
  203  199  195  189  190  194  208  235  200                                   
    50.0-180.0 180.0   5.0 450.0                            LAT/LON1/LON2/DLON/H
  210  208  212  210  203  200  196  189  182  174  170  167  167  169  172  176
  181  185  189  192  192  192  192  191  192  194  196  198  199  198  194  188
  180  171  163  156  151  147  145  144  144  143  143  143  142  142  142  142
  143  144  147  153  163  176  190  205  217  226  230  231  229  226  223  220
  216  212  209  202  201  203  217  245  210                                   
    47.5-180.0 180.0   5.0 450.0                            LAT/LON1/LON2/DLON/H
  221  218  223  224  220  217  213  205  196  185  176  171  168  167  169  174
  180  187  194  198  201  202  202  202  202  204  207  208  208  206  201  193
  184  175  166  160  156  154  154  154  155  155  155  154  152  150  149  147
  147  148  152  158  168  182  197  213  226  235  240  241  240  237  235  233
  230  227  223  216  214  214  228  256  221                                   
    45.0-180.0 180.0   5.0 450.0                            LAT/LON1/LON2/DLON/H
  235  229  235  239  237  236  232  224  213  199  188  179  173  170  171  176
  182  191  199  205  209  211  211  211  212  214  215  216  215  211  204  196
  187  178  171  166  163  163  164  166  168  169  168  166  162  158  155  153
  153  154  157  164  174  187  202  218  232  242  247  249  249  247  246  245
  243  241  238  230  228  226  241  270  235                                   
    42.5-180.0 180.0   5.0 450.0                            LAT/LON1/LON2/DLON/H
  250  241  248  253  253  253  250  242  231  216  203  192  184  179  178  181
  187  196  205  213  218  220  220  221  222  223  224  224  220  215  207  199
  190  183  178  175  174  174  176  179  181  183  182  178  173  167  163  161
  160  161  164  170  179  191  206  221  235  246  253  256  256  256  256  257
  256  255  252  245  243  241  257  287  250                                   
    40.0-180.0 180.0   5.0 450.0                            LAT/LON1/LON2/DLON/H
  267  256  262  268  268  268  265  258  247  233  220  208  199  192  189  190
  196  204  213  221  227  230  231  232  233  235  235  233  228  220  212  203
  196  191  188  186  187  188  191  194  196  198  196  192  185  178  172  170
  169  170  172  177  184  195  209  224  238  250  258  263  265  266  266  268
  268  268  266  259  260  258  275  306  267                                   
    37.5-180.0 180.0   5.0 450.0                            LAT/LON1/LON2/DLON/H
  287  272  278  282  282  281  278  270  261  249  237  226  216  209  204  202
  206  213  222  231  237  241  243  245  247  249  249  245  238  229  219  211
  205  202  201  201  203  205  207  209  212  213  212  207  199  190  184  180
  179  179  180  183  189  198  211  226  240  254  265  272  275  277  278  279
  280  280  279  274  278  277  296  328  287                                   
    35.0-180.0 180.0   5.0 450.0                            LAT/LON1/LON2/DLON/H
  310  293  296  299  296  294  289  282  274  263  253  244  234  226  219  215
  217  222  231  240  247  252  256  260  263  266  265  261  252  241  231  223
  218  216  216  218  219  221  223  225  227  229  228  223  214  205  197  192
  190  188  187  188  192  201  213  227  243  259  272  282  287  289  291  292
  293  293  293  289  296  298  317  351  310                                   
    32.5-180.0 180.0   5.0 450.0                            LAT/LON1/LON2/DLON/H
  336  317  318  319  314  309  303  295  287  278  269  261  252  243  234  228
  227  232  240  249  258  266  272  277  282  285  284  278  269  257  246  238
  233  231  231  233  234  235  236  238  241  243  243  238  229  218  209  203
  198  194  191  190  193  201  212  227  245  262  277  289  296  300  301  303
  304  305  306  305  315  318  339  375  336                                   
    30.0-180.0 180.0   5.0 450.0                            LAT/LON1/LON2/DLON/H
  365  343  343  344  336  330  322  312  304  295  287  279  270  260  250  242
  239  241  249  259  270  279  287  295  301  304  303  296  286  273  262  253
  247  244  243  243  244  244  245  246  249  253  254  249  240  228  217  209
  202  196  191  188  190  197  209  224  242  261  278  291  300  304  307  309
  312  315  317  319  332  338  358  397  365                                   
    27.5-180.0 180.0   5.0 450.0                            LAT/LON1/LON2/DLON/H
  392  369  368  372  363  357  347  336  326  316  308  300  291  279  267  257
  252  253  260  270  281  293  303  311  317  320  318  311  300  287  275  265
  257  251  247  245  244  244  244  246  249  254  256  252  243  230  218  208
  199  191  184  181  183  190  202  218  236  255  273  287  297  303  307  311
  316  321  326  330  346  354  375  415  392                                   
    25.0-180.0 180.0   5.0 450.0                            LAT/LON1/LON2/DLON/H
  414  391  391  399  391  387  378  366  355  343  334  325  315  302  288  276
  269  268  273  282  293  305  315  323  329  330  327  319  308  295  282  270
  259  249  241  236  233  233  233  234  239  244  247  244  234  222  209  198
  188  179  172  169  172  181  194  209  227  246  264  280  291  299  305  312
  319  326  333  340  357  366  388  429  414                                   
    22.5-180.0 180.0   5.0 450.0                            LAT/LON1/LON2/DLON/H
  427  407  408  422  418  417  411  400  387  375  364  355  344  330  315  301
  292  288  290  296  305  315  324  330  333  333  328  318  306  293  279  265
  249  234  222  215  211  210  210  212  217  223  226  223  214  202  189  179
  169  161  155  154  159  169  184  201  219  238  256  273  286  296  305  314
  324  332  341  349  366  375  397  438  427                                   
    20.0-180.0 180.0   5.0 450.0                            LAT/LON1/LON2/DLON/H
  430  414  418  439  439  442  440  431  420  408  398  388  378  364  348  333
  321  314  311  313  317  322  328  331  331  326  318  307  294  280  265  248
  229  210  195  186  182  181  181  183  187  193  196  193  185  173  162  154
  147  140  137  138  145  158  174  193  212  232  251  269  284  297  309  321
  332  342  353  361  375  383  404  442  430                                   
    17.5-180.0 180.0   5.0 450.0                            LAT/LON1/LON2/DLON/H
  426  415  421  446  451  459  460  456  448  439  430  423  413  401  386  371
  356  345  336  330  327  326  326  325  320  311  300  286  271  256  240  221
  201  180  164  155  152  151  151  152  155  159  162  159  152  142  133  128
  123  120  119  122  132  147  166  186  207  228  248  268  286  302  317  332
  345  357  367  375  386  391  411  444  426                                   
    15.0-180.0 180.0   5.0 450.0                            LAT/LON1/LON2/DLON/H
  420  413  420  445  454  464  469  468  465  460  456  452  446  437  424  409
  393  377  361  347  335  326  319  312  302  289  274  257  241  225  209  192
  172  154  140  133  130  130  129  128  128  130  131  128  122  114  108  105
  103  102  103  109  120  136  156  178  200  223  246  268  289  309  328  345
  360  373  384  392  399  401  419  445  420                                   
    12.5-180.0 180.0   5.0 450.0                            LAT/LON1/LON2/DLON/H
  416  413  419  441  451  460  465  468  469  469  471  472  470  465  455  441
  425  405  382  360  339  321  307  294  279  262  244  225  209  195  181  166
  151  137  127  121  120  119  117  114  111  111  110  107  101   94   90   89
   89   90   93   99  110  126  146  169  193  218  244  269  294  318  340  359
  375  389  401  408  414  414  430  451  416                                   
    10.0-180.0 180.0   5.0 450.0                            LAT/LON1/LON2/DLON/H
  417  418  422  437  446  452  455  458  461  466  472  478  481  479  473  462
  445  423  395  365  336  312  291  272  253  233  213  195  180  170  161  152
  142  133  126  123  123  121  117  111  106  104  102   98   92   86   83   83
   84   85   87   92  101  116  136  160  186  214  243  271  300  326  351  371
  388  403  415  424  430  430  445  462  417                                   
     7.5-180.0 180.0   5.0 450.0                            LAT/LON1/LON2/DLON/H
  427  430  432  438  444  445  444  445  449  454  463  471  477  478  475  465
  450  426  396  361  327  297  272  249  226  205  186  170  160  155  152  149
