data/edconvlstm_nd/pred0470.15i
     1.0            IONOSPHERE MAPS     GNSS                IONEX VERSION / TYPE
pyspatialgeodesy        IME             05-JAN-18 20:20     PGM / RUN BY / DATE 
Map Name                                                    COMMENT             
Predicted global ionosphere maps (GIM).                     DESCRIPTION         
  2015     2    16     0     0     0                        EPOCH OF FIRST MAP  
  2015     2    17     0     0     0                        EPOCH OF LAST MAP   
  7200                                                      INTERVAL            
    13                                                      # OF MAPS IN FILE   
  NONE                                                      MAPPING FUNCTION    
10.0                                                        ELEVATION CUTOFF    
One-way carrier phase leveled to code                       OBSERVABLES USED    
  6371.0                                                    BASE RADIUS         
 2                                                          MAP DIMENSION       
   450.0 450.0   0.0                                        HGT1 / HGT2 / DHGT  
    87.5 -87.5  -2.5                                        LAT1 / LAT2 / DLAT  
  -180.0 180.0   5.0                                        LON1 / LON2 / DLON  
    -1                                                      EXPONENT            
                                                            END OF HEADER       
[from data line 2574]
     7                                                      START OF TEC MAP    
  2015     2    16    12     0     0                        EPOCH OF CURRENT MAP
    87.5-180.0 180.0   5.0 450.0                            LAT/LON1/LON2/DLON/H
  119  123  118  124  125  126  124  122  122  123  121  120  119  118  116  115
  115  114  114  114  114  115  116  117  119  120  121  123  124  125  127  127
  128  128  128  128  127  126  125  123  121  120  118  116  114  112  109  107
  105  103  102  100   99   97   96   95   95   94   94   95   95   96   97   98
  100  103  104  104  109  109  121  127  119                                   
    85.0-180.0 180.0   5.0 450.0                            LAT/LON1/LON2/DLON/H
  112  118  128  123  121  127  127  127  126  126  124  122  120  118  116  115
  113  113  112  113  113  115  116  118  120  122  125  127  129  131  132  134
  135  135  135  135  134  133  131  129  127  124  121  119  116  113  110  107
  104  101   99   96   94   93   91   90   89   89   89   90   91   92   93   95
   99  102  101  101  102  105  109  115  112                                   
    82.5-180.0 180.0   5.0 450.0                            LAT/LON1/LON2/DLON/H
  101  113  117  114  113  118  119  119  118  117  114  111  107  104  101   98
   96   94   94   94   95   97  100  103  107  111  115  119  123  127  130  133
  135  137  138  138  137  136  133  131  127  124  120  116  111  106  102   97
   93   89   85   82   78   75   73   71   70   69   69   69   70   71   72   74
   78   81   82   85   89   97   95   95  101                                   
    80.0-180.0 180.0   5.0 450.0                            LAT/LON1/LON2/DLON/H
   99  108  115  113  112  115  116  117  115  112  106  102   96   90   85   81
   78   76   75   76   77   81   85   89   95  101  107  114  120  126  132  137
  141  145  147  148  148  147  145  143  139  135  130  125  120  114  109  103
   98   93   88   83   79   75   72   69   67   65   64   64   64   64   65   67
   70   73   74   76   79   86   89   91   99                                   
    77.5-180.0 180.0   5.0 450.0                            LAT/LON1/LON2/DLON/H
   99  102  109  109  109  113  114  113  111  106   99   93   85   79   72   67
   64   62   61   63   66   70   76   82   90   98  106  115  124  133  142  150
  157  163  167  170  171  171  170  167  164  159  154  148  143  136  130  124
  118  111  105  100   94   89   85   81   77   74   71   69   68   67   66   67
   68   69   70   73   79   80   84   89   99                                   
    75.0-180.0 180.0   5.0 450.0                            LAT/LON1/LON2/DLON/H
   91   98  100  103  103  108  108  106  103   97   89   82   73   66   60   55
   52   51   53   56   61   67   74   82   91  100  111  121  132  144  155  165
  174  182  189  194  196  197  197  195  193  189  184  179  174  168  162  155
  149  142  135  128  122  115  109  103   98   93   89   85   82   79   78   77
   76   75   76   74   79   79   82   81   91                                   
    72.5-180.0 180.0   5.0 450.0                            LAT/LON1/LON2/DLON/H
   81   87   89   93   94   99  100   98   94   88   80   73   65   58   52   49
   48   49   53   58   64   72   81   90   99  109  120  131  143  156  168  181
  192  202  210  216  220  222  222  221  219  216  213  209  204  199  193  186
  180  172  165  157  149  141  133  125  118  111  105   99   94   90   87   84
   82   79   79   75   79   78   81   82   81                                   
    70.0-180.0 180.0   5.0 450.0                            LAT/LON1/LON2/DLON/H
   73   77   80   84   86   91   91   90   87   81   74   66   59   53   49   47
   48   52   58   66   74   83   93  102  111  120  131  142  154  167  180  194
  206  217  226  233  238  241  242  241  240  238  235  232  229  224  219  213
  206  198  189  180  171  161  151  141  132  123  115  107  102   97   93   90
   87   83   82   77   78   76   80   81   73                                   
    67.5-180.0 180.0   5.0 450.0                            LAT/LON1/LON2/DLON/H
   63   69   72   77   81   88   89   90   87   82   75   69   62   57   54   54
   57   63   70   79   88   97  106  114  122  130  139  149  161  175  189  203
  217  228  238  245  249  252  253  252  251  250  249  247  244  241  236  230
  222  214  204  193  182  171  159  147  136  125  115  107  101   96   92   90
   88   85   84   77   77   75   77   78   63                                   
    65.0-180.0 180.0   5.0 450.0                            LAT/LON1/LON2/DLON/H
   56   62   64   70   75   82   85   87   85   82   77   72   66   62   61   62
   67   73   82   91  101  109  117  124  130  137  144  154  166  180  195  210
  224  236  246  253  257  258  259  258  258  257  257  256  254  251  246  239
  230  220  209  197  184  170  156  142  129  116  106   97   90   85   83   82
   81   80   80   75   75   73   74   76   56                                   
    62.5-180.0 180.0   5.0 450.0                            LAT/LON1/LON2/DLON/H
   49   55   56   62   67   74   78   81   82   81   78   74   70   68   67   70
   74   81   89   98  106  113  120  125  130  136  143  153  165  180  196  212
  227  240  250  256  259  260  260  259  259  259  259  259  258  254  248  240
  230  218  205  192  177  162  147  131  116  103   91   81   74   69   68   68
   68   69   71   68   69   67   68   71   49                                   
    60.0-180.0 180.0   5.0 450.0                            LAT/LON1/LON2/DLON/H
   45   50   50   55   58   64   69   73   75   76   75   73   71   69   69   72
   76   82   89   96  103  109  114  119  124  131  139  149  163  178  196  213
  229  243  252  258  261  261  260  260  259  260  261  261  259  255  248  239
  227  214  200  186  171  155  139  122  107   92   79   69   61   56   53   54
   55   57   61   60   63   61   63   66   45                                   
    57.5-180.0 180.0   5.0 450.0                            LAT/LON1/LON2/DLON/H
   45   48   47   49   51   55   59   63   67   69   70   69   68   67   68   70
   73   78   83   88   94   99  105  111  118  126  135  147  162  179  198  216
  233  247  258  264  266  266  265  264  264  265  265  265  263  258  250  240
  228  214  201  186  172  156  141  124  109   94   80   69   60   53   49   49
   49   52   56   56   61   59   61   64   45                                   
    55.0-180.0 180.0   5.0 450.0                            LAT/LON1/LON2/DLON/H
   52   50   47   48   47   49   52   55   59   62   64   64   63   63   63   65
   68   71   75   79   84   89   96  105  114  124  136  150  165  183  202  221
  239  254  265  271  274  275  274  272  272  273  273  272  269  263  255  244
  232  220  207  195  182  168  153  138  123  109   96   84   73   65   58   55
   54   55   60   60   65   63   65   67   52                                   
    52.5-180.0 180.0   5.0 450.0                            LAT/LON1/LON2/DLON/H
   63   59   54   51   48   49   49   51   55   58   59   60   59   59   59   60
   63   66   69   73   78   85   94  105  117  130  143  157  173  190  208  227
  245  261  273  281  285  286  286  285  284  284  284  282  278  272  263  253
  242  231  220  210  198  186  173  160  147  134  121  110   99   88   80   74
   70   70   72   73   77   76   76   76   63                                   
    50.0-180.0 180.0   5.0 450.0                            LAT/LON1/LON2/DLON/H
   78   73   66   61   56   55   54   54   57   59   60   60   59   58   58   59
   62   65   69   73   79   88   99  113  127  142  156  170  184  199  215  233
  251  267  280  290  296  299  300  299  299  298  297  294  289  281  272  263
  253  244  236  227  217  206  194  182  170  159  149  139  128  117  107  100
   93   90   91   90   94   94   94   90   78                                   
    47.5-180.0 180.0   5.0 450.0                            LAT/LON1/LON2/DLON/H
   95   89   81   75   69   67   65   64   65   67   67   66   63   61   61   63
   67   71   76   82   89   99  112  128  144  159  173  184  196  208  221  236
  253  269  284  297  306  311  314  314  314  312  309  305  298  290  281  272
  263  256  248  240  230  218  206  194  184  174  167  159  151  142  132  123
  116  111  110  108  112  112  112  106   95                                   
    45.0-180.0 180.0   5.0 450.0                            LAT/LON1/LON2/DLON/H
  109  104   98   92   86   83   80   78   79   79   79   76   73   70   70   72
   77   84   90   97  105  116  130  146  163  177  189  198  206  213  223  235
  250  267  284  299  312  321  326  327  327  324  319  313  305  295  286  277
  269  262  254  244  232  219  205  192  181  173  168  163  158  152  145  138
  130  125  122  120  123  126  126  120  109                                   
    42.5-180.0 180.0   5.0 450.0                            LAT/LON1/LON2/DLON/H
  116  115  112  108  103  100   98   96   95   95   93   90   86   83   83   86
   92  100  107  115  124  135  149  164  179  192  202  207  211  215  221  231
  244  261  280  298  314  327  334  338  337  334  328  319  309  299  289  280
  271  263  253  240  225  208  191  176  164  156  152  150  149  146  142  138
  133  128  125  122  126  130  131  128  116                                   
    40.0-180.0 180.0   5.0 450.0                            LAT/LON1/LON2/DLON/H
  115  119  119  119  117  115  114  112  111  110  108  105  100   97   97  101
  108  116  125  133  141  151  163  177  190  201  208  211  212  214  218  226
  239  257  277  298  317  332  342  346  347  343  336  327  316  304  294  284
  275  265  252  236  218  198  177  159  145  136  131  130  129  129  129  127
  124  121  118  115  118  123  125  124  115                                   
    37.5-180.0 180.0   5.0 450.0                            LAT/LON1/LON2/DLON/H
  108  116  118  121  123  122  123  122  121  120  119  116  113  110  110  113
  121  129  138  145  153  161  171  183  194  203  209  211  212  212  216  224
  238  256  278  301  322  339  351  357  358  355  348  339  329  318  308  298
  289  277  263  245  225  202  180  159  142  129  121  116  115  114  115  115
  114  111  108  104  105  109  112  113  108                                   
    35.0-180.0 180.0   5.0 450.0                            LAT/LON1/LON2/DLON/H
   99  108  111  115  119  120  123  123  123  124  124  123  121  119  119  123
  129  137  145  152  158  166  174  184  194  202  208  211  213  214  219  229
  244  264  287  311  334  352  366  373  376  374  369  361  352  343  335  327
  319  308  294  276  256  235  212  190  169  151  137  127  121  117  115  115
  113  109  104   97   95   95  100  100   99                                   
    32.5-180.0 180.0   5.0 450.0                            LAT/LON1/LON2/DLON/H
   94  101  102  106  109  109  113  114  116  118  121  123  123  123  124  127
  133  140  147  153  160  167  175  184  193  201  208  213  217  221  229  241
  258  280  306  331  355  374  388  397  402  402  400  395  389  383  378  374
  368  360  348  334  317  299  278  256  232  210  189  172  159  149  143  139
  134  126  118  105   98   93   96   92   94                                   
    30.0-180.0 180.0   5.0 450.0                            LAT/LON1/LON2/DLON/H
   97  101   97   98   99   96   99  101  103  107  112  117  120  122  124  127
  132  138  145  152  160  168  176  185  195  204  212  219  226  234  245  261
  282  307  335  362  387  406  421  431  437  441  442  441  439  438  438  437
  436  432  426  417  407  394  377  356  330  303  276  252  232  216  204  194
  183  171  156  136  122  107  106   95   97                                   
    27.5-180.0 180.0   5.0 450.0                            LAT/LON1/LON2/DLON/H
  110  110  100   98   95   90   90   90   92   96  102  109  114  118  121  124
  128  133  141  150  160  171  181  191  201  210  219  228  239  252  269  289
  315  344  374  403  427  446  460  471  480  486  491  496  499  504  509  515
  519  521  522  521  519  514  503  484  457  426  392  361  334  312  294  278
  261  242  220  192  169  142  134  113  110                                   
    25.0-180.0 180.0   5.0 450.0                            LAT/LON1/LON2/DLON/H
  136  131  112  106  101   92   91   87   88   91   96  103  109  114  117  119
  123  128  137  148  162  177  190  201  210  219  229  242  258  276  298  324
  353  385  417  447  471  489  503  514  525  534  543  553  562  573  585  596
  607  616  624  632  639  643  638  622  595  559  520  483  450  422  399  378
  355  331  301  266  233  195  175  146  136                                   
    22.5-180.0 180.0   5.0 450.0                            LAT/LON1/LON2/DLON/H
  173  162  136  125  117  105  100   95   93   94   97  102  107  111  114  116
  119  125  135  149  167  185  201  212  221  229  241  258  280  304  331  359
  391  425  458  488  511  528  541  553  565  578  590  604  618  634  651  668
  683  697  711  725  739  748  747  732  703  666  624  584  548  518  493  470
  446  420  385  345  303  257  226  191  173                                   
    20.0-180.0 180.0   5.0 450.0                            LAT/LON1/LON2/DLON/H
  215  200  170  151  139  125  118  110  105  104  104  107  110  112  114  115
  118  124  135  152  173  194  211  223  231  241  255  277  303  331  361  392
  424  459  491  519  541  557  570  583  597  611  626  641  659  678  697  715
  731  746  760  775  789  797  795  778  748  709  668  630  597  570  549  529
  507  486  452  413  366  318  281  242  215                                   
    17.5-180.0 180.0   5.0 450.0                            LAT/LON1/LON2/DLON/H
  257  240  209  183  165  149  139  129  122  117  115  115  115  115  115  116
  119  126  138  156  179  201  219  231  240  251  269  294  324  355  387  418
  451  483  513  539  560  576  590  604  618  633  648  664  681  699  716  732
  744  755  764  773  780  781  772  751  719  680  642  610  584  565  550  538
  524  511  485  452  406  362  327  288  257                                   
    15.0-180.0 180.0   5.0 450.0                            LAT/LON1/LON2/DLON/H
  287  272  247  217  193  175  162  149  139  132  126  123  120  118  118  119
  122  129  142  160  183  206  224  236  246  260  281  309  342  375  407  438
  468  498  526  550  569  586  601  617  632  647  660  674  687  701  714  723
  728  730  729  728  724  714  696  668  631  593  559  534  518  508  504  500
  496  493  479  456  417  381  351  317  287                                   
    12.5-180.0 180.0   5.0 450.0                            LAT/LON1/LON2/DLON/H
  300  290  273  244  217  196  181  166  153  143  135  129  124  121  120  121
  125  133  146  164  187  209  227  239  251  267  292  323  357  390  421  450
  478  505  531  554  573  591  608  625  641  656  667  677  686  694  699  700
  696  688  676  662  646  625  598  562  522  483  452  434  426  425  429  433
  438  444  442  429  401  374  352  326  300                                   
    10.0-180.0 180.0   5.0 450.0                            LAT/LON1/LON2/DLON/H
  298  294  285  257  231  209  193  176  161  149  140  132  126  122  121  123
  128  137  150  169  191  212  229  243  256  276  303  337  372  404  432  459
  484  510  534  555  574  592  611  630  647  662  671  678  682  684  683  677
  665  648  628  604  579  550  516  475  432  392  363  347  343  346  353  361
  371  383  389  385  368  351  336  317  298                                   
     7.5-180.0 180.0   5.0 450.0                            LAT/LON1/LON2/DLON/H
  289  289  283  258  233  211  195  177  161  149  140  132  126  122  122  125
  131  141  155  174  195  216  234  248  264  287  317  353  387  418  444  468
