data/edconvlstm_nd/pred3510.15i
     1.0            IONOSPHERE MAPS     GNSS                IONEX VERSION / TYPE
pyspatialgeodesy        IME             05-JAN-18 20:20     PGM / RUN BY / DATE 
Map Name                                                    COMMENT             
Predicted global ionosphere maps (GIM).                     DESCRIPTION         
  2015    12    17     0     0     0                        EPOCH OF FIRST MAP  
  2015    12    18     0     0     0                        EPOCH OF LAST MAP   
  7200                                                      INTERVAL            
    13                                                      # OF MAPS IN FILE   
  NONE                                                      MAPPING FUNCTION    
10.0                                                        ELEVATION CUTOFF    
One-way carrier phase leveled to code                       OBSERVABLES USED    
  6371.0                                                    BASE RADIUS         
 2                                                          MAP DIMENSION       
   450.0 450.0   0.0                                        HGT1 / HGT2 / DHGT  
    87.5 -87.5  -2.5                                        LAT1 / LAT2 / DLAT  
  -180.0 180.0   5.0                                        LON1 / LON2 / DLON  
    -1                                                      EXPONENT            
                                                            END OF HEADER       
[from data line 2145]
     6                                                      START OF TEC MAP    
  2015    12    17    10     0     0                        EPOCH OF CURRENT MAP
    87.5-180.0 180.0   5.0 450.0                            LAT/LON1/LON2/DLON/H
   31   42   41   42   43   42   42   37   36   37   36   36   36   35   34   34
   33   33   32   31   31   30   30   29   29   28   28   28   28   27   27   27
   27   27   26   26   26   26   26   26   26   26   26   26   26   26   26   27
   27   27   27   28   28   28   29   29   29   29   30   30   31   31   31   32
   34   34   33   33   39   45   59   59   31                                   
    85.0-180.0 180.0   5.0 450.0                            LAT/LON1/LON2/DLON/H
   31   54   62   49   50   51   51   50   49   50   48   48   47   46   45   45
   44   44   43   43   42   42   42   41   41   41   40   40   40   40   40   40
   40   39   39   39   39   39   39   39   39   39   39   39   39   39   39   39
   39   39   39   39   40   40   40   40   41   41   41   42   42   43   44   45
   46   47   44   44   49   52   65   58   31                                   
    82.5-180.0 180.0   5.0 450.0                            LAT/LON1/LON2/DLON/H
   31   47   60   51   51   51   50   49   49   48   47   46   45   43   42   41
   40   39   39   38   38   37   37   36   36   36   36   36   35   35   35   35
   35   36   36   36   36   36   36   36   36   36   36   36   36   36   36   36
   36   36   36   36   36   36   36   37   37   37   38   38   39   39   40   41
   43   44   43   42   51   54   56   51   31                                   
    80.0-180.0 180.0   5.0 450.0                            LAT/LON1/LON2/DLON/H
   40   49   63   54   56   52   52   50   50   48   46   45   43   41   39   38
   36   35   35   34   34   34   34   34   34   33   33   33   33   33   34   34
   34   35   35   36   37   37   38   38   38   38   38   38   38   38   37   37
   37   37   36   36   36   36   36   36   36   36   36   36   37   38   39   40
   42   43   44   44   49   54   56   53   40                                   
    77.5-180.0 180.0   5.0 450.0                            LAT/LON1/LON2/DLON/H
   50   55   59   50   51   49   49   48   47   45   42   40   38   35   33   31
   30   29   29   29   29   30   30   31   31   31   31   31   31   31   32   32
   33   34   35   36   37   38   39   40   40   41   41   40   40   40   39   39
   39   39   39   39   38   37   37   36   35   35   34   34   34   34   34   35
   36   37   38   40   41   40   46   45   50                                   
    75.0-180.0 180.0   5.0 450.0                            LAT/LON1/LON2/DLON/H
   37   47   49   45   46   46   45   44   42   41   37   35   32   30   27   26
   25   24   24   25   26   28   29   30   31   31   31   31   31   31   31   32
   32   34   36   38   40   42   44   46   47   47   47   47   47   47   47   47
   47   47   47   46   45   44   42   40   38   37   35   34   33   33   33   33
   34   34   35   35   39   36   39   35   37                                   
    72.5-180.0 180.0   5.0 450.0                            LAT/LON1/LON2/DLON/H
   34   43   44   41   41   44   43   42   40   38   35   32   29   26   24   22
   21   21   21   23   24   27   29   30   31   32   32   31   30   30   29   30
   31   33   36   39   43   47   50   53   55   56   57   57   57   57   58   58
   59   59   58   57   55   53   50   47   43   40   38   36   34   33   32   32
   32   33   35   35   38   35   37   34   34                                   
    70.0-180.0 180.0   5.0 450.0                            LAT/LON1/LON2/DLON/H
   30   38   42   40   40   40   40   39   38   37   34   32   28   26   23   21
   20   20   21   23   26   29   32   34   35   36   35   34   32   31   30   30
   31   34   38   43   48   54   59   63   66   69   70   71   71   72   73   74
   75   75   74   71   68   64   59   54   50   45   42   39   37   35   34   34
   34   34   36   35   38   36   40   37   30                                   
    67.5-180.0 180.0   5.0 450.0                            LAT/LON1/LON2/DLON/H
   26   35   38   36   36   38   38   38   38   37   35   33   30   27   25   23
   22   22   23   26   29   32   35   38   39   39   38   36   33   31   30   30
   31   34   39   45   53   60   67   73   78   81   83   84   85   87   89   90
   91   90   88   85   79   73   66   60   53   48   44   41   38   36   35   35
   34   34   36   35   38   36   39   36   26                                   
    65.0-180.0 180.0   5.0 450.0                            LAT/LON1/LON2/DLON/H
   26   34   35   35   34   36   36   37   38   38   37   36   33   31   29   27
   26   26   27   29   33   36   39   42   43   43   41   38   36   33   31   32
   33   37   43   51   59   69   77   85   90   94   97   99  101  103  106  108
  109  108  104   98   91   82   73   64   57   51   46   43   40   38   37   37
   37   36   38   37   41   40   43   41   26                                   
    62.5-180.0 180.0   5.0 450.0                            LAT/LON1/LON2/DLON/H
   27   33   34   33   32   34   35   36   37   38   38   38   36   34   32   31
   30   30   31   32   35   38   41   44   45   44   42   40   37   35   34   34
   37   42   48   57   67   77   87   95  101  106  109  112  114  117  120  123
  123  122  117  109   99   88   76   66   58   52   47   43   41   39   37   37
   37   36   38   38   41   41   44   44   27                                   
    60.0-180.0 180.0   5.0 450.0                            LAT/LON1/LON2/DLON/H
   31   34   33   32   30   32   32   33   35   36   37   37   36   35   34   33
   32   32   32   33   35   37   39   41   42   42   40   39   37   36   36   38
   42   48   55   64   75   85   95  104  110  115  118  121  124  127  131  134
  134  132  126  116  104   91   79   68   59   53   48   44   41   38   36   35
   34   34   36   36   40   40   43   43   31                                   
    57.5-180.0 180.0   5.0 450.0                            LAT/LON1/LON2/DLON/H
   35   36   34   33   30   31   31   32   34   35   36   37   37   36   36   36
   35   34   33   33   34   35   36   38   38   38   38   37   38   39   41   45
   51   58   66   75   85   96  106  114  120  125  128  131  134  138  142  145
  145  143  136  126  113   99   86   75   66   59   54   49   45   41   38   36
   34   33   35   35   39   39   43   44   35                                   
    55.0-180.0 180.0   5.0 450.0                            LAT/LON1/LON2/DLON/H
   41   40   37   35   33   32   32   32   33   34   35   36   36   37   37   37
   37   36   34   33   33   33   33   34   34   35   35   36   39   42   48   54
   62   70   79   88   98  108  117  125  131  135  138  141  144  148  152  155
  156  153  146  136  123  109   97   86   78   72   66   60   54   48   43   39
   36   34   36   36   40   40   43   45   41                                   
    52.5-180.0 180.0   5.0 450.0                            LAT/LON1/LON2/DLON/H
   47   46   43   40   37   37   35   35   35   35   35   36   36   37   38   39
   39   38   36   34   33   32   31   31   32   32   33   36   41   47   55   64
   74   83   93  102  111  121  129  137  142  146  149  151  154  158  162  165
  166  163  157  147  135  122  111  102   95   89   82   75   68   60   53   47
   43   40   40   39   43   42   46   47   47                                   
    50.0-180.0 180.0   5.0 450.0                            LAT/LON1/LON2/DLON/H
   53   54   50   48   44   44   42   40   39   38   37   37   38   39   40   42
   42   41   39   37   34   33   31   31   31   31   33   37   43   52   63   74
   86   96  106  116  125  134  142  149  155  158  161  163  165  168  172  174
  175  173  167  158  147  136  126  118  112  107  100   92   83   74   66   59
   54   49   48   46   49   48   51   52   53                                   
    47.5-180.0 180.0   5.0 450.0                            LAT/LON1/LON2/DLON/H
   60   62   58   56   53   53   50   47   45   43   41   41   40   42   43   45
   46   45   44   41   38   36   34   33   32   33   35   40   47   57   70   82
   95  107  118  128  138  147  155  162  167  170  172  174  176  178  181  183
  184  181  176  167  157  147  139  132  127  121  115  107   97   88   79   73
   67   62   59   55   57   56   59   60   60                                   
    45.0-180.0 180.0   5.0 450.0                            LAT/LON1/LON2/DLON/H
   65   69   65   65   62   64   60   57   53   50   47   46   45   46   47   49
   50   51   50   48   45   43   40   38   37   37   40   45   53   63   75   88
  102  114  127  138  150  160  169  176  180  182  184  184  186  188  190  191
  191  188  183  174  165  155  147  141  135  130  123  115  106   98   91   85
   80   75   72   66   66   65   68   69   65                                   
    42.5-180.0 180.0   5.0 450.0                            LAT/LON1/LON2/DLON/H
   67   73   70   72   70   73   70   66   63   59   56   54   52   52   52   54
   56   57   57   56   55   52   49   47   45   44   47   52   59   69   80   93
  106  119  133  147  161  173  182  189  193  194  194  194  195  196  198  198
  197  194  188  180  170  160  151  144  138  132  125  117  109  103   97   94
   90   86   82   76   75   74   76   76   67                                   
    40.0-180.0 180.0   5.0 450.0                            LAT/LON1/LON2/DLON/H
   68   75   72   75   75   80   78   75   72   69   65   63   61   59   59   60
   62   64   66   66   65   63   60   56   54   54   56   61   68   77   86   98
  110  125  141  157  173  186  196  202  205  205  205  204  204  205  206  205
  203  199  193  185  175  164  153  144  136  129  122  114  108  103   99   98
   96   93   89   83   80   79   81   80   68                                   
    37.5-180.0 180.0   5.0 450.0                            LAT/LON1/LON2/DLON/H
   66   73   70   75   76   81   81   80   78   77   74   73   70   68   66   66
   68   71   73   75   75   73   69   65   63   63   66   71   79   87   96  106
  119  134  152  170  188  202  212  217  218  217  216  215  215  216  216  215
  212  208  202  193  183  171  158  147  137  127  119  111  105  101   99   99
   98   95   92   85   82   79   80   80   66                                   
    35.0-180.0 180.0   5.0 450.0                            LAT/LON1/LON2/DLON/H
   64   68   65   70   73   79   80   81   81   81   81   81   78   75   72   71
   73   76   80   82   82   80   76   73   71   72   76   83   92  101  110  120
  134  150  170  190  208  222  231  234  234  232  230  229  230  231  231  229
  226  222  216  209  198  186  172  158  145  134  124  115  108  103  100  100
   98   94   91   84   81   76   77   76   64                                   
    32.5-180.0 180.0   5.0 450.0                            LAT/LON1/LON2/DLON/H
   63   64   61   65   67   73   76   78   81   82   84   85   83   80   77   75
   77   80   84   87   87   85   81   78   77   79   86   96  107  118  129  141
  156  174  195  216  233  246  253  255  254  250  248  248  249  251  252  250
  248  245  240  234  225  213  198  183  168  154  142  130  121  114  108  105
  101   95   91   83   79   72   73   73   63                                   
    30.0-180.0 180.0   5.0 450.0                            LAT/LON1/LON2/DLON/H
   64   63   58   60   62   67   70   73   77   80   83   86   86   83   80   78
   79   83   87   89   89   86   83   80   81   86   96  110  124  138  152  167
  185  205  227  248  264  275  281  281  278  274  272  273  275  278  279  279
  277  276  273  270  263  253  239  223  207  191  176  162  149  137  128  119
  111  102   96   86   82   73   74   72   64                                   
    27.5-180.0 180.0   5.0 450.0                            LAT/LON1/LON2/DLON/H
   68   65   59   58   59   63   65   68   72   76   80   84   85   83   81   80
   81   85   88   89   88   85   82   81   84   92  105  122  140  158  176  196
  217  240  263  284  299  308  312  311  307  304  302  304  307  311  314  314
  314  315  315  315  311  303  291  276  259  242  224  207  191  175  160  146
  131  118  110   97   92   80   82   79   68                                   
    25.0-180.0 180.0   5.0 450.0                            LAT/LON1/LON2/DLON/H
   78   74   65   62   61   62   64   65   68   72   76   80   82   82   81   81
   82   85   87   87   85   83   81   83   88   98  114  133  155  178  201  225
  250  277  301  321  335  343  346  344  341  338  338  340  345  349  353  355
  357  360  364  367  367  362  352  338  321  302  283  263  244  224  203  183
  163  146  133  117  110   97   98   92   78                                   
    22.5-180.0 180.0   5.0 450.0                            LAT/LON1/LON2/DLON/H
   94   88   77   71   68   67   67   66   68   70   74   77   79   80   80   81
   83   85   85   84   82   81   82   85   93  105  122  144  169  196  224  253
  282  312  337  357  370  377  379  378  376  375  376  379  384  390  395  398
  402  408  415  422  425  424  416  403  385  365  344  323  301  278  253  229
  204  183  166  147  138  123  122  113   94                                   
    20.0-180.0 180.0   5.0 450.0                            LAT/LON1/LON2/DLON/H
  114  108   95   85   79   77   75   72   72   73   74   77   78   80   81   82
   84   85   84   82   81   81   84   90  100  113  132  155  183  213  244  277
  310  341  366  386  398  405  408  410  410  411  413  417  422  428  434  439
  445  453  462  471  477  477  471  458  441  421  399  377  354  330  303  276
  248  225  204  183  171  154  150  139  114                                   
    17.5-180.0 180.0   5.0 450.0                            LAT/LON1/LON2/DLON/H
  137  130  116  103   95   90   88   83   81   80   79   80   81   82   83   85
   86   87   85   84   83   85   91   98  109  124  143  167  196  228  261  296
  330  361  387  405  418  426  431  436  438  441  444  448  454  460  465  471
  478  487  497  505  511  511  506  494  477  458  437  416  394  370  343  315
  287  264  241  220  204  185  178  167  137                                   
    15.0-180.0 180.0   5.0 450.0                            LAT/LON1/LON2/DLON/H
  158  151  137  122  112  105  102   97   94   91   89   87   87   87   89   90
   91   91   90   89   90   94  100  109  121  136  156  181  210  242  276  310
  343  373  397  416  429  439  447  453  459  463  466  470  475  481  486  492
  499  507  514  520  523  522  516  505  490  473  454  436  416  393  368  341
  315  293  271  251  233  213  202  190  158                                   
    12.5-180.0 180.0   5.0 450.0                            LAT/LON1/LON2/DLON/H
  174  167  155  139  128  120  117  113  108  104  101   98   97   96   97   98
   99   99   99   99  101  106  112  121  134  151  172  197  225  256  288  320
  351  378  401  418  432  444  455  464  471  476  479  483  487  491  496  501
  507  513  517  519  519  516  508  498  484  469  453  437  419  399  376  352
  328  309  289  272  252  230  218  206  174                                   
    10.0-180.0 180.0   5.0 450.0                            LAT/LON1/LON2/DLON/H
  183  176  166  150  139  131  130  126  122  118  114  111  108  107  107  108
  109  110  111  113  116  120  125  134  147  166  189  214  242  271  300  328
  355  379  399  417  431  445  457  468  475  481  484  487  489  493  497  501
  506  510  511  510  506  500  492  481  468  455  441  427  412  394  373  350
  329  312  294  280  260  237  223  212  183                                   
     7.5-180.0 180.0   5.0 450.0                            LAT/LON1/LON2/DLON/H
  185  177  169  154  145  137  138  136  133  129  126  123  121  119  119  120
  121  123  126  129  132  134  138  146  161  181  206  233  260  286  311  335
