data/edconvlstm_nd/pred0700.15i
     1.0            IONOSPHERE MAPS     GNSS                IONEX VERSION / TYPE
pyspatialgeodesy        IME             05-JAN-18 20:20     PGM / RUN BY / DATE 
Map Name                                                    COMMENT             
Predicted global ionosphere maps (GIM).                     DESCRIPTION         
  2015     3    11     0     0     0                        EPOCH OF FIRST MAP  
  2015     3    12     0     0     0                        EPOCH OF LAST MAP   
  7200                                                      INTERVAL            
    13                                                      # OF MAPS IN FILE   
  NONE                                                      MAPPING FUNCTION    
10.0                                                        ELEVATION CUTOFF    
One-way carrier phase leveled to code                       OBSERVABLES USED    
  6371.0                                                    BASE RADIUS         
 2                                                          MAP DIMENSION       
   450.0 450.0   0.0                                        HGT1 / HGT2 / DHGT  
    87.5 -87.5  -2.5                                        LAT1 / LAT2 / DLAT  
  -180.0 180.0   5.0                                        LON1 / LON2 / DLON  
    -1                                                      EXPONENT            
                                                            END OF HEADER       
[from data line 4719]
    12                                                      START OF TEC MAP    
  2015     3    11    22     0     0                        EPOCH OF CURRENT MAP
    87.5-180.0 180.0   5.0 450.0                            LAT/LON1/LON2/DLON/H
  180  165  147  155  156  154  153  151  150  151  150  150  150  150  150  150
  150  149  148  147  146  144  143  141  139  137  135  134  132  131  129  128
  128  127  127  126  126  127  127  128  128  129  130  132  133  135  136  138
  140  142  144  145  147  149  150  152  153  154  155  156  157  158  158  158
  158  158  156  157  166  165  166  172  180                                   
    85.0-180.0 180.0   5.0 450.0                            LAT/LON1/LON2/DLON/H
  170  161  163  158  154  157  157  158  157  159  158  159  159  160  160  160
  160  159  158  157  155  153  151  148  146  143  140  138  136  134  132  131
  130  129  128  128  128  129  130  131  132  133  135  137  139  141  143  145
  148  150  152  154  157  159  161  162  164  165  167  168  168  169  169  169
  170  169  168  165  166  159  155  164  170                                   
    82.5-180.0 180.0   5.0 450.0                            LAT/LON1/LON2/DLON/H
  149  142  141  142  143  145  149  150  150  152  154  156  158  160  161  162
  162  161  160  158  155  152  148  144  139  135  131  127  123  120  118  115
  114  113  112  112  112  113  114  115  116  118  119  121  123  126  128  131
  134  136  139  142  145  147  150  152  154  156  158  159  160  161  161  161
  160  159  157  160  156  160  146  152  149                                   
    80.0-180.0 180.0   5.0 450.0                            LAT/LON1/LON2/DLON/H
  138  134  138  137  139  138  145  151  154  158  162  167  170  173  176  177
  178  177  175  171  167  162  155  149  142  135  129  123  118  113  110  107
  105  103  102  102  102  103  104  105  106  107  109  111  113  115  118  121
  124  127  130  133  137  140  143  146  149  151  154  156  157  158  159  160
  160  159  158  158  149  144  135  149  138                                   
    77.5-180.0 180.0   5.0 450.0                            LAT/LON1/LON2/DLON/H
  138  127  135  133  138  140  147  154  159  165  171  178  184  189  193  196
  197  196  193  189  183  176  168  159  150  141  133  125  118  113  109  105
  103  102  101  100  100  100  100  101  101  102  102  103  104  105  106  107
  109  111  114  116  119  122  124  127  130  132  135  137  139  141  144  145
  145  146  147  148  145  139  138  156  138                                   
    75.0-180.0 180.0   5.0 450.0                            LAT/LON1/LON2/DLON/H
  138  134  139  138  143  147  153  160  169  177  185  193  200  206  210  213
  214  213  210  205  198  190  180  170  159  149  139  130  123  117  112  109
  106  104  103  102  101  100  100   99   99   98   98   97   96   96   96   96
   97   97   99  100  102  104  105  108  110  112  115  118  121  125  129  132
  135  139  142  142  139  137  137  143  138                                   
    72.5-180.0 180.0   5.0 450.0                            LAT/LON1/LON2/DLON/H
  144  145  150  153  155  160  167  174  181  190  199  208  215  222  226  229
  230  229  225  220  213  203  193  181  168  156  145  135  127  120  115  111
  108  106  104  103  101  100   98   97   96   94   93   91   89   87   85   83
   82   81   81   81   82   82   83   84   86   88   91   95   99  104  110  116
  120  127  132  136  137  141  146  156  144                                   
    70.0-180.0 180.0   5.0 450.0                            LAT/LON1/LON2/DLON/H
  159  163  168  168  171  175  180  187  194  204  212  220  226  231  234  235
  235  233  230  225  218  209  198  186  174  161  150  139  131  124  118  114
  110  107  104  100   97   94   92   90   88   86   84   82   79   76   73   71
   68   67   66   65   65   65   65   66   67   69   72   76   81   88   96  104
  111  121  130  137  143  151  161  168  159                                   
    67.5-180.0 180.0   5.0 450.0                            LAT/LON1/LON2/DLON/H
  181  187  193  194  196  200  203  210  215  223  230  237  241  244  246  246
  244  242  239  235  228  220  210  198  185  172  160  149  140  132  126  121
  115  110  105  100   95   90   87   85   83   82   80   78   74   71   67   64
   61   59   58   57   57   57   57   57   57   59   62   67   73   81   91  102
  111  123  134  143  152  165  177  184  181                                   
    65.0-180.0 180.0   5.0 450.0                            LAT/LON1/LON2/DLON/H
  198  207  212  212  214  216  218  223  228  235  241  245  248  249  248  246
  244  242  240  236  231  224  215  204  192  179  167  157  147  139  132  125
  118  110  101   93   86   79   75   73   72   71   70   68   65   62   58   54
   51   50   49   49   50   50   50   50   50   52   55   60   67   76   87   99
  110  124  137  148  161  178  192  201  198                                   
    62.5-180.0 180.0   5.0 450.0                            LAT/LON1/LON2/DLON/H
  214  222  228  228  230  231  234  237  241  247  251  254  255  254  251  249
  247  245  244  241  238  232  224  213  202  190  178  167  158  150  141  133
  123  112  100   89   79   71   66   64   64   64   64   63   60   56   52   48
   46   45   46   47   48   49   50   50   51   52   56   61   69   79   91  103
  115  129  142  153  166  184  200  210  214                                   
    60.0-180.0 180.0   5.0 450.0                            LAT/LON1/LON2/DLON/H
  224  233  239  239  241  241  244  248  252  256  259  260  259  257  254  252
  250  249  248  247  244  239  232  222  212  201  190  180  172  163  154  143
  131  117  102   88   76   67   61   59   60   61   62   61   59   54   50   46
   45   45   47   49   52   54   55   56   56   58   62   67   76   86   97  110
  121  135  148  158  168  188  204  216  224                                   
    57.5-180.0 180.0   5.0 450.0                            LAT/LON1/LON2/DLON/H
  232  241  248  248  251  251  256  259  262  265  267  266  264  261  259  257
  256  255  255  254  251  246  239  230  221  211  202  194  186  177  168  156
  141  125  109   93   79   69   63   61   62   64   66   65   61   57   52   48
   47   48   52   55   59   62   64   65   66   68   71   77   85   95  107  120
  131  143  155  164  171  190  205  217  232                                   
    55.0-180.0 180.0   5.0 450.0                            LAT/LON1/LON2/DLON/H
  242  251  260  260  266  266  272  274  277  279  278  276  272  269  266  265
  264  264  263  261  258  252  245  237  229  222  215  208  200  192  181  168
  153  136  118  102   88   78   73   71   72   74   75   73   69   64   59   55
   55   57   61   66   70   73   75   77   78   80   83   89   97  107  119  132
  143  155  167  174  179  195  210  220  242                                   
    52.5-180.0 180.0   5.0 450.0                            LAT/LON1/LON2/DLON/H
  255  265  276  276  285  288  293  296  298  297  293  288  283  278  276  274
  274  273  271  267  262  256  249  243  236  230  225  218  211  202  190  176
  160  144  128  113  101   92   87   85   86   87   87   85   80   75   70   67
   67   70   75   79   83   86   87   88   89   91   94   99  107  117  130  144
  156  169  181  189  193  208  221  229  255                                   
    50.0-180.0 180.0   5.0 450.0                            LAT/LON1/LON2/DLON/H
  273  284  297  298  310  316  322  324  325  321  314  305  297  291  288  286
  284  282  278  272  266  260  254  248  243  239  233  226  217  206  192  177
  161  146  133  123  114  107  103  101  101  101  100   98   93   88   84   82
   83   87   91   94   96   98   98   99   99  100  102  107  114  125  139  154
  168  184  197  207  212  226  239  244  273                                   
    47.5-180.0 180.0   5.0 450.0                            LAT/LON1/LON2/DLON/H
  294  305  319  322  337  347  354  356  355  349  338  326  315  307  301  298
  294  290  284  277  271  265  260  255  251  246  239  230  217  202  185  168
  153  141  132  126  122  119  117  115  114  113  112  109  105  101   98   98
  100  103  106  108  108  107  106  106  106  107  108  112  119  130  145  162
  178  197  213  226  233  247  260  264  294                                   
    45.0-180.0 180.0   5.0 450.0                            LAT/LON1/LON2/DLON/H
  313  323  338  344  362  375  384  387  385  377  364  349  336  325  317  311
  305  298  291  284  278  273  269  265  261  253  243  229  212  192  172  153
  139  130  126  125  126  126  125  124  122  121  119  118  115  113  112  113
  115  118  119  118  115  112  110  110  111  111  113  116  123  134  150  168
  186  207  225  242  253  267  281  287  313                                   
    42.5-180.0 180.0   5.0 450.0                            LAT/LON1/LON2/DLON/H
  328  338  353  361  381  396  406  411  409  402  388  373  358  345  336  327
  318  309  301  294  289  287  284  280  272  261  245  226  204  180  158  140
  127  121  120  123  128  130  130  129  127  125  124  123  122  121  121  123
  125  126  126  122  118  113  111  111  113  114  116  119  126  137  153  172
  190  213  233  252  267  283  297  308  328                                   
    40.0-180.0 180.0   5.0 450.0                            LAT/LON1/LON2/DLON/H
  337  347  362  370  391  406  417  423  424  419  407  393  379  367  356  345
  334  324  315  310  307  306  303  297  286  269  248  224  199  176  155  138
  128  123  124  129  134  137  136  134  131  129  128  128  127  127  127  128
  129  129  127  122  116  111  109  111  113  116  118  122  129  140  156  174
  192  214  234  255  272  290  306  323  337                                   
    37.5-180.0 180.0   5.0 450.0                            LAT/LON1/LON2/DLON/H
  343  352  367  374  394  407  419  425  428  427  419  410  399  388  378  366
  354  343  335  331  330  329  325  316  299  278  253  229  206  187  172  159
  151  146  147  149  152  152  149  144  139  136  134  133  132  131  129  129
  128  127  124  118  112  108  108  111  115  119  121  125  132  143  158  175
  190  210  230  250  267  288  305  327  343                                   
    35.0-180.0 180.0   5.0 450.0                            LAT/LON1/LON2/DLON/H
  348  358  373  378  396  405  416  422  428  430  427  422  416  409  400  389
  377  366  358  355  355  353  346  332  312  289  265  246  231  222  216  210
  203  197  192  189  185  179  170  161  154  148  145  142  139  135  131  129
  126  124  120  116  111  109  111  115  120  124  127  131  137  148  162  176
  188  205  222  241  257  279  300  323  348                                   
    32.5-180.0 180.0   5.0 450.0                            LAT/LON1/LON2/DLON/H
  359  369  385  386  403  408  418  422  429  433  434  434  432  429  423  413
  401  391  384  380  377  372  362  346  326  305  288  279  278  283  290  292
  287  276  263  249  234  217  201  187  175  166  160  154  148  141  135  130
  127  124  121  118  115  115  118  124  129  133  136  139  145  156  169  181
  190  203  217  234  249  272  295  319  359                                   
    30.0-180.0 180.0   5.0 450.0                            LAT/LON1/LON2/DLON/H
  380  390  407  405  422  422  430  433  440  445  447  449  451  450  446  437
  426  416  408  401  395  385  372  356  340  328  323  330  347  371  393  405
  401  383  356  325  294  265  239  217  201  188  178  169  159  150  143  137
  133  130  129  127  126  127  130  135  140  144  146  149  156  166  179  190
  196  207  218  234  249  273  298  321  380                                   
    27.5-180.0 180.0   5.0 450.0                            LAT/LON1/LON2/DLON/H
  411  422  439  437  454  453  459  459  466  469  471  473  475  476  473  464
  453  441  430  419  407  392  378  366  359  360  373  399  438  483  522  541
  535  505  459  406  356  312  276  248  227  210  196  183  172  162  154  149
  145  144  142  141  140  140  142  145  149  151  153  156  164  176  190  201
  207  217  226  242  258  285  312  334  411                                   
    25.0-180.0 180.0   5.0 450.0                            LAT/LON1/LON2/DLON/H
  449  462  481  482  502  501  506  505  509  509  509  509  509  509  505  496
  483  468  453  435  416  397  384  380  386  404  436  484  543  605  653  674
  659  613  547  474  406  350  306  272  247  227  210  195  183  174  168  165
  164  163  161  159  156  153  152  152  152  152  154  158  167  180  197  211
  219  230  240  258  277  305  335  356  449                                   
    22.5-180.0 180.0   5.0 450.0                            LAT/LON1/LON2/DLON/H
  490  505  527  535  561  562  568  567  569  566  561  557  554  552  546  535
  520  501  479  455  429  408  399  404  426  462  512  574  644  709  754  765
  737  675  593  507  430  367  319  284  257  235  217  202  191  186  185  186
  187  187  184  179  172  165  159  155  152  150  150  155  165  180  200  217
  230  245  258  278  299  330  363  385  490                                   
    20.0-180.0 180.0   5.0 450.0                            LAT/LON1/LON2/DLON/H
  526  544  569  586  620  628  638  638  639  633  625  617  611  606  598  584
  566  543  516  486  456  434  430  446  482  531  590  654  717  769  797  790
  746  672  583  495  419  359  314  281  256  235  217  204  197  196  201  208
  213  213  208  199  187  175  164  155  149  145  144  149  160  177  200  222
  239  260  276  298  322  354  390  415  526                                   
    17.5-180.0 180.0   5.0 450.0                            LAT/LON1/LON2/DLON/H
  550  570  600  625  668  685  700  705  709  703  693  684  676  669  659  644
  624  598  568  534  502  483  484  509  552  604  657  706  746  770  770  740
  681  602  518  441  378  330  294  268  247  229  214  204  201  206  217  228
  235  235  227  213  196  179  163  151  143  138  137  141  154  173  199  225
  248  273  293  317  341  375  412  440  550                                   
    15.0-180.0 180.0   5.0 450.0                            LAT/LON1/LON2/DLON/H
  560  580  614  645  696  722  744  756  766  764  758  750  743  737  728  713
  692  667  637  603  573  556  561  587  626  667  698  717  721  709  679  628
  562  489  421  365  323  293  271  254  239  226  214  207  207  215  229  241
  248  245  233  216  195  175  157  144  135  130  129  135  149  170  199  229
  256  285  307  331  356  391  427  457  560                                   
    12.5-180.0 180.0   5.0 450.0                            LAT/LON1/LON2/DLON/H
  556  577  614  648  703  736  766  784  800  807  807  806  805  803  796  784
  767  745  718  688  662  647  651  670  693  709  706  685  649  603  549  487
  424  367  323  293  275  265  258  251  243  234  224  218  218  225  236  245
  248  242  227  208  186  166  149  136  129  125  125  131  146  170  201  233
  262  293  318  341  365  400  436  466  556                                   
    10.0-180.0 180.0   5.0 450.0                            LAT/LON1/LON2/DLON/H
  546  569  606  641  697  735  769  791  813  827  837  845  852  856  856  849
  837  821  800  777  755  741  739  743  742  724  683  622  553  483  416  356
  306  271  252  249  254  261  267  268  264  257  248  240  236  237  240  242
  238  228  212  192  173  155  141  131  126  123  124  131  146  171  203  237
  267  299  324  347  370  406  442  471  546                                   
     7.5-180.0 180.0   5.0 450.0                            LAT/LON1/LON2/DLON/H
  538  564  601  634  689  727  762  785  811  830  847  863  879  891  898  898
  892  883  870  854  836  820  808  794  766  715  639  548  457  377  313  265
