data/edconvlstm_nd/pred2060.15i
     1.0            IONOSPHERE MAPS     GNSS                IONEX VERSION / TYPE
pyspatialgeodesy        IME             05-JAN-18 20:20     PGM / RUN BY / DATE 
Map Name                                                    COMMENT             
Predicted global ionosphere maps (GIM).                     DESCRIPTION         
  2015     7    25     0     0     0                        EPOCH OF FIRST MAP  
  2015     7    26     0     0     0                        EPOCH OF LAST MAP   
  7200                                                      INTERVAL            
    13                                                      # OF MAPS IN FILE   
  NONE                                                      MAPPING FUNCTION    
10.0                                                        ELEVATION CUTOFF    
One-way carrier phase leveled to code                       OBSERVABLES USED    
  6371.0                                                    BASE RADIUS         
 2                                                          MAP DIMENSION       
   450.0 450.0   0.0                                        HGT1 / HGT2 / DHGT  
    87.5 -87.5  -2.5                                        LAT1 / LAT2 / DLAT  
  -180.0 180.0   5.0                                        LON1 / LON2 / DLON  
    -1                                                      EXPONENT            
                                                            END OF HEADER       
[from data line 3003]
     8                                                      START OF TEC MAP    
  2015     7    25    14     0     0                        EPOCH OF CURRENT MAP
    87.5-180.0 180.0   5.0 450.0                            LAT/LON1/LON2/DLON/H
  120  128  127  132  135  135  134  131  132  134  133  133  132  132  132  132
  131  131  130  130  129  129  128  128  127  126  125  125  124  123  122  122
  121  121  120  120  119  119  119  118  118  118  118  119  119  119  119  119
  120  120  120  120  121  121  121  122  122  122  122  123  123  124  124  124
  125  126  125  123  130  126  136  130  120                                   
    85.0-180.0 180.0   5.0 450.0                            LAT/LON1/LON2/DLON/H
  125  131  144  134  134  138  138  139  140  141  140  140  139  139  139  138
  138  137  137  136  136  135  134  133  132  131  130  129  128  127  126  125
  124  124  123  122  121  121  121  120  120  120  120  121  121  121  121  122
  122  122  123  123  123  124  124  124  125  125  126  126  127  127  128  128
  130  131  127  124  125  124  130  130  125                                   
    82.5-180.0 180.0   5.0 450.0                            LAT/LON1/LON2/DLON/H
  116  129  134  128  129  132  134  135  135  136  135  135  135  134  134  134
  133  133  133  133  132  132  132  131  130  129  129  128  126  125  124  123
  122  121  120  119  118  118  117  117  117  117  118  118  118  119  119  119
  120  120  120  121  121  121  121  121  122  122  122  122  122  123  123  123
  124  124  121  120  120  128  124  117  116                                   
    80.0-180.0 180.0   5.0 450.0                            LAT/LON1/LON2/DLON/H
  108  116  124  122  121  122  125  127  128  129  128  129  128  128  127  127
  127  127  127  127  128  128  128  128  127  126  126  125  123  122  120  119
  117  116  114  113  112  111  111  111  111  111  111  112  112  112  113  113
  113  113  113  113  113  113  113  113  113  112  112  112  112  112  112  112
  113  113  112  112  109  114  116  112  108                                   
    77.5-180.0 180.0   5.0 450.0                            LAT/LON1/LON2/DLON/H
  107  109  114  115  115  118  120  122  123  123  122  122  122  121  121  121
  122  123  124  125  126  127  128  129  129  129  128  128  127  125  124  122
  120  118  117  115  114  114  113  113  113  113  114  114  114  114  114  114
  114  114  114  113  113  112  112  111  110  109  108  107  107  106  105  105
  105  105  103  103  104  103  106  106  107                                   
    75.0-180.0 180.0   5.0 450.0                            LAT/LON1/LON2/DLON/H
   97  100  102  105  107  112  113  115  116  117  115  115  114  114  114  114
  115  117  119  121  123  126  128  129  130  131  131  131  131  130  128  127
  125  123  121  119  118  117  116  116  116  117  117  117  117  116  116  116
  115  114  114  113  112  111  110  108  107  105  104  103  102  101  100  100
   99   98   97   94   96   95   98   91   97                                   
    72.5-180.0 180.0   5.0 450.0                            LAT/LON1/LON2/DLON/H
   89   92   93   99  101  106  109  111  111  111  109  109  108  107  107  107
  109  111  114  117  121  124  127  129  131  132  133  134  134  134  133  132
  130  128  126  124  123  122  121  121  122  122  122  122  121  121  120  119
  118  117  116  115  114  112  110  109  107  105  103  102  100   99   98   97
   95   94   92   89   89   89   91   89   89                                   
    70.0-180.0 180.0   5.0 450.0                            LAT/LON1/LON2/DLON/H
   85   85   87   92   94   98  100  103  104  104  103  102  101  100   99  100
  102  105  108  112  116  120  123  126  128  130  132  133  134  135  135  134
  133  132  130  128  126  125  124  125  125  126  126  125  124  123  121  120
  119  117  116  115  114  112  110  108  106  104  102  101  100   98   97   96
   95   92   90   87   85   84   88   86   85                                   
    67.5-180.0 180.0   5.0 450.0                            LAT/LON1/LON2/DLON/H
   81   81   83   88   90   94   98  101  102  103  101  101   99   98   98   98
  100  103  107  111  115  119  122  124  126  128  130  132  134  136  137  137
  137  135  133  131  130  129  128  129  130  131  131  130  129  127  125  123
  121  120  119  118  116  115  113  111  109  107  105  104  104  103  101  100
   98   95   92   87   84   82   83   81   81                                   
    65.0-180.0 180.0   5.0 450.0                            LAT/LON1/LON2/DLON/H
   79   78   78   83   85   89   93   96   98  100   99   99   98   97   96   97
   99  101  105  109  112  116  118  120  122  124  126  128  131  134  137  138
  139  138  136  134  132  131  131  133  134  136  136  135  133  130  127  125
  123  121  121  120  119  117  115  113  112  110  110  109  109  108  107  106
  104  100   96   90   86   83   85   82   79                                   
    62.5-180.0 180.0   5.0 450.0                            LAT/LON1/LON2/DLON/H
   76   75   74   79   80   84   88   92   94   97   97   98   98   97   97   98
  100  102  105  108  110  113  114  115  117  118  121  124  128  132  136  138
  140  139  137  135  133  133  134  136  138  140  141  140  137  133  129  126
  124  123  123  122  121  120  119  117  115  115  114  114  115  114  113  111
  108  104   99   93   87   83   84   81   76                                   
    60.0-180.0 180.0   5.0 450.0                            LAT/LON1/LON2/DLON/H
   74   71   69   73   73   77   81   85   88   92   94   96   96   97   98   99
  100  102  104  106  108  109  109  110  111  112  115  119  124  129  134  138
  140  140  138  136  135  135  136  139  143  145  146  144  140  136  131  128
  125  124  124  124  124  123  121  120  119  118  118  119  119  118  117  115
  111  106  100   93   87   82   83   79   74                                   
    57.5-180.0 180.0   5.0 450.0                            LAT/LON1/LON2/DLON/H
   71   67   65   68   68   71   75   79   82   86   89   93   95   97   98  100
  102  103  105  105  106  106  106  106  107  109  112  117  123  129  135  139
  142  142  141  139  138  139  141  145  149  152  152  150  146  140  135  131
  129  128  128  128  128  127  125  124  123  123  123  124  124  123  120  117
  113  107  101   93   87   80   81   78   71                                   
    55.0-180.0 180.0   5.0 450.0                            LAT/LON1/LON2/DLON/H
   69   64   61   64   63   66   69   73   76   81   84   89   92   95   98  100
  102  104  104  104  104  104  104  105  106  109  113  118  124  130  137  142
  145  146  145  144  143  145  148  152  156  159  159  156  151  145  139  135
  133  132  132  133  132  131  129  128  127  127  127  127  127  125  121  118
  112  105   99   91   85   78   79   76   69                                   
    52.5-180.0 180.0   5.0 450.0                            LAT/LON1/LON2/DLON/H
   68   63   59   62   61   63   65   69   72   76   80   85   89   92   96   99
  102  104  104  103  103  102  103  105  108  112  116  121  127  133  140  145
  148  150  150  150  150  152  156  160  164  166  165  162  156  150  144  140
  138  138  138  138  137  135  134  132  131  131  131  130  129  126  121  117
  111  104   97   89   83   77   78   74   68                                   
    50.0-180.0 180.0   5.0 450.0                            LAT/LON1/LON2/DLON/H
   69   63   60   63   61   63   65   68   71   75   78   83   87   91   95   99
  102  103  103  102  102  102  105  108  113  117  122  127  132  137  143  148
  152  155  156  157  159  162  165  169  173  174  172  168  162  156  151  147
  145  144  144  143  142  140  138  137  135  135  134  133  131  127  121  116
  109  102   96   89   83   77   78   75   69                                   
    47.5-180.0 180.0   5.0 450.0                            LAT/LON1/LON2/DLON/H
   71   67   63   66   65   67   68   70   73   76   80   84   88   91   96   99
  102  104  104  103  103  104  108  113  119  125  129  133  137  142  147  152
  157  161  164  167  170  173  177  180  182  181  179  174  168  163  158  155
  153  152  151  149  148  146  143  142  141  140  139  137  133  128  122  116
  110  103   98   90   85   80   81   78   71                                   
    45.0-180.0 180.0   5.0 450.0                            LAT/LON1/LON2/DLON/H
   74   71   68   72   70   72   73   75   77   81   84   88   92   95   99  103
  105  106  106  105  105  108  113  119  126  132  137  140  143  146  150  156
  162  168  174  178  183  187  190  192  192  191  187  182  177  172  168  165
  162  160  158  156  153  151  149  148  147  146  145  142  137  131  125  119
  112  106  102   95   90   85   85   82   74                                   
    42.5-180.0 180.0   5.0 450.0                            LAT/LON1/LON2/DLON/H
   77   76   74   77   76   78   79   81   84   88   91   96   99  103  106  109
  111  111  111  109  110  113  118  126  133  140  144  146  147  150  155  161
  170  178  186  193  199  203  206  207  206  203  198  193  188  184  180  177
  173  169  166  162  159  157  156  155  154  153  151  147  142  135  129  123
  117  112  107  101   96   91   91   88   77                                   
    40.0-180.0 180.0   5.0 450.0                            LAT/LON1/LON2/DLON/H
   81   81   78   81   80   82   83   86   90   94   99  104  108  112  115  118
  119  119  118  116  116  119  124  132  139  145  149  151  152  155  161  169
  180  192  203  212  218  223  225  225  223  219  214  209  204  200  195  191
  185  179  174  169  165  163  162  162  161  160  157  153  147  141  134  129
  123  118  114  108  102   98   97   93   81                                   
    37.5-180.0 180.0   5.0 450.0                            LAT/LON1/LON2/DLON/H
   84   84   80   83   82   83   85   88   93   99  105  112  117  122  126  129
  130  129  127  124  124  126  131  137  144  149  153  155  157  162  169  181
  195  210  223  234  241  245  247  247  244  240  235  230  225  220  214  207
  199  190  182  176  171  169  168  168  167  165  162  158  152  146  140  135
  130  124  120  114  108  103  103   97   84                                   
    35.0-180.0 180.0   5.0 450.0                            LAT/LON1/LON2/DLON/H
   88   87   81   83   81   81   83   86   92   99  108  117  125  131  136  139
  140  139  137  134  132  133  136  141  147  152  156  159  164  171  181  196
  214  231  247  258  266  269  271  271  269  266  262  256  250  242  234  224
  213  201  191  183  177  174  173  172  170  168  164  160  155  150  145  140
  135  130  125  119  112  107  107  101   88                                   
    32.5-180.0 180.0   5.0 450.0                            LAT/LON1/LON2/DLON/H
   91   89   82   81   79   77   78   81   87   96  106  118  128  137  144  148
  150  149  147  144  141  140  141  144  149  154  159  165  172  183  197  215
  235  256  272  284  290  293  295  296  296  294  290  284  276  266  254  241
  227  212  200  190  183  179  176  174  171  167  164  160  156  152  148  144
  139  133  128  121  114  110  110  103   91                                   
    30.0-180.0 180.0   5.0 450.0                            LAT/LON1/LON2/DLON/H
   96   92   84   81   77   74   74   75   81   90  101  115  128  140  149  155
  158  158  156  152  149  147  146  147  150  156  163  172  183  197  215  236
  259  280  297  307  312  315  317  319  321  321  318  311  301  288  273  257
  240  224  209  197  189  182  177  173  168  163  159  156  153  150  148  145
  140  134  128  121  115  111  113  105   96                                   
    27.5-180.0 180.0   5.0 450.0                            LAT/LON1/LON2/DLON/H
  101   96   87   83   77   73   70   70   75   83   94  109  124  138  150  157
  162  163  162  159  155  152  150  150  153  159  168  181  196  213  234  257
  281  302  318  326  330  332  334  338  341  343  341  335  323  307  290  271
  253  235  219  205  194  185  178  170  163  157  152  149  147  146  145  144
  139  133  127  120  114  112  114  107  101                                   
    25.0-180.0 180.0   5.0 450.0                            LAT/LON1/LON2/DLON/H
  107  102   92   87   81   75   71   68   71   77   88  102  119  134  147  157
  163  165  165  163  160  156  154  153  156  164  176  191  209  230  252  276
  300  320  334  340  342  342  345  350  355  359  358  351  339  322  303  284
  265  247  230  215  201  189  178  167  157  149  143  140  139  140  140  140
  137  131  125  118  114  112  116  109  107                                   
    22.5-180.0 180.0   5.0 450.0                            LAT/LON1/LON2/DLON/H
  112  109   99   94   87   81   75   71   71   75   83   97  113  129  143  154
  161  165  167  166  163  160  157  157  161  171  185  203  224  246  269  292
  315  333  344  348  347  347  349  355  362  367  367  361  348  332  313  295
  277  259  242  225  209  194  180  166  153  142  135  131  130  132  134  136
  134  129  124  116  113  112  117  111  112                                   
    20.0-180.0 180.0   5.0 450.0                            LAT/LON1/LON2/DLON/H
  114  114  105  101   94   88   82   76   75   76   82   93  108  124  139  150
  158  163  166  166  165  163  161  162  168  180  196  217  238  261  283  306
  326  341  349  351  349  347  349  355  362  368  369  364  353  338  321  304
  288  272  255  237  219  201  183  166  151  138  128  123  122  125  128  132
  131  127  122  115  112  112  116  113  114                                   
    17.5-180.0 180.0   5.0 450.0                            LAT/LON1/LON2/DLON/H
  113  116  108  105   99   94   89   84   81   81   84   93  106  120  134  146
  154  160  164  166  166  166  166  169  177  191  209  231  253  275  297  317
  334  347  352  352  348  346  347  353  360  366  368  365  355  342  328  313
  299  284  268  249  229  209  189  170  152  137  125  118  116  119  124  128
  128  125  121  114  111  111  115  112  113                                   
    15.0-180.0 180.0   5.0 450.0                            LAT/LON1/LON2/DLON/H
  108  113  107  105  100   97   94   90   88   86   88   94  105  118  131  142
  151  158  163  166  168  169  172  178  188  204  223  246  268  290  310  328
  342  352  355  353  349  347  347  352  358  364  367  364  356  346  333  321
  309  295  278  260  239  217  196  175  156  139  125  116  113  115  120  125
  126  124  120  113  109  108  112  109  108                                   
    12.5-180.0 180.0   5.0 450.0                            LAT/LON1/LON2/DLON/H
  100  106  101  100   97   95   95   93   92   91   91   96  105  117  129  140
  149  156  162  167  170  174  180  188  201  218  239  261  284  305  324  339
  351  358  360  358  354  351  352  355  360  365  366  364  358  348  338  327
  315  302  286  266  245  223  202  181  160  142  127  117  113  114  119  124
  124  122  118  111  107  104  107  104  100                                   
    10.0-180.0 180.0   5.0 450.0                            LAT/LON1/LON2/DLON/H
   91   96   91   91   88   88   90   91   92   92   93   97  105  116  127  138
  147  155  163  169  175  181  189  200  216  234  255  278  300  320  338  352
  362  367  368  365  362  360  360  362  366  368  368  365  358  349  340  329
  317  303  287  268  247  225  204  183  163  145  130  119  114  115  119  123
  123  120  116  109  104  100  102   99   91                                   
     7.5-180.0 180.0   5.0 450.0                            LAT/LON1/LON2/DLON/H
   84   87   81   80   78   78   82   84   88   89   90   95  103  113  125  136
  147  156  165  173  181  189  200  214  231  251  272  294  316  335  352  364
