data/edconvlstm_nd/pred3600.15i
     1.0            IONOSPHERE MAPS     GNSS                IONEX VERSION / TYPE
pyspatialgeodesy        IME             05-JAN-18 20:20     PGM / RUN BY / DATE 
Map Name                                                    COMMENT             
Predicted global ionosphere maps (GIM).                     DESCRIPTION         
  2015    12    26     0     0     0                        EPOCH OF FIRST MAP  
  2015    12    27     0     0     0                        EPOCH OF LAST MAP   
  7200                                                      INTERVAL            
    13                                                      # OF MAPS IN FILE   
  NONE                                                      MAPPING FUNCTION    
10.0                                                        ELEVATION CUTOFF    
One-way carrier phase leveled to code                       OBSERVABLES USED    
  6371.0                                                    BASE RADIUS         
 2                                                          MAP DIMENSION       
   450.0 450.0   0.0                                        HGT1 / HGT2 / DHGT  
    87.5 -87.5  -2.5                                        LAT1 / LAT2 / DLAT  
  -180.0 180.0   5.0                                        LON1 / LON2 / DLON  
    -1                                                      EXPONENT            
                                                            END OF HEADER       
[from data line 5148]
    13                                                      START OF TEC MAP    
  2015    12    27     0     0     0                        EPOCH OF CURRENT MAP
    87.5-180.0 180.0   5.0 450.0                            LAT/LON1/LON2/DLON/H
   72   66   51   43   39   48   43   41   42   41   42   42   42   43   43   43
   44   44   44   44   44   44   43   43   43   43   42   42   42   42   41   41
   41   41   41   42   42   42   43   43   43   44   44   45   45   45   45   45
   46   46   46   46   45   45   45   45   44   44   43   43   42   42   41   41
   41   40   39   40   31   52   57   56   72                                   
    85.0-180.0 180.0   5.0 450.0                            LAT/LON1/LON2/DLON/H
   60   66   48   50   50   60   57   55   55   55   56   56   56   56   56   56
   56   56   55   55   54   53   52   51   50   49   48   47   46   46   45   45
   45   45   45   46   46   47   48   49   50   50   51   52   53   53   54   54
   54   54   54   54   53   53   52   52   51   51   50   50   49   49   48   48
   48   47   49   53   57   65   77   65   60                                   
    82.5-180.0 180.0   5.0 450.0                            LAT/LON1/LON2/DLON/H
   49   42   55   50   49   60   56   53   56   55   56   57   57   57   56   55
   54   52   50   48   45   43   40   38   36   34   32   30   29   28   28   28
   29   29   30   31   33   35   36   38   40   42   43   45   46   47   47   48
   48   48   47   47   46   45   45   44   43   42   41   41   40   39   39   39
   39   39   39   40   48   47   60   61   49                                   
    80.0-180.0 180.0   5.0 450.0                            LAT/LON1/LON2/DLON/H
   59   53   59   50   54   57   56   55   59   59   60   62   62   62   62   60
   59   56   54   51   48   45   43   40   38   36   34   33   32   31   31   31
   32   32   34   35   37   38   40   42   44   46   47   49   50   50   51   51
   50   50   49   48   47   45   44   42   41   40   38   37   36   36   36   35
   35   35   36   36   52   49   61   74   59                                   
    77.5-180.0 180.0   5.0 450.0                            LAT/LON1/LON2/DLON/H
   67   62   55   55   54   57   56   58   63   62   65   67   68   68   67   66
   64   62   59   56   52   49   46   44   41   39   37   36   35   34   34   34
   35   36   38   40   41   43   45   47   49   51   52   53   54   54   54   54
   54   53   51   50   48   46   44   42   40   38   37   35   34   33   33   32
   32   33   35   37   42   48   54   71   67                                   
    75.0-180.0 180.0   5.0 450.0                            LAT/LON1/LON2/DLON/H
   73   61   63   64   60   65   62   64   69   69   71   73   73   72   71   68
   66   63   60   57   54   51   49   47   45   44   43   42   41   41   41   42
   43   44   46   47   49   50   52   53   54   55   56   57   57   57   57   56
   55   53   51   50   47   45   43   41   38   36   34   33   32   31   31   31
   30   31   35   34   39   54   58   69   73                                   
    72.5-180.0 180.0   5.0 450.0                            LAT/LON1/LON2/DLON/H
   76   66   69   68   66   67   66   68   74   74   75   77   76   75   72   69
   66   63   61   58   56   55   54   53   52   51   50   49   48   48   48   48
   49   49   50   52   52   53   54   54   54   54   54   54   54   53   52   52
   51   49   48   47   45   43   41   39   37   35   34   32   32   31   32   32
   31   32   39   39   43   57   65   79   76                                   
    70.0-180.0 180.0   5.0 450.0                            LAT/LON1/LON2/DLON/H
   86   78   81   82   78   81   78   79   84   84   84   84   82   78   74   70
   66   62   60   58   57   56   57   57   57   56   56   55   54   53   53   53
   53   53   53   53   54   53   53   53   52   51   51   50   49   49   48   48
   47   47   46   46   45   44   42   41   39   38   37   36   36   36   37   38
   38   39   45   47   52   67   73   84   86                                   
    67.5-180.0 180.0   5.0 450.0                            LAT/LON1/LON2/DLON/H
   98   93   94   94   90   91   87   87   92   90   90   88   84   79   73   67
   61   57   54   53   53   53   54   55   55   55   54   53   51   50   49   48
   47   46   45   44   44   43   42   41   40   39   38   38   37   37   37   37
   37   37   38   38   39   39   38   38   37   37   37   37   37   38   39   41
   41   42   50   52   61   75   81   91   98                                   
    65.0-180.0 180.0   5.0 450.0                            LAT/LON1/LON2/DLON/H
  109  104  106  104  101  100   96   97  100   98   97   94   89   82   74   66
   59   54   51   49   49   50   50   50   50   49   47   45   43   41   40   38
   36   34   33   32   31   30   29   29   28   28   27   27   27   27   27   27
   28   29   31   32   34   35   36   36   37   37   38   39   40   42   44   46
   47   49   57   60   70   84   90  102  109                                   
    62.5-180.0 180.0   5.0 450.0                            LAT/LON1/LON2/DLON/H
  120  116  117  116  112  111  106  107  110  108  106  103   96   88   79   70
   62   56   52   49   48   47   47   46   44   42   39   37   34   32   30   28
   26   24   22   21   20   20   20   20   20   21   21   21   22   22   22   22
   23   25   27   29   32   34   36   37   38   40   41   44   46   49   52   54
   56   58   65   68   79   93  100  112  120                                   
    60.0-180.0 180.0   5.0 450.0                            LAT/LON1/LON2/DLON/H
  127  125  126  124  121  119  114  115  118  116  113  109  103   94   84   75
   67   60   54   50   47   45   42   39   36   32   29   27   25   23   21   19
   17   15   14   13   13   13   14   16   17   18   19   20   20   20   20   20
   21   22   24   27   30   33   36   38   41   43   45   48   52   55   60   63
   64   67   74   77   87  100  107  120  127                                   
    57.5-180.0 180.0   5.0 450.0                            LAT/LON1/LON2/DLON/H
  133  132  134  132  128  126  121  122  125  122  120  115  108  100   91   82
   74   66   59   53   48   43   38   34   29   25   22   20   19   18   17   15
   14   12   11   11   11   13   15   17   19   21   23   24   24   24   23   22
   22   22   24   27   31   35   38   42   45   47   50   54   58   63   68   72
   74   77   84   87   96  107  114  128  133                                   
    55.0-180.0 180.0   5.0 450.0                            LAT/LON1/LON2/DLON/H
  139  139  141  140  136  133  128  129  131  128  124  119  113  105   97   90
   82   74   65   57   50   43   36   30   25   20   18   17   17   18   17   17
   15   14   14   14   16   18   21   23   26   29   31   33   33   32   30   28
   27   26   27   30   34   38   42   46   49   52   55   59   64   70   76   81
   84   88   96   99  107  116  123  136  139                                   
    52.5-180.0 180.0   5.0 450.0                            LAT/LON1/LON2/DLON/H
  148  147  149  149  146  143  138  138  138  133  128  122  116  109  103   96
   89   81   71   62   53   45   37   30   24   21   19   19   21   23   23   23
   22   21   22   23   25   28   31   34   37   40   43   44   45   44   41   38
   35   34   34   36   40   44   48   52   54   57   59   64   69   76   83   90
   94   99  109  112  120  127  132  145  148                                   
    50.0-180.0 180.0   5.0 450.0                            LAT/LON1/LON2/DLON/H
  158  158  159  160  158  155  151  150  148  140  133  125  118  112  106  101
   95   86   76   66   57   48   40   33   28   25   25   27   29   32   32   32
   31   31   32   35   38   41   44   46   49   52   55   58   58   57   54   51
   47   45   44   45   49   53   56   59   60   62   64   68   74   81   90   98
  104  111  121  126  134  139  144  155  158                                   
    47.5-180.0 180.0   5.0 450.0                            LAT/LON1/LON2/DLON/H
  169  170  170  174  173  171  167  164  160  150  139  130  121  114  109  104
   98   90   80   70   60   52   45   40   36   34   35   37   40   42   42   40
   39   40   43   46   50   53   55   57   60   63   66   69   71   70   68   65
   61   59   57   58   61   64   66   67   67   67   69   73   79   87   96  106
  113  121  133  139  147  152  155  165  169                                   
    45.0-180.0 180.0   5.0 450.0                            LAT/LON1/LON2/DLON/H
  179  182  180  187  188  186  182  179  173  160  148  136  126  118  112  106
   99   91   82   73   65   59   54   50   47   46   47   49   50   49   47   45
   44   45   49   54   58   61   63   64   66   69   73   77   80   82   81   80
   77   75   73   73   74   75   76   76   75   74   75   79   85   93  102  112
  120  129  142  148  156  162  164  173  179                                   
    42.5-180.0 180.0   5.0 450.0                            LAT/LON1/LON2/DLON/H
  185  190  188  198  200  198  195  191  184  171  157  144  132  122  115  108
  100   92   83   76   71   67   65   62   60   59   58   57   55   52   47   43
   42   45   50   56   61   64   65   66   68   72   77   82   87   90   91   92
   91   90   88   87   86   86   86   85   83   82   82   86   92   99  108  117
  125  134  147  153  161  167  168  177  185                                   
    40.0-180.0 180.0   5.0 450.0                            LAT/LON1/LON2/DLON/H
  187  194  192  202  205  204  200  197  191  178  165  152  139  129  119  110
  102   93   86   81   79   78   77   75   72   69   65   61   55   49   42   38
   38   42   48   55   60   62   63   64   67   71   77   83   89   93   97  100
  101  101   99   97   95   94   94   92   90   89   90   94   99  106  113  121
  128  137  149  154  161  166  168  178  187                                   
    37.5-180.0 180.0   5.0 450.0                            LAT/LON1/LON2/DLON/H
  186  193  192  201  204  202  197  194  190  179  169  158  147  135  125  115
  105   97   92   89   89   89   89   85   80   73   67   59   51   43   36   33
   33   39   46   53   58   60   61   63   66   71   77   83   89   94   99  103
  106  106  104  102  100   98   98   97   96   96   98  103  108  114  120  126
  132  139  150  153  158  163  166  178  186                                   
    35.0-180.0 180.0   5.0 450.0                            LAT/LON1/LON2/DLON/H
  185  192  192  197  199  195  188  185  183  175  168  161  152  142  131  121
  111  104  101  100  100  100   97   91   82   72   63   55   47   39   33   31
   34   40   48   55   60   62   62   64   67   72   78   84   89   93   98  102
  105  106  104  101   99   98   98   99  100  102  106  111  118  123  129  134
  138  144  153  156  158  163  167  182  185                                   
    32.5-180.0 180.0   5.0 450.0                            LAT/LON1/LON2/DLON/H
  188  195  195  196  194  188  179  175  174  168  164  161  155  146  137  127
  119  114  111  111  111  108  101   90   79   67   59   52   45   40   36   37
   41   49   57   64   68   68   68   69   72   77   82   86   89   91   94   98
  100  100   98   95   93   93   95   97  101  106  112  120  128  134  140  145
  149  154  164  165  166  169  176  194  188                                   
    30.0-180.0 180.0   5.0 450.0                            LAT/LON1/LON2/DLON/H
  201  209  208  204  199  190  179  173  171  165  162  160  156  150  142  133
  127  123  122  121  118  111   99   85   72   62   56   52   50   48   48   51
   58   67   76   81   83   81   80   79   81   84   87   89   90   90   91   92
   93   92   90   87   85   86   90   95  101  109  118  129  139  147  155  161
  166  173  183  184  185  187  195  217  201                                   
    27.5-180.0 180.0   5.0 450.0                            LAT/LON1/LON2/DLON/H
  226  235  233  225  218  208  194  185  179  171  166  163  159  153  145  138
  133  131  130  127  120  108   94   78   66   59   58   59   61   64   68   75
   85   95  102  105  103   99   94   92   92   93   94   93   91   89   87   87
   86   84   80   78   77   80   85   92  101  111  124  138  151  162  173  183
  191  200  211  213  215  216  227  252  226                                   
    25.0-180.0 180.0   5.0 450.0                            LAT/LON1/LON2/DLON/H
  264  275  269  260  255  244  230  217  204  191  180  173  166  158  149  143
  138  136  133  127  116  102   86   72   64   63   67   74   81   88   96  106
  117  127  131  130  124  115  108  104  102  101  100   97   93   88   85   82
   79   76   73   71   71   75   82   90  101  115  131  148  165  180  195  209
  222  235  247  250  254  255  268  298  264                                   
    22.5-180.0 180.0   5.0 450.0                            LAT/LON1/LON2/DLON/H
  311  325  316  308  308  300  285  268  248  227  208  192  179  166  155  147
  141  137  131  121  108   93   79   70   69   74   85   98  109  120  129  139
  148  154  154  147  137  126  117  111  108  105  102   98   93   87   82   78
   75   71   68   67   69   74   82   92  104  120  139  159  180  199  219  239
  257  274  289  292  299  301  317  349  311                                   
    20.0-180.0 180.0   5.0 450.0                            LAT/LON1/LON2/DLON/H
  364  380  371  367  373  371  357  336  309  277  248  222  200  181  166  154
  145  137  127  114  100   87   78   76   82   95  112  128  142  151  158  164
  168  168  163  152  139  127  118  112  109  105  102   97   91   85   80   76
   72   69   66   67   70   76   85   96  110  128  149  172  196  219  243  268
  292  314  330  336  345  349  368  400  364                                   
    17.5-180.0 180.0   5.0 450.0                            LAT/LON1/LON2/DLON/H
  413  433  427  429  444  448  437  413  380  339  299  263  231  204  182  166
  152  140  125  110   96   86   84   91  105  124  144  161  171  175  176  175
  173  168  158  145  131  120  113  108  106  103   99   94   89   83   79   74
   71   68   67   68   73   80   89  101  116  136  159  185  211  238  266  295
  323  348  367  375  386  392  414  445  413                                   
    15.0-180.0 180.0   5.0 450.0                            LAT/LON1/LON2/DLON/H
  451  475  477  486  508  518  512  488  451  404  355  309  268  234  206  184
  166  148  130  113  100   95  101  116  137  160  178  190  192  188  181  173
  165  155  142  129  118  110  105  103  102  101   98   93   88   83   78   74
   71   69   69   72   77   84   93  106  122  143  168  196  224  254  284  316
  346  373  393  404  415  425  448  477  451                                   
    12.5-180.0 180.0   5.0 450.0                            LAT/LON1/LON2/DLON/H
  473  501  511  527  553  569  567  546  509  459  407  355  309  269  237  210
  187  165  143  125  115  116  128  150  175  196  208  209  202  189  174  161
  148  136  125  114  107  103  101  101  102  101   99   95   90   85   80   77
   74   72   73   76   81   88   98  111  129  150  176  204  234  265  297  329
  359  386  406  418  430  442  466  493  473                                   
    10.0-180.0 180.0   5.0 450.0                            LAT/LON1/LON2/DLON/H
  481  510  525  545  574  593  594  577  544  497  446  395  348  306  272  243
  216  191  167  150  142  148  166  191  213  226  228  217  200  180  161  145
  132  122  113  107  104  103  104  106  107  108  106  101   96   90   85   82
   79   77   78   81   86   93  103  116  134  156  181  209  240  272  304  335
  363  388  407  419  432  445  470  494  481                                   
     7.5-180.0 180.0   5.0 450.0                            LAT/LON1/LON2/DLON/H
  480  508  524  543  570  589  592  580  553  514  469  424  381  343  311  281
  254  228  205  188  184  192  211  232  246  248  236  215  191  169  150  135
