data/edconvlstm_nd/pred2710.15i
     1.0            IONOSPHERE MAPS     GNSS                IONEX VERSION / TYPE
pyspatialgeodesy        IME             05-JAN-18 20:20     PGM / RUN BY / DATE 
Map Name                                                    COMMENT             
Predicted global ionosphere maps (GIM).                     DESCRIPTION         
  2015     9    28     0     0     0                        EPOCH OF FIRST MAP  
  2015     9    29     0     0     0                        EPOCH OF LAST MAP   
  7200                                                      INTERVAL            
    13                                                      # OF MAPS IN FILE   
  NONE                                                      MAPPING FUNCTION    
10.0                                                        ELEVATION CUTOFF    
One-way carrier phase leveled to code                       OBSERVABLES USED    
  6371.0                                                    BASE RADIUS         
 2                                                          MAP DIMENSION       
   450.0 450.0   0.0                                        HGT1 / HGT2 / DHGT  
    87.5 -87.5  -2.5                                        LAT1 / LAT2 / DLAT  
  -180.0 180.0   5.0                                        LON1 / LON2 / DLON  
    -1                                                      EXPONENT            
                                                            END OF HEADER       
[from data line 858]
     3                                                      START OF TEC MAP    
  2015     9    28     4     0     0                        EPOCH OF CURRENT MAP
    87.5-180.0 180.0   5.0 450.0                            LAT/LON1/LON2/DLON/H
   94  100   99  102  100   98   95   92   92   91   90   90   89   88   87   86
   85   83   82   81   80   78   77   76   75   75   74   74   73   73   73   73
   73   74   75   75   76   77   78   80   81   82   84   86   87   89   90   91
   93   94   95   96   96   97   97   97   97   97   97   97   97   97   96   97
   98   99   97   97  102  108  111  102   94                                   
    85.0-180.0 180.0   5.0 450.0                            LAT/LON1/LON2/DLON/H
   94  112  103  107  107  106  105  102  101  100   98   97   96   94   92   91
   89   87   85   83   81   79   77   76   74   73   72   71   71   70   71   71
   72   73   74   76   77   79   82   84   86   89   91   94   96   99  101  103
  105  107  109  110  111  112  113  113  114  114  114  114  114  113  113  113
  114  115  112  113  112  115  118  108   94                                   
    82.5-180.0 180.0   5.0 450.0                            LAT/LON1/LON2/DLON/H
  105  113  121  114  110  111  108  105  104  102   99   98   96   94   92   89
   87   84   81   78   75   72   69   67   64   62   61   59   59   58   58   59
   60   62   64   67   70   73   77   81   84   88   92   96  100  104  107  111
  114  117  119  122  124  125  126  127  128  128  128  128  128  128  127  127
  127  127  124  123  129  120  116  109  105                                   
    80.0-180.0 180.0   5.0 450.0                            LAT/LON1/LON2/DLON/H
  121  123  120  113  112  110  109  105  103  101   97   96   94   91   89   86
   83   80   76   73   69   65   61   58   55   52   50   48   47   47   47   48
   49   52   55   58   62   66   70   75   80   85   89   94   99  104  109  113
  117  121  125  128  131  133  135  136  137  138  138  138  138  138  137  137
  137  135  134  134  140  135  134  119  121                                   
    77.5-180.0 180.0   5.0 450.0                            LAT/LON1/LON2/DLON/H
  131  129  124  118  111  110  109  106  103  100   96   95   92   90   88   86
   83   80   77   74   70   65   61   57   53   50   47   44   43   42   42   43
   45   48   51   55   59   64   69   74   79   84   89   94  100  105  111  116
  122  127  131  135  139  142  145  147  149  150  150  150  150  150  150  150
  149  149  145  147  148  141  138  130  131                                   
    75.0-180.0 180.0   5.0 450.0                            LAT/LON1/LON2/DLON/H
  135  135  126  119  110  109  105  100   97   92   88   86   84   82   81   79
   78   76   74   71   68   64   60   56   52   49   46   43   41   40   40   41
   43   45   48   51   55   59   63   67   71   76   80   85   91   96  102  108
  115  121  127  132  137  141  145  148  150  152  153  154  154  155  155  156
  155  155  153  151  153  149  146  141  135                                   
    72.5-180.0 180.0   5.0 450.0                            LAT/LON1/LON2/DLON/H
  141  142  133  122  115  111  106  100   95   89   84   82   79   78   76   76
   75   74   74   72   70   68   64   61   57   53   50   48   46   45   44   45
   46   48   50   53   56   60   63   67   70   74   79   83   89   95  102  109
  116  123  130  137  143  148  152  156  159  161  163  164  165  165  166  168
  168  168  169  168  167  161  156  152  141                                   
    70.0-180.0 180.0   5.0 450.0                            LAT/LON1/LON2/DLON/H
  154  151  141  127  117  110  103   95   89   82   76   73   69   67   66   66
   66   67   68   68   68   67   65   62   59   56   54   51   50   48   48   48
   48   49   51   53   55   57   59   62   65   68   73   78   83   90   97  105
  113  122  130  137  144  150  156  160  163  166  168  169  170  171  172  174
  174  175  177  178  178  172  169  164  154                                   
    67.5-180.0 180.0   5.0 450.0                            LAT/LON1/LON2/DLON/H
  157  154  143  128  116  108   99   90   82   74   67   63   59   56   55   55
   56   58   61   63   64   64   63   61   59   57   54   52   51   49   48   48
   47   47   47   48   49   50   52   54   56   59   64   69   76   83   91  100
  109  118  127  135  143  150  156  161  164  167  168  169  170  170  171  173
  174  174  177  178  180  175  173  169  157                                   
    65.0-180.0 180.0   5.0 450.0                            LAT/LON1/LON2/DLON/H
  160  156  144  128  116  106   97   87   79   70   62   58   53   50   48   48
   50   52   56   59   62   63   62   61   59   57   55   54   52   51   49   48
   47   45   45   44   44   45   46   48   51   55   60   66   73   82   91  100
  110  120  129  139  147  155  161  166  169  171  172  173  173  172  172  172
  173  173  176  177  180  176  175  172  160                                   
    62.5-180.0 180.0   5.0 450.0                            LAT/LON1/LON2/DLON/H
  160  157  145  129  116  106   96   86   77   68   61   56   51   47   45   45
   46   49   53   57   60   61   61   60   58   56   55   53   52   51   49   48
   45   44   42   41   41   41   42   44   48   53   59   67   75   85   95  105
  115  125  135  145  154  162  168  173  176  177  178  178  177  176  174  173
  172  171  173  173  176  174  173  171  160                                   
    60.0-180.0 180.0   5.0 450.0                            LAT/LON1/LON2/DLON/H
  159  155  143  128  115  104   95   85   76   67   60   55   50   46   44   43
   45   47   51   54   57   58   57   56   54   53   51   51   50   49   48   46
   43   41   39   38   38   38   40   43   47   53   61   70   80   90  101  111
  121  131  142  152  161  169  176  180  183  184  184  184  182  180  177  175
  171  168  169  168  171  169  169  167  159                                   
    57.5-180.0 180.0   5.0 450.0                            LAT/LON1/LON2/DLON/H
  160  155  144  129  116  105   96   86   77   68   61   56   51   47   45   44
   45   47   50   53   54   54   53   52   50   49   48   49   49   48   47   45
   43   41   39   39   39   40   41   45   50   57   66   77   88   99  110  120
  130  140  150  161  171  179  185  190  192  193  193  192  191  188  184  181
  176  171  169  167  170  167  167  165  160                                   
    55.0-180.0 180.0   5.0 450.0                            LAT/LON1/LON2/DLON/H
  163  158  147  132  120  109   99   88   79   69   61   57   52   49   46   45
   46   47   49   51   52   51   50   48   47   47   47   48   49   49   48   47
   45   44   43   43   44   45   47   50   55   63   73   85   97  109  120  130
  140  150  160  171  181  189  196  200  202  203  203  203  201  199  195  191
  184  178  175  172  173  169  168  166  163                                   
    52.5-180.0 180.0   5.0 450.0                            LAT/LON1/LON2/DLON/H
  171  165  154  140  129  117  106   94   83   72   64   58   54   50   48   47
   46   47   48   49   50   50   49   49   48   49   50   51   52   52   52   51
   50   50   51   52   53   54   55   58   63   71   82   94  106  119  130  140
  150  160  171  182  192  201  207  211  212  213  213  213  213  212  208  204
  197  189  186  181  181  175  174  171  171                                   
    50.0-180.0 180.0   5.0 450.0                            LAT/LON1/LON2/DLON/H
  181  176  165  153  141  129  118  104   91   78   68   61   56   52   50   48
   47   46   47   48   50   51   52   53   54   55   57   58   59   59   59   59
   59   60   62   64   65   65   66   68   72   80   90  103  116  128  140  150
  161  171  182  194  204  212  218  221  222  222  222  223  224  224  221  218
  211  204  199  194  194  186  185  181  181                                   
    47.5-180.0 180.0   5.0 450.0                            LAT/LON1/LON2/DLON/H
  194  189  179  168  157  145  133  117  102   87   75   67   61   56   52   49
   47   46   47   49   52   56   59   62   64   66   67   68   68   68   67   67
   68   70   73   76   77   77   77   78   81   88   98  111  124  137  150  161
  172  184  195  206  216  224  229  231  231  230  230  231  233  233  232  229
  223  217  213  207  207  199  198  194  194                                   
    45.0-180.0 180.0   5.0 450.0                            LAT/LON1/LON2/DLON/H
  206  202  192  183  172  161  148  132  115   99   85   76   68   62   57   53
   50   48   49   53   58   64   70   74   77   78   79   78   77   75   74   74
   75   79   83   86   88   88   86   86   89   95  106  119  133  147  160  173
  185  197  208  219  228  235  238  239  238  236  236  237  239  240  239  236
  231  226  223  218  219  212  211  207  206                                   
    42.5-180.0 180.0   5.0 450.0                            LAT/LON1/LON2/DLON/H
  216  213  204  196  185  174  162  146  129  112   97   87   79   72   66   60
   56   54   55   60   68   76   83   87   90   90   89   86   84   80   78   77
   79   84   89   93   95   94   92   92   95  102  113  127  142  157  171  185
  198  210  221  231  239  244  247  246  244  242  241  242  244  244  243  240
  235  230  228  226  227  222  222  218  216                                   
    40.0-180.0 180.0   5.0 450.0                            LAT/LON1/LON2/DLON/H
  224  220  211  203  193  183  172  157  141  124  110  100   92   85   78   71
   66   64   66   72   80   89   96  100  101   98   95   91   86   82   79   78
   80   85   90   95   97   97   96   96   99  108  121  136  151  167  182  196
  210  222  232  241  248  252  255  254  252  249  248  249  250  249  246  241
  236  232  231  230  233  229  230  226  224                                   
    37.5-180.0 180.0   5.0 450.0                            LAT/LON1/LON2/DLON/H
  230  225  216  205  197  187  176  163  149  134  120  111  104   98   91   85
   80   78   81   87   95  104  109  110  108  103   97   92   86   81   77   77
   79   83   89   94   96   96   96   98  103  113  128  144  160  176  191  206
  220  231  241  249  255  260  263  264  262  260  259  259  259  256  251  245
  238  234  233  234  238  236  238  232  230                                   
    35.0-180.0 180.0   5.0 450.0                            LAT/LON1/LON2/DLON/H
  240  231  221  206  198  186  175  164  152  139  127  120  114  109  104   99
   95   94   97  103  110  117  119  117  111  104   97   91   85   80   77   76
   78   82   86   91   93   94   95   99  106  118  134  151  168  183  198  213
  226  238  247  255  263  269  274  277  277  276  276  275  274  270  263  254
  246  240  241  242  248  247  249  241  240                                   
    32.5-180.0 180.0   5.0 450.0                            LAT/LON1/LON2/DLON/H
  256  244  231  211  200  185  171  161  151  139  130  124  120  116  114  110
  108  109  112  117  122  126  125  120  112  104   97   91   86   82   78   77
   78   81   85   88   90   92   94   99  108  122  139  156  172  187  202  216
  229  241  251  260  270  279  288  294  297  299  299  298  296  291  282  273
  262  257  257  258  265  265  268  258  256                                   
    30.0-180.0 180.0   5.0 450.0                            LAT/LON1/LON2/DLON/H
  283  269  252  225  209  188  171  158  148  137  128  123  120  119  118  117
  117  118  121  125  128  129  126  120  112  105  100   95   91   87   83   81
   82   83   85   87   88   90   93   99  109  124  141  158  174  188  201  215
  229  242  254  265  278  292  305  316  324  327  328  328  326  321  312  301
  290  284  284  284  293  293  296  284  283                                   
    27.5-180.0 180.0   5.0 450.0                            LAT/LON1/LON2/DLON/H
  321  306  284  253  231  203  179  162  149  137  127  120  117  117  117  118
  119  121  123  125  126  125  123  119  115  111  108  105  101   97   93   90
   90   90   90   89   88   89   92   98  109  123  140  157  172  185  198  212
  227  241  256  271  288  307  327  343  354  360  363  363  362  357  348  338
  328  322  322  321  330  330  332  319  321                                   
    25.0-180.0 180.0   5.0 450.0                            LAT/LON1/LON2/DLON/H
  369  355  328  293  265  231  202  179  161  144  130  120  115  114  114  115
  116  116  117  117  117  118  119  121  122  123  123  121  117  112  107  104
  102  100   97   93   90   89   91   97  106  120  137  154  168  181  194  208
  225  242  260  279  302  327  352  373  387  396  399  401  400  396  389  381
  372  368  369  367  374  375  374  363  369                                   
    22.5-180.0 180.0   5.0 450.0                            LAT/LON1/LON2/DLON/H
  420  410  380  344  311  274  239  210  186  164  144  128  119  115  113  112
  111  109  107  106  107  111  119  127  135  141  144  143  139  132  125  120
  116  111  104   97   91   88   89   93  101  114  131  148  163  176  190  206
  225  246  268  292  319  349  377  401  417  427  432  435  435  433  429  425
  420  419  422  419  423  424  419  410  420                                   
    20.0-180.0 180.0   5.0 450.0                            LAT/LON1/LON2/DLON/H
  468  464  434  399  364  325  288  255  227  200  173  151  135  126  120  115
  109  104   99   97  100  109  124  140  155  166  170  169  162  153  143  135
  127  119  109   99   91   86   85   88   95  108  125  142  159  173  189  207
  229  254  280  308  337  368  397  421  438  448  455  459  462  464  464  463
  464  467  472  470  470  470  465  455  468                                   
    17.5-180.0 180.0   5.0 450.0                            LAT/LON1/LON2/DLON/H
  505  507  481  451  415  380  344  311  282  251  219  190  167  151  140  129
  118  108  101   98  103  117  138  160  180  193  198  194  184  171  157  145
  134  123  110   98   88   82   81   83   90  102  119  138  157  173  191  212
  238  265  294  324  354  383  409  431  446  457  465  472  478  483  488  492
  498  505  514  514  509  508  504  493  505                                   
    15.0-180.0 180.0   5.0 450.0                            LAT/LON1/LON2/DLON/H
  527  533  513  490  459  429  397  369  342  311  277  243  215  194  176  159
  143  128  118  115  121  138  162  188  209  221  222  215  201  183  165  150
  136  122  108   94   84   79   77   79   85   98  116  137  157  176  196  220
  248  278  308  338  366  391  414  432  446  456  465  474  483  492  501  510
  519  530  541  543  537  535  532  519  527                                   
    12.5-180.0 180.0   5.0 450.0                            LAT/LON1/LON2/DLON/H
  534  540  526  510  486  464  441  420  399  371  337  303  272  247  226  204
  184  166  155  151  158  174  197  220  237  243  239  227  209  188  167  149
  133  118  104   91   82   77   75   77   83   96  115  137  159  180  202  228
  257  289  319  347  372  394  413  428  440  449  459  470  481  494  506  517
  529  542  554  559  553  550  548  534  534                                   
    10.0-180.0 180.0   5.0 450.0                            LAT/LON1/LON2/DLON/H
  532  535  524  513  497  483  468  455  441  419  389  356  326  302  279  258
  237  220  209  206  210  222  239  253  260  257  246  229  209  186  165  145
  129  115  101   90   82   77   76   77   83   96  115  138  160  183  206  233
  263  294  323  350  372  392  408  421  432  441  451  463  477  491  505  518
  531  545  558  565  561  557  555  541  532                                   
     7.5-180.0 180.0   5.0 450.0                            LAT/LON1/LON2/DLON/H
  528  526  515  505  495  486  477  471  463  446  420  391  365  343  325  306
  289  277  270  268  270  274  278  278  271  258  240  221  202  181  161  142
