data/edconvlstm_nd/pred2760.15i
     1.0            IONOSPHERE MAPS     GNSS                IONEX VERSION / TYPE
pyspatialgeodesy        IME             05-JAN-18 20:20     PGM / RUN BY / DATE 
Map Name                                                    COMMENT             
Predicted global ionosphere maps (GIM).                     DESCRIPTION         
  2015    10     3     0     0     0                        EPOCH OF FIRST MAP  
  2015    10     4     0     0     0                        EPOCH OF LAST MAP   
  7200                                                      INTERVAL            
    13                                                      # OF MAPS IN FILE   
  NONE                                                      MAPPING FUNCTION    
10.0                                                        ELEVATION CUTOFF    
One-way carrier phase leveled to code                       OBSERVABLES USED    
  6371.0                                                    BASE RADIUS         
 2                                                          MAP DIMENSION       
   450.0 450.0   0.0                                        HGT1 / HGT2 / DHGT  
    87.5 -87.5  -2.5                                        LAT1 / LAT2 / DLAT  
  -180.0 180.0   5.0                                        LON1 / LON2 / DLON  
    -1                                                      EXPONENT            
                                                            END OF HEADER       
[from data line 2145]
     6                                                      START OF TEC MAP    
  2015    10     3    10     0     0                        EPOCH OF CURRENT MAP
    87.5-180.0 180.0   5.0 450.0                            LAT/LON1/LON2/DLON/H
   89   97   97  100  104  105  104  102  104  107  107  109  110  110  111  111
  112  112  111  111  111  110  109  108  107  106  104  103  102  101   99   98
   97   96   94   93   92   91   90   89   88   87   86   86   85   85   85   85
   85   85   86   86   86   86   87   87   87   87   87   88   88   88   88   88
   89   91   89   87   91   91  101  103   89                                   
    85.0-180.0 180.0   5.0 450.0                            LAT/LON1/LON2/DLON/H
   87  100  109  102  105  109  109  110  112  114  114  116  117  117  118  118
  118  118  118  118  118  117  116  115  114  113  112  111  110  109  107  106
  104  103  101  100   98   96   94   93   91   90   89   88   87   87   86   86
   86   87   87   87   88   89   89   90   91   91   92   92   93   93   93   94
   96   97   93   91   89   92   98   98   87                                   
    82.5-180.0 180.0   5.0 450.0                            LAT/LON1/LON2/DLON/H
   78   97  102   97   98  103  104  106  108  110  110  112  112  113  113  114
  114  114  114  113  113  112  112  111  110  110  109  108  108  107  106  105
  104  103  102  101   99   97   95   93   92   90   89   88   87   86   85   85
   85   85   86   86   87   88   88   89   89   90   90   90   90   90   90   90
   92   92   88   87   86   91   85   82   78                                   
    80.0-180.0 180.0   5.0 450.0                            LAT/LON1/LON2/DLON/H
   72   85   91   89   90   92   93   96   99  100  100  102  102  102  102  102
  102  102  102  102  101  101  101  101  101  101  101  102  102  103  103  104
  104  104  103  102  101   99   97   95   93   91   89   88   86   85   84   84
   83   83   83   84   84   85   85   86   86   86   86   86   85   84   83   83
   83   82   80   78   77   83   83   78   72                                   
    77.5-180.0 180.0   5.0 450.0                            LAT/LON1/LON2/DLON/H
   70   79   81   79   80   83   84   87   89   90   89   91   90   90   90   89
   89   89   89   89   89   89   90   90   91   92   94   96   99  101  104  106
  108  110  111  112  112  111  110  108  106  104  102  101   99   97   96   95
   94   93   92   92   92   92   92   92   91   91   90   88   86   84   82   80
   78   76   72   71   70   70   71   72   70                                   
    75.0-180.0 180.0   5.0 450.0                            LAT/LON1/LON2/DLON/H
   61   71   69   69   70   74   74   75   77   78   76   77   75   75   74   74
   73   73   73   73   74   74   75   77   79   81   85   89   93   98  103  108
  113  117  120  122  124  125  125  124  124  123  121  120  118  116  114  112
  110  108  106  104  103  102  101  100   99   97   95   93   91   88   84   81
   77   73   69   63   64   63   65   62   61                                   
    72.5-180.0 180.0   5.0 450.0                            LAT/LON1/LON2/DLON/H
   57   64   62   63   64   69   70   70   71   70   68   68   66   65   64   64
   63   63   63   63   63   64   65   67   70   73   78   83   89   96  104  111
  119  126  132  137  141  144  146  148  149  150  150  149  147  145  142  139
  135  132  128  125  122  119  116  114  112  109  106  103  100   96   91   87
   82   76   72   65   63   62   62   61   57                                   
    70.0-180.0 180.0   5.0 450.0                            LAT/LON1/LON2/DLON/H
   57   61   60   61   61   63   63   63   64   63   61   60   58   57   56   55
   54   54   54   54   55   56   57   60   63   67   72   78   85   94  103  113
  122  132  140  148  155  161  165  170  173  176  178  179  178  175  172  167
  161  155  149  143  138  133  129  124  121  117  113  110  106  102   97   92
   86   80   74   67   63   61   64   64   57                                   
    67.5-180.0 180.0   5.0 450.0                            LAT/LON1/LON2/DLON/H
   54   58   57   58   58   61   61   60   60   59   57   56   55   54   53   52
   52   51   51   52   52   53   54   56   59   62   67   73   80   89   99  109
  120  131  142  152  161  169  176  183  189  194  198  201  201  198  194  187
  179  171  163  155  147  140  134  128  123  119  115  112  109  105  100   95
   89   82   76   67   63   61   63   64   54                                   
    65.0-180.0 180.0   5.0 450.0                            LAT/LON1/LON2/DLON/H
   55   57   55   56   55   57   57   57   57   56   55   54   53   52   52   51
   51   51   51   51   52   53   54   56   58   61   65   70   77   85   94  105
  116  128  140  152  163  173  183  193  202  210  217  222  223  221  216  207
  198  187  177  167  157  149  140  133  127  122  118  115  112  109  104  100
   93   86   79   70   66   64   66   68   55                                   
    62.5-180.0 180.0   5.0 450.0                            LAT/LON1/LON2/DLON/H
   54   55   52   53   51   53   53   53   53   53   52   53   52   52   52   52
   52   52   52   52   52   53   55   56   58   60   63   67   73   79   88   97
  109  121  134  147  159  171  183  195  207  219  228  235  238  237  231  221
  210  198  186  175  165  155  146  137  130  124  120  117  115  112  107  103
   96   88   82   72   67   65   67   70   54                                   
    60.0-180.0 180.0   5.0 450.0                            LAT/LON1/LON2/DLON/H
   56   54   50   49   46   48   48   48   48   48   48   49   50   50   51   51
   51   51   51   51   51   52   53   55   57   59   62   65   69   74   81   89
  100  112  125  138  151  165  178  192  207  221  234  243  248  247  241  231
  219  207  195  184  173  163  153  144  136  129  125  122  119  116  112  106
   99   90   83   74   69   66   67   70   56                                   
    57.5-180.0 180.0   5.0 450.0                            LAT/LON1/LON2/DLON/H
   60   56   51   48   44   44   44   43   44   44   45   46   47   49   49   50
   50   49   48   48   48   49   51   53   56   59   62   65   68   71   77   84
   93  104  117  130  144  158  173  189  206  222  238  250  256  257  251  241
  229  217  206  197  188  178  168  158  149  142  136  133  130  127  121  115
  107   97   89   80   75   71   71   74   60                                   
    55.0-180.0 180.0   5.0 450.0                            LAT/LON1/LON2/DLON/H
   69   63   57   51   45   45   43   42   42   42   42   44   45   46   48   48
   47   46   45   44   44   45   47   51   55   59   63   66   69   72   76   82
   90  100  112  125  139  153  169  185  204  223  241  255  263  265  260  251
  239  229  220  212  205  196  187  176  167  159  153  149  146  141  135  127
  117  107   99   89   85   80   80   81   69                                   
    52.5-180.0 180.0   5.0 450.0                            LAT/LON1/LON2/DLON/H
   83   75   68   61   52   51   48   45   44   43   42   43   44   45   46   46
   46   44   42   40   40   41   44   48   54   60   65   69   72   75   78   83
   90   99  111  124  138  152  167  184  203  224  244  260  270  273  269  260
  250  241  234  228  222  215  206  196  186  178  172  168  164  159  151  142
  131  120  112  103   99   93   93   92   83                                   
    50.0-180.0 180.0   5.0 450.0                            LAT/LON1/LON2/DLON/H
   99   91   85   76   66   63   59   55   51   49   46   46   46   47   47   47
   46   43   41   39   38   39   42   47   54   61   68   73   77   80   83   87
   93  101  113  125  139  153  168  185  205  226  247  265  276  280  276  268
  259  251  246  241  237  230  221  211  201  194  188  184  180  174  166  157
  145  134  126  118  114  110  110  107   99                                   
    47.5-180.0 180.0   5.0 450.0                            LAT/LON1/LON2/DLON/H
  114  108  103   94   84   80   75   69   64   59   55   53   52   51   51   50
   49   46   43   41   39   39   42   47   55   63   72   78   83   86   89   92
   97  105  116  129  143  157  172  188  208  229  250  268  280  285  282  274
  265  258  253  249  244  237  228  219  210  203  198  195  191  186  178  168
  157  146  138  130  128  126  126  122  114                                   
    45.0-180.0 180.0   5.0 450.0                            LAT/LON1/LON2/DLON/H
  125  122  118  110  101   97   91   85   79   72   66   63   60   59   58   57
   55   53   50   47   45   44   45   50   58   67   76   83   89   92   94   96
  101  108  119  132  146  161  176  193  211  232  253  271  283  287  284  276
  268  260  254  250  244  236  227  218  210  204  201  198  195  190  182  173
  163  153  144  138  136  135  137  133  125                                   
    42.5-180.0 180.0   5.0 450.0                            LAT/LON1/LON2/DLON/H
  127  127  125  120  113  110  105   99   92   85   78   74   71   69   68   66
   65   63   61   58   54   52   52   55   62   71   80   88   93   96   97   99
  103  110  120  134  150  166  181  198  216  236  255  272  283  287  285  278
  269  261  254  247  239  230  221  211  205  200  198  196  193  188  181  173
  163  154  145  138  136  136  138  136  127                                   
    40.0-180.0 180.0   5.0 450.0                            LAT/LON1/LON2/DLON/H
  119  123  123  121  117  115  111  106  100   94   88   84   81   79   78   77
   77   76   75   71   67   63   60   62   67   75   84   91   96   98   99  101
  105  112  123  138  155  172  188  205  222  241  259  275  285  289  287  281
  273  265  256  248  238  227  217  208  202  198  195  193  189  183  176  168
  159  150  140  132  129  128  130  129  119                                   
    37.5-180.0 180.0   5.0 450.0                            LAT/LON1/LON2/DLON/H
  105  110  111  111  110  110  108  105  101   97   93   91   90   89   89   88
   89   89   89   86   81   75   70   69   72   79   87   94   98  101  103  105
  109  116  129  145  164  182  199  215  232  249  266  281  291  296  296  292
  285  277  269  259  247  236  225  216  210  205  201  196  189  182  173  165
  155  144  133  124  118  114  115  114  105                                   
    35.0-180.0 180.0   5.0 450.0                            LAT/LON1/LON2/DLON/H
   90   94   95   95   95   97   97   97   96   94   93   94   96   97   97   98
   99  100  101   99   93   86   79   75   77   83   90   97  102  106  109  112
  118  127  141  159  178  197  214  231  247  264  280  294  305  312  314  313
  310  304  296  286  274  263  252  243  236  230  222  213  202  191  179  169
  157  144  130  117  108  100   99   99   90                                   
    32.5-180.0 180.0   5.0 450.0                            LAT/LON1/LON2/DLON/H
   79   80   80   79   78   81   83   84   86   88   90   95   99  102  104  105
  106  108  109  108  102   94   85   80   81   87   95  103  109  115  120  125
  133  145  161  180  201  219  236  252  269  285  301  315  328  337  343  347
  347  344  339  330  320  310  300  292  284  274  263  248  232  215  200  186
  170  154  137  120  107   93   91   90   79                                   
    30.0-180.0 180.0   5.0 450.0                            LAT/LON1/LON2/DLON/H
   79   74   72   68   66   68   71   73   77   81   86   93  100  105  108  109
  110  111  113  111  106   97   89   84   86   92  101  110  118  126  134  143
  154  169  188  209  230  248  265  281  297  313  329  345  359  372  382  391
  397  399  397  392  384  375  367  359  349  337  320  300  278  256  236  218
  198  179  159  138  121  101   96   92   79                                   
    27.5-180.0 180.0   5.0 450.0                            LAT/LON1/LON2/DLON/H
   92   81   76   68   63   63   66   67   71   76   83   92  100  107  109  109
  109  110  111  110  105   97   90   87   90   97  107  118  128  139  151  164
  180  198  220  242  263  282  298  314  329  346  363  380  397  413  428  442
  454  461  464  463  459  452  445  436  424  408  388  363  336  310  284  262
  238  216  194  170  153  127  119  111   92                                   
    25.0-180.0 180.0   5.0 450.0                            LAT/LON1/LON2/DLON/H
  117  101   93   80   71   69   70   69   72   76   83   92  101  107  109  108
  106  105  105  104  100   94   90   89   94  103  114  126  139  153  170  188
  208  229  252  276  297  315  331  347  363  380  398  417  436  456  476  495
  512  525  532  534  531  526  518  509  495  477  454  427  397  366  337  310
  284  260  238  214  197  170  158  146  117                                   
    22.5-180.0 180.0   5.0 450.0                            LAT/LON1/LON2/DLON/H
  152  133  121  103   90   84   82   80   80   82   87   94  102  107  107  105
  101   99   98   96   94   90   89   91   98  107  119  133  149  167  188  210
  233  256  280  304  325  344  360  375  392  410  429  450  471  494  518  540
  560  575  584  587  584  579  571  561  547  528  505  478  448  417  385  355
  327  304  283  262  247  222  208  192  152                                   
    20.0-180.0 180.0   5.0 450.0                            LAT/LON1/LON2/DLON/H
  191  170  155  133  115  106  101   96   93   93   94   99  104  106  105  101
   96   93   91   89   87   86   88   92  101  112  125  140  158  179  203  227
  250  274  299  323  345  363  380  396  413  432  453  475  497  521  545  567
  586  599  606  607  603  597  590  580  567  551  531  508  480  450  418  388
  360  339  321  305  294  274  259  242  191                                   
    17.5-180.0 180.0   5.0 450.0                            LAT/LON1/LON2/DLON/H
  225  206  190  166  143  130  122  116  109  105  103  104  106  106  103   98
   92   88   85   83   82   83   87   94  105  117  131  146  165  188  212  237
  260  284  309  334  356  375  392  409  427  448  469  490  512  534  555  573
  587  595  598  594  588  580  572  564  554  542  528  510  489  462  432  403
  376  359  346  336  330  318  303  287  225                                   
    15.0-180.0 180.0   5.0 450.0                            LAT/LON1/LON2/DLON/H
  253  237  221  195  168  152  141  134  125  118  113  110  109  106  101   95
   90   85   82   80   79   82   88   98  110  124  137  152  170  193  218  242
  265  289  314  338  360  380  398  416  436  457  478  499  519  537  552  564
  570  572  568  560  549  539  530  522  515  509  501  492  477  455  429  401
  377  364  357  354  352  346  333  317  253                                   
    12.5-180.0 180.0   5.0 450.0                            LAT/LON1/LON2/DLON/H
  272  260  245  219  190  169  156  148  138  130  122  117  112  107  101   94
   89   85   81   79   79   82   90  103  117  131  144  158  175  198  222  246
  269  293  317  340  362  382  401  421  442  463  483  502  519  534  544  549
  549  544  535  522  507  493  483  475  471  468  467  463  453  437  414  389
  367  357  355  358  360  359  348  333  272                                   
    10.0-180.0 180.0   5.0 450.0                            LAT/LON1/LON2/DLON/H
  285  278  264  237  207  183  167  159  148  139  130  123  116  109  102   95
   90   86   83   81   80   84   94  109  125  139  152  165  183  205  229  253
  275  298  320  342  363  383  404  425  446  467  487  504  519  530  536  536
  532  522  509  493  476  460  448  440  437  436  437  437  431  418  398  374
  353  345  345  352  357  359  351  335  285                                   
     7.5-180.0 180.0   5.0 450.0                            LAT/LON1/LON2/DLON/H
  297  293  280  253  224  196  178  168  157  148  138  130  121  113  105   98
   93   89   87   84   84   88   99  114  132  148  161  175  193  215  239  262
