data/edconvlstm_nd/pred1370.15i
     1.0            IONOSPHERE MAPS     GNSS                IONEX VERSION / TYPE
pyspatialgeodesy        IME             05-JAN-18 20:20     PGM / RUN BY / DATE 
Map Name                                                    COMMENT             
Predicted global ionosphere maps (GIM).                     DESCRIPTION         
  2015     5    17     0     0     0                        EPOCH OF FIRST MAP  
  2015     5    18     0     0     0                        EPOCH OF LAST MAP   
  7200                                                      INTERVAL            
    13                                                      # OF MAPS IN FILE   
  NONE                                                      MAPPING FUNCTION    
10.0                                                        ELEVATION CUTOFF    
One-way carrier phase leveled to code                       OBSERVABLES USED    
  6371.0                                                    BASE RADIUS         
 2                                                          MAP DIMENSION       
   450.0 450.0   0.0                                        HGT1 / HGT2 / DHGT  
    87.5 -87.5  -2.5                                        LAT1 / LAT2 / DLAT  
  -180.0 180.0   5.0                                        LON1 / LON2 / DLON  
    -1                                                      EXPONENT            
                                                            END OF HEADER       
[from data line 5148]
    13                                                      START OF TEC MAP    
  2015     5    18     0     0     0                        EPOCH OF CURRENT MAP
    87.5-180.0 180.0   5.0 450.0                            LAT/LON1/LON2/DLON/H
  199  212  221  208  207  208  206  206  207  207  207  208  207  207  207  206
  205  204  203  202  200  199  198  196  195  194  193  192  191  190  189  189
  189  188  188  189  189  189  190  190  191  192  192  193  194  195  196  196
  197  198  198  199  199  200  200  200  200  200  200  200  200  199  199  200
  200  201  202  204  205  202  203  228  199                                   
    85.0-180.0 180.0   5.0 450.0                            LAT/LON1/LON2/DLON/H
  220  219  217  213  219  220  219  219  220  220  221  221  221  221  220  219
  218  216  214  212  210  208  205  203  201  199  197  195  194  193  192  191
  190  190  190  190  190  191  192  193  194  195  196  198  199  201  202  203
  204  206  207  208  209  209  210  210  210  211  211  211  211  210  210  210
  211  211  213  217  211  214  219  233  220                                   
    82.5-180.0 180.0   5.0 450.0                            LAT/LON1/LON2/DLON/H
  216  217  219  216  220  222  221  223  226  227  228  229  230  230  229  228
  226  224  221  218  214  211  207  204  200  197  194  191  189  187  185  184
  183  182  182  182  182  183  185  186  188  190  192  194  197  199  201  203
  205  207  209  210  212  213  213  214  214  215  215  214  214  214  213  213
  213  214  214  215  213  204  214  216  216                                   
    80.0-180.0 180.0   5.0 450.0                            LAT/LON1/LON2/DLON/H
  209  216  215  212  216  221  225  229  233  235  238  240  241  242  241  239
  237  234  230  225  220  215  210  205  201  196  192  188  185  182  180  179
  178  177  177  178  179  180  182  184  187  190  192  196  199  202  205  208
  211  213  215  217  219  220  221  222  222  222  222  222  221  220  220  219
  218  217  216  215  218  209  219  224  209                                   
    77.5-180.0 180.0   5.0 450.0                            LAT/LON1/LON2/DLON/H
  210  211  214  212  213  218  226  232  238  241  246  249  252  253  252  250
  247  243  237  232  225  219  212  206  200  194  189  185  181  179  177  175
  175  175  175  176  178  180  182  185  188  192  195  199  203  207  211  214
  218  221  223  225  227  228  229  230  230  230  230  229  228  227  226  225
  223  223  219  217  221  218  220  231  210                                   
    75.0-180.0 180.0   5.0 450.0                            LAT/LON1/LON2/DLON/H
  216  214  217  215  214  220  227  234  241  246  251  256  259  259  258  255
  251  246  240  233  226  218  211  204  197  191  186  181  178  176  175  175
  175  176  178  180  182  184  187  189  193  196  200  204  208  213  217  221
  224  227  230  232  233  235  235  236  236  236  236  236  235  234  233  233
  231  231  228  220  224  225  227  238  216                                   
    72.5-180.0 180.0   5.0 450.0                            LAT/LON1/LON2/DLON/H
  215  219  222  216  214  219  227  234  242  248  254  259  261  261  259  256
  250  244  237  229  222  214  206  199  192  185  180  176  174  172  173  174
  176  178  180  183  185  187  189  191  194  197  201  205  209  213  217  221
  225  227  230  231  232  233  234  234  235  236  236  237  237  237  237  238
  237  237  236  230  231  230  235  248  215                                   
    70.0-180.0 180.0   5.0 450.0                            LAT/LON1/LON2/DLON/H
  222  222  225  220  215  219  226  234  243  249  255  260  263  262  259  254
  248  241  234  226  218  211  203  195  188  181  176  172  170  171  172  175
  178  181  184  186  187  189  190  191  193  195  198  202  206  210  214  218
  221  223  225  226  227  228  229  230  231  233  235  237  239  240  241  243
  243  243  243  239  243  243  247  257  222                                   
    67.5-180.0 180.0   5.0 450.0                            LAT/LON1/LON2/DLON/H
  232  231  232  226  218  221  227  233  242  248  255  261  263  263  260  254
  248  241  233  226  219  212  204  196  188  181  175  172  170  171  174  178
  181  185  187  188  188  188  187  187  188  189  191  194  198  202  206  210
  213  215  216  217  218  219  221  223  226  229  233  237  240  243  245  247
  249  251  251  248  254  254  260  268  232                                   
    65.0-180.0 180.0   5.0 450.0                            LAT/LON1/LON2/DLON/H
  242  239  239  232  222  222  226  232  240  246  253  259  262  262  260  255
  249  243  236  230  224  217  210  202  193  185  179  175  174  175  179  183
  186  189  190  189  187  185  183  181  180  181  182  184  187  191  194  198
  201  203  205  206  207  209  212  216  221  226  232  238  243  247  250  253
  255  258  259  258  264  265  273  277  242                                   
    62.5-180.0 180.0   5.0 450.0                            LAT/LON1/LON2/DLON/H
  252  249  249  240  229  225  227  231  238  244  251  258  262  262  261  258
  253  249  244  239  234  228  221  213  204  195  188  184  183  184  187  191
  193  194  193  190  186  182  178  175  173  172  172  173  176  179  182  186
  189  192  195  197  199  202  206  212  219  227  235  243  250  255  259  262
  264  267  269  268  274  276  283  284  252                                   
    60.0-180.0 180.0   5.0 450.0                            LAT/LON1/LON2/DLON/H
  263  261  261  250  238  232  230  232  238  242  249  255  260  262  263  261
  259  257  254  251  248  243  236  228  219  210  202  197  196  197  199  202
  202  201  197  191  185  179  174  169  166  164  163  163  165  167  171  174
  178  182  186  189  193  197  204  212  221  231  242  251  259  265  270  273
  275  277  278  277  282  284  289  288  263                                   
    57.5-180.0 180.0   5.0 450.0                            LAT/LON1/LON2/DLON/H
  274  276  276  264  251  242  238  238  241  243  248  254  259  262  264  265
  265  265  264  263  261  257  252  244  236  227  220  215  213  214  215  215
  214  209  202  193  185  178  172  167  163  159  157  156  156  157  161  165
  170  175  179  185  190  197  206  216  227  239  251  262  271  277  282  285
  286  288  289  287  290  292  294  291  274                                   
    55.0-180.0 180.0   5.0 450.0                            LAT/LON1/LON2/DLON/H
  285  293  294  280  268  259  253  250  250  249  251  255  259  262  266  268
  270  271  272  272  271  269  265  260  253  246  240  236  234  234  233  231
  226  218  208  197  188  180  173  168  163  158  154  152  150  151  154  158
  164  170  177  184  192  201  212  224  236  250  263  274  283  290  295  298
  299  299  300  297  299  299  297  295  285                                   
    52.5-180.0 180.0   5.0 450.0                            LAT/LON1/LON2/DLON/H
  298  311  312  298  289  280  274  269  267  263  261  261  262  265  268  270
  273  275  276  277  278  278  276  273  269  264  261  258  256  255  252  247
  239  228  215  203  193  185  179  173  168  162  156  151  149  149  151  155
  161  169  177  187  197  208  221  234  248  261  274  286  295  302  307  310
  312  312  312  307  308  306  302  301  298                                   
    50.0-180.0 180.0   5.0 450.0                            LAT/LON1/LON2/DLON/H
  311  329  330  318  312  306  302  296  292  284  278  274  272  271  272  274
  275  277  279  280  282  284  285  285  284  282  281  279  277  274  270  262
  251  237  224  211  201  193  188  182  176  169  162  156  152  151  152  156
  162  170  180  192  204  218  232  245  259  272  284  295  304  311  317  321
  323  324  324  318  319  315  310  310  311                                   
    47.5-180.0 180.0   5.0 450.0                            LAT/LON1/LON2/DLON/H
  324  346  346  337  334  333  333  328  323  313  303  294  288  283  281  280
  280  280  282  284  287  290  294  296  298  299  298  297  295  290  283  273
  260  245  231  219  210  204  199  193  187  179  171  164  159  158  158  161
  167  175  186  199  213  229  244  258  270  282  292  302  310  317  324  329
  333  335  335  329  331  326  321  324  324                                   
    45.0-180.0 180.0   5.0 450.0                            LAT/LON1/LON2/DLON/H
  338  359  359  352  354  358  362  360  356  345  333  321  310  302  295  291
  288  287  288  291  295  299  304  308  311  313  313  311  307  300  291  279
  266  251  238  227  220  215  211  206  200  192  184  176  171  169  168  170
  174  182  193  207  224  241  257  270  282  291  300  308  316  322  329  336
  341  345  346  341  344  338  336  342  338                                   
    42.5-180.0 180.0   5.0 450.0                            LAT/LON1/LON2/DLON/H
  352  369  368  364  370  378  386  388  386  377  364  351  338  325  315  307
  302  299  300  303  308  313  318  321  324  325  323  320  314  305  295  282
  269  255  244  235  229  226  224  220  214  207  199  193  188  184  182  182
  184  190  201  216  234  253  270  283  294  302  309  316  323  329  336  344
  350  355  357  354  358  353  355  363  352                                   
    40.0-180.0 180.0   5.0 450.0                            LAT/LON1/LON2/DLON/H
  368  377  375  374  381  391  402  407  409  402  392  380  366  353  340  329
  321  317  318  321  326  331  334  336  336  334  331  325  317  307  296  283
  271  260  250  244  240  238  237  234  230  224  218  212  207  202  198  195
  195  199  209  224  243  263  281  295  306  314  320  327  333  340  348  355
  363  368  371  369  374  370  377  389  368                                   
    37.5-180.0 180.0   5.0 450.0                            LAT/LON1/LON2/DLON/H
  388  389  385  384  391  401  411  419  424  421  414  405  394  381  367  354
  344  340  340  344  349  352  353  352  348  344  338  330  320  309  297  286
  275  266  258  254  251  250  249  248  246  243  239  234  228  222  215  209
  205  207  215  229  249  270  289  305  316  326  333  341  349  357  365  372
  380  386  390  389  395  392  403  419  388                                   
    35.0-180.0 180.0   5.0 450.0                            LAT/LON1/LON2/DLON/H
  416  408  402  401  405  412  420  427  433  433  431  426  418  407  394  380
  370  364  365  368  372  374  372  367  360  353  346  337  327  315  303  292
  282  274  268  264  262  261  261  262  262  262  259  255  249  240  230  221
  214  212  218  231  251  272  293  311  325  337  348  358  368  378  386  395
  403  409  413  413  422  420  433  453  416                                   
    32.5-180.0 180.0   5.0 450.0                            LAT/LON1/LON2/DLON/H
  454  439  432  429  428  431  434  439  444  446  446  445  441  433  420  406
  394  388  388  390  393  392  388  381  373  365  357  349  338  326  314  302
  293  285  279  274  271  270  271  273  276  278  278  274  266  255  242  230
  220  216  220  232  250  271  293  313  330  346  361  376  390  402  411  420
  429  437  441  442  454  454  466  491  454                                   
    30.0-180.0 180.0   5.0 450.0                            LAT/LON1/LON2/DLON/H
  502  482  475  471  465  464  462  462  465  466  467  468  466  458  446  431
  417  409  406  407  407  406  401  394  386  380  374  366  355  342  328  315
  304  295  287  280  276  275  276  281  287  291  292  288  278  265  249  235
  224  219  221  230  246  267  290  312  332  353  373  393  412  426  437  447
  457  466  470  472  490  491  503  531  502                                   
    27.5-180.0 180.0   5.0 450.0                            LAT/LON1/LON2/DLON/H
  558  532  527  527  517  513  506  503  502  501  500  500  497  489  474  457
  440  428  421  418  416  413  409  404  400  397  392  385  374  360  343  328
  314  301  290  282  276  274  277  283  291  298  300  295  284  268  251  236
  226  220  220  227  241  261  284  308  332  357  383  409  431  449  462  473
  485  494  499  502  525  529  540  573  558                                   
    25.0-180.0 180.0   5.0 450.0                            LAT/LON1/LON2/DLON/H
  614  584  583  589  577  573  565  560  556  552  549  545  539  527  509  487
  466  448  435  427  421  418  415  414  413  413  411  404  391  374  354  335
  316  300  286  275  269  268  272  280  289  297  299  294  282  266  249  235
  225  219  218  223  235  254  278  304  332  362  393  423  449  470  486  498
  512  521  526  531  558  562  576  614  614                                   
    22.5-180.0 180.0   5.0 450.0                            LAT/LON1/LON2/DLON/H
  664  629  633  646  636  634  629  625  620  615  610  603  592  576  553  525
  497  472  452  437  427  421  420  422  425  427  424  416  401  379  355  331
  308  289  273  262  256  256  261  270  281  289  291  286  274  258  243  230
  221  215  213  217  227  246  272  301  333  366  401  434  464  487  505  520
  535  545  550  557  584  586  606  649  664                                   
    20.0-180.0 180.0   5.0 450.0                            LAT/LON1/LON2/DLON/H
  698  663  672  691  684  688  688  688  686  683  677  667  653  632  604  571
  536  504  475  452  436  427  426  429  433  435  430  417  396  369  340  312
  287  266  251  241  237  239  246  256  266  274  277  273  263  248  234  222
  214  209  206  208  219  239  267  300  334  370  407  443  474  500  521  538
  555  565  570  579  602  601  628  674  698                                   
    17.5-180.0 180.0   5.0 450.0                            LAT/LON1/LON2/DLON/H
  713  681  694  716  714  724  731  738  742  743  739  730  715  692  660  623
  583  543  506  474  451  438  434  436  437  434  422  401  373  341  309  280
  255  236  223  216  216  222  230  240  249  256  259  257  249  237  224  214
  206  200  197  199  210  232  262  298  335  372  411  448  482  510  533  552
  571  582  588  597  614  610  641  688  713                                   
    15.0-180.0 180.0   5.0 450.0                            LAT/LON1/LON2/DLON/H
  713  685  701  721  723  738  752  766  777  784  785  780  767  745  714  675
  632  588  544  504  474  454  445  441  435  420  397  365  331  297  267  241
  220  205  196  195  200  209  219  227  234  239  242  242  236  227  215  205
  197  190  186  188  199  223  255  293  332  371  411  450  486  517  542  565
  586  597  605  613  623  617  650  694  713                                   
    12.5-180.0 180.0   5.0 450.0                            LAT/LON1/LON2/DLON/H
  707  683  699  715  717  734  751  769  787  799  806  806  799  782  755  720
  679  633  586  541  503  475  457  441  421  391  355  315  279  249  224  205
  191  183  180  184  194  205  215  222  225  227  229  230  227  219  208  197
  186  178  172  173  185  209  244  283  324  364  405  446  485  520  550  576
  599  613  622  630  635  628  660  699  707                                   
    10.0-180.0 180.0   5.0 450.0                            LAT/LON1/LON2/DLON/H
  705  686  699  707  706  721  736  755  774  789  799  805  804  794  775  747
  711  670  624  576  532  495  463  431  393  348  302  261  228  206  192  183
  178  176  179  187  200  213  222  225  223  221  221  222  221  214  202  188
  175  163  155  154  165  190  226  267  308  350  392  437  480  519  554  585
  611  628  639  648  651  645  675  710  705                                   
     7.5-180.0 180.0   5.0 450.0                            LAT/LON1/LON2/DLON/H
  715  701  709  707  700  707  717  731  747  761  771  779  783  780  768  749
  723  689  648  601  553  505  457  407  352  297  248  212  190  182  180  182
