data/edconvlstm_nd/pred0630.15i
     1.0            IONOSPHERE MAPS     GNSS                IONEX VERSION / TYPE
pyspatialgeodesy        IME             05-JAN-18 20:20     PGM / RUN BY / DATE 
Map Name                                                    COMMENT             
Predicted global ionosphere maps (GIM).                     DESCRIPTION         
  2015     3     4     0     0     0                        EPOCH OF FIRST MAP  
  2015     3     5     0     0     0                        EPOCH OF LAST MAP   
  7200                                                      INTERVAL            
    13                                                      # OF MAPS IN FILE   
  NONE                                                      MAPPING FUNCTION    
10.0                                                        ELEVATION CUTOFF    
One-way carrier phase leveled to code                       OBSERVABLES USED    
  6371.0                                                    BASE RADIUS         
 2                                                          MAP DIMENSION       
   450.0 450.0   0.0                                        HGT1 / HGT2 / DHGT  
    87.5 -87.5  -2.5                                        LAT1 / LAT2 / DLAT  
  -180.0 180.0   5.0                                        LON1 / LON2 / DLON  
    -1                                                      EXPONENT            
                                                            END OF HEADER       
[from data line 3003]
     8                                                      START OF TEC MAP    
  2015     3     4    14     0     0                        EPOCH OF CURRENT MAP
    87.5-180.0 180.0   5.0 450.0                            LAT/LON1/LON2/DLON/H
  136  148  147  152  155  155  155  154  156  158  159  160  161  162  163  164
  165  165  166  166  167  167  167  167  167  167  166  166  165  164  163  162
  161  159  157  156  154  152  150  148  146  144  142  141  140  139  139  139
  139  139  140  140  141  142  143  144  146  147  148  149  149  150  150  151
  151  152  150  148  154  150  158  150  136                                   
    85.0-180.0 180.0   5.0 450.0                            LAT/LON1/LON2/DLON/H
  138  148  160  151  150  155  156  159  160  163  163  164  165  166  167  168
  169  170  170  171  171  171  171  171  171  171  171  170  170  169  168  166
  164  162  160  157  155  152  149  147  144  142  140  138  137  136  136  136
  137  138  139  141  142  144  146  148  150  151  153  154  155  156  156  156
  157  157  153  149  148  144  148  147  138                                   
    82.5-180.0 180.0   5.0 450.0                            LAT/LON1/LON2/DLON/H
  122  135  139  131  131  136  139  141  143  145  146  149  150  151  152  154
  155  156  157  158  159  160  161  162  163  163  164  164  164  164  163  162
  160  158  155  151  148  144  140  135  131  128  125  122  120  119  119  119
  120  121  123  126  128  131  134  137  140  142  144  146  147  147  147  147
  147  146  141  139  135  139  132  125  122                                   
    80.0-180.0 180.0   5.0 450.0                            LAT/LON1/LON2/DLON/H
  103  108  113  108  107  108  112  116  120  123  125  127  129  131  133  135
  137  138  140  142  144  146  148  150  152  154  156  157  158  159  159  158
  157  154  151  146  142  136  130  125  119  114  110  107  105  103  103  103
  105  107  110  113  116  120  124  128  131  134  137  139  140  140  139  138
  137  134  129  125  117  116  111  107  103                                   
    77.5-180.0 180.0   5.0 450.0                            LAT/LON1/LON2/DLON/H
   93   91   93   88   87   88   90   94   97  100  102  105  107  109  111  114
  116  118  121  124  127  131  135  139  144  148  152  156  159  162  165  166
  166  164  161  157  152  146  139  132  125  118  112  108  105  103  102  102
  103  105  108  111  114  118  122  126  129  133  135  137  138  137  136  133
  130  125  119  115  110  100   96   95   93                                   
    75.0-180.0 180.0   5.0 450.0                            LAT/LON1/LON2/DLON/H
   83   82   79   77   75   76   77   79   83   85   87   89   91   93   95   97
  100  103  106  111  116  122  128  134  141  148  154  160  166  171  175  179
  180  181  179  175  170  164  156  148  140  133  126  121  117  115  113  112
  112  113  114  115  117  120  122  125  129  132  134  136  137  136  134  131
  127  122  116  108  103   93   89   79   83                                   
    72.5-180.0 180.0   5.0 450.0                            LAT/LON1/LON2/DLON/H
   82   80   76   75   72   73   74   75   76   77   78   80   81   83   84   86
   89   93   98  104  112  120  128  137  145  153  161  169  176  183  189  194
  198  201  201  199  194  188  180  172  164  156  149  143  139  135  132  130
  128  126  124  122  121  120  121  121  123  125  127  129  130  130  128  126
  122  117  112  105  100   93   89   84   82                                   
    70.0-180.0 180.0   5.0 450.0                            LAT/LON1/LON2/DLON/H
   87   85   81   80   77   77   76   76   76   77   77   77   78   79   80   81
   84   89   95  104  113  124  134  144  154  163  171  179  186  194  201  208
  214  218  219  218  215  209  202  194  186  179  173  167  163  158  154  149
  144  139  133  127  121  117  113  111  110  111  112  114  116  117  117  116
  113  110  107  101   99   94   94   89   87                                   
    67.5-180.0 180.0   5.0 450.0                            LAT/LON1/LON2/DLON/H
   90   92   88   89   87   88   86   85   84   84   83   83   83   83   84   86
   90   95  103  113  125  137  149  159  169  177  184  191  197  205  212  220
  227  232  234  234  231  226  220  213  206  200  195  190  186  181  175  168
  160  151  140  130  120  110  103   97   94   93   94   97   99  101  103  104
  104  102  101   96   96   94   96   92   90                                   
    65.0-180.0 180.0   5.0 450.0                            LAT/LON1/LON2/DLON/H
   88   93   90   93   93   94   92   92   90   89   88   87   87   87   89   91
   96  103  112  124  137  150  162  173  181  188  193  198  204  210  218  226
  234  239  243  243  240  236  230  224  219  215  211  208  204  198  191  181
  170  157  143  127  113   99   88   79   74   72   72   74   78   81   84   87
   88   89   90   87   90   92   95   93   88                                   
    62.5-180.0 180.0   5.0 450.0                            LAT/LON1/LON2/DLON/H
   78   86   84   89   91   93   93   93   92   91   90   90   90   92   94   98
  104  112  123  136  149  162  174  184  190  195  198  202  207  213  221  230
  238  244  247  247  244  239  234  229  225  223  221  218  214  208  199  187
  173  157  140  122  105   88   75   64   57   53   53   55   59   63   66   70
   72   74   76   74   78   81   84   83   78                                   
    60.0-180.0 180.0   5.0 450.0                            LAT/LON1/LON2/DLON/H
   63   71   70   77   80   84   85   86   86   85   85   86   88   91   96  102
  109  119  130  143  156  169  179  188  193  196  199  202  207  214  223  233
  242  248  251  250  246  240  235  231  229  228  227  225  220  213  202  188
  172  155  137  118  100   83   69   57   49   44   43   44   47   51   54   57
   59   61   63   61   64   67   70   69   63                                   
    57.5-180.0 180.0   5.0 450.0                            LAT/LON1/LON2/DLON/H
   48   54   54   62   66   70   73   75   76   76   76   79   82   87   94  102
  112  123  135  147  159  170  180  186  191  194  197  201  208  218  229  241
  251  257  259  256  251  244  239  235  234  234  234  233  228  219  206  191
  175  158  140  123  107   91   76   64   56   50   47   48   49   51   54   56
   56   56   58   55   56   55   56   56   48                                   
    55.0-180.0 180.0   5.0 450.0                            LAT/LON1/LON2/DLON/H
   39   41   42   50   54   58   62   63   64   65   66   69   74   81   90  101
  113  125  137  148  159  168  175  182  187  191  196  203  213  226  240  254
  264  270  271  266  260  252  246  243  243  244  245  243  237  227  214  198
  182  167  152  138  124  111   98   86   77   70   66   65   65   65   65   65
   64   62   61   57   56   52   50   49   39                                   
    52.5-180.0 180.0   5.0 450.0                            LAT/LON1/LON2/DLON/H
   39   38   38   45   49   53   56   57   57   57   58   61   67   75   86   99
  113  127  139  149  157  164  171  177  183  190  198  209  223  239  256  271
  282  287  286  280  272  264  258  255  255  257  258  256  250  240  226  211
  197  184  173  162  151  140  129  118  108  101   96   93   91   89   87   85
   81   77   74   69   66   60   55   52   39                                   
    50.0-180.0 180.0   5.0 450.0                            LAT/LON1/LON2/DLON/H
   50   47   46   50   53   57   59   58   57   56   56   58   63   72   84   99
  115  130  142  150  157  162  169  175  183  193  205  219  236  255  274  290
  300  304  302  296  287  278  272  269  270  272  273  272  266  256  243  229
  217  206  197  189  180  171  160  150  141  133  127  123  120  117  114  110
  104   99   94   88   85   78   73   66   50                                   
    47.5-180.0 180.0   5.0 450.0                            LAT/LON1/LON2/DLON/H
   72   67   64   66   68   70   71   68   65   63   61   62   66   74   87  103
  120  136  148  155  161  165  171  180  190  202  216  233  252  272  291  306
  316  319  317  310  302  294  288  285  285  287  288  286  280  271  260  247
  236  227  219  211  203  193  183  173  164  156  150  146  143  140  136  132
  126  120  114  110  108  104   99   90   72                                   
    45.0-180.0 180.0   5.0 450.0                            LAT/LON1/LON2/DLON/H
   98   95   89   89   90   90   88   84   80   76   74   73   76   83   95  112
  130  146  157  164  169  173  180  190  202  216  232  249  268  287  304  317
  325  328  327  323  317  311  305  302  300  300  299  297  291  283  273  262
  251  241  231  221  212  201  190  180  170  163  158  154  152  151  149  145
  140  135  129  126  129  129  127  118   98                                   
    42.5-180.0 180.0   5.0 450.0                            LAT/LON1/LON2/DLON/H
  123  123  116  115  114  112  108  102   97   93   90   89   90   96  108  124
  143  159  170  177  181  186  194  206  219  234  249  264  280  296  310  321
  329  333  335  336  334  330  325  320  316  313  309  305  299  291  282  271
  259  246  234  221  208  195  183  172  162  155  150  148  147  147  147  147
  143  139  134  134  140  146  148  140  123                                   
    40.0-180.0 180.0   5.0 450.0                            LAT/LON1/LON2/DLON/H
  137  142  135  135  134  129  124  117  112  109  106  105  106  112  124  140
  158  174  185  191  196  202  212  224  238  252  265  277  290  302  314  323
  332  340  347  354  357  356  351  345  337  329  322  314  307  299  290  278
  264  248  232  216  200  185  171  158  147  140  135  132  132  134  136  138
  136  133  130  130  139  150  155  149  137                                   
    37.5-180.0 180.0   5.0 450.0                            LAT/LON1/LON2/DLON/H
  138  147  142  144  144  137  131  124  121  119  119  119  122  128  141  157
  175  190  201  208  213  220  231  243  256  268  279  289  299  309  320  332
  343  357  371  384  392  394  389  380  368  356  344  332  322  312  301  288
  272  253  234  216  199  182  166  151  138  129  123  119  118  120  123  126
  126  123  120  118  127  140  147  143  138                                   
    35.0-180.0 180.0   5.0 450.0                            LAT/LON1/LON2/DLON/H
  128  139  138  140  141  133  129  123  121  122  124  128  133  142  156  174
  191  206  217  225  232  240  250  262  274  285  294  303  312  324  338  353
  371  391  413  433  446  449  442  430  414  397  380  363  349  336  323  308
  290  270  250  232  215  199  181  164  148  136  127  121  117  117  119  122
  122  118  112  107  113  123  131  128  128                                   
    32.5-180.0 180.0   5.0 450.0                            LAT/LON1/LON2/DLON/H
  114  125  127  129  130  122  119  114  115  118  123  130  138  152  169  189
  207  222  234  243  251  260  271  282  293  303  313  323  336  352  372  395
  421  449  479  504  519  522  513  498  478  457  434  412  392  374  359  342
  323  304  286  271  258  243  225  206  187  171  158  147  139  135  134  135
  133  127  117  106  105  109  114  110  114                                   
    30.0-180.0 180.0   5.0 450.0                            LAT/LON1/LON2/DLON/H
  102  113  115  117  117  109  108  103  105  109  116  126  139  156  178  201
  221  237  250  262  272  283  293  303  314  325  337  352  371  396  426  458
  494  530  566  594  609  609  598  579  558  533  506  478  451  429  411  393
  375  358  345  336  329  318  301  279  256  235  218  203  189  179  174  171
  165  155  140  122  113  107  106   99  102                                   
    27.5-180.0 180.0   5.0 450.0                            LAT/LON1/LON2/DLON/H
  100  109  109  111  109  101  100   95   97  101  108  119  135  157  183  209
  232  250  266  281  295  307  317  327  338  351  369  391  421  457  497  540
  584  628  666  693  705  701  686  666  644  619  589  556  524  498  477  460
  444  431  424  422  422  416  400  377  351  326  304  285  266  250  238  230
  220  207  185  162  142  125  114   99  100                                   
    25.0-180.0 180.0   5.0 450.0                            LAT/LON1/LON2/DLON/H
  110  117  112  112  109  101  100   95   94   97  102  113  130  156  185  214
  239  261  281  300  318  332  343  353  366  384  409  442  482  529  579  631
  682  728  765  787  791  781  762  742  723  701  672  638  603  575  554  537
  523  514  512  515  520  517  503  480  453  427  403  381  359  337  319  305
  291  275  248  222  193  163  141  115  110                                   
    22.5-180.0 180.0   5.0 450.0                            LAT/LON1/LON2/DLON/H
  133  137  125  122  117  109  107  101   99   99  102  110  128  155  186  217
  245  270  294  318  340  357  370  382  399  424  458  500  550  605  663  720
  772  816  845  858  853  835  814  796  782  766  742  711  679  651  631  615
  602  594  592  596  600  598  585  563  537  513  491  471  448  424  402  384
  366  349  321  293  258  219  188  151  133                                   
    20.0-180.0 180.0   5.0 450.0                            LAT/LON1/LON2/DLON/H
  163  162  145  136  128  121  119  113  109  107  107  113  129  156  188  220
  250  278  306  335  361  381  398  414  436  468  510  560  616  676  737  793
  841  876  895  895  880  857  834  820  813  805  790  767  740  717  699  684
  670  658  651  648  647  641  626  605  583  564  549  534  516  493  470  449
  431  416  389  363  325  281  245  201  163                                   
    17.5-180.0 180.0   5.0 450.0                            LAT/LON1/LON2/DLON/H
  194  188  166  152  140  133  131  126  121  119  116  120  135  160  192  224
  255  285  317  350  380  405  425  447  475  514  563  617  676  735  792  841
  878  901  907  896  874  848  827  817  817  818  813  800  783  767  753  739
  720  700  681  667  654  640  622  603  586  576  570  564  551  532  510  489
  471  459  438  414  380  336  300  255  194                                   
    15.0-180.0 180.0   5.0 450.0                            LAT/LON1/LON2/DLON/H
  222  209  183  163  146  140  138  134  132  130  127  130  142  167  198  231
  262  295  329  364  397  426  451  478  513  559  612  668  724  776  822  858
  882  890  885  869  845  821  804  800  805  812  815  812  806  798  789  774
  749  718  684  653  626  602  581  565  556  556  560  563  558  542  521  498
  480  471  456  437  410  370  339  296  222                                   
    12.5-180.0 180.0   5.0 450.0                            LAT/LON1/LON2/DLON/H
  244  223  193  168  148  141  140  137  137  136  135  138  151  175  206  239
  273  306  342  378  413  444  474  507  549  600  656  710  757  797  828  849
  858  857  846  830  811  793  782  781  789  799  807  812  813  813  806  789
  758  715  666  618  578  546  523  511  511  521  535  546  545  531  509  483
  463  454  445  432  413  381  354  316  244                                   
    10.0-180.0 180.0   5.0 450.0                            LAT/LON1/LON2/DLON/H
  256  230  194  168  147  138  137  136  137  139  139  144  158  182  215  250
  285  320  356  392  427  460  495  534  583  639  694  741  776  802  818  826
  826  819  810  800  789  780  774  775  782  791  800  808  814  816  810  790
  752  699  638  579  529  493  472  466  474  492  512  526  526  512  487  456
  432  421  414  406  395  371  348  313  256                                   
     7.5-180.0 180.0   5.0 450.0                            LAT/LON1/LON2/DLON/H
  260  230  191  166  145  134  133  132  134  137  139  146  161  188  223  261
  299  336  372  407  441  476  515  560  614  671  723  761  785  798  804  804
