data/edconvlstm_nd/pred0360.15i
     1.0            IONOSPHERE MAPS     GNSS                IONEX VERSION / TYPE
pyspatialgeodesy        IME             05-JAN-18 20:20     PGM / RUN BY / DATE 
Map Name                                                    COMMENT             
Predicted global ionosphere maps (GIM).                     DESCRIPTION         
  2015     2     5     0     0     0                        EPOCH OF FIRST MAP  
  2015     2     6     0     0     0                        EPOCH OF LAST MAP   
  7200                                                      INTERVAL            
    13                                                      # OF MAPS IN FILE   
  NONE                                                      MAPPING FUNCTION    
10.0                                                        ELEVATION CUTOFF    
One-way carrier phase leveled to code                       OBSERVABLES USED    
  6371.0                                                    BASE RADIUS         
 2                                                          MAP DIMENSION       
   450.0 450.0   0.0                                        HGT1 / HGT2 / DHGT  
    87.5 -87.5  -2.5                                        LAT1 / LAT2 / DLAT  
  -180.0 180.0   5.0                                        LON1 / LON2 / DLON  
    -1                                                      EXPONENT            
                                                            END OF HEADER       
[from data line 1716]
     5                                                      START OF TEC MAP    
  2015     2     5     8     0     0                        EPOCH OF CURRENT MAP
    87.5-180.0 180.0   5.0 450.0                            LAT/LON1/LON2/DLON/H
   67   70   67   72   74   75   76   73   76   79   80   82   83   84   84   85
   85   85   85   84   84   84   84   83   83   83   83   83   84   84   84   84
   85   85   85   85   85   85   85   85   84   84   83   82   81   80   79   78
   76   75   73   71   70   68   66   64   62   61   59   58   57   56   55   55
   55   56   55   55   60   64   76   80   67                                   
    85.0-180.0 180.0   5.0 450.0                            LAT/LON1/LON2/DLON/H
   57   70   70   70   73   77   79   81   83   86   87   89   90   91   91   91
   91   91   90   90   89   89   89   88   88   89   89   89   90   90   91   92
   93   93   94   95   95   96   96   96   96   96   96   95   94   93   91   90
   88   86   84   81   79   76   74   71   68   66   64   61   60   58   56   56
   57   57   53   54   56   61   69   72   57                                   
    82.5-180.0 180.0   5.0 450.0                            LAT/LON1/LON2/DLON/H
   54   59   68   65   67   70   74   76   79   82   83   85   85   85   85   84
   83   82   80   79   77   76   75   75   75   75   75   76   77   78   80   82
   84   86   88   90   92   94   96   97   99  100  101  101  101  101  100   99
   97   95   93   90   87   84   80   76   73   69   65   62   58   56   53   51
   51   50   46   47   53   53   52   55   54                                   
    80.0-180.0 180.0   5.0 450.0                            LAT/LON1/LON2/DLON/H
   57   56   63   61   65   66   70   73   77   79   81   82   82   81   80   78
   75   72   70   67   65   63   62   61   61   61   61   63   64   66   69   72
   75   79   83   87   90   94   98  102  105  108  111  113  115  117  118  119
  118  118  116  114  111  107  103   98   93   88   82   77   72   67   62   59
   56   52   49   48   52   53   55   54   57                                   
    77.5-180.0 180.0   5.0 450.0                            LAT/LON1/LON2/DLON/H
   66   59   62   62   62   66   70   73   76   78   79   80   79   78   75   72
   68   64   60   56   53   51   50   49   49   49   50   52   54   57   61   65
   70   75   81   87   93   99  105  111  116  122  128  133  139  143  148  151
  154  156  157  156  155  152  147  142  136  128  121  113  106   98   91   85
   78   72   66   64   62   54   55   58   66                                   
    75.0-180.0 180.0   5.0 450.0                            LAT/LON1/LON2/DLON/H
   66   62   61   62   61   66   69   70   72   73   73   74   72   70   66   62
   58   53   49   45   42   40   39   38   39   40   41   44   46   50   54   59
   65   71   77   84   91   99  106  115  123  132  141  150  159  168  176  183
  190  195  199  201  201  199  195  189  182  174  164  154  145  135  125  116
  107   98   90   81   77   68   68   64   66                                   
    72.5-180.0 180.0   5.0 450.0                            LAT/LON1/LON2/DLON/H
   71   66   64   64   63   68   70   71   72   72   71   71   68   66   62   58
   53   48   44   41   38   36   35   36   37   39   41   44   47   50   54   59
   64   70   77   84   92  101  111  121  132  144  156  168  181  193  205  216
  226  235  242  246  248  247  243  237  229  219  208  197  185  174  162  151
  140  129  118  106   97   84   81   80   71                                   
    70.0-180.0 180.0   5.0 450.0                            LAT/LON1/LON2/DLON/H
   76   67   67   66   64   66   67   68   68   68   66   65   63   60   56   52
   48   44   41   38   36   36   37   39   41   44   47   50   52   55   57   61
   65   70   76   83   92  101  112  124  137  151  166  182  197  213  228  243
  256  267  277  283  286  285  280  273  263  251  238  225  212  199  186  173
  160  147  135  120  109   95   95   94   76                                   
    67.5-180.0 180.0   5.0 450.0                            LAT/LON1/LON2/DLON/H
   73   64   63   64   62   64   66   66   66   65   64   63   60   57   54   50
   47   44   42   41   41   42   45   49   53   57   60   62   62   62   63   64
   66   69   75   82   90  101  113  127  142  158  175  193  211  229  246  262
  277  290  301  307  310  308  302  293  281  267  252  238  223  209  195  181
  167  152  139  122  108   94   92   95   73                                   
    65.0-180.0 180.0   5.0 450.0                            LAT/LON1/LON2/DLON/H
   71   59   58   61   59   61   64   65   65   65   64   63   60   57   55   52
   49   47   46   47   49   53   58   64   70   74   76   76   74   71   69   67
   67   70   75   82   92  104  118  134  151  170  189  209  228  247  265  281
  297  310  320  326  328  324  316  304  290  274  258  242  227  211  196  181
  165  149  134  115  102   87   85   91   71                                   
    62.5-180.0 180.0   5.0 450.0                            LAT/LON1/LON2/DLON/H
   66   53   52   55   54   57   60   63   64   64   64   63   61   59   56   54
   52   51   52   54   58   63   70   77   83   87   87   85   80   75   70   67
   66   69   75   83   95  109  125  144  164  184  205  226  245  264  281  296
  311  323  331  336  336  331  321  307  290  273  256  240  225  209  193  177
  159  140  123  104   89   73   72   81   66                                   
    60.0-180.0 180.0   5.0 450.0                            LAT/LON1/LON2/DLON/H
   63   47   45   47   47   50   54   57   59   61   62   62   61   59   58   56
   55   54   55   58   62   69   76   83   88   91   90   85   79   72   65   62
   62   66   73   84   99  115  134  155  177  200  222  243  262  279  294  307
  319  330  337  341  339  332  321  306  289  272  256  241  226  211  194  176
  156  135  117   96   81   62   60   69   63                                   
    57.5-180.0 180.0   5.0 450.0                            LAT/LON1/LON2/DLON/H
   66   47   43   44   43   45   48   52   55   57   59   61   61   60   59   58
   57   57   57   60   64   70   76   82   87   88   85   79   71   63   57   55
   56   63   74   88  106  126  147  171  195  219  242  263  281  296  308  319
  328  336  343  346  344  336  325  310  294  279  264  251  238  224  207  189
  167  143  124  101   86   63   59   67   66                                   
    55.0-180.0 180.0   5.0 450.0                            LAT/LON1/LON2/DLON/H
   77   55   49   45   43   42   45   47   50   53   56   59   60   60   60   59
   58   57   57   59   62   66   71   76   79   78   74   68   59   52   47   46
   51   61   76   94  115  137  161  187  212  238  261  282  299  312  322  330
  337  344  349  352  350  343  333  319  305  292  280  270  259  246  229  210
  187  163  143  118  103   76   70   75   77                                   
    52.5-180.0 180.0   5.0 450.0                            LAT/LON1/LON2/DLON/H
   95   72   63   54   50   46   45   45   47   49   53   56   58   59   60   60
   59   58   57   57   58   61   64   67   68   67   62   55   47   41   38   40
   48   62   80  102  126  151  176  203  229  255  280  300  316  328  336  342
  347  353  358  361  360  354  344  332  319  309  300  292  283  271  255  236
  212  188  169  144  129  101   93   93   95                                   
    50.0-180.0 180.0   5.0 450.0                            LAT/LON1/LON2/DLON/H
  116   95   83   71   64   56   52   48   48   49   52   55   58   60   61   62
   61   60   58   56   56   57   58   60   60   57   52   45   38   33   32   37
   48   66   88  113  139  165  191  218  245  272  296  317  333  343  350  355
  359  364  369  372  371  365  355  344  333  324  317  310  303  292  276  257
  234  211  192  168  155  128  120  118  116                                   
    47.5-180.0 180.0   5.0 450.0                            LAT/LON1/LON2/DLON/H
  136  117  106   94   84   73   64   57   53   52   54   57   60   62   64   64
   64   63   60   58   57   57   57   57   56   53   47   41   35   31   32   38
   52   72   98  125  153  179  206  232  259  286  310  331  347  358  364  369
  373  377  380  382  380  374  364  352  341  332  325  318  310  299  284  265
  244  223  205  184  173  150  143  141  136                                   
    45.0-180.0 180.0   5.0 450.0                            LAT/LON1/LON2/DLON/H
  148  133  125  115  106   94   82   70   63   60   61   63   65   67   68   69
   69   67   65   63   62   61   61   60   58   54   49   43   37   34   35   42
   57   80  107  137  165  193  219  245  272  299  323  344  360  371  378  382
  386  388  390  390  386  378  366  353  341  330  321  312  303  291  275  257
  237  218  201  183  175  157  152  153  148                                   
    42.5-180.0 180.0   5.0 450.0                            LAT/LON1/LON2/DLON/H
  147  135  134  129  124  113  100   87   78   73   71   73   74   75   76   76
   75   74   73   72   71   70   69   68   65   61   56   50   44   40   41   48
   63   87  116  146  176  204  231  258  285  311  335  356  372  383  390  394
  397  398  397  394  388  378  364  349  335  321  310  298  287  273  257  238
  218  200  183  167  161  146  144  148  147                                   
    40.0-180.0 180.0   5.0 450.0                            LAT/LON1/LON2/DLON/H
  134  124  128  130  130  124  114  102   92   86   84   85   86   87   86   85
   83   83   83   82   82   82   80   78   75   71   65   59   52   47   47   53
   69   93  122  154  186  215  243  271  298  324  347  367  383  394  402  405
  407  406  404  399  391  380  366  350  334  319  304  290  276  260  243  224
  203  182  163  145  137  123  123  130  134                                   
    37.5-180.0 180.0   5.0 450.0                            LAT/LON1/LON2/DLON/H
  116  104  111  117  123  122  118  111  103   98   97   98   99   99   97   94
   93   92   93   94   94   93   91   88   85   80   74   67   60   54   53   59
   74   98  128  162  195  226  256  285  312  338  361  380  395  406  413  417
  419  418  416  411  404  394  381  367  352  336  320  304  289  273  254  234
  209  183  159  135  121  101  101  108  116                                   
    35.0-180.0 180.0   5.0 450.0                            LAT/LON1/LON2/DLON/H
  101   86   90   96  105  108  110  109  106  104  105  108  109  109  107  103
  101  102  103  105  105  103  100   95   91   86   80   74   66   60   58   64
   79  103  135  170  205  239  270  300  328  353  375  393  408  419  427  433
  436  437  437  436  433  428  420  410  398  384  368  353  337  321  303  282
  253  221  190  156  134  102   97   99  101                                   
    32.5-180.0 180.0   5.0 450.0                            LAT/LON1/LON2/DLON/H
  100   78   76   77   85   89   95   99  101  103  107  112  115  116  114  110
  109  110  112  114  113  110  105   99   94   89   84   78   71   65   63   69
   84  110  143  181  218  254  287  317  345  370  391  409  423  436  447  455
  462  467  473  478  482  484  484  481  474  464  451  436  422  407  389  367
  335  299  262  216  186  139  125  116  100                                   
    30.0-180.0 180.0   5.0 450.0                            LAT/LON1/LON2/DLON/H
  120   92   79   71   72   73   80   86   91   96  103  110  116  118  117  115
  114  116  119  121  119  114  107  100   94   90   85   79   72   67   67   73
   90  118  155  195  234  271  305  336  364  388  409  427  444  459  473  486
  498  510  523  536  550  562  572  577  577  571  561  548  535  522  506  483
  449  408  365  312  276  215  189  166  120                                   
    27.5-180.0 180.0   5.0 450.0                            LAT/LON1/LON2/DLON/H
  168  135  107   83   74   69   73   78   83   89   96  105  112  116  116  116
  117  120  124  125  121  114  106   99   93   88   83   78   73   70   71   80
  100  130  169  212  253  291  325  356  384  408  430  450  470  489  508  526
  544  564  586  610  634  657  677  691  698  696  689  678  667  656  641  618
  583  539  492  433  392  322  281  249  168                                   
    25.0-180.0 180.0   5.0 450.0                            LAT/LON1/LON2/DLON/H
  242  207  165  122  100   85   81   81   84   88   94  101  108  112  114  115
  117  121  125  126  121  114  105   98   92   87   81   77   74   74   78   90
  112  145  186  231  274  312  346  377  405  430  454  478  502  527  551  575
  600  628  659  693  727  759  787  809  821  823  818  809  800  790  777  755
  721  678  627  568  523  447  390  355  242                                   
    22.5-180.0 180.0   5.0 450.0                            LAT/LON1/LON2/DLON/H
  337  298  246  188  151  124  110  103  100   99  100  104  108  111  112  113
  116  121  124  124  120  112  105   98   92   87   82   80   79   81   88  102
  126  161  204  251  294  333  367  398  427  454  482  510  540  570  599  629
  660  695  734  774  814  851  883  907  921  926  922  915  906  897  885  865
  834  798  750  695  646  574  509  473  337                                   
    20.0-180.0 180.0   5.0 450.0                            LAT/LON1/LON2/DLON/H
  439  393  340  273  222  188  162  147  136  127  120  117  115  115  114  113
  115  119  122  122  117  111  105  100   95   91   87   85   86   90   98  114
  140  177  221  268  312  352  387  419  450  480  512  546  581  616  650  683
  717  756  797  839  878  912  941  963  977  981  977  970  962  954  944  928
  903  877  837  788  740  677  616  585  439                                   
    17.5-180.0 180.0   5.0 450.0                            LAT/LON1/LON2/DLON/H
  529  476  429  365  306  267  233  210  190  172  155  142  133  126  120  117
  117  118  120  119  115  111  107  104  100   97   93   92   93   97  107  125
  153  190  235  282  327  368  405  439  472  506  542  581  621  660  695  729
  763  800  838  875  907  933  953  969  979  982  978  971  964  958  950  938
  920  902  876  832  787  731  683  665  529                                   
    15.0-180.0 180.0   5.0 450.0                            LAT/LON1/LON2/DLON/H
  592  535  498  447  388  351  314  286  257  230  203  180  161  145  133  125
  120  118  118  116  113  111  109  108  106  103   99   97   97  102  114  134
  163  201  246  293  338  380  419  456  492  529  569  612  655  695  731  762
  793  824  855  883  903  917  927  934  940  940  937  931  924  918  912  903
  890  878  861  823  782  731  696  692  592                                   
    12.5-180.0 180.0   5.0 450.0                            LAT/LON1/LON2/DLON/H
  619  566  536  502  453  422  389  359  327  294  259  227  198  174  153  137
  127  120  116  113  111  110  111  112  111  109  104  101  100  105  118  140
  171  210  254  299  344  387  428  468  507  548  591  636  680  719  752  780
  805  829  851  867  876  878  878  878  879  877  873  867  861  856  850  841
  830  819  807  774  737  690  662  669  619                                   
    10.0-180.0 180.0   5.0 450.0                            LAT/LON1/LON2/DLON/H
  612  564  540  524  488  466  441  416  387  353  315  278  242  209  180  156
  138  126  118  113  111  111  113  116  116  113  108  103  102  107  121  144
  177  217  259  303  346  389  432  475  516  558  603  648  691  728  757  781
  801  819  833  841  840  833  827  822  818  814  809  803  798  793  787  776
  764  752  739  707  673  631  606  615  612                                   
     7.5-180.0 180.0   5.0 450.0                            LAT/LON1/LON2/DLON/H
  583  535  516  512  493  479  462  446  424  395  361  323  284  246  211  181
  155  136  123  116  113  114  117  120  120  118  113  107  105  110  124  148
