data/edconvlstm_nd/pred2880.15i
     1.0            IONOSPHERE MAPS     GNSS                IONEX VERSION / TYPE
pyspatialgeodesy        IME             05-JAN-18 20:20     PGM / RUN BY / DATE 
Map Name                                                    COMMENT             
Predicted global ionosphere maps (GIM).                     DESCRIPTION         
  2015    10    15     0     0     0                        EPOCH OF FIRST MAP  
  2015    10    16     0     0     0                        EPOCH OF LAST MAP   
  7200                                                      INTERVAL            
    13                                                      # OF MAPS IN FILE   
  NONE                                                      MAPPING FUNCTION    
10.0                                                        ELEVATION CUTOFF    
One-way carrier phase leveled to code                       OBSERVABLES USED    
  6371.0                                                    BASE RADIUS         
 2                                                          MAP DIMENSION       
   450.0 450.0   0.0                                        HGT1 / HGT2 / DHGT  
    87.5 -87.5  -2.5                                        LAT1 / LAT2 / DLAT  
  -180.0 180.0   5.0                                        LON1 / LON2 / DLON  
    -1                                                      EXPONENT            
                                                            END OF HEADER       
[from data line 5148]
    13                                                      START OF TEC MAP    
  2015    10    16     0     0     0                        EPOCH OF CURRENT MAP
    87.5-180.0 180.0   5.0 450.0                            LAT/LON1/LON2/DLON/H
   87   81   69   61   60   68   65   64   65   66   67   69   70   71   72   72
   72   72   72   71   70   69   68   66   65   63   62   61   59   58   57   56
   55   55   54   54   53   53   53   53   53   53   53   53   53   54   54   54
   54   54   54   54   54   54   54   54   54   53   53   53   53   53   53   53
   53   53   53   54   46   65   68   64   87                                   
    85.0-180.0 180.0   5.0 450.0                            LAT/LON1/LON2/DLON/H
   77   81   61   62   64   74   70   69   70   71   72   73   75   76   76   76
   76   76   75   74   72   71   69   67   65   63   61   59   57   56   54   53
   53   52   52   52   53   53   54   55   55   56   57   58   58   59   60   60
   60   61   61   61   61   61   61   60   60   60   60   60   59   59   59   59
   59   59   60   64   67   74   84   74   77                                   
    82.5-180.0 180.0   5.0 450.0                            LAT/LON1/LON2/DLON/H
   67   57   65   60   61   71   67   66   70   72   74   77   79   80   81   81
   81   80   78   76   73   70   67   63   59   55   52   48   46   43   42   40
   40   40   40   41   42   43   45   46   48   49   51   52   53   54   55   55
   55   55   56   56   55   55   55   55   54   54   54   53   53   53   53   53
   53   52   52   53   61   57   68   71   67                                   
    80.0-180.0 180.0   5.0 450.0                            LAT/LON1/LON2/DLON/H
   78   67   69   60   65   69   67   67   72   74   77   81   83   85   86   86
   86   84   82   78   74   69   64   59   54   49   44   41   37   35   33   32
   32   33   33   35   37   38   40   42   44   46   47   48   49   50   50   50
   50   50   50   50   50   50   51   51   51   51   51   51   51   51   51   52
   51   50   52   52   68   62   75   90   78                                   
    77.5-180.0 180.0   5.0 450.0                            LAT/LON1/LON2/DLON/H
   90   81   71   71   70   72   70   73   78   80   84   88   91   93   94   94
   93   91   88   84   79   73   66   59   53   47   42   37   34   31   30   29
   29   30   32   34   36   38   40   42   44   45   46   47   47   47   47   47
   46   46   46   46   46   46   47   47   48   48   49   50   50   51   52   52
   53   55   56   58   67   69   76   97   90                                   
    75.0-180.0 180.0   5.0 450.0                            LAT/LON1/LON2/DLON/H
  101   85   84   83   79   82   78   79   84   85   88   92   93   94   94   93
   91   89   85   80   75   68   61   54   48   42   37   33   30   29   28   28
   29   31   33   36   38   41   43   45   46   46   46   46   45   44   43   42
   41   40   40   40   41   42   43   44   46   47   49   50   51   53   54   56
   56   59   62   61   70   82   88  101  101                                   
    72.5-180.0 180.0   5.0 450.0                            LAT/LON1/LON2/DLON/H
  104   94   96   93   88   86   83   85   89   88   90   92   92   91   90   88
   85   82   79   74   70   64   58   51   46   41   37   34   32   31   31   31
   33   34   37   39   41   43   44   44   44   44   42   41   39   37   35   33
   32   31   31   31   32   34   36   39   41   44   46   48   50   52   54   56
   58   60   68   69   78   90   99  114  104                                   
    70.0-180.0 180.0   5.0 450.0                            LAT/LON1/LON2/DLON/H
  114  106  108  108  100   98   93   93   96   94   94   93   91   87   84   80
   76   73   70   67   63   59   54   49   45   41   38   37   36   36   37   38
   39   41   43   44   45   46   47   46   45   44   42   39   37   34   32   30
   29   28   28   29   31   34   37   40   44   48   51   53   55   57   59   62
   63   66   73   77   85   99  106  118  114                                   
    67.5-180.0 180.0   5.0 450.0                            LAT/LON1/LON2/DLON/H
  119  116  117  116  107  103   97   96   98   95   93   90   84   78   72   66
   62   59   57   56   54   51   48   45   42   40   38   38   38   39   39   40
   41   41   42   42   42   42   41   40   39   37   35   32   29   27   25   23
   22   22   23   24   27   31   35   40   44   49   52   55   57   59   61   63
   64   66   74   78   87  101  107  120  119                                   
    65.0-180.0 180.0   5.0 450.0                            LAT/LON1/LON2/DLON/H
  122  119  120  120  110  105   98   98   99   96   93   88   81   72   64   57
   53   50   50   50   50   49   47   44   42   41   40   40   41   41   42   41
   41   40   39   38   37   36   35   34   33   31   29   27   25   23   22   21
   20   20   21   24   27   31   36   42   48   53   57   61   63   65   66   67
   67   69   76   79   88  101  108  121  122                                   
    62.5-180.0 180.0   5.0 450.0                            LAT/LON1/LON2/DLON/H
  124  122  123  122  113  106   99   99  101   98   95   90   81   71   61   54
   50   49   50   51   52   52   50   47   45   44   44   44   44   44   43   42
   39   37   35   33   31   30   30   29   29   28   28   27   26   25   24   23
   23   23   25   27   31   35   41   47   54   60   64   68   71   73   75   76
   75   74   80   81   88  100  106  121  124                                   
    60.0-180.0 180.0   5.0 450.0                            LAT/LON1/LON2/DLON/H
  125  124  125  122  113  106   98   99  102  100   98   92   83   73   63   56
   53   54   56   58   59   58   54   51   48   46   45   45   46   45   43   39
   36   32   29   26   25   25   25   26   27   28   29   29   29   28   28   27
   27   27   28   31   34   39   45   51   58   64   70   75   78   81   84   85
   84   83   87   87   91  100  106  121  125                                   
    57.5-180.0 180.0   5.0 450.0                            LAT/LON1/LON2/DLON/H
  130  129  130  127  117  109  101  101  104  103  101   96   88   78   69   64
   62   63   66   68   67   64   59   53   48   46   45   45   45   43   40   36
   31   27   24   22   21   22   24   26   29   31   33   34   35   35   34   33
   33   32   33   35   38   42   48   55   62   68   74   80   85   90   95   98
   97   96  100   98  100  106  111  127  130                                   
    55.0-180.0 180.0   5.0 450.0                            LAT/LON1/LON2/DLON/H
  140  139  141  137  128  118  109  108  109  107  105  101   93   85   77   73
   73   75   77   77   74   68   60   53   48   45   44   44   44   42   38   34
   29   25   22   21   22   24   27   30   34   38   41   42   43   42   42   40
   39   38   38   39   41   45   52   58   65   72   78   84   91   98  105  111
  113  113  117  114  115  117  122  138  140                                   
    52.5-180.0 180.0   5.0 450.0                            LAT/LON1/LON2/DLON/H
  156  156  159  155  146  135  125  121  120  115  111  106   99   92   86   84
   84   85   86   84   78   70   61   53   48   45   44   45   44   42   38   34
   30   27   25   26   27   30   34   39   43   47   50   52   52   51   50   48
   46   44   43   44   46   51   57   64   70   76   82   88   96  105  115  125
  129  132  137  134  135  135  139  155  156                                   
    50.0-180.0 180.0   5.0 450.0                            LAT/LON1/LON2/DLON/H
  175  179  181  180  171  160  150  142  136  127  119  112  105   99   95   93
   93   93   92   87   80   71   62   55   51   49   49   49   48   46   42   38
   35   34   34   35   38   41   46   50   55   58   61   62   61   60   58   56
   53   52   51   52   54   60   66   73   79   84   89   95  103  113  125  138
  145  151  158  156  158  158  160  176  175                                   
    47.5-180.0 180.0   5.0 450.0                            LAT/LON1/LON2/DLON/H
  196  202  205  208  200  190  180  169  158  143  131  121  113  107  104  102
  100   98   94   88   81   73   65   60   57   57   58   57   56   53   49   46
   44   44   45   48   51   55   58   62   66   69   71   71   70   68   66   64
   62   61   61   63   67   73   80   87   92   96  100  105  112  122  135  149
  159  167  176  176  179  181  183  197  196                                   
    45.0-180.0 180.0   5.0 450.0                            LAT/LON1/LON2/DLON/H
  213  222  225  232  227  220  211  198  183  163  146  132  123  117  113  110
  106  101   95   89   82   76   71   68   68   69   69   68   65   61   57   54
   54   55   58   61   64   67   70   73   75   77   79   79   78   76   75   74
   73   73   74   77   82   90   97  104  109  112  114  117  123  133  145  159
  169  179  189  191  197  201  202  214  213                                   
    42.5-180.0 180.0   5.0 450.0                            LAT/LON1/LON2/DLON/H
  225  235  237  247  247  243  236  224  207  184  163  147  136  129  124  119
  113  106   98   91   86   82   80   81   82   83   82   78   73   67   63   61
   62   65   68   72   75   77   79   80   82   83   84   85   84   83   83   83
   84   86   88   92   99  107  115  122  126  128  129  131  136  144  155  167
  176  186  197  201  208  214  217  227  225                                   
    40.0-180.0 180.0   5.0 450.0                            LAT/LON1/LON2/DLON/H
  231  241  241  251  255  254  250  241  225  202  180  163  151  144  139  132
  124  115  106  100   96   94   95   97   98   97   92   85   77   70   66   66
   67   71   75   79   82   84   85   85   86   87   88   89   89   89   90   92
   94   97  100  105  111  120  128  135  139  141  142  144  149  156  165  175
  182  190  201  207  215  223  227  237  231                                   
    37.5-180.0 180.0   5.0 450.0                            LAT/LON1/LON2/DLON/H
  236  244  240  246  251  253  251  246  234  214  194  179  168  162  156  148
  139  129  121  115  113  112  113  113  111  106   97   87   77   70   67   68
   71   75   80   84   87   88   89   89   89   90   92   92   93   94   96   98
  101  103  106  111  117  126  135  142  147  150  151  154  159  167  176  185
  190  196  207  214  222  231  238  250  236                                   
    35.0-180.0 180.0   5.0 450.0                            LAT/LON1/LON2/DLON/H
  247  252  243  241  243  244  242  240  234  219  204  192  184  179  174  167
  158  148  141  136  134  132  130  125  118  107   95   84   75   70   69   71
   75   80   85   89   92   94   94   93   93   94   95   96   96   97   99  101
  103  104  106  110  116  124  134  143  149  153  156  161  168  178  188  197
  202  208  218  225  234  245  257  272  247                                   
    32.5-180.0 180.0   5.0 450.0                            LAT/LON1/LON2/DLON/H
  271  275  260  247  242  237  232  231  228  219  209  202  198  195  191  185
  177  170  164  159  154  148  138  127  114  101   90   81   75   74   76   80
   85   90   94   98  101  102  102  100  100   99  100  100   99   99  100  100
  100  100  101  103  109  117  128  138  146  152  157  164  175  188  202  214
  221  228  239  246  257  270  287  306  271                                   
    30.0-180.0 180.0   5.0 450.0                            LAT/LON1/LON2/DLON/H
  317  321  297  272  257  243  230  226  225  219  214  211  209  208  205  201
  195  189  184  177  166  152  134  118  103   93   86   82   82   86   91   97
  102  106  109  112  115  115  113  110  108  107  106  105  103  101  100   98
   96   93   92   93   98  107  119  130  140  148  156  166  180  199  219  236
  248  257  269  276  290  305  328  351  317                                   
    27.5-180.0 180.0   5.0 450.0                            LAT/LON1/LON2/DLON/H
  384  393  360  322  296  269  247  235  230  226  223  221  220  218  216  212
  207  202  195  183  165  142  120  102   92   88   89   93  100  109  117  123
  127  129  130  132  132  131  128  123  119  116  114  112  108  104  100   95
   90   85   82   82   87   97  110  123  135  145  155  168  186  210  237  262
  281  294  307  315  332  350  376  405  384                                   
    25.0-180.0 180.0   5.0 450.0                            LAT/LON1/LON2/DLON/H
  468  483  449  402  364  324  287  265  253  244  240  236  233  229  224  219
  214  207  195  177  151  123  101   89   87   93  104  117  131  144  153  158
  159  157  156  155  153  150  144  137  131  127  124  120  116  109  102   94
   87   80   75   74   79   89  104  119  133  145  157  173  195  224  258  291
  317  337  352  360  380  400  429  463  468                                   
    22.5-180.0 180.0   5.0 450.0                            LAT/LON1/LON2/DLON/H
  551  579  554  507  460  408  356  320  297  282  271  262  253  243  234  225
  216  205  187  161  131  104   88   85   95  112  134  155  174  188  196  196
  193  187  181  177  173  167  160  151  144  139  136  131  125  116  106   95
   86   77   71   70   75   87  103  120  136  150  164  181  206  239  279  320
  354  380  397  407  429  452  482  517  551                                   
    20.0-180.0 180.0   5.0 450.0                            LAT/LON1/LON2/DLON/H
  616  662  656  621  572  514  452  403  367  340  320  301  283  266  250  235
  219  200  175  145  115   95   89   98  120  149  179  206  225  236  238  232
  223  212  203  196  189  181  172  163  156  151  148  143  135  125  112   99
   87   77   71   70   76   89  107  125  142  158  173  193  220  256  299  345
  386  417  437  450  473  497  528  562  616                                   
    17.5-180.0 180.0   5.0 450.0                            LAT/LON1/LON2/DLON/H
  654  718  733  717  678  625  562  505  459  420  387  357  328  301  276  252
  228  201  169  138  113  103  109  131  166  204  237  261  273  275  269  257
  243  229  216  207  198  190  181  172  166  162  159  154  146  134  119  104
   90   79   72   72   79   93  112  131  149  166  184  206  234  272  317  366
  410  445  468  483  505  529  558  588  654                                   
    15.0-180.0 180.0   5.0 450.0                            LAT/LON1/LON2/DLON/H
  664  740  772  776  753  715  663  610  560  513  469  427  388  350  316  282
  249  213  177  147  131  132  152  188  231  270  296  308  307  298  284  268
  250  234  220  210  201  192  184  177  172  170  167  163  154  140  125  108
   94   82   74   74   82   97  116  136  155  173  193  218  249  287  332  380
  425  461  487  503  524  545  570  594  664                                   
    12.5-180.0 180.0   5.0 450.0                            LAT/LON1/LON2/DLON/H
  653  732  773  791  788  769  736  695  650  602  553  504  457  413  370  328
  285  242  205  179  171  185  219  263  305  333  342  335  320  302  283  265
  248  232  218  208  199  191  185  179  176  174  173  168  158  144  127  110
   95   83   76   76   84   99  118  138  157  177  199  227  260  299  343  389
  432  468  494  512  530  546  566  585  653                                   
    10.0-180.0 180.0   5.0 450.0                            LAT/LON1/LON2/DLON/H
  629  701  742  769  781  782  769  746  714  672  625  576  529  482  436  388
  339  291  254  233  236  261  302  343  371  377  364  340  314  290  272  256
  242  228  216  206  197  190  184  180  178  176  174  168  158  142  125  108
   94   82   75   75   83   98  117  136  155  176  200  231  267  307  350  392
  432  465  492  511  527  539  556  569  629                                   
     7.5-180.0 180.0   5.0 450.0                            LAT/LON1/LON2/DLON/H
  600  659  695  723  745  759  764  760  744  713  674  632  590  549  505  457
  406  358  322  307  317  347  384  409  413  395  362  325  294  272  258  248
