data/edconvlstm_nd/pred2240.15i
     1.0            IONOSPHERE MAPS     GNSS                IONEX VERSION / TYPE
pyspatialgeodesy        IME             05-JAN-18 20:20     PGM / RUN BY / DATE 
Map Name                                                    COMMENT             
Predicted global ionosphere maps (GIM).                     DESCRIPTION         
  2015     8    12     0     0     0                        EPOCH OF FIRST MAP  
  2015     8    13     0     0     0                        EPOCH OF LAST MAP   
  7200                                                      INTERVAL            
    13                                                      # OF MAPS IN FILE   
  NONE                                                      MAPPING FUNCTION    
10.0                                                        ELEVATION CUTOFF    
One-way carrier phase leveled to code                       OBSERVABLES USED    
  6371.0                                                    BASE RADIUS         
 2                                                          MAP DIMENSION       
   450.0 450.0   0.0                                        HGT1 / HGT2 / DHGT  
    87.5 -87.5  -2.5                                        LAT1 / LAT2 / DLAT  
  -180.0 180.0   5.0                                        LON1 / LON2 / DLON  
    -1                                                      EXPONENT            
                                                            END OF HEADER       
[from data line 4290]
    11                                                      START OF TEC MAP    
  2015     8    12    20     0     0                        EPOCH OF CURRENT MAP
    87.5-180.0 180.0   5.0 450.0                            LAT/LON1/LON2/DLON/H
  139  132  121  127  129  127  126  124  124  126  125  125  125  125  126  126
  126  125  125  124  124  123  122  121  120  119  118  117  116  115  115  114
  113  113  112  112  112  112  111  111  112  112  112  112  113  114  114  115
  116  117  118  119  119  120  121  121  122  123  123  123  124  124  124  123
  123  123  122  121  132  129  139  138  139                                   
    85.0-180.0 180.0   5.0 450.0                            LAT/LON1/LON2/DLON/H
  139  136  141  131  130  133  132  134  134  135  135  136  136  137  137  137
  137  137  136  136  135  134  132  131  129  128  126  125  124  122  121  120
  119  118  117  117  116  116  115  115  115  116  116  117  118  118  120  121
  122  123  125  126  127  128  129  130  131  132  132  133  133  133  133  133
  134  133  131  128  132  127  129  128  139                                   
    82.5-180.0 180.0   5.0 450.0                            LAT/LON1/LON2/DLON/H
  121  123  124  120  121  125  127  128  127  129  130  132  133  134  135  136
  136  136  136  135  134  132  131  129  127  124  122  120  118  116  115  113
  112  111  110  109  108  107  107  106  106  106  107  107  108  110  111  113
  114  116  118  120  122  124  125  126  127  128  129  129  129  129  129  128
  128  126  124  126  127  133  124  120  121                                   
    80.0-180.0 180.0   5.0 450.0                            LAT/LON1/LON2/DLON/H
  109  111  116  113  113  113  118  121  123  126  128  131  133  135  137  138
  139  139  139  138  136  134  131  128  125  122  119  117  114  112  109  108
  106  104  103  102  100   99   98   98   97   97   97   98   99  100  102  104
  106  108  111  113  116  118  120  121  123  124  124  125  124  124  124  123
  123  122  120  120  117  116  112  115  109                                   
    77.5-180.0 180.0   5.0 450.0                            LAT/LON1/LON2/DLON/H
  111  106  111  109  111  113  116  120  121  125  127  131  134  138  141  143
  145  145  145  144  142  140  137  133  130  126  122  119  116  113  111  110
  108  107  105  104  102  100   99   97   96   95   95   95   95   96   98  100
  102  104  107  110  112  114  116  117  119  119  120  120  120  119  119  118
  117  116  115  115  116  111  111  119  111                                   
    75.0-180.0 180.0   5.0 450.0                            LAT/LON1/LON2/DLON/H
  108  105  105  104  107  110  112  115  118  123  126  131  135  139  142  145
  147  148  148  147  146  143  140  136  132  127  124  120  117  115  113  112
  111  110  108  107  105  102  100   97   95   93   92   91   91   92   93   94
   96   98  100  103  105  106  108  109  110  111  112  112  112  112  112  112
  111  111  111  108  109  104  104  102  108                                   
    72.5-180.0 180.0   5.0 450.0                            LAT/LON1/LON2/DLON/H
  106  103  104  108  107  110  114  116  118  122  125  129  134  138  141  144
  147  148  148  148  146  144  140  136  131  127  123  119  116  114  113  113
  112  112  111  109  107  104  101   98   95   92   90   88   87   87   87   88
   89   90   92   93   94   95   96   97   98   98   99   99  100  100  101  102
  102  103  104  101  101  100  102  105  106                                   
    70.0-180.0 180.0   5.0 450.0                            LAT/LON1/LON2/DLON/H
  107  105  104  106  107  108  110  113  116  120  123  127  131  135  138  141
  143  144  145  144  143  141  138  134  129  124  120  117  114  113  113  113
  113  113  112  111  108  105  101   97   93   90   87   85   83   82   82   81
   81   81   81   81   81   81   81   82   82   83   84   85   87   88   91   93
   94   96   98   98   99   99  103  105  107                                   
    67.5-180.0 180.0   5.0 450.0                            LAT/LON1/LON2/DLON/H
  111  110  110  113  114  115  117  119  121  124  127  131  134  137  139  141
  143  144  145  145  144  143  140  135  130  125  121  118  116  115  115  116
  117  117  117  115  112  109  105  100   96   93   90   87   85   83   82   80
   79   77   76   74   73   72   71   71   71   72   73   75   78   81   85   89
   92   94   97   97   98  100  102  105  111                                   
    65.0-180.0 180.0   5.0 450.0                            LAT/LON1/LON2/DLON/H
  112  113  113  116  116  117  119  120  123  126  128  131  133  135  137  138
  139  140  141  142  142  141  139  135  130  125  121  118  116  116  117  119
  120  120  119  117  114  110  106  102   98   94   91   89   87   84   82   79
   76   72   68   65   62   60   58   57   57   59   61   64   68   72   78   83
   88   92   96   97   99  103  107  109  112                                   
    62.5-180.0 180.0   5.0 450.0                            LAT/LON1/LON2/DLON/H
  114  116  117  120  121  121  123  125  127  129  131  134  136  137  137  137
  138  139  140  142  143  143  141  138  133  128  124  121  120  120  122  123
  124  124  122  120  116  113  109  105  102   99   96   94   92   89   85   81
   76   70   64   59   54   51   49   48   48   50   52   56   61   67   74   80
   86   91   96   97  100  103  107  108  114                                   
    60.0-180.0 180.0   5.0 450.0                            LAT/LON1/LON2/DLON/H
  115  118  119  122  123  123  125  127  129  132  134  136  137  138  137  137
  137  138  140  142  144  145  144  141  136  132  128  126  126  127  129  130
  131  130  128  125  121  117  114  110  108  105  103  101   99   95   91   85
   78   70   62   55   50   46   43   42   43   44   47   51   57   63   70   77
   84   90   95   97  100  104  109  109  115                                   
    57.5-180.0 180.0   5.0 450.0                            LAT/LON1/LON2/DLON/H
  114  118  120  123  125  126  128  130  132  134  136  139  140  140  139  138
  138  139  140  143  145  147  146  144  141  137  134  133  134  136  138  140
  140  138  135  132  128  125  122  119  117  114  112  110  108  104   98   91
   82   72   63   55   49   45   42   42   42   44   47   50   55   61   68   76
   82   89   94   96  100  104  109  109  114                                   
    55.0-180.0 180.0   5.0 450.0                            LAT/LON1/LON2/DLON/H
  114  118  122  125  127  129  131  133  135  137  139  141  142  142  141  140
  139  140  142  144  147  148  148  147  144  142  140  140  143  146  149  151
  150  148  145  141  137  134  132  129  127  124  122  119  116  112  105   97
   87   76   66   57   51   48   46   46   47   48   50   53   57   61   67   74
   80   87   93   96  100  104  109  109  114                                   
    52.5-180.0 180.0   5.0 450.0                            LAT/LON1/LON2/DLON/H
  113  119  123  127  129  132  135  137  139  141  142  143  144  143  142  141
  141  141  143  145  147  148  148  147  146  145  145  147  151  155  159  161
  160  158  155  151  148  146  143  140  137  133  130  127  123  118  112  103
   92   81   71   63   57   54   54   55   56   57   58   59   60   63   67   73
   79   86   93   96  100  105  110  110  113                                   
    50.0-180.0 180.0   5.0 450.0                            LAT/LON1/LON2/DLON/H
  115  121  126  130  133  138  141  144  145  147  147  148  147  147  146  144
  144  144  144  146  147  147  147  147  146  147  148  152  157  163  167  169
  169  167  164  162  159  157  154  151  146  141  136  132  127  123  117  108
   98   88   78   70   66   64   65   67   68   69   69   68   67   67   70   74
   79   87   94   98  103  108  114  114  115                                   
    47.5-180.0 180.0   5.0 450.0                            LAT/LON1/LON2/DLON/H
  118  125  130  135  139  145  148  152  154  155  155  155  154  152  151  149
  148  147  147  147  147  146  146  145  146  148  151  156  162  168  173  175
  176  175  173  171  170  168  165  159  153  145  139  134  130  126  121  114
  105   95   86   79   76   75   77   80   82   83   82   79   76   74   74   77
   82   90   98  103  109  114  120  120  118                                   
    45.0-180.0 180.0   5.0 450.0                            LAT/LON1/LON2/DLON/H
  124  131  136  141  146  153  157  162  164  166  165  165  163  161  159  156
  154  153  151  150  148  146  145  145  147  150  154  160  166  171  176  180
  181  181  181  181  180  178  173  166  157  148  140  135  131  128  124  119
  111  103   95   89   87   87   90   94   96   97   95   91   87   83   82   83
   88   96  104  110  117  123  129  128  124                                   
    42.5-180.0 180.0   5.0 450.0                            LAT/LON1/LON2/DLON/H
  130  138  142  148  153  161  166  171  174  177  178  177  175  173  169  166
  163  160  158  155  152  149  147  147  150  153  158  164  169  174  179  183
  186  188  189  190  189  187  181  172  161  150  141  135  132  130  128  124
  118  111  104   99   97   97  101  105  108  108  107  103   97   93   91   92
   96  104  113  120  127  133  139  138  130                                   
    40.0-180.0 180.0   5.0 450.0                            LAT/LON1/LON2/DLON/H
  136  145  149  154  160  168  173  180  185  189  191  191  190  187  183  178
  174  171  167  163  159  155  153  154  156  160  165  170  174  178  183  187
  192  196  199  200  199  195  187  176  164  152  142  137  134  133  132  129
  124  118  112  107  104  105  108  112  115  116  115  111  107  102  100  101
  105  113  123  130  137  143  149  149  136                                   
    37.5-180.0 180.0   5.0 450.0                            LAT/LON1/LON2/DLON/H
  142  151  155  159  165  173  179  186  193  200  203  206  205  202  197  192
  187  182  178  174  169  165  163  163  166  170  174  178  181  184  189  195
  201  207  211  212  210  204  193  180  166  154  144  138  136  135  135  133
  129  124  117  112  109  110  112  115  118  119  118  116  113  110  109  110
  113  121  131  139  146  153  159  159  142                                   
    35.0-180.0 180.0   5.0 450.0                            LAT/LON1/LON2/DLON/H
  149  157  161  164  170  177  183  192  200  209  215  219  220  217  212  206
  200  195  191  186  182  178  176  176  178  182  185  188  190  193  199  207
  215  222  226  226  221  211  198  183  168  155  146  140  138  137  136  135
  131  126  120  114  111  111  112  114  116  117  117  117  116  115  114  116
  119  127  138  145  153  160  167  169  149                                   
    32.5-180.0 180.0   5.0 450.0                            LAT/LON1/LON2/DLON/H
  156  164  168  170  176  182  188  197  207  218  226  232  234  231  226  220
  214  209  205  200  196  192  189  190  192  195  198  200  202  206  213  223
  233  241  243  240  230  217  200  183  168  155  146  140  137  136  135  133
  130  124  119  114  110  109  110  111  112  113  113  114  115  116  117  119
  122  130  140  149  157  165  174  177  156                                   
    30.0-180.0 180.0   5.0 450.0                            LAT/LON1/LON2/DLON/H
  164  173  177  178  184  189  195  203  214  226  236  244  247  245  241  234
  229  223  219  215  210  206  203  203  205  207  210  213  216  222  231  243
  254  261  260  252  237  218  199  180  164  152  143  137  134  132  130  128
  124  119  114  110  107  106  106  107  107  107  108  109  112  114  116  118
  122  130  141  150  160  169  181  184  164                                   
    27.5-180.0 180.0   5.0 450.0                            LAT/LON1/LON2/DLON/H
  175  184  188  190  195  200  205  213  224  236  247  256  260  260  256  250
  245  240  235  230  225  220  217  216  217  219  222  226  232  240  252  265
  276  280  274  259  238  214  191  172  156  144  136  131  127  124  122  120
  116  112  107  104  103  102  103  102  102  101  102  104  106  109  112  116
  120  128  139  150  161  173  187  191  175                                   
    25.0-180.0 180.0   5.0 450.0                            LAT/LON1/LON2/DLON/H
  187  197  202  205  211  216  221  227  238  249  260  269  274  275  273  268
  264  259  253  247  241  236  231  229  229  231  235  241  249  260  274  288
  296  295  283  261  233  205  179  159  145  134  127  122  118  115  113  111
  107  103  100   98   98   99   99   99   98   97   96   98  101  104  108  112
  116  126  138  150  163  177  194  199  187                                   
    22.5-180.0 180.0   5.0 450.0                            LAT/LON1/LON2/DLON/H
  201  212  219  223  231  236  241  247  256  266  276  285  291  293  293  290
  287  282  275  268  261  254  248  244  243  245  250  258  268  281  295  308
  312  305  286  256  223  191  165  146  133  124  118  113  110  107  105  103
  100   96   93   93   94   96   97   97   95   93   92   93   95   99  103  108
  114  124  137  151  166  182  201  207  201                                   
    20.0-180.0 180.0   5.0 450.0                            LAT/LON1/LON2/DLON/H
  213  227  234  242  251  258  264  269  277  286  295  303  310  313  316  316
  315  310  303  294  285  277  269  264  261  263  268  277  289  302  315  324
  323  310  283  248  211  178  153  136  125  118  113  108  105  104  102  100
   96   92   89   89   91   94   95   95   93   90   89   89   91   94   99  105
  112  124  138  152  169  187  208  214  213                                   
    17.5-180.0 180.0   5.0 450.0                            LAT/LON1/LON2/DLON/H
  222  239  248  258  269  279  286  291  299  307  315  323  330  336  342  346
  347  343  336  326  316  305  296  289  286  286  292  300  311  323  332  336
  329  309  277  238  201  170  148  133  124  119  114  111  108  107  105  102
   97   91   88   87   90   92   93   92   90   88   87   86   87   90   96  103
  111  125  140  154  172  191  214  221  222                                   
    15.0-180.0 180.0   5.0 450.0                            LAT/LON1/LON2/DLON/H
  227  247  258  269  283  294  303  310  318  326  334  343  351  359  368  375
  380  378  372  362  351  340  329  321  316  316  319  326  334  342  346  344
  332  307  271  233  198  171  153  142  135  129  125  122  119  117  114  109
  102   94   89   87   89   90   91   89   87   85   84   83   84   87   93  101
  111  125  140  155  173  194  217  225  227                                   
    12.5-180.0 180.0   5.0 450.0                            LAT/LON1/LON2/DLON/H
  229  252  264  276  291  303  314  322  332  341  349  358  368  379  391  402
  410  411  407  398  387  376  366  357  351  349  350  353  356  358  357  349
  332  304  269  234  205  184  171  162  156  150  145  141  137  134  129  120
  109   99   91   88   88   88   87   85   82   80   80   80   81   84   90   99
  109  123  139  154  172  194  218  226  229                                   
    10.0-180.0 180.0   5.0 450.0                            LAT/LON1/LON2/DLON/H
  229  254  269  280  295  307  319  328  339  349  358  368  379  392  407  421
  432  437  436  429  420  411  401  392  386  381  379  378  375  371  364  352
  332  305  273  244  222  208  199  193  186  179  171  165  159  153  144  131
  116  102   92   87   86   85   83   79   76   74   74   75   76   80   86   95
  105  120  135  150  169  192  217  226  229                                   
     7.5-180.0 180.0   5.0 450.0                            LAT/LON1/LON2/DLON/H
  229  257  273  284  299  310  322  330  341  351  361  372  384  397  413  428
  442  451  454  451  446  438  430  423  416  410  405  398  390  380  368  352
