data/edconvlstm_nd/pred2060.15i
     1.0            IONOSPHERE MAPS     GNSS                IONEX VERSION / TYPE
pyspatialgeodesy        IME             05-JAN-18 20:20     PGM / RUN BY / DATE 
Map Name                                                    COMMENT             
Predicted global ionosphere maps (GIM).                     DESCRIPTION         
  2015     7    25     0     0     0                        EPOCH OF FIRST MAP  
  2015     7    26     0     0     0                        EPOCH OF LAST MAP   
  7200                                                      INTERVAL            
    13                                                      # OF MAPS IN FILE   
  NONE                                                      MAPPING FUNCTION    
10.0                                                        ELEVATION CUTOFF    
One-way carrier phase leveled to code                       OBSERVABLES USED    
  6371.0                                                    BASE RADIUS         
 2                                                          MAP DIMENSION       
   450.0 450.0   0.0                                        HGT1 / HGT2 / DHGT  
    87.5 -87.5  -2.5                                        LAT1 / LAT2 / DLAT  
  -180.0 180.0   5.0                                        LON1 / LON2 / DLON  
    -1                                                      EXPONENT            
                                                            END OF HEADER       
[from data line 2574]
     7                                                      START OF TEC MAP    
  2015     7    25    12     0     0                        EPOCH OF CURRENT MAP
    87.5-180.0 180.0   5.0 450.0                            LAT/LON1/LON2/DLON/H
  110  116  115  120  122  122  120  117  118  120  119  119  119  119  118  118
  118  118  117  117  117  117  116  116  116  116  116  115  115  115  115  115
  114  114  114  114  113  113  113  112  112  112  112  112  112  112  112  112
  112  113  113  113  113  113  113  114  114  114  114  114  114  114  114  114
  115  116  115  112  118  115  125  120  110                                   
    85.0-180.0 180.0   5.0 450.0                            LAT/LON1/LON2/DLON/H
  112  117  128  119  120  123  122  123  123  124  123  123  123  122  122  122
  121  121  121  121  121  121  120  120  120  120  120  120  120  120  120  120
  119  119  119  118  118  117  117  116  116  115  115  115  115  115  115  115
  116  116  116  117  117  118  118  118  118  119  119  119  119  119  119  120
  121  122  117  114  113  113  120  121  112                                   
    82.5-180.0 180.0   5.0 450.0                            LAT/LON1/LON2/DLON/H
  105  116  120  115  114  117  118  118  118  119  118  118  117  117  117  116
  116  116  116  116  116  116  116  117  117  118  118  119  119  120  120  120
  120  119  119  119  118  117  116  116  115  115  114  114  114  114  115  115
  115  116  117  117  118  118  118  119  119  119  119  119  119  118  118  118
  118  118  114  112  111  117  114  109  105                                   
    80.0-180.0 180.0   5.0 450.0                            LAT/LON1/LON2/DLON/H
  101  105  111  110  109  108  110  112  112  113  112  113  112  112  111  111
  110  110  110  110  110  111  111  112  113  114  115  116  117  117  118  118
  118  118  117  116  115  114  113  112  111  110  109  109  109  109  110  111
  111  112  113  114  114  115  115  115  115  115  115  114  114  113  112  112
  112  111  109  107  105  110  113  107  101                                   
    77.5-180.0 180.0   5.0 450.0                            LAT/LON1/LON2/DLON/H
  102  102  104  105  104  106  107  109  110  110  109  110  109  109  109  108
  108  108  108  108  109  109  110  111  113  114  115  117  119  120  121  122
  122  122  121  120  119  118  116  114  113  112  111  111  111  112  112  113
  114  115  116  117  118  118  118  118  118  117  116  115  114  113  112  111
  110  108  105  104  104  103  105  105  102                                   
    75.0-180.0 180.0   5.0 450.0                            LAT/LON1/LON2/DLON/H
   93   95   93   97   97  101  102  103  105  106  105  106  106  106  105  105
  105  105  105  105  106  107  108  109  110  112  114  116  118  120  122  123
  124  124  124  123  121  119  117  115  113  112  111  111  112  113  114  115
  116  117  118  118  119  119  119  118  118  117  116  115  114  112  111  109
  108  105  102   98   98   98  100   94   93                                   
    72.5-180.0 180.0   5.0 450.0                            LAT/LON1/LON2/DLON/H
   88   88   86   91   91   95   97  100  101  102  102  103  103  104  104  103
  103  103  104  104  105  106  106  108  109  110  112  114  117  120  122  124
  126  127  127  126  124  122  120  118  117  116  116  116  117  118  119  120
  121  122  123  123  123  123  122  121  120  119  118  117  116  115  113  111
  109  106  103   98   96   96   96   94   88                                   
    70.0-180.0 180.0   5.0 450.0                            LAT/LON1/LON2/DLON/H
   87   83   81   83   83   86   87   90   92   94   95   97   98   99   99   99
   99  100  100  100  101  102  103  103  104  106  107  109  112  115  119  122
  125  126  127  126  125  123  121  119  118  118  118  119  120  121  122  123
  124  124  124  124  123  122  121  120  119  119  118  118  117  116  115  114
  112  108  104   99   96   94   95   93   87                                   
    67.5-180.0 180.0   5.0 450.0                            LAT/LON1/LON2/DLON/H
   84   79   77   79   78   79   81   83   85   88   90   92   94   95   96   97
   98   98   99   99  100  100  101  101  101  102  103  105  108  112  116  120
  123  126  127  127  126  124  123  122  122  122  123  124  126  127  127  128
  128  127  126  125  124  122  121  120  119  119  119  119  120  120  119  119
  117  113  109  103   97   94   93   90   84                                   
    65.0-180.0 180.0   5.0 450.0                            LAT/LON1/LON2/DLON/H
   84   79   74   75   72   71   72   74   76   79   82   86   88   90   92   93
   94   95   96   96   97   98   98   98   99   99  100  102  106  110  114  119
  123  126  127  128  127  126  126  126  127  128  130  132  133  134  134  133
  132  130  128  126  124  122  121  120  119  120  121  122  123  125  125  125
  124  120  116  109  103   99   98   94   84                                   
    62.5-180.0 180.0   5.0 450.0                            LAT/LON1/LON2/DLON/H
   85   78   72   71   67   65   64   65   67   70   73   77   81   84   87   88
   90   91   92   93   94   94   95   96   96   97   99  101  105  109  114  119
  124  127  129  129  129  129  129  130  133  135  138  140  141  141  140  137
  135  132  129  126  124  122  120  119  119  120  122  124  126  128  129  130
  129  126  121  115  108  103  101   97   85                                   
    60.0-180.0 180.0   5.0 450.0                            LAT/LON1/LON2/DLON/H
   87   79   71   68   62   58   56   55   56   59   62   67   71   75   78   81
   83   85   86   87   88   90   91   93   95   96   99  102  106  111  116  121
  125  129  130  131  131  132  133  135  139  143  146  148  148  147  144  140
  137  133  129  126  124  121  120  119  119  120  122  125  127  130  131  132
  132  128  124  118  111  106  104   99   87                                   
    57.5-180.0 180.0   5.0 450.0                            LAT/LON1/LON2/DLON/H
   88   80   71   67   60   54   50   48   48   50   53   57   62   66   70   73
   76   78   80   82   84   86   89   92   95   98  102  106  111  116  121  126
  131  134  136  136  137  138  140  144  148  152  156  157  157  154  150  145
  140  136  132  129  126  124  122  121  121  122  124  127  129  132  133  134
  133  130  126  119  113  107  106  100   88                                   
    55.0-180.0 180.0   5.0 450.0                            LAT/LON1/LON2/DLON/H
   90   81   72   68   60   53   48   44   43   44   45   49   53   57   62   66
   69   72   74   77   79   82   86   91   96  102  107  112  117  123  128  133
  137  141  142  143  144  146  149  153  158  162  165  166  164  160  154  149
  143  139  136  133  131  128  127  125  125  126  127  129  131  132  133  133
  132  129  125  118  112  107  106  101   90                                   
    52.5-180.0 180.0   5.0 450.0                            LAT/LON1/LON2/DLON/H
   91   83   74   70   62   55   49   44   42   41   41   43   46   50   55   59
   64   67   70   73   76   80   85   91   98  105  112  118  124  129  135  140
  144  148  150  152  154  156  159  164  168  172  174  174  171  165  159  153
  148  143  141  138  136  134  132  131  130  131  131  133  134  134  133  132
  130  127  123  117  111  106  105  100   91                                   
    50.0-180.0 180.0   5.0 450.0                            LAT/LON1/LON2/DLON/H
   92   85   77   74   66   60   54   49   45   43   41   42   43   46   50   55
   60   65   68   71   75   79   86   93  101  109  116  123  129  134  140  145
  150  155  159  162  164  167  171  175  180  183  183  182  177  171  165  158
  153  149  147  145  143  141  139  138  137  137  138  138  138  137  135  133
  130  126  122  116  111  106  105  100   92                                   
    47.5-180.0 180.0   5.0 450.0                            LAT/LON1/LON2/DLON/H
   93   87   80   79   72   66   61   56   52   49   46   45   44   45   49   54
   59   64   68   72   76   81   88   96  104  112  119  125  131  136  142  148
  154  161  167  172  176  180  184  188  192  193  193  190  185  179  172  166
  161  157  154  152  150  148  146  145  145  145  145  145  144  142  139  135
  132  127  123  117  112  107  106  102   93                                   
    45.0-180.0 180.0   5.0 450.0                            LAT/LON1/LON2/DLON/H
   93   89   83   83   77   74   70   66   62   59   55   52   49   49   51   55
   61   67   71   75   80   85   92   99  107  114  121  126  130  135  141  149
  157  166  175  182  189  194  198  202  204  205  203  200  195  189  182  176
  171  166  162  159  157  154  153  152  153  154  154  154  153  150  145  141
  136  131  126  120  114  110  109  105   93                                   
    42.5-180.0 180.0   5.0 450.0                            LAT/LON1/LON2/DLON/H
   94   91   86   87   82   80   77   75   72   69   65   61   57   55   56   60
   65   71   76   80   85   90   96  103  110  116  121  125  128  133  140  149
  160  172  184  194  202  208  213  216  218  218  216  213  208  202  196  189
  183  177  172  167  163  160  159  159  161  163  165  165  163  159  154  149
  143  137  131  125  119  114  113  108   94                                   
    40.0-180.0 180.0   5.0 450.0                            LAT/LON1/LON2/DLON/H
   94   93   88   89   85   83   82   82   80   78   75   71   66   63   63   66
   71   77   82   86   91   95  101  107  113  118  122  124  127  132  140  151
  165  180  194  207  216  223  228  231  233  233  232  229  225  220  214  206
  198  190  182  175  170  167  166  167  169  173  175  176  174  169  164  158
  151  144  138  131  124  119  118  112   94                                   
    37.5-180.0 180.0   5.0 450.0                            LAT/LON1/LON2/DLON/H
   96   95   90   89   86   84   84   84   85   84   82   79   74   71   70   72
   77   82   87   92   96  101  106  111  116  120  123  126  129  134  143  156
  172  190  207  220  231  238  243  247  249  250  250  248  246  241  235  226
  216  205  195  186  179  175  174  176  179  183  185  186  184  179  173  167
  160  152  144  136  128  123  122  116   96                                   
    35.0-180.0 180.0   5.0 450.0                            LAT/LON1/LON2/DLON/H
   99   98   92   90   86   83   83   83   85   86   85   84   80   77   76   77
   81   87   92   96  101  105  110  115  120  124  127  130  134  140  150  165
  183  202  220  234  245  253  258  263  266  269  270  270  269  265  258  248
  235  222  209  198  190  186  185  186  189  193  195  194  192  187  181  174
  166  158  149  140  132  127  126  119   99                                   
    32.5-180.0 180.0   5.0 450.0                            LAT/LON1/LON2/DLON/H
  103  102   95   91   86   82   80   80   81   83   85   85   83   80   79   81
   85   90   95  100  104  109  114  118  123  128  132  137  142  150  161  177
  196  216  234  248  258  266  273  279  284  288  292  293  292  288  281  269
  255  240  226  214  205  200  198  199  201  203  203  201  198  192  186  179
  171  162  153  143  133  129  129  121  103                                   
    30.0-180.0 180.0   5.0 450.0                            LAT/LON1/LON2/DLON/H
  110  108  100   94   88   83   79   76   77   79   82   83   83   81   81   82
   86   91   97  102  107  111  116  121  127  133  139  145  152  162  175  192
  211  231  248  261  270  278  286  294  301  307  312  314  314  310  301  289
  274  259  244  232  223  218  215  214  213  212  210  206  201  195  188  182
  174  165  154  144  134  129  131  123  110                                   
    27.5-180.0 180.0   5.0 450.0                            LAT/LON1/LON2/DLON/H
  117  115  106  100   93   86   80   75   74   75   78   80   81   81   81   83
   87   92   98  104  109  114  118  124  130  137  145  154  163  175  189  207
  226  245  260  272  281  289  298  307  316  324  330  333  332  328  319  307
  292  277  264  253  244  238  234  230  226  222  216  209  202  195  189  183
  175  166  156  144  134  130  132  125  117                                   
    25.0-180.0 180.0   5.0 450.0                            LAT/LON1/LON2/DLON/H
  124  122  114  107  100   92   84   77   74   73   75   77   78   79   80   82
   86   92   98  105  110  115  120  126  133  141  151  161  173  186  202  221
  240  257  272  282  290  299  309  319  330  338  344  347  346  341  332  321
  308  296  284  274  266  259  253  247  239  230  221  211  202  194  188  183
  176  167  157  144  135  131  133  127  124                                   
    22.5-180.0 180.0   5.0 450.0                            LAT/LON1/LON2/DLON/H
  129  129  121  115  108  101   92   83   78   74   74   75   77   78   79   82
   86   92   99  106  112  117  122  128  135  144  154  166  180  195  212  232
  251  268  282  291  299  308  319  330  340  349  354  357  355  351  343  333
  323  314  305  296  288  280  272  263  251  238  225  212  201  192  186  182
  176  168  159  146  137  132  134  129  129                                   
    20.0-180.0 180.0   5.0 450.0                            LAT/LON1/LON2/DLON/H
  131  132  127  122  116  110  102   92   85   79   76   76   76   77   79   81
   86   92   99  107  113  119  124  130  137  146  157  169  184  201  220  240
  261  278  291  301  310  318  329  340  350  358  362  364  363  358  352  345
  338  331  324  316  308  300  290  278  263  246  229  213  200  191  185  181
  177  170  161  149  139  133  135  131  131                                   
    17.5-180.0 180.0   5.0 450.0                            LAT/LON1/LON2/DLON/H
  129  132  128  125  121  116  110  101   94   86   81   78   77   78   79   81
   86   92  100  107  114  121  126  132  140  148  159  172  188  206  227  249
  270  288  303  313  322  331  340  350  359  365  369  370  369  366  361  356
  352  347  342  334  326  316  304  290  273  253  233  215  200  190  184  181
  177  172  164  152  142  135  136  131  129                                   
    15.0-180.0 180.0   5.0 450.0                            LAT/LON1/LON2/DLON/H
  124  127  125  123  121  118  115  108  101   93   86   82   80   79   80   82
   86   92   99  107  115  122  129  136  144  152  163  176  192  212  235  259
  281  300  316  327  336  345  354  362  369  374  376  377  376  373  370  367
  365  362  357  349  339  329  316  301  282  260  237  217  201  189  183  180
  177  173  166  155  144  136  135  130  124                                   
    12.5-180.0 180.0   5.0 450.0                            LAT/LON1/LON2/DLON/H
  117  120  117  116  115  114  115  110  105   97   90   85   82   81   81   82
   85   90   98  106  115  124  132  140  149  158  169  183  200  222  246  271
  294  315  331  343  353  361  368  374  379  382  384  384  383  381  379  377
  376  374  368  359  349  337  324  309  289  266  241  219  201  189  182  178
  175  172  167  156  146  135  133  128  117                                   
    10.0-180.0 180.0   5.0 450.0                            LAT/LON1/LON2/DLON/H
  110  111  108  106  106  106  109  107  104   98   92   87   83   82   81   82
   84   88   96  105  114  125  135  146  156  166  178  193  212  235  260  286
  310  330  347  360  369  375  381  385  388  390  391  390  389  387  386  385
  384  381  374  364  353  341  328  313  293  269  243  220  201  187  179  175
  171  168  164  155  145  133  130  125  110                                   
     7.5-180.0 180.0   5.0 450.0                            LAT/LON1/LON2/DLON/H
  105  104   99   97   96   95   99   99   99   94   90   86   83   82   81   81
   82   86   93  102  113  125  138  151  164  176  190  207  227  252  277  302
