data/edconvlstm_nd/pred1000.15i
     1.0            IONOSPHERE MAPS     GNSS                IONEX VERSION / TYPE
pyspatialgeodesy        IME             05-JAN-18 20:20     PGM / RUN BY / DATE 
Map Name                                                    COMMENT             
Predicted global ionosphere maps (GIM).                     DESCRIPTION         
  2015     4    10     0     0     0                        EPOCH OF FIRST MAP  
  2015     4    11     0     0     0                        EPOCH OF LAST MAP   
  7200                                                      INTERVAL            
    13                                                      # OF MAPS IN FILE   
  NONE                                                      MAPPING FUNCTION    
10.0                                                        ELEVATION CUTOFF    
One-way carrier phase leveled to code                       OBSERVABLES USED    
  6371.0                                                    BASE RADIUS         
 2                                                          MAP DIMENSION       
   450.0 450.0   0.0                                        HGT1 / HGT2 / DHGT  
    87.5 -87.5  -2.5                                        LAT1 / LAT2 / DLAT  
  -180.0 180.0   5.0                                        LON1 / LON2 / DLON  
    -1                                                      EXPONENT            
                                                            END OF HEADER       
[from data line 3432]
     9                                                      START OF TEC MAP    
  2015     4    10    16     0     0                        EPOCH OF CURRENT MAP
    87.5-180.0 180.0   5.0 450.0                            LAT/LON1/LON2/DLON/H
  197  198  193  200  204  207  207  207  208  209  209  210  210  210  210  210
  209  209  208  208  207  207  206  205  204  203  202  201  200  198  197  195
  193  192  190  188  186  184  182  181  179  178  176  175  174  173  173  173
  172  172  173  173  173  174  175  176  177  178  179  180  181  183  184  185
  186  188  188  189  197  197  197  194  197                                   
    85.0-180.0 180.0   5.0 450.0                            LAT/LON1/LON2/DLON/H
  193  198  208  205  205  212  212  215  216  217  217  218  218  218  218  218
  217  217  217  216  216  215  215  214  213  212  211  210  209  207  206  204
  201  199  197  194  192  189  187  185  183  181  180  179  178  177  177  177
  177  177  178  179  180  181  182  183  184  185  186  188  189  190  191  192
  194  196  194  194  197  191  193  195  193                                   
    82.5-180.0 180.0   5.0 450.0                            LAT/LON1/LON2/DLON/H
  173  189  192  192  196  204  207  210  211  213  214  215  215  216  216  217
  217  217  217  217  217  217  217  217  217  217  216  215  214  213  211  208
  205  202  199  195  192  188  185  181  179  176  174  172  171  170  170  170
  170  170  171  172  173  174  175  176  178  179  180  181  182  183  183  184
  185  185  183  186  185  190  184  172  173                                   
    80.0-180.0 180.0   5.0 450.0                            LAT/LON1/LON2/DLON/H
  157  167  171  174  177  182  186  192  195  198  200  202  203  204  205  206
  206  207  207  207  208  208  209  210  211  212  212  212  212  210  208  206
  202  199  194  190  185  180  176  172  168  165  163  161  159  159  158  158
  158  159  159  160  161  163  164  165  166  167  168  169  169  169  169  169
  169  168  167  167  163  160  157  150  157                                   
    77.5-180.0 180.0   5.0 450.0                            LAT/LON1/LON2/DLON/H
  146  145  149  151  156  162  165  172  176  181  183  187  189  191  193  195
  196  197  198  200  202  204  207  209  212  215  217  219  219  219  218  216
  213  209  205  200  194  189  184  179  175  172  169  166  165  163  162  162
  161  161  161  161  161  161  162  162  162  162  162  162  161  160  159  157
  155  153  150  149  148  139  136  134  146                                   
    75.0-180.0 180.0   5.0 450.0                            LAT/LON1/LON2/DLON/H
  130  128  127  131  136  142  145  151  158  164  167  172  175  179  181  184
  186  188  190  193  196  200  204  209  214  218  222  225  228  229  228  227
  224  220  215  209  204  198  192  187  182  179  176  173  171  170  168  167
  165  164  162  161  160  159  158  157  157  156  155  154  153  151  149  147
  143  140  137  133  131  123  121  111  130                                   
    72.5-180.0 180.0   5.0 450.0                            LAT/LON1/LON2/DLON/H
  117  115  114  119  122  128  133  139  145  151  156  162  166  170  174  177
  181  184  188  192  197  202  208  214  220  226  232  236  239  241  241  240
  238  234  230  225  219  213  208  202  198  194  191  189  187  185  182  179
  176  173  169  165  161  158  155  153  152  150  149  147  145  143  140  138
  134  130  126  121  119  113  112  108  117                                   
    70.0-180.0 180.0   5.0 450.0                            LAT/LON1/LON2/DLON/H
  111  109  108  113  116  121  125  131  138  144  150  155  161  165  170  174
  179  183  188  193  199  205  212  219  226  233  239  244  247  249  249  249
  247  243  239  235  229  224  219  214  210  207  204  202  200  197  194  189
  184  178  171  164  158  152  148  144  141  139  138  136  134  132  130  128
  124  121  118  113  112  108  110  105  111                                   
    67.5-180.0 180.0   5.0 450.0                            LAT/LON1/LON2/DLON/H
  107  109  109  114  118  124  128  134  140  147  152  158  164  169  174  179
  184  189  195  201  207  214  221  228  235  241  246  250  253  255  255  255
  253  251  248  244  239  235  230  226  223  221  219  217  214  211  206  200
  192  182  172  162  153  145  138  133  130  128  126  125  124  123  121  119
  116  114  112  108  107  106  107  104  107                                   
    65.0-180.0 180.0   5.0 450.0                            LAT/LON1/LON2/DLON/H
  102  108  108  115  119  125  130  136  143  150  155  162  167  173  178  184
  189  195  200  206  212  219  225  232  238  243  248  251  254  255  255  255
  254  253  251  248  245  241  238  235  232  230  229  227  224  220  214  205
  194  182  169  156  144  134  126  120  116  113  112  112  111  110  109  107
  105  104  103  101  103  104  107  104  102                                   
    62.5-180.0 180.0   5.0 450.0                            LAT/LON1/LON2/DLON/H
   97  105  107  114  120  127  133  140  147  154  161  167  173  179  185  191
  196  202  207  212  217  222  228  233  237  242  245  248  250  252  253  253
  254  253  253  251  249  246  244  241  240  238  237  235  232  226  218  207
  194  180  165  150  136  124  115  108  104  102  101  101  101  100   98   97
   95   95   94   93   96   99  101  100   97                                   
    60.0-180.0 180.0   5.0 450.0                            LAT/LON1/LON2/DLON/H
   90   99  102  110  117  126  133  141  149  157  164  171  178  184  191  197
  203  208  212  216  219  223  226  229  233  237  240  243  246  249  251  253
  255  256  257  257  255  254  252  250  249  248  247  244  240  233  223  210
  195  179  163  147  132  120  111  104  100   98   97   97   96   95   93   91
   88   87   87   86   90   93   95   93   90                                   
    57.5-180.0 180.0   5.0 450.0                            LAT/LON1/LON2/DLON/H
   84   92   96  103  111  122  131  140  150  158  166  174  181  189  196  203
  209  214  217  219  220  221  222  224  228  231  236  241  245  250  254  258
  262  265  267  268  267  266  265  263  262  261  259  255  249  240  228  214
  199  182  166  150  136  125  115  109  105  103  102  102  100   98   95   91
   87   85   84   83   86   88   89   88   84                                   
    55.0-180.0 180.0   5.0 450.0                            LAT/LON1/LON2/DLON/H
   81   87   91   97  106  119  129  139  150  159  168  176  185  193  202  210
  216  221  223  222  221  220  220  222  225  230  236  243  251  258  265  271
  276  280  283  285  285  284  283  281  280  278  275  270  261  250  236  221
  206  190  175  161  148  137  129  123  119  117  116  115  113  110  106  101
   95   92   89   87   89   89   88   86   81                                   
    52.5-180.0 180.0   5.0 450.0                            LAT/LON1/LON2/DLON/H
   84   88   90   95  104  118  129  140  151  161  170  180  189  198  208  217
  225  229  230  229  226  223  222  224  228  235  244  254  264  274  282  290
  297  302  305  307  307  306  304  303  301  299  294  287  276  262  246  230
  215  201  188  175  164  155  147  141  138  136  135  134  132  128  123  117
  110  106  102   99  100   98   94   91   84                                   
    50.0-180.0 180.0   5.0 450.0                            LAT/LON1/LON2/DLON/H
   94   95   95   99  107  122  133  145  157  168  177  187  196  207  217  228
  236  240  241  239  236  233  232  235  240  249  260  272  285  296  306  314
  321  326  329  330  330  329  328  326  324  321  314  304  290  274  256  240
  226  213  201  191  181  172  165  159  156  154  153  153  151  148  143  137
  130  126  121  119  119  114  109  106   94                                   
    47.5-180.0 180.0   5.0 450.0                            LAT/LON1/LON2/DLON/H
  109  108  105  110  116  130  142  154  166  178  188  198  208  219  230  241
  250  255  256  255  252  250  250  254  261  271  284  297  309  321  331  338
  344  349  351  352  352  350  349  347  345  340  332  320  303  284  266  249
  235  223  212  202  192  183  176  170  167  166  166  166  165  164  161  156
  150  146  142  141  142  136  130  127  109                                   
    45.0-180.0 180.0   5.0 450.0                            LAT/LON1/LON2/DLON/H
  127  125  121  125  129  143  154  166  179  192  203  214  224  235  246  257
  266  272  274  274  272  272  274  279  288  298  311  323  334  344  352  358
  363  367  369  370  370  368  367  365  362  357  347  333  314  293  273  256
  241  228  217  206  194  184  176  171  168  167  168  169  171  171  171  169
  165  163  160  160  162  158  153  150  127                                   
    42.5-180.0 180.0   5.0 450.0                            LAT/LON1/LON2/DLON/H
  144  142  137  141  145  156  167  179  193  208  221  232  243  253  264  274
  283  290  293  294  295  297  301  308  317  327  337  347  355  362  368  373
  378  382  385  386  386  385  383  381  377  371  360  344  324  302  281  262
  246  231  217  203  189  177  168  162  159  159  160  163  166  170  172  173
  171  171  171  172  176  173  169  167  144                                   
    40.0-180.0 180.0   5.0 450.0                            LAT/LON1/LON2/DLON/H
  154  154  148  154  158  167  178  191  207  223  238  251  262  272  282  291
  300  306  310  313  317  321  328  335  344  352  360  366  371  375  380  385
  391  397  402  405  405  404  402  398  394  386  374  357  336  313  290  270
  251  233  215  197  180  166  156  150  148  148  150  154  158  163  168  171
  171  172  173  174  178  177  176  173  154                                   
    37.5-180.0 180.0   5.0 450.0                            LAT/LON1/LON2/DLON/H
  157  158  153  159  164  171  184  198  216  235  252  267  279  288  297  306
  313  320  325  330  336  344  352  360  367  374  378  382  384  388  393  401
  410  420  428  433  434  432  427  422  415  405  392  374  352  329  306  284
  262  241  218  196  177  161  151  145  144  144  146  150  155  160  166  170
  170  171  170  170  172  172  172  168  157                                   
    35.0-180.0 180.0   5.0 450.0                            LAT/LON1/LON2/DLON/H
  155  156  151  157  162  167  181  197  218  241  262  279  292  302  310  317
  324  330  337  345  353  362  371  379  386  391  395  397  400  405  414  427
  442  457  469  476  477  472  464  455  444  431  416  398  376  353  329  306
  282  257  231  207  186  170  161  156  155  156  158  161  165  169  174  177
  175  173  169  165  164  162  163  157  155                                   
    32.5-180.0 180.0   5.0 450.0                            LAT/LON1/LON2/DLON/H
  153  152  146  151  155  159  174  191  215  241  265  285  300  311  318  325
  331  338  346  356  367  378  387  395  402  407  412  417  423  433  448  468
  491  513  529  537  536  527  513  498  482  466  449  429  408  385  362  337
  312  286  259  234  214  200  192  189  189  190  191  192  194  196  198  198
  192  186  176  166  161  155  155  146  153                                   
    30.0-180.0 180.0   5.0 450.0                            LAT/LON1/LON2/DLON/H
  153  149  140  146  148  151  166  183  209  237  264  286  303  315  323  329
  336  344  355  367  379  391  400  408  416  425  433  443  456  474  499  529
  560  588  607  613  607  591  570  548  527  507  487  467  446  423  400  376
  351  326  301  280  263  253  248  247  247  248  247  246  244  242  240  235
  225  212  196  181  170  157  154  141  153                                   
    27.5-180.0 180.0   5.0 450.0                            LAT/LON1/LON2/DLON/H
  159  151  139  144  146  148  162  180  205  234  261  284  303  316  325  333
  341  351  363  377  391  403  412  422  432  445  461  479  501  529  565  605
  644  676  693  694  679  655  626  597  571  548  526  505  483  461  438  416
  394  373  355  341  332  328  327  329  329  328  325  320  314  306  298  287
  271  253  229  209  191  173  164  147  159                                   
    25.0-180.0 180.0   5.0 450.0                            LAT/LON1/LON2/DLON/H
  171  161  144  148  150  151  166  182  207  234  260  283  302  316  327  336
  347  359  374  390  404  416  425  436  451  470  494  521  554  593  638  685
  728  758  769  760  735  703  668  635  607  582  559  537  514  491  468  448
  431  419  411  407  408  413  417  421  422  419  413  404  392  379  364  347
  325  302  273  249  224  199  185  165  171                                   
    22.5-180.0 180.0   5.0 450.0                            LAT/LON1/LON2/DLON/H
  188  177  155  156  159  161  175  190  213  239  263  285  303  318  331  343
  357  372  389  406  420  431  440  453  472  498  531  568  610  656  705  753
  793  814  815  795  763  725  689  656  628  604  582  558  532  506  482  464
  454  451  455  464  476  488  497  502  502  497  489  477  462  443  424  401
  376  351  320  293  262  233  214  194  188                                   
    20.0-180.0 180.0   5.0 450.0                            LAT/LON1/LON2/DLON/H
  206  196  172  169  171  173  187  201  223  246  268  289  307  324  340  355
  371  390  409  426  439  448  458  472  496  529  568  612  658  706  753  795
  824  834  823  795  759  721  688  660  636  614  592  566  536  505  479  462
  457  463  478  498  519  536  548  553  551  545  535  521  504  484  462  437
  410  386  357  331  296  265  246  227  206                                   
    17.5-180.0 180.0   5.0 450.0                            LAT/LON1/LON2/DLON/H
  220  213  190  183  184  186  199  213  234  255  276  295  314  333  352  371
  391  412  433  450  461  469  478  495  522  560  603  648  692  734  772  802
  818  817  798  766  731  698  672  651  634  616  594  565  529  493  463  446
  445  457  479  506  532  552  564  568  564  556  545  531  514  493  471  446
  421  399  375  351  318  287  270  255  220                                   
    15.0-180.0 180.0   5.0 450.0                            LAT/LON1/LON2/DLON/H
  224  219  201  193  193  196  209  224  243  264  284  304  324  346  368  391
  415  438  460  476  485  491  500  519  549  589  631  672  708  739  765  782
  787  777  754  723  693  668  651  639  629  615  593  560  519  477  443  426
  426  441  466  495  521  540  550  552  547  537  525  510  493  473  452  429
  406  388  369  350  321  293  278  267  224                                   
    12.5-180.0 180.0   5.0 450.0                            LAT/LON1/LON2/DLON/H
  218  214  201  194  195  200  215  230  250  272  292  313  336  360  386  412
  439  465  487  502  509  514  523  543  575  614  651  683  708  728  742  748
  745  730  707  682  659  644  636  632  628  616  594  558  513  467  431  412
  412  427  450  476  498  512  519  517  510  499  485  469  451  432  412  391
  372  357  344  328  305  282  269  261  218                                   
    10.0-180.0 180.0   5.0 450.0                            LAT/LON1/LON2/DLON/H
  203  198  190  186  188  196  213  231  254  278  301  324  349  376  405  434
  462  489  511  525  532  536  547  569  600  635  665  686  700  708  713  713
  706  692  673  654  641  635  634  636  635  624  601  564  516  469  433  414
  413  424  442  459  473  481  483  478  469  455  439  421  402  382  363  343
  326  314  304  292  275  256  246  238  203                                   
     7.5-180.0 180.0   5.0 450.0                            LAT/LON1/LON2/DLON/H
  184  178  173  172  176  186  206  228  255  283  309  335  363  392  422  453
  482  509  531  545  552  558  570  594  624  654  675  686  690  691  691  688
