data/edconvlstm_nd/pred0830.15i
     1.0            IONOSPHERE MAPS     GNSS                IONEX VERSION / TYPE
pyspatialgeodesy        IME             05-JAN-18 20:20     PGM / RUN BY / DATE 
Map Name                                                    COMMENT             
Predicted global ionosphere maps (GIM).                     DESCRIPTION         
  2015     3    24     0     0     0                        EPOCH OF FIRST MAP  
  2015     3    25     0     0     0                        EPOCH OF LAST MAP   
  7200                                                      INTERVAL            
    13                                                      # OF MAPS IN FILE   
  NONE                                                      MAPPING FUNCTION    
10.0                                                        ELEVATION CUTOFF    
One-way carrier phase leveled to code                       OBSERVABLES USED    
  6371.0                                                    BASE RADIUS         
 2                                                          MAP DIMENSION       
   450.0 450.0   0.0                                        HGT1 / HGT2 / DHGT  
    87.5 -87.5  -2.5                                        LAT1 / LAT2 / DLAT  
  -180.0 180.0   5.0                                        LON1 / LON2 / DLON  
    -1                                                      EXPONENT            
                                                            END OF HEADER       
[from data line 4290]
    11                                                      START OF TEC MAP    
  2015     3    24    20     0     0                        EPOCH OF CURRENT MAP
    87.5-180.0 180.0   5.0 450.0                            LAT/LON1/LON2/DLON/H
  174  166  152  161  162  159  159  158  157  159  158  159  160  161  161  161
  162  162  161  161  160  160  159  157  156  155  153  152  150  149  148  147
  146  145  144  144  144  144  144  145  145  146  147  148  149  151  152  153
  155  156  158  159  160  161  162  163  164  165  165  165  165  165  165  164
  163  163  161  161  170  166  169  165  174                                   
    85.0-180.0 180.0   5.0 450.0                            LAT/LON1/LON2/DLON/H
  170  162  166  159  155  157  157  160  159  161  161  163  164  165  166  166
  167  167  167  166  165  164  163  161  159  157  154  152  150  148  146  144
  143  142  141  140  140  140  140  141  142  143  144  146  148  150  152  154
  156  158  160  162  164  166  167  168  169  170  170  171  170  170  170  169
  169  167  165  163  163  156  153  157  170                                   
    82.5-180.0 180.0   5.0 450.0                            LAT/LON1/LON2/DLON/H
  152  148  144  143  142  143  147  148  147  150  151  154  156  159  161  163
  165  166  166  166  165  164  162  159  156  153  149  145  142  139  135  133
  130  128  127  125  125  124  125  125  126  128  129  132  134  137  140  143
  146  149  152  155  158  160  162  164  165  166  166  166  166  165  163  162
  161  158  156  158  153  155  142  141  152                                   
    80.0-180.0 180.0   5.0 450.0                            LAT/LON1/LON2/DLON/H
  137  131  131  130  128  127  133  137  141  145  149  154  158  163  167  170
  173  175  176  176  175  172  169  166  161  156  151  145  140  135  130  125
  122  118  115  113  112  111  110  110  111  112  114  117  120  123  127  130
  134  139  142  146  149  152  154  156  157  158  158  157  157  155  154  152
  151  149  147  147  139  133  126  130  137                                   
    77.5-180.0 180.0   5.0 450.0                            LAT/LON1/LON2/DLON/H
  135  122  124  121  123  123  128  132  137  142  148  155  161  168  174  179
  184  187  189  189  189  187  183  179  174  168  161  155  148  142  136  130
  125  121  118  114  112  110  108  108  107  108  109  111  114  116  120  124
  128  132  136  140  143  146  148  149  149  149  149  148  146  145  144  142
  140  139  138  139  134  126  125  131  135                                   
    75.0-180.0 180.0   5.0 450.0                            LAT/LON1/LON2/DLON/H
  128  121  120  117  119  121  125  130  137  144  151  159  166  174  181  187
  192  196  199  200  199  198  194  190  184  177  170  163  156  149  142  136
  130  125  121  116  113  109  107  105  104  103  104  105  106  108  111  114
  118  121  125  128  130  132  133  134  133  132  131  129  128  126  126  126
  125  126  127  126  124  119  119  117  128                                   
    72.5-180.0 180.0   5.0 450.0                            LAT/LON1/LON2/DLON/H
  127  121  122  124  122  124  130  134  139  146  153  162  170  178  185  192
  197  202  205  207  207  205  202  197  191  184  176  168  161  154  147  141
  135  129  124  119  114  110  106  103  101  100   99   99  100  101  102  104
  107  109  112  114  116  117  117  116  115  113  111  108  107  106  106  107
  108  111  115  116  115  114  119  123  127                                   
    70.0-180.0 180.0   5.0 450.0                            LAT/LON1/LON2/DLON/H
  130  127  128  128  127  129  133  138  143  151  158  165  172  179  185  191
  196  200  204  206  207  205  202  197  191  184  176  169  161  155  148  142
  136  129  123  117  111  105  101   97   95   93   92   91   91   91   91   91
   92   94   95   96   97   97   96   95   93   90   87   85   83   83   84   86
   89   94  101  105  110  113  122  125  130                                   
    67.5-180.0 180.0   5.0 450.0                            LAT/LON1/LON2/DLON/H
  135  135  137  140  140  142  146  151  156  163  169  176  182  187  192  197
  201  205  209  212  213  212  209  204  197  189  181  174  167  161  155  149
  142  135  127  119  112  106  101   97   94   93   92   90   89   88   86   85
   85   85   85   86   86   86   85   83   80   77   74   72   70   70   72   75
   79   86   93   99  105  113  122  127  135                                   
    65.0-180.0 180.0   5.0 450.0                            LAT/LON1/LON2/DLON/H
  136  139  141  145  145  148  152  157  163  170  175  181  185  189  192  196
  200  204  208  212  213  213  209  204  197  189  181  175  169  164  159  153
  146  138  128  119  110  102   96   92   90   89   88   86   84   81   78   76
   73   72   71   71   71   71   70   68   66   63   60   58   57   57   59   63
   67   74   83   91  100  111  123  129  136                                   
    62.5-180.0 180.0   5.0 450.0                            LAT/LON1/LON2/DLON/H
  135  139  141  147  149  153  158  164  170  177  182  187  190  193  196  199
  203  208  213  217  219  218  214  208  201  193  186  180  176  172  168  163
  155  145  134  122  111  101   94   90   88   88   87   85   82   78   74   69
   66   63   62   62   62   62   62   61   59   57   55   54   53   53   55   59
   63   69   77   85   93  105  116  123  135                                   
    60.0-180.0 180.0   5.0 450.0                            LAT/LON1/LON2/DLON/H
  129  134  137  145  148  152  158  165  172  179  185  190  193  196  198  202
  207  212  218  222  224  223  219  212  205  197  191  188  186  185  182  177
  169  158  144  130  116  105   97   92   90   90   89   87   83   78   72   66
   61   58   56   56   56   57   58   58   57   56   55   54   54   54   56   58
   61   66   73   79   87   99  110  117  129                                   
    57.5-180.0 180.0   5.0 450.0                            LAT/LON1/LON2/DLON/H
  123  130  134  142  147  151  158  165  174  181  187  192  196  199  202  207
  212  219  225  229  231  229  225  218  210  204  200  199  201  202  201  196
  188  175  160  143  128  115  106  100   97   96   95   92   87   81   74   67
   61   58   56   56   57   58   60   61   61   61   61   61   61   61   63   64
   66   69   74   78   84   95  104  111  123                                   
    55.0-180.0 180.0   5.0 450.0                            LAT/LON1/LON2/DLON/H
  121  130  136  144  149  153  160  167  176  183  189  194  198  202  206  212
  218  225  231  235  236  234  229  222  216  212  211  213  217  220  221  217
  207  194  177  160  143  130  119  113  109  107  105  101   95   88   80   73
   68   64   62   62   63   65   67   69   70   71   71   72   72   73   74   75
   75   78   81   83   87   97  104  110  121                                   
    52.5-180.0 180.0   5.0 450.0                            LAT/LON1/LON2/DLON/H
  125  137  145  153  159  163  169  175  182  188  193  197  201  205  210  216
  223  230  236  239  239  237  232  226  221  219  220  225  232  236  237  232
  223  209  193  176  160  146  136  128  123  120  116  112  105   98   91   84
   79   75   73   73   74   76   78   80   82   83   84   84   85   85   87   88
   88   91   94   95   97  106  112  117  125                                   
    50.0-180.0 180.0   5.0 450.0                            LAT/LON1/LON2/DLON/H
  138  154  166  172  178  183  187  192  197  201  203  205  207  209  214  221
  228  234  239  241  240  237  233  228  225  225  229  235  242  246  245  240
  229  216  201  187  174  162  152  144  138  133  129  123  117  111  105   99
   95   92   89   88   88   89   91   94   95   96   96   96   97   98  100  102
  103  107  111  113  115  122  129  132  138                                   
    47.5-180.0 180.0   5.0 450.0                            LAT/LON1/LON2/DLON/H
  160  179  194  199  206  212  215  219  221  222  221  219  218  218  221  226
  232  237  240  242  241  238  234  230  228  229  234  240  245  247  243  235
  224  212  201  191  181  173  165  157  151  145  140  135  130  124  120  116
  113  109  106  104  103  103  105  107  108  108  108  107  108  109  111  114
  117  123  129  134  137  144  153  156  160                                   
    45.0-180.0 180.0   5.0 450.0                            LAT/LON1/LON2/DLON/H
  188  209  225  231  239  247  250  252  253  252  247  241  236  233  233  235
  239  242  243  244  243  240  237  233  232  234  237  241  242  239  232  221
  210  200  193  188  184  179  174  168  161  155  150  145  141  138  135  132
  129  126  122  118  116  116  117  118  119  119  117  116  116  117  120  124
  128  137  145  154  159  168  179  185  188                                   
    42.5-180.0 180.0   5.0 450.0                            LAT/LON1/LON2/DLON/H
  216  239  256  264  273  281  285  288  288  286  279  271  261  254  250  249
  250  251  251  251  250  247  244  240  239  239  240  239  235  227  216  204
  194  187  184  184  185  185  182  177  171  165  160  156  153  150  148  145
  142  138  133  129  126  125  126  127  127  126  125  123  122  123  126  130
  135  146  157  168  177  189  203  213  216                                   
    40.0-180.0 180.0   5.0 450.0                            LAT/LON1/LON2/DLON/H
  239  264  282  291  301  311  317  321  323  322  314  304  293  282  275  271
  268  267  266  266  264  261  256  252  249  247  245  240  231  219  206  194
  186  183  185  189  194  196  194  189  183  177  172  168  165  162  158  155
  150  145  139  134  131  131  132  133  133  132  130  128  127  127  129  133
  138  149  162  176  187  203  220  234  239                                   
    37.5-180.0 180.0   5.0 450.0                            LAT/LON1/LON2/DLON/H
  256  283  301  311  323  333  342  348  353  354  349  339  327  316  306  299
  295  292  290  289  286  281  274  268  263  259  255  247  236  224  212  204
  200  200  204  210  216  218  215  209  201  194  188  183  178  172  166  160
  154  147  141  137  135  136  138  139  139  137  134  131  130  129  131  134
  138  148  161  177  190  209  229  246  256                                   
    35.0-180.0 180.0   5.0 450.0                            LAT/LON1/LON2/DLON/H
  268  296  314  324  336  347  359  368  376  380  379  372  362  351  341  333
  327  324  321  319  314  306  297  288  282  278  273  266  257  247  241  239
  241  244  249  253  255  254  248  238  227  217  209  201  192  182  172  163
  155  148  143  141  141  144  146  147  146  143  139  136  134  133  133  135
  137  145  159  174  189  211  235  251  268                                   
    32.5-180.0 180.0   5.0 450.0                            LAT/LON1/LON2/DLON/H
  281  308  326  333  346  355  370  380  392  400  403  401  395  387  378  371
  364  360  357  352  344  333  321  310  305  303  302  299  295  293  295  301
  310  316  318  316  311  303  290  274  258  245  233  221  207  193  180  168
  160  154  151  151  154  157  159  159  156  151  147  144  141  140  139  139
  139  146  158  174  189  214  241  256  281                                   
    30.0-180.0 180.0   5.0 450.0                            LAT/LON1/LON2/DLON/H
  297  324  341  345  357  365  379  391  405  417  424  427  425  421  415  408
  402  397  392  384  373  358  343  333  330  334  339  345  349  357  370  387
  402  410  407  396  379  359  337  313  291  273  257  241  224  206  190  178
  171  167  167  171  175  179  179  176  170  164  159  155  152  151  150  148
  146  152  163  179  196  223  253  265  297                                   
    27.5-180.0 180.0   5.0 450.0                            LAT/LON1/LON2/DLON/H
  317  344  361  363  374  380  394  405  419  432  443  450  454  453  449  443
  437  431  423  412  397  379  363  355  357  368  384  399  415  434  459  488
  510  517  505  479  446  411  377  345  318  296  278  260  240  221  206  196
  191  192  195  201  206  207  204  196  187  178  172  168  166  164  164  163
  160  165  175  191  210  240  271  281  317                                   
    25.0-180.0 180.0   5.0 450.0                            LAT/LON1/LON2/DLON/H
  342  369  385  388  399  404  416  425  439  452  465  475  483  485  483  478
  471  462  451  436  417  397  382  377  386  406  432  459  485  516  552  589
  614  615  590  546  495  445  400  362  332  310  291  274  256  239  226  221
  221  226  233  239  243  240  232  219  205  194  187  182  180  179  179  180
  178  184  193  211  231  262  295  303  342                                   
    22.5-180.0 180.0   5.0 450.0                            LAT/LON1/LON2/DLON/H
  368  396  413  418  431  435  446  453  466  478  492  505  515  520  520  514
  505  493  478  459  437  416  403  402  418  447  483  519  554  591  633  671
  691  681  639  577  510  450  399  360  331  312  297  283  269  257  251  252
  258  268  276  281  281  273  258  240  222  209  201  195  192  191  193  195
  196  204  214  234  255  287  321  330  368                                   
    20.0-180.0 180.0   5.0 450.0                            LAT/LON1/LON2/DLON/H
  391  422  440  450  467  471  482  487  499  511  526  540  552  559  560  555
  544  529  511  488  464  443  432  436  458  493  535  575  612  650  689  718
  724  697  640  565  490  425  376  341  318  306  298  291  284  279  280  287
  299  311  319  321  314  300  279  256  236  222  213  207  203  201  203  207
  210  221  233  255  276  309  343  355  391                                   
    17.5-180.0 180.0   5.0 450.0                            LAT/LON1/LON2/DLON/H
  408  442  463  479  500  506  518  524  536  549  564  580  595  604  606  602
  591  575  554  529  504  485  477  484  508  545  585  622  655  685  710  722
  709  665  595  515  442  383  341  315  303  301  303  304  305  306  313  325
  339  350  354  350  336  315  289  264  243  230  221  214  209  207  209  213
  218  232  246  268  290  322  356  372  408                                   
    15.0-180.0 180.0   5.0 450.0                            LAT/LON1/LON2/DLON/H
  415  453  479  500  527  536  551  559  573  587  604  622  639  651  657  655
  646  631  610  587  564  547  540  548  569  599  630  657  677  691  696  687
  655  599  526  451  387  340  311  298  299  308  320  329  335  340  349  361
  372  378  375  363  342  316  288  263  244  232  224  218  212  209  210  214
  220  235  250  271  293  324  357  377  415                                   
    12.5-180.0 180.0   5.0 450.0                            LAT/LON1/LON2/DLON/H
  413  453  484  511  544  558  576  588  606  623  642  662  681  697  707  711
  707  696  680  660  640  625  619  622  634  652  669  679  681  676  663  635
  591  529  461  397  347  315  300  301  315  336  356  369  375  379  383  388
  392  389  377  358  332  304  277  254  239  229  223  217  211  207  208  211
  217  231  246  265  287  317  348  370  413                                   
    10.0-180.0 180.0   5.0 450.0                            LAT/LON1/LON2/DLON/H
  404  447  483  514  551  571  594  610  632  653  674  697  718  738  754  763
  767  764  754  740  724  711  702  697  696  698  697  691  678  658  631  592
  541  480  421  371  337  320  319  333  358  385  408  420  421  416  410  404
  395  381  362  337  311  284  260  242  230  223  218  213  207  203  203  205
  209  222  236  254  276  304  333  356  404                                   
     7.5-180.0 180.0   5.0 450.0                            LAT/LON1/LON2/DLON/H
  395  439  478  513  554  579  606  627  654  679  701  724  747  770  791  807
  818  824  822  814  803  790  775  761  747  734  719  700  678  651  617  574
