data/edconvlstm_nd/pred2050.15i
     1.0            IONOSPHERE MAPS     GNSS                IONEX VERSION / TYPE
pyspatialgeodesy        IME             05-JAN-18 20:20     PGM / RUN BY / DATE 
Map Name                                                    COMMENT             
Predicted global ionosphere maps (GIM).                     DESCRIPTION         
  2015     7    24     0     0     0                        EPOCH OF FIRST MAP  
  2015     7    25     0     0     0                        EPOCH OF LAST MAP   
  7200                                                      INTERVAL            
    13                                                      # OF MAPS IN FILE   
  NONE                                                      MAPPING FUNCTION    
10.0                                                        ELEVATION CUTOFF    
One-way carrier phase leveled to code                       OBSERVABLES USED    
  6371.0                                                    BASE RADIUS         
 2                                                          MAP DIMENSION       
   450.0 450.0   0.0                                        HGT1 / HGT2 / DHGT  
    87.5 -87.5  -2.5                                        LAT1 / LAT2 / DLAT  
  -180.0 180.0   5.0                                        LON1 / LON2 / DLON  
    -1                                                      EXPONENT            
                                                            END OF HEADER       
[from data line 3003]
     8                                                      START OF TEC MAP    
  2015     7    24    14     0     0                        EPOCH OF CURRENT MAP
    87.5-180.0 180.0   5.0 450.0                            LAT/LON1/LON2/DLON/H
  111  115  111  116  119  118  117  114  115  117  117  117  117  118  118  118
  119  119  119  119  119  119  119  118  118  118  117  117  117  116  116  116
  115  114  114  113  113  112  112  112  111  111  111  111  111  112  112  112
  112  113  113  113  114  114  115  115  115  115  116  116  116  116  116  116
  116  116  114  111  117  112  122  120  111                                   
    85.0-180.0 180.0   5.0 450.0                            LAT/LON1/LON2/DLON/H
  109  112  122  113  114  117  117  118  119  120  120  121  121  122  122  123
  123  123  124  124  124  124  124  123  123  123  123  122  122  121  121  120
  119  119  118  117  116  115  114  114  113  113  113  113  113  113  114  114
  114  115  116  116  117  117  118  118  119  119  119  120  120  120  120  120
  120  120  116  112  111  108  113  114  109                                   
    82.5-180.0 180.0   5.0 450.0                            LAT/LON1/LON2/DLON/H
   94  104  107  102  102  106  108  109  109  111  112  113  114  115  116  117
  117  118  119  119  120  120  120  120  120  120  120  120  120  119  119  118
  117  116  115  114  112  111  110  109  108  107  107  107  107  108  108  109
  110  111  111  112  113  114  114  115  115  116  116  116  115  115  114  114
  114  113  108  106  104  108  103   97   94                                   
    80.0-180.0 180.0   5.0 450.0                            LAT/LON1/LON2/DLON/H
   85   89   95   94   93   94   96  100  101  104  104  107  108  109  111  112
  113  114  115  116  117  117  117  117  117  117  117  117  117  117  116  115
  114  113  111  109  107  105  103  102  100   99   99   99   99  100  101  102
  103  104  105  106  107  108  108  109  109  109  109  109  108  108  107  106
  106  104  101   99   94   95   96   93   85                                   
    77.5-180.0 180.0   5.0 450.0                            LAT/LON1/LON2/DLON/H
   86   85   87   88   87   89   91   94   96   98   99  101  103  105  107  109
  111  112  113  114  115  116  116  116  116  117  117  117  117  117  117  117
  116  114  112  110  107  104  102   99   97   96   95   95   96   97   98  100
  102  103  104  105  106  106  107  107  107  106  106  105  104  103  102  101
   99   97   94   92   91   87   88   89   86                                   
    75.0-180.0 180.0   5.0 450.0                            LAT/LON1/LON2/DLON/H
   79   79   78   81   82   86   87   90   92   95   96   99  101  103  105  107
  109  111  112  114  114  115  115  115  116  116  116  117  118  118  119  119
  118  117  115  113  110  106  103  100   98   96   96   96   97   98  100  102
  103  104  105  106  106  106  105  105  105  104  103  102  101  100   99   97
   95   93   90   85   85   82   84   77   79                                   
    72.5-180.0 180.0   5.0 450.0                            LAT/LON1/LON2/DLON/H
   75   75   73   78   79   83   85   88   89   92   93   95   97  100  102  104
  106  108  110  111  112  112  112  112  112  112  113  113  115  116  117  118
  118  118  116  114  111  108  105  102  100   98   98   99  100  102  104  106
  107  108  108  108  107  106  105  104  103  102  101  100   99   97   96   94
   92   89   86   82   80   78   79   78   75                                   
    70.0-180.0 180.0   5.0 450.0                            LAT/LON1/LON2/DLON/H
   75   72   72   76   76   79   81   84   86   88   89   92   94   96   98  100
  102  104  106  107  108  108  108  107  107  106  107  108  109  112  114  116
  117  118  117  116  114  111  108  106  104  103  104  105  107  109  111  113
  114  113  112  111  109  106  104  102  101  100   99   98   97   96   94   93
   91   88   85   81   79   77   79   78   75                                   
    67.5-180.0 180.0   5.0 450.0                            LAT/LON1/LON2/DLON/H
   75   73   73   77   78   80   82   85   86   88   89   91   93   95   97   99
  101  103  104  105  106  105  104  103  102  101  101  101  103  106  109  112
  114  116  116  116  115  113  111  110  109  109  111  113  115  118  120  121
  121  120  118  115  111  108  105  103  101  100  100   99   98   97   96   95
   92   89   86   81   78   76   78   76   75                                   
    65.0-180.0 180.0   5.0 450.0                            LAT/LON1/LON2/DLON/H
   77   75   75   79   79   80   82   84   85   87   88   90   92   94   96   97
   99  100  102  102  102  102  101   99   97   95   95   95   97  100  104  108
  112  115  116  117  117  117  117  117  118  119  122  124  127  130  131  131
  130  128  124  120  115  111  108  105  104  103  102  102  102  101   99   98
   96   93   89   85   83   81   82   80   77                                   
    62.5-180.0 180.0   5.0 450.0                            LAT/LON1/LON2/DLON/H
   79   78   77   80   80   81   82   83   84   86   87   89   91   93   95   97
   98   99  100  100  100   99   97   95   93   91   90   91   93   96  100  105
  109  113  116  118  119  121  122  124  126  129  132  135  138  139  140  139
  137  134  129  124  119  115  111  109  107  106  106  106  105  104  103  101
   99   95   92   88   85   83   84   82   79                                   
    60.0-180.0 180.0   5.0 450.0                            LAT/LON1/LON2/DLON/H
   81   80   79   82   80   81   81   82   82   83   85   87   90   92   94   96
   97   97   97   97   97   96   94   92   90   88   87   88   90   93   98  103
  108  113  117  120  123  125  128  132  136  139  143  146  147  148  147  145
  142  138  133  128  123  119  116  113  112  111  111  111  109  108  105  103
  100   97   93   89   86   84   86   83   81                                   
    57.5-180.0 180.0   5.0 450.0                            LAT/LON1/LON2/DLON/H
   82   81   81   83   81   83   82   81   81   81   82   85   88   92   94   96
   97   97   96   96   95   94   93   92   90   89   88   89   91   95  100  106
  111  116  121  125  129  133  138  143  147  151  154  156  157  156  153  150
  146  142  138  134  129  126  123  121  119  118  118  116  114  111  108  105
  101   97   94   89   87   85   87   84   82                                   
    55.0-180.0 180.0   5.0 450.0                            LAT/LON1/LON2/DLON/H
   82   82   83   85   83   84   83   81   80   80   80   83   86   90   93   95
   96   96   95   94   93   93   93   92   92   92   92   93   96  100  105  111
  117  122  127  132  137  142  148  154  159  163  165  165  164  161  157  153
  150  146  143  139  136  133  131  129  127  126  124  121  118  113  109  105
  100   97   93   89   86   84   87   85   82                                   
    52.5-180.0 180.0   5.0 450.0                            LAT/LON1/LON2/DLON/H
   83   84   84   87   85   87   85   83   80   79   79   81   84   88   91   94
   95   95   94   93   93   93   93   94   95   96   97   99  102  106  112  118
  124  130  136  141  147  153  159  166  171  174  175  174  170  166  161  156
  153  150  148  146  144  141  139  137  135  133  130  126  121  115  109  104
  100   96   92   88   86   84   86   85   83                                   
    50.0-180.0 180.0   5.0 450.0                            LAT/LON1/LON2/DLON/H
   84   85   87   90   88   90   89   86   83   81   79   80   83   86   89   92
   94   94   94   93   93   94   95   97  100  102  104  106  109  114  120  126
  133  140  146  152  158  164  171  177  182  185  185  182  177  171  165  160
  157  155  154  153  151  149  147  144  142  139  136  131  124  117  110  105
  100   96   93   89   87   85   87   86   84                                   
    47.5-180.0 180.0   5.0 450.0                            LAT/LON1/LON2/DLON/H
   86   88   89   93   92   94   93   91   87   85   82   82   83   86   88   91
   93   94   94   94   95   97   99  102  105  108  111  113  116  121  127  134
  142  149  156  162  169  176  183  189  194  196  195  191  185  178  172  167
  164  162  161  160  159  156  153  150  147  144  140  135  128  120  113  107
  103  100   97   93   91   88   90   89   86                                   
    45.0-180.0 180.0   5.0 450.0                            LAT/LON1/LON2/DLON/H
   88   91   92   96   95   98   98   96   93   90   87   86   86   87   89   91
   93   95   96   98   99  101  104  108  111  115  118  120  123  127  134  141
  150  158  166  173  180  187  195  201  206  208  206  202  196  189  182  177
  174  171  169  167  165  162  158  155  151  148  144  139  132  124  117  112
  109  106  104  101   98   95   96   94   88                                   
    42.5-180.0 180.0   5.0 450.0                            LAT/LON1/LON2/DLON/H
   92   94   94   98   97  100  100  100   98   97   94   93   92   92   93   95
   97   99  101  104  106  108  111  115  118  122  125  127  129  133  139  148
  157  167  176  184  192  200  207  214  219  221  220  217  210  203  197  191
  186  181  177  173  169  165  161  157  154  151  147  143  137  130  124  120
  117  115  114  111  108  104  104  101   92                                   
    40.0-180.0 180.0   5.0 450.0                            LAT/LON1/LON2/DLON/H
   95   97   95   98   96   99  100  102  102  102  101  101  100  100  100  101
  103  106  109  112  115  117  119  122  126  129  132  134  136  139  145  154
  165  177  187  197  205  213  222  229  234  237  237  234  229  222  214  207
  200  192  185  179  173  168  163  159  156  153  150  146  142  136  131  128
  126  125  124  122  119  115  114  109   95                                   
    37.5-180.0 180.0   5.0 450.0                            LAT/LON1/LON2/DLON/H
  100   99   96   96   92   94   96  100  103  106  108  109  110  110  111  112
  114  117  120  124  126  127  128  130  133  136  139  141  143  146  152  162
  174  188  200  211  220  229  237  245  252  256  257  254  249  242  234  224
  214  203  193  184  176  170  165  161  157  154  152  150  146  142  139  136
  135  134  134  132  129  125  124  117  100                                   
    35.0-180.0 180.0   5.0 450.0                            LAT/LON1/LON2/DLON/H
  104  102   95   92   87   87   89   94  100  106  112  117  120  122  123  125
  127  130  134  137  138  138  137  138  140  143  146  149  151  154  161  172
  186  201  215  227  237  246  255  263  270  275  277  275  270  262  253  241
  228  214  201  189  180  173  167  163  159  156  154  152  150  147  144  142
  141  140  140  139  136  133  132  125  104                                   
    32.5-180.0 180.0   5.0 450.0                            LAT/LON1/LON2/DLON/H
  110  104   96   89   81   79   80   85   94  103  112  121  128  133  137  139
  142  145  148  150  150  149  147  146  147  150  154  157  161  165  172  184
  200  216  232  245  256  265  273  281  288  294  296  295  289  281  270  256
  241  225  209  196  186  178  172  167  162  157  154  152  150  148  146  144
  143  142  143  141  141  139  138  130  110                                   
    30.0-180.0 180.0   5.0 450.0                            LAT/LON1/LON2/DLON/H
  116  107   97   87   77   73   73   77   86   97  110  123  134  142  148  153
  156  160  162  163  162  159  156  153  154  157  162  167  171  177  186  200
  217  235  251  264  275  283  291  298  305  310  312  311  305  296  283  269
  253  236  219  206  195  187  180  173  165  158  153  150  148  146  144  142
  140  140  140  140  141  140  141  134  116                                   
    27.5-180.0 180.0   5.0 450.0                            LAT/LON1/LON2/DLON/H
  121  111  100   89   77   71   69   71   79   91  105  121  135  147  157  163
  168  172  174  175  172  168  164  161  161  164  169  176  183  191  202  217
  235  254  271  283  293  300  307  313  319  323  325  323  316  306  294  279
  264  248  232  219  208  199  190  180  169  159  151  146  143  141  139  136
  134  133  134  134  137  139  141  135  121                                   
    25.0-180.0 180.0   5.0 450.0                            LAT/LON1/LON2/DLON/H
  125  115  104   94   80   74   70   70   76   87  100  117  134  149  161  170
  177  181  183  183  181  177  172  169  168  171  177  186  195  205  219  235
  254  273  289  300  309  315  320  325  330  333  333  330  323  313  301  288
  275  262  248  235  224  213  201  188  173  159  148  141  136  133  130  128
  125  124  125  126  131  135  138  134  125                                   
    22.5-180.0 180.0   5.0 450.0                            LAT/LON1/LON2/DLON/H
  127  118  109  100   88   81   76   74   77   85   97  112  130  146  161  173
  181  187  189  189  187  184  181  178  177  180  186  196  207  220  235  252
  271  289  304  315  321  326  330  334  337  338  337  333  326  317  307  297
  287  277  266  255  242  229  213  195  175  158  144  135  129  125  121  119
  115  115  115  117  124  129  133  131  127                                   
    20.0-180.0 180.0   5.0 450.0                            LAT/LON1/LON2/DLON/H
  125  119  112  107   96   91   85   82   82   86   95  108  124  142  158  172
  182  188  191  192  192  191  189  188  188  191  197  207  219  234  250  268
  286  303  316  325  331  335  339  341  342  341  338  333  327  320  313  306
  300  294  285  274  260  243  223  200  177  157  141  130  123  118  114  111
  107  107  107  109  116  122  126  126  125                                   
    17.5-180.0 180.0   5.0 450.0                            LAT/LON1/LON2/DLON/H
  119  118  113  111  104  100   96   92   90   91   95  105  119  136  153  168
  179  186  190  193  195  197  198  199  200  203  209  219  232  248  264  282
  298  314  326  334  339  343  345  346  345  342  338  333  329  324  319  316
  313  309  303  291  275  254  229  202  176  155  138  127  119  114  109  106
  103  102  102  104  109  115  118  119  119                                   
    15.0-180.0 180.0   5.0 450.0                            LAT/LON1/LON2/DLON/H
  111  112  110  111  107  106  105  101   98   96   97  104  115  130  147  162
  174  182  188  192  197  202  207  211  214  217  223  232  246  261  278  294
  310  323  334  341  346  350  351  351  348  343  338  334  331  328  327  326
  325  323  316  304  285  260  231  201  174  152  137  126  119  113  108  105
  102  101  101  101  104  108  109  110  111                                   
    12.5-180.0 180.0   5.0 450.0                            LAT/LON1/LON2/DLON/H
  100  104  103  107  106  107  108  107  104  101  100  104  112  125  141  155
  168  178  184  190  198  206  215  223  228  232  238  247  260  276  292  307
  321  332  342  348  353  356  357  356  351  344  338  335  333  333  333  333
  333  331  324  310  288  259  227  196  169  149  135  126  120  115  111  108
  104  103  102  100  101  102  101  102  100                                   
    10.0-180.0 180.0   5.0 450.0                            LAT/LON1/LON2/DLON/H
   91   95   94   98   99  102  107  107  106  103  101  104  111  122  136  150
  163  173  181  189  198  210  222  233  241  247  253  263  276  291  306  320
  331  341  348  354  358  361  362  360  353  345  338  335  335  336  336  336
  334  331  322  306  282  252  218  187  162  145  134  127  122  119  115  113
  109  108  105  102  100   97   95   94   91                                   
     7.5-180.0 180.0   5.0 450.0                            LAT/LON1/LON2/DLON/H
   84   87   86   89   90   95  101  103  103  102  101  103  109  119  132  146
  159  170  179  188  199  212  227  241  253  261  270  280  293  307  320  332
