data/edconvlstm_nd/pred1280.15i
     1.0            IONOSPHERE MAPS     GNSS                IONEX VERSION / TYPE
pyspatialgeodesy        IME             05-JAN-18 20:20     PGM / RUN BY / DATE 
Map Name                                                    COMMENT             
Predicted global ionosphere maps (GIM).                     DESCRIPTION         
  2015     5     8     0     0     0                        EPOCH OF FIRST MAP  
  2015     5     9     0     0     0                        EPOCH OF LAST MAP   
  7200                                                      INTERVAL            
    13                                                      # OF MAPS IN FILE   
  NONE                                                      MAPPING FUNCTION    
10.0                                                        ELEVATION CUTOFF    
One-way carrier phase leveled to code                       OBSERVABLES USED    
  6371.0                                                    BASE RADIUS         
 2                                                          MAP DIMENSION       
   450.0 450.0   0.0                                        HGT1 / HGT2 / DHGT  
    87.5 -87.5  -2.5                                        LAT1 / LAT2 / DLAT  
  -180.0 180.0   5.0                                        LON1 / LON2 / DLON  
    -1                                                      EXPONENT            
                                                            END OF HEADER       
[from data line 5148]
    13                                                      START OF TEC MAP    
  2015     5     9     0     0     0                        EPOCH OF CURRENT MAP
    87.5-180.0 180.0   5.0 450.0                            LAT/LON1/LON2/DLON/H
  163  179  190  177  172  175  174  174  176  176  178  180  181  183  184  185
  186  186  187  187  187  186  186  185  184  183  182  181  180  179  178  177
  177  176  175  174  174  173  173  172  172  171  171  170  170  169  169  168
  167  167  166  166  165  165  164  164  164  163  163  163  163  163  163  163
  164  165  164  165  164  161  170  180  163                                   
    85.0-180.0 180.0   5.0 450.0                            LAT/LON1/LON2/DLON/H
  182  187  178  179  182  185  184  185  187  188  190  192  194  196  197  199
  199  200  200  200  200  199  198  196  195  193  192  190  188  186  185  184
  182  181  180  180  179  179  179  179  179  178  178  178  177  176  176  175
  174  173  172  171  171  170  170  169  169  169  169  169  169  169  169  170
  171  172  173  176  169  175  182  191  182                                   
    82.5-180.0 180.0   5.0 450.0                            LAT/LON1/LON2/DLON/H
  181  184  190  186  187  190  190  192  197  198  201  204  206  207  209  209
  210  209  209  208  207  205  203  201  199  197  194  192  189  187  185  183
  181  180  180  179  179  180  180  181  181  182  182  182  181  180  179  178
  177  176  175  174  173  173  172  172  172  171  171  172  172  172  173  174
  175  175  176  177  175  165  176  176  181                                   
    80.0-180.0 180.0   5.0 450.0                            LAT/LON1/LON2/DLON/H
  184  189  188  186  188  193  198  202  207  209  212  215  217  218  219  218
  217  216  214  212  210  208  205  202  199  196  193  190  187  183  181  178
  177  176  176  176  177  178  180  182  183  184  185  185  184  184  182  181
  180  179  178  177  176  176  175  175  175  175  176  176  177  177  178  180
  180  180  180  181  188  177  188  191  184                                   
    77.5-180.0 180.0   5.0 450.0                            LAT/LON1/LON2/DLON/H
  193  190  191  195  190  194  201  207  212  214  218  221  222  222  221  219
  216  213  209  207  204  201  199  196  194  191  187  184  180  177  174  171
  170  169  170  171  173  176  179  182  184  186  186  187  186  185  184  182
  181  180  179  178  178  178  178  178  178  179  179  180  181  181  183  184
  185  187  185  187  193  192  196  203  193                                   
    75.0-180.0 180.0   5.0 450.0                            LAT/LON1/LON2/DLON/H
  204  198  200  205  197  201  206  211  217  220  222  225  224  222  219  214
  209  204  200  197  194  193  191  190  188  186  183  179  175  171  168  165
  163  163  164  166  169  173  176  180  182  184  185  184  183  182  181  179
  178  178  177  177  178  178  179  180  181  182  183  184  185  186  188  190
  191  194  194  191  198  203  206  209  204                                   
    72.5-180.0 180.0   5.0 450.0                            LAT/LON1/LON2/DLON/H
  206  210  212  212  204  205  211  216  222  225  227  228  226  222  215  208
  200  194  189  186  184  183  183  183  182  180  177  173  169  164  160  157
  155  154  155  158  161  165  169  172  175  176  176  176  175  173  172  172
  171  172  173  174  175  177  178  179  181  182  184  185  186  188  190  193
  195  198  201  201  205  209  215  218  206                                   
    70.0-180.0 180.0   5.0 450.0                            LAT/LON1/LON2/DLON/H
  217  218  220  220  212  212  216  222  229  231  233  233  230  223  214  205
  195  188  182  180  179  180  182  183  182  181  177  173  167  161  156  152
  149  148  149  150  153  156  160  163  164  165  164  163  162  161  161  162
  163  165  168  171  173  176  178  180  182  183  185  186  187  188  191  194
  196  200  205  207  214  219  225  222  217                                   
    67.5-180.0 180.0   5.0 450.0                            LAT/LON1/LON2/DLON/H
  226  230  229  227  218  218  220  225  232  235  237  237  233  225  215  204
  194  186  181  179  180  182  184  186  185  183  178  172  165  158  152  147
  143  140  139  139  141  143  145  146  147  146  145  143  142  142  143  146
  150  155  160  164  169  173  176  179  181  183  184  185  185  186  187  190
  192  197  203  207  215  222  227  225  226                                   
    65.0-180.0 180.0   5.0 450.0                            LAT/LON1/LON2/DLON/H
  232  236  235  232  223  220  221  225  231  235  238  239  235  228  219  208
  199  192  188  186  188  190  192  193  191  187  180  173  165  157  149  143
  138  133  130  129  128  128  128  128  127  125  123  122  121  121  124  129
  135  143  150  157  163  169  173  176  179  181  183  184  184  184  184  185
  187  191  198  202  212  221  227  224  232                                   
    62.5-180.0 180.0   5.0 450.0                            LAT/LON1/LON2/DLON/H
  235  240  240  236  226  221  219  222  228  231  235  237  236  232  225  217
  210  205  202  201  202  204  204  203  199  192  184  175  166  158  150  143
  136  130  125  121  118  116  115  113  111  108  105  103  102  103  107  114
  122  132  142  151  158  165  170  174  178  182  184  186  186  185  184  185
  185  188  193  197  206  217  222  221  235                                   
    60.0-180.0 180.0   5.0 450.0                            LAT/LON1/LON2/DLON/H
  235  242  243  238  228  221  217  217  221  224  228  232  234  233  231  227
  223  221  219  219  219  219  216  212  205  196  186  177  168  160  153  146
  138  130  122  116  111  108  105  103  100   97   93   90   89   90   94  102
  112  123  134  144  153  160  166  172  178  183  188  191  191  191  190  189
  188  189  193  195  202  212  217  216  235                                   
    57.5-180.0 180.0   5.0 450.0                            LAT/LON1/LON2/DLON/H
  236  244  247  242  232  222  216  213  214  215  218  223  228  231  234  235
  236  236  236  235  234  231  225  218  208  198  188  179  172  166  159  151
  142  132  123  115  109  105  103  100   97   93   89   85   83   83   87   95
  105  116  128  138  147  155  163  171  179  187  194  199  202  203  202  201
  198  197  199  198  203  210  214  215  236                                   
    55.0-180.0 180.0   5.0 450.0                            LAT/LON1/LON2/DLON/H
  238  247  252  247  238  228  220  214  212  209  210  214  220  227  234  240
  244  247  247  246  243  237  230  220  210  200  191  184  179  174  168  160
  149  138  127  118  112  108  106  104  101   97   92   87   84   83   86   92
  102  112  123  133  142  151  160  170  182  193  204  212  217  219  220  219
  216  214  213  208  210  214  217  219  238                                   
    52.5-180.0 180.0   5.0 450.0                            LAT/LON1/LON2/DLON/H
  245  253  260  256  249  240  230  221  214  208  205  207  213  221  230  239
  245  249  250  248  244  238  230  221  212  203  196  192  188  184  178  169
  157  144  133  123  118  115  114  113  110  106  100   95   90   88   89   94
  102  111  121  130  139  148  159  171  185  200  214  225  234  238  241  242
  239  236  233  225  224  224  227  230  245                                   
    50.0-180.0 180.0   5.0 450.0                            LAT/LON1/LON2/DLON/H
  255  262  270  268  262  255  246  235  225  214  207  206  209  216  225  234
  241  245  245  244  240  235  230  223  216  210  206  202  199  194  187  177
  164  150  138  130  126  125  125  124  121  117  111  104   99   96   96   99
  105  112  120  129  137  147  158  172  188  205  222  237  248  256  261  264
  263  261  257  247  243  239  243  246  255                                   
    47.5-180.0 180.0   5.0 450.0                            LAT/LON1/LON2/DLON/H
  267  273  282  282  278  274  266  254  241  227  217  211  211  215  222  229
  234  237  237  237  235  234  232  229  225  222  218  214  210  204  194  182
  167  154  143  137  134  135  136  135  132  127  121  114  109  106  104  106
  110  115  122  129  137  146  158  172  190  209  227  244  257  267  275  281
  284  284  280  270  265  258  263  266  267                                   
    45.0-180.0 180.0   5.0 450.0                            LAT/LON1/LON2/DLON/H
  281  286  295  297  294  292  286  275  262  246  232  224  220  220  223  227
  229  230  231  233  235  237  239  239  238  235  231  226  219  209  197  182
  168  155  146  142  143  145  146  145  142  136  130  124  119  116  114  114
  116  119  124  131  138  147  159  174  191  210  229  246  261  273  283  292
  297  301  300  291  286  278  284  289  281                                   
    42.5-180.0 180.0   5.0 450.0                            LAT/LON1/LON2/DLON/H
  297  300  309  311  309  308  303  294  283  267  252  241  234  231  230  230
  230  231  233  237  243  248  252  254  253  249  243  234  223  210  195  180
  166  155  150  149  151  154  156  154  150  144  138  133  129  126  124  123
  123  125  129  134  141  150  162  177  194  212  230  246  261  273  285  296
  305  312  315  310  306  298  306  312  297                                   
    40.0-180.0 180.0   5.0 450.0                            LAT/LON1/LON2/DLON/H
  316  319  326  325  323  322  318  311  302  287  273  262  253  248  244  241
  239  240  244  251  259  267  271  271  268  260  250  238  224  208  192  177
  165  157  155  156  161  165  166  164  159  153  147  143  140  137  134  132
  131  131  133  138  145  155  167  181  197  214  231  247  261  274  286  299
  310  320  327  326  325  319  329  336  316                                   
    37.5-180.0 180.0   5.0 450.0                            LAT/LON1/LON2/DLON/H
  341  343  348  344  340  337  332  326  319  307  295  284  276  269  263  259
  257  259  265  275  284  290  290  286  278  267  254  239  224  207  192  178
  168  163  163  167  173  177  177  175  169  164  159  155  151  148  144  140
  138  137  138  142  150  160  173  187  203  219  235  250  264  277  290  304
  317  330  339  342  344  341  353  362  341                                   
    35.0-180.0 180.0   5.0 450.0                            LAT/LON1/LON2/DLON/H
  375  377  379  372  365  358  351  345  338  327  317  308  301  294  288  283
  282  285  294  305  312  314  308  297  284  270  256  241  226  211  197  186
  178  175  177  182  187  191  191  188  183  177  172  168  164  159  153  148
  144  141  142  147  154  165  179  194  210  226  241  256  271  284  299  314
  329  344  356  361  366  366  382  393  375                                   
    32.5-180.0 180.0   5.0 450.0                            LAT/LON1/LON2/DLON/H
  420  420  422  411  401  392  381  372  365  354  343  335  329  323  317  312
  311  316  326  336  340  334  322  305  288  274  261  249  236  224  212  202
  196  194  196  200  204  206  206  203  198  193  189  184  177  170  162  154
  148  145  146  150  158  170  185  201  218  234  251  267  283  298  314  331
  348  364  378  385  394  397  416  429  420                                   
    30.0-180.0 180.0   5.0 450.0                            LAT/LON1/LON2/DLON/H
  476  474  476  465  453  441  427  415  404  390  379  370  363  357  350  345
  343  348  357  363  361  349  331  311  294  282  273  265  257  247  236  226
  219  216  216  218  220  221  220  217  214  211  206  199  190  179  168  158
  151  147  147  151  159  171  187  205  223  242  261  280  299  317  335  354
  373  391  406  415  428  433  455  470  476                                   
    27.5-180.0 180.0   5.0 450.0                            LAT/LON1/LON2/DLON/H
  540  532  538  532  518  505  489  473  457  440  426  414  406  397  388  380
  376  378  382  384  376  359  338  319  307  300  296  293  287  278  267  255
  245  238  234  233  232  231  230  229  228  226  222  213  201  187  173  161
  152  147  146  148  156  168  185  205  226  247  269  292  315  337  359  380
  402  423  439  449  467  473  498  516  540                                   
    25.0-180.0 180.0   5.0 450.0                            LAT/LON1/LON2/DLON/H
  605  590  602  603  590  578  561  543  524  503  484  469  457  445  432  419
  409  404  403  398  385  367  348  334  328  328  330  330  324  313  298  282
  267  254  245  240  236  234  233  234  236  237  233  224  209  192  175  161
  151  145  143  144  150  162  180  202  226  250  275  301  328  355  381  405
  431  454  472  485  508  513  543  563  605                                   
    22.5-180.0 180.0   5.0 450.0                            LAT/LON1/LON2/DLON/H
  663  640  659  669  658  649  634  617  597  575  552  533  517  500  481  461
  443  430  420  409  394  377  364  358  361  367  371  370  360  343  321  298
  276  258  245  237  232  229  230  233  238  241  239  230  214  194  175  160
  150  143  139  139  144  156  176  200  226  252  280  309  340  370  399  426
  455  482  503  520  547  551  584  607  663                                   
    20.0-180.0 180.0   5.0 450.0                            LAT/LON1/LON2/DLON/H
  706  676  700  719  712  707  697  685  668  647  623  602  581  559  534  506
  480  457  439  423  408  396  390  393  401  409  411  403  384  358  327  296
  270  250  236  227  222  220  222  227  235  240  240  232  215  195  175  160
  149  141  136  134  138  151  172  198  227  256  286  318  351  384  414  444
  476  506  529  551  580  582  618  644  706                                   
    17.5-180.0 180.0   5.0 450.0                            LAT/LON1/LON2/DLON/H
  727  694  722  746  744  744  741  736  726  710  689  668  646  620  590  556
  521  491  466  447  433  426  427  435  443  446  437  417  386  350  314  281
  254  235  223  216  212  211  214  221  229  236  238  230  215  195  176  161
  150  141  134  130  134  147  169  197  227  258  291  327  362  397  429  460
  494  526  553  577  606  607  641  670  727                                   
    15.0-180.0 180.0   5.0 450.0                            LAT/LON1/LON2/DLON/H
  729  699  726  751  752  757  760  763  762  754  740  723  703  677  645  607
  568  532  503  483  471  468  471  476  476  465  440  404  364  324  288  259
  237  223  215  211  209  209  212  218  226  232  234  227  214  196  179  164
  153  142  133  128  131  144  166  195  227  260  296  333  372  408  441  474
  509  543  572  598  625  624  656  685  729                                   
    12.5-180.0 180.0   5.0 450.0                            LAT/LON1/LON2/DLON/H
  721  698  720  742  744  751  758  767  774  775  769  759  745  724  694  657
  616  578  548  529  518  515  513  507  489  457  414  367  324  288  261  241
  228  220  217  216  216  216  218  221  226  229  229  224  212  197  181  167
  155  143  133  126  128  141  165  195  228  262  299  339  379  417  451  484
  520  555  585  612  637  637  664  692  721                                   
    10.0-180.0 180.0   5.0 450.0                            LAT/LON1/LON2/DLON/H
  714  701  717  732  733  738  745  755  765  773  775  773  767  753  730  697
  660  625  598  579  568  559  544  518  476  422  365  316  280  257  243  234
  230  229  231  233  235  235  233  232  231  229  226  219  209  195  181  166
  153  140  128  122  124  137  161  192  227  263  301  343  385  425  460  494
  529  565  596  623  646  647  671  697  714                                   
     7.5-180.0 180.0   5.0 450.0                            LAT/LON1/LON2/DLON/H
  719  716  724  731  730  731  732  739  748  757  764  767  768  762  748  724
  694  665  641  624  609  588  554  503  438  369  310  269  247  240  240  243
