data/edconvlstm_nd/pred2870.15i
     1.0            IONOSPHERE MAPS     GNSS                IONEX VERSION / TYPE
pyspatialgeodesy        IME             05-JAN-18 20:20     PGM / RUN BY / DATE 
Map Name                                                    COMMENT             
Predicted global ionosphere maps (GIM).                     DESCRIPTION         
  2015    10    14     0     0     0                        EPOCH OF FIRST MAP  
  2015    10    15     0     0     0                        EPOCH OF LAST MAP   
  7200                                                      INTERVAL            
    13                                                      # OF MAPS IN FILE   
  NONE                                                      MAPPING FUNCTION    
10.0                                                        ELEVATION CUTOFF    
One-way carrier phase leveled to code                       OBSERVABLES USED    
  6371.0                                                    BASE RADIUS         
 2                                                          MAP DIMENSION       
   450.0 450.0   0.0                                        HGT1 / HGT2 / DHGT  
    87.5 -87.5  -2.5                                        LAT1 / LAT2 / DLAT  
  -180.0 180.0   5.0                                        LON1 / LON2 / DLON  
    -1                                                      EXPONENT            
                                                            END OF HEADER       
[from data line 5148]
    13                                                      START OF TEC MAP    
  2015    10    15     0     0     0                        EPOCH OF CURRENT MAP
    87.5-180.0 180.0   5.0 450.0                            LAT/LON1/LON2/DLON/H
   83   78   67   57   56   63   60   58   59   60   61   62   63   64   64   64
   65   64   64   64   63   62   61   60   59   58   57   56   55   54   52   51
   51   50   49   49   48   48   48   48   48   48   48   48   49   49   50   50
   50   51   51   52   52   52   52   52   53   53   53   53   53   52   52   53
   53   52   52   52   45   63   67   66   83                                   
    85.0-180.0 180.0   5.0 450.0                            LAT/LON1/LON2/DLON/H
   74   80   60   61   62   71   67   66   67   67   68   69   70   70   71   71
   71   71   70   69   68   66   65   63   61   60   58   56   54   53   52   51
   50   49   49   49   49   50   50   51   51   52   53   54   55   56   56   57
   58   59   59   60   60   61   61   61   62   62   62   62   62   62   62   62
   62   61   62   67   69   76   86   76   74                                   
    82.5-180.0 180.0   5.0 450.0                            LAT/LON1/LON2/DLON/H
   66   59   67   62   61   71   67   66   69   70   72   74   76   77   77   77
   77   76   75   73   70   67   64   61   57   54   50   47   44   42   40   39
   38   38   38   38   39   40   41   42   44   45   47   49   50   51   52   54
   54   55   56   57   57   58   59   59   60   60   60   61   60   60   60   60
   59   58   58   58   65   61   71   74   66                                   
    80.0-180.0 180.0   5.0 450.0                            LAT/LON1/LON2/DLON/H
   77   69   72   62   65   69   68   67   72   72   75   78   79   81   81   81
   81   79   77   74   70   66   61   57   53   49   45   42   39   37   35   34
   33   33   33   34   34   36   37   38   40   42   43   45   46   48   49   50
   51   52   52   53   54   55   56   57   58   59   60   61   61   61   61   61
   60   58   58   57   73   66   78   92   77                                   
    77.5-180.0 180.0   5.0 450.0                            LAT/LON1/LON2/DLON/H
   87   80   71   71   69   72   70   72   77   77   81   84   86   88   89   89
   88   86   84   80   75   70   65   59   54   49   45   41   38   36   34   33
   32   32   33   33   34   35   37   38   40   41   43   44   45   46   47   48
   48   49   49   50   51   52   54   55   57   59   60   61   62   62   63   62
   62   63   62   63   70   72   77   97   87                                   
    75.0-180.0 180.0   5.0 450.0                            LAT/LON1/LON2/DLON/H
   95   80   81   80   76   80   75   77   82   82   85   88   89   90   90   90
   88   85   82   78   73   68   62   57   52   47   43   40   38   36   36   35
   35   35   36   36   37   38   38   39   41   42   43   44   45   45   45   45
   45   45   45   45   47   48   50   53   55   57   59   61   62   63   64   64
   63   64   66   63   70   81   85   98   95                                   
    72.5-180.0 180.0   5.0 450.0                            LAT/LON1/LON2/DLON/H
   95   85   87   86   83   82   79   81   86   86   88   91   92   92   91   90
   88   85   81   77   72   67   62   57   52   48   45   42   41   40   40   40
   40   40   39   39   39   38   38   39   39   40   40   41   40   40   39   38
   37   36   36   36   37   39   42   45   49   52   55   57   59   60   62   62
   61   62   67   66   73   84   92  107   95                                   
    70.0-180.0 180.0   5.0 450.0                            LAT/LON1/LON2/DLON/H
  101   92   95   96   91   91   86   87   92   91   92   93   92   90   88   85
   82   78   75   71   67   62   58   54   50   48   46   45   45   46   47   47
   47   46   45   44   42   41   40   39   40   40   40   41   40   39   38   36
   34   33   32   32   34   36   40   44   48   53   56   59   61   63   64   65
   64   64   69   70   76   89   95  107  101                                   
    67.5-180.0 180.0   5.0 450.0                            LAT/LON1/LON2/DLON/H
  104   98  100  101   94   92   87   87   91   89   89   89   87   84   80   76
   71   67   64   61   58   55   52   49   46   44   44   44   45   47   48   48
   48   46   44   41   38   35   33   33   33   34   34   35   34   33   31   29
   27   25   25   25   27   30   34   39   44   50   54   58   61   62   63   63
   62   61   67   68   75   89   94  106  104                                   
    65.0-180.0 180.0   5.0 450.0                            LAT/LON1/LON2/DLON/H
  106   99  101  102   95   91   85   86   89   87   87   86   83   78   73   68
   63   59   56   54   53   51   48   46   44   42   42   43   44   46   47   47
   46   43   39   35   31   28   26   26   27   28   30   31   31   30   28   26
   24   22   21   22   24   27   32   38   44   50   56   60   63   65   66   65
   63   63   68   68   76   88   94  107  106                                   
    62.5-180.0 180.0   5.0 450.0                            LAT/LON1/LON2/DLON/H
  107  101  103  102   95   90   83   84   88   87   87   85   82   76   70   64
   59   56   54   53   52   51   48   46   43   42   41   41   42   43   44   44
   42   38   34   29   25   22   21   21   23   25   28   29   30   29   28   26
   24   22   22   22   24   28   33   40   47   54   60   66   70   72   73   73
   70   69   73   72   78   90   95  108  107                                   
    60.0-180.0 180.0   5.0 450.0                            LAT/LON1/LON2/DLON/H
  110  104  105  103   94   89   82   83   86   85   86   85   81   76   70   65
   61   58   57   56   55   53   50   46   43   40   38   38   38   38   38   37
   35   31   26   22   19   17   16   18   20   24   27   29   30   30   28   26
   25   23   23   24   26   29   35   41   49   57   64   71   76   80   82   83
   81   79   82   80   84   94   98  111  110                                   
    57.5-180.0 180.0   5.0 450.0                            LAT/LON1/LON2/DLON/H
  116  110  111  107   98   91   84   84   87   86   86   85   82   78   74   70
   67   65   64   62   60   56   52   47   42   38   36   34   33   32   31   30
   28   24   21   18   15   15   16   18   21   25   29   31   32   32   31   29
   27   26   25   26   28   32   37   44   52   60   68   76   82   88   93   95
   94   94   97   94   96  103  106  120  116                                   
    55.0-180.0 180.0   5.0 450.0                            LAT/LON1/LON2/DLON/H
  127  120  121  117  107   98   92   90   92   89   88   87   85   82   79   77
   75   74   72   69   65   59   53   47   42   38   35   32   30   28   27   25
   23   21   19   17   17   17   19   22   26   30   33   36   36   36   34   33
   31   30   29   30   32   35   41   48   56   64   72   81   88   96  103  109
  111  112  116  113  115  118  121  134  127                                   
    52.5-180.0 180.0   5.0 450.0                            LAT/LON1/LON2/DLON/H
  143  136  136  133  122  113  106  103  102   96   93   91   89   87   86   85
   84   83   79   74   68   62   55   49   44   40   36   33   30   27   25   24
   23   22   21   21   22   24   27   30   34   38   40   42   42   41   40   38
   36   35   35   35   37   41   46   53   61   69   77   85   94  103  113  122
  127  131  137  135  137  138  140  154  143                                   
    50.0-180.0 180.0   5.0 450.0                            LAT/LON1/LON2/DLON/H
  161  156  155  154  143  135  128  122  117  108  102   97   94   93   93   94
   93   90   85   78   71   64   57   52   49   46   42   38   34   31   28   27
   26   27   28   30   32   35   38   42   45   47   49   49   49   48   46   45
   44   43   43   44   46   50   56   63   70   77   85   92  100  110  122  134
  142  150  157  158  160  161  163  176  161                                   
    47.5-180.0 180.0   5.0 450.0                            LAT/LON1/LON2/DLON/H
  180  177  174  175  166  159  152  145  136  123  113  106  102  101  101  102
  100   96   89   81   73   66   61   58   57   55   51   47   42   37   34   33
   34   35   38   41   45   48   51   54   56   57   58   57   57   55   54   54
   53   53   53   55   58   63   69   76   83   90   95  102  109  118  131  144
  155  165  175  178  181  182  184  196  180                                   
    45.0-180.0 180.0   5.0 450.0                            LAT/LON1/LON2/DLON/H
  194  193  190  193  187  182  176  167  156  140  127  117  112  110  110  110
  108  102   94   85   77   71   68   68   68   67   63   57   51   45   42   41
   42   45   48   52   56   60   63   64   65   66   65   65   64   63   63   63
   64   65   66   69   73   78   85   93   99  105  109  114  119  128  139  153
  165  177  188  192  196  198  201  211  194                                   
    42.5-180.0 180.0   5.0 450.0                            LAT/LON1/LON2/DLON/H
  203  203  201  205  202  199  193  185  173  156  141  130  124  122  122  120
  117  109  100   92   85   81   80   81   81   79   74   66   58   52   49   48
   50   53   57   61   65   68   71   72   72   72   71   71   71   71   72   73
   75   77   80   83   88   94  102  110  116  121  124  127  132  138  148  161
  172  184  196  201  205  207  210  220  203                                   
    40.0-180.0 180.0   5.0 450.0                            LAT/LON1/LON2/DLON/H
  207  209  207  211  209  207  201  195  185  169  154  143  138  136  135  134
  129  121  112  104   98   96   95   96   94   90   82   72   63   57   54   54
   55   58   62   66   70   73   75   76   76   75   75   76   76   78   80   82
   85   87   90   94   99  107  116  124  131  135  138  141  145  150  158  169
  179  190  202  207  211  212  215  225  207                                   
    37.5-180.0 180.0   5.0 450.0                            LAT/LON1/LON2/DLON/H
  212  217  214  215  212  208  203  198  191  177  165  156  152  152  152  150
  145  137  130  123  119  115  113  109  104   95   83   72   63   57   56   56
   59   61   64   68   71   74   76   77   77   78   79   80   82   83   85   88
   90   92   95   99  105  113  123  132  140  146  150  154  158  163  171  179
  187  197  208  214  216  217  221  231  212                                   
    35.0-180.0 180.0   5.0 450.0                            LAT/LON1/LON2/DLON/H
  225  232  228  223  217  210  201  197  192  182  173  168  167  168  169  167
  163  157  151  146  141  135  127  117  105   92   79   67   60   56   56   59
   61   64   66   69   72   75   77   78   78   80   82   84   86   88   89   90
   91   92   93   97  104  113  124  135  144  152  158  165  171  178  186  194
  200  208  219  224  227  229  234  245  225                                   
    32.5-180.0 180.0   5.0 450.0                            LAT/LON1/LON2/DLON/H
  253  265  256  243  231  218  205  199  195  187  181  178  180  183  185  185
  182  178  173  167  159  147  132  115   99   84   71   61   57   56   59   63
   66   68   70   72   75   78   79   80   82   84   87   89   90   91   90   89
   87   86   86   90   97  107  120  133  145  155  164  174  184  193  203  211
  217  224  235  241  245  250  258  271  253                                   
    30.0-180.0 180.0   5.0 450.0                            LAT/LON1/LON2/DLON/H
  300  319  305  283  264  241  220  209  203  195  191  190  192  196  199  200
  197  194  188  180  166  148  126  105   87   73   63   58   58   61   67   72
   75   77   78   80   82   84   86   86   88   90   93   95   95   93   90   86
   81   78   77   80   87  100  115  130  144  156  169  182  195  209  221  232
  239  247  258  265  273  282  296  311  300                                   
    27.5-180.0 180.0   5.0 450.0                            LAT/LON1/LON2/DLON/H
  366  395  378  348  320  286  255  235  224  214  207  204  205  208  210  210
  207  202  193  180  161  136  112   90   75   66   62   62   66   73   80   86
   89   90   91   92   94   96   97   97   97   99  101  102  101   97   90   83
   77   71   68   71   79   93  110  128  144  158  173  189  206  223  240  254
  264  274  287  296  309  323  343  362  366                                   
    25.0-180.0 180.0   5.0 450.0                            LAT/LON1/LON2/DLON/H
  443  484  469  436  401  356  313  283  263  247  235  227  223  221  220  217
  211  201  188  169  144  117   94   78   70   68   70   75   83   92  101  106
  108  109  109  110  112  113  113  112  111  111  112  112  109  102   94   84
   75   68   64   65   74   90  109  128  146  162  178  196  216  237  257  275
  289  303  319  330  350  369  395  418  443                                   
    22.5-180.0 180.0   5.0 450.0                            LAT/LON1/LON2/DLON/H
  519  569  565  535  497  447  395  354  324  298  277  260  247  238  231  222
  211  196  176  151  124   99   81   74   75   81   90  100  110  119  126  130
  131  130  130  131  133  133  132  129  127  126  126  124  119  110   99   88
   77   68   63   63   73   89  110  131  150  167  184  203  224  248  271  294
  313  333  352  367  391  414  446  471  519                                   
    20.0-180.0 180.0   5.0 450.0                            LAT/LON1/LON2/DLON/H
  577  633  645  626  592  544  490  445  406  370  336  306  282  263  247  232
  214  191  165  137  110   90   82   85   95  108  122  134  143  149  153  154
  153  152  152  153  155  155  153  149  145  142  140  137  131  120  107   94
   81   71   64   64   73   90  112  135  154  172  189  209  232  256  283  309
  334  359  383  401  430  454  490  515  577                                   
    17.5-180.0 180.0   5.0 450.0                            LAT/LON1/LON2/DLON/H
  608  665  692  688  665  629  584  542  501  457  411  368  330  299  273  249
  224  195  164  135  111   99  100  112  130  149  163  173  177  179  179  177
  174  173  172  174  176  176  173  167  162  158  155  150  142  130  115  100
   86   74   66   65   73   91  114  137  158  176  194  214  238  264  293  323
  353  382  410  432  462  485  522  546  608                                   
    15.0-180.0 180.0   5.0 450.0                            LAT/LON1/LON2/DLON/H
  610  663  701  711  704  685  658  629  593  548  495  440  390  347  311  279
  247  213  180  151  132  127  137  157  179  197  206  209  207  203  199  195
  192  190  190  191  193  193  189  184  177  172  167  161  151  137  121  104
   89   76   68   66   73   90  114  138  160  179  197  218  242  270  301  335
  368  402  432  457  485  505  539  561  610                                   
    12.5-180.0 180.0   5.0 450.0                            LAT/LON1/LON2/DLON/H
  590  635  675  697  704  706  700  690  667  628  576  516  458  406  362  323
  285  249  215  189  176  178  193  215  233  243  243  237  228  220  214  210
  207  205  204  205  206  205  201  195  188  181  175  167  156  140  122  105
   89   76   68   65   72   89  112  137  159  179  198  220  246  276  309  345
  382  417  449  475  501  515  544  562  590                                   
    10.0-180.0 180.0   5.0 450.0                            LAT/LON1/LON2/DLON/H
  560  595  631  656  675  694  708  717  711  685  641  585  526  471  423  380
  340  303  272  250  242  248  263  277  284  280  268  252  238  229  225  223
  221  218  216  214  214  212  207  200  192  185  178  169  156  139  119  101
   86   74   65   63   70   85  109  134  156  176  197  221  249  281  316  354
  392  429  462  487  509  519  541  555  560                                   
     7.5-180.0 180.0   5.0 450.0                            LAT/LON1/LON2/DLON/H
  531  555  583  607  629  657  686  711  721  711  681  636  584  533  485  443
  405  371  345  329  325  328  334  333  322  302  278  256  241  234  234  236
