data/edconvlstm_nd/pred0810.15i
     1.0            IONOSPHERE MAPS     GNSS                IONEX VERSION / TYPE
pyspatialgeodesy        IME             05-JAN-18 20:20     PGM / RUN BY / DATE 
Map Name                                                    COMMENT             
Predicted global ionosphere maps (GIM).                     DESCRIPTION         
  2015     3    22     0     0     0                        EPOCH OF FIRST MAP  
  2015     3    23     0     0     0                        EPOCH OF LAST MAP   
  7200                                                      INTERVAL            
    13                                                      # OF MAPS IN FILE   
  NONE                                                      MAPPING FUNCTION    
10.0                                                        ELEVATION CUTOFF    
One-way carrier phase leveled to code                       OBSERVABLES USED    
  6371.0                                                    BASE RADIUS         
 2                                                          MAP DIMENSION       
   450.0 450.0   0.0                                        HGT1 / HGT2 / DHGT  
    87.5 -87.5  -2.5                                        LAT1 / LAT2 / DLAT  
  -180.0 180.0   5.0                                        LON1 / LON2 / DLON  
    -1                                                      EXPONENT            
                                                            END OF HEADER       
[from data line 3003]
     8                                                      START OF TEC MAP    
  2015     3    22    14     0     0                        EPOCH OF CURRENT MAP
    87.5-180.0 180.0   5.0 450.0                            LAT/LON1/LON2/DLON/H
  121  128  125  132  134  134  133  130  131  132  131  132  132  133  134  134
  136  137  138  140  141  143  144  146  147  149  150  151  152  152  153  153
  153  152  152  151  150  149  148  147  146  144  143  142  141  140  140  139
  138  138  137  137  137  136  136  136  136  136  136  136  136  135  135  135
  134  135  133  130  135  131  140  135  121                                   
    85.0-180.0 180.0   5.0 450.0                            LAT/LON1/LON2/DLON/H
  120  124  135  126  125  130  129  131  131  132  131  132  132  133  134  135
  137  139  140  143  145  147  150  152  154  156  158  160  161  162  162  163
  163  162  162  161  159  158  156  155  153  151  150  148  147  145  144  143
  142  142  141  141  140  140  140  140  140  140  140  139  139  139  138  138
  138  137  132  128  126  124  128  131  120                                   
    82.5-180.0 180.0   5.0 450.0                            LAT/LON1/LON2/DLON/H
  107  113  117  111  111  114  116  117  117  118  117  118  118  119  120  122
  124  127  130  134  137  141  146  150  154  157  161  164  166  168  170  170
  171  171  170  168  167  165  162  159  156  154  151  148  145  143  141  139
  137  136  135  134  133  133  133  132  132  132  131  131  130  129  128  127
  126  125  120  117  114  118  112  110  107                                   
    80.0-180.0 180.0   5.0 450.0                            LAT/LON1/LON2/DLON/H
   96   94  100   97   95   94   97  100  100  101  100  101  101  102  103  105
  108  112  116  121  126  132  137  143  148  153  158  162  165  168  170  171
  172  171  170  169  167  164  161  157  154  150  146  143  139  136  134  131
  129  128  127  126  126  126  126  126  126  126  125  125  124  122  120  118
  117  114  110  107  100   99   96   96   96                                   
    77.5-180.0 180.0   5.0 450.0                            LAT/LON1/LON2/DLON/H
   93   85   88   86   85   84   86   87   88   87   85   86   85   86   88   90
   94   98  104  110  117  124  132  139  146  152  158  164  168  172  175  177
  178  179  178  177  175  172  169  165  160  156  151  147  143  139  136  133
  130  128  127  126  125  125  124  124  124  124  123  123  121  119  116  113
  109  105  100   98   94   86   83   85   93                                   
    75.0-180.0 180.0   5.0 450.0                            LAT/LON1/LON2/DLON/H
   86   81   81   81   81   81   81   82   81   81   79   79   78   78   80   82
   86   91   98  106  114  122  131  140  147  154  161  166  171  174  177  180
  181  182  182  182  180  178  175  171  167  162  157  153  148  144  140  136
  133  130  128  126  125  124  124  124  124  124  124  123  122  120  117  113
  108  103   98   92   88   80   77   69   86                                   
    72.5-180.0 180.0   5.0 450.0                            LAT/LON1/LON2/DLON/H
   81   79   79   82   81   82   82   82   80   79   77   76   75   75   76   79
   84   90   97  106  115  125  134  143  151  158  164  169  173  176  179  181
  183  185  186  186  186  185  183  180  176  172  167  163  158  153  148  143
  139  135  131  127  124  122  121  120  120  120  121  121  120  118  115  111
  105   99   94   87   83   78   76   72   81                                   
    70.0-180.0 180.0   5.0 450.0                            LAT/LON1/LON2/DLON/H
   80   79   81   84   84   85   84   84   82   81   78   77   76   76   77   80
   85   91  100  109  120  130  140  149  157  163  167  171  173  176  177  179
  181  183  185  186  187  187  187  185  183  180  176  171  166  161  155  149
  143  137  131  125  120  116  113  112  111  112  113  113  114  112  110  107
  101   95   91   84   81   78   79   75   80                                   
    67.5-180.0 180.0   5.0 450.0                            LAT/LON1/LON2/DLON/H
   75   78   81   86   88   90   89   90   88   87   84   84   83   83   84   87
   91   98  107  117  127  138  148  156  163  168  171  173  174  174  175  177
  179  181  184  186  188  190  191  191  190  188  185  181  176  171  164  157
  149  141  132  124  116  110  105  102  100  101  102  104  105  105  103  101
   97   92   88   81   78   78   78   74   75                                   
    65.0-180.0 180.0   5.0 450.0                            LAT/LON1/LON2/DLON/H
   70   75   77   83   85   88   89   90   90   90   89   89   88   89   90   92
   97  104  112  122  133  143  152  160  166  170  171  172  172  172  172  174
  176  179  182  186  189  192  194  196  196  195  193  190  185  179  172  163
  153  143  132  121  110  101   94   89   87   86   87   89   90   91   91   90
   87   84   81   76   74   76   77   75   70                                   
    62.5-180.0 180.0   5.0 450.0                            LAT/LON1/LON2/DLON/H
   62   67   69   75   77   81   83   85   87   88   89   91   91   93   94   97
  102  108  116  126  135  145  153  160  164  167  168  169  168  168  169  171
  174  178  182  186  190  194  197  199  201  201  199  196  191  184  176  166
  155  143  130  117  105   94   85   79   75   73   73   74   76   77   77   76
   75   73   72   67   67   69   70   70   62                                   
    60.0-180.0 180.0   5.0 450.0                            LAT/LON1/LON2/DLON/H
   54   56   57   63   64   67   70   74   77   81   84   87   90   92   95   98
  103  109  116  125  133  141  148  153  157  160  162  163  164  165  168  171
  176  180  185  189  193  197  201  204  206  206  205  201  196  188  179  169
  157  144  131  117  104   92   82   74   69   66   65   65   65   66   66   65
   64   62   62   58   58   59   61   62   54                                   
    57.5-180.0 180.0   5.0 450.0                            LAT/LON1/LON2/DLON/H
   47   47   47   51   51   53   56   60   65   70   75   80   85   89   93   98
  103  109  116  122  129  134  140  144  148  152  155  158  161  165  170  176
  182  188  193  197  201  205  208  211  214  214  212  208  202  194  184  174
  162  150  137  124  111   99   89   80   74   70   67   66   65   64   63   62
   60   58   58   55   54   53   53   56   47                                   
    55.0-180.0 180.0   5.0 450.0                            LAT/LON1/LON2/DLON/H
   44   42   41   43   42   43   45   48   52   57   64   71   77   83   89   95
  102  109  115  120  124  127  131  134  139  143  149  154  161  168  176  185
  192  199  204  208  211  214  217  220  222  222  221  216  210  201  191  181
  170  158  147  135  124  113  103   94   87   82   79   77   75   73   71   68
   65   62   62   58   55   51   51   52   44                                   
    52.5-180.0 180.0   5.0 450.0                            LAT/LON1/LON2/DLON/H
   48   44   41   42   40   40   40   41   43   48   54   61   69   77   85   93
  102  110  115  119  121  122  124  127  132  138  146  155  164  175  186  196
  205  213  218  221  223  225  227  229  231  232  230  225  219  210  201  191
  180  170  160  150  140  130  121  113  107  102   98   96   94   91   88   84
   80   76   74   69   65   58   56   55   48                                   
    50.0-180.0 180.0   5.0 450.0                            LAT/LON1/LON2/DLON/H
   57   53   50   49   46   46   43   41   41   43   48   54   62   72   82   93
  104  114  120  122  123  122  122  125  131  139  149  160  172  185  197  209
  219  227  232  234  235  236  237  239  240  241  239  235  229  220  211  202
  192  182  173  164  154  146  137  130  125  121  119  118  116  114  111  107
  101   96   93   86   81   73   70   65   57                                   
    47.5-180.0 180.0   5.0 450.0                            LAT/LON1/LON2/DLON/H
   72   69   66   64   60   59   54   49   46   46   48   53   61   71   83   96
  110  121  128  130  129  127  127  130  138  148  160  172  185  198  210  222
  232  239  243  245  245  246  246  248  250  251  250  245  239  231  222  213
  203  193  183  173  163  154  146  140  136  134  134  136  137  136  134  130
  123  117  112  106   99   92   89   81   72                                   
    45.0-180.0 180.0   5.0 450.0                            LAT/LON1/LON2/DLON/H
   88   88   85   84   79   77   70   63   57   54   54   57   64   75   88  103
  118  131  139  141  140  138  138  142  151  163  176  189  201  212  222  233
  241  248  253  255  255  256  257  259  261  262  261  256  249  241  232  222
  212  200  188  175  164  153  144  139  136  136  139  144  148  150  150  147
  141  134  129  122  117  111  108  100   88                                   
    42.5-180.0 180.0   5.0 450.0                            LAT/LON1/LON2/DLON/H
  102  105  103  103   99   95   87   78   70   66   64   67   73   84   98  114
  130  143  151  154  153  151  153  159  170  183  197  208  217  225  233  240
  248  255  260  264  266  268  271  273  275  276  274  269  261  251  241  231
  218  205  189  174  159  146  136  129  127  129  134  141  149  154  155  154
  149  143  137  131  127  124  121  114  102                                   
    40.0-180.0 180.0   5.0 450.0                            LAT/LON1/LON2/DLON/H
  110  116  116  117  113  108  100   91   83   78   76   79   86   97  111  126
  142  155  164  167  167  166  169  177  190  205  218  227  233  237  242  247
  255  263  270  277  282  287  291  295  297  296  292  284  274  263  252  240
  226  211  193  175  158  143  130  121  117  118  124  132  141  147  151  151
  147  141  136  130  129  128  126  120  110                                   
    37.5-180.0 180.0   5.0 450.0                            LAT/LON1/LON2/DLON/H
  111  120  120  123  121  115  108  100   92   88   88   92  100  111  125  140
  154  166  174  178  180  181  185  195  209  223  236  243  247  249  252  257
  266  276  287  298  308  316  323  327  328  324  317  306  293  280  267  255
  241  225  207  188  170  153  138  125  118  115  118  124  131  137  141  141
  137  132  127  122  122  121  121  116  111                                   
    35.0-180.0 180.0   5.0 450.0                            LAT/LON1/LON2/DLON/H
  110  118  119  121  120  114  109  103   98   95   96  103  113  126  140  153
  166  176  184  189  191  194  200  210  224  239  251  258  261  263  267  275
  286  300  316  331  345  357  366  370  369  363  351  336  319  304  292  280
  269  255  238  221  203  185  167  151  138  130  127  128  130  132  133  132
  126  121  116  111  111  110  112  108  110                                   
    32.5-180.0 180.0   5.0 450.0                            LAT/LON1/LON2/DLON/H
  107  113  113  114  112  107  105  101   99   98  102  111  123  138  152  165
  176  185  193  199  204  208  214  224  237  251  264  272  278  283  291  303
  319  338  359  379  396  411  420  424  420  410  394  375  356  340  329  320
  312  301  289  275  260  242  223  203  184  169  159  152  146  141  137  131
  123  116  110  104  104  102  105  100  107                                   
    30.0-180.0 180.0   5.0 450.0                            LAT/LON1/LON2/DLON/H
  107  110  106  106  104   99   99   97   97   98  104  115  130  147  162  174
  185  194  203  212  218  223  229  238  250  263  277  289  299  310  324  342
  365  390  415  439  459  474  483  485  479  465  447  425  405  390  380  375
  371  366  359  350  339  324  304  281  257  235  216  200  185  171  158  147
  135  125  117  109  109  104  106   98  107                                   
    27.5-180.0 180.0   5.0 450.0                            LAT/LON1/LON2/DLON/H
  110  110  102  101   98   94   95   94   95   97  103  115  132  151  168  182
  193  204  216  227  236  242  247  253  263  276  292  309  326  345  368  393
  423  453  482  508  527  541  548  547  539  525  506  485  466  452  445  444
  444  445  444  441  435  423  404  379  350  321  294  269  244  220  199  181
  164  152  140  131  128  120  117  105  110                                   
    25.0-180.0 180.0   5.0 450.0                            LAT/LON1/LON2/DLON/H
  118  116  102  101   98   93   95   94   95   97  102  114  132  152  171  187
  200  214  230  244  256  263  266  271  279  292  311  333  359  387  418  452
  488  523  553  577  593  602  606  604  596  584  568  550  534  523  520  521
  526  530  533  533  531  521  503  476  445  412  380  349  317  285  255  230
  208  194  177  166  159  148  139  121  118                                   
    22.5-180.0 180.0   5.0 450.0                            LAT/LON1/LON2/DLON/H
  133  131  111  108  103   97  100   99   98   98  102  112  130  151  171  190
  207  225  244  262  276  284  288  291  298  312  334  363  397  434  473  514
  554  590  618  636  646  650  651  648  643  636  626  615  604  597  596  599
  604  607  608  607  603  592  573  546  515  483  452  420  386  350  316  285
  260  244  223  211  198  184  170  146  133                                   
    20.0-180.0 180.0   5.0 450.0                            LAT/LON1/LON2/DLON/H
  153  152  126  120  112  105  107  105  103  101  103  111  127  148  171  192
  213  234  257  279  295  305  309  313  321  337  362  397  438  483  528  573
  614  647  669  680  682  681  680  680  679  679  677  674  670  667  666  667
  666  662  656  647  636  620  599  573  546  521  496  470  439  404  368  335
  308  291  269  257  239  222  204  177  153                                   
    17.5-180.0 180.0   5.0 450.0                            LAT/LON1/LON2/DLON/H
  174  174  147  135  124  115  116  112  109  105  105  111  126  147  171  195
  219  244  270  294  313  324  331  337  348  367  396  435  482  531  579  623
  661  688  702  705  702  698  697  700  706  713  720  724  725  724  720  714
  704  689  670  650  628  605  582  559  540  525  511  494  470  438  404  370
  343  326  307  294  275  255  236  205  174                                   
    15.0-180.0 180.0   5.0 450.0                            LAT/LON1/LON2/DLON/H
  192  192  167  150  135  125  123  119  114  110  108  114  127  148  173  199
  227  255  283  308  328  343  353  364  378  401  434  476  524  573  620  660
  692  712  719  717  711  707  708  715  727  741  754  763  766  763  753  738
  715  686  653  618  586  557  533  515  505  502  501  495  480  454  423  390
  363  346  330  317  299  276  257  226  192                                   
    12.5-180.0 180.0   5.0 450.0                            LAT/LON1/LON2/DLON/H
  203  202  180  161  143  131  129  123  118  114  112  117  130  151  177  206
  237  267  296  321  343  360  376  392  412  439  474  516  562  607  649  683
  707  722  726  722  717  716  721  732  747  764  780  789  790  780  762  736
  702  660  614  568  528  496  474  462  461  469  478  482  474  455  428  397
  370  353  338  326  309  285  266  235  203                                   
    10.0-180.0 180.0   5.0 450.0                            LAT/LON1/LON2/DLON/H
  208  205  185  166  147  134  131  125  120  117  116  122  135  157  185  216
  249  280  309  335  357  377  397  420  446  476  511  551  591  631  665  693
  714  726  731  730  728  730  738  751  767  782  794  799  793  776  750  716
  674  624  571  519  477  446  428  423  429  443  458  466  462  445  421  393
  367  349  336  323  308  284  266  236  208                                   
     7.5-180.0 180.0   5.0 450.0                            LAT/LON1/LON2/DLON/H
  209  203  184  165  146  133  129  123  118  117  119  127  141  164  194  228
  263  295  323  348  370  393  418  446  477  510  544  579  613  646  675  699
