data/edconvlstm_nd/pred1000.15i
     1.0            IONOSPHERE MAPS     GNSS                IONEX VERSION / TYPE
pyspatialgeodesy        IME             05-JAN-18 20:20     PGM / RUN BY / DATE 
Map Name                                                    COMMENT             
Predicted global ionosphere maps (GIM).                     DESCRIPTION         
  2015     4    10     0     0     0                        EPOCH OF FIRST MAP  
  2015     4    11     0     0     0                        EPOCH OF LAST MAP   
  7200                                                      INTERVAL            
    13                                                      # OF MAPS IN FILE   
  NONE                                                      MAPPING FUNCTION    
10.0                                                        ELEVATION CUTOFF    
One-way carrier phase leveled to code                       OBSERVABLES USED    
  6371.0                                                    BASE RADIUS         
 2                                                          MAP DIMENSION       
   450.0 450.0   0.0                                        HGT1 / HGT2 / DHGT  
    87.5 -87.5  -2.5                                        LAT1 / LAT2 / DLAT  
  -180.0 180.0   5.0                                        LON1 / LON2 / DLON  
    -1                                                      EXPONENT            
                                                            END OF HEADER       
[from data line 858]
     3                                                      START OF TEC MAP    
  2015     4    10     4     0     0                        EPOCH OF CURRENT MAP
    87.5-180.0 180.0   5.0 450.0                            LAT/LON1/LON2/DLON/H
  179  173  171  173  174  172  170  169  170  171  172  172  173  173  173  173
  173  173  172  172  171  170  169  168  167  166  165  164  163  163  162  161
  161  160  160  160  159  159  159  159  159  159  159  159  160  160  160  160
  160  161  161  161  162  162  162  162  163  163  163  163  163  162  162  162
  162  164  164  164  167  165  166  167  179                                   
    85.0-180.0 180.0   5.0 450.0                            LAT/LON1/LON2/DLON/H
  174  173  165  170  173  170  170  170  171  172  172  173  174  174  174  174
  174  174  173  173  172  171  170  169  167  166  165  163  162  161  160  160
  159  159  159  159  159  159  160  160  161  161  162  163  164  164  165  166
  167  168  169  170  171  172  173  173  174  174  175  175  175  174  173  173
  174  175  172  174  168  166  166  164  174                                   
    82.5-180.0 180.0   5.0 450.0                            LAT/LON1/LON2/DLON/H
  172  172  167  165  166  165  164  164  165  166  167  168  169  170  170  171
  171  170  170  168  167  165  163  161  159  156  154  152  150  148  147  146
  145  145  145  146  147  148  149  150  152  153  155  157  159  160  162  165
  167  169  171  174  176  178  180  182  183  184  185  186  186  185  184  184
  183  182  178  179  178  168  165  157  172                                   
    80.0-180.0 180.0   5.0 450.0                            LAT/LON1/LON2/DLON/H
  170  170  160  159  160  159  161  161  163  164  164  166  168  169  170  171
  171  170  169  167  165  162  159  156  152  149  145  142  139  137  135  134
  133  134  134  135  137  139  141  143  146  148  151  153  156  159  162  165
  169  172  176  179  183  186  189  192  195  197  198  199  199  199  198  197
  195  193  187  186  184  176  177  159  170                                   
    77.5-180.0 180.0   5.0 450.0                            LAT/LON1/LON2/DLON/H
  173  171  163  160  159  158  160  160  161  162  162  164  166  167  168  169
  169  168  167  165  162  159  155  151  146  141  136  132  129  126  124  124
  124  125  126  128  131  134  137  140  143  146  150  153  157  161  166  171
  175  180  186  191  196  201  205  209  213  216  218  219  220  219  218  218
  215  212  204  202  198  188  184  172  173                                   
    75.0-180.0 180.0   5.0 450.0                            LAT/LON1/LON2/DLON/H
  179  179  168  166  163  162  162  160  161  160  160  161  161  162  162  162
  162  161  160  158  156  153  148  144  139  133  128  123  120  117  115  115
  115  117  119  122  124  128  131  134  138  142  146  151  156  161  167  174
  180  187  194  201  208  214  220  225  229  233  235  237  238  238  237  237
  233  230  223  215  209  200  196  187  179                                   
    72.5-180.0 180.0   5.0 450.0                            LAT/LON1/LON2/DLON/H
  185  188  179  174  171  169  168  166  165  163  160  159  157  155  154  153
  151  151  150  149  147  145  142  138  133  128  123  118  115  112  111  111
  112  114  116  119  122  125  129  132  136  140  145  151  157  164  172  181
  189  198  207  215  223  230  237  242  247  250  253  254  255  254  254  253
  250  247  241  234  224  213  209  202  185                                   
    70.0-180.0 180.0   5.0 450.0                            LAT/LON1/LON2/DLON/H
  196  197  190  183  179  175  173  170  168  163  159  155  150  145  140  137
  135  134  133  134  134  133  131  128  125  120  116  111  108  106  105  106
  107  109  111  113  116  118  121  124  128  132  138  145  154  163  173  184
  195  206  216  226  235  243  249  255  259  262  263  264  264  263  262  261
  258  255  250  244  236  226  223  219  196                                   
    67.5-180.0 180.0   5.0 450.0                            LAT/LON1/LON2/DLON/H
  203  204  197  190  185  181  178  174  171  165  158  151  143  135  128  123
  119  118  118  119  121  122  121  120  117  114  110  106  103  102  101  101
  102  104  105  107  108  110  112  114  118  124  131  140  150  162  174  187
  201  213  225  236  245  253  259  263  266  267  268  267  266  264  262  260
  257  255  251  246  239  231  230  229  203                                   
    65.0-180.0 180.0   5.0 450.0                            LAT/LON1/LON2/DLON/H
  211  209  201  193  188  183  180  176  173  166  158  149  138  128  118  111
  106  104  105  107  109  111  112  111  110  107  104  101   99   98   97   97
   98   99   99  100  100  101  102  104  109  115  124  135  147  162  177  192
  207  222  235  246  255  262  267  270  271  272  271  269  266  263  259  256
  253  250  248  244  239  233  234  235  211                                   
    62.5-180.0 180.0   5.0 450.0                            LAT/LON1/LON2/DLON/H
  217  213  205  195  189  183  180  176  173  166  157  147  136  124  113  105
   99   97   97   98  101  103  104  103  102  100   98   96   94   93   93   93
   93   93   93   93   93   93   94   96  101  109  120  133  148  164  181  199
  215  231  244  256  264  270  274  276  277  276  275  272  268  263  258  254
  249  246  243  241  237  233  235  238  217                                   
    60.0-180.0 180.0   5.0 450.0                            LAT/LON1/LON2/DLON/H
  224  218  209  196  190  182  178  174  170  163  154  145  133  122  111  103
   97   94   94   94   95   96   96   95   94   93   91   90   89   88   88   88
   88   88   88   88   87   87   89   92   98  107  119  134  151  169  188  206
  224  240  253  264  273  278  282  283  284  283  281  278  274  268  262  256
  250  245  242  240  237  233  237  239  224                                   
    57.5-180.0 180.0   5.0 450.0                            LAT/LON1/LON2/DLON/H
  236  228  218  203  195  185  179  173  167  159  151  142  132  122  113  105
  100   96   94   93   92   91   90   89   88   87   87   86   86   85   85   85
   85   86   86   86   86   87   89   93  100  110  123  139  157  176  196  215
  233  249  262  273  281  287  290  293  294  294  293  291  286  280  273  266
  258  252  248  244  242  238  242  245  236                                   
    55.0-180.0 180.0   5.0 450.0                            LAT/LON1/LON2/DLON/H
  252  244  232  216  207  195  185  176  168  157  148  139  130  122  115  109
  104  100   97   93   91   88   87   86   86   86   86   86   86   86   86   86
   86   86   87   88   89   91   94   99  107  118  132  148  166  186  205  224
  242  258  271  282  290  296  301  304  306  308  308  307  304  298  291  283
  274  266  261  256  253  249  253  256  252                                   
    52.5-180.0 180.0   5.0 450.0                            LAT/LON1/LON2/DLON/H
  272  265  252  237  227  213  201  187  174  160  148  139  130  123  118  113
  108  104   99   95   91   88   87   87   88   89   91   92   92   91   91   90
   91   92   93   95   97  100  103  109  117  128  143  159  177  196  216  234
  252  268  281  291  300  307  312  316  320  323  325  325  323  318  311  304
  294  286  280  273  268  264  267  271  272                                   
    50.0-180.0 180.0   5.0 450.0                            LAT/LON1/LON2/DLON/H
  293  289  276  264  254  239  225  207  189  171  155  142  133  126  120  116
  111  106  101   96   93   91   91   93   96   99  102  103  103  102  101  100
  100  101  103  105  108  111  115  121  129  141  155  171  189  208  227  246
  263  279  292  302  311  318  325  330  334  338  340  341  340  337  332  325
  316  308  301  293  287  282  284  290  293                                   
    47.5-180.0 180.0   5.0 450.0                            LAT/LON1/LON2/DLON/H
  313  311  301  293  283  270  254  233  211  188  168  152  140  131  124  118
  113  108  103   99   97   97  100  104  110  114  118  119  119  117  115  113
  112  113  114  117  120  123  126  132  141  153  167  184  202  220  239  258
  275  291  304  314  323  330  337  342  346  350  352  353  353  351  347  343
  336  329  322  313  306  300  302  309  313                                   
    45.0-180.0 180.0   5.0 450.0                            LAT/LON1/LON2/DLON/H
  328  329  321  318  310  299  284  262  237  210  186  167  151  139  130  122
  115  110  106  104  105  107  113  120  127  133  136  137  135  132  129  127
  125  125  126  128  129  132  135  141  150  163  178  196  214  233  252  270
  288  303  316  326  334  341  347  352  355  358  360  361  361  361  359  356
  351  346  340  332  323  316  318  324  328                                   
    42.5-180.0 180.0   5.0 450.0                            LAT/LON1/LON2/DLON/H
  337  337  333  332  326  318  305  286  262  233  207  185  167  151  138  128
  120  115  113  113  116  122  129  137  145  151  153  153  150  146  142  139
  137  136  136  136  136  138  141  147  157  171  188  206  225  244  264  283
  300  315  327  336  343  350  355  360  363  365  367  368  368  369  369  368
  366  362  357  349  339  332  333  335  337                                   
    40.0-180.0 180.0   5.0 450.0                            LAT/LON1/LON2/DLON/H
  343  339  334  332  329  322  313  298  277  251  226  204  183  165  150  137
  128  124  124  127  133  140  147  155  162  166  167  165  161  157  153  150
  148  145  143  141  140  140  143  149  161  176  195  215  235  254  274  293
  310  325  336  345  351  358  364  369  372  375  377  379  381  383  385  387
  386  383  378  369  359  350  350  347  343                                   
    37.5-180.0 180.0   5.0 450.0                            LAT/LON1/LON2/DLON/H
  351  339  331  321  319  313  305  295  280  259  237  217  198  179  163  149
  141  138  141  146  152  159  165  171  175  177  176  173  169  164  161  159
  156  153  149  145  142  141  143  150  163  180  201  222  242  262  281  300
  318  332  344  352  360  367  375  381  387  392  396  400  405  410  415  419
  419  416  411  399  389  380  375  364  351                                   
    35.0-180.0 180.0   5.0 450.0                            LAT/LON1/LON2/DLON/H
  370  350  333  313  306  296  287  280  269  254  238  222  206  190  174  162
  156  156  160  166  172  177  180  183  185  185  183  179  175  171  168  166
  163  159  153  148  143  141  143  150  164  183  205  227  248  267  286  305
  323  338  350  361  370  380  391  401  411  420  429  437  446  455  463  470
  472  469  462  447  436  426  415  396  370                                   
    32.5-180.0 180.0   5.0 450.0                            LAT/LON1/LON2/DLON/H
  410  384  355  321  306  288  273  264  253  241  229  219  207  195  182  173
  170  172  178  184  188  190  190  191  192  191  189  186  181  178  175  172
  169  164  157  150  145  142  143  150  164  184  207  229  250  269  287  306
  325  342  357  371  384  399  414  429  445  460  475  490  505  519  532  542
  547  545  537  516  504  493  471  446  410                                   
    30.0-180.0 180.0   5.0 450.0                            LAT/LON1/LON2/DLON/H
  477  448  403  357  330  303  278  261  245  231  220  211  203  194  186  180
  180  184  189  193  195  195  195  196  198  200  199  196  191  187  183  179
  175  169  161  154  147  143  144  150  164  183  206  228  249  267  286  306
  326  347  366  384  402  422  442  464  485  508  530  553  575  597  617  633
  643  643  634  608  594  580  544  514  477                                   
    27.5-180.0 180.0   5.0 450.0                            LAT/LON1/LON2/DLON/H
  570  543  482  424  385  349  312  282  257  236  219  209  201  193  186  182
  183  186  190  192  192  192  195  200  207  212  213  211  205  199  193  188
  182  175  166  157  150  145  144  149  161  179  202  224  244  264  283  305
  329  353  377  401  425  449  475  502  529  559  588  619  649  679  707  730
  746  751  742  714  696  680  633  598  570                                   
    25.0-180.0 180.0   5.0 450.0                            LAT/LON1/LON2/DLON/H
  678  661  589  525  473  428  378  333  295  263  238  221  209  199  190  184
  182  182  183  182  183  186  195  207  220  229  233  230  223  214  205  197
  188  179  169  159  151  145  143  145  155  172  194  217  239  260  282  306
  333  362  392  421  450  480  510  540  572  606  641  678  715  752  785  814
  836  847  842  816  794  778  731  693  678                                   
    22.5-180.0 180.0   5.0 450.0                            LAT/LON1/LON2/DLON/H
  783  781  710  647  584  532  471  413  361  316  279  253  234  217  203  191
  183  177  173  171  173  182  198  218  238  251  256  252  242  229  216  203
  191  180  168  158  149  141  137  138  145  161  183  208  232  257  282  310
  342  375  410  444  478  510  542  574  607  642  680  721  761  801  839  871
  897  913  914  895  872  857  824  784  783                                   
    20.0-180.0 180.0   5.0 450.0                            LAT/LON1/LON2/DLON/H
  866  880  822  767  699  646  578  511  447  391  344  307  279  254  231  210
  192  179  169  166  171  187  210  237  260  275  279  273  258  240  221  204
  189  175  162  151  142  134  128  126  133  148  171  198  227  255  285  317
  352  390  429  467  503  536  567  597  628  662  699  740  781  822  859  891
  918  938  946  936  917  902  889  853  866                                   
    17.5-180.0 180.0   5.0 450.0                            LAT/LON1/LON2/DLON/H
  909  934  897  859  796  748  683  612  543  479  424  379  341  307  274  243
  216  194  180  176  184  204  233  263  286  299  298  286  266  243  220  199
  181  165  152  141  131  122  116  113  119  135  159  190  222  255  288  324
  362  403  445  485  522  555  583  608  634  664  698  736  774  811  845  875
  902  923  937  937  924  909  913  885  909                                   
    15.0-180.0 180.0   5.0 450.0                            LAT/LON1/LON2/DLON/H
  912  939  923  904  856  819  762  698  630  565  507  458  415  373  331  290
  255  226  209  205  215  237  267  295  313  318  309  289  264  237  211  188
  169  153  139  129  119  111  104  101  107  123  149  183  219  254  290  328
  369  412  456  497  535  566  590  611  632  657  686  717  749  779  807  832
  857  878  897  904  899  885  898  880  912                                   
    12.5-180.0 180.0   5.0 450.0                            LAT/LON1/LON2/DLON/H
  885  908  906  902  870  845  801  748  690  632  578  531  487  442  395  349
  308  276  257  252  263  285  310  330  336  328  308  281  252  224  199  177
  157  141  128  118  109  101   94   92   98  115  142  177  214  251  289  328
  370  414  459  501  539  569  593  612  629  649  671  695  718  739  759  779
  801  821  842  855  856  845  859  850  885                                   
    10.0-180.0 180.0   5.0 450.0                            LAT/LON1/LON2/DLON/H
  842  858  863  865  847  830  797  756  711  664  620  580  542  502  458  412
  370  338  319  315  324  341  356  361  351  328  298  265  235  209  186  166
  148  133  121  111  103   94   88   86   92  109  137  171  208  245  281  320
  363  409  455  498  536  567  591  611  628  644  661  677  693  707  720  733
  751  769  791  807  811  804  816  812  842                                   
     7.5-180.0 180.0   5.0 450.0                            LAT/LON1/LON2/DLON/H
  797  806  813  813  801  788  759  728  692  656  623  596  570  540  505  467
  432  404  388  384  389  395  395  382  354  319  281  246  217  194  175  158
