data/edconvlstm_nd/pred1030.15i
     1.0            IONOSPHERE MAPS     GNSS                IONEX VERSION / TYPE
pyspatialgeodesy        IME             05-JAN-18 20:20     PGM / RUN BY / DATE 
Map Name                                                    COMMENT             
Predicted global ionosphere maps (GIM).                     DESCRIPTION         
  2015     4    13     0     0     0                        EPOCH OF FIRST MAP  
  2015     4    14     0     0     0                        EPOCH OF LAST MAP   
  7200                                                      INTERVAL            
    13                                                      # OF MAPS IN FILE   
  NONE                                                      MAPPING FUNCTION    
10.0                                                        ELEVATION CUTOFF    
One-way carrier phase leveled to code                       OBSERVABLES USED    
  6371.0                                                    BASE RADIUS         
 2                                                          MAP DIMENSION       
   450.0 450.0   0.0                                        HGT1 / HGT2 / DHGT  
    87.5 -87.5  -2.5                                        LAT1 / LAT2 / DLAT  
  -180.0 180.0   5.0                                        LON1 / LON2 / DLON  
    -1                                                      EXPONENT            
                                                            END OF HEADER       
[from data line 429]
     2                                                      START OF TEC MAP    
  2015     4    13     2     0     0                        EPOCH OF CURRENT MAP
    87.5-180.0 180.0   5.0 450.0                            LAT/LON1/LON2/DLON/H
  138  144  146  147  146  144  142  141  142  144  145  147  148  149  150  150
  151  151  150  150  149  148  147  146  145  144  142  141  140  139  138  137
  136  136  135  135  135  136  136  136  137  138  138  139  140  140  141  142
  142  143  143  143  143  144  144  144  144  144  144  143  143  142  142  142
  142  143  140  140  141  141  140  128  138                                   
    85.0-180.0 180.0   5.0 450.0                            LAT/LON1/LON2/DLON/H
  144  149  130  139  142  141  140  141  143  146  147  150  152  153  155  155
  156  156  155  154  153  151  150  148  146  143  141  139  137  135  133  132
  131  131  130  131  131  132  133  134  135  137  138  139  140  141  142  143
  143  144  145  145  145  146  146  147  147  147  147  147  147  147  146  146
  147  147  144  145  141  141  138  131  144                                   
    82.5-180.0 180.0   5.0 450.0                            LAT/LON1/LON2/DLON/H
  146  137  141  137  136  136  137  139  143  147  149  153  156  158  160  161
  161  161  160  158  156  153  150  147  144  140  137  134  130  128  125  123
  122  122  122  122  124  125  127  129  131  133  135  137  138  140  141  142
  143  143  144  145  145  146  147  148  149  150  151  151  152  152  152  153
  153  151  147  144  148  136  133  130  146                                   
    80.0-180.0 180.0   5.0 450.0                            LAT/LON1/LON2/DLON/H
  149  136  129  127  129  129  133  137  143  148  152  158  162  166  168  169
  169  168  166  164  160  156  152  147  142  137  132  127  123  119  116  114
  113  112  112  114  116  118  121  123  126  128  131  132  134  135  136  137
  137  138  138  139  140  141  142  144  145  147  149  151  153  154  155  157
  157  154  150  148  157  145  146  138  149                                   
    77.5-180.0 180.0   5.0 450.0                            LAT/LON1/LON2/DLON/H
  153  137  129  131  127  129  135  141  149  155  161  167  173  177  179  179
  179  177  174  170  165  160  155  149  143  137  131  125  120  115  112  110
  108  108  109  111  114  117  121  124  127  129  131  132  133  134  134  135
  135  135  136  137  138  139  140  142  145  148  151  154  157  160  163  166
  166  165  160  160  164  154  153  149  153                                   
    75.0-180.0 180.0   5.0 450.0                            LAT/LON1/LON2/DLON/H
  155  141  134  136  131  133  138  144  153  160  166  173  178  181  182  181
  178  175  170  165  160  155  149  143  137  131  124  118  113  108  105  102
  101  101  103  105  108  112  115  118  120  122  123  123  124  124  124  124
  124  125  126  127  128  130  132  134  137  141  145  149  153  158  162  167
  169  169  167  162  167  163  162  159  155                                   
    72.5-180.0 180.0   5.0 450.0                            LAT/LON1/LON2/DLON/H
  158  151  146  144  140  141  147  154  162  169  175  181  184  184  182  178
  173  167  161  156  151  146  141  137  131  126  121  115  110  106  103  101
  100  101  102  105  108  111  113  115  116  117  117  117  117  117  117  118
  119  121  123  124  126  128  131  133  136  140  144  149  154  159  164  170
  173  175  175  173  176  172  171  170  158                                   
    70.0-180.0 180.0   5.0 450.0                            LAT/LON1/LON2/DLON/H
  170  163  159  157  151  152  157  163  172  178  183  187  187  183  177  169
  160  152  146  140  137  133  131  128  124  120  116  112  108  105  102  100
  100  100  101  103  105  107  108  109  109  108  107  107  107  107  109  112
  115  118  122  125  128  130  133  136  139  142  146  150  155  159  164  170
  174  176  178  178  182  181  183  181  170                                   
    67.5-180.0 180.0   5.0 450.0                            LAT/LON1/LON2/DLON/H
  177  173  168  167  160  159  163  169  176  182  185  187  184  176  166  154
  143  134  127  122  120  119  118  116  114  112  108  105  102   99   97   95
   95   94   94   95   96   96   96   95   94   93   92   92   93   95   99  104
  110  116  122  126  130  133  136  138  141  144  147  151  154  157  161  165
  169  171  174  174  180  182  185  188  177                                   
    65.0-180.0 180.0   5.0 450.0                            LAT/LON1/LON2/DLON/H
  184  180  175  175  167  164  167  172  179  184  186  186  180  170  157  143
  131  121  114  111  109  109  109  108  107  104  102   99   96   94   92   91
   90   88   87   86   85   84   83   82   80   79   78   79   82   86   93  101
  110  119  126  132  136  139  142  145  148  151  153  156  158  160  161  164
  165  167  170  170  177  181  186  191  184                                   
    62.5-180.0 180.0   5.0 450.0                            LAT/LON1/LON2/DLON/H
  190  187  182  182  174  169  170  174  180  183  185  184  177  166  153  139
  127  117  112  109  107  107  106  104  102   99   96   93   91   90   88   87
   85   83   81   78   76   75   73   71   70   69   69   71   76   83   92  103
  114  125  133  140  144  147  150  153  156  159  162  165  166  166  167  167
  167  167  169  169  175  180  185  191  190                                   
    60.0-180.0 180.0   5.0 450.0                            LAT/LON1/LON2/DLON/H
  195  192  188  186  179  171  170  172  176  178  179  178  172  162  151  139
  129  122  117  114  112  110  107  103   98   93   90   87   85   84   84   82
   80   77   74   71   69   67   66   65   64   64   65   68   74   83   94  107
  120  131  140  146  150  153  155  159  163  167  171  174  175  176  175  175
  173  171  173  171  175  179  183  189  195                                   
    57.5-180.0 180.0   5.0 450.0                            LAT/LON1/LON2/DLON/H
  201  199  195  192  185  175  171  171  173  173  173  172  167  159  151  143
  137  132  128  124  120  115  109  102   95   89   84   82   81   80   80   79
   77   74   71   68   66   64   64   63   64   65   67   71   78   88  100  114
  127  137  145  150  153  155  158  162  167  173  178  183  186  187  188  188
  186  184  184  180  183  183  187  190  201                                   
    55.0-180.0 180.0   5.0 450.0                            LAT/LON1/LON2/DLON/H
  211  209  206  201  195  184  178  174  173  171  168  166  162  156  151  147
  144  141  138  133  127  120  110  101   92   85   80   78   78   79   79   78
   76   73   70   68   67   67   67   68   69   71   74   78   85   95  107  120
  132  142  148  151  153  155  158  164  170  178  186  192  197  200  202  204
  203  202  202  197  197  194  197  198  211                                   
    52.5-180.0 180.0   5.0 450.0                            LAT/LON1/LON2/DLON/H
  225  224  220  216  210  199  192  185  180  174  168  163  158  154  151  149
  148  146  143  138  130  120  110   99   90   84   80   79   79   80   80   79
   78   75   73   72   73   74   75   77   79   81   84   88   94  103  115  126
  137  145  151  153  155  157  161  167  176  185  194  203  209  214  219  223
  225  226  226  220  218  213  214  214  225                                   
    50.0-180.0 180.0   5.0 450.0                            LAT/LON1/LON2/DLON/H
  241  242  239  236  231  221  213  204  196  185  175  166  159  153  150  149
  148  146  142  136  127  118  108   99   91   86   84   83   84   85   85   84
   82   80   79   80   82   84   87   90   92   94   96  100  105  112  122  133
  143  150  155  159  161  165  171  178  188  198  209  218  226  232  238  244
  249  253  255  249  246  238  238  237  241                                   
    47.5-180.0 180.0   5.0 450.0                            LAT/LON1/LON2/DLON/H
  260  263  261  260  255  247  240  229  218  203  189  176  165  157  151  148
  145  141  136  129  122  114  107  101   96   92   91   91   92   92   91   89
   87   86   87   89   93   97  100  103  106  108  109  111  115  121  129  139
  149  158  164  170  175  181  189  199  209  220  230  240  247  253  260  268
  274  282  286  281  277  268  266  264  260                                   
    45.0-180.0 180.0   5.0 450.0                            LAT/LON1/LON2/DLON/H
  280  285  283  285  279  273  268  256  244  226  208  192  177  165  156  149
  142  136  129  123  118  113  109  106  103  101  100  100  100   99   97   94
   92   92   94   99  104  109  113  116  118  120  120  121  124  129  136  147
  158  168  178  187  196  206  217  228  238  249  259  267  274  279  285  292
  300  309  316  313  308  299  295  292  280                                   
    42.5-180.0 180.0   5.0 450.0                            LAT/LON1/LON2/DLON/H
  300  304  302  305  300  294  290  280  268  249  229  211  194  178  165  154
  143  134  127  122  119  118  117  115  113  111  109  108  106  104  101   98
   96   97  101  107  114  119  123  126  128  129  130  131  133  137  144  155
  168  181  194  208  222  236  249  261  272  281  290  298  304  308  312  317
  324  334  342  341  336  327  323  318  300                                   
    40.0-180.0 180.0   5.0 450.0                            LAT/LON1/LON2/DLON/H
  319  319  316  316  312  306  302  294  283  266  247  229  212  195  178  163
  149  138  132  129  129  129  129  128  124  121  117  113  110  107  104  101
  101  103  108  116  123  128  132  134  136  138  139  140  141  145  152  163
  178  194  211  229  247  265  281  293  304  313  321  329  335  339  340  343
  347  354  362  363  359  352  348  341  319                                   
    37.5-180.0 180.0   5.0 450.0                            LAT/LON1/LON2/DLON/H
  340  333  324  319  316  308  302  296  287  273  258  242  227  210  193  175
  160  149  145  144  146  147  147  143  136  129  122  117  113  111  109  108
  108  111  117  125  132  137  139  141  143  145  147  149  149  152  159  170
  186  204  224  245  268  289  306  320  330  339  348  358  366  370  371  371
  371  376  382  383  380  375  373  364  340                                   
    35.0-180.0 180.0   5.0 450.0                            LAT/LON1/LON2/DLON/H
  364  351  334  321  316  304  294  288  281  270  258  248  236  222  206  189
  174  166  163  165  168  169  166  159  149  139  130  124  120  119  119  119
  121  124  129  136  142  146  148  148  150  153  156  157  157  158  163  174
  189  208  230  254  280  303  323  338  349  359  371  384  396  403  405  404
  402  403  407  407  405  405  404  392  364                                   
    32.5-180.0 180.0   5.0 450.0                            LAT/LON1/LON2/DLON/H
  398  383  356  331  321  302  286  277  270  261  252  245  238  227  214  199
  188  183  184  187  190  189  184  175  164  153  144  138  136  137  138  140
  141  143  147  152  156  158  158  157  159  162  164  164  162  161  164  173
  187  206  228  254  282  309  331  348  361  374  389  408  426  439  445  446
  444  443  445  443  441  447  447  433  398                                   
    30.0-180.0 180.0   5.0 450.0                            LAT/LON1/LON2/DLON/H
  450  437  399  363  346  320  295  279  268  257  248  242  236  227  216  204
  197  195  198  203  205  203  198  191  183  175  169  165  164  167  169  171
  172  171  171  172  173  172  170  168  168  170  171  169  164  160  160  167
  180  199  222  249  278  308  333  353  369  386  406  431  456  477  490  495
  495  495  497  494  494  507  503  489  450                                   
    27.5-180.0 180.0   5.0 450.0                            LAT/LON1/LON2/DLON/H
  522  516  469  426  400  369  335  310  290  272  258  247  238  228  217  206
  200  200  204  207  209  208  209  209  211  211  210  209  209  211  214  214
  211  205  200  195  192  188  184  179  178  177  176  171  163  156  153  159
  171  189  213  241  272  304  333  357  378  398  424  454  486  514  535  547
  552  556  559  557  561  580  573  558  522                                   
    25.0-180.0 180.0   5.0 450.0                            LAT/LON1/LON2/DLON/H
  610  615  567  521  489  454  412  377  346  318  294  274  258  241  225  212
  204  202  203  203  204  209  219  234  250  262  268  270  269  268  267  263
  254  242  229  219  211  204  197  190  185  182  177  169  158  149  145  149
  162  181  205  233  265  300  333  363  388  414  444  478  515  549  575  594
  607  616  624  624  632  659  652  638  610                                   
    22.5-180.0 180.0   5.0 450.0                            LAT/LON1/LON2/DLON/H
  703  720  678  639  602  568  522  479  438  399  362  331  303  277  252  232
  217  209  203  198  200  212  236  269  302  326  338  339  333  327  319  309
  293  273  254  238  227  217  207  197  189  182  174  163  150  139  135  140
  153  174  199  228  261  298  336  372  404  435  468  505  543  580  610  635
  654  669  682  689  700  733  733  722  703                                   
    20.0-180.0 180.0   5.0 450.0                            LAT/LON1/LON2/DLON/H
  789  813  781  756  717  689  646  601  556  509  461  418  378  341  306  275
  250  231  216  206  207  227  266  316  362  393  404  399  387  373  358  340
  317  291  267  248  234  223  212  199  187  177  166  154  140  129  125  131
  147  169  196  227  262  302  345  387  426  461  497  534  571  607  639  666
  691  711  730  743  756  792  802  798  789                                   
    17.5-180.0 180.0   5.0 450.0                            LAT/LON1/LON2/DLON/H
  851  879  862  850  815  796  761  721  677  628  576  526  479  433  388  346
  310  278  252  236  237  264  313  372  422  450  453  438  415  392  370  346
  319  291  266  247  234  223  210  195  180  167  155  142  129  119  116  124
  142  168  197  230  268  311  358  406  450  489  526  562  597  631  661  689
  717  741  765  783  798  830  852  857  851                                   
    15.0-180.0 180.0   5.0 450.0                            LAT/LON1/LON2/DLON/H
  885  911  911  908  883  874  849  817  780  736  686  637  590  542  493  443
  396  354  318  295  295  323  374  431  473  486  472  443  409  379  352  328
  303  278  256  240  228  217  203  187  170  156  143  131  119  110  109  119
  140  168  201  237  277  322  372  424  471  513  551  587  620  651  679  707
  736  760  787  811  826  850  880  893  885                                   
    12.5-180.0 180.0   5.0 450.0                            LAT/LON1/LON2/DLON/H
  894  916  927  931  915  914  897  875  848  812  771  731  692  650  604  553
  502  452  410  382  378  401  443  485  505  493  458  413  373  342  320  302
  284  264  246  232  221  210  195  177  160  145  132  121  111  105  105  116
  138  169  205  242  284  331  382  435  484  527  566  603  636  667  694  720
  749  773  801  827  841  858  890  910  894                                   
    10.0-180.0 180.0   5.0 450.0                            LAT/LON1/LON2/DLON/H
  890  908  922  925  916  919  907  891  873  848  819  791  765  736  700  656
  608  559  515  485  475  487  510  525  512  472  417  365  327  305  294  285
  273  257  241  228  216  203  187  168  151  136  125  115  107  101  102  113
  136  168  205  245  287  333  385  437  486  528  568  606  642  674  702  729
  757  780  808  835  848  860  891  914  890                                   
     7.5-180.0 180.0   5.0 450.0                            LAT/LON1/LON2/DLON/H
  883  897  908  904  896  899  887  873  859  842  824  810  798  784  761  729
  691  651  613  584  568  564  561  541  495  430  366  319  293  286  286  283
