data/edconvlstm_nd/pred1600.15i
     1.0            IONOSPHERE MAPS     GNSS                IONEX VERSION / TYPE
pyspatialgeodesy        IME             05-JAN-18 20:20     PGM / RUN BY / DATE 
Map Name                                                    COMMENT             
Predicted global ionosphere maps (GIM).                     DESCRIPTION         
  2015     6     9     0     0     0                        EPOCH OF FIRST MAP  
  2015     6    10     0     0     0                        EPOCH OF LAST MAP   
  7200                                                      INTERVAL            
    13                                                      # OF MAPS IN FILE   
  NONE                                                      MAPPING FUNCTION    
10.0                                                        ELEVATION CUTOFF    
One-way carrier phase leveled to code                       OBSERVABLES USED    
  6371.0                                                    BASE RADIUS         
 2                                                          MAP DIMENSION       
   450.0 450.0   0.0                                        HGT1 / HGT2 / DHGT  
    87.5 -87.5  -2.5                                        LAT1 / LAT2 / DLAT  
  -180.0 180.0   5.0                                        LON1 / LON2 / DLON  
    -1                                                      EXPONENT            
                                                            END OF HEADER       
[from data line 858]
     3                                                      START OF TEC MAP    
  2015     6     9     4     0     0                        EPOCH OF CURRENT MAP
    87.5-180.0 180.0   5.0 450.0                            LAT/LON1/LON2/DLON/H
  158  147  146  147  151  147  145  143  144  145  145  145  145  145  145  145
  145  144  144  143  143  142  141  141  140  139  138  137  136  135  135  134
  134  134  134  134  134  134  134  135  135  135  136  136  136  137  137  137
  137  137  137  137  137  137  137  138  138  138  138  138  138  138  138  138
  139  141  141  140  144  142  143  148  158                                   
    85.0-180.0 180.0   5.0 450.0                            LAT/LON1/LON2/DLON/H
  153  151  148  150  155  151  151  150  151  151  151  151  151  151  151  150
  150  149  149  148  148  147  146  145  144  142  141  140  140  139  139  138
  139  139  139  140  140  141  142  143  144  145  145  146  147  147  147  148
  148  148  148  148  148  148  148  148  148  149  149  149  149  148  148  149
  150  152  149  152  145  141  146  145  153                                   
    82.5-180.0 180.0   5.0 450.0                            LAT/LON1/LON2/DLON/H
  154  156  155  153  155  153  153  153  153  153  152  153  152  152  152  151
  151  150  149  148  147  145  144  142  140  139  137  136  135  134  134  134
  135  136  137  138  140  142  143  145  147  148  149  151  152  153  154  154
  155  155  155  156  156  156  156  156  156  157  157  157  157  157  157  157
  157  159  155  158  158  147  147  141  154                                   
    80.0-180.0 180.0   5.0 450.0                            LAT/LON1/LON2/DLON/H
  156  160  151  151  152  151  152  152  152  151  150  150  150  150  149  148
  148  147  146  145  144  142  140  137  135  132  130  128  127  126  126  127
  129  131  133  136  138  141  144  147  149  151  153  155  157  158  159  160
  161  161  162  162  162  162  163  163  163  163  164  164  164  164  164  164
  164  164  160  161  161  153  158  145  156                                   
    77.5-180.0 180.0   5.0 450.0                            LAT/LON1/LON2/DLON/H
  160  164  155  154  152  151  153  152  152  150  149  149  148  147  147  146
  146  145  144  144  142  140  137  134  131  128  125  122  121  120  121  123
  125  129  133  138  142  146  150  154  157  160  163  165  167  169  171  173
  174  175  175  176  176  176  176  176  176  176  176  176  176  176  176  176
  175  175  169  170  169  159  160  153  160                                   
    75.0-180.0 180.0   5.0 450.0                            LAT/LON1/LON2/DLON/H
  160  166  155  154  152  150  151  149  149  147  145  144  142  141  140  139
  139  139  139  138  137  136  133  130  126  121  118  114  113  112  114  117
  121  126  132  138  143  149  153  158  161  165  168  170  173  176  178  181
  182  184  184  185  185  185  185  185  185  185  185  185  185  184  184  185
  183  183  177  173  170  162  163  159  160                                   
    72.5-180.0 180.0   5.0 450.0                            LAT/LON1/LON2/DLON/H
  160  169  159  157  155  152  153  151  150  148  145  143  140  138  136  135
  135  135  136  137  137  136  134  131  126  122  117  114  112  112  114  118
  124  130  137  144  151  157  161  165  169  172  175  179  182  186  189  192
  194  196  197  197  197  197  196  196  195  195  195  195  195  195  194  195
  193  192  188  184  177  166  165  162  160                                   
    70.0-180.0 180.0   5.0 450.0                            LAT/LON1/LON2/DLON/H
  165  170  161  158  155  151  151  149  148  145  141  138  134  130  127  126
  125  126  128  130  131  132  131  128  124  119  114  111  109  110  112  117
  124  132  140  147  154  159  163  167  170  173  177  181  185  190  194  198
  201  203  204  204  203  202  201  200  200  199  199  199  199  199  199  199
  198  196  192  189  183  173  172  168  165                                   
    67.5-180.0 180.0   5.0 450.0                            LAT/LON1/LON2/DLON/H
  169  175  164  160  156  151  151  148  147  143  139  135  130  124  120  117
  116  117  119  122  125  127  127  125  122  117  113  110  108  109  112  117
  124  132  140  147  154  158  162  164  167  170  174  178  184  190  195  200
  204  206  207  206  205  204  203  202  202  202  202  202  202  201  201  201
  199  198  194  191  185  176  175  173  169                                   
    65.0-180.0 180.0   5.0 450.0                            LAT/LON1/LON2/DLON/H
  174  179  167  163  158  153  152  149  148  144  140  135  129  122  116  112
  109  110  112  116  120  123  124  123  121  118  114  112  111  112  115  120
  127  134  141  148  153  157  160  162  164  167  172  177  184  191  198  203
  207  209  210  209  208  206  205  205  205  205  206  206  206  205  204  203
  201  200  195  193  188  181  181  180  174                                   
    62.5-180.0 180.0   5.0 450.0                            LAT/LON1/LON2/DLON/H
  181  187  175  170  164  157  156  152  151  147  143  138  132  125  118  112
  108  107  109  113  117  120  123  123  122  120  118  117  116  117  120  125
  130  136  143  148  153  156  158  160  163  167  172  178  186  194  201  207
  211  213  213  212  211  210  210  210  211  212  213  213  213  211  209  208
  205  203  199  197  193  186  187  190  181                                   
    60.0-180.0 180.0   5.0 450.0                            LAT/LON1/LON2/DLON/H
  188  195  185  179  171  164  161  157  154  151  147  144  138  131  123  116
  111  109  109  112  115  119  121  123  123  123  123  123  123  125  127  130
  134  138  143  148  152  156  158  161  164  168  174  182  190  199  206  212
  216  218  218  217  216  216  217  218  220  222  223  224  223  220  217  215
  211  208  203  202  198  192  193  200  188                                   
    57.5-180.0 180.0   5.0 450.0                            LAT/LON1/LON2/DLON/H
  198  206  197  191  182  174  169  162  159  155  152  149  145  139  132  125
  119  115  114  115  117  120  122  124  126  128  130  131  132  133  134  135
  137  140  144  148  153  157  161  165  169  174  180  188  197  206  213  219
  222  224  224  224  224  225  227  230  233  235  237  237  235  232  228  224
  219  216  210  209  205  200  201  211  198                                   
    55.0-180.0 180.0   5.0 450.0                            LAT/LON1/LON2/DLON/H
  210  218  210  206  196  186  179  170  165  159  156  154  152  147  142  135
  129  125  123  123  123  124  126  128  131  135  138  141  143  143  142  141
  140  141  144  149  155  160  166  171  176  182  188  196  205  213  221  226
  230  231  232  233  235  237  240  244  248  250  252  251  248  244  239  234
  229  225  220  218  213  209  211  222  210                                   
    52.5-180.0 180.0   5.0 450.0                            LAT/LON1/LON2/DLON/H
  223  231  224  221  212  200  191  180  172  164  160  158  156  154  150  146
  141  138  135  134  133  132  133  135  139  144  149  153  154  153  150  147
  144  144  146  151  158  166  173  180  186  191  197  204  212  220  228  234
  238  240  242  244  247  251  255  259  262  265  266  264  261  256  250  245
  240  236  231  229  224  219  222  233  223                                   
    50.0-180.0 180.0   5.0 450.0                            LAT/LON1/LON2/DLON/H
  236  244  238  237  229  217  206  192  182  171  165  162  160  159  157  155
  153  151  149  148  146  144  144  147  151  157  163  167  167  165  160  154
  149  148  150  156  164  173  182  189  195  201  206  212  219  227  235  242
  247  251  254  257  261  265  270  273  276  278  278  276  272  266  260  255
  251  248  244  243  238  232  234  246  236                                   
    47.5-180.0 180.0   5.0 450.0                            LAT/LON1/LON2/DLON/H
  249  255  250  251  245  233  222  207  194  181  172  167  164  162  162  162
  162  163  163  163  161  160  160  162  167  174  179  182  181  177  170  162
  157  155  156  162  171  181  190  198  205  209  214  219  225  234  242  250
  257  262  267  271  276  280  284  287  289  290  288  285  281  275  269  266
  263  262  259  259  253  248  249  260  249                                   
    45.0-180.0 180.0   5.0 450.0                            LAT/LON1/LON2/DLON/H
  262  264  260  262  257  247  237  222  208  193  181  173  169  166  165  167
  169  173  176  177  177  176  177  180  186  192  197  199  196  190  181  173
  167  164  166  171  179  189  199  207  212  217  220  225  231  240  250  260
  268  275  281  286  291  295  298  301  301  301  299  295  290  284  280  277
  276  278  277  277  272  267  267  276  262                                   
    42.5-180.0 180.0   5.0 450.0                            LAT/LON1/LON2/DLON/H
  275  273  268  269  266  258  249  236  222  206  193  183  175  171  169  170
  174  180  185  189  191  192  195  200  206  212  216  216  211  203  194  186
  180  177  177  181  188  197  205  213  219  223  227  231  238  247  259  270
  281  289  295  301  306  310  313  315  315  314  311  307  302  297  293  291
  292  296  297  299  294  290  289  297  275                                   
    40.0-180.0 180.0   5.0 450.0                            LAT/LON1/LON2/DLON/H
  290  284  275  274  271  265  258  248  235  220  205  194  184  177  173  173
  177  184  191  197  202  206  211  218  226  232  235  233  227  218  209  201
  195  192  191  193  197  203  211  219  225  230  235  239  246  256  269  282
  293  302  309  315  321  326  330  332  333  332  329  325  320  314  310  309
  312  317  321  323  320  318  316  323  290                                   
    37.5-180.0 180.0   5.0 450.0                            LAT/LON1/LON2/DLON/H
  308  297  283  279  275  269  264  256  246  232  218  206  195  185  179  177
  180  186  195  202  209  216  224  234  243  250  252  249  242  233  225  218
  212  208  205  204  205  209  215  223  231  238  244  250  257  267  279  293
  305  314  322  329  336  343  349  353  355  355  354  350  345  339  334  333
  335  341  346  349  349  349  347  353  308                                   
    35.0-180.0 180.0   5.0 450.0                            LAT/LON1/LON2/DLON/H
  333  316  297  288  281  274  270  264  255  243  230  218  206  195  186  182
  183  188  196  204  213  222  234  247  258  266  268  264  257  248  240  234
  228  223  217  213  211  212  218  227  237  247  254  261  268  277  289  302
  314  324  332  341  350  359  369  376  381  383  383  381  375  369  363  360
  362  368  374  377  379  382  380  386  333                                   
    32.5-180.0 180.0   5.0 450.0                            LAT/LON1/LON2/DLON/H
  363  342  317  303  292  284  278  272  264  253  241  230  219  207  196  189
  187  190  196  204  214  226  241  257  271  280  282  278  270  261  254  247
  241  234  226  219  214  214  219  229  242  254  264  271  278  286  296  308
  320  330  339  350  362  376  389  400  408  413  415  414  409  402  395  390
  391  395  401  405  408  414  414  421  363                                   
    30.0-180.0 180.0   5.0 450.0                            LAT/LON1/LON2/DLON/H
  400  375  346  328  312  302  293  285  276  265  253  243  232  220  208  198
  193  193  197  204  215  229  247  266  282  292  294  290  281  272  263  255
  247  238  228  219  212  212  217  229  244  259  270  278  284  290  299  309
  320  331  342  356  372  390  407  422  433  441  445  445  442  435  426  420
  418  421  425  430  435  444  446  455  400                                   
    27.5-180.0 180.0   5.0 450.0                            LAT/LON1/LON2/DLON/H
  439  414  383  363  342  329  316  305  293  280  268  257  247  235  222  210
  202  199  200  205  216  233  254  275  293  303  305  299  289  277  265  254
  243  231  221  211  206  205  212  225  241  257  270  278  283  288  296  305
  316  328  342  358  378  400  421  439  452  461  466  469  467  461  453  445
  441  442  446  451  456  467  474  483  439                                   
    25.0-180.0 180.0   5.0 450.0                            LAT/LON1/LON2/DLON/H
  478  455  425  405  382  366  348  332  316  299  285  274  263  251  237  224
  214  207  205  209  220  238  261  285  303  313  313  305  291  274  257  241
  227  214  204  197  193  195  202  214  231  247  261  270  276  281  288  298
  309  323  339  358  381  406  430  449  463  472  478  482  482  479  472  464
  459  459  462  467  472  485  494  503  478                                   
    22.5-180.0 180.0   5.0 450.0                            LAT/LON1/LON2/DLON/H
  510  492  466  450  426  409  387  366  343  322  305  292  280  268  254  240
  227  218  213  215  226  245  269  293  311  319  316  304  285  262  239  218
  202  189  182  178  178  181  188  199  214  230  245  255  262  269  277  288
  302  317  335  356  381  408  432  451  465  473  480  486  489  488  483  477
  472  471  473  479  483  496  506  514  510                                   
    20.0-180.0 180.0   5.0 450.0                            LAT/LON1/LON2/DLON/H
  531  520  500  490  469  452  427  402  374  348  326  310  298  285  271  256
  242  231  224  224  234  253  277  300  315  319  311  294  269  241  214  190
  172  162  158  158  161  165  171  181  194  209  224  236  246  256  267  280
  295  313  332  354  380  406  431  449  461  469  477  484  490  492  490  486
  481  480  482  487  490  502  512  517  531                                   
    17.5-180.0 180.0   5.0 450.0                            LAT/LON1/LON2/DLON/H
  539  533  522  517  502  487  462  435  403  372  346  327  313  300  285  270
  256  244  236  235  244  261  283  302  312  310  296  274  245  214  185  162
  145  138  137  140  145  150  154  161  172  187  203  217  231  244  258  274
  291  310  330  353  378  405  428  446  458  466  473  482  490  496  497  494
  491  490  491  496  496  507  514  515  539                                   
    15.0-180.0 180.0   5.0 450.0                            LAT/LON1/LON2/DLON/H
  536  535  529  528  520  508  485  459  425  391  362  340  324  310  296  282
  269  258  249  246  252  267  284  297  299  290  271  245  216  186  159  138
  125  120  122  127  132  136  139  144  154  167  184  201  218  235  252  270
  290  309  329  352  378  405  429  447  459  467  475  485  495  503  506  505
  503  502  503  506  504  511  516  512  536                                   
    12.5-180.0 180.0   5.0 450.0                            LAT/LON1/LON2/DLON/H
  527  528  525  523  521  512  493  468  435  400  368  345  327  314  302  290
  279  269  261  257  259  268  278  282  277  261  239  213  187  161  139  123
  113  110  113  118  122  124  126  130  139  152  169  188  208  228  248  268
  288  308  329  353  379  407  433  453  466  475  484  495  507  515  520  520
  519  519  518  519  515  518  518  511  527                                   
    10.0-180.0 180.0   5.0 450.0                            LAT/LON1/LON2/DLON/H
  518  519  515  509  509  502  485  463  432  397  364  340  322  310  300  292
  284  277  270  264  262  263  264  259  246  226  203  181  161  142  127  115
  109  107  109  112  114  114  115  118  127  140  158  178  200  222  245  266
  287  308  329  354  382  413  442  465  480  492  502  514  525  534  539  539
  539  538  537  535  529  528  523  515  518                                   
     7.5-180.0 180.0   5.0 450.0                            LAT/LON1/LON2/DLON/H
  515  513  505  495  493  485  468  447  417  382  350  326  309  298  291  287
  284  280  275  267  260  253  244  230  211  190  171  155  142  131  121  115
