data/edconvlstm_nd/pred0400.15i
     1.0            IONOSPHERE MAPS     GNSS                IONEX VERSION / TYPE
pyspatialgeodesy        IME             05-JAN-18 20:20     PGM / RUN BY / DATE 
Map Name                                                    COMMENT             
Predicted global ionosphere maps (GIM).                     DESCRIPTION         
  2015     2     9     0     0     0                        EPOCH OF FIRST MAP  
  2015     2    10     0     0     0                        EPOCH OF LAST MAP   
  7200                                                      INTERVAL            
    13                                                      # OF MAPS IN FILE   
  NONE                                                      MAPPING FUNCTION    
10.0                                                        ELEVATION CUTOFF    
One-way carrier phase leveled to code                       OBSERVABLES USED    
  6371.0                                                    BASE RADIUS         
 2                                                          MAP DIMENSION       
   450.0 450.0   0.0                                        HGT1 / HGT2 / DHGT  
    87.5 -87.5  -2.5                                        LAT1 / LAT2 / DLAT  
  -180.0 180.0   5.0                                        LON1 / LON2 / DLON  
    -1                                                      EXPONENT            
                                                            END OF HEADER       
[from data line 4719]
    12                                                      START OF TEC MAP    
  2015     2     9    22     0     0                        EPOCH OF CURRENT MAP
    87.5-180.0 180.0   5.0 450.0                            LAT/LON1/LON2/DLON/H
  191  176  160  170  173  172  174  174  174  176  176  177  178  178  178  177
  177  176  175  173  172  171  169  168  166  165  164  163  161  160  159  159
  158  157  157  156  156  156  156  156  156  157  157  158  159  159  160  161
  161  162  162  162  162  162  162  162  162  162  161  161  160  160  159  158
  158  158  157  158  168  166  168  171  191                                   
    85.0-180.0 180.0   5.0 450.0                            LAT/LON1/LON2/DLON/H
  182  172  176  173  172  177  179  183  185  187  188  189  190  190  189  188
  187  186  184  182  180  178  176  174  173  171  170  168  167  166  165  164
  163  162  162  161  161  161  161  162  163  163  164  165  167  168  169  170
  170  171  171  172  172  172  171  171  170  169  168  167  166  165  164  163
  163  162  161  160  162  155  152  160  182                                   
    82.5-180.0 180.0   5.0 450.0                            LAT/LON1/LON2/DLON/H
  161  155  156  160  166  172  181  187  189  194  197  199  200  200  198  196
  193  190  186  181  177  174  170  167  165  163  161  159  158  156  155  154
  152  151  150  150  149  149  149  150  151  152  153  155  157  158  160  162
  163  164  165  165  165  165  164  163  162  161  159  157  155  153  151  149
  147  145  144  149  147  151  136  142  161                                   
    80.0-180.0 180.0   5.0 450.0                            LAT/LON1/LON2/DLON/H
  146  144  152  157  165  171  184  196  203  210  215  218  219  218  215  210
  204  197  190  183  176  171  166  162  159  157  156  155  154  153  152  151
  150  148  147  146  145  144  144  144  145  146  148  150  153  155  158  160
  162  163  164  165  165  165  164  163  161  159  157  154  151  148  145  142
  140  138  136  138  132  127  119  132  146                                   
    77.5-180.0 180.0   5.0 450.0                            LAT/LON1/LON2/DLON/H
  143  135  150  154  169  180  196  211  222  232  239  244  245  242  236  228
  218  206  194  183  173  165  158  154  152  150  150  151  151  152  152  152
  151  149  147  145  143  141  140  139  140  141  142  144  147  149  152  155
  157  159  160  161  161  161  160  158  156  154  151  148  145  142  138  135
  131  129  127  129  126  120  120  136  143                                   
    75.0-180.0 180.0   5.0 450.0                            LAT/LON1/LON2/DLON/H
  139  139  151  157  173  189  206  223  239  252  261  267  268  263  255  242
  227  210  194  179  166  157  150  146  145  146  148  151  153  155  157  157
  156  154  152  148  145  142  140  138  137  137  138  140  142  144  146  149
  151  152  153  154  154  153  152  151  149  147  144  141  138  135  133  130
  127  126  125  124  121  117  119  124  139                                   
    72.5-180.0 180.0   5.0 450.0                            LAT/LON1/LON2/DLON/H
  140  143  155  166  181  199  219  239  256  272  284  292  293  287  276  259
  238  216  193  174  157  145  137  134  133  135  138  143  147  150  153  153
  152  150  147  143  138  134  131  128  127  126  126  127  129  130  132  134
  136  137  138  138  138  138  137  135  134  132  130  128  126  124  123  121
  119  120  120  120  119  120  125  136  140                                   
    70.0-180.0 180.0   5.0 450.0                            LAT/LON1/LON2/DLON/H
  149  154  165  173  188  207  226  248  268  287  301  309  310  304  290  269
  244  217  190  167  148  135  126  123  122  125  129  134  138  142  145  145
  144  141  137  132  127  122  119  116  114  113  112  113  114  115  116  117
  118  118  119  119  119  118  118  117  116  115  114  112  112  111  112  112
  113  116  120  123  127  131  140  148  149                                   
    67.5-180.0 180.0   5.0 450.0                            LAT/LON1/LON2/DLON/H
  165  172  182  190  206  224  244  267  288  309  325  336  339  332  317  293
  265  233  203  175  153  137  126  120  118  119  121  125  128  131  133  133
  131  127  123  117  112  108  104  101  100   99   99   99  100  100  101  101
  102  102  102  103  103  103  103  103  103  103  102  102  102  103  105  108
  111  117  124  130  136  145  155  166  165                                   
    65.0-180.0 180.0   5.0 450.0                            LAT/LON1/LON2/DLON/H
  178  187  196  204  218  235  255  277  300  322  341  353  358  353  338  314
  284  251  218  188  164  145  131  122  116  113  112  112  113  114  115  113
  111  106  101   95   90   86   84   82   82   82   82   82   82   82   81   81
   81   81   81   81   82   83   84   85   86   86   86   87   87   89   92   97
  103  113  124  134  145  160  173  187  178                                   
    62.5-180.0 180.0   5.0 450.0                            LAT/LON1/LON2/DLON/H
  193  202  212  219  234  250  270  291  314  337  357  371  378  376  364  342
  313  281  247  216  189  166  148  133  122  112  106  101   99   98   97   94
   91   86   80   75   70   67   66   66   66   67   68   68   68   67   66   65
   64   63   64   65   66   68   70   72   74   75   75   76   77   78   82   88
   96  108  123  136  150  169  185  200  193                                   
    60.0-180.0 180.0   5.0 450.0                            LAT/LON1/LON2/DLON/H
  205  216  228  234  249  264  283  304  326  349  369  385  394  395  387  369
  344  314  282  251  223  197  174  153  134  118  106   97   91   88   85   82
   77   72   66   61   57   55   55   56   57   58   59   59   59   57   55   53
   52   51   51   52   55   58   61   64   66   67   68   68   69   71   75   81
   91  105  123  139  154  177  197  214  205                                   
    57.5-180.0 180.0   5.0 450.0                            LAT/LON1/LON2/DLON/H
  218  231  245  252  268  282  302  320  340  360  379  395  406  409  405  393
  373  348  319  289  260  232  204  178  153  131  113  100   91   86   83   79
   74   68   62   57   53   52   53   54   56   58   58   58   57   54   51   49
   46   45   45   46   49   53   57   61   64   66   67   67   67   69   73   80
   91  107  127  145  160  186  208  225  218                                   
    55.0-180.0 180.0   5.0 450.0                            LAT/LON1/LON2/DLON/H
  235  252  268  276  294  308  327  342  359  375  391  404  415  420  419  412
  397  377  351  324  295  266  236  205  176  149  127  112  102   96   92   88
   82   76   69   64   60   59   60   61   63   64   65   64   62   59   55   51
   48   46   45   47   50   54   59   63   67   69   71   71   72   74   79   87
   98  117  139  158  174  201  225  240  235                                   
    52.5-180.0 180.0   5.0 450.0                            LAT/LON1/LON2/DLON/H
  258  277  297  305  326  341  359  371  383  394  404  413  420  425  426  422
  411  395  373  348  321  292  262  231  200  171  148  131  121  114  110  105
   99   91   84   79   75   74   74   75   76   77   77   76   73   70   65   60
   56   53   52   53   56   60   64   69   73   76   79   81   82   85   91  101
  114  134  158  179  195  223  247  260  258                                   
    50.0-180.0 180.0   5.0 450.0                            LAT/LON1/LON2/DLON/H
  286  308  331  340  364  381  398  407  414  419  422  424  427  429  430  426
  418  404  385  363  338  312  284  254  224  196  173  156  144  137  131  124
  117  109  102   97   94   93   93   93   93   93   92   91   89   85   79   74
   69   65   63   64   66   69   73   77   81   86   89   93   96  100  108  119
  134  157  182  205  222  250  274  284  286                                   
    47.5-180.0 180.0   5.0 450.0                            LAT/LON1/LON2/DLON/H
  316  340  365  376  404  424  441  448  451  449  444  439  435  433  431  426
  419  406  389  369  348  325  300  273  246  220  198  180  166  156  147  138
  129  121  115  112  111  110  110  109  108  107  107  106  104  101   95   90
   84   80   77   77   78   80   83   86   90   95  100  105  110  116  126  139
  156  181  207  232  250  278  303  311  316                                   
    45.0-180.0 180.0   5.0 450.0                            LAT/LON1/LON2/DLON/H
  345  370  396  408  440  462  480  486  487  482  471  459  448  440  433  426
  417  405  390  373  354  334  313  290  266  241  218  198  181  166  152  140
  131  124  121  120  121  122  122  121  120  119  119  119  118  114  110  104
   99   94   92   91   91   92   93   95   99  104  110  116  123  131  141  155
  173  200  227  254  274  303  328  337  345                                   
    42.5-180.0 180.0   5.0 450.0                            LAT/LON1/LON2/DLON/H
  366  392  418  431  464  488  508  515  517  510  498  482  465  451  439  428
  418  406  392  377  361  344  326  305  281  257  232  208  186  166  148  134
  125  120  120  123  127  130  131  129  128  127  127  128  127  124  120  115
  110  106  105  104  103  103  102  103  106  111  118  125  133  141  152  166
  184  210  239  266  289  319  345  357  366                                   
    40.0-180.0 180.0   5.0 450.0                            LAT/LON1/LON2/DLON/H
  378  404  429  442  473  498  518  527  532  529  519  502  483  465  449  435
  423  411  399  386  372  357  338  317  292  265  237  209  183  160  140  127
  119  117  121  127  133  137  138  137  135  134  133  133  132  129  125  120
  116  114  113  113  113  112  110  109  112  117  123  131  138  146  156  170
  187  213  241  268  292  324  351  368  378                                   
    37.5-180.0 180.0   5.0 450.0                            LAT/LON1/LON2/DLON/H
  381  407  430  441  469  491  510  521  530  534  529  517  500  480  462  446
  432  421  411  401  388  372  352  327  298  267  237  207  180  157  139  127
  123  125  131  140  146  150  150  147  144  141  140  138  135  131  126  122
  119  118  119  120  121  120  117  116  117  121  127  134  140  147  156  170
  186  210  237  263  285  319  348  368  381                                   
    35.0-180.0 180.0   5.0 450.0                            LAT/LON1/LON2/DLON/H
  382  406  428  433  458  474  492  504  517  526  529  524  511  494  475  458
  445  435  427  418  406  388  363  333  301  267  236  208  184  166  153  148
  148  154  162  169  173  174  170  164  158  153  149  145  139  133  127  122
  119  120  122  125  127  127  125  123  123  126  131  136  141  147  156  169
  185  207  232  256  277  311  340  361  382                                   
    32.5-180.0 180.0   5.0 450.0                            LAT/LON1/LON2/DLON/H
  387  408  428  428  448  458  474  485  501  515  524  525  518  504  486  469
  456  447  441  433  420  400  372  338  303  270  241  219  204  195  193  196
  203  212  218  221  218  211  200  189  180  171  164  156  147  138  130  125
  122  122  125  129  133  135  133  131  130  131  135  139  143  149  160  174
  190  212  234  256  275  307  338  357  387                                   
    30.0-180.0 180.0   5.0 450.0                            LAT/LON1/LON2/DLON/H
  402  421  438  433  449  454  467  477  493  508  520  525  522  511  494  477
  463  455  449  441  427  405  376  342  309  279  258  246  245  251  264  279
  292  301  302  293  278  258  239  221  207  195  184  172  160  149  139  133
  128  128  130  135  140  142  141  139  137  138  140  144  148  157  170  188
  205  227  248  268  284  317  347  365  402                                   
    27.5-180.0 180.0   5.0 450.0                            LAT/LON1/LON2/DLON/H
  430  446  462  454  469  470  481  488  502  515  527  533  531  520  503  484
  468  457  449  440  426  405  378  349  321  300  290  293  310  337  367  393
  409  412  399  373  340  307  278  254  235  221  207  193  179  167  156  147
  141  138  138  141  146  149  148  146  144  144  146  149  156  168  187  210
  231  255  275  294  309  341  373  388  430                                   
    25.0-180.0 180.0   5.0 450.0                            LAT/LON1/LON2/DLON/H
  471  486  501  495  512  512  522  525  536  544  551  555  551  538  518  495
  474  458  446  434  420  402  381  360  343  334  339  361  399  444  487  516
  527  516  485  441  392  347  309  280  260  245  231  217  203  190  179  169
  160  153  149  149  151  153  153  150  147  146  148  153  163  180  206  236
  262  290  311  332  347  379  413  425  471                                   
    22.5-180.0 180.0   5.0 450.0                            LAT/LON1/LON2/DLON/H
  521  539  554  554  577  580  589  591  597  599  600  597  589  572  547  517
  489  465  446  429  414  400  389  381  378  385  407  445  497  550  593  616
  614  588  542  483  422  367  324  294  276  263  252  240  228  217  207  196
  184  172  163  159  158  158  155  151  147  145  146  152  165  188  221  258
  292  326  350  373  390  424  463  473  521                                   
    20.0-180.0 180.0   5.0 450.0                            LAT/LON1/LON2/DLON/H
  574  598  615  626  656  665  677  678  682  678  672  663  649  627  596  559
  521  488  459  435  417  408  407  414  428  451  486  532  583  629  659  668
  653  615  558  489  420  362  320  296  282  274  267  259  251  244  236  225
  210  194  180  171  166  163  159  152  146  143  143  150  165  192  231  276
  316  356  385  412  432  470  514  524  574                                   
    17.5-180.0 180.0   5.0 450.0                            LAT/LON1/LON2/DLON/H
  622  654  677  696  735  751  767  772  776  770  760  747  730  703  667  623
  577  533  493  459  437  431  440  462  492  526  563  602  637  663  674  667
  639  590  526  454  388  338  306  290  283  280  276  273  269  265  259  249
  233  214  196  183  174  168  162  154  146  141  140  147  164  194  237  287
  333  379  412  443  467  509  558  570  622                                   
    15.0-180.0 180.0   5.0 450.0                            LAT/LON1/LON2/DLON/H
  658  697  728  753  800  822  844  854  862  858  849  836  819  792  754  706
  654  601  551  507  479  473  491  524  563  597  624  642  650  649  636  609
  568  513  451  392  344  312  294  286  283  282  281  279  279  277  274  264
  248  228  208  192  181  173  164  154  145  139  138  145  162  194  241  294
  343  393  430  464  492  538  589  603  658                                   
    12.5-180.0 180.0   5.0 450.0                            LAT/LON1/LON2/DLON/H
  680  725  763  790  842  870  895  909  923  925  922  915  902  880  844  798
  745  688  629  577  542  534  555  592  628  652  658  646  623  592  553  508
  460  413  370  336  313  300  294  290  288  285  282  280  280  279  276  268
  254  235  215  199  186  176  166  156  146  140  138  144  162  195  243  296
  347  399  439  474  505  555  606  623  680                                   
    10.0-180.0 180.0   5.0 450.0                            LAT/LON1/LON2/DLON/H
  690  739  781  808  862  892  918  935  954  963  969  970  965  950  921  881
  833  778  718  660  619  606  623  653  679  684  663  622  569  510  452  403
  363  335  316  308  306  308  309  307  300  292  284  278  275  273  269  262
  249  234  217  203  191  180  170  160  151  144  142  148  165  198  244  296
  346  398  440  476  508  561  611  630  690                                   
     7.5-180.0 180.0   5.0 450.0                            LAT/LON1/LON2/DLON/H
  692  743  787  811  864  892  917  933  954  970  985  996 1000  992  972  941
  902  855  799  742  697  678  684  702  710  693  649  582  506  433  373  331
