data/edconvlstm_nd/pred3350.15i
     1.0            IONOSPHERE MAPS     GNSS                IONEX VERSION / TYPE
pyspatialgeodesy        IME             05-JAN-18 20:20     PGM / RUN BY / DATE 
Map Name                                                    COMMENT             
Predicted global ionosphere maps (GIM).                     DESCRIPTION         
  2015    12     1     0     0     0                        EPOCH OF FIRST MAP  
  2015    12     2     0     0     0                        EPOCH OF LAST MAP   
  7200                                                      INTERVAL            
    13                                                      # OF MAPS IN FILE   
  NONE                                                      MAPPING FUNCTION    
10.0                                                        ELEVATION CUTOFF    
One-way carrier phase leveled to code                       OBSERVABLES USED    
  6371.0                                                    BASE RADIUS         
 2                                                          MAP DIMENSION       
   450.0 450.0   0.0                                        HGT1 / HGT2 / DHGT  
    87.5 -87.5  -2.5                                        LAT1 / LAT2 / DLAT  
  -180.0 180.0   5.0                                        LON1 / LON2 / DLON  
    -1                                                      EXPONENT            
                                                            END OF HEADER       
[from data line 2145]
     6                                                      START OF TEC MAP    
  2015    12     1    10     0     0                        EPOCH OF CURRENT MAP
    87.5-180.0 180.0   5.0 450.0                            LAT/LON1/LON2/DLON/H
   42   55   57   59   60   60   61   56   56   58   57   58   57   57   56   56
   55   54   54   53   52   52   51   50   50   49   49   49   48   48   47   47
   46   46   45   45   44   43   43   42   41   40   40   39   38   37   37   36
   36   35   35   35   36   36   36   37   37   38   39   40   40   41   42   43
   45   46   45   45   52   57   71   70   42                                   
    85.0-180.0 180.0   5.0 450.0                            LAT/LON1/LON2/DLON/H
   45   69   79   66   67   70   70   70   70   71   70   70   69   68   67   66
   65   65   64   63   62   62   61   61   61   60   60   59   59   59   58   58
   58   57   57   56   56   55   54   54   53   52   50   49   48   47   46   45
   45   44   44   44   44   45   46   47   48   49   50   51   52   53   54   56
   58   59   56   55   60   65   78   73   45                                   
    82.5-180.0 180.0   5.0 450.0                            LAT/LON1/LON2/DLON/H
   48   65   81   71   72   74   75   75   75   75   73   73   71   69   67   65
   63   62   61   60   59   58   58   58   57   57   57   57   57   57   58   58
   58   58   58   58   58   58   58   57   56   55   53   51   50   48   46   45
   44   43   42   42   43   43   44   46   47   49   50   52   53   54   56   57
   59   60   58   57   65   70   71   66   48                                   
    80.0-180.0 180.0   5.0 450.0                            LAT/LON1/LON2/DLON/H
   55   65   81   74   76   75   77   77   78   77   74   72   69   66   63   60
   58   56   55   54   53   53   53   54   54   55   55   56   57   58   59   60
   61   62   63   64   65   66   66   66   65   64   62   59   56   53   51   48
   46   44   43   43   43   44   45   47   49   51   53   55   57   58   59   60
   62   62   62   61   64   71   74   69   55                                   
    77.5-180.0 180.0   5.0 450.0                            LAT/LON1/LON2/DLON/H
   63   69   75   70   72   75   77   78   78   76   72   70   65   61   56   53
   50   48   47   46   46   47   48   49   51   52   54   55   57   58   60   61
   63   65   68   70   73   75   77   78   78   76   74   71   67   62   58   54
   50   47   45   45   45   46   48   50   52   55   57   59   61   62   62   63
   63   63   61   60   59   58   63   63   63                                   
    75.0-180.0 180.0   5.0 450.0                            LAT/LON1/LON2/DLON/H
   53   61   65   64   66   71   73   74   74   72   68   64   58   53   48   44
   42   40   39   39   41   42   45   47   50   52   54   56   57   59   60   62
   64   67   71   75   80   85   88   91   92   92   90   86   81   75   69   63
   58   54   51   49   49   50   51   54   57   59   62   64   65   66   65   65
   63   62   60   55   56   52   55   51   53                                   
    72.5-180.0 180.0   5.0 450.0                            LAT/LON1/LON2/DLON/H
   52   58   60   59   63   70   73   74   73   71   66   61   55   50   44   40
   37   36   35   36   39   42   45   49   53   56   58   59   60   61   62   63
   66   70   75   82   89   96  102  107  110  111  109  105   99   92   85   77
   70   65   60   57   56   56   57   59   62   64   67   68   69   69   68   67
   65   63   61   56   55   50   50   49   52                                   
    70.0-180.0 180.0   5.0 450.0                            LAT/LON1/LON2/DLON/H
   52   56   60   59   62   67   70   71   71   69   64   60   53   48   43   39
   36   35   36   38   41   46   50   55   59   62   64   64   63   63   62   63
   66   70   77   85   95  105  114  121  126  128  128  124  118  111  102   94
   86   78   73   68   65   64   64   65   67   68   70   71   72   71   70   69
   67   64   62   57   55   50   52   51   52                                   
    67.5-180.0 180.0   5.0 450.0                            LAT/LON1/LON2/DLON/H
   51   55   58   57   60   65   68   69   70   68   63   60   54   49   45   41
   39   39   40   43   47   52   57   62   66   67   68   66   64   62   61   61
   64   69   77   87   98  110  121  131  138  142  142  140  135  127  119  110
  101   93   85   79   74   71   69   69   69   69   70   70   70   69   68   67
   65   62   62   57   55   50   51   48   51                                   
    65.0-180.0 180.0   5.0 450.0                            LAT/LON1/LON2/DLON/H
   52   56   57   56   59   63   66   67   68   67   64   61   57   53   50   48
   46   47   48   52   56   61   66   70   72   72   71   68   65   62   60   60
   63   69   78   89  102  116  128  140  148  154  156  155  151  145  138  129
  120  111  103   95   88   82   78   75   73   71   71   70   69   68   66   65
   64   62   62   58   58   55   55   53   52                                   
    62.5-180.0 180.0   5.0 450.0                            LAT/LON1/LON2/DLON/H
   51   56   56   55   57   61   62   64   65   64   62   61   59   57   56   55
   54   55   56   59   63   66   70   72   72   71   69   65   62   59   58   59
   63   70   80   91  105  119  133  145  154  161  165  165  163  159  154  147
  139  130  120  110  101   93   86   80   76   73   71   69   67   65   62   61
   60   58   59   56   58   56   58   56   51                                   
    60.0-180.0 180.0   5.0 450.0                            LAT/LON1/LON2/DLON/H
   50   54   54   52   52   56   57   57   58   58   58   58   57   58   58   59
   59   59   60   61   63   65   66   67   66   64   61   58   55   54   55   59
   64   72   82   94  107  121  134  146  156  164  168  171  171  170  167  162
  155  147  137  125  114  104   94   86   80   75   72   68   65   62   59   56
   54   53   55   53   56   55   58   56   50                                   
    57.5-180.0 180.0   5.0 450.0                            LAT/LON1/LON2/DLON/H
   48   51   51   49   49   52   52   52   53   53   52   54   55   57   59   60
   61   61   60   60   60   60   59   59   57   55   52   51   50   52   55   61
   69   78   88  100  113  126  138  149  159  166  172  176  179  181  181  178
  173  165  155  143  130  118  106   97   89   83   79   74   70   65   61   57
   54   51   53   51   55   55   58   57   48                                   
    55.0-180.0 180.0   5.0 450.0                            LAT/LON1/LON2/DLON/H
   46   49   49   47   46   48   48   48   48   47   47   49   51   54   57   59
   60   59   57   55   53   51   50   49   47   45   44   44   46   50   57   65
   75   86   98  109  121  133  144  153  162  169  175  181  187  191  194  193
  190  182  172  159  145  132  120  110  102   95   90   85   80   74   68   63
   58   54   54   52   55   55   57   57   46                                   
    52.5-180.0 180.0   5.0 450.0                            LAT/LON1/LON2/DLON/H
   47   48   47   46   45   47   47   46   45   44   44   45   47   50   54   56
   57   55   52   49   46   43   41   40   39   38   38   40   45   51   61   71
   84   96  108  120  131  141  151  160  167  174  181  188  195  202  206  207
  204  196  185  172  158  145  133  123  115  109  104   99   94   88   81   74
   67   61   59   55   58   56   58   58   47                                   
    50.0-180.0 180.0   5.0 450.0                            LAT/LON1/LON2/DLON/H
   49   50   48   47   46   49   48   47   45   44   43   44   45   48   52   54
   54   52   48   44   40   37   35   34   34   35   37   40   46   55   66   78
   92  106  119  131  141  151  160  168  175  182  189  196  204  211  216  217
  213  205  194  181  168  155  144  135  127  122  117  113  109  103   96   88
   80   71   68   62   62   60   61   61   49                                   
    47.5-180.0 180.0   5.0 450.0                            LAT/LON1/LON2/DLON/H
   54   54   52   51   50   53   53   51   49   47   45   45   46   49   52   54
   54   52   47   42   38   35   33   33   34   36   40   45   52   60   71   84
   98  113  127  139  150  161  170  178  185  192  198  206  213  220  224  224
  219  210  199  187  174  163  152  143  136  131  126  123  119  114  108  101
   92   83   77   70   69   66   66   66   54                                   
    45.0-180.0 180.0   5.0 450.0                            LAT/LON1/LON2/DLON/H
   60   60   57   58   56   60   59   58   56   54   51   51   52   54   56   58
   58   55   51   45   41   38   36   37   39   43   48   53   60   67   77   89
  102  117  131  145  157  169  179  188  196  202  208  214  220  226  228  226
  221  212  201  190  179  168  158  149  141  135  129  125  122  118  114  108
  100   92   85   78   75   72   72   72   60                                   
    42.5-180.0 180.0   5.0 450.0                            LAT/LON1/LON2/DLON/H
   65   66   63   64   62   67   66   66   65   63   61   61   61   62   64   66
   66   64   60   55   50   47   45   46   49   53   59   64   69   75   83   92
  104  118  133  148  162  175  187  197  205  211  216  221  226  229  230  227
  221  213  204  194  185  175  165  155  145  136  129  123  118  115  112  108
  103   95   89   81   79   76   76   76   65                                   
    40.0-180.0 180.0   5.0 450.0                            LAT/LON1/LON2/DLON/H
   67   69   67   69   67   72   72   73   73   74   73   73   73   74   76   77
   77   76   73   68   64   60   58   58   61   65   71   76   80   83   88   96
  106  119  134  150  165  180  194  205  214  219  223  226  229  231  231  229
  224  218  211  205  197  188  177  165  152  139  127  118  110  106  104  102
   98   93   88   80   78   76   76   77   67                                   
    37.5-180.0 180.0   5.0 450.0                            LAT/LON1/LON2/DLON/H
   66   68   66   69   68   72   74   77   79   82   83   84   85   86   87   89
   90   89   88   84   79   75   71   70   71   76   81   86   90   93   96  101
  110  122  137  153  169  185  200  212  221  226  229  231  233  235  236  235
  233  230  228  225  220  212  200  185  168  150  133  117  105   97   94   93
   91   87   83   76   74   71   71   73   66                                   
    35.0-180.0 180.0   5.0 450.0                            LAT/LON1/LON2/DLON/H
   62   64   62   65   64   68   70   75   81   85   89   92   94   95   97   99
  100  101  101   98   93   88   82   79   79   82   88   95  100  103  107  111
  119  131  145  160  176  192  207  219  227  232  235  237  240  243  246  249
  251  254  257  258  256  249  236  219  199  175  151  127  108   95   89   88
   86   82   79   72   69   65   64   67   62                                   
    32.5-180.0 180.0   5.0 450.0                            LAT/LON1/LON2/DLON/H
   58   59   56   58   58   61   64   69   76   83   89   95   99  101  103  105
  107  110  110  109  104   97   89   83   81   85   93  102  110  115  120  126
  134  145  158  173  187  202  216  228  236  241  245  248  253  259  266  273
  281  290  298  304  304  298  286  268  245  218  187  155  128  108   97   92
   89   85   81   73   68   61   59   61   58                                   
    30.0-180.0 180.0   5.0 450.0                            LAT/LON1/LON2/DLON/H
   55   54   50   52   51   53   56   61   68   76   84   92   97  101  103  106
  109  113  115  114  109  101   91   83   81   85   95  107  118  128  135  143
  153  164  177  190  203  216  229  240  249  255  259  265  274  284  296  308
  321  335  348  357  360  356  345  328  305  275  239  201  166  139  121  113
  106  100   94   83   76   64   60   61   55                                   
    27.5-180.0 180.0   5.0 450.0                            LAT/LON1/LON2/DLON/H
   57   54   48   48   47   48   50   54   60   67   75   84   91   96   99  103
  107  111  114  114  109   99   89   81   79   84   96  111  126  139  150  162
  174  186  199  212  224  236  247  258  266  274  281  290  302  317  333  350
  367  385  401  412  418  415  406  391  369  339  302  260  220  187  164  150
  140  130  121  105   94   78   72   68   57                                   
    25.0-180.0 180.0   5.0 450.0                            LAT/LON1/LON2/DLON/H
   66   60   51   50   48   49   49   50   53   58   65   74   81   87   91   95
  100  105  109  109  104   95   86   79   78   84   96  113  131  148  164  180
  195  210  223  236  247  258  269  280  289  298  308  321  337  356  376  396
  415  434  451  463  469  468  461  448  429  402  365  322  280  244  218  201
  186  173  160  141  126  104   95   86   66                                   
    22.5-180.0 180.0   5.0 450.0                            LAT/LON1/LON2/DLON/H
   86   76   64   58   55   55   53   51   52   54   59   65   72   78   82   87
   92   97  101  101   97   90   82   77   78   84   97  115  135  156  176  196
  214  231  246  260  272  283  294  304  315  326  339  355  375  397  419  440
  460  478  493  504  508  507  502  492  476  452  418  378  338  302  276  257
  240  224  207  185  167  141  128  115   86                                   
    20.0-180.0 180.0   5.0 450.0                            LAT/LON1/LON2/DLON/H
  114  101   85   76   71   68   64   59   56   56   57   61   66   71   75   80
   85   90   93   93   91   86   81   79   80   87   99  117  139  162  186  208
  229  248  265  281  294  307  318  329  341  354  370  389  411  435  458  478
  496  511  522  528  530  529  524  516  503  483  454  419  384  352  328  308
  290  274  255  232  213  184  167  152  114                                   
    17.5-180.0 180.0   5.0 450.0                            LAT/LON1/LON2/DLON/H
  146  132  114  101   92   86   80   72   66   63   62   63   66   69   72   75
   80   84   87   88   87   84   82   82   84   91  103  121  142  167  193  217
  240  261  280  297  313  327  340  352  365  380  398  419  442  466  487  505
  519  529  535  536  534  530  526  519  509  492  469  442  414  388  366  348
  330  314  294  273  253  224  207  192  146                                   
    15.0-180.0 180.0   5.0 450.0                            LAT/LON1/LON2/DLON/H
  176  163  146  129  117  107   99   89   80   75   71   70   71   71   73   75
   78   81   84   85   85   85   85   86   90   98  109  126  147  172  199  224
  248  269  290  309  327  343  357  370  384  401  420  441  463  485  504  519
  528  532  531  527  521  515  510  504  495  482  465  446  426  406  388  370
  352  336  317  298  279  254  238  226  176                                   
    12.5-180.0 180.0   5.0 450.0                            LAT/LON1/LON2/DLON/H
  198  187  172  154  139  127  118  106   96   88   83   80   79   78   77   78
   80   82   84   85   85   86   88   91   97  104  116  132  154  179  205  231
  254  276  298  318  338  355  370  384  398  415  434  454  474  493  508  518
  523  523  517  508  499  492  485  479  471  460  448  435  421  407  390  373
  354  338  320  304  288  268  255  245  198                                   
    10.0-180.0 180.0   5.0 450.0                            LAT/LON1/LON2/DLON/H
  207  200  188  170  156  142  133  121  110  102   95   91   88   85   83   83
   84   85   86   87   87   89   91   96  102  111  124  141  163  189  215  239
  262  283  305  326  346  363  378  393  407  424  441  459  476  490  501  508
  511  507  499  489  478  470  462  454  445  435  426  417  408  396  380  361
  341  323  307  293  280  264  255  248  207                                   
     7.5-180.0 180.0   5.0 450.0                            LAT/LON1/LON2/DLON/H
  206  201  193  174  163  150  142  131  120  112  106  101   96   92   88   87
   88   89   90   90   90   92   95  100  107  118  134  153  176  201  226  249
