data/edconvlstm_nd/pred1220.15i
     1.0            IONOSPHERE MAPS     GNSS                IONEX VERSION / TYPE
pyspatialgeodesy        IME             05-JAN-18 20:20     PGM / RUN BY / DATE 
Map Name                                                    COMMENT             
Predicted global ionosphere maps (GIM).                     DESCRIPTION         
  2015     5     2     0     0     0                        EPOCH OF FIRST MAP  
  2015     5     3     0     0     0                        EPOCH OF LAST MAP   
  7200                                                      INTERVAL            
    13                                                      # OF MAPS IN FILE   
  NONE                                                      MAPPING FUNCTION    
10.0                                                        ELEVATION CUTOFF    
One-way carrier phase leveled to code                       OBSERVABLES USED    
  6371.0                                                    BASE RADIUS         
 2                                                          MAP DIMENSION       
   450.0 450.0   0.0                                        HGT1 / HGT2 / DHGT  
    87.5 -87.5  -2.5                                        LAT1 / LAT2 / DLAT  
  -180.0 180.0   5.0                                        LON1 / LON2 / DLON  
    -1                                                      EXPONENT            
                                                            END OF HEADER       
[from data line 2145]
     6                                                      START OF TEC MAP    
  2015     5     2    10     0     0                        EPOCH OF CURRENT MAP
    87.5-180.0 180.0   5.0 450.0                            LAT/LON1/LON2/DLON/H
  149  145  140  146  150  151  151  151  155  158  160  162  164  165  167  168
  169  170  171  171  172  172  172  172  172  172  172  172  171  171  170  170
  170  169  168  168  167  166  165  164  163  162  161  159  158  156  155  153
  152  150  148  147  145  144  143  141  140  139  138  137  136  135  134  133
  133  134  132  132  136  135  142  146  149                                   
    85.0-180.0 180.0   5.0 450.0                            LAT/LON1/LON2/DLON/H
  134  134  141  142  145  150  152  155  159  162  164  167  169  171  173  174
  176  177  178  178  179  180  180  180  180  181  181  181  181  181  181  180
  180  180  180  179  178  178  177  175  174  172  171  169  166  164  162  160
  158  155  153  151  149  147  145  143  142  140  138  137  135  134  133  132
  132  133  129  128  127  128  133  139  134                                   
    82.5-180.0 180.0   5.0 450.0                            LAT/LON1/LON2/DLON/H
  119  129  131  130  134  140  143  148  152  156  159  163  166  168  170  172
  174  175  176  177  178  179  179  180  180  181  181  182  182  183  184  184
  185  186  186  186  186  186  185  184  182  180  177  175  172  169  166  163
  160  157  154  151  149  146  144  141  139  137  134  132  130  128  125  124
  122  121  117  118  118  121  121  116  119                                   
    80.0-180.0 180.0   5.0 450.0                            LAT/LON1/LON2/DLON/H
  118  123  125  127  131  135  139  145  150  154  157  161  164  166  168  170
  171  172  173  174  174  175  175  175  175  175  176  177  178  179  181  183
  185  187  189  191  192  193  193  193  192  190  188  186  183  180  178  175
  173  170  168  166  163  161  159  157  154  152  149  146  143  140  137  134
  131  128  122  121  118  119  124  114  118                                   
    77.5-180.0 180.0   5.0 450.0                            LAT/LON1/LON2/DLON/H
  125  125  126  128  130  133  136  140  145  148  151  154  156  158  160  161
  163  164  165  165  166  166  166  166  166  166  167  168  170  173  177  181
  185  190  194  198  202  204  206  207  207  206  205  203  201  199  198  196
  195  193  192  191  189  188  186  184  182  180  177  174  171  167  163  159
  153  148  139  137  134  128  129  124  125                                   
    75.0-180.0 180.0   5.0 450.0                            LAT/LON1/LON2/DLON/H
  129  131  127  128  129  132  133  135  139  141  142  143  144  146  147  148
  150  151  152  154  154  155  155  155  154  155  156  157  160  164  169  175
  181  188  195  201  207  211  215  217  218  218  218  218  217  216  216  216
  216  216  216  216  216  216  215  214  212  211  208  206  203  198  194  189
  182  175  165  156  150  144  144  133  129                                   
    72.5-180.0 180.0   5.0 450.0                            LAT/LON1/LON2/DLON/H
  136  136  131  130  128  129  130  130  131  130  130  129  129  130  130  132
  134  136  139  141  143  145  145  146  146  146  147  149  152  157  163  171
  179  188  196  205  212  218  222  226  228  229  230  230  231  231  232  233
  235  236  237  238  238  238  237  237  236  234  233  231  229  225  221  216
  209  201  191  180  169  161  158  150  136                                   
    70.0-180.0 180.0   5.0 450.0                            LAT/LON1/LON2/DLON/H
  143  140  135  131  126  124  123  120  119  117  115  113  112  111  112  114
  116  120  125  129  133  136  138  139  139  140  141  143  147  152  159  167
  177  187  197  206  215  221  227  230  233  235  236  237  238  240  242  244
  246  247  248  248  248  247  246  245  243  242  242  241  239  237  234  230
  224  217  207  196  184  176  174  167  143                                   
    67.5-180.0 180.0   5.0 450.0                            LAT/LON1/LON2/DLON/H
  147  143  137  132  125  120  117  113  110  107  103  101   98   97   98   99
  103  108  114  121  127  131  135  137  139  140  141  144  148  153  160  169
  178  189  199  208  217  224  229  233  236  238  240  241  243  245  247  249
  250  251  251  250  247  245  242  240  238  237  236  236  236  236  234  232
  228  223  214  203  192  185  181  176  147                                   
    65.0-180.0 180.0   5.0 450.0                            LAT/LON1/LON2/DLON/H
  151  145  137  131  122  115  110  105  101   97   93   90   87   86   86   88
   92   98  105  113  121  127  133  136  139  141  144  147  151  157  164  173
  182  192  203  212  220  227  233  237  240  242  244  245  247  248  250  251
  251  250  247  244  239  234  230  226  223  222  221  222  223  223  224  223
  222  218  212  204  196  191  187  183  151                                   
    62.5-180.0 180.0   5.0 450.0                            LAT/LON1/LON2/DLON/H
  154  147  138  130  118  110  103   97   92   88   84   82   79   78   78   80
   84   90   98  106  115  123  129  134  138  141  145  149  154  160  168  176
  186  196  205  215  223  230  235  240  243  245  247  249  250  251  252  251
  250  246  242  236  229  222  216  211  207  205  205  206  207  209  210  211
  210  209  205  200  195  191  188  185  154                                   
    60.0-180.0 180.0   5.0 450.0                            LAT/LON1/LON2/DLON/H
  158  150  139  129  116  105   97   89   84   80   77   76   74   73   73   74
   77   83   90   99  107  115  122  127  133  138  143  148  155  162  169  178
  188  197  207  217  225  232  238  243  247  251  253  255  256  256  256  254
  251  246  239  232  223  215  208  203  199  197  197  198  199  200  201  202
  202  202  200  196  193  191  189  184  158                                   
    57.5-180.0 180.0   5.0 450.0                            LAT/LON1/LON2/DLON/H
  165  156  144  132  118  105   94   85   79   75   73   72   71   70   70   71
   73   78   84   91   98  105  112  118  125  131  138  145  152  160  168  178
  188  198  209  219  229  237  244  250  255  259  262  264  266  266  265  262
  258  252  245  236  228  220  213  208  205  203  203  204  205  205  205  205
  204  203  201  198  196  193  191  184  165                                   
    55.0-180.0 180.0   5.0 450.0                            LAT/LON1/LON2/DLON/H
  176  166  154  139  125  109   96   84   77   72   70   70   70   69   69   69
   71   75   80   85   91   97  102  109  116  123  131  139  147  155  165  175
  186  198  210  222  233  243  252  259  266  271  275  277  279  279  278  275
  271  265  258  250  243  237  231  227  224  224  224  224  224  223  221  220
  216  214  210  206  203  200  197  189  176                                   
    52.5-180.0 180.0   5.0 450.0                            LAT/LON1/LON2/DLON/H
  189  178  167  152  137  120  105   91   81   74   71   71   70   69   69   69
   71   75   79   83   87   91   96  102  110  118  126  134  142  151  160  171
  184  198  213  227  240  252  262  271  279  285  290  293  295  296  295  292
  289  283  278  272  266  262  258  255  253  253  253  254  253  251  247  243
  237  231  225  219  214  210  206  196  189                                   
    50.0-180.0 180.0   5.0 450.0                            LAT/LON1/LON2/DLON/H
  202  191  182  168  154  137  121  104   91   82   77   75   73   72   71   72
   74   78   82   85   88   91   95  102  110  118  126  134  140  148  157  168
  183  199  216  233  249  263  276  286  295  302  307  311  313  314  314  312
  309  305  301  297  293  290  287  285  284  283  283  283  282  279  274  268
  259  251  241  232  224  219  214  205  202                                   
    47.5-180.0 180.0   5.0 450.0                            LAT/LON1/LON2/DLON/H
  210  200  195  184  171  156  140  122  108   96   89   84   80   77   76   77
   80   84   88   92   94   96  101  107  116  125  132  138  142  148  156  168
  184  202  222  242  260  276  291  303  313  321  326  330  333  333  333  332
  329  326  323  320  317  315  312  309  307  305  304  303  301  298  293  286
  275  265  252  239  229  223  217  210  210                                   
    45.0-180.0 180.0   5.0 450.0                            LAT/LON1/LON2/DLON/H
  209  203  201  195  186  174  160  143  127  114  104   97   91   86   84   85
   88   93   98  101  104  106  111  119  128  137  143  147  149  152  159  170
  187  207  229  251  272  291  307  322  333  342  348  351  353  354  353  351
  348  345  342  339  336  332  327  322  316  312  308  306  305  302  298  291
  280  268  253  237  224  218  213  207  209                                   
    42.5-180.0 180.0   5.0 450.0                            LAT/LON1/LON2/DLON/H
  199  196  198  197  193  186  176  161  147  133  122  113  105   99   96   96
   99  104  109  112  115  118  124  132  143  152  157  158  158  159  164  175
  192  213  236  260  283  304  324  341  355  365  371  375  376  376  374  372
  369  365  361  356  351  345  337  327  317  309  303  299  297  295  291  285
  275  262  245  227  212  204  200  196  199                                   
    40.0-180.0 180.0   5.0 450.0                            LAT/LON1/LON2/DLON/H
  182  182  186  188  190  188  184  174  162  151  141  131  123  115  110  109
  111  115  119  122  124  128  135  145  156  165  170  170  167  167  171  182
  199  220  243  268  293  318  341  361  377  389  397  401  403  402  400  397
  393  389  384  378  371  361  349  335  321  309  300  294  290  287  284  278
  268  253  234  214  197  185  183  179  182                                   
    37.5-180.0 180.0   5.0 450.0                            LAT/LON1/LON2/DLON/H
  164  165  169  171  177  179  181  177  171  164  156  149  140  132  127  124
  124  126  128  129  131  134  142  153  165  175  179  179  176  175  179  189
  206  226  250  276  303  331  357  382  401  416  426  432  434  434  433  431
  427  423  417  411  402  389  374  357  340  326  315  306  300  295  290  282
  271  254  232  208  188  171  169  163  164                                   
    35.0-180.0 180.0   5.0 450.0                            LAT/LON1/LON2/DLON/H
  152  152  152  153  159  163  169  171  171  169  167  162  156  149  142  138
  136  135  134  134  134  137  145  157  169  179  184  184  182  182  187  198
  214  234  257  284  314  345  375  403  426  445  458  466  471  473  474  474
  472  470  465  459  450  437  421  403  385  369  357  346  337  328  319  309
  295  275  249  220  195  171  166  155  152                                   
    32.5-180.0 180.0   5.0 450.0                            LAT/LON1/LON2/DLON/H
  152  148  141  138  142  145  153  158  163  167  170  170  167  162  156  151
  146  143  139  137  136  138  146  157  169  179  185  187  187  190  197  208
  224  244  267  295  327  360  394  424  451  473  489  502  511  518  523  527
  530  531  530  526  518  507  492  475  458  444  431  419  406  393  380  365
  346  322  292  256  225  192  181  165  152                                   
    30.0-180.0 180.0   5.0 450.0                            LAT/LON1/LON2/DLON/H
  169  157  143  135  134  134  141  146  154  161  167  171  171  169  164  159
  154  148  143  139  138  139  146  155  167  177  184  188  192  199  209  222
  239  258  282  310  343  378  412  445  474  498  519  536  551  565  577  587
  596  603  607  608  604  597  586  572  559  547  536  523  508  489  470  449
  424  395  359  315  277  235  215  194  169                                   
    27.5-180.0 180.0   5.0 450.0                            LAT/LON1/LON2/DLON/H
  202  184  161  148  141  136  138  142  148  155  162  167  170  170  168  163
  158  152  147  143  142  143  147  155  165  174  183  190  198  209  223  239
  257  277  301  329  361  396  430  462  492  519  543  566  587  608  629  648
  665  679  689  696  698  696  691  684  676  669  659  646  627  603  576  547
  516  482  440  389  343  294  265  240  202                                   
    25.0-180.0 180.0   5.0 450.0                            LAT/LON1/LON2/DLON/H
  251  227  197  179  165  154  150  149  151  155  159  164  166  167  166  164
  159  155  151  149  147  148  151  156  164  173  183  193  206  221  239  258
  277  298  321  350  381  414  446  476  505  532  559  587  615  643  672  699
  724  744  760  772  779  782  783  782  781  778  771  757  734  705  671  635
  598  561  516  461  410  357  324  297  251                                   
    22.5-180.0 180.0   5.0 450.0                            LAT/LON1/LON2/DLON/H
  307  281  247  226  204  188  177  169  165  163  163  163  164  164  164  162
  159  156  155  154  154  154  155  159  164  173  184  197  213  233  253  275
  296  317  342  370  400  430  459  487  513  540  568  598  630  665  699  731
  760  783  801  814  823  829  834  838  841  842  836  823  799  766  728  687
  647  611  568  515  461  412  381  355  307                                   
    20.0-180.0 180.0   5.0 450.0                            LAT/LON1/LON2/DLON/H
  361  337  304  280  251  232  214  201  189  181  174  170  166  164  163  160
  158  157  158  159  160  159  159  160  165  173  185  201  220  242  265  288
  311  334  360  388  417  445  471  495  519  544  571  601  634  670  705  737
  764  785  800  811  820  827  833  839  844  846  843  830  806  773  734  691
  651  617  582  534  487  446  425  401  361                                   
    17.5-180.0 180.0   5.0 450.0                            LAT/LON1/LON2/DLON/H
  399  381  354  332  298  278  256  238  221  206  194  184  176  170  166  162
  159  158  159  160  161  160  159  160  164  173  187  205  226  250  274  299
  323  349  376  404  432  458  481  503  525  548  572  599  630  661  692  718
  738  752  761  770  777  785  792  798  803  806  803  791  768  735  696  652
  613  582  555  518  484  455  445  428  399                                   
    15.0-180.0 180.0   5.0 450.0                            LAT/LON1/LON2/DLON/H
  415  405  389  369  336  315  293  274  254  236  219  205  193  183  175  168
  162  159  158  158  158  156  154  155  161  172  188  208  231  257  283  308
  335  362  389  417  444  468  491  512  532  553  574  596  620  644  665  681
  691  696  700  705  713  722  731  738  743  744  741  729  706  672  632  588
  549  521  501  477  458  442  443  434  415                                   
    12.5-180.0 180.0   5.0 450.0                            LAT/LON1/LON2/DLON/H
  415  413  406  388  358  339  319  301  282  264  246  230  215  202  190  179
  169  161  156  153  150  147  145  148  157  171  190  213  238  265  292  319
  346  374  401  428  452  475  497  519  540  559  576  593  609  623  634  639
  639  637  637  642  651  664  675  683  688  687  682  668  644  609  567  521
  481  453  438  425  420  417  425  424  415                                   
    10.0-180.0 180.0   5.0 450.0                            LAT/LON1/LON2/DLON/H
  406  412  409  390  365  347  330  315  300  285  270  255  240  225  209  193
  178  165  155  147  140  135  134  139  151  170  193  219  247  275  303  331
  358  385  410  434  456  478  500  524  546  565  579  590  599  606  608  605
  598  593  592  599  612  628  642  652  655  653  645  629  603  566  520  471
  427  397  382  377  382  387  402  404  406                                   
     7.5-180.0 180.0   5.0 450.0                            LAT/LON1/LON2/DLON/H
  394  407  402  380  359  341  327  316  306  297  286  275  261  246  228  208
  188  170  154  140  129  122  122  130  146  169  197  226  256  286  314  342
