data/edconvlstm_nd/pred0850.15i
     1.0            IONOSPHERE MAPS     GNSS                IONEX VERSION / TYPE
pyspatialgeodesy        IME             05-JAN-18 20:20     PGM / RUN BY / DATE 
Map Name                                                    COMMENT             
Predicted global ionosphere maps (GIM).                     DESCRIPTION         
  2015     3    26     0     0     0                        EPOCH OF FIRST MAP  
  2015     3    27     0     0     0                        EPOCH OF LAST MAP   
  7200                                                      INTERVAL            
    13                                                      # OF MAPS IN FILE   
  NONE                                                      MAPPING FUNCTION    
10.0                                                        ELEVATION CUTOFF    
One-way carrier phase leveled to code                       OBSERVABLES USED    
  6371.0                                                    BASE RADIUS         
 2                                                          MAP DIMENSION       
   450.0 450.0   0.0                                        HGT1 / HGT2 / DHGT  
    87.5 -87.5  -2.5                                        LAT1 / LAT2 / DLAT  
  -180.0 180.0   5.0                                        LON1 / LON2 / DLON  
    -1                                                      EXPONENT            
                                                            END OF HEADER       
[from data line 4719]
    12                                                      START OF TEC MAP    
  2015     3    26    22     0     0                        EPOCH OF CURRENT MAP
    87.5-180.0 180.0   5.0 450.0                            LAT/LON1/LON2/DLON/H
  194  181  165  173  175  174  173  173  172  174  174  175  176  177  178  178
  178  178  177  176  175  174  172  171  169  167  165  162  160  158  155  153
  151  149  147  145  143  142  141  140  140  140  140  141  142  143  144  146
  148  150  152  154  157  159  161  163  164  166  168  169  170  171  171  171
  171  172  171  171  180  179  179  184  194                                   
    85.0-180.0 180.0   5.0 450.0                            LAT/LON1/LON2/DLON/H
  188  181  186  180  177  181  181  183  183  186  186  188  189  190  191  191
  191  191  190  188  187  185  182  179  177  174  171  167  164  161  157  154
  151  148  145  143  141  139  138  138  138  138  139  141  143  145  148  151
  154  157  160  164  167  170  173  175  178  180  182  183  184  185  186  186
  186  186  185  182  184  176  173  181  188                                   
    82.5-180.0 180.0   5.0 450.0                            LAT/LON1/LON2/DLON/H
  171  169  170  171  173  177  182  184  184  188  191  195  197  200  202  203
  203  203  201  199  197  193  190  186  181  177  172  167  162  156  151  146
  141  136  132  128  125  122  120  119  119  119  120  123  125  129  133  137
  142  147  152  157  161  166  170  174  177  180  183  185  186  187  187  186
  186  184  182  185  182  184  170  173  171                                   
    80.0-180.0 180.0   5.0 450.0                            LAT/LON1/LON2/DLON/H
  165  163  167  167  168  169  177  184  189  195  200  206  211  215  218  220
  221  220  217  214  210  206  201  195  190  184  178  172  166  159  153  146
  139  133  127  121  116  112  109  107  106  106  108  111  115  119  125  131
  137  143  149  155  161  166  171  176  180  183  186  189  190  191  191  191
  190  188  186  185  176  166  155  168  165                                   
    77.5-180.0 180.0   5.0 450.0                            LAT/LON1/LON2/DLON/H
  168  154  163  162  167  170  179  186  194  202  211  220  227  234  238  241
  241  239  236  231  226  220  214  208  202  196  189  183  176  169  162  154
  147  139  132  125  118  112  108  105  103  102  103  106  109  114  120  126
  132  138  144  150  156  161  166  170  174  177  180  182  184  184  185  184
  182  181  180  181  175  161  156  173  168                                   
    75.0-180.0 180.0   5.0 450.0                            LAT/LON1/LON2/DLON/H
  168  158  162  160  164  169  176  185  196  208  218  229  239  246  251  253
  252  249  243  237  230  223  216  210  204  199  193  188  182  175  168  161
  154  146  138  131  123  117  111  107  104  103  104  106  109  114  119  124
  129  134  139  143  147  151  154  157  159  162  164  166  168  169  171  171
  170  171  172  171  166  154  150  157  168                                   
    72.5-180.0 180.0   5.0 450.0                            LAT/LON1/LON2/DLON/H
  171  162  167  169  169  174  182  191  201  214  226  240  251  260  265  267
  265  259  252  243  234  225  218  212  206  201  195  190  184  178  172  165
  158  151  143  136  129  122  116  111  108  106  106  107  110  113  117  121
  125  128  130  132  133  134  135  137  138  140  142  144  146  148  150  152
  152  154  157  160  159  153  154  165  171                                   
    70.0-180.0 180.0   5.0 450.0                            LAT/LON1/LON2/DLON/H
  181  175  178  177  176  178  183  192  202  216  229  244  256  265  270  270
  266  258  248  237  227  218  210  204  198  193  188  183  178  172  166  159
  153  147  140  133  127  121  115  111  107  106  106  107  108  111  113  116
  117  118  117  117  115  114  113  113  113  115  117  120  123  126  130  133
  135  139  145  151  156  155  162  169  181                                   
    67.5-180.0 180.0   5.0 450.0                            LAT/LON1/LON2/DLON/H
  194  192  195  195  193  193  196  202  211  224  238  253  266  276  281  281
  276  267  256  244  232  222  214  207  201  195  189  182  175  168  161  155
  148  143  137  131  126  120  116  112  109  108  108  108  110  111  112  113
  112  110  108  105  102   99   97   96   96   98  101  105  110  114  120  124
  128  133  140  147  155  162  171  180  194                                   
    65.0-180.0 180.0   5.0 450.0                            LAT/LON1/LON2/DLON/H
  203  204  208  207  203  200  200  204  211  223  237  252  266  276  282  283
  278  269  258  246  234  224  216  208  201  193  184  175  166  157  149  142
  136  130  125  120  116  112  108  106  104  103  103  103  104  104  103  102
  100   96   92   88   84   81   78   77   78   81   85   91   98  104  111  117
  122  129  137  144  156  168  180  189  203                                   
    62.5-180.0 180.0   5.0 450.0                            LAT/LON1/LON2/DLON/H
  209  214  218  217  214  209  207  208  213  223  236  251  265  277  285  288
  285  278  269  258  247  238  229  220  211  200  188  175  163  152  142  134
  127  121  116  112  108  105  102  100   99   98   98   98   98   96   94   92
   88   83   79   75   71   68   66   67   69   73   79   87   95  104  112  120
  125  132  140  146  156  171  183  192  209                                   
    60.0-180.0 180.0   5.0 450.0                            LAT/LON1/LON2/DLON/H
  212  218  224  223  219  213  210  209  212  220  231  245  260  273  284  290
  291  288  281  273  264  255  246  237  225  212  197  182  167  154  142  133
  125  118  113  108  104  101   99   97   96   96   95   94   93   90   86   82
   77   73   68   65   62   61   61   62   65   71   78   88   99  110  120  128
  134  140  147  151  158  173  185  194  212                                   
    57.5-180.0 180.0   5.0 450.0                            LAT/LON1/LON2/DLON/H
  214  221  228  226  225  217  214  211  212  217  226  239  253  268  281  292
  297  298  295  290  283  275  267  257  245  230  214  197  181  167  154  143
  134  125  118  112  107  104  101  100   99   98   97   95   92   87   82   77
   71   67   63   61   61   61   63   65   69   76   85   96  109  121  133  143
  149  155  160  161  164  175  185  195  214                                   
    55.0-180.0 180.0   5.0 450.0                            LAT/LON1/LON2/DLON/H
  220  227  236  234  233  226  223  218  218  219  225  235  248  263  279  292
  302  307  307  304  299  293  286  277  266  252  236  220  204  189  176  164
  152  141  132  124  118  113  110  109  108  106  104  101   96   90   83   77
   71   67   65   65   67   69   72   75   80   86   96  108  122  136  150  161
  168  174  178  177  176  183  190  200  220                                   
    52.5-180.0 180.0   5.0 450.0                            LAT/LON1/LON2/DLON/H
  232  239  250  247  248  242  239  233  230  227  229  235  245  260  276  291
  303  311  313  312  309  305  300  293  284  272  259  245  231  218  204  191
  176  163  150  140  132  127  124  122  120  119  116  111  105   98   90   83
   78   75   74   75   78   82   86   90   94   99  108  120  134  150  165  178
  186  194  199  198  195  198  203  212  232                                   
    50.0-180.0 180.0   5.0 450.0                            LAT/LON1/LON2/DLON/H
  252  259  270  268  270  267  263  257  251  245  242  243  249  261  276  291
  303  311  314  314  312  310  308  304  298  290  280  269  257  245  231  215
  198  181  167  155  147  141  138  136  134  133  130  125  118  110  102   96
   90   88   88   90   94   99  103  106  109  113  119  130  144  160  177  192
  202  213  220  223  219  222  227  233  252                                   
    47.5-180.0 180.0   5.0 450.0                            LAT/LON1/LON2/DLON/H
  278  284  295  293  297  298  294  288  280  272  263  259  260  268  280  293
  303  309  312  311  311  311  311  310  307  301  294  285  275  262  246  227
  207  189  174  163  155  151  148  147  146  145  142  138  132  124  117  110
  106  104  104  107  111  116  119  122  123  124  129  138  151  167  185  201
  214  229  240  247  247  250  257  262  278                                   
    45.0-180.0 180.0   5.0 450.0                            LAT/LON1/LON2/DLON/H
  306  312  321  321  326  329  327  322  315  304  292  284  280  283  291  299
  306  309  310  310  310  311  312  313  311  306  299  290  278  262  244  223
  202  185  171  163  158  156  154  154  154  153  151  148  143  137  130  125
  121  119  119  121  125  129  133  134  134  134  137  144  156  172  189  207
  223  241  255  268  274  279  289  295  306                                   
    42.5-180.0 180.0   5.0 450.0                            LAT/LON1/LON2/DLON/H
  331  338  345  347  352  357  357  355  349  339  326  315  308  306  309  312
  315  315  314  313  314  315  316  315  311  305  295  283  267  248  227  205
  186  171  163  159  158  158  158  157  157  157  156  154  150  146  141  137
  133  131  130  131  134  138  141  142  141  140  142  149  160  175  193  211
  228  250  268  285  296  305  318  328  331                                   
    40.0-180.0 180.0   5.0 450.0                            LAT/LON1/LON2/DLON/H
  350  360  365  367  373  379  381  381  379  372  361  350  341  336  334  332
  330  328  326  325  326  326  324  319  310  299  285  268  249  228  206  185
  169  159  157  158  161  163  163  161  160  159  159  157  155  151  147  144
  140  137  135  135  137  140  144  146  145  144  146  152  163  178  196  214
  232  255  277  296  310  324  340  354  350                                   
    37.5-180.0 180.0   5.0 450.0                            LAT/LON1/LON2/DLON/H
  365  375  382  381  389  393  399  402  403  401  393  384  375  369  363  358
  353  350  348  348  348  345  338  326  311  294  275  255  234  213  192  174
  163  160  163  170  176  177  175  170  166  163  161  160  158  154  151  147
  144  140  137  135  136  140  144  147  147  146  148  155  167  182  199  217
  234  259  282  302  317  336  353  370  365                                   
    35.0-180.0 180.0   5.0 450.0                            LAT/LON1/LON2/DLON/H
  376  386  395  391  402  405  414  419  424  425  421  415  408  401  394  387
  381  377  377  378  376  370  356  337  316  295  274  254  234  214  197  185
  180  183  192  201  206  204  197  186  177  170  167  165  162  159  155  151
  146  142  137  135  136  140  145  149  150  149  152  159  171  187  204  221
  238  262  286  306  320  341  359  377  376                                   
    32.5-180.0 180.0   5.0 450.0                            LAT/LON1/LON2/DLON/H
  390  397  409  402  416  419  430  437  445  448  448  445  439  432  424  416
  409  407  408  409  406  395  375  352  328  306  288  271  256  242  232  227
  229  237  247  254  253  244  228  210  195  184  178  175  172  168  163  158
  152  147  142  139  140  144  150  154  155  155  157  165  178  194  211  228
  244  268  291  312  323  344  362  380  390                                   
    30.0-180.0 180.0   5.0 450.0                            LAT/LON1/LON2/DLON/H
  409  412  426  418  436  440  454  461  472  476  477  475  470  462  452  442
  436  434  436  436  430  415  393  369  348  333  322  314  308  304  303  307
  315  322  326  323  311  291  266  240  218  204  195  191  188  184  179  172
  165  158  153  150  151  155  161  165  166  165  166  174  187  204  222  239
  255  278  300  321  330  349  367  386  409                                   
    27.5-180.0 180.0   5.0 450.0                            LAT/LON1/LON2/DLON/H
  435  435  451  446  469  474  489  497  508  513  513  510  503  493  480  468
  459  456  456  454  446  430  409  391  380  376  379  385  392  401  411  421
  427  425  414  395  368  336  302  270  244  226  217  213  211  208  202  194
  186  178  172  169  169  173  178  180  179  176  176  183  197  215  235  253
  269  293  315  336  344  361  379  399  435                                   
    25.0-180.0 180.0   5.0 450.0                            LAT/LON1/LON2/DLON/H
  469  466  483  486  513  522  538  547  558  561  560  555  544  530  512  495
  482  474  469  463  453  439  426  421  425  438  458  481  503  522  536  542
  537  518  488  451  411  370  331  296  268  249  240  238  239  237  232  224
  214  205  198  194  193  194  196  196  192  187  185  191  205  224  245  266
  284  311  334  356  364  380  398  420  469                                   
    22.5-180.0 180.0   5.0 450.0                            LAT/LON1/LON2/DLON/H
  505  502  521  535  569  581  599  610  621  623  619  611  596  576  552  529
  509  493  481  469  458  449  449  461  484  517  554  589  619  638  645  637
  615  577  530  479  430  385  346  313  286  268  261  262  266  269  265  256
  245  235  227  221  217  216  215  211  204  197  193  197  211  231  254  276
  298  328  353  377  387  403  422  448  505                                   
    20.0-180.0 180.0   5.0 450.0                            LAT/LON1/LON2/DLON/H
  539  538  561  585  628  644  666  680  692  694  690  679  660  635  605  573
  545  520  499  481  470  470  485  515  557  604  650  687  710  717  708  682
  643  590  530  471  420  379  347  320  297  282  276  281  290  296  296  287
  275  263  253  245  239  234  230  223  213  204  198  202  216  236  262  287
  311  344  371  397  409  427  449  479  539                                   
    17.5-180.0 180.0   5.0 450.0                            LAT/LON1/LON2/DLON/H
  566  569  596  628  677  699  725  745  761  766  764  754  734  705  669  632
  596  562  532  509  499  509  538  584  637  688  728  751  756  741  711  667
  613  550  485  428  387  359  340  322  305  292  288  294  307  317  318  310
  297  283  271  261  252  245  237  228  217  207  201  205  219  242  270  297
  325  360  388  414  428  450  474  507  566                                   
    15.0-180.0 180.0   5.0 450.0                            LAT/LON1/LON2/DLON/H
  585  591  621  657  710  738  768  792  815  827  832  826  809  780  743  703
  662  622  586  560  553  570  611  663  715  755  775  772  747  706  653  593
  530  467  411  370  348  339  335  327  314  302  298  303  316  326  328  320
  305  289  276  264  254  245  237  227  216  206  201  206  223  248  278  307
  337  374  403  429  443  469  496  529  585                                   
    12.5-180.0 180.0   5.0 450.0                            LAT/LON1/LON2/DLON/H
  596  605  637  674  728  760  793  820  849  869  882  885  875  851  818  780
  739  697  659  633  629  651  694  742  780  796  785  748  690  622  552  486
  426  376  340  322  322  333  342  342  332  319  310  310  319  326  326  315
  299  282  268  256  246  237  229  221  211  202  199  206  225  252  285  316
  347  385  414  439  452  482  510  541  596                                   
    10.0-180.0 180.0   5.0 450.0                            LAT/LON1/LON2/DLON/H
  599  613  646  682  736  770  803  831  863  890  912  924  923  908  883  851
  816  778  743  719  717  739  775  809  824  809  762  689  604  519  444  384
  339  309  297  303  324  350  369  373  362  343  326  319  318  319  313  300
  282  264  250  240  231  225  219  212  205  198  196  205  226  256  290  322
  353  391  419  444  457  489  518  547  599                                   
     7.5-180.0 180.0   5.0 450.0                            LAT/LON1/LON2/DLON/H
  596  618  651  685  737  772  805  831  864  894  921  941  949  943  928  906
  881  851  822  803  801  816  839  853  840  793  713  613  512  425  359  315
