data/edconvlstm_nd/pred3420.15i
     1.0            IONOSPHERE MAPS     GNSS                IONEX VERSION / TYPE
pyspatialgeodesy        IME             05-JAN-18 20:20     PGM / RUN BY / DATE 
Map Name                                                    COMMENT             
Predicted global ionosphere maps (GIM).                     DESCRIPTION         
  2015    12     8     0     0     0                        EPOCH OF FIRST MAP  
  2015    12     9     0     0     0                        EPOCH OF LAST MAP   
  7200                                                      INTERVAL            
    13                                                      # OF MAPS IN FILE   
  NONE                                                      MAPPING FUNCTION    
10.0                                                        ELEVATION CUTOFF    
One-way carrier phase leveled to code                       OBSERVABLES USED    
  6371.0                                                    BASE RADIUS         
 2                                                          MAP DIMENSION       
   450.0 450.0   0.0                                        HGT1 / HGT2 / DHGT  
    87.5 -87.5  -2.5                                        LAT1 / LAT2 / DLAT  
  -180.0 180.0   5.0                                        LON1 / LON2 / DLON  
    -1                                                      EXPONENT            
                                                            END OF HEADER       
[from data line 1716]
     5                                                      START OF TEC MAP    
  2015    12     8     8     0     0                        EPOCH OF CURRENT MAP
    87.5-180.0 180.0   5.0 450.0                            LAT/LON1/LON2/DLON/H
   27   38   36   39   39   39   39   34   35   36   36   36   36   36   36   35
   35   35   34   34   34   33   33   33   33   33   33   33   32   32   32   32
   32   32   31   31   31   31   30   30   30   30   29   29   29   29   29   29
   29   29   29   29   29   29   29   29   29   29   28   28   28   28   27   28
   29   29   28   29   36   44   56   54   27                                   
    85.0-180.0 180.0   5.0 450.0                            LAT/LON1/LON2/DLON/H
   20   48   52   47   49   51   51   50   50   51   50   51   50   50   49   49
   48   48   47   47   47   46   46   46   46   46   46   46   46   46   46   46
   46   46   46   45   45   44   44   44   43   43   43   43   42   42   43   43
   43   43   43   43   43   43   43   43   43   43   42   42   42   42   42   42
   43   44   41   42   47   50   63   54   20                                   
    82.5-180.0 180.0   5.0 450.0                            LAT/LON1/LON2/DLON/H
   21   39   55   50   51   53   53   52   52   53   52   52   51   50   49   48
   47   46   45   44   43   43   43   43   43   43   43   44   44   44   45   45
   45   45   45   45   44   44   44   43   43   43   42   42   42   43   43   44
   44   44   45   45   45   45   45   44   44   44   43   43   42   42   42   42
   42   43   41   40   51   49   51   46   21                                   
    80.0-180.0 180.0   5.0 450.0                            LAT/LON1/LON2/DLON/H
   29   40   55   51   56   55   56   55   56   56   54   54   52   51   49   47
   45   44   42   41   40   40   39   39   40   40   41   42   43   44   45   46
   47   47   47   47   46   46   45   44   44   43   43   43   44   44   45   46
   47   48   49   49   49   49   49   48   48   47   46   45   44   43   42   42
   42   42   43   42   48   50   52   47   29                                   
    77.5-180.0 180.0   5.0 450.0                            LAT/LON1/LON2/DLON/H
   37   45   50   46   50   51   53   53   54   54   52   51   49   46   44   42
   39   37   36   35   34   33   33   33   33   34   35   37   38   40   42   43
   44   45   45   44   43   42   41   39   38   38   38   38   39   41   43   45
   47   49   51   52   53   53   53   52   50   49   47   45   43   41   40   38
   37   37   35   35   36   34   41   39   37                                   
    75.0-180.0 180.0   5.0 450.0                            LAT/LON1/LON2/DLON/H
   27   39   43   41   45   48   50   50   51   51   49   48   45   43   40   38
   36   34   33   31   31   30   30   31   31   32   34   35   37   39   41   42
   43   44   44   43   41   40   38   36   35   35   35   36   38   41   45   48
   52   55   58   60   61   61   60   59   57   54   52   49   46   44   41   39
   37   36   34   31   34   31   36   33   27                                   
    72.5-180.0 180.0   5.0 450.0                            LAT/LON1/LON2/DLON/H
   28   36   39   37   41   46   49   49   50   50   48   46   43   41   39   37
   35   33   32   31   30   30   30   30   31   32   33   34   36   38   40   42
   43   44   44   42   41   39   37   35   35   35   36   39   42   47   52   57
   62   67   70   73   74   73   72   70   67   64   60   57   54   50   47   45
   42   39   38   35   36   32   36   35   28                                   
    70.0-180.0 180.0   5.0 450.0                            LAT/LON1/LON2/DLON/H
   30   36   40   38   41   44   46   46   48   48   46   45   43   41   39   37
   36   35   34   33   33   33   33   33   34   34   35   36   37   39   40   42
   43   43   43   42   40   38   37   36   36   38   40   45   50   56   63   69
   75   80   84   86   87   86   83   80   76   72   68   65   61   58   55   53
   50   47   45   41   39   35   41   39   30                                   
    67.5-180.0 180.0   5.0 450.0                            LAT/LON1/LON2/DLON/H
   30   36   39   36   39   42   43   43   44   44   43   43   41   40   39   38
   37   37   36   36   36   36   36   36   36   36   36   36   36   37   38   39
   39   40   39   39   37   36   35   36   37   41   45   52   59   66   74   81
   87   92   96   97   97   94   90   86   81   76   72   68   65   63   60   59
   56   52   51   45   43   38   41   39   30                                   
    65.0-180.0 180.0   5.0 450.0                            LAT/LON1/LON2/DLON/H
   34   38   39   37   38   40   41   41   42   42   41   42   41   41   40   40
   40   39   39   39   39   39   39   39   39   38   37   36   35   35   35   36
   36   37   37   36   36   36   36   39   42   48   55   63   72   80   88   96
  102  106  109  109  107  104   98   92   86   80   76   72   70   68   66   64
   62   59   57   51   48   43   45   44   34                                   
    62.5-180.0 180.0   5.0 450.0                            LAT/LON1/LON2/DLON/H
   37   40   40   38   39   40   40   40   41   41   40   41   41   41   42   42
   42   42   41   41   41   40   40   40   39   38   36   34   33   32   32   33
   34   34   35   35   36   37   40   44   51   59   68   77   87   96  104  111
  116  119  121  121  118  113  107   99   92   85   80   76   73   71   69   68
   66   63   62   55   52   46   48   48   37                                   
    60.0-180.0 180.0   5.0 450.0                            LAT/LON1/LON2/DLON/H
   41   43   42   39   38   39   39   38   38   38   38   39   39   40   41   42
   42   41   40   39   38   38   38   38   37   35   33   30   28   27   27   29
   30   32   33   35   37   40   44   51   60   70   81   91  101  110  117  122
  127  129  131  130  127  122  115  107   99   91   85   80   76   73   70   68
   66   62   61   55   53   47   48   49   41                                   
    57.5-180.0 180.0   5.0 450.0                            LAT/LON1/LON2/DLON/H
   45   45   44   41   40   40   39   38   38   37   36   37   38   39   40   41
   41   40   38   36   35   34   34   34   33   32   29   27   25   24   25   27
   29   32   35   38   41   46   53   62   73   85   97  107  117  124  130  134
  138  141  142  142  139  135  128  120  112  104   96   90   84   79   75   71
   67   62   61   55   54   48   49   50   45                                   
    55.0-180.0 180.0   5.0 450.0                            LAT/LON1/LON2/DLON/H
   49   48   47   44   41   41   41   39   38   37   36   36   37   38   39   40
   39   38   35   33   31   30   30   30   30   28   26   24   23   22   23   26
   30   34   39   44   49   56   65   76   89  101  113  123  131  137  142  145
  148  151  153  154  154  150  145  138  129  121  112  104   97   90   82   76
   69   63   61   56   55   49   51   53   49                                   
    52.5-180.0 180.0   5.0 450.0                            LAT/LON1/LON2/DLON/H
   55   53   52   48   44   45   44   42   40   39   37   37   36   37   38   39
   38   36   34   31   29   28   28   28   27   26   25   23   22   22   24   28
   33   39   46   53   61   70   81   93  107  119  130  139  145  149  152  155
  158  161  164  167  168  167  163  156  148  140  131  122  113  104   94   85
   76   68   65   59   58   53   55   57   55                                   
    50.0-180.0 180.0   5.0 450.0                            LAT/LON1/LON2/DLON/H
   63   59   57   54   49   50   49   47   45   43   40   39   38   38   39   39
   39   37   34   31   29   27   27   27   27   26   25   24   23   24   26   31
   38   47   56   65   75   87   99  112  126  137  147  153  158  160  162  164
  167  170  174  178  181  180  177  172  165  157  148  139  129  119  108   97
   87   77   73   66   65   60   62   64   63                                   
    47.5-180.0 180.0   5.0 450.0                            LAT/LON1/LON2/DLON/H
   72   68   64   62   56   58   57   54   52   49   45   43   41   41   41   41
   41   39   36   33   31   30   29   29   29   28   27   26   26   27   30   36
   44   55   66   79   91  105  118  132  144  154  162  166  169  170  171  172
  174  178  182  186  189  189  186  181  174  167  159  150  141  131  121  110
  100   90   84   77   75   70   72   74   72                                   
    45.0-180.0 180.0   5.0 450.0                            LAT/LON1/LON2/DLON/H
   80   76   72   70   65   67   66   63   61   58   54   52   49   47   46   46
   45   43   41   38   36   35   34   33   32   32   32   31   31   32   35   42
   51   63   77   92  107  122  137  150  161  170  175  177  178  178  178  179
  181  183  187  190  192  191  188  183  176  168  161  154  146  139  130  122
  112  103   97   90   87   82   83   84   80                                   
    42.5-180.0 180.0   5.0 450.0                            LAT/LON1/LON2/DLON/H
   86   83   78   77   73   76   75   73   72   70   66   64   60   58   56   54
   53   51   50   48   46   44   42   40   39   38   38   37   37   38   41   47
   57   71   87  104  121  138  153  166  176  182  185  186  186  185  185  185
  186  187  189  191  191  189  185  179  172  165  158  152  146  141  135  130
  123  115  110  102   98   92   92   92   86                                   
    40.0-180.0 180.0   5.0 450.0                            LAT/LON1/LON2/DLON/H
   89   86   81   82   79   82   81   82   81   81   80   78   75   72   69   66
   64   63   62   62   60   58   54   50   47   45   45   45   45   45   47   53
   64   78   96  115  134  151  167  179  187  191  193  192  191  191  191  191
  191  191  191  191  190  188  183  176  169  162  155  149  145  141  137  134
  130  124  119  111  106   99   97   97   89                                   
    37.5-180.0 180.0   5.0 450.0                            LAT/LON1/LON2/DLON/H
   87   84   79   81   80   84   84   86   88   90   92   93   91   88   84   81
   78   77   78   78   77   74   68   61   56   54   53   53   53   53   54   60
   70   86  105  125  144  162  176  188  195  198  198  197  196  197  197  197
  197  196  196  196  195  193  190  184  177  169  161  154  149  144  141  139
  135  129  124  116  109  100   97   96   87                                   
    35.0-180.0 180.0   5.0 450.0                            LAT/LON1/LON2/DLON/H
   82   78   74   76   76   79   81   84   88   94   99  104  105  103   99   95
   92   92   94   95   94   90   82   73   66   62   62   62   62   61   62   67
   78   94  114  134  153  170  183  193  199  202  202  201  202  204  206  207
  207  206  207  209  211  212  211  208  202  194  185  175  165  157  151  147
  141  133  127  117  109   98   93   93   82                                   
    32.5-180.0 180.0   5.0 450.0                            LAT/LON1/LON2/DLON/H
   76   71   67   68   68   71   73   77   83   91  100  109  114  114  111  106
  104  104  107  110  110  105   95   83   75   70   70   71   70   69   70   76
   87  104  124  144  161  177  189  198  203  205  206  207  209  213  218  221
  223  225  228  234  241  247  250  250  247  239  227  214  199  185  173  163
  152  141  131  119  109   95   89   89   76                                   
    30.0-180.0 180.0   5.0 450.0                            LAT/LON1/LON2/DLON/H
   72   65   62   61   60   62   64   68   74   83   95  107  115  118  116  113
  112  113  118  122  122  116  105   92   83   78   77   78   78   77   78   84
   97  114  134  153  169  183  194  203  208  211  213  216  221  228  235  241
  246  252  260  271  284  296  304  309  307  299  286  268  248  227  208  190
  172  155  140  125  113   96   90   90   72                                   
    27.5-180.0 180.0   5.0 450.0                            LAT/LON1/LON2/DLON/H
   73   64   60   57   54   55   57   58   64   73   85   99  109  114  115  114
  114  117  123  128  129  123  112  100   90   85   84   84   83   82   84   92
  106  124  144  163  178  191  201  210  216  221  225  231  239  249  259  268
  277  287  300  317  336  355  369  378  378  370  354  332  306  279  252  227
  202  178  158  138  125  104   99   97   73                                   
    25.0-180.0 180.0   5.0 450.0                            LAT/LON1/LON2/DLON/H
   83   71   65   57   52   52   52   52   55   62   73   86   97  104  107  108
  109  114  121  127  128  124  115  105   96   91   88   87   86   85   89   98
  114  134  155  173  188  200  211  221  229  237  243  252  263  276  289  302
  314  328  347  370  396  420  440  451  452  443  424  398  367  335  302  271
  239  210  186  162  147  123  118  115   83                                   
    22.5-180.0 180.0   5.0 450.0                            LAT/LON1/LON2/DLON/H
  101   87   77   64   56   54   53   50   51   56   63   73   83   90   94   97
  100  106  113  119  122  120  115  107   99   94   90   87   85   86   91  103
  121  142  164  183  199  212  224  236  248  258  268  279  293  309  325  340
  356  374  397  425  454  482  504  516  517  506  485  457  423  387  351  316
  281  249  222  195  179  153  147  141  101                                   
    20.0-180.0 180.0   5.0 450.0                            LAT/LON1/LON2/DLON/H
  127  111   99   80   68   63   60   56   54   55   58   65   71   77   82   85
   89   95  101  107  111  112  110  106  100   94   89   85   83   84   91  105
  125  149  172  192  209  225  240  256  270  284  296  310  326  344  362  380
  398  419  443  472  501  527  546  556  556  545  524  497  464  429  393  357
  323  290  262  234  219  191  183  175  127                                   
    17.5-180.0 180.0   5.0 450.0                            LAT/LON1/LON2/DLON/H
  158  142  127  104   88   80   75   69   65   62   61   63   66   70   73   77
   81   85   90   94   99  102  103  101   97   92   86   81   79   81   90  106
  128  153  177  200  220  238  257  277  295  311  326  342  359  378  398  417
  435  456  478  502  525  544  557  563  561  550  533  511  484  453  422  390
  358  329  302  276  260  231  221  212  158                                   
    15.0-180.0 180.0   5.0 450.0                            LAT/LON1/LON2/DLON/H
  188  173  156  132  115  104   98   91   84   78   73   70   69   70   72   74
   77   79   82   84   88   91   94   95   93   88   82   77   75   78   89  106
  129  155  181  206  229  251  274  296  317  336  353  369  387  407  426  445
  462  479  496  512  525  535  540  541  536  528  516  500  482  460  435  410
  384  360  337  313  297  268  256  246  188                                   
    12.5-180.0 180.0   5.0 450.0                            LAT/LON1/LON2/DLON/H
  214  198  181  157  141  129  122  117  109  101   92   86   81   79   79   79
   80   80   79   79   80   83   87   90   89   85   79   73   72   76   88  107
  130  157  184  211  237  262  287  312  335  355  373  389  407  426  444  461
  475  487  497  504  508  510  508  505  499  492  484  475  465  452  436  418
  399  381  362  340  325  296  281  270  214                                   
    10.0-180.0 180.0   5.0 450.0                            LAT/LON1/LON2/DLON/H
  233  214  198  175  161  149  144  141  135  126  116  107  100   96   93   92
   90   87   83   80   78   80   84   88   88   84   77   72   71   77   90  109
  133  160  188  216  243  269  296  322  346  366  384  400  417  435  451  466
  477  485  489  489  487  483  479  473  466  459  453  449  444  436  427  416
  403  391  376  357  341  311  294  282  233                                   
     7.5-180.0 180.0   5.0 450.0                            LAT/LON1/LON2/DLON/H
  243  221  205  183  172  160  158  158  154  147  138  130  122  117  112  109
  105  100   93   87   84   85   88   91   90   85   78   74   75   81   95  115
