data/edconvlstm_nd/pred1000.15i
     1.0            IONOSPHERE MAPS     GNSS                IONEX VERSION / TYPE
pyspatialgeodesy        IME             05-JAN-18 20:20     PGM / RUN BY / DATE 
Map Name                                                    COMMENT             
Predicted global ionosphere maps (GIM).                     DESCRIPTION         
  2015     4    10     0     0     0                        EPOCH OF FIRST MAP  
  2015     4    11     0     0     0                        EPOCH OF LAST MAP   
  7200                                                      INTERVAL            
    13                                                      # OF MAPS IN FILE   
  NONE                                                      MAPPING FUNCTION    
10.0                                                        ELEVATION CUTOFF    
One-way carrier phase leveled to code                       OBSERVABLES USED    
  6371.0                                                    BASE RADIUS         
 2                                                          MAP DIMENSION       
   450.0 450.0   0.0                                        HGT1 / HGT2 / DHGT  
    87.5 -87.5  -2.5                                        LAT1 / LAT2 / DLAT  
  -180.0 180.0   5.0                                        LON1 / LON2 / DLON  
    -1                                                      EXPONENT            
                                                            END OF HEADER       
[from data line 3003]
     8                                                      START OF TEC MAP    
  2015     4    10    14     0     0                        EPOCH OF CURRENT MAP
    87.5-180.0 180.0   5.0 450.0                            LAT/LON1/LON2/DLON/H
  180  183  179  188  193  196  197  198  200  203  203  205  205  206  207  207
  207  207  207  207  207  207  206  205  205  204  203  202  200  199  197  195
  193  191  189  186  184  181  178  176  173  170  168  165  163  161  159  157
  155  154  153  152  151  151  150  151  151  151  152  153  155  156  158  159
  161  164  165  166  174  175  179  179  180                                   
    85.0-180.0 180.0   5.0 450.0                            LAT/LON1/LON2/DLON/H
  174  182  194  192  195  202  205  208  211  213  214  216  217  217  218  219
  219  219  219  219  219  219  219  218  217  217  216  214  213  211  209  207
  204  201  198  195  192  188  185  181  178  175  171  168  165  163  160  158
  156  154  153  152  151  150  150  151  151  152  153  154  156  158  159  161
  165  168  167  168  172  170  174  178  174                                   
    82.5-180.0 180.0   5.0 450.0                            LAT/LON1/LON2/DLON/H
  156  178  183  184  189  199  203  208  210  214  216  218  219  221  222  222
  223  224  224  225  225  226  226  226  227  226  226  225  224  222  220  218
  215  211  208  204  199  195  190  186  181  177  172  168  164  160  156  153
  150  148  145  143  142  141  140  140  140  140  141  142  144  145  147  149
  152  154  154  158  160  169  167  157  156                                   
    80.0-180.0 180.0   5.0 450.0                            LAT/LON1/LON2/DLON/H
  146  164  170  173  178  185  191  197  202  206  208  210  212  213  214  215
  216  217  218  219  220  221  222  223  224  225  225  225  225  224  222  220
  218  214  211  207  202  198  193  188  183  178  173  168  164  159  155  151
  148  145  142  139  137  136  134  134  133  133  133  134  135  136  138  140
  142  143  143  146  145  149  151  143  146                                   
    77.5-180.0 180.0   5.0 450.0                            LAT/LON1/LON2/DLON/H
  142  151  156  158  164  171  176  182  187  191  193  196  198  200  201  203
  204  206  207  209  212  214  217  220  222  225  228  230  231  232  232  231
  230  228  226  223  219  216  211  207  202  197  192  187  182  178  173  169
  165  161  157  153  150  147  145  142  141  139  138  138  137  137  138  138
  138  138  136  138  139  137  138  135  142                                   
    75.0-180.0 180.0   5.0 450.0                            LAT/LON1/LON2/DLON/H
  130  139  139  142  147  154  158  163  168  172  174  177  179  181  183  185
  187  189  192  196  199  204  208  213  218  223  228  232  235  237  239  239
  240  239  238  236  234  232  228  225  221  216  211  207  202  197  193  188
  183  179  174  170  165  161  157  153  150  148  145  144  142  141  140  139
  138  137  134  131  131  129  130  120  130                                   
    72.5-180.0 180.0   5.0 450.0                            LAT/LON1/LON2/DLON/H
  120  126  126  130  133  139  143  146  150  153  155  158  160  162  164  167
  170  174  178  184  189  196  202  209  216  223  229  235  240  244  246  249
  250  251  252  252  252  251  249  247  243  239  235  231  227  222  217  212
  207  202  196  190  184  178  172  166  161  157  153  150  147  145  143  142
  139  136  133  128  126  124  125  118  120                                   
    70.0-180.0 180.0   5.0 450.0                            LAT/LON1/LON2/DLON/H
  113  117  117  120  122  127  129  132  134  137  138  140  142  144  147  150
  155  160  166  173  180  188  197  205  214  222  230  237  243  247  251  254
  256  258  260  262  263  264  263  261  259  256  252  248  244  240  235  230
  224  218  211  203  195  187  179  171  165  159  154  150  146  143  141  139
  136  133  129  124  122  120  122  116  113                                   
    67.5-180.0 180.0   5.0 450.0                            LAT/LON1/LON2/DLON/H
  104  110  111  114  117  121  123  125  126  127  128  129  131  133  137  141
  146  153  160  169  177  186  195  205  214  223  232  239  245  250  254  257
  260  263  266  269  272  274  274  273  271  269  266  262  258  254  249  243
  236  228  219  210  200  190  180  171  162  155  149  144  140  137  135  133
  131  128  124  119  116  115  117  112  104                                   
    65.0-180.0 180.0   5.0 450.0                            LAT/LON1/LON2/DLON/H
   96  102  103  107  110  114  116  117  118  119  120  121  123  125  129  134
  141  148  157  166  175  184  193  202  212  221  229  237  244  249  253  257
  261  265  269  273  277  279  280  280  278  276  273  269  265  261  255  249
  241  231  221  210  198  186  175  164  154  146  139  133  129  126  124  122
  120  118  115  111  109  109  112  108   96                                   
    62.5-180.0 180.0   5.0 450.0                            LAT/LON1/LON2/DLON/H
   87   93   94   99  102  107  109  111  112  114  114  116  118  122  126  132
  139  148  156  165  173  182  190  198  207  216  224  232  239  245  250  255
  259  264  270  275  279  282  284  283  281  279  276  272  268  264  258  250
  241  230  218  206  193  180  168  157  146  137  130  124  119  115  112  111
  109  107  105  101  101  101  103  100   87                                   
    60.0-180.0 180.0   5.0 450.0                            LAT/LON1/LON2/DLON/H
   79   84   85   89   92   98  101  103  105  107  109  111  115  119  125  132
  140  149  157  165  172  178  184  191  199  207  216  225  234  241  247  254
  260  266  272  279  283  287  288  288  286  283  279  276  272  267  261  252
  242  230  217  204  191  178  166  155  144  135  127  120  115  110  107  104
  101   99   97   94   93   93   95   92   79                                   
    57.5-180.0 180.0   5.0 450.0                            LAT/LON1/LON2/DLON/H
   75   78   78   81   84   89   93   96   98  101  104  107  112  118  125  133
  142  151  159  166  171  175  179  184  190  199  209  219  229  239  248  256
  264  272  280  287  292  296  297  296  293  290  287  284  280  275  268  258
  247  234  221  207  195  183  172  161  151  142  134  127  121  116  111  107
  103   99   96   92   92   90   90   87   75                                   
    55.0-180.0 180.0   5.0 450.0                            LAT/LON1/LON2/DLON/H
   77   76   75   76   79   84   88   90   93   96   99  104  110  117  125  134
  144  154  162  167  171  173  175  179  185  194  204  216  229  241  252  264
  274  284  293  301  306  309  310  308  305  302  299  296  292  287  279  269
  257  244  230  217  205  194  184  174  165  157  150  144  137  131  126  120
  114  109  104   99   97   94   92   87   77                                   
    52.5-180.0 180.0   5.0 450.0                            LAT/LON1/LON2/DLON/H
   86   83   79   78   79   84   87   89   91   94   98  103  109  117  126  137
  148  158  167  172  174  175  176  179  186  195  207  221  235  249  263  277
  289  301  311  319  325  328  327  325  322  319  316  313  309  304  295  284
  271  258  244  231  220  209  200  191  183  176  170  165  159  153  147  141
  133  126  119  114  111  106  102   96   86                                   
    50.0-180.0 180.0   5.0 450.0                            LAT/LON1/LON2/DLON/H
  102   97   91   88   87   91   93   93   95   97  100  106  112  121  131  142
  154  166  174  180  182  183  185  188  195  205  218  233  248  264  279  294
  309  321  332  341  346  348  348  345  341  338  335  332  328  322  313  301
  288  273  259  246  234  223  214  205  198  192  188  184  180  176  170  164
  155  148  140  134  131  125  119  112  102                                   
    47.5-180.0 180.0   5.0 450.0                            LAT/LON1/LON2/DLON/H
  122  117  109  106  102  105  104  103  103  105  108  113  120  128  139  151
  164  176  186  192  195  197  200  205  213  225  238  252  267  283  299  314
  329  343  354  363  369  370  369  365  361  357  353  350  346  339  329  317
  303  287  272  258  244  232  220  211  204  199  196  195  194  191  187  182
  174  167  159  153  151  145  139  132  122                                   
    45.0-180.0 180.0   5.0 450.0                            LAT/LON1/LON2/DLON/H
  142  139  131  128  122  123  121  117  117  117  120  125  132  140  151  163
  176  189  199  207  211  215  220  227  237  249  262  276  290  304  319  334
  349  363  376  385  391  393  391  386  381  375  371  366  361  353  343  330
  314  298  281  264  248  232  219  207  200  195  193  194  194  194  193  190
  184  178  170  166  166  162  157  152  142                                   
    42.5-180.0 180.0   5.0 450.0                            LAT/LON1/LON2/DLON/H
  156  158  151  149  144  142  139  134  132  132  135  141  148  156  166  178
  191  204  214  222  228  234  241  251  263  275  287  299  311  324  337  352
  368  383  397  408  415  418  415  409  402  395  388  382  375  366  354  340
  324  306  287  267  247  228  211  198  189  184  182  183  184  186  187  186
  182  178  172  169  171  170  167  163  156                                   
    40.0-180.0 180.0   5.0 450.0                            LAT/LON1/LON2/DLON/H
  162  168  163  164  160  158  154  148  146  146  149  156  165  174  184  195
  207  219  229  237  244  251  260  272  285  297  309  319  330  341  355  370
  388  405  422  436  445  449  446  439  429  418  409  400  390  380  368  353
  336  316  295  272  248  226  207  191  180  174  171  171  172  174  176  176
  173  170  166  162  165  167  167  163  162                                   
    37.5-180.0 180.0   5.0 450.0                            LAT/LON1/LON2/DLON/H
  159  169  167  169  168  164  162  157  154  156  161  170  180  190  200  211
  222  232  242  249  256  264  275  287  301  313  325  335  346  358  373  391
  412  433  454  473  485  491  487  477  464  450  436  424  412  400  388  373
  355  335  311  286  260  236  215  198  186  179  174  171  169  168  169  169
  166  163  158  153  155  157  160  154  159                                   
    35.0-180.0 180.0   5.0 450.0                            LAT/LON1/LON2/DLON/H
  152  164  163  165  165  161  160  156  155  159  166  178  191  203  214  224
  234  243  251  258  265  274  284  297  310  323  336  347  361  377  396  418
  443  470  497  521  538  545  541  528  510  491  473  457  443  431  418  404
  386  365  341  314  288  263  243  227  215  206  198  191  185  180  178  176
  171  166  158  149  149  148  151  143  152                                   
    32.5-180.0 180.0   5.0 450.0                            LAT/LON1/LON2/DLON/H
  147  159  155  157  157  151  151  148  148  154  164  179  195  210  222  233
  242  251  258  265  272  279  289  301  315  329  343  359  378  399  424  453
  485  519  552  582  602  610  604  588  565  542  520  501  486  473  461  448
  432  411  387  361  336  313  295  281  270  261  251  239  227  217  210  204
  196  186  174  160  154  148  150  137  147                                   
    30.0-180.0 180.0   5.0 450.0                            LAT/LON1/LON2/DLON/H
  148  156  149  151  148  141  140  136  138  144  156  174  194  211  226  237
  247  255  263  270  276  284  293  304  317  333  351  373  398  427  460  497
  536  577  617  651  674  681  672  651  625  598  574  554  538  525  515  504
  490  471  448  424  402  383  370  360  352  343  331  315  297  280  268  256
  243  229  210  190  177  164  159  140  148                                   
    27.5-180.0 180.0   5.0 450.0                            LAT/LON1/LON2/DLON/H
  159  162  149  149  145  136  134  128  128  134  147  166  187  207  224  237
  248  257  266  274  282  289  297  308  321  338  361  389  423  460  502  546
  593  641  684  719  740  743  731  708  680  653  629  609  594  583  575  566
  555  538  517  496  479  466  459  455  451  444  431  412  389  367  348  330
  311  292  265  239  217  196  182  156  159                                   
    25.0-180.0 180.0   5.0 450.0                            LAT/LON1/LON2/DLON/H
  180  177  158  155  150  139  134  127  124  128  139  158  180  201  220  235
  248  259  270  280  289  297  304  314  328  348  375  410  452  497  546  597
  648  696  739  769  785  784  769  746  720  696  675  658  646  637  630  624
  614  598  580  562  549  542  541  543  544  541  530  511  487  461  437  414
  390  366  334  302  271  241  217  185  180                                   
    22.5-180.0 180.0   5.0 450.0                            LAT/LON1/LON2/DLON/H
  210  203  177  170  163  150  142  132  127  128  136  152  174  196  216  233
  248  262  275  288  299  307  315  324  338  361  394  435  483  534  587  638
  688  733  768  791  799  794  779  759  739  722  707  695  685  678  672  665
  655  639  621  604  593  589  591  596  601  603  597  583  562  537  512  487
  461  436  402  367  329  292  262  226  210                                   
    20.0-180.0 180.0   5.0 450.0                            LAT/LON1/LON2/DLON/H
  241  233  205  191  181  167  156  143  135  133  138  151  170  193  215  234
  251  268  283  298  311  320  328  337  353  379  416  461  512  565  616  664
  707  742  767  781  783  776  764  751  740  731  723  716  708  701  694  685
  672  653  631  611  598  593  594  600  607  613  615  609  595  575  554  530
  505  483  452  418  377  337  306  270  241                                   
    17.5-180.0 180.0   5.0 450.0                            LAT/LON1/LON2/DLON/H
  266  261  234  216  202  186  172  156  145  141  143  153  170  192  216  238
  258  277  295  312  325  335  343  353  372  400  440  487  537  586  631  670
  702  726  741  747  745  739  733  728  727  727  726  723  716  707  697  685
  666  641  613  588  569  559  557  561  568  578  586  588  583  571  556  536
  516  498  474  444  406  366  338  307  266                                   
    15.0-180.0 180.0   5.0 450.0                            LAT/LON1/LON2/DLON/H
  279  275  255  236  220  203  187  170  157  150  150  157  173  195  219  243
  266  288  309  327  341  351  359  371  391  422  463  508  555  597  633  661
  682  696  702  703  700  698  699  704  711  719  723  721  714  703  689  671
  647  615  580  547  521  506  499  500  506  517  529  538  539  534  524  510
  494  481  465  441  410  374  351  325  279                                   
    12.5-180.0 180.0   5.0 450.0                            LAT/LON1/LON2/DLON/H
  277  274  260  244  227  211  196  179  166  159  157  163  177  199  224  251
  277  301  323  343  357  367  376  389  411  443  483  525  565  600  627  646
  658  664  666  664  663  666  674  687  702  713  719  717  708  694  676  654
  625  587  546  507  476  455  444  441  445  455  467  477  482  479  473  462
  449  441  432  415  391  362  344  323  277                                   
    10.0-180.0 180.0   5.0 450.0                            LAT/LON1/LON2/DLON/H
  265  260  251  237  222  208  196  181  171  165  163  169  182  204  231  260
  288  315  338  358  373  383  393  407  431  464  501  539  573  600  620  633
  641  643  643  642  644  652  666  685  702  715  719  715  704  688  668  643
  610  569  524  482  448  424  409  403  403  409  418  425  427  423  416  405
  395  390  386  375  357  335  323  305  265                                   
     7.5-180.0 180.0   5.0 450.0                            LAT/LON1/LON2/DLON/H
  247  241  233  220  208  195  187  176  169  166  167  174  187  210  238  269
  299  328  353  374  389  400  410  427  452  484  519  552  580  603  619  630
