data/edconvlstm_nd/pred0960.15i
     1.0            IONOSPHERE MAPS     GNSS                IONEX VERSION / TYPE
pyspatialgeodesy        IME             05-JAN-18 20:20     PGM / RUN BY / DATE 
Map Name                                                    COMMENT             
Predicted global ionosphere maps (GIM).                     DESCRIPTION         
  2015     4     6     0     0     0                        EPOCH OF FIRST MAP  
  2015     4     7     0     0     0                        EPOCH OF LAST MAP   
  7200                                                      INTERVAL            
    13                                                      # OF MAPS IN FILE   
  NONE                                                      MAPPING FUNCTION    
10.0                                                        ELEVATION CUTOFF    
One-way carrier phase leveled to code                       OBSERVABLES USED    
  6371.0                                                    BASE RADIUS         
 2                                                          MAP DIMENSION       
   450.0 450.0   0.0                                        HGT1 / HGT2 / DHGT  
    87.5 -87.5  -2.5                                        LAT1 / LAT2 / DLAT  
  -180.0 180.0   5.0                                        LON1 / LON2 / DLON  
    -1                                                      EXPONENT            
                                                            END OF HEADER       
[from data line 4719]
    12                                                      START OF TEC MAP    
  2015     4     6    22     0     0                        EPOCH OF CURRENT MAP
    87.5-180.0 180.0   5.0 450.0                            LAT/LON1/LON2/DLON/H
  225  208  191  199  201  202  203  204  205  207  207  209  209  210  210  209
  209  208  207  205  203  201  199  197  195  192  190  188  186  184  182  180
  178  177  175  174  173  172  171  171  171  171  171  171  172  173  174  175
  176  177  178  179  180  180  181  182  183  183  184  185  185  186  186  186
  186  186  186  189  199  201  198  207  225                                   
    85.0-180.0 180.0   5.0 450.0                            LAT/LON1/LON2/DLON/H
  209  204  205  203  200  206  208  212  214  217  218  220  222  223  223  223
  222  221  219  217  215  211  208  205  201  198  194  191  187  184  181  179
  176  174  172  170  169  168  167  167  167  167  168  169  170  171  173  174
  176  177  179  180  182  183  184  185  186  187  188  188  189  189  190  190
  191  191  192  192  197  188  187  199  209                                   
    82.5-180.0 180.0   5.0 450.0                            LAT/LON1/LON2/DLON/H
  186  186  186  189  191  199  205  210  213  219  223  227  230  233  234  235
  234  232  230  226  222  217  211  205  200  194  189  183  178  173  169  165
  161  158  155  153  151  149  148  147  147  147  148  149  150  152  154  157
  159  161  163  165  167  169  171  172  174  175  175  176  177  177  177  177
  177  176  176  181  182  186  179  181  186                                   
    80.0-180.0 180.0   5.0 450.0                            LAT/LON1/LON2/DLON/H
  175  176  179  182  184  191  200  210  217  225  231  238  243  247  250  250
  249  246  242  236  230  222  215  207  199  192  184  178  171  165  160  155
  151  147  143  140  138  135  134  133  132  132  133  135  137  139  142  145
  148  150  153  156  158  160  162  164  165  166  167  168  169  169  169  169
  169  169  169  172  171  163  161  171  175                                   
    77.5-180.0 180.0   5.0 450.0                            LAT/LON1/LON2/DLON/H
  172  163  171  174  180  189  198  210  220  231  241  251  259  265  269  270
  269  265  259  251  243  233  224  214  205  196  188  180  173  166  160  155
  150  145  141  138  134  131  129  127  125  125  125  126  128  130  133  135
  138  141  143  145  147  149  151  152  154  155  157  158  159  159  160  160
  160  159  160  162  165  156  159  174  172                                   
    75.0-180.0 180.0   5.0 450.0                            LAT/LON1/LON2/DLON/H
  172  165  169  171  177  186  195  207  220  234  247  259  269  276  280  281
  279  273  266  256  246  235  225  214  204  195  187  179  172  165  160  154
  149  145  140  136  132  128  125  122  120  119  118  119  120  122  124  126
  128  130  131  133  134  135  136  137  139  141  143  145  147  149  151  152
  153  154  156  156  158  152  155  162  172                                   
    72.5-180.0 180.0   5.0 450.0                            LAT/LON1/LON2/DLON/H
  175  169  173  178  180  188  198  210  223  239  253  268  280  289  294  294
  291  285  275  264  252  240  229  218  208  198  190  182  174  167  161  156
  151  146  141  136  131  127  122  118  115  113  112  112  113  114  116  117
  118  118  118  118  117  117  118  119  121  124  127  130  134  137  140  143
  145  148  151  152  155  154  160  171  175                                   
    70.0-180.0 180.0   5.0 450.0                            LAT/LON1/LON2/DLON/H
  187  183  186  186  187  192  199  210  223  239  254  270  283  292  297  298
  293  285  275  262  250  238  227  216  207  198  189  181  173  166  160  154
  149  143  138  132  126  121  115  111  108  105  104  104  105  105  106  106
  105  104  102  101   99   98   98   99  101  105  110  115  120  126  131  137
  140  145  151  155  161  164  173  182  187                                   
    67.5-180.0 180.0   5.0 450.0                            LAT/LON1/LON2/DLON/H
  205  204  208  206  205  207  212  221  232  247  263  279  293  304  310  310
  305  296  285  272  259  248  237  227  218  209  200  191  182  174  166  159
  152  145  139  132  125  118  113  108  104  102  101  101  101  102  102  101
   99   96   93   90   87   86   85   87   91   96  102  110  117  125  132  139
  144  151  159  164  171  178  188  198  205                                   
    65.0-180.0 180.0   5.0 450.0                            LAT/LON1/LON2/DLON/H
  221  223  227  222  219  217  219  224  233  246  262  278  294  305  312  313
  308  299  287  275  263  253  244  235  227  218  208  198  187  177  168  159
  150  141  132  124  116  109  103   98   95   93   93   93   93   93   93   91
   88   84   80   76   73   71   71   74   79   85   94  104  113  122  131  139
  146  154  164  171  181  191  203  214  221                                   
    62.5-180.0 180.0   5.0 450.0                            LAT/LON1/LON2/DLON/H
  236  239  244  238  233  229  228  230  236  247  261  278  294  307  316  318
  315  307  296  285  275  266  258  250  242  233  222  210  198  186  174  163
  151  140  129  118  109  101   95   91   89   88   88   89   89   89   87   85
   81   77   72   68   65   64   64   68   74   83   93  105  116  127  137  146
  152  161  171  178  188  199  213  224  236                                   
    60.0-180.0 180.0   5.0 450.0                            LAT/LON1/LON2/DLON/H
  247  251  255  249  244  237  235  233  236  245  258  274  291  306  317  321
  320  313  304  295  287  280  273  266  259  249  238  225  212  198  184  170
  156  141  127  115  105   97   91   88   87   87   88   88   88   87   85   81
   77   73   69   65   62   62   63   68   75   85   97  110  123  135  146  155
  161  169  179  185  194  206  219  230  247                                   
    57.5-180.0 180.0   5.0 450.0                            LAT/LON1/LON2/DLON/H
  256  260  264  258  254  246  242  237  239  244  256  271  289  305  318  324
  325  321  313  306  299  293  288  282  275  265  254  242  229  214  199  182
  165  147  131  117  106   98   94   91   91   92   93   93   92   90   87   83
   79   74   71   68   66   66   69   74   82   93  106  121  135  148  159  168
  174  182  189  194  201  211  223  232  256                                   
    55.0-180.0 180.0   5.0 450.0                            LAT/LON1/LON2/DLON/H
  266  269  273  268  266  258  252  246  245  249  258  272  289  306  320  329
  331  328  321  315  309  304  300  295  289  281  271  260  247  233  216  198
  178  158  139  124  113  106  102  101  101  102  103  102  100   97   93   89
   85   81   78   76   76   76   79   85   93  104  118  134  149  163  176  185
  191  198  205  209  212  220  230  237  266                                   
    52.5-180.0 180.0   5.0 450.0                            LAT/LON1/LON2/DLON/H
  278  281  285  281  280  275  268  261  259  260  266  279  294  311  325  334
  336  333  327  320  315  311  308  305  300  293  285  275  264  250  233  213
  191  169  149  134  124  118  115  115  115  116  116  114  112  108  103   99
   95   92   90   89   89   90   93   98  106  117  131  147  163  179  193  204
  211  219  225  228  230  234  243  246  278                                   
    50.0-180.0 180.0   5.0 450.0                            LAT/LON1/LON2/DLON/H
  295  297  301  298  300  297  292  285  281  281  284  294  308  322  335  342
  343  338  331  325  320  317  315  312  308  303  297  288  278  264  246  224
  200  177  158  144  135  130  129  129  130  130  129  127  124  120  116  112
  109  106  104  103  103  104  106  110  117  128  141  158  176  193  209  222
  231  241  248  252  253  255  262  263  295                                   
    47.5-180.0 180.0   5.0 450.0                            LAT/LON1/LON2/DLON/H
  316  317  321  319  323  325  321  316  312  310  312  319  329  341  350  353
  351  344  336  329  324  322  320  319  316  311  305  296  285  269  249  226
  201  178  161  149  143  141  140  141  141  140  139  137  134  130  127  124
  122  120  118  117  116  116  117  120  126  135  149  166  185  204  222  239
  250  263  272  278  280  280  286  288  316                                   
    45.0-180.0 180.0   5.0 450.0                            LAT/LON1/LON2/DLON/H
  338  340  344  344  349  354  353  351  348  347  347  352  359  366  370  369
  363  354  344  336  332  329  328  326  322  317  309  298  284  265  242  216
  192  172  158  150  147  147  147  147  147  146  144  142  140  138  136  134
  133  131  129  126  124  123  123  125  130  139  152  169  189  210  231  250
  265  282  294  303  307  307  313  318  338                                   
    42.5-180.0 180.0   5.0 450.0                            LAT/LON1/LON2/DLON/H
  360  363  368  369  375  382  384  385  385  385  385  389  393  396  396  390
  380  368  357  349  344  341  339  335  329  320  309  293  274  251  224  199
  176  160  150  147  148  150  150  150  149  147  145  144  143  142  142  141
  141  139  135  132  128  126  125  127  131  139  152  169  190  212  235  256
  274  294  310  322  329  332  338  348  360                                   
    40.0-180.0 180.0   5.0 450.0                            LAT/LON1/LON2/DLON/H
  378  384  390  390  398  406  412  415  418  421  422  426  428  429  424  415
  402  388  377  369  363  359  354  346  335  322  305  284  260  232  204  179
  160  149  145  147  150  153  154  153  151  149  147  146  146  146  146  147
  146  143  139  134  129  126  125  126  129  137  149  166  188  211  234  257
  277  299  318  333  342  350  358  372  378                                   
    37.5-180.0 180.0   5.0 450.0                            LAT/LON1/LON2/DLON/H
  392  400  407  407  417  425  434  440  446  451  454  458  461  460  454  442
  428  414  403  395  388  380  370  358  342  323  301  276  247  217  189  167
  153  148  149  155  160  163  163  160  158  155  154  153  153  153  153  153
  151  147  142  136  131  127  126  126  129  136  147  165  186  209  232  255
  276  299  319  336  346  358  369  384  392                                   
    35.0-180.0 180.0   5.0 450.0                            LAT/LON1/LON2/DLON/H
  403  411  420  420  433  441  453  460  469  475  480  486  489  488  482  471
  457  444  433  424  414  402  387  369  349  327  302  275  245  215  190  172
  163  164  170  178  183  184  181  178  174  171  169  168  167  166  165  163
  160  155  150  143  138  134  132  132  134  139  150  167  188  211  234  256
  277  299  320  336  345  359  374  387  403                                   
    32.5-180.0 180.0   5.0 450.0                            LAT/LON1/LON2/DLON/H
  414  422  432  432  448  456  471  479  490  498  504  510  514  514  509  499
  487  474  463  452  438  421  401  379  357  335  311  286  258  233  212  200
  198  203  211  218  220  217  212  206  202  199  197  194  191  188  185  181
  176  170  164  157  152  148  145  144  145  149  159  174  195  218  242  264
  284  306  325  339  347  360  378  387  414                                   
    30.0-180.0 180.0   5.0 450.0                            LAT/LON1/LON2/DLON/H
  429  436  446  447  467  477  494  503  516  525  532  537  540  540  536  526
  515  502  489  474  456  434  411  388  368  349  331  312  292  274  261  257
  260  267  272  273  269  261  252  246  241  238  234  230  225  219  213  206
  200  193  186  180  174  169  165  162  161  163  171  186  207  230  255  278
  298  319  337  350  357  366  386  389  429                                   
    27.5-180.0 180.0   5.0 450.0                            LAT/LON1/LON2/DLON/H
  451  456  467  470  494  506  526  537  552  561  568  572  573  571  565  555
  541  525  508  488  466  441  418  398  383  373  364  355  345  337  333  335
  340  344  343  335  323  309  299  292  288  284  279  272  265  257  248  239
  230  222  215  208  201  194  187  181  177  176  182  196  217  242  268  293
  314  336  354  367  373  381  403  400  451                                   
    25.0-180.0 180.0   5.0 450.0                            LAT/LON1/LON2/DLON/H
  479  483  494  501  531  547  569  583  601  611  617  619  617  612  602  587
  567  546  522  496  470  446  426  412  406  405  407  410  411  412  414  416
  418  416  406  390  370  353  342  337  334  330  324  316  307  297  286  275
  265  256  248  239  230  220  209  199  192  188  192  204  225  251  280  306
  329  353  372  386  394  403  427  420  479                                   
    22.5-180.0 180.0   5.0 450.0                            LAT/LON1/LON2/DLON/H
  511  517  528  539  575  596  622  639  661  674  681  681  676  665  648  626
  598  567  534  503  475  453  439  434  437  445  456  467  474  478  479  478
  474  464  447  423  400  383  374  371  370  367  362  354  345  335  324  311
  299  289  279  269  256  241  226  213  202  197  199  211  232  260  290  319
  343  369  390  405  417  429  455  449  511                                   
    20.0-180.0 180.0   5.0 450.0                            LAT/LON1/LON2/DLON/H
  543  553  565  580  621  646  676  699  725  743  753  754  745  729  705  673
  635  593  552  515  486  469  463  467  476  489  502  513  517  516  511  504
  493  477  455  429  406  392  387  387  389  388  383  378  372  364  353  340
  327  315  304  290  273  254  234  217  205  199  200  212  234  262  295  327
  354  382  407  424  438  455  483  480  543                                   
    17.5-180.0 180.0   5.0 450.0                            LAT/LON1/LON2/DLON/H
  573  588  603  619  661  690  723  751  784  809  824  828  819  799  769  729
  680  628  579  538  512  501  502  510  521  531  537  537  531  519  504  489
  474  455  432  409  391  381  381  384  387  386  384  381  379  375  367  355
  341  328  315  298  278  254  231  212  200  194  196  209  231  260  294  329
  359  391  420  441  457  479  509  510  573                                   
    15.0-180.0 180.0   5.0 450.0                            LAT/LON1/LON2/DLON/H
  596  618  636  651  693  721  756  789  828  860  882  891  885  866  833  787
  731  672  618  577  554  547  553  561  566  564  554  538  515  489  464  443
  425  408  391  375  364  361  363  367  368  366  363  363  364  364  360  349
  336  323  308  291  268  242  218  200  188  183  187  201  223  254  290  327
  361  396  429  453  471  499  528  536  596                                   
    12.5-180.0 180.0   5.0 450.0                            LAT/LON1/LON2/DLON/H
  612  641  663  676  714  740  774  809  852  890  918  934  934  918  886  840
  782  721  667  627  607  603  608  611  605  585  555  519  479  441  409  385
  369  359  351  345  341  341  344  344  340  334  329  329  332  335  333  324
  312  299  286  268  246  221  199  182  172  169  174  189  212  244  282  322
  359  397  433  460  481  512  542  556  612                                   
    10.0-180.0 180.0   5.0 450.0                            LAT/LON1/LON2/DLON/H
  623  658  684  694  728  750  781  814  859  898  931  951  957  947  921  879
  825  768  717  680  662  657  658  652  631  593  544  491  439  395  361  340
  331  328  329  330  332  334  333  327  315  302  292  288  291  295  294  287
  276  265  253  238  218  197  177  164  156  154  159  173  197  230  270  311
  351  392  430  459  484  518  549  567  623                                   
     7.5-180.0 180.0   5.0 450.0                            LAT/LON1/LON2/DLON/H
  633  672  701  710  741  758  783  811  852  890  922  944  954  951  933  899
  854  804  759  726  708  700  694  679  645  592  529  466  412  370  341  326
