data/edconvlstm_nd/pred0670.15i
     1.0            IONOSPHERE MAPS     GNSS                IONEX VERSION / TYPE
pyspatialgeodesy        IME             05-JAN-18 20:20     PGM / RUN BY / DATE 
Map Name                                                    COMMENT             
Predicted global ionosphere maps (GIM).                     DESCRIPTION         
  2015     3     8     0     0     0                        EPOCH OF FIRST MAP  
  2015     3     9     0     0     0                        EPOCH OF LAST MAP   
  7200                                                      INTERVAL            
    13                                                      # OF MAPS IN FILE   
  NONE                                                      MAPPING FUNCTION    
10.0                                                        ELEVATION CUTOFF    
One-way carrier phase leveled to code                       OBSERVABLES USED    
  6371.0                                                    BASE RADIUS         
 2                                                          MAP DIMENSION       
   450.0 450.0   0.0                                        HGT1 / HGT2 / DHGT  
    87.5 -87.5  -2.5                                        LAT1 / LAT2 / DLAT  
  -180.0 180.0   5.0                                        LON1 / LON2 / DLON  
    -1                                                      EXPONENT            
                                                            END OF HEADER       
[from data line 2145]
     6                                                      START OF TEC MAP    
  2015     3     8    10     0     0                        EPOCH OF CURRENT MAP
    87.5-180.0 180.0   5.0 450.0                            LAT/LON1/LON2/DLON/H
  118  120  120  127  132  134  134  134  138  141  142  144  145  146  146  147
  148  148  149  149  150  150  151  151  152  152  153  153  154  154  154  154
  154  153  153  152  150  149  147  145  143  140  138  135  133  130  127  125
  122  119  116  114  111  109  106  104  102  100   99   98   97   96   96   96
   98  100  101  101  107  109  119  122  118                                   
    85.0-180.0 180.0   5.0 450.0                            LAT/LON1/LON2/DLON/H
  109  118  127  127  130  135  138  141  144  146  147  149  150  151  152  152
  153  154  155  155  156  157  158  159  161  162  163  164  165  166  167  168
  168  168  167  166  165  163  161  159  156  153  150  147  144  140  137  133
  129  126  122  118  115  111  108  104  102   99   97   96   94   94   94   94
   97   99   97   99  100  106  111  115  109                                   
    82.5-180.0 180.0   5.0 450.0                            LAT/LON1/LON2/DLON/H
   97  112  117  117  119  125  129  132  135  137  138  140  141  141  142  142
  143  144  145  146  147  149  151  152  155  157  159  162  164  167  169  171
  173  174  174  174  174  172  170  168  165  162  159  155  151  147  143  139
  135  130  125  119  114  108  103   98   93   89   85   82   79   78   77   77
   78   81   80   83   88   97   97   96   97                                   
    80.0-180.0 180.0   5.0 450.0                            LAT/LON1/LON2/DLON/H
   94  103  108  111  114  118  121  126  129  131  132  133  133  132  132  132
  132  133  133  134  135  137  139  141  143  146  149  153  157  161  165  169
  172  175  177  178  178  177  176  174  172  170  167  165  162  159  156  153
  149  144  139  133  126  119  112  105   98   91   85   80   76   73   71   70
   71   71   72   74   79   88   95   91   94                                   
    77.5-180.0 180.0   5.0 450.0                            LAT/LON1/LON2/DLON/H
   98  101  104  107  109  113  115  118  121  121  121  121  120  119  118  118
  118  119  119  121  122  124  126  128  131  135  139  144  150  156  162  168
  173  178  182  185  186  187  187  186  185  184  183  182  182  182  181  180
  179  176  172  167  160  152  143  134  124  115  106   98   91   86   81   79
   77   76   75   78   82   85   92   92   98                                   
    75.0-180.0 180.0   5.0 450.0                            LAT/LON1/LON2/DLON/H
   96  101   99  103  106  109  110  111  113  112  110  109  106  105  103  103
  103  104  105  107  109  111  113  115  118  121  126  132  138  146  154  162
  169  176  181  185  188  189  190  191  191  192  194  197  200  203  207  210
  212  212  210  206  200  192  182  171  159  147  136  125  116  108  101   97
   93   90   88   85   89   91   96   90   96                                   
    72.5-180.0 180.0   5.0 450.0                            LAT/LON1/LON2/DLON/H
   96   99   97  101  102  106  107  107  107  105  102   99   96   93   92   91
   92   94   96   99  102  104  106  108  111  114  118  124  131  140  149  159
  168  176  183  188  191  193  194  196  197  200  205  211  218  225  233  241
  247  251  252  250  245  237  227  215  201  187  173  159  147  137  128  121
  115  110  106  101  100  101  104  101   96                                   
    70.0-180.0 180.0   5.0 450.0                            LAT/LON1/LON2/DLON/H
   98   98   96   99   99  101  102  103  102  100   96   92   88   84   82   82
   83   86   89   93   97  100  102  104  106  108  112  117  125  134  144  155
  165  174  181  186  190  192  193  195  198  203  209  218  229  240  252  263
  273  280  283  283  279  271  260  246  231  215  199  184  170  157  147  138
  130  123  118  111  108  107  111  109   98                                   
    67.5-180.0 180.0   5.0 450.0                            LAT/LON1/LON2/DLON/H
   94   94   93   95   95   99  101  102  102  100   96   92   87   83   80   80
   82   86   90   95   99  102  104  105  106  107  110  114  121  131  141  152
  163  173  180  185  188  190  191  193  196  202  210  220  233  248  262  276
  287  296  300  301  296  288  277  263  247  230  213  197  182  169  157  147
  138  130  124  114  109  107  110  110   94                                   
    65.0-180.0 180.0   5.0 450.0                            LAT/LON1/LON2/DLON/H
   90   89   87   89   88   93   96   99  101  100   98   94   89   84   81   81
   83   86   91   96  100  103  104  104  104  105  107  112  119  129  140  152
  163  173  181  186  188  190  191  193  197  203  213  225  239  254  270  284
  296  304  308  308  303  294  282  268  251  234  218  201  186  172  159  148
  138  129  121  111  106  103  106  110   90                                   
    62.5-180.0 180.0   5.0 450.0                            LAT/LON1/LON2/DLON/H
   86   82   80   81   79   84   89   94   97   99   99   96   92   87   84   83
   85   88   92   96   99  100  101  101  100  101  103  108  116  127  139  152
  164  175  183  188  190  191  193  195  200  208  218  231  245  260  275  288
  298  305  308  306  300  291  279  265  249  233  217  201  186  171  157  145
  134  123  115  103   98   93   97  103   86                                   
    60.0-180.0 180.0   5.0 450.0                            LAT/LON1/LON2/DLON/H
   83   77   72   71   69   73   78   84   89   93   95   95   92   89   86   84
   84   86   89   91   92   92   92   92   92   93   97  103  112  124  138  152
  166  178  187  193  196  198  200  204  210  218  229  242  255  269  282  293
  301  305  306  304  297  288  277  264  250  235  220  205  190  175  160  146
  132  119  110   98   92   84   88   94   83                                   
    57.5-180.0 180.0   5.0 450.0                            LAT/LON1/LON2/DLON/H
   86   76   69   65   61   63   67   73   79   85   89   91   90   88   85   83
   83   83   84   84   83   82   81   80   81   84   90   98  109  123  139  156
  172  186  196  204  208  212  216  221  229  238  250  262  274  285  295  303
  309  312  311  307  301  293  283  272  260  247  234  221  206  190  174  159
  142  127  116  101   94   83   85   91   86                                   
    55.0-180.0 180.0   5.0 450.0                            LAT/LON1/LON2/DLON/H
   96   83   73   66   60   59   60   64   69   75   80   84   85   84   83   81
   80   79   78   76   73   71   69   69   72   77   85   96  109  125  143  162
  181  197  211  221  228  233  239  246  255  266  277  288  298  307  315  320
  324  325  323  319  314  306  298  289  280  269  259  246  233  217  200  182
  164  146  133  116  107   93   92   95   96                                   
    52.5-180.0 180.0   5.0 450.0                            LAT/LON1/LON2/DLON/H
  113   97   86   75   67   63   61   61   64   68   73   77   79   80   80   80
   79   77   74   70   66   63   61   63   67   74   84   97  112  130  151  172
  194  213  230  243  253  261  269  277  287  298  309  319  327  334  339  342
  344  344  342  338  333  327  320  313  305  297  287  277  264  249  232  213
  193  173  158  139  129  112  108  107  113                                   
    50.0-180.0 180.0   5.0 450.0                            LAT/LON1/LON2/DLON/H
  132  116  105   93   84   76   71   67   67   69   72   75   77   78   79   80
   79   77   74   69   64   61   59   61   67   76   88  103  120  139  161  184
  209  231  251  268  281  291  301  311  322  332  342  350  357  361  364  366
  366  365  363  359  355  349  342  335  328  320  312  302  291  276  260  242
  221  202  184  165  154  136  129  126  132                                   
    47.5-180.0 180.0   5.0 450.0                            LAT/LON1/LON2/DLON/H
  151  136  127  116  107   98   90   82   78   77   77   78   80   81   83   84
   84   82   78   73   68   65   64   66   73   83   96  111  129  149  172  197
  223  249  272  292  308  321  332  343  354  364  373  379  384  387  388  388
  387  384  381  376  371  364  356  348  339  331  322  313  301  288  273  257
  238  221  204  186  174  159  150  146  151                                   
    45.0-180.0 180.0   5.0 450.0                            LAT/LON1/LON2/DLON/H
  163  152  147  139  132  124  115  105   97   93   90   90   90   90   91   92
   91   89   86   82   77   74   73   76   82   92  106  121  139  159  182  207
  235  262  288  311  330  346  359  371  382  392  399  404  407  409  408  406
  403  399  393  386  378  369  359  347  336  326  315  304  293  280  266  252
  237  223  208  194  184  172  164  161  163                                   
    42.5-180.0 180.0   5.0 450.0                            LAT/LON1/LON2/DLON/H
  164  159  159  157  153  148  141  131  121  114  109  107  105  105  105  104
  102  100   96   93   89   86   85   87   93  103  115  131  148  167  189  214
  242  271  299  325  347  365  381  394  406  415  422  427  429  429  427  423
  417  410  402  392  381  368  355  340  326  312  299  285  271  257  243  231
  218  208  196  186  179  171  166  164  164                                   
    40.0-180.0 180.0   5.0 450.0                            LAT/LON1/LON2/DLON/H
  154  155  160  163  165  165  162  154  144  136  130  127  125  124  122  119
  115  112  108  104  100   98   97   98  103  111  124  139  156  174  195  219
  246  275  305  333  358  380  398  414  427  437  445  450  452  452  450  444
  436  426  415  402  389  373  356  339  322  306  290  272  254  236  220  206
  193  183  174  166  162  156  155  155  154                                   
    37.5-180.0 180.0   5.0 450.0                            LAT/LON1/LON2/DLON/H
  139  143  150  156  164  168  172  168  161  155  149  147  145  143  140  135
  129  123  118  113  110  107  106  106  110  118  130  145  162  180  199  221
  247  277  308  339  367  392  414  433  449  461  471  477  482  483  481  475
  466  454  441  428  413  396  378  360  342  324  305  284  261  237  215  196
  179  167  156  147  143  136  139  139  139                                   
    35.0-180.0 180.0   5.0 450.0                            LAT/LON1/LON2/DLON/H
  125  128  134  140  151  159  167  170  168  165  163  163  163  162  157  150
  141  133  127  121  117  114  112  111  115  123  136  151  168  185  202  223
  248  278  310  344  376  405  431  454  474  489  502  512  520  524  524  519
  511  500  488  475  461  445  428  411  395  377  358  334  305  274  244  217
  194  175  159  144  137  125  128  125  125                                   
    32.5-180.0 180.0   5.0 450.0                            LAT/LON1/LON2/DLON/H
  121  119  119  123  133  140  152  158  162  164  167  172  175  175  171  162
  152  142  134  127  122  118  115  115  119  128  142  158  175  191  208  227
  251  282  316  353  388  421  451  478  501  522  539  554  567  575  579  578
  573  565  556  546  535  522  509  495  482  467  448  422  390  352  314  278
  245  218  195  170  157  135  134  124  121                                   
    30.0-180.0 180.0   5.0 450.0                            LAT/LON1/LON2/DLON/H
  134  123  114  113  118  122  133  141  148  155  163  172  179  181  178  170
  160  149  140  132  125  120  118  119  124  134  149  166  184  201  217  236
  261  292  328  367  405  441  474  504  531  556  578  599  618  633  643  647
  648  647  644  640  634  625  616  607  598  586  569  544  508  465  419  375
  333  296  263  228  208  174  161  142  134                                   
    27.5-180.0 180.0   5.0 450.0                            LAT/LON1/LON2/DLON/H
  165  145  127  117  115  113  120  127  134  143  153  165  174  179  178  172
  163  153  144  135  127  123  121  124  131  142  158  177  197  215  232  252
  277  309  347  387  427  465  500  532  561  588  615  642  667  690  707  719
  729  736  742  746  746  743  740  736  731  724  709  684  647  601  550  499
  448  403  357  313  285  240  210  183  165                                   
    25.0-180.0 180.0   5.0 450.0                            LAT/LON1/LON2/DLON/H
  216  187  159  140  130  120  120  123  127  135  144  156  166  172  172  168
  161  153  145  137  129  125  126  130  139  152  170  190  212  233  252  273
  300  333  373  414  455  493  527  559  589  617  646  677  708  737  762  783
  801  818  833  844  851  854  856  859  860  856  844  820  783  736  684  629
  573  522  465  413  375  323  277  244  216                                   
    22.5-180.0 180.0   5.0 450.0                            LAT/LON1/LON2/DLON/H
  282  244  209  182  162  144  136  133  132  135  141  150  157  161  162  159
  155  150  144  137  131  129  131  138  148  162  181  204  228  251  273  297
  326  362  403  445  485  522  555  585  613  641  671  703  738  771  801  828
  853  876  896  911  922  929  936  944  950  950  941  920  887  842  791  737
  683  633  571  513  468  413  357  318  282                                   
    20.0-180.0 180.0   5.0 450.0                            LAT/LON1/LON2/DLON/H
  352  306  267  237  205  181  166  156  149  146  146  149  152  153  152  150
  147  145  141  136  132  132  136  144  155  171  191  215  241  267  293  321
  354  393  435  476  515  549  579  607  633  660  689  721  756  790  822  851
  877  901  920  934  944  952  961  971  979  982  977  960  931  892  848  799
  751  708  651  594  545  492  435  396  352                                   
    17.5-180.0 180.0   5.0 450.0                            LAT/LON1/LON2/DLON/H
  412  361  324  293  252  225  205  189  176  166  160  156  153  149  145  142
  141  140  139  135  134  135  141  149  161  176  196  221  250  280  311  344
  381  422  464  504  539  570  598  623  648  673  701  732  765  797  826  851
  873  892  905  914  918  923  930  939  947  950  946  933  910  879  843  803
  764  731  689  638  593  544  493  461  412                                   
    15.0-180.0 180.0   5.0 450.0                            LAT/LON1/LON2/DLON/H
  450  401  369  342  298  269  246  227  209  193  179  169  160  151  144  140
  138  138  137  135  135  137  143  152  162  177  197  224  256  291  327  364
  404  445  486  523  556  585  610  634  657  681  708  737  767  794  816  834
  846  855  859  860  858  858  861  866  871  872  868  858  839  815  787  757
  728  706  679  640  605  563  521  500  450                                   
    12.5-180.0 180.0   5.0 450.0                            LAT/LON1/LON2/DLON/H
  467  425  401  379  337  308  285  264  242  221  202  185  171  159  149  142
  140  139  138  136  136  139  145  153  162  176  197  227  262  301  340  380
  420  461  500  535  566  593  617  640  663  687  713  739  764  785  798  805
  808  806  801  793  787  783  782  782  783  781  776  767  752  732  710  686
  664  651  638  611  590  557  524  513  467                                   
    10.0-180.0 180.0   5.0 450.0                            LAT/LON1/LON2/DLON/H
  467  437  419  404  368  340  317  295  271  246  223  203  186  170  158  149
  145  143  141  139  139  142  147  154  163  177  201  234  272  313  354  394
  433  472  509  542  571  596  620  643  667  692  717  742  763  777  783  781
  775  765  753  742  733  727  723  721  717  712  705  695  682  663  642  619
  601  591  587  571  562  538  514  506  467                                   
     7.5-180.0 180.0   5.0 450.0                            LAT/LON1/LON2/DLON/H
  461  442  430  418  391  366  343  320  294  267  240  219  200  184  170  160
  154  150  147  144  143  146  150  157  167  184  212  247  288  329  368  406
