data/edconvlstm_nd/pred1140.15i
     1.0            IONOSPHERE MAPS     GNSS                IONEX VERSION / TYPE
pyspatialgeodesy        IME             05-JAN-18 20:20     PGM / RUN BY / DATE 
Map Name                                                    COMMENT             
Predicted global ionosphere maps (GIM).                     DESCRIPTION         
  2015     4    24     0     0     0                        EPOCH OF FIRST MAP  
  2015     4    25     0     0     0                        EPOCH OF LAST MAP   
  7200                                                      INTERVAL            
    13                                                      # OF MAPS IN FILE   
  NONE                                                      MAPPING FUNCTION    
10.0                                                        ELEVATION CUTOFF    
One-way carrier phase leveled to code                       OBSERVABLES USED    
  6371.0                                                    BASE RADIUS         
 2                                                          MAP DIMENSION       
   450.0 450.0   0.0                                        HGT1 / HGT2 / DHGT  
    87.5 -87.5  -2.5                                        LAT1 / LAT2 / DLAT  
  -180.0 180.0   5.0                                        LON1 / LON2 / DLON  
    -1                                                      EXPONENT            
                                                            END OF HEADER       
[from data line 4290]
    11                                                      START OF TEC MAP    
  2015     4    24    20     0     0                        EPOCH OF CURRENT MAP
    87.5-180.0 180.0   5.0 450.0                            LAT/LON1/LON2/DLON/H
  255  241  225  232  234  236  235  234  234  235  235  235  235  235  235  235
  235  234  234  233  232  232  231  230  229  227  226  225  224  222  221  220
  219  218  217  216  215  215  214  214  214  214  214  215  215  216  216  217
  218  219  220  220  221  222  223  224  225  226  226  227  228  228  229  229
  229  230  229  231  239  243  235  242  255                                   
    85.0-180.0 180.0   5.0 450.0                            LAT/LON1/LON2/DLON/H
  242  240  242  237  233  237  236  237  237  237  236  236  236  236  236  235
  235  234  233  232  231  230  229  228  227  225  223  222  220  219  217  216
  214  213  212  211  211  211  210  211  211  212  212  213  214  215  217  218
  219  221  222  224  225  227  228  230  231  232  233  234  235  236  236  236
  237  237  238  238  242  232  231  243  242                                   
    82.5-180.0 180.0   5.0 450.0                            LAT/LON1/LON2/DLON/H
  224  232  231  230  229  235  235  235  234  235  235  235  235  235  235  234
  234  233  232  231  230  228  227  225  224  222  220  218  216  213  211  209
  207  205  203  202  201  201  201  201  202  202  204  205  206  208  210  212
  214  216  218  220  222  224  226  228  230  231  233  234  235  236  236  236
  236  235  234  238  236  238  234  227  224                                   
    80.0-180.0 180.0   5.0 450.0                            LAT/LON1/LON2/DLON/H
  219  225  226  224  221  224  226  230  230  232  232  233  233  234  233  233
  233  232  231  230  229  227  226  225  223  222  220  217  215  212  209  206
  203  200  198  196  195  194  194  194  195  196  197  199  200  202  204  206
  208  210  212  215  217  219  222  224  226  228  230  231  232  232  233  233
  232  231  230  232  228  218  217  217  219                                   
    77.5-180.0 180.0   5.0 450.0                            LAT/LON1/LON2/DLON/H
  219  218  223  221  221  226  228  232  234  237  238  240  241  241  241  241
  240  239  238  237  236  235  235  234  233  232  231  228  226  222  219  215
  211  208  205  202  200  199  199  199  200  200  201  202  203  204  205  207
  208  209  211  213  215  218  220  222  224  226  228  229  230  231  232  231
  230  228  227  228  227  214  215  219  219                                   
    75.0-180.0 180.0   5.0 450.0                            LAT/LON1/LON2/DLON/H
  216  215  218  216  217  223  226  231  235  239  241  244  245  246  245  244
  243  241  240  239  239  239  239  239  240  240  239  237  234  231  226  222
  217  213  209  206  204  202  201  201  201  201  201  201  201  201  201  201
  201  202  202  203  205  207  208  210  212  214  216  218  219  220  222  222
  221  220  220  219  217  205  206  205  216                                   
    72.5-180.0 180.0   5.0 450.0                            LAT/LON1/LON2/DLON/H
  214  214  217  220  220  227  231  237  242  247  251  254  256  257  256  254
  252  249  247  246  245  246  247  248  249  250  249  248  244  240  235  230
  224  219  215  211  208  207  206  205  205  204  204  203  201  200  198  196
  195  194  194  194  194  195  196  198  199  201  203  205  207  209  211  213
  212  213  213  212  210  201  204  208  214                                   
    70.0-180.0 180.0   5.0 450.0                            LAT/LON1/LON2/DLON/H
  213  214  215  218  220  226  232  238  245  252  257  261  264  265  263  261
  257  254  251  249  248  248  250  251  253  253  253  250  247  241  235  229
  222  216  211  207  204  202  201  200  200  199  197  195  193  190  187  184
  181  179  178  177  177  176  177  177  178  179  181  184  187  190  194  198
  199  201  203  202  202  197  202  205  213                                   
    67.5-180.0 180.0   5.0 450.0                            LAT/LON1/LON2/DLON/H
  215  217  219  224  227  234  240  247  255  264  270  277  281  282  281  278
  273  268  264  261  260  260  260  261  262  262  260  257  252  245  238  230
  223  216  210  206  203  201  201  200  199  198  196  193  189  185  181  177
  173  171  169  167  166  165  164  164  164  165  166  169  173  178  184  189
  192  196  198  198  199  195  200  206  215                                   
    65.0-180.0 180.0   5.0 450.0                            LAT/LON1/LON2/DLON/H
  212  216  218  224  228  234  240  248  257  268  277  285  292  294  294  291
  286  281  275  271  269  267  267  266  265  263  260  255  248  241  232  224
  216  208  202  198  195  193  193  192  192  190  187  183  178  173  168  163
  159  156  154  152  151  149  148  147  146  146  147  151  155  162  169  176
  181  186  190  191  193  193  199  204  212                                   
    62.5-180.0 180.0   5.0 450.0                            LAT/LON1/LON2/DLON/H
  209  215  218  223  228  234  240  248  259  271  282  294  303  308  309  308
  303  297  292  287  283  279  277  274  270  266  260  254  246  238  229  220
  211  203  197  192  190  189  188  188  188  185  182  177  171  165  159  153
  149  146  144  142  140  139  137  135  133  133  134  138  143  151  159  168
  175  181  186  186  189  191  196  201  209                                   
    60.0-180.0 180.0   5.0 450.0                            LAT/LON1/LON2/DLON/H
  206  214  218  221  226  230  236  244  256  269  283  297  309  318  322  322
  319  314  308  302  297  291  286  281  274  268  260  253  245  237  228  219
  210  202  195  191  189  188  188  188  187  184  180  173  166  159  152  146
  141  138  136  135  134  132  130  128  126  124  125  129  135  143  153  164
  172  180  185  185  187  190  196  199  206                                   
    57.5-180.0 180.0   5.0 450.0                            LAT/LON1/LON2/DLON/H
  207  216  221  222  226  229  233  240  252  266  282  299  313  325  332  335
  334  330  325  318  311  304  296  288  280  271  263  256  249  242  235  226
  217  208  202  197  195  194  195  194  193  189  183  175  166  157  149  143
  138  135  134  133  132  131  129  126  124  122  123  126  132  142  153  165
  174  184  190  190  191  195  200  202  207                                   
    55.0-180.0 180.0   5.0 450.0                            LAT/LON1/LON2/DLON/H
  215  224  230  229  232  233  235  241  251  265  282  299  316  330  340  346
  347  345  340  333  325  316  307  297  287  278  270  265  260  255  248  240
  231  222  215  211  208  208  208  207  204  199  191  181  171  161  152  145
  141  138  136  136  135  135  133  131  128  126  126  129  136  145  158  171
  182  193  200  202  202  206  211  212  215                                   
    52.5-180.0 180.0   5.0 450.0                            LAT/LON1/LON2/DLON/H
  230  240  246  244  247  246  246  249  257  269  284  302  319  334  346  354
  358  357  352  345  336  327  317  307  297  288  282  278  276  273  267  259
  250  241  233  228  226  225  224  222  218  211  202  190  179  168  159  152
  147  144  143  142  142  141  140  139  137  135  135  137  143  153  166  181
  194  207  216  219  220  224  230  230  230                                   
    50.0-180.0 180.0   5.0 450.0                            LAT/LON1/LON2/DLON/H
  253  262  268  267  269  269  267  267  272  282  294  309  325  340  353  362
  367  367  362  355  347  338  329  319  309  302  297  296  296  294  289  280
  270  260  252  247  244  242  240  237  231  222  211  199  187  176  167  161
  156  154  152  151  151  150  150  149  148  146  146  148  154  163  177  192
  207  222  234  241  243  248  256  256  253                                   
    47.5-180.0 180.0   5.0 450.0                            LAT/LON1/LON2/DLON/H
  279  288  293  295  298  300  296  295  297  303  311  323  336  350  362  372
  377  376  372  366  358  350  342  333  325  319  316  316  316  314  308  297
  285  274  266  261  258  256  253  247  240  229  217  205  193  183  176  170
  167  164  162  160  160  159  160  160  159  158  158  160  164  173  186  203
  219  238  252  263  267  274  284  287  279                                   
    45.0-180.0 180.0   5.0 450.0                            LAT/LON1/LON2/DLON/H
  305  314  319  325  330  333  331  329  330  333  337  345  355  365  376  384
  389  388  384  377  371  365  358  351  344  338  336  335  334  330  321  308
  295  283  276  271  269  265  260  253  243  232  220  208  197  189  183  179
  176  174  171  169  168  168  168  169  169  169  168  169  173  181  194  210
  228  249  266  281  288  297  311  317  305                                   
    42.5-180.0 180.0   5.0 450.0                            LAT/LON1/LON2/DLON/H
  328  338  343  353  362  367  367  366  367  368  370  374  380  388  396  403
  406  405  400  394  388  384  379  372  365  359  355  352  349  341  329  314
  299  288  282  280  278  274  267  258  247  234  222  211  201  195  191  188
  185  182  179  176  175  175  175  176  176  176  175  175  177  184  196  212
  230  255  274  292  302  314  330  341  328                                   
    40.0-180.0 180.0   5.0 450.0                            LAT/LON1/LON2/DLON/H
  344  357  364  376  390  396  401  402  404  406  406  408  411  416  422  428
  430  428  423  417  413  409  404  397  389  381  374  368  361  351  336  320
  306  297  293  293  292  287  279  268  255  242  230  219  210  204  201  198
  195  192  188  184  183  182  183  183  182  180  177  176  177  182  193  209
  227  252  274  293  306  322  340  353  344                                   
    37.5-180.0 180.0   5.0 450.0                            LAT/LON1/LON2/DLON/H
  355  369  381  394  412  421  430  434  439  442  443  444  446  450  455  459
  461  459  454  449  444  440  434  425  414  403  394  385  376  364  349  334
  322  316  316  319  319  313  302  289  275  262  248  236  227  220  216  212
  208  204  199  196  194  193  193  191  188  184  179  176  175  178  187  202
  219  245  268  288  301  320  341  355  355                                   
    35.0-180.0 180.0   5.0 450.0                            LAT/LON1/LON2/DLON/H
  364  379  395  407  430  441  455  462  471  477  479  481  483  487  491  495
  497  495  491  486  482  477  468  456  442  429  417  408  399  388  375  362
  354  353  357  362  362  355  342  327  311  296  282  267  255  246  240  234
  228  221  216  213  212  211  209  205  199  192  185  179  176  177  184  196
  212  237  260  280  294  314  337  351  364                                   
    32.5-180.0 180.0   5.0 450.0                            LAT/LON1/LON2/DLON/H
  375  391  411  423  448  460  478  488  501  509  514  518  521  525  529  533
  534  533  530  526  522  515  504  489  473  458  447  439  433  426  417  411
  408  412  419  425  423  413  396  378  362  346  329  312  296  283  272  263
  254  247  242  239  237  236  232  225  216  206  196  189  184  183  188  197
  211  234  255  274  288  309  333  348  375                                   
    30.0-180.0 180.0   5.0 450.0                            LAT/LON1/LON2/DLON/H
  393  410  430  445  471  485  504  515  530  541  548  554  558  562  567  570
  571  569  567  564  560  552  539  522  506  493  485  482  482  481  481  481
  484  490  497  499  492  476  456  436  420  404  386  365  345  327  312  300
  289  281  276  273  271  268  261  251  238  226  215  206  201  198  200  207
  219  239  257  275  289  309  334  349  393                                   
    27.5-180.0 180.0   5.0 450.0                            LAT/LON1/LON2/DLON/H
  418  435  455  474  503  518  537  548  565  576  584  591  596  600  604  605
  605  602  600  597  593  585  571  555  541  533  533  538  546  554  561  567
  571  574  574  568  552  529  505  487  473  460  442  420  396  374  356  341
  330  322  317  315  312  306  296  282  266  251  239  230  223  219  219  223
  233  251  268  284  298  316  340  358  418                                   
    25.0-180.0 180.0   5.0 450.0                            LAT/LON1/LON2/DLON/H
  448  466  483  510  544  560  579  590  606  617  626  632  636  640  641  640
  637  633  629  626  621  613  601  588  580  579  588  602  619  634  645  650
  649  643  631  611  584  555  530  515  507  499  484  462  437  415  396  382
  372  366  363  360  355  346  333  316  298  282  269  259  252  245  241  243
  251  267  283  298  311  328  350  375  448                                   
    22.5-180.0 180.0   5.0 450.0                            LAT/LON1/LON2/DLON/H
  474  495  512  548  589  606  626  638  654  665  673  679  682  683  682  677
  670  663  656  651  646  638  629  621  620  628  645  667  688  704  711  709
  697  678  650  617  579  543  520  511  511  510  501  483  461  441  426  416
  410  407  405  401  393  379  362  342  323  307  295  286  279  271  264  262
  268  282  299  314  326  342  364  398  474                                   
    20.0-180.0 180.0   5.0 450.0                            LAT/LON1/LON2/DLON/H
  490  518  537  581  627  648  669  684  702  715  724  730  732  731  727  719
  708  696  685  677  671  664  658  656  661  676  698  719  736  745  743  730
  706  672  630  581  533  495  475  473  483  491  489  477  461  447  440  437
  438  439  438  432  418  398  376  354  335  319  308  301  294  287  279  274
  279  292  310  327  339  356  379  421  490                                   
    17.5-180.0 180.0   5.0 450.0                            LAT/LON1/LON2/DLON/H
  495  530  555  602  652  676  700  718  740  757  771  779  783  781  775  765
  751  735  721  709  701  695  692  694  704  719  737  749  755  751  738  714
  678  631  574  514  461  423  408  414  431  446  451  446  438  434  436  442
  450  455  455  446  427  401  375  352  333  319  309  303  298  291  282  275
  279  294  314  333  347  367  392  438  495                                   
    15.0-180.0 180.0   5.0 450.0                            LAT/LON1/LON2/DLON/H
  491  531  561  609  660  686  714  735  763  786  805  819  826  828  823  813
  799  782  765  750  740  734  732  736  744  753  759  757  748  732  709  675
  628  568  502  438  385  352  343  354  375  393  402  402  401  406  417  433
  447  455  454  441  418  388  360  338  322  310  301  296  291  284  274  267
  269  285  308  330  349  373  400  446  491                                   
    12.5-180.0 180.0   5.0 450.0                            LAT/LON1/LON2/DLON/H
  481  522  557  605  654  683  714  737  768  796  822  842  856  862  862  857
  846  831  814  799  786  779  777  777  780  778  770  753  730  704  671  629
  573  508  440  379  333  306  300  312  331  348  356  358  362  373  392  414
  432  441  438  422  395  365  338  319  306  296  288  282  276  268  258  250
  251  268  294  320  345  375  403  446  481                                   
    10.0-180.0 180.0   5.0 450.0                            LAT/LON1/LON2/DLON/H
  469  511  551  597  645  674  705  730  762  794  824  849  868  880  887  888
  885  876  863  848  834  825  819  816  810  797  776  747  714  678  639  593
  536  473  410  358  320  299  293  300  312  323  327  328  333  348  371  396
  414  421  414  395  367  338  315  301  291  283  274  265  258  249  239  231
  231  248  275  305  337  373  403  443  469                                   
     7.5-180.0 180.0   5.0 450.0                            LAT/LON1/LON2/DLON/H
  460  506  549  594  639  670  701  724  755  787  817  844  865  882  894  903
  908  908  901  889  875  864  856  848  835  814  783  746  706  667  627  581
