data/edconvlstm_nd/pred3130.15i
     1.0            IONOSPHERE MAPS     GNSS                IONEX VERSION / TYPE
pyspatialgeodesy        IME             05-JAN-18 20:20     PGM / RUN BY / DATE 
Map Name                                                    COMMENT             
Predicted global ionosphere maps (GIM).                     DESCRIPTION         
  2015    11     9     0     0     0                        EPOCH OF FIRST MAP  
  2015    11    10     0     0     0                        EPOCH OF LAST MAP   
  7200                                                      INTERVAL            
    13                                                      # OF MAPS IN FILE   
  NONE                                                      MAPPING FUNCTION    
10.0                                                        ELEVATION CUTOFF    
One-way carrier phase leveled to code                       OBSERVABLES USED    
  6371.0                                                    BASE RADIUS         
 2                                                          MAP DIMENSION       
   450.0 450.0   0.0                                        HGT1 / HGT2 / DHGT  
    87.5 -87.5  -2.5                                        LAT1 / LAT2 / DLAT  
  -180.0 180.0   5.0                                        LON1 / LON2 / DLON  
    -1                                                      EXPONENT            
                                                            END OF HEADER       
[from data line 3003]
     8                                                      START OF TEC MAP    
  2015    11     9    14     0     0                        EPOCH OF CURRENT MAP
    87.5-180.0 180.0   5.0 450.0                            LAT/LON1/LON2/DLON/H
   67   79   81   84   87   86   86   82   83   85   85   86   86   87   87   87
   88   88   88   88   87   87   87   86   85   84   83   82   81   80   79   78
   77   76   75   74   73   72   72   71   71   71   71   71   71   71   72   73
   73   74   75   76   77   78   78   79   80   80   81   81   81   81   81   82
   82   82   79   76   79   80   92   89   67                                   
    85.0-180.0 180.0   5.0 450.0                            LAT/LON1/LON2/DLON/H
   74   85  100   81   82   85   85   86   87   89   89   90   90   91   91   92
   92   92   93   93   93   93   93   93   92   92   91   90   89   88   87   85
   84   83   82   82   81   80   79   79   78   78   78   78   78   78   78   79
   80   80   81   82   83   84   85   86   86   87   87   87   87   87   87   87
   87   86   81   77   80   82   90   85   74                                   
    82.5-180.0 180.0   5.0 450.0                            LAT/LON1/LON2/DLON/H
   62   73   80   69   70   72   74   75   76   78   79   80   81   81   82   83
   84   84   85   86   86   86   87   87   87   86   85   84   83   82   80   79
   77   75   74   73   71   70   69   68   68   67   66   66   66   67   67   68
   69   70   72   73   75   76   78   79   80   80   80   80   80   79   78   78
   78   76   72   68   73   81   79   75   62                                   
    80.0-180.0 180.0   5.0 450.0                            LAT/LON1/LON2/DLON/H
   50   57   65   57   58   56   59   60   63   64   65   66   67   68   69   70
   71   72   73   75   76   77   79   80   80   80   80   79   78   76   74   72
   70   68   66   65   63   62   61   60   58   57   57   56   56   56   57   58
   60   62   64   66   68   70   72   73   74   74   74   73   72   71   69   68
   67   65   63   60   60   67   66   68   50                                   
    77.5-180.0 180.0   5.0 450.0                            LAT/LON1/LON2/DLON/H
   50   52   51   44   45   44   47   48   50   50   50   52   53   54   55   56
   58   60   62   65   68   71   74   76   78   79   80   79   78   76   73   71
   68   66   63   61   59   57   55   53   51   49   47   46   45   45   46   47
   50   52   56   59   62   65   68   69   70   70   69   68   66   64   61   59
   57   55   53   52   50   51   53   55   50                                   
    75.0-180.0 180.0   5.0 450.0                            LAT/LON1/LON2/DLON/H
   34   42   40   37   39   38   39   39   41   42   41   42   43   43   44   45
   47   49   52   56   61   66   71   76   79   82   83   83   82   79   76   73
   70   67   65   63   61   59   57   55   52   49   47   44   43   42   42   43
   45   48   52   56   59   63   65   67   67   67   65   63   61   58   55   53
   51   49   48   45   46   44   44   40   34                                   
    72.5-180.0 180.0   5.0 450.0                            LAT/LON1/LON2/DLON/H
   37   43   40   39   38   38   39   39   38   38   37   38   38   38   38   39
   40   43   47   52   58   65   73   80   85   90   92   92   90   87   83   79
   75   72   69   67   65   64   61   59   56   52   49   45   42   40   39   40
   42   45   48   52   55   58   60   62   62   61   60   58   55   52   50   48
   46   45   45   43   45   45   45   45   37                                   
    70.0-180.0 180.0   5.0 450.0                            LAT/LON1/LON2/DLON/H
   38   46   46   44   43   42   42   42   42   42   40   40   39   39   38   38
   39   42   46   53   61   70   80   90   98  104  107  108  106  102   97   92
   87   83   79   77   75   74   72   70   66   62   58   53   49   46   44   44
   44   46   49   52   54   57   58   59   59   58   57   55   52   50   48   47
   46   46   48   47   49   50   54   53   38                                   
    67.5-180.0 180.0   5.0 450.0                            LAT/LON1/LON2/DLON/H
   43   52   50   49   49   49   49   50   49   48   47   46   45   44   43   42
   43   45   49   57   66   78   90  102  113  120  124  125  122  118  111  105
   98   93   89   86   84   82   80   78   75   70   65   60   55   51   48   47
   46   47   48   49   50   52   53   53   53   53   52   51   49   47   47   47
   47   48   50   50   52   54   56   54   43                                   
    65.0-180.0 180.0   5.0 450.0                            LAT/LON1/LON2/DLON/H
   43   52   50   51   50   52   53   54   54   53   52   52   51   50   48   47
   47   48   53   61   71   85   99  113  125  134  139  140  138  133  126  118
  111  104   98   95   92   90   88   86   83   79   74   69   63   59   55   52
   49   48   47   46   46   46   46   47   47   47   46   46   45   44   44   45
   46   48   52   52   55   58   59   58   43                                   
    62.5-180.0 180.0   5.0 450.0                            LAT/LON1/LON2/DLON/H
   39   48   45   47   48   50   52   54   55   55   55   56   55   55   54   52
   51   52   56   64   76   91  107  122  135  145  150  152  151  146  139  131
  123  115  108  103   99   97   95   92   89   86   81   76   71   65   60   55
   51   48   44   42   40   39   38   38   39   39   40   40   40   39   39   40
   42   44   48   49   52   52   53   52   39                                   
    60.0-180.0 180.0   5.0 450.0                            LAT/LON1/LON2/DLON/H
   31   38   35   38   39   41   44   46   48   50   51   53   54   55   55   54
   53   54   58   65   78   93  109  126  139  150  156  159  159  156  150  143
  135  126  118  111  106  102   99   97   94   91   87   83   78   72   66   60
   53   47   42   37   34   31   31   31   32   33   34   35   35   34   33   33
   34   35   39   40   44   42   42   42   31                                   
    57.5-180.0 180.0   5.0 450.0                            LAT/LON1/LON2/DLON/H
   21   28   25   29   30   32   35   38   41   43   45   48   51   53   55   55
   55   56   60   68   80   95  112  128  142  152  160  164  166  165  162  157
  150  141  132  124  117  112  108  106  104  101   99   95   90   84   77   69
   60   52   44   38   33   31   30   30   32   33   35   35   35   33   31   30
   29   29   32   33   36   32   31   32   21                                   
    55.0-180.0 180.0   5.0 450.0                            LAT/LON1/LON2/DLON/H
   16   21   18   22   23   25   27   30   32   34   37   41   45   50   53   55
   56   58   63   71   84   99  115  130  143  153  161  167  171  174  174  171
  165  156  147  138  130  124  120  117  116  115  113  110  106  100   91   81
   71   61   52   44   39   36   35   36   38   40   42   42   40   37   34   30
   27   26   27   27   31   25   23   24   16                                   
    52.5-180.0 180.0   5.0 450.0                            LAT/LON1/LON2/DLON/H
   15   20   16   20   20   22   23   25   26   28   30   35   40   46   51   55
   58   62   68   77   89  104  119  133  145  154  162  169  175  180  183  182
  178  171  162  153  144  138  134  132  132  131  131  129  125  118  108   97
   85   74   64   56   51   49   48   50   52   54   55   54   52   47   42   37
   32   29   29   29   31   25   22   23   15                                   
    50.0-180.0 180.0   5.0 450.0                            LAT/LON1/LON2/DLON/H
   21   24   20   24   24   25   25   25   25   25   27   30   36   43   50   56
   61   67   74   84   97  111  125  138  148  157  164  172  179  185  189  190
  187  181  173  165  158  153  150  149  149  149  149  147  143  136  125  113
  100   88   79   72   68   66   66   67   69   71   72   71   67   62   55   49
   43   39   39   37   39   34   30   30   21                                   
    47.5-180.0 180.0   5.0 450.0                            LAT/LON1/LON2/DLON/H
   32   34   30   33   33   35   33   31   29   28   27   30   35   42   50   58
   65   73   82   94  107  121  134  145  154  161  168  174  181  186  190  191
  190  186  180  174  170  166  165  164  164  164  164  162  157  149  138  125
  112  101   92   86   84   83   83   84   86   87   87   86   83   78   71   65
   59   55   54   52   53   49   46   44   32                                   
    45.0-180.0 180.0   5.0 450.0                            LAT/LON1/LON2/DLON/H
   48   50   46   49   48   50   47   43   39   35   33   34   38   45   54   62
   71   80   91  103  117  131  144  154  161  167  173  177  182  185  187  187
  186  184  182  180  179  178  178  178  177  176  175  171  165  157  145  132
  119  108  101   96   94   94   94   95   96   96   97   96   94   90   85   81
   76   73   72   70   71   69   66   63   48                                   
    42.5-180.0 180.0   5.0 450.0                            LAT/LON1/LON2/DLON/H
   63   67   64   67   66   67   63   59   53   48   43   43   46   52   60   69
   78   88  100  114  128  142  154  164  171  176  180  182  183  182  181  180
  180  181  183  186  189  191  192  191  188  185  180  175  167  158  145  132
  120  109  103   99   97   97   96   96   97   97   98   98   98   96   94   92
   89   88   88   86   87   86   83   80   63                                   
    40.0-180.0 180.0   5.0 450.0                            LAT/LON1/LON2/DLON/H
   73   79   77   81   79   80   77   73   68   63   58   56   58   64   71   80
   89   99  110  124  139  153  165  175  183  188  190  189  186  181  178  176
  178  182  190  198  205  209  210  206  200  193  185  176  167  155  143  130
  117  107  101   97   94   93   92   91   91   92   93   95   95   95   95   95
   95   95   96   94   96   95   93   90   73                                   
    37.5-180.0 180.0   5.0 450.0                            LAT/LON1/LON2/DLON/H
   74   81   80   85   84   84   84   83   80   76   72   71   73   78   85   93
  102  111  123  136  151  165  178  188  196  201  202  199  193  187  183  183
  188  197  210  223  233  238  236  229  218  205  193  181  168  156  143  130
  118  108  100   95   91   88   86   85   85   86   88   89   90   91   91   92
   93   93   94   93   93   92   90   89   74                                   
    35.0-180.0 180.0   5.0 450.0                            LAT/LON1/LON2/DLON/H
   67   73   72   78   78   78   80   83   85   85   84   85   87   93  101  110
  118  127  138  151  165  179  192  204  212  217  218  215  209  203  201  206
  216  232  250  266  277  280  275  262  246  228  210  194  179  166  153  140
  128  117  108  101   96   91   87   85   85   86   87   88   88   87   87   86
   86   85   86   84   83   79   77   79   67                                   
    32.5-180.0 180.0   5.0 450.0                            LAT/LON1/LON2/DLON/H
   56   60   57   64   63   63   68   75   81   86   89   93   99  107  117  127
  136  145  156  168  183  197  210  221  230  236  238  236  233  232  237  248
  266  287  309  327  336  336  326  308  286  263  240  221  204  189  176  164
  152  141  131  122  114  108  103  100   99  100  100   99   96   92   88   84
   81   77   76   73   71   64   63   65   56                                   
    30.0-180.0 180.0   5.0 450.0                            LAT/LON1/LON2/DLON/H
   46   47   41   48   46   45   50   60   70   79   87   95  105  118  132  144
  155  165  176  189  203  217  230  242  251  257  262  264  267  274  288  308
  333  360  384  401  409  404  389  366  339  311  285  262  243  227  215  204
  193  182  171  161  152  145  139  135  133  132  130  125  118  109  100   92
   84   78   74   68   65   56   55   54   46                                   
    27.5-180.0 180.0   5.0 450.0                            LAT/LON1/LON2/DLON/H
   43   40   29   36   33   30   35   44   55   66   78   90  105  123  142  159
  173  185  198  211  226  240  253  263  272  280  288  296  308  326  350  379
  412  443  469  484  488  478  458  431  400  369  340  315  294  278  266  256
  247  237  227  218  209  202  195  190  186  182  177  168  155  141  127  114
  101   91   84   76   70   60   58   51   43                                   
    25.0-180.0 180.0   5.0 450.0                            LAT/LON1/LON2/DLON/H
   50   42   26   32   27   22   26   32   43   53   65   80   99  122  146  168
  187  203  218  234  249  263  275  284  293  303  315  331  353  382  417  455
  494  529  554  566  564  550  526  496  464  432  401  375  352  335  324  316
  309  302  295  287  281  274  268  261  254  246  235  221  203  184  165  148
  132  119  107   98   89   77   74   59   50                                   
    22.5-180.0 180.0   5.0 450.0                            LAT/LON1/LON2/DLON/H
   66   55   34   36   29   22   24   28   35   43   54   69   90  116  145  173
  197  217  235  253  269  283  294  303  312  324  341  365  397  437  481  527
  570  605  626  633  625  606  581  551  521  490  461  434  411  393  381  375
  371  367  363  360  356  351  343  334  323  310  295  276  254  231  209  189
  171  157  142  130  119  106  103   79   66                                   
    20.0-180.0 180.0   5.0 450.0                            LAT/LON1/LON2/DLON/H
   91   76   53   48   39   29   29   29   34   39   48   62   83  111  143  174
  202  226  248  267  285  299  309  317  327  342  365  397  438  485  535  584
  627  658  674  674  661  640  616  591  565  539  513  486  462  444  431  425
  423  422  421  420  417  412  402  390  376  359  339  317  293  270  250  231
  213  199  181  169  155  142  138  110   91                                   
    17.5-180.0 180.0   5.0 450.0                            LAT/LON1/LON2/DLON/H
  117  102   77   65   54   41   39   36   37   40   46   59   80  109  142  176
  206  233  257  278  296  309  319  328  339  358  387  425  472  523  574  621
  659  683  690  684  669  650  631  612  594  574  552  527  503  482  467  460
  458  458  457  456  452  444  433  418  401  381  358  335  313  293  277  263
  249  236  219  206  190  177  173  142  117                                   
    15.0-180.0 180.0   5.0 450.0                            LAT/LON1/LON2/DLON/H
  139  125  102   84   71   56   52   46   44   44   50   62   83  112  145  180
  212  241  266  288  305  317  325  335  349  373  407  449  498  549  597  637
  666  680  681  671  657  642  630  620  609  595  578  555  530  507  489  478
  473  470  468  464  457  447  433  417  397  375  352  330  311  296  287  279
  271  261  246  233  217  203  199  168  139                                   
    12.5-180.0 180.0   5.0 450.0                            LAT/LON1/LON2/DLON/H
  151  142  122  101   87   71   66   57   53   51   56   69   90  119  154  189
  222  252  278  298  313  323  332  343  361  389  426  471  519  565  605  636
  655  661  657  647  636  628  623  620  616  608  594  572  546  520  498  482
  472  464  456  448  438  426  411  393  372  350  327  306  291  282  280  278
  275  269  257  244  229  214  211  181  151                                   
    10.0-180.0 180.0   5.0 450.0                            LAT/LON1/LON2/DLON/H
  151  149  132  113  100   85   79   69   63   60   65   79  101  131  166  202
  236  267  292  311  324  333  341  354  376  407  447  491  534  574  606  627
  637  637  631  624  618  616  618  621  622  617  604  584  557  528  501  479
  461  446  432  418  405  391  375  356  336  314  293  275  262  258  259  263
  263  260  252  239  224  208  206  179  151                                   
     7.5-180.0 180.0   5.0 450.0                            LAT/LON1/LON2/DLON/H
  143  145  131  117  108   95   90   80   73   70   76   91  114  145  180  217
  252  284  309  328  339  347  355  371  396  430  469  509  547  579  602  616
