data/edconvlstm_nd/pred3630.15i
     1.0            IONOSPHERE MAPS     GNSS                IONEX VERSION / TYPE
pyspatialgeodesy        IME             05-JAN-18 20:20     PGM / RUN BY / DATE 
Map Name                                                    COMMENT             
Predicted global ionosphere maps (GIM).                     DESCRIPTION         
  2015    12    29     0     0     0                        EPOCH OF FIRST MAP  
  2015    12    30     0     0     0                        EPOCH OF LAST MAP   
  7200                                                      INTERVAL            
    13                                                      # OF MAPS IN FILE   
  NONE                                                      MAPPING FUNCTION    
10.0                                                        ELEVATION CUTOFF    
One-way carrier phase leveled to code                       OBSERVABLES USED    
  6371.0                                                    BASE RADIUS         
 2                                                          MAP DIMENSION       
   450.0 450.0   0.0                                        HGT1 / HGT2 / DHGT  
    87.5 -87.5  -2.5                                        LAT1 / LAT2 / DLAT  
  -180.0 180.0   5.0                                        LON1 / LON2 / DLON  
    -1                                                      EXPONENT            
                                                            END OF HEADER       
[from data line 3432]
     9                                                      START OF TEC MAP    
  2015    12    29    16     0     0                        EPOCH OF CURRENT MAP
    87.5-180.0 180.0   5.0 450.0                            LAT/LON1/LON2/DLON/H
   44   51   52   53   57   55   55   51   51   54   53   54   54   55   56   56
   56   57   57   57   57   57   57   56   56   56   55   55   55   54   54   54
   53   53   53   53   53   53   53   53   53   53   54   54   54   55   55   56
   56   56   57   57   57   57   57   57   57   56   56   56   55   54   54   53
   53   52   48   44   47   47   63   68   44                                   
    85.0-180.0 180.0   5.0 450.0                            LAT/LON1/LON2/DLON/H
   48   55   69   50   51   53   53   54   54   56   56   57   58   59   60   60
   61   62   63   63   63   63   63   63   63   62   62   61   61   60   60   59
   59   58   58   58   57   57   57   57   57   57   57   58   58   58   59   59
   60   60   60   61   61   61   61   61   61   61   61   60   60   59   58   58
   57   55   50   46   50   50   60   53   48                                   
    82.5-180.0 180.0   5.0 450.0                            LAT/LON1/LON2/DLON/H
   35   42   51   41   45   46   48   48   49   50   51   52   53   54   54   55
   56   57   58   58   58   59   59   58   58   57   57   56   55   54   53   53
   52   51   51   50   50   49   49   49   49   49   49   49   49   50   50   51
   52   53   53   54   54   54   55   55   55   55   54   54   53   53   52   51
   51   48   44   41   47   53   51   47   35                                   
    80.0-180.0 180.0   5.0 450.0                            LAT/LON1/LON2/DLON/H
   25   30   44   37   41   39   43   43   45   47   48   49   50   51   52   53
   54   55   56   57   57   57   57   57   56   55   54   53   51   50   49   48
   47   46   45   44   44   43   42   41   41   41   41   41   42   42   43   45
   46   47   48   49   49   50   50   51   51   51   51   50   50   49   48   47
   46   45   42   41   41   46   44   46   25                                   
    77.5-180.0 180.0   5.0 450.0                            LAT/LON1/LON2/DLON/H
   36   34   36   31   35   34   38   39   41   42   42   44   46   47   49   50
   52   54   56   57   58   59   59   59   58   56   54   52   50   49   47   45
   44   43   41   40   38   36   35   33   32   31   30   30   31   32   34   36
   37   39   41   43   44   45   45   46   46   46   45   45   44   43   42   41
   39   38   35   34   33   34   36   39   36                                   
    75.0-180.0 180.0   5.0 450.0                            LAT/LON1/LON2/DLON/H
   26   28   29   28   32   34   36   37   39   41   42   44   45   46   48   50
   53   55   57   60   61   62   63   62   61   59   56   53   51   49   47   45
   43   42   40   39   37   34   32   29   27   26   25   25   26   28   30   32
   34   37   39   40   41   42   43   43   43   44   44   43   43   43   42   41
   40   39   37   35   35   32   32   27   26                                   
    72.5-180.0 180.0   5.0 450.0                            LAT/LON1/LON2/DLON/H
   33   32   31   31   33   35   38   38   39   39   39   40   41   42   44   47
   50   54   58   61   64   66   67   66   65   62   59   55   52   49   46   44
   42   40   39   37   34   31   28   24   21   19   18   17   18   20   22   25
   27   30   31   33   34   34   34   34   34   35   35   36   36   36   36   36
   36   35   33   31   31   30   32   31   33                                   
    70.0-180.0 180.0   5.0 450.0                            LAT/LON1/LON2/DLON/H
   32   32   34   34   36   37   38   39   40   41   40   41   41   43   45   49
   53   58   63   69   73   77   78   78   76   73   69   64   60   56   52   50
   48   46   44   42   39   35   31   26   22   19   17   17   18   19   22   25
   27   29   31   31   31   31   30   30   30   31   32   33   35   36   37   38
   38   38   38   36   36   36   39   38   32                                   
    67.5-180.0 180.0   5.0 450.0                            LAT/LON1/LON2/DLON/H
   35   35   35   36   38   39   41   41   42   41   40   40   41   42   45   49
   54   61   68   75   81   86   89   89   87   83   78   73   68   63   59   56
   54   51   49   46   43   38   33   28   24   20   18   17   18   20   22   25
   27   28   28   28   27   25   24   24   24   25   27   28   31   32   34   36
   37   37   37   36   36   37   38   37   35                                   
    65.0-180.0 180.0   5.0 450.0                            LAT/LON1/LON2/DLON/H
   33   35   35   36   38   38   39   40   40   40   39   39   40   42   45   50
   57   65   73   82   90   96   99  100   98   95   89   84   78   73   68   65
   62   58   55   51   47   42   37   32   27   23   21   20   20   22   24   26
   27   28   27   25   23   21   20   19   20   21   23   26   28   31   33   36
   38   39   41   40   40   42   42   42   33                                   
    62.5-180.0 180.0   5.0 450.0                            LAT/LON1/LON2/DLON/H
   33   35   34   36   37   37   38   38   39   38   37   38   40   43   47   53
   61   69   79   88   97  104  108  109  107  104   99   93   88   82   78   73
   69   65   61   56   51   45   40   35   30   27   24   23   24   25   26   27
   27   27   25   22   19   17   16   15   16   18   21   24   27   29   32   34
   36   38   40   40   41   42   42   42   33                                   
    60.0-180.0 180.0   5.0 450.0                            LAT/LON1/LON2/DLON/H
   32   34   33   34   35   34   34   34   35   35   35   36   39   43   48   55
   64   73   83   93  101  108  112  114  112  109  105  100   95   91   86   82
   77   71   65   59   52   46   41   36   33   30   28   27   27   27   28   28
   26   24   21   18   16   14   13   14   15   18   21   24   26   28   30   32
   34   36   39   39   40   41   42   42   32                                   
    57.5-180.0 180.0   5.0 450.0                            LAT/LON1/LON2/DLON/H
   31   33   32   34   35   34   34   34   34   34   35   37   41   46   52   61
   70   79   89   98  106  112  116  117  116  114  111  108  105  102   98   93
   87   80   72   64   57   50   45   41   38   36   35   34   33   33   32   30
   28   25   21   18   16   15   15   17   19   22   25   28   30   32   33   34
   35   37   39   40   41   42   43   43   31                                   
    55.0-180.0 180.0   5.0 450.0                            LAT/LON1/LON2/DLON/H
   35   36   36   38   37   36   36   35   35   35   37   40   44   51   58   67
   77   86   96  104  111  116  119  120  119  118  117  115  114  112  108  103
   97   89   79   71   62   56   51   47   45   43   42   41   40   39   37   34
   30   26   23   20   19   19   21   24   27   31   34   37   38   38   37   37
   38   39   42   42   44   44   45   45   35                                   
    52.5-180.0 180.0   5.0 450.0                            LAT/LON1/LON2/DLON/H
   41   42   41   44   44   43   41   40   39   40   42   46   51   58   66   75
   85   94  103  110  116  120  121  122  122  122  122  121  121  120  118  113
  106   97   88   78   70   63   59   55   53   52   51   50   48   46   42   39
   35   31   28   26   26   28   31   36   40   44   46   48   48   46   45   44
   43   44   47   48   49   49   49   48   41                                   
    50.0-180.0 180.0   5.0 450.0                            LAT/LON1/LON2/DLON/H
   51   51   51   54   53   52   50   48   47   47   49   54   60   67   75   85
   94  103  111  118  122  125  126  126  126  127  127  127  127  127  125  120
  114  105   96   87   79   73   68   65   63   61   60   58   56   53   50   46
   42   39   36   36   37   40   45   50   55   58   60   60   58   56   54   52
   51   52   54   55   56   56   56   54   51                                   
    47.5-180.0 180.0   5.0 450.0                            LAT/LON1/LON2/DLON/H
   61   62   62   65   64   64   60   57   56   57   60   66   72   79   86   95
  104  113  121  126  130  131  132  133  133  133  133  132  132  130  128  123
  117  110  103   96   89   84   79   75   73   70   68   66   64   61   58   54
   51   48   47   47   50   54   59   65   69   71   71   70   68   65   62   60
   59   60   62   63   64   64   64   62   61                                   
    45.0-180.0 180.0   5.0 450.0                            LAT/LON1/LON2/DLON/H
   70   71   72   76   75   73   69   67   66   69   73   79   85   92   99  107
  115  123  130  135  139  141  142  142  142  141  139  137  134  130  127  122
  118  113  108  103   99   94   90   85   81   78   74   72   70   68   66   63
   61   59   58   59   62   66   71   76   78   79   78   76   74   71   69   67
   66   66   68   69   71   72   72   69   70                                   
    42.5-180.0 180.0   5.0 450.0                            LAT/LON1/LON2/DLON/H
   75   77   78   82   81   80   75   74   75   80   85   93  100  106  112  119
  126  134  141  146  149  151  153  153  153  151  146  141  134  128  123  119
  116  113  112  110  108  105  100   95   89   83   79   76   75   74   73   72
   70   69   68   68   70   74   78   81   83   83   81   79   76   74   73   71
   70   70   72   73   74   76   77   75   75                                   
    40.0-180.0 180.0   5.0 450.0                            LAT/LON1/LON2/DLON/H
   75   78   78   84   82   81   77   78   81   89   97  107  114  120  125  131
  137  144  151  156  160  163  165  165  164  160  153  144  134  126  119  116
  115  115  117  118  118  115  111  104   96   89   84   80   79   79   79   79
   78   76   74   73   74   76   79   81   82   81   79   77   76   74   73   72
   71   70   72   72   73   76   77   76   75                                   
    37.5-180.0 180.0   5.0 450.0                            LAT/LON1/LON2/DLON/H
   71   73   74   79   78   78   76   78   84   95  107  119  128  134  139  143
  148  154  160  166  170  173  175  176  174  168  159  148  136  127  121  119
  120  123  127  130  131  129  123  115  105   97   90   86   84   84   85   84
   83   80   77   74   73   74   75   77   78   77   75   74   73   73   72   71
   69   68   68   68   68   71   72   73   71                                   
    35.0-180.0 180.0   5.0 450.0                            LAT/LON1/LON2/DLON/H
   65   66   65   71   71   71   71   76   85   99  114  129  139  146  151  155
  159  164  169  174  179  182  184  184  181  175  166  154  143  135  131  132
  136  142  147  151  152  148  141  131  119  108  100   94   92   91   91   90
   87   83   78   73   70   69   70   71   72   73   72   72   71   71   70   69
   67   64   64   63   62   63   64   68   65                                   
    32.5-180.0 180.0   5.0 450.0                            LAT/LON1/LON2/DLON/H
   59   58   57   63   63   63   66   72   85  101  119  136  148  157  162  165
  168  172  177  182  186  188  189  188  185  180  173  164  157  154  155  161
  168  175  180  182  181  175  165  153  139  126  116  109  104  102  100   97
   92   86   79   73   68   66   66   68   70   71   71   72   71   71   70   68
   65   62   61   59   57   57   57   62   59                                   
    30.0-180.0 180.0   5.0 450.0                            LAT/LON1/LON2/DLON/H
   55   53   50   56   56   57   61   69   83  101  121  140  154  164  170  173
  176  179  183  187  190  192  191  189  187  185  182  180  181  185  193  203
  214  221  225  224  219  210  197  182  166  151  139  129  122  117  112  106
   99   91   83   76   70   68   68   70   72   74   75   75   75   74   72   70
   66   63   62   58   55   53   54   58   55                                   
    27.5-180.0 180.0   5.0 450.0                            LAT/LON1/LON2/DLON/H
   56   52   49   54   54   55   60   69   83  101  121  141  157  168  175  179
  182  185  188  191  193  193  191  189  189  191  195  202  212  225  241  257
  270  278  279  274  264  250  234  217  200  183  167  155  145  136  128  120
  111  102   93   86   80   77   76   78   80   81   82   82   81   80   78   75
   72   68   67   63   59   55   55   58   56                                   
    25.0-180.0 180.0   5.0 450.0                            LAT/LON1/LON2/DLON/H
   62   57   52   57   57   59   63   71   84  101  120  140  156  169  178  183
  187  189  192  194  195  193  190  189  192  200  212  228  248  271  295  316
  332  339  337  327  312  293  274  255  236  217  200  184  171  159  148  138
  128  119  111  104   98   95   93   92   93   93   93   92   91   88   86   84
   80   78   76   71   68   63   62   62   62                                   
    22.5-180.0 180.0   5.0 450.0                            LAT/LON1/LON2/DLON/H
   71   65   59   63   64   66   70   77   88  103  120  138  155  169  179  186
  190  193  195  197  197  194  191  191  198  213  233  259  287  318  348  374
  391  397  391  376  355  333  312  291  272  252  233  215  199  184  171  159
  148  140  133  128  123  119  115  112  110  107  105  103  100   98   96   94
   90   89   87   82   79   74   72   69   71                                   
    20.0-180.0 180.0   5.0 450.0                            LAT/LON1/LON2/DLON/H
   80   74   67   70   72   74   78   84   94  107  123  139  155  169  181  189
  194  197  199  200  199  197  195  198  210  231  259  291  326  361  395  421
  437  440  430  411  387  363  341  321  302  283  262  242  224  207  193  180
  170  163  159  155  151  146  140  134  127  121  116  113  109  106  104  103
  100   98   96   93   91   85   82   77   80                                   
    17.5-180.0 180.0   5.0 450.0                            LAT/LON1/LON2/DLON/H
   88   81   74   76   79   81   86   92  102  115  129  144  159  173  186  195
  200  203  205  205  204  202  203  210  227  254  286  322  359  395  427  450
  462  460  448  427  403  380  360  343  325  306  285  264  244  226  211  198
  190  185  182  180  176  171  162  153  143  133  126  120  116  113  110  108
  105  105  102  100   99   95   92   85   88                                   
    15.0-180.0 180.0   5.0 450.0                            LAT/LON1/LON2/DLON/H
   91   85   77   79   82   85   92   99  111  125  139  154  169  183  195  205
  211  213  214  213  212  212  217  229  251  281  315  351  385  416  441  457
  463  459  445  426  406  387  371  356  341  323  302  279  258  239  224  212
  204  201  200  199  196  189  179  167  155  143  133  125  120  116  114  111
  108  107  103  102  102  100   97   91   91                                   
    12.5-180.0 180.0   5.0 450.0                            LAT/LON1/LON2/DLON/H
   88   84   75   78   81   84   94  104  119  136  153  169  184  198  211  221
  226  228  227  225  225  227  236  252  278  310  343  374  401  423  439  448
  449  443  431  417  402  388  377  366  353  336  314  290  267  247  231  220
  213  210  210  209  207  200  190  177  163  150  139  131  125  120  116  112
  108  106  102  101  102  101   98   93   88                                   
    10.0-180.0 180.0   5.0 450.0                            LAT/LON1/LON2/DLON/H
   81   79   69   73   76   80   93  107  126  147  167  186  203  218  232  241
  247  247  245  242  242  247  259  280  308  339  368  392  409  421  428  430
  428  423  416  407  398  390  382  375  364  347  324  298  273  251  235  223
  216  213  212  212  210  204  196  184  171  158  147  138  131  125  119  113
  107  104   99   97   98   98   96   92   81                                   
     7.5-180.0 180.0   5.0 450.0                            LAT/LON1/LON2/DLON/H
   73   71   62   66   69   74   91  108  132  158  182  204  223  240  254  265
  270  270  266  263  263  271  286  309  337  365  388  403  412  416  417  415
