data/edconvlstm_nd/pred3450.15i
     1.0            IONOSPHERE MAPS     GNSS                IONEX VERSION / TYPE
pyspatialgeodesy        IME             05-JAN-18 20:20     PGM / RUN BY / DATE 
Map Name                                                    COMMENT             
Predicted global ionosphere maps (GIM).                     DESCRIPTION         
  2015    12    11     0     0     0                        EPOCH OF FIRST MAP  
  2015    12    12     0     0     0                        EPOCH OF LAST MAP   
  7200                                                      INTERVAL            
    13                                                      # OF MAPS IN FILE   
  NONE                                                      MAPPING FUNCTION    
10.0                                                        ELEVATION CUTOFF    
One-way carrier phase leveled to code                       OBSERVABLES USED    
  6371.0                                                    BASE RADIUS         
 2                                                          MAP DIMENSION       
   450.0 450.0   0.0                                        HGT1 / HGT2 / DHGT  
    87.5 -87.5  -2.5                                        LAT1 / LAT2 / DLAT  
  -180.0 180.0   5.0                                        LON1 / LON2 / DLON  
    -1                                                      EXPONENT            
                                                            END OF HEADER       
[from data line 2574]
     7                                                      START OF TEC MAP    
  2015    12    11    12     0     0                        EPOCH OF CURRENT MAP
    87.5-180.0 180.0   5.0 450.0                            LAT/LON1/LON2/DLON/H
   41   52   52   54   56   55   56   51   52   53   53   53   53   53   52   52
   52   52   51   51   51   50   50   50   50   50   50   50   50   50   50   49
   49   49   49   48   48   48   47   47   47   47   47   46   46   46   46   46
   46   46   46   46   46   47   47   47   47   47   47   47   47   47   47   47
   48   48   46   45   49   52   67   69   41                                   
    85.0-180.0 180.0   5.0 450.0                            LAT/LON1/LON2/DLON/H
   41   58   69   55   56   59   58   58   58   60   58   59   58   58   58   57
   57   57   58   58   58   58   59   59   59   59   60   60   60   60   60   59
   59   59   58   58   57   57   57   56   56   55   55   54   54   53   53   53
   53   53   53   53   53   53   53   53   54   54   54   54   54   54   54   54
   55   55   52   49   53   56   67   64   41                                   
    82.5-180.0 180.0   5.0 450.0                            LAT/LON1/LON2/DLON/H
   36   46   59   50   51   52   53   52   52   53   52   52   51   50   50   49
   49   49   49   50   50   51   52   52   53   54   55   55   55   56   56   56
   56   56   55   55   55   54   53   53   52   51   50   50   49   48   48   47
   47   47   47   47   47   47   48   48   48   48   49   49   49   49   49   49
   50   50   46   44   52   57   57   56   36                                   
    80.0-180.0 180.0   5.0 450.0                            LAT/LON1/LON2/DLON/H
   36   40   55   47   50   47   48   48   48   48   47   47   45   44   43   42
   42   42   43   43   44   46   47   48   50   51   52   53   54   55   56   56
   56   56   56   56   56   56   55   54   53   52   50   49   47   46   45   44
   44   44   44   44   45   46   46   47   47   48   48   48   48   48   47   47
   47   47   45   44   47   53   54   56   36                                   
    77.5-180.0 180.0   5.0 450.0                            LAT/LON1/LON2/DLON/H
   46   44   49   42   44   43   45   44   45   44   42   41   39   38   36   36
   35   35   36   37   38   40   42   44   46   48   50   51   52   53   54   54
   55   56   56   57   57   57   57   56   55   53   51   49   47   45   43   42
   42   42   42   43   44   45   46   47   48   49   49   49   48   47   46   45
   44   43   41   40   40   40   45   49   46                                   
    75.0-180.0 180.0   5.0 450.0                            LAT/LON1/LON2/DLON/H
   37   39   42   39   41   41   41   41   41   41   38   37   35   33   32   31
   30   31   32   34   36   38   41   44   47   49   51   52   53   54   54   55
   56   58   59   61   62   63   63   63   62   59   57   54   51   48   46   44
   43   43   43   44   46   47   48   50   51   52   52   52   51   50   48   47
   45   43   42   39   40   36   38   37   37                                   
    72.5-180.0 180.0   5.0 450.0                            LAT/LON1/LON2/DLON/H
   39   39   40   38   39   39   40   39   38   38   35   34   31   29   28   26
   26   26   27   30   33   36   40   43   46   49   51   52   52   53   53   54
   56   59   61   65   67   70   71   71   70   67   64   60   55   51   48   46
   44   43   43   44   45   46   47   49   50   51   51   51   51   49   48   46
   44   42   41   38   39   36   38   39   39                                   
    70.0-180.0 180.0   5.0 450.0                            LAT/LON1/LON2/DLON/H
   38   38   42   39   40   39   38   38   39   38   36   35   32   30   28   27
   26   27   28   31   35   39   44   48   51   54   55   56   56   56   56   57
   60   63   68   72   77   81   83   84   83   80   76   71   65   60   55   52
   49   47   46   46   46   47   48   49   50   51   52   52   52   51   49   48
   46   44   43   41   41   38   42   43   38                                   
    67.5-180.0 180.0   5.0 450.0                            LAT/LON1/LON2/DLON/H
   37   39   42   39   40   40   40   40   40   40   38   38   35   33   31   30
   29   29   31   34   38   43   48   52   56   58   58   58   58   58   58   60
   63   68   74   80   86   91   95   97   96   93   88   82   75   69   63   58
   54   51   49   47   46   45   45   46   47   48   49   50   50   49   49   48
   47   45   45   42   43   40   42   41   37                                   
    65.0-180.0 180.0   5.0 450.0                            LAT/LON1/LON2/DLON/H
   37   41   42   40   40   40   40   41   41   42   41   41   39   38   35   34
   33   33   35   38   42   47   52   57   60   62   62   62   62   62   63   65
   70   75   82   90   97  103  107  109  109  105  100   94   87   79   72   66
   61   56   52   48   45   43   42   42   42   43   45   46   46   47   47   47
   46   46   47   45   46   45   46   45   37                                   
    62.5-180.0 180.0   5.0 450.0                            LAT/LON1/LON2/DLON/H
   36   41   42   40   40   40   39   40   41   42   42   42   42   41   39   37
   36   36   37   40   44   49   54   58   61   63   64   64   65   66   68   72
   77   84   91   99  106  113  117  119  119  116  111  104   96   89   81   74
   67   61   55   49   44   40   37   36   37   38   39   40   41   42   42   43
   43   44   46   45   47   46   47   46   36                                   
    60.0-180.0 180.0   5.0 450.0                            LAT/LON1/LON2/DLON/H
   36   41   42   40   38   38   37   37   38   39   40   41   41   40   39   37
   36   35   36   38   42   46   51   54   57   60   62   64   67   70   74   79
   85   92  100  107  114  119  123  125  125  122  117  111  104   97   89   81
   73   65   57   50   43   37   33   31   31   32   33   34   35   35   36   37
   38   39   43   43   46   45   46   45   36                                   
    57.5-180.0 180.0   5.0 450.0                            LAT/LON1/LON2/DLON/H
   36   41   42   41   39   38   36   36   36   37   38   40   41   40   39   37
   36   35   35   37   39   43   47   50   54   58   62   66   71   77   83   90
   97  104  111  118  123  127  130  131  131  129  126  121  115  108  101   92
   84   75   65   56   48   40   35   33   32   32   32   33   33   33   33   34
   36   37   41   42   46   45   45   45   36                                   
    55.0-180.0 180.0   5.0 450.0                            LAT/LON1/LON2/DLON/H
   38   43   45   44   42   40   38   37   36   37   38   39   40   40   38   37
   35   34   34   35   37   40   43   47   51   56   63   70   78   86   95  103
  111  118  123  128  131  134  136  137  137  137  135  132  127  121  114  106
   97   88   77   67   57   49   43   39   38   37   37   36   35   34   34   34
   35   37   41   43   47   46   46   46   38                                   
    52.5-180.0 180.0   5.0 450.0                            LAT/LON1/LON2/DLON/H
   42   47   49   49   47   47   44   41   40   39   39   40   40   40   38   37
   35   33   33   34   35   38   41   45   50   57   66   76   86   97  108  117
  125  131  135  138  140  141  142  143  144  145  145  144  141  137  130  123
  113  103   92   81   71   62   55   51   49   48   47   45   43   40   39   39
   39   41   46   47   51   50   49   49   42                                   
    50.0-180.0 180.0   5.0 450.0                            LAT/LON1/LON2/DLON/H
   49   54   56   58   56   56   53   50   47   45   43   43   42   41   40   38
   36   34   34   35   36   38   42   46   53   61   72   84   97  109  120  130
  137  142  145  147  147  148  149  150  152  155  157  157  156  153  147  139
  130  119  108   97   86   77   70   65   63   61   60   57   54   51   48   47
   48   50   53   55   58   57   56   55   49                                   
    47.5-180.0 180.0   5.0 450.0                            LAT/LON1/LON2/DLON/H
   57   62   64   68   67   68   65   61   58   55   52   50   48   46   44   41
   39   38   38   38   40   43   46   52   59   69   81   94  108  120  131  140
  146  150  152  153  154  155  156  159  162  165  169  170  170  167  161  153
  144  133  122  111  100   90   82   77   74   73   71   69   65   62   60   59
   59   60   64   64   67   66   65   63   57                                   
    45.0-180.0 180.0   5.0 450.0                            LAT/LON1/LON2/DLON/H
   66   70   72   77   77   80   77   74   70   67   63   61   57   54   51   48
   46   44   44   45   47   51   55   61   70   81   93  107  119  131  140  147
  152  155  157  159  161  163  165  168  172  176  179  181  181  178  172  164
  154  143  132  120  108   98   89   83   80   79   77   75   73   71   69   69
   69   71   73   74   76   76   74   72   66                                   
    42.5-180.0 180.0   5.0 450.0                            LAT/LON1/LON2/DLON/H
   72   76   77   83   84   88   86   85   83   81   77   74   69   65   61   58
   55   54   54   55   58   62   67   74   83   95  107  120  131  140  147  152
  156  159  162  165  169  173  176  179  182  185  188  189  189  185  179  171
  161  150  138  126  113  100   90   84   80   78   77   76   75   74   74   76
   77   78   80   80   82   83   81   78   72                                   
    40.0-180.0 180.0   5.0 450.0                            LAT/LON1/LON2/DLON/H
   74   78   78   84   86   90   90   92   92   92   89   87   82   77   73   69
   66   65   66   68   71   75   81   89   99  111  123  134  143  149  154  157
  160  164  168  174  179  185  188  191  192  193  194  195  194  190  184  176
  166  156  144  130  115  101   89   80   75   73   71   71   71   72   74   77
   79   80   81   81   82   84   83   81   74                                   
    37.5-180.0 180.0   5.0 450.0                            LAT/LON1/LON2/DLON/H
   72   76   74   80   82   87   89   94   97   99   99   97   93   89   84   80
   78   77   77   80   84   89   96  105  115  128  139  149  155  160  162  165
  168  173  180  187  195  201  204  204  203  202  201  200  198  195  189  182
  174  165  153  138  121  104   90   79   72   68   66   65   66   67   70   74
   76   77   77   77   78   80   78   78   72                                   
    35.0-180.0 180.0   5.0 450.0                            LAT/LON1/LON2/DLON/H
   67   70   69   73   74   79   83   90   96  101  103  103  101   97   93   90
   87   87   88   92   96  103  110  120  132  144  155  164  169  172  175  178
  183  190  198  208  216  222  223  221  217  212  209  207  206  203  200  195
  190  182  171  156  137  118  100   87   77   71   67   64   63   64   67   70
   72   71   71   70   71   73   71   72   67                                   
    32.5-180.0 180.0   5.0 450.0                            LAT/LON1/LON2/DLON/H
   60   64   63   65   66   70   75   82   90   97  102  104  103  101   98   96
   94   95   97  101  107  115  124  135  148  160  172  180  185  189  193  198
  206  215  225  235  244  248  247  242  234  227  223  221  220  220  219  218
  216  211  202  187  168  147  126  110   97   88   80   74   70   68   69   70
   70   68   66   64   66   65   63   66   60                                   
    30.0-180.0 180.0   5.0 450.0                            LAT/LON1/LON2/DLON/H
   54   59   59   60   59   62   67   74   83   90   96  100  102  101  100   98
   98  100  103  109  117  125  136  149  163  176  188  197  203  209  216  224
  235  246  258  269  276  279  275  267  257  248  244  242  244  246  249  251
  253  252  246  233  215  192  170  151  135  122  110   99   90   84   81   79
   75   71   67   63   64   61   59   63   54                                   
    27.5-180.0 180.0   5.0 450.0                            LAT/LON1/LON2/DLON/H
   52   59   59   59   58   60   64   68   75   82   88   93   96   97   97   97
   99  102  107  114  123  134  147  161  176  191  204  214  223  231  242  254
  268  282  295  306  312  312  306  296  285  276  273  273  276  281  288  294
  300  303  300  289  272  251  228  207  189  172  156  140  126  114  105   99
   91   83   76   69   69   64   61   63   52                                   
    25.0-180.0 180.0   5.0 450.0                            LAT/LON1/LON2/DLON/H
   55   63   63   62   62   64   66   67   71   75   80   84   87   89   91   93
   96  101  108  117  128  141  157  173  190  205  219  231  242  255  269  285
  302  318  333  343  349  347  339  328  317  310  308  311  317  324  333  343
  352  357  357  349  334  314  292  270  250  231  212  192  173  156  142  131
  118  107   96   85   82   75   69   69   55                                   
    22.5-180.0 180.0   5.0 450.0                            LAT/LON1/LON2/DLON/H
   63   71   71   68   69   71   72   70   70   71   73   76   79   81   83   87
   91   98  107  118  132  147  165  184  202  219  234  248  263  278  296  316
  335  353  368  378  382  380  371  360  350  346  347  352  360  369  380  392
  403  410  412  406  393  375  354  332  311  290  269  247  225  204  186  170
  154  139  123  110  103   91   82   79   63                                   
    20.0-180.0 180.0   5.0 450.0                            LAT/LON1/LON2/DLON/H
   76   83   80   78   79   81   81   76   73   70   69   70   72   74   76   80
   86   95  105  118  135  153  174  195  215  233  250  266  283  301  321  342
  363  381  395  405  408  406  398  388  381  380  384  392  401  411  423  435
  446  454  456  452  442  425  404  382  360  338  317  294  271  249  229  211
  191  174  154  140  129  112   99   93   76                                   
    17.5-180.0 180.0   5.0 450.0                            LAT/LON1/LON2/DLON/H
   90   95   90   88   90   91   91   84   78   73   69   68   68   69   72   76
   83   92  105  120  139  160  182  206  228  248  267  285  303  322  343  364
  383  400  413  422  425  423  417  411  407  409  415  424  434  444  455  466
  476  483  484  480  470  454  433  410  387  366  345  324  303  282  262  243
  222  204  183  167  154  133  117  108   90                                   
    15.0-180.0 180.0   5.0 450.0                            LAT/LON1/LON2/DLON/H
  102  105   99   97   98   99   99   92   85   78   73   70   69   69   71   75
   82   93  107  124  144  168  192  218  242  265  285  304  322  341  360  379
  395  410  421  430  434  434  431  428  427  430  437  446  455  464  473  482
  489  492  491  485  474  457  436  413  390  369  350  332  315  297  280  262
  242  225  203  188  172  149  131  122  102                                   
    12.5-180.0 180.0   5.0 450.0                            LAT/LON1/LON2/DLON/H
  111  111  104  102  103  104  104   98   91   84   78   74   72   72   73   77
   85   96  112  131  153  178  204  231  258  282  304  323  341  358  374  389
  401  413  423  432  438  441  441  440  441  445  451  458  465  472  479  484
  487  486  481  472  460  442  420  396  372  352  335  321  308  294  281  266
  248  233  213  198  182  159  140  131  111                                   
    10.0-180.0 180.0   5.0 450.0                            LAT/LON1/LON2/DLON/H
  116  113  105  103  103  104  106  102   95   89   83   80   77   76   77   81
   90  102  119  140  164  190  218  247  274  300  323  342  359  373  384  395
  404  414  424  433  441  446  449  450  452  454  458  462  467  472  476  477
  476  471  463  452  438  420  397  372  348  328  312  300  290  281  271  259
  244  230  213  198  183  161  143  134  116                                   
     7.5-180.0 180.0   5.0 450.0                            LAT/LON1/LON2/DLON/H
  119  112  104  101  101  100  104  102   97   92   88   85   83   82   83   87
   96  110  129  152  177  205  234  263  291  318  341  359  374  385  393  400
