data/edconvlstm_nd/pred1340.15i
     1.0            IONOSPHERE MAPS     GNSS                IONEX VERSION / TYPE
pyspatialgeodesy        IME             05-JAN-18 20:20     PGM / RUN BY / DATE 
Map Name                                                    COMMENT             
Predicted global ionosphere maps (GIM).                     DESCRIPTION         
  2015     5    14     0     0     0                        EPOCH OF FIRST MAP  
  2015     5    15     0     0     0                        EPOCH OF LAST MAP   
  7200                                                      INTERVAL            
    13                                                      # OF MAPS IN FILE   
  NONE                                                      MAPPING FUNCTION    
10.0                                                        ELEVATION CUTOFF    
One-way carrier phase leveled to code                       OBSERVABLES USED    
  6371.0                                                    BASE RADIUS         
 2                                                          MAP DIMENSION       
   450.0 450.0   0.0                                        HGT1 / HGT2 / DHGT  
    87.5 -87.5  -2.5                                        LAT1 / LAT2 / DLAT  
  -180.0 180.0   5.0                                        LON1 / LON2 / DLON  
    -1                                                      EXPONENT            
                                                            END OF HEADER       
[from data line 858]
     3                                                      START OF TEC MAP    
  2015     5    14     4     0     0                        EPOCH OF CURRENT MAP
    87.5-180.0 180.0   5.0 450.0                            LAT/LON1/LON2/DLON/H
  130  126  125  127  127  124  122  121  123  125  127  129  132  134  136  137
  139  140  140  141  141  141  141  140  139  138  137  136  136  135  134  134
  133  133  133  133  133  133  133  133  133  133  133  133  133  133  133  133
  133  133  133  133  133  133  133  133  133  133  133  133  133  132  131  130
  130  131  129  128  131  131  133  133  130                                   
    85.0-180.0 180.0   5.0 450.0                            LAT/LON1/LON2/DLON/H
  124  130  121  124  127  124  124  124  126  129  130  133  136  138  141  143
  144  146  146  147  147  146  146  145  143  142  141  140  139  138  137  137
  136  136  137  137  137  138  138  139  139  139  140  140  140  140  140  140
  140  140  140  141  141  142  142  143  143  144  144  144  144  144  143  142
  143  143  139  139  133  132  132  129  124                                   
    82.5-180.0 180.0   5.0 450.0                            LAT/LON1/LON2/DLON/H
  127  127  126  122  121  120  121  121  124  127  129  133  137  140  143  145
  147  148  149  149  148  146  145  142  140  138  135  133  132  130  130  129
  129  130  131  132  133  134  135  136  137  138  138  138  139  139  139  139
  139  140  141  141  142  144  145  147  148  149  151  152  153  153  152  153
  152  151  146  146  146  135  131  124  127                                   
    80.0-180.0 180.0   5.0 450.0                            LAT/LON1/LON2/DLON/H
  134  131  121  118  117  116  118  120  123  126  129  134  138  142  145  148
  150  151  152  151  149  146  143  139  135  131  128  125  123  122  121  121
  122  124  126  129  131  134  136  138  140  141  141  142  142  142  142  142
  143  143  144  146  147  149  151  154  156  159  161  164  165  167  167  168
  167  165  160  158  158  149  148  133  134                                   
    77.5-180.0 180.0   5.0 450.0                            LAT/LON1/LON2/DLON/H
  146  140  130  126  121  120  122  123  126  129  132  137  142  146  149  152
  154  154  154  152  149  145  141  135  130  125  121  118  116  115  115  117
  119  123  127  131  136  140  143  146  148  149  150  150  150  150  150  150
  151  151  153  154  156  158  161  164  168  171  175  178  181  183  185  187
  187  186  180  178  176  164  160  151  146                                   
    75.0-180.0 180.0   5.0 450.0                            LAT/LON1/LON2/DLON/H
  160  156  143  138  131  130  131  131  134  136  139  143  146  149  151  152
  153  152  151  148  145  140  134  128  122  117  112  109  108  108  109  112
  117  122  128  135  140  145  150  153  155  156  157  157  157  157  157  157
  158  159  160  162  164  166  169  172  176  180  184  188  192  196  199  203
  203  204  199  194  191  182  177  170  160                                   
    72.5-180.0 180.0   5.0 450.0                            LAT/LON1/LON2/DLON/H
  175  175  164  157  150  147  149  149  150  152  153  155  155  155  154  153
  152  150  148  145  141  136  131  125  119  114  110  108  107  108  111  116
  122  129  137  145  151  157  162  165  167  168  169  169  169  169  170  171
  172  173  174  176  178  180  182  185  188  192  195  199  203  207  211  216
  218  219  218  215  210  200  194  189  175                                   
    70.0-180.0 180.0   5.0 450.0                            LAT/LON1/LON2/DLON/H
  194  192  181  173  165  162  163  163  164  164  164  163  160  156  152  147
  143  140  137  134  131  127  123  118  114  110  107  106  107  109  114  119
  126  134  143  151  158  164  168  171  173  174  174  175  176  177  179  181
  183  185  186  188  189  190  192  194  196  198  201  204  207  210  214  219
  222  224  225  225  222  214  210  205  194                                   
    67.5-180.0 180.0   5.0 450.0                            LAT/LON1/LON2/DLON/H
  202  202  191  183  175  172  172  172  174  173  171  167  161  153  145  138
  132  128  125  123  121  119  116  113  110  108  106  107  108  111  116  121
  128  135  143  150  157  163  167  170  171  172  173  175  177  180  184  187
  191  193  195  196  197  198  198  199  199  200  201  202  204  205  208  212
  216  218  220  221  220  215  213  211  202                                   
    65.0-180.0 180.0   5.0 450.0                            LAT/LON1/LON2/DLON/H
  204  204  194  187  180  176  176  177  179  179  175  170  160  149  138  129
  122  117  115  114  114  113  112  110  109  108  109  110  112  115  119  123
  127  133  139  146  152  157  161  164  166  167  169  172  177  182  188  194
  198  202  204  205  205  205  204  204  203  203  202  201  200  200  201  203
  205  208  210  212  212  210  210  209  204                                   
    62.5-180.0 180.0   5.0 450.0                            LAT/LON1/LON2/DLON/H
  203  203  194  186  180  175  176  177  179  179  175  168  157  145  132  122
  114  110  109  109  109  110  110  109  109  110  111  113  116  117  119  121
  123  126  131  136  142  147  151  154  156  159  162  167  174  182  191  198
  205  209  211  211  211  210  210  209  208  206  204  202  199  197  195  196
  196  197  199  200  201  200  202  203  203                                   
    60.0-180.0 180.0   5.0 450.0                            LAT/LON1/LON2/DLON/H
  201  202  194  185  178  173  172  173  175  174  170  163  152  139  127  117
  110  107  106  107  108  108  108  108  108  110  112  114  116  116  116  114
  114  115  118  122  128  133  138  142  145  149  154  162  171  182  192  202
  209  214  216  216  215  214  213  213  212  211  209  205  201  197  195  194
  192  192  191  191  192  191  195  195  201                                   
    57.5-180.0 180.0   5.0 450.0                            LAT/LON1/LON2/DLON/H
  206  207  200  190  183  175  173  172  172  169  164  157  146  135  125  116
  110  108  107  108  109  108  108  107  107  108  110  113  114  113  110  106
  103  102  104  109  115  122  128  133  138  143  150  159  171  184  197  208
  215  220  221  220  218  217  218  218  219  218  217  213  209  205  202  201
  199  197  194  192  192  191  195  194  206                                   
    55.0-180.0 180.0   5.0 450.0                            LAT/LON1/LON2/DLON/H
  220  222  216  204  198  188  184  179  176  169  161  153  143  134  126  119
  115  113  112  111  110  109  107  105  104  105  107  109  110  108  104   98
   93   91   93   99  106  114  122  128  134  141  150  161  175  191  205  217
  225  228  228  226  223  222  223  225  227  228  228  225  222  219  217  217
  215  213  209  205  204  202  205  204  220                                   
    52.5-180.0 180.0   5.0 450.0                            LAT/LON1/LON2/DLON/H
  244  248  242  230  223  213  207  198  190  178  166  155  145  137  132  127
  124  121  119  116  114  110  106  103  101  101  104  106  107  105  100   93
   88   86   88   95  104  113  121  129  136  144  155  169  185  203  219  232
  239  241  240  236  233  231  232  235  238  240  241  240  238  237  237  239
  239  239  235  229  226  223  225  224  244                                   
    50.0-180.0 180.0   5.0 450.0                            LAT/LON1/LON2/DLON/H
  274  279  274  263  257  248  240  229  216  198  181  166  155  148  143  140
  137  132  128  123  118  113  108  103  100  100  102  105  107  105  100   94
   89   88   91   98  108  118  127  136  144  154  166  182  201  221  239  252
  260  261  258  253  248  246  247  249  252  254  256  256  256  257  260  265
  269  271  268  262  257  253  253  254  274                                   
    47.5-180.0 180.0   5.0 450.0                            LAT/LON1/LON2/DLON/H
  304  310  306  297  293  286  279  267  250  227  204  185  172  164  160  157
  152  146  139  132  126  120  113  108  104  103  105  108  110  110  106  101
   98   97  101  108  118  128  137  147  156  168  182  200  221  243  263  278
  286  287  283  276  271  267  266  267  269  271  272  272  274  276  282  291
  299  305  304  298  292  286  284  286  304                                   
    45.0-180.0 180.0   5.0 450.0                            LAT/LON1/LON2/DLON/H
  329  334  330  325  323  320  315  304  285  260  233  210  195  186  182  177
  171  162  153  145  138  131  125  118  114  112  113  116  118  119  117  114
  112  113  117  123  132  141  151  161  172  185  201  221  244  268  290  307
  316  317  313  306  299  294  291  290  290  290  290  290  292  296  304  315
  327  336  339  334  325  317  314  317  329                                   
    42.5-180.0 180.0   5.0 450.0                            LAT/LON1/LON2/DLON/H
  342  345  341  337  337  339  338  331  315  289  261  237  220  211  205  199
  191  181  171  163  156  150  143  136  130  126  126  128  131  133  133  132
  131  132  135  141  148  156  165  175  188  204  222  243  267  293  317  336
  346  349  345  338  332  326  322  318  315  313  312  312  313  317  325  338
  351  363  367  363  353  343  338  340  342                                   
    40.0-180.0 180.0   5.0 450.0                            LAT/LON1/LON2/DLON/H
  347  343  337  332  333  338  343  342  331  310  284  262  246  236  230  223
  214  203  194  186  180  175  169  161  153  147  144  145  147  150  151  152
  152  153  155  158  163  169  178  190  205  222  242  264  288  315  340  361
  374  379  377  373  368  363  359  353  348  344  342  341  342  345  352  363
  375  386  390  387  375  365  357  359  347                                   
    37.5-180.0 180.0   5.0 450.0                            LAT/LON1/LON2/DLON/H
  348  336  325  317  317  322  331  336  332  317  298  280  267  259  252  245
  236  227  220  215  211  206  199  190  180  172  167  166  168  170  172  173
  173  173  173  174  176  182  190  203  220  239  260  282  306  332  359  381
  397  405  408  408  407  405  402  396  390  385  383  382  383  384  388  395
  404  413  415  410  397  388  378  378  348                                   
    35.0-180.0 180.0   5.0 450.0                            LAT/LON1/LON2/DLON/H
  357  337  318  304  300  303  312  320  321  314  302  291  283  277  272  265
  259  253  249  246  244  240  233  222  211  201  195  192  192  193  194  194
  193  191  189  187  188  193  202  216  234  254  275  296  318  344  370  394
  413  426  434  441  447  451  451  447  442  438  437  437  438  438  438  441
  445  449  449  441  428  420  408  406  357                                   
    32.5-180.0 180.0   5.0 450.0                            LAT/LON1/LON2/DLON/H
  385  359  330  309  299  296  300  306  309  306  300  296  293  290  286  282
  279  277  276  277  276  272  264  254  243  233  225  221  219  217  216  214
  211  206  202  200  200  204  213  227  245  265  285  305  325  349  375  400
  422  440  456  471  486  498  504  504  501  499  501  504  506  506  503  500
  499  499  496  486  474  470  454  451  385                                   
    30.0-180.0 180.0   5.0 450.0                            LAT/LON1/LON2/DLON/H
  439  410  370  341  325  315  309  309  307  303  300  300  299  298  296  294
  294  296  300  302  302  299  292  283  274  266  259  253  248  244  239  233
  227  220  214  211  211  214  222  235  252  272  291  308  326  348  373  399
  425  448  471  495  520  541  555  562  564  566  571  578  583  583  578  571
  566  563  559  550  539  541  520  514  439                                   
    27.5-180.0 180.0   5.0 450.0                            LAT/LON1/LON2/DLON/H
  519  493  444  409  385  367  349  337  325  316  311  309  308  305  303  302
  305  310  316  320  320  318  315  310  305  300  294  287  279  271  261  251
  241  232  225  221  221  223  229  239  254  272  290  307  323  343  367  394
  423  452  482  514  548  579  602  617  626  634  644  654  661  662  657  648
  642  637  635  628  623  630  606  596  519                                   
    25.0-180.0 180.0   5.0 450.0                            LAT/LON1/LON2/DLON/H
  617  602  553  515  484  458  424  396  370  351  338  330  324  317  311  309
  312  318  325  328  330  332  334  335  336  334  330  321  310  296  281  266
  252  241  233  229  227  227  230  237  249  265  284  301  318  337  361  390
  421  455  490  530  571  610  642  665  682  697  710  723  732  735  732  723
  717  715  716  714  714  726  704  690  617                                   
    22.5-180.0 180.0   5.0 450.0                            LAT/LON1/LON2/DLON/H
  721  721  683  650  615  582  532  485  442  408  383  367  352  337  325  319
  321  325  330  333  336  342  351  359  365  367  362  351  334  314  294  274
  258  245  236  230  227  224  223  226  236  252  272  292  312  333  358  388
  423  460  500  543  588  631  669  698  723  743  762  777  789  795  794  789
  785  786  791  795  800  812  799  782  721                                   
    20.0-180.0 180.0   5.0 450.0                            LAT/LON1/LON2/DLON/H
  813  827  807  785  751  717  654  592  531  483  445  417  392  369  349  339
  336  336  337  339  343  354  368  383  392  393  385  368  345  320  295  273
  255  241  231  225  220  214  209  209  217  234  258  282  306  331  358  391
  428  468  510  555  600  643  682  715  744  771  794  813  828  838  842  840
  840  843  852  861  867  872  873  856  813                                   
    17.5-180.0 180.0   5.0 450.0                            LAT/LON1/LON2/DLON/H
  879  897  895  884  856  827  761  690  620  561  514  477  443  411  385  368
  360  356  353  351  356  370  389  405  412  408  392  368  340  311  285  262
  243  230  220  213  207  199  192  189  197  216  243  273  302  330  360  395
  435  478  522  565  607  647  684  719  752  782  810  834  852  866  874  876
  879  884  894  904  908  901  911  897  879                                   
    15.0-180.0 180.0   5.0 450.0                            LAT/LON1/LON2/DLON/H
  910  926  932  930  910  887  827  755  684  622  573  533  495  459  428  408
  395  387  379  375  379  394  411  423  421  406  380  349  318  289  263  242
  226  214  206  199  192  184  175  172  180  200  230  265  298  330  362  399
  441  485  530  571  610  646  681  716  751  785  817  843  865  881  892  898
  903  907  916  923  921  902  914  903  910                                   
    12.5-180.0 180.0   5.0 450.0                            LAT/LON1/LON2/DLON/H
  910  918  923  925  912  894  841  776  709  653  608  572  536  501  471  450
  437  426  416  409  412  422  432  431  414  384  349  314  284  259  237  220
  207  198  191  185  178  170  162  159  167  188  220  257  293  327  361  399
  443  489  533  573  609  643  676  711  748  784  818  846  869  887  900  907
  913  916  922  924  914  885  892  883  910                                   
    10.0-180.0 180.0   5.0 450.0                            LAT/LON1/LON2/DLON/H
  892  887  883  884  873  857  811  754  697  650  614  586  557  528  503  486
  475  466  457  449  447  448  443  424  390  346  305  271  246  228  213  200
  191  184  179  173  167  159  153  151  160  181  212  249  285  319  354  394
  439  486  530  570  605  638  672  708  746  783  817  845  868  886  900  909
  915  917  920  915  899  862  860  853  892                                   
     7.5-180.0 180.0   5.0 450.0                            LAT/LON1/LON2/DLON/H
  870  849  834  826  811  792  750  701  655  619  594  574  553  531  514  504
  501  497  491  484  476  464  440  402  351  299  257  229  213  203  194  187
