data/edconvlstm_nd/pred0640.15i
     1.0            IONOSPHERE MAPS     GNSS                IONEX VERSION / TYPE
pyspatialgeodesy        IME             05-JAN-18 20:20     PGM / RUN BY / DATE 
Map Name                                                    COMMENT             
Predicted global ionosphere maps (GIM).                     DESCRIPTION         
  2015     3     5     0     0     0                        EPOCH OF FIRST MAP  
  2015     3     6     0     0     0                        EPOCH OF LAST MAP   
  7200                                                      INTERVAL            
    13                                                      # OF MAPS IN FILE   
  NONE                                                      MAPPING FUNCTION    
10.0                                                        ELEVATION CUTOFF    
One-way carrier phase leveled to code                       OBSERVABLES USED    
  6371.0                                                    BASE RADIUS         
 2                                                          MAP DIMENSION       
   450.0 450.0   0.0                                        HGT1 / HGT2 / DHGT  
    87.5 -87.5  -2.5                                        LAT1 / LAT2 / DLAT  
  -180.0 180.0   5.0                                        LON1 / LON2 / DLON  
    -1                                                      EXPONENT            
                                                            END OF HEADER       
[from data line 2145]
     6                                                      START OF TEC MAP    
  2015     3     5    10     0     0                        EPOCH OF CURRENT MAP
    87.5-180.0 180.0   5.0 450.0                            LAT/LON1/LON2/DLON/H
  111  118  118  127  129  131  131  130  133  136  137  139  140  141  143  144
  145  146  147  148  149  150  151  152  153  153  154  155  156  156  157  157
  158  158  158  157  157  156  154  153  151  149  146  144  141  138  135  131
  128  125  121  118  115  112  110  108  106  104  103  102  101  101  101  102
  103  106  105  105  112  112  123  123  111                                   
    85.0-180.0 180.0   5.0 450.0                            LAT/LON1/LON2/DLON/H
  106  123  133  131  133  138  141  143  145  148  149  151  152  153  154  156
  157  158  160  161  162  164  165  166  167  168  170  171  172  173  174  175
  176  176  177  177  176  176  174  173  170  168  164  161  157  153  148  143
  138  134  129  124  120  116  112  109  106  104  102  101  101  101  101  103
  105  108  106  107  107  113  120  123  106                                   
    82.5-180.0 180.0   5.0 450.0                            LAT/LON1/LON2/DLON/H
   96  118  127  124  124  129  132  135  137  139  140  141  142  143  145  146
  147  149  151  153  154  156  158  160  162  164  166  168  171  173  176  178
  181  183  185  187  188  188  188  187  185  182  179  175  170  164  158  152
  145  138  132  125  119  113  107  102   98   95   93   91   90   90   90   91
   94   96   95   98  101  111  111  108   96                                   
    80.0-180.0 180.0   5.0 450.0                            LAT/LON1/LON2/DLON/H
   94  109  117  116  115  117  120  122  124  125  125  126  126  127  128  129
  130  132  134  136  138  140  142  145  147  150  153  156  159  164  168  173
  177  182  186  190  193  196  197  197  197  195  192  188  183  178  171  164
  157  149  141  134  126  119  112  106  101   97   93   91   89   88   87   88
   90   91   91   95   97  105  111  105   94                                   
    77.5-180.0 180.0   5.0 450.0                            LAT/LON1/LON2/DLON/H
  100  107  113  110  106  108  109  110  110  109  107  107  106  105  105  106
  107  109  111  114  116  119  122  125  128  131  134  139  143  149  156  163
  171  179  187  194  200  206  210  213  214  214  213  210  207  202  197  191
  184  177  169  161  153  145  138  131  125  119  114  110  106  103  102  101
  100  100   98  101  103  104  109  107  100                                   
    75.0-180.0 180.0   5.0 450.0                            LAT/LON1/LON2/DLON/H
  100  107  107  105  101  102  100   98   97   94   90   88   85   83   82   82
   83   85   88   91   95   98  101  104  107  111  114  119  125  131  140  149
  159  170  181  191  201  210  217  222  226  228  229  229  228  226  223  219
  214  209  202  196  189  181  174  166  159  152  145  139  133  128  124  121
  118  115  112  108  109  107  111  104  100                                   
    72.5-180.0 180.0   5.0 450.0                            LAT/LON1/LON2/DLON/H
  102  106  105  102   98   99   97   93   90   85   80   76   71   68   66   65
   66   69   72   77   81   86   89   93   95   98  101  106  111  118  127  138
  150  163  177  190  203  214  223  231  237  241  245  247  249  250  250  249
  247  245  241  236  231  224  216  208  199  190  181  172  163  156  148  143
  137  131  126  120  116  112  113  110  102                                   
    70.0-180.0 180.0   5.0 450.0                            LAT/LON1/LON2/DLON/H
  103  103  102  100   96   96   93   90   85   80   73   68   62   57   54   53
   55   58   62   68   74   79   84   87   90   92   94   98  103  110  119  131
  144  158  173  188  202  215  225  235  242  248  254  258  263  266  270  272
  273  273  272  269  265  258  250  241  230  218  206  194  182  171  161  152
  144  136  130  122  115  110  113  112  103                                   
    67.5-180.0 180.0   5.0 450.0                            LAT/LON1/LON2/DLON/H
   94   95   96   96   94   95   94   91   87   81   74   68   62   57   53   52
   53   57   62   69   76   82   86   90   92   93   95   97  102  108  117  129
  142  157  172  187  201  214  226  235  244  251  258  264  270  276  281  286
  290  292  292  291  287  280  272  260  247  233  218  202  187  172  159  148
  138  129  122  113  106  101  102  105   94                                   
    65.0-180.0 180.0   5.0 450.0                            LAT/LON1/LON2/DLON/H
   85   86   87   89   88   91   91   90   88   83   78   72   65   60   56   55
   56   60   66   73   80   86   91   94   95   96   97   99  103  110  119  131
  144  159  174  189  203  215  227  236  245  253  261  268  275  283  289  295
  300  303  304  303  299  292  282  269  254  237  219  200  182  164  149  135
  124  114  107   98   93   89   92   97   85                                   
    62.5-180.0 180.0   5.0 450.0                            LAT/LON1/LON2/DLON/H
   73   74   76   79   79   83   85   86   86   84   80   75   70   64   61   60
   61   65   71   77   84   89   93   95   96   96   97  100  104  111  121  133
  147  161  176  190  204  216  227  237  246  254  262  270  278  285  292  297
  302  304  305  304  299  292  281  267  251  232  213  192  172  153  135  120
  107   97   90   82   77   74   77   84   73                                   
    60.0-180.0 180.0   5.0 450.0                            LAT/LON1/LON2/DLON/H
   66   63   65   67   68   72   75   78   79   79   78   75   71   67   64   63
   65   68   72   78   82   86   89   90   90   91   92   96  102  111  122  134
  149  163  178  192  206  218  229  239  249  258  266  274  282  289  294  298
  301  303  303  301  296  288  277  264  247  229  210  189  168  148  129  113
   99   88   81   73   69   65   68   74   66                                   
    57.5-180.0 180.0   5.0 450.0                            LAT/LON1/LON2/DLON/H
   65   58   58   59   59   61   65   68   71   73   73   72   69   67   65   64
   66   68   72   75   77   79   79   80   80   81   84   89   98  109  122  136
  151  166  182  196  210  223  235  247  257  267  276  284  291  297  301  303
  304  304  303  301  296  289  278  266  251  235  218  199  180  159  140  123
  108   96   88   79   75   68   69   73   65                                   
    55.0-180.0 180.0   5.0 450.0                            LAT/LON1/LON2/DLON/H
   74   62   58   56   54   54   57   59   62   64   66   66   65   63   62   62
   64   66   68   69   69   68   67   67   67   70   74   82   93  106  121  137
  154  170  186  202  217  231  245  257  269  280  290  299  305  310  312  312
  312  310  308  306  301  294  286  275  264  251  238  222  206  187  168  150
  134  120  112  101   95   84   82   82   74                                   
    52.5-180.0 180.0   5.0 450.0                            LAT/LON1/LON2/DLON/H
   91   75   68   62   57   54   55   55   56   58   60   61   60   59   59   59
   61   63   63   62   60   58   56   56   57   61   67   77   90  105  122  140
  158  175  192  209  226  242  257  272  285  297  308  316  323  326  327  325
  323  321  318  315  311  306  298  290  282  273  264  253  240  224  205  188
  170  155  145  132  124  111  106  100   91                                   
    50.0-180.0 180.0   5.0 450.0                            LAT/LON1/LON2/DLON/H
  112   95   86   76   70   64   61   58   57   58   58   58   57   56   56   57
   59   61   61   58   55   52   50   50   52   58   66   77   91  108  127  146
  165  183  202  220  238  256  273  289  303  316  327  335  341  343  343  340
  337  334  331  328  324  319  312  306  300  294  289  283  273  259  242  224
  205  190  178  164  154  140  133  123  112                                   
    47.5-180.0 180.0   5.0 450.0                            LAT/LON1/LON2/DLON/H
  132  116  107   97   90   81   75   69   66   64   63   61   58   57   57   58
   60   61   61   58   54   51   49   50   54   61   70   83   98  116  135  154
  174  193  213  232  252  271  290  307  322  335  346  354  358  359  358  355
  351  347  344  340  336  329  322  316  310  307  304  300  293  281  265  247
  228  212  198  184  174  161  154  144  132                                   
    45.0-180.0 180.0   5.0 450.0                            LAT/LON1/LON2/DLON/H
  142  132  124  118  112  103   96   87   82   78   74   70   66   63   62   63
   65   66   65   62   58   55   54   56   62   70   80   93  108  126  144  164
  184  204  225  246  266  287  307  326  341  354  364  370  373  373  371  367
  363  358  354  349  343  335  326  317  310  306  303  299  293  281  266  249
  231  215  200  187  178  168  163  155  142                                   
    42.5-180.0 180.0   5.0 450.0                            LAT/LON1/LON2/DLON/H
  140  136  134  132  130  123  116  108  101   95   90   84   79   74   72   71
   73   74   73   70   66   63   62   66   73   82   93  105  120  136  154  174
  194  215  236  259  281  304  326  346  362  375  384  388  389  388  384  379
  374  368  362  355  347  336  324  312  302  294  289  283  275  263  248  231
  214  199  184  172  165  158  156  152  140                                   
    40.0-180.0 180.0   5.0 450.0                            LAT/LON1/LON2/DLON/H
  126  128  132  135  138  135  132  125  119  113  107  101   95   89   85   84
   84   84   83   80   75   72   72   76   83   93  103  115  129  145  162  182
  203  225  248  272  297  322  347  369  387  401  409  411  410  406  401  395
  388  381  373  363  352  339  324  308  294  281  271  261  250  236  220  205
  188  173  158  146  140  135  137  135  126                                   
    37.5-180.0 180.0   5.0 450.0                            LAT/LON1/LON2/DLON/H
  107  113  120  126  134  136  138  135  131  127  122  118  112  105  100   97
   96   95   94   90   85   81   80   84   91   99  110  121  135  150  168  189
  211  235  260  287  315  344  372  398  419  434  442  444  441  435  427  419
  410  401  391  379  366  351  334  316  298  281  265  250  235  219  203  188
  171  155  139  125  117  111  114  112  107                                   
    35.0-180.0 180.0   5.0 450.0                            LAT/LON1/LON2/DLON/H
   91   97  105  112  122  127  133  136  136  135  133  130  126  121  115  111
  108  107  104   99   93   88   86   87   93  101  112  124  138  154  173  195
  219  245  273  304  336  370  404  435  460  478  487  489  484  476  467  457
  446  435  423  410  396  382  365  347  327  307  287  267  248  231  215  199
  182  164  144  125  112  100  101   97   91                                   
    32.5-180.0 180.0   5.0 450.0                            LAT/LON1/LON2/DLON/H
   87   88   92   97  106  113  122  128  132  135  137  138  136  132  127  123
  119  116  113  107  100   93   88   88   92  100  111  124  139  158  178  201
  227  255  287  322  361  401  441  479  509  531  543  546  541  533  522  512
  500  488  475  461  448  436  422  407  388  367  344  321  299  281  265  250
  232  211  187  159  139  115  110   98   87                                   
    30.0-180.0 180.0   5.0 450.0                            LAT/LON1/LON2/DLON/H
   99   92   88   89   94   99  109  117  124  130  135  139  141  140  136  132
  128  125  121  114  105   96   89   88   90   98  109  124  143  163  185  210
  237  268  305  345  390  436  483  527  563  589  605  611  609  602  593  583
  572  560  547  534  523  515  507  497  482  461  437  412  389  370  354  339
  320  296  266  229  201  163  146  123   99                                   
    27.5-180.0 180.0   5.0 450.0                            LAT/LON1/LON2/DLON/H
  131  113   98   92   92   93  101  107  115  122  129  136  140  142  141  137
  134  131  127  120  110   99   91   87   90   97  110  128  149  172  196  221
  251  286  329  375  426  477  529  576  616  647  667  678  680  677  672  665
  657  646  634  623  616  613  612  609  601  584  561  535  511  491  475  458
  437  408  371  326  289  238  204  172  131                                   
    25.0-180.0 180.0   5.0 450.0                            LAT/LON1/LON2/DLON/H
  183  152  126  110  103   98  101  104  110  117  124  131  137  141  141  140
  137  135  132  124  114  102   93   89   91  100  116  137  160  184  209  237
  270  311  360  412  465  519  571  619  660  693  718  734  744  748  749  747
  742  734  724  716  713  715  722  728  727  716  697  673  648  626  607  588
  562  529  485  433  387  327  275  239  183                                   
    22.5-180.0 180.0   5.0 450.0                            LAT/LON1/LON2/DLON/H
  248  208  172  147  129  116  111  110  112  116  121  127  133  138  140  140
  139  137  134  127  117  106   97   94   97  108  126  149  174  200  227  258
  296  343  396  449  502  554  604  649  688  721  749  772  789  801  809  814
  813  809  801  795  795  802  815  827  833  829  815  794  769  745  722  697
  666  632  583  529  476  414  351  315  248                                   
    20.0-180.0 180.0   5.0 450.0                            LAT/LON1/LON2/DLON/H
  318  273  233  200  169  147  133  125  122  122  123  126  131  135  138  138
  138  138  135  129  119  109  102  100  105  118  138  164  192  220  251  287
  330  379  430  480  529  577  622  662  697  729  759  786  809  829  844  855
  859  857  852  848  850  858  873  887  897  897  887  869  844  817  789  758
  722  689  642  589  538  482  419  387  318                                   
    17.5-180.0 180.0   5.0 450.0                            LAT/LON1/LON2/DLON/H
  377  335  300  265  220  189  165  150  139  133  129  128  130  133  136  137
  137  137  135  129  120  112  107  107  114  129  152  181  213  246  281  321
  364  410  456  500  544  586  625  660  691  721  750  779  806  831  851  865
  872  874  871  868  869  877  889  903  912  913  905  888  862  832  798  759
  720  687  648  602  560  514  463  441  377                                   
    15.0-180.0 180.0   5.0 450.0                            LAT/LON1/LON2/DLON/H
  416  380  356  326  276  238  206  183  165  152  142  136  133  134  135  136
  136  136  133  128  120  114  111  112  121  139  166  200  236  272  310  349
  390  431  471  510  549  585  619  650  678  705  732  758  786  811  833  849
  859  863  862  860  860  864  872  881  888  888  881  863  836  800  759  713
  668  635  605  567  539  509  475  465  416                                   
    12.5-180.0 180.0   5.0 450.0                            LAT/LON1/LON2/DLON/H
  433  404  393  371  325  285  248  219  195  177  161  149  142  139  138  137
  136  135  132  127  120  115  113  116  127  148  180  217  254  291  329  367
  405  442  478  513  548  581  611  639  665  689  711  735  759  783  804  820
  831  836  837  835  834  834  837  841  844  843  835  817  787  746  697  642
  592  556  532  504  491  477  460  458  433                                   
    10.0-180.0 180.0   5.0 450.0                            LAT/LON1/LON2/DLON/H
  433  413  413  398  361  322  283  251  225  204  183  167  155  148  144  140
  138  136  132  126  120  115  113  118  132  157  191  228  267  305  342  379
  415  449  482  514  544  574  603  630  655  677  697  717  738  758  776  790
  800  806  808  808  807  805  804  803  803  800  790  771  738  691  636  576
  521  483  459  439  439  440  435  436  433                                   
     7.5-180.0 180.0   5.0 450.0                            LAT/LON1/LON2/DLON/H
  426  416  422  412  386  350  310  276  249  227  205  186  171  160  152  146
  141  137  132  126  120  115  113  119  135  162  198  238  278  316  352  387
