data/edconvlstm_nd/pred0080.15i
     1.0            IONOSPHERE MAPS     GNSS                IONEX VERSION / TYPE
pyspatialgeodesy        IME             05-JAN-18 20:20     PGM / RUN BY / DATE 
Map Name                                                    COMMENT             
Predicted global ionosphere maps (GIM).                     DESCRIPTION         
  2015     1     8     0     0     0                        EPOCH OF FIRST MAP  
  2015     1     9     0     0     0                        EPOCH OF LAST MAP   
  7200                                                      INTERVAL            
    13                                                      # OF MAPS IN FILE   
  NONE                                                      MAPPING FUNCTION    
10.0                                                        ELEVATION CUTOFF    
One-way carrier phase leveled to code                       OBSERVABLES USED    
  6371.0                                                    BASE RADIUS         
 2                                                          MAP DIMENSION       
   450.0 450.0   0.0                                        HGT1 / HGT2 / DHGT  
    87.5 -87.5  -2.5                                        LAT1 / LAT2 / DLAT  
  -180.0 180.0   5.0                                        LON1 / LON2 / DLON  
    -1                                                      EXPONENT            
                                                            END OF HEADER       
[from data line 1287]
     4                                                      START OF TEC MAP    
  2015     1     8     6     0     0                        EPOCH OF CURRENT MAP
    87.5-180.0 180.0   5.0 450.0                            LAT/LON1/LON2/DLON/H
   55   62   59   63   62   64   64   60   61   63   64   65   65   66   66   66
   66   65   65   65   65   65   64   64   64   64   64   64   64   64   64   64
   64   63   63   62   62   61   60   59   58   57   56   55   54   53   53   52
   52   52   52   52   52   52   53   53   53   54   54   54   54   54   54   54
   56   56   54   55   61   68   77   73   55                                   
    85.0-180.0 180.0   5.0 450.0                            LAT/LON1/LON2/DLON/H
   49   71   70   68   71   73   74   73   74   76   76   77   77   77   77   76
   75   75   74   73   72   72   71   71   71   71   71   71   71   71   72   72
   72   71   71   70   70   69   67   66   65   64   63   61   61   60   59   59
   59   59   60   60   60   61   61   62   62   63   63   64   64   64   64   64
   66   66   62   63   66   71   82   75   49                                   
    82.5-180.0 180.0   5.0 450.0                            LAT/LON1/LON2/DLON/H
   58   69   84   76   76   80   81   81   84   86   86   88   88   87   86   85
   83   81   79   78   76   75   73   73   72   72   72   72   73   73   74   74
   75   75   74   74   73   71   70   68   66   65   63   62   61   60   60   60
   61   61   62   63   64   66   67   68   69   69   70   71   71   71   71   71
   72   71   68   67   75   71   72   69   58                                   
    80.0-180.0 180.0   5.0 450.0                            LAT/LON1/LON2/DLON/H
   74   78   87   80   85   84   88   89   93   94   95   96   96   95   94   91
   88   85   82   79   76   74   72   71   71   71   72   73   74   75   77   78
   79   79   79   79   77   76   74   71   69   67   65   63   63   62   63   64
   66   68   70   72   74   77   79   80   82   83   84   84   84   84   84   83
   83   81   80   79   83   79   79   73   74                                   
    77.5-180.0 180.0   5.0 450.0                            LAT/LON1/LON2/DLON/H
   81   81   85   80   80   84   88   91   96   98   99  101  101  100   98   94
   91   86   82   78   75   72   70   70   70   71   72   74   76   79   81   83
   85   86   87   86   85   83   80   77   74   71   69   67   67   68   69   72
   76   80   84   88   92   95   98  101  103  104  105  105  105  104  102  101
   98   96   91   91   87   76   74   72   81                                   
    75.0-180.0 180.0   5.0 450.0                            LAT/LON1/LON2/DLON/H
   75   77   76   74   73   79   84   86   90   93   95   97   97   96   94   90
   86   81   77   73   69   67   66   66   67   69   71   74   77   80   83   86
   88   89   89   89   87   84   80   77   73   70   68   68   69   71   75   81
   87   93  100  106  111  116  120  122  124  124  125  124  123  121  118  115
  111  107  101   94   91   79   76   74   75                                   
    72.5-180.0 180.0   5.0 450.0                            LAT/LON1/LON2/DLON/H
   76   74   72   71   70   77   83   86   89   92   94   96   96   96   94   91
   87   83   78   75   72   70   70   71   73   76   79   82   85   88   91   93
   94   95   95   93   91   87   83   79   75   73   72   73   76   81   87   96
  105  114  123  131  138  143  147  149  150  150  149  148  146  143  139  135
  130  124  118  109  102   87   80   81   76                                   
    70.0-180.0 180.0   5.0 450.0                            LAT/LON1/LON2/DLON/H
   81   71   70   69   66   71   76   79   82   85   87   90   90   90   89   86
   83   80   77   74   73   72   73   76   79   82   85   88   90   92   93   93
   93   93   92   89   86   82   78   75   72   70   71   74   79   87   97  108
  120  132  143  153  160  166  169  171  170  169  167  165  161  158  153  148
  142  134  127  117  108   93   89   91   81                                   
    67.5-180.0 180.0   5.0 450.0                            LAT/LON1/LON2/DLON/H
   79   66   64   64   59   64   68   70   73   75   76   79   80   80   80   79
   77   75   73   72   72   73   76   79   83   86   89   91   92   91   90   88
   86   84   82   79   76   72   69   66   65   65   68   74   82   92  105  118
  133  147  159  170  178  183  185  186  184  182  179  175  171  166  160  155
  147  138  130  119  108   94   89   94   79                                   
    65.0-180.0 180.0   5.0 450.0                            LAT/LON1/LON2/DLON/H
   81   63   59   60   54   58   62   64   66   67   68   71   72   73   74   74
   73   73   72   72   73   75   79   83   87   91   93   93   92   89   85   81
   77   74   71   68   65   63   61   60   61   64   70   78   89  102  116  132
  148  164  178  189  196  201  203  202  199  195  191  186  181  175  169  162
  153  143  134  121  110   96   92   98   81                                   
    62.5-180.0 180.0   5.0 450.0                            LAT/LON1/LON2/DLON/H
   82   61   57   58   51   55   58   60   61   62   62   65   66   67   69   70
   70   71   71   72   73   76   80   84   88   91   92   91   88   83   77   72
   67   63   60   58   56   55   55   57   60   66   74   85   99  114  130  147
  164  180  194  205  213  217  218  216  213  208  203  198  192  185  177  169
  159  147  137  124  112   98   93  101   82                                   
    60.0-180.0 180.0   5.0 450.0                            LAT/LON1/LON2/DLON/H
   85   61   55   54   47   49   52   54   55   55   56   58   59   61   63   65
   66   67   68   68   70   73   76   80   84   86   85   83   78   72   66   60
   55   52   50   49   48   49   51   55   61   70   81   95  110  126  144  161
  178  194  208  219  227  231  231  229  225  220  214  208  201  193  184  175
  164  151  142  128  117  100   96  101   85                                   
    57.5-180.0 180.0   5.0 450.0                            LAT/LON1/LON2/DLON/H
   90   64   56   52   46   46   48   49   50   50   51   53   55   57   59   61
   63   64   64   64   65   67   70   73   76   77   76   73   68   62   56   51
   47   45   44   44   46   48   51   57   65   77   91  108  125  142  159  176
  193  208  222  233  241  244  245  242  238  234  228  221  214  205  195  184
  173  159  151  138  128  108  102  104   90                                   
    55.0-180.0 180.0   5.0 450.0                            LAT/LON1/LON2/DLON/H
   96   69   59   52   46   44   44   45   46   46   46   48   50   52   55   57
   59   60   60   59   59   59   61   64   66   66   65   61   57   52   48   45
   43   43   43   45   47   50   55   62   73   87  103  122  140  158  175  191
  207  222  235  246  254  257  258  255  251  246  241  234  225  215  204  193
  180  168  161  149  141  119  113  110   96                                   
    52.5-180.0 180.0   5.0 450.0                            LAT/LON1/LON2/DLON/H
  104   77   66   55   49   45   43   43   43   43   43   45   46   49   51   54
   56   56   55   54   52   52   53   55   57   57   55   52   48   45   43   43
   43   45   47   50   53   57   62   71   82   98  117  137  156  174  191  207
  222  236  249  259  267  270  270  267  263  257  251  243  233  222  210  198
  186  176  171  161  155  132  126  119  104                                   
    50.0-180.0 180.0   5.0 450.0                            LAT/LON1/LON2/DLON/H
  115   89   75   63   56   49   45   43   43   42   42   43   44   46   49   51
   53   53   52   50   48   47   48   50   51   51   49   46   44   42   42   44
   46   50   54   59   63   67   73   81   94  111  131  152  172  191  207  223
  237  251  264  274  280  282  281  277  271  265  257  248  237  224  211  199
  188  180  178  170  167  146  140  130  115                                   
    47.5-180.0 180.0   5.0 450.0                            LAT/LON1/LON2/DLON/H
  127  103   88   74   66   58   52   48   46   45   44   44   45   46   48   50
   51   51   50   47   45   45   47   49   51   51   49   46   44   43   45   48
   52   57   63   68   74   79   85   94  107  125  145  167  188  207  224  239
  254  267  279  287  292  292  289  282  274  266  257  246  233  219  205  194
  185  180  178  173  173  155  150  141  127                                   
    45.0-180.0 180.0   5.0 450.0                            LAT/LON1/LON2/DLON/H
  138  117  102   89   80   70   63   57   53   51   49   48   48   48   49   50
   51   51   49   47   46   48   51   55   57   57   54   51   49   48   49   53
   57   63   70   77   84   91   99  109  122  140  160  182  203  222  240  256
  270  282  292  299  301  298  291  282  271  261  250  238  225  210  196  186
  178  174  174  170  171  157  154  148  138                                   
    42.5-180.0 180.0   5.0 450.0                            LAT/LON1/LON2/DLON/H
  145  125  114  103   94   84   76   69   64   60   58   56   54   53   53   53
   53   52   51   50   51   55   60   66   69   69   65   61   57   55   55   58
   62   68   75   84   93  102  112  124  138  156  175  196  217  236  254  270
  284  295  302  306  305  299  290  277  264  252  241  229  216  203  189  180
  173  169  167  163  163  152  149  147  145                                   
    40.0-180.0 180.0   5.0 450.0                            LAT/LON1/LON2/DLON/H
  146  126  118  110  103   95   89   82   77   72   69   67   64   62   60   59
   58   57   57   58   61   66   73   80   84   83   79   73   67   63   62   62
   65   70   78   89  100  112  125  138  154  171  191  210  230  249  267  282
  295  304  309  311  308  300  288  274  260  248  237  227  217  206  195  186
  178  172  166  157  153  139  138  139  146                                   
    37.5-180.0 180.0   5.0 450.0                            LAT/LON1/LON2/DLON/H
  141  119  113  108  104   99   96   92   88   84   81   79   77   74   71   69
   67   67   67   69   73   79   86   93   98   97   92   84   77   71   68   67
   68   72   80   91  105  120  135  152  169  187  205  224  242  260  278  293
  304  312  316  316  313  305  294  280  267  257  249  243  237  230  222  214
  204  192  179  162  150  128  125  130  141                                   
    35.0-180.0 180.0   5.0 450.0                            LAT/LON1/LON2/DLON/H
  134  107  101   97   96   95   97   96   94   92   91   91   90   87   84   81
   80   79   80   83   86   91   98  103  107  107  102   94   86   79   74   71
   71   73   81   92  107  124  143  162  182  201  219  237  254  271  288  303
  314  322  326  327  325  320  312  302  292  285  282  281  281  280  276  270
  257  239  216  187  163  127  120  125  134                                   
    32.5-180.0 180.0   5.0 450.0                            LAT/LON1/LON2/DLON/H
  132   96   88   83   84   86   91   93   93   94   96   99  100   99   96   94
   93   93   95   97   99  101  105  108  112  112  108  102   94   87   81   77
   75   76   81   92  108  126  148  170  192  212  231  249  266  283  299  314
  326  335  341  346  349  349  346  340  335  333  335  341  348  353  354  349
  334  310  279  236  201  147  131  131  132                                   
    30.0-180.0 180.0   5.0 450.0                            LAT/LON1/LON2/DLON/H
  140   93   79   71   73   76   82   86   88   91   95  101  105  106  105  104
  104  105  107  108  108  108  108  110  112  114  112  108  102   96   90   85
   81   80   84   93  107  126  149  174  199  222  243  261  278  295  313  329
  344  356  367  377  386  393  396  396  395  397  405  416  429  440  445  442
  426  397  359  305  261  191  165  157  140                                   
    27.5-180.0 180.0   5.0 450.0                            LAT/LON1/LON2/DLON/H
  163  104   82   68   67   70   75   79   81   84   91   98  104  107  108  108
  109  112  115  116  114  111  109  110  112  115  116  114  110  105  100   95
   91   88   89   95  107  125  149  175  203  230  253  273  292  310  330  349
  368  385  402  420  438  452  461  465  468  473  484  499  516  531  541  539
  523  492  449  389  339  258  220  205  163                                   
    25.0-180.0 180.0   5.0 450.0                            LAT/LON1/LON2/DLON/H
  202  134  104   80   73   72   73   75   75   79   85   93  100  104  105  107
  109  113  116  118  116  113  111  111  115  118  120  120  118  115  112  107
  102   98   96   98  107  124  147  175  206  236  263  286  307  328  351  375
  399  423  448  474  500  521  535  542  547  553  565  581  600  617  629  631
  617  587  543  482  427  340  292  274  202                                   
    22.5-180.0 180.0   5.0 450.0                            LAT/LON1/LON2/DLON/H
  257  184  146  114   97   89   83   80   77   79   84   90   96   99  101  103
  105  109  113  116  116  116  116  118  121  125  128  129  128  126  124  120
  114  107  102  102  107  122  145  175  208  242  273  299  324  349  376  405
  435  466  497  530  560  586  604  614  620  626  635  649  666  684  698  702
  692  668  629  572  516  429  376  361  257                                   
    20.0-180.0 180.0   5.0 450.0                            LAT/LON1/LON2/DLON/H
  323  249  206  169  141  125  110  101   93   90   91   94   97   98   99  100
  102  106  110  114  118  121  125  130  134  137  139  139  138  137  134  129
  122  114  107  103  107  121  144  176  212  249  283  314  343  372  404  437
  471  505  540  573  605  633  653  666  673  677  683  693  705  720  733  739
  736  723  694  648  594  515  464  453  323                                   
    17.5-180.0 180.0   5.0 450.0                            LAT/LON1/LON2/DLON/H
  395  323  276  238  199  176  154  138  124  116  112  110  108  106  104  104
  105  106  110  115  122  131  140  147  152  153  152  149  147  143  139  134
  126  116  108  104  107  122  147  181  219  259  296  330  362  395  430  465
  500  535  569  600  630  656  676  690  697  699  701  705  712  722  734  744
  749  747  732  700  651  586  544  535  395                                   
    15.0-180.0 180.0   5.0 450.0                            LAT/LON1/LON2/DLON/H
  462  399  351  312  262  234  205  186  169  157  147  140  133  127  122  120
  118  116  117  123  133  146  159  168  172  170  165  159  152  146  140  133
  124  115  107  103  108  125  154  190  230  270  309  345  380  416  451  486
  521  554  585  611  636  658  676  688  694  695  693  691  693  699  710  723
  735  743  742  722  681  632  601  591  462                                   
    12.5-180.0 180.0   5.0 450.0                            LAT/LON1/LON2/DLON/H
  516  467  422  380  323  289  257  236  218  205  193  183  172  162  156  151
  145  140  137  140  150  164  179  189  191  186  176  165  155  145  137  129
  121  112  105  103  112  132  164  202  243  283  322  359  396  431  466  500
  533  563  590  612  630  647  661  670  674  673  668  663  660  663  674  688
  705  719  726  715  684  650  627  613  516                                   
    10.0-180.0 180.0   5.0 450.0                            LAT/LON1/LON2/DLON/H
  550  515  476  433  375  337  303  282  266  254  243  232  220  210  203  197
  189  179  170  167  173  186  199  207  206  197  183  168  154  143  134  126
  118  110  104  105  117  141  176  216  256  295  332  369  406  441  474  506
  537  564  587  604  618  630  640  647  649  646  640  632  628  630  640  655
  672  687  696  689  666  643  625  605  550                                   
     7.5-180.0 180.0   5.0 450.0                            LAT/LON1/LON2/DLON/H
  563  539  507  462  411  371  338  318  305  297  289  281  271  264  259  255
  245  230  214  203  202  208  216  219  214  200  184  167  153  142  133  126
