data/edconvlstm_nd/pred2200.15i
     1.0            IONOSPHERE MAPS     GNSS                IONEX VERSION / TYPE
pyspatialgeodesy        IME             05-JAN-18 20:20     PGM / RUN BY / DATE 
Map Name                                                    COMMENT             
Predicted global ionosphere maps (GIM).                     DESCRIPTION         
  2015     8     8     0     0     0                        EPOCH OF FIRST MAP  
  2015     8     9     0     0     0                        EPOCH OF LAST MAP   
  7200                                                      INTERVAL            
    13                                                      # OF MAPS IN FILE   
  NONE                                                      MAPPING FUNCTION    
10.0                                                        ELEVATION CUTOFF    
One-way carrier phase leveled to code                       OBSERVABLES USED    
  6371.0                                                    BASE RADIUS         
 2                                                          MAP DIMENSION       
   450.0 450.0   0.0                                        HGT1 / HGT2 / DHGT  
    87.5 -87.5  -2.5                                        LAT1 / LAT2 / DLAT  
  -180.0 180.0   5.0                                        LON1 / LON2 / DLON  
    -1                                                      EXPONENT            
                                                            END OF HEADER       
[from data line 1287]
     4                                                      START OF TEC MAP    
  2015     8     8     6     0     0                        EPOCH OF CURRENT MAP
    87.5-180.0 180.0   5.0 450.0                            LAT/LON1/LON2/DLON/H
  118  116  115  119  122  120  118  115  117  118  118  119  119  119  119  119
  119  118  118  117  117  116  115  114  114  113  112  112  111  111  111  111
  111  111  111  111  111  112  112  113  113  113  114  114  115  115  115  116
  116  116  116  116  116  116  115  115  115  114  114  114  113  113  112  112
  113  114  113  112  117  116  120  116  118                                   
    85.0-180.0 180.0   5.0 450.0                            LAT/LON1/LON2/DLON/H
  116  124  124  125  129  128  128  128  129  130  130  131  131  131  131  131
  130  130  129  128  127  126  125  124  122  121  120  120  119  119  119  119
  119  119  120  120  121  122  122  123  124  124  125  125  126  126  127  127
  127  127  127  127  127  127  127  127  126  126  126  125  125  124  124  124
  125  127  122  123  118  118  121  117  116                                   
    82.5-180.0 180.0   5.0 450.0                            LAT/LON1/LON2/DLON/H
  121  128  131  129  130  132  132  132  133  134  134  135  136  136  135  135
  134  133  132  130  128  126  124  122  120  119  117  116  115  115  115  115
  116  117  118  120  121  122  124  125  126  127  128  129  130  131  131  132
  132  133  133  133  133  133  133  133  133  133  132  132  131  130  129  130
  130  130  126  127  128  121  116  109  121                                   
    80.0-180.0 180.0   5.0 450.0                            LAT/LON1/LON2/DLON/H
  126  127  125  126  128  128  129  129  131  132  132  133  134  134  134  134
  133  132  130  128  125  122  119  116  113  111  109  107  106  106  107  108
  109  111  113  115  118  120  122  124  126  128  129  130  132  133  134  134
  135  136  137  137  138  138  138  138  138  138  137  137  136  135  133  133
  132  131  129  129  129  126  127  113  126                                   
    77.5-180.0 180.0   5.0 450.0                            LAT/LON1/LON2/DLON/H
  128  128  125  127  126  126  127  127  128  129  129  131  131  132  133  133
  132  131  130  127  124  120  116  112  109  105  102  100   99   99  100  102
  105  108  111  115  119  122  125  128  131  133  135  137  138  140  141  143
  144  145  146  147  148  149  149  149  149  148  148  147  145  144  142  141
  139  138  133  135  134  128  126  120  128                                   
    75.0-180.0 180.0   5.0 450.0                            LAT/LON1/LON2/DLON/H
  125  127  119  121  120  119  119  117  118  118  117  119  120  122  123  124
  124  124  123  121  117  113  109  104   99   95   92   89   88   88   90   93
   96  101  106  110  115  120  124  127  130  133  135  137  140  142  144  146
  148  150  151  152  153  154  155  155  155  154  153  152  151  149  147  146
  143  142  137  133  133  130  130  124  125                                   
    72.5-180.0 180.0   5.0 450.0                            LAT/LON1/LON2/DLON/H
  126  128  121  120  119  117  115  112  111  111  110  112  113  115  117  119
  120  121  121  119  116  113  108  102   97   92   88   86   85   85   87   91
   96  101  107  113  119  124  129  133  136  139  142  145  148  151  154  156
  159  161  162  164  164  165  165  165  165  164  164  162  161  159  157  157
  154  152  149  146  142  138  135  130  126                                   
    70.0-180.0 180.0   5.0 450.0                            LAT/LON1/LON2/DLON/H
  132  131  123  120  116  111  107  103  101   99   97   98  100  101  104  107
  109  111  112  111  109  106  101   96   90   85   81   79   78   79   81   86
   91   98  105  111  118  123  128  132  136  140  143  147  151  155  158  161
  163  165  166  167  168  168  167  167  166  166  165  164  163  162  161  161
  159  157  155  152  149  146  145  139  132                                   
    67.5-180.0 180.0   5.0 450.0                            LAT/LON1/LON2/DLON/H
  134  133  125  120  115  108  102   95   92   88   86   86   87   89   91   94
   97   99  101  101  100   97   93   88   83   78   75   73   72   73   76   81
   87   94  101  108  114  119  124  128  132  137  141  146  151  155  159  162
  164  166  166  166  165  165  164  163  162  162  161  161  160  160  159  160
  160  159  158  156  153  150  149  144  134                                   
    65.0-180.0 180.0   5.0 450.0                            LAT/LON1/LON2/DLON/H
  138  138  129  123  117  108  100   92   87   82   79   78   77   78   80   82
   85   87   89   90   89   87   84   80   76   72   70   69   69   71   74   79
   85   92   99  105  111  117  121  126  131  136  142  147  153  158  162  165
  167  167  166  165  163  162  160  159  157  157  157  157  157  158  158  160
  160  161  160  159  157  156  155  150  138                                   
    62.5-180.0 180.0   5.0 450.0                            LAT/LON1/LON2/DLON/H
  143  144  136  129  122  112  103   94   87   81   76   73   71   71   71   72
   74   76   77   78   77   76   73   70   67   66   65   65   67   69   73   78
   84   90   97  103  109  114  119  124  130  136  143  150  156  162  166  168
  168  167  166  163  161  158  156  154  153  152  152  153  154  155  156  158
  160  161  161  160  159  158  159  156  143                                   
    60.0-180.0 180.0   5.0 450.0                            LAT/LON1/LON2/DLON/H
  147  150  142  136  128  119  109   99   91   83   76   72   68   65   63   63
   63   64   65   65   64   62   60   59   58   58   59   61   64   67   71   76
   81   88   94  100  106  111  116  122  129  136  145  153  160  165  169  170
  169  167  165  161  158  155  153  151  149  149  149  150  151  153  154  157
  159  160  161  160  159  159  160  158  147                                   
    57.5-180.0 180.0   5.0 450.0                            LAT/LON1/LON2/DLON/H
  152  157  151  145  139  129  120  108   99   89   81   74   67   62   58   55
   54   54   54   53   52   50   49   48   49   51   54   58   62   66   70   75
   80   86   92   99  104  110  116  123  131  140  149  158  166  171  174  174
  172  169  166  163  159  156  154  152  151  150  151  152  153  155  156  159
  161  162  162  161  160  160  161  160  152                                   
    55.0-180.0 180.0   5.0 450.0                            LAT/LON1/LON2/DLON/H
  157  163  159  156  151  142  133  120  109   98   87   78   69   61   55   50
   47   46   45   44   43   41   40   40   42   46   51   56   61   65   70   74
   79   85   91   98  104  110  117  125  135  145  156  165  173  178  180  179
  177  174  170  167  163  161  158  157  156  156  156  157  159  160  161  163
  164  165  164  162  160  160  162  162  157                                   
    52.5-180.0 180.0   5.0 450.0                            LAT/LON1/LON2/DLON/H
  162  170  168  167  163  156  147  134  122  108   95   83   72   61   53   48
   44   42   41   40   38   37   36   37   40   45   50   56   61   66   70   74
   79   85   92   98  105  113  121  130  141  153  164  174  182  186  188  187
  184  181  177  174  170  168  166  164  164  164  165  166  167  167  168  169
  170  169  168  165  163  162  164  163  162                                   
    50.0-180.0 180.0   5.0 450.0                            LAT/LON1/LON2/DLON/H
  168  176  176  176  175  169  161  148  135  119  104   90   76   64   55   48
   44   42   41   40   39   38   38   39   43   48   53   59   64   68   72   76
   81   87   93  101  109  117  127  138  150  162  174  185  192  197  198  197
  194  191  187  183  180  177  174  173  173  173  174  175  176  176  176  177
  176  176  174  170  167  165  167  166  168                                   
    47.5-180.0 180.0   5.0 450.0                            LAT/LON1/LON2/DLON/H
  172  181  182  184  184  180  173  161  147  130  113   98   83   69   59   52
   48   45   45   44   44   44   45   47   51   56   60   65   69   72   75   79
   84   90   97  105  113  123  134  147  160  173  186  196  203  208  210  209
  207  203  199  194  190  186  183  181  181  181  182  183  183  183  182  183
  183  182  180  176  172  170  171  170  172                                   
    45.0-180.0 180.0   5.0 450.0                            LAT/LON1/LON2/DLON/H
  176  185  186  188  190  187  181  170  157  140  123  107   91   77   66   59
   54   53   52   53   54   55   57   60   64   67   71   73   76   78   81   84
   89   95  102  110  119  130  143  157  172  185  197  207  215  220  223  223
  221  217  212  206  200  194  189  187  186  187  188  189  189  188  188  189
  189  189  187  183  179  176  177  175  176                                   
    42.5-180.0 180.0   5.0 450.0                            LAT/LON1/LON2/DLON/H
  180  188  187  189  191  189  185  175  163  148  132  116  101   87   76   68
   64   62   63   64   66   68   72   75   79   81   83   83   84   85   87   91
   96  102  109  117  127  139  153  168  183  197  209  219  227  233  236  238
  236  232  225  218  209  202  196  193  192  193  193  194  193  193  192  194
  195  196  195  192  188  184  184  182  180                                   
    40.0-180.0 180.0   5.0 450.0                            LAT/LON1/LON2/DLON/H
  186  191  188  188  190  187  184  176  167  154  140  126  112   99   88   80
   75   73   74   75   78   82   86   91   94   95   95   93   92   93   95   99
  104  109  116  124  134  147  163  179  195  209  220  229  237  244  250  252
  251  246  239  230  221  213  206  202  201  201  201  201  200  199  198  200
  201  204  204  201  198  194  194  191  186                                   
    37.5-180.0 180.0   5.0 450.0                            LAT/LON1/LON2/DLON/H
  194  196  191  188  187  183  181  175  168  158  147  135  123  110  100   92
   86   84   84   85   88   93   99  104  108  108  105  103  101  101  103  107
  112  117  123  131  141  155  172  189  205  218  229  238  247  255  261  265
  264  260  253  245  236  228  222  219  217  217  216  214  211  209  208  210
  211  214  215  214  211  207  208  204  194                                   
    35.0-180.0 180.0   5.0 450.0                            LAT/LON1/LON2/DLON/H
  208  207  199  192  187  180  177  172  168  160  152  143  132  121  111  102
   97   93   92   93   97  103  109  115  118  118  114  110  108  108  110  114
  118  123  129  137  147  162  179  197  213  226  236  245  255  264  271  276
  276  273  269  263  256  251  247  244  243  242  239  235  231  227  224  225
  226  229  230  229  227  224  225  220  208                                   
    32.5-180.0 180.0   5.0 450.0                            LAT/LON1/LON2/DLON/H
  227  224  214  201  192  181  177  171  168  162  156  149  140  129  119  111
  105  101   99  100  103  109  117  123  126  125  122  117  114  114  116  119
  123  127  133  141  152  167  185  203  218  231  241  250  260  270  279  285
  287  286  285  283  282  281  280  280  279  277  272  266  259  252  248  247
  247  249  250  249  247  245  246  241  227                                   
    30.0-180.0 180.0   5.0 450.0                            LAT/LON1/LON2/DLON/H
  253  248  236  219  204  189  181  174  170  165  160  154  145  136  126  117
  110  106  104  105  109  115  123  130  133  132  128  123  120  119  120  122
  125  128  134  142  154  170  187  205  221  233  244  253  264  275  284  291
  296  299  303  308  313  317  321  323  322  319  313  304  294  285  279  275
  273  273  274  272  271  269  271  266  253                                   
    27.5-180.0 180.0   5.0 450.0                            LAT/LON1/LON2/DLON/H
  284  278  266  245  225  204  192  182  176  169  164  158  150  140  130  121
  115  110  108  109  113  121  129  135  138  137  133  129  125  123  123  123
  123  126  131  140  153  169  187  205  220  233  244  255  266  277  288  297
  304  313  323  334  346  357  365  369  369  364  356  345  333  322  313  307
  302  301  301  298  297  297  298  293  284                                   
    25.0-180.0 180.0   5.0 450.0                            LAT/LON1/LON2/DLON/H
  317  312  300  276  251  226  209  195  185  177  170  164  155  145  134  125
  119  114  113  114  119  127  135  141  143  142  138  133  129  125  122  119
  118  120  125  135  150  166  184  201  217  230  243  255  267  279  291  302
  313  327  343  362  380  395  406  411  411  405  395  383  369  357  346  338
  331  329  329  325  324  325  326  322  317                                   
    22.5-180.0 180.0   5.0 450.0                            LAT/LON1/LON2/DLON/H
  349  345  334  308  281  252  231  212  199  188  179  171  162  151  140  131
  124  120  119  120  126  133  141  147  148  146  141  136  130  124  118  112
  109  110  116  128  143  161  178  196  212  227  241  255  269  282  295  308
  323  341  363  386  408  425  437  443  442  436  425  413  400  387  376  366
  359  357  356  353  352  354  354  350  349                                   
    20.0-180.0 180.0   5.0 450.0                            LAT/LON1/LON2/DLON/H
  376  374  363  338  308  277  252  230  214  201  191  182  172  161  150  140
  133  129  127  129  134  141  148  152  152  148  143  136  129  121  112  103
   98   99  106  118  135  153  171  189  207  224  241  257  273  287  300  315
  333  355  381  406  429  445  456  460  459  453  444  433  422  411  400  391
  384  382  382  379  378  381  378  375  376                                   
    17.5-180.0 180.0   5.0 450.0                            LAT/LON1/LON2/DLON/H
  396  395  384  359  329  297  270  247  229  215  205  196  186  175  164  154
  147  141  139  139  143  148  153  155  153  148  141  134  125  115  104   93
   87   88   96  109  127  146  165  184  203  223  243  261  277  292  307  323
  344  368  394  419  440  454  463  466  465  461  454  447  438  429  420  412
  406  404  405  403  402  404  400  395  396                                   
    15.0-180.0 180.0   5.0 450.0                            LAT/LON1/LON2/DLON/H
  408  407  396  371  341  309  281  259  242  229  219  212  203  194  183  173
  165  158  153  151  152  155  157  156  151  144  137  128  119  108   96   85
   79   79   87  101  119  139  160  181  202  224  246  265  282  298  313  331
  353  378  403  426  443  455  462  465  465  463  460  455  450  443  436  429
  423  423  425  423  422  423  417  411  408                                   
    12.5-180.0 180.0   5.0 450.0                            LAT/LON1/LON2/DLON/H
  414  412  399  373  344  312  285  265  250  239  232  227  221  214  205  196
  186  177  170  164  162  160  158  154  147  138  129  121  111  101   90   80
   74   74   81   95  114  135  157  180  203  226  249  269  286  302  318  337
  359  383  407  427  442  452  459  462  463  463  463  462  459  454  448  442
  438  438  440  440  438  438  430  423  414                                   
    10.0-180.0 180.0   5.0 450.0                            LAT/LON1/LON2/DLON/H
  417  413  399  369  341  310  284  266  254  246  241  239  237  233  226  218
  208  198  187  178  170  164  157  149  140  130  120  112  104   95   86   77
   72   72   79   92  110  132  156  179  204  228  250  270  287  303  319  339
  361  384  406  424  439  450  457  462  464  466  467  467  466  463  458  453
  449  450  452  451  450  448  439  431  417                                   
     7.5-180.0 180.0   5.0 450.0                            LAT/LON1/LON2/DLON/H
  419  414  398  365  337  306  282  265  255  249  246  247  248  246  243  236
  227  216  203  190  177  166  155  144  132  121  112  104   97   91   84   78
