data/edconvlstm_nd/pred1580.15i
     1.0            IONOSPHERE MAPS     GNSS                IONEX VERSION / TYPE
pyspatialgeodesy        IME             05-JAN-18 20:20     PGM / RUN BY / DATE 
Map Name                                                    COMMENT             
Predicted global ionosphere maps (GIM).                     DESCRIPTION         
  2015     6     7     0     0     0                        EPOCH OF FIRST MAP  
  2015     6     8     0     0     0                        EPOCH OF LAST MAP   
  7200                                                      INTERVAL            
    13                                                      # OF MAPS IN FILE   
  NONE                                                      MAPPING FUNCTION    
10.0                                                        ELEVATION CUTOFF    
One-way carrier phase leveled to code                       OBSERVABLES USED    
  6371.0                                                    BASE RADIUS         
 2                                                          MAP DIMENSION       
   450.0 450.0   0.0                                        HGT1 / HGT2 / DHGT  
    87.5 -87.5  -2.5                                        LAT1 / LAT2 / DLAT  
  -180.0 180.0   5.0                                        LON1 / LON2 / DLON  
    -1                                                      EXPONENT            
                                                            END OF HEADER       
[from data line 4290]
    11                                                      START OF TEC MAP    
  2015     6     7    20     0     0                        EPOCH OF CURRENT MAP
    87.5-180.0 180.0   5.0 450.0                            LAT/LON1/LON2/DLON/H
  224  209  194  200  201  202  201  200  200  200  199  199  199  198  198  198
  197  197  196  195  195  194  193  192  191  190  189  188  187  186  185  184
  183  183  182  182  182  181  181  182  182  182  182  183  184  185  185  186
  187  188  189  190  191  192  193  194  194  195  196  196  197  197  197  198
  197  197  197  198  207  210  206  214  224                                   
    85.0-180.0 180.0   5.0 450.0                            LAT/LON1/LON2/DLON/H
  211  210  212  207  204  208  207  208  208  208  207  207  207  206  206  206
  205  205  204  204  203  202  200  199  198  196  195  194  192  191  189  188
  187  186  185  184  184  183  183  183  183  183  184  185  186  187  188  190
  191  193  194  196  197  199  200  201  202  203  204  204  205  205  206  206
  207  207  206  207  211  202  204  213  211                                   
    82.5-180.0 180.0   5.0 450.0                            LAT/LON1/LON2/DLON/H
  195  203  203  202  202  207  208  208  207  207  207  207  207  207  207  207
  206  206  205  204  203  202  200  198  196  194  192  189  187  184  182  180
  178  176  175  173  172  171  171  170  171  171  172  174  175  177  179  182
  184  187  189  191  193  195  197  199  200  201  202  203  204  204  205  205
  205  204  203  208  208  212  208  200  195                                   
    80.0-180.0 180.0   5.0 450.0                            LAT/LON1/LON2/DLON/H
  193  202  204  202  199  203  204  207  207  208  208  209  209  210  210  210
  211  211  210  210  208  207  205  202  199  196  193  190  186  183  180  177
  174  172  170  168  166  165  164  164  164  165  166  168  170  172  175  178
  181  184  187  190  192  194  196  197  199  200  201  201  202  202  203  203
  203  202  202  205  205  196  196  197  193                                   
    77.5-180.0 180.0   5.0 450.0                            LAT/LON1/LON2/DLON/H
  196  197  201  200  199  204  204  207  207  209  209  210  211  212  213  215
  216  217  217  217  217  215  213  210  207  203  199  194  190  186  182  179
  176  173  170  168  166  164  163  162  162  163  164  166  168  171  174  178
  181  184  187  190  192  194  196  197  198  199  200  201  201  201  201  201
  201  200  200  201  206  194  196  201  196                                   
    75.0-180.0 180.0   5.0 450.0                            LAT/LON1/LON2/DLON/H
  194  196  197  197  196  201  201  203  205  207  207  208  210  211  213  215
  217  219  220  221  222  221  219  216  212  207  202  197  192  188  184  180
  177  174  171  169  166  164  162  161  161  161  162  164  167  170  173  176
  179  182  184  187  188  190  191  192  193  194  195  195  196  196  197  198
  197  197  198  197  199  189  191  190  194                                   
    72.5-180.0 180.0   5.0 450.0                            LAT/LON1/LON2/DLON/H
  192  195  197  201  197  203  203  205  206  207  207  209  210  211  214  216
  219  222  224  226  227  227  225  222  217  212  206  200  195  190  186  183
  180  178  175  173  170  167  165  164  163  163  164  166  168  171  174  177
  179  181  183  184  185  186  187  188  189  190  191  192  194  195  196  197
  196  197  197  196  197  189  191  196  192                                   
    70.0-180.0 180.0   5.0 450.0                            LAT/LON1/LON2/DLON/H
  194  197  198  201  197  202  202  204  205  206  206  207  208  209  211  213
  216  219  223  225  227  227  225  222  217  211  205  199  193  189  186  184
  182  180  178  175  173  170  167  165  164  164  165  167  169  172  174  176
  177  177  178  178  178  178  178  179  180  182  184  187  190  192  195  197
  197  198  199  198  199  192  195  198  194                                   
    67.5-180.0 180.0   5.0 450.0                            LAT/LON1/LON2/DLON/H
  201  205  207  210  206  211  211  212  213  213  212  213  212  213  214  216
  219  222  226  229  231  231  230  226  221  215  208  202  197  194  192  191
  190  189  188  185  182  179  176  174  173  174  175  177  179  181  182  182
  181  180  179  177  176  175  175  177  179  182  185  190  194  198  202  206
  207  208  209  207  206  198  201  206  201                                   
    65.0-180.0 180.0   5.0 450.0                            LAT/LON1/LON2/DLON/H
  206  211  212  215  211  216  215  216  216  216  215  214  213  213  213  215
  217  220  223  226  228  229  227  224  218  212  206  200  196  194  193  194
  194  194  193  190  187  183  180  178  178  179  180  182  184  185  184  183
  180  177  174  171  168  167  167  168  171  175  181  187  193  200  206  211
  213  215  216  215  215  207  210  215  206                                   
    62.5-180.0 180.0   5.0 450.0                            LAT/LON1/LON2/DLON/H
  214  219  221  223  219  224  222  223  223  222  220  219  217  216  215  216
  217  219  222  224  226  227  226  222  218  212  206  201  198  198  198  200
  201  202  200  197  193  189  186  185  185  186  188  190  191  191  188  185
  180  175  170  165  162  160  159  161  165  171  178  186  194  202  210  216
  219  222  224  222  222  213  217  223  214                                   
    60.0-180.0 180.0   5.0 450.0                            LAT/LON1/LON2/DLON/H
  222  226  229  231  227  232  230  230  229  227  224  222  220  218  217  217
  217  218  220  221  223  223  223  220  217  212  207  204  202  203  205  207
  209  210  208  204  200  195  193  191  192  194  196  197  196  194  190  185
  178  171  164  159  154  152  151  153  158  164  172  182  192  201  211  218
  222  226  228  227  227  219  223  229  222                                   
    57.5-180.0 180.0   5.0 450.0                            LAT/LON1/LON2/DLON/H
  229  234  237  239  236  241  239  238  236  234  230  227  224  221  220  219
  218  218  218  218  219  220  220  219  217  214  212  210  210  211  214  217
  219  219  217  212  207  203  200  199  199  201  202  202  200  196  190  183
  175  167  159  152  148  145  144  146  150  157  166  176  186  197  207  216
  222  227  230  230  230  223  228  235  229                                   
    55.0-180.0 180.0   5.0 450.0                            LAT/LON1/LON2/DLON/H
  238  243  246  250  247  252  250  249  246  242  237  233  229  226  224  222
  220  218  217  216  216  218  219  220  220  219  218  218  219  222  225  229
  231  230  227  222  216  211  208  207  207  207  207  205  201  195  188  180
  171  162  154  148  143  140  139  140  144  150  158  168  179  190  202  212
  219  226  230  231  233  227  233  240  238                                   
    52.5-180.0 180.0   5.0 450.0                            LAT/LON1/LON2/DLON/H
  247  253  257  261  261  266  265  263  259  254  247  241  236  232  229  227
  223  220  216  214  214  216  218  221  224  225  227  228  230  233  237  241
  242  242  238  233  227  222  218  216  214  213  210  206  200  193  184  176
  167  159  152  145  140  137  136  137  139  145  152  161  171  182  195  206
  215  224  231  233  236  233  239  246  247                                   
    50.0-180.0 180.0   5.0 450.0                            LAT/LON1/LON2/DLON/H
  257  265  269  275  276  283  282  280  276  269  261  253  247  242  238  233
  228  223  218  215  214  216  220  225  229  233  236  239  242  246  249  253
  255  254  251  246  240  234  230  226  222  218  212  205  197  189  181  173
  166  159  152  146  141  138  136  136  138  142  148  156  166  177  190  202
  213  225  234  239  243  242  248  255  257                                   
    47.5-180.0 180.0   5.0 450.0                            LAT/LON1/LON2/DLON/H
  269  278  282  289  292  300  301  300  296  289  279  270  262  255  249  243
  236  229  222  217  217  219  224  230  236  241  246  250  254  257  261  265
  267  267  265  261  255  249  243  237  230  223  214  205  195  186  179  172
  167  161  155  150  145  142  139  138  139  142  148  155  164  175  189  203
  216  231  242  249  253  254  261  267  269                                   
    45.0-180.0 180.0   5.0 450.0                            LAT/LON1/LON2/DLON/H
  281  291  294  302  306  316  318  320  317  312  302  292  282  273  266  258
  248  238  229  224  223  226  231  238  244  251  256  261  266  270  274  277
  280  281  280  277  271  264  257  249  240  229  217  205  195  187  180  175
  171  166  161  156  151  147  144  143  144  147  152  159  168  179  193  208
  224  241  255  263  268  270  277  282  281                                   
    42.5-180.0 180.0   5.0 450.0                            LAT/LON1/LON2/DLON/H
  291  302  304  311  317  328  333  337  338  335  327  317  306  297  287  276
  264  252  242  236  235  237  242  248  255  262  268  274  279  283  287  291
  295  297  297  294  288  281  273  262  250  237  223  209  198  190  185  181
  178  174  169  163  158  154  150  149  150  153  159  167  176  188  202  219
  235  254  270  280  284  287  294  298  291                                   
    40.0-180.0 180.0   5.0 450.0                            LAT/LON1/LON2/DLON/H
  300  310  311  317  323  335  343  350  356  356  351  344  334  324  313  300
  286  272  260  253  251  253  257  263  269  276  283  289  295  300  304  308
  312  314  314  312  306  298  288  276  262  247  231  217  206  198  193  189
  186  182  176  170  164  159  156  155  157  161  168  177  187  199  214  231
  249  269  286  296  299  303  310  312  300                                   
    37.5-180.0 180.0   5.0 450.0                            LAT/LON1/LON2/DLON/H
  306  314  314  319  325  337  347  358  369  375  375  371  364  355  344  329
  313  297  284  276  274  275  277  281  286  293  301  309  315  320  324  328
  331  333  332  329  322  314  302  289  274  258  242  228  216  208  202  198
  194  189  182  174  168  162  159  159  162  168  176  186  198  211  226  243
  261  282  299  310  311  315  322  324  306                                   
    35.0-180.0 180.0   5.0 450.0                            LAT/LON1/LON2/DLON/H
  310  317  316  320  326  337  349  362  378  389  395  397  394  388  377  363
  345  327  313  304  301  300  301  303  308  315  324  333  340  344  347  350
  351  351  349  344  336  326  313  300  285  269  254  239  227  218  211  205
  199  192  184  176  168  163  160  161  165  172  182  193  206  220  235  252
  269  290  307  318  317  321  329  332  310                                   
    32.5-180.0 180.0   5.0 450.0                            LAT/LON1/LON2/DLON/H
  313  319  319  321  328  337  350  365  384  400  412  420  423  421  413  399
  380  361  346  336  331  329  328  329  332  340  350  360  367  371  372  372
  370  367  361  353  343  331  319  305  291  277  262  248  235  224  215  208
  200  192  183  174  166  160  158  160  164  172  183  195  209  223  239  256
  272  293  309  320  318  323  331  336  313                                   
    30.0-180.0 180.0   5.0 450.0                            LAT/LON1/LON2/DLON/H
  317  323  324  326  333  342  355  371  391  411  428  442  451  453  448  436
  418  399  382  370  363  358  355  355  359  367  378  388  394  397  396  392
  386  378  368  356  342  329  316  303  291  278  264  251  237  225  214  204
  196  187  178  169  161  156  154  156  161  169  179  191  204  219  236  253
  269  289  306  317  315  320  329  337  317                                   
    27.5-180.0 180.0   5.0 450.0                            LAT/LON1/LON2/DLON/H
  321  329  332  336  344  353  366  381  402  424  444  463  476  484  483  474
  457  437  419  405  395  387  382  381  385  393  404  413  419  418  414  406
  395  381  365  349  332  317  303  291  280  269  258  245  231  217  206  195
  187  178  170  161  154  150  148  150  154  161  170  181  194  209  226  244
  261  282  298  310  310  316  327  337  321                                   
    25.0-180.0 180.0   5.0 450.0                            LAT/LON1/LON2/DLON/H
  327  337  343  349  360  370  383  397  417  439  461  483  501  513  517  511
  496  477  457  440  426  416  408  406  409  416  426  434  436  432  424  410
  394  375  353  332  312  295  281  270  260  251  241  229  216  203  192  182
  174  167  160  153  147  142  141  142  146  151  158  167  178  193  211  230
  249  271  289  303  305  313  325  339  327                                   
    22.5-180.0 180.0   5.0 450.0                            LAT/LON1/LON2/DLON/H
  334  347  355  363  377  389  403  417  436  456  479  502  523  539  547  545
  533  515  494  474  457  442  432  428  429  435  442  446  444  436  423  405
  383  359  333  308  286  268  254  243  235  227  218  208  197  185  175  167
  161  156  150  144  139  135  133  134  137  140  145  151  161  175  193  214
  235  260  280  296  302  313  327  342  334                                   
    20.0-180.0 180.0   5.0 450.0                            LAT/LON1/LON2/DLON/H
  339  354  363  373  390  405  422  436  454  474  495  519  541  560  572  574
  567  551  530  508  487  468  454  447  446  449  451  450  443  431  414  392
  366  338  309  282  260  241  227  216  208  202  194  186  177  168  160  153
  149  145  141  136  131  127  126  127  129  131  133  136  144  157  175  197
  220  249  272  291  301  315  330  346  339                                   
    17.5-180.0 180.0   5.0 450.0                            LAT/LON1/LON2/DLON/H
  340  357  367  377  396  415  434  449  467  486  507  531  554  575  590  597
  594  582  563  540  515  492  474  463  458  456  453  446  435  419  398  374
  346  316  286  260  238  221  207  196  188  181  175  169  162  155  149  144
  141  137  133  128  124  120  119  120  122  122  123  124  130  140  158  180
  206  237  264  287  300  318  335  350  340                                   
    15.0-180.0 180.0   5.0 450.0                            LAT/LON1/LON2/DLON/H
  337  355  363  372  392  413  435  452  471  490  511  534  557  580  598  610
  613  606  590  567  540  513  491  476  466  459  450  438  423  404  382  356
  328  298  270  246  227  211  198  187  178  171  165  159  154  150  145  141
  137  133  128  122  117  114  113  114  115  116  115  115  118  127  142  164
  190  224  255  280  298  319  337  351  337                                   
    12.5-180.0 180.0   5.0 450.0                            LAT/LON1/LON2/DLON/H
  330  349  355  362  381  402  426  445  465  484  505  527  550  573  594  610
  619  619  608  587  559  530  504  485  471  458  445  429  411  392  369  344
  316  289  264  244  227  213  201  190  180  172  166  161  157  153  148  143
  137  131  124  117  112  108  107  109  110  111  110  109  110  117  129  149
  175  210  243  271  292  316  336  349  330                                   
    10.0-180.0 180.0   5.0 450.0                            LAT/LON1/LON2/DLON/H
  322  342  347  351  367  387  411  430  450  469  489  510  533  556  578  597
  612  618  613  595  569  539  512  490  472  456  439  421  403  384  363  339
  313  289  268  251  238  226  215  204  193  184  176  171  166  162  155  147
  138  129  121  113  107  103  102  104  106  107  106  105  106  109  119  136
  159  193  228  258  281  309  331  343  322                                   
     7.5-180.0 180.0   5.0 450.0                            LAT/LON1/LON2/DLON/H
  317  338  343  345  359  376  397  414  433  451  468  488  508  529  551  572
  591  602  603  591  568  539  512  490  471  453  435  417  400  382  362  340
