data/edconvlstm_nd/pred2190.15i
     1.0            IONOSPHERE MAPS     GNSS                IONEX VERSION / TYPE
pyspatialgeodesy        IME             05-JAN-18 20:20     PGM / RUN BY / DATE 
Map Name                                                    COMMENT             
Predicted global ionosphere maps (GIM).                     DESCRIPTION         
  2015     8     7     0     0     0                        EPOCH OF FIRST MAP  
  2015     8     8     0     0     0                        EPOCH OF LAST MAP   
  7200                                                      INTERVAL            
    13                                                      # OF MAPS IN FILE   
  NONE                                                      MAPPING FUNCTION    
10.0                                                        ELEVATION CUTOFF    
One-way carrier phase leveled to code                       OBSERVABLES USED    
  6371.0                                                    BASE RADIUS         
 2                                                          MAP DIMENSION       
   450.0 450.0   0.0                                        HGT1 / HGT2 / DHGT  
    87.5 -87.5  -2.5                                        LAT1 / LAT2 / DLAT  
  -180.0 180.0   5.0                                        LON1 / LON2 / DLON  
    -1                                                      EXPONENT            
                                                            END OF HEADER       
[from data line 5148]
    13                                                      START OF TEC MAP    
  2015     8     8     0     0     0                        EPOCH OF CURRENT MAP
    87.5-180.0 180.0   5.0 450.0                            LAT/LON1/LON2/DLON/H
  120  116  122  116  116  116  114  113  114  114  115  115  115  115  115  115
  115  115  114  114  113  112  111  110  109  108  107  106  105  104  104  103
  103  102  102  102  101  101  101  101  102  102  102  102  102  102  102  103
  103  103  103  103  103  103  103  102  102  102  102  102  102  102  103  103
  104  105  106  105  103  106  114  124  120                                   
    85.0-180.0 180.0   5.0 450.0                            LAT/LON1/LON2/DLON/H
  125  124  112  117  123  123  121  121  121  121  122  122  122  122  122  121
  121  120  119  118  116  115  114  112  111  109  108  106  105  104  103  102
  102  101  101  101  101  101  101  101  101  102  102  102  102  102  103  103
  103  103  103  103  103  103  103  103  104  104  104  104  104  105  105  106
  107  109  110  113  109  117  123  126  125                                   
    82.5-180.0 180.0   5.0 450.0                            LAT/LON1/LON2/DLON/H
  126  119  127  127  130  133  131  131  133  133  133  134  134  133  133  132
  131  130  128  127  125  123  121  118  116  114  111  109  107  105  104  103
  102  101  101  101  102  102  102  103  103  104  104  104  104  104  104  105
  105  105  105  105  105  105  106  106  106  106  107  107  108  108  109  111
  112  114  115  114  116  109  115  120  126                                   
    80.0-180.0 180.0   5.0 450.0                            LAT/LON1/LON2/DLON/H
  135  129  127  129  134  136  139  140  142  142  142  143  142  142  141  139
  138  136  134  132  130  128  125  122  118  115  111  108  105  102  100   99
   98   98   99  100  101  102  103  104  104  104  105  105  105  105  105  105
  105  105  106  106  106  106  107  107  107  108  108  108  109  110  111  113
  113  114  116  114  125  119  126  136  135                                   
    77.5-180.0 180.0   5.0 450.0                            LAT/LON1/LON2/DLON/H
  148  139  132  139  140  141  146  149  150  150  151  151  150  149  147  146
  144  142  140  138  136  133  130  127  123  118  114  109  105  101   99   98
   97   98  100  102  104  106  107  109  109  110  110  109  109  109  109  109
  109  110  110  111  111  112  112  112  113  113  113  113  114  114  116  117
  118  121  121  122  130  131  133  145  148                                   
    75.0-180.0 180.0   5.0 450.0                            LAT/LON1/LON2/DLON/H
  156  142  135  142  143  144  146  148  151  151  151  150  149  147  145  142
  140  138  137  136  135  133  131  127  123  117  111  106  100   96   93   92
   92   94   97  100  104  106  109  110  110  110  109  108  108  107  107  107
  108  109  110  112  113  113  114  115  115  115  115  116  116  116  118  119
  119  122  125  120  127  135  135  146  156                                   
    72.5-180.0 180.0   5.0 450.0                            LAT/LON1/LON2/DLON/H
  148  139  134  138  138  138  140  142  145  145  145  144  142  139  135  132
  130  129  128  129  129  129  128  125  120  114  107  100   94   88   85   84
   85   87   91   95   99  102  104  105  105  104  102  100   99   99   99  100
  102  104  106  108  109  111  112  113  114  114  114  115  115  115  117  118
  119  121  125  122  125  131  136  150  148                                   
    70.0-180.0 180.0   5.0 450.0                            LAT/LON1/LON2/DLON/H
  146  135  132  136  135  135  136  138  142  141  141  139  136  132  128  124
  121  120  121  122  125  126  127  125  120  113  105   97   89   83   80   78
   80   83   87   92   96   99  101  101   99   97   95   93   92   92   93   95
   98  100  103  106  108  110  112  113  115  116  116  117  117  117  119  121
  121  123  128  127  130  135  139  152  146                                   
    67.5-180.0 180.0   5.0 450.0                            LAT/LON1/LON2/DLON/H
  144  136  132  134  131  129  130  132  135  135  134  133  129  124  119  114
  110  109  110  113  117  120  122  121  116  109  100   91   83   77   73   71
   72   75   79   83   87   89   90   89   87   84   81   80   79   80   82   85
   89   92   96   99  101  104  106  109  111  112  114  115  116  116  117  119
  120  122  127  126  130  135  139  154  144                                   
    65.0-180.0 180.0   5.0 450.0                            LAT/LON1/LON2/DLON/H
  144  136  133  133  129  125  126  128  131  131  130  129  125  119  113  107
  103  102  103  107  112  116  119  118  114  107   98   89   81   74   70   68
   69   71   74   77   79   80   80   78   76   73   71   70   71   73   76   79
   83   87   90   92   95   98  101  104  107  110  112  114  116  116  118  119
  120  123  128  127  132  138  143  159  144                                   
    62.5-180.0 180.0   5.0 450.0                            LAT/LON1/LON2/DLON/H
  147  140  138  137  131  126  126  127  129  129  129  128  124  118  112  105
  101   99  100  104  109  114  117  117  113  107   99   90   83   77   73   71
   70   71   72   73   74   74   73   70   68   66   65   65   67   70   74   77
   81   83   86   88   90   93   96  100  105  109  113  115  117  119  120  122
  122  125  130  129  134  142  146  164  147                                   
    60.0-180.0 180.0   5.0 450.0                            LAT/LON1/LON2/DLON/H
  152  146  145  144  136  130  128  128  130  129  129  128  124  119  113  107
  102  100  100  104  109  113  116  116  113  107  101   94   88   83   79   77
   75   74   73   72   71   70   68   67   65   64   64   66   69   73   76   79
   81   82   83   84   85   88   92   97  103  108  113  117  120  121  123  125
  125  128  133  132  137  145  150  167  152                                   
    57.5-180.0 180.0   5.0 450.0                            LAT/LON1/LON2/DLON/H
  158  154  153  152  145  136  134  132  132  130  129  128  126  121  116  110
  105  103  103  106  110  113  115  115  113  109  105  100   97   93   90   86
   83   79   77   74   72   70   69   68   67   68   70   72   76   79   82   84
   84   84   83   82   83   86   90   96  103  110  116  120  123  125  127  129
  129  131  136  135  140  149  153  171  158                                   
    55.0-180.0 180.0   5.0 450.0                            LAT/LON1/LON2/DLON/H
  166  163  163  162  155  146  142  138  136  132  131  129  127  123  118  114
  110  108  108  110  112  114  115  115  113  111  109  108  107  104  101   97
   92   87   82   79   76   75   74   74   75   76   79   82   86   89   90   90
   89   87   85   84   84   87   92   99  106  113  119  124  127  129  131  133
  133  136  141  139  144  152  155  174  166                                   
    52.5-180.0 180.0   5.0 450.0                            LAT/LON1/LON2/DLON/H
  173  171  171  172  165  156  151  145  141  136  133  130  128  124  121  117
  115  113  114  115  116  117  117  116  115  114  115  116  116  115  112  107
  101   95   89   86   83   82   83   83   85   87   90   94   96   98   98   97
   94   91   88   87   88   91   96  103  111  118  124  128  131  133  135  137
  138  140  146  144  148  155  158  176  173                                   
    50.0-180.0 180.0   5.0 450.0                            LAT/LON1/LON2/DLON/H
  179  177  178  179  174  167  161  154  149  141  136  132  129  126  123  121
  119  119  120  121  121  121  120  118  118  119  121  123  124  124  120  115
  108  101   96   93   92   92   93   95   97   99  101  104  105  105  104  102
   99   96   94   93   95   98  103  110  116  123  128  131  134  136  138  141
  143  146  151  149  153  159  162  179  179                                   
    47.5-180.0 180.0   5.0 450.0                            LAT/LON1/LON2/DLON/H
  182  180  181  184  181  175  171  164  158  149  142  137  132  128  125  124
  124  125  126  127  128  127  125  123  123  124  126  129  130  129  125  118
  112  106  102  101  101  103  104  106  107  108  109  110  111  110  108  105
  103  101  100  100  103  106  111  117  122  127  131  134  136  138  141  145
  148  152  158  155  158  163  166  183  182                                   
    45.0-180.0 180.0   5.0 450.0                            LAT/LON1/LON2/DLON/H
  184  181  183  185  184  181  179  173  168  159  151  143  137  132  129  128
  129  131  133  135  135  134  131  129  129  130  132  133  133  130  125  118
  113  108  107  108  110  112  114  114  114  114  114  114  113  112  110  108
  107  106  107  108  111  115  119  123  128  132  135  137  139  142  145  150
  154  159  165  162  165  169  171  189  184                                   
    42.5-180.0 180.0   5.0 450.0                            LAT/LON1/LON2/DLON/H
  185  182  183  186  186  184  185  182  178  169  161  153  146  139  135  134
  135  137  141  143  143  142  140  137  137  137  137  136  133  128  122  116
  112  110  111  114  117  119  120  120  118  117  116  115  114  113  112  111
  111  112  114  116  120  123  126  130  133  136  139  141  143  146  151  157
  162  168  174  171  173  176  178  196  185                                   
    40.0-180.0 180.0   5.0 450.0                            LAT/LON1/LON2/DLON/H
  189  185  186  187  188  188  190  190  188  181  173  165  156  149  144  142
  142  145  148  151  152  151  148  146  145  144  143  139  134  127  119  114
  112  112  115  119  123  124  124  123  120  118  117  116  115  114  114  115
  116  118  120  123  126  129  132  135  138  141  144  147  150  154  159  166
  171  178  185  182  183  186  187  205  189                                   
    37.5-180.0 180.0   5.0 450.0                            LAT/LON1/LON2/DLON/H
  196  193  193  193  193  193  197  198  198  192  186  178  169  161  155  151
  151  153  156  159  160  159  157  155  154  152  149  143  135  126  119  115
  114  116  120  124  127  127  126  123  121  120  119  118  118  118  119  120
  121  123  125  128  130  133  136  140  143  147  151  155  159  164  170  177
  183  190  197  194  195  198  198  216  196                                   
    35.0-180.0 180.0   5.0 450.0                            LAT/LON1/LON2/DLON/H
  210  207  206  205  204  203  206  207  208  204  198  191  182  174  167  162
  160  161  163  165  166  166  164  163  162  160  156  149  139  130  122  119
  119  122  126  129  129  128  126  124  123  123  123  123  124  124  124  125
  126  126  127  128  131  134  139  143  148  154  160  165  170  176  183  191
  197  204  211  207  209  212  212  229  210                                   
    32.5-180.0 180.0   5.0 450.0                            LAT/LON1/LON2/DLON/H
  230  228  227  224  222  219  221  221  221  217  211  204  196  187  179  173
  170  169  169  171  172  171  171  170  169  168  163  155  146  136  129  127
  127  130  132  132  131  128  126  125  126  128  130  131  130  130  129  129
  127  126  124  124  127  132  138  145  153  161  168  176  183  189  197  205
  212  218  225  221  223  227  227  244  230                                   
    30.0-180.0 180.0   5.0 450.0                            LAT/LON1/LON2/DLON/H
  255  255  254  250  247  243  243  240  239  233  226  218  210  201  193  185
  179  176  175  176  176  176  176  176  176  174  170  163  154  145  139  137
  137  137  137  135  131  128  126  127  130  134  137  138  137  135  132  129
  125  120  117  116  120  127  137  147  157  167  177  186  194  202  210  219
  225  232  238  234  237  243  245  260  255                                   
    27.5-180.0 180.0   5.0 450.0                            LAT/LON1/LON2/DLON/H
  282  285  285  282  278  274  272  266  262  254  245  236  227  218  208  199
  190  185  182  181  181  181  180  180  180  179  176  170  162  155  149  146
  144  142  139  135  130  127  127  130  136  141  145  145  141  136  131  125
  118  111  106  105  111  121  135  149  162  173  184  194  203  212  221  230
  238  244  250  246  251  259  263  278  282                                   
    25.0-180.0 180.0   5.0 450.0                            LAT/LON1/LON2/DLON/H
  308  313  316  316  312  309  307  299  292  281  270  259  248  238  227  215
  204  196  191  188  187  186  185  185  184  183  180  175  168  161  155  151
  147  143  138  133  129  127  129  134  141  147  150  148  142  134  125  117
  108   99   94   94  102  116  134  152  167  179  190  200  209  219  230  240
  249  256  262  258  264  273  282  296  308                                   
    22.5-180.0 180.0   5.0 450.0                            LAT/LON1/LON2/DLON/H
  332  338  344  348  346  346  344  336  328  315  302  289  277  264  251  237
  223  211  203  199  196  193  191  189  187  185  182  176  170  163  156  149
  144  138  133  129  127  127  131  138  145  150  151  146  137  127  116  105
   96   87   82   84   95  113  135  156  172  185  195  204  214  225  238  250
  260  268  274  270  278  288  301  316  332                                   
    20.0-180.0 180.0   5.0 450.0                            LAT/LON1/LON2/DLON/H
  351  357  367  375  376  379  381  374  367  354  340  326  312  297  282  264
  247  232  221  213  207  202  197  193  189  185  180  174  166  158  150  142
  135  129  126  124  125  129  134  140  146  149  148  141  129  117  105   94
   84   76   73   77   91  112  137  160  177  190  199  208  218  231  246  260
  272  281  288  284  292  302  320  335  351                                   
    17.5-180.0 180.0   5.0 450.0                            LAT/LON1/LON2/DLON/H
  366  372  384  396  400  406  411  408  404  394  382  368  353  336  318  298
  277  259  244  232  222  213  204  196  189  182  175  167  158  149  139  131
  124  120  120  122  126  131  137  142  146  146  142  132  120  107   95   84
   76   70   68   74   89  112  139  163  181  193  202  211  223  239  256  273
  287  297  304  301  309  318  338  354  366                                   
    15.0-180.0 180.0   5.0 450.0                            LAT/LON1/LON2/DLON/H
  378  383  397  412  417  425  432  433  434  429  420  409  395  378  358  336
  312  291  271  255  239  224  211  198  187  177  167  157  147  137  127  119
  115  114  117  122  129  135  140  143  143  141  134  125  112   99   88   79
   72   67   67   73   89  112  139  163  181  194  204  216  231  249  269  289
  304  316  323  322  327  335  357  373  378                                   
    12.5-180.0 180.0   5.0 450.0                            LAT/LON1/LON2/DLON/H
  389  395  408  422  428  435  443  447  452  452  449  442  431  416  396  373
  348  324  301  278  256  235  215  198  183  170  158  146  136  126  118  113
  111  113  118  126  134  140  143  143  140  135  128  118  107   96   86   78
   72   68   67   74   88  110  136  160  179  193  206  221  239  261  285  307
  324  337  345  344  349  354  376  392  389                                   
    10.0-180.0 180.0   5.0 450.0                            LAT/LON1/LON2/DLON/H
  401  407  419  430  435  440  445  450  457  461  463  461  455  443  425  404
  380  354  328  299  271  242  217  195  177  161  148  137  127  119  115  112
  113  118  125  133  141  146  146  142  136  130  123  115  105   95   86   79
   73   69   68   73   86  106  130  154  174  191  207  226  248  274  301  325
  344  359  367  367  371  375  395  410  401                                   
     7.5-180.0 180.0   5.0 450.0                            LAT/LON1/LON2/DLON/H
  415  422  431  439  441  443  443  445  451  456  461  464  463  455  441  423
  402  377  348  315  280  246  215  189  169  153  140  131  124  120  119  119
