data/edconvlstm_nd/pred0920.15i
     1.0            IONOSPHERE MAPS     GNSS                IONEX VERSION / TYPE
pyspatialgeodesy        IME             05-JAN-18 20:20     PGM / RUN BY / DATE 
Map Name                                                    COMMENT             
Predicted global ionosphere maps (GIM).                     DESCRIPTION         
  2015     4     2     0     0     0                        EPOCH OF FIRST MAP  
  2015     4     3     0     0     0                        EPOCH OF LAST MAP   
  7200                                                      INTERVAL            
    13                                                      # OF MAPS IN FILE   
  NONE                                                      MAPPING FUNCTION    
10.0                                                        ELEVATION CUTOFF    
One-way carrier phase leveled to code                       OBSERVABLES USED    
  6371.0                                                    BASE RADIUS         
 2                                                          MAP DIMENSION       
   450.0 450.0   0.0                                        HGT1 / HGT2 / DHGT  
    87.5 -87.5  -2.5                                        LAT1 / LAT2 / DLAT  
  -180.0 180.0   5.0                                        LON1 / LON2 / DLON  
    -1                                                      EXPONENT            
                                                            END OF HEADER       
[from data line 1287]
     4                                                      START OF TEC MAP    
  2015     4     2     6     0     0                        EPOCH OF CURRENT MAP
    87.5-180.0 180.0   5.0 450.0                            LAT/LON1/LON2/DLON/H
  172  171  169  172  173  171  168  166  167  168  168  169  169  169  169  168
  168  167  165  164  162  161  159  157  155  153  152  151  150  149  149  149
  150  151  152  154  156  158  160  162  164  166  168  170  172  174  176  178
  179  180  181  182  183  183  183  183  183  182  181  181  180  179  177  177
  176  177  175  174  177  174  174  167  172                                   
    85.0-180.0 180.0   5.0 450.0                            LAT/LON1/LON2/DLON/H
  174  180  178  178  179  177  177  176  176  176  176  176  176  176  175  174
  173  171  169  167  164  162  159  157  154  152  150  149  148  147  148  149
  150  152  154  157  160  164  167  170  174  177  181  184  187  190  193  195
  198  200  201  203  204  204  205  205  205  204  204  203  201  200  198  197
  197  197  191  190  183  182  181  176  174                                   
    82.5-180.0 180.0   5.0 450.0                            LAT/LON1/LON2/DLON/H
  181  187  186  177  176  174  173  171  172  171  170  170  170  168  167  165
  163  160  157  153  149  145  141  138  134  131  129  127  127  127  129  131
  134  138  142  147  152  157  163  168  174  179  184  189  194  198  202  206
  209  212  215  217  219  221  222  222  223  223  222  221  220  218  215  214
  212  210  203  201  197  191  186  172  181                                   
    80.0-180.0 180.0   5.0 450.0                            LAT/LON1/LON2/DLON/H
  186  190  183  176  175  171  170  169  169  169  168  168  167  165  163  161
  158  154  150  145  140  135  129  124  120  116  113  112  112  114  117  121
  126  132  139  146  154  162  169  177  184  191  197  204  210  215  221  225
  230  234  237  240  243  245  246  247  248  248  247  246  244  242  239  237
  233  229  220  216  209  203  202  180  186                                   
    77.5-180.0 180.0   5.0 450.0                            LAT/LON1/LON2/DLON/H
  191  190  184  176  172  168  167  164  165  163  162  162  160  158  156  152
  149  144  139  134  128  122  115  110  105  101   98   97   98  101  106  113
  121  130  139  149  159  169  179  188  197  205  213  220  227  234  240  245
  250  255  259  263  266  269  271  272  273  274  273  272  271  269  266  263
  258  253  242  235  228  214  207  194  191                                   
    75.0-180.0 180.0   5.0 450.0                            LAT/LON1/LON2/DLON/H
  193  192  181  174  168  164  161  157  157  156  154  153  151  148  145  141
  137  132  127  121  115  109  102   96   91   87   85   84   86   91   97  106
  116  127  139  151  163  174  185  195  205  214  223  231  239  246  252  259
  265  270  275  279  283  286  289  291  292  293  293  292  291  289  287  284
  278  272  262  249  239  225  218  208  193                                   
    72.5-180.0 180.0   5.0 450.0                            LAT/LON1/LON2/DLON/H
  196  195  184  175  168  162  158  154  153  151  149  147  144  140  136  131
  126  121  117  112  107  102   97   91   86   82   80   80   83   88   96  106
  117  130  143  155  168  180  191  201  211  221  230  238  246  254  262  269
  275  281  286  291  295  298  301  303  304  305  305  305  304  303  301  298
  293  288  279  267  253  236  229  223  196                                   
    70.0-180.0 180.0   5.0 450.0                            LAT/LON1/LON2/DLON/H
  205  198  188  176  167  158  153  149  147  144  141  138  133  128  122  116
  111  106  103  100   97   94   90   86   82   78   76   76   79   84   92  102
  114  127  139  152  164  175  185  196  206  215  225  234  243  252  260  268
  276  283  289  294  298  301  303  304  305  306  306  306  306  305  303  302
  298  293  286  276  263  248  242  239  205                                   
    67.5-180.0 180.0   5.0 450.0                            LAT/LON1/LON2/DLON/H
  209  201  190  177  166  156  150  144  141  137  133  129  123  116  109  102
   97   93   91   91   90   89   87   85   81   78   76   75   77   82   89   99
  110  121  133  144  154  164  174  184  194  204  215  225  234  244  253  261
  269  277  283  288  292  294  295  295  296  296  296  296  296  296  295  294
  291  287  283  274  264  250  246  246  209                                   
    65.0-180.0 180.0   5.0 450.0                            LAT/LON1/LON2/DLON/H
  213  203  191  177  165  154  146  140  137  132  127  122  115  107   99   92
   86   84   83   84   86   87   87   85   83   79   77   76   77   80   87   95
  104  114  124  133  142  151  161  171  182  194  205  216  227  236  245  253
  261  268  274  279  282  284  284  284  284  284  285  285  286  285  284  283
  281  278  274  267  261  250  247  248  213                                   
    62.5-180.0 180.0   5.0 450.0                            LAT/LON1/LON2/DLON/H
  214  203  192  176  163  150  142  135  131  126  121  116  109  101   93   86
   81   79   79   81   84   87   88   87   84   81   78   76   76   78   83   89
   97  105  113  122  130  139  149  161  174  188  201  213  223  232  239  246
  253  259  265  270  273  275  276  276  276  277  278  279  280  280  278  276
  272  268  265  259  254  245  243  244  214                                   
    60.0-180.0 180.0   5.0 450.0                            LAT/LON1/LON2/DLON/H
  216  202  190  172  159  146  136  128  123  117  112  108  102   96   89   83
   79   77   78   80   83   86   87   86   84   81   78   75   75   76   79   84
   90   97  104  112  121  131  143  157  172  189  204  217  227  234  240  244
  249  254  260  265  269  273  275  276  278  280  282  284  285  285  282  278
  272  265  260  253  249  240  239  238  216                                   
    57.5-180.0 180.0   5.0 450.0                            LAT/LON1/LON2/DLON/H
  221  204  192  172  158  143  132  121  114  107  102   99   95   90   86   82
   79   78   79   81   83   85   86   85   83   80   78   76   75   75   77   81
   86   92  100  108  118  130  144  161  180  199  216  230  239  245  249  251
  254  259  264  270  276  281  285  288  291  295  298  302  304  303  299  292
  283  274  265  256  251  241  238  234  221                                   
    55.0-180.0 180.0   5.0 450.0                            LAT/LON1/LON2/DLON/H
  231  211  198  178  164  147  132  119  108   99   93   90   87   85   83   82
   81   80   81   82   83   84   84   84   83   81   79   78   77   77   78   81
   85   92  100  110  121  135  152  171  193  215  234  249  259  264  266  267
  268  272  278  285  292  299  304  309  314  319  325  329  332  330  325  317
  305  293  281  269  261  248  244  238  231                                   
    52.5-180.0 180.0   5.0 450.0                            LAT/LON1/LON2/DLON/H
  248  226  213  192  178  159  142  124  109   96   87   83   81   81   81   82
   83   83   84   84   84   85   85   85   86   85   85   85   84   84   84   86
   90   96  105  117  130  146  165  186  209  233  254  271  281  287  288  289
  291  294  300  308  316  324  330  336  342  348  355  360  363  361  355  345
  332  317  303  289  278  264  258  249  248                                   
    50.0-180.0 180.0   5.0 450.0                            LAT/LON1/LON2/DLON/H
  271  248  235  215  201  181  161  138  118  100   88   81   79   79   81   83
   85   86   86   87   87   88   90   91   93   95   97   97   97   96   95   95
   98  105  114  127  142  159  179  201  225  250  273  291  304  311  314  316
  318  322  329  337  345  353  360  365  371  377  383  387  389  387  380  370
  356  343  328  312  300  285  277  268  271                                   
    47.5-180.0 180.0   5.0 450.0                            LAT/LON1/LON2/DLON/H
  296  274  261  243  229  208  186  160  135  113   97   87   82   81   83   85
   87   89   90   91   93   95   98  102  106  110  113  115  114  112  109  108
  109  115  125  138  154  171  190  212  237  263  287  307  322  333  339  343
  347  353  359  367  374  381  386  390  394  398  402  405  405  401  394  384
  372  361  348  334  323  308  299  291  296                                   
    45.0-180.0 180.0   5.0 450.0                            LAT/LON1/LON2/DLON/H
  320  301  288  272  257  236  211  185  157  132  112   99   92   89   89   90
   91   93   95   97  101  105  111  117  123  129  133  134  133  129  124  121
  121  125  134  147  163  180  198  219  243  269  295  317  336  350  360  368
  375  382  388  395  401  405  408  409  409  409  410  410  408  403  395  385
  376  369  361  351  342  330  320  312  320                                   
    42.5-180.0 180.0   5.0 450.0                            LAT/LON1/LON2/DLON/H
  340  325  312  295  278  255  230  205  178  153  132  117  107  102  100   99
   99  100  103  107  113  119  126  134  142  148  152  153  150  145  139  133
  131  134  142  154  169  185  202  222  245  271  297  322  344  362  377  389
  399  407  414  420  424  426  425  422  418  415  412  409  405  397  388  379
  372  369  365  361  356  347  337  327  340                                   
    40.0-180.0 180.0   5.0 450.0                            LAT/LON1/LON2/DLON/H
  355  343  329  307  287  261  237  215  192  170  150  136  126  119  115  111
  110  111  114  120  128  135  143  152  160  166  169  168  164  158  151  145
  141  142  148  158  172  188  204  223  245  270  297  324  349  371  390  406
  419  429  437  443  446  447  444  438  431  424  418  412  405  396  385  374
  367  366  366  368  366  359  349  335  355                                   
    37.5-180.0 180.0   5.0 450.0                            LAT/LON1/LON2/DLON/H
  369  356  339  308  282  253  228  210  193  177  163  152  143  137  131  126
  124  125  130  137  145  153  161  168  175  180  181  178  174  168  162  156
  151  149  152  161  174  189  206  225  246  271  298  326  352  376  399  419
  435  449  459  467  472  474  471  464  455  446  439  432  423  412  398  384
  376  374  375  378  378  371  360  341  369                                   
    35.0-180.0 180.0   5.0 450.0                            LAT/LON1/LON2/DLON/H
  386  369  345  303  269  234  208  194  183  175  167  162  157  152  147  142
  140  141  147  155  163  170  177  183  188  191  190  187  182  177  171  165
  159  155  156  162  175  191  209  229  251  275  302  329  356  382  407  430
  450  468  483  496  505  511  511  506  498  489  482  476  467  454  438  421
  408  402  400  402  402  394  378  354  386                                   
    32.5-180.0 180.0   5.0 450.0                            LAT/LON1/LON2/DLON/H
  412  388  355  301  257  216  187  174  168  165  164  165  165  163  160  157
  155  157  164  172  180  185  190  196  200  201  199  195  190  186  181  175
  168  161  159  163  175  193  213  235  258  283  309  336  363  389  415  441
  466  489  511  530  547  560  567  568  563  557  552  547  540  528  510  488
  469  457  451  447  444  433  412  383  412                                   
    30.0-180.0 180.0   5.0 450.0                            LAT/LON1/LON2/DLON/H
  454  422  379  314  260  212  178  164  158  157  159  164  168  170  170  168
  168  171  179  187  193  198  202  208  212  214  211  206  201  196  192  186
  177  168  163  166  177  196  219  243  267  292  318  344  370  397  424  453
  483  512  542  570  597  620  637  647  649  647  646  645  641  632  614  589
  563  543  530  519  511  493  464  435  454                                   
    27.5-180.0 180.0   5.0 450.0                            LAT/LON1/LON2/DLON/H
  515  478  423  351  289  237  195  176  165  161  161  165  171  175  176  176
  177  181  189  196  202  206  212  220  228  231  228  222  215  211  207  200
  189  176  168  169  180  200  225  251  277  302  328  354  379  405  434  466
  501  538  575  613  650  684  712  732  743  748  752  756  758  753  738  712
  681  654  634  614  601  574  537  509  515                                   
    25.0-180.0 180.0   5.0 450.0                            LAT/LON1/LON2/DLON/H
  594  553  491  417  352  299  249  221  200  186  179  177  179  182  183  183
  184  187  194  200  205  212  222  235  247  251  248  241  233  228  224  215
  200  184  173  172  183  204  230  258  285  312  338  364  390  416  446  482
  522  565  609  654  699  742  779  808  827  841  851  861  869  870  859  835
  804  774  750  723  704  668  627  603  594                                   
    22.5-180.0 180.0   5.0 450.0                            LAT/LON1/LON2/DLON/H
  681  639  578  511  450  401  344  304  269  242  220  208  202  199  196  193
  192  193  197  202  208  217  233  252  268  274  270  261  253  248  241  228
  209  189  175  173  184  205  233  261  290  318  347  374  401  429  462  500
  544  592  640  690  739  786  827  860  885  905  922  938  951  957  952  934
  906  879  856  827  803  763  724  707  681                                   
    20.0-180.0 180.0   5.0 450.0                            LAT/LON1/LON2/DLON/H
  761  720  671  618  568  528  471  422  372  328  291  264  245  233  223  214
  207  204  204  206  213  226  246  270  289  296  292  282  273  264  252  234
  211  188  172  170  181  203  231  261  291  322  354  385  415  446  480  522
  568  617  667  717  766  811  851  883  909  931  952  972  990 1002 1004  993
  973  953  936  908  882  843  812  803  761                                   
    17.5-180.0 180.0   5.0 450.0                            LAT/LON1/LON2/DLON/H
  822  782  747  712  679  653  603  551  493  437  387  346  314  290  269  252
  237  227  220  219  224  238  262  288  308  316  312  301  287  272  253  229
  202  179  165  163  175  197  225  256  289  324  360  396  430  463  500  543
  590  639  687  734  779  819  852  879  902  923  945  967  989 1005 1014 1011
 1000  988  980  957  934  898  879  874  822                                   
    15.0-180.0 180.0   5.0 450.0                            LAT/LON1/LON2/DLON/H
  856  815  792  772  753  742  705  659  603  546  492  446  406  370  339  311
  286  265  250  242  243  256  279  306  327  335  330  313  290  265  239  213
  187  166  154  154  167  190  219  250  285  324  365  406  444  480  518  561
  607  653  698  739  776  808  835  856  875  894  915  938  960  980  993  996
  993  989  989  973  956  925  914  912  856                                   
    12.5-180.0 180.0   5.0 450.0                            LAT/LON1/LON2/DLON/H
  864  821  799  785  775  774  752  718  674  628  584  543  504  465  427  390
  353  320  293  276  270  279  300  326  346  352  338  310  277  247  220  195
  172  154  145  147  162  185  214  246  283  324  368  412  453  491  530  572
  616  659  697  731  760  786  807  825  841  859  879  901  923  943  958  966
  968  969  973  963  953  928  922  918  864                                   
    10.0-180.0 180.0   5.0 450.0                            LAT/LON1/LON2/DLON/H
  855  805  775  758  747  751  740  720  695  667  641  615  587  555  518  477
  433  389  350  320  305  307  324  345  359  355  330  293  258  229  205  182
  162  147  140  145  160  184  212  244  281  324  369  414  456  494  533  573
  616  655  689  717  741  763  783  801  818  836  855  876  895  913  927  935
  940  944  950  944  939  917  910  904  855                                   
     7.5-180.0 180.0   5.0 450.0                            LAT/LON1/LON2/DLON/H
  841  778  733  706  689  690  684  676  669  663  658  652  640  619  591  554
  509  460  412  372  346  339  345  354  355  339  308  273  242  217  195  175
