data/edconvlstm_nd/pred1120.15i
     1.0            IONOSPHERE MAPS     GNSS                IONEX VERSION / TYPE
pyspatialgeodesy        IME             05-JAN-18 20:20     PGM / RUN BY / DATE 
Map Name                                                    COMMENT             
Predicted global ionosphere maps (GIM).                     DESCRIPTION         
  2015     4    22     0     0     0                        EPOCH OF FIRST MAP  
  2015     4    23     0     0     0                        EPOCH OF LAST MAP   
  7200                                                      INTERVAL            
    13                                                      # OF MAPS IN FILE   
  NONE                                                      MAPPING FUNCTION    
10.0                                                        ELEVATION CUTOFF    
One-way carrier phase leveled to code                       OBSERVABLES USED    
  6371.0                                                    BASE RADIUS         
 2                                                          MAP DIMENSION       
   450.0 450.0   0.0                                        HGT1 / HGT2 / DHGT  
    87.5 -87.5  -2.5                                        LAT1 / LAT2 / DLAT  
  -180.0 180.0   5.0                                        LON1 / LON2 / DLON  
    -1                                                      EXPONENT            
                                                            END OF HEADER       
[from data line 858]
     3                                                      START OF TEC MAP    
  2015     4    22     4     0     0                        EPOCH OF CURRENT MAP
    87.5-180.0 180.0   5.0 450.0                            LAT/LON1/LON2/DLON/H
  227  223  219  218  219  217  214  213  214  214  215  215  216  216  216  216
  216  216  215  214  213  212  211  209  207  206  204  203  201  200  200  199
  199  199  199  200  201  201  202  203  204  205  206  208  209  210  211  212
  213  214  215  216  217  218  218  218  218  218  218  218  218  217  216  216
  216  218  216  218  220  218  213  216  227                                   
    85.0-180.0 180.0   5.0 450.0                            LAT/LON1/LON2/DLON/H
  229  226  220  220  223  220  220  219  220  220  220  221  222  222  222  222
  222  221  220  219  217  216  213  211  208  206  203  201  200  198  197  196
  196  197  197  199  200  201  203  205  206  208  210  212  214  216  218  220
  222  224  226  227  229  230  231  231  232  232  232  232  231  231  230  230
  230  231  227  230  223  221  221  221  229                                   
    82.5-180.0 180.0   5.0 450.0                            LAT/LON1/LON2/DLON/H
  229  227  222  217  218  215  214  215  216  217  217  219  220  221  221  222
  221  221  219  217  214  211  207  202  198  193  189  185  182  180  178  177
  177  178  179  181  183  186  188  191  194  197  200  203  207  210  214  217
  221  224  227  230  233  235  237  238  239  240  241  241  241  240  239  239
  238  238  233  235  233  225  222  212  229                                   
    80.0-180.0 180.0   5.0 450.0                            LAT/LON1/LON2/DLON/H
  220  221  210  205  205  203  204  206  208  209  211  213  215  217  219  219
  220  219  217  214  210  205  199  193  186  179  173  167  163  159  157  156
  157  158  161  164  167  171  175  179  182  186  190  194  199  203  208  213
  218  223  228  232  236  239  242  244  246  247  248  248  248  247  247  247
  245  243  237  237  234  225  226  209  220                                   
    77.5-180.0 180.0   5.0 450.0                            LAT/LON1/LON2/DLON/H
  216  212  203  198  196  194  197  198  201  203  205  208  211  213  215  216
  217  216  214  211  206  200  193  185  176  167  159  152  146  142  140  139
  141  144  147  152  157  162  166  171  176  180  185  189  195  200  206  213
  219  226  232  238  243  247  251  254  256  258  259  259  260  259  259  259
  257  255  247  245  241  231  224  214  216                                   
    75.0-180.0 180.0   5.0 450.0                            LAT/LON1/LON2/DLON/H
  214  212  201  195  192  191  193  194  197  199  201  204  207  208  209  210
  210  209  208  205  200  194  186  177  167  157  147  139  132  128  126  126
  129  132  137  143  149  155  160  165  170  175  179  184  190  197  204  212
  220  229  237  245  251  257  262  265  267  269  270  271  272  272  272  273
  271  269  262  255  248  239  233  227  214                                   
    72.5-180.0 180.0   5.0 450.0                            LAT/LON1/LON2/DLON/H
  216  216  205  199  195  193  195  196  199  201  202  203  203  202  201  200
  199  198  197  195  191  186  179  170  160  150  140  131  124  120  119  120
  123  128  134  140  146  152  158  163  167  172  177  182  189  196  205  214
  225  235  246  255  263  270  275  278  280  281  281  282  282  282  283  285
  284  283  278  272  261  249  243  240  216                                   
    70.0-180.0 180.0   5.0 450.0                            LAT/LON1/LON2/DLON/H
  225  221  211  205  199  196  198  199  202  203  203  202  199  194  190  185
  182  181  180  179  177  174  168  160  151  141  131  123  117  113  113  114
  118  123  129  135  141  147  153  157  162  166  171  177  184  193  204  216
  229  242  254  266  276  283  288  291  292  293  292  292  291  291  292  293
  293  292  288  283  273  262  258  256  225                                   
    67.5-180.0 180.0   5.0 450.0                            LAT/LON1/LON2/DLON/H
  231  227  217  210  204  201  202  203  206  207  205  202  196  187  178  171
  165  163  162  163  163  161  157  151  143  133  125  117  112  109  109  110
  114  118  124  129  135  140  145  150  154  159  165  172  181  191  204  218
  234  249  265  278  289  297  303  305  306  304  302  300  298  296  296  296
  296  295  292  287  278  268  265  266  231                                   
    65.0-180.0 180.0   5.0 450.0                            LAT/LON1/LON2/DLON/H
  236  230  220  213  206  202  202  204  208  208  207  202  193  181  169  158
  150  146  145  146  148  147  145  139  132  124  117  111  107  105  105  107
  109  112  116  121  126  131  136  141  146  152  159  167  177  190  205  221
  239  257  275  290  303  312  317  320  319  317  313  309  305  301  298  297
  295  293  290  286  278  270  269  270  236                                   
    62.5-180.0 180.0   5.0 450.0                            LAT/LON1/LON2/DLON/H
  240  232  223  213  206  200  199  201  205  207  207  203  193  180  165  151
  141  135  133  134  135  135  133  128  122  115  109  105  103  102  102  103
  104  106  108  111  116  120  126  132  138  145  154  164  176  191  207  226
  246  266  285  302  316  326  332  335  335  332  328  322  316  310  304  300
  295  291  286  282  274  267  267  269  240                                   
    60.0-180.0 180.0   5.0 450.0                            LAT/LON1/LON2/DLON/H
  245  235  225  212  205  196  193  194  198  201  202  201  193  180  165  150
  138  130  127  126  126  125  123  118  112  106  102  100  100  100  100  100
  100  100  100  103  106  112  118  125  132  141  151  163  177  193  211  231
  252  274  294  312  328  339  347  352  353  351  347  340  332  324  315  308
  300  292  285  279  272  265  265  267  245                                   
    57.5-180.0 180.0   5.0 450.0                            LAT/LON1/LON2/DLON/H
  254  244  233  217  207  195  190  188  190  192  195  196  193  183  170  155
  142  133  127  124  123  120  116  111  106  101   99   99  100  101  102  100
   98   96   96   98  101  107  113  121  130  140  152  166  181  199  218  239
  260  282  303  323  339  353  363  370  373  373  370  364  356  346  335  324
  313  302  293  284  275  268  269  270  254                                   
    55.0-180.0 180.0   5.0 450.0                            LAT/LON1/LON2/DLON/H
  271  260  248  231  219  203  193  187  185  185  188  191  191  187  177  165
  152  142  134  129  125  121  116  111  106  103  102  104  107  108  108  106
  102   98   97   98  102  107  114  122  132  143  157  172  189  208  228  249
  271  293  314  334  352  368  381  390  397  399  398  394  386  375  363  351
  337  323  311  300  289  280  280  283  271                                   
    52.5-180.0 180.0   5.0 450.0                            LAT/LON1/LON2/DLON/H
  295  285  271  254  241  223  208  196  189  184  185  188  191  190  185  176
  165  155  147  140  135  130  125  119  115  113  114  117  120  122  121  117
  111  106  104  105  108  114  120  128  137  149  164  181  200  221  242  264
  285  307  328  348  366  384  399  411  421  426  428  425  419  409  398  385
  370  355  341  326  312  302  301  306  295                                   
    50.0-180.0 180.0   5.0 450.0                            LAT/LON1/LON2/DLON/H
  325  315  300  286  272  254  236  218  204  193  189  190  193  194  192  186
  178  170  162  156  151  147  142  138  135  133  134  137  140  141  139  133
  126  120  117  117  120  125  130  136  145  158  174  194  215  237  260  283
  305  325  345  365  384  402  418  432  444  451  455  455  450  443  433  422
  408  393  378  360  344  333  330  337  325                                   
    47.5-180.0 180.0   5.0 450.0                            LAT/LON1/LON2/DLON/H
  355  345  330  321  309  292  272  250  230  213  203  199  199  199  198  195
  189  182  177  174  171  169  167  164  161  160  160  162  164  163  159  151
  142  136  133  133  135  138  141  147  156  169  187  209  232  257  282  305
  328  348  367  385  403  421  437  452  464  472  477  478  476  472  466  457
  447  434  419  400  381  369  364  373  355                                   
    45.0-180.0 180.0   5.0 450.0                            LAT/LON1/LON2/DLON/H
  382  372  357  354  343  331  311  288  264  241  224  214  209  206  204  201
  197  193  191  192  194  196  196  194  191  189  188  187  186  183  177  168
  159  152  149  149  150  151  153  157  166  181  201  225  251  278  305  330
  352  372  390  407  423  440  456  470  481  490  495  497  498  496  493  488
  482  472  459  440  420  406  400  406  382                                   
    42.5-180.0 180.0   5.0 450.0                            LAT/LON1/LON2/DLON/H
  405  391  377  377  370  362  345  324  299  272  250  234  223  216  211  206
  203  202  205  210  217  222  225  225  221  216  212  208  204  199  191  182
  173  167  164  163  163  163  163  167  178  194  217  243  270  299  326  353
  376  395  412  428  443  459  474  487  498  507  513  517  519  520  520  518
  515  508  497  478  457  442  434  435  405                                   
    40.0-180.0 180.0   5.0 450.0                            LAT/LON1/LON2/DLON/H
  425  403  387  388  383  380  367  350  326  300  275  255  239  227  218  211
  209  211  217  227  238  248  252  252  247  239  231  223  216  209  202  193
  186  180  177  175  174  172  172  177  189  208  233  260  288  316  345  371
  395  415  431  446  462  477  492  506  518  528  536  543  548  552  554  554
  551  545  535  516  495  480  467  460  425                                   
    37.5-180.0 180.0   5.0 450.0                            LAT/LON1/LON2/DLON/H
  446  413  393  387  384  383  374  361  341  317  293  271  253  237  225  217
  215  220  230  244  258  270  275  274  267  256  244  234  226  219  213  206
  199  193  189  186  183  181  181  187  202  223  249  276  303  330  357  384
  408  429  446  463  479  497  514  530  545  558  570  581  591  597  601  602
  599  593  582  561  539  524  504  488  446                                   
    35.0-180.0 180.0   5.0 450.0                            LAT/LON1/LON2/DLON/H
  477  434  406  389  383  379  369  358  341  321  301  282  263  246  233  224
  223  230  243  260  276  288  293  291  283  270  257  246  238  232  227  222
  215  208  203  198  193  190  190  198  215  238  264  289  314  339  365  392
  416  439  459  478  499  519  540  561  580  599  616  633  647  658  663  665
  661  653  642  617  597  582  553  529  477                                   
    32.5-180.0 180.0   5.0 450.0                            LAT/LON1/LON2/DLON/H
  528  479  439  409  394  382  366  352  336  318  301  285  269  253  240  232
  232  240  255  273  290  302  307  305  297  286  274  263  256  252  248  243
  235  227  219  212  205  201  201  210  227  251  276  299  320  343  367  394
  421  446  471  495  520  546  571  597  622  647  671  694  713  727  735  737
  733  725  712  686  669  656  618  587  528                                   
    30.0-180.0 180.0   5.0 450.0                            LAT/LON1/LON2/DLON/H
  605  556  505  460  431  407  379  357  336  317  301  288  274  260  247  240
  241  250  265  283  300  312  318  319  315  307  298  290  284  281  277  271
  261  250  239  229  220  214  213  221  238  261  284  304  322  342  366  394
  423  452  482  511  541  572  602  634  666  698  729  758  782  799  809  811
  808  800  788  764  752  743  698  665  605                                   
    27.5-180.0 180.0   5.0 450.0                            LAT/LON1/LON2/DLON/H
  706  666  609  550  505  467  422  386  355  331  312  298  284  269  257  250
  250  258  272  288  304  317  327  334  337  336  332  327  322  318  313  304
  292  277  263  249  237  228  225  230  245  265  286  304  321  340  364  394
  426  458  492  525  560  594  630  668  707  747  784  818  845  865  876  879
  877  872  862  843  836  834  791  758  706                                   
    25.0-180.0 180.0   5.0 450.0                            LAT/LON1/LON2/DLON/H
  821  795  746  680  620  567  505  451  405  369  342  323  305  288  274  264
  262  266  276  290  305  321  338  353  365  371  373  370  366  360  352  339
  322  304  285  268  253  240  232  234  245  263  282  300  318  338  364  396
  431  466  502  539  576  614  654  697  742  788  831  868  897  918  931  935
  935  933  927  915  913  916  884  861  821                                   
    22.5-180.0 180.0   5.0 450.0                            LAT/LON1/LON2/DLON/H
  928  918  892  830  764  703  627  556  493  441  401  370  344  321  301  287
  279  277  281  291  307  327  350  374  395  408  414  413  408  399  385  367
  344  321  299  279  261  245  233  230  238  255  275  295  315  340  369  404
  440  478  516  554  593  634  676  721  769  818  863  901  931  953  966  974
  977  979  979  974  976  981  967  957  928                                   
    20.0-180.0 180.0   5.0 450.0                            LAT/LON1/LON2/DLON/H
 1010 1015 1018  969  909  850  773  693  616  548  491  446  407  374  345  322
  306  296  293  298  313  337  367  398  424  442  449  447  438  422  401  376
  348  322  299  279  260  241  226  220  226  242  265  290  316  346  380  417
  456  495  534  574  614  654  696  741  788  836  879  916  944  965  980  991
 1000 1006 1012 1014 1019 1021 1027 1028 1010                                   
    17.5-180.0 180.0   5.0 450.0                            LAT/LON1/LON2/DLON/H
 1060 1077 1103 1069 1022  975  910  834  755  677  607  547  495  449  409  375
  347  327  315  316  329  354  387  422  450  468  472  463  444  419  390  360
  332  306  285  267  249  230  214  206  211  228  255  286  320  355  393  432
  473  514  555  596  636  675  715  757  800  842  881  913  938  959  975  990
 1003 1013 1025 1032 1039 1036 1055 1063 1060                                   
    15.0-180.0 180.0   5.0 450.0                            LAT/LON1/LON2/DLON/H
 1076 1101 1138 1116 1086 1056 1008  945  875  799  725  657  596  542  492  447
  406  374  353  347  357  381  414  447  471  481  473  451  422  390  359  329
  303  281  264  248  233  216  200  192  197  216  247  285  325  364  404  445
  486  528  570  612  653  692  729  767  804  841  873  900  923  941  958  975
  993 1006 1020 1028 1035 1026 1050 1061 1076                                   
    12.5-180.0 180.0   5.0 450.0                            LAT/LON1/LON2/DLON/H
 1064 1088 1119 1108 1092 1079 1049 1002  946  881  813  749  690  635  582  530
  481  438  408  395  399  419  447  471  482  474  451  418  383  350  322  296
  273  255  241  230  217  203  189  181  187  209  243  285  328  369  410  450
  491  534  577  619  660  698  734  769  803  835  863  886  906  924  941  959
  978  993 1007 1013 1016 1004 1024 1033 1064                                   
    10.0-180.0 180.0   5.0 450.0                            LAT/LON1/LON2/DLON/H
 1035 1048 1063 1055 1049 1047 1029  997  956  905  851  798  750  706  660  610
  559  512  476  456  454  466  481  487  477  450  413  375  341  312  289  267
  249  234  223  215  206  194  182  176  182  204  240  283  326  367  406  444
  485  527  571  614  655  694  731  767  799  829  854  876  895  913  931  949
  968  983  996  998  997  981  992  996 1035                                   
     7.5-180.0 180.0   5.0 450.0                            LAT/LON1/LON2/DLON/H
 1008 1004  998  986  979  980  966  940  910  873  833  796  765  737  705  668
  624  581  545  522  513  511  506  489  458  417  374  335  306  283  266  250
