data/edconvlstm_nd/pred1950.15i
     1.0            IONOSPHERE MAPS     GNSS                IONEX VERSION / TYPE
pyspatialgeodesy        IME             05-JAN-18 20:20     PGM / RUN BY / DATE 
Map Name                                                    COMMENT             
Predicted global ionosphere maps (GIM).                     DESCRIPTION         
  2015     7    14     0     0     0                        EPOCH OF FIRST MAP  
  2015     7    15     0     0     0                        EPOCH OF LAST MAP   
  7200                                                      INTERVAL            
    13                                                      # OF MAPS IN FILE   
  NONE                                                      MAPPING FUNCTION    
10.0                                                        ELEVATION CUTOFF    
One-way carrier phase leveled to code                       OBSERVABLES USED    
  6371.0                                                    BASE RADIUS         
 2                                                          MAP DIMENSION       
   450.0 450.0   0.0                                        HGT1 / HGT2 / DHGT  
    87.5 -87.5  -2.5                                        LAT1 / LAT2 / DLAT  
  -180.0 180.0   5.0                                        LON1 / LON2 / DLON  
    -1                                                      EXPONENT            
                                                            END OF HEADER       
[from data line 3432]
     9                                                      START OF TEC MAP    
  2015     7    14    16     0     0                        EPOCH OF CURRENT MAP
    87.5-180.0 180.0   5.0 450.0                            LAT/LON1/LON2/DLON/H
  152  148  139  144  146  146  144  143  143  144  143  144  143  143  143  143
  144  144  143  143  143  143  143  142  142  141  141  140  139  139  138  138
  138  138  137  137  137  137  138  138  138  139  139  140  140  141  141  142
  142  143  143  144  144  145  145  146  146  146  146  147  147  147  147  146
  146  146  145  144  151  146  151  150  152                                   
    85.0-180.0 180.0   5.0 450.0                            LAT/LON1/LON2/DLON/H
  145  141  148  142  142  145  144  145  145  146  145  146  146  146  146  146
  147  147  147  147  147  147  146  146  145  145  144  143  143  142  141  141
  140  140  139  139  139  139  139  139  140  140  141  141  142  143  144  144
  145  146  147  147  148  149  150  150  151  151  152  152  152  152  152  151
  152  151  148  145  146  138  140  142  145                                   
    82.5-180.0 180.0   5.0 450.0                            LAT/LON1/LON2/DLON/H
  127  132  130  127  129  133  134  135  134  136  135  136  137  137  138  139
  139  140  141  141  142  142  141  141  140  140  139  138  136  135  134  133
  132  132  131  131  130  130  131  131  131  132  133  133  134  135  136  137
  138  139  140  141  142  143  144  145  145  146  146  146  146  145  144  143
  143  141  138  139  136  137  129  121  127                                   
    80.0-180.0 180.0   5.0 450.0                            LAT/LON1/LON2/DLON/H
  116  117  119  119  119  120  121  125  126  127  127  129  130  131  132  134
  135  136  138  139  140  141  141  140  140  139  137  136  134  132  131  129
  128  126  125  125  124  124  124  124  124  125  125  126  127  128  129  129
  130  131  132  134  135  135  136  137  137  138  138  137  137  136  135  134
  133  131  128  128  122  117  115  111  116                                   
    77.5-180.0 180.0   5.0 450.0                            LAT/LON1/LON2/DLON/H
  114  110  112  112  113  115  116  119  120  121  121  123  124  126  128  131
  133  136  138  141  143  144  145  145  145  144  142  140  138  135  133  131
  129  127  126  125  124  124  123  123  123  123  124  124  124  125  125  126
  127  128  128  129  130  131  131  132  132  131  131  130  129  128  126  125
  123  121  117  117  116  107  106  107  114                                   
    75.0-180.0 180.0   5.0 450.0                            LAT/LON1/LON2/DLON/H
  107  107  105  107  109  112  112  115  117  119  119  121  122  125  127  130
  133  137  141  144  148  150  152  153  153  151  150  147  144  141  139  136
  134  133  131  130  129  128  127  127  126  126  125  125  125  125  125  125
  125  125  126  126  127  127  127  127  127  127  126  125  124  122  121  119
  117  115  112  108  108  101  102   94  107                                   
    72.5-180.0 180.0   5.0 450.0                            LAT/LON1/LON2/DLON/H
  102  104  102  107  107  110  112  114  114  116  116  118  119  121  124  127
  131  136  141  146  151  155  157  159  158  157  154  151  148  145  142  139
  137  136  134  133  132  131  130  129  128  127  126  125  124  123  123  123
  123  123  123  123  123  123  123  122  121  120  119  118  117  115  114  112
  110  108  105  101  101   97   98   95  102                                   
    70.0-180.0 180.0   5.0 450.0                            LAT/LON1/LON2/DLON/H
  102  105  104  107  108  110  111  113  114  115  115  117  118  120  122  126
  130  135  141  147  153  158  161  163  162  160  157  154  150  146  144  142
  140  139  138  137  136  134  133  132  130  129  128  126  125  124  123  122
  122  122  122  123  122  122  120  119  117  116  114  113  111  110  109  108
  107  104  103   99   99   97  100   96  102                                   
    67.5-180.0 180.0   5.0 450.0                            LAT/LON1/LON2/DLON/H
  104  109  109  112  113  116  117  118  118  119  119  120  121  122  125  128
  132  138  144  151  157  162  166  167  166  163  159  154  150  146  144  142
  142  141  141  140  139  137  136  135  133  132  130  129  127  126  126  125
  125  126  126  127  126  125  123  120  117  115  112  111  110  109  108  108
  107  105  103   99   99   98  101   96  104                                   
    65.0-180.0 180.0   5.0 450.0                            LAT/LON1/LON2/DLON/H
  106  113  114  117  117  120  120  121  121  122  122  123  124  125  127  130
  134  139  145  152  158  163  167  167  166  162  157  151  147  144  142  142
  142  143  143  143  142  140  139  137  136  135  134  133  132  131  130  131
  131  133  134  134  134  132  129  125  121  117  113  111  109  109  108  108
  107  106  105  102  103  103  106  102  106                                   
    62.5-180.0 180.0   5.0 450.0                            LAT/LON1/LON2/DLON/H
  107  116  117  120  121  124  123  124  125  126  126  127  128  129  130  133
  136  141  146  153  159  163  166  166  164  159  153  147  143  140  139  141
  142  144  145  145  144  142  141  140  139  139  138  138  137  137  137  138
  140  142  143  144  144  142  138  132  127  121  116  113  111  110  110  109
  108  107  106  103  104  105  108  105  107                                   
    60.0-180.0 180.0   5.0 450.0                            LAT/LON1/LON2/DLON/H
  107  117  119  122  122  126  125  126  127  128  129  130  131  132  133  135
  138  142  147  152  157  161  164  163  160  155  149  143  139  137  138  141
  144  147  148  148  147  145  144  144  144  145  145  145  145  145  146  147
  150  152  155  156  156  154  149  142  135  128  122  118  115  113  112  111
  109  107  106  103  105  106  110  107  107                                   
    57.5-180.0 180.0   5.0 450.0                            LAT/LON1/LON2/DLON/H
  106  116  119  123  123  127  127  129  129  130  131  132  133  134  136  137
  139  142  146  151  155  158  160  160  157  152  146  141  138  138  141  145
  149  153  154  154  153  151  151  151  152  154  155  155  155  156  156  158
  161  164  167  169  168  166  161  153  145  137  130  124  120  117  115  113
  110  108  105  102  104  105  109  107  106                                   
    55.0-180.0 180.0   5.0 450.0                            LAT/LON1/LON2/DLON/H
  104  114  118  122  124  129  130  131  131  132  132  133  134  135  136  137
  139  142  144  148  151  154  155  155  153  150  146  142  141  142  146  151
  157  161  162  162  160  159  159  160  162  164  166  166  166  166  167  168
  171  173  176  178  178  176  171  163  155  146  138  132  127  123  120  117
  112  109  105  101  102  104  108  107  104                                   
    52.5-180.0 180.0   5.0 450.0                            LAT/LON1/LON2/DLON/H
  102  113  118  123  125  132  133  135  134  134  133  133  133  134  135  136
  138  140  142  144  146  148  150  151  151  149  147  146  146  149  154  160
  166  170  172  171  169  169  169  171  174  176  177  177  176  176  176  177
  178  180  182  184  184  182  177  171  163  154  147  140  135  130  126  121
  116  111  106  102  102  103  106  106  102                                   
    50.0-180.0 180.0   5.0 450.0                            LAT/LON1/LON2/DLON/H
  103  113  119  125  129  137  139  140  139  138  135  134  133  133  134  135
  136  138  139  141  142  144  146  148  149  151  151  152  154  158  163  170
  176  180  181  181  180  180  181  183  186  188  189  188  186  184  183  183
  183  184  185  186  186  185  181  176  169  162  155  149  144  139  134  129
  122  117  111  105  105  105  107  107  103                                   
    47.5-180.0 180.0   5.0 450.0                            LAT/LON1/LON2/DLON/H
  106  116  122  130  134  143  146  147  146  143  140  137  135  134  134  135
  136  138  139  139  140  141  143  146  150  154  157  160  164  168  173  180
  185  190  192  192  192  192  194  197  199  201  200  198  195  192  190  188
  187  186  186  186  186  185  183  179  174  169  163  159  154  150  145  139
  132  126  120  113  111  110  110  111  106                                   
    45.0-180.0 180.0   5.0 450.0                            LAT/LON1/LON2/DLON/H
  111  121  127  135  140  150  154  155  154  151  146  143  140  138  137  138
  139  140  141  142  142  142  145  148  154  160  165  169  174  178  183  189
  195  200  203  204  205  207  209  212  214  214  211  208  204  200  197  194
  192  189  187  185  185  185  184  182  179  175  172  169  166  162  157  152
  145  140  133  126  122  118  117  117  111                                   
    42.5-180.0 180.0   5.0 450.0                            LAT/LON1/LON2/DLON/H
  118  127  132  140  146  156  161  163  162  160  155  152  148  146  145  145
  146  147  148  148  148  148  150  154  160  167  174  179  184  189  194  201
  207  213  217  220  222  224  227  229  229  228  224  219  214  210  206  203
  198  194  190  187  186  186  186  185  183  182  181  180  178  175  171  167
  160  155  148  141  135  130  126  126  118                                   
    40.0-180.0 180.0   5.0 450.0                            LAT/LON1/LON2/DLON/H
  125  132  137  144  149  160  165  169  169  169  165  163  160  158  157  157
  157  158  158  158  158  158  159  163  169  177  184  190  196  201  207  215
  223  230  237  241  245  247  248  248  247  244  239  233  227  223  219  214
  208  202  196  192  190  189  189  189  188  189  189  190  189  187  184  181
  175  171  164  157  150  142  136  136  125                                   
    37.5-180.0 180.0   5.0 450.0                            LAT/LON1/LON2/DLON/H
  131  136  140  146  150  160  167  172  175  176  175  175  174  173  172  171
  171  171  171  171  171  171  172  175  181  188  196  203  209  216  224  234
  244  254  263  269  273  274  273  271  267  262  256  250  244  239  234  229
  221  213  205  200  196  195  194  193  194  195  196  198  199  198  196  193
  188  185  178  172  164  154  147  145  131                                   
    35.0-180.0 180.0   5.0 450.0                            LAT/LON1/LON2/DLON/H
  137  139  141  145  149  158  165  172  178  182  184  187  188  188  188  187
  185  185  185  185  185  185  186  189  195  201  209  217  225  235  246  259
  273  286  296  304  307  306  302  296  290  284  277  270  263  258  252  245
  236  226  217  209  204  201  199  198  198  199  202  204  206  205  203  200
  196  194  189  183  174  164  155  153  137                                   
    32.5-180.0 180.0   5.0 450.0                            LAT/LON1/LON2/DLON/H
  141  140  141  144  146  154  163  171  179  187  192  197  201  203  203  202
  200  198  198  198  199  200  201  204  209  216  224  233  244  257  273  290
  307  323  336  343  344  340  333  324  315  307  299  291  284  277  270  262
  251  239  228  218  211  206  203  200  200  201  204  207  209  208  206  204
  200  199  194  189  182  170  162  159  141                                   
    30.0-180.0 180.0   5.0 450.0                            LAT/LON1/LON2/DLON/H
  144  140  141  142  143  151  161  170  181  191  199  207  213  217  218  216
  213  211  210  211  212  214  216  219  224  231  240  252  266  284  304  325
  346  364  378  384  383  375  363  351  339  330  322  314  305  296  287  276
  264  250  237  226  217  210  205  201  199  201  204  207  209  208  206  203
  199  199  195  192  185  174  166  164  144                                   
    27.5-180.0 180.0   5.0 450.0                            LAT/LON1/LON2/DLON/H
  147  141  140  141  142  151  161  172  184  196  206  215  224  229  231  229
  226  223  222  222  224  227  229  233  238  246  257  272  290  312  336  362
  385  404  417  421  417  405  390  375  362  352  343  334  324  312  300  287
  272  257  243  230  219  210  203  199  197  199  202  205  206  204  201  198
  195  195  193  191  186  176  168  167  147                                   
    25.0-180.0 180.0   5.0 450.0                            LAT/LON1/LON2/DLON/H
  149  142  141  143  144  154  165  177  190  202  213  224  234  241  244  243
  239  236  235  235  237  239  242  246  253  262  276  293  315  341  368  395
  419  437  447  448  441  427  409  393  381  371  362  352  339  325  309  293
  277  260  244  230  217  207  200  195  194  196  199  202  202  199  195  191
  188  189  187  187  184  175  169  169  149                                   
    22.5-180.0 180.0   5.0 450.0                            LAT/LON1/LON2/DLON/H
  151  144  143  146  148  159  171  184  197  210  222  234  244  253  257  258
  255  252  250  250  252  254  256  260  268  279  295  315  340  367  396  422
  443  458  464  463  453  438  421  406  395  387  378  367  352  334  315  297
  278  260  242  226  213  202  195  191  190  193  196  198  198  194  189  184
  180  182  181  182  181  174  169  170  151                                   
    20.0-180.0 180.0   5.0 450.0                            LAT/LON1/LON2/DLON/H
  153  147  145  149  153  165  179  192  206  219  231  243  255  265  272  275
  274  272  271  270  270  271  272  276  284  297  315  337  362  389  416  439
  456  466  469  465  455  441  427  415  407  400  392  379  362  341  320  299
  278  259  239  222  207  196  189  186  187  190  194  195  194  190  184  178
  174  175  175  177  177  172  168  169  153                                   
    17.5-180.0 180.0   5.0 450.0                            LAT/LON1/LON2/DLON/H
  153  149  147  152  157  169  184  198  213  226  239  252  266  278  288  294
  296  296  295  294  293  291  291  294  302  316  335  358  382  407  429  447
  458  464  464  459  452  442  432  424  419  414  405  391  372  349  325  303
  281  259  238  219  202  191  185  183  185  189  192  194  192  187  180  174
  169  169  169  171  172  168  165  166  153                                   
    15.0-180.0 180.0   5.0 450.0                            LAT/LON1/LON2/DLON/H
  152  149  146  153  158  170  186  200  215  230  244  259  275  290  303  313
  319  322  323  321  318  314  312  315  323  338  357  379  400  420  437  449
  456  458  457  454  450  445  440  436  433  429  419  404  382  358  333  309
  286  264  241  219  202  189  183  182  185  189  192  193  190  185  178  171
  165  164  164  166  167  164  161  161  152                                   
    12.5-180.0 180.0   5.0 450.0                            LAT/LON1/LON2/DLON/H
  149  147  145  151  156  167  182  197  213  229  245  262  281  299  316  330
  340  347  349  348  344  339  336  337  346  361  379  398  416  430  442  449
  453  454  453  453  453  453  453  453  451  446  435  417  395  369  344  320
  296  271  247  224  204  190  184  183  186  189  192  192  189  183  177  169
  163  161  160  161  162  159  156  155  149                                   
    10.0-180.0 180.0   5.0 450.0                            LAT/LON1/LON2/DLON/H
  146  144  141  146  151  160  175  189  206  224  241  261  282  304  325  342
  357  367  372  372  368  363  359  361  370  384  401  417  429  439  446  450
  453  454  456  458  462  467  470  472  470  463  450  430  406  381  356  331
  306  280  254  229  208  193  185  183  186  189  191  190  187  182  175  168
  161  158  156  157  157  154  150  148  146                                   
     7.5-180.0 180.0   5.0 450.0                            LAT/LON1/LON2/DLON/H
  143  141  138  142  145  152  166  180  197  216  235  257  281  305  328  348
  366  379  387  390  388  384  381  384  393  407  421  433  441  446  450  454
