data/edconvlstm_nd/pred3060.15i
     1.0            IONOSPHERE MAPS     GNSS                IONEX VERSION / TYPE
pyspatialgeodesy        IME             05-JAN-18 20:20     PGM / RUN BY / DATE 
Map Name                                                    COMMENT             
Predicted global ionosphere maps (GIM).                     DESCRIPTION         
  2015    11     2     0     0     0                        EPOCH OF FIRST MAP  
  2015    11     3     0     0     0                        EPOCH OF LAST MAP   
  7200                                                      INTERVAL            
    13                                                      # OF MAPS IN FILE   
  NONE                                                      MAPPING FUNCTION    
10.0                                                        ELEVATION CUTOFF    
One-way carrier phase leveled to code                       OBSERVABLES USED    
  6371.0                                                    BASE RADIUS         
 2                                                          MAP DIMENSION       
   450.0 450.0   0.0                                        HGT1 / HGT2 / DHGT  
    87.5 -87.5  -2.5                                        LAT1 / LAT2 / DLAT  
  -180.0 180.0   5.0                                        LON1 / LON2 / DLON  
    -1                                                      EXPONENT            
                                                            END OF HEADER       
[from data line 1287]
     4                                                      START OF TEC MAP    
  2015    11     2     6     0     0                        EPOCH OF CURRENT MAP
    87.5-180.0 180.0   5.0 450.0                            LAT/LON1/LON2/DLON/H
   48   54   49   51   51   51   51   48   49   51   52   53   54   54   55   56
   56   56   56   57   57   57   57   57   56   56   56   56   56   56   55   55
   55   55   54   54   54   53   53   53   53   53   52   52   52   53   53   53
   53   53   53   53   53   52   52   52   51   50   50   49   48   47   46   46
   46   46   44   45   50   58   68   66   48                                   
    85.0-180.0 180.0   5.0 450.0                            LAT/LON1/LON2/DLON/H
   33   53   47   49   51   54   54   54   56   58   58   60   61   62   63   63
   63   64   64   64   64   64   64   64   63   63   63   63   63   62   62   62
   62   62   61   61   61   61   61   61   61   61   61   61   62   62   63   63
   64   64   64   65   65   65   64   64   63   62   61   60   58   57   55   54
   54   53   50   51   53   55   64   60   33                                   
    82.5-180.0 180.0   5.0 450.0                            LAT/LON1/LON2/DLON/H
   33   39   46   43   44   46   47   47   49   51   52   54   56   57   58   58
   58   58   58   58   57   57   57   56   56   55   55   55   55   55   55   55
   55   56   56   56   57   57   58   58   59   60   61   62   63   64   66   67
   69   70   72   73   74   74   74   74   73   72   70   68   66   63   60   58
   56   54   50   48   55   47   46   45   33                                   
    80.0-180.0 180.0   5.0 450.0                            LAT/LON1/LON2/DLON/H
   39   35   38   34   37   38   40   40   43   45   47   50   52   53   54   55
   55   55   54   53   52   51   50   49   49   48   48   48   48   49   49   50
   51   51   52   53   54   54   55   56   58   59   61   63   65   68   71   74
   77   80   83   86   88   90   91   91   91   89   87   85   81   77   73   69
   65   60   56   52   56   47   46   44   39                                   
    77.5-180.0 180.0   5.0 450.0                            LAT/LON1/LON2/DLON/H
   47   37   35   31   31   33   35   36   39   42   44   48   50   53   54   55
   55   55   54   52   50   49   47   45   44   43   42   43   43   44   45   47
   48   49   50   51   52   53   54   55   57   59   62   65   69   73   78   83
   88   94   99  104  108  112  114  116  116  115  113  110  106  101   95   89
   82   76   68   64   59   43   41   44   47                                   
    75.0-180.0 180.0   5.0 450.0                            LAT/LON1/LON2/DLON/H
   47   40   34   32   29   33   34   35   37   40   42   46   49   51   53   54
   54   53   52   50   48   46   44   42   40   39   39   40   41   43   44   46
   47   48   49   49   50   50   51   52   54   57   61   65   71   77   84   91
   98  106  114  121  127  132  136  139  140  139  137  134  130  124  118  111
  103   95   87   76   70   55   50   49   47                                   
    72.5-180.0 180.0   5.0 450.0                            LAT/LON1/LON2/DLON/H
   56   46   39   34   32   35   37   37   39   41   44   47   49   52   53   54
   54   53   52   50   48   45   43   40   39   38   38   40   42   44   46   48
   50   51   51   51   51   51   51   53   56   60   65   71   78   86   95  104
  114  124  133  142  150  157  162  165  166  165  163  160  155  149  142  135
  127  118  110   99   90   72   65   63   56                                   
    70.0-180.0 180.0   5.0 450.0                            LAT/LON1/LON2/DLON/H
   68   54   47   42   37   37   38   38   39   41   42   45   47   49   50   51
   51   50   49   48   45   43   41   39   38   37   38   40   43   46   48   50
   51   51   50   49   48   48   48   51   54   60   66   74   83   93  104  115
  126  138  149  159  168  175  180  183  184  182  179  175  170  163  156  149
  140  131  123  113  103   87   82   79   68                                   
    67.5-180.0 180.0   5.0 450.0                            LAT/LON1/LON2/DLON/H
   73   59   52   46   40   39   40   39   40   40   41   43   44   45   46   46
   47   46   46   45   43   41   39   37   37   37   38   41   44   47   49   50
   50   49   47   45   43   42   43   46   51   58   67   77   88   99  111  123
  136  148  160  171  180  187  191  192  192  189  185  180  174  167  159  152
  144  134  127  116  108   94   89   88   73                                   
    65.0-180.0 180.0   5.0 450.0                            LAT/LON1/LON2/DLON/H
   80   66   57   50   43   42   42   41   42   42   42   44   44   44   44   44
   45   45   45   44   43   42   40   39   38   39   41   44   47   50   51   52
   51   48   45   42   39   38   40   44   51   61   72   84   97  110  122  135
  148  160  173  184  193  199  202  202  199  195  189  183  177  169  162  154
  145  135  128  117  110   99   95   95   80                                   
    62.5-180.0 180.0   5.0 450.0                            LAT/LON1/LON2/DLON/H
   86   71   61   53   46   44   43   43   43   43   43   44   43   43   43   43
   44   45   45   45   44   42   41   40   40   41   44   47   50   52   53   52
   49   46   42   38   36   36   38   44   54   66   80   95  109  123  136  148
  161  173  185  196  204  210  211  210  206  200  194  187  180  173  165  157
  147  136  128  118  111   99   96   97   86                                   
    60.0-180.0 180.0   5.0 450.0                            LAT/LON1/LON2/DLON/H
   90   74   63   54   47   43   42   42   43   43   42   42   41   41   41   42
   43   44   44   44   43   42   40   40   40   42   44   47   50   51   51   49
   46   42   38   35   33   34   38   47   59   74   90  106  122  135  148  160
  171  184  195  206  215  220  221  218  213  207  200  193  187  180  172  164
  153  140  131  120  112   99   96   96   90                                   
    57.5-180.0 180.0   5.0 450.0                            LAT/LON1/LON2/DLON/H
   97   79   67   56   49   44   43   42   42   41   40   40   39   39   40   42
   43   44   44   44   42   40   39   39   40   42   45   47   49   49   48   46
   43   39   36   34   34   37   43   53   67   84  103  121  136  150  161  172
  183  195  207  218  227  232  233  231  226  219  213  207  201  195  188  179
  167  153  143  129  120  104  100   98   97                                   
    55.0-180.0 180.0   5.0 450.0                            LAT/LON1/LON2/DLON/H
  107   88   74   62   53   47   44   42   41   40   38   37   36   37   39   41
   44   45   44   43   41   39   38   38   39   42   45   47   48   48   46   43
   40   38   37   37   38   43   50   62   79   97  117  135  151  163  174  184
  195  206  219  230  240  245  247  245  241  235  229  224  220  214  208  199
  187  172  160  144  134  115  111  106  107                                   
    52.5-180.0 180.0   5.0 450.0                            LAT/LON1/LON2/DLON/H
  122  102   87   73   63   56   51   46   43   40   37   35   34   36   38   42
   45   46   45   43   41   39   38   39   41   44   47   49   49   48   46   43
   41   41   41   44   47   53   62   75   92  112  131  150  165  177  187  196
  206  218  230  242  252  259  262  261  257  252  247  242  238  233  228  220
  209  195  182  164  152  132  127  121  122                                   
    50.0-180.0 180.0   5.0 450.0                            LAT/LON1/LON2/DLON/H
  140  119  104   91   79   70   63   55   49   43   38   35   34   36   39   44
   47   48   47   45   43   42   41   43   46   49   52   54   53   51   49   46
   46   47   50   54   60   67   77   90  107  127  147  164  179  190  200  209
  218  230  242  254  264  272  275  275  272  267  262  257  252  247  242  236
  226  215  202  184  172  152  147  141  140                                   
    47.5-180.0 180.0   5.0 450.0                            LAT/LON1/LON2/DLON/H
  159  138  124  113   99   89   81   70   60   51   43   39   37   39   43   47
   50   52   51   50   48   48   49   51   54   57   60   61   59   57   54   52
   52   55   60   66   74   82   93  106  123  143  162  179  193  204  214  222
  232  242  254  265  275  282  286  286  283  278  271  265  258  253  247  242
  235  226  216  200  189  170  165  161  159                                   
    45.0-180.0 180.0   5.0 450.0                            LAT/LON1/LON2/DLON/H
  172  153  142  134  121  111  102   89   77   64   54   47   45   46   49   53
   56   58   58   58   58   58   60   62   65   68   69   69   67   63   60   59
   60   64   71   78   87   96  107  122  139  158  177  194  208  219  228  237
  246  255  264  274  282  288  291  291  288  282  274  266  257  249  242  237
  231  226  219  207  197  181  177  175  172                                   
    42.5-180.0 180.0   5.0 450.0                            LAT/LON1/LON2/DLON/H
  176  159  152  148  137  129  121  109   96   81   69   61   57   57   59   63
   65   67   68   69   70   71   73   75   76   78   78   76   73   70   67   66
   68   73   80   88   97  108  120  135  153  173  192  209  222  233  243  251
  259  266  273  279  285  290  292  292  289  282  274  263  252  241  232  225
  221  217  213  205  197  182  179  178  176                                   
    40.0-180.0 180.0   5.0 450.0                            LAT/LON1/LON2/DLON/H
  169  152  149  149  143  138  133  125  114  100   87   79   74   72   73   75
   77   78   80   82   84   86   87   87   87   86   84   82   79   75   73   73
   75   80   86   95  104  116  130  147  166  186  205  222  235  246  255  263
  269  275  279  284  288  291  294  294  291  285  276  266  253  240  227  218
  211  207  204  198  191  176  172  170  169                                   
    37.5-180.0 180.0   5.0 450.0                            LAT/LON1/LON2/DLON/H
  154  135  133  134  134  134  134  132  125  114  104   97   92   90   89   89
   89   91   94   97   99  100   99   97   94   92   89   86   83   80   78   79
   81   85   91   98  109  122  138  156  177  197  216  232  246  256  265  272
  278  282  285  289  292  296  300  301  300  296  290  281  269  254  239  226
  215  207  203  195  187  168  161  157  154                                   
    35.0-180.0 180.0   5.0 450.0                            LAT/LON1/LON2/DLON/H
  138  114  110  110  114  117  122  126  126  120  114  111  107  105  103  102
  102  104  107  111  112  111  108  103   99   95   92   89   87   85   84   84
   86   89   94  101  111  125  143  164  186  207  225  241  253  264  272  280
  285  289  293  297  302  309  315  319  321  321  319  314  306  292  275  258
  241  228  218  206  194  168  157  146  138                                   
    32.5-180.0 180.0   5.0 450.0                            LAT/LON1/LON2/DLON/H
  128   98   88   85   90   94  101  110  115  116  116  117  116  115  114  113
  113  116  119  122  122  119  113  106  101   97   94   92   90   89   89   90
   92   94   97  103  113  128  148  170  193  214  232  247  259  270  278  286
  293  298  304  311  320  330  340  348  355  361  364  366  363  352  335  315
  292  271  255  235  218  184  166  148  128                                   
    30.0-180.0 180.0   5.0 450.0                            LAT/LON1/LON2/DLON/H
  132   94   77   68   71   73   80   90   98  104  108  113  116  117  117  118
  120  123  126  128  126  121  113  106  101   99   97   96   95   95   95   96
   97   98  101  106  116  132  152  175  198  219  237  252  264  274  284  293
  302  310  319  331  344  360  375  389  401  412  423  433  436  431  415  392
  363  335  312  283  260  217  193  167  132                                   
    27.5-180.0 180.0   5.0 450.0                            LAT/LON1/LON2/DLON/H
  152  107   82   67   65   63   67   74   82   88   95  103  108  112  114  116
  119  123  125  126  123  117  110  104  101  100  100  101  101  101  102  103
  104  104  105  109  119  135  156  179  202  223  240  255  268  280  291  302
  314  326  340  356  376  397  418  438  456  473  492  509  520  521  507  482
  448  414  383  346  317  266  237  207  152                                   
    25.0-180.0 180.0   5.0 450.0                            LAT/LON1/LON2/DLON/H
  191  140  106   86   76   70   68   70   73   77   83   90   96  100  103  106
  110  114  117  116  113  108  104  102  102  103  105  106  106  107  108  109
  109  109  109  113  123  139  159  181  204  224  243  259  274  288  302  316
  330  347  366  388  413  440  467  492  515  539  563  587  604  609  598  572
  536  499  461  417  383  327  294  263  191                                   
    22.5-180.0 180.0   5.0 450.0                            LAT/LON1/LON2/DLON/H
  247  192  151  125  108   94   86   80   77   76   77   81   84   87   90   93
   97  100  102  101   99   98   98   99  103  106  109  111  112  113  114  114
  114  113  113  117  126  142  161  183  205  226  246  265  283  300  317  334
  353  373  397  423  453  483  514  542  569  596  624  650  671  679  670  646
  610  572  533  487  449  393  358  331  247                                   
    20.0-180.0 180.0   5.0 450.0                            LAT/LON1/LON2/DLON/H
  315  259  214  183  158  138  121  107   96   88   84   82   80   79   79   80
   83   84   85   84   85   87   92   98  105  110  114  116  117  117  117  116
  115  113  113  118  128  143  162  183  205  228  251  273  296  317  337  358
  379  403  429  458  487  518  548  577  605  631  658  683  703  712  705  684
  652  619  582  541  502  454  422  400  315                                   
    17.5-180.0 180.0   5.0 450.0                            LAT/LON1/LON2/DLON/H
  383  329  286  254  221  196  173  151  132  117  105   96   88   82   77   74
   73   72   71   71   73   79   88   99  108  115  119  120  119  117  116  114
  111  109  110  116  126  142  161  183  206  231  257  284  311  336  360  383
  407  432  458  485  511  537  563  589  613  636  659  679  695  701  696  679
  655  628  600  569  534  497  474  458  383                                   
    15.0-180.0 180.0   5.0 450.0                            LAT/LON1/LON2/DLON/H
  435  388  353  324  289  262  233  207  182  161  143  127  111   97   86   78
   72   68   66   65   69   77   90  103  114  121  123  121  118  114  111  108
  104  103  104  112  124  140  160  182  207  235  265  295  325  354  380  406
  431  456  480  501  521  540  559  579  598  616  632  645  654  658  653  642
  625  608  589  570  545  521  505  496  435                                   
    12.5-180.0 180.0   5.0 450.0                            LAT/LON1/LON2/DLON/H
  466  427  403  380  348  321  291  265  238  214  192  170  148  126  108   94
   83   76   71   69   73   83   97  112  122  127  125  121  116  111  106  101
   97   95   98  107  120  138  158  182  209  239  272  305  337  367  395  422
  448  471  492  508  521  532  544  557  571  583  593  599  602  602  599  593
  585  576  566  556  542  527  515  511  466                                   
    10.0-180.0 180.0   5.0 450.0                            LAT/LON1/LON2/DLON/H
  478  448  432  412  388  363  336  313  288  266  244  220  194  166  141  121
  107   96   89   86   89   98  111  124  131  132  129  123  118  112  105   98
   92   90   94  103  118  136  157  182  210  242  276  310  343  374  402  430
  456  478  496  508  515  520  527  535  545  554  560  562  561  560  559  558
  556  552  548  541  534  525  513  511  478                                   
     7.5-180.0 180.0   5.0 450.0                            LAT/LON1/LON2/DLON/H
  480  457  443  424  404  382  358  341  323  306  288  267  240  210  181  158
  140  127  118  113  114  120  129  137  140  139  135  130  124  118  109  100
