data/edconvlstm_nd/pred0720.15i
     1.0            IONOSPHERE MAPS     GNSS                IONEX VERSION / TYPE
pyspatialgeodesy        IME             05-JAN-18 20:20     PGM / RUN BY / DATE 
Map Name                                                    COMMENT             
Predicted global ionosphere maps (GIM).                     DESCRIPTION         
  2015     3    13     0     0     0                        EPOCH OF FIRST MAP  
  2015     3    14     0     0     0                        EPOCH OF LAST MAP   
  7200                                                      INTERVAL            
    13                                                      # OF MAPS IN FILE   
  NONE                                                      MAPPING FUNCTION    
10.0                                                        ELEVATION CUTOFF    
One-way carrier phase leveled to code                       OBSERVABLES USED    
  6371.0                                                    BASE RADIUS         
 2                                                          MAP DIMENSION       
   450.0 450.0   0.0                                        HGT1 / HGT2 / DHGT  
    87.5 -87.5  -2.5                                        LAT1 / LAT2 / DLAT  
  -180.0 180.0   5.0                                        LON1 / LON2 / DLON  
    -1                                                      EXPONENT            
                                                            END OF HEADER       
[from data line 2145]
     6                                                      START OF TEC MAP    
  2015     3    13    10     0     0                        EPOCH OF CURRENT MAP
    87.5-180.0 180.0   5.0 450.0                            LAT/LON1/LON2/DLON/H
  128  130  129  137  142  143  143  143  146  149  149  151  152  152  153  153
  153  153  153  153  153  153  153  153  153  153  153  153  154  154  154  154
  155  155  155  154  154  153  152  151  150  148  147  145  143  141  139  137
  135  132  130  128  126  123  121  119  117  115  114  112  111  111  110  110
  111  113  113  113  119  119  129  133  128                                   
    85.0-180.0 180.0   5.0 450.0                            LAT/LON1/LON2/DLON/H
  117  128  138  139  142  148  150  153  155  158  158  160  160  160  160  160
  159  159  158  158  158  158  158  158  158  158  159  160  160  161  162  163
  164  165  165  166  166  165  164  164  162  161  159  157  154  152  149  146
  143  140  136  133  129  126  122  119  116  113  110  108  106  105  105  105
  107  110  107  109  110  115  120  126  117                                   
    82.5-180.0 180.0   5.0 450.0                            LAT/LON1/LON2/DLON/H
  102  123  129  130  134  142  146  150  153  155  156  157  156  155  154  153
  152  150  149  149  148  148  148  148  148  149  151  152  154  156  159  161
  164  166  169  170  172  173  173  172  172  170  168  166  163  160  156  153
  148  144  139  134  129  123  118  112  107  102   97   93   90   87   85   85
   86   88   87   91   95  104  105  104  102                                   
    80.0-180.0 180.0   5.0 450.0                            LAT/LON1/LON2/DLON/H
   95  112  120  124  128  133  138  143  147  148  148  148  146  143  141  138
  135  132  130  128  127  126  126  126  127  128  130  133  137  141  145  150
  155  160  165  169  172  175  177  178  178  178  177  176  174  171  168  165
  161  157  152  147  141  134  127  120  113  106   99   92   87   82   78   76
   75   75   75   78   82   91   99   95   95                                   
    77.5-180.0 180.0   5.0 450.0                            LAT/LON1/LON2/DLON/H
   96  109  116  118  121  127  132  135  138  138  136  135  131  127  122  118
  114  111  108  106  104  103  103  104  105  107  110  114  119  125  132  139
  147  155  163  170  177  182  186  189  191  192  192  192  192  191  190  188
  186  183  179  175  169  162  155  146  137  128  119  110  101   94   88   83
   79   77   74   77   81   85   93   94   96                                   
    75.0-180.0 180.0   5.0 450.0                            LAT/LON1/LON2/DLON/H
   93  106  109  112  114  120  123  125  126  125  121  117  112  106  101   95
   91   87   85   83   82   82   82   84   86   89   93   97  104  111  120  129
  140  150  160  170  179  186  193  198  202  205  207  209  211  213  214  215
  215  215  213  211  206  200  193  184  174  163  152  141  130  120  111  104
   97   92   88   84   86   88   96   91   93                                   
    72.5-180.0 180.0   5.0 450.0                            LAT/LON1/LON2/DLON/H
   93  103  105  108  109  115  118  118  117  113  108  102   95   89   83   77
   73   71   69   69   69   70   72   75   77   81   85   91   98  106  115  126
  138  150  162  174  184  193  201  207  212  217  221  225  229  232  236  240
  243  245  247  246  244  239  232  224  213  201  188  175  163  151  140  131
  122  114  108  101   97   96  101   98   93                                   
    70.0-180.0 180.0   5.0 450.0                            LAT/LON1/LON2/DLON/H
   96  100  102  104  104  108  110  109  107  103   96   89   81   74   68   63
   60   58   58   60   62   65   69   72   77   81   86   92   99  107  116  127
  140  152  165  177  189  199  207  215  221  227  232  238  244  250  256  261
  267  271  274  276  275  271  264  254  243  229  215  201  187  174  162  152
  142  132  125  115  107  103  107  105   96                                   
    67.5-180.0 180.0   5.0 450.0                            LAT/LON1/LON2/DLON/H
   92   95   96   99   99  104  106  105  103   98   91   83   75   68   62   58
   56   55   57   60   64   68   73   78   83   88   93   98  104  112  121  131
  143  155  167  179  191  201  210  218  225  231  238  244  251  258  265  272
  278  284  288  289  289  285  277  267  254  240  225  210  196  183  171  161
  151  141  133  121  112  105  106  106   92                                   
    65.0-180.0 180.0   5.0 450.0                            LAT/LON1/LON2/DLON/H
   90   90   90   92   93   98  100  100   99   95   89   82   74   66   61   58
   56   57   60   63   68   73   79   85   91   96  102  107  113  120  128  138
  149  160  172  184  195  205  214  223  231  239  246  254  261  268  275  281
  287  292  296  297  295  289  281  269  255  239  223  208  194  181  170  161
  151  142  134  122  112  104  104  106   90                                   
    62.5-180.0 180.0   5.0 450.0                            LAT/LON1/LON2/DLON/H
   85   83   82   84   85   90   93   95   95   92   88   82   75   69   65   62
   61   62   65   68   73   78   83   89   95  101  107  113  119  126  134  143
  154  165  176  187  198  209  218  228  237  246  254  262  269  275  281  286
  290  294  295  295  291  284  274  261  246  230  214  199  185  173  162  153
  145  136  128  116  107   98   98  101   85                                   
    60.0-180.0 180.0   5.0 450.0                            LAT/LON1/LON2/DLON/H
   84   79   76   76   76   80   84   86   88   88   86   83   78   73   69   67
   66   67   68   70   73   77   81   87   93   99  106  113  120  128  137  147
  158  170  181  192  203  214  225  235  246  256  264  272  279  284  288  291
  294  295  295  292  287  279  268  254  239  223  208  194  181  169  158  149
  140  130  123  111  103   93   93   95   84                                   
    57.5-180.0 180.0   5.0 450.0                            LAT/LON1/LON2/DLON/H
   89   80   75   73   71   73   76   79   81   83   83   82   79   76   73   71
   71   70   70   70   71   72   75   79   85   93  101  109  119  129  140  152
  164  177  189  201  212  224  235  247  259  270  279  287  293  297  299  301
  301  301  300  296  290  281  269  256  242  229  215  203  191  179  168  157
  146  135  127  114  107   95   94   95   89                                   
    55.0-180.0 180.0   5.0 450.0                            LAT/LON1/LON2/DLON/H
  101   89   82   76   71   70   71   73   75   78   80   81   79   78   76   75
   74   73   71   69   67   65   66   70   76   84   93  104  116  129  142  157
  172  187  200  213  225  238  250  263  276  287  297  305  310  313  314  314
  314  313  310  306  300  291  280  269  257  246  236  226  215  204  191  179
  165  152  141  128  119  107  104  103  101                                   
    52.5-180.0 180.0   5.0 450.0                            LAT/LON1/LON2/DLON/H
  119  106   98   87   79   75   73   72   74   76   78   80   80   79   79   78
   77   76   73   69   65   61   60   62   68   77   88  101  115  130  147  165
  182  199  215  229  243  256  270  283  296  308  317  324  328  330  331  331
  330  328  326  322  315  307  297  287  278  271  264  257  249  237  224  209
  192  177  163  148  140  126  122  118  119                                   
    50.0-180.0 180.0   5.0 450.0                            LAT/LON1/LON2/DLON/H
  141  128  119  105   94   87   82   78   78   79   80   82   82   82   82   82
   82   80   78   73   67   62   59   61   67   76   88  102  118  135  154  175
  195  215  232  248  263  278  292  306  319  331  339  345  348  349  349  348
  347  346  343  338  332  323  314  306  300  295  292  287  281  270  255  239
  220  203  187  171  161  149  143  137  141                                   
    47.5-180.0 180.0   5.0 450.0                            LAT/LON1/LON2/DLON/H
  160  149  141  127  115  105   99   92   89   88   88   88   88   88   88   88
   89   88   86   81   75   69   66   66   72   82   94  109  125  144  164  186
  209  230  249  267  284  300  315  330  343  353  361  365  367  367  366  364
  363  360  356  351  343  334  325  317  312  309  308  306  300  290  275  258
  239  221  203  187  178  166  161  155  160                                   
    45.0-180.0 180.0   5.0 450.0                            LAT/LON1/LON2/DLON/H
  170  162  157  146  136  127  119  111  106  103  101  100   99   98   98   98
   99   99   98   94   88   82   78   78   83   93  105  120  136  154  175  197
  221  243  264  284  303  320  337  353  366  375  382  385  385  383  381  378
  374  370  365  358  348  337  326  317  311  308  308  306  302  292  277  260
  242  225  207  192  183  173  168  165  170                                   
    42.5-180.0 180.0   5.0 450.0                            LAT/LON1/LON2/DLON/H
  165  163  163  158  152  146  140  132  126  121  117  115  113  112  111  111
  112  113  113  110  105   99   93   92   97  106  118  132  148  165  185  207
  230  252  275  297  318  338  357  374  387  397  403  404  402  399  394  390
  384  378  370  361  349  336  322  310  301  296  294  291  286  275  262  246
  230  214  198  185  176  167  163  163  165                                   
    40.0-180.0 180.0   5.0 450.0                            LAT/LON1/LON2/DLON/H
  149  151  156  157  158  157  156  150  144  138  133  131  129  127  126  125
  126  127  128  127  122  115  108  106  109  118  130  143  158  175  193  214
  236  259  282  307  331  355  376  394  409  419  424  425  422  417  410  404
  397  389  379  369  355  340  324  308  295  286  280  273  265  253  239  225
  210  196  182  169  160  151  148  149  149                                   
    37.5-180.0 180.0   5.0 450.0                            LAT/LON1/LON2/DLON/H
  126  131  139  144  152  156  161  160  156  151  146  144  143  142  141  140
  140  142  143  141  136  127  119  115  117  125  137  151  166  182  200  219
  240  263  289  316  345  372  396  416  432  443  449  449  445  439  433  425
  418  410  401  391  378  363  345  327  311  297  284  272  258  242  226  212
  198  185  171  156  145  132  130  129  126                                   
    35.0-180.0 180.0   5.0 450.0                            LAT/LON1/LON2/DLON/H
  107  112  119  125  136  145  156  159  158  155  152  152  153  153  153  152
  152  153  154  151  145  134  124  118  119  128  141  156  172  188  204  222
  243  268  296  327  359  390  417  440  458  470  477  478  475  469  463  457
  452  446  441  435  426  413  397  378  358  340  321  302  281  260  241  224
  209  195  179  161  145  125  121  116  107                                   
    32.5-180.0 180.0   5.0 450.0                            LAT/LON1/LON2/DLON/H
  100  101  104  107  118  127  141  148  150  150  150  152  156  158  160  160
  160  161  160  156  148  136  124  117  118  127  142  159  176  192  208  227
  249  275  306  341  376  410  440  465  484  499  507  510  509  506  504  501
  500  500  501  502  500  494  481  464  443  421  397  372  344  317  293  272
  253  236  217  193  171  142  132  118  100                                   
    30.0-180.0 180.0   5.0 450.0                            LAT/LON1/LON2/DLON/H
  113  106  101   98  103  110  122  130  135  137  140  146  152  158  161  163
  163  163  162  156  146  133  121  114  115  125  142  160  179  197  215  235
  259  287  320  357  395  431  462  488  510  526  538  544  547  549  552  556
  563  571  581  592  599  601  595  581  562  538  510  479  446  413  383  357
  332  310  286  255  227  189  169  144  113                                   
    27.5-180.0 180.0   5.0 450.0                            LAT/LON1/LON2/DLON/H
  146  132  116  104   99   99  108  115  119  123  128  136  144  152  157  160
  161  161  158  151  141  129  118  112  114  125  143  163  184  204  225  248
  274  304  338  376  416  452  483  509  532  551  565  576  585  594  605  618
  634  653  674  695  713  724  725  717  701  678  648  614  576  538  501  468
  436  408  377  341  308  261  229  194  146                                   
    25.0-180.0 180.0   5.0 450.0                            LAT/LON1/LON2/DLON/H
  201  179  152  127  112  103  105  108  110  114  119  127  137  145  150  154
  155  155  151  145  135  125  117  113  117  128  147  169  192  215  239  265
  294  325  360  398  436  471  501  526  549  570  588  605  620  637  657  680
  707  735  766  797  822  840  848  846  836  816  789  753  713  669  626  584
  545  511  473  434  397  347  304  262  201                                   
    22.5-180.0 180.0   5.0 450.0                            LAT/LON1/LON2/DLON/H
  272  244  208  172  142  124  117  115  113  115  118  125  133  140  144  147
  149  148  145  138  131  124  119  118  123  136  155  178  203  228  256  285
  316  348  383  420  456  488  516  539  562  585  606  627  649  674  702  734
  768  804  840  874  901  921  933  936  932  919  895  862  822  775  727  678
  631  593  553  515  477  431  383  338  272                                   
    20.0-180.0 180.0   5.0 450.0                            LAT/LON1/LON2/DLON/H
  347  317  278  233  189  162  146  138  131  129  129  132  136  140  142  144
  145  144  140  134  128  124  123  125  132  146  165  189  214  242  272  304
  336  369  403  437  471  501  526  549  572  596  620  645  672  702  737  774
  811  847  881  910  933  949  960  966  966  959  941  913  876  830  778  723
  671  633  596  562  530  495  452  410  347                                   
    17.5-180.0 180.0   5.0 450.0                            LAT/LON1/LON2/DLON/H
  410  384  350  305  249  215  190  175  164  156  151  149  148  146  144  143
  143  141  137  131  127  126  128  133  142  156  176  199  225  253  283  316
  349  382  415  447  479  507  532  555  579  605  631  659  689  722  759  795
  829  858  883  901  914  922  928  933  935  932  920  899  866  822  770  712
  658  621  591  565  544  523  494  462  410                                   
    15.0-180.0 180.0   5.0 450.0                            LAT/LON1/LON2/DLON/H
  450  433  411  372  313  274  244  224  207  195  185  176  167  158  151  147
  144  141  136  130  127  128  132  139  149  164  184  208  233  260  289  321
  354  387  419  450  480  509  534  560  586  614  642  671  701  735  768  799
  824  842  852  856  855  853  852  854  857  858  852  836  808  766  714  653
  598  563  543  526  521  515  502  484  450                                   
    12.5-180.0 180.0   5.0 450.0                            LAT/LON1/LON2/DLON/H
  467  461  454  424  370  332  299  275  256  240  224  209  193  176  163  154
  149  144  138  131  128  130  135  142  154  171  193  217  241  265  293  323
  355  387  418  449  479  508  536  564  594  623  652  681  710  740  768  790
  804  807  803  793  781  770  763  762  765  768  766  755  730  689  635  573
  518  485  471  465  474  482  483  478  467                                   
    10.0-180.0 180.0   5.0 450.0                            LAT/LON1/LON2/DLON/H
  467  476  480  461  416  380  347  321  300  281  263  243  221  199  180  167
  158  151  143  135  131  131  136  145  159  179  203  227  249  272  296  325
  355  386  417  447  477  506  536  567  600  631  660  688  715  740  762  775
  777  770  756  738  720  705  696  693  694  697  696  686  662  621  566  503
  448  415  404  405  424  444  455  456  467                                   
     7.5-180.0 180.0   5.0 450.0                            LAT/LON1/LON2/DLON/H
  463  485  497  484  450  417  384  357  333  313  293  271  246  220  198  182
  171  162  152  142  136  135  139  149  166  189  214  239  261  281  303  329
