data/edconvlstm_nd/pred2040.15i
     1.0            IONOSPHERE MAPS     GNSS                IONEX VERSION / TYPE
pyspatialgeodesy        IME             05-JAN-18 20:20     PGM / RUN BY / DATE 
Map Name                                                    COMMENT             
Predicted global ionosphere maps (GIM).                     DESCRIPTION         
  2015     7    23     0     0     0                        EPOCH OF FIRST MAP  
  2015     7    24     0     0     0                        EPOCH OF LAST MAP   
  7200                                                      INTERVAL            
    13                                                      # OF MAPS IN FILE   
  NONE                                                      MAPPING FUNCTION    
10.0                                                        ELEVATION CUTOFF    
One-way carrier phase leveled to code                       OBSERVABLES USED    
  6371.0                                                    BASE RADIUS         
 2                                                          MAP DIMENSION       
   450.0 450.0   0.0                                        HGT1 / HGT2 / DHGT  
    87.5 -87.5  -2.5                                        LAT1 / LAT2 / DLAT  
  -180.0 180.0   5.0                                        LON1 / LON2 / DLON  
    -1                                                      EXPONENT            
                                                            END OF HEADER       
[from data line 3861]
    10                                                      START OF TEC MAP    
  2015     7    23    18     0     0                        EPOCH OF CURRENT MAP
    87.5-180.0 180.0   5.0 450.0                            LAT/LON1/LON2/DLON/H
  136  133  124  129  131  129  128  127  127  128  127  128  128  128  128  129
  129  129  130  130  130  130  130  130  130  130  130  130  130  129  129  129
  129  128  128  128  128  127  127  127  127  126  126  126  126  125  125  125
  125  124  124  124  124  124  124  124  124  124  124  125  125  125  125  125
  125  126  125  124  134  130  140  138  136                                   
    85.0-180.0 180.0   5.0 450.0                            LAT/LON1/LON2/DLON/H
  134  133  141  132  131  134  133  135  135  136  135  136  136  136  137  137
  137  138  138  138  138  138  138  138  138  138  137  137  136  136  135  135
  134  134  133  133  132  132  132  131  131  130  130  129  129  128  128  127
  127  127  126  126  126  126  126  127  127  127  128  128  129  129  130  130
  131  132  130  128  131  126  130  130  134                                   
    82.5-180.0 180.0   5.0 450.0                            LAT/LON1/LON2/DLON/H
  116  124  126  122  122  126  128  128  127  129  129  130  130  131  131  132
  133  134  134  135  135  136  136  136  136  136  135  135  134  133  132  131
  131  130  129  128  128  127  126  126  125  124  123  122  121  120  120  119
  118  117  117  117  117  117  117  117  117  118  118  119  120  121  121  122
  123  123  122  124  125  131  125  119  116                                   
    80.0-180.0 180.0   5.0 450.0                            LAT/LON1/LON2/DLON/H
  107  114  121  119  117  117  120  123  123  125  125  126  127  128  129  130
  131  132  133  133  134  135  135  135  135  134  134  133  131  130  129  127
  126  125  124  123  122  121  121  120  119  118  117  116  115  114  113  112
  111  110  109  109  109  109  109  109  109  110  111  112  113  114  116  117
  119  119  119  120  118  118  118  117  107                                   
    77.5-180.0 180.0   5.0 450.0                            LAT/LON1/LON2/DLON/H
  112  113  119  117  117  119  120  123  123  125  125  126  127  128  129  130
  131  133  134  135  137  138  138  139  139  138  137  136  134  132  130  128
  126  125  124  123  122  121  121  120  119  118  117  116  114  113  111  110
  109  108  107  106  106  106  105  105  105  106  107  108  109  110  112  114
  115  116  117  118  121  116  119  121  112                                   
    75.0-180.0 180.0   5.0 450.0                            LAT/LON1/LON2/DLON/H
  110  113  114  114  115  118  119  121  123  126  126  127  128  129  130  131
  132  133  135  137  138  140  141  141  141  141  139  138  135  133  130  128
  126  124  123  122  121  121  121  120  120  119  117  116  114  113  111  110
  108  107  106  106  105  104  104  103  103  103  104  105  106  107  110  112
  114  116  117  115  118  114  117  110  110                                   
    72.5-180.0 180.0   5.0 450.0                            LAT/LON1/LON2/DLON/H
  109  111  112  115  115  119  121  123  124  127  127  129  129  130  131  131
  132  134  135  137  139  141  142  143  143  142  141  138  135  132  129  126
  124  122  121  120  120  120  120  120  119  118  117  116  114  112  111  109
  108  107  106  106  105  103  102  101  100  100  100  100  101  103  105  108
  110  112  114  112  113  112  115  114  109                                   
    70.0-180.0 180.0   5.0 450.0                            LAT/LON1/LON2/DLON/H
  109  110  110  112  113  116  118  122  124  127  128  129  130  130  130  131
  131  133  134  136  138  140  142  143  143  142  140  137  134  131  128  125
  122  120  119  118  118  118  118  119  118  118  117  115  113  111  110  109
  108  107  107  106  104  103  101   99   98   97   96   96   97   99  101  104
  106  108  111  110  112  111  116  113  109                                   
    67.5-180.0 180.0   5.0 450.0                            LAT/LON1/LON2/DLON/H
  110  112  112  115  116  120  123  127  129  132  133  135  135  136  136  136
  136  136  138  139  141  143  145  145  145  144  142  140  137  134  131  128
  125  123  121  120  120  120  121  121  121  121  120  118  116  115  114  113
  113  112  112  111  109  107  104  102  100   98   97   97   97   98  100  103
  105  108  110  109  111  111  115  112  110                                   
    65.0-180.0 180.0   5.0 450.0                            LAT/LON1/LON2/DLON/H
  110  113  113  116  117  120  123  127  130  134  135  137  138  139  139  138
  138  138  139  140  141  143  144  145  145  144  143  141  139  137  135  132
  129  127  125  123  123  123  124  124  124  124  123  121  119  117  116  116
  116  116  115  114  112  109  105  102  100   97   96   96   96   97   99  101
  103  106  109  110  112  114  119  116  110                                   
    62.5-180.0 180.0   5.0 450.0                            LAT/LON1/LON2/DLON/H
  112  116  117  119  120  124  126  130  133  137  139  141  143  143  144  144
  143  143  143  143  143  144  145  146  146  146  145  144  144  143  141  139
  137  134  131  130  128  128  129  129  129  129  127  125  123  121  120  120
  120  120  119  117  114  111  107  103  100   98   97   96   96   97   98  100
  102  104  108  109  112  114  120  117  112                                   
    60.0-180.0 180.0   5.0 450.0                            LAT/LON1/LON2/DLON/H
  114  119  121  123  124  127  129  132  135  138  140  143  145  147  148  148
  148  147  146  145  144  145  145  146  146  147  147  148  149  150  149  148
  146  143  141  138  137  136  136  137  137  136  134  131  129  127  126  125
  125  124  122  120  116  112  107  104  101   99   97   97   96   97   97   98
  100  102  105  107  112  115  123  120  114                                   
    57.5-180.0 180.0   5.0 450.0                            LAT/LON1/LON2/DLON/H
  117  123  125  128  129  132  134  136  138  140  142  145  148  151  153  153
  153  151  149  147  146  145  145  146  147  148  150  153  155  157  159  159
  157  155  152  149  147  146  147  147  146  145  143  140  137  134  132  131
  130  128  126  122  117  112  108  104  101  100   99   98   98   97   97   98
   98  100  103  105  111  116  124  122  117                                   
    55.0-180.0 180.0   5.0 450.0                            LAT/LON1/LON2/DLON/H
  119  127  130  133  135  138  139  141  141  143  144  147  150  153  156  157
  157  155  152  148  146  145  145  146  148  150  153  157  161  164  167  168
  167  165  163  160  159  159  159  159  158  156  153  149  145  142  140  138
  136  133  129  123  118  112  108  104  102  101  100  100   99   98   97   97
   96   98  101  103  109  115  124  122  119                                   
    52.5-180.0 180.0   5.0 450.0                            LAT/LON1/LON2/DLON/H
  121  130  134  139  142  146  147  148  147  147  147  148  151  154  157  159
  159  156  152  149  146  145  145  147  149  152  156  161  165  170  173  175
  175  174  172  171  171  171  172  172  171  168  163  159  154  151  148  145
  141  137  131  125  118  112  108  105  103  103  102  101  100   98   97   96
   95   96   98  100  107  113  123  122  121                                   
    50.0-180.0 180.0   5.0 450.0                            LAT/LON1/LON2/DLON/H
  122  132  138  145  149  154  156  156  155  154  152  152  153  155  158  159
  159  157  153  149  146  145  146  149  152  155  160  164  169  173  177  179
  180  181  181  182  183  185  186  186  183  179  174  169  164  160  156  152
  148  142  135  127  120  114  110  107  106  105  105  104  102  100   98   96
   95   95   97   98  105  111  121  121  122                                   
    47.5-180.0 180.0   5.0 450.0                            LAT/LON1/LON2/DLON/H
  122  134  140  149  155  162  165  167  165  163  160  158  157  158  159  160
  159  156  153  150  148  148  149  153  156  160  164  168  172  176  180  182
  185  187  190  193  196  199  201  200  196  191  184  178  172  168  164  160
  154  147  139  130  123  117  113  112  111  110  109  107  105  103  101   99
   97   96   97   97  103  109  119  119  122                                   
    45.0-180.0 180.0   5.0 450.0                            LAT/LON1/LON2/DLON/H
  122  134  142  152  160  169  173  177  176  175  171  168  164  162  162  161
  160  158  155  152  152  153  155  159  163  166  170  174  177  180  184  187
  190  194  199  205  211  215  216  214  209  202  194  187  181  176  172  167
  161  153  144  135  127  122  119  117  117  116  115  113  110  108  106  103
  101   99   99   99  103  108  117  117  122                                   
    42.5-180.0 180.0   5.0 450.0                            LAT/LON1/LON2/DLON/H
  121  133  141  153  162  173  180  185  187  187  184  179  174  170  167  165
  163  161  159  158  159  161  164  168  171  175  178  181  185  188  191  195
  199  205  212  220  227  232  232  229  222  213  204  196  190  184  180  174
  167  159  150  141  133  128  126  125  124  123  122  120  117  115  113  110
  107  104  103  101  105  109  115  116  121                                   
    40.0-180.0 180.0   5.0 450.0                            LAT/LON1/LON2/DLON/H
  119  131  140  152  162  174  183  191  196  199  197  192  186  180  175  172
  170  168  168  168  170  172  175  178  181  184  188  192  196  200  204  208
  214  221  230  238  246  250  249  243  234  224  214  205  198  192  187  181
  173  165  155  146  139  135  132  132  131  130  129  127  125  123  121  119
  114  110  108  105  107  110  115  116  119                                   
    37.5-180.0 180.0   5.0 450.0                            LAT/LON1/LON2/DLON/H
  118  129  137  148  158  171  181  192  201  207  208  205  199  192  186  182
  180  179  179  181  183  185  187  188  191  194  199  205  211  217  223  229
  236  243  252  260  266  268  265  257  247  235  224  214  206  200  193  186
  178  169  160  151  144  140  137  137  137  136  136  135  134  132  130  127
  121  116  112  109  110  112  116  117  118                                   
    35.0-180.0 180.0   5.0 450.0                            LAT/LON1/LON2/DLON/H
  118  127  135  144  153  165  177  190  202  212  216  216  212  206  200  196
  194  194  194  196  197  198  198  198  200  204  211  220  229  238  247  255
  262  270  278  284  287  287  281  270  258  245  233  223  214  206  198  189
  181  172  162  153  146  142  139  139  139  139  140  140  140  139  137  133
  126  120  115  111  112  113  117  119  118                                   
    32.5-180.0 180.0   5.0 450.0                            LAT/LON1/LON2/DLON/H
  119  126  132  139  147  158  169  184  199  212  221  225  224  220  216  213
  211  211  211  212  212  211  209  207  208  214  223  236  249  262  274  284
  292  299  305  308  307  302  293  281  267  253  241  231  220  210  200  190
  180  171  161  152  145  140  137  137  137  138  140  142  143  143  141  136
  129  122  116  112  113  114  119  121  119                                   
    30.0-180.0 180.0   5.0 450.0                            LAT/LON1/LON2/DLON/H
  121  127  131  136  142  151  162  176  193  209  222  230  234  234  233  231
  230  229  229  228  226  223  218  215  216  223  235  251  269  286  301  313
  322  327  329  328  323  314  302  287  273  259  247  236  224  212  199  187
  177  166  156  147  139  134  131  130  131  133  136  140  142  142  140  135
  127  120  115  111  113  115  120  123  121                                   
    27.5-180.0 180.0   5.0 450.0                            LAT/LON1/LON2/DLON/H
  125  128  131  135  140  147  157  171  188  205  221  234  242  247  249  249
  249  247  246  243  239  233  227  223  224  232  247  267  288  308  325  338
  346  349  347  341  331  319  304  289  274  261  250  238  225  210  195  182
  170  159  148  139  131  125  123  122  122  125  129  133  136  136  134  129
  121  115  111  108  111  114  120  125  125                                   
    25.0-180.0 180.0   5.0 450.0                            LAT/LON1/LON2/DLON/H
  129  132  134  137  141  148  156  168  184  202  220  235  248  258  264  267
  267  265  262  257  251  243  236  232  233  243  260  282  305  326  344  356
  363  362  356  345  332  317  301  286  272  260  249  237  222  206  189  174
  161  149  138  129  121  116  113  112  113  115  119  123  126  126  123  119
  112  108  105  104  109  112  119  125  129                                   
    22.5-180.0 180.0   5.0 450.0                            LAT/LON1/LON2/DLON/H
  133  136  138  143  146  152  159  170  184  202  219  237  253  267  276  282
  283  281  276  270  263  255  248  244  247  257  275  296  319  339  356  366
  369  365  355  342  326  311  295  280  266  255  244  232  217  199  181  164
  151  139  128  119  111  107  104  104  104  106  108  111  113  113  111  107
  102   99   98   99  105  110  117  125  133                                   
    20.0-180.0 180.0   5.0 450.0                            LAT/LON1/LON2/DLON/H
  135  141  143  150  153  160  166  175  188  204  221  239  258  274  287  294
  297  295  290  284  276  269  263  260  264  275  292  311  331  348  361  368
  368  360  347  332  317  302  287  273  260  249  238  225  209  190  171  155
  141  129  119  110  103  100   99   98   98   98   99  101  101  100   98   95
   91   91   92   93  101  106  114  123  135                                   
    17.5-180.0 180.0   5.0 450.0                            LAT/LON1/LON2/DLON/H
  135  144  148  157  162  169  176  184  196  210  225  243  262  280  294  304
  308  308  304  298  291  284  280  280  285  296  310  326  341  354  362  365
  361  350  336  321  307  294  281  268  255  243  231  217  200  181  162  146
  133  121  111  103   98   96   96   96   95   94   93   92   91   89   87   84
   82   84   85   88   96  102  109  119  135                                   
    15.0-180.0 180.0   5.0 450.0                            LAT/LON1/LON2/DLON/H
  133  145  152  163  170  178  186  194  205  217  230  247  265  283  299  310
  316  318  315  311  306  301  300  302  308  317  329  341  350  357  361  359
  352  340  326  312  300  289  278  265  252  238  225  210  192  173  154  138
  126  115  105   98   95   94   96   97   96   93   90   87   84   81   78   77
   75   77   80   83   90   96  103  114  133                                   
    12.5-180.0 180.0   5.0 450.0                            LAT/LON1/LON2/DLON/H
  127  144  153  166  175  185  194  203  213  224  236  250  267  285  300  313
  321  325  325  322  319  317  318  323  330  338  347  354  358  361  360  355
  345  332  318  306  296  288  278  265  251  235  220  203  185  166  148  132
  120  110  101   95   93   94   98  100   99   95   90   85   81   77   74   72
   70   73   75   77   84   90   97  107  127                                   
    10.0-180.0 180.0   5.0 450.0                            LAT/LON1/LON2/DLON/H
  121  141  152  166  176  188  200  210  220  230  241  253  268  284  299  312
  322  328  331  331  330  330  334  340  348  356  361  365  365  364  360  352
  341  328  314  304  296  289  280  267  251  233  215  197  178  159  142  127
  115  105   97   92   91   94   99  102  102   98   92   86   80   75   72   69
   67   69   70   72   78   83   90  100  121                                   
     7.5-180.0 180.0   5.0 450.0                            LAT/LON1/LON2/DLON/H
  114  136  149  164  176  188  202  214  225  236  245  256  268  282  296  308
  319  328  333  335  336  338  344  352  360  368  372  373  370  366  360  351
