data/edconvlstm_nd/pred1840.15i
     1.0            IONOSPHERE MAPS     GNSS                IONEX VERSION / TYPE
pyspatialgeodesy        IME             05-JAN-18 20:20     PGM / RUN BY / DATE 
Map Name                                                    COMMENT             
Predicted global ionosphere maps (GIM).                     DESCRIPTION         
  2015     7     3     0     0     0                        EPOCH OF FIRST MAP  
  2015     7     4     0     0     0                        EPOCH OF LAST MAP   
  7200                                                      INTERVAL            
    13                                                      # OF MAPS IN FILE   
  NONE                                                      MAPPING FUNCTION    
10.0                                                        ELEVATION CUTOFF    
One-way carrier phase leveled to code                       OBSERVABLES USED    
  6371.0                                                    BASE RADIUS         
 2                                                          MAP DIMENSION       
   450.0 450.0   0.0                                        HGT1 / HGT2 / DHGT  
    87.5 -87.5  -2.5                                        LAT1 / LAT2 / DLAT  
  -180.0 180.0   5.0                                        LON1 / LON2 / DLON  
    -1                                                      EXPONENT            
                                                            END OF HEADER       
[from data line 5148]
    13                                                      START OF TEC MAP    
  2015     7     4     0     0     0                        EPOCH OF CURRENT MAP
    87.5-180.0 180.0   5.0 450.0                            LAT/LON1/LON2/DLON/H
  168  179  189  179  176  177  175  174  174  174  174  175  175  175  174  174
  174  173  173  172  171  170  169  168  167  166  164  163  162  161  160  159
  158  158  157  157  156  156  156  156  156  156  157  157  157  157  158  158
  158  158  159  159  159  160  160  160  161  161  162  162  163  163  163  164
  165  167  168  169  168  165  169  178  168                                   
    85.0-180.0 180.0   5.0 450.0                            LAT/LON1/LON2/DLON/H
  189  191  181  181  186  187  185  184  185  184  185  185  185  185  185  185
  184  183  183  182  180  179  178  176  175  173  171  169  168  166  165  164
  163  162  162  161  161  161  161  161  161  162  162  162  162  163  163  163
  163  164  164  164  164  165  165  166  166  167  167  168  168  169  169  171
  172  173  176  179  173  178  181  187  189                                   
    82.5-180.0 180.0   5.0 450.0                            LAT/LON1/LON2/DLON/H
  190  189  192  188  191  192  190  190  192  191  192  192  192  192  192  192
  191  190  189  188  187  185  183  181  178  176  173  171  169  167  165  163
  162  162  161  161  161  161  161  162  162  163  163  163  164  164  164  164
  165  165  165  166  166  167  167  168  168  169  169  170  171  172  173  174
  175  177  178  179  179  169  176  175  190                                   
    80.0-180.0 180.0   5.0 450.0                            LAT/LON1/LON2/DLON/H
  190  191  186  184  187  189  191  193  194  193  194  195  195  195  196  195
  195  195  194  193  191  189  187  184  181  177  174  170  167  165  162  161
  160  160  160  160  161  162  163  163  164  164  165  165  166  166  166  167
  167  168  168  168  169  169  170  170  170  171  171  171  172  172  173  174
  174  175  176  176  184  175  182  185  190                                   
    77.5-180.0 180.0   5.0 450.0                            LAT/LON1/LON2/DLON/H
  192  186  183  185  182  184  188  191  192  192  192  193  194  195  195  195
  195  195  195  195  193  192  189  186  182  178  173  169  165  162  160  159
  159  159  160  162  163  165  166  167  168  168  169  169  169  169  170  170
  171  171  172  173  173  173  173  173  173  173  172  172  172  171  172  172
  172  174  173  174  181  181  182  189  192                                   
    75.0-180.0 180.0   5.0 450.0                            LAT/LON1/LON2/DLON/H
  194  184  182  185  181  181  184  186  188  188  188  189  190  191  191  192
  192  193  194  194  194  192  190  187  183  178  173  168  163  160  158  158
  159  160  163  165  168  170  172  173  173  173  172  172  172  172  173  174
  175  176  176  177  177  177  177  177  176  175  174  174  173  172  171  172
  171  172  172  167  174  180  180  188  194                                   
    72.5-180.0 180.0   5.0 450.0                            LAT/LON1/LON2/DLON/H
  184  183  182  181  176  176  178  180  183  182  183  184  185  185  185  186
  187  188  189  191  191  191  189  186  181  176  170  164  160  157  156  156
  158  161  165  169  172  174  176  176  175  174  173  172  172  173  174  175
  177  178  179  180  180  179  179  178  177  176  175  174  173  172  171  171
  170  171  173  170  173  176  179  189  184                                   
    70.0-180.0 180.0   5.0 450.0                            LAT/LON1/LON2/DLON/H
  185  180  181  181  175  174  176  177  181  180  181  182  182  182  181  181
  182  184  186  189  190  191  189  186  182  176  170  164  160  158  157  158
  161  165  169  173  177  179  179  178  176  174  172  171  171  172  174  176
  179  180  181  182  181  181  180  179  179  178  177  177  175  174  174  174
  172  173  175  173  178  181  182  189  185                                   
    67.5-180.0 180.0   5.0 450.0                            LAT/LON1/LON2/DLON/H
  188  185  184  181  174  172  174  175  178  179  180  181  180  179  177  177
  177  179  182  185  188  189  189  186  182  176  170  165  161  158  158  160
  163  167  171  174  177  177  176  173  170  167  165  164  165  167  170  173
  176  178  179  179  179  178  177  176  176  176  177  177  176  175  175  175
  174  174  177  175  181  184  185  192  188                                   
    65.0-180.0 180.0   5.0 450.0                            LAT/LON1/LON2/DLON/H
  192  189  187  183  175  172  173  174  178  179  180  181  180  178  175  174
  173  175  178  182  186  188  188  186  182  177  172  168  164  163  162  164
  166  169  171  173  173  172  169  165  161  157  155  155  156  160  164  168
  172  174  175  174  173  172  172  172  173  174  176  177  177  177  177  177
  176  177  180  179  187  191  192  199  192                                   
    62.5-180.0 180.0   5.0 450.0                            LAT/LON1/LON2/DLON/H
  199  196  195  189  179  175  175  177  181  181  183  183  182  179  175  173
  172  173  176  180  184  187  188  187  184  180  177  174  172  171  170  170
  171  171  171  170  168  164  159  154  150  146  145  146  148  153  158  163
  166  168  169  168  167  166  166  167  170  173  175  178  179  180  180  180
  180  181  184  184  193  198  200  206  199                                   
    60.0-180.0 180.0   5.0 450.0                            LAT/LON1/LON2/DLON/H
  205  205  204  196  186  181  181  181  184  185  186  186  184  180  176  172
  171  171  174  178  182  186  187  187  186  184  183  182  181  181  180  178
  175  172  168  164  159  154  148  142  138  136  135  137  141  146  152  157
  160  162  162  161  161  161  162  164  168  172  176  180  182  183  184  184
  184  186  189  189  198  204  207  213  205                                   
    57.5-180.0 180.0   5.0 450.0                            LAT/LON1/LON2/DLON/H
  212  214  214  206  195  190  189  188  189  188  188  188  185  181  176  172
  170  170  173  177  181  184  186  188  188  189  190  191  192  192  190  185
  179  172  165  157  150  143  137  132  128  127  128  132  136  142  147  151
  153  155  156  156  156  157  159  163  168  174  179  183  186  187  188  189
  188  190  194  194  203  209  214  219  212                                   
    55.0-180.0 180.0   5.0 450.0                            LAT/LON1/LON2/DLON/H
  218  223  224  217  207  202  200  197  196  193  191  189  185  181  176  172
  170  170  172  176  180  183  186  188  190  193  197  201  203  202  198  191
  181  171  160  150  141  134  128  124  122  122  125  129  134  139  142  145
  148  149  150  152  154  157  161  166  172  179  184  188  191  192  193  194
  194  196  200  200  207  213  218  224  218                                   
    52.5-180.0 180.0   5.0 450.0                            LAT/LON1/LON2/DLON/H
  223  231  233  228  220  217  214  209  206  199  194  190  186  181  177  173
  171  171  173  177  180  184  187  189  193  198  203  208  211  210  205  195
  182  169  156  145  135  128  123  120  119  121  124  129  133  137  139  141
  142  144  147  151  155  160  166  173  179  186  191  194  196  198  199  201
  202  204  208  207  213  218  223  228  223                                   
    50.0-180.0 180.0   5.0 450.0                            LAT/LON1/LON2/DLON/H
  229  238  241  239  234  232  230  224  218  208  200  194  188  183  178  175
  173  173  176  180  183  187  189  192  197  202  209  214  217  215  208  196
  182  167  154  142  133  126  122  119  119  122  126  131  134  136  137  137
  138  141  146  152  159  166  174  181  188  194  198  201  203  204  207  210
  212  215  219  218  221  224  228  233  229                                   
    47.5-180.0 180.0   5.0 450.0                            LAT/LON1/LON2/DLON/H
  235  244  248  248  247  247  246  240  232  220  210  201  194  188  183  179
  178  179  181  185  189  192  195  197  201  207  213  218  219  216  207  195
  181  167  154  144  136  129  125  122  123  125  129  133  136  136  135  135
  136  140  147  155  164  173  181  189  196  201  205  208  210  212  215  220
  224  229  233  232  233  233  236  240  235                                   
    45.0-180.0 180.0   5.0 450.0                            LAT/LON1/LON2/DLON/H
  241  249  253  257  259  261  261  256  248  235  223  213  204  197  191  187
  186  187  190  194  198  201  203  205  208  213  217  220  220  215  205  194
  181  169  159  150  142  136  131  128  128  130  134  137  138  137  135  134
  135  140  148  158  169  178  187  195  201  207  211  214  217  220  226  233
  239  245  250  248  248  246  247  250  241                                   
    42.5-180.0 180.0   5.0 450.0                            LAT/LON1/LON2/DLON/H
  248  256  259  263  268  272  275  272  265  253  241  230  220  211  204  199
  197  198  201  205  209  212  213  214  217  220  222  222  220  213  204  194
  184  175  167  160  153  146  140  135  134  136  139  141  142  140  137  135
  137  143  151  161  171  181  189  197  203  209  214  219  224  229  237  246
  254  262  268  267  265  263  262  263  248                                   
    40.0-180.0 180.0   5.0 450.0                            LAT/LON1/LON2/DLON/H
  258  265  267  270  276  281  285  286  283  272  261  251  241  231  222  216
  212  211  214  219  222  224  225  226  227  228  228  226  221  214  206  197
  190  184  179  173  166  158  151  145  142  143  146  148  148  145  142  140
  141  146  154  163  172  180  187  195  202  210  217  224  231  239  248  259
  269  279  286  285  284  281  280  279  258                                   
    37.5-180.0 180.0   5.0 450.0                            LAT/LON1/LON2/DLON/H
  273  278  278  280  285  289  296  300  300  294  285  276  266  255  245  236
  230  228  230  233  237  238  239  239  240  239  237  233  226  219  211  205
  201  197  193  188  180  171  162  155  152  152  155  157  156  153  149  146
  147  150  156  163  170  176  183  191  200  209  219  229  238  248  259  271
  282  293  300  301  302  301  300  298  273                                   
    35.0-180.0 180.0   5.0 450.0                            LAT/LON1/LON2/DLON/H
  292  297  296  294  297  300  308  315  320  317  312  304  294  283  271  259
  250  246  247  249  252  253  254  254  254  253  249  243  236  228  221  217
  214  211  208  202  193  183  173  166  163  164  166  168  167  163  158  154
  153  154  157  161  166  171  178  186  196  208  221  233  245  256  268  280
  292  302  311  313  318  319  321  318  292                                   
    32.5-180.0 180.0   5.0 450.0                            LAT/LON1/LON2/DLON/H
  315  322  320  315  314  317  324  333  341  342  340  334  325  314  300  286
  274  267  265  266  267  268  269  269  269  267  263  256  248  240  234  230
  227  225  220  212  202  192  182  176  173  175  177  179  178  174  168  162
  157  155  155  156  160  165  171  180  192  206  221  235  249  262  274  286
  297  307  317  321  329  335  340  338  315                                   
    30.0-180.0 180.0   5.0 450.0                            LAT/LON1/LON2/DLON/H
  342  351  349  343  339  340  346  355  366  369  369  366  358  347  332  315
  301  291  286  284  284  284  284  285  285  282  277  270  261  253  247  242
  238  232  225  215  204  194  185  181  181  183  187  188  186  181  173  165
  158  152  149  149  152  157  164  174  187  202  218  234  249  263  276  288
  298  309  319  325  336  346  356  357  342                                   
    27.5-180.0 180.0   5.0 450.0                            LAT/LON1/LON2/DLON/H
  369  379  380  375  370  369  374  382  392  397  399  397  392  381  366  348
  331  318  309  305  302  301  301  301  299  296  290  282  272  263  255  248
  241  232  220  208  197  187  181  180  182  186  190  191  189  182  173  163
  153  145  140  139  142  148  157  168  181  196  212  229  245  261  274  287
  297  307  319  326  340  353  367  373  369                                   
    25.0-180.0 180.0   5.0 450.0                            LAT/LON1/LON2/DLON/H
  391  403  407  407  402  401  404  410  420  425  428  429  426  417  404  385
  365  349  336  328  323  320  318  316  312  306  298  288  277  267  256  245
  233  220  205  191  180  172  169  171  175  181  185  186  183  176  165  154
  143  134  128  127  132  141  152  164  177  191  206  223  240  256  271  284
  295  306  318  327  342  357  375  385  391                                   
    22.5-180.0 180.0   5.0 450.0                            LAT/LON1/LON2/DLON/H
  405  417  427  433  430  430  433  438  445  451  455  458  458  453  441  423
  403  383  367  355  346  340  334  329  321  312  300  287  273  260  246  232
  216  199  182  168  158  152  152  155  161  168  172  173  169  161  151  139
  128  119  115  116  123  135  149  163  176  188  202  218  235  251  268  282
  295  307  320  329  344  359  379  393  405                                   
    20.0-180.0 180.0   5.0 450.0                            LAT/LON1/LON2/DLON/H
  408  421  434  448  448  451  455  460  467  472  477  483  487  486  478  462
  441  420  401  385  371  360  349  339  326  310  293  276  260  244  227  209
  191  172  156  143  134  130  131  135  142  148  152  152  148  141  131  121
  112  104  101  105  116  131  148  162  175  187  199  214  231  248  266  283
  298  312  326  335  348  362  381  398  408                                   
    17.5-180.0 180.0   5.0 450.0                            LAT/LON1/LON2/DLON/H
  402  414  430  449  454  460  466  472  479  485  492  500  508  512  508  495
  476  455  434  414  395  378  361  344  324  302  279  258  238  220  201  183
  164  146  132  121  115  113  114  117  121  126  130  129  125  119  112  104
   96   91   90   96  110  127  145  161  174  185  197  211  228  247  268  287
  304  320  335  345  355  366  382  400  402                                   
    15.0-180.0 180.0   5.0 450.0                            LAT/LON1/LON2/DLON/H
  392  402  418  438  448  457  465  473  481  488  497  507  519  527  528  519
  503  483  461  438  415  391  367  342  315  286  258  233  212  193  174  157
  140  127  116  109  105  103  102  103  105  108  109  109  105  100   94   89
   83   80   81   89  103  121  140  156  169  181  193  209  227  249  271  294
  314  332  348  357  366  372  386  402  392                                   
    12.5-180.0 180.0   5.0 450.0                            LAT/LON1/LON2/DLON/H
  382  390  404  422  434  444  454  463  473  481  490  502  516  528  532  529
  517  500  479  454  426  396  365  333  299  264  232  206  185  167  151  137
  126  117  110  106  103  101   98   96   95   95   95   94   91   86   82   78
   75   73   75   82   96  113  131  147  162  175  189  207  228  252  277  302
  325  345  362  371  378  381  393  406  382                                   
    10.0-180.0 180.0   5.0 450.0                            LAT/LON1/LON2/DLON/H
  378  385  395  409  422  431  440  449  458  465  474  486  500  513  520  521
  514  501  482  457  426  391  354  316  276  238  206  180  162  147  136  127
  120  116  114  112  110  107  101   96   92   90   89   87   83   79   76   72
   69   68   70   76   88  103  120  137  152  168  186  206  230  256  284  311
  335  357  375  385  392  394  403  415  378                                   
     7.5-180.0 180.0   5.0 450.0                            LAT/LON1/LON2/DLON/H
  383  391  397  405  416  423  430  436  442  447  453  463  475  486  494  497
  494  485  469  445  413  375  334  291  249  212  181  160  146  137  130  126
