data/edconvlstm_nd/pred1750.15i
     1.0            IONOSPHERE MAPS     GNSS                IONEX VERSION / TYPE
pyspatialgeodesy        IME             05-JAN-18 20:20     PGM / RUN BY / DATE 
Map Name                                                    COMMENT             
Predicted global ionosphere maps (GIM).                     DESCRIPTION         
  2015     6    24     0     0     0                        EPOCH OF FIRST MAP  
  2015     6    25     0     0     0                        EPOCH OF LAST MAP   
  7200                                                      INTERVAL            
    13                                                      # OF MAPS IN FILE   
  NONE                                                      MAPPING FUNCTION    
10.0                                                        ELEVATION CUTOFF    
One-way carrier phase leveled to code                       OBSERVABLES USED    
  6371.0                                                    BASE RADIUS         
 2                                                          MAP DIMENSION       
   450.0 450.0   0.0                                        HGT1 / HGT2 / DHGT  
    87.5 -87.5  -2.5                                        LAT1 / LAT2 / DLAT  
  -180.0 180.0   5.0                                        LON1 / LON2 / DLON  
    -1                                                      EXPONENT            
                                                            END OF HEADER       
[from data line 5148]
    13                                                      START OF TEC MAP    
  2015     6    25     0     0     0                        EPOCH OF CURRENT MAP
    87.5-180.0 180.0   5.0 450.0                            LAT/LON1/LON2/DLON/H
  127  125  131  125  124  124  122  120  121  120  120  121  121  120  120  120
  120  119  119  118  117  116  115  114  113  112  110  109  108  107  106  105
  104  103  102  101  101  100  100  100  100  100  100  101  101  102  102  103
  103  104  105  105  106  106  107  108  108  109  110  110  111  111  112  113
  114  115  115  115  113  116  122  123  127                                   
    85.0-180.0 180.0   5.0 450.0                            LAT/LON1/LON2/DLON/H
  135  134  119  124  130  131  128  126  127  126  126  126  126  126  125  125
  124  124  123  122  121  119  118  116  115  113  111  110  108  106  105  103
  102  101   99   99   98   97   97   97   97   97   98   98   99  100  100  101
  102  103  104  105  106  107  108  109  110  111  112  113  114  115  116  117
  119  120  121  124  121  129  132  131  135                                   
    82.5-180.0 180.0   5.0 450.0                            LAT/LON1/LON2/DLON/H
  136  127  134  133  135  137  134  133  134  133  133  133  133  133  132  132
  131  130  128  127  126  124  122  120  118  115  113  111  108  106  104  102
  100   98   96   95   94   93   93   93   93   93   94   95   96   97   98  100
  101  102  104  105  107  108  110  111  113  114  116  117  118  120  121  123
  124  126  126  125  128  120  124  126  136                                   
    80.0-180.0 180.0   5.0 450.0                            LAT/LON1/LON2/DLON/H
  143  134  129  128  133  134  135  135  136  135  135  135  135  134  133  132
  131  130  129  127  125  123  120  118  115  112  109  106  103  100   97   95
   93   91   89   88   87   86   86   86   86   87   88   90   92   94   96   98
  100  102  104  106  108  109  111  112  114  115  117  118  120  121  122  124
  125  125  125  123  136  128  135  140  143                                   
    77.5-180.0 180.0   5.0 450.0                            LAT/LON1/LON2/DLON/H
  152  139  130  135  133  134  136  138  139  138  139  139  139  138  137  136
  134  133  131  129  127  124  121  118  115  111  108  104  101   98   95   93
   91   89   88   87   86   86   86   86   87   88   90   92   95   98  101  104
  107  110  112  114  116  118  119  120  122  123  124  125  125  126  127  129
  129  131  129  129  136  137  138  148  152                                   
    75.0-180.0 180.0   5.0 450.0                            LAT/LON1/LON2/DLON/H
  154  135  129  135  132  132  133  134  137  136  137  138  137  137  135  134
  132  131  129  126  124  121  118  114  110  106  102   98   94   92   89   88
   87   86   86   85   85   85   85   85   86   87   89   92   95   98  102  106
  110  113  116  118  120  121  122  123  123  124  124  125  125  125  126  127
  126  128  128  122  129  136  135  145  154                                   
    72.5-180.0 180.0   5.0 450.0                            LAT/LON1/LON2/DLON/H
  141  129  125  128  125  124  126  128  132  132  134  135  135  134  132  131
  129  126  124  122  119  116  112  108  103   99   94   90   87   85   84   84
   84   85   85   85   85   84   84   84   84   85   87   90   93   97  102  106
  110  113  116  118  119  120  121  121  121  121  122  122  122  122  123  124
  123  124  126  122  123  128  133  145  141                                   
    70.0-180.0 180.0   5.0 450.0                            LAT/LON1/LON2/DLON/H
  138  124  121  125  123  123  125  128  133  134  136  137  138  137  135  133
  131  128  126  123  120  117  112  107  102   96   91   87   84   83   83   85
   86   88   89   90   89   89   88   87   87   87   89   91   95   99  104  109
  113  116  119  120  121  121  121  122  122  122  122  122  123  123  123  125
  124  124  127  124  125  129  132  143  138                                   
    67.5-180.0 180.0   5.0 450.0                            LAT/LON1/LON2/DLON/H
  138  125  120  123  121  120  122  125  130  133  135  138  138  138  136  134
  131  129  126  123  120  116  111  105   99   93   87   83   81   81   83   85
   88   91   92   93   92   90   88   87   85   85   86   88   92   96  101  105
  110  113  115  116  116  116  116  116  117  117  118  119  120  120  121  123
  122  123  126  123  126  129  131  142  138                                   
    65.0-180.0 180.0   5.0 450.0                            LAT/LON1/LON2/DLON/H
  140  126  122  123  121  119  120  124  130  133  136  139  141  141  140  138
  135  132  129  126  123  119  114  107  100   94   88   85   83   84   87   90
   93   96   97   97   96   93   90   87   85   84   85   86   89   93   98  102
  106  108  110  110  110  110  109  110  111  113  115  117  119  119  121  122
  122  124  128  125  129  133  135  146  140                                   
    62.5-180.0 180.0   5.0 450.0                            LAT/LON1/LON2/DLON/H
  146  133  129  128  126  122  123  125  131  134  137  141  144  145  144  143
  140  137  135  132  129  125  119  113  106   99   94   91   90   92   95   99
  102  104  104  102  100   96   92   89   86   84   84   85   88   91   95   98
  101  103  104  104  103  103  103  105  107  110  113  116  119  121  122  124
  124  127  131  130  134  140  142  152  146                                   
    60.0-180.0 180.0   5.0 450.0                            LAT/LON1/LON2/DLON/H
  153  143  139  137  134  128  127  128  132  134  137  141  144  146  147  146
  144  142  140  138  135  131  126  119  113  107  102  100  101  103  106  109
  110  110  109  106  102   98   93   89   86   84   84   84   86   88   91   94
   96   98   98   98   97   97   98  100  103  108  112  117  120  122  124  126
  126  129  134  134  140  147  149  159  153                                   
    57.5-180.0 180.0   5.0 450.0                            LAT/LON1/LON2/DLON/H
  162  155  152  149  145  138  135  134  135  135  137  140  144  146  148  148
  147  146  144  142  140  137  132  126  120  115  112  111  113  115  117  118
  118  115  112  107  103   98   94   91   88   86   84   84   85   87   89   91
   92   94   94   94   94   94   96   98  103  108  113  118  122  124  126  128
  129  132  138  138  145  154  156  166  162                                   
    55.0-180.0 180.0   5.0 450.0                            LAT/LON1/LON2/DLON/H
  171  167  165  163  160  151  147  143  141  138  138  140  142  145  147  148
  148  147  146  145  144  141  137  132  127  124  122  122  124  126  127  126
  123  118  113  108  103   99   96   93   90   88   86   85   85   86   87   88
   90   91   92   93   94   95   97  100  105  111  117  122  126  128  130  132
  132  136  142  143  150  160  162  173  171                                   
    52.5-180.0 180.0   5.0 450.0                            LAT/LON1/LON2/DLON/H
  180  178  177  177  175  167  162  155  150  144  141  140  141  142  144  145
  146  146  146  146  145  143  140  136  132  129  129  130  133  134  134  131
  125  119  113  107  104  101   98   96   93   91   88   87   86   85   86   87
   89   91   93   95   96   99  102  106  111  117  123  127  131  133  134  136
  137  140  147  147  154  164  166  178  180                                   
    50.0-180.0 180.0   5.0 450.0                            LAT/LON1/LON2/DLON/H
  186  186  187  190  190  183  179  170  163  153  147  144  142  142  142  142
  143  144  144  145  145  143  141  137  134  133  133  135  138  139  137  133
  126  120  113  109  106  104  103  100   98   94   92   89   87   86   86   88
   90   92   95   99  102  106  110  114  120  125  131  135  138  139  141  142
  143  146  153  153  159  168  169  182  186                                   
    47.5-180.0 180.0   5.0 450.0                            LAT/LON1/LON2/DLON/H
  191  190  192  199  202  197  195  187  178  167  158  151  147  143  142  141
  141  141  142  144  144  143  141  138  135  134  135  137  140  140  138  134
  128  122  117  114  112  111  109  107  103   99   95   92   89   88   88   89
   92   95   99  104  108  114  119  125  130  136  140  144  146  147  149  151
  151  155  161  160  164  170  171  185  191                                   
    45.0-180.0 180.0   5.0 450.0                            LAT/LON1/LON2/DLON/H
  194  192  194  204  211  208  208  202  195  183  172  163  155  149  144  141
  140  140  142  144  145  144  142  139  137  136  137  139  141  141  139  136
  131  127  124  122  121  120  118  115  110  105  100   96   93   91   91   92
   94   98  103  108  114  121  128  135  142  147  151  154  156  157  159  161
  162  166  172  169  171  174  173  188  194                                   
    42.5-180.0 180.0   5.0 450.0                            LAT/LON1/LON2/DLON/H
  196  192  195  206  216  216  218  215  210  199  189  178  168  158  150  145
  142  142  144  146  147  147  145  143  140  139  140  142  143  143  142  140
  138  135  134  134  133  132  129  124  119  112  107  102   98   96   95   96
   98  101  106  111  119  127  136  144  152  158  162  165  167  169  171  174
  176  180  185  181  180  180  178  194  196                                   
    40.0-180.0 180.0   5.0 450.0                            LAT/LON1/LON2/DLON/H
  200  194  197  208  219  220  225  225  223  216  206  195  183  171  160  152
  148  147  148  150  152  152  151  149  147  146  146  147  148  149  149  148
  148  148  148  148  147  145  141  135  128  121  115  110  105  103  101  100
  101  103  107  112  120  130  140  151  160  168  173  177  179  182  185  189
  191  195  200  193  190  188  185  201  200                                   
    37.5-180.0 180.0   5.0 450.0                            LAT/LON1/LON2/DLON/H
  208  200  202  211  223  225  231  233  235  230  223  213  200  186  173  162
  156  155  156  158  160  160  159  158  157  156  156  157  158  159  159  160
  161  163  163  163  161  157  151  145  138  131  124  119  114  110  107  105
  104  104  106  111  119  129  142  154  166  175  183  188  192  196  200  205
  207  211  214  206  203  199  196  213  208                                   
    35.0-180.0 180.0   5.0 450.0                            LAT/LON1/LON2/DLON/H
  220  212  212  219  229  232  238  242  246  244  239  231  218  203  188  176
  169  166  166  168  170  171  170  170  169  169  170  171  171  172  172  174
  175  176  176  174  171  165  159  153  146  140  134  128  123  118  113  109
  106  104  104  108  115  127  141  155  169  180  190  198  204  210  215  220
  222  225  227  218  215  211  209  227  220                                   
    32.5-180.0 180.0   5.0 450.0                            LAT/LON1/LON2/DLON/H
  235  228  227  232  240  242  248  252  257  257  255  248  236  221  205  192
  184  180  180  181  182  183  183  183  184  185  186  186  186  186  185  186
  186  186  184  180  175  169  163  157  152  146  141  135  130  124  118  112
  107  102  101  104  111  123  137  153  168  183  195  206  215  222  229  234
  236  237  238  228  226  225  225  242  235                                   
    30.0-180.0 180.0   5.0 450.0                            LAT/LON1/LON2/DLON/H
  253  249  246  249  256  258  263  266  272  273  272  266  256  241  225  212
  202  197  195  194  195  195  196  197  198  200  201  201  200  198  196  194
  192  190  186  179  173  166  161  157  153  149  144  139  133  127  120  113
  106  100   98  100  107  118  133  150  167  183  198  211  223  232  240  245
  246  247  246  236  235  237  240  258  253                                   
    27.5-180.0 180.0   5.0 450.0                            LAT/LON1/LON2/DLON/H
  270  269  267  270  276  279  283  285  290  291  291  286  277  263  248  233
  222  215  211  209  207  207  207  209  211  213  214  213  210  205  200  196
  192  186  179  170  163  157  153  150  148  145  142  138  132  126  119  111
  103   97   94   95  102  113  128  145  163  182  200  216  229  240  249  254
  255  254  252  242  243  248  253  273  270                                   
    25.0-180.0 180.0   5.0 450.0                            LAT/LON1/LON2/DLON/H
  284  287  287  291  298  302  306  308  312  313  313  309  301  288  272  257
  244  235  228  223  219  217  217  218  221  222  222  219  214  206  199  191
  183  174  164  154  146  141  139  138  137  136  134  131  126  121  114  106
   98   92   89   91   97  108  123  140  160  180  200  219  234  247  256  262
  262  261  258  248  248  256  264  286  284                                   
    22.5-180.0 180.0   5.0 450.0                            LAT/LON1/LON2/DLON/H
  294  298  302  310  318  324  331  333  337  338  337  334  326  314  298  281
  266  254  245  236  230  225  224  225  226  226  224  219  210  200  189  177
  166  155  143  133  125  122  121  122  122  122  121  119  116  112  106   99
   92   86   84   86   92  103  118  136  156  178  200  221  239  253  263  270
  270  268  265  255  253  261  272  296  294                                   
    20.0-180.0 180.0   5.0 450.0                            LAT/LON1/LON2/DLON/H
  299  303  310  323  333  342  351  356  360  361  361  359  352  340  324  306
  288  273  260  249  239  232  229  227  227  224  219  210  199  185  171  158
  144  132  120  110  105  103  103  104  105  105  105  105  104  102   97   90
   83   78   77   79   87   98  113  131  152  176  200  222  242  258  270  278
  279  278  274  263  259  265  278  304  299                                   
    17.5-180.0 180.0   5.0 450.0                            LAT/LON1/LON2/DLON/H
  300  303  313  330  342  353  364  372  378  380  381  380  375  364  348  328
  308  291  275  261  248  238  232  228  224  218  208  195  180  165  149  135
  121  109   98   91   87   87   89   90   90   91   91   93   93   91   87   81
   74   70   69   73   81   93  108  127  149  174  199  223  244  262  277  287
  290  289  286  273  267  269  283  312  300                                   
    15.0-180.0 180.0   5.0 450.0                            LAT/LON1/LON2/DLON/H
  301  301  312  332  345  357  369  379  387  391  394  394  391  381  366  346
  325  305  288  271  256  243  234  226  218  207  192  176  158  142  127  113
  101   90   83   80   79   80   82   83   82   82   83   85   86   84   80   73
   66   62   62   66   75   88  104  124  147  172  198  223  246  266  283  295
  301  302  299  286  277  276  290  322  301                                   
    12.5-180.0 180.0   5.0 450.0                            LAT/LON1/LON2/DLON/H
  306  303  314  332  345  356  368  379  389  394  398  399  398  390  376  356
  335  315  297  279  261  247  234  223  210  193  174  155  137  121  108   96
   88   81   77   76   78   81   83   83   82   81   81   83   83   81   75   67
   60   56   55   60   70   84  101  122  145  171  197  223  247  269  288  303
  312  315  314  301  292  287  300  335  306                                   
    10.0-180.0 180.0   5.0 450.0                            LAT/LON1/LON2/DLON/H
  317  312  321  337  347  355  365  375  385  390  394  396  395  389  377  358
  338  318  300  282  264  247  232  217  200  180  158  137  120  107   96   89
   84   81   80   81   85   88   90   90   88   86   85   85   83   79   72   64
   56   52   51   56   66   81   98  120  143  169  196  222  247  271  292  309
  320  327  327  317  309  303  316  353  317                                   
     7.5-180.0 180.0   5.0 450.0                            LAT/LON1/LON2/DLON/H
  336  330  338  350  356  360  366  373  380  383  385  387  386  381  369  352
  333  314  296  279  261  243  227  210  190  168  145  126  111  100   94   90
