data/edconvlstm_nd/pred0260.15i
     1.0            IONOSPHERE MAPS     GNSS                IONEX VERSION / TYPE
pyspatialgeodesy        IME             05-JAN-18 20:20     PGM / RUN BY / DATE 
Map Name                                                    COMMENT             
Predicted global ionosphere maps (GIM).                     DESCRIPTION         
  2015     1    26     0     0     0                        EPOCH OF FIRST MAP  
  2015     1    27     0     0     0                        EPOCH OF LAST MAP   
  7200                                                      INTERVAL            
    13                                                      # OF MAPS IN FILE   
  NONE                                                      MAPPING FUNCTION    
10.0                                                        ELEVATION CUTOFF    
One-way carrier phase leveled to code                       OBSERVABLES USED    
  6371.0                                                    BASE RADIUS         
 2                                                          MAP DIMENSION       
   450.0 450.0   0.0                                        HGT1 / HGT2 / DHGT  
    87.5 -87.5  -2.5                                        LAT1 / LAT2 / DLAT  
  -180.0 180.0   5.0                                        LON1 / LON2 / DLON  
    -1                                                      EXPONENT            
                                                            END OF HEADER       
[from data line 4290]
    11                                                      START OF TEC MAP    
  2015     1    26    20     0     0                        EPOCH OF CURRENT MAP
    87.5-180.0 180.0   5.0 450.0                            LAT/LON1/LON2/DLON/H
   88   87   79   81   85   83   82   79   81   84   85   87   89   91   93   94
   96   97   98   99  100  100  100  100  100  100  100   99   99   99   98   98
   98   98   98   98   98   98   98   98   98   98   98   97   97   97   97   96
   96   95   95   94   93   93   92   91   90   88   87   86   85   83   82   81
   80   78   73   70   75   75   93   97   88                                   
    85.0-180.0 180.0   5.0 450.0                            LAT/LON1/LON2/DLON/H
   90   83   90   71   72   75   74   77   78   82   83   86   89   91   94   96
   98   99  101  102  102  103  103  103  103  103  103  102  102  102  102  102
  101  101  101  101  102  102  102  102  102  102  102  102  102  102  101  101
  101  100  100   99   98   97   96   94   93   92   90   88   87   85   83   81
   80   77   71   66   69   71   78   76   90                                   
    82.5-180.0 180.0   5.0 450.0                            LAT/LON1/LON2/DLON/H
   68   63   64   56   60   64   66   68   71   75   78   82   86   90   93   96
   98  100  101  102  102  102  101  101  100   99   98   98   97   96   96   95
   95   95   95   96   96   96   96   97   97   97   97   97   97   97   97   97
   97   96   96   95   94   93   92   91   90   88   86   84   82   80   78   75
   73   69   64   61   64   73   67   66   68                                   
    80.0-180.0 180.0   5.0 450.0                            LAT/LON1/LON2/DLON/H
   40   39   46   40   44   43   50   54   59   65   71   77   82   86   91   94
   97   98   99   99   98   96   95   93   91   89   87   85   84   83   82   82
   82   82   82   82   83   83   84   84   85   85   85   86   86   86   86   86
   86   86   86   85   85   84   83   81   80   78   76   74   72   69   67   64
   61   58   54   53   51   54   47   55   40                                   
    77.5-180.0 180.0   5.0 450.0                            LAT/LON1/LON2/DLON/H
   43   37   38   35   41   42   49   55   61   67   74   82   89   95  100  104
  106  108  107  106  104  101   98   94   91   87   84   81   79   77   76   75
   75   75   75   76   76   76   77   77   77   77   77   77   77   77   77   77
   78   78   79   79   78   78   77   76   74   72   71   69   66   64   62   59
   56   53   50   48   46   45   42   52   43                                   
    75.0-180.0 180.0   5.0 450.0                            LAT/LON1/LON2/DLON/H
   35   34   36   35   42   46   53   60   68   77   85   93  101  107  112  116
  118  118  117  114  110  105  100   94   89   84   80   76   73   70   68   67
   66   66   66   66   67   67   67   68   68   67   67   67   66   66   67   67
   68   69   69   70   70   70   69   68   67   65   64   63   61   60   59   57
   55   55   53   49   46   43   38   39   35                                   
    72.5-180.0 180.0   5.0 450.0                            LAT/LON1/LON2/DLON/H
   49   47   48   53   56   62   71   78   85   94  102  111  119  126  131  134
  135  134  131  126  120  113  105   98   91   84   78   73   68   64   61   59
   58   57   56   56   57   57   57   57   57   56   55   55   54   54   54   54
   55   57   58   59   59   59   59   58   57   56   55   55   54   54   54   54
   53   53   52   48   45   43   41   47   49                                   
    70.0-180.0 180.0   5.0 450.0                            LAT/LON1/LON2/DLON/H
   57   59   62   68   73   80   88   97  106  116  124  133  140  147  151  154
  154  152  148  143  135  127  118  109  100   92   85   78   72   66   62   58
   55   52   51   50   49   49   49   49   49   48   47   46   45   45   45   45
   47   48   49   51   51   52   51   51   50   49   49   49   50   51   52   54
   54   55   56   54   53   52   53   58   57                                   
    67.5-180.0 180.0   5.0 450.0                            LAT/LON1/LON2/DLON/H
   73   75   79   88   95  104  114  124  132  140  148  156  163  169  173  176
  176  173  168  161  153  143  133  123  113  103   94   85   77   70   63   57
   52   48   45   43   42   41   41   41   41   40   40   38   37   37   37   37
   38   40   42   43   44   45   45   44   44   44   44   44   46   47   50   52
   53   55   56   55   53   55   54   60   73                                   
    65.0-180.0 180.0   5.0 450.0                            LAT/LON1/LON2/DLON/H
   76   82   88  100  109  120  131  142  151  160  167  175  181  187  191  193
  193  191  186  179  171  161  150  139  128  117  106   96   86   76   67   59
   51   45   40   36   34   33   32   32   33   33   32   31   30   30   29   29
   30   32   34   35   37   38   39   39   39   38   39   40   41   43   45   48
   49   52   54   55   55   59   59   67   76                                   
    62.5-180.0 180.0   5.0 450.0                            LAT/LON1/LON2/DLON/H
   78   85   93  107  120  134  147  159  168  176  184  191  197  202  207  210
  211  210  205  198  189  179  168  156  144  132  120  108   96   84   72   61
   51   43   35   30   27   26   26   26   27   28   28   28   27   26   25   25
   25   26   28   30   32   34   35   36   37   37   37   38   39   41   42   44
   45   46   48   48   49   53   54   62   78                                   
    60.0-180.0 180.0   5.0 450.0                            LAT/LON1/LON2/DLON/H
   73   82   92  108  124  140  155  169  180  188  196  202  208  214  219  223
  226  225  221  214  205  195  183  171  159  146  133  120  107   93   80   67
   54   43   34   28   24   22   22   23   25   26   27   27   27   25   24   22
   22   23   24   26   29   32   34   36   37   38   38   39   39   40   40   41
   40   40   41   41   42   48   50   59   73                                   
    57.5-180.0 180.0   5.0 450.0                            LAT/LON1/LON2/DLON/H
   67   78   90  108  127  145  163  179  190  199  207  212  218  224  229  235
  238  238  235  228  218  207  196  184  171  159  146  132  118  104   89   74
   61   48   38   30   26   24   24   26   28   31   32   33   32   30   28   26
   24   24   25   27   30   34   37   40   42   43   43   43   43   43   42   41
   39   38   38   37   37   43   46   56   67                                   
    55.0-180.0 180.0   5.0 450.0                            LAT/LON1/LON2/DLON/H
   66   79   92  112  132  152  172  189  202  211  218  222  227  232  238  244
  248  248  244  237  227  216  204  193  181  169  156  143  129  114   99   84
   70   57   46   38   34   32   32   34   37   40   42   43   42   40   36   33
   31   30   30   32   35   39   43   47   50   51   51   51   50   49   47   45
   42   40   39   37   37   42   45   57   66                                   
    52.5-180.0 180.0   5.0 450.0                            LAT/LON1/LON2/DLON/H
   71   84   99  119  142  164  185  202  215  223  229  232  235  239  244  250
  254  254  249  241  231  220  209  199  188  177  165  152  139  125  110   95
   81   68   58   51   47   45   46   48   50   53   55   56   55   53   49   46
   43   41   41   42   45   49   53   57   60   61   61   60   59   57   55   53
   49   47   45   44   43   48   51   62   71                                   
    50.0-180.0 180.0   5.0 450.0                            LAT/LON1/LON2/DLON/H
   83   97  114  134  157  180  201  218  230  238  242  243  244  246  250  255
  258  257  252  243  233  223  213  205  196  186  175  162  149  134  119  105
   91   80   71   66   63   62   62   63   65   67   69   71   70   68   65   61
   58   56   55   56   58   62   65   69   71   72   71   70   68   66   65   62
   59   57   57   56   55   59   62   73   83                                   
    47.5-180.0 180.0   5.0 450.0                            LAT/LON1/LON2/DLON/H
  100  114  132  152  175  198  218  235  247  254  256  256  254  254  256  258
  260  258  252  243  234  226  219  212  205  197  186  172  158  142  126  111
   98   88   82   79   78   78   78   78   79   80   82   83   83   82   80   77
   74   73   72   72   73   76   78   80   81   81   79   77   75   74   73   72
   69   69   69   70   70   75   79   88  100                                   
    45.0-180.0 180.0   5.0 450.0                            LAT/LON1/LON2/DLON/H
  118  131  150  169  192  214  233  251  261  269  271  269  265  262  262  262
  262  259  253  244  237  231  227  223  217  209  197  182  165  146  128  112
  100   92   88   87   89   90   90   90   89   89   90   92   93   92   91   90
   89   88   88   88   88   89   89   89   89   87   84   82   81   80   80   79
   77   78   79   82   84   89   95  104  118                                   
    42.5-180.0 180.0   5.0 450.0                            LAT/LON1/LON2/DLON/H
  131  143  162  182  204  225  244  261  272  281  283  281  276  272  269  268
  266  262  256  249  243  240  238  236  231  222  208  189  168  146  125  108
   96   89   88   91   95   97   98   96   95   94   95   96   97   98   98   98
   99  100  100  100   99   98   97   96   93   90   87   84   83   83   84   83
   81   82   84   88   92   98  105  116  131                                   
    40.0-180.0 180.0   5.0 450.0                            LAT/LON1/LON2/DLON/H
  137  148  167  188  209  230  248  265  277  288  293  292  288  282  278  276
  273  268  263  257  254  252  252  250  244  232  215  193  168  143  120  102
   90   85   87   92   98  102  102  100   97   96   96   97   98   99  100  101
  103  105  107  107  106  104  101   98   95   91   87   85   84   84   84   83
   81   80   81   85   91   99  107  122  137                                   
    37.5-180.0 180.0   5.0 450.0                            LAT/LON1/LON2/DLON/H
  135  147  166  187  209  228  246  263  278  292  299  301  298  294  289  286
  283  279  274  270  267  266  265  261  253  239  219  194  167  139  115   98
   87   85   89   96  103  107  106  103  100   97   97   98   98   99   99  100
  103  105  107  108  107  105  102   98   94   90   87   85   85   84   84   81
   76   74   74   77   82   92  101  120  135                                   
    35.0-180.0 180.0   5.0 450.0                            LAT/LON1/LON2/DLON/H
  130  143  163  184  206  224  242  260  277  293  304  309  308  305  301  298
  295  292  288  284  282  280  276  269  259  242  221  196  168  142  119  103
   95   95  100  108  114  117  115  110  105  102  101  100  100   99   98   98
  100  102  104  105  105  103  101   97   93   90   87   86   85   84   82   78
   71   67   65   66   70   81   91  113  130                                   
    32.5-180.0 180.0   5.0 450.0                            LAT/LON1/LON2/DLON/H
  126  141  163  184  206  222  240  257  276  293  307  315  317  316  313  311
  308  306  302  299  295  290  283  273  260  244  225  202  177  154  134  121
  117  119  125  132  135  134  130  123  116  112  109  108  106  103  101   99
   98   99  100  101  102  101  100   97   93   90   88   88   87   86   83   77
   69   62   59   59   61   72   84  108  126                                   
    30.0-180.0 180.0   5.0 450.0                            LAT/LON1/LON2/DLON/H
  128  147  170  190  213  226  244  259  278  296  312  321  325  326  324  323
  321  318  315  310  304  295  285  273  261  248  234  217  198  179  165  157
  156  159  165  168  167  161  151  141  132  126  123  120  117  113  108  104
  101   99   99   99  101  101  101   99   96   93   92   91   91   89   85   79
   70   64   60   58   61   71   84  109  128                                   
    27.5-180.0 180.0   5.0 450.0                            LAT/LON1/LON2/DLON/H
  140  163  188  206  229  241  256  269  285  302  318  328  333  335  335  334
  332  329  325  318  309  298  285  274  265  258  251  242  231  219  211  209
  211  215  217  214  205  192  177  163  152  144  139  135  131  126  121  115
  109  105  103  102  104  105  106  104  101   98   96   96   95   93   90   85
   77   72   69   68   70   81   94  119  140                                   
    25.0-180.0 180.0   5.0 450.0                            LAT/LON1/LON2/DLON/H
  161  188  215  232  255  265  278  287  299  313  326  336  342  344  345  344
  342  338  332  324  313  300  288  279  277  278  280  280  277  273  271  274
  277  279  274  262  244  222  201  184  170  161  154  150  146  142  137  130
  123  117  113  111  112  114  114  112  108  104  101  100   99   98   96   93
   87   86   84   85   89  101  112  136  161                                   
    22.5-180.0 180.0   5.0 450.0                            LAT/LON1/LON2/DLON/H
  190  218  246  263  288  297  307  312  319  328  338  346  352  355  356  355
  352  347  340  330  318  306  297  294  299  309  321  329  334  335  338  342
  344  338  324  301  274  245  219  198  183  172  164  160  157  155  153  148
  141  133  127  125  125  126  125  121  115  109  105  103  102  101  100  100
   98  101  101  106  112  124  136  158  190                                   
    20.0-180.0 180.0   5.0 450.0                            LAT/LON1/LON2/DLON/H
  220  247  276  295  322  332  340  341  344  348  354  360  365  369  371  370
  367  361  353  342  331  321  316  320  333  352  371  386  395  399  401  401
  395  380  355  323  288  255  226  204  187  175  167  163  162  164  165  163
  158  151  144  140  139  139  137  131  122  113  107  103  102  101  102  104
  106  114  116  125  133  147  161  182  220                                   
    17.5-180.0 180.0   5.0 450.0                            LAT/LON1/LON2/DLON/H
  243  270  300  322  352  363  372  371  371  371  374  379  385  390  392  392
  388  382  374  365  355  348  348  359  378  404  428  444  451  452  447  438
  421  395  362  324  286  252  224  201  184  171  163  159  161  166  171  173
  171  166  160  155  153  151  147  138  127  115  107  102  100  100  102  106
  110  121  125  138  148  163  180  202  243                                   
    15.0-180.0 180.0   5.0 450.0                            LAT/LON1/LON2/DLON/H
  255  281  313  339  372  387  398  397  397  397  399  405  411  417  421  421
  418  413  406  399  392  389  394  408  432  459  481  493  493  485  470  450
  422  389  350  310  273  241  215  195  178  165  157  153  156  163  171  177
  178  175  171  167  164  161  155  144  130  117  106  100   98   98  101  106
  111  122  128  141  154  172  191  216  255                                   
    12.5-180.0 180.0   5.0 450.0                            LAT/LON1/LON2/DLON/H
  255  282  316  345  380  399  414  417  420  422  427  435  444  452  457  458
  457  453  449  445  441  441  448  465  487  509  523  524  513  495  471  441
  407  368  328  289  256  229  208  191  176  163  154  150  152  159  169  176
  180  179  176  173  170  167  160  148  133  118  107  100   98   98  101  105
  110  120  126  138  153  173  195  221  255                                   
    10.0-180.0 180.0   5.0 450.0                            LAT/LON1/LON2/DLON/H
  246  277  312  341  379  402  422  430  439  446  456  467  480  490  497  500
  501  501  500  499  498  500  508  521  536  547  547  535  514  487  457  422
  384  344  306  273  246  225  209  195  182  170  160  155  155  160  167  174
  178  179  177  175  173  169  162  151  137  122  111  104  101  102  104  107
  109  117  123  133  149  172  195  222  246                                   
     7.5-180.0 180.0   5.0 450.0                            LAT/LON1/LON2/DLON/H
  237  271  306  335  373  399  425  439  454  468  483  499  514  526  535  541
  546  549  552  555  556  559  563  569  572  568  553  530  502  471  439  403
