data/edconvlstm_nd/pred0780.15i
     1.0            IONOSPHERE MAPS     GNSS                IONEX VERSION / TYPE
pyspatialgeodesy        IME             05-JAN-18 20:20     PGM / RUN BY / DATE 
Map Name                                                    COMMENT             
Predicted global ionosphere maps (GIM).                     DESCRIPTION         
  2015     3    19     0     0     0                        EPOCH OF FIRST MAP  
  2015     3    20     0     0     0                        EPOCH OF LAST MAP   
  7200                                                      INTERVAL            
    13                                                      # OF MAPS IN FILE   
  NONE                                                      MAPPING FUNCTION    
10.0                                                        ELEVATION CUTOFF    
One-way carrier phase leveled to code                       OBSERVABLES USED    
  6371.0                                                    BASE RADIUS         
 2                                                          MAP DIMENSION       
   450.0 450.0   0.0                                        HGT1 / HGT2 / DHGT  
    87.5 -87.5  -2.5                                        LAT1 / LAT2 / DLAT  
  -180.0 180.0   5.0                                        LON1 / LON2 / DLON  
    -1                                                      EXPONENT            
                                                            END OF HEADER       
[from data line 1716]
     5                                                      START OF TEC MAP    
  2015     3    19     8     0     0                        EPOCH OF CURRENT MAP
    87.5-180.0 180.0   5.0 450.0                            LAT/LON1/LON2/DLON/H
   69   68   68   71   74   71   68   64   65   65   65   65   64   64   63   62
   61   60   59   58   57   56   56   55   54   53   53   52   52   51   51   51
   51   51   51   52   52   53   53   54   55   57   58   60   61   63   64   66
   67   68   69   70   70   71   71   71   71   72   72   72   72   72   72   72
   73   74   72   70   75   75   82   81   69                                   
    85.0-180.0 180.0   5.0 450.0                            LAT/LON1/LON2/DLON/H
   65   78   81   75   78   77   77   75   76   76   76   76   76   75   75   74
   73   72   71   70   69   68   67   66   65   64   64   63   63   62   62   62
   61   62   62   62   63   63   64   65   67   68   70   72   73   75   76   78
   79   80   81   81   82   82   82   82   82   82   82   82   82   82   82   82
   83   85   80   79   77   78   85   79   65                                   
    82.5-180.0 180.0   5.0 450.0                            LAT/LON1/LON2/DLON/H
   62   78   81   78   78   78   77   76   77   77   77   78   78   78   77   76
   75   73   72   70   69   67   66   65   64   63   62   61   61   60   60   60
   60   61   61   62   64   65   67   70   72   75   77   80   83   85   87   89
   91   92   93   94   94   94   94   94   94   94   94   93   93   93   92   92
   93   93   89   87   88   84   79   72   62                                   
    80.0-180.0 180.0   5.0 450.0                            LAT/LON1/LON2/DLON/H
   72   77   75   74   75   71   70   70   72   73   73   74   75   74   73   72
   70   68   66   64   62   61   59   58   57   57   57   56   56   56   56   57
   57   59   60   62   64   67   70   74   78   82   86   89   93   96   99  101
  103  104  105  106  106  106  106  105  105  104  104  103  102  102  100  100
  100   98   96   93   90   89   89   77   72                                   
    77.5-180.0 180.0   5.0 450.0                            LAT/LON1/LON2/DLON/H
   82   81   73   72   69   66   66   66   68   69   70   72   72   72   70   68
   66   63   60   58   55   54   52   52   51   52   52   52   53   54   55   56
   58   60   63   66   70   74   78   83   88   93   98  103  107  111  114  117
  119  121  122  123  123  123  122  122  121  120  119  118  117  116  115  114
  112  111  105  103   96   88   89   83   82                                   
    75.0-180.0 180.0   5.0 450.0                            LAT/LON1/LON2/DLON/H
   78   76   63   63   60   57   56   56   58   60   61   62   62   61   59   56
   53   50   47   44   43   42   41   42   42   43   44   45   46   47   49   51
   53   56   60   64   69   74   80   86   92   98  104  109  114  118  122  125
  128  130  132  132  133  133  132  131  130  129  128  127  126  125  123  122
  120  118  112  103   98   91   92   88   78                                   
    72.5-180.0 180.0   5.0 450.0                            LAT/LON1/LON2/DLON/H
   80   77   65   64   61   59   59   59   61   63   64   64   63   61   57   53
   49   45   43   41   39   39   40   41   42   43   45   46   48   49   51   54
   57   60   65   70   76   82   89   96  103  110  115  121  126  130  134  138
  141  144  146  148  149  149  149  148  147  146  145  144  142  140  138  138
  136  133  128  119  110  102  101   99   80                                   
    70.0-180.0 180.0   5.0 450.0                            LAT/LON1/LON2/DLON/H
   86   81   70   68   64   60   60   60   63   65   66   66   63   59   54   49
   44   41   38   37   37   38   40   42   44   45   47   48   49   50   52   54
   57   61   66   72   79   86   94  102  109  115  121  126  130  134  138  142
  145  149  152  154  155  156  156  156  155  154  152  151  149  147  144  144
  142  139  135  126  117  110  112  111   86                                   
    67.5-180.0 180.0   5.0 450.0                            LAT/LON1/LON2/DLON/H
   89   86   74   72   68   64   64   65   68   69   70   69   66   60   54   48
   42   39   37   36   37   40   42   45   48   49   50   50   50   50   51   52
   55   59   64   70   77   84   92  100  107  113  118  122  125  128  132  135
  139  143  146  149  151  152  152  152  151  150  149  147  145  143  141  140
  138  136  133  125  118  112  114  114   89                                   
    65.0-180.0 180.0   5.0 450.0                            LAT/LON1/LON2/DLON/H
   92   90   78   76   72   67   68   69   73   75   75   75   70   64   57   50
   45   41   40   40   42   46   49   53   55   55   54   52   50   49   49   50
   52   56   61   67   74   82   91   99  107  113  117  120  122  124  127  130
  134  138  141  144  146  147  147  147  147  146  145  143  142  139  136  135
  133  131  128  121  117  113  117  116   92                                   
    62.5-180.0 180.0   5.0 450.0                            LAT/LON1/LON2/DLON/H
   94   92   79   78   74   69   70   72   76   78   79   78   75   69   62   55
   50   47   46   47   50   54   58   61   61   60   57   52   48   46   45   46
   49   53   58   65   72   81   90   99  107  114  118  120  121  122  124  127
  131  135  138  140  142  142  142  142  142  141  141  140  138  136  132  130
  127  124  121  115  111  108  112  110   94                                   
    60.0-180.0 180.0   5.0 450.0                            LAT/LON1/LON2/DLON/H
   94   90   77   76   72   66   66   68   72   75   77   77   74   70   65   60
   57   54   54   55   57   61   63   65   64   61   55   49   44   41   40   42
   46   51   57   64   72   81   92  102  112  119  123  125  125  126  128  131
  135  138  141  143  143  142  142  141  141  141  141  140  139  136  131  128
  123  118  114  108  104  101  103  101   94                                   
    57.5-180.0 180.0   5.0 450.0                            LAT/LON1/LON2/DLON/H
   94   88   74   72   69   61   61   62   65   68   70   71   71   69   67   65
   64   63   62   62   63   65   65   65   62   58   51   44   39   37   38   42
   48   55   62   70   79   89  101  114  125  133  138  140  141  142  144  148
  153  156  158  157  155  153  151  149  149  149  149  149  147  144  139  134
  128  120  114  106  101   95   96   92   94                                   
    55.0-180.0 180.0   5.0 450.0                            LAT/LON1/LON2/DLON/H
   97   87   73   70   67   57   55   54   57   58   60   62   63   64   65   67
   68   69   68   66   65   63   62   60   57   52   46   39   35   35   38   45
   54   63   73   82   92  105  118  133  146  156  162  165  166  169  173  179
  184  187  187  183  178  172  168  165  163  163  163  162  161  158  152  147
  139  130  122  111  103   95   93   88   97                                   
    52.5-180.0 180.0   5.0 450.0                            LAT/LON1/LON2/DLON/H
  103   90   77   74   69   57   53   50   50   50   51   52   54   57   62   66
   70   71   70   66   62   58   55   53   50   46   41   36   34   36   42   52
   64   76   88  100  113  127  144  160  175  186  194  198  201  206  213  220
  227  228  225  217  207  197  189  184  181  180  179  178  177  174  169  164
  156  147  136  123  112  101   97   91  103                                   
    50.0-180.0 180.0   5.0 450.0                            LAT/LON1/LON2/DLON/H
  112  100   88   85   79   64   57   50   47   45   44   45   47   51   57   63
   68   70   67   62   56   51   47   45   43   41   38   36   36   40   48   60
   75   91  107  123  139  156  175  194  210  222  230  236  241  248  257  267
  274  274  266  253  237  221  210  202  197  195  194  193  191  189  185  181
  174  165  154  140  125  114  109  102  112                                   
    47.5-180.0 180.0   5.0 450.0                            LAT/LON1/LON2/DLON/H
  125  114  107  104   96   80   70   59   52   46   44   42   43   46   52   59
   64   66   63   56   50   44   41   40   39   38   38   38   39   45   54   68
   86  106  126  146  167  188  210  230  248  260  268  274  280  289  301  312
  318  315  302  282  260  239  223  213  207  204  203  201  200  199  196  194
  188  182  171  157  141  130  126  120  125                                   
    45.0-180.0 180.0   5.0 450.0                            LAT/LON1/LON2/DLON/H
  139  132  128  127  119  103   91   76   65   56   50   47   45   46   50   56
   60   61   58   52   46   41   39   38   38   39   40   41   43   49   59   75
   94  117  142  168  194  220  244  266  284  296  303  309  316  326  338  349
  353  346  327  300  271  245  226  214  208  205  203  202  201  200  199  199
  196  192  184  171  156  147  145  140  139                                   
    42.5-180.0 180.0   5.0 450.0                            LAT/LON1/LON2/DLON/H
  151  148  149  148  141  127  116   99   85   73   65   59   54   52   53   56
   58   59   56   52   47   44   42   41   42   42   43   44   46   52   62   77
   99  126  156  187  219  248  276  299  317  329  336  341  347  357  368  377
  378  366  341  308  273  243  222  209  202  199  197  196  196  196  196  198
  198  196  191  180  168  160  160  155  151                                   
    40.0-180.0 180.0   5.0 450.0                            LAT/LON1/LON2/DLON/H
  157  159  162  162  158  147  138  123  109   96   85   77   69   64   61   61
   61   61   60   58   56   53   51   50   49   48   47   47   48   52   61   77
  102  133  169  206  242  275  304  328  346  358  366  370  376  384  394  400
  396  379  349  312  275  243  220  207  201  197  195  193  193  193  194  196
  198  197  194  184  175  168  169  163  157                                   
    37.5-180.0 180.0   5.0 450.0                            LAT/LON1/LON2/DLON/H
  157  160  165  165  165  158  153  141  129  118  108   99   89   81   74   70
   69   70   71   72   71   69   66   63   59   55   52   49   48   51   60   78
  107  143  184  226  266  301  331  356  375  388  396  401  406  412  419  420
  413  392  361  324  287  256  233  220  214  209  206  203  202  201  201  203
  203  203  199  189  179  171  172  164  157                                   
    35.0-180.0 180.0   5.0 450.0                            LAT/LON1/LON2/DLON/H
  153  155  158  157  161  157  156  149  143  135  128  120  110   99   90   84
   82   84   88   91   93   90   85   78   71   63   57   52   50   53   63   85
  118  159  205  251  292  328  359  384  405  420  430  436  440  445  448  446
  436  416  386  352  318  290  268  255  247  242  237  233  230  227  226  226
  224  220  214  200  188  174  174  163  153                                   
    32.5-180.0 180.0   5.0 450.0                            LAT/LON1/LON2/DLON/H
  149  147  146  144  149  147  150  148  146  144  141  136  127  117  107  100
   99  102  108  114  115  112  104   93   82   72   63   57   55   60   74   99
  137  183  232  279  321  358  388  414  437  455  468  476  481  484  485  482
  472  454  430  402  374  349  330  317  307  299  292  286  280  276  272  269
  263  255  244  225  207  185  182  166  149                                   
    30.0-180.0 180.0   5.0 450.0                            LAT/LON1/LON2/DLON/H
  152  142  136  131  135  134  138  140  143  145  147  145  140  132  123  117
  116  121  129  135  136  130  119  106   92   81   72   67   67   75   93  122
  163  212  263  311  352  387  417  444  468  489  506  518  525  529  531  529
  522  510  493  473  453  433  417  403  392  381  370  361  353  346  339  333
  323  310  293  265  241  209  200  182  152                                   
    27.5-180.0 180.0   5.0 450.0                            LAT/LON1/LON2/DLON/H
  166  149  135  127  129  126  130  133  137  142  146  149  147  142  135  132
  133  139  147  152  151  143  129  115  102   93   87   84   87   98  119  151
  194  245  296  342  382  416  445  472  498  521  541  557  568  576  580  581
  579  574  566  555  542  529  515  502  488  473  459  447  437  429  421  413
  400  383  359  321  288  247  232  211  166                                   
    25.0-180.0 180.0   5.0 450.0                            LAT/LON1/LON2/DLON/H
  196  171  151  139  136  131  132  133  136  141  145  149  150  148  145  143
  146  152  159  162  158  148  135  123  114  109  107  108  113  126  149  183
  227  277  328  372  409  441  469  496  523  548  570  590  606  618  627  633
  636  637  635  632  625  616  605  592  576  559  543  529  518  511  503  495
  482  463  433  387  346  298  275  256  196                                   
    22.5-180.0 180.0   5.0 450.0                            LAT/LON1/LON2/DLON/H
  243  212  186  169  161  152  149  147  146  146  148  150  152  152  151  152
  155  160  165  166  160  149  138  132  130  132  134  137  144  157  180  214
  259  308  356  397  431  460  487  514  542  568  593  616  636  654  668  679
  687  692  694  693  687  679  669  656  641  623  605  589  578  571  565  559
  549  531  501  453  407  357  329  309  243                                   
    20.0-180.0 180.0   5.0 450.0                            LAT/LON1/LON2/DLON/H
  301  271  239  218  201  189  181  174  167  162  158  156  156  157  157  158
  161  165  168  166  159  150  145  146  152  158  163  167  173  185  208  243
  286  333  377  414  445  472  499  526  555  583  610  637  661  684  703  718
  729  735  737  733  723  709  695  681  667  650  633  617  606  599  595  592
  587  575  550  508  462  415  388  365  301                                   
    17.5-180.0 180.0   5.0 450.0                            LAT/LON1/LON2/DLON/H
  362  337  305  278  252  236  222  211  198  186  175  169  166  165  165  166
  167  170  171  168  162  157  158  165  176  186  190  191  195  206  228  262
  304  348  388  421  449  475  503  532  563  593  623  652  681  708  731  749
  760  765  763  751  732  709  687  670  655  642  628  615  605  599  597  596
  595  590  573  541  503  464  442  415  362                                   
    15.0-180.0 180.0   5.0 450.0                            LAT/LON1/LON2/DLON/H
  415  398  369  338  305  284  266  251  233  215  199  188  181  178  176  175
  176  177  177  176  172  171  177  188  200  208  209  206  206  216  238  270
  309  350  387  419  445  471  500  531  565  598  630  662  694  725  750  769
  781  783  775  755  725  690  658  634  618  607  598  588  581  577  577  578
  580  580  572  551  525  495  482  451  415                                   
    12.5-180.0 180.0   5.0 450.0                            LAT/LON1/LON2/DLON/H
  455  442  419  384  349  326  305  287  267  246  226  211  201  195  191  188
  187  188  189  189  189  190  197  208  218  221  217  210  209  219  239  269
  305  343  378  409  437  464  494  527  562  598  632  666  699  731  758  777
  786  786  775  750  713  670  630  598  578  565  555  548  543  542  544  546
  550  553  552  541  529  508  501  472  455                                   
    10.0-180.0 180.0   5.0 450.0                            LAT/LON1/LON2/DLON/H
  479  467  446  411  379  355  332  314  293  272  252  236  224  216  209  204
  201  202  204  206  208  210  216  224  229  227  218  210  208  218  237  264
  296  332  367  399  428  456  487  522  558  594  629  662  696  727  753  770
  778  774  760  734  697  655  614  580  555  538  527  519  514  513  514  515
  518  522  525  522  521  506  502  478  479                                   
     7.5-180.0 180.0   5.0 450.0                            LAT/LON1/LON2/DLON/H
  488  475  453  419  392  369  346  328  310  292  274  259  246  236  228  220
  216  216  220  223  225  226  229  233  234  228  218  209  210  219  237  261
